bike_activity_uid,bike_activity_sample_uid,bike_activity_measurement,bike_activity_measurement_timestamp,bike_activity_measurement_lon,bike_activity_measurement_lat,bike_activity_measurement_speed,bike_activity_measurement_accelerometer_x,bike_activity_measurement_accelerometer_y,bike_activity_measurement_accelerometer_z,bike_activity_phone_position,bike_activity_bike_type,bike_activity_flagged_lab_conditions,bike_activity_surface_type,bike_activity_smoothness_type
2a5edcc2-b1a2-420e-a2bd-929fee481bc8,ebf537ee-d27d-4eea-84af-42646bc8a3c3,dc93aa47-37f8-41cd-8f4e-e85ace9667d8,1634108994117,13.4190015,52.4947084,5.981105,1.3858981,9.998691,-6.549844,on bike mount,cyclo cross,True,sett,intermediate
2a5edcc2-b1a2-420e-a2bd-929fee481bc8,ebf537ee-d27d-4eea-84af-42646bc8a3c3,f89e1a1b-a4cb-4f5e-8c72-f52382d86985,1634108994168,13.4190015,52.4947084,5.981105,-4.077122,6.065461,-30.82289,on bike mount,cyclo cross,True,sett,intermediate
2a5edcc2-b1a2-420e-a2bd-929fee481bc8,ebf537ee-d27d-4eea-84af-42646bc8a3c3,c82a6d8f-dc26-4ce0-bb02-e2560d140cd1,1634108994219,13.4190015,52.4947084,5.981105,2.1024635,-33.289448,4.1560974,on bike mount,cyclo cross,True,sett,intermediate
2a5edcc2-b1a2-420e-a2bd-929fee481bc8,ebf537ee-d27d-4eea-84af-42646bc8a3c3,63964a77-48df-4bcb-8895-23bb4ef5c2eb,1634108994270,13.4190015,52.4947084,5.981105,0.6232295,4.8958035,7.081209,on bike mount,cyclo cross,True,sett,intermediate
2a5edcc2-b1a2-420e-a2bd-929fee481bc8,ebf537ee-d27d-4eea-84af-42646bc8a3c3,e0c0453d-2486-464a-a104-228d23078978,1634108994320,13.4190015,52.4947084,5.981105,-2.0959628,-28.250563,-18.510038,on bike mount,cyclo cross,True,sett,intermediate
2a5edcc2-b1a2-420e-a2bd-929fee481bc8,ebf537ee-d27d-4eea-84af-42646bc8a3c3,5e8337a9-37ad-41a0-9a56-610d8630a561,1634108994370,13.4190015,52.4947084,5.981105,-3.304608,-0.101758,-17.65943,on bike mount,cyclo cross,True,sett,intermediate
2a5edcc2-b1a2-420e-a2bd-929fee481bc8,ebf537ee-d27d-4eea-84af-42646bc8a3c3,1e197dc7-5e60-4c8a-9504-d4c4fe0ac1de,1634108994422,13.4190015,52.4947084,5.981105,4.365729,-7.7314034,26.39422,on bike mount,cyclo cross,True,sett,intermediate
2a5edcc2-b1a2-420e-a2bd-929fee481bc8,ebf537ee-d27d-4eea-84af-42646bc8a3c3,775b3a5c-dcb1-49b9-907a-ec6a7b41691b,1634108994473,13.4189615,52.4946548,6.435873,-0.41857743,14.351099,-3.1229768,on bike mount,cyclo cross,True,sett,intermediate
2a5edcc2-b1a2-420e-a2bd-929fee481bc8,ebf537ee-d27d-4eea-84af-42646bc8a3c3,ddc44b11-602b-488a-b085-72b26f124b3c,1634108994522,13.4189615,52.4946548,6.435873,-3.7701507,25.043274,17.222244,on bike mount,cyclo cross,True,sett,intermediate
2a5edcc2-b1a2-420e-a2bd-929fee481bc8,ebf537ee-d27d-4eea-84af-42646bc8a3c3,8fb2ea8d-71ef-4836-9a9d-0c32ec0fbedd,1634108994572,13.4189615,52.4946548,6.435873,1.6714985,-7.2600417,11.956297,on bike mount,cyclo cross,True,sett,intermediate
2a5edcc2-b1a2-420e-a2bd-929fee481bc8,ebf537ee-d27d-4eea-84af-42646bc8a3c3,32de29ab-612d-4e47-a61e-8389bc58323c,1634108994622,13.4189615,52.4946548,6.435873,-0.8414103,-5.3494387,1.8394098,on bike mount,cyclo cross,True,sett,intermediate
2a5edcc2-b1a2-420e-a2bd-929fee481bc8,ebf537ee-d27d-4eea-84af-42646bc8a3c3,6b9479e6-7c63-481d-8b25-40dda8bcf3bd,1634108994672,13.4189615,52.4946548,6.435873,5.5139313,-7.923627,9.604759,on bike mount,cyclo cross,True,sett,intermediate
2a5edcc2-b1a2-420e-a2bd-929fee481bc8,ebf537ee-d27d-4eea-84af-42646bc8a3c3,0e5c3dc9-ed74-49ce-8588-bc3e9da64f70,1634108994723,13.4189615,52.4946548,6.435873,-0.041939497,-7.936443,-10.433821,on bike mount,cyclo cross,True,sett,intermediate
2a5edcc2-b1a2-420e-a2bd-929fee481bc8,ebf537ee-d27d-4eea-84af-42646bc8a3c3,5e295152-8ab0-4b11-b165-a301de69ed9e,1634108994774,13.4189615,52.4946548,6.435873,-1.9478601,17.853176,-11.137685,on bike mount,cyclo cross,True,sett,intermediate
2a5edcc2-b1a2-420e-a2bd-929fee481bc8,ebf537ee-d27d-4eea-84af-42646bc8a3c3,f2abbaea-5e7a-40f8-82e2-a73a4894aed5,1634108994825,13.4189615,52.4946548,6.435873,1.3305235,-7.227585,-18.120255,on bike mount,cyclo cross,True,sett,intermediate
2a5edcc2-b1a2-420e-a2bd-929fee481bc8,ebf537ee-d27d-4eea-84af-42646bc8a3c3,df960cc3-3951-4dee-ba59-a99795e41c52,1634108994874,13.4189615,52.4946548,6.435873,-3.353839,-11.0595455,2.278535,on bike mount,cyclo cross,True,sett,intermediate
2a5edcc2-b1a2-420e-a2bd-929fee481bc8,ebf537ee-d27d-4eea-84af-42646bc8a3c3,24443d4d-700c-48e1-a799-6bfe960ff861,1634108994925,13.4189615,52.4946548,6.435873,4.7878084,20.037584,4.1564484,on bike mount,cyclo cross,True,sett,intermediate
2a5edcc2-b1a2-420e-a2bd-929fee481bc8,ebf537ee-d27d-4eea-84af-42646bc8a3c3,ded05d28-d749-4231-ac54-c80dc4ba8a64,1634108994976,13.4189615,52.4946548,6.435873,-3.2698689,-6.7553606,8.819152,on bike mount,cyclo cross,True,sett,intermediate
2a5edcc2-b1a2-420e-a2bd-929fee481bc8,ebf537ee-d27d-4eea-84af-42646bc8a3c3,f07e01b3-6779-404c-b93d-1e4d2ed677cf,1634108995026,13.4189615,52.4946548,6.435873,-0.59778297,-1.986372,1.023901,on bike mount,cyclo cross,True,sett,intermediate
2a5edcc2-b1a2-420e-a2bd-929fee481bc8,ebf537ee-d27d-4eea-84af-42646bc8a3c3,8fa8edd1-b5ac-425c-af6a-00a3839c772e,1634108995077,13.4189615,52.4946548,6.435873,5.080976,-14.636497,2.257823,on bike mount,cyclo cross,True,sett,intermediate
2a5edcc2-b1a2-420e-a2bd-929fee481bc8,ebf537ee-d27d-4eea-84af-42646bc8a3c3,ddee7c6a-1f67-40d5-bdf5-1fa4d20e87ea,1634108995127,13.4189615,52.4946548,6.435873,-0.8363151,11.764187,-4.2376714,on bike mount,cyclo cross,True,sett,intermediate
2a5edcc2-b1a2-420e-a2bd-929fee481bc8,ebf537ee-d27d-4eea-84af-42646bc8a3c3,dd5c38c2-0219-4d0f-abf5-0fba4381039f,1634108995178,13.4189615,52.4946548,6.435873,1.856251,-7.80569,-1.020544,on bike mount,cyclo cross,True,sett,intermediate
2a5edcc2-b1a2-420e-a2bd-929fee481bc8,ebf537ee-d27d-4eea-84af-42646bc8a3c3,723951ac-3601-4f8e-9a3e-7bebfb56f661,1634108995228,13.4189615,52.4946548,6.435873,1.4645967,-0.72495365,-16.62225,on bike mount,cyclo cross,True,sett,intermediate
2a5edcc2-b1a2-420e-a2bd-929fee481bc8,ebf537ee-d27d-4eea-84af-42646bc8a3c3,b8b70e10-5661-4a64-97ab-cedb1f822a36,1634108995279,13.4189615,52.4946548,6.435873,-0.09016156,-2.7273912,13.877453,on bike mount,cyclo cross,True,sett,intermediate
2a5edcc2-b1a2-420e-a2bd-929fee481bc8,ebf537ee-d27d-4eea-84af-42646bc8a3c3,0e6d1921-edb4-44c4-b56e-3b4970dcb3bb,1634108995329,13.4189615,52.4946548,6.435873,0.41843176,-12.937607,10.917767,on bike mount,cyclo cross,True,sett,intermediate
2a5edcc2-b1a2-420e-a2bd-929fee481bc8,ebf537ee-d27d-4eea-84af-42646bc8a3c3,91a59e93-db71-46af-92e4-5575d2aed69a,1634108995379,13.4189615,52.4946548,6.435873,0.59478843,-10.631575,-1.2464962,on bike mount,cyclo cross,True,sett,intermediate
2a5edcc2-b1a2-420e-a2bd-929fee481bc8,ebf537ee-d27d-4eea-84af-42646bc8a3c3,d31e8574-6d02-47e9-8255-90079675d946,1634108995430,13.4189615,52.4946548,6.435873,2.8161752,1.4104939,-4.075663,on bike mount,cyclo cross,True,sett,intermediate
2a5edcc2-b1a2-420e-a2bd-929fee481bc8,ebf537ee-d27d-4eea-84af-42646bc8a3c3,ec218260-ddfc-43a8-8770-13df57e30f70,1634108995481,13.4189062,52.4946047,6.41341,-6.2939863,12.032608,-8.399807,on bike mount,cyclo cross,True,sett,intermediate
2a5edcc2-b1a2-420e-a2bd-929fee481bc8,ebf537ee-d27d-4eea-84af-42646bc8a3c3,b155d8b5-8ce0-4e39-85b2-1a3897fc47f1,1634108995532,13.4189062,52.4946047,6.41341,1.5715533,-19.411934,21.040644,on bike mount,cyclo cross,True,sett,intermediate
2a5edcc2-b1a2-420e-a2bd-929fee481bc8,ebf537ee-d27d-4eea-84af-42646bc8a3c3,6e435e27-746c-40e5-951e-9ce173ccd922,1634108995583,13.4189062,52.4946047,6.41341,1.5471265,-20.953249,13.156794,on bike mount,cyclo cross,True,sett,intermediate
2a5edcc2-b1a2-420e-a2bd-929fee481bc8,ebf537ee-d27d-4eea-84af-42646bc8a3c3,e7b0dd3b-5104-4167-b9b4-871d3a2cbf90,1634108995634,13.4189062,52.4946047,6.41341,2.2051167,7.218442,-27.605074,on bike mount,cyclo cross,True,sett,intermediate
2a5edcc2-b1a2-420e-a2bd-929fee481bc8,ebf537ee-d27d-4eea-84af-42646bc8a3c3,a3e5a909-9b80-43ca-bc76-9e25140a9491,1634108995685,13.4189062,52.4946047,6.41341,-1.4023743,6.5224037,-22.26794,on bike mount,cyclo cross,True,sett,intermediate
2a5edcc2-b1a2-420e-a2bd-929fee481bc8,ebf537ee-d27d-4eea-84af-42646bc8a3c3,ab1d0f6c-94d1-4a17-97cb-2c1ef374b0b0,1634108995736,13.4189062,52.4946047,6.41341,2.3125925,-8.532166,0.5215349,on bike mount,cyclo cross,True,sett,intermediate
2a5edcc2-b1a2-420e-a2bd-929fee481bc8,ebf537ee-d27d-4eea-84af-42646bc8a3c3,46620218-59d0-4f3d-9c73-874ab3453a96,1634108995787,13.4189062,52.4946047,6.41341,14.697319,-20.061747,-13.720252,on bike mount,cyclo cross,True,sett,intermediate
2a5edcc2-b1a2-420e-a2bd-929fee481bc8,ebf537ee-d27d-4eea-84af-42646bc8a3c3,fe9635b2-e86c-4336-bf47-7184041441f4,1634108995838,13.4189062,52.4946047,6.41341,5.6888356,-10.930555,0.8477926,on bike mount,cyclo cross,True,sett,intermediate
2a5edcc2-b1a2-420e-a2bd-929fee481bc8,ebf537ee-d27d-4eea-84af-42646bc8a3c3,19010909-363c-417a-894a-9b99a6dd744c,1634108995889,13.4189062,52.4946047,6.41341,0.96105576,-10.14113,-2.379096,on bike mount,cyclo cross,True,sett,intermediate
2a5edcc2-b1a2-420e-a2bd-929fee481bc8,ebf537ee-d27d-4eea-84af-42646bc8a3c3,7555f73e-dd52-4313-b1b0-f2f2bf2bdd89,1634108995939,13.4189062,52.4946047,6.41341,9.290391,-14.479308,-2.4866629,on bike mount,cyclo cross,True,sett,intermediate
2a5edcc2-b1a2-420e-a2bd-929fee481bc8,ebf537ee-d27d-4eea-84af-42646bc8a3c3,eb356e32-9a42-4d62-b875-9ad9b020c033,1634108995989,13.4189062,52.4946047,6.41341,-6.0361533,-65.80192,1.4144764,on bike mount,cyclo cross,True,sett,intermediate
2a5edcc2-b1a2-420e-a2bd-929fee481bc8,ebf537ee-d27d-4eea-84af-42646bc8a3c3,eb36624e-392b-445d-9fe9-fa957b1112ff,1634108996039,13.4189062,52.4946047,6.41341,4.1532435,25.159882,-18.875341,on bike mount,cyclo cross,True,sett,intermediate
2a5edcc2-b1a2-420e-a2bd-929fee481bc8,ebf537ee-d27d-4eea-84af-42646bc8a3c3,57f2f321-0bd6-4c16-b8ef-51ba34da8958,1634108996090,13.4189062,52.4946047,6.41341,1.9046053,21.741394,12.240623,on bike mount,cyclo cross,True,sett,intermediate
2a5edcc2-b1a2-420e-a2bd-929fee481bc8,ebf537ee-d27d-4eea-84af-42646bc8a3c3,fa3c3b89-43b3-41b8-a9a0-91940f9a492c,1634108996139,13.4189062,52.4946047,6.41341,0.624058,-8.108187,2.826376,on bike mount,cyclo cross,True,sett,intermediate
2a5edcc2-b1a2-420e-a2bd-929fee481bc8,ebf537ee-d27d-4eea-84af-42646bc8a3c3,4e564d06-b4ce-4933-8c8f-f9adb9367c7b,1634108996189,13.4189062,52.4946047,6.41341,1.6441114,-16.920145,38.929813,on bike mount,cyclo cross,True,sett,intermediate
2a5edcc2-b1a2-420e-a2bd-929fee481bc8,ebf537ee-d27d-4eea-84af-42646bc8a3c3,155dc4e1-2e6d-4f93-895d-75aaebaa4720,1634108996239,13.4189062,52.4946047,6.41341,3.7339783,4.251717,25.969662,on bike mount,cyclo cross,True,sett,intermediate
2a5edcc2-b1a2-420e-a2bd-929fee481bc8,ebf537ee-d27d-4eea-84af-42646bc8a3c3,49c7d31f-2045-424c-9ec5-80317fafc0e8,1634108996289,13.4189062,52.4946047,6.41341,-6.318692,6.355439,-7.4025106,on bike mount,cyclo cross,True,sett,intermediate
2a5edcc2-b1a2-420e-a2bd-929fee481bc8,ebf537ee-d27d-4eea-84af-42646bc8a3c3,457438b8-379d-4155-adde-b0a1d43781de,1634108996339,13.4189062,52.4946047,6.41341,1.1917442,5.738653,7.4994965,on bike mount,cyclo cross,True,sett,intermediate
2a5edcc2-b1a2-420e-a2bd-929fee481bc8,ebf537ee-d27d-4eea-84af-42646bc8a3c3,98e760b1-d5c6-4b2e-977e-0dbc6105214c,1634108996389,13.4189062,52.4946047,6.41341,-4.1078897,19.26398,1.7860613,on bike mount,cyclo cross,True,sett,intermediate
2a5edcc2-b1a2-420e-a2bd-929fee481bc8,ebf537ee-d27d-4eea-84af-42646bc8a3c3,9df1ce5f-96f4-4eca-9c33-8545b2c54c42,1634108996439,13.4188511,52.4945602,5.7435575,1.9255807,-1.8920567,-15.788998,on bike mount,cyclo cross,True,sett,intermediate
2a5edcc2-b1a2-420e-a2bd-929fee481bc8,ebf537ee-d27d-4eea-84af-42646bc8a3c3,52c5378f-4ba0-40a1-b867-3b434fdc4296,1634108996489,13.4188511,52.4945602,5.7435575,0.94146293,-0.46285772,3.2610636,on bike mount,cyclo cross,True,sett,intermediate
2a5edcc2-b1a2-420e-a2bd-929fee481bc8,ebf537ee-d27d-4eea-84af-42646bc8a3c3,b13656cb-7006-4ccf-81ee-64dfe8da4374,1634108996539,13.4188511,52.4945602,5.7435575,-1.0904701,5.0077076,5.0501976,on bike mount,cyclo cross,True,sett,intermediate
2a5edcc2-b1a2-420e-a2bd-929fee481bc8,ebf537ee-d27d-4eea-84af-42646bc8a3c3,941cbe9f-a06b-48a2-ba05-8b8962984e36,1634108996590,13.4188511,52.4945602,5.7435575,-2.0717988,-0.10174972,7.2757416,on bike mount,cyclo cross,True,sett,intermediate
2a5edcc2-b1a2-420e-a2bd-929fee481bc8,ebf537ee-d27d-4eea-84af-42646bc8a3c3,b233b94c-846c-425a-9c33-471bca708bd6,1634108996640,13.4188511,52.4945602,5.7435575,-1.8289442,9.594933,26.76046,on bike mount,cyclo cross,True,sett,intermediate
2a5edcc2-b1a2-420e-a2bd-929fee481bc8,ebf537ee-d27d-4eea-84af-42646bc8a3c3,784d5760-aaf7-4ebc-8709-bfa5a3fd318e,1634108996691,13.4188511,52.4945602,5.7435575,-3.5359051,-25.543083,30.867853,on bike mount,cyclo cross,True,sett,intermediate
2a5edcc2-b1a2-420e-a2bd-929fee481bc8,ebf537ee-d27d-4eea-84af-42646bc8a3c3,00b7d53b-20fd-4f8c-ac17-7efdea1fb9ff,1634108996740,13.4188511,52.4945602,5.7435575,-1.7572138,-3.0731204,-2.0907767,on bike mount,cyclo cross,True,sett,intermediate
2a5edcc2-b1a2-420e-a2bd-929fee481bc8,ebf537ee-d27d-4eea-84af-42646bc8a3c3,138e5a78-3b1f-4364-8f23-ce2fcdcf5b0f,1634108996790,13.4188511,52.4945602,5.7435575,-7.336116,8.168715,-8.480439,on bike mount,cyclo cross,True,sett,intermediate
2a5edcc2-b1a2-420e-a2bd-929fee481bc8,ebf537ee-d27d-4eea-84af-42646bc8a3c3,069a5d0d-e175-42b9-b58d-ae736c3f7ef4,1634108996840,13.4188511,52.4945602,5.7435575,-3.560432,13.527175,7.7240324,on bike mount,cyclo cross,True,sett,intermediate
2a5edcc2-b1a2-420e-a2bd-929fee481bc8,ebf537ee-d27d-4eea-84af-42646bc8a3c3,8dbd5073-2b51-4621-bcf1-c2bd39820679,1634108996890,13.4188511,52.4945602,5.7435575,0.9931442,-0.82126665,-1.9539714,on bike mount,cyclo cross,True,sett,intermediate
2a5edcc2-b1a2-420e-a2bd-929fee481bc8,ebf537ee-d27d-4eea-84af-42646bc8a3c3,188710a6-ce96-469a-a739-a646fb114a3f,1634108996940,13.4188511,52.4945602,5.7435575,-1.1011509,8.096879,0.8879471,on bike mount,cyclo cross,True,sett,intermediate
2a5edcc2-b1a2-420e-a2bd-929fee481bc8,ebf537ee-d27d-4eea-84af-42646bc8a3c3,104df767-8bb1-4eaa-bf4e-5d8ccef89698,1634108996990,13.4188511,52.4945602,5.7435575,2.371569,-2.5932546,1.6985865,on bike mount,cyclo cross,True,sett,intermediate
2a5edcc2-b1a2-420e-a2bd-929fee481bc8,ebf537ee-d27d-4eea-84af-42646bc8a3c3,5f0e8d64-f2f0-47d9-ae74-a7a712c9a347,1634108997041,13.4188511,52.4945602,5.7435575,-3.8082323,-17.987654,3.5433416,on bike mount,cyclo cross,True,sett,intermediate
2a5edcc2-b1a2-420e-a2bd-929fee481bc8,ebf537ee-d27d-4eea-84af-42646bc8a3c3,b31e385d-1197-428e-8410-150a206678e5,1634108997091,13.4188511,52.4945602,5.7435575,-1.1175413,3.6563468,10.802364,on bike mount,cyclo cross,True,sett,intermediate
2a5edcc2-b1a2-420e-a2bd-929fee481bc8,ebf537ee-d27d-4eea-84af-42646bc8a3c3,515bd024-3fd0-47dd-a621-d32f7c69711f,1634108997141,13.4188511,52.4945602,5.7435575,-5.2717514,-6.3951745,3.498231,on bike mount,cyclo cross,True,sett,intermediate
2a5edcc2-b1a2-420e-a2bd-929fee481bc8,ebf537ee-d27d-4eea-84af-42646bc8a3c3,e2860fd8-0548-4f6e-bcb1-4dc05458e861,1634108997192,13.4188511,52.4945602,5.7435575,-1.6476212,-10.450676,23.871746,on bike mount,cyclo cross,True,sett,intermediate
2a5edcc2-b1a2-420e-a2bd-929fee481bc8,ebf537ee-d27d-4eea-84af-42646bc8a3c3,75716a27-2691-44d4-acca-78e9b247e671,1634108997243,13.4188511,52.4945602,5.7435575,1.1916637,3.849246,-2.1272802,on bike mount,cyclo cross,True,sett,intermediate
2a5edcc2-b1a2-420e-a2bd-929fee481bc8,ebf537ee-d27d-4eea-84af-42646bc8a3c3,660c7efa-8982-434d-9135-cb0da7d96886,1634108997293,13.4188511,52.4945602,5.7435575,-2.676267,8.688944,3.6691504,on bike mount,cyclo cross,True,sett,intermediate
2a5edcc2-b1a2-420e-a2bd-929fee481bc8,ebf537ee-d27d-4eea-84af-42646bc8a3c3,44e4010d-4510-4595-801b-3e1ef578e052,1634108997343,13.4188511,52.4945602,5.7435575,-0.19734931,-7.667742,17.188961,on bike mount,cyclo cross,True,sett,intermediate
2a5edcc2-b1a2-420e-a2bd-929fee481bc8,ebf537ee-d27d-4eea-84af-42646bc8a3c3,0181b8ff-d310-4b0d-8ac0-f245d21d89dd,1634108997393,13.4188511,52.4945602,5.7435575,0.8694016,-0.43987894,-19.371893,on bike mount,cyclo cross,True,sett,intermediate
2a5edcc2-b1a2-420e-a2bd-929fee481bc8,ebf537ee-d27d-4eea-84af-42646bc8a3c3,109cd943-0662-4ba9-961c-0936b3788566,1634108997444,13.4188098,52.4945141,6.180857,-4.6501184,-7.0370355,-2.600761,on bike mount,cyclo cross,True,sett,intermediate
2a5edcc2-b1a2-420e-a2bd-929fee481bc8,ebf537ee-d27d-4eea-84af-42646bc8a3c3,5b7607fa-8687-42aa-b1d9-81214a5248bf,1634108997493,13.4188098,52.4945141,6.180857,0.47843266,-0.84237456,-8.982788,on bike mount,cyclo cross,True,sett,intermediate
2a5edcc2-b1a2-420e-a2bd-929fee481bc8,ebf537ee-d27d-4eea-84af-42646bc8a3c3,7b5efa54-8cef-4475-9a68-e2028ee09da1,1634108997543,13.4188098,52.4945141,6.180857,0.73819804,10.555859,2.9052463,on bike mount,cyclo cross,True,sett,intermediate
2a5edcc2-b1a2-420e-a2bd-929fee481bc8,ebf537ee-d27d-4eea-84af-42646bc8a3c3,2c4e26d6-c1aa-43cc-bf8c-d213309dd402,1634108997593,13.4188098,52.4945141,6.180857,1.249487,-10.623004,-15.29236,on bike mount,cyclo cross,True,sett,intermediate
2a5edcc2-b1a2-420e-a2bd-929fee481bc8,ebf537ee-d27d-4eea-84af-42646bc8a3c3,0e2638bd-4190-4fd5-9a03-782c1ae67007,1634108997644,13.4188098,52.4945141,6.180857,-0.78654706,-13.88941,-10.884493,on bike mount,cyclo cross,True,sett,intermediate
2a5edcc2-b1a2-420e-a2bd-929fee481bc8,ebf537ee-d27d-4eea-84af-42646bc8a3c3,b75014c8-5fd2-4c25-8829-5f76e316b12a,1634108997694,13.4188098,52.4945141,6.180857,-3.2626991,-5.1970005,1.7960482,on bike mount,cyclo cross,True,sett,intermediate
2a5edcc2-b1a2-420e-a2bd-929fee481bc8,ebf537ee-d27d-4eea-84af-42646bc8a3c3,d6206446-0108-436d-bc1d-167eaed70def,1634108997744,13.4188098,52.4945141,6.180857,-0.7838989,0.5638504,-13.459132,on bike mount,cyclo cross,True,sett,intermediate
2a5edcc2-b1a2-420e-a2bd-929fee481bc8,ebf537ee-d27d-4eea-84af-42646bc8a3c3,97344e4a-e6ab-47b7-8090-77d3650316c2,1634108997794,13.4188098,52.4945141,6.180857,-3.9565163,8.099579,-5.8901505,on bike mount,cyclo cross,True,sett,intermediate
2a5edcc2-b1a2-420e-a2bd-929fee481bc8,ebf537ee-d27d-4eea-84af-42646bc8a3c3,e88505b7-af90-481f-889f-0356fad04164,1634108997844,13.4188098,52.4945141,6.180857,6.72451,-6.2543592,15.208719,on bike mount,cyclo cross,True,sett,intermediate
2a5edcc2-b1a2-420e-a2bd-929fee481bc8,ebf537ee-d27d-4eea-84af-42646bc8a3c3,4c8f58fc-2549-4379-94cf-045cd3ecb5ed,1634108997894,13.4188098,52.4945141,6.180857,1.2221866,16.4847,-24.681417,on bike mount,cyclo cross,True,sett,intermediate
2a5edcc2-b1a2-420e-a2bd-929fee481bc8,ebf537ee-d27d-4eea-84af-42646bc8a3c3,5726173b-ea41-42c6-b09c-e2ef16978c08,1634108997945,13.4188098,52.4945141,6.180857,1.846317,13.762451,-9.986874,on bike mount,cyclo cross,True,sett,intermediate
2a5edcc2-b1a2-420e-a2bd-929fee481bc8,ebf537ee-d27d-4eea-84af-42646bc8a3c3,a493c114-432f-49a8-ac7f-fc85132762c8,1634108997995,13.4188098,52.4945141,6.180857,-0.100921035,9.417667,41.578247,on bike mount,cyclo cross,True,sett,intermediate
2a5edcc2-b1a2-420e-a2bd-929fee481bc8,ebf537ee-d27d-4eea-84af-42646bc8a3c3,661cef7d-8781-4656-9a67-3b30c48c5d12,1634108998044,13.4188098,52.4945141,6.180857,-2.2979975,1.3726416,-32.247055,on bike mount,cyclo cross,True,sett,intermediate
2a5edcc2-b1a2-420e-a2bd-929fee481bc8,ebf537ee-d27d-4eea-84af-42646bc8a3c3,b8b073b7-5240-4f29-8d89-a9e78d149e18,1634108998094,13.4188098,52.4945141,6.180857,5.146567,28.05195,-9.664925,on bike mount,cyclo cross,True,sett,intermediate
2a5edcc2-b1a2-420e-a2bd-929fee481bc8,ebf537ee-d27d-4eea-84af-42646bc8a3c3,22eb3fec-f55d-42e6-a4c1-2c465bfef23e,1634108998145,13.4188098,52.4945141,6.180857,2.3633063,9.726366,-11.522117,on bike mount,cyclo cross,True,sett,intermediate
2a5edcc2-b1a2-420e-a2bd-929fee481bc8,ebf537ee-d27d-4eea-84af-42646bc8a3c3,90f6e9f3-288e-401a-8d61-7596d0bf808b,1634108998194,13.4188098,52.4945141,6.180857,8.257296,22.932102,-7.871903,on bike mount,cyclo cross,True,sett,intermediate
2a5edcc2-b1a2-420e-a2bd-929fee481bc8,ebf537ee-d27d-4eea-84af-42646bc8a3c3,586cca2a-d44c-4c11-ae27-372b2291ae3f,1634108998245,13.4188098,52.4945141,6.180857,1.0982813,-3.2071686,-4.289823,on bike mount,cyclo cross,True,sett,intermediate
2a5edcc2-b1a2-420e-a2bd-929fee481bc8,ebf537ee-d27d-4eea-84af-42646bc8a3c3,84e1707a-ef19-41bd-9ccb-9c835aabc570,1634108998296,13.4188098,52.4945141,6.180857,0.93237376,-17.225279,14.111644,on bike mount,cyclo cross,True,sett,intermediate
2a5edcc2-b1a2-420e-a2bd-929fee481bc8,ebf537ee-d27d-4eea-84af-42646bc8a3c3,d0e268d5-649d-4da9-ac3f-d5fc8059d261,1634108998346,13.4188098,52.4945141,6.180857,1.6307333,11.345179,14.767256,on bike mount,cyclo cross,True,sett,intermediate
2a5edcc2-b1a2-420e-a2bd-929fee481bc8,ebf537ee-d27d-4eea-84af-42646bc8a3c3,f2e4b6de-af0b-4f87-a512-e5985cbebacb,1634108998397,13.4188098,52.4945141,6.180857,-3.0807858,-13.61468,3.7922192,on bike mount,cyclo cross,True,sett,intermediate
2a5edcc2-b1a2-420e-a2bd-929fee481bc8,ebf537ee-d27d-4eea-84af-42646bc8a3c3,3dfa448f-1148-40f3-8f6c-c79ebf41270a,1634108998447,13.418769,52.4944644,6.0955334,1.8209848,-2.331668,-24.619818,on bike mount,cyclo cross,True,sett,intermediate
2a5edcc2-b1a2-420e-a2bd-929fee481bc8,ebf537ee-d27d-4eea-84af-42646bc8a3c3,c2210100-acb7-4693-bbcc-5be82cbf86ba,1634108998498,13.418769,52.4944644,6.0955334,3.7055225,12.510178,-0.14104795,on bike mount,cyclo cross,True,sett,intermediate
2a5edcc2-b1a2-420e-a2bd-929fee481bc8,ebf537ee-d27d-4eea-84af-42646bc8a3c3,7197f367-ce91-4fe7-a13e-d1c8be35be1c,1634108998549,13.418769,52.4944644,6.0955334,1.9438623,-7.4074373,-3.2674575,on bike mount,cyclo cross,True,sett,intermediate
2a5edcc2-b1a2-420e-a2bd-929fee481bc8,ebf537ee-d27d-4eea-84af-42646bc8a3c3,115e71c3-5b90-44ce-b7da-a6ce76f94c24,1634108998598,13.418769,52.4944644,6.0955334,-0.41881353,6.6111727,-21.901505,on bike mount,cyclo cross,True,sett,intermediate
2a5edcc2-b1a2-420e-a2bd-929fee481bc8,ebf537ee-d27d-4eea-84af-42646bc8a3c3,dab9ffde-2f66-4817-b14f-295ff08d5988,1634108998649,13.418769,52.4944644,6.0955334,2.2531912,0.011051178,8.870418,on bike mount,cyclo cross,True,sett,intermediate
2a5edcc2-b1a2-420e-a2bd-929fee481bc8,ebf537ee-d27d-4eea-84af-42646bc8a3c3,4347c5e3-d339-45ab-89f7-15bb75c43517,1634108998700,13.418769,52.4944644,6.0955334,-0.713927,-37.06358,17.73468,on bike mount,cyclo cross,True,sett,intermediate
2a5edcc2-b1a2-420e-a2bd-929fee481bc8,ebf537ee-d27d-4eea-84af-42646bc8a3c3,501ed925-0344-452b-903c-c81045648908,1634108998751,13.418769,52.4944644,6.0955334,-3.027373,-15.018399,22.909416,on bike mount,cyclo cross,True,sett,intermediate
2a5edcc2-b1a2-420e-a2bd-929fee481bc8,ebf537ee-d27d-4eea-84af-42646bc8a3c3,70ac9bae-9808-41fb-928f-54f76d0bd1e7,1634108998802,13.418769,52.4944644,6.0955334,5.2737184,-3.3891664,6.4276752,on bike mount,cyclo cross,True,sett,intermediate
2a5edcc2-b1a2-420e-a2bd-929fee481bc8,ebf537ee-d27d-4eea-84af-42646bc8a3c3,8ab24174-9b01-41e8-8d64-213a6a0f7ea7,1634108998893,13.418769,52.4944644,6.0955334,-3.3578925,-9.966507,28.492207,on bike mount,cyclo cross,True,sett,intermediate
2a5edcc2-b1a2-420e-a2bd-929fee481bc8,ebf537ee-d27d-4eea-84af-42646bc8a3c3,91256319-3ba4-4721-b50c-84176ed242fd,1634108998945,13.418769,52.4944644,6.0955334,-0.6999251,3.2423062,-17.006536,on bike mount,cyclo cross,True,sett,intermediate
2a5edcc2-b1a2-420e-a2bd-929fee481bc8,ebf537ee-d27d-4eea-84af-42646bc8a3c3,90d6b3d6-ecdd-440c-9e4a-df3424018362,1634108999013,13.418769,52.4944644,6.0955334,2.2394996,-0.16696405,1.6173601,on bike mount,cyclo cross,True,sett,intermediate
2a5edcc2-b1a2-420e-a2bd-929fee481bc8,ebf537ee-d27d-4eea-84af-42646bc8a3c3,484fad59-02da-4dcc-afc9-099ffdc3fa7e,1634108999079,13.418769,52.4944644,6.0955334,-2.5199292,-10.289633,19.49212,on bike mount,cyclo cross,True,sett,intermediate
2a5edcc2-b1a2-420e-a2bd-929fee481bc8,ebf537ee-d27d-4eea-84af-42646bc8a3c3,b7ee922c-e017-46ad-9a3c-654b81b9daac,1634108999146,13.418769,52.4944644,6.0955334,0.15755722,-4.391835,1.2104521,on bike mount,cyclo cross,True,sett,intermediate
2a5edcc2-b1a2-420e-a2bd-929fee481bc8,ebf537ee-d27d-4eea-84af-42646bc8a3c3,530bb08d-20be-4800-9fff-f5d434f15025,1634108999213,13.418769,52.4944644,6.0955334,1.5952641,-4.8341217,-7.7984815,on bike mount,cyclo cross,True,sett,intermediate
2a5edcc2-b1a2-420e-a2bd-929fee481bc8,98ce2336-06e1-4440-91a0-3f852a221db9,b03be448-88ac-4e42-8725-8d90d2c51111,1634108998782,13.418769,52.4944644,6.0955334,2.3078666,-10.29184,-22.893433,on bike mount,cyclo cross,True,sett,intermediate
2a5edcc2-b1a2-420e-a2bd-929fee481bc8,98ce2336-06e1-4440-91a0-3f852a221db9,c19fb99d-acad-40d0-95e2-10be2db078d0,1634108998893,13.418769,52.4944644,6.0955334,-3.3578925,-9.966507,28.492207,on bike mount,cyclo cross,True,sett,intermediate
2a5edcc2-b1a2-420e-a2bd-929fee481bc8,98ce2336-06e1-4440-91a0-3f852a221db9,874b2274-339b-4677-8912-9f90acd23099,1634108998945,13.418769,52.4944644,6.0955334,-0.6999251,3.2423062,-17.006536,on bike mount,cyclo cross,True,sett,intermediate
2a5edcc2-b1a2-420e-a2bd-929fee481bc8,98ce2336-06e1-4440-91a0-3f852a221db9,fcc1a31a-147c-4f1a-a03b-fb532264ac08,1634108999012,13.418769,52.4944644,6.0955334,2.2394996,-0.16696405,1.6173601,on bike mount,cyclo cross,True,sett,intermediate
2a5edcc2-b1a2-420e-a2bd-929fee481bc8,98ce2336-06e1-4440-91a0-3f852a221db9,f848c4f2-4ecc-404c-a867-5498b491344c,1634108999079,13.418769,52.4944644,6.0955334,-1.7838039,-2.841247,11.706379,on bike mount,cyclo cross,True,sett,intermediate
2a5edcc2-b1a2-420e-a2bd-929fee481bc8,98ce2336-06e1-4440-91a0-3f852a221db9,07314f1d-f0fe-411a-a36f-165bf44c6032,1634108999146,13.418769,52.4944644,6.0955334,0.15755722,-4.391835,1.2104521,on bike mount,cyclo cross,True,sett,intermediate
2a5edcc2-b1a2-420e-a2bd-929fee481bc8,98ce2336-06e1-4440-91a0-3f852a221db9,83292feb-995d-419e-8d52-f619fae5f87b,1634108999196,13.418769,52.4944644,6.0955334,4.6429,9.124956,6.8980694,on bike mount,cyclo cross,True,sett,intermediate
2a5edcc2-b1a2-420e-a2bd-929fee481bc8,98ce2336-06e1-4440-91a0-3f852a221db9,96471265-2a4f-4773-80d3-c5eddbe22d46,1634108999263,13.418769,52.4944644,6.0955334,0.09678525,7.960474,23.229244,on bike mount,cyclo cross,True,sett,intermediate
2a5edcc2-b1a2-420e-a2bd-929fee481bc8,98ce2336-06e1-4440-91a0-3f852a221db9,f69695b7-d286-43c6-adf0-88cc4fc52f52,1634108999329,13.418769,52.4944644,6.0955334,1.1990712,-2.3455532,7.4909763,on bike mount,cyclo cross,True,sett,intermediate
2a5edcc2-b1a2-420e-a2bd-929fee481bc8,98ce2336-06e1-4440-91a0-3f852a221db9,ea4e89dc-8546-4013-b781-ceed1931d8b7,1634108999380,13.418769,52.4944644,6.0955334,3.1869884,-19.369335,-9.695794,on bike mount,cyclo cross,True,sett,intermediate
2a5edcc2-b1a2-420e-a2bd-929fee481bc8,98ce2336-06e1-4440-91a0-3f852a221db9,0ff6b8bd-a399-447a-9d55-be79a3283a9a,1634108999446,13.4187271,52.4944149,6.4470057,-1.3577894,1.6778674,-15.00148,on bike mount,cyclo cross,True,sett,intermediate
2a5edcc2-b1a2-420e-a2bd-929fee481bc8,98ce2336-06e1-4440-91a0-3f852a221db9,4f8d9981-a15c-4453-ab2b-8eaa906bae27,1634108999513,13.4187271,52.4944149,6.4470057,-0.882238,-0.48255253,-28.793098,on bike mount,cyclo cross,True,sett,intermediate
2a5edcc2-b1a2-420e-a2bd-929fee481bc8,98ce2336-06e1-4440-91a0-3f852a221db9,6d55dfda-1362-437e-9f34-fc9b26f337ad,1634108999580,13.4187271,52.4944149,6.4470057,-4.7062774,3.2964382,-22.355612,on bike mount,cyclo cross,True,sett,intermediate
2a5edcc2-b1a2-420e-a2bd-929fee481bc8,98ce2336-06e1-4440-91a0-3f852a221db9,3ceadb12-19cf-42e4-9305-e2dd23ba9048,1634108999647,13.4187271,52.4944149,6.4470057,8.444359,7.937223,-17.97614,on bike mount,cyclo cross,True,sett,intermediate
2a5edcc2-b1a2-420e-a2bd-929fee481bc8,98ce2336-06e1-4440-91a0-3f852a221db9,13c03509-8328-48f0-9732-d015fda2686b,1634108999714,13.4187271,52.4944149,6.4470057,1.8952796,-14.225471,-18.489145,on bike mount,cyclo cross,True,sett,intermediate
2a5edcc2-b1a2-420e-a2bd-929fee481bc8,98ce2336-06e1-4440-91a0-3f852a221db9,0393f813-e32e-4dc9-8d6d-5ebf03b19144,1634108999781,13.4187271,52.4944149,6.4470057,-2.408087,-10.394527,-14.622116,on bike mount,cyclo cross,True,sett,intermediate
2a5edcc2-b1a2-420e-a2bd-929fee481bc8,98ce2336-06e1-4440-91a0-3f852a221db9,72171ebb-0f57-40f5-ab61-45c7ae6523b1,1634108999848,13.4187271,52.4944149,6.4470057,-4.409014,16.952103,-6.3502674,on bike mount,cyclo cross,True,sett,intermediate
2a5edcc2-b1a2-420e-a2bd-929fee481bc8,98ce2336-06e1-4440-91a0-3f852a221db9,64ad1751-8f46-4181-be42-981afcf79c4e,1634108999914,13.4187271,52.4944149,6.4470057,6.36123,-12.183294,20.71291,on bike mount,cyclo cross,True,sett,intermediate
2a5edcc2-b1a2-420e-a2bd-929fee481bc8,98ce2336-06e1-4440-91a0-3f852a221db9,5f9c0df3-23d0-43c9-8092-b06cc2cd11a7,1634108999981,13.4187271,52.4944149,6.4470057,-1.6492469,-4.013631,10.7258,on bike mount,cyclo cross,True,sett,intermediate
2a5edcc2-b1a2-420e-a2bd-929fee481bc8,98ce2336-06e1-4440-91a0-3f852a221db9,6107ffc0-8fa6-4450-a7eb-4df46ebaf32a,1634109000048,13.4187271,52.4944149,6.4470057,-6.2914124,-16.382862,13.138644,on bike mount,cyclo cross,True,sett,intermediate
2a5edcc2-b1a2-420e-a2bd-929fee481bc8,98ce2336-06e1-4440-91a0-3f852a221db9,e802f036-d032-49dd-9f49-e5753541c4b9,1634109000115,13.4187271,52.4944149,6.4470057,8.9236965,-10.731063,7.2604218,on bike mount,cyclo cross,True,sett,intermediate
2a5edcc2-b1a2-420e-a2bd-929fee481bc8,98ce2336-06e1-4440-91a0-3f852a221db9,26639e0b-f916-4b11-bd82-848b1a26e4df,1634109000182,13.4187271,52.4944149,6.4470057,2.2358186,1.2159948,14.482832,on bike mount,cyclo cross,True,sett,intermediate
2a5edcc2-b1a2-420e-a2bd-929fee481bc8,98ce2336-06e1-4440-91a0-3f852a221db9,184d3c95-71b1-4836-9154-7f2a2ce68cb4,1634109000249,13.4187271,52.4944149,6.4470057,-1.900991,1.6484394,5.590871,on bike mount,cyclo cross,True,sett,intermediate
2a5edcc2-b1a2-420e-a2bd-929fee481bc8,98ce2336-06e1-4440-91a0-3f852a221db9,8112c06c-7c74-41c1-8936-5be318b9b9ab,1634109000315,13.4187271,52.4944149,6.4470057,-3.3309355,6.2763147,-21.648039,on bike mount,cyclo cross,True,sett,intermediate
2a5edcc2-b1a2-420e-a2bd-929fee481bc8,98ce2336-06e1-4440-91a0-3f852a221db9,a0f39c9f-180c-4e1f-bdb2-a3ef0f7ce10e,1634109000382,13.4187271,52.4944149,6.4470057,-1.8848944,-3.3660297,-9.338812,on bike mount,cyclo cross,True,sett,intermediate
2a5edcc2-b1a2-420e-a2bd-929fee481bc8,98ce2336-06e1-4440-91a0-3f852a221db9,4360c5d1-f443-456a-a78d-19767b96b365,1634109000456,13.4186902,52.4943619,6.3467746,-1.4915111,-0.2801485,3.9322271,on bike mount,cyclo cross,True,sett,intermediate
2a5edcc2-b1a2-420e-a2bd-929fee481bc8,98ce2336-06e1-4440-91a0-3f852a221db9,be634773-3009-4918-9438-fbda5a21bbc9,1634109000524,13.4186902,52.4943619,6.3467746,-1.0470457,-0.30029535,-7.5867105,on bike mount,cyclo cross,True,sett,intermediate
2a5edcc2-b1a2-420e-a2bd-929fee481bc8,98ce2336-06e1-4440-91a0-3f852a221db9,28b8434a-6d4c-4cb7-8f1c-1a49dc009804,1634109000591,13.4186902,52.4943619,6.3467746,-5.233713,-8.75722,3.406498,on bike mount,cyclo cross,True,sett,intermediate
2a5edcc2-b1a2-420e-a2bd-929fee481bc8,98ce2336-06e1-4440-91a0-3f852a221db9,c6db74d9-30da-4371-972d-b5f5f70f5fc0,1634109000657,13.4186902,52.4943619,6.3467746,1.7523844,9.437657,-17.309631,on bike mount,cyclo cross,True,sett,intermediate
2a5edcc2-b1a2-420e-a2bd-929fee481bc8,98ce2336-06e1-4440-91a0-3f852a221db9,e3c7d435-d999-46b9-a25a-b405bfafbe76,1634109000725,13.4186902,52.4943619,6.3467746,-5.7239027,-6.8931394,-0.28220463,on bike mount,cyclo cross,True,sett,intermediate
2a5edcc2-b1a2-420e-a2bd-929fee481bc8,98ce2336-06e1-4440-91a0-3f852a221db9,a789ad4a-d6e6-4df8-b6c7-008ede21b393,1634109000791,13.4186902,52.4943619,6.3467746,1.9093083,3.9117289,-8.204093,on bike mount,cyclo cross,True,sett,intermediate
2a5edcc2-b1a2-420e-a2bd-929fee481bc8,98ce2336-06e1-4440-91a0-3f852a221db9,02ed6d35-619a-4274-a3fd-f5d28b119aaa,1634109000858,13.4186902,52.4943619,6.3467746,-1.3348457,-4.3156776,18.171886,on bike mount,cyclo cross,True,sett,intermediate
2a5edcc2-b1a2-420e-a2bd-929fee481bc8,98ce2336-06e1-4440-91a0-3f852a221db9,8f256a06-683c-4d08-bc5e-f8f795d70d62,1634109000923,13.4186902,52.4943619,6.3467746,-2.281075,15.835436,-9.873914,on bike mount,cyclo cross,True,sett,intermediate
2a5edcc2-b1a2-420e-a2bd-929fee481bc8,98ce2336-06e1-4440-91a0-3f852a221db9,acca7068-1afe-4b5d-9f88-18a16f1383f0,1634109000991,13.4186902,52.4943619,6.3467746,2.2224627,-5.532829,13.240692,on bike mount,cyclo cross,True,sett,intermediate
2a5edcc2-b1a2-420e-a2bd-929fee481bc8,98ce2336-06e1-4440-91a0-3f852a221db9,c98e4213-3364-4c06-bce3-4f7635444424,1634109001058,13.4186902,52.4943619,6.3467746,-0.7142471,7.2347775,4.6560564,on bike mount,cyclo cross,True,sett,intermediate
2a5edcc2-b1a2-420e-a2bd-929fee481bc8,98ce2336-06e1-4440-91a0-3f852a221db9,9c744104-a700-44bb-95ec-3424f03a6aa1,1634109001125,13.4186902,52.4943619,6.3467746,-1.2887797,-9.162935,9.346718,on bike mount,cyclo cross,True,sett,intermediate
2a5edcc2-b1a2-420e-a2bd-929fee481bc8,98ce2336-06e1-4440-91a0-3f852a221db9,db2404e1-6501-451b-96c9-18ff543176a8,1634109001193,13.4186902,52.4943619,6.3467746,4.5049925,-38.279037,22.724527,on bike mount,cyclo cross,True,sett,intermediate
2a5edcc2-b1a2-420e-a2bd-929fee481bc8,98ce2336-06e1-4440-91a0-3f852a221db9,1bda773f-bb98-4a69-b9b2-a7ce11287950,1634109001259,13.4186902,52.4943619,6.3467746,-8.767169,18.432026,-25.337362,on bike mount,cyclo cross,True,sett,intermediate
2a5edcc2-b1a2-420e-a2bd-929fee481bc8,98ce2336-06e1-4440-91a0-3f852a221db9,a9cb0328-555b-47e6-b136-26f888e031d8,1634109001327,13.4186902,52.4943619,6.3467746,-5.6734505,-9.599188,-1.4959373,on bike mount,cyclo cross,True,sett,intermediate
2a5edcc2-b1a2-420e-a2bd-929fee481bc8,98ce2336-06e1-4440-91a0-3f852a221db9,b8b84c44-0f43-4fc0-b5b0-07943effdfe1,1634109001393,13.4186902,52.4943619,6.3467746,-5.577514,-0.555985,-9.798393,on bike mount,cyclo cross,True,sett,intermediate
2a5edcc2-b1a2-420e-a2bd-929fee481bc8,98ce2336-06e1-4440-91a0-3f852a221db9,a866d86f-d2ff-4af5-bfc2-e13a4173079c,1634109001458,13.4186529,52.49431,6.010202,-6.7129555,-10.342759,-25.24236,on bike mount,cyclo cross,True,sett,intermediate
2a5edcc2-b1a2-420e-a2bd-929fee481bc8,98ce2336-06e1-4440-91a0-3f852a221db9,5a2cbc50-215b-444b-b789-d8e260433fdc,1634109001525,13.4186529,52.49431,6.010202,3.5853562,-9.374712,10.966853,on bike mount,cyclo cross,True,sett,intermediate
2a5edcc2-b1a2-420e-a2bd-929fee481bc8,98ce2336-06e1-4440-91a0-3f852a221db9,78029bad-d671-49e6-8514-8ae1d415a40c,1634109001593,13.4186529,52.49431,6.010202,-3.0647569,4.3569107,3.4142036,on bike mount,cyclo cross,True,sett,intermediate
2a5edcc2-b1a2-420e-a2bd-929fee481bc8,98ce2336-06e1-4440-91a0-3f852a221db9,916b8f0d-e008-4772-9196-31cc9b5f59e3,1634109001660,13.4186529,52.49431,6.010202,-0.4053208,-5.280699,25.542294,on bike mount,cyclo cross,True,sett,intermediate
2a5edcc2-b1a2-420e-a2bd-929fee481bc8,98ce2336-06e1-4440-91a0-3f852a221db9,395772ec-49b5-474d-92b6-6b2a010ffd8f,1634109001727,13.4186529,52.49431,6.010202,-0.943808,11.104624,-2.256026,on bike mount,cyclo cross,True,sett,intermediate
2a5edcc2-b1a2-420e-a2bd-929fee481bc8,98ce2336-06e1-4440-91a0-3f852a221db9,663d9aec-cb15-4f77-adbf-4d305b15b819,1634109001794,13.4186529,52.49431,6.010202,1.1248593,9.578345,-4.1928253,on bike mount,cyclo cross,True,sett,intermediate
2a5edcc2-b1a2-420e-a2bd-929fee481bc8,98ce2336-06e1-4440-91a0-3f852a221db9,fec89133-eca1-42d2-9fa0-d7a423e08aa2,1634109001861,13.4186529,52.49431,6.010202,-0.60503584,7.6698403,9.636979,on bike mount,cyclo cross,True,sett,intermediate
2a5edcc2-b1a2-420e-a2bd-929fee481bc8,98ce2336-06e1-4440-91a0-3f852a221db9,9139cbd3-0146-488b-85e1-5ba7b1dfe129,1634109001928,13.4186529,52.49431,6.010202,-0.01858902,7.436969,-17.330954,on bike mount,cyclo cross,True,sett,intermediate
2a5edcc2-b1a2-420e-a2bd-929fee481bc8,98ce2336-06e1-4440-91a0-3f852a221db9,04ffb7fd-99e5-4587-b69b-e84590e87055,1634109001995,13.4186529,52.49431,6.010202,-0.42281908,11.4817705,-16.374945,on bike mount,cyclo cross,True,sett,intermediate
2a5edcc2-b1a2-420e-a2bd-929fee481bc8,98ce2336-06e1-4440-91a0-3f852a221db9,85c17ca6-b4e8-41af-acd5-08dd2641d679,1634109002061,13.4186529,52.49431,6.010202,4.037058,-17.199404,11.973314,on bike mount,cyclo cross,True,sett,intermediate
2a5edcc2-b1a2-420e-a2bd-929fee481bc8,98ce2336-06e1-4440-91a0-3f852a221db9,5f2f8d75-5c61-422b-9c5b-3217d750fb0a,1634109002128,13.4186529,52.49431,6.010202,2.193296,1.1219049,-9.519539,on bike mount,cyclo cross,True,sett,intermediate
2a5edcc2-b1a2-420e-a2bd-929fee481bc8,98ce2336-06e1-4440-91a0-3f852a221db9,d02044c4-f9a7-4954-bf5b-bac60041f091,1634109002195,13.4186529,52.49431,6.010202,0.7588259,5.7395253,-11.728145,on bike mount,cyclo cross,True,sett,intermediate
2a5edcc2-b1a2-420e-a2bd-929fee481bc8,98ce2336-06e1-4440-91a0-3f852a221db9,2d8bacd8-f95f-47df-bf44-7f58bea6a58e,1634109002262,13.4186529,52.49431,6.010202,-0.5704305,-7.2312684,-6.519503,on bike mount,cyclo cross,True,sett,intermediate
2a5edcc2-b1a2-420e-a2bd-929fee481bc8,98ce2336-06e1-4440-91a0-3f852a221db9,141a4eae-ca75-42d4-bb2c-310f28ff2477,1634109002328,13.4186529,52.49431,6.010202,-1.966856,-6.2461166,12.368706,on bike mount,cyclo cross,True,sett,intermediate
2a5edcc2-b1a2-420e-a2bd-929fee481bc8,98ce2336-06e1-4440-91a0-3f852a221db9,41044376-aae9-4736-bab4-bc2f46d84b1a,1634109002396,13.4186529,52.49431,6.010202,-3.045239,-4.7666397,2.4599333,on bike mount,cyclo cross,True,sett,intermediate
2a5edcc2-b1a2-420e-a2bd-929fee481bc8,98ce2336-06e1-4440-91a0-3f852a221db9,2adfbcd8-dfb5-4921-9967-b74db04648bd,1634109002461,13.4186209,52.4942609,6.290508,-5.470264,4.377077,12.552677,on bike mount,cyclo cross,True,sett,intermediate
2a5edcc2-b1a2-420e-a2bd-929fee481bc8,98ce2336-06e1-4440-91a0-3f852a221db9,794bad4d-4b0c-474b-8358-cc22865969fa,1634109002529,13.4186209,52.4942609,6.290508,1.0997636,-0.4615445,15.070957,on bike mount,cyclo cross,True,sett,intermediate
2a5edcc2-b1a2-420e-a2bd-929fee481bc8,98ce2336-06e1-4440-91a0-3f852a221db9,d3caef57-a841-4561-9d4c-c8ad008a6222,1634109002596,13.4186209,52.4942609,6.290508,-0.32937786,-1.4555846,11.428438,on bike mount,cyclo cross,True,sett,intermediate
2a5edcc2-b1a2-420e-a2bd-929fee481bc8,98ce2336-06e1-4440-91a0-3f852a221db9,4ffe2217-0b85-431c-9a3d-25f24c928f1c,1634109002662,13.4186209,52.4942609,6.290508,0.8360302,-22.194332,17.605522,on bike mount,cyclo cross,True,sett,intermediate
2a5edcc2-b1a2-420e-a2bd-929fee481bc8,98ce2336-06e1-4440-91a0-3f852a221db9,c6eac3b6-2406-42e7-9bf9-df5e322def89,1634109002730,13.4186209,52.4942609,6.290508,1.5628479,18.285397,5.230665,on bike mount,cyclo cross,True,sett,intermediate
2a5edcc2-b1a2-420e-a2bd-929fee481bc8,98ce2336-06e1-4440-91a0-3f852a221db9,45a404ea-0c0d-4ba4-8750-e091dadccefa,1634109002797,13.4186209,52.4942609,6.290508,-2.9911566,7.405745,-5.895299,on bike mount,cyclo cross,True,sett,intermediate
2a5edcc2-b1a2-420e-a2bd-929fee481bc8,98ce2336-06e1-4440-91a0-3f852a221db9,b9e6a36a-5d9b-4f66-9ade-63a69c87e6da,1634109002863,13.4186209,52.4942609,6.290508,1.1737548,-0.17408395,-1.8417776,on bike mount,cyclo cross,True,sett,intermediate
2a5edcc2-b1a2-420e-a2bd-929fee481bc8,98ce2336-06e1-4440-91a0-3f852a221db9,12a9bc82-2a5c-4727-b9da-dde0490013d6,1634109002930,13.4186209,52.4942609,6.290508,-1.8196571,-28.735104,13.064491,on bike mount,cyclo cross,True,sett,intermediate
2a5edcc2-b1a2-420e-a2bd-929fee481bc8,98ce2336-06e1-4440-91a0-3f852a221db9,097faa4e-9d51-48c9-ae53-158e5be128cc,1634109002997,13.4186209,52.4942609,6.290508,1.0754503,-2.0062578,-7.9654336,on bike mount,cyclo cross,True,sett,intermediate
2a5edcc2-b1a2-420e-a2bd-929fee481bc8,98ce2336-06e1-4440-91a0-3f852a221db9,7db95ea5-29f8-4a8b-9a34-44c82eb93ac5,1634109003063,13.4186209,52.4942609,6.290508,-7.5030727,5.0271807,-12.929044,on bike mount,cyclo cross,True,sett,intermediate
2a5edcc2-b1a2-420e-a2bd-929fee481bc8,98ce2336-06e1-4440-91a0-3f852a221db9,267ccc07-ec6c-4be3-8f5e-157407829836,1634109003131,13.4186209,52.4942609,6.290508,0.99614465,-5.797373,-4.50151,on bike mount,cyclo cross,True,sett,intermediate
2a5edcc2-b1a2-420e-a2bd-929fee481bc8,98ce2336-06e1-4440-91a0-3f852a221db9,883c77a5-d8c5-49c9-aecb-20bf9a919add,1634109003198,13.4186209,52.4942609,6.290508,2.2174106,-13.690852,-6.049899,on bike mount,cyclo cross,True,sett,intermediate
2a5edcc2-b1a2-420e-a2bd-929fee481bc8,98ce2336-06e1-4440-91a0-3f852a221db9,421150a1-aa58-4e1a-b54b-c13222cf8b8c,1634109003263,13.4186209,52.4942609,6.290508,2.9155955,-0.57881737,-5.210465,on bike mount,cyclo cross,True,sett,intermediate
2a5edcc2-b1a2-420e-a2bd-929fee481bc8,98ce2336-06e1-4440-91a0-3f852a221db9,1f39b736-a70a-457d-abed-1b5bccf481ad,1634109003331,13.4186209,52.4942609,6.290508,2.1300364,9.889696,-3.331946,on bike mount,cyclo cross,True,sett,intermediate
2a5edcc2-b1a2-420e-a2bd-929fee481bc8,98ce2336-06e1-4440-91a0-3f852a221db9,63393e2c-8a70-4e17-b455-2b8903433f3f,1634109003398,13.4186209,52.4942609,6.290508,0.40638107,-1.5682707,9.810009,on bike mount,cyclo cross,True,sett,intermediate
2a5edcc2-b1a2-420e-a2bd-929fee481bc8,98ce2336-06e1-4440-91a0-3f852a221db9,a25428a2-391a-40d9-9748-9908d97d5ed1,1634109003463,13.4185814,52.4942099,6.864788,1.0028479,-10.9344425,9.682811,on bike mount,cyclo cross,True,sett,intermediate
2a5edcc2-b1a2-420e-a2bd-929fee481bc8,98ce2336-06e1-4440-91a0-3f852a221db9,975e9ddb-fb24-43f3-9ea0-46f5dffa738b,1634109003531,13.4185814,52.4942099,6.864788,0.012462482,10.316095,-11.434622,on bike mount,cyclo cross,True,sett,intermediate
2a5edcc2-b1a2-420e-a2bd-929fee481bc8,98ce2336-06e1-4440-91a0-3f852a221db9,cd90b8a0-55c1-4af2-937d-6498c96aa5c7,1634109003598,13.4185814,52.4942099,6.864788,-6.023949,7.4734354,-1.3686306,on bike mount,cyclo cross,True,sett,intermediate
2a5edcc2-b1a2-420e-a2bd-929fee481bc8,98ce2336-06e1-4440-91a0-3f852a221db9,68398764-4a79-4f27-8a61-aab7537538fb,1634109003665,13.4185814,52.4942099,6.864788,-5.3302617,20.787174,-34.785492,on bike mount,cyclo cross,True,sett,intermediate
2a5edcc2-b1a2-420e-a2bd-929fee481bc8,98ce2336-06e1-4440-91a0-3f852a221db9,e88ae7ab-66df-4140-a578-065856917852,1634109003732,13.4185814,52.4942099,6.864788,-0.0861423,13.963953,-3.7505832,on bike mount,cyclo cross,True,sett,intermediate
2a5edcc2-b1a2-420e-a2bd-929fee481bc8,98ce2336-06e1-4440-91a0-3f852a221db9,c4005170-6823-48a6-b39f-0b2d138c360f,1634109003799,13.4185814,52.4942099,6.864788,-1.9206349,1.0828428,1.2351866,on bike mount,cyclo cross,True,sett,intermediate
2a5edcc2-b1a2-420e-a2bd-929fee481bc8,98ce2336-06e1-4440-91a0-3f852a221db9,22dec22b-a64a-48df-a175-74dcb8db4a95,1634109003865,13.4185814,52.4942099,6.864788,-6.1843176,-20.066666,-4.8827825,on bike mount,cyclo cross,True,sett,intermediate
2a5edcc2-b1a2-420e-a2bd-929fee481bc8,98ce2336-06e1-4440-91a0-3f852a221db9,c83dbbd9-7268-4d83-8ba2-ac81a2eeb155,1634109003932,13.4185814,52.4942099,6.864788,1.1794102,-0.3472104,-19.56593,on bike mount,cyclo cross,True,sett,intermediate
2a5edcc2-b1a2-420e-a2bd-929fee481bc8,98ce2336-06e1-4440-91a0-3f852a221db9,5fc3391c-59ec-4b35-8de7-acbb228c316d,1634109003999,13.4185814,52.4942099,6.864788,-1.3890221,5.513729,10.982264,on bike mount,cyclo cross,True,sett,intermediate
2a5edcc2-b1a2-420e-a2bd-929fee481bc8,98ce2336-06e1-4440-91a0-3f852a221db9,c9ff5087-3fba-45c5-ac1b-8c143bebf25d,1634109004064,13.4185814,52.4942099,6.864788,-1.9162167,30.248468,17.481659,on bike mount,cyclo cross,True,sett,intermediate
2a5edcc2-b1a2-420e-a2bd-929fee481bc8,98ce2336-06e1-4440-91a0-3f852a221db9,174596c5-7174-423f-aec9-398cb751a2be,1634109004133,13.4185814,52.4942099,6.864788,6.373406,-14.000929,-7.806865,on bike mount,cyclo cross,True,sett,intermediate
2a5edcc2-b1a2-420e-a2bd-929fee481bc8,98ce2336-06e1-4440-91a0-3f852a221db9,e4d86a39-960b-4bf4-845a-ba08733f8cf6,1634109004200,13.4185814,52.4942099,6.864788,0.5295962,-13.130408,17.408567,on bike mount,cyclo cross,True,sett,intermediate
2a5edcc2-b1a2-420e-a2bd-929fee481bc8,98ce2336-06e1-4440-91a0-3f852a221db9,e2236ab2-2bbd-4d64-8f25-99501cb079ee,1634109004266,13.4185814,52.4942099,6.864788,-2.4188108,5.568861,10.689611,on bike mount,cyclo cross,True,sett,intermediate
2a5edcc2-b1a2-420e-a2bd-929fee481bc8,98ce2336-06e1-4440-91a0-3f852a221db9,14010f1a-9ff8-4d1f-a5c6-c2b0386b027f,1634109004334,13.4185814,52.4942099,6.864788,-1.6206324,15.844185,-22.190971,on bike mount,cyclo cross,True,sett,intermediate
2a5edcc2-b1a2-420e-a2bd-929fee481bc8,98ce2336-06e1-4440-91a0-3f852a221db9,e8f4c160-8e63-4cc2-a1d2-c340aeeb3b6b,1634109004400,13.4185814,52.4942099,6.864788,0.88616264,-31.431377,-16.114218,on bike mount,cyclo cross,True,sett,intermediate
2a5edcc2-b1a2-420e-a2bd-929fee481bc8,98ce2336-06e1-4440-91a0-3f852a221db9,4103a9ac-e16f-4aec-af29-39e978974f5a,1634109004466,13.4185377,52.4941573,6.53085,-2.367489,-22.059263,7.0415487,on bike mount,cyclo cross,True,sett,intermediate
2a5edcc2-b1a2-420e-a2bd-929fee481bc8,98ce2336-06e1-4440-91a0-3f852a221db9,24ec838d-bc80-4863-956d-4fcc75dda68f,1634109004534,13.4185377,52.4941573,6.53085,2.104966,-4.2286983,10.0498705,on bike mount,cyclo cross,True,sett,intermediate
2a5edcc2-b1a2-420e-a2bd-929fee481bc8,98ce2336-06e1-4440-91a0-3f852a221db9,0c9bc1d0-9093-4aa2-99ba-99ac6647f518,1634109004600,13.4185377,52.4941573,6.53085,-1.1164938,2.0707092,6.0705204,on bike mount,cyclo cross,True,sett,intermediate
2a5edcc2-b1a2-420e-a2bd-929fee481bc8,98ce2336-06e1-4440-91a0-3f852a221db9,841ea1c8-b53f-4c95-be44-62bde5fb46b5,1634109004667,13.4185377,52.4941573,6.53085,3.7780473,12.138035,-18.86436,on bike mount,cyclo cross,True,sett,intermediate
2a5edcc2-b1a2-420e-a2bd-929fee481bc8,98ce2336-06e1-4440-91a0-3f852a221db9,dbe44eb9-719b-4859-9f78-105b94dc60b7,1634109004735,13.4185377,52.4941573,6.53085,1.1481133,11.440771,1.0426068,on bike mount,cyclo cross,True,sett,intermediate
2a5edcc2-b1a2-420e-a2bd-929fee481bc8,98ce2336-06e1-4440-91a0-3f852a221db9,766ef5b9-3f1c-455c-8aab-e906ca63f094,1634109004801,13.4185377,52.4941573,6.53085,1.3934982,5.1505857,-4.592595,on bike mount,cyclo cross,True,sett,intermediate
2a5edcc2-b1a2-420e-a2bd-929fee481bc8,98ce2336-06e1-4440-91a0-3f852a221db9,04e08911-a0a8-4119-8ef3-e0c7fe9ea476,1634109004868,13.4185377,52.4941573,6.53085,1.8882374,-6.465889,-14.52434,on bike mount,cyclo cross,True,sett,intermediate
2a5edcc2-b1a2-420e-a2bd-929fee481bc8,98ce2336-06e1-4440-91a0-3f852a221db9,8e4af3d1-7cfc-47e5-99f0-badbe4dcc25e,1634109004935,13.4185377,52.4941573,6.53085,-1.9138241,12.364706,-14.135654,on bike mount,cyclo cross,True,sett,intermediate
2a5edcc2-b1a2-420e-a2bd-929fee481bc8,98ce2336-06e1-4440-91a0-3f852a221db9,c142217b-6600-4c97-86d5-8afbbcfd76f6,1634109005002,13.4185377,52.4941573,6.53085,-0.6562289,-4.2688136,-1.216198,on bike mount,cyclo cross,True,sett,intermediate
2a5edcc2-b1a2-420e-a2bd-929fee481bc8,98ce2336-06e1-4440-91a0-3f852a221db9,671c434c-d96e-4211-bc44-99ffe5ec05d9,1634109005068,13.4185377,52.4941573,6.53085,0.3666516,6.8684483,-6.4581795,on bike mount,cyclo cross,True,sett,intermediate
2a5edcc2-b1a2-420e-a2bd-929fee481bc8,98ce2336-06e1-4440-91a0-3f852a221db9,f9f5bf2f-dcf2-48af-ae7f-7177af6012aa,1634109005136,13.4185377,52.4941573,6.53085,-4.547761,6.180909,5.550886,on bike mount,cyclo cross,True,sett,intermediate
2a5edcc2-b1a2-420e-a2bd-929fee481bc8,98ce2336-06e1-4440-91a0-3f852a221db9,025712ca-46e3-4fa8-86b5-dafa01cd987e,1634109005202,13.4185377,52.4941573,6.53085,-5.0056095,4.188308,-7.4374733,on bike mount,cyclo cross,True,sett,intermediate
2a5edcc2-b1a2-420e-a2bd-929fee481bc8,98ce2336-06e1-4440-91a0-3f852a221db9,560a5654-b228-496d-9b4c-a9f6c524a24a,1634109005269,13.4185377,52.4941573,6.53085,-2.2988114,-23.122297,-8.357787,on bike mount,cyclo cross,True,sett,intermediate
2a5edcc2-b1a2-420e-a2bd-929fee481bc8,98ce2336-06e1-4440-91a0-3f852a221db9,c7534ebc-a1f9-4bf7-af00-d139427c77f8,1634109005336,13.4185377,52.4941573,6.53085,-0.36473095,11.704937,-10.630492,on bike mount,cyclo cross,True,sett,intermediate
2a5edcc2-b1a2-420e-a2bd-929fee481bc8,98ce2336-06e1-4440-91a0-3f852a221db9,396de223-f9c6-414a-8388-32e53b2d808b,1634109005403,13.4185377,52.4941573,6.53085,-4.2816124,-16.066135,9.086153,on bike mount,cyclo cross,True,sett,intermediate
2a5edcc2-b1a2-420e-a2bd-929fee481bc8,98ce2336-06e1-4440-91a0-3f852a221db9,e53196d0-4d5c-4ebe-8738-b973ef62a96f,1634109005468,13.4185025,52.4941043,6.4361234,-8.792973,-8.4338665,40.253082,on bike mount,cyclo cross,True,sett,intermediate
2a5edcc2-b1a2-420e-a2bd-929fee481bc8,98ce2336-06e1-4440-91a0-3f852a221db9,cec1fc9e-fa16-4991-b0ce-8b7078fece1f,1634109005537,13.4185025,52.4941043,6.4361234,-6.346013,10.022457,-21.258657,on bike mount,cyclo cross,True,sett,intermediate
2a5edcc2-b1a2-420e-a2bd-929fee481bc8,98ce2336-06e1-4440-91a0-3f852a221db9,dc65c5eb-f2a9-4f65-a37e-0ded3bf3ebc1,1634109005603,13.4185025,52.4941043,6.4361234,-5.721917,-40.28144,-5.5070295,on bike mount,cyclo cross,True,sett,intermediate
2a5edcc2-b1a2-420e-a2bd-929fee481bc8,98ce2336-06e1-4440-91a0-3f852a221db9,72a854e0-0cbf-41c1-ae88-4fd87e3aa93b,1634109005670,13.4185025,52.4941043,6.4361234,5.50107,39.37484,-20.569794,on bike mount,cyclo cross,True,sett,intermediate
2a5edcc2-b1a2-420e-a2bd-929fee481bc8,98ce2336-06e1-4440-91a0-3f852a221db9,89724576-6640-43b2-a3e3-71c792cffbc1,1634109005737,13.4185025,52.4941043,6.4361234,0.76389015,-17.928219,-3.9597118,on bike mount,cyclo cross,True,sett,intermediate
2a5edcc2-b1a2-420e-a2bd-929fee481bc8,98ce2336-06e1-4440-91a0-3f852a221db9,9fe1051e-72c3-4529-afaa-b39f0b1888b8,1634109005804,13.4185025,52.4941043,6.4361234,-0.15685812,-24.06443,18.705368,on bike mount,cyclo cross,True,sett,intermediate
2a5edcc2-b1a2-420e-a2bd-929fee481bc8,98ce2336-06e1-4440-91a0-3f852a221db9,e1735aa1-f23b-4292-ad3a-f9c7a2c6c739,1634109005870,13.4185025,52.4941043,6.4361234,3.1643248,-13.480272,-7.432298,on bike mount,cyclo cross,True,sett,intermediate
2a5edcc2-b1a2-420e-a2bd-929fee481bc8,98ce2336-06e1-4440-91a0-3f852a221db9,a6c024ef-d180-47a5-809b-de9df7303583,1634109005937,13.4185025,52.4941043,6.4361234,1.5971353,-3.9209738,10.108866,on bike mount,cyclo cross,True,sett,intermediate
2a5edcc2-b1a2-420e-a2bd-929fee481bc8,98ce2336-06e1-4440-91a0-3f852a221db9,41a6c575-6fd4-49f3-82b9-bc1de59d088f,1634109006004,13.4185025,52.4941043,6.4361234,-8.370669,20.704014,11.37539,on bike mount,cyclo cross,True,sett,intermediate
2a5edcc2-b1a2-420e-a2bd-929fee481bc8,98ce2336-06e1-4440-91a0-3f852a221db9,d2d6028e-a8f8-4ef0-8a8f-ed2c8d5c267f,1634109006070,13.4185025,52.4941043,6.4361234,-0.65550494,-2.835034,15.43568,on bike mount,cyclo cross,True,sett,intermediate
2a5edcc2-b1a2-420e-a2bd-929fee481bc8,98ce2336-06e1-4440-91a0-3f852a221db9,c0df48d8-ac20-4353-b82c-b4bb9432ad58,1634109006138,13.4185025,52.4941043,6.4361234,-13.192562,-11.642444,12.302775,on bike mount,cyclo cross,True,sett,intermediate
2a5edcc2-b1a2-420e-a2bd-929fee481bc8,98ce2336-06e1-4440-91a0-3f852a221db9,126db3fc-ab60-451f-b3cd-299bef0d8995,1634109006203,13.4185025,52.4941043,6.4361234,-3.0630684,-25.456667,15.073433,on bike mount,cyclo cross,True,sett,intermediate
2a5edcc2-b1a2-420e-a2bd-929fee481bc8,98ce2336-06e1-4440-91a0-3f852a221db9,b5b297b3-541e-4e3d-8a71-2a82c7619b7a,1634109006271,13.4185025,52.4941043,6.4361234,1.102805,-15.991425,7.1790285,on bike mount,cyclo cross,True,sett,intermediate
2a5edcc2-b1a2-420e-a2bd-929fee481bc8,98ce2336-06e1-4440-91a0-3f852a221db9,be32688b-2bea-4ff0-9f33-31e7df177743,1634109006338,13.4185025,52.4941043,6.4361234,-4.210821,-7.230395,9.449356,on bike mount,cyclo cross,True,sett,intermediate
2a5edcc2-b1a2-420e-a2bd-929fee481bc8,98ce2336-06e1-4440-91a0-3f852a221db9,ac88f1d5-4c3a-4235-94c2-9f394b730d37,1634109006405,13.4185025,52.4941043,6.4361234,-1.665582,5.0691905,3.7423716,on bike mount,cyclo cross,True,sett,intermediate
2a5edcc2-b1a2-420e-a2bd-929fee481bc8,98ce2336-06e1-4440-91a0-3f852a221db9,01e3fc17-6dc2-4223-b589-dd78cc37d8af,1634109006471,13.4184682,52.494052,6.161576,5.196869,4.4629617,-4.7075424,on bike mount,cyclo cross,True,sett,intermediate
2a5edcc2-b1a2-420e-a2bd-929fee481bc8,98ce2336-06e1-4440-91a0-3f852a221db9,48d6093c-d9c0-4eb6-bc32-a9db402570c1,1634109006539,13.4184682,52.494052,6.161576,-1.8178067,0.656904,-3.6091077,on bike mount,cyclo cross,True,sett,intermediate
2a5edcc2-b1a2-420e-a2bd-929fee481bc8,98ce2336-06e1-4440-91a0-3f852a221db9,5d2a62d4-0304-40ba-a278-fafa3080bd0f,1634109006606,13.4184682,52.494052,6.161576,1.7391828,8.774805,3.2208729,on bike mount,cyclo cross,True,sett,intermediate
2a5edcc2-b1a2-420e-a2bd-929fee481bc8,98ce2336-06e1-4440-91a0-3f852a221db9,6b7730c0-681d-4a63-8489-edc8708403f1,1634109006672,13.4184682,52.494052,6.161576,1.136038,1.3039689,-11.284122,on bike mount,cyclo cross,True,sett,intermediate
2a5edcc2-b1a2-420e-a2bd-929fee481bc8,98ce2336-06e1-4440-91a0-3f852a221db9,0cea7bd7-2170-4e57-988a-786eb41a048e,1634109006739,13.4184682,52.494052,6.161576,5.192706,11.553312,7.9994507,on bike mount,cyclo cross,True,sett,intermediate
2a5edcc2-b1a2-420e-a2bd-929fee481bc8,98ce2336-06e1-4440-91a0-3f852a221db9,c9577b36-a7fa-42b7-af7d-e325f37af2b7,1634109006805,13.4184682,52.494052,6.161576,-1.9259104,-26.817337,21.042572,on bike mount,cyclo cross,True,sett,intermediate
2a5edcc2-b1a2-420e-a2bd-929fee481bc8,98ce2336-06e1-4440-91a0-3f852a221db9,67446abb-2e72-45c2-9a62-351fc2c4eed8,1634109006872,13.4184682,52.494052,6.161576,1.1172853,-40.68559,12.320705,on bike mount,cyclo cross,True,sett,intermediate
2a5edcc2-b1a2-420e-a2bd-929fee481bc8,98ce2336-06e1-4440-91a0-3f852a221db9,5a5c95c6-d6e5-4664-99e5-f71158377f84,1634109006940,13.4184682,52.494052,6.161576,-6.246149,9.101248,11.012041,on bike mount,cyclo cross,True,sett,intermediate
2a5edcc2-b1a2-420e-a2bd-929fee481bc8,98ce2336-06e1-4440-91a0-3f852a221db9,678b52a6-bd2a-4a19-bc7e-97182edf0d1d,1634109007006,13.4184682,52.494052,6.161576,5.077202,3.1503496,9.5107765,on bike mount,cyclo cross,True,sett,intermediate
2a5edcc2-b1a2-420e-a2bd-929fee481bc8,98ce2336-06e1-4440-91a0-3f852a221db9,566b3b6e-5b88-4376-972c-c64fe4c517be,1634109007073,13.4184682,52.494052,6.161576,0.4175743,-17.649328,-27.193787,on bike mount,cyclo cross,True,sett,intermediate
2a5edcc2-b1a2-420e-a2bd-929fee481bc8,98ce2336-06e1-4440-91a0-3f852a221db9,c49bc1e1-617b-4cac-8b97-407fbdc227a5,1634109007140,13.4184682,52.494052,6.161576,-2.952456,13.731316,-0.9659567,on bike mount,cyclo cross,True,sett,intermediate
2a5edcc2-b1a2-420e-a2bd-929fee481bc8,98ce2336-06e1-4440-91a0-3f852a221db9,16b97ee1-0644-4eee-a1c1-f8aa692d13f3,1634109007207,13.4184682,52.494052,6.161576,-1.5278281,-27.911444,-12.324585,on bike mount,cyclo cross,True,sett,intermediate
2a5edcc2-b1a2-420e-a2bd-929fee481bc8,98ce2336-06e1-4440-91a0-3f852a221db9,fdb2b246-35dc-4dbc-bd5a-3f0dccb01b93,1634109007274,13.4184682,52.494052,6.161576,1.2165145,20.483507,0.50902367,on bike mount,cyclo cross,True,sett,intermediate
2a5edcc2-b1a2-420e-a2bd-929fee481bc8,98ce2336-06e1-4440-91a0-3f852a221db9,813e51f1-84e1-4ac1-9639-e8f197f0e8aa,1634109007341,13.4184682,52.494052,6.161576,-0.7309723,1.8567538,-1.5371997,on bike mount,cyclo cross,True,sett,intermediate
2a5edcc2-b1a2-420e-a2bd-929fee481bc8,98ce2336-06e1-4440-91a0-3f852a221db9,760b74e3-5ea1-49a8-b555-220656bed789,1634109007408,13.4184682,52.494052,6.161576,2.2570148,13.5328665,-27.215872,on bike mount,cyclo cross,True,sett,intermediate
2a5edcc2-b1a2-420e-a2bd-929fee481bc8,98ce2336-06e1-4440-91a0-3f852a221db9,143207a2-1303-4d61-a7a6-b242ee4ec255,1634109007474,13.418443,52.4940026,5.7604957,-0.15017569,-1.871747,0.47344303,on bike mount,cyclo cross,True,sett,intermediate
2a5edcc2-b1a2-420e-a2bd-929fee481bc8,98ce2336-06e1-4440-91a0-3f852a221db9,6def650e-1236-4968-a351-ac386e5045a0,1634109007541,13.418443,52.4940026,5.7604957,1.7992194,-14.08773,16.361435,on bike mount,cyclo cross,True,sett,intermediate
2a5edcc2-b1a2-420e-a2bd-929fee481bc8,98ce2336-06e1-4440-91a0-3f852a221db9,3e5efed0-8ea3-4aab-9900-8dda523556af,1634109007608,13.418443,52.4940026,5.7604957,-3.4739368,17.399216,-0.9722557,on bike mount,cyclo cross,True,sett,intermediate
2a5edcc2-b1a2-420e-a2bd-929fee481bc8,98ce2336-06e1-4440-91a0-3f852a221db9,83899dfd-0aa9-4080-b74e-99bb52218c12,1634109007675,13.418443,52.4940026,5.7604957,1.0491018,13.599202,7.8512554,on bike mount,cyclo cross,True,sett,intermediate
2a5edcc2-b1a2-420e-a2bd-929fee481bc8,98ce2336-06e1-4440-91a0-3f852a221db9,fbe61b17-6826-44a7-8d66-84e0e7e0875f,1634109007742,13.418443,52.4940026,5.7604957,-0.3828646,-0.5154276,-19.272013,on bike mount,cyclo cross,True,sett,intermediate
2a5edcc2-b1a2-420e-a2bd-929fee481bc8,98ce2336-06e1-4440-91a0-3f852a221db9,dd72a8cf-fa4d-4e8e-800f-d94650424343,1634109007809,13.418443,52.4940026,5.7604957,0.5214292,8.169985,-11.2783375,on bike mount,cyclo cross,True,sett,intermediate
2a5edcc2-b1a2-420e-a2bd-929fee481bc8,98ce2336-06e1-4440-91a0-3f852a221db9,64b242f8-324a-4cf9-a625-6187a120b2e8,1634109007875,13.418443,52.4940026,5.7604957,2.275387,-8.882115,11.153833,on bike mount,cyclo cross,True,sett,intermediate
2a5edcc2-b1a2-420e-a2bd-929fee481bc8,98ce2336-06e1-4440-91a0-3f852a221db9,a8542cc1-4d6e-48b7-8064-cb4f67e9ce8f,1634109007942,13.418443,52.4940026,5.7604957,-1.986391,1.5952659,-4.4658685,on bike mount,cyclo cross,True,sett,intermediate
2a5edcc2-b1a2-420e-a2bd-929fee481bc8,98ce2336-06e1-4440-91a0-3f852a221db9,c54c03ad-d0ac-4f78-a63a-db963aa9a5f9,1634109008009,13.418443,52.4940026,5.7604957,5.842452,-0.29801154,13.998024,on bike mount,cyclo cross,True,sett,intermediate
2a5edcc2-b1a2-420e-a2bd-929fee481bc8,98ce2336-06e1-4440-91a0-3f852a221db9,e38f19e2-89d7-4136-9525-b7c24b8fd7cf,1634109008075,13.418443,52.4940026,5.7604957,-7.2038646,-7.1327047,0.9862952,on bike mount,cyclo cross,True,sett,intermediate
2a5edcc2-b1a2-420e-a2bd-929fee481bc8,98ce2336-06e1-4440-91a0-3f852a221db9,dd423dd1-3402-4c7f-9331-21eb10cb7cc1,1634109008142,13.418443,52.4940026,5.7604957,3.4001875,-20.253614,5.05468,on bike mount,cyclo cross,True,sett,intermediate
2a5edcc2-b1a2-420e-a2bd-929fee481bc8,98ce2336-06e1-4440-91a0-3f852a221db9,54e593de-3090-44f8-b0a5-3fa79a276ee7,1634109008211,13.418443,52.4940026,5.7604957,-9.383769,-5.2955627,4.6296787,on bike mount,cyclo cross,True,sett,intermediate
2a5edcc2-b1a2-420e-a2bd-929fee481bc8,98ce2336-06e1-4440-91a0-3f852a221db9,2da099a6-a092-4c63-9957-0964d1516708,1634109008277,13.418443,52.4940026,5.7604957,-4.847021,-2.2625446,19.019875,on bike mount,cyclo cross,True,sett,intermediate
2a5edcc2-b1a2-420e-a2bd-929fee481bc8,98ce2336-06e1-4440-91a0-3f852a221db9,0007d9f5-47a7-4dc2-ad7a-f2c471d43c1a,1634109008343,13.418443,52.4940026,5.7604957,1.7897369,-5.1069994,-12.3993435,on bike mount,cyclo cross,True,sett,intermediate
2a5edcc2-b1a2-420e-a2bd-929fee481bc8,98ce2336-06e1-4440-91a0-3f852a221db9,fb58deeb-52aa-4ed4-b726-d7a59c81a639,1634109008411,13.418443,52.4940026,5.7604957,0.36414737,4.9952965,-11.222391,on bike mount,cyclo cross,True,sett,intermediate
2a5edcc2-b1a2-420e-a2bd-929fee481bc8,98ce2336-06e1-4440-91a0-3f852a221db9,a146929a-f8c1-4633-bad3-9132cb26ae2f,1634109008476,13.4184236,52.4939536,5.1442676,1.4105186,-2.3633575,7.0552197,on bike mount,cyclo cross,True,sett,intermediate
2a5edcc2-b1a2-420e-a2bd-929fee481bc8,98ce2336-06e1-4440-91a0-3f852a221db9,9cc5a153-8844-40ca-90e1-6dfed24c517e,1634109008544,13.4184236,52.4939536,5.1442676,-1.6384932,-11.8788395,-9.404407,on bike mount,cyclo cross,True,sett,intermediate
2a5edcc2-b1a2-420e-a2bd-929fee481bc8,98ce2336-06e1-4440-91a0-3f852a221db9,2575a3a6-db88-4ed1-b734-bf6052094d20,1634109008611,13.4184236,52.4939536,5.1442676,0.13795453,0.9318533,25.516937,on bike mount,cyclo cross,True,sett,intermediate
2a5edcc2-b1a2-420e-a2bd-929fee481bc8,98ce2336-06e1-4440-91a0-3f852a221db9,2cbc5cc4-0603-4851-8a64-62c72c9eab71,1634109008677,13.4184236,52.4939536,5.1442676,5.4524746,-20.776308,-4.471728,on bike mount,cyclo cross,True,sett,intermediate
2a5edcc2-b1a2-420e-a2bd-929fee481bc8,98ce2336-06e1-4440-91a0-3f852a221db9,aa4c6159-b84c-4d2d-833c-4a3e741973d4,1634109008744,13.4184236,52.4939536,5.1442676,-2.8052943,-3.2569394,9.809786,on bike mount,cyclo cross,True,sett,intermediate
2a5edcc2-b1a2-420e-a2bd-929fee481bc8,98ce2336-06e1-4440-91a0-3f852a221db9,f07ab819-7c12-4b71-aa97-f9d1ccde3a37,1634109008811,13.4184236,52.4939536,5.1442676,2.3205204,-9.917336,-5.420149,on bike mount,cyclo cross,True,sett,intermediate
2a5edcc2-b1a2-420e-a2bd-929fee481bc8,98ce2336-06e1-4440-91a0-3f852a221db9,8a347965-1668-4b11-8e82-d7136a9842e5,1634109008878,13.4184236,52.4939536,5.1442676,2.9280808,-23.180496,25.015728,on bike mount,cyclo cross,True,sett,intermediate
2a5edcc2-b1a2-420e-a2bd-929fee481bc8,98ce2336-06e1-4440-91a0-3f852a221db9,4aae89bf-0625-4104-8867-84426f43bf75,1634109008945,13.4184236,52.4939536,5.1442676,4.551487,-23.26235,-5.6664085,on bike mount,cyclo cross,True,sett,intermediate
2a5edcc2-b1a2-420e-a2bd-929fee481bc8,98ce2336-06e1-4440-91a0-3f852a221db9,b0fc841c-0dd5-4509-b578-f84decb71c9e,1634109009012,13.4184236,52.4939536,5.1442676,-0.060795248,-23.35315,-0.029174805,on bike mount,cyclo cross,True,sett,intermediate
2a5edcc2-b1a2-420e-a2bd-929fee481bc8,98ce2336-06e1-4440-91a0-3f852a221db9,4cec7e5b-b08f-4ba2-b4de-edb6c3ff607c,1634109009079,13.4184236,52.4939536,5.1442676,-5.425811,-8.228176,-10.543179,on bike mount,cyclo cross,True,sett,intermediate
2a5edcc2-b1a2-420e-a2bd-929fee481bc8,98ce2336-06e1-4440-91a0-3f852a221db9,61e5c0a9-fe66-4b58-9319-53f7cb74402e,1634109009145,13.4184236,52.4939536,5.1442676,1.0160953,13.842059,-8.396801,on bike mount,cyclo cross,True,sett,intermediate
2a5edcc2-b1a2-420e-a2bd-929fee481bc8,98ce2336-06e1-4440-91a0-3f852a221db9,4f23f2bf-65dc-4948-9441-75c7e1ad25d3,1634109009212,13.4184236,52.4939536,5.1442676,0.06918275,9.208499,-15.470874,on bike mount,cyclo cross,True,sett,intermediate
2a5edcc2-b1a2-420e-a2bd-929fee481bc8,98ce2336-06e1-4440-91a0-3f852a221db9,b2071057-51d9-4d8f-bee6-ba83bfa9b9e8,1634109009279,13.4184236,52.4939536,5.1442676,-4.605831,-1.941814,1.7268848,on bike mount,cyclo cross,True,sett,intermediate
2a5edcc2-b1a2-420e-a2bd-929fee481bc8,98ce2336-06e1-4440-91a0-3f852a221db9,8554342d-c9f0-4575-8d36-b8da811a2b87,1634109009346,13.4184236,52.4939536,5.1442676,1.3651228,-6.3705034,1.4197922,on bike mount,cyclo cross,True,sett,intermediate
2a5edcc2-b1a2-420e-a2bd-929fee481bc8,98ce2336-06e1-4440-91a0-3f852a221db9,63fa08ce-b600-40c6-9de9-397c0bbd64fd,1634109009414,13.4184236,52.4939536,5.1442676,-2.1801789,-6.955179,9.425186,on bike mount,cyclo cross,True,sett,intermediate
2a5edcc2-b1a2-420e-a2bd-929fee481bc8,98ce2336-06e1-4440-91a0-3f852a221db9,1f501ce7-c265-4160-8bee-8763bd3f48d6,1634109009478,13.418399,52.4939104,5.2150292,-0.7207463,-4.4547954,-19.62764,on bike mount,cyclo cross,True,sett,intermediate
2a5edcc2-b1a2-420e-a2bd-929fee481bc8,98ce2336-06e1-4440-91a0-3f852a221db9,68ab90d7-85c2-4311-878b-4c86ed2931b9,1634109009547,13.418399,52.4939104,5.2150292,-1.4774882,18.261795,-17.208763,on bike mount,cyclo cross,True,sett,intermediate
2a5edcc2-b1a2-420e-a2bd-929fee481bc8,98ce2336-06e1-4440-91a0-3f852a221db9,b6af1de3-5edc-495f-a81b-b8909f85d27b,1634109009613,13.418399,52.4939104,5.2150292,-2.922494,5.897021,0.31371498,on bike mount,cyclo cross,True,sett,intermediate
2a5edcc2-b1a2-420e-a2bd-929fee481bc8,98ce2336-06e1-4440-91a0-3f852a221db9,722dbcf0-392f-487a-b05e-0fc9d626ca58,1634109009680,13.418399,52.4939104,5.2150292,-1.8686813,6.3757796,-22.908298,on bike mount,cyclo cross,True,sett,intermediate
2a5edcc2-b1a2-420e-a2bd-929fee481bc8,98ce2336-06e1-4440-91a0-3f852a221db9,e3eab823-5316-4063-8865-27a5270d923f,1634109009747,13.418399,52.4939104,5.2150292,1.7871003,-22.042685,30.719574,on bike mount,cyclo cross,True,sett,intermediate
2a5edcc2-b1a2-420e-a2bd-929fee481bc8,98ce2336-06e1-4440-91a0-3f852a221db9,b270f255-3f3f-499a-b170-46b58482d8a6,1634109009814,13.418399,52.4939104,5.2150292,3.4557097,4.2002563,-2.7682247,on bike mount,cyclo cross,True,sett,intermediate
2a5edcc2-b1a2-420e-a2bd-929fee481bc8,98ce2336-06e1-4440-91a0-3f852a221db9,2bd931dd-1329-472e-b9f6-553f54897c48,1634109009881,13.418399,52.4939104,5.2150292,-0.4331935,-1.2789965,10.18886,on bike mount,cyclo cross,True,sett,intermediate
2a5edcc2-b1a2-420e-a2bd-929fee481bc8,98ce2336-06e1-4440-91a0-3f852a221db9,9744923f-be01-4942-9386-6500b977ef4e,1634109009948,13.418399,52.4939104,5.2150292,1.360419,-10.019797,19.674524,on bike mount,cyclo cross,True,sett,intermediate
2a5edcc2-b1a2-420e-a2bd-929fee481bc8,98ce2336-06e1-4440-91a0-3f852a221db9,bb6b273f-ba1b-487c-a55f-5f9b14f935d2,1634109010014,13.418399,52.4939104,5.2150292,-0.9804025,16.684895,-14.750011,on bike mount,cyclo cross,True,sett,intermediate
2a5edcc2-b1a2-420e-a2bd-929fee481bc8,98ce2336-06e1-4440-91a0-3f852a221db9,973c0a1f-44a6-4c1d-aa88-7da53ad6ef63,1634109010081,13.418399,52.4939104,5.2150292,3.1116657,9.715315,-21.743883,on bike mount,cyclo cross,True,sett,intermediate
2a5edcc2-b1a2-420e-a2bd-929fee481bc8,98ce2336-06e1-4440-91a0-3f852a221db9,9d1a49fa-adc2-47d7-baa8-93a0fda969ad,1634109010148,13.418399,52.4939104,5.2150292,-9.387047,5.0757403,7.0580225,on bike mount,cyclo cross,True,sett,intermediate
2a5edcc2-b1a2-420e-a2bd-929fee481bc8,98ce2336-06e1-4440-91a0-3f852a221db9,9f9f8d82-6f10-4c80-854a-e9e6cf22da00,1634109010215,13.418399,52.4939104,5.2150292,-2.7140741,-3.7124104,6.21447,on bike mount,cyclo cross,True,sett,intermediate
2a5edcc2-b1a2-420e-a2bd-929fee481bc8,98ce2336-06e1-4440-91a0-3f852a221db9,09b9630f-714c-4d5d-a193-074def9c48d9,1634109010282,13.418399,52.4939104,5.2150292,-5.086096,-11.031787,10.113595,on bike mount,cyclo cross,True,sett,intermediate
2a5edcc2-b1a2-420e-a2bd-929fee481bc8,98ce2336-06e1-4440-91a0-3f852a221db9,bb409be0-ca14-457c-b8dd-d50caae25713,1634109010349,13.418399,52.4939104,5.2150292,9.595749,-16.25792,-5.7072487,on bike mount,cyclo cross,True,sett,intermediate
2a5edcc2-b1a2-420e-a2bd-929fee481bc8,98ce2336-06e1-4440-91a0-3f852a221db9,613c4619-0706-44a3-bbf1-26d41592323d,1634109010417,13.418399,52.4939104,5.2150292,1.3887687,-14.687949,-6.957098,on bike mount,cyclo cross,True,sett,intermediate
2a5edcc2-b1a2-420e-a2bd-929fee481bc8,98ce2336-06e1-4440-91a0-3f852a221db9,37ff252b-3843-458b-886f-d6a4186aa568,1634109010479,13.4183714,52.4938644,5.971663,3.2128334,-4.7706547,-5.8906894,on bike mount,cyclo cross,True,sett,intermediate
2a5edcc2-b1a2-420e-a2bd-929fee481bc8,98ce2336-06e1-4440-91a0-3f852a221db9,26c82d38-4bc4-4c84-9d77-6ddc31920df8,1634109010548,13.4183714,52.4938644,5.971663,-0.05218625,-0.7710862,14.757752,on bike mount,cyclo cross,True,sett,intermediate
2a5edcc2-b1a2-420e-a2bd-929fee481bc8,98ce2336-06e1-4440-91a0-3f852a221db9,4bf30f11-0454-400c-8d78-08c985ca1b7a,1634109010616,13.4183714,52.4938644,5.971663,-1.9475045,12.321747,3.690916,on bike mount,cyclo cross,True,sett,intermediate
2a5edcc2-b1a2-420e-a2bd-929fee481bc8,98ce2336-06e1-4440-91a0-3f852a221db9,63565fa0-28d9-445e-b32e-9c61300de888,1634109010682,13.4183714,52.4938644,5.971663,-0.24289337,22.204376,-3.8022373,on bike mount,cyclo cross,True,sett,intermediate
2a5edcc2-b1a2-420e-a2bd-929fee481bc8,98ce2336-06e1-4440-91a0-3f852a221db9,6a4069d3-0a45-46fa-9844-25867e5b67b9,1634109010749,13.4183714,52.4938644,5.971663,0.90198714,10.473305,3.0101328,on bike mount,cyclo cross,True,sett,intermediate
2a5edcc2-b1a2-420e-a2bd-929fee481bc8,98ce2336-06e1-4440-91a0-3f852a221db9,0d0f1791-9af8-4635-a1b1-a51c1bace924,1634109010816,13.4183714,52.4938644,5.971663,1.9918947,-8.580849,14.163343,on bike mount,cyclo cross,True,sett,intermediate
2a5edcc2-b1a2-420e-a2bd-929fee481bc8,98ce2336-06e1-4440-91a0-3f852a221db9,3b5461b6-0298-47dd-8078-7805ecbe74ec,1634109010883,13.4183714,52.4938644,5.971663,0.7162299,-14.638311,12.156998,on bike mount,cyclo cross,True,sett,intermediate
2a5edcc2-b1a2-420e-a2bd-929fee481bc8,98ce2336-06e1-4440-91a0-3f852a221db9,521de1b3-d623-4766-bd7d-883e20eda3af,1634109010950,13.4183714,52.4938644,5.971663,-0.7817379,-5.2220383,6.56514,on bike mount,cyclo cross,True,sett,intermediate
2a5edcc2-b1a2-420e-a2bd-929fee481bc8,98ce2336-06e1-4440-91a0-3f852a221db9,e3298b38-5316-4ad4-b0ca-0a4b628f2fda,1634109011017,13.4183714,52.4938644,5.971663,-2.9324698,-4.1016817,5.282604,on bike mount,cyclo cross,True,sett,intermediate
2a5edcc2-b1a2-420e-a2bd-929fee481bc8,98ce2336-06e1-4440-91a0-3f852a221db9,7477909f-12fe-4391-8777-9fde3785a423,1634109011082,13.4183714,52.4938644,5.971663,-2.8359447,-7.7342896,16.246305,on bike mount,cyclo cross,True,sett,intermediate
2a5edcc2-b1a2-420e-a2bd-929fee481bc8,98ce2336-06e1-4440-91a0-3f852a221db9,99a7906f-c925-4dc6-b528-ccbf23dbe644,1634109011149,13.4183714,52.4938644,5.971663,-2.5872934,-5.4703817,23.50634,on bike mount,cyclo cross,True,sett,intermediate
2a5edcc2-b1a2-420e-a2bd-929fee481bc8,98ce2336-06e1-4440-91a0-3f852a221db9,fcf94b88-70c9-44c9-9ee5-7d0fb14c2339,1634109011217,13.4183714,52.4938644,5.971663,-1.5885737,-6.825418,17.258047,on bike mount,cyclo cross,True,sett,intermediate
2a5edcc2-b1a2-420e-a2bd-929fee481bc8,98ce2336-06e1-4440-91a0-3f852a221db9,4a13c0b5-35c0-4c9e-b270-fa0a926c52ad,1634109011284,13.4183714,52.4938644,5.971663,-1.0018218,-3.2913847,10.754316,on bike mount,cyclo cross,True,sett,intermediate
2a5edcc2-b1a2-420e-a2bd-929fee481bc8,98ce2336-06e1-4440-91a0-3f852a221db9,d0aaa0ea-5ea3-4d57-b4d4-3fcb10ca0f34,1634109011351,13.4183714,52.4938644,5.971663,-0.30188787,0.58779716,11.042867,on bike mount,cyclo cross,True,sett,intermediate
2a5edcc2-b1a2-420e-a2bd-929fee481bc8,98ce2336-06e1-4440-91a0-3f852a221db9,ad5d2940-30b4-444b-af17-cd355b83cdc7,1634109011418,13.4183714,52.4938644,5.971663,-0.42234004,1.660306,13.755522,on bike mount,cyclo cross,True,sett,intermediate
2a5edcc2-b1a2-420e-a2bd-929fee481bc8,98ce2336-06e1-4440-91a0-3f852a221db9,27dece6e-d090-4bcb-ba7d-0866d3dfb2c3,1634109011484,13.4183271,52.4938132,6.878592,-0.6366799,-19.21508,11.693561,on bike mount,cyclo cross,True,sett,intermediate
2a5edcc2-b1a2-420e-a2bd-929fee481bc8,98ce2336-06e1-4440-91a0-3f852a221db9,44965656-1c11-4acf-aff6-d63ad0f3c381,1634109011552,13.4183271,52.4938132,6.878592,-3.7806444,1.6302719,-12.716047,on bike mount,cyclo cross,True,sett,intermediate
2a5edcc2-b1a2-420e-a2bd-929fee481bc8,98ce2336-06e1-4440-91a0-3f852a221db9,f57d2a14-2f15-466b-b401-f85c8b824cc3,1634109011618,13.4183271,52.4938132,6.878592,0.5149501,-6.2973533,2.6928844,on bike mount,cyclo cross,True,sett,intermediate
2a5edcc2-b1a2-420e-a2bd-929fee481bc8,98ce2336-06e1-4440-91a0-3f852a221db9,8355183a-5554-463e-88c0-aa3c8c21fe96,1634109011685,13.4183271,52.4938132,6.878592,-0.4566421,3.2531104,-22.995333,on bike mount,cyclo cross,True,sett,intermediate
2a5edcc2-b1a2-420e-a2bd-929fee481bc8,98ce2336-06e1-4440-91a0-3f852a221db9,9903ee2a-48af-4efc-a292-85b86e9e348c,1634109011752,13.4183271,52.4938132,6.878592,-0.49696836,-0.20497751,3.3401966,on bike mount,cyclo cross,True,sett,intermediate
2a5edcc2-b1a2-420e-a2bd-929fee481bc8,98ce2336-06e1-4440-91a0-3f852a221db9,b0893d07-23be-4ca4-93aa-01ce7a92e701,1634109011818,13.4183271,52.4938132,6.878592,-1.9013538,-4.7249455,8.400785,on bike mount,cyclo cross,True,sett,intermediate
2a5edcc2-b1a2-420e-a2bd-929fee481bc8,98ce2336-06e1-4440-91a0-3f852a221db9,86cd9706-a49b-44f4-8ced-6402e50f3a4c,1634109011885,13.4183271,52.4938132,6.878592,5.5290318,8.71326,-3.4512649,on bike mount,cyclo cross,True,sett,intermediate
2a5edcc2-b1a2-420e-a2bd-929fee481bc8,98ce2336-06e1-4440-91a0-3f852a221db9,91f7ff50-6f34-4c91-92ce-ee36ccdc71c8,1634109011952,13.4183271,52.4938132,6.878592,0.39932466,-28.42314,10.365445,on bike mount,cyclo cross,True,sett,intermediate
2a5edcc2-b1a2-420e-a2bd-929fee481bc8,98ce2336-06e1-4440-91a0-3f852a221db9,48911ba9-9bcd-47d7-9b23-63ff28e554c2,1634109012019,13.4183271,52.4938132,6.878592,0.43300503,-7.1682158,-12.525871,on bike mount,cyclo cross,True,sett,intermediate
2a5edcc2-b1a2-420e-a2bd-929fee481bc8,98ce2336-06e1-4440-91a0-3f852a221db9,601bdd7e-194b-4947-a1f4-06e3afdfeca8,1634109012086,13.4183271,52.4938132,6.878592,-0.008537322,-1.3956456,12.931564,on bike mount,cyclo cross,True,sett,intermediate
2a5edcc2-b1a2-420e-a2bd-929fee481bc8,98ce2336-06e1-4440-91a0-3f852a221db9,4c278375-8dd1-4464-8668-42e205e9cdb2,1634109012153,13.4183271,52.4938132,6.878592,2.4353268,-7.132839,15.216755,on bike mount,cyclo cross,True,sett,intermediate
2a5edcc2-b1a2-420e-a2bd-929fee481bc8,98ce2336-06e1-4440-91a0-3f852a221db9,0634432c-ed9f-4c17-a6aa-8c5733acfd33,1634109012219,13.4183271,52.4938132,6.878592,-0.11798072,-12.454042,21.896397,on bike mount,cyclo cross,True,sett,intermediate
2a5edcc2-b1a2-420e-a2bd-929fee481bc8,98ce2336-06e1-4440-91a0-3f852a221db9,45efc63f-1d31-4dd0-9fd7-752b265ded5a,1634109012286,13.4183271,52.4938132,6.878592,-4.389534,-3.0205865,6.4478054,on bike mount,cyclo cross,True,sett,intermediate
2a5edcc2-b1a2-420e-a2bd-929fee481bc8,98ce2336-06e1-4440-91a0-3f852a221db9,a7709062-1efc-4a8f-bdb0-0f2a2089e30b,1634109012354,13.4183271,52.4938132,6.878592,3.9689705,-9.8971405,13.941035,on bike mount,cyclo cross,True,sett,intermediate
2a5edcc2-b1a2-420e-a2bd-929fee481bc8,98ce2336-06e1-4440-91a0-3f852a221db9,5d58556c-94dd-4b18-9518-b83c81f5b5ca,1634109012422,13.4183271,52.4938132,6.878592,-1.7109568,-5.5304365,7.33325,on bike mount,cyclo cross,True,sett,intermediate
2a5edcc2-b1a2-420e-a2bd-929fee481bc8,98ce2336-06e1-4440-91a0-3f852a221db9,b81cd91a-63a1-485c-97b1-53e832c6b760,1634109012486,13.418267,52.4937625,6.126651,-3.1725316,21.356577,-12.205677,on bike mount,cyclo cross,True,sett,intermediate
2a5edcc2-b1a2-420e-a2bd-929fee481bc8,98ce2336-06e1-4440-91a0-3f852a221db9,06b9fb29-796c-42fd-8cf5-06fc4cd6079d,1634109012554,13.418267,52.4937625,6.126651,0.10487151,-25.456995,-5.6220922,on bike mount,cyclo cross,True,sett,intermediate
2a5edcc2-b1a2-420e-a2bd-929fee481bc8,98ce2336-06e1-4440-91a0-3f852a221db9,8c655ac7-9be9-4aa4-bbc1-c7a25c5c9912,1634109012621,13.418267,52.4937625,6.126651,0.21017501,-5.926221,-11.548853,on bike mount,cyclo cross,True,sett,intermediate
2a5edcc2-b1a2-420e-a2bd-929fee481bc8,98ce2336-06e1-4440-91a0-3f852a221db9,ef354939-eaee-4536-8ca5-e73189ad00e9,1634109012688,13.418267,52.4937625,6.126651,0.11596013,-3.5932207,-3.1259866,on bike mount,cyclo cross,True,sett,intermediate
2a5edcc2-b1a2-420e-a2bd-929fee481bc8,98ce2336-06e1-4440-91a0-3f852a221db9,132973d5-2c62-42a8-8378-7c93ae6c0e00,1634109012754,13.418267,52.4937625,6.126651,1.6786385,-3.741048,0.9863348,on bike mount,cyclo cross,True,sett,intermediate
2a5edcc2-b1a2-420e-a2bd-929fee481bc8,98ce2336-06e1-4440-91a0-3f852a221db9,f13e00ca-f91e-44d7-9e3f-e1df6e95062b,1634109012821,13.418267,52.4937625,6.126651,-1.57471,22.327452,6.6335135,on bike mount,cyclo cross,True,sett,intermediate
2a5edcc2-b1a2-420e-a2bd-929fee481bc8,98ce2336-06e1-4440-91a0-3f852a221db9,fd78238e-7ac7-4d02-93d2-112874224d77,1634109012889,13.418267,52.4937625,6.126651,-11.98844,27.106348,-40.090065,on bike mount,cyclo cross,True,sett,intermediate
2a5edcc2-b1a2-420e-a2bd-929fee481bc8,98ce2336-06e1-4440-91a0-3f852a221db9,ed80da24-f833-48ce-8eda-fc0be3f1effe,1634109012955,13.418267,52.4937625,6.126651,1.4761069,-13.628621,-11.131029,on bike mount,cyclo cross,True,sett,intermediate
2a5edcc2-b1a2-420e-a2bd-929fee481bc8,98ce2336-06e1-4440-91a0-3f852a221db9,349871f2-7563-4983-9bcc-e86f83a4a1a8,1634109013022,13.418267,52.4937625,6.126651,0.23728782,-2.6747804,19.189703,on bike mount,cyclo cross,True,sett,intermediate
2a5edcc2-b1a2-420e-a2bd-929fee481bc8,98ce2336-06e1-4440-91a0-3f852a221db9,6b2ac21f-79d5-4b6b-90c5-56b3eccb8599,1634109013089,13.418267,52.4937625,6.126651,4.048188,16.700974,12.272032,on bike mount,cyclo cross,True,sett,intermediate
2a5edcc2-b1a2-420e-a2bd-929fee481bc8,98ce2336-06e1-4440-91a0-3f852a221db9,d0438eec-09a9-42ba-bc4a-284761224934,1634109013156,13.418267,52.4937625,6.126651,1.0314032,1.5450749,-20.181843,on bike mount,cyclo cross,True,sett,intermediate
2a5edcc2-b1a2-420e-a2bd-929fee481bc8,98ce2336-06e1-4440-91a0-3f852a221db9,745ae731-3475-43b4-93d5-b0aed6c5d9df,1634109013221,13.418267,52.4937625,6.126651,-0.67564595,-5.8090134,-1.5969849,on bike mount,cyclo cross,True,sett,intermediate
2a5edcc2-b1a2-420e-a2bd-929fee481bc8,98ce2336-06e1-4440-91a0-3f852a221db9,d97a9a9a-e5f2-4229-9a88-e4535f55dd70,1634109013289,13.418267,52.4937625,6.126651,1.3859508,-10.445828,0.033887863,on bike mount,cyclo cross,True,sett,intermediate
2a5edcc2-b1a2-420e-a2bd-929fee481bc8,98ce2336-06e1-4440-91a0-3f852a221db9,28e9543c-4fb6-429c-8891-745d8a8e55c3,1634109013356,13.418267,52.4937625,6.126651,-6.922161,9.4142275,8.628006,on bike mount,cyclo cross,True,sett,intermediate
2a5edcc2-b1a2-420e-a2bd-929fee481bc8,98ce2336-06e1-4440-91a0-3f852a221db9,77d5d9d4-3ed9-42fc-a997-59a31b7bb45e,1634109013424,13.418267,52.4937625,6.126651,0.63762164,16.689945,-14.564947,on bike mount,cyclo cross,True,sett,intermediate
2a5edcc2-b1a2-420e-a2bd-929fee481bc8,98ce2336-06e1-4440-91a0-3f852a221db9,aa611802-d814-4ab1-af60-0becbd1fe954,1634109013488,13.4182195,52.4937112,6.065427,-0.5130639,-9.714006,17.578714,on bike mount,cyclo cross,True,sett,intermediate
2a5edcc2-b1a2-420e-a2bd-929fee481bc8,98ce2336-06e1-4440-91a0-3f852a221db9,0f24fcf9-d4c2-4418-8841-e2026e7edf78,1634109013557,13.4182195,52.4937112,6.065427,2.0137696,12.0170765,-4.562666,on bike mount,cyclo cross,True,sett,intermediate
2a5edcc2-b1a2-420e-a2bd-929fee481bc8,98ce2336-06e1-4440-91a0-3f852a221db9,4ee67b6d-a0a1-4df9-9bd2-44c3fba2d0ec,1634109013623,13.4182195,52.4937112,6.065427,3.6470678,-9.250093,-23.92436,on bike mount,cyclo cross,True,sett,intermediate
2a5edcc2-b1a2-420e-a2bd-929fee481bc8,98ce2336-06e1-4440-91a0-3f852a221db9,2af4bcc4-877d-416c-ad44-db66e84e0952,1634109013690,13.4182195,52.4937112,6.065427,-3.7838602,-15.762465,-0.6905551,on bike mount,cyclo cross,True,sett,intermediate
2a5edcc2-b1a2-420e-a2bd-929fee481bc8,98ce2336-06e1-4440-91a0-3f852a221db9,0ee68250-9e1a-4d09-9a50-8eaa7c8d900e,1634109013758,13.4182195,52.4937112,6.065427,-11.209635,43.368618,2.5564442,on bike mount,cyclo cross,True,sett,intermediate
2a5edcc2-b1a2-420e-a2bd-929fee481bc8,98ce2336-06e1-4440-91a0-3f852a221db9,ccf64e94-9dd0-44e2-88ff-db9f04dc5c4e,1634109013823,13.4182195,52.4937112,6.065427,5.335898,5.083846,-6.4765177,on bike mount,cyclo cross,True,sett,intermediate
2a5edcc2-b1a2-420e-a2bd-929fee481bc8,98ce2336-06e1-4440-91a0-3f852a221db9,f0122fdd-e97e-4723-bda6-f3d0907291f9,1634109013891,13.4182195,52.4937112,6.065427,-2.9748597,-12.297493,-2.3710938,on bike mount,cyclo cross,True,sett,intermediate
2a5edcc2-b1a2-420e-a2bd-929fee481bc8,98ce2336-06e1-4440-91a0-3f852a221db9,bb457a8e-04a9-4dc3-b7da-9017737d375c,1634109013958,13.4182195,52.4937112,6.065427,1.2026907,-6.1724014,-9.99769,on bike mount,cyclo cross,True,sett,intermediate
2a5edcc2-b1a2-420e-a2bd-929fee481bc8,98ce2336-06e1-4440-91a0-3f852a221db9,8f01882d-6f34-4ba9-b605-14fc61274080,1634109014024,13.4182195,52.4937112,6.065427,-2.1058471,6.4982867,9.103069,on bike mount,cyclo cross,True,sett,intermediate
2a5edcc2-b1a2-420e-a2bd-929fee481bc8,98ce2336-06e1-4440-91a0-3f852a221db9,18e579e7-4dc1-4cd7-b90c-86084b0e33c0,1634109014091,13.4182195,52.4937112,6.065427,5.6875896,-10.621176,4.905143,on bike mount,cyclo cross,True,sett,intermediate
2a5edcc2-b1a2-420e-a2bd-929fee481bc8,98ce2336-06e1-4440-91a0-3f852a221db9,80831c9b-9f86-47b0-846d-2812594ced87,1634109014158,13.4182195,52.4937112,6.065427,-4.606074,-2.8679633,-14.179634,on bike mount,cyclo cross,True,sett,intermediate
2a5edcc2-b1a2-420e-a2bd-929fee481bc8,98ce2336-06e1-4440-91a0-3f852a221db9,ec363d07-a86d-4797-bedf-d37f30c82397,1634109014224,13.4182195,52.4937112,6.065427,2.7077284,-8.82812,2.736681,on bike mount,cyclo cross,True,sett,intermediate
2a5edcc2-b1a2-420e-a2bd-929fee481bc8,98ce2336-06e1-4440-91a0-3f852a221db9,63bae6f0-3fea-415a-8c04-ff6f2fe53746,1634109014291,13.4182195,52.4937112,6.065427,-3.3626108,1.0288854,2.7932587,on bike mount,cyclo cross,True,sett,intermediate
2a5edcc2-b1a2-420e-a2bd-929fee481bc8,98ce2336-06e1-4440-91a0-3f852a221db9,1e5f7a31-e096-4788-ac01-9424d6bf8689,1634109014359,13.4182195,52.4937112,6.065427,-0.9470826,-22.780464,22.490562,on bike mount,cyclo cross,True,sett,intermediate
2a5edcc2-b1a2-420e-a2bd-929fee481bc8,98ce2336-06e1-4440-91a0-3f852a221db9,c37530be-c35a-452b-8afc-8b7dcd3971cb,1634109014425,13.4182195,52.4937112,6.065427,-2.6831033,-0.32693958,4.9540777,on bike mount,cyclo cross,True,sett,intermediate
2a5edcc2-b1a2-420e-a2bd-929fee481bc8,98ce2336-06e1-4440-91a0-3f852a221db9,d8d1a7b7-37fe-4224-ad23-a70aeb69baee,1634109014491,13.4181813,52.4936599,5.966427,-4.970624,-12.136917,-7.1903057,on bike mount,cyclo cross,True,sett,intermediate
2a5edcc2-b1a2-420e-a2bd-929fee481bc8,98ce2336-06e1-4440-91a0-3f852a221db9,99bc72f8-473a-408f-a15a-961e2634cc6e,1634109014559,13.4181813,52.4936599,5.966427,0.6345266,-4.892879,7.82382,on bike mount,cyclo cross,True,sett,intermediate
2a5edcc2-b1a2-420e-a2bd-929fee481bc8,98ce2336-06e1-4440-91a0-3f852a221db9,13e8cb75-28bf-4a90-9f28-c46138f5aaeb,1634109014626,13.4181813,52.4936599,5.966427,12.482124,-3.3124928,12.436772,on bike mount,cyclo cross,True,sett,intermediate
2a5edcc2-b1a2-420e-a2bd-929fee481bc8,98ce2336-06e1-4440-91a0-3f852a221db9,c8141e7c-9701-4633-bbe5-2d185a050be5,1634109014693,13.4181813,52.4936599,5.966427,-1.4433901,13.125427,-10.268679,on bike mount,cyclo cross,True,sett,intermediate
2a5edcc2-b1a2-420e-a2bd-929fee481bc8,98ce2336-06e1-4440-91a0-3f852a221db9,ef0ff99a-5807-40b4-b16e-052ab89afbe8,1634109014760,13.4181813,52.4936599,5.966427,1.9362531,-5.492683,-0.6588874,on bike mount,cyclo cross,True,sett,intermediate
2a5edcc2-b1a2-420e-a2bd-929fee481bc8,98ce2336-06e1-4440-91a0-3f852a221db9,a84a9e3c-a955-40cb-b7b3-99d5ea0e7bc1,1634109014826,13.4181813,52.4936599,5.966427,-2.306807,0.9920559,-4.578287,on bike mount,cyclo cross,True,sett,intermediate
2a5edcc2-b1a2-420e-a2bd-929fee481bc8,98ce2336-06e1-4440-91a0-3f852a221db9,0499d1f3-2dfc-4ce3-9916-230a8f82f936,1634109014893,13.4181813,52.4936599,5.966427,0.7713679,22.499874,-12.418747,on bike mount,cyclo cross,True,sett,intermediate
2a5edcc2-b1a2-420e-a2bd-929fee481bc8,98ce2336-06e1-4440-91a0-3f852a221db9,309729b4-34b5-4e10-be8a-86a6e6e2d33c,1634109014960,13.4181813,52.4936599,5.966427,-4.4264865,-8.405294,24.96813,on bike mount,cyclo cross,True,sett,intermediate
2a5edcc2-b1a2-420e-a2bd-929fee481bc8,98ce2336-06e1-4440-91a0-3f852a221db9,6070a6a0-bf10-4be2-9707-521bc9a3b158,1634109015027,13.4181813,52.4936599,5.966427,-0.12805134,22.893261,19.673265,on bike mount,cyclo cross,True,sett,intermediate
2a5edcc2-b1a2-420e-a2bd-929fee481bc8,98ce2336-06e1-4440-91a0-3f852a221db9,d44d8508-3fdb-40e9-a867-14803eb99ab9,1634109015094,13.4181813,52.4936599,5.966427,1.172484,-17.433,12.361511,on bike mount,cyclo cross,True,sett,intermediate
2a5edcc2-b1a2-420e-a2bd-929fee481bc8,98ce2336-06e1-4440-91a0-3f852a221db9,ed240e1f-74d0-4ae3-8d46-4c53e86c052f,1634109015160,13.4181813,52.4936599,5.966427,0.86100423,-7.831672,2.1284637,on bike mount,cyclo cross,True,sett,intermediate
2a5edcc2-b1a2-420e-a2bd-929fee481bc8,98ce2336-06e1-4440-91a0-3f852a221db9,4e8966cb-d670-4d60-95aa-ab4566947116,1634109015229,13.4181813,52.4936599,5.966427,-2.3071542,4.470434,-23.069056,on bike mount,cyclo cross,True,sett,intermediate
2a5edcc2-b1a2-420e-a2bd-929fee481bc8,98ce2336-06e1-4440-91a0-3f852a221db9,d6a5f258-7aa3-40b6-843e-67294e1563ce,1634109015292,13.4181813,52.4936599,5.966427,-4.614745,-47.142235,27.747822,on bike mount,cyclo cross,True,sett,intermediate
2a5edcc2-b1a2-420e-a2bd-929fee481bc8,98ce2336-06e1-4440-91a0-3f852a221db9,489f4a26-494e-4a58-b3cf-c285c50cebd2,1634109015360,13.4181813,52.4936599,5.966427,2.641118,31.395432,-22.97817,on bike mount,cyclo cross,True,sett,intermediate
2a5edcc2-b1a2-420e-a2bd-929fee481bc8,98ce2336-06e1-4440-91a0-3f852a221db9,b686d991-1bd2-4220-ac9a-7a351abf8a54,1634109015428,13.4181813,52.4936599,5.966427,-3.7031808,-31.26158,-4.7856865,on bike mount,cyclo cross,True,sett,intermediate
2a5edcc2-b1a2-420e-a2bd-929fee481bc8,98ce2336-06e1-4440-91a0-3f852a221db9,adcc28bd-fc95-46a1-af7d-a8323a30c38e,1634109015494,13.4181459,52.4936064,5.9333034,-6.31137,6.24343,11.445465,on bike mount,cyclo cross,True,sett,intermediate
2a5edcc2-b1a2-420e-a2bd-929fee481bc8,98ce2336-06e1-4440-91a0-3f852a221db9,5b1e1728-c096-4b26-844d-4b05cc773a39,1634109015561,13.4181459,52.4936064,5.9333034,-25.253168,35.621113,-52.968884,on bike mount,cyclo cross,True,sett,intermediate
2a5edcc2-b1a2-420e-a2bd-929fee481bc8,98ce2336-06e1-4440-91a0-3f852a221db9,bba182f4-cc12-43d7-b188-031003f0764c,1634109015628,13.4181459,52.4936064,5.9333034,25.339134,-30.501831,34.791695,on bike mount,cyclo cross,True,sett,intermediate
2a5edcc2-b1a2-420e-a2bd-929fee481bc8,98ce2336-06e1-4440-91a0-3f852a221db9,75f3bb9b-4094-4578-a3ef-afb0854ddd5c,1634109015695,13.4181459,52.4936064,5.9333034,-7.196457,24.829744,-23.820763,on bike mount,cyclo cross,True,sett,intermediate
2a5edcc2-b1a2-420e-a2bd-929fee481bc8,98ce2336-06e1-4440-91a0-3f852a221db9,5f10e7e8-cf98-4397-99cd-373f8335f067,1634109015762,13.4181459,52.4936064,5.9333034,3.1527607,0.92031,42.797886,on bike mount,cyclo cross,True,sett,intermediate
2a5edcc2-b1a2-420e-a2bd-929fee481bc8,98ce2336-06e1-4440-91a0-3f852a221db9,d1f20cdf-30d3-490e-bfbd-0c612db3953f,1634109015828,13.4181459,52.4936064,5.9333034,14.50489,-20.776142,12.04544,on bike mount,cyclo cross,True,sett,intermediate
2a5edcc2-b1a2-420e-a2bd-929fee481bc8,98ce2336-06e1-4440-91a0-3f852a221db9,89edbe6d-c04b-46ea-921f-2e396e0f57d9,1634109015896,13.4181459,52.4936064,5.9333034,-18.151287,21.470097,-16.573322,on bike mount,cyclo cross,True,sett,intermediate
2a5edcc2-b1a2-420e-a2bd-929fee481bc8,98ce2336-06e1-4440-91a0-3f852a221db9,5889631a-af5d-4185-9709-5d57d5e05584,1634109015962,13.4181459,52.4936064,5.9333034,-1.470137,-13.426833,11.737174,on bike mount,cyclo cross,True,sett,intermediate
2a5edcc2-b1a2-420e-a2bd-929fee481bc8,98ce2336-06e1-4440-91a0-3f852a221db9,3ed38995-427c-4810-bab8-15f8f59cba90,1634109016029,13.4181459,52.4936064,5.9333034,-12.695226,9.966869,-25.465958,on bike mount,cyclo cross,True,sett,intermediate
2a5edcc2-b1a2-420e-a2bd-929fee481bc8,98ce2336-06e1-4440-91a0-3f852a221db9,24a42631-e7c3-4263-bcb5-34bf444bba7f,1634109016096,13.4181459,52.4936064,5.9333034,15.754515,-47.36785,6.6663055,on bike mount,cyclo cross,True,sett,intermediate
2a5edcc2-b1a2-420e-a2bd-929fee481bc8,98ce2336-06e1-4440-91a0-3f852a221db9,6802b377-a9e5-4d72-a738-28341872fe9f,1634109016163,13.4181459,52.4936064,5.9333034,-7.0150576,6.9459667,-0.19231415,on bike mount,cyclo cross,True,sett,intermediate
2a5edcc2-b1a2-420e-a2bd-929fee481bc8,98ce2336-06e1-4440-91a0-3f852a221db9,433279a1-1deb-4a02-ba60-67e048739a35,1634109016230,13.4181459,52.4936064,5.9333034,-9.59696,12.60531,7.1146383,on bike mount,cyclo cross,True,sett,intermediate
2a5edcc2-b1a2-420e-a2bd-929fee481bc8,98ce2336-06e1-4440-91a0-3f852a221db9,3580a0fd-f380-4f6d-a6d8-9b0143bbc5fa,1634109016298,13.4181459,52.4936064,5.9333034,2.404423,-13.010646,20.804527,on bike mount,cyclo cross,True,sett,intermediate
2a5edcc2-b1a2-420e-a2bd-929fee481bc8,98ce2336-06e1-4440-91a0-3f852a221db9,58a400fb-cf3e-43b9-b5c9-803911d84afc,1634109016363,13.4181459,52.4936064,5.9333034,-17.483673,9.987167,8.406123,on bike mount,cyclo cross,True,sett,intermediate
2a5edcc2-b1a2-420e-a2bd-929fee481bc8,98ce2336-06e1-4440-91a0-3f852a221db9,1565b207-5746-411d-af66-061a0fb91032,1634109016429,13.4181459,52.4936064,5.9333034,-16.157742,10.562141,-4.840467,on bike mount,cyclo cross,True,sett,intermediate
2a5edcc2-b1a2-420e-a2bd-929fee481bc8,98ce2336-06e1-4440-91a0-3f852a221db9,3c94f95d-e8d1-4ff1-971a-b3c960493878,1634109016496,13.4181086,52.4935539,5.8322043,6.475832,-3.9681954,3.9344368,on bike mount,cyclo cross,True,sett,intermediate
2a5edcc2-b1a2-420e-a2bd-929fee481bc8,98ce2336-06e1-4440-91a0-3f852a221db9,9fc7ba6a-86b0-4898-979e-7744cf406763,1634109016564,13.4181086,52.4935539,5.8322043,-6.573233,12.616432,16.47913,on bike mount,cyclo cross,True,sett,intermediate
2a5edcc2-b1a2-420e-a2bd-929fee481bc8,98ce2336-06e1-4440-91a0-3f852a221db9,9905a5fb-73e6-498f-bdb2-97f61076dd5c,1634109016631,13.4181086,52.4935539,5.8322043,11.87726,-35.46827,18.537643,on bike mount,cyclo cross,True,sett,intermediate
2a5edcc2-b1a2-420e-a2bd-929fee481bc8,98ce2336-06e1-4440-91a0-3f852a221db9,ebee113b-e807-4017-8074-56321824b77d,1634109016698,13.4181086,52.4935539,5.8322043,0.7072752,0.31976604,6.746931,on bike mount,cyclo cross,True,sett,intermediate
2a5edcc2-b1a2-420e-a2bd-929fee481bc8,98ce2336-06e1-4440-91a0-3f852a221db9,58181714-9aed-4ed6-8b79-cb20941bc105,1634109016764,13.4181086,52.4935539,5.8322043,-8.430495,-28.321861,11.275814,on bike mount,cyclo cross,True,sett,intermediate
2a5edcc2-b1a2-420e-a2bd-929fee481bc8,98ce2336-06e1-4440-91a0-3f852a221db9,c7103efe-0165-4f4b-a524-b5ed3931f688,1634109016831,13.4181086,52.4935539,5.8322043,-4.3829637,32.69452,-5.1292105,on bike mount,cyclo cross,True,sett,intermediate
2a5edcc2-b1a2-420e-a2bd-929fee481bc8,98ce2336-06e1-4440-91a0-3f852a221db9,9534d7b0-ff94-409b-9ffb-6ca8e3cdcc33,1634109016899,13.4181086,52.4935539,5.8322043,-10.157011,-5.5979795,-13.018534,on bike mount,cyclo cross,True,sett,intermediate
2a5edcc2-b1a2-420e-a2bd-929fee481bc8,98ce2336-06e1-4440-91a0-3f852a221db9,2be2884b-4cb1-40da-abff-00b487154b06,1634109016965,13.4181086,52.4935539,5.8322043,-7.8539352,14.289141,22.295399,on bike mount,cyclo cross,True,sett,intermediate
2a5edcc2-b1a2-420e-a2bd-929fee481bc8,98ce2336-06e1-4440-91a0-3f852a221db9,7ca7d4c6-ff93-49ee-9d61-0d6d35df6f04,1634109017032,13.4181086,52.4935539,5.8322043,-2.4625187,6.2294436,-29.679663,on bike mount,cyclo cross,True,sett,intermediate
2a5edcc2-b1a2-420e-a2bd-929fee481bc8,98ce2336-06e1-4440-91a0-3f852a221db9,1696b7b6-4032-40fd-b2b7-628f08eba0c1,1634109017098,13.4181086,52.4935539,5.8322043,7.252961,-34.01862,28.118221,on bike mount,cyclo cross,True,sett,intermediate
2a5edcc2-b1a2-420e-a2bd-929fee481bc8,98ce2336-06e1-4440-91a0-3f852a221db9,e0e6d694-6671-4ab4-9166-2b8aefd687ab,1634109017166,13.4181086,52.4935539,5.8322043,8.834393,17.390375,-1.3281608,on bike mount,cyclo cross,True,sett,intermediate
2a5edcc2-b1a2-420e-a2bd-929fee481bc8,98ce2336-06e1-4440-91a0-3f852a221db9,5c1a36e1-19f8-400c-bf14-1bbf0406f342,1634109017232,13.4181086,52.4935539,5.8322043,1.9834653,-4.4010468,-12.097122,on bike mount,cyclo cross,True,sett,intermediate
2a5edcc2-b1a2-420e-a2bd-929fee481bc8,98ce2336-06e1-4440-91a0-3f852a221db9,7ed177c9-6542-4ac4-9d59-9385bdaf3d9c,1634109017299,13.4181086,52.4935539,5.8322043,-18.098837,-3.7056801,22.265131,on bike mount,cyclo cross,True,sett,intermediate
2a5edcc2-b1a2-420e-a2bd-929fee481bc8,98ce2336-06e1-4440-91a0-3f852a221db9,bdd50acf-dc23-40dc-89e4-12946dbf2e97,1634109017366,13.4181086,52.4935539,5.8322043,-5.4889293,18.450401,-15.050269,on bike mount,cyclo cross,True,sett,intermediate
2a5edcc2-b1a2-420e-a2bd-929fee481bc8,98ce2336-06e1-4440-91a0-3f852a221db9,ae886bcb-065d-4226-9825-40bd9319e2db,1634109017434,13.4181086,52.4935539,5.8322043,-4.9315815,-18.584702,3.364686,on bike mount,cyclo cross,True,sett,intermediate
2a5edcc2-b1a2-420e-a2bd-929fee481bc8,98ce2336-06e1-4440-91a0-3f852a221db9,985887c4-0d02-4e29-8fe2-b15281c7fbcb,1634109017497,13.4180769,52.493501,5.809944,-1.8565068,8.37237,-11.859866,on bike mount,cyclo cross,True,sett,intermediate
2a5edcc2-b1a2-420e-a2bd-929fee481bc8,98ce2336-06e1-4440-91a0-3f852a221db9,35846edb-99db-4fee-8562-1afe3104c02e,1634109017564,13.4180769,52.493501,5.809944,-4.7932324,-4.6343427,-6.936487,on bike mount,cyclo cross,True,sett,intermediate
2a5edcc2-b1a2-420e-a2bd-929fee481bc8,98ce2336-06e1-4440-91a0-3f852a221db9,6b378e9e-fbce-44f8-bc8e-badf9446ccef,1634109017631,13.4180769,52.493501,5.809944,1.9103601,2.9181042,-6.5312614,on bike mount,cyclo cross,True,sett,intermediate
2a5edcc2-b1a2-420e-a2bd-929fee481bc8,98ce2336-06e1-4440-91a0-3f852a221db9,cbbc559b-4d28-4750-8456-4af3da44e032,1634109017698,13.4180769,52.493501,5.809944,6.019616,-0.34173393,6.317438,on bike mount,cyclo cross,True,sett,intermediate
2a5edcc2-b1a2-420e-a2bd-929fee481bc8,98ce2336-06e1-4440-91a0-3f852a221db9,aac1bccc-88bf-4c67-ae0e-a9d9ecf270d5,1634109017765,13.4180769,52.493501,5.809944,0.05071777,3.9155474,20.67569,on bike mount,cyclo cross,True,sett,intermediate
2a5edcc2-b1a2-420e-a2bd-929fee481bc8,98ce2336-06e1-4440-91a0-3f852a221db9,7d8f7b2f-5a2c-40d6-ae05-f577b3ccdff5,1634109017831,13.4180769,52.493501,5.809944,0.3095765,7.568269,-13.479784,on bike mount,cyclo cross,True,sett,intermediate
2a5edcc2-b1a2-420e-a2bd-929fee481bc8,98ce2336-06e1-4440-91a0-3f852a221db9,b7f80942-079c-403a-b83d-c62a884c5fe9,1634109017899,13.4180769,52.493501,5.809944,-0.7267851,-9.049308,29.346756,on bike mount,cyclo cross,True,sett,intermediate
2a5edcc2-b1a2-420e-a2bd-929fee481bc8,98ce2336-06e1-4440-91a0-3f852a221db9,dd90f2ce-11f1-47bd-b8b7-6e51072b35fc,1634109017965,13.4180769,52.493501,5.809944,-2.167761,8.067394,0.5775471,on bike mount,cyclo cross,True,sett,intermediate
2a5edcc2-b1a2-420e-a2bd-929fee481bc8,98ce2336-06e1-4440-91a0-3f852a221db9,e459a160-2c21-421b-83fc-241380332332,1634109018032,13.4180769,52.493501,5.809944,-0.72975826,-8.16397,21.165476,on bike mount,cyclo cross,True,sett,intermediate
2a5edcc2-b1a2-420e-a2bd-929fee481bc8,98ce2336-06e1-4440-91a0-3f852a221db9,e0e23ce3-bfa1-48d0-aafa-380dd28a2167,1634109018099,13.4180769,52.493501,5.809944,-0.63617325,-6.4176683,5.023999,on bike mount,cyclo cross,True,sett,intermediate
2a5edcc2-b1a2-420e-a2bd-929fee481bc8,98ce2336-06e1-4440-91a0-3f852a221db9,fe556df7-1543-4cf4-9013-7cd10cd5602d,1634109018166,13.4180769,52.493501,5.809944,0.22389108,4.25563,12.252932,on bike mount,cyclo cross,True,sett,intermediate
2a5edcc2-b1a2-420e-a2bd-929fee481bc8,98ce2336-06e1-4440-91a0-3f852a221db9,636e56e5-c275-4c53-86fc-87522bd3dbbe,1634109018233,13.4180769,52.493501,5.809944,2.7414894,-6.108002,10.499511,on bike mount,cyclo cross,True,sett,intermediate
2a5edcc2-b1a2-420e-a2bd-929fee481bc8,98ce2336-06e1-4440-91a0-3f852a221db9,74f87db7-afe3-47b4-a909-5c51c04cb536,1634109018299,13.4180769,52.493501,5.809944,0.66308594,9.961454,-3.602722,on bike mount,cyclo cross,True,sett,intermediate
2a5edcc2-b1a2-420e-a2bd-929fee481bc8,98ce2336-06e1-4440-91a0-3f852a221db9,04ad67db-0eb7-486c-bed8-09579a169545,1634109018366,13.4180769,52.493501,5.809944,-0.972216,-4.9653316,8.530251,on bike mount,cyclo cross,True,sett,intermediate
2a5edcc2-b1a2-420e-a2bd-929fee481bc8,98ce2336-06e1-4440-91a0-3f852a221db9,7e55f613-51c3-41b5-ae89-09571118fe8d,1634109018433,13.4180769,52.493501,5.809944,8.045745,-2.5626354,9.566783,on bike mount,cyclo cross,True,sett,intermediate
2a5edcc2-b1a2-420e-a2bd-929fee481bc8,98ce2336-06e1-4440-91a0-3f852a221db9,62743b56-ebde-4476-b1ce-512d353298e4,1634109018499,13.41803,52.4934484,6.7036266,-1.4073656,-4.81435,7.2602596,on bike mount,cyclo cross,True,sett,intermediate
2a5edcc2-b1a2-420e-a2bd-929fee481bc8,98ce2336-06e1-4440-91a0-3f852a221db9,4bef1d86-8519-4cdf-8db4-435cb1c8fa4f,1634109018568,13.41803,52.4934484,6.7036266,0.498195,-10.389633,-2.6841116,on bike mount,cyclo cross,True,sett,intermediate
2a5edcc2-b1a2-420e-a2bd-929fee481bc8,98ce2336-06e1-4440-91a0-3f852a221db9,2576081b-abb8-4adb-af27-e045c5ffe00e,1634109018637,13.41803,52.4934484,6.7036266,0.98168015,5.409006,-6.1319265,on bike mount,cyclo cross,True,sett,intermediate
2a5edcc2-b1a2-420e-a2bd-929fee481bc8,98ce2336-06e1-4440-91a0-3f852a221db9,52209b89-4ef2-43f0-9f3b-c03cb94e8316,1634109018703,13.41803,52.4934484,6.7036266,0.99423015,9.213153,9.743381,on bike mount,cyclo cross,True,sett,intermediate
2a5edcc2-b1a2-420e-a2bd-929fee481bc8,98ce2336-06e1-4440-91a0-3f852a221db9,5b05029e-b73e-4062-b65d-324ce1e84565,1634109018770,13.41803,52.4934484,6.7036266,3.537881,2.217843,12.297098,on bike mount,cyclo cross,True,sett,intermediate
2a5edcc2-b1a2-420e-a2bd-929fee481bc8,98ce2336-06e1-4440-91a0-3f852a221db9,60ccc17c-b5bb-432b-b05a-b0cb3ceaf0c8,1634109018837,13.41803,52.4934484,6.7036266,1.1653816,11.535564,-14.380886,on bike mount,cyclo cross,True,sett,intermediate
2a5edcc2-b1a2-420e-a2bd-929fee481bc8,98ce2336-06e1-4440-91a0-3f852a221db9,87fb6e4c-17e2-440a-ad8c-56145c30fb99,1634109018903,13.41803,52.4934484,6.7036266,2.1883655,-16.314873,-3.9775355,on bike mount,cyclo cross,True,sett,intermediate
2a5edcc2-b1a2-420e-a2bd-929fee481bc8,98ce2336-06e1-4440-91a0-3f852a221db9,00adff05-a7bf-4689-852a-72764abcfcfb,1634109018970,13.41803,52.4934484,6.7036266,-3.922871,-2.5715415,1.4998903,on bike mount,cyclo cross,True,sett,intermediate
2a5edcc2-b1a2-420e-a2bd-929fee481bc8,98ce2336-06e1-4440-91a0-3f852a221db9,ba860c83-d0a1-498e-9187-fb60f8987d9e,1634109019036,13.41803,52.4934484,6.7036266,0.8856735,8.032072,11.886908,on bike mount,cyclo cross,True,sett,intermediate
2a5edcc2-b1a2-420e-a2bd-929fee481bc8,98ce2336-06e1-4440-91a0-3f852a221db9,f72b4877-3460-4f7f-b404-1e630f5c54f3,1634109019104,13.41803,52.4934484,6.7036266,-0.039949864,-11.119476,8.92588,on bike mount,cyclo cross,True,sett,intermediate
2a5edcc2-b1a2-420e-a2bd-929fee481bc8,98ce2336-06e1-4440-91a0-3f852a221db9,dd3d4822-c296-43e9-9779-d15bd74f8b63,1634109019170,13.41803,52.4934484,6.7036266,1.469734,9.680317,-21.487082,on bike mount,cyclo cross,True,sett,intermediate
2a5edcc2-b1a2-420e-a2bd-929fee481bc8,98ce2336-06e1-4440-91a0-3f852a221db9,c1882f49-6b06-48c3-8eb7-63e99f63d488,1634109019238,13.41803,52.4934484,6.7036266,-0.5858561,-20.743484,10.366175,on bike mount,cyclo cross,True,sett,intermediate
2a5edcc2-b1a2-420e-a2bd-929fee481bc8,98ce2336-06e1-4440-91a0-3f852a221db9,743ed161-d6ed-46a9-83d2-ab3a32e52bbe,1634109019304,13.41803,52.4934484,6.7036266,-0.37040508,11.576103,-10.900819,on bike mount,cyclo cross,True,sett,intermediate
2a5edcc2-b1a2-420e-a2bd-929fee481bc8,98ce2336-06e1-4440-91a0-3f852a221db9,35791fa0-76e5-41f6-96fb-b481821e6a3e,1634109019371,13.41803,52.4934484,6.7036266,-0.14980981,11.00473,8.527017,on bike mount,cyclo cross,True,sett,intermediate
2a5edcc2-b1a2-420e-a2bd-929fee481bc8,98ce2336-06e1-4440-91a0-3f852a221db9,be072069-623a-417e-b7ec-42bb857ba1f2,1634109019438,13.41803,52.4934484,6.7036266,-2.5442984,-3.292246,5.647854,on bike mount,cyclo cross,True,sett,intermediate
2a5edcc2-b1a2-420e-a2bd-929fee481bc8,98ce2336-06e1-4440-91a0-3f852a221db9,b9b91761-5af7-43d6-8824-3d5b718e45bc,1634109019504,13.4179806,52.4933956,6.365579,2.333339,20.031273,-18.367844,on bike mount,cyclo cross,True,sett,intermediate
2a5edcc2-b1a2-420e-a2bd-929fee481bc8,98ce2336-06e1-4440-91a0-3f852a221db9,76c73347-854e-4bdb-9c32-1c0365832549,1634109019572,13.4179806,52.4933956,6.365579,-2.493666,-7.467837,7.8737917,on bike mount,cyclo cross,True,sett,intermediate
2a5edcc2-b1a2-420e-a2bd-929fee481bc8,98ce2336-06e1-4440-91a0-3f852a221db9,91bc3226-0e6a-4e3a-856f-04e7261e4003,1634109019638,13.4179806,52.4933956,6.365579,0.34233293,7.2728686,5.9553747,on bike mount,cyclo cross,True,sett,intermediate
2a5edcc2-b1a2-420e-a2bd-929fee481bc8,98ce2336-06e1-4440-91a0-3f852a221db9,fef72637-322e-430c-9bed-3c0f9c82ca6d,1634109019705,13.4179806,52.4933956,6.365579,-2.4524915,-4.594194,16.451836,on bike mount,cyclo cross,True,sett,intermediate
2a5edcc2-b1a2-420e-a2bd-929fee481bc8,98ce2336-06e1-4440-91a0-3f852a221db9,7c8accff-f2df-4e78-b080-309fb1339041,1634109019772,13.4179806,52.4933956,6.365579,-0.124180004,-19.444355,9.603948,on bike mount,cyclo cross,True,sett,intermediate
2a5edcc2-b1a2-420e-a2bd-929fee481bc8,98ce2336-06e1-4440-91a0-3f852a221db9,6dd2b8f5-b62d-4f40-981a-06862138aa7f,1634109019839,13.4179806,52.4933956,6.365579,-0.66456586,10.112862,-10.622276,on bike mount,cyclo cross,True,sett,intermediate
2a5edcc2-b1a2-420e-a2bd-929fee481bc8,98ce2336-06e1-4440-91a0-3f852a221db9,94d0939f-f288-4dc4-b5a5-a8562e20559f,1634109019906,13.4179806,52.4933956,6.365579,0.7881434,-9.679298,6.0928144,on bike mount,cyclo cross,True,sett,intermediate
2a5edcc2-b1a2-420e-a2bd-929fee481bc8,98ce2336-06e1-4440-91a0-3f852a221db9,efaf365a-7147-4621-89ef-242b6cfa0d65,1634109019973,13.4179806,52.4933956,6.365579,1.0856506,-7.1003504,18.540257,on bike mount,cyclo cross,True,sett,intermediate
2a5edcc2-b1a2-420e-a2bd-929fee481bc8,98ce2336-06e1-4440-91a0-3f852a221db9,2735f9a5-d487-4b65-a1aa-0c6e3981aa7f,1634109020040,13.4179806,52.4933956,6.365579,0.039435387,18.737024,-14.561296,on bike mount,cyclo cross,True,sett,intermediate
2a5edcc2-b1a2-420e-a2bd-929fee481bc8,98ce2336-06e1-4440-91a0-3f852a221db9,01306570-ae00-4a06-a484-5cd648896353,1634109020106,13.4179806,52.4933956,6.365579,0.105493754,-10.730673,10.593555,on bike mount,cyclo cross,True,sett,intermediate
2a5edcc2-b1a2-420e-a2bd-929fee481bc8,98ce2336-06e1-4440-91a0-3f852a221db9,2008027e-b0cc-449e-bec0-3d6ebb1ae06b,1634109020173,13.4179806,52.4933956,6.365579,1.3777641,11.227364,0.007221222,on bike mount,cyclo cross,True,sett,intermediate
2a5edcc2-b1a2-420e-a2bd-929fee481bc8,98ce2336-06e1-4440-91a0-3f852a221db9,138fdc91-9f6d-4b61-948a-ca36612014f8,1634109020240,13.4179806,52.4933956,6.365579,-1.269037,-0.90087485,6.9080725,on bike mount,cyclo cross,True,sett,intermediate
2a5edcc2-b1a2-420e-a2bd-929fee481bc8,98ce2336-06e1-4440-91a0-3f852a221db9,80e2995f-c5e2-42b3-be98-ebcb7a1844d2,1634109020307,13.4179806,52.4933956,6.365579,-0.40011287,-24.749416,-0.024665833,on bike mount,cyclo cross,True,sett,intermediate
2a5edcc2-b1a2-420e-a2bd-929fee481bc8,98ce2336-06e1-4440-91a0-3f852a221db9,407d65e7-70e2-492c-af29-a9208bc27de1,1634109020374,13.4179806,52.4933956,6.365579,0.0017434359,-3.116479,-4.958517,on bike mount,cyclo cross,True,sett,intermediate
2a5edcc2-b1a2-420e-a2bd-929fee481bc8,98ce2336-06e1-4440-91a0-3f852a221db9,4b3fcbb4-f1b6-4fe7-a376-89c72e73c519,1634109020440,13.4179806,52.4933956,6.365579,4.2633615,-30.005033,3.6138096,on bike mount,cyclo cross,True,sett,intermediate
2a5edcc2-b1a2-420e-a2bd-929fee481bc8,98ce2336-06e1-4440-91a0-3f852a221db9,a58fd075-7933-4180-a1d7-f45831cb6224,1634109020507,13.4179409,52.4933464,5.569864,0.5298867,-1.8351464,7.594287,on bike mount,cyclo cross,True,sett,intermediate
2a5edcc2-b1a2-420e-a2bd-929fee481bc8,98ce2336-06e1-4440-91a0-3f852a221db9,31b33982-10c2-47e0-98f9-9d82b1dcf2a2,1634109020575,13.4179409,52.4933464,5.569864,1.0523182,1.6206927,-8.522948,on bike mount,cyclo cross,True,sett,intermediate
2a5edcc2-b1a2-420e-a2bd-929fee481bc8,98ce2336-06e1-4440-91a0-3f852a221db9,5e0d3715-45e0-4d3a-9839-698656bf6d8e,1634109020641,13.4179409,52.4933464,5.569864,0.32725865,-4.401948,3.2724524,on bike mount,cyclo cross,True,sett,intermediate
2a5edcc2-b1a2-420e-a2bd-929fee481bc8,98ce2336-06e1-4440-91a0-3f852a221db9,901ea261-4430-4c36-8ca5-8b3e71f5ea69,1634109020708,13.4179409,52.4933464,5.569864,0.110967934,-2.6313176,10.554386,on bike mount,cyclo cross,True,sett,intermediate
2a5edcc2-b1a2-420e-a2bd-929fee481bc8,98ce2336-06e1-4440-91a0-3f852a221db9,10542fe8-6f1b-4374-8433-4af9e15c7606,1634109020775,13.4179409,52.4933464,5.569864,0.41840136,-1.1774676,0.52992916,on bike mount,cyclo cross,True,sett,intermediate
2a5edcc2-b1a2-420e-a2bd-929fee481bc8,98ce2336-06e1-4440-91a0-3f852a221db9,5c006227-e0b2-4a50-a23d-e6219a7548ab,1634109020841,13.4179409,52.4933464,5.569864,1.5875186,-0.5232432,-8.411022,on bike mount,cyclo cross,True,sett,intermediate
2a5edcc2-b1a2-420e-a2bd-929fee481bc8,98ce2336-06e1-4440-91a0-3f852a221db9,716a0f56-ca64-4171-a657-359a320e2d80,1634109020909,13.4179409,52.4933464,5.569864,0.11479786,26.645283,-13.120238,on bike mount,cyclo cross,True,sett,intermediate
2a5edcc2-b1a2-420e-a2bd-929fee481bc8,98ce2336-06e1-4440-91a0-3f852a221db9,08e1c436-d018-4c5a-9036-6be9583dd843,1634109020976,13.4179409,52.4933464,5.569864,-6.8743925,14.201717,-3.46284,on bike mount,cyclo cross,True,sett,intermediate
2a5edcc2-b1a2-420e-a2bd-929fee481bc8,98ce2336-06e1-4440-91a0-3f852a221db9,f5d8ff2f-7b35-4caa-87a5-c4a85c172f57,1634109021042,13.4179409,52.4933464,5.569864,0.42910677,19.37166,-20.593546,on bike mount,cyclo cross,True,sett,intermediate
2a5edcc2-b1a2-420e-a2bd-929fee481bc8,98ce2336-06e1-4440-91a0-3f852a221db9,a0e8bf93-34df-4790-aaf5-ac7cf351cfa1,1634109021108,13.4179409,52.4933464,5.569864,0.45024902,-1.5736063,-18.90705,on bike mount,cyclo cross,True,sett,intermediate
2a5edcc2-b1a2-420e-a2bd-929fee481bc8,98ce2336-06e1-4440-91a0-3f852a221db9,d0eb3ad1-0ca9-402b-9c8c-9a409b634fc7,1634109021176,13.4179409,52.4933464,5.569864,3.2019854,-8.98511,-0.6441288,on bike mount,cyclo cross,True,sett,intermediate
2a5edcc2-b1a2-420e-a2bd-929fee481bc8,98ce2336-06e1-4440-91a0-3f852a221db9,16b84ec0-2be5-4a37-8123-0e4ee0b822ad,1634109021242,13.4179409,52.4933464,5.569864,-0.905267,-3.9242177,7.389082,on bike mount,cyclo cross,True,sett,intermediate
2a5edcc2-b1a2-420e-a2bd-929fee481bc8,98ce2336-06e1-4440-91a0-3f852a221db9,bdf920d7-be6a-46bd-b78d-2f3f413e67a9,1634109021310,13.4179409,52.4933464,5.569864,4.12565,21.480568,-12.177039,on bike mount,cyclo cross,True,sett,intermediate
2a5edcc2-b1a2-420e-a2bd-929fee481bc8,98ce2336-06e1-4440-91a0-3f852a221db9,23df8864-2ee7-4004-b32c-b6aad1c377ee,1634109021376,13.4179409,52.4933464,5.569864,-2.2960672,-6.0004296,-13.274392,on bike mount,cyclo cross,True,sett,intermediate
2a5edcc2-b1a2-420e-a2bd-929fee481bc8,98ce2336-06e1-4440-91a0-3f852a221db9,9542df02-7acd-4356-a77c-55059b27ab41,1634109021442,13.4179409,52.4933464,5.569864,1.178551,8.96927,-7.156714,on bike mount,cyclo cross,True,sett,intermediate
2a5edcc2-b1a2-420e-a2bd-929fee481bc8,98ce2336-06e1-4440-91a0-3f852a221db9,af5abebf-79f1-4cef-b8d7-7813e38d6f9d,1634109021509,13.4178986,52.4933002,5.5926304,-0.81724274,2.9452934,-4.9112463,on bike mount,cyclo cross,True,sett,intermediate
2a5edcc2-b1a2-420e-a2bd-929fee481bc8,98ce2336-06e1-4440-91a0-3f852a221db9,cc7a1a6e-7657-47fa-b4ec-8750feb1d3bb,1634109021577,13.4178986,52.4933002,5.5926304,-1.3919668,2.7646627,9.684557,on bike mount,cyclo cross,True,sett,intermediate
2a5edcc2-b1a2-420e-a2bd-929fee481bc8,98ce2336-06e1-4440-91a0-3f852a221db9,18f374ac-7d3c-4b22-ac90-cd49dd8167cd,1634109021643,13.4178986,52.4933002,5.5926304,2.1337466,7.545212,8.3640995,on bike mount,cyclo cross,True,sett,intermediate
2a5edcc2-b1a2-420e-a2bd-929fee481bc8,98ce2336-06e1-4440-91a0-3f852a221db9,6f573448-5b01-4613-b38a-2bde1df7f35c,1634109021710,13.4178986,52.4933002,5.5926304,5.942239,-1.0075302,-12.683804,on bike mount,cyclo cross,True,sett,intermediate
2a5edcc2-b1a2-420e-a2bd-929fee481bc8,98ce2336-06e1-4440-91a0-3f852a221db9,65227ae1-fcfb-4f74-8db5-d3c36910bfba,1634109021777,13.4178986,52.4933002,5.5926304,1.1936423,-21.037663,2.1224985,on bike mount,cyclo cross,True,sett,intermediate
2a5edcc2-b1a2-420e-a2bd-929fee481bc8,98ce2336-06e1-4440-91a0-3f852a221db9,b8bd14e3-543a-4ee5-b0af-60a6709aa332,1634109021844,13.4178986,52.4933002,5.5926304,-2.5905032,8.077057,-13.077963,on bike mount,cyclo cross,True,sett,intermediate
2a5edcc2-b1a2-420e-a2bd-929fee481bc8,98ce2336-06e1-4440-91a0-3f852a221db9,44446af3-94ae-477e-b6e2-a1384017f349,1634109021911,13.4178986,52.4933002,5.5926304,-0.47441602,6.5749264,-9.659187,on bike mount,cyclo cross,True,sett,intermediate
2a5edcc2-b1a2-420e-a2bd-929fee481bc8,98ce2336-06e1-4440-91a0-3f852a221db9,6564a0bb-4cde-45c1-9890-d0d052c2b1f0,1634109021978,13.4178986,52.4933002,5.5926304,-6.617472,-13.678393,2.6835594,on bike mount,cyclo cross,True,sett,intermediate
2a5edcc2-b1a2-420e-a2bd-929fee481bc8,98ce2336-06e1-4440-91a0-3f852a221db9,5f12f6a6-02a2-4f41-a003-e60233a18bf5,1634109022044,13.4178986,52.4933002,5.5926304,-2.4725275,15.739761,-0.22455883,on bike mount,cyclo cross,True,sett,intermediate
2a5edcc2-b1a2-420e-a2bd-929fee481bc8,98ce2336-06e1-4440-91a0-3f852a221db9,0077263b-8529-4c4e-b3d6-aa2dc07b7bb2,1634109022111,13.4178986,52.4933002,5.5926304,1.5356946,-16.22852,4.1791906,on bike mount,cyclo cross,True,sett,intermediate
2a5edcc2-b1a2-420e-a2bd-929fee481bc8,98ce2336-06e1-4440-91a0-3f852a221db9,96530136-32e9-483a-9bbb-9b3b0c877b92,1634109022178,13.4178986,52.4933002,5.5926304,0.8253075,8.757933,9.39456,on bike mount,cyclo cross,True,sett,intermediate
2a5edcc2-b1a2-420e-a2bd-929fee481bc8,98ce2336-06e1-4440-91a0-3f852a221db9,133c547c-5acd-4bad-9c0b-47455dceeb8e,1634109022245,13.4178986,52.4933002,5.5926304,-0.8470566,6.163472,5.690611,on bike mount,cyclo cross,True,sett,intermediate
2a5edcc2-b1a2-420e-a2bd-929fee481bc8,98ce2336-06e1-4440-91a0-3f852a221db9,664d6a67-5903-46d3-8b2e-bfd8180fff6c,1634109022313,13.4178986,52.4933002,5.5926304,0.4390765,1.6349049,-23.196377,on bike mount,cyclo cross,True,sett,intermediate
2a5edcc2-b1a2-420e-a2bd-929fee481bc8,98ce2336-06e1-4440-91a0-3f852a221db9,a1341ca2-4505-47eb-9822-e7739839e727,1634109022379,13.4178986,52.4933002,5.5926304,1.1072197,12.620037,-14.124525,on bike mount,cyclo cross,True,sett,intermediate
2a5edcc2-b1a2-420e-a2bd-929fee481bc8,98ce2336-06e1-4440-91a0-3f852a221db9,aba06972-0602-4eb9-804d-855e5e75273e,1634109022446,13.4178607,52.4932545,5.601552,-0.29721424,-7.0281725,3.6087723,on bike mount,cyclo cross,True,sett,intermediate
2a5edcc2-b1a2-420e-a2bd-929fee481bc8,98ce2336-06e1-4440-91a0-3f852a221db9,cb8e80b4-ac17-4d12-8df1-be2c3f6c4d5d,1634109022511,13.4178607,52.4932545,5.601552,5.43371,10.800859,-11.649787,on bike mount,cyclo cross,True,sett,intermediate
2a5edcc2-b1a2-420e-a2bd-929fee481bc8,98ce2336-06e1-4440-91a0-3f852a221db9,e030b404-32b0-49a7-b296-e8e169c7211a,1634109022578,13.4178607,52.4932545,5.601552,-5.117715,16.768368,-9.943694,on bike mount,cyclo cross,True,sett,intermediate
2a5edcc2-b1a2-420e-a2bd-929fee481bc8,98ce2336-06e1-4440-91a0-3f852a221db9,38ea99b2-e9e2-40d5-905d-c7e725d092bb,1634109022646,13.4178607,52.4932545,5.601552,-9.7739525,-22.481724,18.84779,on bike mount,cyclo cross,True,sett,intermediate
2a5edcc2-b1a2-420e-a2bd-929fee481bc8,98ce2336-06e1-4440-91a0-3f852a221db9,1ba6db96-b260-4d85-bdaf-9e11cc0965f9,1634109022713,13.4178607,52.4932545,5.601552,-3.5391078,11.07432,-13.719451,on bike mount,cyclo cross,True,sett,intermediate
2a5edcc2-b1a2-420e-a2bd-929fee481bc8,98ce2336-06e1-4440-91a0-3f852a221db9,1ee74e32-a345-4d4d-9b72-7c76348161c1,1634109022780,13.4178607,52.4932545,5.601552,4.2285175,-37.96077,11.060806,on bike mount,cyclo cross,True,sett,intermediate
2a5edcc2-b1a2-420e-a2bd-929fee481bc8,98ce2336-06e1-4440-91a0-3f852a221db9,758216b4-ba90-4997-9b1d-156e52233b45,1634109022847,13.4178607,52.4932545,5.601552,-16.702383,-28.035536,12.096422,on bike mount,cyclo cross,True,sett,intermediate
2a5edcc2-b1a2-420e-a2bd-929fee481bc8,98ce2336-06e1-4440-91a0-3f852a221db9,c63ff897-5fbb-4ee3-be79-f42f10645f3a,1634109022913,13.4178607,52.4932545,5.601552,11.448654,12.4412,-8.283139,on bike mount,cyclo cross,True,sett,intermediate
2a5edcc2-b1a2-420e-a2bd-929fee481bc8,98ce2336-06e1-4440-91a0-3f852a221db9,74dbd382-3366-41ef-8172-256b2c16756b,1634109022980,13.4178607,52.4932545,5.601552,-1.2308025,-19.82326,69.30209,on bike mount,cyclo cross,True,sett,intermediate
2a5edcc2-b1a2-420e-a2bd-929fee481bc8,98ce2336-06e1-4440-91a0-3f852a221db9,47ff7cdc-ec30-4f2a-b704-c80492d12a02,1634109023048,13.4178607,52.4932545,5.601552,15.396897,5.347744,0.14342213,on bike mount,cyclo cross,True,sett,intermediate
2a5edcc2-b1a2-420e-a2bd-929fee481bc8,98ce2336-06e1-4440-91a0-3f852a221db9,1baa7f85-adc2-42aa-91da-9fde98e4ab8e,1634109023114,13.4178607,52.4932545,5.601552,0.10510887,-4.957649,-11.994629,on bike mount,cyclo cross,True,sett,intermediate
2a5edcc2-b1a2-420e-a2bd-929fee481bc8,98ce2336-06e1-4440-91a0-3f852a221db9,5376ba9a-c9ea-4b17-8ebe-b232b7b450a9,1634109023181,13.4178607,52.4932545,5.601552,-1.616235,-5.5039525,13.675602,on bike mount,cyclo cross,True,sett,intermediate
2a5edcc2-b1a2-420e-a2bd-929fee481bc8,98ce2336-06e1-4440-91a0-3f852a221db9,f11630ed-68b8-447b-93d6-46d26c94c446,1634109023248,13.4178607,52.4932545,5.601552,-4.614413,11.082344,19.191227,on bike mount,cyclo cross,True,sett,intermediate
2a5edcc2-b1a2-420e-a2bd-929fee481bc8,98ce2336-06e1-4440-91a0-3f852a221db9,ebcb2fd0-9940-40ae-915a-221ed7650ff7,1634109023315,13.4178607,52.4932545,5.601552,-1.0797439,4.5501776,0.92462254,on bike mount,cyclo cross,True,sett,intermediate
2a5edcc2-b1a2-420e-a2bd-929fee481bc8,98ce2336-06e1-4440-91a0-3f852a221db9,d59f1cc7-64f8-4f83-86bc-d15bdb232081,1634109023382,13.4178607,52.4932545,5.601552,-11.940684,-17.086464,8.247032,on bike mount,cyclo cross,True,sett,intermediate
2a5edcc2-b1a2-420e-a2bd-929fee481bc8,98ce2336-06e1-4440-91a0-3f852a221db9,d29e7eb9-a2bf-40f4-869e-ee633824d9a2,1634109023447,13.4178282,52.4932029,6.0914326,-1.1515414,-17.016983,8.194136,on bike mount,cyclo cross,True,sett,intermediate
2a5edcc2-b1a2-420e-a2bd-929fee481bc8,98ce2336-06e1-4440-91a0-3f852a221db9,33311706-dbbb-4741-b2ea-1e6ca80af5e5,1634109023515,13.4178282,52.4932029,6.0914326,1.7583637,-13.140212,10.461443,on bike mount,cyclo cross,True,sett,intermediate
2a5edcc2-b1a2-420e-a2bd-929fee481bc8,98ce2336-06e1-4440-91a0-3f852a221db9,dffaa340-b6e6-4ed5-bd89-22a1df0cb216,1634109023581,13.4178282,52.4932029,6.0914326,-8.758987,-17.679256,14.650723,on bike mount,cyclo cross,True,sett,intermediate
2a5edcc2-b1a2-420e-a2bd-929fee481bc8,98ce2336-06e1-4440-91a0-3f852a221db9,0e2c7f69-5a79-4cb9-a125-dcdb6f4f6bd1,1634109023650,13.4178282,52.4932029,6.0914326,5.5906606,4.1227036,-5.601052,on bike mount,cyclo cross,True,sett,intermediate
2a5edcc2-b1a2-420e-a2bd-929fee481bc8,98ce2336-06e1-4440-91a0-3f852a221db9,d36a9b1c-43a0-4632-8088-c5e26f57392d,1634109023715,13.4178282,52.4932029,6.0914326,-10.068379,-9.568362,2.790182,on bike mount,cyclo cross,True,sett,intermediate
2a5edcc2-b1a2-420e-a2bd-929fee481bc8,98ce2336-06e1-4440-91a0-3f852a221db9,b6fa5db8-81b0-44aa-afd5-c7b9a0d4cf0f,1634109023782,13.4178282,52.4932029,6.0914326,0.66849256,-18.717644,9.816702,on bike mount,cyclo cross,True,sett,intermediate
2a5edcc2-b1a2-420e-a2bd-929fee481bc8,98ce2336-06e1-4440-91a0-3f852a221db9,7c2c4008-88ba-47b1-8211-b3d0eee3fcec,1634109023891,13.4178282,52.4932029,6.0914326,2.636706,-9.182274,6.843194,on bike mount,cyclo cross,True,sett,intermediate
2a5edcc2-b1a2-420e-a2bd-929fee481bc8,98ce2336-06e1-4440-91a0-3f852a221db9,e98bac6e-0b57-42e2-834c-f34909ab064f,1634109023958,13.4178282,52.4932029,6.0914326,-0.9071367,5.57668,-13.622748,on bike mount,cyclo cross,True,sett,intermediate
2a5edcc2-b1a2-420e-a2bd-929fee481bc8,98ce2336-06e1-4440-91a0-3f852a221db9,53f8e34c-b78c-440a-a838-9ff9cc293d6f,1634109024025,13.4178282,52.4932029,6.0914326,-1.6201456,-3.165628,-4.439166,on bike mount,cyclo cross,True,sett,intermediate
2a5edcc2-b1a2-420e-a2bd-929fee481bc8,98ce2336-06e1-4440-91a0-3f852a221db9,09b3a0c0-8a39-4e2a-8076-ffa25e9598e8,1634109024092,13.4178282,52.4932029,6.0914326,4.489204,3.3324542,-8.871721,on bike mount,cyclo cross,True,sett,intermediate
2a5edcc2-b1a2-420e-a2bd-929fee481bc8,98ce2336-06e1-4440-91a0-3f852a221db9,e4ba6842-4755-433d-b32c-904cc257ac93,1634109024142,13.4178282,52.4932029,6.0914326,-1.2241759,-0.4460678,0.030118942,on bike mount,cyclo cross,True,sett,intermediate
2a5edcc2-b1a2-420e-a2bd-929fee481bc8,98ce2336-06e1-4440-91a0-3f852a221db9,bf77606f-1a4e-44ff-945b-eab607cd8eb7,1634109024208,13.4178282,52.4932029,6.0914326,-2.902741,13.874823,-1.505939,on bike mount,cyclo cross,True,sett,intermediate
2a5edcc2-b1a2-420e-a2bd-929fee481bc8,98ce2336-06e1-4440-91a0-3f852a221db9,265d0b1e-a1f5-4bbb-ab0b-0e887dd28511,1634109024275,13.4178282,52.4932029,6.0914326,-5.6575637,-4.532227,12.191373,on bike mount,cyclo cross,True,sett,intermediate
2a5edcc2-b1a2-420e-a2bd-929fee481bc8,98ce2336-06e1-4440-91a0-3f852a221db9,c0ecad0c-61be-4e6b-896d-d5796de0ae35,1634109024340,13.4178282,52.4932029,6.0914326,2.5293975,18.413433,-20.630472,on bike mount,cyclo cross,True,sett,intermediate
2a5edcc2-b1a2-420e-a2bd-929fee481bc8,98ce2336-06e1-4440-91a0-3f852a221db9,307665cd-4d67-4a98-bdf4-801b2a7a3676,1634109024548,13.4178282,52.4932029,6.0914326,-1.6582778,2.5422149,0.17451382,on bike mount,cyclo cross,True,sett,intermediate
2a5edcc2-b1a2-420e-a2bd-929fee481bc8,98ce2336-06e1-4440-91a0-3f852a221db9,a712468d-b5d1-438c-87d6-8fb0cd060b16,1634109024615,13.4177994,52.493154,4.9370804,-8.912725,16.547218,-5.564793,on bike mount,cyclo cross,True,sett,intermediate
2a5edcc2-b1a2-420e-a2bd-929fee481bc8,98ce2336-06e1-4440-91a0-3f852a221db9,15cf0e56-95cd-4c2f-9c17-7ad57af5762f,1634109024679,13.4177994,52.493154,4.9370804,2.1236362,0.65040445,-5.663829,on bike mount,cyclo cross,True,sett,intermediate
2a5edcc2-b1a2-420e-a2bd-929fee481bc8,98ce2336-06e1-4440-91a0-3f852a221db9,3e4bbe43-2b0f-4f26-932e-5b7b0771b888,1634109024746,13.4177994,52.493154,4.9370804,-7.6423182,-9.466084,9.807821,on bike mount,cyclo cross,True,sett,intermediate
2a5edcc2-b1a2-420e-a2bd-929fee481bc8,98ce2336-06e1-4440-91a0-3f852a221db9,e55bddda-e434-477c-ac75-5196c96492f1,1634109024817,13.4177994,52.493154,4.9370804,0.61299545,-16.054813,13.0392475,on bike mount,cyclo cross,True,sett,intermediate
2a5edcc2-b1a2-420e-a2bd-929fee481bc8,98ce2336-06e1-4440-91a0-3f852a221db9,4b5a7120-0841-45a1-a21f-ba14c7ec5df9,1634109024879,13.4177994,52.493154,4.9370804,-13.52083,3.6900926,-8.152828,on bike mount,cyclo cross,True,sett,intermediate
2a5edcc2-b1a2-420e-a2bd-929fee481bc8,98ce2336-06e1-4440-91a0-3f852a221db9,f9e7f1f5-57f7-40e5-953a-d83241a35b01,1634109024975,13.4177994,52.493154,4.9370804,-1.7437363,-3.2459896,0.97899246,on bike mount,cyclo cross,True,sett,intermediate
2a5edcc2-b1a2-420e-a2bd-929fee481bc8,98ce2336-06e1-4440-91a0-3f852a221db9,a0f97c87-1622-4f2a-8906-ac11619b7ce5,1634109025054,13.4177994,52.493154,4.9370804,-10.203736,1.3782105,-2.8190017,on bike mount,cyclo cross,True,sett,intermediate
2a5edcc2-b1a2-420e-a2bd-929fee481bc8,98ce2336-06e1-4440-91a0-3f852a221db9,fc43d765-c750-4e10-bc65-9355fafc039c,1634109025110,13.4177994,52.493154,4.9370804,-6.8233967,5.1458154,-2.3137856,on bike mount,cyclo cross,True,sett,intermediate
2a5edcc2-b1a2-420e-a2bd-929fee481bc8,98ce2336-06e1-4440-91a0-3f852a221db9,1a824bac-31ac-4a7e-b744-50ec69d284b1,1634109025160,13.4177994,52.493154,4.9370804,-9.7649,10.207864,-7.219344,on bike mount,cyclo cross,True,sett,intermediate
2a5edcc2-b1a2-420e-a2bd-929fee481bc8,98ce2336-06e1-4440-91a0-3f852a221db9,a4679fe0-5fce-4b9d-962e-29a9fadad808,1634109025211,13.4177994,52.493154,4.9370804,3.1961584,4.0528746,-0.664031,on bike mount,cyclo cross,True,sett,intermediate
2a5edcc2-b1a2-420e-a2bd-929fee481bc8,98ce2336-06e1-4440-91a0-3f852a221db9,ed7414fa-5cc2-47cf-82c9-59ecdfe2736e,1634109025261,13.4177994,52.493154,4.9370804,-4.857886,5.781003,-12.427507,on bike mount,cyclo cross,True,sett,intermediate
2a5edcc2-b1a2-420e-a2bd-929fee481bc8,98ce2336-06e1-4440-91a0-3f852a221db9,4ffcd072-e3ba-4afa-a256-b3c83eb0eb02,1634109025312,13.4177994,52.493154,4.9370804,1.3281538,14.765604,-13.531216,on bike mount,cyclo cross,True,sett,intermediate
2a5edcc2-b1a2-420e-a2bd-929fee481bc8,98ce2336-06e1-4440-91a0-3f852a221db9,817c2be5-5810-404d-8de0-6a7a5aad8af3,1634109025362,13.4177994,52.493154,4.9370804,-0.14724755,6.443753,-12.053176,on bike mount,cyclo cross,True,sett,intermediate
2a5edcc2-b1a2-420e-a2bd-929fee481bc8,98ce2336-06e1-4440-91a0-3f852a221db9,3b8bd708-66b3-4663-8905-d9538d5cd339,1634109025411,13.4177994,52.493154,4.9370804,-2.8747442,13.818563,-18.715841,on bike mount,cyclo cross,True,sett,intermediate
2a5edcc2-b1a2-420e-a2bd-929fee481bc8,98ce2336-06e1-4440-91a0-3f852a221db9,da882ebc-5404-44a0-be23-8b357ae5e4da,1634109025461,13.4177854,52.4931181,4.3992143,2.3255968,7.7357836,-10.169842,on bike mount,cyclo cross,True,sett,intermediate
2a5edcc2-b1a2-420e-a2bd-929fee481bc8,98ce2336-06e1-4440-91a0-3f852a221db9,fd41de09-2411-499f-bb18-07f3e6ee9e98,1634109025513,13.4177854,52.4931181,4.3992143,1.6420088,-1.1307685,-9.487521,on bike mount,cyclo cross,True,sett,intermediate
