bike_activity_uid,bike_activity_sample_uid,bike_activity_measurement,bike_activity_measurement_timestamp,bike_activity_measurement_lon,bike_activity_measurement_lat,bike_activity_measurement_speed,bike_activity_measurement_accelerometer_x,bike_activity_measurement_accelerometer_y,bike_activity_measurement_accelerometer_z,bike_activity_phone_position,bike_activity_bike_type,bike_activity_flagged_lab_conditions,bike_activity_surface_type,bike_activity_smoothness_type
39a181ce-cfdd-45dc-843b-ff515a46224b,573a10d8-1ae2-44a2-af5f-ef5ece6a1cf1,52163e1a-8c15-441f-adbd-72a62e3a263e,1633936964748,13.4880573,52.4876784,6.3280396,-0.16263986,-2.0386527,3.4335537,on bike mount,cyclo cross,True,fine gravel,good
39a181ce-cfdd-45dc-843b-ff515a46224b,573a10d8-1ae2-44a2-af5f-ef5ece6a1cf1,1cacd238-4f33-4c44-9f9b-1822ed7569ac,1633936964813,13.4880573,52.4876784,6.3280396,0.119915895,1.7352638,0.44291687,on bike mount,cyclo cross,True,fine gravel,good
39a181ce-cfdd-45dc-843b-ff515a46224b,573a10d8-1ae2-44a2-af5f-ef5ece6a1cf1,125c065e-b623-4649-a7b9-26bdeab89639,1633936964865,13.4880573,52.4876784,6.3280396,-0.17452696,1.7789383,5.572728,on bike mount,cyclo cross,True,fine gravel,good
39a181ce-cfdd-45dc-843b-ff515a46224b,573a10d8-1ae2-44a2-af5f-ef5ece6a1cf1,4a69f528-3e8e-4812-a721-4773d524febe,1633936964915,13.4880573,52.4876784,6.3280396,1.4885536,-8.86443,-4.333226,on bike mount,cyclo cross,True,fine gravel,good
39a181ce-cfdd-45dc-843b-ff515a46224b,573a10d8-1ae2-44a2-af5f-ef5ece6a1cf1,28ff04e4-dbeb-4490-a8b1-dd5bfc5ff89b,1633936964965,13.4880573,52.4876784,6.3280396,-0.89381367,-0.30187726,-1.4788313,on bike mount,cyclo cross,True,fine gravel,good
39a181ce-cfdd-45dc-843b-ff515a46224b,573a10d8-1ae2-44a2-af5f-ef5ece6a1cf1,d5e293fd-5d46-4abb-ba8e-fa287e7f5992,1633936965015,13.4880573,52.4876784,6.3280396,-0.8491436,1.0732973,-1.8265738,on bike mount,cyclo cross,True,fine gravel,good
39a181ce-cfdd-45dc-843b-ff515a46224b,573a10d8-1ae2-44a2-af5f-ef5ece6a1cf1,b243ce3f-71e0-40db-9983-9841a131eb5e,1633936965065,13.4880573,52.4876784,6.3280396,1.426535,-2.0637848,0.587821,on bike mount,cyclo cross,True,fine gravel,good
39a181ce-cfdd-45dc-843b-ff515a46224b,573a10d8-1ae2-44a2-af5f-ef5ece6a1cf1,810fb532-f336-4a82-8e17-4917aea9b86f,1633936965115,13.4879658,52.4876618,6.481647,0.59375536,-0.2462449,-3.3965926,on bike mount,cyclo cross,True,fine gravel,good
39a181ce-cfdd-45dc-843b-ff515a46224b,573a10d8-1ae2-44a2-af5f-ef5ece6a1cf1,8131e77c-c918-413f-b4ba-5645a2ed986f,1633936965165,13.4879658,52.4876618,6.481647,1.1082834,-1.8113294,-1.6148715,on bike mount,cyclo cross,True,fine gravel,good
39a181ce-cfdd-45dc-843b-ff515a46224b,573a10d8-1ae2-44a2-af5f-ef5ece6a1cf1,6e9467ea-17a3-4360-aae6-c4629e2731fb,1633936965232,13.4879658,52.4876618,6.481647,0.30750662,-5.573389,1.3930788,on bike mount,cyclo cross,True,fine gravel,good
39a181ce-cfdd-45dc-843b-ff515a46224b,573a10d8-1ae2-44a2-af5f-ef5ece6a1cf1,2fad997b-a039-470a-b1f7-aa04a35a8f39,1633936965282,13.4879658,52.4876618,6.481647,-0.44168103,0.2919557,-1.4118228,on bike mount,cyclo cross,True,fine gravel,good
39a181ce-cfdd-45dc-843b-ff515a46224b,573a10d8-1ae2-44a2-af5f-ef5ece6a1cf1,e8d14c2d-9118-4ae6-98eb-df84c1d7adab,1633936965350,13.4879658,52.4876618,6.481647,0.43772173,1.948956,-8.005334,on bike mount,cyclo cross,True,fine gravel,good
39a181ce-cfdd-45dc-843b-ff515a46224b,573a10d8-1ae2-44a2-af5f-ef5ece6a1cf1,0a9aa609-a6be-4709-ac46-87a2ccc0bda4,1633936965399,13.4879658,52.4876618,6.481647,-2.077932,2.366456,-3.6181555,on bike mount,cyclo cross,True,fine gravel,good
39a181ce-cfdd-45dc-843b-ff515a46224b,573a10d8-1ae2-44a2-af5f-ef5ece6a1cf1,0ff44086-ff90-45b2-92e4-feffd2a0b715,1633936965449,13.4879658,52.4876618,6.481647,0.63771415,4.2376966,-3.838488,on bike mount,cyclo cross,True,fine gravel,good
39a181ce-cfdd-45dc-843b-ff515a46224b,573a10d8-1ae2-44a2-af5f-ef5ece6a1cf1,a26c8dc0-3b23-4515-857d-b4b066d2c408,1633936965500,13.4879658,52.4876618,6.481647,0.8478663,1.2683482,-5.662321,on bike mount,cyclo cross,True,fine gravel,good
39a181ce-cfdd-45dc-843b-ff515a46224b,573a10d8-1ae2-44a2-af5f-ef5ece6a1cf1,73e93bbe-6c62-48dc-84ce-771f63011629,1633936965552,13.4879658,52.4876618,6.481647,0.7294428,-3.240068,3.2295218,on bike mount,cyclo cross,True,fine gravel,good
39a181ce-cfdd-45dc-843b-ff515a46224b,573a10d8-1ae2-44a2-af5f-ef5ece6a1cf1,9b575ce0-bd9d-47e0-8593-bbdda2ce8bdc,1633936965617,13.4879658,52.4876618,6.481647,1.4938457,0.65816593,-1.050477,on bike mount,cyclo cross,True,fine gravel,good
39a181ce-cfdd-45dc-843b-ff515a46224b,573a10d8-1ae2-44a2-af5f-ef5ece6a1cf1,18612fcc-7c72-4417-9a68-123160241d62,1633936965666,13.4879658,52.4876618,6.481647,-0.9621266,-6.1587353,1.1855364,on bike mount,cyclo cross,True,fine gravel,good
39a181ce-cfdd-45dc-843b-ff515a46224b,573a10d8-1ae2-44a2-af5f-ef5ece6a1cf1,72215141-4bf0-4bec-8c04-dcca5bf09a3a,1633936965717,13.4879658,52.4876618,6.481647,0.4645404,1.3965554,-1.040904,on bike mount,cyclo cross,True,fine gravel,good
39a181ce-cfdd-45dc-843b-ff515a46224b,573a10d8-1ae2-44a2-af5f-ef5ece6a1cf1,b971c7cb-21c1-407b-b149-d2e35e21577b,1633936965783,13.4879658,52.4876618,6.481647,0.08509411,0.9975364,0.22135162,on bike mount,cyclo cross,True,fine gravel,good
39a181ce-cfdd-45dc-843b-ff515a46224b,573a10d8-1ae2-44a2-af5f-ef5ece6a1cf1,c949a8c1-83fc-4e08-8688-5b56467344a6,1633936965833,13.4879658,52.4876618,6.481647,-0.39838785,5.901703,-4.193044,on bike mount,cyclo cross,True,fine gravel,good
39a181ce-cfdd-45dc-843b-ff515a46224b,573a10d8-1ae2-44a2-af5f-ef5ece6a1cf1,6d1159c9-9cda-4a6f-9a21-7e8e462cb622,1633936965883,13.4879658,52.4876618,6.481647,2.8721478,-6.5489006,-0.64315987,on bike mount,cyclo cross,True,fine gravel,good
39a181ce-cfdd-45dc-843b-ff515a46224b,573a10d8-1ae2-44a2-af5f-ef5ece6a1cf1,114ba6e7-5a59-4335-b80a-c3a75041779a,1633936965934,13.4879658,52.4876618,6.481647,0.7780812,-1.0234599,2.8411064,on bike mount,cyclo cross,True,fine gravel,good
39a181ce-cfdd-45dc-843b-ff515a46224b,573a10d8-1ae2-44a2-af5f-ef5ece6a1cf1,c149dd14-9d98-4022-95f1-c159a8764621,1633936965984,13.4879658,52.4876618,6.481647,-0.12001687,-2.885815,0.22471619,on bike mount,cyclo cross,True,fine gravel,good
39a181ce-cfdd-45dc-843b-ff515a46224b,573a10d8-1ae2-44a2-af5f-ef5ece6a1cf1,51f9bdfe-2000-4661-ba38-c17331762a75,1633936966034,13.4879658,52.4876618,6.481647,0.5737062,3.4795866,-2.0540333,on bike mount,cyclo cross,True,fine gravel,good
39a181ce-cfdd-45dc-843b-ff515a46224b,573a10d8-1ae2-44a2-af5f-ef5ece6a1cf1,4a3c4375-923b-4afa-a12a-6e9373c664c3,1633936966102,13.4878705,52.487654,6.230616,-0.6064952,-0.22331285,0.6666622,on bike mount,cyclo cross,True,fine gravel,good
39a181ce-cfdd-45dc-843b-ff515a46224b,573a10d8-1ae2-44a2-af5f-ef5ece6a1cf1,0d2b5a64-6914-4170-b920-5fad61e1e04e,1633936966151,13.4878705,52.487654,6.230616,0.9760507,-1.1442571,0.062418938,on bike mount,cyclo cross,True,fine gravel,good
39a181ce-cfdd-45dc-843b-ff515a46224b,573a10d8-1ae2-44a2-af5f-ef5ece6a1cf1,a1bf14a8-9ed6-40ca-8366-0d617e0684a8,1633936966201,13.4878705,52.487654,6.230616,1.1584806,-4.4650555,1.3550615,on bike mount,cyclo cross,True,fine gravel,good
39a181ce-cfdd-45dc-843b-ff515a46224b,573a10d8-1ae2-44a2-af5f-ef5ece6a1cf1,91bd57df-89f9-4c24-88f8-d2c89f67e531,1633936966252,13.4878705,52.487654,6.230616,-1.412123,-3.6688519,-1.2410669,on bike mount,cyclo cross,True,fine gravel,good
39a181ce-cfdd-45dc-843b-ff515a46224b,573a10d8-1ae2-44a2-af5f-ef5ece6a1cf1,66e63a57-21b0-439f-83fe-b8ace75b2fdc,1633936966319,13.4878705,52.487654,6.230616,-0.84144884,2.2337422,1.2569818,on bike mount,cyclo cross,True,fine gravel,good
39a181ce-cfdd-45dc-843b-ff515a46224b,573a10d8-1ae2-44a2-af5f-ef5ece6a1cf1,5b3bebae-827e-42a4-bec1-e1779255f7f1,1633936966369,13.4878705,52.487654,6.230616,-0.33739161,1.9176202,-3.277534,on bike mount,cyclo cross,True,fine gravel,good
39a181ce-cfdd-45dc-843b-ff515a46224b,573a10d8-1ae2-44a2-af5f-ef5ece6a1cf1,2aeb8024-679d-4159-923e-8aaa14c5b587,1633936966420,13.4878705,52.487654,6.230616,-0.35732383,0.6500006,-4.2960086,on bike mount,cyclo cross,True,fine gravel,good
39a181ce-cfdd-45dc-843b-ff515a46224b,573a10d8-1ae2-44a2-af5f-ef5ece6a1cf1,1d0fd0f3-94a5-458a-aeda-8cb17ed3b100,1633936966486,13.4878705,52.487654,6.230616,1.3964916,-1.5849946,-1.5143838,on bike mount,cyclo cross,True,fine gravel,good
39a181ce-cfdd-45dc-843b-ff515a46224b,573a10d8-1ae2-44a2-af5f-ef5ece6a1cf1,1e4659db-d3c0-4716-a475-a1dc8e67a88e,1633936966536,13.4878705,52.487654,6.230616,-0.42313245,3.0539155,-5.5989733,on bike mount,cyclo cross,True,fine gravel,good
39a181ce-cfdd-45dc-843b-ff515a46224b,573a10d8-1ae2-44a2-af5f-ef5ece6a1cf1,3737afee-f57d-47ea-9466-31b5e2081489,1633936966588,13.4878705,52.487654,6.230616,-0.20350522,4.190948,8.897438,on bike mount,cyclo cross,True,fine gravel,good
39a181ce-cfdd-45dc-843b-ff515a46224b,573a10d8-1ae2-44a2-af5f-ef5ece6a1cf1,c5e5ed9d-e15e-4260-a9f5-e41e332b4020,1633936966654,13.4878705,52.487654,6.230616,-0.6643269,-2.9758482,7.858164,on bike mount,cyclo cross,True,fine gravel,good
39a181ce-cfdd-45dc-843b-ff515a46224b,573a10d8-1ae2-44a2-af5f-ef5ece6a1cf1,41067d38-2a38-44f4-be31-852d72faf532,1633936966702,13.4878705,52.487654,6.230616,0.33338293,-0.18473837,-10.220402,on bike mount,cyclo cross,True,fine gravel,good
39a181ce-cfdd-45dc-843b-ff515a46224b,573a10d8-1ae2-44a2-af5f-ef5ece6a1cf1,6b7edbf7-83a6-4067-8f46-7dca0130209c,1633936966754,13.4878705,52.487654,6.230616,-0.617835,-4.3774424,2.9407282,on bike mount,cyclo cross,True,fine gravel,good
39a181ce-cfdd-45dc-843b-ff515a46224b,573a10d8-1ae2-44a2-af5f-ef5ece6a1cf1,b862ca19-1e1c-43ce-87aa-2532bb5c2f66,1633936966805,13.4878705,52.487654,6.230616,-1.2218395,1.1268094,3.168993,on bike mount,cyclo cross,True,fine gravel,good
39a181ce-cfdd-45dc-843b-ff515a46224b,573a10d8-1ae2-44a2-af5f-ef5ece6a1cf1,007e6595-b102-4800-8b3c-e1a79c587188,1633936966856,13.4878705,52.487654,6.230616,0.47575098,-6.7774634,9.165566,on bike mount,cyclo cross,True,fine gravel,good
39a181ce-cfdd-45dc-843b-ff515a46224b,573a10d8-1ae2-44a2-af5f-ef5ece6a1cf1,b75061ed-fc9e-4a37-aa20-3a6610a7ad8e,1633936966920,13.4878705,52.487654,6.230616,-1.0530171,-4.6387367,2.7739906,on bike mount,cyclo cross,True,fine gravel,good
39a181ce-cfdd-45dc-843b-ff515a46224b,573a10d8-1ae2-44a2-af5f-ef5ece6a1cf1,7669eaaa-e29d-41de-a577-4fd616aa146f,1633936966970,13.4878705,52.487654,6.230616,0.027001873,-4.60491,-0.16043186,on bike mount,cyclo cross,True,fine gravel,good
39a181ce-cfdd-45dc-843b-ff515a46224b,573a10d8-1ae2-44a2-af5f-ef5ece6a1cf1,75f0af1d-fe29-4d73-922d-f33a89a42aa5,1633936967021,13.4878705,52.487654,6.230616,0.74196625,-5.848333,-2.1175857,on bike mount,cyclo cross,True,fine gravel,good
39a181ce-cfdd-45dc-843b-ff515a46224b,573a10d8-1ae2-44a2-af5f-ef5ece6a1cf1,054fb041-b205-4d06-ae09-1947c60176c4,1633936967074,13.4878705,52.487654,6.230616,-0.9061005,-2.581639,8.307215,on bike mount,cyclo cross,True,fine gravel,good
39a181ce-cfdd-45dc-843b-ff515a46224b,573a10d8-1ae2-44a2-af5f-ef5ece6a1cf1,343b0331-e8f2-479a-890f-f03d1e0611c1,1633936967137,13.4877728,52.4876428,7.035368,2.7795248,1.800879,-9.05751,on bike mount,cyclo cross,True,fine gravel,good
39a181ce-cfdd-45dc-843b-ff515a46224b,573a10d8-1ae2-44a2-af5f-ef5ece6a1cf1,c0e5ffeb-3e06-4227-824e-885e1472c1c8,1633936967188,13.4877728,52.4876428,7.035368,2.8729362,3.9155574,-0.47483253,on bike mount,cyclo cross,True,fine gravel,good
39a181ce-cfdd-45dc-843b-ff515a46224b,573a10d8-1ae2-44a2-af5f-ef5ece6a1cf1,727139f5-1c59-4fc7-a0e3-906edb0c4529,1633936967238,13.4877728,52.4876428,7.035368,2.5361843,-0.22056174,1.446188,on bike mount,cyclo cross,True,fine gravel,good
39a181ce-cfdd-45dc-843b-ff515a46224b,573a10d8-1ae2-44a2-af5f-ef5ece6a1cf1,2dbde95d-9caa-49a7-a169-f36d1d471731,1633936967288,13.4877728,52.4876428,7.035368,-0.4557386,0.40159106,-1.1323323,on bike mount,cyclo cross,True,fine gravel,good
39a181ce-cfdd-45dc-843b-ff515a46224b,573a10d8-1ae2-44a2-af5f-ef5ece6a1cf1,4a1f08a1-e010-4b7f-826d-c89aee4fc794,1633936967339,13.4877728,52.4876428,7.035368,-0.5270679,-3.138221,-1.1356511,on bike mount,cyclo cross,True,fine gravel,good
39a181ce-cfdd-45dc-843b-ff515a46224b,573a10d8-1ae2-44a2-af5f-ef5ece6a1cf1,8d4bf80a-be0c-46d3-b528-54df67192434,1633936967406,13.4877728,52.4876428,7.035368,0.23190469,2.9903584,-0.09997749,on bike mount,cyclo cross,True,fine gravel,good
39a181ce-cfdd-45dc-843b-ff515a46224b,573a10d8-1ae2-44a2-af5f-ef5ece6a1cf1,f496b975-38f3-4282-b0ec-95103d2d3a3c,1633936967456,13.4877728,52.4876428,7.035368,1.6567978,-0.30863762,-1.9812255,on bike mount,cyclo cross,True,fine gravel,good
39a181ce-cfdd-45dc-843b-ff515a46224b,573a10d8-1ae2-44a2-af5f-ef5ece6a1cf1,1ff03922-53f7-458d-9cc3-8b28e41121a2,1633936967506,13.4877728,52.4876428,7.035368,0.7852081,3.2312002,-1.6730056,on bike mount,cyclo cross,True,fine gravel,good
39a181ce-cfdd-45dc-843b-ff515a46224b,573a10d8-1ae2-44a2-af5f-ef5ece6a1cf1,4ca60864-5e9c-4732-8a71-30944572cad4,1633936967556,13.4877728,52.4876428,7.035368,-1.1139255,1.4387589,-1.2428708,on bike mount,cyclo cross,True,fine gravel,good
39a181ce-cfdd-45dc-843b-ff515a46224b,573a10d8-1ae2-44a2-af5f-ef5ece6a1cf1,efd575c9-02ff-48d4-87af-db8d2d71879f,1633936967606,13.4877728,52.4876428,7.035368,-1.6703476,1.0444777,0.28864193,on bike mount,cyclo cross,True,fine gravel,good
39a181ce-cfdd-45dc-843b-ff515a46224b,573a10d8-1ae2-44a2-af5f-ef5ece6a1cf1,c27da632-8733-4820-9ab3-819077ed2963,1633936967657,13.4877728,52.4876428,7.035368,-1.9395268,-4.990387,-6.8542285,on bike mount,cyclo cross,True,fine gravel,good
39a181ce-cfdd-45dc-843b-ff515a46224b,573a10d8-1ae2-44a2-af5f-ef5ece6a1cf1,8654f9b1-aa2e-4e43-aa4a-82a14668e716,1633936967706,13.4877728,52.4876428,7.035368,-0.74120355,-2.8893583,3.2782211,on bike mount,cyclo cross,True,fine gravel,good
39a181ce-cfdd-45dc-843b-ff515a46224b,573a10d8-1ae2-44a2-af5f-ef5ece6a1cf1,e81b186b-d44c-4d86-b289-0f9999f055f0,1633936967756,13.4877728,52.4876428,7.035368,0.24473105,5.0145745,2.3337774,on bike mount,cyclo cross,True,fine gravel,good
39a181ce-cfdd-45dc-843b-ff515a46224b,573a10d8-1ae2-44a2-af5f-ef5ece6a1cf1,1bfb7f91-a651-43f7-894d-beecfdabb608,1633936967806,13.4877728,52.4876428,7.035368,0.57598245,6.074404,-5.9663134,on bike mount,cyclo cross,True,fine gravel,good
39a181ce-cfdd-45dc-843b-ff515a46224b,573a10d8-1ae2-44a2-af5f-ef5ece6a1cf1,9ce8f02d-39c8-4d22-87c1-a653500a48f6,1633936967856,13.4877728,52.4876428,7.035368,-3.561016,11.649156,-8.582442,on bike mount,cyclo cross,True,fine gravel,good
39a181ce-cfdd-45dc-843b-ff515a46224b,573a10d8-1ae2-44a2-af5f-ef5ece6a1cf1,787b038a-97df-4a13-bc09-bb01aea6146d,1633936967906,13.4877728,52.4876428,7.035368,1.6336882,6.699915,-10.451772,on bike mount,cyclo cross,True,fine gravel,good
39a181ce-cfdd-45dc-843b-ff515a46224b,573a10d8-1ae2-44a2-af5f-ef5ece6a1cf1,381aa94e-ec06-49ea-890f-248e362ee52c,1633936967956,13.4877728,52.4876428,7.035368,0.5018695,5.839116,0.6464939,on bike mount,cyclo cross,True,fine gravel,good
39a181ce-cfdd-45dc-843b-ff515a46224b,573a10d8-1ae2-44a2-af5f-ef5ece6a1cf1,ec484ddd-6e69-44a2-af7c-aed622a876cf,1633936968008,13.4877728,52.4876428,7.035368,-0.50224316,-1.4179219,3.3375902,on bike mount,cyclo cross,True,fine gravel,good
39a181ce-cfdd-45dc-843b-ff515a46224b,573a10d8-1ae2-44a2-af5f-ef5ece6a1cf1,a3779bfc-cf57-4534-8a0b-77d7d3f853c4,1633936968058,13.4877728,52.4876428,7.035368,0.7350147,0.78813624,0.14633083,on bike mount,cyclo cross,True,fine gravel,good
39a181ce-cfdd-45dc-843b-ff515a46224b,573a10d8-1ae2-44a2-af5f-ef5ece6a1cf1,920c3878-477c-4572-bac8-78ce6d7af111,1633936968123,13.4876667,52.4876328,6.8000245,-0.3984741,2.0734444,-3.8200216,on bike mount,cyclo cross,True,fine gravel,good
39a181ce-cfdd-45dc-843b-ff515a46224b,573a10d8-1ae2-44a2-af5f-ef5ece6a1cf1,7ea0cdd8-ea47-4ecf-8e8c-5e43acaa737e,1633936968174,13.4876667,52.4876328,6.8000245,2.482619,-7.4223413,4.1588755,on bike mount,cyclo cross,True,fine gravel,good
39a181ce-cfdd-45dc-843b-ff515a46224b,573a10d8-1ae2-44a2-af5f-ef5ece6a1cf1,2220f8b9-2134-45de-9154-496cac6d1d0f,1633936968224,13.4876667,52.4876328,6.8000245,2.5060236,0.61149234,0.52669716,on bike mount,cyclo cross,True,fine gravel,good
39a181ce-cfdd-45dc-843b-ff515a46224b,573a10d8-1ae2-44a2-af5f-ef5ece6a1cf1,8600d826-2177-4835-a6b0-263f08f7e352,1633936968275,13.4876667,52.4876328,6.8000245,0.8091724,-3.6534703,4.189975,on bike mount,cyclo cross,True,fine gravel,good
39a181ce-cfdd-45dc-843b-ff515a46224b,573a10d8-1ae2-44a2-af5f-ef5ece6a1cf1,20732a1b-6d2d-4b18-a3cb-8290ed481adb,1633936968341,13.4876667,52.4876328,6.8000245,-1.6805084,3.9319096,-9.196488,on bike mount,cyclo cross,True,fine gravel,good
39a181ce-cfdd-45dc-843b-ff515a46224b,573a10d8-1ae2-44a2-af5f-ef5ece6a1cf1,3f7b9dbd-ddda-4e55-9b67-7ad3a2fc9fdd,1633936968391,13.4876667,52.4876328,6.8000245,-0.018563509,-4.736186,2.845787,on bike mount,cyclo cross,True,fine gravel,good
39a181ce-cfdd-45dc-843b-ff515a46224b,573a10d8-1ae2-44a2-af5f-ef5ece6a1cf1,c3e13495-4f28-4c87-b2ad-f267cdb5820b,1633936968442,13.4876667,52.4876328,6.8000245,0.46235818,-7.4759874,11.138635,on bike mount,cyclo cross,True,fine gravel,good
39a181ce-cfdd-45dc-843b-ff515a46224b,573a10d8-1ae2-44a2-af5f-ef5ece6a1cf1,5972d576-cf87-4d12-82e7-31972e253422,1633936968492,13.4876667,52.4876328,6.8000245,-0.06597823,-1.7941018,-3.483306,on bike mount,cyclo cross,True,fine gravel,good
39a181ce-cfdd-45dc-843b-ff515a46224b,573a10d8-1ae2-44a2-af5f-ef5ece6a1cf1,1d103b50-f010-4f64-9633-8070e50c0d6b,1633936968543,13.4876667,52.4876328,6.8000245,1.9158075,-2.0167487,0.5511408,on bike mount,cyclo cross,True,fine gravel,good
39a181ce-cfdd-45dc-843b-ff515a46224b,573a10d8-1ae2-44a2-af5f-ef5ece6a1cf1,10fa8a63-828e-4542-bc39-32d051eed40b,1633936968609,13.4876667,52.4876328,6.8000245,-1.0082881,-5.721677,5.1772223,on bike mount,cyclo cross,True,fine gravel,good
39a181ce-cfdd-45dc-843b-ff515a46224b,573a10d8-1ae2-44a2-af5f-ef5ece6a1cf1,7d1815fe-5316-4b16-a51e-a80ec4636498,1633936968660,13.4876667,52.4876328,6.8000245,-1.5159278,1.4102247,-6.3524313,on bike mount,cyclo cross,True,fine gravel,good
39a181ce-cfdd-45dc-843b-ff515a46224b,573a10d8-1ae2-44a2-af5f-ef5ece6a1cf1,c385d6b5-ed5f-4b1e-a6fe-641a241be5d9,1633936968727,13.4876667,52.4876328,6.8000245,-0.044217408,0.19895005,0.44882965,on bike mount,cyclo cross,True,fine gravel,good
39a181ce-cfdd-45dc-843b-ff515a46224b,573a10d8-1ae2-44a2-af5f-ef5ece6a1cf1,bafe2587-c546-4b49-b113-b2bc75f73df7,1633936968777,13.4876667,52.4876328,6.8000245,-0.5870819,-0.66232276,3.2078896,on bike mount,cyclo cross,True,fine gravel,good
39a181ce-cfdd-45dc-843b-ff515a46224b,573a10d8-1ae2-44a2-af5f-ef5ece6a1cf1,168d3834-a03e-456f-9ade-11b8739d7024,1633936968827,13.4876667,52.4876328,6.8000245,-1.048019,-5.1476583,1.3095484,on bike mount,cyclo cross,True,fine gravel,good
39a181ce-cfdd-45dc-843b-ff515a46224b,573a10d8-1ae2-44a2-af5f-ef5ece6a1cf1,5f797f29-1230-4285-aea3-277a797378e1,1633936968893,13.4876667,52.4876328,6.8000245,0.15056336,-3.2221565,1.7525005,on bike mount,cyclo cross,True,fine gravel,good
39a181ce-cfdd-45dc-843b-ff515a46224b,573a10d8-1ae2-44a2-af5f-ef5ece6a1cf1,6cf21306-5bcf-400e-8fd8-5dbcd5328d32,1633936968944,13.4876667,52.4876328,6.8000245,-0.16826117,-0.41792774,-3.4488,on bike mount,cyclo cross,True,fine gravel,good
39a181ce-cfdd-45dc-843b-ff515a46224b,573a10d8-1ae2-44a2-af5f-ef5ece6a1cf1,23fc00bc-eba9-4bfe-bf88-78308adc0709,1633936969010,13.4876667,52.4876328,6.8000245,-2.412847,1.3653314,3.9181461,on bike mount,cyclo cross,True,fine gravel,good
39a181ce-cfdd-45dc-843b-ff515a46224b,573a10d8-1ae2-44a2-af5f-ef5ece6a1cf1,07c44578-892e-4963-b795-135cd9965d10,1633936969062,13.4876667,52.4876328,6.8000245,0.4799511,2.9054914,6.129895,on bike mount,cyclo cross,True,fine gravel,good
39a181ce-cfdd-45dc-843b-ff515a46224b,573a10d8-1ae2-44a2-af5f-ef5ece6a1cf1,f33e6123-9c5b-4be8-a444-a2f2b915c88a,1633936969127,13.487565,52.4876213,6.6689615,-0.053921066,1.6264615,5.72633,on bike mount,cyclo cross,True,fine gravel,good
39a181ce-cfdd-45dc-843b-ff515a46224b,573a10d8-1ae2-44a2-af5f-ef5ece6a1cf1,0c81680f-211e-4a37-89ab-e90d35eabf6a,1633936969178,13.487565,52.4876213,6.6689615,1.3117461,-8.627808,6.3740654,on bike mount,cyclo cross,True,fine gravel,good
39a181ce-cfdd-45dc-843b-ff515a46224b,573a10d8-1ae2-44a2-af5f-ef5ece6a1cf1,3ca8ca87-4b89-48d7-8759-ee725cf11797,1633936969228,13.487565,52.4876213,6.6689615,-2.0157073,2.677414,-4.6923275,on bike mount,cyclo cross,True,fine gravel,good
39a181ce-cfdd-45dc-843b-ff515a46224b,573a10d8-1ae2-44a2-af5f-ef5ece6a1cf1,940fa0fa-78bf-4803-b47f-36393c6134d4,1633936969279,13.487565,52.4876213,6.6689615,1.6937692,-0.94947195,2.48174,on bike mount,cyclo cross,True,fine gravel,good
39a181ce-cfdd-45dc-843b-ff515a46224b,573a10d8-1ae2-44a2-af5f-ef5ece6a1cf1,35a7d628-8169-46b6-8891-fc408b370acf,1633936969330,13.487565,52.4876213,6.6689615,-2.0509567,-2.6251295,-9.287325,on bike mount,cyclo cross,True,fine gravel,good
39a181ce-cfdd-45dc-843b-ff515a46224b,573a10d8-1ae2-44a2-af5f-ef5ece6a1cf1,75337002-b939-47a3-9dbb-6d080e838b8d,1633936969380,13.487565,52.4876213,6.6689615,3.0400565,-4.610914,2.2154846,on bike mount,cyclo cross,True,fine gravel,good
39a181ce-cfdd-45dc-843b-ff515a46224b,573a10d8-1ae2-44a2-af5f-ef5ece6a1cf1,ff315624-1a63-4d7c-aadf-0fad46cf7a65,1633936969430,13.487565,52.4876213,6.6689615,-0.15521315,5.1113377,-0.52321815,on bike mount,cyclo cross,True,fine gravel,good
39a181ce-cfdd-45dc-843b-ff515a46224b,573a10d8-1ae2-44a2-af5f-ef5ece6a1cf1,9553c380-25b5-4355-a48b-f4f14c85370d,1633936969481,13.487565,52.4876213,6.6689615,-3.222745,-6.3264885,6.660906,on bike mount,cyclo cross,True,fine gravel,good
39a181ce-cfdd-45dc-843b-ff515a46224b,573a10d8-1ae2-44a2-af5f-ef5ece6a1cf1,337e3802-1d63-4121-a895-700cd2bc91d7,1633936969544,13.487565,52.4876213,6.6689615,1.0265878,-6.577801,0.5623932,on bike mount,cyclo cross,True,fine gravel,good
39a181ce-cfdd-45dc-843b-ff515a46224b,573a10d8-1ae2-44a2-af5f-ef5ece6a1cf1,dbe41957-a12d-45b7-bb69-0bddf179bdfd,1633936969597,13.487565,52.4876213,6.6689615,-3.9466627,1.2649562,-0.35605907,on bike mount,cyclo cross,True,fine gravel,good
39a181ce-cfdd-45dc-843b-ff515a46224b,573a10d8-1ae2-44a2-af5f-ef5ece6a1cf1,09e63b63-ff4c-49d4-ac11-1de15619488d,1633936969663,13.487565,52.4876213,6.6689615,-1.2676432,-5.8049273,-0.31718254,on bike mount,cyclo cross,True,fine gravel,good
39a181ce-cfdd-45dc-843b-ff515a46224b,573a10d8-1ae2-44a2-af5f-ef5ece6a1cf1,b8efc34d-286f-4142-b046-8320527d008f,1633936969712,13.487565,52.4876213,6.6689615,2.1798863,-8.930758,3.0939264,on bike mount,cyclo cross,True,fine gravel,good
39a181ce-cfdd-45dc-843b-ff515a46224b,573a10d8-1ae2-44a2-af5f-ef5ece6a1cf1,eed35090-e72b-490e-b4f8-3dd019adba91,1633936969764,13.487565,52.4876213,6.6689615,1.4258442,-7.087605,11.914305,on bike mount,cyclo cross,True,fine gravel,good
39a181ce-cfdd-45dc-843b-ff515a46224b,573a10d8-1ae2-44a2-af5f-ef5ece6a1cf1,d514dcaa-8a80-4f57-8a8d-cde9580ecb49,1633936969814,13.487565,52.4876213,6.6689615,2.0691228,7.479933,-0.017012596,on bike mount,cyclo cross,True,fine gravel,good
39a181ce-cfdd-45dc-843b-ff515a46224b,573a10d8-1ae2-44a2-af5f-ef5ece6a1cf1,37bea920-45b7-4f70-b913-06e015158135,1633936969864,13.487565,52.4876213,6.6689615,3.160744,-0.59546685,-4.6521997,on bike mount,cyclo cross,True,fine gravel,good
39a181ce-cfdd-45dc-843b-ff515a46224b,573a10d8-1ae2-44a2-af5f-ef5ece6a1cf1,30fc0684-7d97-4125-8da1-9ad87ee1c52b,1633936969914,13.487565,52.4876213,6.6689615,-1.5710181,1.7185559,6.4587593,on bike mount,cyclo cross,True,fine gravel,good
39a181ce-cfdd-45dc-843b-ff515a46224b,573a10d8-1ae2-44a2-af5f-ef5ece6a1cf1,e497e969-1646-4bd4-ab3b-0d445ac9cc72,1633936969980,13.487565,52.4876213,6.6689615,0.5419839,-1.7965183,1.1838398,on bike mount,cyclo cross,True,fine gravel,good
39a181ce-cfdd-45dc-843b-ff515a46224b,573a10d8-1ae2-44a2-af5f-ef5ece6a1cf1,d216a0ae-d9de-4944-915c-f73f82b1fde5,1633936970032,13.487565,52.4876213,6.6689615,-1.1048384,-4.664713,-3.204534,on bike mount,cyclo cross,True,fine gravel,good
39a181ce-cfdd-45dc-843b-ff515a46224b,573a10d8-1ae2-44a2-af5f-ef5ece6a1cf1,e9b2a333-3222-4de4-a6e1-5e213b059677,1633936970099,13.4874685,52.4876114,5.6568575,0.8531817,0.6906178,-1.8036165,on bike mount,cyclo cross,True,fine gravel,good
39a181ce-cfdd-45dc-843b-ff515a46224b,cbed5937-6bb7-4c99-9918-7a3adcd18204,29eb6a9c-efa3-4cb2-81b2-3496f40460ec,1633936968078,13.4877728,52.4876428,7.035368,-0.551669,2.619132,2.8717747,on bike mount,cyclo cross,True,fine gravel,good
39a181ce-cfdd-45dc-843b-ff515a46224b,cbed5937-6bb7-4c99-9918-7a3adcd18204,c03c686f-bf6b-4501-8e84-9217d006c3f0,1633936968141,13.4876667,52.4876328,6.8000245,3.0020318,-2.508135,15.520315,on bike mount,cyclo cross,True,fine gravel,good
39a181ce-cfdd-45dc-843b-ff515a46224b,cbed5937-6bb7-4c99-9918-7a3adcd18204,f299f212-0470-4aa4-936b-9bece77efc76,1633936968191,13.4876667,52.4876328,6.8000245,-0.53275,-4.9711423,1.4386988,on bike mount,cyclo cross,True,fine gravel,good
39a181ce-cfdd-45dc-843b-ff515a46224b,cbed5937-6bb7-4c99-9918-7a3adcd18204,481ac542-84d9-4f7f-b0ad-11971c7608b3,1633936968241,13.4876667,52.4876328,6.8000245,0.67619175,-5.928119,-2.6357322,on bike mount,cyclo cross,True,fine gravel,good
39a181ce-cfdd-45dc-843b-ff515a46224b,cbed5937-6bb7-4c99-9918-7a3adcd18204,1ba72ae8-412f-422b-837c-72ed5a1adc7e,1633936968292,13.4876667,52.4876328,6.8000245,-1.8280811,-1.297059,6.156702,on bike mount,cyclo cross,True,fine gravel,good
39a181ce-cfdd-45dc-843b-ff515a46224b,cbed5937-6bb7-4c99-9918-7a3adcd18204,b2719c13-0165-42cd-81a8-c17cb3411e21,1633936968343,13.4876667,52.4876328,6.8000245,-1.2121763,2.424489,-3.177081,on bike mount,cyclo cross,True,fine gravel,good
39a181ce-cfdd-45dc-843b-ff515a46224b,cbed5937-6bb7-4c99-9918-7a3adcd18204,60cf81bb-aa8c-4425-a6d6-2a78cd1257e6,1633936968391,13.4876667,52.4876328,6.8000245,-0.018563509,-4.736186,2.845787,on bike mount,cyclo cross,True,fine gravel,good
39a181ce-cfdd-45dc-843b-ff515a46224b,cbed5937-6bb7-4c99-9918-7a3adcd18204,190fbaf8-6495-4b8b-9bfa-7fe651ac3835,1633936968443,13.4876667,52.4876328,6.8000245,0.46235818,-7.4759874,11.138635,on bike mount,cyclo cross,True,fine gravel,good
39a181ce-cfdd-45dc-843b-ff515a46224b,cbed5937-6bb7-4c99-9918-7a3adcd18204,55de6824-b98c-4511-8b9d-8931365c786b,1633936968510,13.4876667,52.4876328,6.8000245,0.31522787,1.7519817,-4.0144796,on bike mount,cyclo cross,True,fine gravel,good
39a181ce-cfdd-45dc-843b-ff515a46224b,cbed5937-6bb7-4c99-9918-7a3adcd18204,a740a72b-513f-4999-8a54-e351b54b2932,1633936968575,13.4876667,52.4876328,6.8000245,1.0446703,-1.9534173,2.4349384,on bike mount,cyclo cross,True,fine gravel,good
39a181ce-cfdd-45dc-843b-ff515a46224b,cbed5937-6bb7-4c99-9918-7a3adcd18204,0a243226-73fb-4f4b-9561-80b6f5448233,1633936968626,13.4876667,52.4876328,6.8000245,0.27528286,1.4993503,-1.6639705,on bike mount,cyclo cross,True,fine gravel,good
39a181ce-cfdd-45dc-843b-ff515a46224b,cbed5937-6bb7-4c99-9918-7a3adcd18204,c9e306f8-8c91-48fb-9e5c-49bc00b3690d,1633936968675,13.4876667,52.4876328,6.8000245,0.11908826,-1.3412929,-1.2622075,on bike mount,cyclo cross,True,fine gravel,good
39a181ce-cfdd-45dc-843b-ff515a46224b,cbed5937-6bb7-4c99-9918-7a3adcd18204,895a8fb7-f96e-494c-aeac-c69f0baba203,1633936968728,13.4876667,52.4876328,6.8000245,-0.044217408,0.19895005,0.44882965,on bike mount,cyclo cross,True,fine gravel,good
39a181ce-cfdd-45dc-843b-ff515a46224b,cbed5937-6bb7-4c99-9918-7a3adcd18204,aad93d13-b3ba-4336-9df5-a852a1cc116f,1633936968794,13.4876667,52.4876328,6.8000245,-0.27767766,2.8171887,-0.03900814,on bike mount,cyclo cross,True,fine gravel,good
39a181ce-cfdd-45dc-843b-ff515a46224b,cbed5937-6bb7-4c99-9918-7a3adcd18204,68712ccd-c4ca-46d2-bb60-fdc171e7a2d7,1633936968860,13.4876667,52.4876328,6.8000245,-1.2278073,-4.1116443,1.6440334,on bike mount,cyclo cross,True,fine gravel,good
39a181ce-cfdd-45dc-843b-ff515a46224b,cbed5937-6bb7-4c99-9918-7a3adcd18204,0985714d-e9e9-4587-890f-73a25cbdec57,1633936968927,13.4876667,52.4876328,6.8000245,1.033781,-3.5343714,0.21300793,on bike mount,cyclo cross,True,fine gravel,good
39a181ce-cfdd-45dc-843b-ff515a46224b,cbed5937-6bb7-4c99-9918-7a3adcd18204,5159a0c7-bf39-4b46-bdb4-dff8c35166ca,1633936968993,13.4876667,52.4876328,6.8000245,-0.5686799,-5.9526215,-0.95420456,on bike mount,cyclo cross,True,fine gravel,good
39a181ce-cfdd-45dc-843b-ff515a46224b,cbed5937-6bb7-4c99-9918-7a3adcd18204,a2d1e6e7-fe23-4ebb-9f69-e33a710c272a,1633936969045,13.4876667,52.4876328,6.8000245,-0.2295831,-0.37827253,2.0536928,on bike mount,cyclo cross,True,fine gravel,good
39a181ce-cfdd-45dc-843b-ff515a46224b,cbed5937-6bb7-4c99-9918-7a3adcd18204,14e2f629-fba1-453f-acae-b9e2257bda5a,1633936969112,13.487565,52.4876213,6.6689615,-3.7024553,1.0221417,-6.3617363,on bike mount,cyclo cross,True,fine gravel,good
39a181ce-cfdd-45dc-843b-ff515a46224b,cbed5937-6bb7-4c99-9918-7a3adcd18204,c84337b1-a98f-4b09-a2f5-9c1e5a22b3f3,1633936969162,13.487565,52.4876213,6.6689615,3.2909327,4.1552486,0.3908577,on bike mount,cyclo cross,True,fine gravel,good
39a181ce-cfdd-45dc-843b-ff515a46224b,cbed5937-6bb7-4c99-9918-7a3adcd18204,6529e7f8-5af9-4f7e-843f-f3a0f6654fa7,1633936969212,13.487565,52.4876213,6.6689615,0.06330979,-8.583258,3.67626,on bike mount,cyclo cross,True,fine gravel,good
39a181ce-cfdd-45dc-843b-ff515a46224b,cbed5937-6bb7-4c99-9918-7a3adcd18204,b11325aa-7956-4388-86c7-fb7e8153a028,1633936969263,13.487565,52.4876213,6.6689615,0.55401075,3.6690328,-8.028093,on bike mount,cyclo cross,True,fine gravel,good
39a181ce-cfdd-45dc-843b-ff515a46224b,cbed5937-6bb7-4c99-9918-7a3adcd18204,eca6b95e-95b5-49d9-bc7a-a4850aa15841,1633936969328,13.487565,52.4876213,6.6689615,-3.514701,-2.154339,-4.224495,on bike mount,cyclo cross,True,fine gravel,good
39a181ce-cfdd-45dc-843b-ff515a46224b,cbed5937-6bb7-4c99-9918-7a3adcd18204,e1d328b4-5067-49d9-80ee-20df6221cbd7,1633936969378,13.487565,52.4876213,6.6689615,1.6074084,-3.9618084,0.84135914,on bike mount,cyclo cross,True,fine gravel,good
39a181ce-cfdd-45dc-843b-ff515a46224b,cbed5937-6bb7-4c99-9918-7a3adcd18204,be1519b2-1ca7-425b-81dc-8630cff88f17,1633936969429,13.487565,52.4876213,6.6689615,-2.1408672,2.4189572,-1.0063372,on bike mount,cyclo cross,True,fine gravel,good
39a181ce-cfdd-45dc-843b-ff515a46224b,cbed5937-6bb7-4c99-9918-7a3adcd18204,b5338a8f-d947-4d3f-8e76-f944a7cd394e,1633936969480,13.487565,52.4876213,6.6689615,-3.222745,-6.3264885,6.660906,on bike mount,cyclo cross,True,fine gravel,good
39a181ce-cfdd-45dc-843b-ff515a46224b,cbed5937-6bb7-4c99-9918-7a3adcd18204,22be3dcf-f1eb-483e-8b3a-24927dc0667a,1633936969530,13.487565,52.4876213,6.6689615,0.34811378,4.4904575,0.27492046,on bike mount,cyclo cross,True,fine gravel,good
39a181ce-cfdd-45dc-843b-ff515a46224b,cbed5937-6bb7-4c99-9918-7a3adcd18204,3ed42d49-7b53-496c-941f-c4e79c96611e,1633936969595,13.487565,52.4876213,6.6689615,-3.0079625,-4.215264,0.65385246,on bike mount,cyclo cross,True,fine gravel,good
39a181ce-cfdd-45dc-843b-ff515a46224b,cbed5937-6bb7-4c99-9918-7a3adcd18204,c6346b7b-03e1-43e1-9aee-af2ef80e1ef0,1633936969645,13.487565,52.4876213,6.6689615,-0.7248743,-0.4569738,-2.5622005,on bike mount,cyclo cross,True,fine gravel,good
39a181ce-cfdd-45dc-843b-ff515a46224b,cbed5937-6bb7-4c99-9918-7a3adcd18204,7298b154-1490-4b71-846a-02344e0cdd00,1633936969697,13.487565,52.4876213,6.6689615,6.6113715,11.288602,-0.8108711,on bike mount,cyclo cross,True,fine gravel,good
39a181ce-cfdd-45dc-843b-ff515a46224b,cbed5937-6bb7-4c99-9918-7a3adcd18204,6b41eb36-da2c-4196-9442-80e82d825303,1633936969763,13.487565,52.4876213,6.6689615,1.4258442,-7.087605,11.914305,on bike mount,cyclo cross,True,fine gravel,good
39a181ce-cfdd-45dc-843b-ff515a46224b,cbed5937-6bb7-4c99-9918-7a3adcd18204,ab220a7a-bf2f-49e7-9938-90f751598d47,1633936969812,13.487565,52.4876213,6.6689615,2.9457254,12.753889,-4.987692,on bike mount,cyclo cross,True,fine gravel,good
39a181ce-cfdd-45dc-843b-ff515a46224b,cbed5937-6bb7-4c99-9918-7a3adcd18204,c8ace43e-c0ed-4ba5-9983-96e1a0a71c2f,1633936969862,13.487565,52.4876213,6.6689615,2.3192406,6.3722396,-4.482281,on bike mount,cyclo cross,True,fine gravel,good
39a181ce-cfdd-45dc-843b-ff515a46224b,cbed5937-6bb7-4c99-9918-7a3adcd18204,cc8181b6-4d86-4f53-a273-fe40e3d8cb00,1633936969913,13.487565,52.4876213,6.6689615,-1.441509,1.1239405,0.15925694,on bike mount,cyclo cross,True,fine gravel,good
39a181ce-cfdd-45dc-843b-ff515a46224b,cbed5937-6bb7-4c99-9918-7a3adcd18204,90ba135f-b780-4aa8-a3b4-43de6b7a0d48,1633936969964,13.487565,52.4876213,6.6689615,1.2203953,-0.68964124,-3.6381335,on bike mount,cyclo cross,True,fine gravel,good
39a181ce-cfdd-45dc-843b-ff515a46224b,cbed5937-6bb7-4c99-9918-7a3adcd18204,ef8d9201-4b0b-4083-9fc0-f4f7d526226d,1633936970032,13.487565,52.4876213,6.6689615,-1.1048384,-4.664713,-3.204534,on bike mount,cyclo cross,True,fine gravel,good
39a181ce-cfdd-45dc-843b-ff515a46224b,cbed5937-6bb7-4c99-9918-7a3adcd18204,19df8dd9-fba4-44e7-b13e-027e6838c645,1633936970098,13.4874685,52.4876114,5.6568575,0.8531817,0.6906178,-1.8036165,on bike mount,cyclo cross,True,fine gravel,good
39a181ce-cfdd-45dc-843b-ff515a46224b,cbed5937-6bb7-4c99-9918-7a3adcd18204,51e6187c-82a6-4930-842e-8472fa145263,1633936970164,13.4874685,52.4876114,5.6568575,-0.20773779,4.1222644,-2.3869066,on bike mount,cyclo cross,True,fine gravel,good
39a181ce-cfdd-45dc-843b-ff515a46224b,cbed5937-6bb7-4c99-9918-7a3adcd18204,50f3a87a-39e7-4973-a163-17b398a5d22c,1633936970214,13.4874685,52.4876114,5.6568575,-1.3457384,1.3674364,1.4786596,on bike mount,cyclo cross,True,fine gravel,good
39a181ce-cfdd-45dc-843b-ff515a46224b,cbed5937-6bb7-4c99-9918-7a3adcd18204,cf7c3501-1c4c-45a2-9c53-537957017cfa,1633936970265,13.4874685,52.4876114,5.6568575,-0.2689966,-0.6144719,2.2080336,on bike mount,cyclo cross,True,fine gravel,good
39a181ce-cfdd-45dc-843b-ff515a46224b,cbed5937-6bb7-4c99-9918-7a3adcd18204,6bfbb8f6-2d2b-4435-9454-f27f5fd0dde1,1633936970332,13.4874685,52.4876114,5.6568575,-0.04516863,3.4003725,-3.1498766,on bike mount,cyclo cross,True,fine gravel,good
39a181ce-cfdd-45dc-843b-ff515a46224b,cbed5937-6bb7-4c99-9918-7a3adcd18204,1e081c20-e8b1-4594-b04d-d65724e7762a,1633936970397,13.4874685,52.4876114,5.6568575,-0.53492117,-2.0398717,-1.416482,on bike mount,cyclo cross,True,fine gravel,good
39a181ce-cfdd-45dc-843b-ff515a46224b,cbed5937-6bb7-4c99-9918-7a3adcd18204,b23f95fe-9800-4ada-a510-11895d21f4e9,1633936970448,13.4874685,52.4876114,5.6568575,2.921723,0.21646786,-1.0999765,on bike mount,cyclo cross,True,fine gravel,good
39a181ce-cfdd-45dc-843b-ff515a46224b,cbed5937-6bb7-4c99-9918-7a3adcd18204,3bacae3f-0f1b-41f2-914c-7598652d5f63,1633936970497,13.4874685,52.4876114,5.6568575,0.9598653,6.4196343,0.887331,on bike mount,cyclo cross,True,fine gravel,good
39a181ce-cfdd-45dc-843b-ff515a46224b,cbed5937-6bb7-4c99-9918-7a3adcd18204,f7b8d687-800b-43fe-b607-542a4901bef5,1633936970548,13.4874685,52.4876114,5.6568575,-2.492837,1.4699748,-1.493494,on bike mount,cyclo cross,True,fine gravel,good
39a181ce-cfdd-45dc-843b-ff515a46224b,cbed5937-6bb7-4c99-9918-7a3adcd18204,4e3b574a-7082-4c25-adb2-005078915999,1633936970598,13.4874685,52.4876114,5.6568575,1.767319,-1.4180769,2.3944435,on bike mount,cyclo cross,True,fine gravel,good
39a181ce-cfdd-45dc-843b-ff515a46224b,cbed5937-6bb7-4c99-9918-7a3adcd18204,f20149f9-1a8f-49ac-8938-06792d4efc4f,1633936970649,13.4874685,52.4876114,5.6568575,0.12910163,-1.102937,4.2758055,on bike mount,cyclo cross,True,fine gravel,good
39a181ce-cfdd-45dc-843b-ff515a46224b,cbed5937-6bb7-4c99-9918-7a3adcd18204,6848cd88-ecdc-468d-8c6c-43fa7b56fa32,1633936970715,13.4874685,52.4876114,5.6568575,3.322308,2.8294463,2.3245325,on bike mount,cyclo cross,True,fine gravel,good
39a181ce-cfdd-45dc-843b-ff515a46224b,cbed5937-6bb7-4c99-9918-7a3adcd18204,1144f702-4764-4ad9-9a52-8401134a9046,1633936970765,13.4874685,52.4876114,5.6568575,2.0193014,-9.441542,-1.2091084,on bike mount,cyclo cross,True,fine gravel,good
39a181ce-cfdd-45dc-843b-ff515a46224b,cbed5937-6bb7-4c99-9918-7a3adcd18204,9206f050-702a-45ed-8e98-4634fb476f81,1633936970816,13.4874685,52.4876114,5.6568575,1.3200859,5.4510336,-2.7443795,on bike mount,cyclo cross,True,fine gravel,good
39a181ce-cfdd-45dc-843b-ff515a46224b,cbed5937-6bb7-4c99-9918-7a3adcd18204,4507309c-3b1b-4a61-84a7-e263c3851ec7,1633936970867,13.4874685,52.4876114,5.6568575,0.49733907,-1.1207411,4.412181,on bike mount,cyclo cross,True,fine gravel,good
39a181ce-cfdd-45dc-843b-ff515a46224b,cbed5937-6bb7-4c99-9918-7a3adcd18204,cb283462-e843-43dd-82ad-143675dd0317,1633936970916,13.4874685,52.4876114,5.6568575,2.1083968,0.6201596,-5.2982283,on bike mount,cyclo cross,True,fine gravel,good
39a181ce-cfdd-45dc-843b-ff515a46224b,cbed5937-6bb7-4c99-9918-7a3adcd18204,31aa867c-fcd9-4397-a2c6-13357425f9cf,1633936970967,13.4874685,52.4876114,5.6568575,0.18836358,-4.311104,-6.5037155,on bike mount,cyclo cross,True,fine gravel,good
39a181ce-cfdd-45dc-843b-ff515a46224b,cbed5937-6bb7-4c99-9918-7a3adcd18204,36475cc0-62aa-4cea-9738-3c73ba01dd32,1633936971016,13.4874685,52.4876114,5.6568575,-0.28713387,-10.132132,0.3120489,on bike mount,cyclo cross,True,fine gravel,good
39a181ce-cfdd-45dc-843b-ff515a46224b,cbed5937-6bb7-4c99-9918-7a3adcd18204,178f0080-c0c6-4aa2-b75d-7cf94d87e09d,1633936971067,13.4874685,52.4876114,5.6568575,-0.7092149,-7.837855,5.792948,on bike mount,cyclo cross,True,fine gravel,good
39a181ce-cfdd-45dc-843b-ff515a46224b,cbed5937-6bb7-4c99-9918-7a3adcd18204,be4ade12-74a0-416a-8a84-6832a039bfc9,1633936971118,13.4873729,52.4876017,7.844219,0.10815494,5.854353,-2.537994,on bike mount,cyclo cross,True,fine gravel,good
39a181ce-cfdd-45dc-843b-ff515a46224b,cbed5937-6bb7-4c99-9918-7a3adcd18204,e014bbb4-ed72-4ee6-a7bc-ef2b19611769,1633936971184,13.4873729,52.4876017,7.844219,-0.897114,-3.516383,2.667552,on bike mount,cyclo cross,True,fine gravel,good
39a181ce-cfdd-45dc-843b-ff515a46224b,cbed5937-6bb7-4c99-9918-7a3adcd18204,a97a9225-cded-4e3a-a78b-5089f2176f75,1633936971251,13.4873729,52.4876017,7.844219,1.5652713,1.2180498,2.9968443,on bike mount,cyclo cross,True,fine gravel,good
39a181ce-cfdd-45dc-843b-ff515a46224b,cbed5937-6bb7-4c99-9918-7a3adcd18204,e80be716-8d2c-43cb-aea5-2bd9f0346f39,1633936971317,13.4873729,52.4876017,7.844219,0.3328095,1.3527627,1.6030655,on bike mount,cyclo cross,True,fine gravel,good
39a181ce-cfdd-45dc-843b-ff515a46224b,cbed5937-6bb7-4c99-9918-7a3adcd18204,b4fa8d71-c071-4115-a947-3a17259413c8,1633936971368,13.4873729,52.4876017,7.844219,0.35663462,2.1371303,-0.7213745,on bike mount,cyclo cross,True,fine gravel,good
39a181ce-cfdd-45dc-843b-ff515a46224b,cbed5937-6bb7-4c99-9918-7a3adcd18204,250e0b39-46d7-441a-838d-2a7bc5e1b0e0,1633936971434,13.4873729,52.4876017,7.844219,-0.6008322,-1.0284212,0.75199986,on bike mount,cyclo cross,True,fine gravel,good
39a181ce-cfdd-45dc-843b-ff515a46224b,cbed5937-6bb7-4c99-9918-7a3adcd18204,f57c5265-86b9-44b4-819d-f80a38bb9558,1633936971484,13.4873729,52.4876017,7.844219,-1.0093265,0.9208915,3.1300278,on bike mount,cyclo cross,True,fine gravel,good
39a181ce-cfdd-45dc-843b-ff515a46224b,cbed5937-6bb7-4c99-9918-7a3adcd18204,65953feb-b9d3-4c68-a645-28b7ca5df96e,1633936971534,13.4873729,52.4876017,7.844219,2.4866104,5.298128,-5.228968,on bike mount,cyclo cross,True,fine gravel,good
39a181ce-cfdd-45dc-843b-ff515a46224b,cbed5937-6bb7-4c99-9918-7a3adcd18204,3d504c08-1be4-4a95-b49c-887148319070,1633936971584,13.4873729,52.4876017,7.844219,-1.1575153,-2.1820183,9.9696865,on bike mount,cyclo cross,True,fine gravel,good
39a181ce-cfdd-45dc-843b-ff515a46224b,cbed5937-6bb7-4c99-9918-7a3adcd18204,826d7023-32e4-465b-bf63-851468434320,1633936971636,13.4873729,52.4876017,7.844219,-2.534205,2.8654757,-2.985002,on bike mount,cyclo cross,True,fine gravel,good
39a181ce-cfdd-45dc-843b-ff515a46224b,cbed5937-6bb7-4c99-9918-7a3adcd18204,4ecb3670-93f7-426e-a013-a1762e270adf,1633936971686,13.4873729,52.4876017,7.844219,-1.658452,1.2801731,3.9599981,on bike mount,cyclo cross,True,fine gravel,good
39a181ce-cfdd-45dc-843b-ff515a46224b,cbed5937-6bb7-4c99-9918-7a3adcd18204,45d4cb30-e7bd-4f0f-a46a-1b6c7aff9cbd,1633936971753,13.4873729,52.4876017,7.844219,0.1419267,0.13547683,0.9043665,on bike mount,cyclo cross,True,fine gravel,good
39a181ce-cfdd-45dc-843b-ff515a46224b,cbed5937-6bb7-4c99-9918-7a3adcd18204,6ed0faa8-33fd-495b-b266-3febb74cef78,1633936971804,13.4873729,52.4876017,7.844219,-2.074393,-0.98260236,5.1190786,on bike mount,cyclo cross,True,fine gravel,good
39a181ce-cfdd-45dc-843b-ff515a46224b,cbed5937-6bb7-4c99-9918-7a3adcd18204,d3edd695-e83c-47be-8606-1e30ba0b7ad3,1633936971869,13.4873729,52.4876017,7.844219,1.0271643,-1.4486995,-0.42984676,on bike mount,cyclo cross,True,fine gravel,good
39a181ce-cfdd-45dc-843b-ff515a46224b,cbed5937-6bb7-4c99-9918-7a3adcd18204,18b65d16-a801-468c-904a-8f4f268adaa9,1633936971918,13.4873729,52.4876017,7.844219,0.76170063,0.32449412,-3.7297657,on bike mount,cyclo cross,True,fine gravel,good
39a181ce-cfdd-45dc-843b-ff515a46224b,cbed5937-6bb7-4c99-9918-7a3adcd18204,b8aeca63-8af1-4928-9787-a844243c74bf,1633936971969,13.4873729,52.4876017,7.844219,-3.361379,4.4490566,-1.5444069,on bike mount,cyclo cross,True,fine gravel,good
39a181ce-cfdd-45dc-843b-ff515a46224b,cbed5937-6bb7-4c99-9918-7a3adcd18204,56f98ef0-35bd-4892-8bc0-664f7ba85e6c,1633936972021,13.4873729,52.4876017,7.844219,-1.7023165,3.9051914,1.9373531,on bike mount,cyclo cross,True,fine gravel,good
39a181ce-cfdd-45dc-843b-ff515a46224b,cbed5937-6bb7-4c99-9918-7a3adcd18204,71a51b79-8430-4e52-bb2e-d6c37485bc0b,1633936972086,13.4873729,52.4876017,7.844219,-0.12151015,-1.0227745,-7.644695,on bike mount,cyclo cross,True,fine gravel,good
39a181ce-cfdd-45dc-843b-ff515a46224b,cbed5937-6bb7-4c99-9918-7a3adcd18204,0a5ca859-c1d6-4a87-b01f-291b914eb420,1633936972136,13.4872552,52.4875919,7.231021,-0.19178137,3.1909413,7.101405,on bike mount,cyclo cross,True,fine gravel,good
39a181ce-cfdd-45dc-843b-ff515a46224b,cbed5937-6bb7-4c99-9918-7a3adcd18204,b4195852-eec3-4af0-9df1-a0803403aa79,1633936972186,13.4872552,52.4875919,7.231021,-2.0999298,0.6828003,6.0273466,on bike mount,cyclo cross,True,fine gravel,good
39a181ce-cfdd-45dc-843b-ff515a46224b,cbed5937-6bb7-4c99-9918-7a3adcd18204,48a4335b-fc7d-4c27-821c-9378f47499e0,1633936972236,13.4872552,52.4875919,7.231021,-0.6414474,-0.24385238,-1.3509936,on bike mount,cyclo cross,True,fine gravel,good
39a181ce-cfdd-45dc-843b-ff515a46224b,cbed5937-6bb7-4c99-9918-7a3adcd18204,f5f18fea-10d0-4e3f-9484-e421be632ef3,1633936972288,13.4872552,52.4875919,7.231021,-0.40639454,-1.735589,2.0627031,on bike mount,cyclo cross,True,fine gravel,good
39a181ce-cfdd-45dc-843b-ff515a46224b,cbed5937-6bb7-4c99-9918-7a3adcd18204,c2729252-32c5-4089-bd8e-6b663706225e,1633936972336,13.4872552,52.4875919,7.231021,0.9531398,0.42696595,-6.5592036,on bike mount,cyclo cross,True,fine gravel,good
39a181ce-cfdd-45dc-843b-ff515a46224b,cbed5937-6bb7-4c99-9918-7a3adcd18204,a1d35237-bc79-4358-8997-3a4490be7daa,1633936972387,13.4872552,52.4875919,7.231021,-1.3811227,1.4343095,5.893547,on bike mount,cyclo cross,True,fine gravel,good
39a181ce-cfdd-45dc-843b-ff515a46224b,cbed5937-6bb7-4c99-9918-7a3adcd18204,bea85896-999c-4f7d-89e3-1a305008858a,1633936972438,13.4872552,52.4875919,7.231021,1.6029798,-5.8349276,5.711952,on bike mount,cyclo cross,True,fine gravel,good
39a181ce-cfdd-45dc-843b-ff515a46224b,cbed5937-6bb7-4c99-9918-7a3adcd18204,58a560eb-5834-45b2-8754-59c083b48cfd,1633936972505,13.4872552,52.4875919,7.231021,-0.7927716,4.546949,-1.5024896,on bike mount,cyclo cross,True,fine gravel,good
39a181ce-cfdd-45dc-843b-ff515a46224b,cbed5937-6bb7-4c99-9918-7a3adcd18204,2137139d-688d-474d-b6a4-9bd3b45839c1,1633936972555,13.4872552,52.4875919,7.231021,-0.33652642,4.686264,-3.378093,on bike mount,cyclo cross,True,fine gravel,good
39a181ce-cfdd-45dc-843b-ff515a46224b,cbed5937-6bb7-4c99-9918-7a3adcd18204,84551ecf-c2d9-4cf2-af1c-f3dcdd78ad47,1633936972606,13.4872552,52.4875919,7.231021,-1.9944203,-6.0861397,6.2122965,on bike mount,cyclo cross,True,fine gravel,good
39a181ce-cfdd-45dc-843b-ff515a46224b,cbed5937-6bb7-4c99-9918-7a3adcd18204,8a9ae7d2-351d-473b-ba9f-f32cdec3abe8,1633936972671,13.4872552,52.4875919,7.231021,-1.0375612,5.2062893,-1.8876109,on bike mount,cyclo cross,True,fine gravel,good
39a181ce-cfdd-45dc-843b-ff515a46224b,cbed5937-6bb7-4c99-9918-7a3adcd18204,d2678039-ff27-412f-b0ec-a66f242357f6,1633936972722,13.4872552,52.4875919,7.231021,-1.0627463,3.843213,-0.6980953,on bike mount,cyclo cross,True,fine gravel,good
39a181ce-cfdd-45dc-843b-ff515a46224b,cbed5937-6bb7-4c99-9918-7a3adcd18204,9f94aaa6-81e2-45f0-93dc-65e65a52a9e7,1633936972772,13.4872552,52.4875919,7.231021,0.34899473,-1.5209649,0.49774742,on bike mount,cyclo cross,True,fine gravel,good
39a181ce-cfdd-45dc-843b-ff515a46224b,cbed5937-6bb7-4c99-9918-7a3adcd18204,3d6ebe8f-fcf3-4d93-a16b-eb2548c56531,1633936972823,13.4872552,52.4875919,7.231021,2.024622,-7.167653,8.945366,on bike mount,cyclo cross,True,fine gravel,good
39a181ce-cfdd-45dc-843b-ff515a46224b,cbed5937-6bb7-4c99-9918-7a3adcd18204,e9de67f8-3d20-43d1-8ec5-393840da0c25,1633936972889,13.4872552,52.4875919,7.231021,2.227869,-0.92415285,3.748559,on bike mount,cyclo cross,True,fine gravel,good
39a181ce-cfdd-45dc-843b-ff515a46224b,cbed5937-6bb7-4c99-9918-7a3adcd18204,33022417-7f85-4b4e-8db2-34bb6a401732,1633936972940,13.4872552,52.4875919,7.231021,-1.5105164,-0.2844591,1.2988529,on bike mount,cyclo cross,True,fine gravel,good
39a181ce-cfdd-45dc-843b-ff515a46224b,cbed5937-6bb7-4c99-9918-7a3adcd18204,3b9ab1d2-e48d-4c4b-b9ae-08648564a8ee,1633936973005,13.4872552,52.4875919,7.231021,0.3250202,2.808754,1.7764177,on bike mount,cyclo cross,True,fine gravel,good
39a181ce-cfdd-45dc-843b-ff515a46224b,cbed5937-6bb7-4c99-9918-7a3adcd18204,201bace8-613e-4fb7-adbb-847127e4bd83,1633936973055,13.4872552,52.4875919,7.231021,0.8043362,2.9674978,-0.091413975,on bike mount,cyclo cross,True,fine gravel,good
39a181ce-cfdd-45dc-843b-ff515a46224b,cbed5937-6bb7-4c99-9918-7a3adcd18204,fdbdb333-c6db-4948-9c5d-ff3699ce8c54,1633936973107,13.4871475,52.487579,7.412359,-1.1658642,0.13356352,-0.84676075,on bike mount,cyclo cross,True,fine gravel,good
39a181ce-cfdd-45dc-843b-ff515a46224b,cbed5937-6bb7-4c99-9918-7a3adcd18204,4f8ca1de-efe1-4fc3-878d-8d1790aa4bd2,1633936973172,13.4871475,52.487579,7.412359,0.42279315,0.7524078,1.3456783,on bike mount,cyclo cross,True,fine gravel,good
39a181ce-cfdd-45dc-843b-ff515a46224b,cbed5937-6bb7-4c99-9918-7a3adcd18204,0b4db48d-0180-4202-bfe0-8766ec73f433,1633936973223,13.4871475,52.487579,7.412359,0.074219696,-3.1824694,0.35332584,on bike mount,cyclo cross,True,fine gravel,good
39a181ce-cfdd-45dc-843b-ff515a46224b,cbed5937-6bb7-4c99-9918-7a3adcd18204,1d1f3b61-4fe9-429d-bf85-ca84f25ed593,1633936973272,13.4871475,52.487579,7.412359,3.5018477,5.248611,3.6822834,on bike mount,cyclo cross,True,fine gravel,good
39a181ce-cfdd-45dc-843b-ff515a46224b,cbed5937-6bb7-4c99-9918-7a3adcd18204,4bce520e-fb97-4481-bc0b-79648e96fb9b,1633936973323,13.4871475,52.487579,7.412359,-0.8608188,-0.73231506,0.7981777,on bike mount,cyclo cross,True,fine gravel,good
39a181ce-cfdd-45dc-843b-ff515a46224b,cbed5937-6bb7-4c99-9918-7a3adcd18204,c34820db-925d-4e92-9d54-206fcc0b22da,1633936973374,13.4871475,52.487579,7.412359,0.9915936,-0.86849594,1.8478813,on bike mount,cyclo cross,True,fine gravel,good
39a181ce-cfdd-45dc-843b-ff515a46224b,cbed5937-6bb7-4c99-9918-7a3adcd18204,9422dbc0-8fe1-4a58-8d66-8e3999879365,1633936973423,13.4871475,52.487579,7.412359,0.44428486,-3.079969,-3.568849,on bike mount,cyclo cross,True,fine gravel,good
39a181ce-cfdd-45dc-843b-ff515a46224b,cbed5937-6bb7-4c99-9918-7a3adcd18204,c7d66b51-52b2-4b82-90e2-5b8498ccf3f5,1633936973475,13.4871475,52.487579,7.412359,-1.9605421,-2.6547742,-6.8734417,on bike mount,cyclo cross,True,fine gravel,good
39a181ce-cfdd-45dc-843b-ff515a46224b,cbed5937-6bb7-4c99-9918-7a3adcd18204,9e2f4ecd-87c1-4192-89f6-5740a99be2a4,1633936973540,13.4871475,52.487579,7.412359,-0.5114322,0.7481854,-1.1365919,on bike mount,cyclo cross,True,fine gravel,good
39a181ce-cfdd-45dc-843b-ff515a46224b,cbed5937-6bb7-4c99-9918-7a3adcd18204,7721ae07-6412-4612-902e-08eaead708b7,1633936973590,13.4871475,52.487579,7.412359,-0.7197696,-0.10208249,-1.699502,on bike mount,cyclo cross,True,fine gravel,good
39a181ce-cfdd-45dc-843b-ff515a46224b,cbed5937-6bb7-4c99-9918-7a3adcd18204,de9fea19-395e-494b-8348-1da954235f6a,1633936973642,13.4871475,52.487579,7.412359,0.48189703,0.4986236,-3.1942487,on bike mount,cyclo cross,True,fine gravel,good
39a181ce-cfdd-45dc-843b-ff515a46224b,cbed5937-6bb7-4c99-9918-7a3adcd18204,30adaece-126c-429e-b8d1-e94c8872d821,1633936973708,13.4871475,52.487579,7.412359,-0.6575965,1.7721472,3.0898418,on bike mount,cyclo cross,True,fine gravel,good
39a181ce-cfdd-45dc-843b-ff515a46224b,cbed5937-6bb7-4c99-9918-7a3adcd18204,cca02793-81ec-49d7-8ce0-12d7f42f602b,1633936973759,13.4871475,52.487579,7.412359,-0.96502256,6.562825,-8.039172,on bike mount,cyclo cross,True,fine gravel,good
39a181ce-cfdd-45dc-843b-ff515a46224b,cbed5937-6bb7-4c99-9918-7a3adcd18204,726b62ff-acb8-4fb1-9737-a6b36304a777,1633936973825,13.4871475,52.487579,7.412359,1.004753,-4.788964,1.2699566,on bike mount,cyclo cross,True,fine gravel,good
39a181ce-cfdd-45dc-843b-ff515a46224b,cbed5937-6bb7-4c99-9918-7a3adcd18204,9fcc4218-32fc-4a0f-9ac1-91a795ef106e,1633936973875,13.4871475,52.487579,7.412359,-0.6546032,-0.15343714,4.6394825,on bike mount,cyclo cross,True,fine gravel,good
39a181ce-cfdd-45dc-843b-ff515a46224b,cbed5937-6bb7-4c99-9918-7a3adcd18204,64242a0a-89f8-4869-ae7f-03da896ec81b,1633936973928,13.4871475,52.487579,7.412359,-0.042959932,4.8831835,-3.4191694,on bike mount,cyclo cross,True,fine gravel,good
39a181ce-cfdd-45dc-843b-ff515a46224b,cbed5937-6bb7-4c99-9918-7a3adcd18204,7ca8e93a-49d5-488c-86f1-2ace6d95446f,1633936973993,13.4871475,52.487579,7.412359,0.22614285,0.765996,0.5524006,on bike mount,cyclo cross,True,fine gravel,good
39a181ce-cfdd-45dc-843b-ff515a46224b,cbed5937-6bb7-4c99-9918-7a3adcd18204,afaa83ab-fedf-4d4e-8161-424bbc3382a6,1633936974043,13.4871475,52.487579,7.412359,-1.4367442,-6.2706623,-7.6477566,on bike mount,cyclo cross,True,fine gravel,good
39a181ce-cfdd-45dc-843b-ff515a46224b,cbed5937-6bb7-4c99-9918-7a3adcd18204,703023fc-400a-41fe-9376-1447a8ac4979,1633936974110,13.4870422,52.4875649,6.9036064,-0.5933339,-3.5782416,-1.0800762,on bike mount,cyclo cross,True,fine gravel,good
39a181ce-cfdd-45dc-843b-ff515a46224b,cbed5937-6bb7-4c99-9918-7a3adcd18204,5b005bac-322a-48e0-9604-410a10ad775d,1633936974176,13.4870422,52.4875649,6.9036064,1.9881617,6.5133634,-2.513619,on bike mount,cyclo cross,True,fine gravel,good
39a181ce-cfdd-45dc-843b-ff515a46224b,cbed5937-6bb7-4c99-9918-7a3adcd18204,0f7b590f-ea1e-4605-ae21-6bfc9140fdef,1633936974226,13.4870422,52.4875649,6.9036064,-1.2912095,-1.4542909,0.44871616,on bike mount,cyclo cross,True,fine gravel,good
39a181ce-cfdd-45dc-843b-ff515a46224b,cbed5937-6bb7-4c99-9918-7a3adcd18204,b830b2af-db90-40bb-a4e5-5e99aac6a8f2,1633936974277,13.4870422,52.4875649,6.9036064,-1.1138749,4.8437176,3.9140549,on bike mount,cyclo cross,True,fine gravel,good
39a181ce-cfdd-45dc-843b-ff515a46224b,cbed5937-6bb7-4c99-9918-7a3adcd18204,8a769651-2399-49b8-b6c2-cf3c8c4f406f,1633936974344,13.4870422,52.4875649,6.9036064,1.8133335,6.219159,-4.8104534,on bike mount,cyclo cross,True,fine gravel,good
39a181ce-cfdd-45dc-843b-ff515a46224b,cbed5937-6bb7-4c99-9918-7a3adcd18204,1c4c8e68-2134-47f1-b144-9975c67d5d76,1633936974410,13.4870422,52.4875649,6.9036064,2.5366035,6.5551653,5.947606,on bike mount,cyclo cross,True,fine gravel,good
39a181ce-cfdd-45dc-843b-ff515a46224b,cbed5937-6bb7-4c99-9918-7a3adcd18204,d21d8f34-2639-4f3a-811e-e55689590e5a,1633936974462,13.4870422,52.4875649,6.9036064,0.5855494,-10.93565,0.806118,on bike mount,cyclo cross,True,fine gravel,good
39a181ce-cfdd-45dc-843b-ff515a46224b,cbed5937-6bb7-4c99-9918-7a3adcd18204,7faf4b80-1ddf-4815-869d-ae8939ede41f,1633936974527,13.4870422,52.4875649,6.9036064,0.83060884,-7.311422,4.6151104,on bike mount,cyclo cross,True,fine gravel,good
39a181ce-cfdd-45dc-843b-ff515a46224b,cbed5937-6bb7-4c99-9918-7a3adcd18204,70139b1b-4e0a-4460-adb6-fc58838b2c90,1633936974579,13.4870422,52.4875649,6.9036064,0.26383156,-6.7321563,1.3464642,on bike mount,cyclo cross,True,fine gravel,good
39a181ce-cfdd-45dc-843b-ff515a46224b,cbed5937-6bb7-4c99-9918-7a3adcd18204,0928870c-c9b6-41be-9690-0972c53fcbba,1633936974645,13.4870422,52.4875649,6.9036064,-0.33281672,-5.4832892,-1.296094,on bike mount,cyclo cross,True,fine gravel,good
39a181ce-cfdd-45dc-843b-ff515a46224b,cbed5937-6bb7-4c99-9918-7a3adcd18204,17c5781d-3689-4412-8fcd-e23930894d1d,1633936974696,13.4870422,52.4875649,6.9036064,-0.006333947,-1.6461333,-2.0300531,on bike mount,cyclo cross,True,fine gravel,good
39a181ce-cfdd-45dc-843b-ff515a46224b,cbed5937-6bb7-4c99-9918-7a3adcd18204,c43ec281-8030-4dd0-beea-1bcd78f44bd6,1633936974746,13.4870422,52.4875649,6.9036064,0.9814138,-6.207016,7.5969563,on bike mount,cyclo cross,True,fine gravel,good
39a181ce-cfdd-45dc-843b-ff515a46224b,cbed5937-6bb7-4c99-9918-7a3adcd18204,59830758-4e61-48c6-9719-fa036cc31af4,1633936974813,13.4870422,52.4875649,6.9036064,1.190417,-0.62823033,6.091303,on bike mount,cyclo cross,True,fine gravel,good
39a181ce-cfdd-45dc-843b-ff515a46224b,cbed5937-6bb7-4c99-9918-7a3adcd18204,d1346f32-2bca-4067-80cb-a0364bc64529,1633936974878,13.4870422,52.4875649,6.9036064,-2.3654857,5.868261,-7.587435,on bike mount,cyclo cross,True,fine gravel,good
39a181ce-cfdd-45dc-843b-ff515a46224b,cbed5937-6bb7-4c99-9918-7a3adcd18204,b6395e08-bdd6-40f6-8658-4c470322c2ab,1633936974928,13.4870422,52.4875649,6.9036064,0.22162414,-0.06890774,7.128274,on bike mount,cyclo cross,True,fine gravel,good
39a181ce-cfdd-45dc-843b-ff515a46224b,cbed5937-6bb7-4c99-9918-7a3adcd18204,19a777a5-7800-4e31-9971-b4e9e705a786,1633936974979,13.4870422,52.4875649,6.9036064,-2.2944884,-0.4918387,-1.6160526,on bike mount,cyclo cross,True,fine gravel,good
39a181ce-cfdd-45dc-843b-ff515a46224b,cbed5937-6bb7-4c99-9918-7a3adcd18204,6f8ad781-d322-4f58-a663-9013e0f48219,1633936975029,13.4870422,52.4875649,6.9036064,-0.15971038,-11.0691805,-2.4336853,on bike mount,cyclo cross,True,fine gravel,good
39a181ce-cfdd-45dc-843b-ff515a46224b,cbed5937-6bb7-4c99-9918-7a3adcd18204,dec5b7d8-cfb3-4b9d-88eb-90471f24316f,1633936975086,13.4870422,52.4875649,6.9036064,-2.3459356,6.416208,5.692932,on bike mount,cyclo cross,True,fine gravel,good
39a181ce-cfdd-45dc-843b-ff515a46224b,cbed5937-6bb7-4c99-9918-7a3adcd18204,3dfbf96b-9709-4066-b9da-035f0f696a82,1633936975146,13.4869397,52.4875477,7.266805,-2.8244543,1.8219194,16.093994,on bike mount,cyclo cross,True,fine gravel,good
39a181ce-cfdd-45dc-843b-ff515a46224b,cbed5937-6bb7-4c99-9918-7a3adcd18204,43ca18df-df2f-4dc1-bf33-a3b9af8d3ffd,1633936975196,13.4869397,52.4875477,7.266805,1.7669083,-4.2903175,3.3493032,on bike mount,cyclo cross,True,fine gravel,good
39a181ce-cfdd-45dc-843b-ff515a46224b,cbed5937-6bb7-4c99-9918-7a3adcd18204,f38aea6d-b3fb-4114-a29f-32a6cd03ba8b,1633936975247,13.4869397,52.4875477,7.266805,-0.46360195,-6.9460382,1.1030388,on bike mount,cyclo cross,True,fine gravel,good
39a181ce-cfdd-45dc-843b-ff515a46224b,cbed5937-6bb7-4c99-9918-7a3adcd18204,9b1cfb88-03f4-40e5-9961-89f17c891a2d,1633936975298,13.4869397,52.4875477,7.266805,-0.01556468,-2.9325876,3.7566757,on bike mount,cyclo cross,True,fine gravel,good
39a181ce-cfdd-45dc-843b-ff515a46224b,cbed5937-6bb7-4c99-9918-7a3adcd18204,1db358ee-c4c6-41cc-88f3-2e9939a22123,1633936975365,13.4869397,52.4875477,7.266805,-9.589203,12.487621,-7.788159,on bike mount,cyclo cross,True,fine gravel,good
39a181ce-cfdd-45dc-843b-ff515a46224b,cbed5937-6bb7-4c99-9918-7a3adcd18204,107603d3-9bb8-43b3-b239-2e44a4f0785c,1633936975430,13.4869397,52.4875477,7.266805,-3.6594436,-10.113121,3.724968,on bike mount,cyclo cross,True,fine gravel,good
39a181ce-cfdd-45dc-843b-ff515a46224b,cbed5937-6bb7-4c99-9918-7a3adcd18204,029260d4-141e-4e00-bdda-6bb1b087cd75,1633936975481,13.4869397,52.4875477,7.266805,1.2700891,1.9397061,-19.61134,on bike mount,cyclo cross,True,fine gravel,good
39a181ce-cfdd-45dc-843b-ff515a46224b,cbed5937-6bb7-4c99-9918-7a3adcd18204,78d12517-4952-4387-a276-7dfe39caa60d,1633936975531,13.4869397,52.4875477,7.266805,-1.4886118,6.3354807,0.6548338,on bike mount,cyclo cross,True,fine gravel,good
39a181ce-cfdd-45dc-843b-ff515a46224b,cbed5937-6bb7-4c99-9918-7a3adcd18204,09855150-e88b-442b-a4d4-e71478e4df24,1633936975581,13.4869397,52.4875477,7.266805,-0.3097769,-0.34887767,-1.9386764,on bike mount,cyclo cross,True,fine gravel,good
39a181ce-cfdd-45dc-843b-ff515a46224b,cbed5937-6bb7-4c99-9918-7a3adcd18204,16d065ba-021f-4534-a9f1-7d1574aebbc4,1633936975631,13.4869397,52.4875477,7.266805,-0.94359803,-3.0052218,2.468793,on bike mount,cyclo cross,True,fine gravel,good
39a181ce-cfdd-45dc-843b-ff515a46224b,cbed5937-6bb7-4c99-9918-7a3adcd18204,8c5a87e4-f280-4a59-8e35-df1e069bdc1b,1633936975697,13.4869397,52.4875477,7.266805,2.4220734,-6.591591,9.094129,on bike mount,cyclo cross,True,fine gravel,good
39a181ce-cfdd-45dc-843b-ff515a46224b,cbed5937-6bb7-4c99-9918-7a3adcd18204,2f807a27-2dad-4f52-85c2-afc3f9a17a5b,1633936975748,13.4869397,52.4875477,7.266805,-0.44030637,-8.393229,8.410246,on bike mount,cyclo cross,True,fine gravel,good
39a181ce-cfdd-45dc-843b-ff515a46224b,cbed5937-6bb7-4c99-9918-7a3adcd18204,902a04a0-8876-478c-a7a9-6676ebc70f64,1633936975798,13.4869397,52.4875477,7.266805,-0.9047292,-1.7180121,0.2643509,on bike mount,cyclo cross,True,fine gravel,good
39a181ce-cfdd-45dc-843b-ff515a46224b,cbed5937-6bb7-4c99-9918-7a3adcd18204,062d5582-f36f-4451-b984-904c3f8173ab,1633936975848,13.4869397,52.4875477,7.266805,-0.6948784,-0.28958392,4.3076153,on bike mount,cyclo cross,True,fine gravel,good
39a181ce-cfdd-45dc-843b-ff515a46224b,cbed5937-6bb7-4c99-9918-7a3adcd18204,de05a4f7-d028-49da-8e1c-87452c1cf2d8,1633936975899,13.4869397,52.4875477,7.266805,0.74783534,-0.4713695,1.1544552,on bike mount,cyclo cross,True,fine gravel,good
39a181ce-cfdd-45dc-843b-ff515a46224b,cbed5937-6bb7-4c99-9918-7a3adcd18204,f83bfd03-76e7-4ed8-bf7b-9d2d77502e86,1633936975949,13.4869397,52.4875477,7.266805,-0.9779911,-0.73300505,-1.6734619,on bike mount,cyclo cross,True,fine gravel,good
39a181ce-cfdd-45dc-843b-ff515a46224b,cbed5937-6bb7-4c99-9918-7a3adcd18204,dc54bc36-ced6-4244-8fef-b6e9887595b2,1633936976000,13.4869397,52.4875477,7.266805,-2.5958228,4.2597156,-7.3468695,on bike mount,cyclo cross,True,fine gravel,good
39a181ce-cfdd-45dc-843b-ff515a46224b,cbed5937-6bb7-4c99-9918-7a3adcd18204,1c295036-1c2e-4c74-8b2f-3a970357c667,1633936976066,13.4869397,52.4875477,7.266805,4.3137174,0.3172903,-10.562758,on bike mount,cyclo cross,True,fine gravel,good
39a181ce-cfdd-45dc-843b-ff515a46224b,cbed5937-6bb7-4c99-9918-7a3adcd18204,d4962e23-d062-4251-ab2b-68d753833a8b,1633936976118,13.4868352,52.4875284,6.899799,0.29915792,3.378643,-5.174584,on bike mount,cyclo cross,True,fine gravel,good
39a181ce-cfdd-45dc-843b-ff515a46224b,cbed5937-6bb7-4c99-9918-7a3adcd18204,e587b455-545e-4ff7-a8b2-7599094d96ec,1633936976167,13.4868352,52.4875284,6.899799,1.7857445,6.0953336,5.064945,on bike mount,cyclo cross,True,fine gravel,good
39a181ce-cfdd-45dc-843b-ff515a46224b,cbed5937-6bb7-4c99-9918-7a3adcd18204,c13d4033-82f4-43b6-8685-96c178b67700,1633936976218,13.4868352,52.4875284,6.899799,-1.40982,2.125545,-1.1075654,on bike mount,cyclo cross,True,fine gravel,good
39a181ce-cfdd-45dc-843b-ff515a46224b,cbed5937-6bb7-4c99-9918-7a3adcd18204,0c1a3c0f-df45-4b5b-8887-bbb2143057b7,1633936976284,13.4868352,52.4875284,6.899799,0.2963512,-1.8112197,-2.393155,on bike mount,cyclo cross,True,fine gravel,good
39a181ce-cfdd-45dc-843b-ff515a46224b,cbed5937-6bb7-4c99-9918-7a3adcd18204,5befd495-ebd4-47f4-bc6e-e8aa4ef2c870,1633936976335,13.4868352,52.4875284,6.899799,-0.06362137,-4.3346176,-5.930847,on bike mount,cyclo cross,True,fine gravel,good
39a181ce-cfdd-45dc-843b-ff515a46224b,cbed5937-6bb7-4c99-9918-7a3adcd18204,74eb5e3a-892a-4f46-8204-4f6049d59f12,1633936976400,13.4868352,52.4875284,6.899799,-1.8886228,3.2554715,-1.3891106,on bike mount,cyclo cross,True,fine gravel,good
39a181ce-cfdd-45dc-843b-ff515a46224b,cbed5937-6bb7-4c99-9918-7a3adcd18204,6f93cfb7-1a99-4fae-b53e-157f16206ae0,1633936976451,13.4868352,52.4875284,6.899799,0.15626514,3.1725912,7.171933,on bike mount,cyclo cross,True,fine gravel,good
39a181ce-cfdd-45dc-843b-ff515a46224b,cbed5937-6bb7-4c99-9918-7a3adcd18204,27d76d49-5a48-462f-bf62-995e19fbe29b,1633936976500,13.4868352,52.4875284,6.899799,2.7163963,6.527493,-7.345675,on bike mount,cyclo cross,True,fine gravel,good
39a181ce-cfdd-45dc-843b-ff515a46224b,cbed5937-6bb7-4c99-9918-7a3adcd18204,960d4b2f-d87d-451e-ad58-d4286a053189,1633936976551,13.4868352,52.4875284,6.899799,0.13892755,-4.6189356,5.7732058,on bike mount,cyclo cross,True,fine gravel,good
39a181ce-cfdd-45dc-843b-ff515a46224b,cbed5937-6bb7-4c99-9918-7a3adcd18204,09e30965-a944-49a3-a0b2-04fb91e88a4e,1633936976617,13.4868352,52.4875284,6.899799,-0.72851634,4.8848934,1.9079952,on bike mount,cyclo cross,True,fine gravel,good
39a181ce-cfdd-45dc-843b-ff515a46224b,cbed5937-6bb7-4c99-9918-7a3adcd18204,de117a65-e2dd-4a96-af78-75150cf28777,1633936976667,13.4868352,52.4875284,6.899799,-0.73086715,0.93310666,-4.615859,on bike mount,cyclo cross,True,fine gravel,good
39a181ce-cfdd-45dc-843b-ff515a46224b,cbed5937-6bb7-4c99-9918-7a3adcd18204,0b35daab-cd54-4c1c-9200-2183fda9f628,1633936976718,13.4868352,52.4875284,6.899799,-0.45630026,-6.1183567,0.22015476,on bike mount,cyclo cross,True,fine gravel,good
39a181ce-cfdd-45dc-843b-ff515a46224b,cbed5937-6bb7-4c99-9918-7a3adcd18204,64c307fa-ad76-4ff6-a2e2-3bc9c6c4ae2c,1633936976768,13.4868352,52.4875284,6.899799,0.2638216,3.0779943,0.4782791,on bike mount,cyclo cross,True,fine gravel,good
39a181ce-cfdd-45dc-843b-ff515a46224b,cbed5937-6bb7-4c99-9918-7a3adcd18204,37c19718-5628-4a1b-a1ad-76649baf3627,1633936976820,13.4868352,52.4875284,6.899799,-0.8461646,4.969127,-0.5438404,on bike mount,cyclo cross,True,fine gravel,good
39a181ce-cfdd-45dc-843b-ff515a46224b,cbed5937-6bb7-4c99-9918-7a3adcd18204,02376f6d-8334-4b8d-91b8-7fcc84533ad8,1633936976870,13.4868352,52.4875284,6.899799,1.8671601,1.5830679,1.8877792,on bike mount,cyclo cross,True,fine gravel,good
39a181ce-cfdd-45dc-843b-ff515a46224b,cbed5937-6bb7-4c99-9918-7a3adcd18204,f28455d9-45b1-4d68-9810-96d483f3c4ce,1633936976920,13.4868352,52.4875284,6.899799,0.6308878,-0.9100561,3.3389187,on bike mount,cyclo cross,True,fine gravel,good
39a181ce-cfdd-45dc-843b-ff515a46224b,cbed5937-6bb7-4c99-9918-7a3adcd18204,776c89d3-0894-486d-be28-cdaf5e37f666,1633936976985,13.4868352,52.4875284,6.899799,-2.2981935,1.2320714,-1.5341,on bike mount,cyclo cross,True,fine gravel,good
39a181ce-cfdd-45dc-843b-ff515a46224b,cbed5937-6bb7-4c99-9918-7a3adcd18204,c1839b2f-0c69-4739-a969-6c783d1d6040,1633936977035,13.4868352,52.4875284,6.899799,2.6565473,-5.74053,-4.782411,on bike mount,cyclo cross,True,fine gravel,good
39a181ce-cfdd-45dc-843b-ff515a46224b,cbed5937-6bb7-4c99-9918-7a3adcd18204,33fad076-3aa0-41b9-b1c6-ca02e8c7f571,1633936977087,13.4867431,52.4875069,6.2932897,-1.3604195,1.6643593,3.0120258,on bike mount,cyclo cross,True,fine gravel,good
39a181ce-cfdd-45dc-843b-ff515a46224b,cbed5937-6bb7-4c99-9918-7a3adcd18204,d1e2ad91-2cf0-4eda-a7a1-b98a202165b6,1633936977138,13.4867431,52.4875069,6.2932897,-0.39913186,-4.1838303,6.853918,on bike mount,cyclo cross,True,fine gravel,good
39a181ce-cfdd-45dc-843b-ff515a46224b,cbed5937-6bb7-4c99-9918-7a3adcd18204,c7302bdd-4cde-47b0-b384-880fd80399bc,1633936977203,13.4867431,52.4875069,6.2932897,1.0523391,1.1482291,6.706813,on bike mount,cyclo cross,True,fine gravel,good
39a181ce-cfdd-45dc-843b-ff515a46224b,cbed5937-6bb7-4c99-9918-7a3adcd18204,0e30d607-dd06-4ef7-b787-a0fb5233a5fb,1633936977254,13.4867431,52.4875069,6.2932897,1.6264207,-0.8902271,-9.216976,on bike mount,cyclo cross,True,fine gravel,good
39a181ce-cfdd-45dc-843b-ff515a46224b,cbed5937-6bb7-4c99-9918-7a3adcd18204,0afcc4a8-8bb3-4c6b-85c5-7c6b45bf8255,1633936977319,13.4867431,52.4875069,6.2932897,-1.5359324,-3.8972504,2.4289885,on bike mount,cyclo cross,True,fine gravel,good
39a181ce-cfdd-45dc-843b-ff515a46224b,cbed5937-6bb7-4c99-9918-7a3adcd18204,208798de-9c76-4ff9-9999-f8ccdd8f91bd,1633936977370,13.4867431,52.4875069,6.2932897,0.65505826,1.2748489,0.6100044,on bike mount,cyclo cross,True,fine gravel,good
39a181ce-cfdd-45dc-843b-ff515a46224b,cbed5937-6bb7-4c99-9918-7a3adcd18204,ad3a2881-7e8c-4c6e-9767-94b1ececff3a,1633936977436,13.4867431,52.4875069,6.2932897,-0.93475676,-4.58795,7.6900177,on bike mount,cyclo cross,True,fine gravel,good
39a181ce-cfdd-45dc-843b-ff515a46224b,cbed5937-6bb7-4c99-9918-7a3adcd18204,8e42edf2-fe70-4279-ace1-1751c0a03fc0,1633936977487,13.4867431,52.4875069,6.2932897,3.2783642,7.6852164,2.8295317,on bike mount,cyclo cross,True,fine gravel,good
39a181ce-cfdd-45dc-843b-ff515a46224b,cbed5937-6bb7-4c99-9918-7a3adcd18204,a37ab606-1ed1-4875-8827-aa2367ea5160,1633936977538,13.4867431,52.4875069,6.2932897,-2.995658,6.4351907,-9.095649,on bike mount,cyclo cross,True,fine gravel,good
39a181ce-cfdd-45dc-843b-ff515a46224b,cbed5937-6bb7-4c99-9918-7a3adcd18204,2ed99503-8b0b-43eb-993d-186928061196,1633936977586,13.4867431,52.4875069,6.2932897,1.5002517,0.94129276,7.620249,on bike mount,cyclo cross,True,fine gravel,good
39a181ce-cfdd-45dc-843b-ff515a46224b,cbed5937-6bb7-4c99-9918-7a3adcd18204,c3af45e0-0ac4-4c59-92a5-d0b0f33fecf9,1633936977638,13.4867431,52.4875069,6.2932897,-0.38228697,-1.3005842,-1.2116785,on bike mount,cyclo cross,True,fine gravel,good
39a181ce-cfdd-45dc-843b-ff515a46224b,cbed5937-6bb7-4c99-9918-7a3adcd18204,e5a984aa-83aa-4a39-a23d-5e306bd725e0,1633936977704,13.4867431,52.4875069,6.2932897,-1.5508442,-1.2819058,-2.897274,on bike mount,cyclo cross,True,fine gravel,good
39a181ce-cfdd-45dc-843b-ff515a46224b,cbed5937-6bb7-4c99-9918-7a3adcd18204,c3e0d5a6-2630-4f81-a36c-29bb8644414f,1633936977755,13.4867431,52.4875069,6.2932897,1.5371715,0.5034795,4.5960293,on bike mount,cyclo cross,True,fine gravel,good
39a181ce-cfdd-45dc-843b-ff515a46224b,cbed5937-6bb7-4c99-9918-7a3adcd18204,3fdcdec7-fbf3-48fb-8325-e81db1f0e0d2,1633936977805,13.4867431,52.4875069,6.2932897,-0.47672883,-6.338757,0.86429024,on bike mount,cyclo cross,True,fine gravel,good
39a181ce-cfdd-45dc-843b-ff515a46224b,cbed5937-6bb7-4c99-9918-7a3adcd18204,98a8e3d1-c838-43f2-8060-229a5eb09923,1633936977872,13.4867431,52.4875069,6.2932897,-0.05871907,3.7880101,1.5747547,on bike mount,cyclo cross,True,fine gravel,good
39a181ce-cfdd-45dc-843b-ff515a46224b,cbed5937-6bb7-4c99-9918-7a3adcd18204,ef0c6d5e-527e-4299-b55f-549b96758257,1633936977922,13.4867431,52.4875069,6.2932897,0.090754874,4.4651318,-0.5182915,on bike mount,cyclo cross,True,fine gravel,good
39a181ce-cfdd-45dc-843b-ff515a46224b,cbed5937-6bb7-4c99-9918-7a3adcd18204,afab2c06-8e3b-4c29-9559-51f5a9cfdf8c,1633936977989,13.4867431,52.4875069,6.2932897,1.2188938,-0.8885863,-8.072048,on bike mount,cyclo cross,True,fine gravel,good
39a181ce-cfdd-45dc-843b-ff515a46224b,cbed5937-6bb7-4c99-9918-7a3adcd18204,69692727-cc18-494c-ae8e-e156aea36b50,1633936978039,13.4867431,52.4875069,6.2932897,-0.29629105,4.6707993,0.15693569,on bike mount,cyclo cross,True,fine gravel,good
39a181ce-cfdd-45dc-843b-ff515a46224b,cbed5937-6bb7-4c99-9918-7a3adcd18204,528e19fc-eb6f-44cc-8baa-936851b5251a,1633936978092,13.4866596,52.4874814,6.4303446,-0.28439045,-3.2218375,0.5152073,on bike mount,cyclo cross,True,fine gravel,good
39a181ce-cfdd-45dc-843b-ff515a46224b,cbed5937-6bb7-4c99-9918-7a3adcd18204,1b9c518e-b192-4533-a7ba-8808e1350983,1633936978155,13.4866596,52.4874814,6.4303446,-0.1318087,3.5631046,-5.5642242,on bike mount,cyclo cross,True,fine gravel,good
39a181ce-cfdd-45dc-843b-ff515a46224b,cbed5937-6bb7-4c99-9918-7a3adcd18204,12a1412e-baae-45d0-bd3b-91e8d0be6766,1633936978207,13.4866596,52.4874814,6.4303446,-1.3429744,-3.1756437,0.47031784,on bike mount,cyclo cross,True,fine gravel,good
39a181ce-cfdd-45dc-843b-ff515a46224b,cbed5937-6bb7-4c99-9918-7a3adcd18204,6889882a-e5cb-4c20-aff1-febb13c6183c,1633936978256,13.4866596,52.4874814,6.4303446,0.51960117,-2.235286,-2.3443995,on bike mount,cyclo cross,True,fine gravel,good
39a181ce-cfdd-45dc-843b-ff515a46224b,cbed5937-6bb7-4c99-9918-7a3adcd18204,3009de1c-d320-4f5d-b157-8f4f0824bdcc,1633936978307,13.4866596,52.4874814,6.4303446,0.80298847,-1.9709797,-2.0730352,on bike mount,cyclo cross,True,fine gravel,good
39a181ce-cfdd-45dc-843b-ff515a46224b,cbed5937-6bb7-4c99-9918-7a3adcd18204,df3bf878-78d5-4463-b63c-824e2e93872e,1633936978372,13.4866596,52.4874814,6.4303446,-0.076736,-0.03957486,-4.0885787,on bike mount,cyclo cross,True,fine gravel,good
39a181ce-cfdd-45dc-843b-ff515a46224b,cbed5937-6bb7-4c99-9918-7a3adcd18204,bec3f8ad-2a74-4b30-bd10-001f6b2db55f,1633936978423,13.4866596,52.4874814,6.4303446,0.4990142,-1.1171595,-1.5330262,on bike mount,cyclo cross,True,fine gravel,good
39a181ce-cfdd-45dc-843b-ff515a46224b,cbed5937-6bb7-4c99-9918-7a3adcd18204,191d82a4-6fa4-4287-98a2-35de663dd252,1633936978472,13.4866596,52.4874814,6.4303446,0.38834214,0.08173919,-3.327907,on bike mount,cyclo cross,True,fine gravel,good
39a181ce-cfdd-45dc-843b-ff515a46224b,cbed5937-6bb7-4c99-9918-7a3adcd18204,43cd6340-51bc-473c-8145-363623e0b7b5,1633936978524,13.4866596,52.4874814,6.4303446,-1.330745,6.714918,-6.2698545,on bike mount,cyclo cross,True,fine gravel,good
39a181ce-cfdd-45dc-843b-ff515a46224b,cbed5937-6bb7-4c99-9918-7a3adcd18204,96d408c4-51ea-4b60-907e-48c8f6ac1125,1633936978574,13.4866596,52.4874814,6.4303446,0.19778287,-10.682218,2.331995,on bike mount,cyclo cross,True,fine gravel,good
39a181ce-cfdd-45dc-843b-ff515a46224b,cbed5937-6bb7-4c99-9918-7a3adcd18204,6982d2c9-733f-4175-885b-817290314412,1633936978625,13.4866596,52.4874814,6.4303446,-0.63751924,-4.7670045,-1.5157351,on bike mount,cyclo cross,True,fine gravel,good
39a181ce-cfdd-45dc-843b-ff515a46224b,cbed5937-6bb7-4c99-9918-7a3adcd18204,e48e9e7e-2ad1-4423-bf8e-af103a717485,1633936978690,13.4866596,52.4874814,6.4303446,-0.14698593,1.231569,1.7537107,on bike mount,cyclo cross,True,fine gravel,good
39a181ce-cfdd-45dc-843b-ff515a46224b,cbed5937-6bb7-4c99-9918-7a3adcd18204,3c95e67e-d671-49ae-9966-9787f90d3b86,1633936978741,13.4866596,52.4874814,6.4303446,0.40553308,-5.2251587,-3.1271093,on bike mount,cyclo cross,True,fine gravel,good
39a181ce-cfdd-45dc-843b-ff515a46224b,cbed5937-6bb7-4c99-9918-7a3adcd18204,8c28af78-2ee9-4ad5-b412-d6b20802b34d,1633936978807,13.4866596,52.4874814,6.4303446,-0.2302795,-1.4061289,-4.905347,on bike mount,cyclo cross,True,fine gravel,good
39a181ce-cfdd-45dc-843b-ff515a46224b,cbed5937-6bb7-4c99-9918-7a3adcd18204,fbee6bc7-b51e-47bd-b2f3-b75d00d60625,1633936978858,13.4866596,52.4874814,6.4303446,1.1933038,1.0794697,-2.3385377,on bike mount,cyclo cross,True,fine gravel,good
39a181ce-cfdd-45dc-843b-ff515a46224b,cbed5937-6bb7-4c99-9918-7a3adcd18204,d4f3d03e-4aa2-422a-b881-248a9074e0ae,1633936978924,13.4866596,52.4874814,6.4303446,2.9082885,0.85557556,3.045845,on bike mount,cyclo cross,True,fine gravel,good
39a181ce-cfdd-45dc-843b-ff515a46224b,cbed5937-6bb7-4c99-9918-7a3adcd18204,876b2c48-cb2b-431b-943e-49879bc3a7ee,1633936978975,13.4866596,52.4874814,6.4303446,-3.8921213,-0.036138296,0.5810394,on bike mount,cyclo cross,True,fine gravel,good
39a181ce-cfdd-45dc-843b-ff515a46224b,cbed5937-6bb7-4c99-9918-7a3adcd18204,fbe5017c-ac37-4671-96be-d4fba0fd58f9,1633936979025,13.4866596,52.4874814,6.4303446,1.2083621,-3.9477277,-5.4568944,on bike mount,cyclo cross,True,fine gravel,good
39a181ce-cfdd-45dc-843b-ff515a46224b,cbed5937-6bb7-4c99-9918-7a3adcd18204,63f0138e-2e76-4f68-919b-bc848afb9188,1633936979082,13.4866596,52.4874814,6.4303446,4.330867,-0.30774784,-8.818583,on bike mount,cyclo cross,True,fine gravel,good
39a181ce-cfdd-45dc-843b-ff515a46224b,cbed5937-6bb7-4c99-9918-7a3adcd18204,02cd64e7-6507-4cba-838a-dd7a7f68058a,1633936979142,13.486581,52.4874461,6.983404,-1.3554491,5.3705072,3.3760977,on bike mount,cyclo cross,True,fine gravel,good
39a181ce-cfdd-45dc-843b-ff515a46224b,cbed5937-6bb7-4c99-9918-7a3adcd18204,38eeb584-ec63-44c2-955a-767fb5a03af4,1633936979193,13.486581,52.4874461,6.983404,-0.0927186,-2.5840983,1.04772,on bike mount,cyclo cross,True,fine gravel,good
39a181ce-cfdd-45dc-843b-ff515a46224b,cbed5937-6bb7-4c99-9918-7a3adcd18204,25c15e7e-a1c8-414f-ad87-c157b80531c4,1633936979260,13.486581,52.4874461,6.983404,-1.5873219,0.096767664,-4.990334,on bike mount,cyclo cross,True,fine gravel,good
39a181ce-cfdd-45dc-843b-ff515a46224b,cbed5937-6bb7-4c99-9918-7a3adcd18204,a2b27f03-3755-46ef-801a-e1e3b5adea18,1633936979309,13.486581,52.4874461,6.983404,-1.3254256,-3.2521868,2.2221928,on bike mount,cyclo cross,True,fine gravel,good
39a181ce-cfdd-45dc-843b-ff515a46224b,cbed5937-6bb7-4c99-9918-7a3adcd18204,0ca0f210-086a-4848-9215-dcb43d0c42f6,1633936979359,13.486581,52.4874461,6.983404,0.39899898,-5.437552,2.9139605,on bike mount,cyclo cross,True,fine gravel,good
39a181ce-cfdd-45dc-843b-ff515a46224b,cbed5937-6bb7-4c99-9918-7a3adcd18204,be13e5b4-7db8-42e6-982c-c2ca9c22a6e1,1633936979409,13.486581,52.4874461,6.983404,1.9625585,-1.5188011,0.295187,on bike mount,cyclo cross,True,fine gravel,good
39a181ce-cfdd-45dc-843b-ff515a46224b,cbed5937-6bb7-4c99-9918-7a3adcd18204,1886fe13-0dcc-452e-aeb2-9dd6941eee11,1633936979460,13.486581,52.4874461,6.983404,-2.8451898,-4.098906,8.566263,on bike mount,cyclo cross,True,fine gravel,good
39a181ce-cfdd-45dc-843b-ff515a46224b,cbed5937-6bb7-4c99-9918-7a3adcd18204,92f775c5-233d-4760-a242-5d5520169133,1633936979509,13.486581,52.4874461,6.983404,1.5425515,4.1834245,-2.4778461,on bike mount,cyclo cross,True,fine gravel,good
39a181ce-cfdd-45dc-843b-ff515a46224b,cbed5937-6bb7-4c99-9918-7a3adcd18204,77eddbbc-b97e-4ee9-bd4e-2b56fbc6bbf9,1633936979559,13.486581,52.4874461,6.983404,0.79012764,1.4957352,-1.2125378,on bike mount,cyclo cross,True,fine gravel,good
39a181ce-cfdd-45dc-843b-ff515a46224b,cbed5937-6bb7-4c99-9918-7a3adcd18204,3f74fbad-95a2-437d-97c4-0bd77edae136,1633936979609,13.486581,52.4874461,6.983404,-2.6340218,3.219761,2.4160223,on bike mount,cyclo cross,True,fine gravel,good
39a181ce-cfdd-45dc-843b-ff515a46224b,cbed5937-6bb7-4c99-9918-7a3adcd18204,8ba46499-3892-4f86-8dc4-e3ceb264e23b,1633936979660,13.486581,52.4874461,6.983404,-1.6650207,-7.2145705,10.552313,on bike mount,cyclo cross,True,fine gravel,good
39a181ce-cfdd-45dc-843b-ff515a46224b,cbed5937-6bb7-4c99-9918-7a3adcd18204,fe603518-2287-4e32-b24d-8e59089c6075,1633936979713,13.486581,52.4874461,6.983404,0.051330507,-4.168273,3.5103683,on bike mount,cyclo cross,True,fine gravel,good
39a181ce-cfdd-45dc-843b-ff515a46224b,cbed5937-6bb7-4c99-9918-7a3adcd18204,f660e565-54fd-4fe2-bf89-78850871578e,1633936979777,13.486581,52.4874461,6.983404,1.1841949,-0.56139207,-2.0721521,on bike mount,cyclo cross,True,fine gravel,good
39a181ce-cfdd-45dc-843b-ff515a46224b,cbed5937-6bb7-4c99-9918-7a3adcd18204,498936ae-5f0c-4b3d-9773-f3b4be98d1c8,1633936979827,13.486581,52.4874461,6.983404,-0.8126243,-0.8596177,2.790205,on bike mount,cyclo cross,True,fine gravel,good
39a181ce-cfdd-45dc-843b-ff515a46224b,cbed5937-6bb7-4c99-9918-7a3adcd18204,a883963e-d416-40c0-b149-7a01f0a8c153,1633936979877,13.486581,52.4874461,6.983404,-0.026244704,-3.116852,-2.558125,on bike mount,cyclo cross,True,fine gravel,good
39a181ce-cfdd-45dc-843b-ff515a46224b,cbed5937-6bb7-4c99-9918-7a3adcd18204,e46e6e7e-730f-4a36-8662-07517950b0dd,1633936979928,13.486581,52.4874461,6.983404,-0.5473559,1.412847,-0.44766474,on bike mount,cyclo cross,True,fine gravel,good
39a181ce-cfdd-45dc-843b-ff515a46224b,cbed5937-6bb7-4c99-9918-7a3adcd18204,7445e849-6362-4677-a5ab-7e88984fa881,1633936979979,13.486581,52.4874461,6.983404,-1.3650106,2.6632657,3.8687267,on bike mount,cyclo cross,True,fine gravel,good
39a181ce-cfdd-45dc-843b-ff515a46224b,cbed5937-6bb7-4c99-9918-7a3adcd18204,f7f1f8c6-b4bc-4981-a41b-6850901d080e,1633936980031,13.486581,52.4874461,6.983404,-2.423284,-2.0256324,-1.7416077,on bike mount,cyclo cross,True,fine gravel,good
39a181ce-cfdd-45dc-843b-ff515a46224b,cbed5937-6bb7-4c99-9918-7a3adcd18204,25fa9565-3121-49f5-af73-f95cf24eda7e,1633936980096,13.4864904,52.487416,6.1990547,-1.546945,-0.88965774,1.6550531,on bike mount,cyclo cross,True,fine gravel,good
39a181ce-cfdd-45dc-843b-ff515a46224b,cbed5937-6bb7-4c99-9918-7a3adcd18204,61f46204-165f-461b-be80-190e05ae6300,1633936980161,13.4864904,52.487416,6.1990547,1.8349998,-1.6921874,3.0719843,on bike mount,cyclo cross,True,fine gravel,good
39a181ce-cfdd-45dc-843b-ff515a46224b,cbed5937-6bb7-4c99-9918-7a3adcd18204,a12ebf68-3741-468b-81d6-2b0aa335bd74,1633936980214,13.4864904,52.487416,6.1990547,-2.3881087,1.8160703,-0.81984997,on bike mount,cyclo cross,True,fine gravel,good
39a181ce-cfdd-45dc-843b-ff515a46224b,cbed5937-6bb7-4c99-9918-7a3adcd18204,e2bae489-303d-47c7-baf3-d0f325b5740d,1633936980263,13.4864904,52.487416,6.1990547,-0.80519944,1.159265,5.017029,on bike mount,cyclo cross,True,fine gravel,good
39a181ce-cfdd-45dc-843b-ff515a46224b,cbed5937-6bb7-4c99-9918-7a3adcd18204,e4ee0c93-c6e4-474d-a8f5-821a87562e27,1633936980328,13.4864904,52.487416,6.1990547,3.2630694,4.2507386,-0.90125704,on bike mount,cyclo cross,True,fine gravel,good
39a181ce-cfdd-45dc-843b-ff515a46224b,cbed5937-6bb7-4c99-9918-7a3adcd18204,fb14aa7a-effd-45ad-9c52-975f7eaaa50b,1633936980379,13.4864904,52.487416,6.1990547,-0.3067869,2.7465882,-0.21423864,on bike mount,cyclo cross,True,fine gravel,good
39a181ce-cfdd-45dc-843b-ff515a46224b,cbed5937-6bb7-4c99-9918-7a3adcd18204,1f37b1c5-9b4a-4594-9354-1bd644b7b77a,1633936980431,13.4864904,52.487416,6.1990547,-1.2525797,-6.955459,2.057046,on bike mount,cyclo cross,True,fine gravel,good
39a181ce-cfdd-45dc-843b-ff515a46224b,cbed5937-6bb7-4c99-9918-7a3adcd18204,d3a22459-bef8-457e-a3e1-76339bfb4064,1633936980496,13.4864904,52.487416,6.1990547,2.101532,5.3033953,-5.694665,on bike mount,cyclo cross,True,fine gravel,good
39a181ce-cfdd-45dc-843b-ff515a46224b,cbed5937-6bb7-4c99-9918-7a3adcd18204,6b7ee2d0-7c28-44c7-a931-80a6f0606adc,1633936980549,13.4864904,52.487416,6.1990547,-3.2696533,0.12968826,5.2212,on bike mount,cyclo cross,True,fine gravel,good
39a181ce-cfdd-45dc-843b-ff515a46224b,cbed5937-6bb7-4c99-9918-7a3adcd18204,8fad5104-c029-4d2e-9566-b95d69fde537,1633936980600,13.4864904,52.487416,6.1990547,-0.9240049,1.0443773,0.54874897,on bike mount,cyclo cross,True,fine gravel,good
39a181ce-cfdd-45dc-843b-ff515a46224b,cbed5937-6bb7-4c99-9918-7a3adcd18204,8ce6e881-4966-44aa-898f-7fb62681e99d,1633936980663,13.4864904,52.487416,6.1990547,-0.76472354,-8.318317,3.2572956,on bike mount,cyclo cross,True,fine gravel,good
39a181ce-cfdd-45dc-843b-ff515a46224b,cbed5937-6bb7-4c99-9918-7a3adcd18204,2f015543-b86d-48fc-8dec-c33068703e64,1633936980713,13.4864904,52.487416,6.1990547,-0.31056327,3.4398537,-4.6495085,on bike mount,cyclo cross,True,fine gravel,good
39a181ce-cfdd-45dc-843b-ff515a46224b,cbed5937-6bb7-4c99-9918-7a3adcd18204,8e2ab95d-93bc-479a-ba1d-29a2e5b4dad4,1633936980763,13.4864904,52.487416,6.1990547,0.81631076,-6.35462,3.3092823,on bike mount,cyclo cross,True,fine gravel,good
39a181ce-cfdd-45dc-843b-ff515a46224b,cbed5937-6bb7-4c99-9918-7a3adcd18204,290698db-1c9c-4d45-8ac8-867dbc78d21b,1633936980813,13.4864904,52.487416,6.1990547,-0.28386688,-3.6128712,1.5646038,on bike mount,cyclo cross,True,fine gravel,good
39a181ce-cfdd-45dc-843b-ff515a46224b,cbed5937-6bb7-4c99-9918-7a3adcd18204,0b808b60-417d-4983-8288-cd9153185779,1633936980863,13.4864904,52.487416,6.1990547,-2.5425267,5.5625215,-3.7939634,on bike mount,cyclo cross,True,fine gravel,good
39a181ce-cfdd-45dc-843b-ff515a46224b,cbed5937-6bb7-4c99-9918-7a3adcd18204,f26263cf-a687-4e84-817d-0e1e44338728,1633936980913,13.4864904,52.487416,6.1990547,1.8954277,3.6790442,-0.9985957,on bike mount,cyclo cross,True,fine gravel,good
39a181ce-cfdd-45dc-843b-ff515a46224b,cbed5937-6bb7-4c99-9918-7a3adcd18204,178de884-f3a5-4a72-8643-6b198853fd5f,1633936980965,13.4864904,52.487416,6.1990547,0.1164695,-2.8112018,4.6498413,on bike mount,cyclo cross,True,fine gravel,good
39a181ce-cfdd-45dc-843b-ff515a46224b,cbed5937-6bb7-4c99-9918-7a3adcd18204,3976df44-0bb6-42db-9dba-5e38fa63a582,1633936981015,13.4864904,52.487416,6.1990547,-1.5069774,-3.196778,-1.7482157,on bike mount,cyclo cross,True,fine gravel,good
39a181ce-cfdd-45dc-843b-ff515a46224b,cbed5937-6bb7-4c99-9918-7a3adcd18204,adee6a3a-68d2-4c26-b08d-6643ad4cc78d,1633936981068,13.4864904,52.487416,6.1990547,0.8939644,-3.8182993,-1.3104386,on bike mount,cyclo cross,True,fine gravel,good
39a181ce-cfdd-45dc-843b-ff515a46224b,cbed5937-6bb7-4c99-9918-7a3adcd18204,8edd4962-58cf-4928-bc3f-f986a759b435,1633936981132,13.4864026,52.4873905,6.4847927,-0.6846332,2.9337182,-5.972828,on bike mount,cyclo cross,True,fine gravel,good
39a181ce-cfdd-45dc-843b-ff515a46224b,cbed5937-6bb7-4c99-9918-7a3adcd18204,ea6337c1-7a0c-4dc6-be7c-c6b05a756fc3,1633936981182,13.4864026,52.4873905,6.4847927,0.725291,0.79816365,1.5762796,on bike mount,cyclo cross,True,fine gravel,good
39a181ce-cfdd-45dc-843b-ff515a46224b,cbed5937-6bb7-4c99-9918-7a3adcd18204,81270d54-c5c4-461a-8d72-02ff6ba0ecc3,1633936981233,13.4864026,52.4873905,6.4847927,1.4237536,3.8000546,-4.98608,on bike mount,cyclo cross,True,fine gravel,good
39a181ce-cfdd-45dc-843b-ff515a46224b,cbed5937-6bb7-4c99-9918-7a3adcd18204,9bab8c1d-b7af-40ff-a8d2-e128ee0f1bea,1633936981283,13.4864026,52.4873905,6.4847927,-1.0850098,-2.08373,2.1152115,on bike mount,cyclo cross,True,fine gravel,good
39a181ce-cfdd-45dc-843b-ff515a46224b,cbed5937-6bb7-4c99-9918-7a3adcd18204,eda7b553-3008-4947-b195-d7c1590acf3d,1633936981350,13.4864026,52.4873905,6.4847927,3.8019748,1.632525,-1.927424,on bike mount,cyclo cross,True,fine gravel,good
39a181ce-cfdd-45dc-843b-ff515a46224b,cbed5937-6bb7-4c99-9918-7a3adcd18204,df309b88-175a-45fb-bf89-36c868af984d,1633936981400,13.4864026,52.4873905,6.4847927,-2.3591375,-2.1092868,-1.8271551,on bike mount,cyclo cross,True,fine gravel,good
39a181ce-cfdd-45dc-843b-ff515a46224b,cbed5937-6bb7-4c99-9918-7a3adcd18204,001a6805-a22a-45d9-b858-0d7623ee1485,1633936981468,13.4864026,52.4873905,6.4847927,2.8220873,4.836322,-2.1701245,on bike mount,cyclo cross,True,fine gravel,good
39a181ce-cfdd-45dc-843b-ff515a46224b,cbed5937-6bb7-4c99-9918-7a3adcd18204,bf857569-7ee2-4ad0-a910-b7103a128d6f,1633936981533,13.4864026,52.4873905,6.4847927,1.8390243,-3.142595,1.2918806,on bike mount,cyclo cross,True,fine gravel,good
39a181ce-cfdd-45dc-843b-ff515a46224b,cbed5937-6bb7-4c99-9918-7a3adcd18204,97459475-efb4-4cd2-aca7-95bc7fa6eb2a,1633936981584,13.4864026,52.4873905,6.4847927,-0.3751645,1.8741326,2.5079107,on bike mount,cyclo cross,True,fine gravel,good
39a181ce-cfdd-45dc-843b-ff515a46224b,cbed5937-6bb7-4c99-9918-7a3adcd18204,43c2a9bd-522f-43c9-8a5a-6e79d0606d75,1633936981649,13.4864026,52.4873905,6.4847927,0.8520778,-0.72647023,-2.1934314,on bike mount,cyclo cross,True,fine gravel,good
39a181ce-cfdd-45dc-843b-ff515a46224b,cbed5937-6bb7-4c99-9918-7a3adcd18204,08a58aa4-c556-42f5-8f8e-ff5325202b8f,1633936981701,13.4864026,52.4873905,6.4847927,-0.49379572,0.504694,-2.7860975,on bike mount,cyclo cross,True,fine gravel,good
39a181ce-cfdd-45dc-843b-ff515a46224b,cbed5937-6bb7-4c99-9918-7a3adcd18204,f8876504-842c-4df0-8ebc-92efad78effa,1633936981751,13.4864026,52.4873905,6.4847927,0.9285899,-6.4108887,0.8611679,on bike mount,cyclo cross,True,fine gravel,good
39a181ce-cfdd-45dc-843b-ff515a46224b,cbed5937-6bb7-4c99-9918-7a3adcd18204,8aafe232-b8b7-43ee-b215-42d2068f0918,1633936981802,13.4864026,52.4873905,6.4847927,-0.8515239,2.4595714,-3.5545983,on bike mount,cyclo cross,True,fine gravel,good
39a181ce-cfdd-45dc-843b-ff515a46224b,cbed5937-6bb7-4c99-9918-7a3adcd18204,413e3ffc-05d9-4eb1-b645-32efa75580f8,1633936981867,13.4864026,52.4873905,6.4847927,-0.6530074,0.22004437,-3.1215615,on bike mount,cyclo cross,True,fine gravel,good
39a181ce-cfdd-45dc-843b-ff515a46224b,cbed5937-6bb7-4c99-9918-7a3adcd18204,a89d434b-d43d-44c6-9185-8370eb76ac8b,1633936981918,13.4864026,52.4873905,6.4847927,-2.4361486,-2.6757143,-2.87259,on bike mount,cyclo cross,True,fine gravel,good
39a181ce-cfdd-45dc-843b-ff515a46224b,cbed5937-6bb7-4c99-9918-7a3adcd18204,9f69bf5f-aca6-46a7-b298-04716db80a08,1633936981969,13.4864026,52.4873905,6.4847927,2.1782606,1.1338127,-5.0284424,on bike mount,cyclo cross,True,fine gravel,good
39a181ce-cfdd-45dc-843b-ff515a46224b,cbed5937-6bb7-4c99-9918-7a3adcd18204,6c9e464d-3515-4eff-a74a-a9fde8541e71,1633936982019,13.4864026,52.4873905,6.4847927,0.20586053,-3.9304037,-3.4697661,on bike mount,cyclo cross,True,fine gravel,good
39a181ce-cfdd-45dc-843b-ff515a46224b,cbed5937-6bb7-4c99-9918-7a3adcd18204,e722e3d3-26a2-40e5-9db9-5b6cfdbed194,1633936982069,13.4864026,52.4873905,6.4847927,-0.4575634,0.6154063,2.103362,on bike mount,cyclo cross,True,fine gravel,good
39a181ce-cfdd-45dc-843b-ff515a46224b,cbed5937-6bb7-4c99-9918-7a3adcd18204,17c8648d-cae5-4b01-be2f-f8c1b95226a8,1633936982120,13.4863068,52.4873617,6.99565,0.5932741,-2.276741,5.473261,on bike mount,cyclo cross,True,fine gravel,good
39a181ce-cfdd-45dc-843b-ff515a46224b,cbed5937-6bb7-4c99-9918-7a3adcd18204,10c91fea-9486-46d9-8198-90ee1fd396bc,1633936982170,13.4863068,52.4873617,6.99565,0.78124666,0.010073185,-2.2088547,on bike mount,cyclo cross,True,fine gravel,good
39a181ce-cfdd-45dc-843b-ff515a46224b,cbed5937-6bb7-4c99-9918-7a3adcd18204,a63662bd-f389-40c3-beec-370a56a218e3,1633936982236,13.4863068,52.4873617,6.99565,2.06563,-4.7846546,-2.8948874,on bike mount,cyclo cross,True,fine gravel,good
39a181ce-cfdd-45dc-843b-ff515a46224b,cbed5937-6bb7-4c99-9918-7a3adcd18204,5d99a784-18b9-499d-874a-dff2d4e505f7,1633936982285,13.4863068,52.4873617,6.99565,-0.69783133,-2.636216,9.917301,on bike mount,cyclo cross,True,fine gravel,good
39a181ce-cfdd-45dc-843b-ff515a46224b,cbed5937-6bb7-4c99-9918-7a3adcd18204,80993834-e64b-43d7-8dd0-1c1576709225,1633936982335,13.4863068,52.4873617,6.99565,-3.1585264,-0.06456232,0.5314703,on bike mount,cyclo cross,True,fine gravel,good
39a181ce-cfdd-45dc-843b-ff515a46224b,cbed5937-6bb7-4c99-9918-7a3adcd18204,75d56c37-66df-47ee-b039-e4b7d2c2f385,1633936982385,13.4863068,52.4873617,6.99565,1.357085,7.1397305,-3.912728,on bike mount,cyclo cross,True,fine gravel,good
39a181ce-cfdd-45dc-843b-ff515a46224b,cbed5937-6bb7-4c99-9918-7a3adcd18204,c28ae8c8-b3f5-401a-91ee-57995d7e4edd,1633936982435,13.4863068,52.4873617,6.99565,-0.37914762,0.60832787,10.570896,on bike mount,cyclo cross,True,fine gravel,good
39a181ce-cfdd-45dc-843b-ff515a46224b,cbed5937-6bb7-4c99-9918-7a3adcd18204,c9fc45bd-6dc6-4a2b-a1b4-cb5a32cef80f,1633936982485,13.4863068,52.4873617,6.99565,1.1604602,2.0805368,5.2916565,on bike mount,cyclo cross,True,fine gravel,good
39a181ce-cfdd-45dc-843b-ff515a46224b,cbed5937-6bb7-4c99-9918-7a3adcd18204,2b9afdd6-84a3-42ad-9f71-84db48a20364,1633936982537,13.4863068,52.4873617,6.99565,-1.416612,1.4311585,1.5836945,on bike mount,cyclo cross,True,fine gravel,good
39a181ce-cfdd-45dc-843b-ff515a46224b,cbed5937-6bb7-4c99-9918-7a3adcd18204,69aff1aa-f5f3-4cf3-98f5-3b8d52bb44cf,1633936982588,13.4863068,52.4873617,6.99565,-3.6833892,-0.302629,3.7402754,on bike mount,cyclo cross,True,fine gravel,good
39a181ce-cfdd-45dc-843b-ff515a46224b,cbed5937-6bb7-4c99-9918-7a3adcd18204,1cc84136-025c-4ded-819f-e390267565fb,1633936982654,13.4863068,52.4873617,6.99565,-5.79402,-3.7449336,5.4888477,on bike mount,cyclo cross,True,fine gravel,good
39a181ce-cfdd-45dc-843b-ff515a46224b,cbed5937-6bb7-4c99-9918-7a3adcd18204,834044fa-eee3-4563-ba5d-9ad69a17fe89,1633936982722,13.4863068,52.4873617,6.99565,1.7732637,-3.643549,3.1756668,on bike mount,cyclo cross,True,fine gravel,good
39a181ce-cfdd-45dc-843b-ff515a46224b,cbed5937-6bb7-4c99-9918-7a3adcd18204,a39041a3-6265-4b0f-9564-edcaa7c766e6,1633936982772,13.4863068,52.4873617,6.99565,-3.5177617,1.5400608,0.22541237,on bike mount,cyclo cross,True,fine gravel,good
39a181ce-cfdd-45dc-843b-ff515a46224b,cbed5937-6bb7-4c99-9918-7a3adcd18204,d6545ee7-58be-4664-bd62-a0bcf7c48711,1633936982837,13.4863068,52.4873617,6.99565,0.8507327,1.7007751,1.5282621,on bike mount,cyclo cross,True,fine gravel,good
39a181ce-cfdd-45dc-843b-ff515a46224b,cbed5937-6bb7-4c99-9918-7a3adcd18204,03fd5e94-70ca-473e-826a-56e0b85ee11d,1633936982887,13.4863068,52.4873617,6.99565,-0.18722248,-0.007915974,4.215864,on bike mount,cyclo cross,True,fine gravel,good
39a181ce-cfdd-45dc-843b-ff515a46224b,cbed5937-6bb7-4c99-9918-7a3adcd18204,efaad990-5b46-4586-be34-fa252d8b0949,1633936982937,13.4863068,52.4873617,6.99565,-0.33389044,-8.045532,2.8689814,on bike mount,cyclo cross,True,fine gravel,good
39a181ce-cfdd-45dc-843b-ff515a46224b,cbed5937-6bb7-4c99-9918-7a3adcd18204,b5126d6d-9aea-48c2-8563-9dc3d40d4559,1633936982987,13.4863068,52.4873617,6.99565,-0.67573655,-2.2290545,4.0440407,on bike mount,cyclo cross,True,fine gravel,good
39a181ce-cfdd-45dc-843b-ff515a46224b,cbed5937-6bb7-4c99-9918-7a3adcd18204,5ef69457-e623-43d0-bad6-9f901f97435a,1633936983037,13.4863068,52.4873617,6.99565,0.39910787,-14.859151,3.7882528,on bike mount,cyclo cross,True,fine gravel,good
39a181ce-cfdd-45dc-843b-ff515a46224b,cbed5937-6bb7-4c99-9918-7a3adcd18204,399b6bc4-6a66-486a-8f99-b24b6e62f683,1633936983091,13.4862087,52.4873301,6.575713,0.3092644,6.2219067,-2.2848253,on bike mount,cyclo cross,True,fine gravel,good
39a181ce-cfdd-45dc-843b-ff515a46224b,cbed5937-6bb7-4c99-9918-7a3adcd18204,0c224f60-0829-4255-aade-fe893fefa3ee,1633936983153,13.4862087,52.4873301,6.575713,-0.49954146,2.0642457,-1.6217227,on bike mount,cyclo cross,True,fine gravel,good
39a181ce-cfdd-45dc-843b-ff515a46224b,cbed5937-6bb7-4c99-9918-7a3adcd18204,3149a101-075d-491f-b68e-eac10a0432e4,1633936983204,13.4862087,52.4873301,6.575713,1.0627048,-1.6991637,2.7481813,on bike mount,cyclo cross,True,fine gravel,good
39a181ce-cfdd-45dc-843b-ff515a46224b,cbed5937-6bb7-4c99-9918-7a3adcd18204,b4626ed3-b1d4-47f4-b63a-36d5c76279f4,1633936983256,13.4862087,52.4873301,6.575713,0.32347286,1.0585871,-4.0106306,on bike mount,cyclo cross,True,fine gravel,good
39a181ce-cfdd-45dc-843b-ff515a46224b,cbed5937-6bb7-4c99-9918-7a3adcd18204,4988707e-2fae-4eca-887a-4876ee13288a,1633936983307,13.4862087,52.4873301,6.575713,-2.5210469,-2.4320486,-1.0068579,on bike mount,cyclo cross,True,fine gravel,good
39a181ce-cfdd-45dc-843b-ff515a46224b,cbed5937-6bb7-4c99-9918-7a3adcd18204,78fb090a-c8b2-4729-8a9b-ee65d305d2c8,1633936983372,13.4862087,52.4873301,6.575713,-2.464103,6.348447,-0.0487566,on bike mount,cyclo cross,True,fine gravel,good
39a181ce-cfdd-45dc-843b-ff515a46224b,cbed5937-6bb7-4c99-9918-7a3adcd18204,f8878dec-ffde-4e91-a166-84235b7629fc,1633936983421,13.4862087,52.4873301,6.575713,4.541351,0.35781264,1.3369484,on bike mount,cyclo cross,True,fine gravel,good
39a181ce-cfdd-45dc-843b-ff515a46224b,cbed5937-6bb7-4c99-9918-7a3adcd18204,445861ef-0abd-4984-a51c-6174f662c4a3,1633936983473,13.4862087,52.4873301,6.575713,-2.1771383,5.4327183,3.5496578,on bike mount,cyclo cross,True,fine gravel,good
39a181ce-cfdd-45dc-843b-ff515a46224b,cbed5937-6bb7-4c99-9918-7a3adcd18204,a22f2da9-3f84-4edf-a66b-a55cd92636e6,1633936983523,13.4862087,52.4873301,6.575713,-0.64094657,2.975646,-3.0636592,on bike mount,cyclo cross,True,fine gravel,good
39a181ce-cfdd-45dc-843b-ff515a46224b,cbed5937-6bb7-4c99-9918-7a3adcd18204,43030724-d72d-4991-8fdd-128d5070fd74,1633936983589,13.4862087,52.4873301,6.575713,0.2564078,-1.2074687,-1.8015003,on bike mount,cyclo cross,True,fine gravel,good
39a181ce-cfdd-45dc-843b-ff515a46224b,cbed5937-6bb7-4c99-9918-7a3adcd18204,cd1c3358-a1de-4223-aafb-89ac011ccdd2,1633936983641,13.4862087,52.4873301,6.575713,2.1833358,-5.768403,5.721985,on bike mount,cyclo cross,True,fine gravel,good
39a181ce-cfdd-45dc-843b-ff515a46224b,cbed5937-6bb7-4c99-9918-7a3adcd18204,9b0415f6-9abd-4ba5-a953-fb40a7c2b889,1633936983690,13.4862087,52.4873301,6.575713,1.6122392,2.4948492,-14.543608,on bike mount,cyclo cross,True,fine gravel,good
39a181ce-cfdd-45dc-843b-ff515a46224b,cbed5937-6bb7-4c99-9918-7a3adcd18204,16ccf1c0-54b1-489f-9b43-656905901f04,1633936983740,13.4862087,52.4873301,6.575713,-0.2921033,2.3369007,1.0392218,on bike mount,cyclo cross,True,fine gravel,good
39a181ce-cfdd-45dc-843b-ff515a46224b,cbed5937-6bb7-4c99-9918-7a3adcd18204,5ea75f5d-859d-4ff0-9e9e-20b0afb82b1f,1633936983790,13.4862087,52.4873301,6.575713,1.7074893,-2.9030035,2.0706139,on bike mount,cyclo cross,True,fine gravel,good
39a181ce-cfdd-45dc-843b-ff515a46224b,cbed5937-6bb7-4c99-9918-7a3adcd18204,122f2ec5-8941-4944-a3ac-fc3b7fb07f65,1633936983856,13.4862087,52.4873301,6.575713,0.8137454,-9.340697,-3.176756,on bike mount,cyclo cross,True,fine gravel,good
39a181ce-cfdd-45dc-843b-ff515a46224b,cbed5937-6bb7-4c99-9918-7a3adcd18204,ff1dd9ed-b7eb-499f-b017-e07120f5302e,1633936983909,13.4862087,52.4873301,6.575713,-1.8458331,-2.6220758,1.5566702,on bike mount,cyclo cross,True,fine gravel,good
39a181ce-cfdd-45dc-843b-ff515a46224b,cbed5937-6bb7-4c99-9918-7a3adcd18204,a279c8d3-4f1b-4d7e-b8b5-91b13d5155df,1633936983974,13.4862087,52.4873301,6.575713,0.98804474,6.244365,-5.9852924,on bike mount,cyclo cross,True,fine gravel,good
39a181ce-cfdd-45dc-843b-ff515a46224b,cbed5937-6bb7-4c99-9918-7a3adcd18204,4b16e39d-9e99-44ca-84eb-21348b96f88b,1633936984026,13.4862087,52.4873301,6.575713,-2.1962113,-2.2325897,3.7753801,on bike mount,cyclo cross,True,fine gravel,good
39a181ce-cfdd-45dc-843b-ff515a46224b,cbed5937-6bb7-4c99-9918-7a3adcd18204,aac66661-7450-4a77-be2e-f1749d968ca2,1633936984079,13.4862087,52.4873301,6.575713,-0.13852459,2.9812326,-1.2353535,on bike mount,cyclo cross,True,fine gravel,good
39a181ce-cfdd-45dc-843b-ff515a46224b,cbed5937-6bb7-4c99-9918-7a3adcd18204,d8afeecd-b66f-4479-b2c1-53d4339a99cf,1633936984140,13.4861178,52.4872972,6.6449323,-2.5989175,-5.043106,-0.87235737,on bike mount,cyclo cross,True,fine gravel,good
39a181ce-cfdd-45dc-843b-ff515a46224b,cbed5937-6bb7-4c99-9918-7a3adcd18204,3c211fab-e858-4024-ad41-c7687a840fd8,1633936984191,13.4861178,52.4872972,6.6449323,1.3171217,1.7250614,6.2956333,on bike mount,cyclo cross,True,fine gravel,good
39a181ce-cfdd-45dc-843b-ff515a46224b,cbed5937-6bb7-4c99-9918-7a3adcd18204,b88b7531-4828-4240-8700-8f3da7026d86,1633936984241,13.4861178,52.4872972,6.6449323,-0.0014878064,-7.1590962,0.8082485,on bike mount,cyclo cross,True,fine gravel,good
39a181ce-cfdd-45dc-843b-ff515a46224b,cbed5937-6bb7-4c99-9918-7a3adcd18204,7e2ba03c-602a-4e02-a4e5-7be560b27cd2,1633936984293,13.4861178,52.4872972,6.6449323,-1.0814652,2.928146,2.2721758,on bike mount,cyclo cross,True,fine gravel,good
39a181ce-cfdd-45dc-843b-ff515a46224b,cbed5937-6bb7-4c99-9918-7a3adcd18204,023c6cae-cecf-49d2-ba92-b8913b0f2a1f,1633936984359,13.4861178,52.4872972,6.6449323,-0.8749553,1.6150408,-0.72020817,on bike mount,cyclo cross,True,fine gravel,good
39a181ce-cfdd-45dc-843b-ff515a46224b,cbed5937-6bb7-4c99-9918-7a3adcd18204,b3dd85ac-14d1-4fde-b66e-ce6128ab0d9e,1633936984410,13.4861178,52.4872972,6.6449323,2.2755733,-10.843943,4.8857775,on bike mount,cyclo cross,True,fine gravel,good
39a181ce-cfdd-45dc-843b-ff515a46224b,cbed5937-6bb7-4c99-9918-7a3adcd18204,3b1bbe3f-f76f-46cb-9b5f-a586762248c1,1633936984474,13.4861178,52.4872972,6.6449323,-0.73912454,-2.7554395,4.0451536,on bike mount,cyclo cross,True,fine gravel,good
39a181ce-cfdd-45dc-843b-ff515a46224b,cbed5937-6bb7-4c99-9918-7a3adcd18204,cde6471f-7664-45cd-9350-457b4ae33e06,1633936984524,13.4861178,52.4872972,6.6449323,0.5905401,-7.2600484,2.3533812,on bike mount,cyclo cross,True,fine gravel,good
39a181ce-cfdd-45dc-843b-ff515a46224b,cbed5937-6bb7-4c99-9918-7a3adcd18204,de318ad0-ebdc-448c-af29-55f2c6c60d47,1633936984576,13.4861178,52.4872972,6.6449323,-0.62510216,2.9085736,-6.77986,on bike mount,cyclo cross,True,fine gravel,good
39a181ce-cfdd-45dc-843b-ff515a46224b,cbed5937-6bb7-4c99-9918-7a3adcd18204,f0edc44e-d962-43cc-adfd-7b05d67eae15,1633936984627,13.4861178,52.4872972,6.6449323,4.576686,3.3476195,-2.663487,on bike mount,cyclo cross,True,fine gravel,good
39a181ce-cfdd-45dc-843b-ff515a46224b,cbed5937-6bb7-4c99-9918-7a3adcd18204,668a3785-0b6f-4f60-8103-a5aab84fae05,1633936984679,13.4861178,52.4872972,6.6449323,-0.56287485,-3.0954359,-0.47139454,on bike mount,cyclo cross,True,fine gravel,good
39a181ce-cfdd-45dc-843b-ff515a46224b,cbed5937-6bb7-4c99-9918-7a3adcd18204,3d07be92-74fc-4919-863e-bb640958084c,1633936984729,13.4861178,52.4872972,6.6449323,0.22491969,-4.0409737,2.2031975,on bike mount,cyclo cross,True,fine gravel,good
39a181ce-cfdd-45dc-843b-ff515a46224b,cbed5937-6bb7-4c99-9918-7a3adcd18204,4937d032-cb53-4ec0-84a6-4fba5c5b209b,1633936984793,13.4861178,52.4872972,6.6449323,-1.8949058,-7.107428,7.408943,on bike mount,cyclo cross,True,fine gravel,good
39a181ce-cfdd-45dc-843b-ff515a46224b,cbed5937-6bb7-4c99-9918-7a3adcd18204,dc726ea1-3619-498c-9bc3-7ec605098846,1633936984843,13.4861178,52.4872972,6.6449323,1.7763686,0.15442848,-1.8874178,on bike mount,cyclo cross,True,fine gravel,good
39a181ce-cfdd-45dc-843b-ff515a46224b,cbed5937-6bb7-4c99-9918-7a3adcd18204,70c32bed-fd00-4988-b31d-947a96bc1852,1633936984893,13.4861178,52.4872972,6.6449323,-1.1976315,4.2511063,-2.952364,on bike mount,cyclo cross,True,fine gravel,good
39a181ce-cfdd-45dc-843b-ff515a46224b,cbed5937-6bb7-4c99-9918-7a3adcd18204,5c19be5c-a472-4774-af29-f2a337b6d408,1633936984943,13.4861178,52.4872972,6.6449323,-0.57085943,0.37930918,-2.6954393,on bike mount,cyclo cross,True,fine gravel,good
39a181ce-cfdd-45dc-843b-ff515a46224b,cbed5937-6bb7-4c99-9918-7a3adcd18204,858fba47-7a9c-472e-9996-5ff0a52fa8bd,1633936984993,13.4861178,52.4872972,6.6449323,-1.568578,-6.0038204,2.9278917,on bike mount,cyclo cross,True,fine gravel,good
39a181ce-cfdd-45dc-843b-ff515a46224b,cbed5937-6bb7-4c99-9918-7a3adcd18204,25fe33a1-af0c-4d11-8dfd-5f43fc715d36,1633936985045,13.4861178,52.4872972,6.6449323,0.18370777,-2.4438252,-0.53841114,on bike mount,cyclo cross,True,fine gravel,good
39a181ce-cfdd-45dc-843b-ff515a46224b,cbed5937-6bb7-4c99-9918-7a3adcd18204,4665ac31-fe52-4cb0-803e-21811a7626e7,1633936985112,13.4860314,52.4872655,6.753442,-0.8304093,0.692966,-3.8607092,on bike mount,cyclo cross,True,fine gravel,good
39a181ce-cfdd-45dc-843b-ff515a46224b,cbed5937-6bb7-4c99-9918-7a3adcd18204,6ec60ee0-d30e-4e6d-a1d2-d719a8b22993,1633936985162,13.4860314,52.4872655,6.753442,-0.13331343,1.4562676,-3.1292562,on bike mount,cyclo cross,True,fine gravel,good
39a181ce-cfdd-45dc-843b-ff515a46224b,cbed5937-6bb7-4c99-9918-7a3adcd18204,b7117362-9445-41d0-b0a6-3bafede3d1bf,1633936985227,13.4860314,52.4872655,6.753442,0.1156165,-1.9704521,-2.4794836,on bike mount,cyclo cross,True,fine gravel,good
39a181ce-cfdd-45dc-843b-ff515a46224b,cbed5937-6bb7-4c99-9918-7a3adcd18204,ae6a9c2b-587e-4930-942d-5906358bf7ff,1633936985278,13.4860314,52.4872655,6.753442,0.69734824,-4.855612,3.4123945,on bike mount,cyclo cross,True,fine gravel,good
39a181ce-cfdd-45dc-843b-ff515a46224b,cbed5937-6bb7-4c99-9918-7a3adcd18204,4590ea56-64f7-4ed2-80da-7e1eefc6f6da,1633936985329,13.4860314,52.4872655,6.753442,-2.9640152,4.724683,-2.6032052,on bike mount,cyclo cross,True,fine gravel,good
39a181ce-cfdd-45dc-843b-ff515a46224b,cbed5937-6bb7-4c99-9918-7a3adcd18204,062cd171-e276-4250-8465-da4f6b337c6c,1633936985379,13.4860314,52.4872655,6.753442,-1.1007642,-0.7576487,4.3935795,on bike mount,cyclo cross,True,fine gravel,good
39a181ce-cfdd-45dc-843b-ff515a46224b,cbed5937-6bb7-4c99-9918-7a3adcd18204,b1e12398-b909-460e-a5c4-8eb004c9a0ea,1633936985430,13.4860314,52.4872655,6.753442,-1.178866,-1.1928144,-1.1343045,on bike mount,cyclo cross,True,fine gravel,good
39a181ce-cfdd-45dc-843b-ff515a46224b,cbed5937-6bb7-4c99-9918-7a3adcd18204,82e82f56-6ec3-4bd2-91e9-164fffa8f374,1633936985481,13.4860314,52.4872655,6.753442,0.6333998,-2.2207847,8.0777025,on bike mount,cyclo cross,True,fine gravel,good
39a181ce-cfdd-45dc-843b-ff515a46224b,cbed5937-6bb7-4c99-9918-7a3adcd18204,67bc64aa-f7cf-441a-b815-fc987f40a36f,1633936985530,13.4860314,52.4872655,6.753442,-0.513143,-1.5186985,5.5091057,on bike mount,cyclo cross,True,fine gravel,good
39a181ce-cfdd-45dc-843b-ff515a46224b,cbed5937-6bb7-4c99-9918-7a3adcd18204,7b4b0bb1-1e0c-4ce6-a1c5-1850a140a6ad,1633936985595,13.4860314,52.4872655,6.753442,-0.48257816,-4.7564096,2.1510572,on bike mount,cyclo cross,True,fine gravel,good
39a181ce-cfdd-45dc-843b-ff515a46224b,cbed5937-6bb7-4c99-9918-7a3adcd18204,b63445fe-c8f1-4c58-b6c5-b284d7f1fa27,1633936985645,13.4860314,52.4872655,6.753442,-1.656733,7.331009,1.4055452,on bike mount,cyclo cross,True,fine gravel,good
39a181ce-cfdd-45dc-843b-ff515a46224b,cbed5937-6bb7-4c99-9918-7a3adcd18204,f73b240f-b0ca-4250-ac30-396eb23741fc,1633936985695,13.4860314,52.4872655,6.753442,-1.3592849,4.2572393,1.7384281,on bike mount,cyclo cross,True,fine gravel,good
39a181ce-cfdd-45dc-843b-ff515a46224b,cbed5937-6bb7-4c99-9918-7a3adcd18204,0c9c80ce-9a55-435c-a715-9f222984ea33,1633936985746,13.4860314,52.4872655,6.753442,-0.008930564,-4.0779333,-0.3771391,on bike mount,cyclo cross,True,fine gravel,good
39a181ce-cfdd-45dc-843b-ff515a46224b,cbed5937-6bb7-4c99-9918-7a3adcd18204,9d4f7d34-eb8c-4fe5-958b-ed521d5b6f06,1633936985797,13.4860314,52.4872655,6.753442,0.9594814,-3.4182248,-6.513426,on bike mount,cyclo cross,True,fine gravel,good
39a181ce-cfdd-45dc-843b-ff515a46224b,cbed5937-6bb7-4c99-9918-7a3adcd18204,ca1b993f-475b-455d-a85f-d5673d14cc1a,1633936985863,13.4860314,52.4872655,6.753442,-1.2470669,-0.19172812,1.0421495,on bike mount,cyclo cross,True,fine gravel,good
39a181ce-cfdd-45dc-843b-ff515a46224b,cbed5937-6bb7-4c99-9918-7a3adcd18204,0f8b6c7e-4b77-410c-a9d1-6d093aa93044,1633936985914,13.4860314,52.4872655,6.753442,0.6680987,1.4428298,-0.78451157,on bike mount,cyclo cross,True,fine gravel,good
39a181ce-cfdd-45dc-843b-ff515a46224b,cbed5937-6bb7-4c99-9918-7a3adcd18204,d8cf6650-b577-495b-9760-daaa7249eeac,1633936985980,13.4860314,52.4872655,6.753442,-0.04365015,4.953616,-0.5293112,on bike mount,cyclo cross,True,fine gravel,good
39a181ce-cfdd-45dc-843b-ff515a46224b,cbed5937-6bb7-4c99-9918-7a3adcd18204,fc76e8c4-72d4-4d1c-8ddb-a2297f019fe8,1633936986031,13.4860314,52.4872655,6.753442,1.0834217,-2.2287495,-0.88460827,on bike mount,cyclo cross,True,fine gravel,good
39a181ce-cfdd-45dc-843b-ff515a46224b,cbed5937-6bb7-4c99-9918-7a3adcd18204,73b2932d-abb0-441f-b66e-b6908e8935d7,1633936986082,13.4860314,52.4872655,6.753442,0.86783063,0.4037242,4.253684,on bike mount,cyclo cross,True,fine gravel,good
39a181ce-cfdd-45dc-843b-ff515a46224b,cbed5937-6bb7-4c99-9918-7a3adcd18204,e0f18f06-7471-4ed8-8829-6d34797745cb,1633936986147,13.4859436,52.4872365,6.54958,0.97497797,-4.3536434,-0.81896687,on bike mount,cyclo cross,True,fine gravel,good
39a181ce-cfdd-45dc-843b-ff515a46224b,cbed5937-6bb7-4c99-9918-7a3adcd18204,c87549d0-13bc-4494-a62e-eddcab614a28,1633936986197,13.4859436,52.4872365,6.54958,2.5018678,-2.2209232,1.3696404,on bike mount,cyclo cross,True,fine gravel,good
39a181ce-cfdd-45dc-843b-ff515a46224b,cbed5937-6bb7-4c99-9918-7a3adcd18204,bea3a0e6-6e74-4ce2-b0bb-4900c478f791,1633936986248,13.4859436,52.4872365,6.54958,-1.345813,0.64866114,-2.6591468,on bike mount,cyclo cross,True,fine gravel,good
39a181ce-cfdd-45dc-843b-ff515a46224b,cbed5937-6bb7-4c99-9918-7a3adcd18204,8817927d-a1e6-45d4-98c8-99dd8be4ac5a,1633936986297,13.4859436,52.4872365,6.54958,0.54004323,0.9547615,-1.3698702,on bike mount,cyclo cross,True,fine gravel,good
39a181ce-cfdd-45dc-843b-ff515a46224b,cbed5937-6bb7-4c99-9918-7a3adcd18204,40eeaf47-1217-4fac-bf42-96d0b5b57f06,1633936986350,13.4859436,52.4872365,6.54958,0.40578625,1.5010409,4.7770863,on bike mount,cyclo cross,True,fine gravel,good
39a181ce-cfdd-45dc-843b-ff515a46224b,cbed5937-6bb7-4c99-9918-7a3adcd18204,e4ba8224-b2c1-4d21-a328-6885e3cc3c93,1633936986415,13.4859436,52.4872365,6.54958,-0.8190993,4.1538963,-1.7808542,on bike mount,cyclo cross,True,fine gravel,good
39a181ce-cfdd-45dc-843b-ff515a46224b,cbed5937-6bb7-4c99-9918-7a3adcd18204,a3b11d93-fa99-49c6-a76c-233fdafbf673,1633936986469,13.4859436,52.4872365,6.54958,1.0996442,0.1805942,-0.461586,on bike mount,cyclo cross,True,fine gravel,good
39a181ce-cfdd-45dc-843b-ff515a46224b,cbed5937-6bb7-4c99-9918-7a3adcd18204,dfc38a20-5cbd-4063-ba06-147b5fe8e340,1633936986532,13.4859436,52.4872365,6.54958,-0.4694264,-0.96665645,0.91199017,on bike mount,cyclo cross,True,fine gravel,good
39a181ce-cfdd-45dc-843b-ff515a46224b,cbed5937-6bb7-4c99-9918-7a3adcd18204,d6b62b1f-8ff1-4656-9b03-eb70ec2dc823,1633936986582,13.4859436,52.4872365,6.54958,-0.9106503,-2.374639,0.5163431,on bike mount,cyclo cross,True,fine gravel,good
39a181ce-cfdd-45dc-843b-ff515a46224b,cbed5937-6bb7-4c99-9918-7a3adcd18204,fad42e9f-d8c7-48cb-8b43-f907725de4ad,1633936986634,13.4859436,52.4872365,6.54958,2.627442,1.2960317,1.4829922,on bike mount,cyclo cross,True,fine gravel,good
39a181ce-cfdd-45dc-843b-ff515a46224b,cbed5937-6bb7-4c99-9918-7a3adcd18204,9e660534-9bdc-4b51-a918-86df7214da34,1633936986683,13.4859436,52.4872365,6.54958,0.24412557,-1.29794,2.5887566,on bike mount,cyclo cross,True,fine gravel,good
39a181ce-cfdd-45dc-843b-ff515a46224b,cbed5937-6bb7-4c99-9918-7a3adcd18204,b24d1490-5c8b-459f-8381-a3cf3642ba61,1633936986734,13.4859436,52.4872365,6.54958,-0.123607025,-2.567346,6.3144665,on bike mount,cyclo cross,True,fine gravel,good
39a181ce-cfdd-45dc-843b-ff515a46224b,cbed5937-6bb7-4c99-9918-7a3adcd18204,07448ab4-467b-4ed1-a25a-a9289375c1ea,1633936986784,13.4859436,52.4872365,6.54958,2.1456444,2.0645428,2.7280216,on bike mount,cyclo cross,True,fine gravel,good
39a181ce-cfdd-45dc-843b-ff515a46224b,cbed5937-6bb7-4c99-9918-7a3adcd18204,642d6ee6-d940-484d-9a7f-22b9c4854f67,1633936986834,13.4859436,52.4872365,6.54958,-0.3083472,2.7765417,-0.43884563,on bike mount,cyclo cross,True,fine gravel,good
39a181ce-cfdd-45dc-843b-ff515a46224b,cbed5937-6bb7-4c99-9918-7a3adcd18204,922f8fd5-4e4b-40fa-8758-1e65eb9cf2fb,1633936986899,13.4859436,52.4872365,6.54958,0.4968119,0.37383938,3.1237545,on bike mount,cyclo cross,True,fine gravel,good
39a181ce-cfdd-45dc-843b-ff515a46224b,cbed5937-6bb7-4c99-9918-7a3adcd18204,11ebcd59-557a-4803-bf5c-1cd73708789b,1633936986949,13.4859436,52.4872365,6.54958,-0.4721009,0.9845288,1.2940912,on bike mount,cyclo cross,True,fine gravel,good
39a181ce-cfdd-45dc-843b-ff515a46224b,cbed5937-6bb7-4c99-9918-7a3adcd18204,e6a81fd7-f80e-4c96-a4e7-7c4cd2fa7b9a,1633936987001,13.4859436,52.4872365,6.54958,-0.7841855,-1.2892245,1.3712549,on bike mount,cyclo cross,True,fine gravel,good
39a181ce-cfdd-45dc-843b-ff515a46224b,cbed5937-6bb7-4c99-9918-7a3adcd18204,cad4432a-ebab-45f6-8995-6fb059d930ca,1633936987068,13.4859436,52.4872365,6.54958,0.11915532,2.169139,2.5090532,on bike mount,cyclo cross,True,fine gravel,good
39a181ce-cfdd-45dc-843b-ff515a46224b,cbed5937-6bb7-4c99-9918-7a3adcd18204,40026e17-feca-46c3-adfb-89e467d90181,1633936987117,13.4858503,52.4872155,6.371857,-1.9473864,3.2570906,-2.6812434,on bike mount,cyclo cross,True,fine gravel,good
39a181ce-cfdd-45dc-843b-ff515a46224b,cbed5937-6bb7-4c99-9918-7a3adcd18204,c256c0a9-5e54-4896-bcbb-adba04521072,1633936987168,13.4858503,52.4872155,6.371857,-1.1914638,-1.5971785,-0.54003906,on bike mount,cyclo cross,True,fine gravel,good
39a181ce-cfdd-45dc-843b-ff515a46224b,cbed5937-6bb7-4c99-9918-7a3adcd18204,9ed2f2e0-267c-4803-945a-8bfe6b179485,1633936987217,13.4858503,52.4872155,6.371857,1.108765,0.13710189,-0.9244747,on bike mount,cyclo cross,True,fine gravel,good
39a181ce-cfdd-45dc-843b-ff515a46224b,cbed5937-6bb7-4c99-9918-7a3adcd18204,93149749-6dfe-4b22-9249-bc83cb8b649b,1633936987270,13.4858503,52.4872155,6.371857,-0.5691228,2.2443166,-1.1207409,on bike mount,cyclo cross,True,fine gravel,good
39a181ce-cfdd-45dc-843b-ff515a46224b,cbed5937-6bb7-4c99-9918-7a3adcd18204,b1dc1011-a85d-45a0-9556-c9d7be5de9ed,1633936987321,13.4858503,52.4872155,6.371857,0.46132064,1.243752,1.2153482,on bike mount,cyclo cross,True,fine gravel,good
39a181ce-cfdd-45dc-843b-ff515a46224b,cbed5937-6bb7-4c99-9918-7a3adcd18204,c3fe4fde-effb-4ad3-908d-b8e4bc5fe2d2,1633936987371,13.4858503,52.4872155,6.371857,-0.6968546,-0.08647156,0.96769047,on bike mount,cyclo cross,True,fine gravel,good
39a181ce-cfdd-45dc-843b-ff515a46224b,cbed5937-6bb7-4c99-9918-7a3adcd18204,ccd4a3e0-1ac0-492e-8f01-31379340b250,1633936987434,13.4858503,52.4872155,6.371857,-0.73237324,2.9343824,-0.035559654,on bike mount,cyclo cross,True,fine gravel,good
39a181ce-cfdd-45dc-843b-ff515a46224b,cbed5937-6bb7-4c99-9918-7a3adcd18204,04e61a01-4ebd-4f72-b0ac-8279157d2ac1,1633936987484,13.4858503,52.4872155,6.371857,-0.14036718,0.31388402,-0.7630129,on bike mount,cyclo cross,True,fine gravel,good
39a181ce-cfdd-45dc-843b-ff515a46224b,cbed5937-6bb7-4c99-9918-7a3adcd18204,01fa8529-b29d-46ea-9e22-7e2896afdc1f,1633936987534,13.4858503,52.4872155,6.371857,0.18155289,-3.5897179,6.361292,on bike mount,cyclo cross,True,fine gravel,good
39a181ce-cfdd-45dc-843b-ff515a46224b,cbed5937-6bb7-4c99-9918-7a3adcd18204,f48d65fe-7eff-4523-9f49-5098d5252703,1633936987585,13.4858503,52.4872155,6.371857,-0.097069815,-4.0221004,2.5029125,on bike mount,cyclo cross,True,fine gravel,good
39a181ce-cfdd-45dc-843b-ff515a46224b,cbed5937-6bb7-4c99-9918-7a3adcd18204,4b4c3d62-51a4-4b1a-b4fe-65127174a5c6,1633936987635,13.4858503,52.4872155,6.371857,0.10591036,4.665304,1.8629465,on bike mount,cyclo cross,True,fine gravel,good
39a181ce-cfdd-45dc-843b-ff515a46224b,cbed5937-6bb7-4c99-9918-7a3adcd18204,557792b0-3360-405a-a298-e2f7fa9ca433,1633936987686,13.4858503,52.4872155,6.371857,-1.3906078,2.752057,-4.3209925,on bike mount,cyclo cross,True,fine gravel,good
39a181ce-cfdd-45dc-843b-ff515a46224b,cbed5937-6bb7-4c99-9918-7a3adcd18204,a92b7262-90e9-4ec6-b3a0-6c5c81ba0c11,1633936987752,13.4858503,52.4872155,6.371857,-1.0243893,4.018643,-6.775995,on bike mount,cyclo cross,True,fine gravel,good
39a181ce-cfdd-45dc-843b-ff515a46224b,cbed5937-6bb7-4c99-9918-7a3adcd18204,b9706995-8bc9-474b-880d-817c3e2bf623,1633936987803,13.4858503,52.4872155,6.371857,-0.64960134,-0.037612915,2.7201128,on bike mount,cyclo cross,True,fine gravel,good
39a181ce-cfdd-45dc-843b-ff515a46224b,cbed5937-6bb7-4c99-9918-7a3adcd18204,4bf37fda-8c63-44dd-bd1d-c025ca632623,1633936987853,13.4858503,52.4872155,6.371857,-1.576116,-1.0807117,-0.96878624,on bike mount,cyclo cross,True,fine gravel,good
39a181ce-cfdd-45dc-843b-ff515a46224b,cbed5937-6bb7-4c99-9918-7a3adcd18204,922b3e08-8900-4cae-aff4-b7c95f775e7d,1633936987904,13.4858503,52.4872155,6.371857,-1.4406137,4.2958117,-5.6766944,on bike mount,cyclo cross,True,fine gravel,good
39a181ce-cfdd-45dc-843b-ff515a46224b,cbed5937-6bb7-4c99-9918-7a3adcd18204,3e48a7c2-f6f9-4b3b-aece-8fac654c9c81,1633936987953,13.4858503,52.4872155,6.371857,-0.27688673,-3.8784769,5.988311,on bike mount,cyclo cross,True,fine gravel,good
39a181ce-cfdd-45dc-843b-ff515a46224b,cbed5937-6bb7-4c99-9918-7a3adcd18204,f6ef49b4-1c4a-4d8c-af66-70ad37d4e1d9,1633936988004,13.4858503,52.4872155,6.371857,-1.4968364,0.6099384,0.062220573,on bike mount,cyclo cross,True,fine gravel,good
39a181ce-cfdd-45dc-843b-ff515a46224b,cbed5937-6bb7-4c99-9918-7a3adcd18204,2224aa45-c130-4ec0-b254-2aa5590703bd,1633936988071,13.4858503,52.4872155,6.371857,1.9030364,-0.32494617,-2.2717514,on bike mount,cyclo cross,True,fine gravel,good
39a181ce-cfdd-45dc-843b-ff515a46224b,cbed5937-6bb7-4c99-9918-7a3adcd18204,df96fae3-9659-4549-8e4f-565e33628db0,1633936988136,13.4857584,52.4871978,6.102925,-0.7863972,-6.2334466,-0.09138012,on bike mount,cyclo cross,True,fine gravel,good
39a181ce-cfdd-45dc-843b-ff515a46224b,cbed5937-6bb7-4c99-9918-7a3adcd18204,b8f609f2-660d-4191-b0b4-57e1c668cf1e,1633936988186,13.4857584,52.4871978,6.102925,0.36746025,0.57711315,-7.0218544,on bike mount,cyclo cross,True,fine gravel,good
39a181ce-cfdd-45dc-843b-ff515a46224b,cbed5937-6bb7-4c99-9918-7a3adcd18204,abaf7673-e128-457f-bbd6-986ee027ac44,1633936988237,13.4857584,52.4871978,6.102925,-0.18032958,2.947493,-1.4427795,on bike mount,cyclo cross,True,fine gravel,good
39a181ce-cfdd-45dc-843b-ff515a46224b,cbed5937-6bb7-4c99-9918-7a3adcd18204,74f9573a-2de3-4c38-b2b5-106937cbe399,1633936988287,13.4857584,52.4871978,6.102925,-0.8540019,-2.2267697,-0.68057346,on bike mount,cyclo cross,True,fine gravel,good
39a181ce-cfdd-45dc-843b-ff515a46224b,cbed5937-6bb7-4c99-9918-7a3adcd18204,f8d451f2-9b99-49f7-81a2-0fcd10865abd,1633936988338,13.4857584,52.4871978,6.102925,-0.023559853,-4.3992963,0.87177086,on bike mount,cyclo cross,True,fine gravel,good
39a181ce-cfdd-45dc-843b-ff515a46224b,cbed5937-6bb7-4c99-9918-7a3adcd18204,4e8abef4-aa28-45bb-9795-eb43f13df087,1633936988389,13.4857584,52.4871978,6.102925,0.5609061,-5.700927,6.9686565,on bike mount,cyclo cross,True,fine gravel,good
39a181ce-cfdd-45dc-843b-ff515a46224b,cbed5937-6bb7-4c99-9918-7a3adcd18204,d5947daf-16d1-4391-8353-8b60669603e7,1633936988438,13.4857584,52.4871978,6.102925,2.9417624,1.8422999,0.47375488,on bike mount,cyclo cross,True,fine gravel,good
39a181ce-cfdd-45dc-843b-ff515a46224b,cbed5937-6bb7-4c99-9918-7a3adcd18204,a17a8b54-57ff-4163-b5ff-850f3392771f,1633936988488,13.4857584,52.4871978,6.102925,0.79879117,3.4259968,-4.632127,on bike mount,cyclo cross,True,fine gravel,good
39a181ce-cfdd-45dc-843b-ff515a46224b,cbed5937-6bb7-4c99-9918-7a3adcd18204,c641c428-6090-422f-975a-c0b902afae97,1633936988538,13.4857584,52.4871978,6.102925,0.28928828,0.2749374,3.176052,on bike mount,cyclo cross,True,fine gravel,good
39a181ce-cfdd-45dc-843b-ff515a46224b,cbed5937-6bb7-4c99-9918-7a3adcd18204,15923ff8-804d-4955-8953-35c02e6495c7,1633936988589,13.4857584,52.4871978,6.102925,2.2241228,-3.3216238,1.1396179,on bike mount,cyclo cross,True,fine gravel,good
39a181ce-cfdd-45dc-843b-ff515a46224b,cbed5937-6bb7-4c99-9918-7a3adcd18204,dd203832-4a5c-48d4-94b0-10488f62a03b,1633936988640,13.4857584,52.4871978,6.102925,0.77202636,-5.560526,-1.4482632,on bike mount,cyclo cross,True,fine gravel,good
39a181ce-cfdd-45dc-843b-ff515a46224b,cbed5937-6bb7-4c99-9918-7a3adcd18204,4b2f835a-6513-49bd-b1f8-1c195a9d8eaa,1633936988690,13.4857584,52.4871978,6.102925,0.6795215,-0.015232086,0.9049473,on bike mount,cyclo cross,True,fine gravel,good
39a181ce-cfdd-45dc-843b-ff515a46224b,cbed5937-6bb7-4c99-9918-7a3adcd18204,e1ccf060-ae55-4a32-a284-82eea9538698,1633936988746,13.4857584,52.4871978,6.102925,-1.9250636,3.4071493,-3.2272544,on bike mount,cyclo cross,True,fine gravel,good
39a181ce-cfdd-45dc-843b-ff515a46224b,cbed5937-6bb7-4c99-9918-7a3adcd18204,b04b31b2-fafb-4089-bbe4-d8abc2dcf1b0,1633936988805,13.4857584,52.4871978,6.102925,-0.26343304,-2.1206331,4.1785135,on bike mount,cyclo cross,True,fine gravel,good
39a181ce-cfdd-45dc-843b-ff515a46224b,cbed5937-6bb7-4c99-9918-7a3adcd18204,58369d7e-f560-4da9-972a-4bf1ba94a53e,1633936988857,13.4857584,52.4871978,6.102925,-0.73925084,11.115207,-3.4502487,on bike mount,cyclo cross,True,fine gravel,good
39a181ce-cfdd-45dc-843b-ff515a46224b,cbed5937-6bb7-4c99-9918-7a3adcd18204,40058ab8-bf7a-4b90-bd85-8cd8f72e549b,1633936988923,13.4857584,52.4871978,6.102925,-0.16752274,2.2102833,-6.321652,on bike mount,cyclo cross,True,fine gravel,good
39a181ce-cfdd-45dc-843b-ff515a46224b,cbed5937-6bb7-4c99-9918-7a3adcd18204,252a24f3-c6f3-4d3a-835f-bee0aceafd53,1633936988974,13.4857584,52.4871978,6.102925,0.6219274,3.6639752,8.679047,on bike mount,cyclo cross,True,fine gravel,good
39a181ce-cfdd-45dc-843b-ff515a46224b,cbed5937-6bb7-4c99-9918-7a3adcd18204,3bfa5243-e47d-4855-abfc-220be5164a44,1633936989023,13.4857584,52.4871978,6.102925,1.4484677,-1.0464063,8.347051,on bike mount,cyclo cross,True,fine gravel,good
39a181ce-cfdd-45dc-843b-ff515a46224b,cbed5937-6bb7-4c99-9918-7a3adcd18204,42dbc2d8-112e-4c6b-8d31-bfc63ef04adb,1633936989076,13.4857584,52.4871978,6.102925,-0.224531,-3.8409095,-0.6952934,on bike mount,cyclo cross,True,fine gravel,good
39a181ce-cfdd-45dc-843b-ff515a46224b,cbed5937-6bb7-4c99-9918-7a3adcd18204,6d043759-3403-4c2a-8b0d-444a8cba5aaa,1633936989126,13.4856757,52.4871816,4.924708,0.38209033,-0.02927041,0.8424835,on bike mount,cyclo cross,True,fine gravel,good
39a181ce-cfdd-45dc-843b-ff515a46224b,cbed5937-6bb7-4c99-9918-7a3adcd18204,a5c4e95f-9dac-4101-9950-4d4e57d33ecf,1633936989190,13.4856757,52.4871816,4.924708,-0.4635466,-5.1718793,6.84585,on bike mount,cyclo cross,True,fine gravel,good
39a181ce-cfdd-45dc-843b-ff515a46224b,cbed5937-6bb7-4c99-9918-7a3adcd18204,239d3695-d643-4cf0-87f6-bc83f71c5323,1633936989256,13.4856757,52.4871816,4.924708,-0.7912321,4.266679,-0.60541725,on bike mount,cyclo cross,True,fine gravel,good
39a181ce-cfdd-45dc-843b-ff515a46224b,cbed5937-6bb7-4c99-9918-7a3adcd18204,c0036af7-af15-4ff8-ba44-a460a7a25dc5,1633936989306,13.4856757,52.4871816,4.924708,-0.4430936,-3.182952,4.5484133,on bike mount,cyclo cross,True,fine gravel,good
39a181ce-cfdd-45dc-843b-ff515a46224b,cbed5937-6bb7-4c99-9918-7a3adcd18204,b0a1cf2f-62a5-4fa8-ac66-64e1d72ff44c,1633936989358,13.4856757,52.4871816,4.924708,0.39869905,-2.9750812,-0.13051224,on bike mount,cyclo cross,True,fine gravel,good
39a181ce-cfdd-45dc-843b-ff515a46224b,cbed5937-6bb7-4c99-9918-7a3adcd18204,c7dfc64f-ad95-4f3a-bc94-d4d7b8e94725,1633936989407,13.4856757,52.4871816,4.924708,0.28664592,1.9645884,-2.986868,on bike mount,cyclo cross,True,fine gravel,good
39a181ce-cfdd-45dc-843b-ff515a46224b,cbed5937-6bb7-4c99-9918-7a3adcd18204,904940c2-ec95-4ed6-83d7-eabdb8d53d58,1633936989459,13.4856757,52.4871816,4.924708,-0.963429,6.6053915,-5.0584464,on bike mount,cyclo cross,True,fine gravel,good
39a181ce-cfdd-45dc-843b-ff515a46224b,cbed5937-6bb7-4c99-9918-7a3adcd18204,644cd63e-c4d5-4d22-ba83-1b03d02857aa,1633936989525,13.4856757,52.4871816,4.924708,1.4022639,-3.0929363,0.050011635,on bike mount,cyclo cross,True,fine gravel,good
39a181ce-cfdd-45dc-843b-ff515a46224b,cbed5937-6bb7-4c99-9918-7a3adcd18204,621bc096-f69a-46cb-9812-1978e3a742a4,1633936989575,13.4856757,52.4871816,4.924708,0.39401948,-0.24837756,-6.678853,on bike mount,cyclo cross,True,fine gravel,good
39a181ce-cfdd-45dc-843b-ff515a46224b,cbed5937-6bb7-4c99-9918-7a3adcd18204,5bad415b-a7ef-4c24-8f33-9a1d7fe42226,1633936989625,13.4856757,52.4871816,4.924708,0.7383424,4.2885895,0.61413383,on bike mount,cyclo cross,True,fine gravel,good
39a181ce-cfdd-45dc-843b-ff515a46224b,cbed5937-6bb7-4c99-9918-7a3adcd18204,e801d45c-7ab1-4374-9794-77aaf37d54ed,1633936989676,13.4856757,52.4871816,4.924708,-6.204399,8.489896,0.14435196,on bike mount,cyclo cross,True,fine gravel,good
39a181ce-cfdd-45dc-843b-ff515a46224b,cbed5937-6bb7-4c99-9918-7a3adcd18204,36f74919-7638-4558-8cf6-9cadb4fb3e25,1633936989742,13.4856757,52.4871816,4.924708,-0.06786002,-1.8203876,7.8305874,on bike mount,cyclo cross,True,fine gravel,good
39a181ce-cfdd-45dc-843b-ff515a46224b,cbed5937-6bb7-4c99-9918-7a3adcd18204,d9fa8517-5866-477f-9a26-c360c6aa1313,1633936989792,13.4856757,52.4871816,4.924708,-1.1751385,-4.651695,-0.38603687,on bike mount,cyclo cross,True,fine gravel,good
39a181ce-cfdd-45dc-843b-ff515a46224b,cbed5937-6bb7-4c99-9918-7a3adcd18204,c374ce0f-9923-46ad-a79c-b9c764612384,1633936989843,13.4856757,52.4871816,4.924708,1.70601,1.795053,-0.29771042,on bike mount,cyclo cross,True,fine gravel,good
39a181ce-cfdd-45dc-843b-ff515a46224b,cbed5937-6bb7-4c99-9918-7a3adcd18204,2987c129-1900-4439-bc5b-9cc5b519e303,1633936989894,13.4856757,52.4871816,4.924708,-1.5720589,9.609061,-3.9528713,on bike mount,cyclo cross,True,fine gravel,good
