bike_activity_uid,bike_activity_sample_uid,bike_activity_measurement,bike_activity_measurement_timestamp,bike_activity_measurement_lon,bike_activity_measurement_lat,bike_activity_measurement_speed,bike_activity_measurement_accelerometer_x,bike_activity_measurement_accelerometer_y,bike_activity_measurement_accelerometer_z,bike_activity_phone_position,bike_activity_bike_type,bike_activity_flagged_lab_conditions,bike_activity_surface_type,bike_activity_smoothness_type
3e85a4d9-b7a7-47ef-b901-d8b355d1a83b,e9758f9f-0643-495a-b0fe-3440128daa8b,434f46de-0064-4028-993f-b2abc6c87f48,1626017530493,13.4649191,52.4701045,0.14912708,-0.06672621,0.1293149,0.028903604,in backpack,cyclo cross,False,mixed,mixed
3e85a4d9-b7a7-47ef-b901-d8b355d1a83b,e9758f9f-0643-495a-b0fe-3440128daa8b,f357a30d-40b3-41e2-a748-dffa9656ba82,1626017530542,13.4649191,52.4701045,0.14912708,-0.010623455,-0.047240734,-0.020502567,in backpack,cyclo cross,False,mixed,mixed
3e85a4d9-b7a7-47ef-b901-d8b355d1a83b,e9758f9f-0643-495a-b0fe-3440128daa8b,4b8ae3b8-3b28-493f-9a1d-fd78c3293afb,1626017530591,13.4649191,52.4701045,0.14912708,-0.10113764,0.12402201,-0.042924404,in backpack,cyclo cross,False,mixed,mixed
3e85a4d9-b7a7-47ef-b901-d8b355d1a83b,e9758f9f-0643-495a-b0fe-3440128daa8b,5d55c4a3-33b4-4a15-9044-64b215c978fd,1626017530640,13.4649191,52.4701045,0.14912708,-0.08277941,0.040397644,-0.017062187,in backpack,cyclo cross,False,mixed,mixed
3e85a4d9-b7a7-47ef-b901-d8b355d1a83b,e9758f9f-0643-495a-b0fe-3440128daa8b,700998d1-155c-4f54-bd35-3759dc6f6be2,1626017530690,13.4649191,52.4701045,0.14912708,-0.0075263977,-0.03363943,-0.049180865,in backpack,cyclo cross,False,mixed,mixed
3e85a4d9-b7a7-47ef-b901-d8b355d1a83b,e9758f9f-0643-495a-b0fe-3440128daa8b,45e0086c-5176-4089-8d19-fb3caec35861,1626017530740,13.4649191,52.4701045,0.14912708,-0.14334154,0.104341984,-0.09219515,in backpack,cyclo cross,False,mixed,mixed
3e85a4d9-b7a7-47ef-b901-d8b355d1a83b,e9758f9f-0643-495a-b0fe-3440128daa8b,e7f7e83f-04ef-4aeb-afb9-d0e2c1ced34a,1626017530791,13.4649191,52.4701045,0.14912708,0.028466225,0.019226551,0.03703046,in backpack,cyclo cross,False,mixed,mixed
3e85a4d9-b7a7-47ef-b901-d8b355d1a83b,e9758f9f-0643-495a-b0fe-3440128daa8b,464b8d4a-7c03-48ca-b7be-63a8131f1c2b,1626017530841,13.4649191,52.4701045,0.14912708,-0.040519238,0.047774315,-0.0072028637,in backpack,cyclo cross,False,mixed,mixed
3e85a4d9-b7a7-47ef-b901-d8b355d1a83b,e9758f9f-0643-495a-b0fe-3440128daa8b,f098a00e-8be2-41f1-b86b-229ddb87f2a4,1626017530891,13.4649191,52.4701045,0.14912708,0.029563427,-0.004884243,-0.020915985,in backpack,cyclo cross,False,mixed,mixed
3e85a4d9-b7a7-47ef-b901-d8b355d1a83b,e9758f9f-0643-495a-b0fe-3440128daa8b,803ad670-f612-4278-825c-ad360c824c70,1626017530942,13.464925,52.4701015,0.17633386,0.02012825,0.021282673,-0.10847092,in backpack,cyclo cross,False,mixed,mixed
3e85a4d9-b7a7-47ef-b901-d8b355d1a83b,e9758f9f-0643-495a-b0fe-3440128daa8b,5e648770-b033-4687-89f5-04ece449822a,1626017530992,13.464925,52.4701015,0.17633386,-0.046391487,0.050425053,-0.052613974,in backpack,cyclo cross,False,mixed,mixed
3e85a4d9-b7a7-47ef-b901-d8b355d1a83b,e9758f9f-0643-495a-b0fe-3440128daa8b,1881dcb4-4a7a-48dd-b099-b6a32241d0dc,1626017531042,13.464925,52.4701015,0.17633386,-0.012032986,0.05532074,-0.06750798,in backpack,cyclo cross,False,mixed,mixed
3e85a4d9-b7a7-47ef-b901-d8b355d1a83b,e9758f9f-0643-495a-b0fe-3440128daa8b,54a9ab69-3c33-4446-ac93-2c2fab894e97,1626017531093,13.464925,52.4701015,0.17633386,-0.014862537,0.02583456,0.0045394897,in backpack,cyclo cross,False,mixed,mixed
3e85a4d9-b7a7-47ef-b901-d8b355d1a83b,e9758f9f-0643-495a-b0fe-3440128daa8b,7f82c1b9-6ed1-41f1-bfa0-6d5ce3f056d2,1626017531143,13.464925,52.4701015,0.17633386,0.017980576,0.013945103,0.018918276,in backpack,cyclo cross,False,mixed,mixed
3e85a4d9-b7a7-47ef-b901-d8b355d1a83b,e9758f9f-0643-495a-b0fe-3440128daa8b,502e228d-8af3-43d3-826d-73fd13602545,1626017531192,13.464925,52.4701015,0.17633386,-0.07650614,0.09012127,-0.08879435,in backpack,cyclo cross,False,mixed,mixed
3e85a4d9-b7a7-47ef-b901-d8b355d1a83b,e9758f9f-0643-495a-b0fe-3440128daa8b,174edb74-163e-48a6-90f2-a30e9a233466,1626017531242,13.464925,52.4701015,0.17633386,0.029988766,-0.019273758,-0.021105051,in backpack,cyclo cross,False,mixed,mixed
3e85a4d9-b7a7-47ef-b901-d8b355d1a83b,e9758f9f-0643-495a-b0fe-3440128daa8b,76989ff9-ab6a-47ac-aa7b-74c8d9babb2e,1626017531293,13.464925,52.4701015,0.17633386,0.025330067,0.03489399,0.003104329,in backpack,cyclo cross,False,mixed,mixed
3e85a4d9-b7a7-47ef-b901-d8b355d1a83b,e9758f9f-0643-495a-b0fe-3440128daa8b,836f4f9a-b2f1-4b05-a691-b19d316ebb90,1626017531343,13.464925,52.4701015,0.17633386,-0.043213367,0.013668537,-0.05814159,in backpack,cyclo cross,False,mixed,mixed
3e85a4d9-b7a7-47ef-b901-d8b355d1a83b,e9758f9f-0643-495a-b0fe-3440128daa8b,28b1aad9-d16d-4fd4-9f4b-88aa82e75b6b,1626017531393,13.464925,52.4701015,0.17633386,-0.08739376,0.036642075,-0.000111699104,in backpack,cyclo cross,False,mixed,mixed
3e85a4d9-b7a7-47ef-b901-d8b355d1a83b,e9758f9f-0643-495a-b0fe-3440128daa8b,d751f802-6e70-4443-bae2-693922eb2506,1626017531443,13.464925,52.4701015,0.17633386,-0.037070274,-0.043856144,0.010992765,in backpack,cyclo cross,False,mixed,mixed
3e85a4d9-b7a7-47ef-b901-d8b355d1a83b,e9758f9f-0643-495a-b0fe-3440128daa8b,a21f2a5d-ea1a-4727-874c-d5d1c23a6e1b,1626017531493,13.464925,52.4701015,0.17633386,-0.044106483,-0.0027375221,0.017219901,in backpack,cyclo cross,False,mixed,mixed
3e85a4d9-b7a7-47ef-b901-d8b355d1a83b,e9758f9f-0643-495a-b0fe-3440128daa8b,7444516a-365f-4fe3-81cc-c20e3ee3cd24,1626017531544,13.464925,52.4701015,0.17633386,-0.092950344,0.07049036,-0.09307754,in backpack,cyclo cross,False,mixed,mixed
3e85a4d9-b7a7-47ef-b901-d8b355d1a83b,e9758f9f-0643-495a-b0fe-3440128daa8b,43947ed3-f6e2-4a1b-87e0-f4eb4157d7e2,1626017531595,13.464925,52.4701015,0.17633386,-0.026141644,0.09110689,0.0063483715,in backpack,cyclo cross,False,mixed,mixed
3e85a4d9-b7a7-47ef-b901-d8b355d1a83b,e9758f9f-0643-495a-b0fe-3440128daa8b,cf7d7d01-13a8-4b6c-91ba-f02853ece401,1626017531645,13.464925,52.4701015,0.17633386,-0.017554283,0.035954475,-0.06388259,in backpack,cyclo cross,False,mixed,mixed
3e85a4d9-b7a7-47ef-b901-d8b355d1a83b,e9758f9f-0643-495a-b0fe-3440128daa8b,9a1de776-3094-4724-a604-1c12a04b4aaf,1626017531695,13.464925,52.4701015,0.17633386,-0.006401062,0.007206917,-0.05114019,in backpack,cyclo cross,False,mixed,mixed
3e85a4d9-b7a7-47ef-b901-d8b355d1a83b,e9758f9f-0643-495a-b0fe-3440128daa8b,14b8eb6b-9e2d-4714-92b3-6717711a2e97,1626017531747,13.464925,52.4701015,0.17633386,-0.009946823,0.06007433,0.029475212,in backpack,cyclo cross,False,mixed,mixed
3e85a4d9-b7a7-47ef-b901-d8b355d1a83b,e9758f9f-0643-495a-b0fe-3440128daa8b,aea6d565-37e3-4eb7-85d6-cc03948c7acc,1626017531797,13.464925,52.4701015,0.17633386,-0.070176125,0.04541731,-0.05216825,in backpack,cyclo cross,False,mixed,mixed
3e85a4d9-b7a7-47ef-b901-d8b355d1a83b,e9758f9f-0643-495a-b0fe-3440128daa8b,2377fd54-5130-4f18-9a91-923244438e6d,1626017531846,13.464925,52.4701015,0.17633386,-0.008054733,0.009390831,0.051968932,in backpack,cyclo cross,False,mixed,mixed
3e85a4d9-b7a7-47ef-b901-d8b355d1a83b,e9758f9f-0643-495a-b0fe-3440128daa8b,ae3c6409-a31e-43e8-ae21-1b4d28ce1734,1626017531896,13.464925,52.4701015,0.17633386,-0.051543236,0.041894436,0.018279195,in backpack,cyclo cross,False,mixed,mixed
3e85a4d9-b7a7-47ef-b901-d8b355d1a83b,e9758f9f-0643-495a-b0fe-3440128daa8b,956239d3-5296-4fe1-b573-ba214af5564f,1626017531946,13.46493,52.4701009,0.23448928,-0.116197586,0.12368345,-0.03712368,in backpack,cyclo cross,False,mixed,mixed
3e85a4d9-b7a7-47ef-b901-d8b355d1a83b,e9758f9f-0643-495a-b0fe-3440128daa8b,8d07cec8-00e6-44f0-84fb-2124d3bd1292,1626017531995,13.46493,52.4701009,0.23448928,-0.033842564,0.049665928,0.01858449,in backpack,cyclo cross,False,mixed,mixed
3e85a4d9-b7a7-47ef-b901-d8b355d1a83b,e9758f9f-0643-495a-b0fe-3440128daa8b,cfa40974-a7c8-40d4-8e13-8e49adb36f86,1626017532045,13.46493,52.4701009,0.23448928,-0.042788982,0.07252979,-0.044409275,in backpack,cyclo cross,False,mixed,mixed
3e85a4d9-b7a7-47ef-b901-d8b355d1a83b,e9758f9f-0643-495a-b0fe-3440128daa8b,cc8c37a6-5db8-4197-ba7d-7025ff07f57d,1626017532094,13.46493,52.4701009,0.23448928,-0.05137682,0.039359093,0.00937593,in backpack,cyclo cross,False,mixed,mixed
3e85a4d9-b7a7-47ef-b901-d8b355d1a83b,e9758f9f-0643-495a-b0fe-3440128daa8b,35b75917-8ed8-4fbd-8351-0b8146633e6f,1626017532144,13.46493,52.4701009,0.23448928,-0.080221176,0.0020141602,-0.04427409,in backpack,cyclo cross,False,mixed,mixed
3e85a4d9-b7a7-47ef-b901-d8b355d1a83b,e9758f9f-0643-495a-b0fe-3440128daa8b,1039baa2-e20c-4d90-9472-b7b0b9be49e7,1626017532195,13.46493,52.4701009,0.23448928,-0.044665813,0.1086297,-0.035855293,in backpack,cyclo cross,False,mixed,mixed
3e85a4d9-b7a7-47ef-b901-d8b355d1a83b,e9758f9f-0643-495a-b0fe-3440128daa8b,7f78b5f9-d7d1-4cef-9612-9f2260b52cb2,1626017532245,13.46493,52.4701009,0.23448928,-0.04520321,-0.012723923,-0.07736921,in backpack,cyclo cross,False,mixed,mixed
3e85a4d9-b7a7-47ef-b901-d8b355d1a83b,e9758f9f-0643-495a-b0fe-3440128daa8b,cc967849-fa8e-479c-9c35-51fd723e49df,1626017532296,13.46493,52.4701009,0.23448928,-0.10845137,0.053168297,0.041900635,in backpack,cyclo cross,False,mixed,mixed
3e85a4d9-b7a7-47ef-b901-d8b355d1a83b,e9758f9f-0643-495a-b0fe-3440128daa8b,31672740-bade-43dc-862b-bd4c67633aae,1626017532347,13.46493,52.4701009,0.23448928,-0.0733881,0.09472036,-0.018035054,in backpack,cyclo cross,False,mixed,mixed
3e85a4d9-b7a7-47ef-b901-d8b355d1a83b,e9758f9f-0643-495a-b0fe-3440128daa8b,6464852c-7e7a-43eb-8c6d-cacc4e612f50,1626017532398,13.46493,52.4701009,0.23448928,0.11144018,-0.025891304,0.0017844439,in backpack,cyclo cross,False,mixed,mixed
3e85a4d9-b7a7-47ef-b901-d8b355d1a83b,e9758f9f-0643-495a-b0fe-3440128daa8b,f606a205-c81e-432a-bccd-16645d53ee90,1626017532449,13.46493,52.4701009,0.23448928,0.003791809,-0.0109677315,0.0030497313,in backpack,cyclo cross,False,mixed,mixed
3e85a4d9-b7a7-47ef-b901-d8b355d1a83b,e9758f9f-0643-495a-b0fe-3440128daa8b,2235fa80-4f72-48b4-bfea-c87bd291a070,1626017532499,13.46493,52.4701009,0.23448928,-0.008448124,0.007945061,-0.0024360418,in backpack,cyclo cross,False,mixed,mixed
3e85a4d9-b7a7-47ef-b901-d8b355d1a83b,e9758f9f-0643-495a-b0fe-3440128daa8b,faa8f987-a27e-4ce6-aea3-e5264cee1504,1626017532550,13.46493,52.4701009,0.23448928,-0.044074535,-0.017595768,-0.01659453,in backpack,cyclo cross,False,mixed,mixed
3e85a4d9-b7a7-47ef-b901-d8b355d1a83b,e9758f9f-0643-495a-b0fe-3440128daa8b,e09bfccf-6f6e-467f-837e-ff0f69a20418,1626017532599,13.46493,52.4701009,0.23448928,-0.025661945,0.09294224,-0.03842902,in backpack,cyclo cross,False,mixed,mixed
3e85a4d9-b7a7-47ef-b901-d8b355d1a83b,e9758f9f-0643-495a-b0fe-3440128daa8b,aa90bcfb-d7e6-44c9-ae99-013098941b34,1626017532650,13.46493,52.4701009,0.23448928,0.030790806,-0.009985924,-0.08139658,in backpack,cyclo cross,False,mixed,mixed
3e85a4d9-b7a7-47ef-b901-d8b355d1a83b,e9758f9f-0643-495a-b0fe-3440128daa8b,54e4c162-35b3-458b-a57d-1d19fb578c56,1626017532701,13.46493,52.4701009,0.23448928,-0.025428295,0.0033340454,-0.03154552,in backpack,cyclo cross,False,mixed,mixed
3e85a4d9-b7a7-47ef-b901-d8b355d1a83b,e9758f9f-0643-495a-b0fe-3440128daa8b,c0c81065-50e9-43cb-ae8c-91bb6f7e6cf8,1626017532751,13.46493,52.4701009,0.23448928,-0.090713024,0.06273937,-0.017963886,in backpack,cyclo cross,False,mixed,mixed
3e85a4d9-b7a7-47ef-b901-d8b355d1a83b,e9758f9f-0643-495a-b0fe-3440128daa8b,70559576-b7b9-4b28-a9bf-cd544907043a,1626017532802,13.46493,52.4701009,0.23448928,-0.049105167,0.02775383,-0.06387496,in backpack,cyclo cross,False,mixed,mixed
3e85a4d9-b7a7-47ef-b901-d8b355d1a83b,e9758f9f-0643-495a-b0fe-3440128daa8b,5ae1a8f6-eae7-407a-91a5-b786192066bc,1626017532850,13.46493,52.4701009,0.23448928,-0.030761242,-0.013481617,0.029651761,in backpack,cyclo cross,False,mixed,mixed
3e85a4d9-b7a7-47ef-b901-d8b355d1a83b,e9758f9f-0643-495a-b0fe-3440128daa8b,a81b5415-eaba-4eb4-ada8-b4576c3be340,1626017532900,13.46493,52.4701009,0.23448928,-0.02641058,-0.00974226,-0.008937955,in backpack,cyclo cross,False,mixed,mixed
3e85a4d9-b7a7-47ef-b901-d8b355d1a83b,e9758f9f-0643-495a-b0fe-3440128daa8b,a5363d0f-f589-48f2-ac88-d2b99b028abf,1626017532952,13.4649323,52.4701018,0.23978789,-0.04637146,0.01335144,0.010879159,in backpack,cyclo cross,False,mixed,mixed
3e85a4d9-b7a7-47ef-b901-d8b355d1a83b,de984076-899d-435f-97d5-d3a7d9e4fe10,e7ee78cf-97a6-4ee9-a1cd-46a5e22c1cf3,1626017531435,13.464925,52.4701015,0.17633386,-0.01920557,0.0054621696,-0.013835907,in backpack,cyclo cross,False,mixed,mixed
3e85a4d9-b7a7-47ef-b901-d8b355d1a83b,de984076-899d-435f-97d5-d3a7d9e4fe10,ac9fe206-5f96-4e8f-b176-774406b5d8ce,1626017531486,13.464925,52.4701015,0.17633386,-0.02225256,0.059969902,-0.017652392,in backpack,cyclo cross,False,mixed,mixed
3e85a4d9-b7a7-47ef-b901-d8b355d1a83b,de984076-899d-435f-97d5-d3a7d9e4fe10,8df4f179-e4d2-4952-861b-604438107eff,1626017531536,13.464925,52.4701015,0.17633386,-0.03240013,0.024701595,-0.08306062,in backpack,cyclo cross,False,mixed,mixed
3e85a4d9-b7a7-47ef-b901-d8b355d1a83b,de984076-899d-435f-97d5-d3a7d9e4fe10,f21bf712-e9d9-444a-8eb9-2f1363c9a9e2,1626017531585,13.464925,52.4701015,0.17633386,-0.060270786,0.07452726,-0.027666807,in backpack,cyclo cross,False,mixed,mixed
3e85a4d9-b7a7-47ef-b901-d8b355d1a83b,de984076-899d-435f-97d5-d3a7d9e4fe10,7936d503-9014-4a0d-8894-9c5340e4cfef,1626017531635,13.464925,52.4701015,0.17633386,-0.041830063,0.018221378,-0.03251922,in backpack,cyclo cross,False,mixed,mixed
3e85a4d9-b7a7-47ef-b901-d8b355d1a83b,de984076-899d-435f-97d5-d3a7d9e4fe10,6da2f6ec-1314-4f43-a3a8-b018c48ece9a,1626017531686,13.464925,52.4701015,0.17633386,-0.040609837,0.022508144,-0.019830942,in backpack,cyclo cross,False,mixed,mixed
3e85a4d9-b7a7-47ef-b901-d8b355d1a83b,de984076-899d-435f-97d5-d3a7d9e4fe10,242aa32c-1527-435f-88e0-0e8fcf0c803a,1626017531737,13.464925,52.4701015,0.17633386,-0.047905922,0.07993126,0.008931994,in backpack,cyclo cross,False,mixed,mixed
3e85a4d9-b7a7-47ef-b901-d8b355d1a83b,de984076-899d-435f-97d5-d3a7d9e4fe10,b8a496d8-eb31-4323-a13a-e88136668787,1626017531787,13.464925,52.4701015,0.17633386,-0.06206417,0.060377598,-0.07648778,in backpack,cyclo cross,False,mixed,mixed
3e85a4d9-b7a7-47ef-b901-d8b355d1a83b,de984076-899d-435f-97d5-d3a7d9e4fe10,bd134ec6-8bac-41f1-9933-0d67f6fcce07,1626017531838,13.464925,52.4701015,0.17633386,-0.0078020096,0.009637356,0.013890147,in backpack,cyclo cross,False,mixed,mixed
3e85a4d9-b7a7-47ef-b901-d8b355d1a83b,de984076-899d-435f-97d5-d3a7d9e4fe10,1666a219-6057-4e47-9d33-ceb11dcd54d2,1626017531889,13.464925,52.4701015,0.17633386,-0.055660725,-0.016625404,0.027552009,in backpack,cyclo cross,False,mixed,mixed
3e85a4d9-b7a7-47ef-b901-d8b355d1a83b,de984076-899d-435f-97d5-d3a7d9e4fe10,d512c08d-4e79-4705-b7d5-c1a0043a7355,1626017531939,13.46493,52.4701009,0.23448928,-0.0376091,0.0670557,0.019442558,in backpack,cyclo cross,False,mixed,mixed
3e85a4d9-b7a7-47ef-b901-d8b355d1a83b,de984076-899d-435f-97d5-d3a7d9e4fe10,d03e7d50-88ce-41f6-b98d-cca6ba1ee46e,1626017531989,13.46493,52.4701009,0.23448928,0.0014762878,0.0201478,0.087613344,in backpack,cyclo cross,False,mixed,mixed
3e85a4d9-b7a7-47ef-b901-d8b355d1a83b,de984076-899d-435f-97d5-d3a7d9e4fe10,d0d577fa-4c6f-4b16-b2da-e4833cc1ba58,1626017532039,13.46493,52.4701009,0.23448928,-0.030315876,0.08113766,-0.035488248,in backpack,cyclo cross,False,mixed,mixed
3e85a4d9-b7a7-47ef-b901-d8b355d1a83b,de984076-899d-435f-97d5-d3a7d9e4fe10,27a5912e-d39c-48fe-80cd-edcba6e2e57f,1626017532089,13.46493,52.4701009,0.23448928,-0.046603203,-0.0011315346,0.008607984,in backpack,cyclo cross,False,mixed,mixed
3e85a4d9-b7a7-47ef-b901-d8b355d1a83b,de984076-899d-435f-97d5-d3a7d9e4fe10,37602158-17dd-496b-8e6c-8f2b304ecbc5,1626017532138,13.46493,52.4701009,0.23448928,-0.047359467,-0.031805515,-0.062425017,in backpack,cyclo cross,False,mixed,mixed
3e85a4d9-b7a7-47ef-b901-d8b355d1a83b,de984076-899d-435f-97d5-d3a7d9e4fe10,104adf95-52dd-4f9b-ade9-9c5620edf2c6,1626017532188,13.46493,52.4701009,0.23448928,-0.024674416,0.11235523,-0.05428469,in backpack,cyclo cross,False,mixed,mixed
3e85a4d9-b7a7-47ef-b901-d8b355d1a83b,de984076-899d-435f-97d5-d3a7d9e4fe10,08b571a4-fb38-445f-a5e3-b9b33c02f85a,1626017532238,13.46493,52.4701009,0.23448928,-0.09720659,-0.01879406,-0.07095599,in backpack,cyclo cross,False,mixed,mixed
3e85a4d9-b7a7-47ef-b901-d8b355d1a83b,de984076-899d-435f-97d5-d3a7d9e4fe10,eb33a7e5-d5b9-4564-be11-1f53c168ce1a,1626017532288,13.46493,52.4701009,0.23448928,-0.08322048,0.03320837,0.058124065,in backpack,cyclo cross,False,mixed,mixed
3e85a4d9-b7a7-47ef-b901-d8b355d1a83b,de984076-899d-435f-97d5-d3a7d9e4fe10,b514cb72-bb06-4f69-886d-6cfa74d82de8,1626017532339,13.46493,52.4701009,0.23448928,-0.06039238,0.050623417,-0.004920006,in backpack,cyclo cross,False,mixed,mixed
3e85a4d9-b7a7-47ef-b901-d8b355d1a83b,de984076-899d-435f-97d5-d3a7d9e4fe10,852b5a5c-16f2-4827-9b07-e58c844c733f,1626017532389,13.46493,52.4701009,0.23448928,0.03997183,0.013276577,0.023681998,in backpack,cyclo cross,False,mixed,mixed
3e85a4d9-b7a7-47ef-b901-d8b355d1a83b,de984076-899d-435f-97d5-d3a7d9e4fe10,677da9cb-22b5-4c72-a208-57c8473f5919,1626017532438,13.46493,52.4701009,0.23448928,0.009697914,0.06934595,0.009682655,in backpack,cyclo cross,False,mixed,mixed
3e85a4d9-b7a7-47ef-b901-d8b355d1a83b,de984076-899d-435f-97d5-d3a7d9e4fe10,58419972-c3c0-4ae2-9e4a-ca426cf6a3e0,1626017532489,13.46493,52.4701009,0.23448928,-0.014239788,0.024319649,0.0014262199,in backpack,cyclo cross,False,mixed,mixed
3e85a4d9-b7a7-47ef-b901-d8b355d1a83b,de984076-899d-435f-97d5-d3a7d9e4fe10,2c97e4b3-5878-4d24-89b9-82d3941f6dbc,1626017532539,13.46493,52.4701009,0.23448928,-0.07630634,-0.008799553,-0.024172902,in backpack,cyclo cross,False,mixed,mixed
3e85a4d9-b7a7-47ef-b901-d8b355d1a83b,de984076-899d-435f-97d5-d3a7d9e4fe10,3e813245-a517-46b6-8713-a70680fc20fa,1626017532589,13.46493,52.4701009,0.23448928,-0.03886366,0.024055958,-0.022708774,in backpack,cyclo cross,False,mixed,mixed
3e85a4d9-b7a7-47ef-b901-d8b355d1a83b,de984076-899d-435f-97d5-d3a7d9e4fe10,54933999-81e3-42e9-b85e-1aa3305cf4ef,1626017532639,13.46493,52.4701009,0.23448928,-0.043883324,-0.03671503,-0.08127618,in backpack,cyclo cross,False,mixed,mixed
3e85a4d9-b7a7-47ef-b901-d8b355d1a83b,de984076-899d-435f-97d5-d3a7d9e4fe10,39902c80-4f75-449c-95ea-13b5f7a55f80,1626017532688,13.46493,52.4701009,0.23448928,-0.035372734,0.021472454,-0.01847446,in backpack,cyclo cross,False,mixed,mixed
3e85a4d9-b7a7-47ef-b901-d8b355d1a83b,de984076-899d-435f-97d5-d3a7d9e4fe10,d4610ca4-4809-42b0-b900-480a72cda4ce,1626017532737,13.46493,52.4701009,0.23448928,-0.09712982,0.022557259,-0.037744284,in backpack,cyclo cross,False,mixed,mixed
3e85a4d9-b7a7-47ef-b901-d8b355d1a83b,de984076-899d-435f-97d5-d3a7d9e4fe10,0a8a9051-816b-4120-b9e6-75c04c73c0af,1626017532787,13.46493,52.4701009,0.23448928,-0.0344491,0.10013008,-0.013623714,in backpack,cyclo cross,False,mixed,mixed
3e85a4d9-b7a7-47ef-b901-d8b355d1a83b,de984076-899d-435f-97d5-d3a7d9e4fe10,fa90886b-4c27-435c-937d-a570c9705418,1626017532837,13.46493,52.4701009,0.23448928,-0.033055782,0.0632925,-0.08425307,in backpack,cyclo cross,False,mixed,mixed
3e85a4d9-b7a7-47ef-b901-d8b355d1a83b,de984076-899d-435f-97d5-d3a7d9e4fe10,14fbbf34-4853-4ba7-9cfb-210a37e86a23,1626017532889,13.46493,52.4701009,0.23448928,0.010241032,0.027050018,0.023400784,in backpack,cyclo cross,False,mixed,mixed
3e85a4d9-b7a7-47ef-b901-d8b355d1a83b,de984076-899d-435f-97d5-d3a7d9e4fe10,75887dbd-da1c-4d0e-890e-1672d7114e4f,1626017532939,13.4649323,52.4701018,0.23978789,-0.013014793,0.017838955,-0.03722918,in backpack,cyclo cross,False,mixed,mixed
3e85a4d9-b7a7-47ef-b901-d8b355d1a83b,de984076-899d-435f-97d5-d3a7d9e4fe10,bd4dc3a3-d182-44d3-b935-043bc571f42c,1626017532989,13.4649323,52.4701018,0.23978789,-0.04923582,0.06166458,-0.0045194626,in backpack,cyclo cross,False,mixed,mixed
3e85a4d9-b7a7-47ef-b901-d8b355d1a83b,de984076-899d-435f-97d5-d3a7d9e4fe10,36719520-de76-48d1-896e-8805c538696b,1626017533040,13.4649323,52.4701018,0.23978789,-0.039308548,0.014526367,-0.0018907785,in backpack,cyclo cross,False,mixed,mixed
3e85a4d9-b7a7-47ef-b901-d8b355d1a83b,de984076-899d-435f-97d5-d3a7d9e4fe10,a80ee630-7680-4156-b609-c8fad34cf974,1626017533089,13.4649323,52.4701018,0.23978789,-0.016456604,-0.040097713,-0.036314726,in backpack,cyclo cross,False,mixed,mixed
3e85a4d9-b7a7-47ef-b901-d8b355d1a83b,de984076-899d-435f-97d5-d3a7d9e4fe10,df68da00-c37a-4ae1-ac92-fac63209fed5,1626017533138,13.4649323,52.4701018,0.23978789,-0.082355976,0.0029435158,-0.055384517,in backpack,cyclo cross,False,mixed,mixed
3e85a4d9-b7a7-47ef-b901-d8b355d1a83b,de984076-899d-435f-97d5-d3a7d9e4fe10,2cee93d4-b1f6-4571-a7c3-a302efe8abba,1626017533190,13.4649323,52.4701018,0.23978789,0.016170025,0.023763657,0.05079925,in backpack,cyclo cross,False,mixed,mixed
3e85a4d9-b7a7-47ef-b901-d8b355d1a83b,de984076-899d-435f-97d5-d3a7d9e4fe10,45765497-6e58-4e81-bcd8-52ae946318c5,1626017533933,13.4649323,52.4701018,0.23978789,0.016170025,0.023763657,0.05079925,in backpack,cyclo cross,False,mixed,mixed
3e85a4d9-b7a7-47ef-b901-d8b355d1a83b,de984076-899d-435f-97d5-d3a7d9e4fe10,7e3ef431-bd58-4993-8c11-46b945f112c0,1626017533983,13.4649323,52.4701018,0.23978789,0.007931709,-0.016205788,-0.015093803,in backpack,cyclo cross,False,mixed,mixed
3e85a4d9-b7a7-47ef-b901-d8b355d1a83b,de984076-899d-435f-97d5-d3a7d9e4fe10,4adea946-d971-4f8e-93b5-5a0fdc787cc5,1626017534033,13.4649357,52.4701012,0.22751139,0.020888805,0.04602766,0.02251792,in backpack,cyclo cross,False,mixed,mixed
3e85a4d9-b7a7-47ef-b901-d8b355d1a83b,de984076-899d-435f-97d5-d3a7d9e4fe10,a92b4730-d743-4eac-bcd0-3fc3aa8f6af5,1626017534246,13.4649357,52.4701012,0.22751139,-0.023221016,0.066283226,0.00035893917,in backpack,cyclo cross,False,mixed,mixed
3e85a4d9-b7a7-47ef-b901-d8b355d1a83b,de984076-899d-435f-97d5-d3a7d9e4fe10,16b970d5-f89d-45f7-b1ad-16b3e146ec0e,1626017534295,13.4649357,52.4701012,0.22751139,-0.02309084,-0.024263382,-0.028627753,in backpack,cyclo cross,False,mixed,mixed
3e85a4d9-b7a7-47ef-b901-d8b355d1a83b,de984076-899d-435f-97d5-d3a7d9e4fe10,dc813074-c32c-40d3-b4ab-7dbce396e1cd,1626017534345,13.4649357,52.4701012,0.22751139,-0.03864193,0.102304935,0.06194675,in backpack,cyclo cross,False,mixed,mixed
3e85a4d9-b7a7-47ef-b901-d8b355d1a83b,de984076-899d-435f-97d5-d3a7d9e4fe10,aeeadb74-941f-4daa-bb19-0bfb31acd518,1626017534480,13.4649357,52.4701012,0.22751139,-0.024108887,0.027689934,0.09094477,in backpack,cyclo cross,False,mixed,mixed
3e85a4d9-b7a7-47ef-b901-d8b355d1a83b,de984076-899d-435f-97d5-d3a7d9e4fe10,8e91d755-1ee1-4de6-b73d-3dcbff6caebd,1626017534530,13.4649357,52.4701012,0.22751139,-0.055906296,0.050119877,0.009552002,in backpack,cyclo cross,False,mixed,mixed
3e85a4d9-b7a7-47ef-b901-d8b355d1a83b,de984076-899d-435f-97d5-d3a7d9e4fe10,2f62e9ba-5812-4ad9-9369-affb0b081260,1626017534580,13.4649357,52.4701012,0.22751139,-0.014836311,0.115758896,-0.0021369457,in backpack,cyclo cross,False,mixed,mixed
3e85a4d9-b7a7-47ef-b901-d8b355d1a83b,de984076-899d-435f-97d5-d3a7d9e4fe10,0779003c-8b37-42e0-a803-e0eb8650a3d3,1626017534631,13.4649357,52.4701012,0.22751139,0.066568375,0.035055637,0.004293561,in backpack,cyclo cross,False,mixed,mixed
3e85a4d9-b7a7-47ef-b901-d8b355d1a83b,de984076-899d-435f-97d5-d3a7d9e4fe10,8a862826-8a56-4345-be44-32f18d7b5783,1626017534681,13.4649357,52.4701012,0.22751139,-0.03365183,0.052804947,-0.01795435,in backpack,cyclo cross,False,mixed,mixed
3e85a4d9-b7a7-47ef-b901-d8b355d1a83b,de984076-899d-435f-97d5-d3a7d9e4fe10,4b377a17-e33f-4597-83c3-753ae10b4244,1626017534732,13.4649357,52.4701012,0.22751139,-0.022105694,0.09855986,0.006246567,in backpack,cyclo cross,False,mixed,mixed
3e85a4d9-b7a7-47ef-b901-d8b355d1a83b,de984076-899d-435f-97d5-d3a7d9e4fe10,e4f1e613-dd87-4c9d-8c7e-4005b9b026f1,1626017534783,13.4649357,52.4701012,0.22751139,0.0047564507,-0.058345318,-0.07129526,in backpack,cyclo cross,False,mixed,mixed
3e85a4d9-b7a7-47ef-b901-d8b355d1a83b,de984076-899d-435f-97d5-d3a7d9e4fe10,491c1882-3a73-41c2-b6b7-cf68c9c0cf96,1626017534832,13.4649357,52.4701012,0.22751139,0.009436607,0.053021908,0.018496156,in backpack,cyclo cross,False,mixed,mixed
3e85a4d9-b7a7-47ef-b901-d8b355d1a83b,de984076-899d-435f-97d5-d3a7d9e4fe10,d15578be-6e8c-47f3-9526-45e05098368f,1626017534882,13.4649357,52.4701012,0.22751139,-0.007416725,0.09337664,0.057504892,in backpack,cyclo cross,False,mixed,mixed
3e85a4d9-b7a7-47ef-b901-d8b355d1a83b,de984076-899d-435f-97d5-d3a7d9e4fe10,dcb44755-6b20-4848-90ad-6c88090da583,1626017534932,13.4649413,52.4700999,0.17697033,-0.0023255348,0.13305378,-0.04004407,in backpack,cyclo cross,False,mixed,mixed
3e85a4d9-b7a7-47ef-b901-d8b355d1a83b,de984076-899d-435f-97d5-d3a7d9e4fe10,8f5c72e1-8e2f-4a10-8e7b-f0d8d56076a5,1626017534982,13.4649413,52.4700999,0.17697033,-0.028056622,0.039611816,-0.021634579,in backpack,cyclo cross,False,mixed,mixed
3e85a4d9-b7a7-47ef-b901-d8b355d1a83b,de984076-899d-435f-97d5-d3a7d9e4fe10,614f50a3-a156-43bf-9f6d-c32ca857e5d5,1626017535033,13.4649413,52.4700999,0.17697033,-0.018459797,0.0005130768,-0.07747662,in backpack,cyclo cross,False,mixed,mixed
3e85a4d9-b7a7-47ef-b901-d8b355d1a83b,de984076-899d-435f-97d5-d3a7d9e4fe10,7d7655ba-341b-4e2f-ad88-4eb4459fa7aa,1626017535083,13.4649413,52.4700999,0.17697033,-0.043968678,0.029753208,-0.042545557,in backpack,cyclo cross,False,mixed,mixed
3e85a4d9-b7a7-47ef-b901-d8b355d1a83b,de984076-899d-435f-97d5-d3a7d9e4fe10,c8a6fff8-a70a-4206-bd9a-c4f70c81de3b,1626017535132,13.4649413,52.4700999,0.17697033,-0.053245068,-0.032364845,-0.24350524,in backpack,cyclo cross,False,mixed,mixed
3e85a4d9-b7a7-47ef-b901-d8b355d1a83b,de984076-899d-435f-97d5-d3a7d9e4fe10,de3372ba-38f9-4007-8d6d-85981dbe41d8,1626017535182,13.4649413,52.4700999,0.17697033,0.018931866,0.18721771,0.08084011,in backpack,cyclo cross,False,mixed,mixed
3e85a4d9-b7a7-47ef-b901-d8b355d1a83b,de984076-899d-435f-97d5-d3a7d9e4fe10,1200ca6f-d15e-4f9a-a9c4-a8c5ec26ad2c,1626017535232,13.4649413,52.4700999,0.17697033,-0.11040306,-0.19689846,-0.10748935,in backpack,cyclo cross,False,mixed,mixed
3e85a4d9-b7a7-47ef-b901-d8b355d1a83b,de984076-899d-435f-97d5-d3a7d9e4fe10,02323981-adff-42b0-afc2-fde9a26dd3e6,1626017535282,13.4649413,52.4700999,0.17697033,0.0041422844,0.1390605,0.061089158,in backpack,cyclo cross,False,mixed,mixed
3e85a4d9-b7a7-47ef-b901-d8b355d1a83b,de984076-899d-435f-97d5-d3a7d9e4fe10,5b37480e-11c7-47f9-9279-a298ea410cd8,1626017535331,13.4649413,52.4700999,0.17697033,-0.06413746,-0.03805065,-0.13908148,in backpack,cyclo cross,False,mixed,mixed
3e85a4d9-b7a7-47ef-b901-d8b355d1a83b,de984076-899d-435f-97d5-d3a7d9e4fe10,3a071baf-ea3e-4337-8478-de0c93c6cd09,1626017535381,13.4649413,52.4700999,0.17697033,0.026725769,0.13524437,0.076524615,in backpack,cyclo cross,False,mixed,mixed
3e85a4d9-b7a7-47ef-b901-d8b355d1a83b,de984076-899d-435f-97d5-d3a7d9e4fe10,2d4b889f-3028-4d2c-9490-a6071205db41,1626017535431,13.4649413,52.4700999,0.17697033,-0.12925196,-0.060795784,-0.008717537,in backpack,cyclo cross,False,mixed,mixed
3e85a4d9-b7a7-47ef-b901-d8b355d1a83b,de984076-899d-435f-97d5-d3a7d9e4fe10,a48bbe61-adf2-4480-8745-66230cd382a0,1626017535482,13.4649413,52.4700999,0.17697033,-0.048187733,0.06361294,0.026339054,in backpack,cyclo cross,False,mixed,mixed
3e85a4d9-b7a7-47ef-b901-d8b355d1a83b,de984076-899d-435f-97d5-d3a7d9e4fe10,4451eb4f-306f-48fd-ad39-23cc4a41699c,1626017535532,13.4649413,52.4700999,0.17697033,-0.04485321,0.09561443,-0.0633899,in backpack,cyclo cross,False,mixed,mixed
3e85a4d9-b7a7-47ef-b901-d8b355d1a83b,de984076-899d-435f-97d5-d3a7d9e4fe10,6fa09ce2-c446-4699-bf0c-4d3d5fb15fb1,1626017535582,13.4649413,52.4700999,0.17697033,-0.083180904,0.030758858,0.069224715,in backpack,cyclo cross,False,mixed,mixed
3e85a4d9-b7a7-47ef-b901-d8b355d1a83b,de984076-899d-435f-97d5-d3a7d9e4fe10,c7de0fd8-9ee6-4dd1-88ce-fb40095e2ddf,1626017535632,13.4649413,52.4700999,0.17697033,-0.032386303,0.047736168,0.028511286,in backpack,cyclo cross,False,mixed,mixed
3e85a4d9-b7a7-47ef-b901-d8b355d1a83b,de984076-899d-435f-97d5-d3a7d9e4fe10,77f93a98-af3f-48c9-b03a-2d973b968a92,1626017535683,13.4649413,52.4700999,0.17697033,-0.07504511,0.018304348,-0.1327287,in backpack,cyclo cross,False,mixed,mixed
3e85a4d9-b7a7-47ef-b901-d8b355d1a83b,de984076-899d-435f-97d5-d3a7d9e4fe10,5846e07d-a3d0-448e-bd24-284b441941e3,1626017535733,13.4649413,52.4700999,0.17697033,-0.0045394897,0.080084324,0.063755274,in backpack,cyclo cross,False,mixed,mixed
3e85a4d9-b7a7-47ef-b901-d8b355d1a83b,de984076-899d-435f-97d5-d3a7d9e4fe10,b6483338-488e-49c8-b03a-4bdfa5c4c414,1626017535784,13.4649413,52.4700999,0.17697033,-0.11759806,0.050329685,0.009795189,in backpack,cyclo cross,False,mixed,mixed
3e85a4d9-b7a7-47ef-b901-d8b355d1a83b,de984076-899d-435f-97d5-d3a7d9e4fe10,c34339ff-78bc-4332-a57f-c5119198307c,1626017535833,13.4649413,52.4700999,0.17697033,-0.09055567,0.17163992,0.12713766,in backpack,cyclo cross,False,mixed,mixed
3e85a4d9-b7a7-47ef-b901-d8b355d1a83b,de984076-899d-435f-97d5-d3a7d9e4fe10,532371cc-6c24-44a6-ac5b-4c219ed4d855,1626017535883,13.4649413,52.4700999,0.17697033,-0.13115406,0.11481285,0.026682615,in backpack,cyclo cross,False,mixed,mixed
3e85a4d9-b7a7-47ef-b901-d8b355d1a83b,de984076-899d-435f-97d5-d3a7d9e4fe10,254ea9cd-c49f-4a1b-baf7-20f13feb5f92,1626017535933,13.4649454,52.4700991,0.16855684,-0.04136896,0.033726215,0.0715853,in backpack,cyclo cross,False,mixed,mixed
3e85a4d9-b7a7-47ef-b901-d8b355d1a83b,de984076-899d-435f-97d5-d3a7d9e4fe10,bbe5a41d-04d7-4d80-81bb-67bca307cb80,1626017535983,13.4649454,52.4700991,0.16855684,-0.06302643,0.004544735,-0.015231013,in backpack,cyclo cross,False,mixed,mixed
3e85a4d9-b7a7-47ef-b901-d8b355d1a83b,de984076-899d-435f-97d5-d3a7d9e4fe10,0e9d33af-c322-4fd8-85d9-3c459106a432,1626017536033,13.4649454,52.4700991,0.16855684,-0.06612444,0.018604755,-0.059347868,in backpack,cyclo cross,False,mixed,mixed
3e85a4d9-b7a7-47ef-b901-d8b355d1a83b,de984076-899d-435f-97d5-d3a7d9e4fe10,dc2c80e6-c4f2-4994-8859-e28f53586955,1626017536084,13.4649454,52.4700991,0.16855684,0.03163004,-0.10898495,-0.0037589073,in backpack,cyclo cross,False,mixed,mixed
3e85a4d9-b7a7-47ef-b901-d8b355d1a83b,de984076-899d-435f-97d5-d3a7d9e4fe10,92535a89-01bf-413d-aac7-16ef66e469eb,1626017536134,13.4649454,52.4700991,0.16855684,-0.046174526,0.078335285,-0.083997846,in backpack,cyclo cross,False,mixed,mixed
3e85a4d9-b7a7-47ef-b901-d8b355d1a83b,de984076-899d-435f-97d5-d3a7d9e4fe10,e93ae2c1-b5b7-4866-bb35-211405bccc12,1626017536184,13.4649454,52.4700991,0.16855684,-0.03067112,0.02079153,-0.033165336,in backpack,cyclo cross,False,mixed,mixed
3e85a4d9-b7a7-47ef-b901-d8b355d1a83b,de984076-899d-435f-97d5-d3a7d9e4fe10,c74b8b79-c2ae-4a02-960a-5afe0b74c1ca,1626017536234,13.4649454,52.4700991,0.16855684,0.0005865097,-0.041752815,-0.0715791,in backpack,cyclo cross,False,mixed,mixed
3e85a4d9-b7a7-47ef-b901-d8b355d1a83b,de984076-899d-435f-97d5-d3a7d9e4fe10,1fe1bf29-62c9-4e05-8cce-3745bbf20cc1,1626017536284,13.4649454,52.4700991,0.16855684,-0.0470109,0.030409813,-0.07536268,in backpack,cyclo cross,False,mixed,mixed
3e85a4d9-b7a7-47ef-b901-d8b355d1a83b,de984076-899d-435f-97d5-d3a7d9e4fe10,d81fc85d-b07a-446a-9925-944f47c360e1,1626017536334,13.4649454,52.4700991,0.16855684,0.0023827553,0.052815437,-0.045739412,in backpack,cyclo cross,False,mixed,mixed
3e85a4d9-b7a7-47ef-b901-d8b355d1a83b,de984076-899d-435f-97d5-d3a7d9e4fe10,06b55498-5263-491c-954b-c340d14ede35,1626017536385,13.4649454,52.4700991,0.16855684,-0.021003246,0.05458212,-0.023812056,in backpack,cyclo cross,False,mixed,mixed
3e85a4d9-b7a7-47ef-b901-d8b355d1a83b,de984076-899d-435f-97d5-d3a7d9e4fe10,32b445ad-277d-45ca-bcf4-5a3fb1ab9872,1626017536436,13.4649454,52.4700991,0.16855684,0.038250923,0.0005598068,0.023471236,in backpack,cyclo cross,False,mixed,mixed
3e85a4d9-b7a7-47ef-b901-d8b355d1a83b,de984076-899d-435f-97d5-d3a7d9e4fe10,03fba750-7463-4a12-a3fc-a4a0294fc3aa,1626017536486,13.4649454,52.4700991,0.16855684,-0.04024315,0.05212021,0.015610337,in backpack,cyclo cross,False,mixed,mixed
3e85a4d9-b7a7-47ef-b901-d8b355d1a83b,de984076-899d-435f-97d5-d3a7d9e4fe10,5b77bbe7-01d8-4766-81e2-6dca7d5958ff,1626017536536,13.4649454,52.4700991,0.16855684,-0.07503319,0.0642252,-0.03273976,in backpack,cyclo cross,False,mixed,mixed
3e85a4d9-b7a7-47ef-b901-d8b355d1a83b,de984076-899d-435f-97d5-d3a7d9e4fe10,83a7e514-f369-4972-81e6-dd709e85d182,1626017536586,13.4649454,52.4700991,0.16855684,-0.0070266724,-0.06669998,-0.06258857,in backpack,cyclo cross,False,mixed,mixed
3e85a4d9-b7a7-47ef-b901-d8b355d1a83b,de984076-899d-435f-97d5-d3a7d9e4fe10,ee1c0299-b705-431e-8bb0-0962e2d44173,1626017536637,13.4649454,52.4700991,0.16855684,-0.119234085,0.101518154,-0.005150795,in backpack,cyclo cross,False,mixed,mixed
3e85a4d9-b7a7-47ef-b901-d8b355d1a83b,de984076-899d-435f-97d5-d3a7d9e4fe10,7ed4992e-3e3c-4ce1-8508-67aca57d046b,1626017536686,13.4649454,52.4700991,0.16855684,-0.0122208595,0.0031175613,0.12164521,in backpack,cyclo cross,False,mixed,mixed
3e85a4d9-b7a7-47ef-b901-d8b355d1a83b,de984076-899d-435f-97d5-d3a7d9e4fe10,fc78ec27-0e53-48e6-825d-40cdeb61be4e,1626017536736,13.4649454,52.4700991,0.16855684,-0.01606512,0.0052313805,-0.026201725,in backpack,cyclo cross,False,mixed,mixed
3e85a4d9-b7a7-47ef-b901-d8b355d1a83b,de984076-899d-435f-97d5-d3a7d9e4fe10,24253fd4-b937-4dbf-942c-e9b6ce1fd943,1626017536786,13.4649454,52.4700991,0.16855684,0.015191555,-0.0004234314,-0.08103049,in backpack,cyclo cross,False,mixed,mixed
3e85a4d9-b7a7-47ef-b901-d8b355d1a83b,de984076-899d-435f-97d5-d3a7d9e4fe10,03e8e077-d82f-451c-835e-b5f3cd454eac,1626017536837,13.4649454,52.4700991,0.16855684,0.07616949,-0.07539415,-0.018412948,in backpack,cyclo cross,False,mixed,mixed
3e85a4d9-b7a7-47ef-b901-d8b355d1a83b,de984076-899d-435f-97d5-d3a7d9e4fe10,8bebae5f-bb03-4952-bfb1-609a5b82dda8,1626017536887,13.4649454,52.4700991,0.16855684,0.0027022362,0.015089512,0.013630033,in backpack,cyclo cross,False,mixed,mixed
3e85a4d9-b7a7-47ef-b901-d8b355d1a83b,de984076-899d-435f-97d5-d3a7d9e4fe10,d9136f81-c4cf-4cf9-afe6-28eea5177802,1626017536940,13.464947,52.4700977,0.28371385,-0.005317211,0.12404728,0.0722993,in backpack,cyclo cross,False,mixed,mixed
3e85a4d9-b7a7-47ef-b901-d8b355d1a83b,de984076-899d-435f-97d5-d3a7d9e4fe10,ee1c59c2-1f33-495a-b782-ed3faf4f869b,1626017536990,13.464947,52.4700977,0.28371385,-0.007165432,-0.09419203,0.038008034,in backpack,cyclo cross,False,mixed,mixed
3e85a4d9-b7a7-47ef-b901-d8b355d1a83b,de984076-899d-435f-97d5-d3a7d9e4fe10,95bc7419-c05d-47b8-a7f8-217fe7600465,1626017537040,13.464947,52.4700977,0.28371385,0.32606554,-0.5219984,0.17070025,in backpack,cyclo cross,False,mixed,mixed
3e85a4d9-b7a7-47ef-b901-d8b355d1a83b,de984076-899d-435f-97d5-d3a7d9e4fe10,7f0869e7-e1b7-48d6-b37f-3dce6b93077a,1626017537090,13.464947,52.4700977,0.28371385,-0.30145693,0.34126854,-0.1023193,in backpack,cyclo cross,False,mixed,mixed
3e85a4d9-b7a7-47ef-b901-d8b355d1a83b,de984076-899d-435f-97d5-d3a7d9e4fe10,22fb83b9-dca6-4be9-8dad-3a980d588ed3,1626017537140,13.464947,52.4700977,0.28371385,-0.1940012,0.26879597,0.07336062,in backpack,cyclo cross,False,mixed,mixed
3e85a4d9-b7a7-47ef-b901-d8b355d1a83b,de984076-899d-435f-97d5-d3a7d9e4fe10,ac6a23fd-55d2-4015-bfa5-de092c83a6fa,1626017537190,13.464947,52.4700977,0.28371385,-0.25696325,0.28222036,0.010840893,in backpack,cyclo cross,False,mixed,mixed
3e85a4d9-b7a7-47ef-b901-d8b355d1a83b,de984076-899d-435f-97d5-d3a7d9e4fe10,c592ce65-3767-4136-8c7a-2112bc6bbbae,1626017537240,13.464947,52.4700977,0.28371385,-0.12431574,-0.13437653,0.07563457,in backpack,cyclo cross,False,mixed,mixed
3e85a4d9-b7a7-47ef-b901-d8b355d1a83b,de984076-899d-435f-97d5-d3a7d9e4fe10,9460d86b-5365-484b-a0c8-e7e0e0edffb5,1626017537291,13.464947,52.4700977,0.28371385,-0.037830353,-0.049446583,0.25597137,in backpack,cyclo cross,False,mixed,mixed
3e85a4d9-b7a7-47ef-b901-d8b355d1a83b,de984076-899d-435f-97d5-d3a7d9e4fe10,0cdbb30a-3d5f-4236-8b32-86fbdc1110e0,1626017537342,13.464947,52.4700977,0.28371385,0.17402983,-0.1969142,0.2128137,in backpack,cyclo cross,False,mixed,mixed
3e85a4d9-b7a7-47ef-b901-d8b355d1a83b,de984076-899d-435f-97d5-d3a7d9e4fe10,00d6b7ed-bb6a-4df3-a459-3032b2ea7319,1626017537393,13.464947,52.4700977,0.28371385,0.023332119,0.18622017,0.026891232,in backpack,cyclo cross,False,mixed,mixed
3e85a4d9-b7a7-47ef-b901-d8b355d1a83b,de984076-899d-435f-97d5-d3a7d9e4fe10,bbe26fc0-699a-4218-9609-f7a3e6194d7d,1626017537444,13.464947,52.4700977,0.28371385,-0.30428076,0.39389896,-0.15710431,in backpack,cyclo cross,False,mixed,mixed
3e85a4d9-b7a7-47ef-b901-d8b355d1a83b,de984076-899d-435f-97d5-d3a7d9e4fe10,33ae32fa-91df-4604-a6b3-0949363d4385,1626017537495,13.464947,52.4700977,0.28371385,-0.042604923,0.24256897,-0.24744001,in backpack,cyclo cross,False,mixed,mixed
3e85a4d9-b7a7-47ef-b901-d8b355d1a83b,de984076-899d-435f-97d5-d3a7d9e4fe10,0b6d45be-0edb-4a1e-b75a-c9f6de37bbc5,1626017537545,13.464947,52.4700977,0.28371385,0.19157076,0.08572149,-0.06744473,in backpack,cyclo cross,False,mixed,mixed
3e85a4d9-b7a7-47ef-b901-d8b355d1a83b,de984076-899d-435f-97d5-d3a7d9e4fe10,605c897a-e37f-4423-a380-99f939260bd7,1626017537595,13.464947,52.4700977,0.28371385,0.21611309,0.18541193,-0.28501296,in backpack,cyclo cross,False,mixed,mixed
3e85a4d9-b7a7-47ef-b901-d8b355d1a83b,de984076-899d-435f-97d5-d3a7d9e4fe10,20ea54c1-a564-4d8f-8e82-99086d79b76c,1626017537645,13.464947,52.4700977,0.28371385,0.21123981,-0.008603573,-0.0072566867,in backpack,cyclo cross,False,mixed,mixed
3e85a4d9-b7a7-47ef-b901-d8b355d1a83b,de984076-899d-435f-97d5-d3a7d9e4fe10,fa84c2a1-f7c1-4cb5-8c7b-4018456cf66d,1626017537696,13.464947,52.4700977,0.28371385,-0.033942223,0.06858826,0.124774456,in backpack,cyclo cross,False,mixed,mixed
3e85a4d9-b7a7-47ef-b901-d8b355d1a83b,de984076-899d-435f-97d5-d3a7d9e4fe10,61313d0d-30f1-4479-9eb2-a8d42d9cce06,1626017537748,13.464947,52.4700977,0.28371385,-0.009159088,-0.31623745,-0.0054248273,in backpack,cyclo cross,False,mixed,mixed
3e85a4d9-b7a7-47ef-b901-d8b355d1a83b,de984076-899d-435f-97d5-d3a7d9e4fe10,507f0a53-18d7-4cc7-9f3f-054d38954ee3,1626017537798,13.464947,52.4700977,0.28371385,0.05034876,0.19757366,0.017546952,in backpack,cyclo cross,False,mixed,mixed
3e85a4d9-b7a7-47ef-b901-d8b355d1a83b,de984076-899d-435f-97d5-d3a7d9e4fe10,212a871f-c4b2-4261-923b-d5c27d3cffac,1626017537848,13.464947,52.4700977,0.28371385,0.121361256,-0.026113033,0.34581012,in backpack,cyclo cross,False,mixed,mixed
3e85a4d9-b7a7-47ef-b901-d8b355d1a83b,de984076-899d-435f-97d5-d3a7d9e4fe10,c655d091-769e-48fe-a681-0c3caabaf3bb,1626017537900,13.464947,52.4700977,0.28371385,-0.107210636,0.06613541,-0.011222929,in backpack,cyclo cross,False,mixed,mixed
3e85a4d9-b7a7-47ef-b901-d8b355d1a83b,de984076-899d-435f-97d5-d3a7d9e4fe10,2107ff31-bdea-43ab-a9f0-9b3914e01014,1626017537950,13.4649462,52.4700974,0.24079864,-0.115998745,-0.22148418,0.06276515,in backpack,cyclo cross,False,mixed,mixed
3e85a4d9-b7a7-47ef-b901-d8b355d1a83b,de984076-899d-435f-97d5-d3a7d9e4fe10,2b502064-bc59-4e26-af17-6cb941e747cf,1626017538001,13.4649462,52.4700974,0.24079864,-0.036070824,-0.201725,0.22256458,in backpack,cyclo cross,False,mixed,mixed
3e85a4d9-b7a7-47ef-b901-d8b355d1a83b,de984076-899d-435f-97d5-d3a7d9e4fe10,05e9a509-00fb-4a5e-a838-1df216c828be,1626017538052,13.4649462,52.4700974,0.24079864,-0.0018639565,-0.027902126,0.14157695,in backpack,cyclo cross,False,mixed,mixed
3e85a4d9-b7a7-47ef-b901-d8b355d1a83b,de984076-899d-435f-97d5-d3a7d9e4fe10,405a5cdb-fef9-4a62-a255-358baaac9848,1626017538102,13.4649462,52.4700974,0.24079864,0.2858987,-0.5207591,0.13356516,in backpack,cyclo cross,False,mixed,mixed
3e85a4d9-b7a7-47ef-b901-d8b355d1a83b,de984076-899d-435f-97d5-d3a7d9e4fe10,4a086022-627b-40dc-a907-c37bc7f414b1,1626017538151,13.4649462,52.4700974,0.24079864,0.26562834,0.0041236877,0.20521423,in backpack,cyclo cross,False,mixed,mixed
3e85a4d9-b7a7-47ef-b901-d8b355d1a83b,de984076-899d-435f-97d5-d3a7d9e4fe10,46e0082d-e436-405a-8cad-81f6d2310b05,1626017538202,13.4649462,52.4700974,0.24079864,0.39316368,0.02799797,0.07803348,in backpack,cyclo cross,False,mixed,mixed
3e85a4d9-b7a7-47ef-b901-d8b355d1a83b,de984076-899d-435f-97d5-d3a7d9e4fe10,84106d65-2b64-4ffd-84d9-b4b75e301821,1626017538934,13.4649462,52.4700974,0.24079864,0.28723574,0.0034155846,-0.0025687516,in backpack,cyclo cross,False,mixed,mixed
3e85a4d9-b7a7-47ef-b901-d8b355d1a83b,de984076-899d-435f-97d5-d3a7d9e4fe10,4887a6ff-890a-4143-8ebb-ef804661b2a9,1626017538984,13.4649462,52.4700974,0.24079864,-0.26742983,-0.8190279,0.60429,in backpack,cyclo cross,False,mixed,mixed
3e85a4d9-b7a7-47ef-b901-d8b355d1a83b,de984076-899d-435f-97d5-d3a7d9e4fe10,2e78b4bc-038a-4b53-870f-fc1babb9577e,1626017539035,13.4649488,52.470095,0.2248576,-0.28644776,-0.86376905,0.8079252,in backpack,cyclo cross,False,mixed,mixed
3e85a4d9-b7a7-47ef-b901-d8b355d1a83b,de984076-899d-435f-97d5-d3a7d9e4fe10,3e76a933-bcc2-4386-8344-076a55b31342,1626017539085,13.4649488,52.470095,0.2248576,-0.24077415,-0.93168783,0.94239616,in backpack,cyclo cross,False,mixed,mixed
3e85a4d9-b7a7-47ef-b901-d8b355d1a83b,de984076-899d-435f-97d5-d3a7d9e4fe10,cc6c5b24-2b38-416f-9306-8f23977af25a,1626017539933,13.4649488,52.470095,0.2248576,-0.24077415,-0.93168783,0.94239616,in backpack,cyclo cross,False,mixed,mixed
3e85a4d9-b7a7-47ef-b901-d8b355d1a83b,de984076-899d-435f-97d5-d3a7d9e4fe10,11e35136-5828-487b-bb61-c735212cb780,1626017539983,13.4649411,52.4700985,1.8671474,-0.3237505,0.004981518,0.062365532,in backpack,cyclo cross,False,mixed,mixed
3e85a4d9-b7a7-47ef-b901-d8b355d1a83b,de984076-899d-435f-97d5-d3a7d9e4fe10,7bb47abe-66b4-4aba-b272-d8bf54242979,1626017540032,13.4649411,52.4700985,1.8671474,-0.47999287,-0.93828106,-0.565361,in backpack,cyclo cross,False,mixed,mixed
3e85a4d9-b7a7-47ef-b901-d8b355d1a83b,de984076-899d-435f-97d5-d3a7d9e4fe10,5cc3756f-4c7a-4ffb-9527-aef7a177fab2,1626017540174,13.4649411,52.4700985,1.8671474,-0.4972062,-0.9681144,-0.61178064,in backpack,cyclo cross,False,mixed,mixed
3e85a4d9-b7a7-47ef-b901-d8b355d1a83b,de984076-899d-435f-97d5-d3a7d9e4fe10,896a326d-2075-49e3-8d9b-59c61880027a,1626017540225,13.4649411,52.4700985,1.8671474,0.274868,-0.0868392,0.076453686,in backpack,cyclo cross,False,mixed,mixed
3e85a4d9-b7a7-47ef-b901-d8b355d1a83b,de984076-899d-435f-97d5-d3a7d9e4fe10,9603e576-5a3f-4cd6-ae8a-e811e898edf3,1626017540275,13.4649411,52.4700985,1.8671474,0.7797756,-0.28198195,-0.9453535,in backpack,cyclo cross,False,mixed,mixed
3e85a4d9-b7a7-47ef-b901-d8b355d1a83b,de984076-899d-435f-97d5-d3a7d9e4fe10,58db68d0-c5a8-44d9-8c2e-fd9c4f408233,1626017540324,13.4649411,52.4700985,1.8671474,0.71213484,0.15080976,-0.102127075,in backpack,cyclo cross,False,mixed,mixed
3e85a4d9-b7a7-47ef-b901-d8b355d1a83b,de984076-899d-435f-97d5-d3a7d9e4fe10,a8f0e286-9686-4cb2-bf27-494499852546,1626017540373,13.4649411,52.4700985,1.8671474,1.1077604,1.1847968,1.4121473,in backpack,cyclo cross,False,mixed,mixed
3e85a4d9-b7a7-47ef-b901-d8b355d1a83b,de984076-899d-435f-97d5-d3a7d9e4fe10,1f24f807-36fb-42ae-9b3a-2eec170a96dc,1626017540424,13.4649411,52.4700985,1.8671474,-0.13625002,-0.2249775,0.32739687,in backpack,cyclo cross,False,mixed,mixed
3e85a4d9-b7a7-47ef-b901-d8b355d1a83b,de984076-899d-435f-97d5-d3a7d9e4fe10,a73f3e0d-33e3-4886-822e-e8361386e8b8,1626017540475,13.4649411,52.4700985,1.8671474,0.25515318,-0.65498257,0.268538,in backpack,cyclo cross,False,mixed,mixed
3e85a4d9-b7a7-47ef-b901-d8b355d1a83b,de984076-899d-435f-97d5-d3a7d9e4fe10,f2960af2-05da-4a07-b342-dfc1dad3276a,1626017540527,13.4649411,52.4700985,1.8671474,0.7867708,-0.22889948,-0.07096338,in backpack,cyclo cross,False,mixed,mixed
3e85a4d9-b7a7-47ef-b901-d8b355d1a83b,de984076-899d-435f-97d5-d3a7d9e4fe10,96fb475e-5639-4f1a-b64f-743ef8239ca7,1626017540577,13.4649411,52.4700985,1.8671474,0.42860937,-0.82071066,0.82799506,in backpack,cyclo cross,False,mixed,mixed
3e85a4d9-b7a7-47ef-b901-d8b355d1a83b,de984076-899d-435f-97d5-d3a7d9e4fe10,c813b327-78b9-434a-aa97-98e16f13024e,1626017540627,13.4649411,52.4700985,1.8671474,-0.12916279,0.14760399,1.5574076,in backpack,cyclo cross,False,mixed,mixed
3e85a4d9-b7a7-47ef-b901-d8b355d1a83b,de984076-899d-435f-97d5-d3a7d9e4fe10,b6c7149d-ed70-45ff-aa4e-2049a7e6b6cf,1626017540677,13.4649411,52.4700985,1.8671474,0.03725958,0.47339535,0.9765401,in backpack,cyclo cross,False,mixed,mixed
3e85a4d9-b7a7-47ef-b901-d8b355d1a83b,de984076-899d-435f-97d5-d3a7d9e4fe10,4c323340-6a88-42cf-9364-16096d0fd397,1626017540728,13.4649411,52.4700985,1.8671474,0.87316036,0.21984863,0.7340188,in backpack,cyclo cross,False,mixed,mixed
3e85a4d9-b7a7-47ef-b901-d8b355d1a83b,de984076-899d-435f-97d5-d3a7d9e4fe10,adf34c86-6e14-4579-aabd-08e08c3b3df7,1626017540779,13.4649411,52.4700985,1.8671474,1.874711,0.39215708,0.23693371,in backpack,cyclo cross,False,mixed,mixed
3e85a4d9-b7a7-47ef-b901-d8b355d1a83b,de984076-899d-435f-97d5-d3a7d9e4fe10,4d5e2c18-660f-4041-bb71-b9febb40bf54,1626017540831,13.4649411,52.4700985,1.8671474,1.1674962,-0.054000378,0.8035166,in backpack,cyclo cross,False,mixed,mixed
3e85a4d9-b7a7-47ef-b901-d8b355d1a83b,de984076-899d-435f-97d5-d3a7d9e4fe10,0badc71d-dff1-48dd-ae3a-dc7d5ed67bb7,1626017540881,13.4649411,52.4700985,1.8671474,0.08837223,0.76291656,0.59786797,in backpack,cyclo cross,False,mixed,mixed
3e85a4d9-b7a7-47ef-b901-d8b355d1a83b,de984076-899d-435f-97d5-d3a7d9e4fe10,5f4705a3-c79b-4485-89f2-ab22fc6f699a,1626017540932,13.4649246,52.4701075,2.1241186,-0.22102785,-0.44881105,0.086559296,in backpack,cyclo cross,False,mixed,mixed
3e85a4d9-b7a7-47ef-b901-d8b355d1a83b,de984076-899d-435f-97d5-d3a7d9e4fe10,d0a08988-042e-4c8d-a556-c84e7add7dd4,1626017540982,13.4649246,52.4701075,2.1241186,0.23866701,-0.6854086,-0.32262564,in backpack,cyclo cross,False,mixed,mixed
3e85a4d9-b7a7-47ef-b901-d8b355d1a83b,de984076-899d-435f-97d5-d3a7d9e4fe10,b76825d6-5c5f-4184-9f2f-1ba0f132c83e,1626017541032,13.4649246,52.4701075,2.1241186,0.36110544,0.15376377,-0.18219519,in backpack,cyclo cross,False,mixed,mixed
3e85a4d9-b7a7-47ef-b901-d8b355d1a83b,de984076-899d-435f-97d5-d3a7d9e4fe10,82beced9-5f33-4451-9328-26276edf80de,1626017541082,13.4649246,52.4701075,2.1241186,0.08698368,0.22016811,-0.84859705,in backpack,cyclo cross,False,mixed,mixed
3e85a4d9-b7a7-47ef-b901-d8b355d1a83b,de984076-899d-435f-97d5-d3a7d9e4fe10,a1c4c647-f6c8-4448-9c73-5416e7ef3629,1626017541132,13.4649246,52.4701075,2.1241186,-0.51796484,0.0013809204,-0.16053772,in backpack,cyclo cross,False,mixed,mixed
3e85a4d9-b7a7-47ef-b901-d8b355d1a83b,de984076-899d-435f-97d5-d3a7d9e4fe10,d063176e-b7e4-4fa3-a442-29568ec7c8a5,1626017541182,13.4649246,52.4701075,2.1241186,-0.6378803,-1.0018997,-0.66069984,in backpack,cyclo cross,False,mixed,mixed
3e85a4d9-b7a7-47ef-b901-d8b355d1a83b,de984076-899d-435f-97d5-d3a7d9e4fe10,0def5606-5e72-4e68-a064-58f5646133bf,1626017541231,13.4649246,52.4701075,2.1241186,-0.010124207,-0.21092224,-0.592587,in backpack,cyclo cross,False,mixed,mixed
3e85a4d9-b7a7-47ef-b901-d8b355d1a83b,de984076-899d-435f-97d5-d3a7d9e4fe10,fb04e69e-4f04-4050-aa6d-92733c0a1560,1626017541281,13.4649246,52.4701075,2.1241186,-0.901464,0.48633862,-0.11855507,in backpack,cyclo cross,False,mixed,mixed
3e85a4d9-b7a7-47ef-b901-d8b355d1a83b,de984076-899d-435f-97d5-d3a7d9e4fe10,15ba138d-621d-4cc8-a896-d46bc46d3f5e,1626017541331,13.4649246,52.4701075,2.1241186,-0.41320896,-0.9941573,0.6769755,in backpack,cyclo cross,False,mixed,mixed
3e85a4d9-b7a7-47ef-b901-d8b355d1a83b,de984076-899d-435f-97d5-d3a7d9e4fe10,ca79a95b-8866-4ea4-bc38-7ba9a8d62b4c,1626017541382,13.4649246,52.4701075,2.1241186,0.6255007,-1.1009941,0.42816114,in backpack,cyclo cross,False,mixed,mixed
3e85a4d9-b7a7-47ef-b901-d8b355d1a83b,de984076-899d-435f-97d5-d3a7d9e4fe10,1681d055-69f6-405b-b857-60e0cb5f0a1f,1626017541432,13.4649246,52.4701075,2.1241186,1.2506943,0.52522945,0.2512293,in backpack,cyclo cross,False,mixed,mixed
3e85a4d9-b7a7-47ef-b901-d8b355d1a83b,de984076-899d-435f-97d5-d3a7d9e4fe10,ff28d778-fe54-4489-8fb9-68111c760674,1626017541483,13.4649246,52.4701075,2.1241186,0.05734825,-0.13067627,0.111531734,in backpack,cyclo cross,False,mixed,mixed
3e85a4d9-b7a7-47ef-b901-d8b355d1a83b,de984076-899d-435f-97d5-d3a7d9e4fe10,d5f968a8-3d48-4964-9585-b38a8fe71d2d,1626017541532,13.4649246,52.4701075,2.1241186,-0.93878555,-0.080842495,0.47659063,in backpack,cyclo cross,False,mixed,mixed
3e85a4d9-b7a7-47ef-b901-d8b355d1a83b,de984076-899d-435f-97d5-d3a7d9e4fe10,d1d90ce6-4b47-4843-8586-422a04cde345,1626017541582,13.4649246,52.4701075,2.1241186,-0.45331573,-0.23037434,0.26165056,in backpack,cyclo cross,False,mixed,mixed
3e85a4d9-b7a7-47ef-b901-d8b355d1a83b,de984076-899d-435f-97d5-d3a7d9e4fe10,128a590c-e1ac-4062-aefa-3da4044df1e2,1626017541633,13.4649246,52.4701075,2.1241186,0.44791365,-1.6059952,-0.114402294,in backpack,cyclo cross,False,mixed,mixed
3e85a4d9-b7a7-47ef-b901-d8b355d1a83b,de984076-899d-435f-97d5-d3a7d9e4fe10,e9c3f3dc-db03-4c67-b173-a5a42b5f81e0,1626017541683,13.4649246,52.4701075,2.1241186,-0.6069336,-0.53212786,-0.33293724,in backpack,cyclo cross,False,mixed,mixed
3e85a4d9-b7a7-47ef-b901-d8b355d1a83b,de984076-899d-435f-97d5-d3a7d9e4fe10,e064b7bd-7a61-49f8-a4b6-7ba0d7ab1812,1626017541733,13.4649246,52.4701075,2.1241186,-0.7478385,-1.1931319,-0.17022085,in backpack,cyclo cross,False,mixed,mixed
3e85a4d9-b7a7-47ef-b901-d8b355d1a83b,de984076-899d-435f-97d5-d3a7d9e4fe10,b022f245-8b2a-4a91-8f76-78d70ed8ce89,1626017541784,13.4649246,52.4701075,2.1241186,-1.392982,0.22321558,0.5335362,in backpack,cyclo cross,False,mixed,mixed
3e85a4d9-b7a7-47ef-b901-d8b355d1a83b,de984076-899d-435f-97d5-d3a7d9e4fe10,94966037-475d-4fbc-a750-cf2f57a5f3a3,1626017541835,13.4649246,52.4701075,2.1241186,-0.4819827,0.87405014,-0.31122732,in backpack,cyclo cross,False,mixed,mixed
3e85a4d9-b7a7-47ef-b901-d8b355d1a83b,de984076-899d-435f-97d5-d3a7d9e4fe10,358c4c0c-e080-4445-95b3-4d67fded2edb,1626017541885,13.4649246,52.4701075,2.1241186,0.44124842,0.1350236,-0.45518064,in backpack,cyclo cross,False,mixed,mixed
3e85a4d9-b7a7-47ef-b901-d8b355d1a83b,de984076-899d-435f-97d5-d3a7d9e4fe10,61bea36b-3db6-499f-b247-5c29f9982989,1626017541934,13.4649024,52.4701225,2.2739365,1.2753167,-0.4375391,-1.0278082,in backpack,cyclo cross,False,mixed,mixed
3e85a4d9-b7a7-47ef-b901-d8b355d1a83b,de984076-899d-435f-97d5-d3a7d9e4fe10,232631d0-f4a7-4a16-b984-6d7b357a5bd4,1626017541984,13.4649024,52.4701225,2.2739365,-0.13182211,-0.12424612,-0.066866875,in backpack,cyclo cross,False,mixed,mixed
3e85a4d9-b7a7-47ef-b901-d8b355d1a83b,de984076-899d-435f-97d5-d3a7d9e4fe10,2bc9ae29-4c84-4385-8996-73d2bc461aff,1626017542033,13.4649024,52.4701225,2.2739365,-1.1757836,0.08197546,0.31692362,in backpack,cyclo cross,False,mixed,mixed
3e85a4d9-b7a7-47ef-b901-d8b355d1a83b,de984076-899d-435f-97d5-d3a7d9e4fe10,0b73f898-46fb-4658-b5aa-d39e08f4ecd3,1626017542083,13.4649024,52.4701225,2.2739365,-0.20120525,0.9634943,0.4715972,in backpack,cyclo cross,False,mixed,mixed
3e85a4d9-b7a7-47ef-b901-d8b355d1a83b,de984076-899d-435f-97d5-d3a7d9e4fe10,379da748-6607-4f4d-9e0c-ccf5a054fc8a,1626017542133,13.4649024,52.4701225,2.2739365,1.8225384,0.93872976,-0.7512984,in backpack,cyclo cross,False,mixed,mixed
3e85a4d9-b7a7-47ef-b901-d8b355d1a83b,de984076-899d-435f-97d5-d3a7d9e4fe10,acec54c0-da85-4e00-acf3-f19338ebd798,1626017542182,13.4649024,52.4701225,2.2739365,-0.09435701,-3.1415396,-0.59787464,in backpack,cyclo cross,False,mixed,mixed
3e85a4d9-b7a7-47ef-b901-d8b355d1a83b,de984076-899d-435f-97d5-d3a7d9e4fe10,b2fcb528-b093-4d8f-9953-e63172bef973,1626017542232,13.4649024,52.4701225,2.2739365,1.1194439,0.08678436,0.6879084,in backpack,cyclo cross,False,mixed,mixed
3e85a4d9-b7a7-47ef-b901-d8b355d1a83b,de984076-899d-435f-97d5-d3a7d9e4fe10,0d6cbb1c-b852-43cb-ab33-a8e506b33c88,1626017542282,13.4649024,52.4701225,2.2739365,1.3494201,1.5863628,0.9964707,in backpack,cyclo cross,False,mixed,mixed
3e85a4d9-b7a7-47ef-b901-d8b355d1a83b,de984076-899d-435f-97d5-d3a7d9e4fe10,cc542ee1-5032-4bcd-bc45-ae168b0443b3,1626017542332,13.4649024,52.4701225,2.2739365,-0.3958192,0.5633426,0.8763492,in backpack,cyclo cross,False,mixed,mixed
3e85a4d9-b7a7-47ef-b901-d8b355d1a83b,de984076-899d-435f-97d5-d3a7d9e4fe10,d3ce1168-c30c-4cbf-b33e-2e79e7b3e636,1626017542381,13.4649024,52.4701225,2.2739365,-0.0027647018,0.07823372,-0.14484024,in backpack,cyclo cross,False,mixed,mixed
3e85a4d9-b7a7-47ef-b901-d8b355d1a83b,de984076-899d-435f-97d5-d3a7d9e4fe10,1a56cb8b-69c8-4f05-adbf-b2c56837b261,1626017542431,13.4649024,52.4701225,2.2739365,0.17486382,-0.21163273,-0.15613079,in backpack,cyclo cross,False,mixed,mixed
3e85a4d9-b7a7-47ef-b901-d8b355d1a83b,de984076-899d-435f-97d5-d3a7d9e4fe10,20461a1b-48be-44c0-bad9-e67789cf1917,1626017542481,13.4649024,52.4701225,2.2739365,1.1574392,-0.19662762,-0.54941463,in backpack,cyclo cross,False,mixed,mixed
3e85a4d9-b7a7-47ef-b901-d8b355d1a83b,de984076-899d-435f-97d5-d3a7d9e4fe10,aa295693-ade6-4714-a4ee-ea0e6eb8930d,1626017542532,13.4649024,52.4701225,2.2739365,0.24154854,0.17868233,-0.25928307,in backpack,cyclo cross,False,mixed,mixed
3e85a4d9-b7a7-47ef-b901-d8b355d1a83b,de984076-899d-435f-97d5-d3a7d9e4fe10,ad663cd0-bfa3-44b1-9ddf-11701e669bfb,1626017542583,13.4649024,52.4701225,2.2739365,-0.5834756,0.5605874,-0.6266165,in backpack,cyclo cross,False,mixed,mixed
3e85a4d9-b7a7-47ef-b901-d8b355d1a83b,de984076-899d-435f-97d5-d3a7d9e4fe10,fb69b237-28f0-42f9-b350-8e0c09406d8f,1626017542633,13.4649024,52.4701225,2.2739365,-0.20368528,0.47414494,-0.5889926,in backpack,cyclo cross,False,mixed,mixed
3e85a4d9-b7a7-47ef-b901-d8b355d1a83b,de984076-899d-435f-97d5-d3a7d9e4fe10,5c1000a0-31e9-4640-a6d0-c39ebf43b6d4,1626017542683,13.4649024,52.4701225,2.2739365,-0.29836035,0.6810007,-0.36098003,in backpack,cyclo cross,False,mixed,mixed
3e85a4d9-b7a7-47ef-b901-d8b355d1a83b,de984076-899d-435f-97d5-d3a7d9e4fe10,5fb5fb1e-fb73-44ca-ace6-4fa9f8f9fa26,1626017542733,13.4649024,52.4701225,2.2739365,0.02049923,-0.64223194,0.4007504,in backpack,cyclo cross,False,mixed,mixed
3e85a4d9-b7a7-47ef-b901-d8b355d1a83b,de984076-899d-435f-97d5-d3a7d9e4fe10,df80b46a-0ae2-44d7-9505-5f743e4027e1,1626017542782,13.4649024,52.4701225,2.2739365,-0.49699354,-1.4935246,0.34773922,in backpack,cyclo cross,False,mixed,mixed
3e85a4d9-b7a7-47ef-b901-d8b355d1a83b,de984076-899d-435f-97d5-d3a7d9e4fe10,52bcf2f9-8fbe-4e25-ba25-524a09dd67ae,1626017542833,13.4649024,52.4701225,2.2739365,-0.054339886,-0.42909145,0.23801208,in backpack,cyclo cross,False,mixed,mixed
3e85a4d9-b7a7-47ef-b901-d8b355d1a83b,de984076-899d-435f-97d5-d3a7d9e4fe10,73f677d6-7e0f-49bc-b2c2-d2c5ad98152a,1626017542882,13.4649024,52.4701225,2.2739365,-0.42137432,-0.11833763,0.5557542,in backpack,cyclo cross,False,mixed,mixed
3e85a4d9-b7a7-47ef-b901-d8b355d1a83b,de984076-899d-435f-97d5-d3a7d9e4fe10,b2f6d538-65e7-4f55-937d-12fd6ae2b65d,1626017542932,13.4648772,52.4701412,2.1880126,-0.92478323,-0.52859354,0.45477676,in backpack,cyclo cross,False,mixed,mixed
3e85a4d9-b7a7-47ef-b901-d8b355d1a83b,de984076-899d-435f-97d5-d3a7d9e4fe10,e1637943-f54f-4335-a723-33adcc430cbb,1626017542983,13.4648772,52.4701412,2.1880126,0.6987648,-0.8574314,-0.7773957,in backpack,cyclo cross,False,mixed,mixed
3e85a4d9-b7a7-47ef-b901-d8b355d1a83b,de984076-899d-435f-97d5-d3a7d9e4fe10,e28c41b9-b6d1-414f-9cd2-e803926cbb89,1626017543034,13.4648772,52.4701412,2.1880126,0.4135127,-0.87685394,0.04743433,in backpack,cyclo cross,False,mixed,mixed
3e85a4d9-b7a7-47ef-b901-d8b355d1a83b,de984076-899d-435f-97d5-d3a7d9e4fe10,e2dbde60-8e4b-4ccc-bb7f-3f23abb27b43,1626017543084,13.4648772,52.4701412,2.1880126,-0.7833166,1.4034209,0.18648219,in backpack,cyclo cross,False,mixed,mixed
3e85a4d9-b7a7-47ef-b901-d8b355d1a83b,de984076-899d-435f-97d5-d3a7d9e4fe10,56217c8a-de7f-4b6d-bf25-3917f3ef964a,1626017543134,13.4648772,52.4701412,2.1880126,0.22876883,0.84134483,0.05474758,in backpack,cyclo cross,False,mixed,mixed
3e85a4d9-b7a7-47ef-b901-d8b355d1a83b,de984076-899d-435f-97d5-d3a7d9e4fe10,fdbb3d32-158e-4873-b32d-f08c667d4f93,1626017543185,13.4648772,52.4701412,2.1880126,0.48513365,0.33588028,-0.43741655,in backpack,cyclo cross,False,mixed,mixed
3e85a4d9-b7a7-47ef-b901-d8b355d1a83b,de984076-899d-435f-97d5-d3a7d9e4fe10,216ac1ba-5ee9-4762-a9f3-01526be74f88,1626017543235,13.4648772,52.4701412,2.1880126,-0.9050245,0.74341726,-1.615695,in backpack,cyclo cross,False,mixed,mixed
3e85a4d9-b7a7-47ef-b901-d8b355d1a83b,de984076-899d-435f-97d5-d3a7d9e4fe10,2915f569-08c4-491e-959c-83aa82842aab,1626017543931,13.4648772,52.4701412,2.1880126,-0.8250303,0.20216703,-1.7989168,in backpack,cyclo cross,False,mixed,mixed
3e85a4d9-b7a7-47ef-b901-d8b355d1a83b,de984076-899d-435f-97d5-d3a7d9e4fe10,7c013c99-c230-4e68-bd3b-8709314a6072,1626017543982,13.4648772,52.4701412,2.1880126,1.4184694,-2.636218,0.196872,in backpack,cyclo cross,False,mixed,mixed
3e85a4d9-b7a7-47ef-b901-d8b355d1a83b,de984076-899d-435f-97d5-d3a7d9e4fe10,3ed76671-34a7-4136-a534-3e4e2ba26ca4,1626017544033,13.4648612,52.4701586,3.2937372,1.71592,-2.9272938,0.3926382,in backpack,cyclo cross,False,mixed,mixed
3e85a4d9-b7a7-47ef-b901-d8b355d1a83b,de984076-899d-435f-97d5-d3a7d9e4fe10,0579e666-0f12-4fec-b16d-aa820206acb3,1626017544923,13.4648612,52.4701586,3.2937372,1.3827734,-1.0193315,0.4305637,in backpack,cyclo cross,False,mixed,mixed
3e85a4d9-b7a7-47ef-b901-d8b355d1a83b,de984076-899d-435f-97d5-d3a7d9e4fe10,1ea6930c-2b35-4030-9a94-dc4d98beceb6,1626017544976,13.4648296,52.4701863,4.185433,0.26305437,-0.2826066,-0.48263788,in backpack,cyclo cross,False,mixed,mixed
3e85a4d9-b7a7-47ef-b901-d8b355d1a83b,de984076-899d-435f-97d5-d3a7d9e4fe10,fcea034f-01e9-4814-8f5b-d023659c9796,1626017545027,13.4648296,52.4701863,4.185433,1.1461725,-0.9998398,0.24939823,in backpack,cyclo cross,False,mixed,mixed
3e85a4d9-b7a7-47ef-b901-d8b355d1a83b,de984076-899d-435f-97d5-d3a7d9e4fe10,79c3ef52-50c7-4a3a-940b-4abbc915ac13,1626017545151,13.4648296,52.4701863,4.185433,0.4456463,-0.8623848,0.6678817,in backpack,cyclo cross,False,mixed,mixed
3e85a4d9-b7a7-47ef-b901-d8b355d1a83b,de984076-899d-435f-97d5-d3a7d9e4fe10,18277aa4-a034-47ac-a52f-c18e8198aee0,1626017545200,13.4648296,52.4701863,4.185433,1.5470243,-1.5956306,-0.44302297,in backpack,cyclo cross,False,mixed,mixed
3e85a4d9-b7a7-47ef-b901-d8b355d1a83b,de984076-899d-435f-97d5-d3a7d9e4fe10,a33c19d9-ce80-4139-b860-5530ba945453,1626017545250,13.4648296,52.4701863,4.185433,0.89927244,-0.92365026,-0.5144224,in backpack,cyclo cross,False,mixed,mixed
3e85a4d9-b7a7-47ef-b901-d8b355d1a83b,de984076-899d-435f-97d5-d3a7d9e4fe10,d54ad5de-ba36-4667-8302-eea81b49c740,1626017545300,13.4648296,52.4701863,4.185433,-0.2533326,1.8597417,-0.5321946,in backpack,cyclo cross,False,mixed,mixed
3e85a4d9-b7a7-47ef-b901-d8b355d1a83b,de984076-899d-435f-97d5-d3a7d9e4fe10,6e8269a4-afae-4fdd-8408-77e546d11189,1626017545351,13.4648296,52.4701863,4.185433,-0.93236065,1.4504852,-1.1533155,in backpack,cyclo cross,False,mixed,mixed
3e85a4d9-b7a7-47ef-b901-d8b355d1a83b,de984076-899d-435f-97d5-d3a7d9e4fe10,1ac43d6d-9d0a-4f11-916a-00ad0c2bdf9d,1626017545401,13.4648296,52.4701863,4.185433,-0.27808857,-0.25690794,0.118707895,in backpack,cyclo cross,False,mixed,mixed
3e85a4d9-b7a7-47ef-b901-d8b355d1a83b,de984076-899d-435f-97d5-d3a7d9e4fe10,5f7e4e41-ee54-4c40-89cf-49beecf2f92c,1626017545450,13.4648296,52.4701863,4.185433,0.39655066,0.13952303,0.34933233,in backpack,cyclo cross,False,mixed,mixed
3e85a4d9-b7a7-47ef-b901-d8b355d1a83b,de984076-899d-435f-97d5-d3a7d9e4fe10,7497a9a8-1f2a-45fa-a920-5b4d462e78cd,1626017545500,13.4648296,52.4701863,4.185433,0.41929054,0.29422855,1.1152947,in backpack,cyclo cross,False,mixed,mixed
3e85a4d9-b7a7-47ef-b901-d8b355d1a83b,de984076-899d-435f-97d5-d3a7d9e4fe10,bf77eb4c-1a3f-4b34-9092-6514c5285d37,1626017545551,13.4648065,52.4702015,3.631577,0.05684948,-0.111676216,1.2772171,in backpack,cyclo cross,False,mixed,mixed
3e85a4d9-b7a7-47ef-b901-d8b355d1a83b,de984076-899d-435f-97d5-d3a7d9e4fe10,881d6ce6-d3f0-415f-9791-a03e98870ef3,1626017545601,13.4648065,52.4702015,3.631577,0.5048685,-0.3368292,0.4908936,in backpack,cyclo cross,False,mixed,mixed
3e85a4d9-b7a7-47ef-b901-d8b355d1a83b,de984076-899d-435f-97d5-d3a7d9e4fe10,090c4c68-f125-4d64-a32d-27eff8fd53cd,1626017545652,13.4648065,52.4702015,3.631577,1.0070009,0.35138512,0.5055971,in backpack,cyclo cross,False,mixed,mixed
3e85a4d9-b7a7-47ef-b901-d8b355d1a83b,de984076-899d-435f-97d5-d3a7d9e4fe10,1f3c2848-a8f4-40db-84a8-df675f137e5e,1626017545701,13.4648065,52.4702015,3.631577,0.28940868,0.6576457,0.35656738,in backpack,cyclo cross,False,mixed,mixed
3e85a4d9-b7a7-47ef-b901-d8b355d1a83b,de984076-899d-435f-97d5-d3a7d9e4fe10,1b5e0ab6-3d03-4897-adb2-436b3645d003,1626017545752,13.4648065,52.4702015,3.631577,-0.8010707,-0.18962193,0.073571205,in backpack,cyclo cross,False,mixed,mixed
3e85a4d9-b7a7-47ef-b901-d8b355d1a83b,de984076-899d-435f-97d5-d3a7d9e4fe10,5cd79bcb-ef82-4e19-ab4c-c0e2dc9eb409,1626017545803,13.4648065,52.4702015,3.631577,-0.0038204193,-0.896368,-0.96598387,in backpack,cyclo cross,False,mixed,mixed
3e85a4d9-b7a7-47ef-b901-d8b355d1a83b,de984076-899d-435f-97d5-d3a7d9e4fe10,2b50327e-7b05-4e4d-9b40-5a261428ff60,1626017545854,13.4648065,52.4702015,3.631577,1.352035,1.0183115,-1.2909284,in backpack,cyclo cross,False,mixed,mixed
3e85a4d9-b7a7-47ef-b901-d8b355d1a83b,de984076-899d-435f-97d5-d3a7d9e4fe10,da8d5b7d-9ca0-419b-82af-9ba92a833f9f,1626017545904,13.4648065,52.4702015,3.631577,-0.22019482,1.4479294,0.16393614,in backpack,cyclo cross,False,mixed,mixed
3e85a4d9-b7a7-47ef-b901-d8b355d1a83b,de984076-899d-435f-97d5-d3a7d9e4fe10,440a7279-a01d-43a1-b4f8-99212155232c,1626017545955,13.4648065,52.4702015,3.631577,0.20655489,-0.19297695,0.9020796,in backpack,cyclo cross,False,mixed,mixed
3e85a4d9-b7a7-47ef-b901-d8b355d1a83b,de984076-899d-435f-97d5-d3a7d9e4fe10,dcae73d8-4cf3-4834-9b28-13b673b8903c,1626017546005,13.4648065,52.4702015,3.631577,-1.2307887,0.42422104,0.86094785,in backpack,cyclo cross,False,mixed,mixed
3e85a4d9-b7a7-47ef-b901-d8b355d1a83b,de984076-899d-435f-97d5-d3a7d9e4fe10,7148f1a2-b745-453c-b4b2-f7cd3a557bee,1626017546055,13.4648065,52.4702015,3.631577,0.4525318,-2.4017086,0.8068855,in backpack,cyclo cross,False,mixed,mixed
3e85a4d9-b7a7-47ef-b901-d8b355d1a83b,de984076-899d-435f-97d5-d3a7d9e4fe10,35aa953a-a955-47e9-a0c6-4baeb683eaa3,1626017546105,13.4648065,52.4702015,3.631577,0.7645221,-1.1012464,0.16961145,in backpack,cyclo cross,False,mixed,mixed
3e85a4d9-b7a7-47ef-b901-d8b355d1a83b,de984076-899d-435f-97d5-d3a7d9e4fe10,7ba88e61-b964-4f25-b8e4-b8d649f22875,1626017546156,13.4648065,52.4702015,3.631577,-0.45325232,1.0898156,-0.17974854,in backpack,cyclo cross,False,mixed,mixed
3e85a4d9-b7a7-47ef-b901-d8b355d1a83b,de984076-899d-435f-97d5-d3a7d9e4fe10,5e6b10d5-fff9-4e44-8bda-5c0da74ec541,1626017546205,13.4648065,52.4702015,3.631577,0.99766207,-0.76626635,-1.1740322,in backpack,cyclo cross,False,mixed,mixed
3e85a4d9-b7a7-47ef-b901-d8b355d1a83b,de984076-899d-435f-97d5-d3a7d9e4fe10,b3ae42c7-69fb-4d62-81ac-8a84a5a284b0,1626017546257,13.4648065,52.4702015,3.631577,-0.4431181,0.5387845,-1.3308835,in backpack,cyclo cross,False,mixed,mixed
3e85a4d9-b7a7-47ef-b901-d8b355d1a83b,de984076-899d-435f-97d5-d3a7d9e4fe10,12cd6321-d79a-428f-ac63-d1eab99aa157,1626017546307,13.4648065,52.4702015,3.631577,-1.0944891,0.8127904,0.52033234,in backpack,cyclo cross,False,mixed,mixed
3e85a4d9-b7a7-47ef-b901-d8b355d1a83b,de984076-899d-435f-97d5-d3a7d9e4fe10,c5aab984-ad6d-47b4-9284-78f8ef5f6d01,1626017546357,13.4648065,52.4702015,3.631577,-0.9687319,0.5899539,1.1435101,in backpack,cyclo cross,False,mixed,mixed
3e85a4d9-b7a7-47ef-b901-d8b355d1a83b,de984076-899d-435f-97d5-d3a7d9e4fe10,187ec60d-64f3-4013-ba60-946f0781729b,1626017546407,13.4648065,52.4702015,3.631577,0.86138725,-0.8235512,1.6290882,in backpack,cyclo cross,False,mixed,mixed
3e85a4d9-b7a7-47ef-b901-d8b355d1a83b,de984076-899d-435f-97d5-d3a7d9e4fe10,96dc97f6-e5ed-4aac-9bff-4c8b2006019a,1626017546457,13.4648065,52.4702015,3.631577,0.34979057,0.093456745,0.86989594,in backpack,cyclo cross,False,mixed,mixed
3e85a4d9-b7a7-47ef-b901-d8b355d1a83b,de984076-899d-435f-97d5-d3a7d9e4fe10,cefae47f-6f9b-4f2d-8199-d6c60a9a9dd1,1626017546507,13.4648065,52.4702015,3.631577,0.4688058,0.5344634,1.026952,in backpack,cyclo cross,False,mixed,mixed
3e85a4d9-b7a7-47ef-b901-d8b355d1a83b,de984076-899d-435f-97d5-d3a7d9e4fe10,e5d5a0c7-0e9d-4b83-99ea-1423953d9cdf,1626017546557,13.4648065,52.4702015,3.631577,0.3180132,0.412714,1.1603177,in backpack,cyclo cross,False,mixed,mixed
3e85a4d9-b7a7-47ef-b901-d8b355d1a83b,de984076-899d-435f-97d5-d3a7d9e4fe10,f949d4ff-91c7-4e55-a9c8-c7ed92685576,1626017546607,13.4648068,52.470233,3.3288689,-0.21971941,0.42794418,0.40319133,in backpack,cyclo cross,False,mixed,mixed
3e85a4d9-b7a7-47ef-b901-d8b355d1a83b,de984076-899d-435f-97d5-d3a7d9e4fe10,d1f4f050-ea50-4e3e-bd2f-8966404534ee,1626017546657,13.4648068,52.470233,3.3288689,-1.2525132,-0.44429827,-1.2327757,in backpack,cyclo cross,False,mixed,mixed
3e85a4d9-b7a7-47ef-b901-d8b355d1a83b,de984076-899d-435f-97d5-d3a7d9e4fe10,f42eab20-c820-4c65-9fc4-e05b81daac60,1626017546707,13.4648068,52.470233,3.3288689,0.42846155,-3.5448341,-2.119091,in backpack,cyclo cross,False,mixed,mixed
3e85a4d9-b7a7-47ef-b901-d8b355d1a83b,de984076-899d-435f-97d5-d3a7d9e4fe10,4aa94448-6d71-487c-a3f7-3e3ae207def8,1626017546758,13.4648068,52.470233,3.3288689,1.5028315,0.1871767,-0.34089518,in backpack,cyclo cross,False,mixed,mixed
3e85a4d9-b7a7-47ef-b901-d8b355d1a83b,de984076-899d-435f-97d5-d3a7d9e4fe10,83589a1b-4f0d-45ed-b61b-e90c629b04b1,1626017546808,13.4648068,52.470233,3.3288689,-1.6582646,1.2056408,0.5501759,in backpack,cyclo cross,False,mixed,mixed
3e85a4d9-b7a7-47ef-b901-d8b355d1a83b,de984076-899d-435f-97d5-d3a7d9e4fe10,ffc9b5ae-e014-42ea-9379-e96f3f12cc6e,1626017546859,13.4648068,52.470233,3.3288689,-1.4649649,-0.7019973,0.38856673,in backpack,cyclo cross,False,mixed,mixed
3e85a4d9-b7a7-47ef-b901-d8b355d1a83b,de984076-899d-435f-97d5-d3a7d9e4fe10,fb5e9fe1-3982-4277-bc1e-3900e60d5c72,1626017546910,13.4648068,52.470233,3.3288689,0.15480804,-0.20394659,-0.5467863,in backpack,cyclo cross,False,mixed,mixed
3e85a4d9-b7a7-47ef-b901-d8b355d1a83b,de984076-899d-435f-97d5-d3a7d9e4fe10,587eb753-e144-4599-ac9e-db162e35d55c,1626017546961,13.4648068,52.470233,3.3288689,0.4597335,-0.66257286,0.20821333,in backpack,cyclo cross,False,mixed,mixed
3e85a4d9-b7a7-47ef-b901-d8b355d1a83b,de984076-899d-435f-97d5-d3a7d9e4fe10,e9234bc1-68d1-4630-8221-fd26803c379c,1626017547011,13.4648068,52.470233,3.3288689,-0.17972994,0.3121686,0.2806511,in backpack,cyclo cross,False,mixed,mixed
3e85a4d9-b7a7-47ef-b901-d8b355d1a83b,de984076-899d-435f-97d5-d3a7d9e4fe10,b578824b-5acf-4d72-9582-08dbb40896c7,1626017547061,13.4648068,52.470233,3.3288689,0.07893944,0.10574961,-0.7036686,in backpack,cyclo cross,False,mixed,mixed
3e85a4d9-b7a7-47ef-b901-d8b355d1a83b,de984076-899d-435f-97d5-d3a7d9e4fe10,8a189905-e70a-41ac-9dc3-93a456535d37,1626017547111,13.4648068,52.470233,3.3288689,0.49197578,-1.3433838,-0.6353116,in backpack,cyclo cross,False,mixed,mixed
3e85a4d9-b7a7-47ef-b901-d8b355d1a83b,de984076-899d-435f-97d5-d3a7d9e4fe10,5d568d09-90ab-4379-9dc5-d4dc0d1be6e8,1626017547162,13.4648068,52.470233,3.3288689,0.21866131,0.23921967,-1.0049162,in backpack,cyclo cross,False,mixed,mixed
3e85a4d9-b7a7-47ef-b901-d8b355d1a83b,de984076-899d-435f-97d5-d3a7d9e4fe10,d6364f71-a211-4cf8-9bb8-505ade05a0bf,1626017547213,13.4648068,52.470233,3.3288689,-0.7734995,1.2409902,0.1377399,in backpack,cyclo cross,False,mixed,mixed
3e85a4d9-b7a7-47ef-b901-d8b355d1a83b,de984076-899d-435f-97d5-d3a7d9e4fe10,af77dd4a-d6c3-4ece-8666-304873694113,1626017547264,13.4648068,52.470233,3.3288689,-1.4868083,1.0587168,1.0121973,in backpack,cyclo cross,False,mixed,mixed
3e85a4d9-b7a7-47ef-b901-d8b355d1a83b,de984076-899d-435f-97d5-d3a7d9e4fe10,40197d19-97c1-4694-b609-f7afb5760862,1626017547314,13.4648068,52.470233,3.3288689,-0.8842373,2.1138368,1.6246402,in backpack,cyclo cross,False,mixed,mixed
3e85a4d9-b7a7-47ef-b901-d8b355d1a83b,de984076-899d-435f-97d5-d3a7d9e4fe10,89916d9b-6442-4061-85c7-2ca394ba3bc7,1626017547365,13.4648068,52.470233,3.3288689,1.9559469,-2.9314232,0.15566301,in backpack,cyclo cross,False,mixed,mixed
3e85a4d9-b7a7-47ef-b901-d8b355d1a83b,de984076-899d-435f-97d5-d3a7d9e4fe10,18b7d703-43a3-47b5-9812-f075315c3b51,1626017547415,13.4648068,52.470233,3.3288689,2.8277397,-3.2320318,-0.9404497,in backpack,cyclo cross,False,mixed,mixed
3e85a4d9-b7a7-47ef-b901-d8b355d1a83b,de984076-899d-435f-97d5-d3a7d9e4fe10,9332690d-bc4e-4ed0-acf6-ad041c2f049d,1626017547465,13.4648068,52.470233,3.3288689,0.2697425,1.5278511,-0.8126259,in backpack,cyclo cross,False,mixed,mixed
3e85a4d9-b7a7-47ef-b901-d8b355d1a83b,de984076-899d-435f-97d5-d3a7d9e4fe10,d6db229a-a0bc-4c92-9059-178f4cbc43d4,1626017547515,13.4648068,52.470233,3.3288689,-1.6794407,3.1444895,-2.1667938,in backpack,cyclo cross,False,mixed,mixed
3e85a4d9-b7a7-47ef-b901-d8b355d1a83b,de984076-899d-435f-97d5-d3a7d9e4fe10,44eb48f5-9772-449d-a4ef-cb4bbd1d612a,1626017547565,13.4648068,52.470233,3.3288689,-4.0923905,5.2484536,1.6457491,in backpack,cyclo cross,False,mixed,mixed
3e85a4d9-b7a7-47ef-b901-d8b355d1a83b,de984076-899d-435f-97d5-d3a7d9e4fe10,8f7b60e0-53bc-4d8b-87dc-aa74ff7b2bd7,1626017547616,13.4648068,52.470233,3.3288689,-0.75471497,-1.650238,2.2027874,in backpack,cyclo cross,False,mixed,mixed
3e85a4d9-b7a7-47ef-b901-d8b355d1a83b,de984076-899d-435f-97d5-d3a7d9e4fe10,1e37a55c-ae44-4733-8582-ea698a6c3d2d,1626017547666,13.4648068,52.470233,3.3288689,1.1676416,-1.5006261,0.9553664,in backpack,cyclo cross,False,mixed,mixed
3e85a4d9-b7a7-47ef-b901-d8b355d1a83b,de984076-899d-435f-97d5-d3a7d9e4fe10,8f5af404-7eac-4b07-b0cf-4e47b7ec95e4,1626017547716,13.4648068,52.470233,3.3288689,8.664864,-9.476905,-2.1867652,in backpack,cyclo cross,False,mixed,mixed
3e85a4d9-b7a7-47ef-b901-d8b355d1a83b,de984076-899d-435f-97d5-d3a7d9e4fe10,ecb945ee-64d0-44ae-bc65-a5ed9d224cd9,1626017547766,13.4648068,52.470233,3.3288689,-0.81424856,1.1227608,2.02578,in backpack,cyclo cross,False,mixed,mixed
3e85a4d9-b7a7-47ef-b901-d8b355d1a83b,de984076-899d-435f-97d5-d3a7d9e4fe10,f39dca1a-b153-4250-a4b4-8403a0605515,1626017547816,13.4648068,52.470233,3.3288689,-4.2766976,3.191699,0.7512281,in backpack,cyclo cross,False,mixed,mixed
3e85a4d9-b7a7-47ef-b901-d8b355d1a83b,de984076-899d-435f-97d5-d3a7d9e4fe10,57ef8151-61c6-483a-89e8-06734f8dfdb0,1626017547866,13.4648068,52.470233,3.3288689,-5.069328,6.8000603,-3.6302261,in backpack,cyclo cross,False,mixed,mixed
3e85a4d9-b7a7-47ef-b901-d8b355d1a83b,de984076-899d-435f-97d5-d3a7d9e4fe10,700dec71-2b6a-42f5-b9a9-19b17df4b62f,1626017547916,13.4646785,52.470318,5.299951,-2.124316,1.2226725,1.2642956,in backpack,cyclo cross,False,mixed,mixed
3e85a4d9-b7a7-47ef-b901-d8b355d1a83b,de984076-899d-435f-97d5-d3a7d9e4fe10,78353c17-35f5-4215-8ec5-a30b9d749fee,1626017547967,13.4646785,52.470318,5.299951,0.9087715,-5.611655,0.62960386,in backpack,cyclo cross,False,mixed,mixed
3e85a4d9-b7a7-47ef-b901-d8b355d1a83b,de984076-899d-435f-97d5-d3a7d9e4fe10,182bb8d1-f289-40b1-81cb-c536bd631cc0,1626017548017,13.4646785,52.470318,5.299951,10.977308,-8.16093,-2.3876748,in backpack,cyclo cross,False,mixed,mixed
3e85a4d9-b7a7-47ef-b901-d8b355d1a83b,de984076-899d-435f-97d5-d3a7d9e4fe10,cffbd7f3-4b84-4d78-acca-36394dd4530d,1626017548067,13.4646785,52.470318,5.299951,5.480627,-1.213664,-0.3442154,in backpack,cyclo cross,False,mixed,mixed
3e85a4d9-b7a7-47ef-b901-d8b355d1a83b,de984076-899d-435f-97d5-d3a7d9e4fe10,ca621974-09f0-441b-90d8-3b93fe86ccb4,1626017548117,13.4646785,52.470318,5.299951,-3.3114128,3.952359,3.2766342,in backpack,cyclo cross,False,mixed,mixed
3e85a4d9-b7a7-47ef-b901-d8b355d1a83b,de984076-899d-435f-97d5-d3a7d9e4fe10,d359dc3d-be6e-4e9a-9ed6-30e015beea6c,1626017548167,13.4646785,52.470318,5.299951,-4.9206824,4.4366336,3.5752854,in backpack,cyclo cross,False,mixed,mixed
3e85a4d9-b7a7-47ef-b901-d8b355d1a83b,de984076-899d-435f-97d5-d3a7d9e4fe10,63c8ba91-eb92-42f6-8869-529cc72d2e2a,1626017548217,13.4646785,52.470318,5.299951,-5.119702,5.4305983,3.440874,in backpack,cyclo cross,False,mixed,mixed
3e85a4d9-b7a7-47ef-b901-d8b355d1a83b,de984076-899d-435f-97d5-d3a7d9e4fe10,0a0d9d3e-8188-4895-990c-c5b59e32a7b4,1626017548267,13.4646785,52.470318,5.299951,-4.452115,-0.8918562,4.364784,in backpack,cyclo cross,False,mixed,mixed
3e85a4d9-b7a7-47ef-b901-d8b355d1a83b,de984076-899d-435f-97d5-d3a7d9e4fe10,8c6ef715-4447-4d7b-ac4d-c29bd2d8ac74,1626017548317,13.4646785,52.470318,5.299951,0.43904305,-0.637599,1.848007,in backpack,cyclo cross,False,mixed,mixed
3e85a4d9-b7a7-47ef-b901-d8b355d1a83b,de984076-899d-435f-97d5-d3a7d9e4fe10,e9dc17e7-6521-41e6-a07c-d148f30f6f07,1626017548367,13.4646785,52.470318,5.299951,0.95207834,-1.3640046,-0.1565671,in backpack,cyclo cross,False,mixed,mixed
3e85a4d9-b7a7-47ef-b901-d8b355d1a83b,de984076-899d-435f-97d5-d3a7d9e4fe10,2874b457-c6e5-40b5-87b5-adcc053047ab,1626017548416,13.4646785,52.470318,5.299951,2.455535,-5.6098433,-1.0642519,in backpack,cyclo cross,False,mixed,mixed
3e85a4d9-b7a7-47ef-b901-d8b355d1a83b,de984076-899d-435f-97d5-d3a7d9e4fe10,c2e38827-d11f-4f45-bfa4-058fb498b08a,1626017548467,13.4646785,52.470318,5.299951,2.6959505,-1.7184639,-0.43752623,in backpack,cyclo cross,False,mixed,mixed
3e85a4d9-b7a7-47ef-b901-d8b355d1a83b,de984076-899d-435f-97d5-d3a7d9e4fe10,93192400-3b96-4159-9154-9c8c27fc803f,1626017548517,13.4646785,52.470318,5.299951,-0.7211437,0.7842541,1.6671906,in backpack,cyclo cross,False,mixed,mixed
3e85a4d9-b7a7-47ef-b901-d8b355d1a83b,de984076-899d-435f-97d5-d3a7d9e4fe10,957dd7df-598c-49ec-9076-23100e7bf779,1626017548567,13.4646785,52.470318,5.299951,-3.912704,1.704515,0.724133,in backpack,cyclo cross,False,mixed,mixed
3e85a4d9-b7a7-47ef-b901-d8b355d1a83b,de984076-899d-435f-97d5-d3a7d9e4fe10,d9718e27-9545-4f23-a4bb-467f330433f0,1626017548617,13.4646785,52.470318,5.299951,-1.8838944,2.7944193,-1.5865712,in backpack,cyclo cross,False,mixed,mixed
3e85a4d9-b7a7-47ef-b901-d8b355d1a83b,de984076-899d-435f-97d5-d3a7d9e4fe10,f32ead43-ab5e-4ea7-8408-5d1ef9aa302a,1626017548668,13.4646785,52.470318,5.299951,1.8798895,-0.55567884,-1.2051849,in backpack,cyclo cross,False,mixed,mixed
3e85a4d9-b7a7-47ef-b901-d8b355d1a83b,de984076-899d-435f-97d5-d3a7d9e4fe10,0dbde14f-cf4e-4b6d-915d-65fbbe7acfff,1626017548718,13.4646785,52.470318,5.299951,1.5791397,-0.31214666,-0.10315132,in backpack,cyclo cross,False,mixed,mixed
3e85a4d9-b7a7-47ef-b901-d8b355d1a83b,de984076-899d-435f-97d5-d3a7d9e4fe10,c89aa013-ef86-4524-b8e2-9e456c041a57,1626017548769,13.4646785,52.470318,5.299951,-1.4227786,0.90234375,1.9979752,in backpack,cyclo cross,False,mixed,mixed
3e85a4d9-b7a7-47ef-b901-d8b355d1a83b,de984076-899d-435f-97d5-d3a7d9e4fe10,5dd279c9-2291-4e8c-9db1-a52fe7fca9dc,1626017548818,13.4646785,52.470318,5.299951,0.59112835,-0.6309533,0.22638607,in backpack,cyclo cross,False,mixed,mixed
3e85a4d9-b7a7-47ef-b901-d8b355d1a83b,de984076-899d-435f-97d5-d3a7d9e4fe10,ecec4b52-f06c-4637-98bb-d25be934d212,1626017548868,13.4646785,52.470318,5.299951,-0.2938223,0.38231707,-0.30434752,in backpack,cyclo cross,False,mixed,mixed
3e85a4d9-b7a7-47ef-b901-d8b355d1a83b,de984076-899d-435f-97d5-d3a7d9e4fe10,5921d659-2675-413c-9944-963422c6f911,1626017548918,13.4646106,52.4703556,5.4665437,0.4677844,-1.6182566,0.0361619,in backpack,cyclo cross,False,mixed,mixed
3e85a4d9-b7a7-47ef-b901-d8b355d1a83b,de984076-899d-435f-97d5-d3a7d9e4fe10,3a19ea9b-a39c-48e0-a867-007f4c978661,1626017548969,13.4646106,52.4703556,5.4665437,0.4686823,0.7359643,-0.15938711,in backpack,cyclo cross,False,mixed,mixed
3e85a4d9-b7a7-47ef-b901-d8b355d1a83b,de984076-899d-435f-97d5-d3a7d9e4fe10,09b296a3-b4e1-4410-ad42-bb83a57b515c,1626017549020,13.4646106,52.4703556,5.4665437,0.042443275,-0.40059996,-0.52987194,in backpack,cyclo cross,False,mixed,mixed
3e85a4d9-b7a7-47ef-b901-d8b355d1a83b,de984076-899d-435f-97d5-d3a7d9e4fe10,ba806920-8954-4a4a-ae5d-1bb1c7c1efb1,1626017549070,13.4646106,52.4703556,5.4665437,0.7044749,-0.11523867,0.53106046,in backpack,cyclo cross,False,mixed,mixed
3e85a4d9-b7a7-47ef-b901-d8b355d1a83b,de984076-899d-435f-97d5-d3a7d9e4fe10,517110f0-1246-4d46-9367-6a505a7eaf28,1626017549121,13.4646106,52.4703556,5.4665437,-0.96026325,1.7714019,-0.19301796,in backpack,cyclo cross,False,mixed,mixed
3e85a4d9-b7a7-47ef-b901-d8b355d1a83b,de984076-899d-435f-97d5-d3a7d9e4fe10,eae4c04d-97db-4a73-a812-3658fb32e369,1626017549170,13.4646106,52.4703556,5.4665437,0.29236317,0.592854,-0.091059685,in backpack,cyclo cross,False,mixed,mixed
3e85a4d9-b7a7-47ef-b901-d8b355d1a83b,de984076-899d-435f-97d5-d3a7d9e4fe10,b3148213-236c-4781-8441-d3ddabca5437,1626017549221,13.4646106,52.4703556,5.4665437,0.18369484,-1.0984335,0.30178118,in backpack,cyclo cross,False,mixed,mixed
3e85a4d9-b7a7-47ef-b901-d8b355d1a83b,de984076-899d-435f-97d5-d3a7d9e4fe10,dde632a5-bb2d-4bc3-846d-f441969188aa,1626017549271,13.4646106,52.4703556,5.4665437,-0.21177769,-1.1706014,-0.6540551,in backpack,cyclo cross,False,mixed,mixed
3e85a4d9-b7a7-47ef-b901-d8b355d1a83b,de984076-899d-435f-97d5-d3a7d9e4fe10,8340f129-c0d6-44ba-9c6e-5f04006952ad,1626017549321,13.4646106,52.4703556,5.4665437,-0.25532675,0.46509552,0.42212605,in backpack,cyclo cross,False,mixed,mixed
3e85a4d9-b7a7-47ef-b901-d8b355d1a83b,de984076-899d-435f-97d5-d3a7d9e4fe10,481b9732-ae0c-4e85-b535-1a528bdaf92b,1626017549371,13.4646106,52.4703556,5.4665437,-0.7899399,1.1322975,0.08991814,in backpack,cyclo cross,False,mixed,mixed
3e85a4d9-b7a7-47ef-b901-d8b355d1a83b,de984076-899d-435f-97d5-d3a7d9e4fe10,d1fdbdb3-a649-4914-b216-6a8e6f7aa2d4,1626017549421,13.4646106,52.4703556,5.4665437,-1.286757,1.3410506,0.23362398,in backpack,cyclo cross,False,mixed,mixed
3e85a4d9-b7a7-47ef-b901-d8b355d1a83b,de984076-899d-435f-97d5-d3a7d9e4fe10,c841b215-3b90-4c2c-923c-19e3e1ecd167,1626017549472,13.4646106,52.4703556,5.4665437,-0.45300865,-2.1990461,-0.84468985,in backpack,cyclo cross,False,mixed,mixed
3e85a4d9-b7a7-47ef-b901-d8b355d1a83b,de984076-899d-435f-97d5-d3a7d9e4fe10,18672f20-08da-4096-a755-6cacce49b58d,1626017549522,13.4646106,52.4703556,5.4665437,1.5027585,-0.7803025,-0.66294146,in backpack,cyclo cross,False,mixed,mixed
3e85a4d9-b7a7-47ef-b901-d8b355d1a83b,de984076-899d-435f-97d5-d3a7d9e4fe10,5bcb96ad-6aa8-4cf1-acd5-a01e6853c6df,1626017549572,13.4646106,52.4703556,5.4665437,0.9739318,-0.6180639,-1.3503194,in backpack,cyclo cross,False,mixed,mixed
3e85a4d9-b7a7-47ef-b901-d8b355d1a83b,de984076-899d-435f-97d5-d3a7d9e4fe10,14d86167-3149-4fea-809d-f40c60d3ac76,1626017549623,13.4646106,52.4703556,5.4665437,-0.5627265,0.13805628,0.09878063,in backpack,cyclo cross,False,mixed,mixed
3e85a4d9-b7a7-47ef-b901-d8b355d1a83b,de984076-899d-435f-97d5-d3a7d9e4fe10,db98247f-7593-40ff-9a6e-9f6b2f1ae4d5,1626017549672,13.4646106,52.4703556,5.4665437,-1.9867954,1.9534483,1.091645,in backpack,cyclo cross,False,mixed,mixed
3e85a4d9-b7a7-47ef-b901-d8b355d1a83b,de984076-899d-435f-97d5-d3a7d9e4fe10,43f713fe-0080-4813-93b7-c84a642abf69,1626017549722,13.4646106,52.4703556,5.4665437,-0.20512247,0.8855467,0.17834616,in backpack,cyclo cross,False,mixed,mixed
3e85a4d9-b7a7-47ef-b901-d8b355d1a83b,de984076-899d-435f-97d5-d3a7d9e4fe10,f9a21170-ead3-4f07-8096-becd01ba055d,1626017549773,13.4646106,52.4703556,5.4665437,0.5938196,-0.37287903,0.47958374,in backpack,cyclo cross,False,mixed,mixed
3e85a4d9-b7a7-47ef-b901-d8b355d1a83b,de984076-899d-435f-97d5-d3a7d9e4fe10,601a734e-dfb3-48f1-9409-34fbecda0304,1626017549823,13.4646106,52.4703556,5.4665437,1.4795918,-0.11450291,0.4306817,in backpack,cyclo cross,False,mixed,mixed
3e85a4d9-b7a7-47ef-b901-d8b355d1a83b,de984076-899d-435f-97d5-d3a7d9e4fe10,c64ea99c-3642-47cc-8aae-7fa71bf2230a,1626017549872,13.4646106,52.4703556,5.4665437,1.2194672,-1.3336511,-0.22310877,in backpack,cyclo cross,False,mixed,mixed
3e85a4d9-b7a7-47ef-b901-d8b355d1a83b,de984076-899d-435f-97d5-d3a7d9e4fe10,09ce7b0f-2f2e-4d03-804b-ebd80a3fbddb,1626017549923,13.4645404,52.4703913,6.1740932,-0.034005165,-0.2603302,-0.8319955,in backpack,cyclo cross,False,mixed,mixed
3e85a4d9-b7a7-47ef-b901-d8b355d1a83b,de984076-899d-435f-97d5-d3a7d9e4fe10,702e85d7-7422-4380-a253-cfacc2ddbe51,1626017549973,13.4645404,52.4703913,6.1740932,-0.9502754,0.5588398,-0.30383778,in backpack,cyclo cross,False,mixed,mixed
3e85a4d9-b7a7-47ef-b901-d8b355d1a83b,de984076-899d-435f-97d5-d3a7d9e4fe10,849e519c-7af9-42d1-a2f1-2895cfb1f1a1,1626017550024,13.4645404,52.4703913,6.1740932,-1.2065024,2.009098,0.48859453,in backpack,cyclo cross,False,mixed,mixed
3e85a4d9-b7a7-47ef-b901-d8b355d1a83b,de984076-899d-435f-97d5-d3a7d9e4fe10,e8c1eee5-253e-4dcf-a59b-c9b22ec9f544,1626017550074,13.4645404,52.4703913,6.1740932,-1.1470242,0.32190657,0.34975576,in backpack,cyclo cross,False,mixed,mixed
3e85a4d9-b7a7-47ef-b901-d8b355d1a83b,de984076-899d-435f-97d5-d3a7d9e4fe10,f2e50856-8ff5-47c3-bf8b-118a94932514,1626017550125,13.4645404,52.4703913,6.1740932,-0.59228086,-2.1772223,0.010654926,in backpack,cyclo cross,False,mixed,mixed
3e85a4d9-b7a7-47ef-b901-d8b355d1a83b,de984076-899d-435f-97d5-d3a7d9e4fe10,a76aeae7-6df6-4519-a223-3c953831c6cb,1626017550176,13.4645404,52.4703913,6.1740932,1.9648438,-0.700531,0.53919864,in backpack,cyclo cross,False,mixed,mixed
3e85a4d9-b7a7-47ef-b901-d8b355d1a83b,de984076-899d-435f-97d5-d3a7d9e4fe10,c21dfcc0-4178-48ba-865d-f7282cd77afb,1626017550227,13.4645404,52.4703913,6.1740932,-0.73348856,0.1753335,0.4379182,in backpack,cyclo cross,False,mixed,mixed
3e85a4d9-b7a7-47ef-b901-d8b355d1a83b,de984076-899d-435f-97d5-d3a7d9e4fe10,6de4cf07-b924-4491-b4eb-aeafb8646cb4,1626017550278,13.4645404,52.4703913,6.1740932,-0.07991028,-1.0114665,-1.098722,in backpack,cyclo cross,False,mixed,mixed
3e85a4d9-b7a7-47ef-b901-d8b355d1a83b,de984076-899d-435f-97d5-d3a7d9e4fe10,e46c3090-e375-40c2-8276-2db210cb635c,1626017550328,13.4645404,52.4703913,6.1740932,0.499928,0.10065889,-0.828629,in backpack,cyclo cross,False,mixed,mixed
3e85a4d9-b7a7-47ef-b901-d8b355d1a83b,de984076-899d-435f-97d5-d3a7d9e4fe10,ec50d0e4-ed9b-430e-9fc9-5e138aebd453,1626017550378,13.4645404,52.4703913,6.1740932,-0.5168266,0.40067816,1.0135818,in backpack,cyclo cross,False,mixed,mixed
3e85a4d9-b7a7-47ef-b901-d8b355d1a83b,de984076-899d-435f-97d5-d3a7d9e4fe10,1e62f02a-9944-4a0f-a4ff-d8757fff59b2,1626017550427,13.4645404,52.4703913,6.1740932,-1.0127854,1.062644,0.44333005,in backpack,cyclo cross,False,mixed,mixed
3e85a4d9-b7a7-47ef-b901-d8b355d1a83b,de984076-899d-435f-97d5-d3a7d9e4fe10,4dfaa874-4ac3-4d13-a2bf-73be392c7b00,1626017550478,13.4645404,52.4703913,6.1740932,0.40137768,0.028150558,0.18880558,in backpack,cyclo cross,False,mixed,mixed
3e85a4d9-b7a7-47ef-b901-d8b355d1a83b,de984076-899d-435f-97d5-d3a7d9e4fe10,fefa8415-aa66-4c49-b23f-a34e7f352f7c,1626017550528,13.4645404,52.4703913,6.1740932,3.0633945,-1.4179115,1.0490749,in backpack,cyclo cross,False,mixed,mixed
3e85a4d9-b7a7-47ef-b901-d8b355d1a83b,de984076-899d-435f-97d5-d3a7d9e4fe10,cdc4ef3b-6cb5-45ea-9c33-37767efb8ffb,1626017550578,13.4645404,52.4703913,6.1740932,-0.7011728,1.2803311,0.10255337,in backpack,cyclo cross,False,mixed,mixed
3e85a4d9-b7a7-47ef-b901-d8b355d1a83b,de984076-899d-435f-97d5-d3a7d9e4fe10,6321fe0f-fa9f-48d6-9aa5-2043b1521582,1626017550628,13.4645404,52.4703913,6.1740932,-0.2799592,-0.24514055,-0.31129503,in backpack,cyclo cross,False,mixed,mixed
3e85a4d9-b7a7-47ef-b901-d8b355d1a83b,de984076-899d-435f-97d5-d3a7d9e4fe10,fa282b66-5dfe-4d8c-86bb-f58dbfb208de,1626017550677,13.4645404,52.4703913,6.1740932,-0.20492697,0.23622179,-0.50379515,in backpack,cyclo cross,False,mixed,mixed
3e85a4d9-b7a7-47ef-b901-d8b355d1a83b,de984076-899d-435f-97d5-d3a7d9e4fe10,271c33af-000e-441d-ac78-0ac9f2169f7f,1626017550728,13.4645404,52.4703913,6.1740932,-0.28732777,0.84756136,0.72299266,in backpack,cyclo cross,False,mixed,mixed
3e85a4d9-b7a7-47ef-b901-d8b355d1a83b,de984076-899d-435f-97d5-d3a7d9e4fe10,788046e6-d634-452c-8843-f50c4d50bf51,1626017550778,13.4645404,52.4703913,6.1740932,0.92827463,-0.59531116,0.52393293,in backpack,cyclo cross,False,mixed,mixed
3e85a4d9-b7a7-47ef-b901-d8b355d1a83b,de984076-899d-435f-97d5-d3a7d9e4fe10,000e3bbd-b888-4da2-9770-1889c8d6235b,1626017550829,13.4645404,52.4703913,6.1740932,-0.96787405,-0.03133154,-0.40709877,in backpack,cyclo cross,False,mixed,mixed
3e85a4d9-b7a7-47ef-b901-d8b355d1a83b,de984076-899d-435f-97d5-d3a7d9e4fe10,a99cb4bb-b592-4aba-b3fc-c8c1cc18c4bb,1626017550879,13.4645404,52.4703913,6.1740932,-0.15560818,-0.45111465,0.3267126,in backpack,cyclo cross,False,mixed,mixed
3e85a4d9-b7a7-47ef-b901-d8b355d1a83b,de984076-899d-435f-97d5-d3a7d9e4fe10,b83ffb4e-34fc-464b-9e4b-2df322027a64,1626017550929,13.4644666,52.4704275,5.8620048,-0.27863407,0.5437608,1.1606941,in backpack,cyclo cross,False,mixed,mixed
3e85a4d9-b7a7-47ef-b901-d8b355d1a83b,de984076-899d-435f-97d5-d3a7d9e4fe10,143d86a9-a0bf-432c-9da8-35244439ff32,1626017550979,13.4644666,52.4704275,5.8620048,0.69414616,-1.325695,0.17441559,in backpack,cyclo cross,False,mixed,mixed
3e85a4d9-b7a7-47ef-b901-d8b355d1a83b,de984076-899d-435f-97d5-d3a7d9e4fe10,ce4bb030-2d7e-48fd-b763-182719d241d3,1626017551030,13.4644666,52.4704275,5.8620048,1.1054254,-1.0086384,-2.6699843,in backpack,cyclo cross,False,mixed,mixed
3e85a4d9-b7a7-47ef-b901-d8b355d1a83b,de984076-899d-435f-97d5-d3a7d9e4fe10,a7c9f0bf-acc5-4896-b3a2-49f9b03903bb,1626017551080,13.4644666,52.4704275,5.8620048,1.303081,-1.4932089,-0.04222727,in backpack,cyclo cross,False,mixed,mixed
3e85a4d9-b7a7-47ef-b901-d8b355d1a83b,de984076-899d-435f-97d5-d3a7d9e4fe10,23cf8881-f2ba-4190-b745-87b1ef9587fb,1626017551130,13.4644666,52.4704275,5.8620048,-0.9775653,1.5391331,1.4204919,in backpack,cyclo cross,False,mixed,mixed
3e85a4d9-b7a7-47ef-b901-d8b355d1a83b,de984076-899d-435f-97d5-d3a7d9e4fe10,5fa07ed6-8ca5-48b6-93cc-9012b1de823c,1626017551180,13.4644666,52.4704275,5.8620048,-1.5572901,2.4577603,-0.10845041,in backpack,cyclo cross,False,mixed,mixed
3e85a4d9-b7a7-47ef-b901-d8b355d1a83b,de984076-899d-435f-97d5-d3a7d9e4fe10,28a0e163-2112-4cf2-9bb0-d28293b40d74,1626017551230,13.4644666,52.4704275,5.8620048,4.872425,-4.497571,0.2846315,in backpack,cyclo cross,False,mixed,mixed
3e85a4d9-b7a7-47ef-b901-d8b355d1a83b,de984076-899d-435f-97d5-d3a7d9e4fe10,b58678f3-a89d-486d-aa16-d6658ac7af09,1626017551280,13.4644666,52.4704275,5.8620048,0.47323465,0.66187286,1.3005457,in backpack,cyclo cross,False,mixed,mixed
3e85a4d9-b7a7-47ef-b901-d8b355d1a83b,de984076-899d-435f-97d5-d3a7d9e4fe10,99e52f0a-46b4-43c1-9d2d-173783eb5433,1626017551330,13.4644666,52.4704275,5.8620048,-1.3518376,0.50596666,-0.8118963,in backpack,cyclo cross,False,mixed,mixed
3e85a4d9-b7a7-47ef-b901-d8b355d1a83b,de984076-899d-435f-97d5-d3a7d9e4fe10,c963eb61-3557-4967-8e41-de65d791c7a5,1626017551381,13.4644666,52.4704275,5.8620048,1.9453201,-3.7674913,-1.5903935,in backpack,cyclo cross,False,mixed,mixed
3e85a4d9-b7a7-47ef-b901-d8b355d1a83b,de984076-899d-435f-97d5-d3a7d9e4fe10,578dad61-0a1d-443e-926f-d5e2dbb9cd40,1626017551431,13.4644666,52.4704275,5.8620048,-0.6714616,0.45830393,0.14806032,in backpack,cyclo cross,False,mixed,mixed
3e85a4d9-b7a7-47ef-b901-d8b355d1a83b,de984076-899d-435f-97d5-d3a7d9e4fe10,1dd48ae7-9edd-4a71-a489-ff5a333f3ea9,1626017551482,13.4644666,52.4704275,5.8620048,-2.2864966,1.5821633,0.6717222,in backpack,cyclo cross,False,mixed,mixed
3e85a4d9-b7a7-47ef-b901-d8b355d1a83b,de984076-899d-435f-97d5-d3a7d9e4fe10,3c467751-eff6-4204-bda9-19ca555f1c57,1626017551532,13.4644666,52.4704275,5.8620048,-2.4445555,0.89075804,0.34737754,in backpack,cyclo cross,False,mixed,mixed
3e85a4d9-b7a7-47ef-b901-d8b355d1a83b,de984076-899d-435f-97d5-d3a7d9e4fe10,e0c185ea-9154-4377-909c-0d40c88a3bbc,1626017551583,13.4644666,52.4704275,5.8620048,1.4679723,-2.9094868,0.17304778,in backpack,cyclo cross,False,mixed,mixed
3e85a4d9-b7a7-47ef-b901-d8b355d1a83b,de984076-899d-435f-97d5-d3a7d9e4fe10,8d153486-0d88-4262-b3f1-da98e4acc047,1626017551633,13.4644666,52.4704275,5.8620048,2.09945,-0.4578762,-0.23342133,in backpack,cyclo cross,False,mixed,mixed
3e85a4d9-b7a7-47ef-b901-d8b355d1a83b,de984076-899d-435f-97d5-d3a7d9e4fe10,0a64fe44-839b-49e7-a792-8d462f6c5f6e,1626017551683,13.4644666,52.4704275,5.8620048,0.13051605,0.058441162,0.092301846,in backpack,cyclo cross,False,mixed,mixed
3e85a4d9-b7a7-47ef-b901-d8b355d1a83b,de984076-899d-435f-97d5-d3a7d9e4fe10,d9222d87-9bc5-41cf-bd48-6c67db30e694,1626017551733,13.4644666,52.4704275,5.8620048,-1.9815664,1.344903,-0.6811209,in backpack,cyclo cross,False,mixed,mixed
3e85a4d9-b7a7-47ef-b901-d8b355d1a83b,de984076-899d-435f-97d5-d3a7d9e4fe10,0617b320-c038-4be6-a9fa-f88c27b08d0c,1626017551783,13.4644666,52.4704275,5.8620048,-1.3590367,0.5359001,0.346766,in backpack,cyclo cross,False,mixed,mixed
3e85a4d9-b7a7-47ef-b901-d8b355d1a83b,de984076-899d-435f-97d5-d3a7d9e4fe10,56d43e0b-a420-483c-a712-eedb41333f78,1626017551833,13.4644666,52.4704275,5.8620048,0.0500679,0.25075912,0.2070427,in backpack,cyclo cross,False,mixed,mixed
3e85a4d9-b7a7-47ef-b901-d8b355d1a83b,de984076-899d-435f-97d5-d3a7d9e4fe10,d3f4d74f-f32f-4aa6-90f5-1cb529dc36e7,1626017551883,13.4644666,52.4704275,5.8620048,1.1769438,0.20122814,-0.32745838,in backpack,cyclo cross,False,mixed,mixed
3e85a4d9-b7a7-47ef-b901-d8b355d1a83b,de984076-899d-435f-97d5-d3a7d9e4fe10,93fed6de-92fc-4664-8b5f-31ede30c5341,1626017551933,13.4643658,52.4704712,6.226907,0.91307116,-0.8152666,0.28479028,in backpack,cyclo cross,False,mixed,mixed
3e85a4d9-b7a7-47ef-b901-d8b355d1a83b,de984076-899d-435f-97d5-d3a7d9e4fe10,53e84253-3e7e-489d-94bf-0fc873dda660,1626017551984,13.4643658,52.4704712,6.226907,0.47651005,1.2618084,1.0093446,in backpack,cyclo cross,False,mixed,mixed
3e85a4d9-b7a7-47ef-b901-d8b355d1a83b,de984076-899d-435f-97d5-d3a7d9e4fe10,ab0b32f6-4337-474b-869d-3c8a7f7a55db,1626017552034,13.4643658,52.4704712,6.226907,0.067623615,0.36406612,0.27515936,in backpack,cyclo cross,False,mixed,mixed
3e85a4d9-b7a7-47ef-b901-d8b355d1a83b,de984076-899d-435f-97d5-d3a7d9e4fe10,7983276f-9f68-4856-8030-840330b4dfe3,1626017552085,13.4643658,52.4704712,6.226907,0.69167185,-0.9710493,-0.6395998,in backpack,cyclo cross,False,mixed,mixed
3e85a4d9-b7a7-47ef-b901-d8b355d1a83b,de984076-899d-435f-97d5-d3a7d9e4fe10,dd9448ed-b72e-4a82-9884-98074a03b9a5,1626017552135,13.4643658,52.4704712,6.226907,1.1294956,-1.5126419,-1.1401987,in backpack,cyclo cross,False,mixed,mixed
3e85a4d9-b7a7-47ef-b901-d8b355d1a83b,de984076-899d-435f-97d5-d3a7d9e4fe10,972638bc-5fc4-4e54-a772-aeb6b87888ae,1626017552510,13.4643658,52.4704712,6.226907,1.1294956,-1.5126419,-1.1401987,in backpack,cyclo cross,False,mixed,mixed
3e85a4d9-b7a7-47ef-b901-d8b355d1a83b,de984076-899d-435f-97d5-d3a7d9e4fe10,e70598a1-3b74-4772-a57c-ea7bba444024,1626017552560,13.4643658,52.4704712,6.226907,-0.8315892,0.86845064,0.64621353,in backpack,cyclo cross,False,mixed,mixed
3e85a4d9-b7a7-47ef-b901-d8b355d1a83b,de984076-899d-435f-97d5-d3a7d9e4fe10,b50233f5-3b9b-41f3-882d-a4c9511849d1,1626017552611,13.4643658,52.4704712,6.226907,-1.8539708,3.1971726,1.0534005,in backpack,cyclo cross,False,mixed,mixed
3e85a4d9-b7a7-47ef-b901-d8b355d1a83b,de984076-899d-435f-97d5-d3a7d9e4fe10,696b0be7-4e28-4fd1-97ad-9943ba47692b,1626017552923,13.4643658,52.4704712,6.226907,-0.39669418,1.885792,0.57925725,in backpack,cyclo cross,False,mixed,mixed
3e85a4d9-b7a7-47ef-b901-d8b355d1a83b,de984076-899d-435f-97d5-d3a7d9e4fe10,934d99be-52ca-4d03-9c80-fb1422d1c82f,1626017552974,13.4643011,52.4704996,6.190059,-0.8678417,0.8607011,1.2753925,in backpack,cyclo cross,False,mixed,mixed
3e85a4d9-b7a7-47ef-b901-d8b355d1a83b,de984076-899d-435f-97d5-d3a7d9e4fe10,2898af32-0dbe-4908-b767-79d4fd06d7e1,1626017553025,13.4643011,52.4704996,6.190059,2.004818,-3.6542273,0.86934066,in backpack,cyclo cross,False,mixed,mixed
3e85a4d9-b7a7-47ef-b901-d8b355d1a83b,de984076-899d-435f-97d5-d3a7d9e4fe10,beecb9e2-2616-42bd-8611-c1003c794c9f,1626017553931,13.4643011,52.4704996,6.190059,2.6200814,-5.1827188,-0.5036435,in backpack,cyclo cross,False,mixed,mixed
3e85a4d9-b7a7-47ef-b901-d8b355d1a83b,de984076-899d-435f-97d5-d3a7d9e4fe10,747fe7b7-7335-416e-bcb5-28140c179882,1626017553981,13.4642314,52.4705277,6.341234,-0.61973906,-0.020230293,-0.6061883,in backpack,cyclo cross,False,mixed,mixed
3e85a4d9-b7a7-47ef-b901-d8b355d1a83b,de984076-899d-435f-97d5-d3a7d9e4fe10,3e269d1e-77e7-4d9c-9683-bab6e69df6c2,1626017554030,13.4642314,52.4705277,6.341234,-1.0383172,1.1027474,0.59095263,in backpack,cyclo cross,False,mixed,mixed
3e85a4d9-b7a7-47ef-b901-d8b355d1a83b,de984076-899d-435f-97d5-d3a7d9e4fe10,45497b31-6ef8-4fad-956d-dd08202ef793,1626017554081,13.4642314,52.4705277,6.341234,-0.64030695,1.3231764,0.24924779,in backpack,cyclo cross,False,mixed,mixed
3e85a4d9-b7a7-47ef-b901-d8b355d1a83b,de984076-899d-435f-97d5-d3a7d9e4fe10,965a5cc3-17b0-4eb7-8ee0-196677dbecbc,1626017554928,13.4642314,52.4705277,6.341234,-0.64030695,1.3231764,0.24924779,in backpack,cyclo cross,False,mixed,mixed
3e85a4d9-b7a7-47ef-b901-d8b355d1a83b,de984076-899d-435f-97d5-d3a7d9e4fe10,b2575612-0ca4-4fb4-82ee-2c589cb2c632,1626017554977,13.4642314,52.4705277,6.341234,0.65385103,-0.96609926,-0.23939896,in backpack,cyclo cross,False,mixed,mixed
3e85a4d9-b7a7-47ef-b901-d8b355d1a83b,de984076-899d-435f-97d5-d3a7d9e4fe10,b5afbcac-55bd-4aeb-a127-5d803210c6a2,1626017555028,13.4641528,52.4705584,6.6230164,-0.4906268,-0.2124672,-0.7121086,in backpack,cyclo cross,False,mixed,mixed
3e85a4d9-b7a7-47ef-b901-d8b355d1a83b,de984076-899d-435f-97d5-d3a7d9e4fe10,8b8d5c1a-4f3f-4887-a618-57b55d4e3c54,1626017555078,13.4641528,52.4705584,6.6230164,0.06788921,0.84596395,-0.72954464,in backpack,cyclo cross,False,mixed,mixed
3e85a4d9-b7a7-47ef-b901-d8b355d1a83b,de984076-899d-435f-97d5-d3a7d9e4fe10,85f503fc-3f82-4c6b-a169-3840814faecc,1626017555925,13.4641528,52.4705584,6.6230164,0.06788921,0.84596395,-0.72954464,in backpack,cyclo cross,False,mixed,mixed
3e85a4d9-b7a7-47ef-b901-d8b355d1a83b,de984076-899d-435f-97d5-d3a7d9e4fe10,cf6547db-ad76-46b5-aeaf-be618f74c4c9,1626017555978,13.4640751,52.470592,6.809572,0.90252304,-0.16444635,0.58064246,in backpack,cyclo cross,False,mixed,mixed
3e85a4d9-b7a7-47ef-b901-d8b355d1a83b,de984076-899d-435f-97d5-d3a7d9e4fe10,5e8ce1f7-8ac5-46d5-9138-15c24ef8efb9,1626017556027,13.4640751,52.470592,6.809572,-0.5998931,0.32694864,0.8186786,in backpack,cyclo cross,False,mixed,mixed
3e85a4d9-b7a7-47ef-b901-d8b355d1a83b,de984076-899d-435f-97d5-d3a7d9e4fe10,51d73f64-19e8-41e4-8dc8-c0f90d8c73bb,1626017556944,13.4640751,52.470592,6.809572,-0.18990278,-0.75988865,-0.90151024,in backpack,cyclo cross,False,mixed,mixed
3e85a4d9-b7a7-47ef-b901-d8b355d1a83b,de984076-899d-435f-97d5-d3a7d9e4fe10,5e6ba551-7daa-4e3c-9623-37b6cd8525b3,1626017556998,13.4640751,52.470592,6.809572,-0.23588943,1.2483835,-0.015954494,in backpack,cyclo cross,False,mixed,mixed
3e85a4d9-b7a7-47ef-b901-d8b355d1a83b,de984076-899d-435f-97d5-d3a7d9e4fe10,c3b23115-b6e0-42dd-b4d6-f19976e26e2c,1626017557048,13.4639897,52.4706269,6.9216228,0.95105314,-2.093544,-1.9877572,in backpack,cyclo cross,False,mixed,mixed
3e85a4d9-b7a7-47ef-b901-d8b355d1a83b,de984076-899d-435f-97d5-d3a7d9e4fe10,ac3877b1-2c4a-4903-9d43-dfa3e3acfe7a,1626017557928,13.4639897,52.4706269,6.9216228,0.41779613,-3.4257612,-0.7848482,in backpack,cyclo cross,False,mixed,mixed
3e85a4d9-b7a7-47ef-b901-d8b355d1a83b,de984076-899d-435f-97d5-d3a7d9e4fe10,0793ff3a-e0b2-49b7-9d42-4f0f2bd4a26d,1626017557977,13.4638992,52.470657,7.484464,1.9072413,-0.5249381,-0.1125474,in backpack,cyclo cross,False,mixed,mixed
3e85a4d9-b7a7-47ef-b901-d8b355d1a83b,de984076-899d-435f-97d5-d3a7d9e4fe10,96c17aef-365b-4992-8a30-4c5c776d7649,1626017558027,13.4638992,52.470657,7.484464,2.1779566,-1.846592,-1.5694594,in backpack,cyclo cross,False,mixed,mixed
3e85a4d9-b7a7-47ef-b901-d8b355d1a83b,de984076-899d-435f-97d5-d3a7d9e4fe10,a58af2e7-3ade-42ce-94f6-1c57e2f008da,1626017558765,13.4638992,52.470657,7.484464,-0.6696758,0.66318846,-1.2544737,in backpack,cyclo cross,False,mixed,mixed
3e85a4d9-b7a7-47ef-b901-d8b355d1a83b,de984076-899d-435f-97d5-d3a7d9e4fe10,33ba2db2-db6a-4976-a7d9-b0e340d9aa84,1626017558815,13.4638992,52.470657,7.484464,-1.5855675,1.568172,0.3481834,in backpack,cyclo cross,False,mixed,mixed
3e85a4d9-b7a7-47ef-b901-d8b355d1a83b,de984076-899d-435f-97d5-d3a7d9e4fe10,727ea434-e075-4af6-b221-7aad93c3e145,1626017558865,13.4638992,52.470657,7.484464,-0.30957556,1.8730543,0.28568268,in backpack,cyclo cross,False,mixed,mixed
3e85a4d9-b7a7-47ef-b901-d8b355d1a83b,de984076-899d-435f-97d5-d3a7d9e4fe10,fa8c16c2-529c-42f4-bbb6-c7559d07b958,1626017558917,13.4638992,52.470657,7.484464,0.35055637,0.8824525,0.14097595,in backpack,cyclo cross,False,mixed,mixed
3e85a4d9-b7a7-47ef-b901-d8b355d1a83b,de984076-899d-435f-97d5-d3a7d9e4fe10,d879554e-13d3-4574-be5a-655944b1927f,1626017558967,13.4638992,52.470657,7.484464,0.35055637,0.8824525,0.14097595,in backpack,cyclo cross,False,mixed,mixed
3e85a4d9-b7a7-47ef-b901-d8b355d1a83b,de984076-899d-435f-97d5-d3a7d9e4fe10,ef287f2e-3d75-4cec-a749-e2bf82966217,1626017559017,13.4638024,52.4706919,7.215262,0.36897755,-0.61220074,0.8278389,in backpack,cyclo cross,False,mixed,mixed
3e85a4d9-b7a7-47ef-b901-d8b355d1a83b,de984076-899d-435f-97d5-d3a7d9e4fe10,206c2ab8-b9b4-43e6-b42d-c8db06795e46,1626017559067,13.4638024,52.4706919,7.215262,-0.61374855,-0.14291668,-0.3698287,in backpack,cyclo cross,False,mixed,mixed
3e85a4d9-b7a7-47ef-b901-d8b355d1a83b,de984076-899d-435f-97d5-d3a7d9e4fe10,c75056b9-87cc-4b33-8800-5dccc494c98d,1626017559116,13.4638024,52.4706919,7.215262,-0.03616047,0.50461626,-1.3158951,in backpack,cyclo cross,False,mixed,mixed
3e85a4d9-b7a7-47ef-b901-d8b355d1a83b,de984076-899d-435f-97d5-d3a7d9e4fe10,143d86b4-02e0-4c82-a476-7d338e9a658a,1626017559166,13.4638024,52.4706919,7.215262,-0.07372761,1.2566485,-0.22671986,in backpack,cyclo cross,False,mixed,mixed
3e85a4d9-b7a7-47ef-b901-d8b355d1a83b,de984076-899d-435f-97d5-d3a7d9e4fe10,163db89f-0c61-43f6-8a5f-bd19ccacc05b,1626017559933,13.4638024,52.4706919,7.215262,-0.07766676,1.0206504,-0.04291725,in backpack,cyclo cross,False,mixed,mixed
3e85a4d9-b7a7-47ef-b901-d8b355d1a83b,de984076-899d-435f-97d5-d3a7d9e4fe10,d6addb0e-c359-4223-befc-87a83d67fb0a,1626017559983,13.4637081,52.4707348,7.2105007,-0.9707632,-0.3416319,0.24241257,in backpack,cyclo cross,False,mixed,mixed
3e85a4d9-b7a7-47ef-b901-d8b355d1a83b,de984076-899d-435f-97d5-d3a7d9e4fe10,793a2fe4-aff4-4e95-a06f-e481327bfa18,1626017560035,13.4637081,52.4707348,7.2105007,1.6523209,-1.7279263,0.0912838,in backpack,cyclo cross,False,mixed,mixed
3e85a4d9-b7a7-47ef-b901-d8b355d1a83b,de984076-899d-435f-97d5-d3a7d9e4fe10,3e1cd574-7b24-4187-9985-7ac9b62bd993,1626017560928,13.4637081,52.4707348,7.2105007,2.0650272,0.0691762,-0.19282961,in backpack,cyclo cross,False,mixed,mixed
3e85a4d9-b7a7-47ef-b901-d8b355d1a83b,de984076-899d-435f-97d5-d3a7d9e4fe10,ee0a169c-1c1c-4517-a0fb-3159b9869360,1626017560978,13.4637081,52.4707348,7.2105007,-0.5567255,0.8607278,0.5000634,in backpack,cyclo cross,False,mixed,mixed
3e85a4d9-b7a7-47ef-b901-d8b355d1a83b,de984076-899d-435f-97d5-d3a7d9e4fe10,2f5e6fec-6cec-495a-b348-6b62fd5a0536,1626017561028,13.4636168,52.4707728,6.8906817,-0.15920162,0.74114084,0.18409824,in backpack,cyclo cross,False,mixed,mixed
3e85a4d9-b7a7-47ef-b901-d8b355d1a83b,de984076-899d-435f-97d5-d3a7d9e4fe10,f1be86ed-81e9-4d46-aad8-8d7401c21ceb,1626017561478,13.4636168,52.4707728,6.8906817,0.5725236,-0.61531067,0.38917947,in backpack,cyclo cross,False,mixed,mixed
3e85a4d9-b7a7-47ef-b901-d8b355d1a83b,de984076-899d-435f-97d5-d3a7d9e4fe10,9055eb0d-2206-4d12-9567-5651ef8c6ab7,1626017561530,13.4636168,52.4707728,6.8906817,1.0889874,0.25348043,-7.548212,in backpack,cyclo cross,False,mixed,mixed
3e85a4d9-b7a7-47ef-b901-d8b355d1a83b,de984076-899d-435f-97d5-d3a7d9e4fe10,5f6f1e08-4ddd-40e0-8430-b0ee5de57eac,1626017561580,13.4636168,52.4707728,6.8906817,0.9016347,1.2773972,0.7724185,in backpack,cyclo cross,False,mixed,mixed
3e85a4d9-b7a7-47ef-b901-d8b355d1a83b,de984076-899d-435f-97d5-d3a7d9e4fe10,f504bfa1-c0e3-4f12-82f6-2e41a9c4fe05,1626017561935,13.4636168,52.4707728,6.8906817,-0.72251844,0.40207815,0.39495897,in backpack,cyclo cross,False,mixed,mixed
3e85a4d9-b7a7-47ef-b901-d8b355d1a83b,de984076-899d-435f-97d5-d3a7d9e4fe10,dd0add97-338f-497d-8cb9-1744e41e9198,1626017561984,13.4636168,52.4707728,6.8906817,-1.1720402,1.6541774,1.0445969,in backpack,cyclo cross,False,mixed,mixed
3e85a4d9-b7a7-47ef-b901-d8b355d1a83b,de984076-899d-435f-97d5-d3a7d9e4fe10,5fdb0293-2faa-45c3-a8d5-56f599b9359c,1626017562034,13.4635263,52.4708041,6.6591806,-1.5939157,0.174891,0.18209648,in backpack,cyclo cross,False,mixed,mixed
3e85a4d9-b7a7-47ef-b901-d8b355d1a83b,de984076-899d-435f-97d5-d3a7d9e4fe10,6bc051d6-8cda-4097-9cd0-30b7a1e6eb15,1626017562085,13.4635263,52.4708041,6.6591806,-1.3617644,0.20591164,0.19203949,in backpack,cyclo cross,False,mixed,mixed
3e85a4d9-b7a7-47ef-b901-d8b355d1a83b,de984076-899d-435f-97d5-d3a7d9e4fe10,d8da95ed-1452-492a-bbd0-b00c89bc68a2,1626017562933,13.4635263,52.4708041,6.6591806,-1.3617644,0.20591164,0.19203949,in backpack,cyclo cross,False,mixed,mixed
3e85a4d9-b7a7-47ef-b901-d8b355d1a83b,de984076-899d-435f-97d5-d3a7d9e4fe10,0e13c4e8-9463-4ef3-a427-fa74c2c57e03,1626017562982,13.4634202,52.4708304,7.895959,-0.6095257,-0.0044465065,0.22884655,in backpack,cyclo cross,False,mixed,mixed
3e85a4d9-b7a7-47ef-b901-d8b355d1a83b,de984076-899d-435f-97d5-d3a7d9e4fe10,a2b706bd-bb26-48f0-bb67-b0026b817259,1626017563032,13.4634202,52.4708304,7.895959,-1.8386428,1.5087428,1.4626567,in backpack,cyclo cross,False,mixed,mixed
3e85a4d9-b7a7-47ef-b901-d8b355d1a83b,de984076-899d-435f-97d5-d3a7d9e4fe10,70a1fe9e-0983-47c5-b05e-aaf64c1858f1,1626017563082,13.4634202,52.4708304,7.895959,-1.0166984,1.6577082,1.6421988,in backpack,cyclo cross,False,mixed,mixed
3e85a4d9-b7a7-47ef-b901-d8b355d1a83b,de984076-899d-435f-97d5-d3a7d9e4fe10,cc7cf026-0ba0-4f44-897d-08f606737d0d,1626017563932,13.4634202,52.4708304,7.895959,-1.0166984,1.6577082,1.6421988,in backpack,cyclo cross,False,mixed,mixed
3e85a4d9-b7a7-47ef-b901-d8b355d1a83b,de984076-899d-435f-97d5-d3a7d9e4fe10,55988017-b4db-486c-9746-e71445c2faeb,1626017563983,13.4633068,52.4708637,7.6838584,-0.79828405,0.8314409,-0.029804707,in backpack,cyclo cross,False,mixed,mixed
3e85a4d9-b7a7-47ef-b901-d8b355d1a83b,de984076-899d-435f-97d5-d3a7d9e4fe10,670e9e2d-8f1f-4312-8696-069e6ff56a0d,1626017564032,13.4633068,52.4708637,7.6838584,-1.5660179,-0.029171467,0.59883666,in backpack,cyclo cross,False,mixed,mixed
3e85a4d9-b7a7-47ef-b901-d8b355d1a83b,de984076-899d-435f-97d5-d3a7d9e4fe10,52df3bee-586d-48d1-add0-afa9b8d8846a,1626017564925,13.4633068,52.4708637,7.6838584,-2.2807953,-0.09500313,0.17466068,in backpack,cyclo cross,False,mixed,mixed
3e85a4d9-b7a7-47ef-b901-d8b355d1a83b,de984076-899d-435f-97d5-d3a7d9e4fe10,6d0e1075-38c8-4b35-b4bf-a489aee173a6,1626017564975,13.4631993,52.4708942,8.048128,-1.6279986,1.3329811,0.36280608,in backpack,cyclo cross,False,mixed,mixed
3e85a4d9-b7a7-47ef-b901-d8b355d1a83b,de984076-899d-435f-97d5-d3a7d9e4fe10,4736e605-6df4-4d73-98e1-f0893223844e,1626017565026,13.4631993,52.4708942,8.048128,-0.6066623,2.1748195,-0.19469476,in backpack,cyclo cross,False,mixed,mixed
3e85a4d9-b7a7-47ef-b901-d8b355d1a83b,de984076-899d-435f-97d5-d3a7d9e4fe10,9d580a23-a050-48af-a099-37cc82597873,1626017565077,13.4631993,52.4708942,8.048128,0.45236015,1.1822824,0.22663593,in backpack,cyclo cross,False,mixed,mixed
3e85a4d9-b7a7-47ef-b901-d8b355d1a83b,de984076-899d-435f-97d5-d3a7d9e4fe10,1761854f-267f-4ff2-9cea-fa96fc60ab02,1626017565917,13.4631993,52.4708942,8.048128,0.45236015,1.1822824,0.22663593,in backpack,cyclo cross,False,mixed,mixed
3e85a4d9-b7a7-47ef-b901-d8b355d1a83b,de984076-899d-435f-97d5-d3a7d9e4fe10,6ea3c6c6-db4c-494f-aecf-6479485bc278,1626017565969,13.4630873,52.4709255,8.121988,-1.0179887,-0.059031963,-3.7968588,in backpack,cyclo cross,False,mixed,mixed
3e85a4d9-b7a7-47ef-b901-d8b355d1a83b,de984076-899d-435f-97d5-d3a7d9e4fe10,a2026602-c4b4-4b6c-837c-5e4d4be283ee,1626017566019,13.4630873,52.4709255,8.121988,-1.0623226,-0.80588007,0.24891067,in backpack,cyclo cross,False,mixed,mixed
3e85a4d9-b7a7-47ef-b901-d8b355d1a83b,de984076-899d-435f-97d5-d3a7d9e4fe10,73466902-82fb-48aa-a876-c28f6877b3eb,1626017566925,13.4630873,52.4709255,8.121988,-1.1730471,-1.242404,0.56601596,in backpack,cyclo cross,False,mixed,mixed
3e85a4d9-b7a7-47ef-b901-d8b355d1a83b,de984076-899d-435f-97d5-d3a7d9e4fe10,677e4e2f-6519-4304-aaa9-c27a1887b281,1626017566974,13.4630873,52.4709255,8.121988,-0.045928,0.9270239,-0.19157267,in backpack,cyclo cross,False,mixed,mixed
3e85a4d9-b7a7-47ef-b901-d8b355d1a83b,de984076-899d-435f-97d5-d3a7d9e4fe10,dd4ce32f-ca88-4044-a5ad-bbda1943fbae,1626017567024,13.462969,52.4709529,8.278653,1.982739,-1.0866346,0.14346933,in backpack,cyclo cross,False,mixed,mixed
3e85a4d9-b7a7-47ef-b901-d8b355d1a83b,de984076-899d-435f-97d5-d3a7d9e4fe10,93f47280-bc77-48f6-814a-26f069fccd26,1626017567074,13.462969,52.4709529,8.278653,1.7551441,0.5880575,0.8838875,in backpack,cyclo cross,False,mixed,mixed
3e85a4d9-b7a7-47ef-b901-d8b355d1a83b,de984076-899d-435f-97d5-d3a7d9e4fe10,579bcca6-a0ff-4288-b37e-2581deb1839d,1626017567923,13.462969,52.4709529,8.278653,1.7551441,0.5880575,0.8838875,in backpack,cyclo cross,False,mixed,mixed
3e85a4d9-b7a7-47ef-b901-d8b355d1a83b,de984076-899d-435f-97d5-d3a7d9e4fe10,bcbd1da3-42bc-4416-a7a9-dc2fe4f9de25,1626017567976,13.4628553,52.4709784,8.098596,0.5592723,-1.600008,0.07723713,in backpack,cyclo cross,False,mixed,mixed
3e85a4d9-b7a7-47ef-b901-d8b355d1a83b,de984076-899d-435f-97d5-d3a7d9e4fe10,5a054434-d794-4ae0-800c-afcc5f0f0c42,1626017568027,13.4628553,52.4709784,8.098596,2.3607345,-1.3291683,0.6384437,in backpack,cyclo cross,False,mixed,mixed
3e85a4d9-b7a7-47ef-b901-d8b355d1a83b,de984076-899d-435f-97d5-d3a7d9e4fe10,cf7e9c40-37ee-4910-b476-cb6882678cc3,1626017568933,13.4628553,52.4709784,8.098596,2.2183027,-0.6674452,0.5187075,in backpack,cyclo cross,False,mixed,mixed
3e85a4d9-b7a7-47ef-b901-d8b355d1a83b,de984076-899d-435f-97d5-d3a7d9e4fe10,8371bbe2-9186-45ee-92b1-ab7a8f78c9eb,1626017568983,13.4627412,52.4710026,8.114327,1.670496,-0.31666088,0.91408205,in backpack,cyclo cross,False,mixed,mixed
3e85a4d9-b7a7-47ef-b901-d8b355d1a83b,de984076-899d-435f-97d5-d3a7d9e4fe10,7677bc61-c23b-4285-bec2-071c02efe99c,1626017569033,13.4627412,52.4710026,8.114327,0.7523098,-2.076899,0.18985796,in backpack,cyclo cross,False,mixed,mixed
3e85a4d9-b7a7-47ef-b901-d8b355d1a83b,de984076-899d-435f-97d5-d3a7d9e4fe10,04c59c4a-ffed-4a7d-8b02-15b30fa1e6c3,1626017569083,13.4627412,52.4710026,8.114327,0.5905762,-2.123448,-0.88001347,in backpack,cyclo cross,False,mixed,mixed
3e85a4d9-b7a7-47ef-b901-d8b355d1a83b,de984076-899d-435f-97d5-d3a7d9e4fe10,df21ef37-a03d-4902-a344-576a909ef02c,1626017569923,13.4627412,52.4710026,8.114327,0.5905762,-2.123448,-0.88001347,in backpack,cyclo cross,False,mixed,mixed
3e85a4d9-b7a7-47ef-b901-d8b355d1a83b,de984076-899d-435f-97d5-d3a7d9e4fe10,966c71ea-bbed-480a-9cde-3a6f14fbf29c,1626017569973,13.4627412,52.4710026,8.114327,0.52587366,-1.6155486,-0.09664297,in backpack,cyclo cross,False,mixed,mixed
3e85a4d9-b7a7-47ef-b901-d8b355d1a83b,de984076-899d-435f-97d5-d3a7d9e4fe10,0904fd78-8092-45f0-9a26-15221256e8f5,1626017570023,13.4626376,52.4710411,8.259548,0.8042531,-0.8461261,-1.0319729,in backpack,cyclo cross,False,mixed,mixed
3e85a4d9-b7a7-47ef-b901-d8b355d1a83b,de984076-899d-435f-97d5-d3a7d9e4fe10,5de31efb-51b1-4f4a-b5cb-a89af16f2324,1626017570074,13.4626376,52.4710411,8.259548,0.18899393,0.08255482,-0.7013221,in backpack,cyclo cross,False,mixed,mixed
3e85a4d9-b7a7-47ef-b901-d8b355d1a83b,de984076-899d-435f-97d5-d3a7d9e4fe10,86d30fb5-1103-45f5-bd8b-300eb640ac5c,1626017570959,13.4626376,52.4710411,8.259548,0.18899393,0.08255482,-0.7013221,in backpack,cyclo cross,False,mixed,mixed
3e85a4d9-b7a7-47ef-b901-d8b355d1a83b,de984076-899d-435f-97d5-d3a7d9e4fe10,2bcf0199-aafd-4c05-9504-38fee4e4a8c3,1626017571008,13.4626376,52.4710411,8.259548,-1.0271301,0.4928317,-0.09392643,in backpack,cyclo cross,False,mixed,mixed
3e85a4d9-b7a7-47ef-b901-d8b355d1a83b,de984076-899d-435f-97d5-d3a7d9e4fe10,97595bf5-bf1f-4622-85dd-0eee0e929736,1626017571058,13.4625342,52.4710844,8.086423,-1.9886014,2.0432177,0.73248386,in backpack,cyclo cross,False,mixed,mixed
3e85a4d9-b7a7-47ef-b901-d8b355d1a83b,de984076-899d-435f-97d5-d3a7d9e4fe10,5b933a31-55d5-47a7-b23c-ddf7760e77dd,1626017571107,13.4625342,52.4710844,8.086423,-2.2646327,1.4630704,0.45169687,in backpack,cyclo cross,False,mixed,mixed
3e85a4d9-b7a7-47ef-b901-d8b355d1a83b,de984076-899d-435f-97d5-d3a7d9e4fe10,465de946-9e92-49cd-ac78-284fde308377,1626017571925,13.4625342,52.4710844,8.086423,-2.2646327,1.4630704,0.45169687,in backpack,cyclo cross,False,mixed,mixed
3e85a4d9-b7a7-47ef-b901-d8b355d1a83b,de984076-899d-435f-97d5-d3a7d9e4fe10,f0e7d0ac-971a-4d39-a02e-1202b255b71d,1626017571977,13.4624259,52.4711171,8.499844,-2.2067971,1.5602226,1.0603802,in backpack,cyclo cross,False,mixed,mixed
3e85a4d9-b7a7-47ef-b901-d8b355d1a83b,de984076-899d-435f-97d5-d3a7d9e4fe10,f404a36a-fb24-4b35-9963-4cbd4df86865,1626017572027,13.4624259,52.4711171,8.499844,-1.5091908,2.0382671,0.5829787,in backpack,cyclo cross,False,mixed,mixed
3e85a4d9-b7a7-47ef-b901-d8b355d1a83b,de984076-899d-435f-97d5-d3a7d9e4fe10,b11ddaf2-6f24-4476-9bf2-ae8ad5821f00,1626017572077,13.4624259,52.4711171,8.499844,0.48758268,1.0378442,0.49645257,in backpack,cyclo cross,False,mixed,mixed
3e85a4d9-b7a7-47ef-b901-d8b355d1a83b,de984076-899d-435f-97d5-d3a7d9e4fe10,9859c50e-3582-43e7-8893-f37b75ac98d5,1626017572928,13.4624259,52.4711171,8.499844,0.48758268,1.0378442,0.49645257,in backpack,cyclo cross,False,mixed,mixed
3e85a4d9-b7a7-47ef-b901-d8b355d1a83b,de984076-899d-435f-97d5-d3a7d9e4fe10,1a54c633-8337-4cf4-a9b7-aea3a3504c6e,1626017572981,13.4624259,52.4711171,8.499844,-0.845778,1.2777352,0.3071699,in backpack,cyclo cross,False,mixed,mixed
3e85a4d9-b7a7-47ef-b901-d8b355d1a83b,de984076-899d-435f-97d5-d3a7d9e4fe10,01719bd9-aa31-4e99-8c65-547035d3f569,1626017573031,13.4623085,52.4711488,8.285371,-1.3607917,-1.2555099,0.17640638,in backpack,cyclo cross,False,mixed,mixed
3e85a4d9-b7a7-47ef-b901-d8b355d1a83b,de984076-899d-435f-97d5-d3a7d9e4fe10,12d87e4c-52d7-44ef-9f48-44ea9cdadf6b,1626017573081,13.4623085,52.4711488,8.285371,-1.7163336,-2.198113,0.5505426,in backpack,cyclo cross,False,mixed,mixed
3e85a4d9-b7a7-47ef-b901-d8b355d1a83b,de984076-899d-435f-97d5-d3a7d9e4fe10,0e4303a0-2e2d-4172-875e-fb77b1b78ae6,1626017573923,13.4623085,52.4711488,8.285371,-1.7163336,-2.198113,0.5505426,in backpack,cyclo cross,False,mixed,mixed
3e85a4d9-b7a7-47ef-b901-d8b355d1a83b,de984076-899d-435f-97d5-d3a7d9e4fe10,f6fdf350-42c6-4798-ae06-534e067fa9c8,1626017573974,13.4623085,52.4711488,8.285371,-1.29704,0.43451357,0.6319392,in backpack,cyclo cross,False,mixed,mixed
3e85a4d9-b7a7-47ef-b901-d8b355d1a83b,de984076-899d-435f-97d5-d3a7d9e4fe10,ceff2cc8-a5b7-48b5-a406-fa1c6fdb67aa,1626017574024,13.4621948,52.4711802,8.408322,0.38922977,1.9363828,0.49902987,in backpack,cyclo cross,False,mixed,mixed
3e85a4d9-b7a7-47ef-b901-d8b355d1a83b,de984076-899d-435f-97d5-d3a7d9e4fe10,de8a1ffa-8b59-4256-a3b4-70920c13d0ed,1626017574073,13.4621948,52.4711802,8.408322,0.48197365,1.1424599,1.2330081,in backpack,cyclo cross,False,mixed,mixed
3e85a4d9-b7a7-47ef-b901-d8b355d1a83b,de984076-899d-435f-97d5-d3a7d9e4fe10,003e5580-251b-411a-a105-a379fd4b880d,1626017574928,13.4621948,52.4711802,8.408322,0.48197365,1.1424599,1.2330081,in backpack,cyclo cross,False,mixed,mixed
3e85a4d9-b7a7-47ef-b901-d8b355d1a83b,de984076-899d-435f-97d5-d3a7d9e4fe10,9e980bf9-8b32-4b28-8e25-617b3344959c,1626017574979,13.4621948,52.4711802,8.408322,-0.47701168,2.3934715,0.7430904,in backpack,cyclo cross,False,mixed,mixed
3e85a4d9-b7a7-47ef-b901-d8b355d1a83b,de984076-899d-435f-97d5-d3a7d9e4fe10,d1e3a1ad-872c-41f3-9124-9e0805e6f76f,1626017575029,13.4620812,52.4712133,8.595084,-1.4499881,0.9013772,0.107768536,in backpack,cyclo cross,False,mixed,mixed
3e85a4d9-b7a7-47ef-b901-d8b355d1a83b,de984076-899d-435f-97d5-d3a7d9e4fe10,5c819e45-0c5b-4455-8876-b75503d6010c,1626017575169,13.4620812,52.4712133,8.595084,-2.143462,-0.0632596,0.18124294,in backpack,cyclo cross,False,mixed,mixed
3e85a4d9-b7a7-47ef-b901-d8b355d1a83b,de984076-899d-435f-97d5-d3a7d9e4fe10,b19babcd-51a4-4088-8abc-73e45beefd53,1626017575219,13.4620812,52.4712133,8.595084,1.0593987,-0.44914818,-1.3333144,in backpack,cyclo cross,False,mixed,mixed
3e85a4d9-b7a7-47ef-b901-d8b355d1a83b,de984076-899d-435f-97d5-d3a7d9e4fe10,8250dbf0-6572-4f57-8a48-631ed52201e6,1626017575269,13.4620812,52.4712133,8.595084,0.1856842,-0.22394133,-1.1432886,in backpack,cyclo cross,False,mixed,mixed
3e85a4d9-b7a7-47ef-b901-d8b355d1a83b,de984076-899d-435f-97d5-d3a7d9e4fe10,4999d2d9-ea3c-4d80-a0d8-c0ee45311eca,1626017575319,13.4620812,52.4712133,8.595084,-2.714702,1.3610859,0.7004776,in backpack,cyclo cross,False,mixed,mixed
3e85a4d9-b7a7-47ef-b901-d8b355d1a83b,de984076-899d-435f-97d5-d3a7d9e4fe10,b3dd9403-2307-4521-9fe0-80ffd3dc6d05,1626017575369,13.4620812,52.4712133,8.595084,-0.7257414,2.0774689,0.20640755,in backpack,cyclo cross,False,mixed,mixed
3e85a4d9-b7a7-47ef-b901-d8b355d1a83b,de984076-899d-435f-97d5-d3a7d9e4fe10,b90868d9-4c08-4ff7-bc4f-1d7d35aca4e5,1626017575420,13.4620812,52.4712133,8.595084,0.73601484,-0.5748682,0.95773315,in backpack,cyclo cross,False,mixed,mixed
3e85a4d9-b7a7-47ef-b901-d8b355d1a83b,de984076-899d-435f-97d5-d3a7d9e4fe10,f09cca52-424e-49f3-96fb-c3d2d2b9b7fe,1626017575470,13.4620812,52.4712133,8.595084,1.758254,-0.8185034,0.77032685,in backpack,cyclo cross,False,mixed,mixed
3e85a4d9-b7a7-47ef-b901-d8b355d1a83b,de984076-899d-435f-97d5-d3a7d9e4fe10,76c96620-97ca-4b56-b668-637ab3222077,1626017575521,13.4620812,52.4712133,8.595084,1.0081177,-0.93596125,-0.70576954,in backpack,cyclo cross,False,mixed,mixed
3e85a4d9-b7a7-47ef-b901-d8b355d1a83b,de984076-899d-435f-97d5-d3a7d9e4fe10,98e50134-73ba-4ff9-951a-96bc03d3468f,1626017575571,13.4620812,52.4712133,8.595084,-0.6883979,-0.61004114,-0.9538307,in backpack,cyclo cross,False,mixed,mixed
3e85a4d9-b7a7-47ef-b901-d8b355d1a83b,de984076-899d-435f-97d5-d3a7d9e4fe10,a5e1bb59-bf1a-4845-b7e5-fa097172ef9f,1626017575621,13.4620812,52.4712133,8.595084,-0.33843994,0.93096685,-0.47376823,in backpack,cyclo cross,False,mixed,mixed
3e85a4d9-b7a7-47ef-b901-d8b355d1a83b,de984076-899d-435f-97d5-d3a7d9e4fe10,b2952f74-74aa-4252-9c6d-05384b06165b,1626017575672,13.4620812,52.4712133,8.595084,-0.8006511,2.27538,0.6596899,in backpack,cyclo cross,False,mixed,mixed
3e85a4d9-b7a7-47ef-b901-d8b355d1a83b,de984076-899d-435f-97d5-d3a7d9e4fe10,1fcd9102-d27c-4fdb-a3db-22896fc4c0cd,1626017575722,13.4620812,52.4712133,8.595084,-1.6926491,-1.1872506,0.12884331,in backpack,cyclo cross,False,mixed,mixed
3e85a4d9-b7a7-47ef-b901-d8b355d1a83b,de984076-899d-435f-97d5-d3a7d9e4fe10,fea67df2-8936-4ccb-b522-738713807224,1626017575772,13.4620812,52.4712133,8.595084,-0.9098878,-1.8516889,0.029001713,in backpack,cyclo cross,False,mixed,mixed
3e85a4d9-b7a7-47ef-b901-d8b355d1a83b,de984076-899d-435f-97d5-d3a7d9e4fe10,51597fde-ace7-4298-9dea-4b54fb075a77,1626017575822,13.4620812,52.4712133,8.595084,0.8547988,-0.8393822,0.7994418,in backpack,cyclo cross,False,mixed,mixed
3e85a4d9-b7a7-47ef-b901-d8b355d1a83b,de984076-899d-435f-97d5-d3a7d9e4fe10,23eeee1c-4f52-453a-a1b4-f9ca8ff6b9ec,1626017575872,13.4620812,52.4712133,8.595084,0.45775795,-0.015806198,-0.2601061,in backpack,cyclo cross,False,mixed,mixed
3e85a4d9-b7a7-47ef-b901-d8b355d1a83b,de984076-899d-435f-97d5-d3a7d9e4fe10,95a2e5fd-feb6-40f2-b911-d7362c904c4e,1626017575922,13.461976,52.4712506,8.864406,0.7074342,-0.34963846,-1.5579562,in backpack,cyclo cross,False,mixed,mixed
3e85a4d9-b7a7-47ef-b901-d8b355d1a83b,de984076-899d-435f-97d5-d3a7d9e4fe10,b6cb74e9-0ece-4560-94cc-ce6668a76d8a,1626017575973,13.461976,52.4712506,8.864406,-2.4907837,0.12521648,0.6727271,in backpack,cyclo cross,False,mixed,mixed
3e85a4d9-b7a7-47ef-b901-d8b355d1a83b,de984076-899d-435f-97d5-d3a7d9e4fe10,b76fe6ad-8b9f-4706-a8c1-a857947266d7,1626017576024,13.461976,52.4712506,8.864406,-1.4609885,1.5405316,0.35812855,in backpack,cyclo cross,False,mixed,mixed
3e85a4d9-b7a7-47ef-b901-d8b355d1a83b,de984076-899d-435f-97d5-d3a7d9e4fe10,ae94b67c-00aa-4722-a26b-affd574733d0,1626017576074,13.461976,52.4712506,8.864406,1.0884342,-0.20213604,0.9682815,in backpack,cyclo cross,False,mixed,mixed
3e85a4d9-b7a7-47ef-b901-d8b355d1a83b,de984076-899d-435f-97d5-d3a7d9e4fe10,1b1dfead-f7b3-40b8-9524-116958e8a170,1626017576124,13.461976,52.4712506,8.864406,3.0761023,-0.5560379,0.88620305,in backpack,cyclo cross,False,mixed,mixed
3e85a4d9-b7a7-47ef-b901-d8b355d1a83b,de984076-899d-435f-97d5-d3a7d9e4fe10,5ff15809-09c2-449a-99ad-be3169415929,1626017576174,13.461976,52.4712506,8.864406,0.26582193,-1.1956477,0.29431105,in backpack,cyclo cross,False,mixed,mixed
3e85a4d9-b7a7-47ef-b901-d8b355d1a83b,de984076-899d-435f-97d5-d3a7d9e4fe10,06cff299-2538-42c0-9e0f-31dedb7de3ba,1626017576224,13.461976,52.4712506,8.864406,-1.226057,-1.8075147,-1.6907268,in backpack,cyclo cross,False,mixed,mixed
3e85a4d9-b7a7-47ef-b901-d8b355d1a83b,de984076-899d-435f-97d5-d3a7d9e4fe10,a857440d-9f1c-4e25-ad2f-784ad684447c,1626017576274,13.461976,52.4712506,8.864406,-0.5544219,-0.33300686,-1.2651358,in backpack,cyclo cross,False,mixed,mixed
3e85a4d9-b7a7-47ef-b901-d8b355d1a83b,de984076-899d-435f-97d5-d3a7d9e4fe10,5d779810-8204-48fa-9c6e-4b054094034b,1626017576325,13.461976,52.4712506,8.864406,-1.2786655,2.5934284,0.20580244,in backpack,cyclo cross,False,mixed,mixed
3e85a4d9-b7a7-47ef-b901-d8b355d1a83b,de984076-899d-435f-97d5-d3a7d9e4fe10,989869a6-3ac7-44a8-b489-886544e1107f,1626017576376,13.461976,52.4712506,8.864406,-1.1724873,-0.6815667,0.13524151,in backpack,cyclo cross,False,mixed,mixed
