bike_activity_uid,bike_activity_sample_uid,bike_activity_measurement,bike_activity_measurement_timestamp,bike_activity_measurement_lon,bike_activity_measurement_lat,bike_activity_measurement_speed,bike_activity_measurement_accelerometer_x,bike_activity_measurement_accelerometer_y,bike_activity_measurement_accelerometer_z,bike_activity_phone_position,bike_activity_bike_type,bike_activity_flagged_lab_conditions,bike_activity_surface_type,bike_activity_smoothness_type
483ee7a5-1d9c-4e43-b635-efe680ae580a,39e595ac-357b-4a53-93dc-a833b942df92,4931b143-e6f4-40a9-a3de-ce6b30f6620b,1643973987794,13.4040225,52.4724738,5.6385045,-1.8210769,0.74460316,-6.091215,on bike mount,cyclo cross,True,paving stones,good
483ee7a5-1d9c-4e43-b635-efe680ae580a,39e595ac-357b-4a53-93dc-a833b942df92,f0d15674-631b-4435-a607-2d67fa67f1da,1643973987847,13.4040225,52.4724738,5.6385045,-0.0748148,0.9925666,3.7969847,on bike mount,cyclo cross,True,paving stones,good
483ee7a5-1d9c-4e43-b635-efe680ae580a,39e595ac-357b-4a53-93dc-a833b942df92,9bdd9dbb-2322-4889-a0d5-285aad3e6368,1643973987897,13.4040225,52.4724738,5.6385045,-0.54591894,0.8469701,-0.9647846,on bike mount,cyclo cross,True,paving stones,good
483ee7a5-1d9c-4e43-b635-efe680ae580a,39e595ac-357b-4a53-93dc-a833b942df92,5617a9c5-ca13-432b-8906-69817c7c0928,1643973987976,13.4040225,52.4724738,5.6385045,1.5557628,6.4122353,-4.2701645,on bike mount,cyclo cross,True,paving stones,good
483ee7a5-1d9c-4e43-b635-efe680ae580a,39e595ac-357b-4a53-93dc-a833b942df92,248c3232-c5e1-4af3-8cd9-7e08a6f34473,1643973988047,13.4040225,52.4724738,5.6385045,1.9638209,3.647977,1.7674322,on bike mount,cyclo cross,True,paving stones,good
483ee7a5-1d9c-4e43-b635-efe680ae580a,39e595ac-357b-4a53-93dc-a833b942df92,31561b6a-0f2f-4d74-a560-20f339b4bc7a,1643973988099,13.4040225,52.4724738,5.6385045,0.9793644,1.91946,2.2579088,on bike mount,cyclo cross,True,paving stones,good
483ee7a5-1d9c-4e43-b635-efe680ae580a,39e595ac-357b-4a53-93dc-a833b942df92,e6f79bb6-93b1-4874-87d8-d0a0944db8ef,1643973988173,13.4040225,52.4724738,5.6385045,-1.2811509,0.9606452,3.0027857,on bike mount,cyclo cross,True,paving stones,good
483ee7a5-1d9c-4e43-b635-efe680ae580a,39e595ac-357b-4a53-93dc-a833b942df92,0da30a7c-8c2f-46d9-a2d7-49891d9b7279,1643973988235,13.4040225,52.4724738,5.6385045,-0.87303615,-1.5468087,2.0118618,on bike mount,cyclo cross,True,paving stones,good
483ee7a5-1d9c-4e43-b635-efe680ae580a,39e595ac-357b-4a53-93dc-a833b942df92,83031d30-8490-442d-9615-d70bd1a05d6a,1643973988303,13.4040225,52.4724738,5.6385045,-1.3928063,-0.52950466,9.003532,on bike mount,cyclo cross,True,paving stones,good
483ee7a5-1d9c-4e43-b635-efe680ae580a,39e595ac-357b-4a53-93dc-a833b942df92,c618e802-3bf3-4eb0-bd53-68145337d887,1643973988376,13.4040225,52.4724738,5.6385045,1.3488722,-3.4001365,6.1013975,on bike mount,cyclo cross,True,paving stones,good
483ee7a5-1d9c-4e43-b635-efe680ae580a,39e595ac-357b-4a53-93dc-a833b942df92,6f8293cf-bbb6-4770-b46f-104bb7f2783b,1643973988443,13.4039429,52.4724714,5.614254,-2.7053368,0.5703988,-1.2207375,on bike mount,cyclo cross,True,paving stones,good
483ee7a5-1d9c-4e43-b635-efe680ae580a,39e595ac-357b-4a53-93dc-a833b942df92,416e9268-9702-48e9-9768-727a74199be5,1643973988503,13.4039429,52.4724714,5.614254,-1.4837804,-0.24105382,5.591964,on bike mount,cyclo cross,True,paving stones,good
483ee7a5-1d9c-4e43-b635-efe680ae580a,39e595ac-357b-4a53-93dc-a833b942df92,b3748df6-9efe-4956-9dc3-03e670982d9d,1643973988576,13.4039429,52.4724714,5.614254,0.070967555,4.1573343,6.789811,on bike mount,cyclo cross,True,paving stones,good
483ee7a5-1d9c-4e43-b635-efe680ae580a,39e595ac-357b-4a53-93dc-a833b942df92,62eeb400-f438-4357-ba85-bd5dc3c60c14,1643973988637,13.4039429,52.4724714,5.614254,-0.87061256,0.94073534,-11.504882,on bike mount,cyclo cross,True,paving stones,good
483ee7a5-1d9c-4e43-b635-efe680ae580a,39e595ac-357b-4a53-93dc-a833b942df92,e20a95e1-3cce-4500-bdb6-2437eab44843,1643973988716,13.4039429,52.4724714,5.614254,0.6755066,3.3091755,-6.128539,on bike mount,cyclo cross,True,paving stones,good
483ee7a5-1d9c-4e43-b635-efe680ae580a,39e595ac-357b-4a53-93dc-a833b942df92,09516d15-4b19-47fe-bb78-650f04c32293,1643973988771,13.4039429,52.4724714,5.614254,-0.28552997,-1.7993345,4.4542046,on bike mount,cyclo cross,True,paving stones,good
483ee7a5-1d9c-4e43-b635-efe680ae580a,39e595ac-357b-4a53-93dc-a833b942df92,df68844f-24c5-4858-b6d0-6ec3d75c64fd,1643973988845,13.4039429,52.4724714,5.614254,0.13741386,-0.0101543665,0.5509558,on bike mount,cyclo cross,True,paving stones,good
483ee7a5-1d9c-4e43-b635-efe680ae580a,39e595ac-357b-4a53-93dc-a833b942df92,c277e3ed-c820-4a8e-ba71-77dc557c7ca5,1643973988901,13.4039429,52.4724714,5.614254,0.12848735,-2.2004611,1.3025398,on bike mount,cyclo cross,True,paving stones,good
483ee7a5-1d9c-4e43-b635-efe680ae580a,39e595ac-357b-4a53-93dc-a833b942df92,83d42338-8dcf-4dbc-9abd-98d83451848d,1643973988967,13.4039429,52.4724714,5.614254,-3.898129,-6.1301813,29.205853,on bike mount,cyclo cross,True,paving stones,good
483ee7a5-1d9c-4e43-b635-efe680ae580a,39e595ac-357b-4a53-93dc-a833b942df92,9cd811a1-3958-47ae-b84d-80c062902fb9,1643973989033,13.4039429,52.4724714,5.614254,-1.0250957,-0.79927266,4.60812,on bike mount,cyclo cross,True,paving stones,good
483ee7a5-1d9c-4e43-b635-efe680ae580a,39e595ac-357b-4a53-93dc-a833b942df92,d3d5f984-acc7-478a-aa7d-3200630ce098,1643973989100,13.4039429,52.4724714,5.614254,-1.6855835,2.0140815,-7.049161,on bike mount,cyclo cross,True,paving stones,good
483ee7a5-1d9c-4e43-b635-efe680ae580a,39e595ac-357b-4a53-93dc-a833b942df92,d2da3c20-b03b-4470-ad79-695e7ee4d718,1643973989152,13.4039429,52.4724714,5.614254,-0.4284284,-5.289448,2.9083214,on bike mount,cyclo cross,True,paving stones,good
483ee7a5-1d9c-4e43-b635-efe680ae580a,39e595ac-357b-4a53-93dc-a833b942df92,ec5b4ebf-6cc0-4890-a4de-341df75a79b0,1643973989215,13.4039429,52.4724714,5.614254,-1.0321634,0.81712484,12.863142,on bike mount,cyclo cross,True,paving stones,good
483ee7a5-1d9c-4e43-b635-efe680ae580a,39e595ac-357b-4a53-93dc-a833b942df92,9f13ced6-edcf-45ec-8184-c3534eea4207,1643973989270,13.4039429,52.4724714,5.614254,-1.3698294,-1.9485136,-6.4031925,on bike mount,cyclo cross,True,paving stones,good
483ee7a5-1d9c-4e43-b635-efe680ae580a,39e595ac-357b-4a53-93dc-a833b942df92,3e958c1b-c83c-4472-bbb3-3e56d4685b53,1643973989320,13.4039429,52.4724714,5.614254,-0.43766665,1.3684063,-0.6347132,on bike mount,cyclo cross,True,paving stones,good
483ee7a5-1d9c-4e43-b635-efe680ae580a,39e595ac-357b-4a53-93dc-a833b942df92,39959465-c12a-4f7f-ba87-9046d35a334d,1643973989371,13.4039429,52.4724714,5.614254,0.1087724,2.3913002,2.6591597,on bike mount,cyclo cross,True,paving stones,good
483ee7a5-1d9c-4e43-b635-efe680ae580a,39e595ac-357b-4a53-93dc-a833b942df92,d8e80258-1239-4d27-b42e-a18883392218,1643973989445,13.4039429,52.4724714,5.614254,-3.4000807,-3.3358278,11.469358,on bike mount,cyclo cross,True,paving stones,good
483ee7a5-1d9c-4e43-b635-efe680ae580a,39e595ac-357b-4a53-93dc-a833b942df92,4c9bb509-0f84-4ca9-b099-e486cccda3c0,1643973989501,13.4038593,52.4724692,5.5770063,-0.9895907,-0.16793513,0.3879118,on bike mount,cyclo cross,True,paving stones,good
483ee7a5-1d9c-4e43-b635-efe680ae580a,39e595ac-357b-4a53-93dc-a833b942df92,26ee8b57-65ed-4af5-b9fc-e1ba036ea6a3,1643973989554,13.4038593,52.4724692,5.5770063,-0.25037646,-1.5134771,-6.0988827,on bike mount,cyclo cross,True,paving stones,good
483ee7a5-1d9c-4e43-b635-efe680ae580a,39e595ac-357b-4a53-93dc-a833b942df92,30281e0b-5b8a-495a-8ae6-bcd5bfed4d8f,1643973989615,13.4038593,52.4724692,5.5770063,0.3378768,0.50932264,-1.1913519,on bike mount,cyclo cross,True,paving stones,good
483ee7a5-1d9c-4e43-b635-efe680ae580a,39e595ac-357b-4a53-93dc-a833b942df92,d726c0bb-e524-47ad-bc63-216651e7ae3e,1643973989669,13.4038593,52.4724692,5.5770063,-1.3370253,-1.2187817,1.2695417,on bike mount,cyclo cross,True,paving stones,good
483ee7a5-1d9c-4e43-b635-efe680ae580a,39e595ac-357b-4a53-93dc-a833b942df92,67b203a4-5da5-498e-9045-86d7fbf56d18,1643973989723,13.4038593,52.4724692,5.5770063,-1.2404331,-0.36727214,-0.8412132,on bike mount,cyclo cross,True,paving stones,good
483ee7a5-1d9c-4e43-b635-efe680ae580a,39e595ac-357b-4a53-93dc-a833b942df92,bdcac802-74b3-4722-9006-f6aaca054417,1643973989798,13.4038593,52.4724692,5.5770063,1.1296649,1.9308515,1.7662706,on bike mount,cyclo cross,True,paving stones,good
483ee7a5-1d9c-4e43-b635-efe680ae580a,39e595ac-357b-4a53-93dc-a833b942df92,53902cca-8152-4179-90d3-ea907c0276af,1643973989869,13.4038593,52.4724692,5.5770063,-0.91017056,-0.77205205,-5.1042004,on bike mount,cyclo cross,True,paving stones,good
483ee7a5-1d9c-4e43-b635-efe680ae580a,39e595ac-357b-4a53-93dc-a833b942df92,56c00e9a-be29-4ba7-b992-ee7a12c3a037,1643973989929,13.4038593,52.4724692,5.5770063,1.1802998,1.9580946,9.218961,on bike mount,cyclo cross,True,paving stones,good
483ee7a5-1d9c-4e43-b635-efe680ae580a,39e595ac-357b-4a53-93dc-a833b942df92,8cd574e7-6fa8-4c24-be39-9a562e080b06,1643973989995,13.4038593,52.4724692,5.5770063,-0.6436057,-0.38183105,1.3390408,on bike mount,cyclo cross,True,paving stones,good
483ee7a5-1d9c-4e43-b635-efe680ae580a,39e595ac-357b-4a53-93dc-a833b942df92,53d18607-7973-43c9-bd7b-fddb30dcae70,1643973990054,13.4038593,52.4724692,5.5770063,-1.6354817,1.3989003,5.919138,on bike mount,cyclo cross,True,paving stones,good
483ee7a5-1d9c-4e43-b635-efe680ae580a,39e595ac-357b-4a53-93dc-a833b942df92,60aec733-84a5-4fee-ad63-2cabc9df966f,1643973990130,13.4038593,52.4724692,5.5770063,-1.5656657,0.9169755,1.4416018,on bike mount,cyclo cross,True,paving stones,good
483ee7a5-1d9c-4e43-b635-efe680ae580a,39e595ac-357b-4a53-93dc-a833b942df92,4e704da8-80f8-4b9a-a815-96e8cafe99b8,1643973990197,13.4038593,52.4724692,5.5770063,-0.20716435,8.179969,-7.7660666,on bike mount,cyclo cross,True,paving stones,good
483ee7a5-1d9c-4e43-b635-efe680ae580a,39e595ac-357b-4a53-93dc-a833b942df92,2d059d2b-7d4a-445e-bae0-c785cda0c0e1,1643973990256,13.4038593,52.4724692,5.5770063,-0.48963597,-1.5950186,5.9426937,on bike mount,cyclo cross,True,paving stones,good
483ee7a5-1d9c-4e43-b635-efe680ae580a,39e595ac-357b-4a53-93dc-a833b942df92,c4432501-3a49-49c6-9fcb-fa466dd6aaf5,1643973990317,13.4038593,52.4724692,5.5770063,1.2849318,10.12339,-6.6743865,on bike mount,cyclo cross,True,paving stones,good
483ee7a5-1d9c-4e43-b635-efe680ae580a,39e595ac-357b-4a53-93dc-a833b942df92,5fa56956-470b-4bcb-883c-6be8a55dd3ac,1643973990386,13.4038593,52.4724692,5.5770063,0.7304559,1.6898038,2.36666,on bike mount,cyclo cross,True,paving stones,good
483ee7a5-1d9c-4e43-b635-efe680ae580a,39e595ac-357b-4a53-93dc-a833b942df92,9fef7f7a-b940-4662-b934-60569a4d4825,1643973990437,13.4037785,52.4724664,5.6015625,1.4642642,3.24822,-2.8480763,on bike mount,cyclo cross,True,paving stones,good
483ee7a5-1d9c-4e43-b635-efe680ae580a,39e595ac-357b-4a53-93dc-a833b942df92,f4d874e1-5134-444f-89a6-4df2d48b2fe4,1643973990494,13.4037785,52.4724664,5.6015625,0.6724696,-0.65283763,-0.33947468,on bike mount,cyclo cross,True,paving stones,good
483ee7a5-1d9c-4e43-b635-efe680ae580a,39e595ac-357b-4a53-93dc-a833b942df92,633c52d1-eb83-409f-8356-6ae6761c2cda,1643973990553,13.4037785,52.4724664,5.6015625,-1.0419917,-0.88931084,1.2966356,on bike mount,cyclo cross,True,paving stones,good
483ee7a5-1d9c-4e43-b635-efe680ae580a,39e595ac-357b-4a53-93dc-a833b942df92,343fb367-613c-4a79-8edc-b90b579cbe46,1643973990612,13.4037785,52.4724664,5.6015625,-3.481762,4.6291585,-9.749174,on bike mount,cyclo cross,True,paving stones,good
483ee7a5-1d9c-4e43-b635-efe680ae580a,39e595ac-357b-4a53-93dc-a833b942df92,ec441457-3286-4bc1-ba1f-584232511ee2,1643973990669,13.4037785,52.4724664,5.6015625,-0.026220798,3.1773102,-3.0792298,on bike mount,cyclo cross,True,paving stones,good
483ee7a5-1d9c-4e43-b635-efe680ae580a,39e595ac-357b-4a53-93dc-a833b942df92,eec42400-b0aa-4070-a1d2-43ba1217751f,1643973990735,13.4037785,52.4724664,5.6015625,0.19808602,-2.3778098,15.556841,on bike mount,cyclo cross,True,paving stones,good
483ee7a5-1d9c-4e43-b635-efe680ae580a,39e595ac-357b-4a53-93dc-a833b942df92,03721b8d-a53a-4875-b6cc-744363c1e9cf,1643973990791,13.4037785,52.4724664,5.6015625,-0.8627132,5.3923326,-15.051191,on bike mount,cyclo cross,True,paving stones,good
483ee7a5-1d9c-4e43-b635-efe680ae580a,39e595ac-357b-4a53-93dc-a833b942df92,ffb0f687-acea-4c4d-baba-368cdaed928c,1643973990858,13.4037785,52.4724664,5.6015625,-1.291873,-1.2887337,-4.0170984,on bike mount,cyclo cross,True,paving stones,good
483ee7a5-1d9c-4e43-b635-efe680ae580a,39e595ac-357b-4a53-93dc-a833b942df92,1d186ef6-0bb3-46c6-ae03-459dd4fb7f27,1643973990935,13.4037785,52.4724664,5.6015625,-1.3414186,0.82222605,-2.174601,on bike mount,cyclo cross,True,paving stones,good
483ee7a5-1d9c-4e43-b635-efe680ae580a,39e595ac-357b-4a53-93dc-a833b942df92,17422e78-54be-4456-9530-20bd91c11dd3,1643973991008,13.4037785,52.4724664,5.6015625,-1.100121,3.2440045,-5.556249,on bike mount,cyclo cross,True,paving stones,good
483ee7a5-1d9c-4e43-b635-efe680ae580a,39e595ac-357b-4a53-93dc-a833b942df92,a9d349bf-c6eb-47a1-9617-7261c0334f39,1643973991082,13.4037785,52.4724664,5.6015625,-1.7736046,-10.988308,12.252478,on bike mount,cyclo cross,True,paving stones,good
483ee7a5-1d9c-4e43-b635-efe680ae580a,39e595ac-357b-4a53-93dc-a833b942df92,b02cad50-a92c-41ca-bbc6-2657c40e02ae,1643973991139,13.4037785,52.4724664,5.6015625,-0.9083502,-3.5506246,-2.024218,on bike mount,cyclo cross,True,paving stones,good
483ee7a5-1d9c-4e43-b635-efe680ae580a,39e595ac-357b-4a53-93dc-a833b942df92,df87401f-20dc-46eb-8ca3-d57b9611973c,1643973991219,13.4037785,52.4724664,5.6015625,-0.7494612,1.4260998,-1.7555008,on bike mount,cyclo cross,True,paving stones,good
483ee7a5-1d9c-4e43-b635-efe680ae580a,39e595ac-357b-4a53-93dc-a833b942df92,817a9510-47ba-4d0d-8b23-44ead14e227e,1643973991276,13.4037785,52.4724664,5.6015625,2.055788,4.830553,-4.741126,on bike mount,cyclo cross,True,paving stones,good
483ee7a5-1d9c-4e43-b635-efe680ae580a,39e595ac-357b-4a53-93dc-a833b942df92,79d9a3e5-e961-4fff-ae50-dbeb35bb0948,1643973991329,13.4037785,52.4724664,5.6015625,2.4697506,1.7700915,8.133423,on bike mount,cyclo cross,True,paving stones,good
483ee7a5-1d9c-4e43-b635-efe680ae580a,39e595ac-357b-4a53-93dc-a833b942df92,c6a2d80b-9a4b-44f5-bdee-369d1bed39f7,1643973991381,13.4037785,52.4724664,5.6015625,0.63780427,2.0920286,-8.779214,on bike mount,cyclo cross,True,paving stones,good
483ee7a5-1d9c-4e43-b635-efe680ae580a,39e595ac-357b-4a53-93dc-a833b942df92,3b6a8510-fed5-4d0b-9a15-0fc766d3b0ae,1643973991438,13.4036952,52.4724631,5.6260233,2.4594827,-3.0198379,-9.909592,on bike mount,cyclo cross,True,paving stones,good
483ee7a5-1d9c-4e43-b635-efe680ae580a,39e595ac-357b-4a53-93dc-a833b942df92,6e4b2b89-9001-4288-b319-cf15c6d6108e,1643973991490,13.4036952,52.4724631,5.6260233,0.25981003,0.86005163,-6.5573997,on bike mount,cyclo cross,True,paving stones,good
483ee7a5-1d9c-4e43-b635-efe680ae580a,39e595ac-357b-4a53-93dc-a833b942df92,24a8e83b-994a-41c2-9faa-2d39f6a24145,1643973991548,13.4036952,52.4724631,5.6260233,0.784279,-0.19383621,-5.8704114,on bike mount,cyclo cross,True,paving stones,good
483ee7a5-1d9c-4e43-b635-efe680ae580a,39e595ac-357b-4a53-93dc-a833b942df92,90cc5c4c-0845-4e5c-83b6-3146a2bb9aba,1643973991605,13.4036952,52.4724631,5.6260233,0.29304814,1.6717987,2.9303064,on bike mount,cyclo cross,True,paving stones,good
483ee7a5-1d9c-4e43-b635-efe680ae580a,39e595ac-357b-4a53-93dc-a833b942df92,a72d9bd3-0b7a-4862-84c8-17e9cd30c7d3,1643973991668,13.4036952,52.4724631,5.6260233,-0.6341219,-1.532562,-1.890027,on bike mount,cyclo cross,True,paving stones,good
483ee7a5-1d9c-4e43-b635-efe680ae580a,39e595ac-357b-4a53-93dc-a833b942df92,4ed8f43d-0df6-42f6-9ab7-f07249eeae1e,1643973991722,13.4036952,52.4724631,5.6260233,-0.8414414,2.1143568,5.6558933,on bike mount,cyclo cross,True,paving stones,good
483ee7a5-1d9c-4e43-b635-efe680ae580a,39e595ac-357b-4a53-93dc-a833b942df92,6dd4581f-c655-4826-a8fa-b792f085d31d,1643973991787,13.4036952,52.4724631,5.6260233,-1.3822973,2.6836858,-5.574478,on bike mount,cyclo cross,True,paving stones,good
483ee7a5-1d9c-4e43-b635-efe680ae580a,39e595ac-357b-4a53-93dc-a833b942df92,8cc9e05b-b2e8-4a5c-afd7-b910a38a9bf7,1643973991852,13.4036952,52.4724631,5.6260233,-1.1442535,2.0430937,-3.296545,on bike mount,cyclo cross,True,paving stones,good
483ee7a5-1d9c-4e43-b635-efe680ae580a,39e595ac-357b-4a53-93dc-a833b942df92,757c7df2-1a54-498e-8133-669bec92f79f,1643973991918,13.4036952,52.4724631,5.6260233,0.5729009,0.9337549,-16.20768,on bike mount,cyclo cross,True,paving stones,good
483ee7a5-1d9c-4e43-b635-efe680ae580a,39e595ac-357b-4a53-93dc-a833b942df92,e2500128-df96-44c2-bd3e-350029c3a2cc,1643973991996,13.4036952,52.4724631,5.6260233,-3.07861,6.8935814,-14.474265,on bike mount,cyclo cross,True,paving stones,good
483ee7a5-1d9c-4e43-b635-efe680ae580a,39e595ac-357b-4a53-93dc-a833b942df92,4430ab7e-7fb4-4a65-af4b-3929fd6d407f,1643973992050,13.4036952,52.4724631,5.6260233,-2.8511899,2.5010986,-3.2093856,on bike mount,cyclo cross,True,paving stones,good
483ee7a5-1d9c-4e43-b635-efe680ae580a,39e595ac-357b-4a53-93dc-a833b942df92,14506f8e-6d84-4839-afff-039b06042e56,1643973992106,13.4036952,52.4724631,5.6260233,-3.2788568,2.6599355,-3.3910499,on bike mount,cyclo cross,True,paving stones,good
483ee7a5-1d9c-4e43-b635-efe680ae580a,39e595ac-357b-4a53-93dc-a833b942df92,1cbe08ea-d0ab-4617-b58c-c0ccb52cb738,1643973992168,13.4036952,52.4724631,5.6260233,-0.107124925,-2.8503842,-0.58525753,on bike mount,cyclo cross,True,paving stones,good
483ee7a5-1d9c-4e43-b635-efe680ae580a,39e595ac-357b-4a53-93dc-a833b942df92,04ec2b98-f0ab-4a00-bbe5-fb7d17510147,1643973992235,13.4036952,52.4724631,5.6260233,0.7744405,-0.90921384,8.314753,on bike mount,cyclo cross,True,paving stones,good
483ee7a5-1d9c-4e43-b635-efe680ae580a,39e595ac-357b-4a53-93dc-a833b942df92,7c9ca5fb-78f7-44e8-aec4-a22afdb82ca0,1643973992306,13.4036952,52.4724631,5.6260233,-2.461431,4.781515,-3.307015,on bike mount,cyclo cross,True,paving stones,good
483ee7a5-1d9c-4e43-b635-efe680ae580a,39e595ac-357b-4a53-93dc-a833b942df92,af7c1dbd-eec9-4a29-8510-78edcdd47865,1643973992370,13.4036952,52.4724631,5.6260233,-1.4169872,-1.504556,-5.202397,on bike mount,cyclo cross,True,paving stones,good
483ee7a5-1d9c-4e43-b635-efe680ae580a,39e595ac-357b-4a53-93dc-a833b942df92,a3d8ca47-e91a-4786-83b5-9e23fadc468e,1643973992427,13.4036117,52.47246,5.6296706,-1.3039467,1.260427,2.1587667,on bike mount,cyclo cross,True,paving stones,good
483ee7a5-1d9c-4e43-b635-efe680ae580a,39e595ac-357b-4a53-93dc-a833b942df92,e03e15f2-8e21-4b53-8b40-1f73e86a39a5,1643973992481,13.4036117,52.47246,5.6296706,-0.5605498,1.0210309,1.3525114,on bike mount,cyclo cross,True,paving stones,good
483ee7a5-1d9c-4e43-b635-efe680ae580a,39e595ac-357b-4a53-93dc-a833b942df92,5c6fcc3c-a3a8-4668-b898-ec1c1240780e,1643973992551,13.4036117,52.47246,5.6296706,0.27833498,-0.60286164,-1.6367166,on bike mount,cyclo cross,True,paving stones,good
483ee7a5-1d9c-4e43-b635-efe680ae580a,39e595ac-357b-4a53-93dc-a833b942df92,32ccca58-3440-4c42-88d0-4bf7f16b56e6,1643973992618,13.4036117,52.47246,5.6296706,-0.72146016,-2.1604004,-1.1923256,on bike mount,cyclo cross,True,paving stones,good
483ee7a5-1d9c-4e43-b635-efe680ae580a,39e595ac-357b-4a53-93dc-a833b942df92,434da955-1660-4d42-901e-eab048f7656d,1643973992676,13.4036117,52.47246,5.6296706,0.30768776,1.9163113,-20.402374,on bike mount,cyclo cross,True,paving stones,good
483ee7a5-1d9c-4e43-b635-efe680ae580a,39e595ac-357b-4a53-93dc-a833b942df92,06ab1ec4-e6b7-4816-a78b-da0daa855569,1643973992737,13.4036117,52.47246,5.6296706,0.7444676,3.1830902,-10.144747,on bike mount,cyclo cross,True,paving stones,good
483ee7a5-1d9c-4e43-b635-efe680ae580a,39e595ac-357b-4a53-93dc-a833b942df92,5e14c210-9421-4695-948c-cd7728bb4e71,1643973992792,13.4036117,52.47246,5.6296706,0.918375,9.727663,-12.269716,on bike mount,cyclo cross,True,paving stones,good
483ee7a5-1d9c-4e43-b635-efe680ae580a,39e595ac-357b-4a53-93dc-a833b942df92,afb5b4c6-fbfe-4716-8204-30f577fa46e0,1643973992845,13.4036117,52.47246,5.6296706,1.2814473,1.5352831,0.5392122,on bike mount,cyclo cross,True,paving stones,good
483ee7a5-1d9c-4e43-b635-efe680ae580a,39e595ac-357b-4a53-93dc-a833b942df92,7368d101-14bc-400f-8e6d-fe69238bc8f5,1643973992897,13.4036117,52.47246,5.6296706,1.2777605,1.6026864,-5.407576,on bike mount,cyclo cross,True,paving stones,good
483ee7a5-1d9c-4e43-b635-efe680ae580a,39e595ac-357b-4a53-93dc-a833b942df92,e4313d78-26b9-463e-8ace-ed613f540cfd,1643973992964,13.4036117,52.47246,5.6296706,1.6788775,2.0928679,-0.19746494,on bike mount,cyclo cross,True,paving stones,good
483ee7a5-1d9c-4e43-b635-efe680ae580a,39e595ac-357b-4a53-93dc-a833b942df92,17844a4f-19e1-452e-819c-109b394a0323,1643973993027,13.4036117,52.47246,5.6296706,-0.3157519,-3.3184493,-1.2789617,on bike mount,cyclo cross,True,paving stones,good
483ee7a5-1d9c-4e43-b635-efe680ae580a,39e595ac-357b-4a53-93dc-a833b942df92,b6ba6cb4-c5e1-4a4d-8581-24741fb2dc64,1643973993097,13.4036117,52.47246,5.6296706,0.40885442,2.2685509,-12.554952,on bike mount,cyclo cross,True,paving stones,good
483ee7a5-1d9c-4e43-b635-efe680ae580a,39e595ac-357b-4a53-93dc-a833b942df92,885abde4-684b-4f1b-8b50-25432989b204,1643973993164,13.4036117,52.47246,5.6296706,1.0814923,-3.408763,15.993877,on bike mount,cyclo cross,True,paving stones,good
483ee7a5-1d9c-4e43-b635-efe680ae580a,39e595ac-357b-4a53-93dc-a833b942df92,58a07673-f561-440b-b457-177928745b02,1643973993239,13.4036117,52.47246,5.6296706,0.2515338,1.0355382,6.73769,on bike mount,cyclo cross,True,paving stones,good
483ee7a5-1d9c-4e43-b635-efe680ae580a,39e595ac-357b-4a53-93dc-a833b942df92,36ad4814-b527-4bf7-8824-f3ea7144d403,1643973993305,13.4036117,52.47246,5.6296706,-3.2360501,-2.4749362,-2.6886249,on bike mount,cyclo cross,True,paving stones,good
483ee7a5-1d9c-4e43-b635-efe680ae580a,39e595ac-357b-4a53-93dc-a833b942df92,9f087f8e-f923-4dd3-b61c-eef681787a23,1643973993359,13.4036117,52.47246,5.6296706,0.11297655,-3.9625607,-6.52235,on bike mount,cyclo cross,True,paving stones,good
483ee7a5-1d9c-4e43-b635-efe680ae580a,39e595ac-357b-4a53-93dc-a833b942df92,494d68e9-4464-43f8-a14c-f3067d474b6b,1643973993409,13.4036117,52.47246,5.6296706,-1.6931121,1.1721122,-6.013901,on bike mount,cyclo cross,True,paving stones,good
483ee7a5-1d9c-4e43-b635-efe680ae580a,39e595ac-357b-4a53-93dc-a833b942df92,d398883a-0293-4af2-8883-3880a46d07bb,1643973993470,13.4035282,52.4724572,5.636253,-1.7737354,1.0483453,3.8451195,on bike mount,cyclo cross,True,paving stones,good
483ee7a5-1d9c-4e43-b635-efe680ae580a,39e595ac-357b-4a53-93dc-a833b942df92,31271693-fc56-4151-97b9-8a67b21a3bcf,1643973993536,13.4035282,52.4724572,5.636253,-0.67157984,2.0449142,-6.227407,on bike mount,cyclo cross,True,paving stones,good
483ee7a5-1d9c-4e43-b635-efe680ae580a,39e595ac-357b-4a53-93dc-a833b942df92,123ad276-19b8-4aeb-9a50-eae2e08aa044,1643973993594,13.4035282,52.4724572,5.636253,0.8852804,-2.3186717,4.8799934,on bike mount,cyclo cross,True,paving stones,good
483ee7a5-1d9c-4e43-b635-efe680ae580a,39e595ac-357b-4a53-93dc-a833b942df92,bca2dce0-5ea3-4e44-adfe-8ae48be8854a,1643973993674,13.4035282,52.4724572,5.636253,1.073994,-0.28937912,2.360176,on bike mount,cyclo cross,True,paving stones,good
483ee7a5-1d9c-4e43-b635-efe680ae580a,39e595ac-357b-4a53-93dc-a833b942df92,4df961a1-d8f7-4cf6-a168-f91ffc35753f,1643973993737,13.4035282,52.4724572,5.636253,-0.5033247,0.17502522,5.1936817,on bike mount,cyclo cross,True,paving stones,good
483ee7a5-1d9c-4e43-b635-efe680ae580a,39e595ac-357b-4a53-93dc-a833b942df92,3b246de6-8a63-437a-8e89-73d97606c880,1643973993806,13.4035282,52.4724572,5.636253,0.16302943,-1.7741461,-13.81074,on bike mount,cyclo cross,True,paving stones,good
483ee7a5-1d9c-4e43-b635-efe680ae580a,39e595ac-357b-4a53-93dc-a833b942df92,fa2d2672-2fd5-486b-9a7e-ec4d07d613c0,1643973993863,13.4035282,52.4724572,5.636253,0.17949057,-3.8404956,4.9080963,on bike mount,cyclo cross,True,paving stones,good
483ee7a5-1d9c-4e43-b635-efe680ae580a,39e595ac-357b-4a53-93dc-a833b942df92,c1cd1284-a802-4293-855e-4e73b3ffebbf,1643973993923,13.4035282,52.4724572,5.636253,-2.5107622,-0.14201689,9.946785,on bike mount,cyclo cross,True,paving stones,good
483ee7a5-1d9c-4e43-b635-efe680ae580a,39e595ac-357b-4a53-93dc-a833b942df92,8c6255ac-0b4e-4842-adb8-e9e2f99fdd65,1643973993989,13.4035282,52.4724572,5.636253,0.4682143,-0.11781597,-6.5741024,on bike mount,cyclo cross,True,paving stones,good
483ee7a5-1d9c-4e43-b635-efe680ae580a,39e595ac-357b-4a53-93dc-a833b942df92,bf0274fb-0964-46f1-ab09-3ce42be47a24,1643973994047,13.4035282,52.4724572,5.636253,-2.742391,-1.33122,7.4307995,on bike mount,cyclo cross,True,paving stones,good
483ee7a5-1d9c-4e43-b635-efe680ae580a,39e595ac-357b-4a53-93dc-a833b942df92,1f999f7b-53cf-47e3-abd1-6af1f8645ee2,1643973994117,13.4035282,52.4724572,5.636253,-1.6346796,2.1120346,4.2343607,on bike mount,cyclo cross,True,paving stones,good
483ee7a5-1d9c-4e43-b635-efe680ae580a,39e595ac-357b-4a53-93dc-a833b942df92,d8c8f887-cc5e-4ebc-be4a-56218509fab3,1643973994173,13.4035282,52.4724572,5.636253,-0.9403265,-3.8186522,8.639772,on bike mount,cyclo cross,True,paving stones,good
483ee7a5-1d9c-4e43-b635-efe680ae580a,39e595ac-357b-4a53-93dc-a833b942df92,c06600eb-e2d2-4f84-b78a-2c4185379ced,1643973994242,13.4035282,52.4724572,5.636253,0.58343256,-5.0016794,10.339916,on bike mount,cyclo cross,True,paving stones,good
483ee7a5-1d9c-4e43-b635-efe680ae580a,39e595ac-357b-4a53-93dc-a833b942df92,70718331-d828-4afb-9bb3-d11ee84f19c2,1643973994307,13.4035282,52.4724572,5.636253,1.9145467,4.4283,-7.689883,on bike mount,cyclo cross,True,paving stones,good
483ee7a5-1d9c-4e43-b635-efe680ae580a,39e595ac-357b-4a53-93dc-a833b942df92,8775c820-8ad7-40b7-b62a-2494ce4a0758,1643973994379,13.4035282,52.4724572,5.636253,1.3001161,4.269519,1.5142422,on bike mount,cyclo cross,True,paving stones,good
483ee7a5-1d9c-4e43-b635-efe680ae580a,39e595ac-357b-4a53-93dc-a833b942df92,b25f95f5-e895-4fae-b753-6c197d6fbb87,1643973994437,13.4035282,52.4724572,5.636253,1.5212142,2.4435859,-3.0014968,on bike mount,cyclo cross,True,paving stones,good
483ee7a5-1d9c-4e43-b635-efe680ae580a,39e595ac-357b-4a53-93dc-a833b942df92,70925abc-131c-478b-abee-34f8243131c0,1643973994506,13.4034442,52.4724553,5.6372886,1.5176394,-0.2886474,-0.5713806,on bike mount,cyclo cross,True,paving stones,good
483ee7a5-1d9c-4e43-b635-efe680ae580a,39e595ac-357b-4a53-93dc-a833b942df92,7e7efff9-e307-46b5-9cb9-fb54fef735f7,1643973994575,13.4034442,52.4724553,5.6372886,1.3153646,-1.6550549,4.77472,on bike mount,cyclo cross,True,paving stones,good
483ee7a5-1d9c-4e43-b635-efe680ae580a,39e595ac-357b-4a53-93dc-a833b942df92,6a41b2ca-43dd-45d8-8e73-603dac1ddb27,1643973994642,13.4034442,52.4724553,5.6372886,0.45315564,-1.6613387,8.417679,on bike mount,cyclo cross,True,paving stones,good
483ee7a5-1d9c-4e43-b635-efe680ae580a,39e595ac-357b-4a53-93dc-a833b942df92,f4a8a0e3-6de3-45df-aefd-36ad172decfb,1643973994715,13.4034442,52.4724553,5.6372886,-2.7849417,2.4067044,-8.10973,on bike mount,cyclo cross,True,paving stones,good
483ee7a5-1d9c-4e43-b635-efe680ae580a,39e595ac-357b-4a53-93dc-a833b942df92,6af922ed-be6c-4bc6-9da1-1388b07a25ba,1643973994774,13.4034442,52.4724553,5.6372886,-2.2965963,-9.310501,-11.941466,on bike mount,cyclo cross,True,paving stones,good
483ee7a5-1d9c-4e43-b635-efe680ae580a,39e595ac-357b-4a53-93dc-a833b942df92,1a0a9677-5618-436e-8dd4-d4de68507a60,1643973994827,13.4034442,52.4724553,5.6372886,-5.3610334,8.666365,-36.09554,on bike mount,cyclo cross,True,paving stones,good
483ee7a5-1d9c-4e43-b635-efe680ae580a,39e595ac-357b-4a53-93dc-a833b942df92,75f53bf0-65a9-4605-a7cc-17958935e9a4,1643973994900,13.4034442,52.4724553,5.6372886,0.036516134,0.4477123,-3.3215902,on bike mount,cyclo cross,True,paving stones,good
483ee7a5-1d9c-4e43-b635-efe680ae580a,39e595ac-357b-4a53-93dc-a833b942df92,80786acc-7f22-411a-9e66-02707068930e,1643973994962,13.4034442,52.4724553,5.6372886,1.0147598,4.417322,-0.36013317,on bike mount,cyclo cross,True,paving stones,good
483ee7a5-1d9c-4e43-b635-efe680ae580a,39e595ac-357b-4a53-93dc-a833b942df92,f1a478f3-e318-44b2-9696-e62b834ba7f6,1643973995013,13.4034442,52.4724553,5.6372886,-1.5865358,2.8925533,1.2461729,on bike mount,cyclo cross,True,paving stones,good
483ee7a5-1d9c-4e43-b635-efe680ae580a,39e595ac-357b-4a53-93dc-a833b942df92,e00fe7cf-ecb8-4628-89a1-ac754dca67dd,1643973995066,13.4034442,52.4724553,5.6372886,-1.7821989,0.92432547,-6.98012,on bike mount,cyclo cross,True,paving stones,good
483ee7a5-1d9c-4e43-b635-efe680ae580a,39e595ac-357b-4a53-93dc-a833b942df92,74aae5e7-d24b-46a2-b42b-5fbfbb825cc6,1643973995128,13.4034442,52.4724553,5.6372886,-2.5439448,0.6177449,-1.975677,on bike mount,cyclo cross,True,paving stones,good
483ee7a5-1d9c-4e43-b635-efe680ae580a,39e595ac-357b-4a53-93dc-a833b942df92,2fc43bed-9d3e-4724-bfc4-50048ffd18ef,1643973995186,13.4034442,52.4724553,5.6372886,0.11493385,0.18354177,-9.761499,on bike mount,cyclo cross,True,paving stones,good
483ee7a5-1d9c-4e43-b635-efe680ae580a,39e595ac-357b-4a53-93dc-a833b942df92,c7669237-1af8-4aa6-a9dc-486d2195cc57,1643973995248,13.4034442,52.4724553,5.6372886,-0.038297653,1.498982,0.32224274,on bike mount,cyclo cross,True,paving stones,good
483ee7a5-1d9c-4e43-b635-efe680ae580a,39e595ac-357b-4a53-93dc-a833b942df92,1f3c65b5-e77c-425a-be34-5bc9ebb9521b,1643973995303,13.4034442,52.4724553,5.6372886,-0.591691,1.8823131,-3.672822,on bike mount,cyclo cross,True,paving stones,good
483ee7a5-1d9c-4e43-b635-efe680ae580a,39e595ac-357b-4a53-93dc-a833b942df92,3fb6576a-d142-456f-9f1f-37fd03c7e891,1643973995361,13.4034442,52.4724553,5.6372886,-0.17018485,-0.1442883,5.3024673,on bike mount,cyclo cross,True,paving stones,good
483ee7a5-1d9c-4e43-b635-efe680ae580a,39e595ac-357b-4a53-93dc-a833b942df92,c6e5b759-404d-4155-bd70-98bef8fa785d,1643973995427,13.4034442,52.4724553,5.6372886,-2.729055,-15.886631,-2.8880177,on bike mount,cyclo cross,True,paving stones,good
483ee7a5-1d9c-4e43-b635-efe680ae580a,39e595ac-357b-4a53-93dc-a833b942df92,09bff345-063e-408d-b55e-468ebac8cfed,1643973995488,13.4033593,52.4724529,5.625266,-3.0558503,5.3748083,-13.447994,on bike mount,cyclo cross,True,paving stones,good
483ee7a5-1d9c-4e43-b635-efe680ae580a,39e595ac-357b-4a53-93dc-a833b942df92,5e28ec81-1a49-4ecd-a7d4-9fa4ed409482,1643973995556,13.4033593,52.4724529,5.625266,-0.26543558,4.406072,-26.225943,on bike mount,cyclo cross,True,paving stones,good
483ee7a5-1d9c-4e43-b635-efe680ae580a,39e595ac-357b-4a53-93dc-a833b942df92,e6e45944-7d15-497c-953f-f7bba1511656,1643973995625,13.4033593,52.4724529,5.625266,-0.25901335,-12.849699,10.962797,on bike mount,cyclo cross,True,paving stones,good
483ee7a5-1d9c-4e43-b635-efe680ae580a,39e595ac-357b-4a53-93dc-a833b942df92,40e038d2-0ba6-46a2-b3a6-580b37a05e2b,1643973995681,13.4033593,52.4724529,5.625266,-4.192656,0.4338045,-7.7875285,on bike mount,cyclo cross,True,paving stones,good
483ee7a5-1d9c-4e43-b635-efe680ae580a,39e595ac-357b-4a53-93dc-a833b942df92,d37c7f99-e1ac-4e51-a854-7126064a28ff,1643973995732,13.4033593,52.4724529,5.625266,-0.12622511,-4.7225714,-0.8257971,on bike mount,cyclo cross,True,paving stones,good
483ee7a5-1d9c-4e43-b635-efe680ae580a,39e595ac-357b-4a53-93dc-a833b942df92,cbcb01a1-2633-4040-abc8-8bccd5f00161,1643973995798,13.4033593,52.4724529,5.625266,-0.73938674,2.3180432,1.5557966,on bike mount,cyclo cross,True,paving stones,good
483ee7a5-1d9c-4e43-b635-efe680ae580a,39e595ac-357b-4a53-93dc-a833b942df92,4bc53417-6c24-4a75-82a4-f6d1ccfe5213,1643973995868,13.4033593,52.4724529,5.625266,0.8030962,5.065716,-0.4789257,on bike mount,cyclo cross,True,paving stones,good
483ee7a5-1d9c-4e43-b635-efe680ae580a,39e595ac-357b-4a53-93dc-a833b942df92,f1385942-afb2-496a-b832-1728f56f3aa5,1643973995920,13.4033593,52.4724529,5.625266,0.73542905,-1.7552987,4.039236,on bike mount,cyclo cross,True,paving stones,good
483ee7a5-1d9c-4e43-b635-efe680ae580a,39e595ac-357b-4a53-93dc-a833b942df92,aa99f139-5032-4910-bcbe-642459b3f388,1643973995973,13.4033593,52.4724529,5.625266,-0.7484609,-1.4799957,8.221119,on bike mount,cyclo cross,True,paving stones,good
483ee7a5-1d9c-4e43-b635-efe680ae580a,39e595ac-357b-4a53-93dc-a833b942df92,eba7c996-1128-4a96-b74b-f38d709eae84,1643973996033,13.4033593,52.4724529,5.625266,2.651103,1.1905794,-5.4292126,on bike mount,cyclo cross,True,paving stones,good
483ee7a5-1d9c-4e43-b635-efe680ae580a,39e595ac-357b-4a53-93dc-a833b942df92,f5cf63cd-4c8f-4170-8c60-2902abd0997e,1643973996085,13.4033593,52.4724529,5.625266,0.0875479,1.8530116,3.4774742,on bike mount,cyclo cross,True,paving stones,good
483ee7a5-1d9c-4e43-b635-efe680ae580a,39e595ac-357b-4a53-93dc-a833b942df92,907889fc-6c3e-445b-9065-6f0b386bdbb1,1643973996175,13.4033593,52.4724529,5.625266,0.18416631,0.9852526,5.141098,on bike mount,cyclo cross,True,paving stones,good
483ee7a5-1d9c-4e43-b635-efe680ae580a,39e595ac-357b-4a53-93dc-a833b942df92,17f5355d-937a-4bbc-b00f-01eb38c57c1d,1643973996243,13.4033593,52.4724529,5.625266,-0.5174679,-0.6998904,-1.3452778,on bike mount,cyclo cross,True,paving stones,good
483ee7a5-1d9c-4e43-b635-efe680ae580a,39e595ac-357b-4a53-93dc-a833b942df92,d73db9df-d0cf-4e2d-81c6-8c8b34f51943,1643973996313,13.4033593,52.4724529,5.625266,-0.93952686,-1.466332,3.2428465,on bike mount,cyclo cross,True,paving stones,good
483ee7a5-1d9c-4e43-b635-efe680ae580a,39e595ac-357b-4a53-93dc-a833b942df92,9e869388-b869-444d-b670-27022e5dc7f2,1643973996377,13.4033593,52.4724529,5.625266,-1.0356443,-1.2115681,9.539571,on bike mount,cyclo cross,True,paving stones,good
483ee7a5-1d9c-4e43-b635-efe680ae580a,39e595ac-357b-4a53-93dc-a833b942df92,d699e98a-ac86-464f-aeb8-034b9acb8943,1643973996433,13.4032791,52.4724517,5.58768,-3.5006351,-2.2773657,-8.542148,on bike mount,cyclo cross,True,paving stones,good
483ee7a5-1d9c-4e43-b635-efe680ae580a,39e595ac-357b-4a53-93dc-a833b942df92,8922ff88-80c5-449e-b88d-a3e51ba1b796,1643973996498,13.4032791,52.4724517,5.58768,-1.2346071,3.4224067,3.4284658,on bike mount,cyclo cross,True,paving stones,good
483ee7a5-1d9c-4e43-b635-efe680ae580a,39e595ac-357b-4a53-93dc-a833b942df92,eabb5fae-d989-4ead-9225-fdf942e2253a,1643973996548,13.4032791,52.4724517,5.58768,-0.89645195,2.4411075,5.078846,on bike mount,cyclo cross,True,paving stones,good
483ee7a5-1d9c-4e43-b635-efe680ae580a,39e595ac-357b-4a53-93dc-a833b942df92,1f48391d-66b2-49d5-9125-84010f6a2d34,1643973996598,13.4032791,52.4724517,5.58768,-0.48933017,4.115022,-3.5863943,on bike mount,cyclo cross,True,paving stones,good
483ee7a5-1d9c-4e43-b635-efe680ae580a,39e595ac-357b-4a53-93dc-a833b942df92,91452ceb-9df8-4039-a34b-8a7e2a1b1dc5,1643973996651,13.4032791,52.4724517,5.58768,-0.02622652,0.7966087,0.3256607,on bike mount,cyclo cross,True,paving stones,good
483ee7a5-1d9c-4e43-b635-efe680ae580a,39e595ac-357b-4a53-93dc-a833b942df92,494317a5-48bf-4f27-983f-21e6988f2959,1643973996708,13.4032791,52.4724517,5.58768,0.98780584,-0.5211568,-14.062136,on bike mount,cyclo cross,True,paving stones,good
483ee7a5-1d9c-4e43-b635-efe680ae580a,39e595ac-357b-4a53-93dc-a833b942df92,3fe94b6b-8ac3-4c5f-bc57-73448e1fc1d2,1643973996761,13.4032791,52.4724517,5.58768,-1.0183624,1.0941176,-6.260171,on bike mount,cyclo cross,True,paving stones,good
483ee7a5-1d9c-4e43-b635-efe680ae580a,39e595ac-357b-4a53-93dc-a833b942df92,7e6df1e0-2bee-4554-9dcf-7e54e93145e1,1643973996816,13.4032791,52.4724517,5.58768,1.5332496,-1.515148,-4.0543227,on bike mount,cyclo cross,True,paving stones,good
483ee7a5-1d9c-4e43-b635-efe680ae580a,39e595ac-357b-4a53-93dc-a833b942df92,0e6f1da9-9424-4031-86d8-9102ade5196a,1643973996876,13.4032791,52.4724517,5.58768,-0.04925376,-0.24965203,-0.7477608,on bike mount,cyclo cross,True,paving stones,good
483ee7a5-1d9c-4e43-b635-efe680ae580a,39e595ac-357b-4a53-93dc-a833b942df92,441e5a4b-4542-4b36-8b09-8d3d74a8a0d5,1643973996946,13.4032791,52.4724517,5.58768,0.5782784,2.7648377,1.1390953,on bike mount,cyclo cross,True,paving stones,good
483ee7a5-1d9c-4e43-b635-efe680ae580a,39e595ac-357b-4a53-93dc-a833b942df92,2d653877-8604-46fd-8786-31069a6edbad,1643973997015,13.4032791,52.4724517,5.58768,-0.57084286,7.8587785,-8.847477,on bike mount,cyclo cross,True,paving stones,good
483ee7a5-1d9c-4e43-b635-efe680ae580a,39e595ac-357b-4a53-93dc-a833b942df92,0e169f61-de6e-4cae-b3ab-6026af62eb66,1643973997077,13.4032791,52.4724517,5.58768,2.1591384,-2.4868689,17.753448,on bike mount,cyclo cross,True,paving stones,good
483ee7a5-1d9c-4e43-b635-efe680ae580a,39e595ac-357b-4a53-93dc-a833b942df92,605fccb3-1bdb-48f9-8da6-8845cc0d18d6,1643973997146,13.4032791,52.4724517,5.58768,-2.715507,-5.7047873,4.108428,on bike mount,cyclo cross,True,paving stones,good
483ee7a5-1d9c-4e43-b635-efe680ae580a,39e595ac-357b-4a53-93dc-a833b942df92,110c368b-1af9-4747-8c70-a69ccc32b790,1643973997202,13.4032791,52.4724517,5.58768,-0.8927659,1.0200934,6.7091103,on bike mount,cyclo cross,True,paving stones,good
483ee7a5-1d9c-4e43-b635-efe680ae580a,39e595ac-357b-4a53-93dc-a833b942df92,68f1937b-e6af-470e-ac39-6361ddeb869e,1643973997253,13.4032791,52.4724517,5.58768,-1.3421081,4.2175255,5.1476116,on bike mount,cyclo cross,True,paving stones,good
483ee7a5-1d9c-4e43-b635-efe680ae580a,39e595ac-357b-4a53-93dc-a833b942df92,ce953d51-4035-4a75-8018-e98a40519555,1643973997313,13.4032791,52.4724517,5.58768,-3.1670165,0.9964726,-3.5459018,on bike mount,cyclo cross,True,paving stones,good
483ee7a5-1d9c-4e43-b635-efe680ae580a,39e595ac-357b-4a53-93dc-a833b942df92,88748943-2950-45f0-9527-fb486b162c94,1643973997368,13.4032791,52.4724517,5.58768,-0.5588542,6.635189,-1.8418989,on bike mount,cyclo cross,True,paving stones,good
483ee7a5-1d9c-4e43-b635-efe680ae580a,39e595ac-357b-4a53-93dc-a833b942df92,0cdfdc81-b764-4891-bde1-2147c96d4bbd,1643973997420,13.4032791,52.4724517,5.58768,-1.5504739,1.5781727,-3.4220421,on bike mount,cyclo cross,True,paving stones,good
483ee7a5-1d9c-4e43-b635-efe680ae580a,39e595ac-357b-4a53-93dc-a833b942df92,e10a5ef2-5be4-424f-8ffb-c4d3184b06ae,1643973997470,13.4031991,52.4724509,5.588915,-1.1218727,1.5365338,-3.4321837,on bike mount,cyclo cross,True,paving stones,good
483ee7a5-1d9c-4e43-b635-efe680ae580a,39e595ac-357b-4a53-93dc-a833b942df92,e4b1b148-8ae7-4ae5-a3f8-5452a03cd785,1643973997528,13.4031991,52.4724509,5.588915,-1.5544717,-4.7475786,0.041391373,on bike mount,cyclo cross,True,paving stones,good
483ee7a5-1d9c-4e43-b635-efe680ae580a,39e595ac-357b-4a53-93dc-a833b942df92,00f76bda-3271-4d3c-bef0-2b19037e9ffa,1643973997608,13.4031991,52.4724509,5.588915,-1.2338407,1.9668794,-1.6347828,on bike mount,cyclo cross,True,paving stones,good
483ee7a5-1d9c-4e43-b635-efe680ae580a,39e595ac-357b-4a53-93dc-a833b942df92,644a185a-eabf-4751-a242-266a613fc9b3,1643973997672,13.4031991,52.4724509,5.588915,-1.1352128,-3.3180475,-1.9280434,on bike mount,cyclo cross,True,paving stones,good
483ee7a5-1d9c-4e43-b635-efe680ae580a,39e595ac-357b-4a53-93dc-a833b942df92,b36e0cd9-bb43-4f61-8866-01537c0e0193,1643973997725,13.4031991,52.4724509,5.588915,-1.5055465,-0.8734057,4.7567377,on bike mount,cyclo cross,True,paving stones,good
483ee7a5-1d9c-4e43-b635-efe680ae580a,39e595ac-357b-4a53-93dc-a833b942df92,b070464b-45b6-45f2-9836-fc639e9224ee,1643973997789,13.4031991,52.4724509,5.588915,-2.7812023,11.693781,-17.009659,on bike mount,cyclo cross,True,paving stones,good
483ee7a5-1d9c-4e43-b635-efe680ae580a,39e595ac-357b-4a53-93dc-a833b942df92,84fa80f4-5806-4a50-a4c4-d03ddc12c5c8,1643973997843,13.4031991,52.4724509,5.588915,-1.6881983,0.195395,5.96074,on bike mount,cyclo cross,True,paving stones,good
483ee7a5-1d9c-4e43-b635-efe680ae580a,39e595ac-357b-4a53-93dc-a833b942df92,920aef32-c2d5-4129-b6df-38bee93e30bc,1643973997903,13.4031991,52.4724509,5.588915,-0.86728156,-3.530841,9.803823,on bike mount,cyclo cross,True,paving stones,good
483ee7a5-1d9c-4e43-b635-efe680ae580a,39e595ac-357b-4a53-93dc-a833b942df92,4e48204c-1fa9-45d2-8782-39b76dee395e,1643973997962,13.4031991,52.4724509,5.588915,0.86180687,0.40792346,3.078596,on bike mount,cyclo cross,True,paving stones,good
483ee7a5-1d9c-4e43-b635-efe680ae580a,39e595ac-357b-4a53-93dc-a833b942df92,95a54fe2-5a47-4515-8c18-2954072d97e9,1643973998036,13.4031991,52.4724509,5.588915,-1.6587031,3.2643976,3.798808,on bike mount,cyclo cross,True,paving stones,good
483ee7a5-1d9c-4e43-b635-efe680ae580a,39e595ac-357b-4a53-93dc-a833b942df92,9d9725bf-bc21-4c05-832c-3ef729a40e04,1643973998088,13.4031991,52.4724509,5.588915,-1.2917879,-1.272521,14.326473,on bike mount,cyclo cross,True,paving stones,good
483ee7a5-1d9c-4e43-b635-efe680ae580a,39e595ac-357b-4a53-93dc-a833b942df92,52699e44-16b7-4f2f-881d-3031083ba33f,1643973998168,13.4031991,52.4724509,5.588915,1.3142462,-1.19315,10.880829,on bike mount,cyclo cross,True,paving stones,good
483ee7a5-1d9c-4e43-b635-efe680ae580a,39e595ac-357b-4a53-93dc-a833b942df92,6c0ee964-f1cc-43df-a5dc-467d1939fb84,1643973998248,13.4031991,52.4724509,5.588915,-0.071832776,-1.7696482,0.020430565,on bike mount,cyclo cross,True,paving stones,good
483ee7a5-1d9c-4e43-b635-efe680ae580a,39e595ac-357b-4a53-93dc-a833b942df92,5a61b075-71af-49d8-b713-f8ab66b9d417,1643973998322,13.4031991,52.4724509,5.588915,0.27191365,-2.6842284,3.3174791,on bike mount,cyclo cross,True,paving stones,good
483ee7a5-1d9c-4e43-b635-efe680ae580a,39e595ac-357b-4a53-93dc-a833b942df92,ddec14da-a24a-4c18-bceb-a3dc37bdfa1d,1643973998387,13.4031991,52.4724509,5.588915,0.19179636,-0.4144343,4.1935806,on bike mount,cyclo cross,True,paving stones,good
483ee7a5-1d9c-4e43-b635-efe680ae580a,39e595ac-357b-4a53-93dc-a833b942df92,f7e77977-858e-44c4-90f3-d57260695fdb,1643973998463,13.4031185,52.4724504,5.557329,0.8935776,-1.4760511,4.330042,on bike mount,cyclo cross,True,paving stones,good
483ee7a5-1d9c-4e43-b635-efe680ae580a,39e595ac-357b-4a53-93dc-a833b942df92,3a7dc9d1-6bd1-4e42-9e7c-76105024a55d,1643973998537,13.4031185,52.4724504,5.557329,-0.58818066,0.9754987,3.9527445,on bike mount,cyclo cross,True,paving stones,good
483ee7a5-1d9c-4e43-b635-efe680ae580a,39e595ac-357b-4a53-93dc-a833b942df92,4e32e13d-db4d-4994-88cc-3351453a1c06,1643973998598,13.4031185,52.4724504,5.557329,-1.8599828,-2.2232413,8.756559,on bike mount,cyclo cross,True,paving stones,good
483ee7a5-1d9c-4e43-b635-efe680ae580a,39e595ac-357b-4a53-93dc-a833b942df92,d257094c-995f-4cc8-bb0a-48c10e7a3aca,1643973998655,13.4031185,52.4724504,5.557329,0.876294,0.41517115,-0.22559261,on bike mount,cyclo cross,True,paving stones,good
483ee7a5-1d9c-4e43-b635-efe680ae580a,39e595ac-357b-4a53-93dc-a833b942df92,f6a604e1-dd64-40c1-a07e-d52bb4ab4aa4,1643973998705,13.4031185,52.4724504,5.557329,-0.52214485,2.9264588,-7.228707,on bike mount,cyclo cross,True,paving stones,good
483ee7a5-1d9c-4e43-b635-efe680ae580a,39e595ac-357b-4a53-93dc-a833b942df92,46a91126-a64c-4c42-804e-9733b8944464,1643973998765,13.4031185,52.4724504,5.557329,-1.4143151,-0.7892519,-1.3720217,on bike mount,cyclo cross,True,paving stones,good
483ee7a5-1d9c-4e43-b635-efe680ae580a,39e595ac-357b-4a53-93dc-a833b942df92,4f535cfa-7d05-4b93-8a8b-1a378f5e626b,1643973998832,13.4031185,52.4724504,5.557329,-1.4121056,3.5516396,-0.5932646,on bike mount,cyclo cross,True,paving stones,good
483ee7a5-1d9c-4e43-b635-efe680ae580a,39e595ac-357b-4a53-93dc-a833b942df92,99e0c840-b2c8-4137-a7d3-21ed8c773535,1643973998887,13.4031185,52.4724504,5.557329,-2.0815141,1.929996,-4.436998,on bike mount,cyclo cross,True,paving stones,good
483ee7a5-1d9c-4e43-b635-efe680ae580a,39e595ac-357b-4a53-93dc-a833b942df92,7f9ee1c1-e6b1-46f6-bc27-910d16dfdf3a,1643973998948,13.4031185,52.4724504,5.557329,-1.577307,-0.7313813,-3.9951375,on bike mount,cyclo cross,True,paving stones,good
483ee7a5-1d9c-4e43-b635-efe680ae580a,39e595ac-357b-4a53-93dc-a833b942df92,5a9f8c7c-42f4-4359-ae14-17c41508bb61,1643973999013,13.4031185,52.4724504,5.557329,-0.9114831,3.5511456,-10.440765,on bike mount,cyclo cross,True,paving stones,good
483ee7a5-1d9c-4e43-b635-efe680ae580a,39e595ac-357b-4a53-93dc-a833b942df92,4f9ac02b-34ed-4fcd-a6a4-447c2bbecb1b,1643973999073,13.4031185,52.4724504,5.557329,0.0838542,-3.789952,-3.2159944,on bike mount,cyclo cross,True,paving stones,good
483ee7a5-1d9c-4e43-b635-efe680ae580a,39e595ac-357b-4a53-93dc-a833b942df92,32a330c9-a60f-4c26-b607-305f5a2cbe1d,1643973999138,13.4031185,52.4724504,5.557329,0.312281,3.5665936,5.648411,on bike mount,cyclo cross,True,paving stones,good
483ee7a5-1d9c-4e43-b635-efe680ae580a,39e595ac-357b-4a53-93dc-a833b942df92,6d114415-a0e6-4655-a7b6-7aadef51c62f,1643973999202,13.4031185,52.4724504,5.557329,-0.22331405,-2.743052,6.270837,on bike mount,cyclo cross,True,paving stones,good
483ee7a5-1d9c-4e43-b635-efe680ae580a,39e595ac-357b-4a53-93dc-a833b942df92,5fae8307-86d8-494f-a9ae-5a7ee8c71e5d,1643973999266,13.4031185,52.4724504,5.557329,-1.7924714,2.7339115,-0.51535416,on bike mount,cyclo cross,True,paving stones,good
483ee7a5-1d9c-4e43-b635-efe680ae580a,39e595ac-357b-4a53-93dc-a833b942df92,a2b1df97-5139-42bd-bc22-f3eed4967ea6,1643973999338,13.4031185,52.4724504,5.557329,-1.8908317,1.1598203,2.0681543,on bike mount,cyclo cross,True,paving stones,good
483ee7a5-1d9c-4e43-b635-efe680ae580a,39e595ac-357b-4a53-93dc-a833b942df92,6669f282-d706-4d73-8685-558af17c7d88,1643973999388,13.4031185,52.4724504,5.557329,0.6927599,-3.201982,11.069319,on bike mount,cyclo cross,True,paving stones,good
483ee7a5-1d9c-4e43-b635-efe680ae580a,39e595ac-357b-4a53-93dc-a833b942df92,d96fad28-0633-459a-b3ce-98034394e093,1643973999444,13.4030367,52.47245,5.5329657,0.2836163,0.2359078,7.3762474,on bike mount,cyclo cross,True,paving stones,good
483ee7a5-1d9c-4e43-b635-efe680ae580a,39e595ac-357b-4a53-93dc-a833b942df92,b3ddc3e6-e939-4c1d-8509-77d54870b135,1643973999502,13.4030367,52.47245,5.5329657,-0.12793052,4.0532227,-8.970707,on bike mount,cyclo cross,True,paving stones,good
483ee7a5-1d9c-4e43-b635-efe680ae580a,39e595ac-357b-4a53-93dc-a833b942df92,5482258a-d4c9-4ff0-b117-ae0d294bc960,1643973999556,13.4030367,52.47245,5.5329657,-0.8358662,-1.4698775,-2.234074,on bike mount,cyclo cross,True,paving stones,good
483ee7a5-1d9c-4e43-b635-efe680ae580a,39e595ac-357b-4a53-93dc-a833b942df92,22c13a9e-5fc1-4b39-9cab-d3065d140b94,1643973999616,13.4030367,52.47245,5.5329657,3.4007406,4.648273,-8.609706,on bike mount,cyclo cross,True,paving stones,good
483ee7a5-1d9c-4e43-b635-efe680ae580a,39e595ac-357b-4a53-93dc-a833b942df92,88538786-a4f3-4a13-9b93-23af21d86452,1643973999675,13.4030367,52.47245,5.5329657,-3.3896368,-0.33646536,5.897539,on bike mount,cyclo cross,True,paving stones,good
483ee7a5-1d9c-4e43-b635-efe680ae580a,39e595ac-357b-4a53-93dc-a833b942df92,0efda447-a626-42ae-b75f-75999fe6ceb0,1643973999731,13.4030367,52.47245,5.5329657,0.41170752,3.681131,-6.277174,on bike mount,cyclo cross,True,paving stones,good
483ee7a5-1d9c-4e43-b635-efe680ae580a,39e595ac-357b-4a53-93dc-a833b942df92,78997ed5-74b1-40a5-98db-cfb3d6f11568,1643973999788,13.4030367,52.47245,5.5329657,-1.7269009,6.790021,-0.3823204,on bike mount,cyclo cross,True,paving stones,good
483ee7a5-1d9c-4e43-b635-efe680ae580a,39e595ac-357b-4a53-93dc-a833b942df92,e67d0001-efb5-4f53-bf55-c6ae30f4970b,1643973999839,13.4030367,52.47245,5.5329657,-0.56164455,5.11201,-2.0212512,on bike mount,cyclo cross,True,paving stones,good
483ee7a5-1d9c-4e43-b635-efe680ae580a,39e595ac-357b-4a53-93dc-a833b942df92,fc59c6fb-3f9d-4f25-ba06-5a9a32aefbb3,1643973999899,13.4030367,52.47245,5.5329657,1.6124582,5.3472614,-14.010632,on bike mount,cyclo cross,True,paving stones,good
483ee7a5-1d9c-4e43-b635-efe680ae580a,39e595ac-357b-4a53-93dc-a833b942df92,742160cc-e77f-4f41-9a8a-dbb1421a81cb,1643973999955,13.4030367,52.47245,5.5329657,0.70482373,-4.3564405,5.793401,on bike mount,cyclo cross,True,paving stones,good
483ee7a5-1d9c-4e43-b635-efe680ae580a,39e595ac-357b-4a53-93dc-a833b942df92,5e83cecc-9542-48b0-a2c9-45805eb606d1,1643974000006,13.4030367,52.47245,5.5329657,-3.2117167,0.72208405,4.456929,on bike mount,cyclo cross,True,paving stones,good
483ee7a5-1d9c-4e43-b635-efe680ae580a,39e595ac-357b-4a53-93dc-a833b942df92,782f52b0-7e55-44ea-8b5f-5b220b96ce09,1643974000057,13.4030367,52.47245,5.5329657,2.3001473,-3.886225,12.459705,on bike mount,cyclo cross,True,paving stones,good
483ee7a5-1d9c-4e43-b635-efe680ae580a,39e595ac-357b-4a53-93dc-a833b942df92,394a0cbb-125d-4a48-a12b-7d9d33adc24a,1643974000132,13.4030367,52.47245,5.5329657,-1.2100474,-1.1694438,-2.461297,on bike mount,cyclo cross,True,paving stones,good
483ee7a5-1d9c-4e43-b635-efe680ae580a,39e595ac-357b-4a53-93dc-a833b942df92,f9918fae-2657-456f-9c91-520d489294e7,1643974000215,13.4030367,52.47245,5.5329657,-0.10042977,-1.5408764,3.7209702,on bike mount,cyclo cross,True,paving stones,good
483ee7a5-1d9c-4e43-b635-efe680ae580a,39e595ac-357b-4a53-93dc-a833b942df92,a0a79ea5-4426-4746-ad64-6cb736e870da,1643974000277,13.4030367,52.47245,5.5329657,0.345114,0.9080024,-3.0923767,on bike mount,cyclo cross,True,paving stones,good
483ee7a5-1d9c-4e43-b635-efe680ae580a,39e595ac-357b-4a53-93dc-a833b942df92,af457f53-e2b9-40d8-9243-556ef68468d8,1643974000330,13.4030367,52.47245,5.5329657,-1.3456211,5.6327114,-9.37617,on bike mount,cyclo cross,True,paving stones,good
483ee7a5-1d9c-4e43-b635-efe680ae580a,39e595ac-357b-4a53-93dc-a833b942df92,93c78f70-477f-4cb7-882e-54682b2889a9,1643974000406,13.4030367,52.47245,5.5329657,-1.8632294,4.444731,-9.094945,on bike mount,cyclo cross,True,paving stones,good
483ee7a5-1d9c-4e43-b635-efe680ae580a,39e595ac-357b-4a53-93dc-a833b942df92,d8986a15-539d-4809-8198-b561f9fb9fae,1643974000466,13.402956,52.4724488,5.512342,-0.0051904917,0.6201136,-5.9405265,on bike mount,cyclo cross,True,paving stones,good
483ee7a5-1d9c-4e43-b635-efe680ae580a,39e595ac-357b-4a53-93dc-a833b942df92,afbb67b3-353b-4047-9b8a-c5f23276af7d,1643974000523,13.402956,52.4724488,5.512342,-2.2690659,2.5616808,-3.9961457,on bike mount,cyclo cross,True,paving stones,good
483ee7a5-1d9c-4e43-b635-efe680ae580a,39e595ac-357b-4a53-93dc-a833b942df92,c81a6b67-9eda-47cf-8e97-e272d2c725d1,1643974000574,13.402956,52.4724488,5.512342,-0.3239848,1.4080431,7.6274004,on bike mount,cyclo cross,True,paving stones,good
483ee7a5-1d9c-4e43-b635-efe680ae580a,39e595ac-357b-4a53-93dc-a833b942df92,0d169683-3776-4b0a-a929-59b7d36d8967,1643974000644,13.402956,52.4724488,5.512342,0.24626565,4.889717,-11.409245,on bike mount,cyclo cross,True,paving stones,good
483ee7a5-1d9c-4e43-b635-efe680ae580a,39e595ac-357b-4a53-93dc-a833b942df92,1e91a18e-1566-44cd-a6e3-edc7553b9b5a,1643974000715,13.402956,52.4724488,5.512342,0.6344596,1.5225549,-13.935283,on bike mount,cyclo cross,True,paving stones,good
483ee7a5-1d9c-4e43-b635-efe680ae580a,39e595ac-357b-4a53-93dc-a833b942df92,da822509-d60f-46ba-a244-ebbdfb1e171f,1643974000771,13.402956,52.4724488,5.512342,-1.0050845,0.7803364,-4.243885,on bike mount,cyclo cross,True,paving stones,good
483ee7a5-1d9c-4e43-b635-efe680ae580a,39e595ac-357b-4a53-93dc-a833b942df92,aabc3889-88b4-477f-92a8-6931f1d8ab3e,1643974000825,13.402956,52.4724488,5.512342,-0.37285888,-0.2622018,-6.4069014,on bike mount,cyclo cross,True,paving stones,good
483ee7a5-1d9c-4e43-b635-efe680ae580a,39e595ac-357b-4a53-93dc-a833b942df92,f58ab94c-cc87-4e77-934f-7e1e4947314e,1643974000885,13.402956,52.4724488,5.512342,-0.97322285,-5.914392,-6.597096,on bike mount,cyclo cross,True,paving stones,good
483ee7a5-1d9c-4e43-b635-efe680ae580a,39e595ac-357b-4a53-93dc-a833b942df92,defa5dbb-f75a-48cc-b79a-a5f6c774f2f6,1643974000937,13.402956,52.4724488,5.512342,-2.1285996,-2.8796504,-1.1781344,on bike mount,cyclo cross,True,paving stones,good
483ee7a5-1d9c-4e43-b635-efe680ae580a,39e595ac-357b-4a53-93dc-a833b942df92,48305dd8-2ec7-4789-a916-7ae72edb3564,1643974001010,13.402956,52.4724488,5.512342,-1.1835529,0.6149545,-7.799891,on bike mount,cyclo cross,True,paving stones,good
483ee7a5-1d9c-4e43-b635-efe680ae580a,39e595ac-357b-4a53-93dc-a833b942df92,1acc514f-9fa1-4136-b807-776bfb1979c8,1643974001064,13.402956,52.4724488,5.512342,0.20937377,1.073525,1.9492941,on bike mount,cyclo cross,True,paving stones,good
483ee7a5-1d9c-4e43-b635-efe680ae580a,39e595ac-357b-4a53-93dc-a833b942df92,6d1e326d-e9c6-4058-bbb2-04284e4e3357,1643974001118,13.402956,52.4724488,5.512342,-0.15701011,2.437355,-2.805221,on bike mount,cyclo cross,True,paving stones,good
483ee7a5-1d9c-4e43-b635-efe680ae580a,39e595ac-357b-4a53-93dc-a833b942df92,003304a4-44a8-47cb-aca2-8261f9aeef71,1643974001182,13.402956,52.4724488,5.512342,-1.1853075,-0.42816138,-1.0225935,on bike mount,cyclo cross,True,paving stones,good
483ee7a5-1d9c-4e43-b635-efe680ae580a,39e595ac-357b-4a53-93dc-a833b942df92,57a87321-c4e3-4b1c-b7c5-dd0322365067,1643974001253,13.402956,52.4724488,5.512342,-0.4379587,0.87308574,-0.30602646,on bike mount,cyclo cross,True,paving stones,good
483ee7a5-1d9c-4e43-b635-efe680ae580a,39e595ac-357b-4a53-93dc-a833b942df92,e77ee41b-7a02-483d-8505-7a0b8d59f948,1643974001323,13.402956,52.4724488,5.512342,-0.61360717,2.4327025,2.2232046,on bike mount,cyclo cross,True,paving stones,good
483ee7a5-1d9c-4e43-b635-efe680ae580a,39e595ac-357b-4a53-93dc-a833b942df92,ef92aa22-b364-45e5-986f-7397861948b6,1643974001377,13.402956,52.4724488,5.512342,0.51572883,1.9498878,-3.9464734,on bike mount,cyclo cross,True,paving stones,good
483ee7a5-1d9c-4e43-b635-efe680ae580a,39e595ac-357b-4a53-93dc-a833b942df92,cb727de4-341d-465a-9810-679909e20bb1,1643974001450,13.402956,52.4724488,5.512342,-1.3373221,-0.93586314,-0.36452293,on bike mount,cyclo cross,True,paving stones,good
483ee7a5-1d9c-4e43-b635-efe680ae580a,39e595ac-357b-4a53-93dc-a833b942df92,c99a9f5a-b13f-43a1-978b-0efb251c5175,1643974001503,13.4028744,52.4724468,5.457176,0.5986963,-3.624194,-3.3821173,on bike mount,cyclo cross,True,paving stones,good
483ee7a5-1d9c-4e43-b635-efe680ae580a,39e595ac-357b-4a53-93dc-a833b942df92,c5b8828a-d57b-41cd-bd86-30aaa2a66e48,1643974001561,13.4028744,52.4724468,5.457176,-0.17671645,1.3709495,1.7403936,on bike mount,cyclo cross,True,paving stones,good
483ee7a5-1d9c-4e43-b635-efe680ae580a,39e595ac-357b-4a53-93dc-a833b942df92,4ffe532b-a77d-4fbc-b3ca-cf9b65bc39d4,1643974001619,13.4028744,52.4724468,5.457176,0.14303404,2.984188,-2.7004786,on bike mount,cyclo cross,True,paving stones,good
483ee7a5-1d9c-4e43-b635-efe680ae580a,39e595ac-357b-4a53-93dc-a833b942df92,a46fe6b3-6b39-4002-8043-0ece56004064,1643974001685,13.4028744,52.4724468,5.457176,0.80608535,-2.1581168,1.2509403,on bike mount,cyclo cross,True,paving stones,good
483ee7a5-1d9c-4e43-b635-efe680ae580a,39e595ac-357b-4a53-93dc-a833b942df92,8fd348e3-cfe2-441d-95a7-8b824f8301a6,1643974001739,13.4028744,52.4724468,5.457176,1.7743967,2.110663,2.4080544,on bike mount,cyclo cross,True,paving stones,good
483ee7a5-1d9c-4e43-b635-efe680ae580a,39e595ac-357b-4a53-93dc-a833b942df92,90f70f78-2f67-4212-944a-dec5e4294683,1643974001793,13.4028744,52.4724468,5.457176,0.1344218,1.561405,3.178913,on bike mount,cyclo cross,True,paving stones,good
483ee7a5-1d9c-4e43-b635-efe680ae580a,39e595ac-357b-4a53-93dc-a833b942df92,9934556d-8b72-466c-af73-63430e5ddadf,1643974001856,13.4028744,52.4724468,5.457176,0.8681253,0.06810188,-7.7134056,on bike mount,cyclo cross,True,paving stones,good
483ee7a5-1d9c-4e43-b635-efe680ae580a,39e595ac-357b-4a53-93dc-a833b942df92,0c4d6e4d-2935-4e67-bb13-3edba95ae0a1,1643974001924,13.4028744,52.4724468,5.457176,0.5620698,2.3206058,-0.4320116,on bike mount,cyclo cross,True,paving stones,good
483ee7a5-1d9c-4e43-b635-efe680ae580a,39e595ac-357b-4a53-93dc-a833b942df92,448e6960-0727-4e40-9827-d3c265a17c9e,1643974001979,13.4028744,52.4724468,5.457176,0.7832334,-1.7894355,3.5107775,on bike mount,cyclo cross,True,paving stones,good
483ee7a5-1d9c-4e43-b635-efe680ae580a,39e595ac-357b-4a53-93dc-a833b942df92,747db93d-3b79-449d-bbfd-5721ca309de3,1643974002030,13.4028744,52.4724468,5.457176,-1.0674645,-0.42344272,6.1033688,on bike mount,cyclo cross,True,paving stones,good
483ee7a5-1d9c-4e43-b635-efe680ae580a,39e595ac-357b-4a53-93dc-a833b942df92,1bd675c3-1549-411e-ad95-5fb1800cec29,1643974002087,13.4028744,52.4724468,5.457176,-2.7501981,1.5431561,1.8701086,on bike mount,cyclo cross,True,paving stones,good
483ee7a5-1d9c-4e43-b635-efe680ae580a,39e595ac-357b-4a53-93dc-a833b942df92,3361107e-32ae-4bc9-8c09-934ab8cc01ce,1643974002143,13.4028744,52.4724468,5.457176,-0.7659763,-2.1367202,14.109535,on bike mount,cyclo cross,True,paving stones,good
483ee7a5-1d9c-4e43-b635-efe680ae580a,39e595ac-357b-4a53-93dc-a833b942df92,590cb2e7-b1ec-4a3e-bd3d-8719b47e4710,1643974002195,13.4028744,52.4724468,5.457176,-2.6428711,1.5698688,-12.8845005,on bike mount,cyclo cross,True,paving stones,good
483ee7a5-1d9c-4e43-b635-efe680ae580a,39e595ac-357b-4a53-93dc-a833b942df92,a07b473c-d7db-40cb-a79e-ed8d05bbc2d3,1643974002258,13.4028744,52.4724468,5.457176,0.19157028,6.588503,-11.494074,on bike mount,cyclo cross,True,paving stones,good
483ee7a5-1d9c-4e43-b635-efe680ae580a,39e595ac-357b-4a53-93dc-a833b942df92,8e3f6851-3a06-497c-baca-8e200a690de7,1643974002323,13.4028744,52.4724468,5.457176,0.31255114,3.8342428,-11.708868,on bike mount,cyclo cross,True,paving stones,good
483ee7a5-1d9c-4e43-b635-efe680ae580a,39e595ac-357b-4a53-93dc-a833b942df92,08b015ea-6d2a-4170-84bb-b8f3df93b402,1643974002394,13.4028744,52.4724468,5.457176,2.2825952,-0.6181022,10.829888,on bike mount,cyclo cross,True,paving stones,good
483ee7a5-1d9c-4e43-b635-efe680ae580a,39e595ac-357b-4a53-93dc-a833b942df92,099ce2b3-b052-4cf2-88ee-f9eb5a46cd7d,1643974002446,13.402793,52.4724449,5.4634852,-0.30007184,1.382088,9.474859,on bike mount,cyclo cross,True,paving stones,good
483ee7a5-1d9c-4e43-b635-efe680ae580a,39e595ac-357b-4a53-93dc-a833b942df92,63aef606-91fa-4ca1-9f35-26b1786d0f48,1643974002496,13.402793,52.4724449,5.4634852,1.1977267,2.3836446,10.146353,on bike mount,cyclo cross,True,paving stones,good
483ee7a5-1d9c-4e43-b635-efe680ae580a,39e595ac-357b-4a53-93dc-a833b942df92,e828244a-d8f1-4892-a740-81e995aadbcc,1643974002574,13.402793,52.4724449,5.4634852,0.18635786,4.386279,-5.2290263,on bike mount,cyclo cross,True,paving stones,good
483ee7a5-1d9c-4e43-b635-efe680ae580a,39e595ac-357b-4a53-93dc-a833b942df92,bd16275f-e7c4-41cf-ac1f-a8ef51098ab7,1643974002626,13.402793,52.4724449,5.4634852,-0.63961166,0.1362691,5.7740707,on bike mount,cyclo cross,True,paving stones,good
483ee7a5-1d9c-4e43-b635-efe680ae580a,39e595ac-357b-4a53-93dc-a833b942df92,89a93c3a-fe52-4e35-b2f4-e03259d0efb5,1643974002683,13.402793,52.4724449,5.4634852,-1.3149945,3.470652,-1.0092945,on bike mount,cyclo cross,True,paving stones,good
483ee7a5-1d9c-4e43-b635-efe680ae580a,39e595ac-357b-4a53-93dc-a833b942df92,ee429921-1bf7-4886-9f06-11a48a140c55,1643974002756,13.402793,52.4724449,5.4634852,-1.3097591,-0.6440817,-6.2211347,on bike mount,cyclo cross,True,paving stones,good
483ee7a5-1d9c-4e43-b635-efe680ae580a,39e595ac-357b-4a53-93dc-a833b942df92,bfa41bd7-e034-4779-bd15-39a0b48839fd,1643974002836,13.402793,52.4724449,5.4634852,-1.7731328,-0.32398045,-0.603055,on bike mount,cyclo cross,True,paving stones,good
483ee7a5-1d9c-4e43-b635-efe680ae580a,39e595ac-357b-4a53-93dc-a833b942df92,b9ef80d3-c86d-4f9c-8b1a-5b24786fadec,1643974002898,13.402793,52.4724449,5.4634852,-1.4631469,0.12733746,-4.8116937,on bike mount,cyclo cross,True,paving stones,good
483ee7a5-1d9c-4e43-b635-efe680ae580a,39e595ac-357b-4a53-93dc-a833b942df92,90ab3f1c-5dbd-48e5-9aa7-278594b552c3,1643974002947,13.402793,52.4724449,5.4634852,-1.0562974,1.1426809,-2.6150975,on bike mount,cyclo cross,True,paving stones,good
483ee7a5-1d9c-4e43-b635-efe680ae580a,39e595ac-357b-4a53-93dc-a833b942df92,a600e8bb-f71b-4c85-a04c-1d22a1e717c8,1643974003014,13.402793,52.4724449,5.4634852,-0.3606707,-0.15332079,-5.171397,on bike mount,cyclo cross,True,paving stones,good
483ee7a5-1d9c-4e43-b635-efe680ae580a,39e595ac-357b-4a53-93dc-a833b942df92,ea15e782-a22e-4d3e-87e6-148ba4b1d129,1643974003103,13.402793,52.4724449,5.4634852,-2.1414394,0.6095786,8.143501,on bike mount,cyclo cross,True,paving stones,good
483ee7a5-1d9c-4e43-b635-efe680ae580a,39e595ac-357b-4a53-93dc-a833b942df92,910ac4ea-6706-4673-bad3-9a40ac49e4d5,1643974003167,13.402793,52.4724449,5.4634852,1.9330821,-3.3738785,0.0269413,on bike mount,cyclo cross,True,paving stones,good
483ee7a5-1d9c-4e43-b635-efe680ae580a,39e595ac-357b-4a53-93dc-a833b942df92,f19a2aae-c035-4112-a004-05ab1a41547f,1643974003236,13.402793,52.4724449,5.4634852,-1.183842,4.171673,-3.7404704,on bike mount,cyclo cross,True,paving stones,good
483ee7a5-1d9c-4e43-b635-efe680ae580a,39e595ac-357b-4a53-93dc-a833b942df92,436a4f50-f292-4ec1-917d-81445806f05d,1643974003299,13.402793,52.4724449,5.4634852,1.3023143,1.5813398,-8.053247,on bike mount,cyclo cross,True,paving stones,good
483ee7a5-1d9c-4e43-b635-efe680ae580a,39e595ac-357b-4a53-93dc-a833b942df92,eef225a0-09e6-4835-ae24-c943825f24ec,1643974003377,13.402793,52.4724449,5.4634852,-0.9571852,0.33798528,-1.6769309,on bike mount,cyclo cross,True,paving stones,good
483ee7a5-1d9c-4e43-b635-efe680ae580a,39e595ac-357b-4a53-93dc-a833b942df92,21e4948f-ae52-41cc-add8-4e3ca750bc31,1643974003436,13.402793,52.4724449,5.4634852,-0.33703792,-2.9498305,10.101648,on bike mount,cyclo cross,True,paving stones,good
483ee7a5-1d9c-4e43-b635-efe680ae580a,39e595ac-357b-4a53-93dc-a833b942df92,5231efed-2837-46df-8c8b-6b04257f357d,1643974003497,13.4027108,52.4724439,5.4648523,-0.35672462,2.8678365,9.464728,on bike mount,cyclo cross,True,paving stones,good
483ee7a5-1d9c-4e43-b635-efe680ae580a,39e595ac-357b-4a53-93dc-a833b942df92,ee2dac27-4845-4aa9-a95f-8439f0e7cf32,1643974003557,13.4027108,52.4724439,5.4648523,-2.8831623,1.2408578,-2.4963088,on bike mount,cyclo cross,True,paving stones,good
483ee7a5-1d9c-4e43-b635-efe680ae580a,39e595ac-357b-4a53-93dc-a833b942df92,f8f2c4be-20be-40f8-a2dc-a75d80edadd6,1643974003615,13.4027108,52.4724439,5.4648523,-0.2708805,-1.479158,-1.7457175,on bike mount,cyclo cross,True,paving stones,good
483ee7a5-1d9c-4e43-b635-efe680ae580a,39e595ac-357b-4a53-93dc-a833b942df92,74434c94-998d-4543-9e08-0a99f7e13c71,1643974003665,13.4027108,52.4724439,5.4648523,-1.4239457,-0.30490422,-6.0400476,on bike mount,cyclo cross,True,paving stones,good
483ee7a5-1d9c-4e43-b635-efe680ae580a,39e595ac-357b-4a53-93dc-a833b942df92,1e842b81-fa9d-4f79-91e6-0eebbb80128f,1643974003722,13.4027108,52.4724439,5.4648523,-1.5675017,3.7254348,-3.3042989,on bike mount,cyclo cross,True,paving stones,good
483ee7a5-1d9c-4e43-b635-efe680ae580a,39e595ac-357b-4a53-93dc-a833b942df92,a7232415-bc34-474a-b903-c540e3e354ab,1643974003777,13.4027108,52.4724439,5.4648523,0.40879917,2.96282,-2.9593925,on bike mount,cyclo cross,True,paving stones,good
483ee7a5-1d9c-4e43-b635-efe680ae580a,39e595ac-357b-4a53-93dc-a833b942df92,867f0a69-1d80-4fee-8ead-c9252911bbf8,1643974003833,13.4027108,52.4724439,5.4648523,-2.5854373,2.3290415,-8.620769,on bike mount,cyclo cross,True,paving stones,good
483ee7a5-1d9c-4e43-b635-efe680ae580a,39e595ac-357b-4a53-93dc-a833b942df92,17386ffb-bf98-41fb-a9a8-453b451f2301,1643974003914,13.4027108,52.4724439,5.4648523,0.06138277,9.559631,-31.159693,on bike mount,cyclo cross,True,paving stones,good
483ee7a5-1d9c-4e43-b635-efe680ae580a,39e595ac-357b-4a53-93dc-a833b942df92,c839cfe6-0311-4915-81ce-5278413f7958,1643974003976,13.4027108,52.4724439,5.4648523,-0.10325241,-1.0460424,8.356828,on bike mount,cyclo cross,True,paving stones,good
483ee7a5-1d9c-4e43-b635-efe680ae580a,39e595ac-357b-4a53-93dc-a833b942df92,df93543f-afad-4bca-8149-c8c7625c7417,1643974004044,13.4027108,52.4724439,5.4648523,-0.34046304,-5.015081,12.640282,on bike mount,cyclo cross,True,paving stones,good
483ee7a5-1d9c-4e43-b635-efe680ae580a,39e595ac-357b-4a53-93dc-a833b942df92,b8c85ba0-00d7-4e79-9158-5427e1906bb0,1643974004113,13.4027108,52.4724439,5.4648523,-0.93921405,-0.69747615,4.8545055,on bike mount,cyclo cross,True,paving stones,good
483ee7a5-1d9c-4e43-b635-efe680ae580a,39e595ac-357b-4a53-93dc-a833b942df92,3e9f3198-5f12-4080-844e-a5792ee5fa24,1643974004167,13.4027108,52.4724439,5.4648523,0.06787968,-0.87227213,-4.761931,on bike mount,cyclo cross,True,paving stones,good
483ee7a5-1d9c-4e43-b635-efe680ae580a,39e595ac-357b-4a53-93dc-a833b942df92,000660ae-0725-417e-aa3e-7e2ecf74960f,1643974004242,13.4027108,52.4724439,5.4648523,-0.5852392,-2.5219333,-8.283579,on bike mount,cyclo cross,True,paving stones,good
483ee7a5-1d9c-4e43-b635-efe680ae580a,39e595ac-357b-4a53-93dc-a833b942df92,99cd6af5-b8d7-46f3-9e6c-601b2ab61016,1643974004298,13.4027108,52.4724439,5.4648523,0.5381268,-2.4907866,-1.0667982,on bike mount,cyclo cross,True,paving stones,good
483ee7a5-1d9c-4e43-b635-efe680ae580a,39e595ac-357b-4a53-93dc-a833b942df92,09962de2-76a9-4d9d-8bec-58bd7ccb3076,1643974004350,13.4027108,52.4724439,5.4648523,-1.157848,-4.31227,17.630295,on bike mount,cyclo cross,True,paving stones,good
483ee7a5-1d9c-4e43-b635-efe680ae580a,39e595ac-357b-4a53-93dc-a833b942df92,2474870a-45a1-4206-8fec-922bdfab0d5b,1643974004402,13.4027108,52.4724439,5.4648523,-0.4777866,-0.50743866,9.706581,on bike mount,cyclo cross,True,paving stones,good
483ee7a5-1d9c-4e43-b635-efe680ae580a,39e595ac-357b-4a53-93dc-a833b942df92,95abf459-0f7e-4b2d-87fa-58a8dbfc5f26,1643974004465,13.4026301,52.4724426,5.476194,-1.6838336,-1.3427707,-5.040703,on bike mount,cyclo cross,True,paving stones,good
483ee7a5-1d9c-4e43-b635-efe680ae580a,39e595ac-357b-4a53-93dc-a833b942df92,b2229b92-47af-4a8a-8312-2e883551b128,1643974004515,13.4026301,52.4724426,5.476194,-2.0727403,-3.833062,-1.6427069,on bike mount,cyclo cross,True,paving stones,good
483ee7a5-1d9c-4e43-b635-efe680ae580a,39e595ac-357b-4a53-93dc-a833b942df92,49c3a551-dbdf-4219-b074-834c2abaac15,1643974004566,13.4026301,52.4724426,5.476194,-0.15019596,1.2206728,-2.1622958,on bike mount,cyclo cross,True,paving stones,good
483ee7a5-1d9c-4e43-b635-efe680ae580a,39e595ac-357b-4a53-93dc-a833b942df92,142bbe82-3bbf-4039-98ed-2484d63e6ec8,1643974004618,13.4026301,52.4724426,5.476194,0.8113649,0.85314965,6.661457,on bike mount,cyclo cross,True,paving stones,good
483ee7a5-1d9c-4e43-b635-efe680ae580a,39e595ac-357b-4a53-93dc-a833b942df92,3c76c76b-eb0e-4332-82b6-1e554a5d53d4,1643974004670,13.4026301,52.4724426,5.476194,-0.21697223,2.752776,-6.6071486,on bike mount,cyclo cross,True,paving stones,good
483ee7a5-1d9c-4e43-b635-efe680ae580a,39e595ac-357b-4a53-93dc-a833b942df92,cae5fd65-1953-44e6-8a1c-4cd91b4255be,1643974004728,13.4026301,52.4724426,5.476194,0.38680875,-0.7748821,-3.428653,on bike mount,cyclo cross,True,paving stones,good
483ee7a5-1d9c-4e43-b635-efe680ae580a,39e595ac-357b-4a53-93dc-a833b942df92,0a5554a9-1523-4cdf-ba7d-b3505bc575c8,1643974004801,13.4026301,52.4724426,5.476194,0.91224575,4.251477,7.415371,on bike mount,cyclo cross,True,paving stones,good
483ee7a5-1d9c-4e43-b635-efe680ae580a,39e595ac-357b-4a53-93dc-a833b942df92,afbc3102-3f52-405d-9c2b-e8f0310dabe6,1643974004865,13.4026301,52.4724426,5.476194,1.0823957,-1.1503417,3.3256187,on bike mount,cyclo cross,True,paving stones,good
483ee7a5-1d9c-4e43-b635-efe680ae580a,39e595ac-357b-4a53-93dc-a833b942df92,4e6206f7-c30e-431f-a4b8-791453078be6,1643974004929,13.4026301,52.4724426,5.476194,-0.18415701,0.6217556,-2.806416,on bike mount,cyclo cross,True,paving stones,good
483ee7a5-1d9c-4e43-b635-efe680ae580a,39e595ac-357b-4a53-93dc-a833b942df92,dbb50dcc-aaa9-4c43-a2f5-46d12f9373d3,1643974004985,13.4026301,52.4724426,5.476194,0.66231114,0.7216344,10.06261,on bike mount,cyclo cross,True,paving stones,good
483ee7a5-1d9c-4e43-b635-efe680ae580a,39e595ac-357b-4a53-93dc-a833b942df92,6527ac99-9e13-4d40-94cf-e47d911131f1,1643974005057,13.4026301,52.4724426,5.476194,0.23498979,0.49120498,-4.688707,on bike mount,cyclo cross,True,paving stones,good
483ee7a5-1d9c-4e43-b635-efe680ae580a,39e595ac-357b-4a53-93dc-a833b942df92,1a5e6497-5ec2-41d8-bbb1-098633674661,1643974005119,13.4026301,52.4724426,5.476194,2.0593252,1.9259286,2.7490501,on bike mount,cyclo cross,True,paving stones,good
483ee7a5-1d9c-4e43-b635-efe680ae580a,39e595ac-357b-4a53-93dc-a833b942df92,2a143a0f-4502-46f6-8325-cc2fdc302682,1643974005172,13.4026301,52.4724426,5.476194,-3.300612,4.3171706,-3.0794387,on bike mount,cyclo cross,True,paving stones,good
483ee7a5-1d9c-4e43-b635-efe680ae580a,39e595ac-357b-4a53-93dc-a833b942df92,8885e5cc-9582-4903-835a-76d4e898b364,1643974005252,13.4026301,52.4724426,5.476194,-0.96330285,4.9836054,-10.624212,on bike mount,cyclo cross,True,paving stones,good
483ee7a5-1d9c-4e43-b635-efe680ae580a,39e595ac-357b-4a53-93dc-a833b942df92,36f69eb8-7efb-4f65-9623-4c493ba45c73,1643974005315,13.4026301,52.4724426,5.476194,-2.373782,1.6620831,-3.8988013,on bike mount,cyclo cross,True,paving stones,good
483ee7a5-1d9c-4e43-b635-efe680ae580a,39e595ac-357b-4a53-93dc-a833b942df92,b766d6c2-f785-4430-a60a-c01406421fc9,1643974005370,13.4026301,52.4724426,5.476194,-0.7776661,-0.24456441,1.5852404,on bike mount,cyclo cross,True,paving stones,good
483ee7a5-1d9c-4e43-b635-efe680ae580a,39e595ac-357b-4a53-93dc-a833b942df92,7c712612-dcdd-497c-9286-d84f1a0de89b,1643974005442,13.4026301,52.4724426,5.476194,-1.015121,-4.961726,6.8840237,on bike mount,cyclo cross,True,paving stones,good
483ee7a5-1d9c-4e43-b635-efe680ae580a,39e595ac-357b-4a53-93dc-a833b942df92,38e2cfda-167c-4e4b-b1e3-5a639f4d4f45,1643974005501,13.4025471,52.472441,5.4978156,0.14356041,2.0062413,-5.173991,on bike mount,cyclo cross,True,paving stones,good
483ee7a5-1d9c-4e43-b635-efe680ae580a,39e595ac-357b-4a53-93dc-a833b942df92,4249fd2b-d51d-4504-9d10-37ee85ae1c4a,1643974005563,13.4025471,52.472441,5.4978156,0.87535596,-1.2644029,1.7047501,on bike mount,cyclo cross,True,paving stones,good
483ee7a5-1d9c-4e43-b635-efe680ae580a,39e595ac-357b-4a53-93dc-a833b942df92,05d43e2e-aede-4bae-afe6-c9ea5a264983,1643974005629,13.4025471,52.472441,5.4978156,1.3798153,3.8016653,-4.671386,on bike mount,cyclo cross,True,paving stones,good
483ee7a5-1d9c-4e43-b635-efe680ae580a,39e595ac-357b-4a53-93dc-a833b942df92,bd4b8819-0b65-437a-8b88-031bee59c261,1643974005685,13.4025471,52.472441,5.4978156,-0.22983623,-3.037572,-0.5239277,on bike mount,cyclo cross,True,paving stones,good
483ee7a5-1d9c-4e43-b635-efe680ae580a,39e595ac-357b-4a53-93dc-a833b942df92,d8beb150-74da-457d-bd44-72d574832316,1643974005754,13.4025471,52.472441,5.4978156,0.66592765,-2.4380898,7.944559,on bike mount,cyclo cross,True,paving stones,good
483ee7a5-1d9c-4e43-b635-efe680ae580a,39e595ac-357b-4a53-93dc-a833b942df92,e4ad0c86-7cd6-4e2a-879a-97c4792dd05c,1643974005815,13.4025471,52.472441,5.4978156,-0.5865926,-1.3020148,-4.0433426,on bike mount,cyclo cross,True,paving stones,good
483ee7a5-1d9c-4e43-b635-efe680ae580a,39e595ac-357b-4a53-93dc-a833b942df92,c590d18e-09a0-448b-9538-5153200bb951,1643974005869,13.4025471,52.472441,5.4978156,1.0963042,-4.7787366,9.987015,on bike mount,cyclo cross,True,paving stones,good
483ee7a5-1d9c-4e43-b635-efe680ae580a,39e595ac-357b-4a53-93dc-a833b942df92,f73b1374-c444-4295-a8f4-72cd1ccd7aa4,1643974005920,13.4025471,52.472441,5.4978156,0.70969677,-4.5106997,17.974731,on bike mount,cyclo cross,True,paving stones,good
483ee7a5-1d9c-4e43-b635-efe680ae580a,39e595ac-357b-4a53-93dc-a833b942df92,3905efed-3e37-4f6a-a0ec-772819bfa777,1643974005971,13.4025471,52.472441,5.4978156,-1.2820307,-1.863465,-2.5491204,on bike mount,cyclo cross,True,paving stones,good
483ee7a5-1d9c-4e43-b635-efe680ae580a,39e595ac-357b-4a53-93dc-a833b942df92,1f80b9d8-33f2-4ac2-b1b5-2a3d9289c8d6,1643974006035,13.4025471,52.472441,5.4978156,-1.466074,-3.3228786,2.1193829,on bike mount,cyclo cross,True,paving stones,good
483ee7a5-1d9c-4e43-b635-efe680ae580a,39e595ac-357b-4a53-93dc-a833b942df92,470c21ad-9988-4bb5-b79b-f57c52295773,1643974006086,13.4025471,52.472441,5.4978156,-2.5171037,-1.5882971,-5.9542646,on bike mount,cyclo cross,True,paving stones,good
483ee7a5-1d9c-4e43-b635-efe680ae580a,39e595ac-357b-4a53-93dc-a833b942df92,e2dd7d3d-21fd-4f37-b732-5de902816779,1643974006147,13.4025471,52.472441,5.4978156,-1.2345436,-5.3082767,7.4880123,on bike mount,cyclo cross,True,paving stones,good
483ee7a5-1d9c-4e43-b635-efe680ae580a,39e595ac-357b-4a53-93dc-a833b942df92,cd23a886-0ced-406b-9088-f3c664fc03a8,1643974006216,13.4025471,52.472441,5.4978156,-1.3517597,0.9270166,18.854202,on bike mount,cyclo cross,True,paving stones,good
483ee7a5-1d9c-4e43-b635-efe680ae580a,39e595ac-357b-4a53-93dc-a833b942df92,c1ec1f28-90e9-497f-8cec-bb44caf4b022,1643974006281,13.4025471,52.472441,5.4978156,-0.68021536,3.0927796,-8.60303,on bike mount,cyclo cross,True,paving stones,good
483ee7a5-1d9c-4e43-b635-efe680ae580a,d942b7cc-09f3-4309-b6c9-7f35f5ad8adb,69ffeccb-b93f-49f1-8207-8aed61493940,1643974000672,13.402956,52.4724488,5.512342,-0.10069686,-0.08725071,-2.6069183,on bike mount,cyclo cross,True,paving stones,good
483ee7a5-1d9c-4e43-b635-efe680ae580a,d942b7cc-09f3-4309-b6c9-7f35f5ad8adb,d0982396-f4e2-40d1-a43e-077e577e208a,1643974000732,13.402956,52.4724488,5.512342,0.63219595,-3.6606195,5.2970886,on bike mount,cyclo cross,True,paving stones,good
483ee7a5-1d9c-4e43-b635-efe680ae580a,d942b7cc-09f3-4309-b6c9-7f35f5ad8adb,08bac8fb-00cf-4026-8459-29032a4a742c,1643974000794,13.402956,52.4724488,5.512342,-0.27005172,0.37605953,3.9086885,on bike mount,cyclo cross,True,paving stones,good
483ee7a5-1d9c-4e43-b635-efe680ae580a,d942b7cc-09f3-4309-b6c9-7f35f5ad8adb,84fd0a8a-9204-4a66-954d-c54672cda38a,1643974000853,13.402956,52.4724488,5.512342,-0.042692065,7.4446707,-11.631199,on bike mount,cyclo cross,True,paving stones,good
483ee7a5-1d9c-4e43-b635-efe680ae580a,d942b7cc-09f3-4309-b6c9-7f35f5ad8adb,5b878202-52e4-4607-9657-dbce49a3a8ef,1643974000933,13.402956,52.4724488,5.512342,-1.2674103,-0.95527244,-7.305001,on bike mount,cyclo cross,True,paving stones,good
483ee7a5-1d9c-4e43-b635-efe680ae580a,d942b7cc-09f3-4309-b6c9-7f35f5ad8adb,09516048-d62d-4437-b8c4-cae719767d6e,1643974000993,13.402956,52.4724488,5.512342,-1.3144805,-2.4141307,13.899988,on bike mount,cyclo cross,True,paving stones,good
483ee7a5-1d9c-4e43-b635-efe680ae580a,d942b7cc-09f3-4309-b6c9-7f35f5ad8adb,2776ce66-f958-4ecb-91d7-d0e76d0b110c,1643974001058,13.402956,52.4724488,5.512342,-0.78688025,-2.450913,-3.996205,on bike mount,cyclo cross,True,paving stones,good
483ee7a5-1d9c-4e43-b635-efe680ae580a,d942b7cc-09f3-4309-b6c9-7f35f5ad8adb,93b44426-34e4-4ccb-8ea0-f877c0922ce6,1643974001118,13.402956,52.4724488,5.512342,-0.15701011,2.437355,-2.805221,on bike mount,cyclo cross,True,paving stones,good
483ee7a5-1d9c-4e43-b635-efe680ae580a,d942b7cc-09f3-4309-b6c9-7f35f5ad8adb,f975f061-9306-4306-aae3-3c2e3057f381,1643974001181,13.402956,52.4724488,5.512342,-1.1853075,-0.42816138,-1.0225935,on bike mount,cyclo cross,True,paving stones,good
483ee7a5-1d9c-4e43-b635-efe680ae580a,d942b7cc-09f3-4309-b6c9-7f35f5ad8adb,71338af9-cf5f-461a-9df2-9f21756cfdfb,1643974001253,13.402956,52.4724488,5.512342,-0.28801316,1.3935397,0.31568432,on bike mount,cyclo cross,True,paving stones,good
483ee7a5-1d9c-4e43-b635-efe680ae580a,d942b7cc-09f3-4309-b6c9-7f35f5ad8adb,707a2d94-d3a5-42e9-be62-c54656db3cf7,1643974001321,13.402956,52.4724488,5.512342,-0.24210978,1.8603063,3.5368133,on bike mount,cyclo cross,True,paving stones,good
483ee7a5-1d9c-4e43-b635-efe680ae580a,d942b7cc-09f3-4309-b6c9-7f35f5ad8adb,86a9f4ec-0265-4521-af0d-a01bc9b5b974,1643974001376,13.402956,52.4724488,5.512342,0.51572883,1.9498878,-3.9464734,on bike mount,cyclo cross,True,paving stones,good
483ee7a5-1d9c-4e43-b635-efe680ae580a,d942b7cc-09f3-4309-b6c9-7f35f5ad8adb,146d6762-935c-4c5e-b121-0084142a90a9,1643974001450,13.402956,52.4724488,5.512342,-0.5575982,-1.2441562,-1.7044878,on bike mount,cyclo cross,True,paving stones,good
483ee7a5-1d9c-4e43-b635-efe680ae580a,d942b7cc-09f3-4309-b6c9-7f35f5ad8adb,b6291af0-ef98-4d43-aeba-15a4338324ba,1643974001503,13.4028744,52.4724468,5.457176,0.5986963,-3.624194,-3.3821173,on bike mount,cyclo cross,True,paving stones,good
483ee7a5-1d9c-4e43-b635-efe680ae580a,d942b7cc-09f3-4309-b6c9-7f35f5ad8adb,6e74e0bf-7be0-4df2-a687-85f5614300ee,1643974001562,13.4028744,52.4724468,5.457176,-0.17671645,1.3709495,1.7403936,on bike mount,cyclo cross,True,paving stones,good
483ee7a5-1d9c-4e43-b635-efe680ae580a,d942b7cc-09f3-4309-b6c9-7f35f5ad8adb,f17803d4-5fc1-4c55-ae40-a27b451bf016,1643974001621,13.4028744,52.4724468,5.457176,0.14303404,2.984188,-2.7004786,on bike mount,cyclo cross,True,paving stones,good
483ee7a5-1d9c-4e43-b635-efe680ae580a,d942b7cc-09f3-4309-b6c9-7f35f5ad8adb,25664ec6-fb93-49ae-a87f-45ce9304a212,1643974001686,13.4028744,52.4724468,5.457176,0.80608535,-2.1581168,1.2509403,on bike mount,cyclo cross,True,paving stones,good
483ee7a5-1d9c-4e43-b635-efe680ae580a,d942b7cc-09f3-4309-b6c9-7f35f5ad8adb,a70df28d-d99f-4b8c-8fe2-a8a5072e4152,1643974001740,13.4028744,52.4724468,5.457176,1.7743967,2.110663,2.4080544,on bike mount,cyclo cross,True,paving stones,good
483ee7a5-1d9c-4e43-b635-efe680ae580a,d942b7cc-09f3-4309-b6c9-7f35f5ad8adb,32d96c37-4d1b-4813-9b17-1cdff2e1121d,1643974001794,13.4028744,52.4724468,5.457176,0.1344218,1.561405,3.178913,on bike mount,cyclo cross,True,paving stones,good
483ee7a5-1d9c-4e43-b635-efe680ae580a,d942b7cc-09f3-4309-b6c9-7f35f5ad8adb,d2d4b61b-8d41-4176-94d4-37301b3df687,1643974001856,13.4028744,52.4724468,5.457176,0.8681253,0.06810188,-7.7134056,on bike mount,cyclo cross,True,paving stones,good
483ee7a5-1d9c-4e43-b635-efe680ae580a,d942b7cc-09f3-4309-b6c9-7f35f5ad8adb,c7b07f27-a2cd-4e1c-b29f-f78d94461350,1643974001926,13.4028744,52.4724468,5.457176,-0.5062914,0.5802815,4.4294767,on bike mount,cyclo cross,True,paving stones,good
483ee7a5-1d9c-4e43-b635-efe680ae580a,d942b7cc-09f3-4309-b6c9-7f35f5ad8adb,b0bc86b9-a88c-45a5-9420-eec60d61572c,1643974001980,13.4028744,52.4724468,5.457176,0.7832334,-1.7894355,3.5107775,on bike mount,cyclo cross,True,paving stones,good
483ee7a5-1d9c-4e43-b635-efe680ae580a,d942b7cc-09f3-4309-b6c9-7f35f5ad8adb,da9f6b46-28d5-464f-ad67-c816e3f5873e,1643974002044,13.4028744,52.4724468,5.457176,-1.1562355,-1.2129587,-5.0856457,on bike mount,cyclo cross,True,paving stones,good
483ee7a5-1d9c-4e43-b635-efe680ae580a,d942b7cc-09f3-4309-b6c9-7f35f5ad8adb,a0905714-4025-4a74-ae97-eb2193cd7339,1643974002107,13.4028744,52.4724468,5.457176,-3.4868667,-2.4044285,6.7269163,on bike mount,cyclo cross,True,paving stones,good
483ee7a5-1d9c-4e43-b635-efe680ae580a,d942b7cc-09f3-4309-b6c9-7f35f5ad8adb,cc8517a7-43d1-4d23-a013-7426858c24d5,1643974002167,13.4028744,52.4724468,5.457176,0.636636,0.028974533,7.04813,on bike mount,cyclo cross,True,paving stones,good
483ee7a5-1d9c-4e43-b635-efe680ae580a,d942b7cc-09f3-4309-b6c9-7f35f5ad8adb,09e6772d-e8fc-4193-978d-a3294993300d,1643974002224,13.4028744,52.4724468,5.457176,-3.1831417,11.754915,-30.67654,on bike mount,cyclo cross,True,paving stones,good
483ee7a5-1d9c-4e43-b635-efe680ae580a,d942b7cc-09f3-4309-b6c9-7f35f5ad8adb,3c7b8169-c718-4a83-b577-4a77a55932ba,1643974002278,13.4028744,52.4724468,5.457176,-1.4873852,-2.8830829,3.7436237,on bike mount,cyclo cross,True,paving stones,good
483ee7a5-1d9c-4e43-b635-efe680ae580a,d942b7cc-09f3-4309-b6c9-7f35f5ad8adb,d68d8813-f8d1-4d95-a4f9-578b1f373b09,1643974002341,13.4028744,52.4724468,5.457176,-1.5470088,-2.1873748,12.675308,on bike mount,cyclo cross,True,paving stones,good
483ee7a5-1d9c-4e43-b635-efe680ae580a,d942b7cc-09f3-4309-b6c9-7f35f5ad8adb,8bb907bb-1cf2-49f8-b124-b36d0fce49ea,1643974002394,13.4028744,52.4724468,5.457176,2.2825952,-0.6181022,10.829888,on bike mount,cyclo cross,True,paving stones,good
483ee7a5-1d9c-4e43-b635-efe680ae580a,d942b7cc-09f3-4309-b6c9-7f35f5ad8adb,0dec9cbd-f1e7-482c-a8ea-24a69f3c3804,1643974002447,13.402793,52.4724449,5.4634852,-0.30007184,1.382088,9.474859,on bike mount,cyclo cross,True,paving stones,good
483ee7a5-1d9c-4e43-b635-efe680ae580a,d942b7cc-09f3-4309-b6c9-7f35f5ad8adb,14e77631-baa1-48e1-a624-8d382cda8711,1643974002512,13.402793,52.4724449,5.4634852,-2.9722114,-5.569109,3.323302,on bike mount,cyclo cross,True,paving stones,good
483ee7a5-1d9c-4e43-b635-efe680ae580a,d942b7cc-09f3-4309-b6c9-7f35f5ad8adb,550481f5-d3b6-4fc5-a2ae-30338faab0fc,1643974002574,13.402793,52.4724449,5.4634852,0.07252538,2.8042626,-6.513687,on bike mount,cyclo cross,True,paving stones,good
483ee7a5-1d9c-4e43-b635-efe680ae580a,d942b7cc-09f3-4309-b6c9-7f35f5ad8adb,fe739bbc-9f95-4914-b940-be10497b3de4,1643974002643,13.402793,52.4724449,5.4634852,0.16043067,-2.1255941,9.93914,on bike mount,cyclo cross,True,paving stones,good
483ee7a5-1d9c-4e43-b635-efe680ae580a,d942b7cc-09f3-4309-b6c9-7f35f5ad8adb,aa995716-c50c-47a2-a3fb-9dfd96eefa6c,1643974002706,13.402793,52.4724449,5.4634852,0.7361934,1.0981772,11.537842,on bike mount,cyclo cross,True,paving stones,good
483ee7a5-1d9c-4e43-b635-efe680ae580a,d942b7cc-09f3-4309-b6c9-7f35f5ad8adb,c770d770-cb11-4698-9c84-5fb295b9a14a,1643974002765,13.402793,52.4724449,5.4634852,-1.441354,-1.5930437,-5.227076,on bike mount,cyclo cross,True,paving stones,good
483ee7a5-1d9c-4e43-b635-efe680ae580a,d942b7cc-09f3-4309-b6c9-7f35f5ad8adb,91ac91d2-6532-451a-a6bb-df364023312c,1643974002837,13.402793,52.4724449,5.4634852,-1.7731328,-0.32398045,-0.603055,on bike mount,cyclo cross,True,paving stones,good
483ee7a5-1d9c-4e43-b635-efe680ae580a,d942b7cc-09f3-4309-b6c9-7f35f5ad8adb,52bb3168-55f8-4972-94b8-3e707c54cbf1,1643974002898,13.402793,52.4724449,5.4634852,-1.4631469,0.12733746,-4.8116937,on bike mount,cyclo cross,True,paving stones,good
483ee7a5-1d9c-4e43-b635-efe680ae580a,d942b7cc-09f3-4309-b6c9-7f35f5ad8adb,91f67e0c-3720-4f92-926b-91721cddc55f,1643974002947,13.402793,52.4724449,5.4634852,-1.0562974,1.1426809,-2.6150975,on bike mount,cyclo cross,True,paving stones,good
483ee7a5-1d9c-4e43-b635-efe680ae580a,d942b7cc-09f3-4309-b6c9-7f35f5ad8adb,15f042e9-1ea4-4750-8eda-cf0b82ef813e,1643974003015,13.402793,52.4724449,5.4634852,-0.2619437,-0.7919606,-4.5863237,on bike mount,cyclo cross,True,paving stones,good
483ee7a5-1d9c-4e43-b635-efe680ae580a,d942b7cc-09f3-4309-b6c9-7f35f5ad8adb,d47cdd78-9505-42f9-8e16-b3ba743faca2,1643974003104,13.402793,52.4724449,5.4634852,-1.7126075,1.4184828,7.896574,on bike mount,cyclo cross,True,paving stones,good
483ee7a5-1d9c-4e43-b635-efe680ae580a,d942b7cc-09f3-4309-b6c9-7f35f5ad8adb,5b32ebf1-4d3f-489b-9a3e-39d66664198a,1643974003167,13.402793,52.4724449,5.4634852,1.9330821,-3.3738785,0.0269413,on bike mount,cyclo cross,True,paving stones,good
483ee7a5-1d9c-4e43-b635-efe680ae580a,d942b7cc-09f3-4309-b6c9-7f35f5ad8adb,63a96ff1-f75f-44bd-ad3b-82632811cfb3,1643974003236,13.402793,52.4724449,5.4634852,-1.183842,4.171673,-3.7404704,on bike mount,cyclo cross,True,paving stones,good
483ee7a5-1d9c-4e43-b635-efe680ae580a,d942b7cc-09f3-4309-b6c9-7f35f5ad8adb,5203912f-1f61-42d0-be56-e2cabed5df62,1643974003299,13.402793,52.4724449,5.4634852,1.3023143,1.5813398,-8.053247,on bike mount,cyclo cross,True,paving stones,good
483ee7a5-1d9c-4e43-b635-efe680ae580a,d942b7cc-09f3-4309-b6c9-7f35f5ad8adb,7da6f904-587a-4618-b3a0-35acf1804627,1643974003377,13.402793,52.4724449,5.4634852,-0.9571852,0.33798528,-1.6769309,on bike mount,cyclo cross,True,paving stones,good
483ee7a5-1d9c-4e43-b635-efe680ae580a,d942b7cc-09f3-4309-b6c9-7f35f5ad8adb,28fcadb2-f50b-4c06-8b4f-72b15d0b54db,1643974003436,13.402793,52.4724449,5.4634852,-0.33703792,-2.9498305,10.101648,on bike mount,cyclo cross,True,paving stones,good
483ee7a5-1d9c-4e43-b635-efe680ae580a,d942b7cc-09f3-4309-b6c9-7f35f5ad8adb,efd6e8d6-5b1e-4366-8123-e16ef42f9b32,1643974003497,13.4027108,52.4724439,5.4648523,-0.35672462,2.8678365,9.464728,on bike mount,cyclo cross,True,paving stones,good
483ee7a5-1d9c-4e43-b635-efe680ae580a,d942b7cc-09f3-4309-b6c9-7f35f5ad8adb,a990b515-f534-40fd-acad-8bdc4ef277b3,1643974003557,13.4027108,52.4724439,5.4648523,-2.8831623,1.2408578,-2.4963088,on bike mount,cyclo cross,True,paving stones,good
483ee7a5-1d9c-4e43-b635-efe680ae580a,d942b7cc-09f3-4309-b6c9-7f35f5ad8adb,f6390a1d-a60d-4ca0-9c8b-7ad36cada23c,1643974003615,13.4027108,52.4724439,5.4648523,-1.3127534,-2.659452,-6.9575157,on bike mount,cyclo cross,True,paving stones,good
483ee7a5-1d9c-4e43-b635-efe680ae580a,d942b7cc-09f3-4309-b6c9-7f35f5ad8adb,6d4c95fc-f4d3-4ae9-b37b-326bf1563307,1643974003665,13.4027108,52.4724439,5.4648523,-2.0616913,1.287705,-9.479547,on bike mount,cyclo cross,True,paving stones,good
483ee7a5-1d9c-4e43-b635-efe680ae580a,d942b7cc-09f3-4309-b6c9-7f35f5ad8adb,27cc0a11-cf70-4435-a4f3-ec6d777fa461,1643974003722,13.4027108,52.4724439,5.4648523,0.13039377,3.7018175,-3.0758524,on bike mount,cyclo cross,True,paving stones,good
483ee7a5-1d9c-4e43-b635-efe680ae580a,d942b7cc-09f3-4309-b6c9-7f35f5ad8adb,d28b2098-7f9a-4b70-8584-2c02264f886f,1643974003777,13.4027108,52.4724439,5.4648523,0.40879917,2.96282,-2.9593925,on bike mount,cyclo cross,True,paving stones,good
483ee7a5-1d9c-4e43-b635-efe680ae580a,d942b7cc-09f3-4309-b6c9-7f35f5ad8adb,472fee59-6fe6-4d6e-b1e4-eb67d9b4f193,1643974003833,13.4027108,52.4724439,5.4648523,-2.5854373,2.3290415,-8.620769,on bike mount,cyclo cross,True,paving stones,good
483ee7a5-1d9c-4e43-b635-efe680ae580a,d942b7cc-09f3-4309-b6c9-7f35f5ad8adb,d106203e-09d7-4992-968a-7e0f2e209829,1643974003909,13.4027108,52.4724439,5.4648523,-1.2982811,3.0308454,23.028103,on bike mount,cyclo cross,True,paving stones,good
483ee7a5-1d9c-4e43-b635-efe680ae580a,d942b7cc-09f3-4309-b6c9-7f35f5ad8adb,0e2792a7-4820-4257-b221-692b894dd29b,1643974003975,13.4027108,52.4724439,5.4648523,0.24023747,-2.362848,8.067764,on bike mount,cyclo cross,True,paving stones,good
483ee7a5-1d9c-4e43-b635-efe680ae580a,d942b7cc-09f3-4309-b6c9-7f35f5ad8adb,0d28c7aa-87ef-4c84-abba-ff466e81fc47,1643974004043,13.4027108,52.4724439,5.4648523,-0.34046304,-5.015081,12.640282,on bike mount,cyclo cross,True,paving stones,good
483ee7a5-1d9c-4e43-b635-efe680ae580a,d942b7cc-09f3-4309-b6c9-7f35f5ad8adb,b5162e8e-2112-4553-a841-baf20a2a8d17,1643974004112,13.4027108,52.4724439,5.4648523,-0.93921405,-0.69747615,4.8545055,on bike mount,cyclo cross,True,paving stones,good
483ee7a5-1d9c-4e43-b635-efe680ae580a,d942b7cc-09f3-4309-b6c9-7f35f5ad8adb,7cc8b881-148e-441d-9134-5ada6960080a,1643974004167,13.4027108,52.4724439,5.4648523,0.06787968,-0.87227213,-4.761931,on bike mount,cyclo cross,True,paving stones,good
483ee7a5-1d9c-4e43-b635-efe680ae580a,d942b7cc-09f3-4309-b6c9-7f35f5ad8adb,6d4557f4-68df-4d98-98c7-eba9c5469582,1643974004216,13.4027108,52.4724439,5.4648523,-0.7072089,3.1295109,-7.605936,on bike mount,cyclo cross,True,paving stones,good
483ee7a5-1d9c-4e43-b635-efe680ae580a,d942b7cc-09f3-4309-b6c9-7f35f5ad8adb,8e915375-949a-4940-8cff-39709ee1294d,1643974004275,13.4027108,52.4724439,5.4648523,0.68288755,-4.1815577,16.39787,on bike mount,cyclo cross,True,paving stones,good
483ee7a5-1d9c-4e43-b635-efe680ae580a,d942b7cc-09f3-4309-b6c9-7f35f5ad8adb,381982d2-574a-40e7-b572-4edbbf6e9fab,1643974004334,13.4027108,52.4724439,5.4648523,-1.8634845,6.113344,-11.931137,on bike mount,cyclo cross,True,paving stones,good
483ee7a5-1d9c-4e43-b635-efe680ae580a,d942b7cc-09f3-4309-b6c9-7f35f5ad8adb,9419c2aa-ebfc-44f0-8b68-676b2280ca10,1643974004401,13.4027108,52.4724439,5.4648523,-1.413024,-2.7994227,1.2743034,on bike mount,cyclo cross,True,paving stones,good
483ee7a5-1d9c-4e43-b635-efe680ae580a,d942b7cc-09f3-4309-b6c9-7f35f5ad8adb,a6a896b5-cba7-40b5-8418-1687020b006a,1643974004465,13.4026301,52.4724426,5.476194,-1.6838336,-1.3427707,-5.040703,on bike mount,cyclo cross,True,paving stones,good
483ee7a5-1d9c-4e43-b635-efe680ae580a,d942b7cc-09f3-4309-b6c9-7f35f5ad8adb,70678d81-5390-43e2-b241-cfe75594a195,1643974004516,13.4026301,52.4724426,5.476194,-2.0727403,-3.833062,-1.6427069,on bike mount,cyclo cross,True,paving stones,good
483ee7a5-1d9c-4e43-b635-efe680ae580a,d942b7cc-09f3-4309-b6c9-7f35f5ad8adb,25835f85-79de-4ccc-9b9b-6a5a7bf81222,1643974004565,13.4026301,52.4724426,5.476194,-0.15019596,1.2206728,-2.1622958,on bike mount,cyclo cross,True,paving stones,good
483ee7a5-1d9c-4e43-b635-efe680ae580a,d942b7cc-09f3-4309-b6c9-7f35f5ad8adb,b8970e7b-37bf-4691-98e4-13c84429d597,1643974004618,13.4026301,52.4724426,5.476194,0.8113649,0.85314965,6.661457,on bike mount,cyclo cross,True,paving stones,good
483ee7a5-1d9c-4e43-b635-efe680ae580a,d942b7cc-09f3-4309-b6c9-7f35f5ad8adb,9e95d753-6ad2-4d33-a762-b78c00801193,1643974004668,13.4026301,52.4724426,5.476194,-0.21697223,2.752776,-6.6071486,on bike mount,cyclo cross,True,paving stones,good
483ee7a5-1d9c-4e43-b635-efe680ae580a,d942b7cc-09f3-4309-b6c9-7f35f5ad8adb,c3a96e7f-fea7-4a35-921f-03bc31c68f74,1643974004728,13.4026301,52.4724426,5.476194,0.38680875,-0.7748821,-3.428653,on bike mount,cyclo cross,True,paving stones,good
483ee7a5-1d9c-4e43-b635-efe680ae580a,d942b7cc-09f3-4309-b6c9-7f35f5ad8adb,3211745f-583a-44fa-a5fd-3c516d3cece8,1643974004800,13.4026301,52.4724426,5.476194,-0.28302252,-2.2622268,13.639833,on bike mount,cyclo cross,True,paving stones,good
483ee7a5-1d9c-4e43-b635-efe680ae580a,d942b7cc-09f3-4309-b6c9-7f35f5ad8adb,e0b26dd6-cca0-4636-9289-b3b16c7c582b,1643974004864,13.4026301,52.4724426,5.476194,1.0823957,-1.1503417,3.3256187,on bike mount,cyclo cross,True,paving stones,good
483ee7a5-1d9c-4e43-b635-efe680ae580a,d942b7cc-09f3-4309-b6c9-7f35f5ad8adb,a786c47a-1a04-4d78-b0cc-20ac8ce26855,1643974004929,13.4026301,52.4724426,5.476194,-0.18415701,0.6217556,-2.806416,on bike mount,cyclo cross,True,paving stones,good
483ee7a5-1d9c-4e43-b635-efe680ae580a,d942b7cc-09f3-4309-b6c9-7f35f5ad8adb,0f0d0f7c-c1b3-4193-8b2c-ba32159a1e93,1643974004985,13.4026301,52.4724426,5.476194,0.66231114,0.7216344,10.06261,on bike mount,cyclo cross,True,paving stones,good
483ee7a5-1d9c-4e43-b635-efe680ae580a,d942b7cc-09f3-4309-b6c9-7f35f5ad8adb,4631289c-25b8-4594-9092-83f29aa0d3dc,1643974005057,13.4026301,52.4724426,5.476194,0.23498979,0.49120498,-4.688707,on bike mount,cyclo cross,True,paving stones,good
483ee7a5-1d9c-4e43-b635-efe680ae580a,d942b7cc-09f3-4309-b6c9-7f35f5ad8adb,2df34b83-3d03-4e83-8554-8be94ea9fb47,1643974005119,13.4026301,52.4724426,5.476194,2.0593252,1.9259286,2.7490501,on bike mount,cyclo cross,True,paving stones,good
483ee7a5-1d9c-4e43-b635-efe680ae580a,d942b7cc-09f3-4309-b6c9-7f35f5ad8adb,c554476b-8708-44b5-99a6-3fa5bd0c834f,1643974005171,13.4026301,52.4724426,5.476194,-1.6269367,2.182305,-3.609756,on bike mount,cyclo cross,True,paving stones,good
483ee7a5-1d9c-4e43-b635-efe680ae580a,d942b7cc-09f3-4309-b6c9-7f35f5ad8adb,1c074457-7506-4c9e-972f-6065bd07feb3,1643974005248,13.4026301,52.4724426,5.476194,-3.4429874,-0.74669117,-3.983811,on bike mount,cyclo cross,True,paving stones,good
483ee7a5-1d9c-4e43-b635-efe680ae580a,d942b7cc-09f3-4309-b6c9-7f35f5ad8adb,07e08334-5d87-450b-8e0a-26678c7816aa,1643974005315,13.4026301,52.4724426,5.476194,-2.373782,1.6620831,-3.8988013,on bike mount,cyclo cross,True,paving stones,good
483ee7a5-1d9c-4e43-b635-efe680ae580a,d942b7cc-09f3-4309-b6c9-7f35f5ad8adb,9af27bda-8ece-4fb5-8975-66a6f3276bb5,1643974005369,13.4026301,52.4724426,5.476194,-0.7776661,-0.24456441,1.5852404,on bike mount,cyclo cross,True,paving stones,good
483ee7a5-1d9c-4e43-b635-efe680ae580a,d942b7cc-09f3-4309-b6c9-7f35f5ad8adb,dbf7b40b-9cb2-4f89-bd2b-7d232b8fa380,1643974005442,13.4026301,52.4724426,5.476194,-2.0972636,-3.6579862,2.7872334,on bike mount,cyclo cross,True,paving stones,good
483ee7a5-1d9c-4e43-b635-efe680ae580a,d942b7cc-09f3-4309-b6c9-7f35f5ad8adb,31b6881b-ed67-4b87-84ea-71f30bd76bfc,1643974005502,13.4025471,52.472441,5.4978156,0.14356041,2.0062413,-5.173991,on bike mount,cyclo cross,True,paving stones,good
483ee7a5-1d9c-4e43-b635-efe680ae580a,d942b7cc-09f3-4309-b6c9-7f35f5ad8adb,c8d3500d-f45c-4bc2-86af-f8fb354b3bec,1643974005564,13.4025471,52.472441,5.4978156,0.87535596,-1.2644029,1.7047501,on bike mount,cyclo cross,True,paving stones,good
483ee7a5-1d9c-4e43-b635-efe680ae580a,d942b7cc-09f3-4309-b6c9-7f35f5ad8adb,8da06176-a562-4542-9ff0-e2cc351debd5,1643974005630,13.4025471,52.472441,5.4978156,0.6754843,-6.094303,3.1263866,on bike mount,cyclo cross,True,paving stones,good
483ee7a5-1d9c-4e43-b635-efe680ae580a,d942b7cc-09f3-4309-b6c9-7f35f5ad8adb,76df9927-d2cd-47c4-b8f8-09d62d2b7d37,1643974005687,13.4025471,52.472441,5.4978156,-0.22983623,-3.037572,-0.5239277,on bike mount,cyclo cross,True,paving stones,good
483ee7a5-1d9c-4e43-b635-efe680ae580a,d942b7cc-09f3-4309-b6c9-7f35f5ad8adb,32c926a9-3522-4e1c-a0c8-58a97844133a,1643974005754,13.4025471,52.472441,5.4978156,0.8703208,-4.56943,0.8130512,on bike mount,cyclo cross,True,paving stones,good
483ee7a5-1d9c-4e43-b635-efe680ae580a,d942b7cc-09f3-4309-b6c9-7f35f5ad8adb,959ce4c8-4b4e-403b-92ea-1ef9b41c6f14,1643974005816,13.4025471,52.472441,5.4978156,-0.5865926,-1.3020148,-4.0433426,on bike mount,cyclo cross,True,paving stones,good
483ee7a5-1d9c-4e43-b635-efe680ae580a,d942b7cc-09f3-4309-b6c9-7f35f5ad8adb,afeac100-1023-4c70-aed2-03d4db790d1d,1643974005869,13.4025471,52.472441,5.4978156,1.0963042,-4.7787366,9.987015,on bike mount,cyclo cross,True,paving stones,good
483ee7a5-1d9c-4e43-b635-efe680ae580a,d942b7cc-09f3-4309-b6c9-7f35f5ad8adb,aadb39a9-2c20-49dc-bbee-320af6978f14,1643974005921,13.4025471,52.472441,5.4978156,0.70969677,-4.5106997,17.974731,on bike mount,cyclo cross,True,paving stones,good
483ee7a5-1d9c-4e43-b635-efe680ae580a,d942b7cc-09f3-4309-b6c9-7f35f5ad8adb,779786b5-e49a-4e95-b27b-2fe1163e7c22,1643974005997,13.4025471,52.472441,5.4978156,-0.30279827,3.9171567,-0.15404034,on bike mount,cyclo cross,True,paving stones,good
483ee7a5-1d9c-4e43-b635-efe680ae580a,d942b7cc-09f3-4309-b6c9-7f35f5ad8adb,af6652b7-85cd-4aee-83d9-82015155d291,1643974006053,13.4025471,52.472441,5.4978156,-2.3127174,-0.8613597,-2.1274104,on bike mount,cyclo cross,True,paving stones,good
483ee7a5-1d9c-4e43-b635-efe680ae580a,d942b7cc-09f3-4309-b6c9-7f35f5ad8adb,4c441154-ad55-4a49-a033-5eb77620a920,1643974006114,13.4025471,52.472441,5.4978156,-0.017884493,0.57227707,-0.46330738,on bike mount,cyclo cross,True,paving stones,good
483ee7a5-1d9c-4e43-b635-efe680ae580a,d942b7cc-09f3-4309-b6c9-7f35f5ad8adb,12b3d5ec-36bf-4465-a111-64edd5f7553e,1643974006182,13.4025471,52.472441,5.4978156,-1.4594449,2.1962512,-10.266293,on bike mount,cyclo cross,True,paving stones,good
483ee7a5-1d9c-4e43-b635-efe680ae580a,d942b7cc-09f3-4309-b6c9-7f35f5ad8adb,372552f1-2e13-4f91-ac5e-badcf11d36d6,1643974006236,13.4025471,52.472441,5.4978156,-2.1276512,-6.076353,4.3651295,on bike mount,cyclo cross,True,paving stones,good
483ee7a5-1d9c-4e43-b635-efe680ae580a,d942b7cc-09f3-4309-b6c9-7f35f5ad8adb,e64b6b98-c712-4465-b0e4-e3958d8aa655,1643974006287,13.4025471,52.472441,5.4978156,-1.8190761,0.3214152,-9.898418,on bike mount,cyclo cross,True,paving stones,good
483ee7a5-1d9c-4e43-b635-efe680ae580a,d942b7cc-09f3-4309-b6c9-7f35f5ad8adb,dd68f771-bdd9-4648-a582-1f416e546ce6,1643974006353,13.4025471,52.472441,5.4978156,1.263425,2.5649786,-3.664608,on bike mount,cyclo cross,True,paving stones,good
483ee7a5-1d9c-4e43-b635-efe680ae580a,d942b7cc-09f3-4309-b6c9-7f35f5ad8adb,957b6234-3aca-4c1c-b947-69d088b6d98e,1643974006412,13.4025471,52.472441,5.4978156,-0.49387956,2.2357402,-4.93004,on bike mount,cyclo cross,True,paving stones,good
483ee7a5-1d9c-4e43-b635-efe680ae580a,d942b7cc-09f3-4309-b6c9-7f35f5ad8adb,9b29102c-8c10-4a9b-93bf-064daf9da7d5,1643974006474,13.4024645,52.4724394,5.5298834,1.7464118,-4.3023767,1.4730492,on bike mount,cyclo cross,True,paving stones,good
483ee7a5-1d9c-4e43-b635-efe680ae580a,d942b7cc-09f3-4309-b6c9-7f35f5ad8adb,8fc17e39-3d21-4a42-a6f0-d09af30fd6ce,1643974006547,13.4024645,52.4724394,5.5298834,-1.149654,-0.3211621,7.2667065,on bike mount,cyclo cross,True,paving stones,good
483ee7a5-1d9c-4e43-b635-efe680ae580a,d942b7cc-09f3-4309-b6c9-7f35f5ad8adb,469ac1d3-997e-405b-8a76-f4c29e6be99b,1643974006602,13.4024645,52.4724394,5.5298834,-0.14942151,2.0473566,-4.4246306,on bike mount,cyclo cross,True,paving stones,good
483ee7a5-1d9c-4e43-b635-efe680ae580a,d942b7cc-09f3-4309-b6c9-7f35f5ad8adb,a1e38e9e-4a4f-495c-b50d-cb18c6b24e12,1643974006655,13.4024645,52.4724394,5.5298834,-1.4560606,-2.4279513,20.233078,on bike mount,cyclo cross,True,paving stones,good
483ee7a5-1d9c-4e43-b635-efe680ae580a,d942b7cc-09f3-4309-b6c9-7f35f5ad8adb,bfa6d481-6d86-4763-ba02-7a9127c749bf,1643974006705,13.4024645,52.4724394,5.5298834,-2.9130726,3.8395712,-5.2366095,on bike mount,cyclo cross,True,paving stones,good
483ee7a5-1d9c-4e43-b635-efe680ae580a,d942b7cc-09f3-4309-b6c9-7f35f5ad8adb,72823e8f-f855-465d-ae51-f2356b771595,1643974006765,13.4024645,52.4724394,5.5298834,-2.8223386,0.6815131,-1.2834072,on bike mount,cyclo cross,True,paving stones,good
483ee7a5-1d9c-4e43-b635-efe680ae580a,d942b7cc-09f3-4309-b6c9-7f35f5ad8adb,6f79e7fe-388d-41e7-862d-56ee64337ca9,1643974006822,13.4024645,52.4724394,5.5298834,-0.39774692,-1.3438095,3.2998824,on bike mount,cyclo cross,True,paving stones,good
483ee7a5-1d9c-4e43-b635-efe680ae580a,d942b7cc-09f3-4309-b6c9-7f35f5ad8adb,0ab1ecfe-885f-4b28-ab91-41108eba25ca,1643974006873,13.4024645,52.4724394,5.5298834,-0.36628938,1.7962618,-3.471815,on bike mount,cyclo cross,True,paving stones,good
483ee7a5-1d9c-4e43-b635-efe680ae580a,d942b7cc-09f3-4309-b6c9-7f35f5ad8adb,b179017a-ea81-4d85-8942-879439eb9a74,1643974006934,13.4024645,52.4724394,5.5298834,0.8059784,6.680747,-5.035893,on bike mount,cyclo cross,True,paving stones,good
483ee7a5-1d9c-4e43-b635-efe680ae580a,d942b7cc-09f3-4309-b6c9-7f35f5ad8adb,b93c4dc3-b45c-4abd-9a7e-94a515e5869e,1643974006988,13.4024645,52.4724394,5.5298834,-1.4299172,4.5676675,-3.4443479,on bike mount,cyclo cross,True,paving stones,good
483ee7a5-1d9c-4e43-b635-efe680ae580a,d942b7cc-09f3-4309-b6c9-7f35f5ad8adb,6c5eddfe-7dfd-4b1d-8c07-0233e1ea9d8d,1643974007041,13.4024645,52.4724394,5.5298834,1.1254232,-0.90208745,-10.306339,on bike mount,cyclo cross,True,paving stones,good
483ee7a5-1d9c-4e43-b635-efe680ae580a,d942b7cc-09f3-4309-b6c9-7f35f5ad8adb,6c9be985-c8a8-4463-b9f9-13e70a1dabf7,1643974007103,13.4024645,52.4724394,5.5298834,-1.031606,2.1767592,-17.418118,on bike mount,cyclo cross,True,paving stones,good
483ee7a5-1d9c-4e43-b635-efe680ae580a,d942b7cc-09f3-4309-b6c9-7f35f5ad8adb,160b3320-d3c8-4651-be7f-839417770d80,1643974007168,13.4024645,52.4724394,5.5298834,0.80929434,1.7401156,-4.71169,on bike mount,cyclo cross,True,paving stones,good
483ee7a5-1d9c-4e43-b635-efe680ae580a,d942b7cc-09f3-4309-b6c9-7f35f5ad8adb,5ba7346b-45f5-4cd5-8be5-6d0c323c0afb,1643974007233,13.4024645,52.4724394,5.5298834,-0.77166665,-2.136683,6.9738216,on bike mount,cyclo cross,True,paving stones,good
483ee7a5-1d9c-4e43-b635-efe680ae580a,d942b7cc-09f3-4309-b6c9-7f35f5ad8adb,39c95e81-0e6b-43a4-82db-b3f6221335a6,1643974007299,13.4024645,52.4724394,5.5298834,0.09939778,-0.62326634,-3.8330688,on bike mount,cyclo cross,True,paving stones,good
483ee7a5-1d9c-4e43-b635-efe680ae580a,d942b7cc-09f3-4309-b6c9-7f35f5ad8adb,57c20ed7-6ce3-4fb3-abb8-e289b1ef2a0c,1643974007366,13.4024645,52.4724394,5.5298834,-0.052136302,2.4821606,2.8198528,on bike mount,cyclo cross,True,paving stones,good
483ee7a5-1d9c-4e43-b635-efe680ae580a,d942b7cc-09f3-4309-b6c9-7f35f5ad8adb,0603b0e5-6f68-400d-b4bd-b6b18566299b,1643974007441,13.4024645,52.4724394,5.5298834,-0.6606078,0.004745722,-5.1366262,on bike mount,cyclo cross,True,paving stones,good
483ee7a5-1d9c-4e43-b635-efe680ae580a,d942b7cc-09f3-4309-b6c9-7f35f5ad8adb,6eba7c12-18cf-45d4-b3d1-1cae850da50f,1643974007505,13.4023837,52.4724383,5.504681,0.40630233,-4.592717,5.648468,on bike mount,cyclo cross,True,paving stones,good
483ee7a5-1d9c-4e43-b635-efe680ae580a,d942b7cc-09f3-4309-b6c9-7f35f5ad8adb,fe42795b-7e09-415f-9589-aca379349ad9,1643974007569,13.4023837,52.4724383,5.504681,-1.7832252,3.227025,12.465433,on bike mount,cyclo cross,True,paving stones,good
483ee7a5-1d9c-4e43-b635-efe680ae580a,d942b7cc-09f3-4309-b6c9-7f35f5ad8adb,6339b922-e590-4374-afd2-2e7857ac5e34,1643974007634,13.4023837,52.4724383,5.504681,-0.9546099,1.7752333,1.2237082,on bike mount,cyclo cross,True,paving stones,good
483ee7a5-1d9c-4e43-b635-efe680ae580a,d942b7cc-09f3-4309-b6c9-7f35f5ad8adb,5152de72-9eb2-4d05-b9d1-eb1116ba3bad,1643974007688,13.4023837,52.4724383,5.504681,-0.9243236,-0.40614724,11.849903,on bike mount,cyclo cross,True,paving stones,good
483ee7a5-1d9c-4e43-b635-efe680ae580a,d942b7cc-09f3-4309-b6c9-7f35f5ad8adb,c9e5f0ac-1dfb-46e3-ba85-cacaed53b472,1643974007742,13.4023837,52.4724383,5.504681,0.14276075,0.5038662,9.156534,on bike mount,cyclo cross,True,paving stones,good
483ee7a5-1d9c-4e43-b635-efe680ae580a,d942b7cc-09f3-4309-b6c9-7f35f5ad8adb,c44858d7-c183-4a87-8f54-8b0195eff3a4,1643974007802,13.4023837,52.4724383,5.504681,-0.6905163,1.6878135,-8.110805,on bike mount,cyclo cross,True,paving stones,good
483ee7a5-1d9c-4e43-b635-efe680ae580a,d942b7cc-09f3-4309-b6c9-7f35f5ad8adb,e5227ebb-fa21-455f-b00a-e8b0ecb48278,1643974007856,13.4023837,52.4724383,5.504681,0.033211946,2.2559443,-2.988796,on bike mount,cyclo cross,True,paving stones,good
483ee7a5-1d9c-4e43-b635-efe680ae580a,d942b7cc-09f3-4309-b6c9-7f35f5ad8adb,aa8a738a-814c-4276-a465-b9a075fd971d,1643974007907,13.4023837,52.4724383,5.504681,-1.3187551,-1.6735588,-2.864669,on bike mount,cyclo cross,True,paving stones,good
483ee7a5-1d9c-4e43-b635-efe680ae580a,d942b7cc-09f3-4309-b6c9-7f35f5ad8adb,78a2d13f-d08d-42bc-9738-3e0623b34e13,1643974007958,13.4023837,52.4724383,5.504681,0.88865423,0.02440834,-4.103923,on bike mount,cyclo cross,True,paving stones,good
483ee7a5-1d9c-4e43-b635-efe680ae580a,d942b7cc-09f3-4309-b6c9-7f35f5ad8adb,a094996e-f0fe-4849-8d2b-49548cbc0009,1643974008008,13.4023837,52.4724383,5.504681,-1.3739805,2.3829398,-5.6899767,on bike mount,cyclo cross,True,paving stones,good
483ee7a5-1d9c-4e43-b635-efe680ae580a,d942b7cc-09f3-4309-b6c9-7f35f5ad8adb,b5f1ba6b-b4d5-4552-b45c-618faaf4a157,1643974008072,13.4023837,52.4724383,5.504681,-0.6186794,-0.3511114,-5.32156,on bike mount,cyclo cross,True,paving stones,good
483ee7a5-1d9c-4e43-b635-efe680ae580a,d942b7cc-09f3-4309-b6c9-7f35f5ad8adb,85e7b822-3a07-4c95-8944-56c835f2b501,1643974008125,13.4023837,52.4724383,5.504681,2.0408702,4.115429,3.9970016,on bike mount,cyclo cross,True,paving stones,good
483ee7a5-1d9c-4e43-b635-efe680ae580a,d942b7cc-09f3-4309-b6c9-7f35f5ad8adb,9b8f0fe0-81e6-4408-9d2a-b043f7536f22,1643974008187,13.4023837,52.4724383,5.504681,1.4764589,0.68283486,-3.6416726,on bike mount,cyclo cross,True,paving stones,good
483ee7a5-1d9c-4e43-b635-efe680ae580a,d942b7cc-09f3-4309-b6c9-7f35f5ad8adb,e2088c59-e7e7-43eb-95f8-fb7d639d1943,1643974008252,13.4023837,52.4724383,5.504681,0.8509115,-0.052013874,-1.7863373,on bike mount,cyclo cross,True,paving stones,good
483ee7a5-1d9c-4e43-b635-efe680ae580a,d942b7cc-09f3-4309-b6c9-7f35f5ad8adb,b227811b-10ac-410f-a19c-bf6a6f8cc88b,1643974008306,13.4023837,52.4724383,5.504681,-1.5764909,3.1793349,-1.0453806,on bike mount,cyclo cross,True,paving stones,good
483ee7a5-1d9c-4e43-b635-efe680ae580a,d942b7cc-09f3-4309-b6c9-7f35f5ad8adb,95becba2-0440-4662-a09f-294aa2780c6c,1643974008367,13.4023837,52.4724383,5.504681,-1.274872,-1.5794063,-3.0224175,on bike mount,cyclo cross,True,paving stones,good
483ee7a5-1d9c-4e43-b635-efe680ae580a,d942b7cc-09f3-4309-b6c9-7f35f5ad8adb,66b73ff9-5d07-4a25-8d2b-e4c59c35907c,1643974008437,13.4023837,52.4724383,5.504681,-0.8891936,5.2462687,-7.082506,on bike mount,cyclo cross,True,paving stones,good
483ee7a5-1d9c-4e43-b635-efe680ae580a,d942b7cc-09f3-4309-b6c9-7f35f5ad8adb,d8f862fd-0887-4ca4-8a1f-9fc329029cf9,1643974008490,13.4023031,52.472437,5.4775743,-1.6865706,2.9922457,-4.0977626,on bike mount,cyclo cross,True,paving stones,good
483ee7a5-1d9c-4e43-b635-efe680ae580a,d942b7cc-09f3-4309-b6c9-7f35f5ad8adb,fac3dd60-72b4-4c57-bf88-0e38d2a6e5d7,1643974008543,13.4023031,52.472437,5.4775743,0.91988707,2.4428062,1.8034592,on bike mount,cyclo cross,True,paving stones,good
483ee7a5-1d9c-4e43-b635-efe680ae580a,d942b7cc-09f3-4309-b6c9-7f35f5ad8adb,f271d570-d0d2-4fef-9969-7caa8b59289b,1643974008607,13.4023031,52.472437,5.4775743,-0.44764423,-2.121213,-3.013063,on bike mount,cyclo cross,True,paving stones,good
483ee7a5-1d9c-4e43-b635-efe680ae580a,d942b7cc-09f3-4309-b6c9-7f35f5ad8adb,6a0e0b61-fc4b-44d7-8959-94ae2fdf1df1,1643974008658,13.4023031,52.472437,5.4775743,0.0296309,-0.46515226,1.9607983,on bike mount,cyclo cross,True,paving stones,good
483ee7a5-1d9c-4e43-b635-efe680ae580a,d942b7cc-09f3-4309-b6c9-7f35f5ad8adb,4b6577bd-017d-4abf-bfea-e227a9a0565d,1643974008709,13.4023031,52.472437,5.4775743,0.9089854,2.6475673,-7.957043,on bike mount,cyclo cross,True,paving stones,good
483ee7a5-1d9c-4e43-b635-efe680ae580a,d942b7cc-09f3-4309-b6c9-7f35f5ad8adb,78517c5a-3f76-407f-88a2-26f675b8c1f5,1643974008768,13.4023031,52.472437,5.4775743,2.490026,5.35038,-4.073495,on bike mount,cyclo cross,True,paving stones,good
483ee7a5-1d9c-4e43-b635-efe680ae580a,d942b7cc-09f3-4309-b6c9-7f35f5ad8adb,d39ec90a-5037-4e42-9c41-dda4a476f79b,1643974008826,13.4023031,52.472437,5.4775743,0.54952836,-0.5808085,-1.8194695,on bike mount,cyclo cross,True,paving stones,good
483ee7a5-1d9c-4e43-b635-efe680ae580a,d942b7cc-09f3-4309-b6c9-7f35f5ad8adb,d7f2fc6c-99c5-48dc-846e-75160df3e73d,1643974008893,13.4023031,52.472437,5.4775743,-2.3841887,1.9495449,-3.8635361,on bike mount,cyclo cross,True,paving stones,good
483ee7a5-1d9c-4e43-b635-efe680ae580a,d942b7cc-09f3-4309-b6c9-7f35f5ad8adb,505f00ef-403b-4aef-8998-3047c37e61fc,1643974008943,13.4023031,52.472437,5.4775743,-2.4467049,-1.614874,1.270091,on bike mount,cyclo cross,True,paving stones,good
483ee7a5-1d9c-4e43-b635-efe680ae580a,d942b7cc-09f3-4309-b6c9-7f35f5ad8adb,6eb7609d-ac0b-4a04-907d-77548833ec70,1643974008993,13.4023031,52.472437,5.4775743,-3.113638,-1.8635566,1.7160149,on bike mount,cyclo cross,True,paving stones,good
483ee7a5-1d9c-4e43-b635-efe680ae580a,d942b7cc-09f3-4309-b6c9-7f35f5ad8adb,bd6dc1e1-7960-41d6-bf4f-0ae9c95cd573,1643974009058,13.4023031,52.472437,5.4775743,1.34411,-1.6496837,5.648267,on bike mount,cyclo cross,True,paving stones,good
483ee7a5-1d9c-4e43-b635-efe680ae580a,d942b7cc-09f3-4309-b6c9-7f35f5ad8adb,42f0331d-cf67-4532-a1bd-f78f435524f6,1643974009109,13.4023031,52.472437,5.4775743,-1.4872534,0.88982964,-7.3130436,on bike mount,cyclo cross,True,paving stones,good
483ee7a5-1d9c-4e43-b635-efe680ae580a,d942b7cc-09f3-4309-b6c9-7f35f5ad8adb,ff9646a2-cd10-44ad-987c-5719cc1c46aa,1643974009175,13.4023031,52.472437,5.4775743,-2.5994105,-1.7174438,-1.91998,on bike mount,cyclo cross,True,paving stones,good
483ee7a5-1d9c-4e43-b635-efe680ae580a,d942b7cc-09f3-4309-b6c9-7f35f5ad8adb,81fc6a87-5a06-4703-8f87-8467c7355902,1643974009237,13.4023031,52.472437,5.4775743,-3.6816576,-4.3208365,4.6569567,on bike mount,cyclo cross,True,paving stones,good
483ee7a5-1d9c-4e43-b635-efe680ae580a,d942b7cc-09f3-4309-b6c9-7f35f5ad8adb,e8c35725-445e-403b-870f-52f91b2fcbf9,1643974009294,13.4023031,52.472437,5.4775743,-1.5237513,1.0914185,2.201704,on bike mount,cyclo cross,True,paving stones,good
483ee7a5-1d9c-4e43-b635-efe680ae580a,d942b7cc-09f3-4309-b6c9-7f35f5ad8adb,5b9bcabf-2f91-41c9-9285-1e8c97c553d5,1643974009355,13.4023031,52.472437,5.4775743,-0.3668095,2.6043937,-8.92628,on bike mount,cyclo cross,True,paving stones,good
483ee7a5-1d9c-4e43-b635-efe680ae580a,d942b7cc-09f3-4309-b6c9-7f35f5ad8adb,26e13366-c2bd-4508-87da-eef3c771d61b,1643974009412,13.4022233,52.4724348,5.443473,-0.43375114,-0.39151704,4.3183665,on bike mount,cyclo cross,True,paving stones,good
483ee7a5-1d9c-4e43-b635-efe680ae580a,d942b7cc-09f3-4309-b6c9-7f35f5ad8adb,acfd3ee8-6963-4018-ac62-a6682252c504,1643974009469,13.4022233,52.4724348,5.443473,0.49175072,-2.2458873,18.359411,on bike mount,cyclo cross,True,paving stones,good
483ee7a5-1d9c-4e43-b635-efe680ae580a,d942b7cc-09f3-4309-b6c9-7f35f5ad8adb,5e97fc54-3fe8-4d36-a52d-d9fcda9d9f3a,1643974009535,13.4022233,52.4724348,5.443473,-1.1109734,-5.461974,-2.9810145,on bike mount,cyclo cross,True,paving stones,good
483ee7a5-1d9c-4e43-b635-efe680ae580a,d942b7cc-09f3-4309-b6c9-7f35f5ad8adb,e79010f1-bb20-4955-ae2d-c499b65a74d8,1643974009596,13.4022233,52.4724348,5.443473,-0.9402205,4.68342,-6.949734,on bike mount,cyclo cross,True,paving stones,good
483ee7a5-1d9c-4e43-b635-efe680ae580a,d942b7cc-09f3-4309-b6c9-7f35f5ad8adb,129ba2be-4123-4e04-a794-71b5fd85846f,1643974009665,13.4022233,52.4724348,5.443473,0.66210985,-0.48690945,0.58363914,on bike mount,cyclo cross,True,paving stones,good
483ee7a5-1d9c-4e43-b635-efe680ae580a,d942b7cc-09f3-4309-b6c9-7f35f5ad8adb,ea26e53a-55a2-4ec7-b2be-fb93881ea15e,1643974009725,13.4022233,52.4724348,5.443473,-2.1799226,2.846407,7.2474594,on bike mount,cyclo cross,True,paving stones,good
483ee7a5-1d9c-4e43-b635-efe680ae580a,d942b7cc-09f3-4309-b6c9-7f35f5ad8adb,564bd6f6-71a1-4115-b00e-eb84a4dbcaeb,1643974009793,13.4022233,52.4724348,5.443473,-1.0567685,-0.8910782,-13.004382,on bike mount,cyclo cross,True,paving stones,good
483ee7a5-1d9c-4e43-b635-efe680ae580a,d942b7cc-09f3-4309-b6c9-7f35f5ad8adb,7b992263-b00b-483b-82b7-f40658f0de19,1643974009848,13.4022233,52.4724348,5.443473,1.529052,-1.1231502,0.16682816,on bike mount,cyclo cross,True,paving stones,good
483ee7a5-1d9c-4e43-b635-efe680ae580a,d942b7cc-09f3-4309-b6c9-7f35f5ad8adb,3db7cc23-2133-48a7-ac31-1edf668cab90,1643974009928,13.4022233,52.4724348,5.443473,-1.4469173,-0.45608175,2.5529995,on bike mount,cyclo cross,True,paving stones,good
483ee7a5-1d9c-4e43-b635-efe680ae580a,d942b7cc-09f3-4309-b6c9-7f35f5ad8adb,c377b2b4-5f7f-4919-8b89-d26eacaca360,1643974009996,13.4022233,52.4724348,5.443473,-3.0484242,-4.7521534,-3.6703568,on bike mount,cyclo cross,True,paving stones,good
483ee7a5-1d9c-4e43-b635-efe680ae580a,d942b7cc-09f3-4309-b6c9-7f35f5ad8adb,25aecfaa-ab70-4f50-a25c-b07eeee7953a,1643974010060,13.4022233,52.4724348,5.443473,-1.6903498,-4.7261066,14.707031,on bike mount,cyclo cross,True,paving stones,good
483ee7a5-1d9c-4e43-b635-efe680ae580a,d942b7cc-09f3-4309-b6c9-7f35f5ad8adb,4e0d125d-921e-4b77-a79c-023805420751,1643974010116,13.4022233,52.4724348,5.443473,-1.4587862,3.574574,1.3219585,on bike mount,cyclo cross,True,paving stones,good
483ee7a5-1d9c-4e43-b635-efe680ae580a,d942b7cc-09f3-4309-b6c9-7f35f5ad8adb,c3dde5b2-7c97-40b8-8d04-8c8923bc2243,1643974010182,13.4022233,52.4724348,5.443473,-0.92017263,1.3523836,11.182777,on bike mount,cyclo cross,True,paving stones,good
483ee7a5-1d9c-4e43-b635-efe680ae580a,d942b7cc-09f3-4309-b6c9-7f35f5ad8adb,ec41b0d9-d7db-4223-a979-570707893b5a,1643974010249,13.4022233,52.4724348,5.443473,-0.8094201,0.53054094,-6.400815,on bike mount,cyclo cross,True,paving stones,good
483ee7a5-1d9c-4e43-b635-efe680ae580a,d942b7cc-09f3-4309-b6c9-7f35f5ad8adb,aa073f83-bdcc-49b7-89c3-450d8d6052ba,1643974010312,13.4022233,52.4724348,5.443473,0.3228624,-3.7163033,-1.2701726,on bike mount,cyclo cross,True,paving stones,good
483ee7a5-1d9c-4e43-b635-efe680ae580a,d942b7cc-09f3-4309-b6c9-7f35f5ad8adb,c485f28a-9199-428a-825f-0af64b7a7ff0,1643974010376,13.4022233,52.4724348,5.443473,1.2622772,-0.9672877,-3.189639,on bike mount,cyclo cross,True,paving stones,good
483ee7a5-1d9c-4e43-b635-efe680ae580a,d942b7cc-09f3-4309-b6c9-7f35f5ad8adb,93b6384b-feb9-42d8-baf3-aea10425e2f0,1643974010453,13.4022233,52.4724348,5.443473,1.2273521,6.9083242,-2.0084338,on bike mount,cyclo cross,True,paving stones,good
483ee7a5-1d9c-4e43-b635-efe680ae580a,d942b7cc-09f3-4309-b6c9-7f35f5ad8adb,f4d69b33-7d74-40b4-ad62-16246ac2b8ba,1643974010506,13.4021405,52.472432,5.4914665,-1.0081958,4.4387693,-2.8138871,on bike mount,cyclo cross,True,paving stones,good
483ee7a5-1d9c-4e43-b635-efe680ae580a,d942b7cc-09f3-4309-b6c9-7f35f5ad8adb,8d295bda-00e4-4715-8b93-5d4ef442b0df,1643974010563,13.4021405,52.472432,5.4914665,-0.43588907,2.1108828,4.831854,on bike mount,cyclo cross,True,paving stones,good
483ee7a5-1d9c-4e43-b635-efe680ae580a,d942b7cc-09f3-4309-b6c9-7f35f5ad8adb,1c30a9ad-1181-4239-a0ae-7f701149dd9e,1643974010625,13.4021405,52.472432,5.4914665,0.92091155,-5.7088513,20.879435,on bike mount,cyclo cross,True,paving stones,good
483ee7a5-1d9c-4e43-b635-efe680ae580a,d942b7cc-09f3-4309-b6c9-7f35f5ad8adb,db3f1cbf-bb3f-4bce-9ecd-16f4251d0076,1643974010678,13.4021405,52.472432,5.4914665,-0.8193049,0.07365894,-1.8932557,on bike mount,cyclo cross,True,paving stones,good
483ee7a5-1d9c-4e43-b635-efe680ae580a,d942b7cc-09f3-4309-b6c9-7f35f5ad8adb,699b4f36-68bc-4cfc-a4c6-a6a779b40155,1643974010728,13.4021405,52.472432,5.4914665,0.13583124,1.8280616,-3.8038943,on bike mount,cyclo cross,True,paving stones,good
483ee7a5-1d9c-4e43-b635-efe680ae580a,d942b7cc-09f3-4309-b6c9-7f35f5ad8adb,f076f661-adeb-4cb7-a014-cc123f32536c,1643974010780,13.4021405,52.472432,5.4914665,-2.0019255,1.8698957,-0.2643671,on bike mount,cyclo cross,True,paving stones,good
483ee7a5-1d9c-4e43-b635-efe680ae580a,d942b7cc-09f3-4309-b6c9-7f35f5ad8adb,fcd56a8f-68d4-4302-a186-e5daa6ef7581,1643974010830,13.4021405,52.472432,5.4914665,-1.8752323,5.1289964,-1.1027994,on bike mount,cyclo cross,True,paving stones,good
483ee7a5-1d9c-4e43-b635-efe680ae580a,d942b7cc-09f3-4309-b6c9-7f35f5ad8adb,cc1bceac-e8b7-4e5c-8ff9-74bfb71cd8d9,1643974010898,13.4021405,52.472432,5.4914665,-0.2490539,0.05465752,5.738497,on bike mount,cyclo cross,True,paving stones,good
483ee7a5-1d9c-4e43-b635-efe680ae580a,d942b7cc-09f3-4309-b6c9-7f35f5ad8adb,18477a84-2d9a-416e-85e4-0fa03d253793,1643974010960,13.4021405,52.472432,5.4914665,0.40914202,2.2837908,-5.2179556,on bike mount,cyclo cross,True,paving stones,good
483ee7a5-1d9c-4e43-b635-efe680ae580a,d942b7cc-09f3-4309-b6c9-7f35f5ad8adb,3269912d-bdad-4129-9ac5-7b9b94f9dd23,1643974011027,13.4021405,52.472432,5.4914665,0.13776389,-1.2223758,-3.3692164,on bike mount,cyclo cross,True,paving stones,good
483ee7a5-1d9c-4e43-b635-efe680ae580a,d942b7cc-09f3-4309-b6c9-7f35f5ad8adb,e7529da3-7f9d-4aea-9d1e-0b8bfd5b4862,1643974011080,13.4021405,52.472432,5.4914665,1.1565192,-0.83957577,-3.5095825,on bike mount,cyclo cross,True,paving stones,good
483ee7a5-1d9c-4e43-b635-efe680ae580a,d942b7cc-09f3-4309-b6c9-7f35f5ad8adb,381cf22d-bfc1-4511-a888-67640c7965ab,1643974011146,13.4021405,52.472432,5.4914665,-0.6035193,0.9285276,8.433305,on bike mount,cyclo cross,True,paving stones,good
483ee7a5-1d9c-4e43-b635-efe680ae580a,d942b7cc-09f3-4309-b6c9-7f35f5ad8adb,54f32750-2248-411b-9299-3a52484546ba,1643974011196,13.4021405,52.472432,5.4914665,-1.0555744,3.3749437,-0.48303986,on bike mount,cyclo cross,True,paving stones,good
483ee7a5-1d9c-4e43-b635-efe680ae580a,d942b7cc-09f3-4309-b6c9-7f35f5ad8adb,84016bb9-f788-4799-bb47-dc585bbdd69a,1643974011246,13.4021405,52.472432,5.4914665,0.5920695,7.146008,2.0532293,on bike mount,cyclo cross,True,paving stones,good
483ee7a5-1d9c-4e43-b635-efe680ae580a,d942b7cc-09f3-4309-b6c9-7f35f5ad8adb,68f203a7-1708-4eb1-b3f5-19c7a74b993b,1643974011297,13.4021405,52.472432,5.4914665,0.22681338,7.127005,-10.466685,on bike mount,cyclo cross,True,paving stones,good
483ee7a5-1d9c-4e43-b635-efe680ae580a,d942b7cc-09f3-4309-b6c9-7f35f5ad8adb,6dcdb0c7-4893-4e7e-9a44-7d13812e98e6,1643974011364,13.4021405,52.472432,5.4914665,-1.2448146,-0.36610627,-17.130207,on bike mount,cyclo cross,True,paving stones,good
483ee7a5-1d9c-4e43-b635-efe680ae580a,d942b7cc-09f3-4309-b6c9-7f35f5ad8adb,934366c9-05ea-4d99-b14b-9e46cdfcbda7,1643974011415,13.4020593,52.4724286,5.5296125,-1.2174371,9.452436,-2.4757462,on bike mount,cyclo cross,True,paving stones,good
483ee7a5-1d9c-4e43-b635-efe680ae580a,d942b7cc-09f3-4309-b6c9-7f35f5ad8adb,0e6776ad-9d14-4a05-ba04-563be5bdf3a5,1643974011473,13.4020593,52.4724286,5.5296125,-0.95992446,-2.6283903,20.659592,on bike mount,cyclo cross,True,paving stones,good
483ee7a5-1d9c-4e43-b635-efe680ae580a,d942b7cc-09f3-4309-b6c9-7f35f5ad8adb,66774e1f-696c-4705-b496-6d8f08f62c89,1643974011530,13.4020593,52.4724286,5.5296125,-1.2764311,1.158453,8.5126,on bike mount,cyclo cross,True,paving stones,good
483ee7a5-1d9c-4e43-b635-efe680ae580a,d942b7cc-09f3-4309-b6c9-7f35f5ad8adb,26ccb7c7-8b1f-41d8-bf1a-c4fac911a174,1643974011581,13.4020593,52.4724286,5.5296125,-0.9623082,-4.5756664,2.296403,on bike mount,cyclo cross,True,paving stones,good
483ee7a5-1d9c-4e43-b635-efe680ae580a,d942b7cc-09f3-4309-b6c9-7f35f5ad8adb,2fe66086-bba6-4c97-ab0b-49923586753c,1643974011641,13.4020593,52.4724286,5.5296125,-2.9397187,-3.2620404,-9.809664,on bike mount,cyclo cross,True,paving stones,good
483ee7a5-1d9c-4e43-b635-efe680ae580a,d942b7cc-09f3-4309-b6c9-7f35f5ad8adb,06ad1de7-c04f-49d0-b7e6-046601027fb3,1643974011697,13.4020593,52.4724286,5.5296125,-0.29103613,0.8633218,10.125767,on bike mount,cyclo cross,True,paving stones,good
483ee7a5-1d9c-4e43-b635-efe680ae580a,d942b7cc-09f3-4309-b6c9-7f35f5ad8adb,b1d1a39f-e9cb-4d3a-b81a-4457b876df59,1643974011757,13.4020593,52.4724286,5.5296125,-2.2229414,6.0393586,-11.577806,on bike mount,cyclo cross,True,paving stones,good
483ee7a5-1d9c-4e43-b635-efe680ae580a,d942b7cc-09f3-4309-b6c9-7f35f5ad8adb,3db2fb9b-58a6-4952-9114-45ada5202942,1643974011809,13.4020593,52.4724286,5.5296125,0.4364134,0.83927584,-11.200914,on bike mount,cyclo cross,True,paving stones,good
483ee7a5-1d9c-4e43-b635-efe680ae580a,d942b7cc-09f3-4309-b6c9-7f35f5ad8adb,a5b06a02-c400-4167-b537-da05d5f61cbf,1643974011876,13.4020593,52.4724286,5.5296125,2.7299886,4.5586805,1.3190918,on bike mount,cyclo cross,True,paving stones,good
483ee7a5-1d9c-4e43-b635-efe680ae580a,d942b7cc-09f3-4309-b6c9-7f35f5ad8adb,e5762028-6de6-4a52-8790-4427b6b54576,1643974011933,13.4020593,52.4724286,5.5296125,0.39343238,1.2861586,8.646025,on bike mount,cyclo cross,True,paving stones,good
483ee7a5-1d9c-4e43-b635-efe680ae580a,d942b7cc-09f3-4309-b6c9-7f35f5ad8adb,eade4364-55ce-4991-9876-90ea0f585db9,1643974011986,13.4020593,52.4724286,5.5296125,-2.3566918,0.38213682,1.4073505,on bike mount,cyclo cross,True,paving stones,good
483ee7a5-1d9c-4e43-b635-efe680ae580a,d942b7cc-09f3-4309-b6c9-7f35f5ad8adb,e199bc6d-84f8-4b58-b762-456140a03e33,1643974012076,13.4020593,52.4724286,5.5296125,0.14923966,-0.42277202,6.8044834,on bike mount,cyclo cross,True,paving stones,good
483ee7a5-1d9c-4e43-b635-efe680ae580a,d942b7cc-09f3-4309-b6c9-7f35f5ad8adb,372fa425-77ad-4477-a534-2c5d6b539f9b,1643974012133,13.4020593,52.4724286,5.5296125,-3.3850899,-0.066082,-1.1937742,on bike mount,cyclo cross,True,paving stones,good
483ee7a5-1d9c-4e43-b635-efe680ae580a,d942b7cc-09f3-4309-b6c9-7f35f5ad8adb,ccffb5d3-53f2-4688-96bf-b685fc70a353,1643974012200,13.4020593,52.4724286,5.5296125,-1.105795,0.4123056,-6.7523446,on bike mount,cyclo cross,True,paving stones,good
483ee7a5-1d9c-4e43-b635-efe680ae580a,d942b7cc-09f3-4309-b6c9-7f35f5ad8adb,5d232a18-27d5-4a1d-9175-44f6b7efdd9c,1643974012253,13.4020593,52.4724286,5.5296125,0.0045782328,0.8320527,0.06755638,on bike mount,cyclo cross,True,paving stones,good
483ee7a5-1d9c-4e43-b635-efe680ae580a,d942b7cc-09f3-4309-b6c9-7f35f5ad8adb,fd70e7db-1ba8-4944-a716-26ee2458df41,1643974012321,13.4020593,52.4724286,5.5296125,-0.68328476,-0.16165645,0.7695732,on bike mount,cyclo cross,True,paving stones,good
483ee7a5-1d9c-4e43-b635-efe680ae580a,d942b7cc-09f3-4309-b6c9-7f35f5ad8adb,2f13ce89-9d62-450d-8985-4e83456536c3,1643974012384,13.4020593,52.4724286,5.5296125,-3.779121,-0.35316718,1.2367878,on bike mount,cyclo cross,True,paving stones,good
483ee7a5-1d9c-4e43-b635-efe680ae580a,d942b7cc-09f3-4309-b6c9-7f35f5ad8adb,562afcb1-1272-4101-99b4-9ebd2eab116b,1643974012435,13.4020593,52.4724286,5.5296125,-2.0064871,0.32206774,2.4931507,on bike mount,cyclo cross,True,paving stones,good
483ee7a5-1d9c-4e43-b635-efe680ae580a,d942b7cc-09f3-4309-b6c9-7f35f5ad8adb,817cb80a-e1f5-40c9-acab-385a78a2af9b,1643974012511,13.4019784,52.4724269,5.5842295,-0.42453235,0.06418896,14.047642,on bike mount,cyclo cross,True,paving stones,good
483ee7a5-1d9c-4e43-b635-efe680ae580a,d942b7cc-09f3-4309-b6c9-7f35f5ad8adb,b8b17912-4c91-4d6b-b80f-a9baa97bc92c,1643974012578,13.4019784,52.4724269,5.5842295,-1.4883646,-7.502063,11.808429,on bike mount,cyclo cross,True,paving stones,good
483ee7a5-1d9c-4e43-b635-efe680ae580a,d942b7cc-09f3-4309-b6c9-7f35f5ad8adb,34e274cb-182b-4bc6-8373-50ab13ce06ec,1643974012638,13.4019784,52.4724269,5.5842295,0.3120501,-3.408438,-3.9401214,on bike mount,cyclo cross,True,paving stones,good
483ee7a5-1d9c-4e43-b635-efe680ae580a,d942b7cc-09f3-4309-b6c9-7f35f5ad8adb,74387a0c-c4c2-4fc6-b1e3-4b1a5d7a4f45,1643974012702,13.4019784,52.4724269,5.5842295,1.3804611,2.2835622,3.072878,on bike mount,cyclo cross,True,paving stones,good
483ee7a5-1d9c-4e43-b635-efe680ae580a,d942b7cc-09f3-4309-b6c9-7f35f5ad8adb,a1f0d019-1170-4c3c-ac7b-f6db5691a788,1643974012772,13.4019784,52.4724269,5.5842295,-2.0649097,-0.87211,5.711813,on bike mount,cyclo cross,True,paving stones,good
