bike_activity_uid,bike_activity_sample_uid,bike_activity_measurement,bike_activity_measurement_timestamp,bike_activity_measurement_lon,bike_activity_measurement_lat,bike_activity_measurement_speed,bike_activity_measurement_accelerometer_x,bike_activity_measurement_accelerometer_y,bike_activity_measurement_accelerometer_z,bike_activity_phone_position,bike_activity_bike_type,bike_activity_flagged_lab_conditions,bike_activity_surface_type,bike_activity_smoothness_type
768543b5-6c7f-4de3-ac4c-5b219cdaeb8a,5d220cf2-7fab-4feb-940d-a5407a22c160,ba2a324b-ecf4-4674-a93c-c1f4cbab5b30,1643973752043,13.4032032,52.4724364,6.1347528,-0.16579813,-1.460324,-0.318058,on bike mount,cyclo cross,True,paving stones,good
768543b5-6c7f-4de3-ac4c-5b219cdaeb8a,5d220cf2-7fab-4feb-940d-a5407a22c160,336c9e9c-1652-4528-8927-d8d4571ec696,1643973752098,13.4032032,52.4724364,6.1347528,-0.03644209,-0.6108258,1.1578941,on bike mount,cyclo cross,True,paving stones,good
768543b5-6c7f-4de3-ac4c-5b219cdaeb8a,5d220cf2-7fab-4feb-940d-a5407a22c160,c9687809-cc6a-41ff-af4b-4642754a5f1c,1643973752152,13.4032032,52.4724364,6.1347528,-1.073006,1.2998691,4.1588774,on bike mount,cyclo cross,True,paving stones,good
768543b5-6c7f-4de3-ac4c-5b219cdaeb8a,5d220cf2-7fab-4feb-940d-a5407a22c160,cd58eca1-f632-4470-a2ec-f9585a74ad0d,1643973752209,13.4032032,52.4724364,6.1347528,1.6652932,-0.91430116,-2.042161,on bike mount,cyclo cross,True,paving stones,good
768543b5-6c7f-4de3-ac4c-5b219cdaeb8a,5d220cf2-7fab-4feb-940d-a5407a22c160,2347502c-9c0d-46c6-8aeb-7830786596b0,1643973752265,13.4032032,52.4724364,6.1347528,-1.2108575,-1.349813,2.6531944,on bike mount,cyclo cross,True,paving stones,good
768543b5-6c7f-4de3-ac4c-5b219cdaeb8a,5d220cf2-7fab-4feb-940d-a5407a22c160,048a76be-7c68-43ea-8bf4-9c291dbf2829,1643973752319,13.4032032,52.4724364,6.1347528,0.5788791,-3.7527666,-0.45189095,on bike mount,cyclo cross,True,paving stones,good
768543b5-6c7f-4de3-ac4c-5b219cdaeb8a,5d220cf2-7fab-4feb-940d-a5407a22c160,50449d85-04c5-47f3-896b-3ecd2364055e,1643973752374,13.4032032,52.4724364,6.1347528,-0.1465103,-0.2991972,-0.0870409,on bike mount,cyclo cross,True,paving stones,good
768543b5-6c7f-4de3-ac4c-5b219cdaeb8a,5d220cf2-7fab-4feb-940d-a5407a22c160,36d40f4c-4ebf-416b-94a3-6069758e33c6,1643973752430,13.4032032,52.4724364,6.1347528,-0.15147273,0.43842053,3.054346,on bike mount,cyclo cross,True,paving stones,good
768543b5-6c7f-4de3-ac4c-5b219cdaeb8a,5d220cf2-7fab-4feb-940d-a5407a22c160,e3da485e-b6f0-4af7-acd7-1c0f320a6054,1643973752486,13.4032032,52.4724364,6.1347528,-2.05783,1.2360606,-2.477736,on bike mount,cyclo cross,True,paving stones,good
768543b5-6c7f-4de3-ac4c-5b219cdaeb8a,5d220cf2-7fab-4feb-940d-a5407a22c160,869e3b40-732b-4dad-b87c-97df7ad8099f,1643973752541,13.4032032,52.4724364,6.1347528,-0.48206022,1.786993,-0.13253784,on bike mount,cyclo cross,True,paving stones,good
768543b5-6c7f-4de3-ac4c-5b219cdaeb8a,5d220cf2-7fab-4feb-940d-a5407a22c160,95376563-d253-44e5-89d1-e1f0f8dff845,1643973752598,13.4032032,52.4724364,6.1347528,-0.5849681,1.3047397,4.924511,on bike mount,cyclo cross,True,paving stones,good
768543b5-6c7f-4de3-ac4c-5b219cdaeb8a,5d220cf2-7fab-4feb-940d-a5407a22c160,fb8c4b31-c3f2-4900-b621-b384c0c09a54,1643973752653,13.4032032,52.4724364,6.1347528,-1.081647,-0.07228708,-1.6245232,on bike mount,cyclo cross,True,paving stones,good
768543b5-6c7f-4de3-ac4c-5b219cdaeb8a,5d220cf2-7fab-4feb-940d-a5407a22c160,9d6b4c47-2906-4a6e-9d6a-123f5ab88915,1643973752709,13.4032032,52.4724364,6.1347528,-1.4465482,-3.3831785,-1.9462852,on bike mount,cyclo cross,True,paving stones,good
768543b5-6c7f-4de3-ac4c-5b219cdaeb8a,5d220cf2-7fab-4feb-940d-a5407a22c160,5621b1b6-b7e0-4f62-9ca9-fa3a6d3c2247,1643973752764,13.4032032,52.4724364,6.1347528,-0.18692335,-0.24442267,1.4236469,on bike mount,cyclo cross,True,paving stones,good
768543b5-6c7f-4de3-ac4c-5b219cdaeb8a,5d220cf2-7fab-4feb-940d-a5407a22c160,2c3df06a-a36e-4666-b5c7-2ba621b60dae,1643973752819,13.4032926,52.4724393,6.020919,-1.3275194,-2.888062,4.531642,on bike mount,cyclo cross,True,paving stones,good
768543b5-6c7f-4de3-ac4c-5b219cdaeb8a,5d220cf2-7fab-4feb-940d-a5407a22c160,7142400b-8ad4-4bc5-bfef-3ecde09740bd,1643973752875,13.4032926,52.4724393,6.020919,1.0660676,1.107266,-1.0599971,on bike mount,cyclo cross,True,paving stones,good
768543b5-6c7f-4de3-ac4c-5b219cdaeb8a,5d220cf2-7fab-4feb-940d-a5407a22c160,aa533065-758a-4534-8400-14acccea6a40,1643973752932,13.4032926,52.4724393,6.020919,-0.5469564,0.58279896,-1.0764899,on bike mount,cyclo cross,True,paving stones,good
768543b5-6c7f-4de3-ac4c-5b219cdaeb8a,5d220cf2-7fab-4feb-940d-a5407a22c160,c97a502a-2407-4021-99d1-5c573b5ae6d6,1643973752986,13.4032926,52.4724393,6.020919,-0.941055,-2.0815055,-0.21803379,on bike mount,cyclo cross,True,paving stones,good
768543b5-6c7f-4de3-ac4c-5b219cdaeb8a,5d220cf2-7fab-4feb-940d-a5407a22c160,c5ff5272-4101-4b7e-8a0d-3934dffacb74,1643973753042,13.4032926,52.4724393,6.020919,0.16283002,-0.982617,3.3109798,on bike mount,cyclo cross,True,paving stones,good
768543b5-6c7f-4de3-ac4c-5b219cdaeb8a,5d220cf2-7fab-4feb-940d-a5407a22c160,8b100451-e1d2-4b66-8156-b97b3324cc50,1643973753097,13.4032926,52.4724393,6.020919,1.5113599,-1.0862569,0.7537136,on bike mount,cyclo cross,True,paving stones,good
768543b5-6c7f-4de3-ac4c-5b219cdaeb8a,5d220cf2-7fab-4feb-940d-a5407a22c160,51e4285a-6118-4ed0-8c7a-d4cdfd494a71,1643973753152,13.4032926,52.4724393,6.020919,0.68319654,1.5440946,1.0079842,on bike mount,cyclo cross,True,paving stones,good
768543b5-6c7f-4de3-ac4c-5b219cdaeb8a,5d220cf2-7fab-4feb-940d-a5407a22c160,43a336bb-bea1-4f28-b981-d4f100b8efd7,1643973753210,13.4032926,52.4724393,6.020919,0.7746879,-1.7369369,0.049469948,on bike mount,cyclo cross,True,paving stones,good
768543b5-6c7f-4de3-ac4c-5b219cdaeb8a,5d220cf2-7fab-4feb-940d-a5407a22c160,f37357cb-78cb-47d8-b921-7c9e47e6b19c,1643973753263,13.4032926,52.4724393,6.020919,-0.30015785,0.07604694,0.4881792,on bike mount,cyclo cross,True,paving stones,good
768543b5-6c7f-4de3-ac4c-5b219cdaeb8a,5d220cf2-7fab-4feb-940d-a5407a22c160,d55dfdb9-9d34-417c-a3c8-e2428411d2ec,1643973753323,13.4032926,52.4724393,6.020919,-0.6277137,3.124683,-2.7048392,on bike mount,cyclo cross,True,paving stones,good
768543b5-6c7f-4de3-ac4c-5b219cdaeb8a,5d220cf2-7fab-4feb-940d-a5407a22c160,e89a8497-decb-45ff-a5cb-987c3208e3a4,1643973753375,13.4032926,52.4724393,6.020919,-0.029700369,-1.3856117,-0.8129034,on bike mount,cyclo cross,True,paving stones,good
768543b5-6c7f-4de3-ac4c-5b219cdaeb8a,5d220cf2-7fab-4feb-940d-a5407a22c160,d00ef34d-d58d-42f9-9b2b-72756f95c39a,1643973753432,13.4032926,52.4724393,6.020919,1.8693732,-3.2403946,1.2131472,on bike mount,cyclo cross,True,paving stones,good
768543b5-6c7f-4de3-ac4c-5b219cdaeb8a,5d220cf2-7fab-4feb-940d-a5407a22c160,eb23c485-16c3-4205-8a35-8d6520c367e4,1643973753487,13.4032926,52.4724393,6.020919,0.8099318,-1.5076106,-0.42630863,on bike mount,cyclo cross,True,paving stones,good
768543b5-6c7f-4de3-ac4c-5b219cdaeb8a,5d220cf2-7fab-4feb-940d-a5407a22c160,634cc7d7-26b6-4e93-99c7-01445656ba2f,1643973753542,13.4032926,52.4724393,6.020919,-0.842971,0.35488915,-2.646842,on bike mount,cyclo cross,True,paving stones,good
768543b5-6c7f-4de3-ac4c-5b219cdaeb8a,5d220cf2-7fab-4feb-940d-a5407a22c160,df6635ce-6215-488d-957c-e975d04bf697,1643973753599,13.4032926,52.4724393,6.020919,-1.3629038,-3.07297,3.502037,on bike mount,cyclo cross,True,paving stones,good
768543b5-6c7f-4de3-ac4c-5b219cdaeb8a,5d220cf2-7fab-4feb-940d-a5407a22c160,394d5200-73a3-450d-a927-979a716f0746,1643973753654,13.4032926,52.4724393,6.020919,-0.6126473,-0.7286124,2.4105844,on bike mount,cyclo cross,True,paving stones,good
768543b5-6c7f-4de3-ac4c-5b219cdaeb8a,5d220cf2-7fab-4feb-940d-a5407a22c160,656410dc-a8b1-4abd-8e52-559e3038b9f6,1643973753708,13.4032926,52.4724393,6.020919,0.13411847,3.0708637,-1.2777905,on bike mount,cyclo cross,True,paving stones,good
768543b5-6c7f-4de3-ac4c-5b219cdaeb8a,5d220cf2-7fab-4feb-940d-a5407a22c160,6b8bcfc1-f2c1-4c3a-a350-ab68dcf9f50d,1643973753764,13.4032926,52.4724393,6.020919,-0.06332368,-1.4385185,-0.8647852,on bike mount,cyclo cross,True,paving stones,good
768543b5-6c7f-4de3-ac4c-5b219cdaeb8a,5d220cf2-7fab-4feb-940d-a5407a22c160,4c115caf-5d28-4841-8a2f-32a53109a453,1643973753819,13.4033806,52.4724413,5.974953,-1.4092934,1.807385,-5.391476,on bike mount,cyclo cross,True,paving stones,good
768543b5-6c7f-4de3-ac4c-5b219cdaeb8a,5d220cf2-7fab-4feb-940d-a5407a22c160,1cc90250-6517-4fe0-b786-eb5f5bd56577,1643973753875,13.4033806,52.4724413,5.974953,-2.1089792,2.0492315,2.1664028,on bike mount,cyclo cross,True,paving stones,good
768543b5-6c7f-4de3-ac4c-5b219cdaeb8a,5d220cf2-7fab-4feb-940d-a5407a22c160,0712a913-7181-4707-bc3c-27229b4ecd22,1643973753931,13.4033806,52.4724413,5.974953,0.007809043,-3.0283217,-0.596591,on bike mount,cyclo cross,True,paving stones,good
768543b5-6c7f-4de3-ac4c-5b219cdaeb8a,5d220cf2-7fab-4feb-940d-a5407a22c160,60d2e936-2987-42c4-a1ec-0eefcf7022dd,1643973753986,13.4033806,52.4724413,5.974953,-0.20870888,1.9111023,0.92443943,on bike mount,cyclo cross,True,paving stones,good
768543b5-6c7f-4de3-ac4c-5b219cdaeb8a,5d220cf2-7fab-4feb-940d-a5407a22c160,44606fad-0798-493f-9e7b-9ffa289e3b23,1643973754042,13.4033806,52.4724413,5.974953,0.89922386,3.2978683,-0.96340084,on bike mount,cyclo cross,True,paving stones,good
768543b5-6c7f-4de3-ac4c-5b219cdaeb8a,5d220cf2-7fab-4feb-940d-a5407a22c160,041a9509-1b81-4ef6-9157-4848ce2ffa1d,1643973754098,13.4033806,52.4724413,5.974953,-0.1333642,2.487631,-0.72472954,on bike mount,cyclo cross,True,paving stones,good
768543b5-6c7f-4de3-ac4c-5b219cdaeb8a,5d220cf2-7fab-4feb-940d-a5407a22c160,8548b9d6-d6a1-433d-b7e8-28b571382487,1643973754153,13.4033806,52.4724413,5.974953,-0.6595564,-3.6786044,1.8685522,on bike mount,cyclo cross,True,paving stones,good
768543b5-6c7f-4de3-ac4c-5b219cdaeb8a,5d220cf2-7fab-4feb-940d-a5407a22c160,fed22ced-bdd9-4885-b90f-601bc27281f7,1643973754211,13.4033806,52.4724413,5.974953,-0.93673587,2.348959,-4.250934,on bike mount,cyclo cross,True,paving stones,good
768543b5-6c7f-4de3-ac4c-5b219cdaeb8a,5d220cf2-7fab-4feb-940d-a5407a22c160,3a7789f0-8b7a-4c33-9b8b-51aa7c806e99,1643973754264,13.4033806,52.4724413,5.974953,0.625602,-0.20472383,1.9132671,on bike mount,cyclo cross,True,paving stones,good
768543b5-6c7f-4de3-ac4c-5b219cdaeb8a,5d220cf2-7fab-4feb-940d-a5407a22c160,e870754d-569d-4118-a6bc-75354f2d725c,1643973754320,13.4033806,52.4724413,5.974953,0.4207317,-2.6665704,0.3401966,on bike mount,cyclo cross,True,paving stones,good
768543b5-6c7f-4de3-ac4c-5b219cdaeb8a,5d220cf2-7fab-4feb-940d-a5407a22c160,ffbd7c4a-3754-4c13-8111-311d47b780b3,1643973754377,13.4033806,52.4724413,5.974953,0.33204246,1.4029589,0.33435917,on bike mount,cyclo cross,True,paving stones,good
768543b5-6c7f-4de3-ac4c-5b219cdaeb8a,5d220cf2-7fab-4feb-940d-a5407a22c160,9053c285-63e9-4787-aa77-14bb99480d4e,1643973754432,13.4033806,52.4724413,5.974953,-0.7616273,-0.0947392,0.026601791,on bike mount,cyclo cross,True,paving stones,good
768543b5-6c7f-4de3-ac4c-5b219cdaeb8a,5d220cf2-7fab-4feb-940d-a5407a22c160,8fe0c564-32a3-495b-94ec-e352d57086e0,1643973754487,13.4033806,52.4724413,5.974953,-0.9007544,-0.32519627,0.8552084,on bike mount,cyclo cross,True,paving stones,good
768543b5-6c7f-4de3-ac4c-5b219cdaeb8a,5d220cf2-7fab-4feb-940d-a5407a22c160,404b0479-9f4b-423a-a842-6baf85bc13f1,1643973754543,13.4033806,52.4724413,5.974953,-0.3692433,1.9507575,-0.13851357,on bike mount,cyclo cross,True,paving stones,good
768543b5-6c7f-4de3-ac4c-5b219cdaeb8a,5d220cf2-7fab-4feb-940d-a5407a22c160,0b0dcf38-9aae-4f66-8a5c-18287e18ef5a,1643973754598,13.4033806,52.4724413,5.974953,-0.3942073,-0.7002065,2.333888,on bike mount,cyclo cross,True,paving stones,good
768543b5-6c7f-4de3-ac4c-5b219cdaeb8a,5d220cf2-7fab-4feb-940d-a5407a22c160,fe1ecde7-c1ca-4021-8646-23634557248a,1643973754656,13.4033806,52.4724413,5.974953,0.54191905,-2.3230739,13.486462,on bike mount,cyclo cross,True,paving stones,good
768543b5-6c7f-4de3-ac4c-5b219cdaeb8a,5d220cf2-7fab-4feb-940d-a5407a22c160,d7d8b9c4-b2d3-4db3-8544-e0ab36722820,1643973754709,13.4033806,52.4724413,5.974953,-0.24751103,0.8950958,-6.2033195,on bike mount,cyclo cross,True,paving stones,good
768543b5-6c7f-4de3-ac4c-5b219cdaeb8a,5d220cf2-7fab-4feb-940d-a5407a22c160,10960073-982b-449f-8d3d-26632814a51d,1643973754764,13.4033806,52.4724413,5.974953,0.7874998,-3.369122,7.244158,on bike mount,cyclo cross,True,paving stones,good
768543b5-6c7f-4de3-ac4c-5b219cdaeb8a,5d220cf2-7fab-4feb-940d-a5407a22c160,8a21ca39-c4b4-44a2-939d-8b498663f33b,1643973754820,13.4034678,52.472445,5.9595056,1.2145946,7.290228,-5.2945547,on bike mount,cyclo cross,True,paving stones,good
768543b5-6c7f-4de3-ac4c-5b219cdaeb8a,5d220cf2-7fab-4feb-940d-a5407a22c160,6fb8af3a-050e-416a-88da-176b77c4a9db,1643973754876,13.4034678,52.472445,5.9595056,-2.5457373,-3.5486152,3.4315243,on bike mount,cyclo cross,True,paving stones,good
768543b5-6c7f-4de3-ac4c-5b219cdaeb8a,5d220cf2-7fab-4feb-940d-a5407a22c160,4b05da5c-54a8-4ea1-8381-377006ca4593,1643973754931,13.4034678,52.472445,5.9595056,1.206023,-1.2155508,-0.626276,on bike mount,cyclo cross,True,paving stones,good
768543b5-6c7f-4de3-ac4c-5b219cdaeb8a,5d220cf2-7fab-4feb-940d-a5407a22c160,6941b51b-5e0d-4d7f-8dea-7dc80141c2f5,1643973754988,13.4034678,52.472445,5.9595056,1.0398453,-1.4415735,2.1695166,on bike mount,cyclo cross,True,paving stones,good
768543b5-6c7f-4de3-ac4c-5b219cdaeb8a,5d220cf2-7fab-4feb-940d-a5407a22c160,bb33c05e-ffda-4a9c-a497-1b32ebd12213,1643973755044,13.4034678,52.472445,5.9595056,-1.0251014,0.66693354,-0.5293751,on bike mount,cyclo cross,True,paving stones,good
768543b5-6c7f-4de3-ac4c-5b219cdaeb8a,5d220cf2-7fab-4feb-940d-a5407a22c160,b2b83fca-a314-44c7-85e9-cab04e4ac87b,1643973755097,13.4034678,52.472445,5.9595056,0.98661727,-1.0167532,3.3197575,on bike mount,cyclo cross,True,paving stones,good
768543b5-6c7f-4de3-ac4c-5b219cdaeb8a,5d220cf2-7fab-4feb-940d-a5407a22c160,edbbe937-e85a-4681-9f4b-8cc4c7650015,1643973755153,13.4034678,52.472445,5.9595056,-0.4015299,-2.261575,3.337057,on bike mount,cyclo cross,True,paving stones,good
768543b5-6c7f-4de3-ac4c-5b219cdaeb8a,5d220cf2-7fab-4feb-940d-a5407a22c160,54871528-7245-46e4-a1e9-5ef732449b75,1643973755209,13.4034678,52.472445,5.9595056,-0.33465582,0.06850195,-3.4701056,on bike mount,cyclo cross,True,paving stones,good
768543b5-6c7f-4de3-ac4c-5b219cdaeb8a,5d220cf2-7fab-4feb-940d-a5407a22c160,b1ccc486-3720-4ff1-99cf-2e4fa9d78fa4,1643973755265,13.4034678,52.472445,5.9595056,-0.8441655,-0.7050526,0.82761383,on bike mount,cyclo cross,True,paving stones,good
768543b5-6c7f-4de3-ac4c-5b219cdaeb8a,5d220cf2-7fab-4feb-940d-a5407a22c160,f2c5b5d0-985d-4d3a-9d19-e41173ae2971,1643973755320,13.4034678,52.472445,5.9595056,-0.47520053,-1.4338299,-1.6956983,on bike mount,cyclo cross,True,paving stones,good
768543b5-6c7f-4de3-ac4c-5b219cdaeb8a,5d220cf2-7fab-4feb-940d-a5407a22c160,52245dbe-dcd4-4c63-89bc-018f1001444a,1643973755376,13.4034678,52.472445,5.9595056,-0.3763613,0.41866112,1.6605616,on bike mount,cyclo cross,True,paving stones,good
768543b5-6c7f-4de3-ac4c-5b219cdaeb8a,5d220cf2-7fab-4feb-940d-a5407a22c160,da07909a-20c4-4840-a4cb-ba7ec34b2121,1643973755431,13.4034678,52.472445,5.9595056,-0.7910781,2.46314,1.0659456,on bike mount,cyclo cross,True,paving stones,good
768543b5-6c7f-4de3-ac4c-5b219cdaeb8a,5d220cf2-7fab-4feb-940d-a5407a22c160,1e556313-2b3a-4451-8b5c-b85328dc4374,1643973755488,13.4034678,52.472445,5.9595056,-0.38751432,-1.0309863,2.4753847,on bike mount,cyclo cross,True,paving stones,good
768543b5-6c7f-4de3-ac4c-5b219cdaeb8a,5d220cf2-7fab-4feb-940d-a5407a22c160,f93d3490-e301-4263-95ea-30cbc50caf62,1643973755542,13.4034678,52.472445,5.9595056,-0.5656973,0.62822175,-2.3557425,on bike mount,cyclo cross,True,paving stones,good
768543b5-6c7f-4de3-ac4c-5b219cdaeb8a,5d220cf2-7fab-4feb-940d-a5407a22c160,b001f2b5-2284-4707-81a5-a9041cd62514,1643973755598,13.4034678,52.472445,5.9595056,-1.1415808,-1.6062378,2.974577,on bike mount,cyclo cross,True,paving stones,good
768543b5-6c7f-4de3-ac4c-5b219cdaeb8a,5d220cf2-7fab-4feb-940d-a5407a22c160,54ab3d07-cc3a-4d4e-bf88-8adcd9d6bc9c,1643973755654,13.4034678,52.472445,5.9595056,-0.45888203,-2.6136374,4.575511,on bike mount,cyclo cross,True,paving stones,good
768543b5-6c7f-4de3-ac4c-5b219cdaeb8a,5d220cf2-7fab-4feb-940d-a5407a22c160,fcdfb63b-5df3-4970-b9ce-006dbb06fc7d,1643973755709,13.4034678,52.472445,5.9595056,-0.8879842,-2.2253227,2.0260859,on bike mount,cyclo cross,True,paving stones,good
768543b5-6c7f-4de3-ac4c-5b219cdaeb8a,5d220cf2-7fab-4feb-940d-a5407a22c160,e2d0dafc-ee52-43ff-864a-699bfa116666,1643973755764,13.4034678,52.472445,5.9595056,1.479691,0.2785871,-4.6590347,on bike mount,cyclo cross,True,paving stones,good
768543b5-6c7f-4de3-ac4c-5b219cdaeb8a,5d220cf2-7fab-4feb-940d-a5407a22c160,edbdd90b-fe14-4658-b7d4-b5c65d5b34b2,1643973755821,13.4035546,52.4724485,5.8871245,-3.1712685,-3.7319684,0.5117836,on bike mount,cyclo cross,True,paving stones,good
768543b5-6c7f-4de3-ac4c-5b219cdaeb8a,5d220cf2-7fab-4feb-940d-a5407a22c160,839bede1-34d8-4d79-b5bf-818ce59c6f01,1643973755875,13.4035546,52.4724485,5.8871245,1.9873127,0.0036976337,-4.938402,on bike mount,cyclo cross,True,paving stones,good
768543b5-6c7f-4de3-ac4c-5b219cdaeb8a,5d220cf2-7fab-4feb-940d-a5407a22c160,161aa6b0-3a60-45e8-832f-39349f477b54,1643973755930,13.4035546,52.4724485,5.8871245,1.5633249,2.27992,-4.3301005,on bike mount,cyclo cross,True,paving stones,good
768543b5-6c7f-4de3-ac4c-5b219cdaeb8a,5d220cf2-7fab-4feb-940d-a5407a22c160,5c4c30f1-7d53-457a-b5cf-962dfc0ce92c,1643973755988,13.4035546,52.4724485,5.8871245,-0.7353584,0.7983577,0.9540787,on bike mount,cyclo cross,True,paving stones,good
768543b5-6c7f-4de3-ac4c-5b219cdaeb8a,5d220cf2-7fab-4feb-940d-a5407a22c160,eca5975a-44e3-4259-88de-9150b3ee7540,1643973756043,13.4035546,52.4724485,5.8871245,0.3842628,1.7298646,0.95669174,on bike mount,cyclo cross,True,paving stones,good
768543b5-6c7f-4de3-ac4c-5b219cdaeb8a,5d220cf2-7fab-4feb-940d-a5407a22c160,cbfcd829-b552-49ec-83ae-251689b7650d,1643973756099,13.4035546,52.4724485,5.8871245,-0.66754043,-3.0310755,2.436801,on bike mount,cyclo cross,True,paving stones,good
768543b5-6c7f-4de3-ac4c-5b219cdaeb8a,5d220cf2-7fab-4feb-940d-a5407a22c160,44cb1a0c-fa51-4d30-abec-9b87494a09c5,1643973756154,13.4035546,52.4724485,5.8871245,-0.33350706,3.8839264,1.5476007,on bike mount,cyclo cross,True,paving stones,good
768543b5-6c7f-4de3-ac4c-5b219cdaeb8a,5d220cf2-7fab-4feb-940d-a5407a22c160,e403679a-649a-405c-b407-cb3345d820bf,1643973756208,13.4035546,52.4724485,5.8871245,-0.69521636,0.5588238,-0.33847332,on bike mount,cyclo cross,True,paving stones,good
768543b5-6c7f-4de3-ac4c-5b219cdaeb8a,5d220cf2-7fab-4feb-940d-a5407a22c160,29120949-a5eb-4fa4-b775-51fe6d5ea022,1643973756264,13.4035546,52.4724485,5.8871245,0.1723185,1.6733341,1.0096846,on bike mount,cyclo cross,True,paving stones,good
768543b5-6c7f-4de3-ac4c-5b219cdaeb8a,5d220cf2-7fab-4feb-940d-a5407a22c160,875dd976-d495-4fd2-9021-f3522e50d74b,1643973756320,13.4035546,52.4724485,5.8871245,-0.43057927,0.32139468,-2.903552,on bike mount,cyclo cross,True,paving stones,good
768543b5-6c7f-4de3-ac4c-5b219cdaeb8a,5d220cf2-7fab-4feb-940d-a5407a22c160,377b1b18-7e10-421b-9181-7ecc1db14c29,1643973756377,13.4035546,52.4724485,5.8871245,-1.2392644,0.6426859,1.3393936,on bike mount,cyclo cross,True,paving stones,good
768543b5-6c7f-4de3-ac4c-5b219cdaeb8a,5d220cf2-7fab-4feb-940d-a5407a22c160,6f6b7966-97c1-4d78-a4c4-bbb60d0be4a8,1643973756432,13.4035546,52.4724485,5.8871245,0.5672499,-0.5482578,-3.5808315,on bike mount,cyclo cross,True,paving stones,good
768543b5-6c7f-4de3-ac4c-5b219cdaeb8a,5d220cf2-7fab-4feb-940d-a5407a22c160,30b7b229-aee5-4c59-9c60-a13c47c25fde,1643973756489,13.4035546,52.4724485,5.8871245,-0.93265575,-2.837227,12.367891,on bike mount,cyclo cross,True,paving stones,good
768543b5-6c7f-4de3-ac4c-5b219cdaeb8a,5d220cf2-7fab-4feb-940d-a5407a22c160,33fa9720-43a8-4a9e-a427-d6a2133c0ead,1643973756542,13.4035546,52.4724485,5.8871245,-0.06562696,2.4941912,-4.592881,on bike mount,cyclo cross,True,paving stones,good
768543b5-6c7f-4de3-ac4c-5b219cdaeb8a,5d220cf2-7fab-4feb-940d-a5407a22c160,cbfb0850-dacb-442b-a248-6d2b1757045c,1643973756600,13.4035546,52.4724485,5.8871245,-0.47678387,1.24476,-0.4453888,on bike mount,cyclo cross,True,paving stones,good
768543b5-6c7f-4de3-ac4c-5b219cdaeb8a,5d220cf2-7fab-4feb-940d-a5407a22c160,0e93bc72-63d6-4060-ae96-bec2e6ce8e89,1643973756662,13.4035546,52.4724485,5.8871245,0.19714648,5.677143,-5.348345,on bike mount,cyclo cross,True,paving stones,good
768543b5-6c7f-4de3-ac4c-5b219cdaeb8a,5d220cf2-7fab-4feb-940d-a5407a22c160,077f057b-c3ed-4c71-ba58-c2e9b8295029,1643973756720,13.4035546,52.4724485,5.8871245,-1.437768,-4.164053,7.587452,on bike mount,cyclo cross,True,paving stones,good
768543b5-6c7f-4de3-ac4c-5b219cdaeb8a,5d220cf2-7fab-4feb-940d-a5407a22c160,f3014e80-77be-49cc-9811-d468739627a2,1643973756775,13.4035546,52.4724485,5.8871245,-0.66237724,0.25745583,-2.056499,on bike mount,cyclo cross,True,paving stones,good
768543b5-6c7f-4de3-ac4c-5b219cdaeb8a,5d220cf2-7fab-4feb-940d-a5407a22c160,278ffa87-6839-4484-adcf-a730607a789d,1643973756830,13.403641,52.47245,5.938637,1.680415,0.33293796,-4.006176,on bike mount,cyclo cross,True,paving stones,good
768543b5-6c7f-4de3-ac4c-5b219cdaeb8a,5d220cf2-7fab-4feb-940d-a5407a22c160,6655bf30-9dec-4f76-9ee1-304c3c2c124a,1643973756887,13.403641,52.47245,5.938637,0.9481739,-1.2898386,-3.8386097,on bike mount,cyclo cross,True,paving stones,good
768543b5-6c7f-4de3-ac4c-5b219cdaeb8a,5d220cf2-7fab-4feb-940d-a5407a22c160,b80994d1-dd6a-425b-a138-3f847d95c004,1643973756943,13.403641,52.47245,5.938637,-0.6696213,1.3370452,-0.8700428,on bike mount,cyclo cross,True,paving stones,good
768543b5-6c7f-4de3-ac4c-5b219cdaeb8a,5d220cf2-7fab-4feb-940d-a5407a22c160,ffbf8f61-9017-4821-8aa0-8a6fafdb2cf0,1643973756998,13.403641,52.47245,5.938637,0.6916533,-0.66313934,3.5652285,on bike mount,cyclo cross,True,paving stones,good
768543b5-6c7f-4de3-ac4c-5b219cdaeb8a,5d220cf2-7fab-4feb-940d-a5407a22c160,707a4a7c-7331-444e-ad13-fad12808c019,1643973757054,13.403641,52.47245,5.938637,-0.36441815,-1.6604165,2.9742355,on bike mount,cyclo cross,True,paving stones,good
768543b5-6c7f-4de3-ac4c-5b219cdaeb8a,5d220cf2-7fab-4feb-940d-a5407a22c160,c33fef92-d936-416f-b934-f7650a74282c,1643973757109,13.403641,52.47245,5.938637,1.6689239,-0.99572754,0.15960026,on bike mount,cyclo cross,True,paving stones,good
768543b5-6c7f-4de3-ac4c-5b219cdaeb8a,5d220cf2-7fab-4feb-940d-a5407a22c160,567cacdd-c726-464c-85a7-710a338ac67c,1643973757164,13.403641,52.47245,5.938637,0.11482187,-1.7771208,1.0933781,on bike mount,cyclo cross,True,paving stones,good
768543b5-6c7f-4de3-ac4c-5b219cdaeb8a,5d220cf2-7fab-4feb-940d-a5407a22c160,4aefe989-ee57-4a7d-93a9-506b70f4787e,1643973757221,13.403641,52.47245,5.938637,-0.639755,-2.5475273,1.4808178,on bike mount,cyclo cross,True,paving stones,good
768543b5-6c7f-4de3-ac4c-5b219cdaeb8a,5d220cf2-7fab-4feb-940d-a5407a22c160,45245869-98df-40b7-be18-c158e9d1c384,1643973757276,13.403641,52.47245,5.938637,0.044281144,1.446425,-8.512216,on bike mount,cyclo cross,True,paving stones,good
768543b5-6c7f-4de3-ac4c-5b219cdaeb8a,5d220cf2-7fab-4feb-940d-a5407a22c160,d45ae05f-fb01-49b0-a499-5b67208a96ad,1643973757332,13.403641,52.47245,5.938637,-0.058461294,0.18345833,10.19335,on bike mount,cyclo cross,True,paving stones,good
768543b5-6c7f-4de3-ac4c-5b219cdaeb8a,5d220cf2-7fab-4feb-940d-a5407a22c160,91313932-2897-4743-8458-359af5995645,1643973757387,13.403641,52.47245,5.938637,-0.8918941,-5.0874324,-4.405921,on bike mount,cyclo cross,True,paving stones,good
768543b5-6c7f-4de3-ac4c-5b219cdaeb8a,5d220cf2-7fab-4feb-940d-a5407a22c160,1f7d9aff-634e-4ef3-b648-e05fa4a6d514,1643973757442,13.403641,52.47245,5.938637,0.9287572,-2.9262152,-1.08777,on bike mount,cyclo cross,True,paving stones,good
768543b5-6c7f-4de3-ac4c-5b219cdaeb8a,5d220cf2-7fab-4feb-940d-a5407a22c160,a2fbb386-07c0-4e1d-91e9-3ece734f831d,1643973757499,13.403641,52.47245,5.938637,-0.6990414,1.6170087,0.039214134,on bike mount,cyclo cross,True,paving stones,good
768543b5-6c7f-4de3-ac4c-5b219cdaeb8a,5d220cf2-7fab-4feb-940d-a5407a22c160,cd0a49c0-119b-4799-a119-ac913699c45f,1643973757553,13.403641,52.47245,5.938637,-1.2570796,-3.2365892,6.9330015,on bike mount,cyclo cross,True,paving stones,good
768543b5-6c7f-4de3-ac4c-5b219cdaeb8a,5d220cf2-7fab-4feb-940d-a5407a22c160,69b924c0-1f6d-41b5-89ad-1c40bc35ee2c,1643973757610,13.403641,52.47245,5.938637,-0.24340704,1.9971399,-1.3474712,on bike mount,cyclo cross,True,paving stones,good
768543b5-6c7f-4de3-ac4c-5b219cdaeb8a,5d220cf2-7fab-4feb-940d-a5407a22c160,0a628842-e750-4e36-ac54-a684e1807e20,1643973757665,13.403641,52.47245,5.938637,0.2210139,0.15129018,2.2634296,on bike mount,cyclo cross,True,paving stones,good
768543b5-6c7f-4de3-ac4c-5b219cdaeb8a,5d220cf2-7fab-4feb-940d-a5407a22c160,f5a61ce7-f714-40d0-9dff-aaa7e3a53c4d,1643973757728,13.403641,52.47245,5.938637,0.22775716,1.3046203,-0.31612682,on bike mount,cyclo cross,True,paving stones,good
768543b5-6c7f-4de3-ac4c-5b219cdaeb8a,5d220cf2-7fab-4feb-940d-a5407a22c160,d3e61ba1-4873-473c-bc0d-58ed429a5588,1643973757787,13.403641,52.47245,5.938637,-0.28033835,-1.6280568,-1.3857555,on bike mount,cyclo cross,True,paving stones,good
768543b5-6c7f-4de3-ac4c-5b219cdaeb8a,5d220cf2-7fab-4feb-940d-a5407a22c160,64f65abd-f064-4585-bd4b-ce3e4e8c1b3a,1643973757842,13.4037304,52.4724529,6.0643816,-0.19217429,-3.551476,-1.6544662,on bike mount,cyclo cross,True,paving stones,good
768543b5-6c7f-4de3-ac4c-5b219cdaeb8a,5d220cf2-7fab-4feb-940d-a5407a22c160,79c7b238-9ce0-4ac4-967b-78ac8e01cc64,1643973757897,13.4037304,52.4724529,6.0643816,-1.3366774,-4.9681206,-4.397905,on bike mount,cyclo cross,True,paving stones,good
768543b5-6c7f-4de3-ac4c-5b219cdaeb8a,5d220cf2-7fab-4feb-940d-a5407a22c160,e849c31f-e4d9-43b7-af77-7b80292ad13f,1643973757953,13.4037304,52.4724529,6.0643816,-1.9024191,-0.17457438,-2.5384645,on bike mount,cyclo cross,True,paving stones,good
768543b5-6c7f-4de3-ac4c-5b219cdaeb8a,5d220cf2-7fab-4feb-940d-a5407a22c160,f6aeb1f7-df97-4c9d-980e-b24c7a7ca32e,1643973758010,13.4037304,52.4724529,6.0643816,-1.0365461,6.90065,-5.812845,on bike mount,cyclo cross,True,paving stones,good
768543b5-6c7f-4de3-ac4c-5b219cdaeb8a,5d220cf2-7fab-4feb-940d-a5407a22c160,5329c23d-a960-4271-8e27-1936e1f1a896,1643973758064,13.4037304,52.4724529,6.0643816,-3.5323403,5.1701117,5.2752867,on bike mount,cyclo cross,True,paving stones,good
768543b5-6c7f-4de3-ac4c-5b219cdaeb8a,5d220cf2-7fab-4feb-940d-a5407a22c160,e25c678d-38b7-4125-ac21-d7f8e065c6ff,1643973758121,13.4037304,52.4724529,6.0643816,0.52391076,1.8286242,-5.308761,on bike mount,cyclo cross,True,paving stones,good
768543b5-6c7f-4de3-ac4c-5b219cdaeb8a,5d220cf2-7fab-4feb-940d-a5407a22c160,9bead5a4-1d72-4250-98ae-f471c6fab220,1643973758176,13.4037304,52.4724529,6.0643816,-1.3124413,-8.91098,8.4182,on bike mount,cyclo cross,True,paving stones,good
768543b5-6c7f-4de3-ac4c-5b219cdaeb8a,5d220cf2-7fab-4feb-940d-a5407a22c160,fe1dd276-af13-47d4-aee8-ff1733454e1f,1643973758231,13.4037304,52.4724529,6.0643816,-0.4657657,2.5419602,-2.3832765,on bike mount,cyclo cross,True,paving stones,good
768543b5-6c7f-4de3-ac4c-5b219cdaeb8a,5d220cf2-7fab-4feb-940d-a5407a22c160,cd701e6b-2651-4a66-b63f-1f570d130146,1643973758288,13.4037304,52.4724529,6.0643816,0.55053365,1.8483105,3.5914183,on bike mount,cyclo cross,True,paving stones,good
768543b5-6c7f-4de3-ac4c-5b219cdaeb8a,5d220cf2-7fab-4feb-940d-a5407a22c160,2d7a8a16-40d4-4b8c-84ac-17b90189e28e,1643973758342,13.4037304,52.4724529,6.0643816,-0.29818034,2.7296762,-1.1502028,on bike mount,cyclo cross,True,paving stones,good
768543b5-6c7f-4de3-ac4c-5b219cdaeb8a,5d220cf2-7fab-4feb-940d-a5407a22c160,1c4c7b19-c536-45be-b107-9fe395ad55c5,1643973758397,13.4037304,52.4724529,6.0643816,1.2803847,-3.228491,-3.2530465,on bike mount,cyclo cross,True,paving stones,good
768543b5-6c7f-4de3-ac4c-5b219cdaeb8a,5d220cf2-7fab-4feb-940d-a5407a22c160,b2b0660e-cfa9-4ece-a062-9eb6036afc32,1643973758454,13.4037304,52.4724529,6.0643816,1.6272198,0.90765285,-5.3437495,on bike mount,cyclo cross,True,paving stones,good
768543b5-6c7f-4de3-ac4c-5b219cdaeb8a,5d220cf2-7fab-4feb-940d-a5407a22c160,27728d4b-8e9c-409a-a9ef-a473a73f9acf,1643973758510,13.4037304,52.4724529,6.0643816,-0.7074313,0.9513819,3.8294754,on bike mount,cyclo cross,True,paving stones,good
768543b5-6c7f-4de3-ac4c-5b219cdaeb8a,5d220cf2-7fab-4feb-940d-a5407a22c160,0055e521-c5fc-4b3c-a4f5-f421c4391be2,1643973758566,13.4037304,52.4724529,6.0643816,1.8513691,-2.200935,-6.059696,on bike mount,cyclo cross,True,paving stones,good
768543b5-6c7f-4de3-ac4c-5b219cdaeb8a,5d220cf2-7fab-4feb-940d-a5407a22c160,3ac2559e-cb59-4814-ab31-a13bf338cae2,1643973758621,13.4037304,52.4724529,6.0643816,0.5197371,-0.5457301,-1.0591941,on bike mount,cyclo cross,True,paving stones,good
768543b5-6c7f-4de3-ac4c-5b219cdaeb8a,5d220cf2-7fab-4feb-940d-a5407a22c160,aaca6f27-0a69-416a-9599-634213eeac35,1643973758675,13.4037304,52.4724529,6.0643816,-0.33788034,-0.07464504,1.2385435,on bike mount,cyclo cross,True,paving stones,good
768543b5-6c7f-4de3-ac4c-5b219cdaeb8a,5d220cf2-7fab-4feb-940d-a5407a22c160,f4b6ea35-e384-43a5-af00-4119f901dbc3,1643973758731,13.4037304,52.4724529,6.0643816,0.8470169,-1.277453,2.7919207,on bike mount,cyclo cross,True,paving stones,good
768543b5-6c7f-4de3-ac4c-5b219cdaeb8a,5d220cf2-7fab-4feb-940d-a5407a22c160,f470f4b8-542c-4ea0-9039-acc766da65e9,1643973758786,13.4037304,52.4724529,6.0643816,0.5706712,0.88891745,-3.362845,on bike mount,cyclo cross,True,paving stones,good
768543b5-6c7f-4de3-ac4c-5b219cdaeb8a,5d220cf2-7fab-4feb-940d-a5407a22c160,509c1c46-d493-43a8-8123-39db1e837776,1643973758842,13.4038208,52.4724543,6.186411,-0.02811674,0.42045355,2.76923,on bike mount,cyclo cross,True,paving stones,good
768543b5-6c7f-4de3-ac4c-5b219cdaeb8a,5d220cf2-7fab-4feb-940d-a5407a22c160,de6031f8-33ea-448f-ae19-9ac57a51ce80,1643973758899,13.4038208,52.4724543,6.186411,-0.23649073,0.09878707,-4.208972,on bike mount,cyclo cross,True,paving stones,good
768543b5-6c7f-4de3-ac4c-5b219cdaeb8a,5d220cf2-7fab-4feb-940d-a5407a22c160,3f9798f4-e5b9-4249-832f-a4b7589d741e,1643973758954,13.4038208,52.4724543,6.186411,-0.7772844,-0.053144693,4.9479675,on bike mount,cyclo cross,True,paving stones,good
768543b5-6c7f-4de3-ac4c-5b219cdaeb8a,5d220cf2-7fab-4feb-940d-a5407a22c160,3554a5d4-9407-4b66-afbf-95ba41647a9a,1643973759012,13.4038208,52.4724543,6.186411,0.65003884,0.36881328,-1.8162742,on bike mount,cyclo cross,True,paving stones,good
768543b5-6c7f-4de3-ac4c-5b219cdaeb8a,5d220cf2-7fab-4feb-940d-a5407a22c160,849a7a4d-cfcc-4183-8837-4d69eeb5bfd9,1643973759067,13.4038208,52.4724543,6.186411,-1.5671504,-1.6342014,0.99190235,on bike mount,cyclo cross,True,paving stones,good
768543b5-6c7f-4de3-ac4c-5b219cdaeb8a,5d220cf2-7fab-4feb-940d-a5407a22c160,b4bdb2eb-580f-4190-ac70-8169be553b67,1643973759121,13.4038208,52.4724543,6.186411,-0.69779396,-2.0963607,-0.8312321,on bike mount,cyclo cross,True,paving stones,good
768543b5-6c7f-4de3-ac4c-5b219cdaeb8a,5d220cf2-7fab-4feb-940d-a5407a22c160,49705661-123e-45da-97f1-027d3ecf3ae7,1643973759176,13.4038208,52.4724543,6.186411,0.14068556,-1.7137443,-1.0814037,on bike mount,cyclo cross,True,paving stones,good
768543b5-6c7f-4de3-ac4c-5b219cdaeb8a,5d220cf2-7fab-4feb-940d-a5407a22c160,0de2d058-227a-4f3b-bbb0-2560adf5e9ea,1643973759232,13.4038208,52.4724543,6.186411,-1.244242,-3.2138095,-0.72374916,on bike mount,cyclo cross,True,paving stones,good
768543b5-6c7f-4de3-ac4c-5b219cdaeb8a,5d220cf2-7fab-4feb-940d-a5407a22c160,8188b7a7-3b7b-44a6-b4d7-bc7069b81ecc,1643973759288,13.4038208,52.4724543,6.186411,0.19699086,-2.0531518,1.6683035,on bike mount,cyclo cross,True,paving stones,good
768543b5-6c7f-4de3-ac4c-5b219cdaeb8a,5d220cf2-7fab-4feb-940d-a5407a22c160,999a3658-fb61-4f5a-859e-9d20b7d74a1a,1643973759345,13.4038208,52.4724543,6.186411,1.1549228,0.10130596,-2.973753,on bike mount,cyclo cross,True,paving stones,good
768543b5-6c7f-4de3-ac4c-5b219cdaeb8a,5d220cf2-7fab-4feb-940d-a5407a22c160,3f3ee781-01d6-4677-8b45-77e8898a3337,1643973759399,13.4038208,52.4724543,6.186411,-1.31022,-1.6723205,0.9868727,on bike mount,cyclo cross,True,paving stones,good
768543b5-6c7f-4de3-ac4c-5b219cdaeb8a,5d220cf2-7fab-4feb-940d-a5407a22c160,36317261-3490-4a5c-8751-1e3bf23858cd,1643973759453,13.4038208,52.4724543,6.186411,1.1028998,0.5777383,-2.4118543,on bike mount,cyclo cross,True,paving stones,good
768543b5-6c7f-4de3-ac4c-5b219cdaeb8a,5d220cf2-7fab-4feb-940d-a5407a22c160,f04d3cdf-2785-4b98-ba12-3180ee132b90,1643973759509,13.4038208,52.4724543,6.186411,-0.55638045,0.28049016,1.3506975,on bike mount,cyclo cross,True,paving stones,good
768543b5-6c7f-4de3-ac4c-5b219cdaeb8a,5d220cf2-7fab-4feb-940d-a5407a22c160,d6dbe29d-8aea-4fd1-bc08-875d17578d0d,1643973759568,13.4038208,52.4724543,6.186411,0.51371354,-2.1823025,2.5788603,on bike mount,cyclo cross,True,paving stones,good
768543b5-6c7f-4de3-ac4c-5b219cdaeb8a,5d220cf2-7fab-4feb-940d-a5407a22c160,048ed971-21d9-4884-a931-c164b66efa30,1643973759621,13.4038208,52.4724543,6.186411,0.91668713,-2.7139137,-5.1458364,on bike mount,cyclo cross,True,paving stones,good
768543b5-6c7f-4de3-ac4c-5b219cdaeb8a,5d220cf2-7fab-4feb-940d-a5407a22c160,0d9a799f-0799-450b-8024-8a24e3f41352,1643973759677,13.4038208,52.4724543,6.186411,-0.44467092,-1.3127371,0.7119551,on bike mount,cyclo cross,True,paving stones,good
768543b5-6c7f-4de3-ac4c-5b219cdaeb8a,5d220cf2-7fab-4feb-940d-a5407a22c160,ac22b828-a84e-4d80-9775-6d4256a6b3cd,1643973759734,13.4038208,52.4724543,6.186411,-1.1039425,-3.452064,3.6373425,on bike mount,cyclo cross,True,paving stones,good
768543b5-6c7f-4de3-ac4c-5b219cdaeb8a,5d220cf2-7fab-4feb-940d-a5407a22c160,e4588991-f21a-485e-8ef3-548903e55b36,1643973759789,13.4038208,52.4724543,6.186411,-0.14093494,-1.8613153,-2.4904876,on bike mount,cyclo cross,True,paving stones,good
768543b5-6c7f-4de3-ac4c-5b219cdaeb8a,5d220cf2-7fab-4feb-940d-a5407a22c160,a453b786-f285-4006-b2b2-fdab280a7549,1643973759842,13.4039116,52.4724589,5.9008794,-0.4792184,-1.1141834,-2.2999072,on bike mount,cyclo cross,True,paving stones,good
768543b5-6c7f-4de3-ac4c-5b219cdaeb8a,5d220cf2-7fab-4feb-940d-a5407a22c160,bcb0e39c-9397-43ae-b1c7-215078f5b95e,1643973759899,13.4039116,52.4724589,5.9008794,-1.9590194,-3.9357803,-2.2502985,on bike mount,cyclo cross,True,paving stones,good
768543b5-6c7f-4de3-ac4c-5b219cdaeb8a,5d220cf2-7fab-4feb-940d-a5407a22c160,f92a76a8-1584-4f07-b466-02a88f3999cb,1643973759954,13.4039116,52.4724589,5.9008794,-1.0033904,-0.95795214,5.888589,on bike mount,cyclo cross,True,paving stones,good
768543b5-6c7f-4de3-ac4c-5b219cdaeb8a,5d220cf2-7fab-4feb-940d-a5407a22c160,ef84b6e9-6bd1-459c-a3b2-c8b811cf39ad,1643973760010,13.4039116,52.4724589,5.9008794,1.2071837,-1.1848367,1.2130499,on bike mount,cyclo cross,True,paving stones,good
768543b5-6c7f-4de3-ac4c-5b219cdaeb8a,5d220cf2-7fab-4feb-940d-a5407a22c160,5b437e9f-eda9-4a49-a1bc-3d8e90bb983b,1643973760066,13.4039116,52.4724589,5.9008794,-1.3012694,1.7559881,1.1450262,on bike mount,cyclo cross,True,paving stones,good
768543b5-6c7f-4de3-ac4c-5b219cdaeb8a,5d220cf2-7fab-4feb-940d-a5407a22c160,de9e7922-10a8-45e9-897f-cfc47621cd03,1643973760121,13.4039116,52.4724589,5.9008794,-0.08005495,1.3812737,-2.4392705,on bike mount,cyclo cross,True,paving stones,good
768543b5-6c7f-4de3-ac4c-5b219cdaeb8a,5d220cf2-7fab-4feb-940d-a5407a22c160,da590c81-2aa6-46c2-9ebc-f794b01f7ef7,1643973760176,13.4039116,52.4724589,5.9008794,0.006999314,-2.1871912,2.7369652,on bike mount,cyclo cross,True,paving stones,good
768543b5-6c7f-4de3-ac4c-5b219cdaeb8a,5d220cf2-7fab-4feb-940d-a5407a22c160,68595778-dc06-4ab0-a267-aa536c49ee98,1643973760232,13.4039116,52.4724589,5.9008794,-1.6509144,0.8761349,1.3131466,on bike mount,cyclo cross,True,paving stones,good
768543b5-6c7f-4de3-ac4c-5b219cdaeb8a,5d220cf2-7fab-4feb-940d-a5407a22c160,c7d58e19-3744-4b69-937e-012923ed030b,1643973760289,13.4039116,52.4724589,5.9008794,-2.7867553,-2.0536287,24.438812,on bike mount,cyclo cross,True,paving stones,good
768543b5-6c7f-4de3-ac4c-5b219cdaeb8a,5d220cf2-7fab-4feb-940d-a5407a22c160,a69c4d16-8b63-4f45-b526-ec49b41c113a,1643973760344,13.4039116,52.4724589,5.9008794,-0.37815365,1.7539911,-6.8184752,on bike mount,cyclo cross,True,paving stones,good
768543b5-6c7f-4de3-ac4c-5b219cdaeb8a,5d220cf2-7fab-4feb-940d-a5407a22c160,12e358bb-cb06-4096-bfa5-3bc8bf5cf749,1643973760399,13.4039116,52.4724589,5.9008794,0.21138927,2.0190883,0.5848923,on bike mount,cyclo cross,True,paving stones,good
768543b5-6c7f-4de3-ac4c-5b219cdaeb8a,5d220cf2-7fab-4feb-940d-a5407a22c160,b8e81205-581c-45c9-852c-9cee2e48ddf3,1643973760454,13.4039116,52.4724589,5.9008794,-0.0003978908,12.736799,-5.2111073,on bike mount,cyclo cross,True,paving stones,good
768543b5-6c7f-4de3-ac4c-5b219cdaeb8a,5d220cf2-7fab-4feb-940d-a5407a22c160,2f61fa38-c972-4b4a-8f2d-4e5fe7c96503,1643973760510,13.4039116,52.4724589,5.9008794,-0.6063301,0.7897525,3.3052301,on bike mount,cyclo cross,True,paving stones,good
768543b5-6c7f-4de3-ac4c-5b219cdaeb8a,5d220cf2-7fab-4feb-940d-a5407a22c160,656d0357-1db5-42f6-9e43-98650a25ff24,1643973760567,13.4039116,52.4724589,5.9008794,-0.55299526,-1.6476917,2.568941,on bike mount,cyclo cross,True,paving stones,good
768543b5-6c7f-4de3-ac4c-5b219cdaeb8a,5d220cf2-7fab-4feb-940d-a5407a22c160,9e368ebe-be9e-46c5-b4e3-4d75a18077b4,1643973760622,13.4039116,52.4724589,5.9008794,-1.424953,2.260336,-3.946422,on bike mount,cyclo cross,True,paving stones,good
768543b5-6c7f-4de3-ac4c-5b219cdaeb8a,5d220cf2-7fab-4feb-940d-a5407a22c160,964f952b-5878-4935-86e4-2c920e1ecb68,1643973760679,13.4039116,52.4724589,5.9008794,-0.3875774,0.9382553,0.49806213,on bike mount,cyclo cross,True,paving stones,good
768543b5-6c7f-4de3-ac4c-5b219cdaeb8a,5d220cf2-7fab-4feb-940d-a5407a22c160,9e515b30-3438-4611-a76b-a588a9a57609,1643973760733,13.4039116,52.4724589,5.9008794,-0.40381086,-0.26086307,-2.1860232,on bike mount,cyclo cross,True,paving stones,good
768543b5-6c7f-4de3-ac4c-5b219cdaeb8a,5d220cf2-7fab-4feb-940d-a5407a22c160,73933fb4-289f-4073-997d-57314bf88b9c,1643973760788,13.4039116,52.4724589,5.9008794,-0.034183294,-1.6887867,1.0031004,on bike mount,cyclo cross,True,paving stones,good
768543b5-6c7f-4de3-ac4c-5b219cdaeb8a,5d220cf2-7fab-4feb-940d-a5407a22c160,29e93a38-f3ac-4c7b-bbb7-b9126c6a9a0b,1643973760844,13.4039995,52.4724599,6.0924163,0.50375795,-4.675865,-1.0197344,on bike mount,cyclo cross,True,paving stones,good
768543b5-6c7f-4de3-ac4c-5b219cdaeb8a,5d220cf2-7fab-4feb-940d-a5407a22c160,7bbf5c66-a400-45d8-93df-60fbc8fc3298,1643973760899,13.4039995,52.4724599,6.0924163,-0.44242528,-0.15234673,-1.8305216,on bike mount,cyclo cross,True,paving stones,good
768543b5-6c7f-4de3-ac4c-5b219cdaeb8a,5d220cf2-7fab-4feb-940d-a5407a22c160,d5e319f4-3a34-434e-9888-0e70cd6ffbb3,1643973760955,13.4039995,52.4724599,6.0924163,1.6059201,-0.21318007,-4.747568,on bike mount,cyclo cross,True,paving stones,good
768543b5-6c7f-4de3-ac4c-5b219cdaeb8a,5d220cf2-7fab-4feb-940d-a5407a22c160,1e1d1d46-c199-4d5d-8164-4d9aad33f15d,1643973761013,13.4039995,52.4724599,6.0924163,2.4291654,1.0580595,1.925911,on bike mount,cyclo cross,True,paving stones,good
768543b5-6c7f-4de3-ac4c-5b219cdaeb8a,5d220cf2-7fab-4feb-940d-a5407a22c160,833f2e70-af6a-4458-8359-3f1763ae64d9,1643973761066,13.4039995,52.4724599,6.0924163,-0.7359052,-4.005492,7.3012505,on bike mount,cyclo cross,True,paving stones,good
768543b5-6c7f-4de3-ac4c-5b219cdaeb8a,5d220cf2-7fab-4feb-940d-a5407a22c160,2ce8d4f7-61c4-4327-ab5f-65d458c821c7,1643973761122,13.4039995,52.4724599,6.0924163,1.4881456,0.587754,0.1023016,on bike mount,cyclo cross,True,paving stones,good
768543b5-6c7f-4de3-ac4c-5b219cdaeb8a,5d220cf2-7fab-4feb-940d-a5407a22c160,a46ff85d-095a-43c2-9418-9666e58f492b,1643973761177,13.4039995,52.4724599,6.0924163,0.44318658,2.2429752,-5.6465797,on bike mount,cyclo cross,True,paving stones,good
768543b5-6c7f-4de3-ac4c-5b219cdaeb8a,5d220cf2-7fab-4feb-940d-a5407a22c160,23b6a13c-b5ea-418d-88f4-bdd09e1403aa,1643973761232,13.4039995,52.4724599,6.0924163,0.1497421,-1.0514238,0.5779257,on bike mount,cyclo cross,True,paving stones,good
768543b5-6c7f-4de3-ac4c-5b219cdaeb8a,5d220cf2-7fab-4feb-940d-a5407a22c160,f3334f5a-19c7-4b4b-bf38-9d5d879dfbdf,1643973761289,13.4039995,52.4724599,6.0924163,-0.6537704,-0.20973825,4.114892,on bike mount,cyclo cross,True,paving stones,good
768543b5-6c7f-4de3-ac4c-5b219cdaeb8a,5d220cf2-7fab-4feb-940d-a5407a22c160,c71324ed-4fc6-4f32-ab63-1f1df9f60e8a,1643973761345,13.4039995,52.4724599,6.0924163,-0.5144389,0.39540887,-0.72279453,on bike mount,cyclo cross,True,paving stones,good
768543b5-6c7f-4de3-ac4c-5b219cdaeb8a,5d220cf2-7fab-4feb-940d-a5407a22c160,5be0fee6-8e58-4730-9e8a-4f712119a7b5,1643973761400,13.4039995,52.4724599,6.0924163,0.16801772,0.014976263,4.1738815,on bike mount,cyclo cross,True,paving stones,good
768543b5-6c7f-4de3-ac4c-5b219cdaeb8a,5d220cf2-7fab-4feb-940d-a5407a22c160,d737bd42-c3ee-49c3-8857-c36a781a23a3,1643973761456,13.4039995,52.4724599,6.0924163,-0.5075274,0.32842827,0.33610916,on bike mount,cyclo cross,True,paving stones,good
768543b5-6c7f-4de3-ac4c-5b219cdaeb8a,5d220cf2-7fab-4feb-940d-a5407a22c160,bf3b97aa-5261-4105-bcb7-b92f93469ad1,1643973761510,13.4039995,52.4724599,6.0924163,-0.7702107,0.40444326,1.228755,on bike mount,cyclo cross,True,paving stones,good
768543b5-6c7f-4de3-ac4c-5b219cdaeb8a,5d220cf2-7fab-4feb-940d-a5407a22c160,b4402733-802a-40c6-a709-34ae1923f196,1643973761566,13.4039995,52.4724599,6.0924163,-0.05894143,0.4093976,0.8767986,on bike mount,cyclo cross,True,paving stones,good
768543b5-6c7f-4de3-ac4c-5b219cdaeb8a,5d220cf2-7fab-4feb-940d-a5407a22c160,5a30ff59-eee8-4c6b-842e-2760d8cda445,1643973761623,13.4039995,52.4724599,6.0924163,-1.6851709,-1.5837033,0.044900894,on bike mount,cyclo cross,True,paving stones,good
768543b5-6c7f-4de3-ac4c-5b219cdaeb8a,5d220cf2-7fab-4feb-940d-a5407a22c160,bef55840-e0dc-4a8f-a61f-869439e6bd59,1643973761679,13.4039995,52.4724599,6.0924163,0.4815743,-2.4823375,-0.49269485,on bike mount,cyclo cross,True,paving stones,good
768543b5-6c7f-4de3-ac4c-5b219cdaeb8a,5d220cf2-7fab-4feb-940d-a5407a22c160,2c9c1dde-f862-4456-8766-553fdd89347a,1643973761732,13.4039995,52.4724599,6.0924163,0.013206363,-1.4913683,2.2944603,on bike mount,cyclo cross,True,paving stones,good
768543b5-6c7f-4de3-ac4c-5b219cdaeb8a,5d220cf2-7fab-4feb-940d-a5407a22c160,c0f6201f-93c9-48ff-b831-b6c4f6def064,1643973761790,13.4039995,52.4724599,6.0924163,0.041135415,-1.280484,2.5032349,on bike mount,cyclo cross,True,paving stones,good
768543b5-6c7f-4de3-ac4c-5b219cdaeb8a,5d220cf2-7fab-4feb-940d-a5407a22c160,6ccbe1fe-9f40-4077-95c9-66f1d905b6d1,1643973761844,13.4040906,52.472462,6.1665688,0.047500104,3.2845602,-4.824631,on bike mount,cyclo cross,True,paving stones,good
768543b5-6c7f-4de3-ac4c-5b219cdaeb8a,5d220cf2-7fab-4feb-940d-a5407a22c160,f1daf697-bde5-441f-bad3-1a1d055ef631,1643973761900,13.4040906,52.472462,6.1665688,-0.10826965,1.9665451,0.32246494,on bike mount,cyclo cross,True,paving stones,good
768543b5-6c7f-4de3-ac4c-5b219cdaeb8a,5d220cf2-7fab-4feb-940d-a5407a22c160,5ae6581f-cb00-49b9-80fe-65d0e4ac8f81,1643973761955,13.4040906,52.472462,6.1665688,0.2776773,1.3644509,-0.28557396,on bike mount,cyclo cross,True,paving stones,good
768543b5-6c7f-4de3-ac4c-5b219cdaeb8a,5d220cf2-7fab-4feb-940d-a5407a22c160,89e87190-c8a2-4f1e-bcb6-f4e00473f64a,1643973762012,13.4040906,52.472462,6.1665688,0.7986392,-0.591635,1.2929411,on bike mount,cyclo cross,True,paving stones,good
768543b5-6c7f-4de3-ac4c-5b219cdaeb8a,5d220cf2-7fab-4feb-940d-a5407a22c160,340d0d11-9b8b-45b5-a974-d697299d682c,1643973762067,13.4040906,52.472462,6.1665688,-0.30357504,-0.07247782,-0.7082987,on bike mount,cyclo cross,True,paving stones,good
768543b5-6c7f-4de3-ac4c-5b219cdaeb8a,5d220cf2-7fab-4feb-940d-a5407a22c160,c4d67bc1-2133-4026-8b89-8c5e968fe6d2,1643973762122,13.4040906,52.472462,6.1665688,-0.9376075,-1.5377026,3.7086077,on bike mount,cyclo cross,True,paving stones,good
768543b5-6c7f-4de3-ac4c-5b219cdaeb8a,5d220cf2-7fab-4feb-940d-a5407a22c160,539b0627-6da4-4737-a535-f0867bec794b,1643973762178,13.4040906,52.472462,6.1665688,-0.33931795,-0.28772783,0.52312756,on bike mount,cyclo cross,True,paving stones,good
768543b5-6c7f-4de3-ac4c-5b219cdaeb8a,5d220cf2-7fab-4feb-940d-a5407a22c160,1a33ac6f-28b9-4e33-bb02-3e7a4c1837ff,1643973762234,13.4040906,52.472462,6.1665688,-0.84389144,1.1254778,0.26710987,on bike mount,cyclo cross,True,paving stones,good
768543b5-6c7f-4de3-ac4c-5b219cdaeb8a,5d220cf2-7fab-4feb-940d-a5407a22c160,7eb06f71-b4da-4d54-a948-abee1da9c65c,1643973762294,13.4040906,52.472462,6.1665688,-1.2463839,0.10734439,2.3893871,on bike mount,cyclo cross,True,paving stones,good
768543b5-6c7f-4de3-ac4c-5b219cdaeb8a,5d220cf2-7fab-4feb-940d-a5407a22c160,cdcec93d-5b53-427e-bb8b-612e6777c828,1643973762343,13.4040906,52.472462,6.1665688,-0.6708352,-0.678174,1.7899609,on bike mount,cyclo cross,True,paving stones,good
768543b5-6c7f-4de3-ac4c-5b219cdaeb8a,5d220cf2-7fab-4feb-940d-a5407a22c160,89d22b81-2038-454b-b60c-9e8d9780de18,1643973762399,13.4040906,52.472462,6.1665688,0.34151286,-2.2913404,-1.3823023,on bike mount,cyclo cross,True,paving stones,good
768543b5-6c7f-4de3-ac4c-5b219cdaeb8a,5d220cf2-7fab-4feb-940d-a5407a22c160,6337b9df-00a4-4d76-b6f6-16b35ccad27b,1643973762455,13.4040906,52.472462,6.1665688,-1.009292,-1.5453967,-0.3459196,on bike mount,cyclo cross,True,paving stones,good
768543b5-6c7f-4de3-ac4c-5b219cdaeb8a,5d220cf2-7fab-4feb-940d-a5407a22c160,f85469eb-493d-4ccc-8dfd-8acc386a982a,1643973762511,13.4040906,52.472462,6.1665688,1.1088455,-1.4088693,0.3550415,on bike mount,cyclo cross,True,paving stones,good
768543b5-6c7f-4de3-ac4c-5b219cdaeb8a,5d220cf2-7fab-4feb-940d-a5407a22c160,855632f0-91fe-4e39-bbc1-9cc303da1550,1643973762567,13.4040906,52.472462,6.1665688,1.9579002,-3.348281,-1.7427697,on bike mount,cyclo cross,True,paving stones,good
768543b5-6c7f-4de3-ac4c-5b219cdaeb8a,5d220cf2-7fab-4feb-940d-a5407a22c160,d2d274a5-740f-4f96-9d27-91dc9feb0c7a,1643973762624,13.4040906,52.472462,6.1665688,-0.8489224,1.3535237,2.5133095,on bike mount,cyclo cross,True,paving stones,good
768543b5-6c7f-4de3-ac4c-5b219cdaeb8a,5d220cf2-7fab-4feb-940d-a5407a22c160,fa5e4070-790d-488b-a980-04dafda79f1a,1643973762680,13.4040906,52.472462,6.1665688,1.1302996,0.74148583,-0.115953445,on bike mount,cyclo cross,True,paving stones,good
768543b5-6c7f-4de3-ac4c-5b219cdaeb8a,5d220cf2-7fab-4feb-940d-a5407a22c160,15b53d51-6464-41d0-afe6-08b3648961e6,1643973762733,13.4040906,52.472462,6.1665688,1.0820651,-0.61889863,3.4230309,on bike mount,cyclo cross,True,paving stones,good
768543b5-6c7f-4de3-ac4c-5b219cdaeb8a,5d220cf2-7fab-4feb-940d-a5407a22c160,5a7aa4ab-eb96-46bc-9bdd-93ccefc226dc,1643973762788,13.4040906,52.472462,6.1665688,-0.18815249,2.3833032,0.07892513,on bike mount,cyclo cross,True,paving stones,good
768543b5-6c7f-4de3-ac4c-5b219cdaeb8a,5d220cf2-7fab-4feb-940d-a5407a22c160,aa3fad8b-6622-4607-a364-e22cafc489af,1643973762845,13.4041816,52.4724643,6.0987506,0.53628725,-0.14541364,-0.7889576,on bike mount,cyclo cross,True,paving stones,good
768543b5-6c7f-4de3-ac4c-5b219cdaeb8a,5d220cf2-7fab-4feb-940d-a5407a22c160,95a2e9f9-ab95-4651-8a18-1301ea748126,1643973762900,13.4041816,52.4724643,6.0987506,-0.31538746,-1.4981289,-0.7347517,on bike mount,cyclo cross,True,paving stones,good
768543b5-6c7f-4de3-ac4c-5b219cdaeb8a,5d220cf2-7fab-4feb-940d-a5407a22c160,8df003d7-cc3c-4ccc-a6f4-17a0dee247ab,1643973762955,13.4041816,52.4724643,6.0987506,1.6973374,0.6272576,1.5065403,on bike mount,cyclo cross,True,paving stones,good
768543b5-6c7f-4de3-ac4c-5b219cdaeb8a,5d220cf2-7fab-4feb-940d-a5407a22c160,31914924-0714-4095-a8a2-cd57cab9ef11,1643973763011,13.4041816,52.4724643,6.0987506,-0.5212399,-1.3992587,-0.88985157,on bike mount,cyclo cross,True,paving stones,good
768543b5-6c7f-4de3-ac4c-5b219cdaeb8a,5d220cf2-7fab-4feb-940d-a5407a22c160,dca61b1b-8a28-4c67-b5c8-2e1e20a80a8e,1643973763066,13.4041816,52.4724643,6.0987506,0.42844772,0.39857888,0.92060375,on bike mount,cyclo cross,True,paving stones,good
768543b5-6c7f-4de3-ac4c-5b219cdaeb8a,5d220cf2-7fab-4feb-940d-a5407a22c160,6151a484-ed19-49e2-a6f3-2ea442cb42e8,1643973763122,13.4041816,52.4724643,6.0987506,-0.42419052,-1.7343742,1.2097874,on bike mount,cyclo cross,True,paving stones,good
768543b5-6c7f-4de3-ac4c-5b219cdaeb8a,5d220cf2-7fab-4feb-940d-a5407a22c160,3894a3db-f081-4801-9b11-a3acffe87685,1643973763177,13.4041816,52.4724643,6.0987506,-0.17038375,-3.019169,-3.427927,on bike mount,cyclo cross,True,paving stones,good
768543b5-6c7f-4de3-ac4c-5b219cdaeb8a,5d220cf2-7fab-4feb-940d-a5407a22c160,95230622-f91c-4e32-9cd5-6ae23d5adf4c,1643973763234,13.4041816,52.4724643,6.0987506,1.0882993,1.098625,1.5420456,on bike mount,cyclo cross,True,paving stones,good
768543b5-6c7f-4de3-ac4c-5b219cdaeb8a,5d220cf2-7fab-4feb-940d-a5407a22c160,a58833d7-febd-4b58-bdf4-91fd56ae109b,1643973763289,13.4041816,52.4724643,6.0987506,-0.39710873,0.7605808,-1.205811,on bike mount,cyclo cross,True,paving stones,good
768543b5-6c7f-4de3-ac4c-5b219cdaeb8a,5d220cf2-7fab-4feb-940d-a5407a22c160,fa0dd41a-cfe6-4b88-9e20-b8544d9523b3,1643973763346,13.4041816,52.4724643,6.0987506,-0.19934854,-3.9004893,8.856137,on bike mount,cyclo cross,True,paving stones,good
768543b5-6c7f-4de3-ac4c-5b219cdaeb8a,5d220cf2-7fab-4feb-940d-a5407a22c160,ac57b736-50b0-4d7c-bc7b-3fdee5faf211,1643973763401,13.4041816,52.4724643,6.0987506,-0.90673006,3.4599314,-16.517424,on bike mount,cyclo cross,True,paving stones,good
768543b5-6c7f-4de3-ac4c-5b219cdaeb8a,5d220cf2-7fab-4feb-940d-a5407a22c160,67e60d48-2144-4d5b-9d11-979edc3f2bfa,1643973763456,13.4041816,52.4724643,6.0987506,1.3666786,0.2566018,3.3392725,on bike mount,cyclo cross,True,paving stones,good
768543b5-6c7f-4de3-ac4c-5b219cdaeb8a,5d220cf2-7fab-4feb-940d-a5407a22c160,6ec36a76-da7d-485f-9293-237e6ed22641,1643973763511,13.4041816,52.4724643,6.0987506,-0.6025692,9.85009,-6.416815,on bike mount,cyclo cross,True,paving stones,good
768543b5-6c7f-4de3-ac4c-5b219cdaeb8a,5d220cf2-7fab-4feb-940d-a5407a22c160,65e57dbd-cc81-40f9-abb8-0da8188350d2,1643973763566,13.4041816,52.4724643,6.0987506,2.436728,-2.1389585,2.703559,on bike mount,cyclo cross,True,paving stones,good
768543b5-6c7f-4de3-ac4c-5b219cdaeb8a,5d220cf2-7fab-4feb-940d-a5407a22c160,85e0fc6c-bd53-4ab0-a350-9b5de09e1773,1643973763623,13.4041816,52.4724643,6.0987506,-1.0441601,-3.2703705,-4.0628834,on bike mount,cyclo cross,True,paving stones,good
768543b5-6c7f-4de3-ac4c-5b219cdaeb8a,5d220cf2-7fab-4feb-940d-a5407a22c160,e0b01a30-25fc-4e0f-8bd5-e539691000c9,1643973763678,13.4041816,52.4724643,6.0987506,-0.5378661,-0.1964531,0.3672495,on bike mount,cyclo cross,True,paving stones,good
768543b5-6c7f-4de3-ac4c-5b219cdaeb8a,5d220cf2-7fab-4feb-940d-a5407a22c160,7033f0aa-d87b-470b-8928-81402abe10ce,1643973763733,13.4041816,52.4724643,6.0987506,0.25087243,-2.024269,-1.1703305,on bike mount,cyclo cross,True,paving stones,good
768543b5-6c7f-4de3-ac4c-5b219cdaeb8a,5d220cf2-7fab-4feb-940d-a5407a22c160,c3b2ddb3-fcb9-4dac-852d-d6b6345ebd36,1643973763793,13.4041816,52.4724643,6.0987506,-2.4693732,-1.0382698,2.6712284,on bike mount,cyclo cross,True,paving stones,good
768543b5-6c7f-4de3-ac4c-5b219cdaeb8a,5d220cf2-7fab-4feb-940d-a5407a22c160,5b295fc9-a56b-497b-87b2-41fb192207ad,1643973763846,13.4042712,52.472467,6.0640078,0.7962991,1.4593754,-2.4495811,on bike mount,cyclo cross,True,paving stones,good
768543b5-6c7f-4de3-ac4c-5b219cdaeb8a,5d220cf2-7fab-4feb-940d-a5407a22c160,4f8af5b6-9184-47f8-aec0-b639e49e7fd6,1643973763900,13.4042712,52.472467,6.0640078,-0.92374635,0.6311455,-2.449501,on bike mount,cyclo cross,True,paving stones,good
768543b5-6c7f-4de3-ac4c-5b219cdaeb8a,5d220cf2-7fab-4feb-940d-a5407a22c160,5f2787cc-997a-4541-9043-4d9e358359ca,1643973763956,13.4042712,52.472467,6.0640078,-2.7556167,5.609556,0.44906998,on bike mount,cyclo cross,True,paving stones,good
768543b5-6c7f-4de3-ac4c-5b219cdaeb8a,5d220cf2-7fab-4feb-940d-a5407a22c160,8a8fc593-122f-4e29-8496-57c8b519a71d,1643973764013,13.4042712,52.472467,6.0640078,-1.4444343,3.1369534,5.8803816,on bike mount,cyclo cross,True,paving stones,good
768543b5-6c7f-4de3-ac4c-5b219cdaeb8a,5d220cf2-7fab-4feb-940d-a5407a22c160,adfd6c47-6861-42d1-bd97-215b382df503,1643973764068,13.4042712,52.472467,6.0640078,2.7131586,3.0097117,-8.269497,on bike mount,cyclo cross,True,paving stones,good
768543b5-6c7f-4de3-ac4c-5b219cdaeb8a,5d220cf2-7fab-4feb-940d-a5407a22c160,353e2353-9cbb-4524-9c0e-393dd11910e0,1643973764124,13.4042712,52.472467,6.0640078,0.08768575,0.74564004,2.8301764,on bike mount,cyclo cross,True,paving stones,good
768543b5-6c7f-4de3-ac4c-5b219cdaeb8a,5d220cf2-7fab-4feb-940d-a5407a22c160,9a22d2d3-30fb-4990-ace0-97fc40b012b7,1643973764179,13.4042712,52.472467,6.0640078,0.04426632,4.03246,-1.0966406,on bike mount,cyclo cross,True,paving stones,good
768543b5-6c7f-4de3-ac4c-5b219cdaeb8a,5d220cf2-7fab-4feb-940d-a5407a22c160,886da390-2568-4a7d-a928-9474186e6a07,1643973764235,13.4042712,52.472467,6.0640078,2.7348225,-3.687836,4.893982,on bike mount,cyclo cross,True,paving stones,good
768543b5-6c7f-4de3-ac4c-5b219cdaeb8a,5d220cf2-7fab-4feb-940d-a5407a22c160,d3051c20-6d9f-4dd0-8140-210830e8539c,1643973764290,13.4042712,52.472467,6.0640078,-0.30858642,0.17973089,-1.4146667,on bike mount,cyclo cross,True,paving stones,good
768543b5-6c7f-4de3-ac4c-5b219cdaeb8a,5d220cf2-7fab-4feb-940d-a5407a22c160,3489b096-6fc6-40a0-b63b-e02d4cfc084b,1643973764345,13.4042712,52.472467,6.0640078,-0.34707716,-3.8841615,2.5019178,on bike mount,cyclo cross,True,paving stones,good
768543b5-6c7f-4de3-ac4c-5b219cdaeb8a,5d220cf2-7fab-4feb-940d-a5407a22c160,ccb0aef5-804c-427b-810c-04f4cdb3ecdb,1643973764401,13.4042712,52.472467,6.0640078,1.5717334,0.41226482,-2.5528817,on bike mount,cyclo cross,True,paving stones,good
768543b5-6c7f-4de3-ac4c-5b219cdaeb8a,5d220cf2-7fab-4feb-940d-a5407a22c160,6212f14a-72a6-4d7e-a17d-cd510f3ed60f,1643973764456,13.4042712,52.472467,6.0640078,-0.09914136,0.95816994,1.8411093,on bike mount,cyclo cross,True,paving stones,good
768543b5-6c7f-4de3-ac4c-5b219cdaeb8a,5d220cf2-7fab-4feb-940d-a5407a22c160,70ae53bf-d051-45a0-a433-78ccc47b6990,1643973764512,13.4042712,52.472467,6.0640078,-0.09620643,1.7011456,1.6740742,on bike mount,cyclo cross,True,paving stones,good
768543b5-6c7f-4de3-ac4c-5b219cdaeb8a,5d220cf2-7fab-4feb-940d-a5407a22c160,39a8194e-0d12-43a7-a7d8-6a4d18832483,1643973764566,13.4042712,52.472467,6.0640078,0.066570595,-0.23799658,2.8127432,on bike mount,cyclo cross,True,paving stones,good
768543b5-6c7f-4de3-ac4c-5b219cdaeb8a,5d220cf2-7fab-4feb-940d-a5407a22c160,18cbab57-9416-47f3-b5e9-8a913e84efd6,1643973764623,13.4042712,52.472467,6.0640078,-0.329816,-3.1608117,0.87220955,on bike mount,cyclo cross,True,paving stones,good
768543b5-6c7f-4de3-ac4c-5b219cdaeb8a,5d220cf2-7fab-4feb-940d-a5407a22c160,a2f53e07-4539-4629-b35f-a2d0002f682b,1643973764679,13.4042712,52.472467,6.0640078,1.8337325,-0.6695092,-3.1395364,on bike mount,cyclo cross,True,paving stones,good
768543b5-6c7f-4de3-ac4c-5b219cdaeb8a,5d220cf2-7fab-4feb-940d-a5407a22c160,15a5cf89-48a9-4804-bd22-6e96118ca306,1643973764734,13.4042712,52.472467,6.0640078,0.7543615,2.3239121,0.71310997,on bike mount,cyclo cross,True,paving stones,good
768543b5-6c7f-4de3-ac4c-5b219cdaeb8a,5d220cf2-7fab-4feb-940d-a5407a22c160,5ee23ecc-c6e7-4160-884b-f28cb46db7d0,1643973764789,13.4042712,52.472467,6.0640078,-0.78182435,-2.3793726,3.9767017,on bike mount,cyclo cross,True,paving stones,good
768543b5-6c7f-4de3-ac4c-5b219cdaeb8a,5d220cf2-7fab-4feb-940d-a5407a22c160,95199e3c-fc73-4fb2-8028-86c3db8ece7e,1643973764845,13.4043595,52.4724696,6.0417447,0.28250313,-0.20167184,-2.1638427,on bike mount,cyclo cross,True,paving stones,good
768543b5-6c7f-4de3-ac4c-5b219cdaeb8a,5d220cf2-7fab-4feb-940d-a5407a22c160,e1088dd5-9dcd-4240-b947-82a4379b7949,1643973764901,13.4043595,52.4724696,6.0417447,1.1389186,-2.1303573,0.31630325,on bike mount,cyclo cross,True,paving stones,good
768543b5-6c7f-4de3-ac4c-5b219cdaeb8a,5d220cf2-7fab-4feb-940d-a5407a22c160,65950b14-3182-4926-94d2-20095ed455b1,1643973764956,13.4043595,52.4724696,6.0417447,-0.57309973,2.5182154,-5.0344563,on bike mount,cyclo cross,True,paving stones,good
768543b5-6c7f-4de3-ac4c-5b219cdaeb8a,5d220cf2-7fab-4feb-940d-a5407a22c160,448c549b-20f8-4a8e-9998-bff09c2d33c5,1643973765011,13.4043595,52.4724696,6.0417447,-0.3352502,-0.6487093,1.2151175,on bike mount,cyclo cross,True,paving stones,good
768543b5-6c7f-4de3-ac4c-5b219cdaeb8a,5d220cf2-7fab-4feb-940d-a5407a22c160,7f5ff440-2186-4148-80a4-5fb3f8df0a37,1643973765069,13.4043595,52.4724696,6.0417447,0.44563246,-0.2470491,-1.0080185,on bike mount,cyclo cross,True,paving stones,good
768543b5-6c7f-4de3-ac4c-5b219cdaeb8a,5d220cf2-7fab-4feb-940d-a5407a22c160,dcf43896-8e33-4a5c-b87b-0b625123dd99,1643973765124,13.4043595,52.4724696,6.0417447,-1.489835,2.332156,2.6368303,on bike mount,cyclo cross,True,paving stones,good
768543b5-6c7f-4de3-ac4c-5b219cdaeb8a,5d220cf2-7fab-4feb-940d-a5407a22c160,c06847b2-e22c-4a56-ab5d-2b0b97094c69,1643973765179,13.4043595,52.4724696,6.0417447,-0.35646582,0.9476299,-0.20258427,on bike mount,cyclo cross,True,paving stones,good
768543b5-6c7f-4de3-ac4c-5b219cdaeb8a,5d220cf2-7fab-4feb-940d-a5407a22c160,d1c0ad89-aba2-4b27-8497-f16956c81332,1643973765235,13.4043595,52.4724696,6.0417447,0.5991451,2.9590287,-1.3942804,on bike mount,cyclo cross,True,paving stones,good
768543b5-6c7f-4de3-ac4c-5b219cdaeb8a,5d220cf2-7fab-4feb-940d-a5407a22c160,fa4dac69-4ad6-4d40-ac56-c766f56f9f00,1643973765291,13.4043595,52.4724696,6.0417447,0.6531515,2.4630952,2.056548,on bike mount,cyclo cross,True,paving stones,good
768543b5-6c7f-4de3-ac4c-5b219cdaeb8a,5d220cf2-7fab-4feb-940d-a5407a22c160,abcc3ba1-02ae-4d86-b088-6600284e5b7c,1643973765345,13.4043595,52.4724696,6.0417447,-0.6476666,1.4024282,1.9248896,on bike mount,cyclo cross,True,paving stones,good
768543b5-6c7f-4de3-ac4c-5b219cdaeb8a,5d220cf2-7fab-4feb-940d-a5407a22c160,7a41dce5-37dd-40b2-8604-7d149e6f59e0,1643973765400,13.4043595,52.4724696,6.0417447,0.8778464,1.3790774,1.2948046,on bike mount,cyclo cross,True,paving stones,good
768543b5-6c7f-4de3-ac4c-5b219cdaeb8a,5d220cf2-7fab-4feb-940d-a5407a22c160,130d20df-875b-4c89-be6d-c442e1f57374,1643973765455,13.4043595,52.4724696,6.0417447,-0.053456187,-1.0992103,3.2996674,on bike mount,cyclo cross,True,paving stones,good
768543b5-6c7f-4de3-ac4c-5b219cdaeb8a,5d220cf2-7fab-4feb-940d-a5407a22c160,523fd883-89bd-4747-ab71-3d0274a47ba5,1643973765512,13.4043595,52.4724696,6.0417447,-0.28428915,-1.6513516,1.2791767,on bike mount,cyclo cross,True,paving stones,good
768543b5-6c7f-4de3-ac4c-5b219cdaeb8a,5d220cf2-7fab-4feb-940d-a5407a22c160,91b01042-679b-407d-bb2e-869f9542ef4f,1643973765567,13.4043595,52.4724696,6.0417447,1.5764171,0.71570253,0.9483919,on bike mount,cyclo cross,True,paving stones,good
768543b5-6c7f-4de3-ac4c-5b219cdaeb8a,5d220cf2-7fab-4feb-940d-a5407a22c160,369624c0-0579-4d93-a776-912c366f2ccd,1643973765625,13.4043595,52.4724696,6.0417447,-0.23324497,-1.9282739,7.242732,on bike mount,cyclo cross,True,paving stones,good
768543b5-6c7f-4de3-ac4c-5b219cdaeb8a,5d220cf2-7fab-4feb-940d-a5407a22c160,87005925-27d8-4a90-b4b3-93a7a3eeec0c,1643973765678,13.4043595,52.4724696,6.0417447,-0.7775839,0.4822991,-5.3060246,on bike mount,cyclo cross,True,paving stones,good
768543b5-6c7f-4de3-ac4c-5b219cdaeb8a,5d220cf2-7fab-4feb-940d-a5407a22c160,46c37cad-41b6-4190-aa8f-3b3dc9a04ef3,1643973765736,13.4043595,52.4724696,6.0417447,0.8761476,-0.48724484,2.2206516,on bike mount,cyclo cross,True,paving stones,good
768543b5-6c7f-4de3-ac4c-5b219cdaeb8a,5d220cf2-7fab-4feb-940d-a5407a22c160,29a65896-44a8-44dd-96ae-665faa15ba87,1643973765793,13.4043595,52.4724696,6.0417447,0.78586835,1.4836159,0.058861732,on bike mount,cyclo cross,True,paving stones,good
768543b5-6c7f-4de3-ac4c-5b219cdaeb8a,5d220cf2-7fab-4feb-940d-a5407a22c160,3dd8d502-3188-4254-824f-4963ec1bd4c9,1643973765846,13.4044486,52.4724727,5.9574056,-1.1701963,0.23253989,-0.6109257,on bike mount,cyclo cross,True,paving stones,good
768543b5-6c7f-4de3-ac4c-5b219cdaeb8a,5d220cf2-7fab-4feb-940d-a5407a22c160,42d0687c-e47c-42cb-8e7f-f778a226de5e,1643973765901,13.4044486,52.4724727,5.9574056,-0.8810836,-1.8459932,0.8136625,on bike mount,cyclo cross,True,paving stones,good
768543b5-6c7f-4de3-ac4c-5b219cdaeb8a,5d220cf2-7fab-4feb-940d-a5407a22c160,a329c899-71bf-411e-9b7f-def83f923a9c,1643973765957,13.4044486,52.4724727,5.9574056,-0.03718717,-1.6974504,-3.0500174,on bike mount,cyclo cross,True,paving stones,good
768543b5-6c7f-4de3-ac4c-5b219cdaeb8a,5d220cf2-7fab-4feb-940d-a5407a22c160,ba8b2b57-237e-4339-a5eb-df9a3220b3f8,1643973766012,13.4044486,52.4724727,5.9574056,0.46233296,1.4943037,-4.202365,on bike mount,cyclo cross,True,paving stones,good
768543b5-6c7f-4de3-ac4c-5b219cdaeb8a,5d220cf2-7fab-4feb-940d-a5407a22c160,a3e8669c-b1bf-4ff7-ae9e-aea896d5e477,1643973766067,13.4044486,52.4724727,5.9574056,0.67538416,-0.32657266,0.920743,on bike mount,cyclo cross,True,paving stones,good
768543b5-6c7f-4de3-ac4c-5b219cdaeb8a,5d220cf2-7fab-4feb-940d-a5407a22c160,8524abf1-71f7-41c3-9049-be8f2e71294e,1643973766123,13.4044486,52.4724727,5.9574056,1.7821351,-0.78048277,2.0004435,on bike mount,cyclo cross,True,paving stones,good
768543b5-6c7f-4de3-ac4c-5b219cdaeb8a,5d220cf2-7fab-4feb-940d-a5407a22c160,a5d04b5f-5e63-42d4-9e2a-a4a1b8101d0d,1643973766178,13.4044486,52.4724727,5.9574056,0.14223692,-1.3055634,0.5153227,on bike mount,cyclo cross,True,paving stones,good
768543b5-6c7f-4de3-ac4c-5b219cdaeb8a,5d220cf2-7fab-4feb-940d-a5407a22c160,9d543ddb-d178-48b7-b25b-968f827ff7fa,1643973766235,13.4044486,52.4724727,5.9574056,0.25616133,0.86904097,-0.6529341,on bike mount,cyclo cross,True,paving stones,good
768543b5-6c7f-4de3-ac4c-5b219cdaeb8a,5d220cf2-7fab-4feb-940d-a5407a22c160,7690f0d6-cecd-42b4-9a8e-93287fb4b65d,1643973766290,13.4044486,52.4724727,5.9574056,-0.75435215,0.52965784,-3.396079,on bike mount,cyclo cross,True,paving stones,good
768543b5-6c7f-4de3-ac4c-5b219cdaeb8a,5d220cf2-7fab-4feb-940d-a5407a22c160,a45d8ae7-bec0-49c3-a848-5e40a7b4a80d,1643973766346,13.4044486,52.4724727,5.9574056,-1.9900479,4.3042126,-7.2246695,on bike mount,cyclo cross,True,paving stones,good
768543b5-6c7f-4de3-ac4c-5b219cdaeb8a,5d220cf2-7fab-4feb-940d-a5407a22c160,589c82b1-fe52-4988-bbb6-572d77a7a728,1643973766403,13.4044486,52.4724727,5.9574056,0.4337915,-5.8744445,2.963954,on bike mount,cyclo cross,True,paving stones,good
768543b5-6c7f-4de3-ac4c-5b219cdaeb8a,5d220cf2-7fab-4feb-940d-a5407a22c160,1d2ebd55-7180-47ef-aec0-d116bf9831f9,1643973766458,13.4044486,52.4724727,5.9574056,-0.17081541,1.0785191,-4.371107,on bike mount,cyclo cross,True,paving stones,good
768543b5-6c7f-4de3-ac4c-5b219cdaeb8a,5d220cf2-7fab-4feb-940d-a5407a22c160,8b10024e-70ee-481d-83a1-339583a80b48,1643973766511,13.4044486,52.4724727,5.9574056,-1.7750646,0.33849764,-4.5462255,on bike mount,cyclo cross,True,paving stones,good
768543b5-6c7f-4de3-ac4c-5b219cdaeb8a,5d220cf2-7fab-4feb-940d-a5407a22c160,87f0a05c-829e-4756-b797-3543948131f5,1643973766568,13.4044486,52.4724727,5.9574056,-1.1017971,1.2109177,0.30925846,on bike mount,cyclo cross,True,paving stones,good
768543b5-6c7f-4de3-ac4c-5b219cdaeb8a,5d220cf2-7fab-4feb-940d-a5407a22c160,ac5344b5-e9ae-45d0-888c-58a345636b5b,1643973766624,13.4044486,52.4724727,5.9574056,0.7396704,-4.191268,0.8108349,on bike mount,cyclo cross,True,paving stones,good
768543b5-6c7f-4de3-ac4c-5b219cdaeb8a,5d220cf2-7fab-4feb-940d-a5407a22c160,906518e6-d8e7-45b3-a1a1-532a28d1276f,1643973766679,13.4044486,52.4724727,5.9574056,0.3085785,-0.6161716,-1.7000208,on bike mount,cyclo cross,True,paving stones,good
768543b5-6c7f-4de3-ac4c-5b219cdaeb8a,5d220cf2-7fab-4feb-940d-a5407a22c160,38a0b862-4b68-4dc6-85fe-d6c10a61215b,1643973766734,13.4044486,52.4724727,5.9574056,-1.8000067,-0.3318329,1.91712,on bike mount,cyclo cross,True,paving stones,good
768543b5-6c7f-4de3-ac4c-5b219cdaeb8a,5d220cf2-7fab-4feb-940d-a5407a22c160,1443efef-b63c-4fe9-a7eb-37902415783b,1643973766795,13.4044486,52.4724727,5.9574056,0.36642054,-4.1863794,-0.88915634,on bike mount,cyclo cross,True,paving stones,good
768543b5-6c7f-4de3-ac4c-5b219cdaeb8a,5d220cf2-7fab-4feb-940d-a5407a22c160,9cad2585-adb2-4a8a-88e6-67645328e4b5,1643973766845,13.4045362,52.4724755,6.02796,0.7423302,4.1022663,-2.651433,on bike mount,cyclo cross,True,paving stones,good
768543b5-6c7f-4de3-ac4c-5b219cdaeb8a,5d220cf2-7fab-4feb-940d-a5407a22c160,1d4541d8-67d1-416a-877c-8401f0d4846c,1643973766902,13.4045362,52.4724755,6.02796,-0.05676499,-7.9465303,5.306904,on bike mount,cyclo cross,True,paving stones,good
768543b5-6c7f-4de3-ac4c-5b219cdaeb8a,5d220cf2-7fab-4feb-940d-a5407a22c160,d0002f6d-3237-4e2b-b5aa-6b6c69b3cc41,1643973766956,13.4045362,52.4724755,6.02796,-1.6346345,2.8177934,0.50102043,on bike mount,cyclo cross,True,paving stones,good
768543b5-6c7f-4de3-ac4c-5b219cdaeb8a,5d220cf2-7fab-4feb-940d-a5407a22c160,9be6104b-5cc1-42fd-a7bf-93da5cf016d1,1643973767013,13.4045362,52.4724755,6.02796,-3.1271183,4.2507257,-0.6216974,on bike mount,cyclo cross,True,paving stones,good
768543b5-6c7f-4de3-ac4c-5b219cdaeb8a,5d220cf2-7fab-4feb-940d-a5407a22c160,f8230fab-b21b-4cef-92f1-479bb4439d8e,1643973767068,13.4045362,52.4724755,6.02796,-0.16403344,-2.0650845,-7.4604774,on bike mount,cyclo cross,True,paving stones,good
768543b5-6c7f-4de3-ac4c-5b219cdaeb8a,5d220cf2-7fab-4feb-940d-a5407a22c160,a4828f8c-ffbe-41cf-8f2c-db51d7f03311,1643973767125,13.4045362,52.4724755,6.02796,0.4608752,-4.099609,13.719805,on bike mount,cyclo cross,True,paving stones,good
768543b5-6c7f-4de3-ac4c-5b219cdaeb8a,5d220cf2-7fab-4feb-940d-a5407a22c160,f81393db-da27-49d0-9899-9a75accf7d68,1643973767181,13.4045362,52.4724755,6.02796,0.91164714,12.3375225,-17.220587,on bike mount,cyclo cross,True,paving stones,good
768543b5-6c7f-4de3-ac4c-5b219cdaeb8a,5d220cf2-7fab-4feb-940d-a5407a22c160,5fc479f1-60a1-4878-9389-9bbe667f7610,1643973767235,13.4045362,52.4724755,6.02796,-1.443571,-5.5090065,11.713005,on bike mount,cyclo cross,True,paving stones,good
768543b5-6c7f-4de3-ac4c-5b219cdaeb8a,5d220cf2-7fab-4feb-940d-a5407a22c160,d5a0dc7c-4015-4a0d-9750-76d1538dabf6,1643973767291,13.4045362,52.4724755,6.02796,2.4075866,7.2090683,-18.384878,on bike mount,cyclo cross,True,paving stones,good
768543b5-6c7f-4de3-ac4c-5b219cdaeb8a,5d220cf2-7fab-4feb-940d-a5407a22c160,e823edb6-b655-47ed-9e54-d49201c5b358,1643973767344,13.4045362,52.4724755,6.02796,-5.3790245,6.138828,-6.7997184,on bike mount,cyclo cross,True,paving stones,good
768543b5-6c7f-4de3-ac4c-5b219cdaeb8a,5d220cf2-7fab-4feb-940d-a5407a22c160,7f254787-bc86-4c45-acc2-051b4d067435,1643973767401,13.4045362,52.4724755,6.02796,1.7623196,2.5691814,-2.2693663,on bike mount,cyclo cross,True,paving stones,good
768543b5-6c7f-4de3-ac4c-5b219cdaeb8a,5d220cf2-7fab-4feb-940d-a5407a22c160,983fcafb-dfa4-4518-a255-510d667b0441,1643973767457,13.4045362,52.4724755,6.02796,-1.0174254,2.0308037,-3.1414223,on bike mount,cyclo cross,True,paving stones,good
768543b5-6c7f-4de3-ac4c-5b219cdaeb8a,5d220cf2-7fab-4feb-940d-a5407a22c160,c0df7761-b0a4-4d95-b489-45bf24a08ee4,1643973767512,13.4045362,52.4724755,6.02796,1.1793312,0.5272424,-0.15721035,on bike mount,cyclo cross,True,paving stones,good
768543b5-6c7f-4de3-ac4c-5b219cdaeb8a,5d220cf2-7fab-4feb-940d-a5407a22c160,20c1613d-d339-4534-a4f3-b0bd4db3b388,1643973767569,13.4045362,52.4724755,6.02796,-0.7663584,-0.7757666,0.7328081,on bike mount,cyclo cross,True,paving stones,good
768543b5-6c7f-4de3-ac4c-5b219cdaeb8a,5d220cf2-7fab-4feb-940d-a5407a22c160,304a44a3-f115-4914-9204-c711f0395ade,1643973767622,13.4045362,52.4724755,6.02796,1.0548354,0.6577263,-0.030527115,on bike mount,cyclo cross,True,paving stones,good
768543b5-6c7f-4de3-ac4c-5b219cdaeb8a,5d220cf2-7fab-4feb-940d-a5407a22c160,67af6bc6-46d3-44f4-aad8-ad28977849e6,1643973767678,13.4045362,52.4724755,6.02796,-1.2752813,-1.130722,-0.7592249,on bike mount,cyclo cross,True,paving stones,good
768543b5-6c7f-4de3-ac4c-5b219cdaeb8a,5d220cf2-7fab-4feb-940d-a5407a22c160,a3bf32b4-d4c8-4def-aa4f-d358d11f3a57,1643973767733,13.4045362,52.4724755,6.02796,-1.4215673,0.008650541,2.520523,on bike mount,cyclo cross,True,paving stones,good
768543b5-6c7f-4de3-ac4c-5b219cdaeb8a,5d220cf2-7fab-4feb-940d-a5407a22c160,a64d8284-5a25-4dde-a766-4a054acc7e16,1643973767791,13.4045362,52.4724755,6.02796,-0.75941837,1.1209838,0.2684574,on bike mount,cyclo cross,True,paving stones,good
768543b5-6c7f-4de3-ac4c-5b219cdaeb8a,5d220cf2-7fab-4feb-940d-a5407a22c160,1fc652d2-382e-4b25-ae29-eaa31920fce3,1643973767845,13.4046249,52.4724786,5.7456093,0.48202434,-2.0454144,-1.3154817,on bike mount,cyclo cross,True,paving stones,good
768543b5-6c7f-4de3-ac4c-5b219cdaeb8a,5d220cf2-7fab-4feb-940d-a5407a22c160,5a214ed3-d000-47d3-af85-a78fbdad769d,1643973767903,13.4046249,52.4724786,5.7456093,0.21713796,0.9786086,2.469574,on bike mount,cyclo cross,True,paving stones,good
768543b5-6c7f-4de3-ac4c-5b219cdaeb8a,5d220cf2-7fab-4feb-940d-a5407a22c160,b4d60b73-2ab1-40d3-b240-155ab8b33084,1643973767958,13.4046249,52.4724786,5.7456093,0.063960746,0.86438656,-0.35065556,on bike mount,cyclo cross,True,paving stones,good
768543b5-6c7f-4de3-ac4c-5b219cdaeb8a,5d220cf2-7fab-4feb-940d-a5407a22c160,bef84651-1c82-4bd3-8903-f053510ab64c,1643973768011,13.4046249,52.4724786,5.7456093,-0.93725204,-3.7751195,0.28576088,on bike mount,cyclo cross,True,paving stones,good
768543b5-6c7f-4de3-ac4c-5b219cdaeb8a,5d220cf2-7fab-4feb-940d-a5407a22c160,aa26a86a-5567-4fe6-a8cb-a60ff9059f39,1643973768069,13.4046249,52.4724786,5.7456093,-0.41011035,-1.3711241,0.5994587,on bike mount,cyclo cross,True,paving stones,good
768543b5-6c7f-4de3-ac4c-5b219cdaeb8a,5d220cf2-7fab-4feb-940d-a5407a22c160,01ae98d6-305c-4928-af8e-9902e3dce42b,1643973768123,13.4046249,52.4724786,5.7456093,-1.0307,1.3099031,-0.69372034,on bike mount,cyclo cross,True,paving stones,good
768543b5-6c7f-4de3-ac4c-5b219cdaeb8a,5d220cf2-7fab-4feb-940d-a5407a22c160,725fca0f-a294-45c1-8efd-95e8e9673d6d,1643973768179,13.4046249,52.4724786,5.7456093,-1.120136,1.0373557,3.7926254,on bike mount,cyclo cross,True,paving stones,good
768543b5-6c7f-4de3-ac4c-5b219cdaeb8a,5d220cf2-7fab-4feb-940d-a5407a22c160,b7b1d204-8c69-4359-bfd5-718e24eeeca9,1643973768234,13.4046249,52.4724786,5.7456093,-0.2015478,0.61879635,-0.76637936,on bike mount,cyclo cross,True,paving stones,good
768543b5-6c7f-4de3-ac4c-5b219cdaeb8a,5d220cf2-7fab-4feb-940d-a5407a22c160,4e7ce1a7-2c9f-4004-aacd-ce6f79e5d030,1643973768290,13.4046249,52.4724786,5.7456093,-0.2718274,1.9247434,2.7726984,on bike mount,cyclo cross,True,paving stones,good
768543b5-6c7f-4de3-ac4c-5b219cdaeb8a,5d220cf2-7fab-4feb-940d-a5407a22c160,b8f4aeac-fc30-436f-8f84-f4777426bb61,1643973768345,13.4046249,52.4724786,5.7456093,-0.5363932,1.1702957,-1.6627789,on bike mount,cyclo cross,True,paving stones,good
768543b5-6c7f-4de3-ac4c-5b219cdaeb8a,5d220cf2-7fab-4feb-940d-a5407a22c160,e2600496-5662-49ff-8e0b-b00e3dd03ecc,1643973768400,13.4046249,52.4724786,5.7456093,0.13800311,-1.5209275,0.078692436,on bike mount,cyclo cross,True,paving stones,good
768543b5-6c7f-4de3-ac4c-5b219cdaeb8a,5d220cf2-7fab-4feb-940d-a5407a22c160,1ab79f16-afa2-4224-a7b4-d1a1f60dcef0,1643973768458,13.4046249,52.4724786,5.7456093,-1.334295,-2.108833,-0.7179146,on bike mount,cyclo cross,True,paving stones,good
768543b5-6c7f-4de3-ac4c-5b219cdaeb8a,5d220cf2-7fab-4feb-940d-a5407a22c160,1abb6cef-7910-4763-8a63-f760bbb5d115,1643973768511,13.4046249,52.4724786,5.7456093,0.46756756,1.5066891,3.5045633,on bike mount,cyclo cross,True,paving stones,good
768543b5-6c7f-4de3-ac4c-5b219cdaeb8a,5d220cf2-7fab-4feb-940d-a5407a22c160,889df019-d8cd-492f-8d95-07589e7602fd,1643973768569,13.4046249,52.4724786,5.7456093,-1.6301134,0.23302078,3.94987,on bike mount,cyclo cross,True,paving stones,good
768543b5-6c7f-4de3-ac4c-5b219cdaeb8a,5d220cf2-7fab-4feb-940d-a5407a22c160,41ecf013-e7b4-4e0f-b0a4-15bb91bd048c,1643973768624,13.4046249,52.4724786,5.7456093,0.45159763,-1.1353307,-1.1901417,on bike mount,cyclo cross,True,paving stones,good
768543b5-6c7f-4de3-ac4c-5b219cdaeb8a,5d220cf2-7fab-4feb-940d-a5407a22c160,3a66272b-5b3a-4490-adaa-c1b0cafee963,1643973768679,13.4046249,52.4724786,5.7456093,1.2097006,-0.89120555,3.19094,on bike mount,cyclo cross,True,paving stones,good
768543b5-6c7f-4de3-ac4c-5b219cdaeb8a,5d220cf2-7fab-4feb-940d-a5407a22c160,1a8ec0d4-4b75-42e2-9e05-1569b30be8f4,1643973768738,13.4046249,52.4724786,5.7456093,1.803979,4.059114,-0.9934864,on bike mount,cyclo cross,True,paving stones,good
768543b5-6c7f-4de3-ac4c-5b219cdaeb8a,5d220cf2-7fab-4feb-940d-a5407a22c160,3d54870e-7024-46cf-843d-2b6c43e40411,1643973768793,13.4046249,52.4724786,5.7456093,0.42849728,-2.5751367,0.4959936,on bike mount,cyclo cross,True,paving stones,good
768543b5-6c7f-4de3-ac4c-5b219cdaeb8a,5d220cf2-7fab-4feb-940d-a5407a22c160,1cfd357d-e2a4-4da8-ada3-0a79e0e50203,1643973768848,13.4047101,52.4724791,5.89335,0.28648525,-2.0223687,-3.7962694,on bike mount,cyclo cross,True,paving stones,good
768543b5-6c7f-4de3-ac4c-5b219cdaeb8a,5d220cf2-7fab-4feb-940d-a5407a22c160,9384f1ba-8183-4ec3-aa06-0a4e4327d112,1643973768904,13.4047101,52.4724791,5.89335,-0.96132857,0.16169882,-1.3524151,on bike mount,cyclo cross,True,paving stones,good
768543b5-6c7f-4de3-ac4c-5b219cdaeb8a,5d220cf2-7fab-4feb-940d-a5407a22c160,093d6b9e-1b6d-4e83-b9aa-ea16527febf1,1643973768958,13.4047101,52.4724791,5.89335,0.14298126,-0.6484802,-0.5708561,on bike mount,cyclo cross,True,paving stones,good
768543b5-6c7f-4de3-ac4c-5b219cdaeb8a,5d220cf2-7fab-4feb-940d-a5407a22c160,7605802e-35be-4011-8c84-5e8e64fa8fb9,1643973769014,13.4047101,52.4724791,5.89335,0.39768773,-0.6056347,4.4852505,on bike mount,cyclo cross,True,paving stones,good
768543b5-6c7f-4de3-ac4c-5b219cdaeb8a,5d220cf2-7fab-4feb-940d-a5407a22c160,af8bb61b-8997-4fbf-9031-442d2fb2431b,1643973769068,13.4047101,52.4724791,5.89335,1.6693785,-5.1937613,5.708953,on bike mount,cyclo cross,True,paving stones,good
768543b5-6c7f-4de3-ac4c-5b219cdaeb8a,5d220cf2-7fab-4feb-940d-a5407a22c160,96738b67-bad7-4b24-8ce2-c300c3ed30b4,1643973769124,13.4047101,52.4724791,5.89335,-1.9109727,1.0330076,-5.447525,on bike mount,cyclo cross,True,paving stones,good
768543b5-6c7f-4de3-ac4c-5b219cdaeb8a,5d220cf2-7fab-4feb-940d-a5407a22c160,fa117520-1011-4c8a-8029-fd0d7e5382cd,1643973769180,13.4047101,52.4724791,5.89335,0.66367245,3.6827579,0.60714436,on bike mount,cyclo cross,True,paving stones,good
768543b5-6c7f-4de3-ac4c-5b219cdaeb8a,5d220cf2-7fab-4feb-940d-a5407a22c160,b98a6c82-14ce-4ee5-83d2-b282dea0182a,1643973769235,13.4047101,52.4724791,5.89335,-2.3999593,2.002717,-1.7522817,on bike mount,cyclo cross,True,paving stones,good
768543b5-6c7f-4de3-ac4c-5b219cdaeb8a,5d220cf2-7fab-4feb-940d-a5407a22c160,9a678d1d-aa3b-44f3-a521-bb58562d133d,1643973769289,13.4047101,52.4724791,5.89335,0.05264315,-3.509981,4.672288,on bike mount,cyclo cross,True,paving stones,good
768543b5-6c7f-4de3-ac4c-5b219cdaeb8a,5d220cf2-7fab-4feb-940d-a5407a22c160,abe07044-f5a4-44fd-b037-ae722c7809f2,1643973769347,13.4047101,52.4724791,5.89335,1.4337108,1.7106106,-14.629358,on bike mount,cyclo cross,True,paving stones,good
768543b5-6c7f-4de3-ac4c-5b219cdaeb8a,5d220cf2-7fab-4feb-940d-a5407a22c160,bdd9a5b1-bd4e-445d-886a-5f82838d6fd1,1643973769403,13.4047101,52.4724791,5.89335,-0.4185322,-4.937346,-15.080825,on bike mount,cyclo cross,True,paving stones,good
768543b5-6c7f-4de3-ac4c-5b219cdaeb8a,5d220cf2-7fab-4feb-940d-a5407a22c160,12398631-e510-4ae3-b665-e24c1b0c55dc,1643973769459,13.4047101,52.4724791,5.89335,0.25321272,-0.69923615,0.6742735,on bike mount,cyclo cross,True,paving stones,good
768543b5-6c7f-4de3-ac4c-5b219cdaeb8a,5d220cf2-7fab-4feb-940d-a5407a22c160,68b1782b-2d23-48b1-88d7-ff1cd1474af3,1643973769512,13.4047101,52.4724791,5.89335,-0.45470464,1.6322112,-1.5512099,on bike mount,cyclo cross,True,paving stones,good
768543b5-6c7f-4de3-ac4c-5b219cdaeb8a,5d220cf2-7fab-4feb-940d-a5407a22c160,bd892505-9147-4288-9e24-1dd6f8f70c38,1643973769569,13.4047101,52.4724791,5.89335,1.5094061,-13.151586,7.7942343,on bike mount,cyclo cross,True,paving stones,good
768543b5-6c7f-4de3-ac4c-5b219cdaeb8a,5d220cf2-7fab-4feb-940d-a5407a22c160,791b98f0-4c1c-4c0f-99f5-f5be748995cc,1643973769623,13.4047101,52.4724791,5.89335,-1.4325364,-1.1099048,-1.0220413,on bike mount,cyclo cross,True,paving stones,good
768543b5-6c7f-4de3-ac4c-5b219cdaeb8a,5d220cf2-7fab-4feb-940d-a5407a22c160,6e856001-12f1-4bbb-8cb8-79ae2be638e2,1643973769680,13.4047101,52.4724791,5.89335,1.3752577,-0.65792704,-1.1896534,on bike mount,cyclo cross,True,paving stones,good
768543b5-6c7f-4de3-ac4c-5b219cdaeb8a,5d220cf2-7fab-4feb-940d-a5407a22c160,0c808ee5-1785-469a-9aa2-69573736679a,1643973769735,13.4047101,52.4724791,5.89335,0.39980853,-1.3159907,0.6552763,on bike mount,cyclo cross,True,paving stones,good
768543b5-6c7f-4de3-ac4c-5b219cdaeb8a,5d220cf2-7fab-4feb-940d-a5407a22c160,b49675b8-44f9-462b-b6ce-73b07b7f39b1,1643973769791,13.4047101,52.4724791,5.89335,-0.40370896,0.1675582,-0.18088436,on bike mount,cyclo cross,True,paving stones,good
768543b5-6c7f-4de3-ac4c-5b219cdaeb8a,5d220cf2-7fab-4feb-940d-a5407a22c160,9215966e-c157-44b6-89a1-e8ceca116a50,1643973769845,13.404797,52.4724828,5.7838707,-0.32240087,0.18481612,2.2870007,on bike mount,cyclo cross,True,paving stones,good
768543b5-6c7f-4de3-ac4c-5b219cdaeb8a,5d220cf2-7fab-4feb-940d-a5407a22c160,7a27b87d-0fb3-41bc-8be8-1f8d9bc40b49,1643973769900,13.404797,52.4724828,5.7838707,0.64540416,0.40292764,0.2412548,on bike mount,cyclo cross,True,paving stones,good
768543b5-6c7f-4de3-ac4c-5b219cdaeb8a,5d220cf2-7fab-4feb-940d-a5407a22c160,434a1be8-3047-452f-8c71-ba6940156cdf,1643973769958,13.404797,52.4724828,5.7838707,0.6527355,1.2456846,-3.1066437,on bike mount,cyclo cross,True,paving stones,good
768543b5-6c7f-4de3-ac4c-5b219cdaeb8a,5d220cf2-7fab-4feb-940d-a5407a22c160,c344a1b8-3f2b-4315-81f5-83db1ac26478,1643973770013,13.404797,52.4724828,5.7838707,-1.8389783,-3.780878,-1.1654987,on bike mount,cyclo cross,True,paving stones,good
768543b5-6c7f-4de3-ac4c-5b219cdaeb8a,5d220cf2-7fab-4feb-940d-a5407a22c160,72696bd8-59b4-48b4-a0f3-5b75191b9214,1643973770068,13.404797,52.4724828,5.7838707,-1.8333025,-2.215937,0.405797,on bike mount,cyclo cross,True,paving stones,good
768543b5-6c7f-4de3-ac4c-5b219cdaeb8a,5d220cf2-7fab-4feb-940d-a5407a22c160,7b0e372f-5973-4a00-bae8-7ec5f6c43031,1643973770124,13.404797,52.4724828,5.7838707,0.16130269,2.4464684,1.1769114,on bike mount,cyclo cross,True,paving stones,good
768543b5-6c7f-4de3-ac4c-5b219cdaeb8a,5d220cf2-7fab-4feb-940d-a5407a22c160,680c5ec2-ed52-4429-829f-5c40f9226bcb,1643973770180,13.404797,52.4724828,5.7838707,-1.11374,-0.16110635,0.15939522,on bike mount,cyclo cross,True,paving stones,good
768543b5-6c7f-4de3-ac4c-5b219cdaeb8a,5d220cf2-7fab-4feb-940d-a5407a22c160,a63b29bc-0cea-4885-ba56-855ab18fa84d,1643973770235,13.404797,52.4724828,5.7838707,-0.6359745,-2.1995118,-3.2281852,on bike mount,cyclo cross,True,paving stones,good
768543b5-6c7f-4de3-ac4c-5b219cdaeb8a,5d220cf2-7fab-4feb-940d-a5407a22c160,3d3986fb-d7a7-488f-98ae-37854927d90d,1643973770291,13.404797,52.4724828,5.7838707,0.36299103,-2.2752323,0.9032192,on bike mount,cyclo cross,True,paving stones,good
768543b5-6c7f-4de3-ac4c-5b219cdaeb8a,5d220cf2-7fab-4feb-940d-a5407a22c160,b8eb41b0-cf7f-4e31-bed1-361ad2f69cae,1643973770345,13.404797,52.4724828,5.7838707,-1.65269,0.8442683,-0.25055313,on bike mount,cyclo cross,True,paving stones,good
768543b5-6c7f-4de3-ac4c-5b219cdaeb8a,5d220cf2-7fab-4feb-940d-a5407a22c160,9e342003-e16c-47b2-aaf6-2ef8a23ccd69,1643973770402,13.404797,52.4724828,5.7838707,0.40001366,0.28577423,-0.062369347,on bike mount,cyclo cross,True,paving stones,good
768543b5-6c7f-4de3-ac4c-5b219cdaeb8a,5d220cf2-7fab-4feb-940d-a5407a22c160,d98a70d8-5d85-476a-9ccf-8bd7ffd431a6,1643973770458,13.404797,52.4724828,5.7838707,0.53237087,-1.0553229,2.0488691,on bike mount,cyclo cross,True,paving stones,good
768543b5-6c7f-4de3-ac4c-5b219cdaeb8a,5d220cf2-7fab-4feb-940d-a5407a22c160,88bc4c23-1fdb-4616-a92c-092de43abeb9,1643973770513,13.404797,52.4724828,5.7838707,1.5756733,1.1563439,-0.078603745,on bike mount,cyclo cross,True,paving stones,good
768543b5-6c7f-4de3-ac4c-5b219cdaeb8a,5d220cf2-7fab-4feb-940d-a5407a22c160,141c4105-2daf-4494-bc33-840584128104,1643973770568,13.404797,52.4724828,5.7838707,0.935273,-1.7475688,-0.5006919,on bike mount,cyclo cross,True,paving stones,good
768543b5-6c7f-4de3-ac4c-5b219cdaeb8a,5d220cf2-7fab-4feb-940d-a5407a22c160,e07cdba6-f0dc-456a-aab5-352b3fdd3841,1643973770624,13.404797,52.4724828,5.7838707,0.4249683,-0.9836612,-2.33224,on bike mount,cyclo cross,True,paving stones,good
768543b5-6c7f-4de3-ac4c-5b219cdaeb8a,5d220cf2-7fab-4feb-940d-a5407a22c160,8d1e3fdd-78d8-4d4a-aab2-2c43e9626790,1643973770679,13.404797,52.4724828,5.7838707,0.20673999,-0.9384556,-5.9928136,on bike mount,cyclo cross,True,paving stones,good
768543b5-6c7f-4de3-ac4c-5b219cdaeb8a,5d220cf2-7fab-4feb-940d-a5407a22c160,2dcb1452-7a89-4743-92e9-700a22dac5b1,1643973770736,13.404797,52.4724828,5.7838707,1.6557416,-2.556775,2.7356043,on bike mount,cyclo cross,True,paving stones,good
768543b5-6c7f-4de3-ac4c-5b219cdaeb8a,5d220cf2-7fab-4feb-940d-a5407a22c160,96eada19-2a35-4a6c-ac96-5bb09ac3acef,1643973770807,13.404797,52.4724828,5.7838707,1.4805535,-0.36820126,-1.4491587,on bike mount,cyclo cross,True,paving stones,good
768543b5-6c7f-4de3-ac4c-5b219cdaeb8a,5d220cf2-7fab-4feb-940d-a5407a22c160,492643f4-5f6c-4f19-acfa-6328b2c7adb0,1643973770857,13.4048832,52.4724843,5.8889484,-1.9721545,-0.42162275,2.6142063,on bike mount,cyclo cross,True,paving stones,good
768543b5-6c7f-4de3-ac4c-5b219cdaeb8a,5d220cf2-7fab-4feb-940d-a5407a22c160,2301bdcb-725e-43e0-9825-937d7518c2e0,1643973770913,13.4048832,52.4724843,5.8889484,-0.467484,2.2909446,-0.91908884,on bike mount,cyclo cross,True,paving stones,good
768543b5-6c7f-4de3-ac4c-5b219cdaeb8a,5d220cf2-7fab-4feb-940d-a5407a22c160,b5018a17-da01-41c2-95ad-5ff75333ebb0,1643973770969,13.4048832,52.4724843,5.8889484,0.29952618,-1.2265056,-1.5817995,on bike mount,cyclo cross,True,paving stones,good
768543b5-6c7f-4de3-ac4c-5b219cdaeb8a,5d220cf2-7fab-4feb-940d-a5407a22c160,2eb11ee4-587f-4a65-b006-9e135978b115,1643973771024,13.4048832,52.4724843,5.8889484,-0.5238255,-4.8391047,1.0652866,on bike mount,cyclo cross,True,paving stones,good
768543b5-6c7f-4de3-ac4c-5b219cdaeb8a,5d220cf2-7fab-4feb-940d-a5407a22c160,366616c4-29e6-4d1d-92d1-69207c65e673,1643973771081,13.4048832,52.4724843,5.8889484,-0.35131294,-0.5282824,-0.24368858,on bike mount,cyclo cross,True,paving stones,good
768543b5-6c7f-4de3-ac4c-5b219cdaeb8a,5d220cf2-7fab-4feb-940d-a5407a22c160,e02a422a-b131-4af4-9b3f-cc785cfe3d81,1643973771137,13.4048832,52.4724843,5.8889484,0.7265436,0.21797538,-4.9525223,on bike mount,cyclo cross,True,paving stones,good
768543b5-6c7f-4de3-ac4c-5b219cdaeb8a,5d220cf2-7fab-4feb-940d-a5407a22c160,b7ff62f3-f41b-4610-a0bd-2324e80ecded,1643973771190,13.4048832,52.4724843,5.8889484,-1.7585343,-2.2434146,3.2296333,on bike mount,cyclo cross,True,paving stones,good
768543b5-6c7f-4de3-ac4c-5b219cdaeb8a,5d220cf2-7fab-4feb-940d-a5407a22c160,e1b7684d-6260-40f6-b20e-d4a9188d742c,1643973771249,13.4048832,52.4724843,5.8889484,-0.8995522,-0.5258479,-1.3433247,on bike mount,cyclo cross,True,paving stones,good
768543b5-6c7f-4de3-ac4c-5b219cdaeb8a,5d220cf2-7fab-4feb-940d-a5407a22c160,b5fa11e4-7d9f-4baf-a6de-d89e0674f985,1643973771303,13.4048832,52.4724843,5.8889484,3.5809965,-1.261955,-0.5069866,on bike mount,cyclo cross,True,paving stones,good
768543b5-6c7f-4de3-ac4c-5b219cdaeb8a,5d220cf2-7fab-4feb-940d-a5407a22c160,b895be8c-95c9-4ea0-b191-96e420a003f1,1643973771358,13.4048832,52.4724843,5.8889484,2.3206124,-1.3153282,1.8108063,on bike mount,cyclo cross,True,paving stones,good
768543b5-6c7f-4de3-ac4c-5b219cdaeb8a,5d220cf2-7fab-4feb-940d-a5407a22c160,4f4914bf-b242-4a35-98b5-49bdec4a3b39,1643973771413,13.4048832,52.4724843,5.8889484,-0.5815205,2.6213427,2.9935217,on bike mount,cyclo cross,True,paving stones,good
768543b5-6c7f-4de3-ac4c-5b219cdaeb8a,5d220cf2-7fab-4feb-940d-a5407a22c160,a1923d49-4180-4f4b-be2b-162bb2704ae7,1643973771470,13.4048832,52.4724843,5.8889484,0.24806276,-1.8016912,0.16668606,on bike mount,cyclo cross,True,paving stones,good
768543b5-6c7f-4de3-ac4c-5b219cdaeb8a,5d220cf2-7fab-4feb-940d-a5407a22c160,64f904af-71f2-4985-983b-335a97070250,1643973771525,13.4048832,52.4724843,5.8889484,0.42744184,1.7797298,-0.94670486,on bike mount,cyclo cross,True,paving stones,good
768543b5-6c7f-4de3-ac4c-5b219cdaeb8a,5d220cf2-7fab-4feb-940d-a5407a22c160,78a50883-f7b7-48bc-82f4-c3a76064f29b,1643973771580,13.4048832,52.4724843,5.8889484,-0.29610258,-1.8545688,0.34849262,on bike mount,cyclo cross,True,paving stones,good
768543b5-6c7f-4de3-ac4c-5b219cdaeb8a,5d220cf2-7fab-4feb-940d-a5407a22c160,8943afe2-5064-44a7-b0ca-5f69dac21c75,1643973771635,13.4048832,52.4724843,5.8889484,0.39246684,0.029766798,0.7563267,on bike mount,cyclo cross,True,paving stones,good
768543b5-6c7f-4de3-ac4c-5b219cdaeb8a,5d220cf2-7fab-4feb-940d-a5407a22c160,a3fe5067-1e45-4927-aee4-7f83024193e5,1643973771693,13.4048832,52.4724843,5.8889484,0.19756949,1.9580169,-1.5878611,on bike mount,cyclo cross,True,paving stones,good
768543b5-6c7f-4de3-ac4c-5b219cdaeb8a,5d220cf2-7fab-4feb-940d-a5407a22c160,7fc9ed9e-ffb3-42dc-bcaf-a4c90fdc1429,1643973771746,13.4048832,52.4724843,5.8889484,-0.025711477,-2.139691,0.96964836,on bike mount,cyclo cross,True,paving stones,good
768543b5-6c7f-4de3-ac4c-5b219cdaeb8a,5d220cf2-7fab-4feb-940d-a5407a22c160,f9a65721-42b8-4dd0-b31a-0d288173f718,1643973771804,13.4049703,52.4724879,5.7213807,-0.43003565,0.78324914,2.083374,on bike mount,cyclo cross,True,paving stones,good
768543b5-6c7f-4de3-ac4c-5b219cdaeb8a,5d220cf2-7fab-4feb-940d-a5407a22c160,653c746d-c40b-4471-98a1-b91318414ff7,1643973771857,13.4049703,52.4724879,5.7213807,0.27325264,0.6522906,-0.5828748,on bike mount,cyclo cross,True,paving stones,good
768543b5-6c7f-4de3-ac4c-5b219cdaeb8a,5d220cf2-7fab-4feb-940d-a5407a22c160,de18ff99-3e5f-45cb-aa61-b0f4350bfb31,1643973771913,13.4049703,52.4724879,5.7213807,-1.088795,0.495054,4.5876875,on bike mount,cyclo cross,True,paving stones,good
768543b5-6c7f-4de3-ac4c-5b219cdaeb8a,5d220cf2-7fab-4feb-940d-a5407a22c160,ba4021e6-28ee-4523-a6ac-66d79cc58305,1643973771968,13.4049703,52.4724879,5.7213807,-0.7884567,2.5682569,-1.3495369,on bike mount,cyclo cross,True,paving stones,good
768543b5-6c7f-4de3-ac4c-5b219cdaeb8a,5d220cf2-7fab-4feb-940d-a5407a22c160,5c03cb7b-aa02-414d-889b-45898a47902c,1643973772023,13.4049703,52.4724879,5.7213807,1.3149599,-0.27422404,1.4290848,on bike mount,cyclo cross,True,paving stones,good
768543b5-6c7f-4de3-ac4c-5b219cdaeb8a,5d220cf2-7fab-4feb-940d-a5407a22c160,25da628b-e58b-4d98-bcae-3a0d96cb2dab,1643973772081,13.4049703,52.4724879,5.7213807,-0.9104927,-0.6793752,-2.9429922,on bike mount,cyclo cross,True,paving stones,good
768543b5-6c7f-4de3-ac4c-5b219cdaeb8a,5d220cf2-7fab-4feb-940d-a5407a22c160,aa3aeda7-ca28-4739-bf88-649b5ad9ffaa,1643973772135,13.4049703,52.4724879,5.7213807,-0.13433917,-0.8480537,-0.19035053,on bike mount,cyclo cross,True,paving stones,good
768543b5-6c7f-4de3-ac4c-5b219cdaeb8a,5d220cf2-7fab-4feb-940d-a5407a22c160,f56cad39-3c8b-4b9d-a8b7-71388f466c28,1643973772192,13.4049703,52.4724879,5.7213807,-0.11270187,1.1050119,-4.959951,on bike mount,cyclo cross,True,paving stones,good
768543b5-6c7f-4de3-ac4c-5b219cdaeb8a,5d220cf2-7fab-4feb-940d-a5407a22c160,b8e79135-b20a-46df-baec-2756f9f4790c,1643973772246,13.4049703,52.4724879,5.7213807,-0.47187465,0.7211201,3.8021555,on bike mount,cyclo cross,True,paving stones,good
768543b5-6c7f-4de3-ac4c-5b219cdaeb8a,5d220cf2-7fab-4feb-940d-a5407a22c160,6f33b1ff-e963-4f62-abc9-53e8b348c066,1643973772303,13.4049703,52.4724879,5.7213807,0.6163864,-0.63894033,-1.2220817,on bike mount,cyclo cross,True,paving stones,good
768543b5-6c7f-4de3-ac4c-5b219cdaeb8a,5d220cf2-7fab-4feb-940d-a5407a22c160,385df1d9-a731-4d0f-b953-4687d47276ee,1643973772358,13.4049703,52.4724879,5.7213807,-1.3062974,1.0525112,-2.1169972,on bike mount,cyclo cross,True,paving stones,good
768543b5-6c7f-4de3-ac4c-5b219cdaeb8a,5d220cf2-7fab-4feb-940d-a5407a22c160,ece8baa1-8a61-4204-acd7-a6d1c05980b2,1643973772414,13.4049703,52.4724879,5.7213807,-0.59920377,0.20109892,-3.3149428,on bike mount,cyclo cross,True,paving stones,good
768543b5-6c7f-4de3-ac4c-5b219cdaeb8a,5d220cf2-7fab-4feb-940d-a5407a22c160,2e655735-a03b-44da-b05b-f185622abecd,1643973772469,13.4049703,52.4724879,5.7213807,0.4559152,0.9440508,0.33683586,on bike mount,cyclo cross,True,paving stones,good
768543b5-6c7f-4de3-ac4c-5b219cdaeb8a,5d220cf2-7fab-4feb-940d-a5407a22c160,5d3764d0-2811-4125-a900-66829b2c5067,1643973772524,13.4049703,52.4724879,5.7213807,-3.3310223,1.096106,0.44251347,on bike mount,cyclo cross,True,paving stones,good
768543b5-6c7f-4de3-ac4c-5b219cdaeb8a,5d220cf2-7fab-4feb-940d-a5407a22c160,e61ab0c2-fc20-475f-9764-87aac0e3c867,1643973772579,13.4049703,52.4724879,5.7213807,-0.75460315,-4.6611514,-0.9945893,on bike mount,cyclo cross,True,paving stones,good
768543b5-6c7f-4de3-ac4c-5b219cdaeb8a,5d220cf2-7fab-4feb-940d-a5407a22c160,7a5803d4-c493-4631-8b8b-3e7ab67e3e42,1643973772636,13.4049703,52.4724879,5.7213807,0.21807615,-4.427654,7.5545826,on bike mount,cyclo cross,True,paving stones,good
768543b5-6c7f-4de3-ac4c-5b219cdaeb8a,5d220cf2-7fab-4feb-940d-a5407a22c160,7585f521-55d1-494f-a486-f498bcab3eaa,1643973772692,13.4049703,52.4724879,5.7213807,-1.0613959,-1.9842147,0.8786516,on bike mount,cyclo cross,True,paving stones,good
768543b5-6c7f-4de3-ac4c-5b219cdaeb8a,5d220cf2-7fab-4feb-940d-a5407a22c160,1f6e6a3c-4501-40c2-a85a-2fb8ed00e594,1643973772746,13.4049703,52.4724879,5.7213807,2.1436942,-1.0736544,2.855239,on bike mount,cyclo cross,True,paving stones,good
768543b5-6c7f-4de3-ac4c-5b219cdaeb8a,5d220cf2-7fab-4feb-940d-a5407a22c160,47c32a75-1820-4005-9f3e-ce04ce4e9ff7,1643973772808,13.4050555,52.4724893,5.9603667,-1.333185,0.5192287,-6.4255557,on bike mount,cyclo cross,True,paving stones,good
768543b5-6c7f-4de3-ac4c-5b219cdaeb8a,5d220cf2-7fab-4feb-940d-a5407a22c160,31a78810-7896-4837-aa94-b789e39d229e,1643973772858,13.4050555,52.4724893,5.9603667,-0.6860276,2.336629,0.9482231,on bike mount,cyclo cross,True,paving stones,good
768543b5-6c7f-4de3-ac4c-5b219cdaeb8a,5d220cf2-7fab-4feb-940d-a5407a22c160,ca3706ec-f3f5-41fe-a596-ad05d4e25e0b,1643973772915,13.4050555,52.4724893,5.9603667,-1.3587223,0.5363867,-0.85441875,on bike mount,cyclo cross,True,paving stones,good
768543b5-6c7f-4de3-ac4c-5b219cdaeb8a,5d220cf2-7fab-4feb-940d-a5407a22c160,88123107-e861-4770-a535-f56a1457eae4,1643973772968,13.4050555,52.4724893,5.9603667,-1.9813588,-1.3979838,3.7021627,on bike mount,cyclo cross,True,paving stones,good
768543b5-6c7f-4de3-ac4c-5b219cdaeb8a,5d220cf2-7fab-4feb-940d-a5407a22c160,6afd6424-e503-4433-a8b3-8ee37664cfaf,1643973773024,13.4050555,52.4724893,5.9603667,-1.2457322,0.53862524,-2.9868708,on bike mount,cyclo cross,True,paving stones,good
768543b5-6c7f-4de3-ac4c-5b219cdaeb8a,5d220cf2-7fab-4feb-940d-a5407a22c160,b99c700e-c2f9-4c1d-99f0-016560e27418,1643973773081,13.4050555,52.4724893,5.9603667,1.6209376,-3.819383,4.3756123,on bike mount,cyclo cross,True,paving stones,good
768543b5-6c7f-4de3-ac4c-5b219cdaeb8a,5d220cf2-7fab-4feb-940d-a5407a22c160,8c342e7c-3b9f-4fc6-9d14-247fbc9427e8,1643973773136,13.4050555,52.4724893,5.9603667,-1.1776525,-1.145412,-2.0531754,on bike mount,cyclo cross,True,paving stones,good
768543b5-6c7f-4de3-ac4c-5b219cdaeb8a,5d220cf2-7fab-4feb-940d-a5407a22c160,0b07d239-9f1e-434a-b9a2-f250a5f07042,1643973773191,13.4050555,52.4724893,5.9603667,0.12017321,-2.092329,1.2790394,on bike mount,cyclo cross,True,paving stones,good
768543b5-6c7f-4de3-ac4c-5b219cdaeb8a,5d220cf2-7fab-4feb-940d-a5407a22c160,d2533ad3-9df4-4c09-a8bb-65b58bd9fb0e,1643973773248,13.4050555,52.4724893,5.9603667,-0.20835948,-0.41179538,0.10038185,on bike mount,cyclo cross,True,paving stones,good
768543b5-6c7f-4de3-ac4c-5b219cdaeb8a,5d220cf2-7fab-4feb-940d-a5407a22c160,7fabc44f-e294-4189-a95a-f445755bcf57,1643973773302,13.4050555,52.4724893,5.9603667,-0.096804366,0.08568144,-2.65728,on bike mount,cyclo cross,True,paving stones,good
768543b5-6c7f-4de3-ac4c-5b219cdaeb8a,5d220cf2-7fab-4feb-940d-a5407a22c160,3fcb12da-ce55-4834-a998-d881c28cdc39,1643973773357,13.4050555,52.4724893,5.9603667,0.36514717,1.291528,0.84441566,on bike mount,cyclo cross,True,paving stones,good
768543b5-6c7f-4de3-ac4c-5b219cdaeb8a,5d220cf2-7fab-4feb-940d-a5407a22c160,39710345-6767-4e5b-bc4b-14a09882cfdc,1643973773413,13.4050555,52.4724893,5.9603667,-0.7482893,-1.4186859,-1.0418043,on bike mount,cyclo cross,True,paving stones,good
768543b5-6c7f-4de3-ac4c-5b219cdaeb8a,5d220cf2-7fab-4feb-940d-a5407a22c160,dd49d420-f078-4273-89e1-ce0535495f89,1643973773468,13.4050555,52.4724893,5.9603667,-0.2795692,-1.9615667,0.5008259,on bike mount,cyclo cross,True,paving stones,good
768543b5-6c7f-4de3-ac4c-5b219cdaeb8a,5d220cf2-7fab-4feb-940d-a5407a22c160,c4e9260c-989c-4277-9ab3-08e2e4ff3182,1643973773524,13.4050555,52.4724893,5.9603667,-0.7848659,1.4810667,-1.7204375,on bike mount,cyclo cross,True,paving stones,good
768543b5-6c7f-4de3-ac4c-5b219cdaeb8a,5d220cf2-7fab-4feb-940d-a5407a22c160,60cd09ca-5240-48ee-ab64-535e52dd5039,1643973773580,13.4050555,52.4724893,5.9603667,-0.76645136,-1.5008715,2.1335669,on bike mount,cyclo cross,True,paving stones,good
768543b5-6c7f-4de3-ac4c-5b219cdaeb8a,5d220cf2-7fab-4feb-940d-a5407a22c160,534496f4-1409-436e-8bd3-b39588d62751,1643973773638,13.4050555,52.4724893,5.9603667,-0.8218724,-1.2990457,3.3530874,on bike mount,cyclo cross,True,paving stones,good
768543b5-6c7f-4de3-ac4c-5b219cdaeb8a,5d220cf2-7fab-4feb-940d-a5407a22c160,e67f8448-92dd-481e-9de1-a8a8c6916b12,1643973773691,13.4050555,52.4724893,5.9603667,-1.0894336,-0.1151011,-0.06954956,on bike mount,cyclo cross,True,paving stones,good
768543b5-6c7f-4de3-ac4c-5b219cdaeb8a,5d220cf2-7fab-4feb-940d-a5407a22c160,f1c5daa9-6bd7-45dc-bb1e-c2dd3da20659,1643973773746,13.4050555,52.4724893,5.9603667,1.391185,-0.3214569,0.892848,on bike mount,cyclo cross,True,paving stones,good
768543b5-6c7f-4de3-ac4c-5b219cdaeb8a,5d220cf2-7fab-4feb-940d-a5407a22c160,ca468164-0b9f-4759-b752-180a6c2a35a6,1643973773806,13.4051434,52.4724939,5.8472996,-1.7774377,0.16008162,-1.5031452,on bike mount,cyclo cross,True,paving stones,good
768543b5-6c7f-4de3-ac4c-5b219cdaeb8a,5d220cf2-7fab-4feb-940d-a5407a22c160,fa0e8425-351c-4a88-a5bc-0b3c3cb27e95,1643973773861,13.4051434,52.4724939,5.8472996,-0.84611607,-9.286488,18.778225,on bike mount,cyclo cross,True,paving stones,good
768543b5-6c7f-4de3-ac4c-5b219cdaeb8a,5d220cf2-7fab-4feb-940d-a5407a22c160,42b2e932-7065-492a-9b3e-8d98fa3a08c1,1643973773914,13.4051434,52.4724939,5.8472996,-1.4544638,2.1540155,0.25925732,on bike mount,cyclo cross,True,paving stones,good
768543b5-6c7f-4de3-ac4c-5b219cdaeb8a,5d220cf2-7fab-4feb-940d-a5407a22c160,5f272c45-fde9-48cb-a1e4-daef6a253248,1643973773973,13.4051434,52.4724939,5.8472996,0.3955301,0.51401424,0.62765694,on bike mount,cyclo cross,True,paving stones,good
768543b5-6c7f-4de3-ac4c-5b219cdaeb8a,5d220cf2-7fab-4feb-940d-a5407a22c160,4e91d167-f101-4345-bd26-f087aca241e9,1643973774025,13.4051434,52.4724939,5.8472996,-1.3373411,-0.27867365,-0.52185583,on bike mount,cyclo cross,True,paving stones,good
768543b5-6c7f-4de3-ac4c-5b219cdaeb8a,5d220cf2-7fab-4feb-940d-a5407a22c160,c0ff04cb-d303-4626-b365-00b6626d3a31,1643973774080,13.4051434,52.4724939,5.8472996,-0.2190414,-3.092413,-0.9059744,on bike mount,cyclo cross,True,paving stones,good
768543b5-6c7f-4de3-ac4c-5b219cdaeb8a,5d220cf2-7fab-4feb-940d-a5407a22c160,976d430f-3059-4a6a-985c-b9416d76aa1b,1643973774135,13.4051434,52.4724939,5.8472996,0.6368848,-0.5447657,-0.9329014,on bike mount,cyclo cross,True,paving stones,good
768543b5-6c7f-4de3-ac4c-5b219cdaeb8a,5d220cf2-7fab-4feb-940d-a5407a22c160,7e521609-beaa-4fb9-8421-0f3a57d532eb,1643973774191,13.4051434,52.4724939,5.8472996,0.32603937,-1.2120819,-2.2121863,on bike mount,cyclo cross,True,paving stones,good
768543b5-6c7f-4de3-ac4c-5b219cdaeb8a,5d220cf2-7fab-4feb-940d-a5407a22c160,14f46af8-097e-4402-965b-387cbc2c997f,1643973774249,13.4051434,52.4724939,5.8472996,1.3053758,-2.7200778,3.263214,on bike mount,cyclo cross,True,paving stones,good
768543b5-6c7f-4de3-ac4c-5b219cdaeb8a,5d220cf2-7fab-4feb-940d-a5407a22c160,e9da26b6-23b6-4138-8cc8-a3bde986c47d,1643973774302,13.4051434,52.4724939,5.8472996,-1.8499789,-10.280698,1.5090427,on bike mount,cyclo cross,True,paving stones,good
768543b5-6c7f-4de3-ac4c-5b219cdaeb8a,5d220cf2-7fab-4feb-940d-a5407a22c160,00b9013d-f1fb-4a6c-b052-ac4958383166,1643973774358,13.4051434,52.4724939,5.8472996,-3.3872695,0.8940356,1.8174438,on bike mount,cyclo cross,True,paving stones,good
768543b5-6c7f-4de3-ac4c-5b219cdaeb8a,5d220cf2-7fab-4feb-940d-a5407a22c160,844fc099-a1ba-4fc7-ae62-570b1453cb06,1643973774414,13.4051434,52.4724939,5.8472996,0.8003212,1.7661786,-2.4064522,on bike mount,cyclo cross,True,paving stones,good
768543b5-6c7f-4de3-ac4c-5b219cdaeb8a,5d220cf2-7fab-4feb-940d-a5407a22c160,5ac84788-a16d-4287-ac12-f7129e18d00d,1643973774471,13.4051434,52.4724939,5.8472996,-1.0424584,-1.6330314,-1.6475949,on bike mount,cyclo cross,True,paving stones,good
768543b5-6c7f-4de3-ac4c-5b219cdaeb8a,5d220cf2-7fab-4feb-940d-a5407a22c160,5abf7818-a070-44ff-afcc-b03d8e6412b6,1643973774526,13.4051434,52.4724939,5.8472996,-0.8975507,1.4894123,1.1924486,on bike mount,cyclo cross,True,paving stones,good
768543b5-6c7f-4de3-ac4c-5b219cdaeb8a,5d220cf2-7fab-4feb-940d-a5407a22c160,3ea380e7-44ce-492d-8374-6cc6685f7853,1643973774582,13.4051434,52.4724939,5.8472996,0.50190055,2.080461,2.6078863,on bike mount,cyclo cross,True,paving stones,good
768543b5-6c7f-4de3-ac4c-5b219cdaeb8a,5d220cf2-7fab-4feb-940d-a5407a22c160,9f8e0d12-a332-4e2b-bcb1-479a08661d06,1643973774635,13.4051434,52.4724939,5.8472996,0.77112377,0.401078,-1.0542021,on bike mount,cyclo cross,True,paving stones,good
768543b5-6c7f-4de3-ac4c-5b219cdaeb8a,5d220cf2-7fab-4feb-940d-a5407a22c160,648cacac-d0c8-4e76-bd50-d299ac333f92,1643973774694,13.4051434,52.4724939,5.8472996,0.48805338,-10.686274,14.227325,on bike mount,cyclo cross,True,paving stones,good
768543b5-6c7f-4de3-ac4c-5b219cdaeb8a,5d220cf2-7fab-4feb-940d-a5407a22c160,98e08b70-0508-4ec9-8ea9-8e688ce71e65,1643973774747,13.4051434,52.4724939,5.8472996,0.31049138,3.090804,-1.6444926,on bike mount,cyclo cross,True,paving stones,good
768543b5-6c7f-4de3-ac4c-5b219cdaeb8a,5d220cf2-7fab-4feb-940d-a5407a22c160,86d53f7c-87b7-47f7-bc3a-34364ffa61fa,1643973774804,13.4052291,52.4724971,5.6695824,-1.8236016,10.735905,-12.25616,on bike mount,cyclo cross,True,paving stones,good
768543b5-6c7f-4de3-ac4c-5b219cdaeb8a,5d220cf2-7fab-4feb-940d-a5407a22c160,4ba4bc80-fbd3-4931-a46d-42faa02822b2,1643973774858,13.4052291,52.4724971,5.6695824,-0.44181526,-3.8242123,3.64565,on bike mount,cyclo cross,True,paving stones,good
768543b5-6c7f-4de3-ac4c-5b219cdaeb8a,5d220cf2-7fab-4feb-940d-a5407a22c160,1a67dc03-1465-4cc5-afa7-6469b725882a,1643973774916,13.4052291,52.4724971,5.6695824,5.3878326,-16.196365,11.680877,on bike mount,cyclo cross,True,paving stones,good
768543b5-6c7f-4de3-ac4c-5b219cdaeb8a,5d220cf2-7fab-4feb-940d-a5407a22c160,c6a91387-8ea7-4420-992e-438342d5fc9f,1643973774970,13.4052291,52.4724971,5.6695824,-1.8031656,-7.484893,3.8142614,on bike mount,cyclo cross,True,paving stones,good
768543b5-6c7f-4de3-ac4c-5b219cdaeb8a,5d220cf2-7fab-4feb-940d-a5407a22c160,cad5fd1f-8742-4817-b322-b44a9a6c5648,1643973775028,13.4052291,52.4724971,5.6695824,-1.5352513,-2.4663615,5.820408,on bike mount,cyclo cross,True,paving stones,good
768543b5-6c7f-4de3-ac4c-5b219cdaeb8a,5d220cf2-7fab-4feb-940d-a5407a22c160,7487fccf-e510-4139-8491-5509ba667fd6,1643973775084,13.4052291,52.4724971,5.6695824,1.3360521,6.3004475,-5.6058917,on bike mount,cyclo cross,True,paving stones,good
768543b5-6c7f-4de3-ac4c-5b219cdaeb8a,5d220cf2-7fab-4feb-940d-a5407a22c160,3047bcd0-26f4-4834-9cdc-fedc8dc1c82f,1643973775138,13.4052291,52.4724971,5.6695824,0.28106767,-6.6669397,1.0747509,on bike mount,cyclo cross,True,paving stones,good
768543b5-6c7f-4de3-ac4c-5b219cdaeb8a,5d220cf2-7fab-4feb-940d-a5407a22c160,123f48bf-0d24-46fb-a36d-3c9ff0d289e6,1643973775192,13.4052291,52.4724971,5.6695824,-0.29262453,-7.308976,7.9205017,on bike mount,cyclo cross,True,paving stones,good
768543b5-6c7f-4de3-ac4c-5b219cdaeb8a,5d220cf2-7fab-4feb-940d-a5407a22c160,c58a0b25-2255-4a1f-805a-50ea8ed81576,1643973775247,13.4052291,52.4724971,5.6695824,-0.50192595,-3.9044008,-1.4483895,on bike mount,cyclo cross,True,paving stones,good
768543b5-6c7f-4de3-ac4c-5b219cdaeb8a,5d220cf2-7fab-4feb-940d-a5407a22c160,ddd3f0a7-ad84-422e-90a2-59f9d4461112,1643973775302,13.4052291,52.4724971,5.6695824,1.9918911,-2.168771,8.638791,on bike mount,cyclo cross,True,paving stones,good
768543b5-6c7f-4de3-ac4c-5b219cdaeb8a,5d220cf2-7fab-4feb-940d-a5407a22c160,aaa6eec0-82f0-416a-b741-f2302618194f,1643973775357,13.4052291,52.4724971,5.6695824,-1.0045489,-1.0066624,-6.314125,on bike mount,cyclo cross,True,paving stones,good
768543b5-6c7f-4de3-ac4c-5b219cdaeb8a,5d220cf2-7fab-4feb-940d-a5407a22c160,5687b543-1d56-46ce-8e2f-0fc0422bfac8,1643973775415,13.4052291,52.4724971,5.6695824,0.39936143,-1.9509876,-1.1223536,on bike mount,cyclo cross,True,paving stones,good
768543b5-6c7f-4de3-ac4c-5b219cdaeb8a,5d220cf2-7fab-4feb-940d-a5407a22c160,a02b3af8-1cf1-490a-8cab-f13eae2d7f50,1643973775470,13.4052291,52.4724971,5.6695824,-1.9191924,7.8922606,-7.5296707,on bike mount,cyclo cross,True,paving stones,good
768543b5-6c7f-4de3-ac4c-5b219cdaeb8a,5d220cf2-7fab-4feb-940d-a5407a22c160,bac9a7e7-877c-4881-ad36-306c41d12d9b,1643973775528,13.4052291,52.4724971,5.6695824,2.503449,-4.520032,1.4832125,on bike mount,cyclo cross,True,paving stones,good
768543b5-6c7f-4de3-ac4c-5b219cdaeb8a,5d220cf2-7fab-4feb-940d-a5407a22c160,2e355914-ec40-4d4e-acb6-8b16b19e7750,1643973775581,13.4052291,52.4724971,5.6695824,-1.3562781,0.30613375,6.649213,on bike mount,cyclo cross,True,paving stones,good
768543b5-6c7f-4de3-ac4c-5b219cdaeb8a,5d220cf2-7fab-4feb-940d-a5407a22c160,adc86dcb-1aaa-4c15-a0b5-4a84005176b2,1643973775638,13.4052291,52.4724971,5.6695824,-0.0036967695,-6.309105,-2.9176555,on bike mount,cyclo cross,True,paving stones,good
768543b5-6c7f-4de3-ac4c-5b219cdaeb8a,5d220cf2-7fab-4feb-940d-a5407a22c160,1e33225e-9d52-469c-a53d-07cb311d80d2,1643973775694,13.4052291,52.4724971,5.6695824,0.38172016,3.8542647,-11.342206,on bike mount,cyclo cross,True,paving stones,good
768543b5-6c7f-4de3-ac4c-5b219cdaeb8a,5d220cf2-7fab-4feb-940d-a5407a22c160,e2b4df0f-8c0a-4a10-ae2b-2b1174720e5e,1643973775750,13.4052291,52.4724971,5.6695824,-1.3912591,2.4763627,-38.205975,on bike mount,cyclo cross,True,paving stones,good
768543b5-6c7f-4de3-ac4c-5b219cdaeb8a,5d220cf2-7fab-4feb-940d-a5407a22c160,9bea2c8a-d31b-464a-8f53-9d4402baec58,1643973775804,13.4052291,52.4724971,5.6695824,-0.12721065,-7.498264,3.7414074,on bike mount,cyclo cross,True,paving stones,good
768543b5-6c7f-4de3-ac4c-5b219cdaeb8a,5d220cf2-7fab-4feb-940d-a5407a22c160,cb5f0d43-739f-477c-8710-f489e55b0fd4,1643973775858,13.4053144,52.4724996,5.663467,2.8497791,-5.9663486,-2.2356572,on bike mount,cyclo cross,True,paving stones,good
768543b5-6c7f-4de3-ac4c-5b219cdaeb8a,5d220cf2-7fab-4feb-940d-a5407a22c160,1c0a69fd-ef1b-4cc0-8801-8d3ade34e60e,1643973775914,13.4053144,52.4724996,5.663467,-0.15049551,-29.087046,2.9077091,on bike mount,cyclo cross,True,paving stones,good
768543b5-6c7f-4de3-ac4c-5b219cdaeb8a,5d220cf2-7fab-4feb-940d-a5407a22c160,c9a7aec0-c36d-41d8-a441-1d457bf2e247,1643973775972,13.4053144,52.4724996,5.663467,6.192347,4.199096,5.4405565,on bike mount,cyclo cross,True,paving stones,good
768543b5-6c7f-4de3-ac4c-5b219cdaeb8a,5d220cf2-7fab-4feb-940d-a5407a22c160,ba099c0f-b307-4172-88ed-920caf1fffd2,1643973776025,13.4053144,52.4724996,5.663467,3.4839416,5.81604,4.795931,on bike mount,cyclo cross,True,paving stones,good
768543b5-6c7f-4de3-ac4c-5b219cdaeb8a,5d220cf2-7fab-4feb-940d-a5407a22c160,e37d03e4-51c2-443c-8f5d-5b92693a2ef1,1643973776084,13.4053144,52.4724996,5.663467,0.18392074,-4.845994,6.565938,on bike mount,cyclo cross,True,paving stones,good
768543b5-6c7f-4de3-ac4c-5b219cdaeb8a,5d220cf2-7fab-4feb-940d-a5407a22c160,32d8172f-c2c2-48b9-b028-39d28685bceb,1643973776137,13.4053144,52.4724996,5.663467,-0.21440285,1.8620074,-3.0718215,on bike mount,cyclo cross,True,paving stones,good
768543b5-6c7f-4de3-ac4c-5b219cdaeb8a,5d220cf2-7fab-4feb-940d-a5407a22c160,c6b78b12-003a-4cf5-8e02-239be92f9052,1643973776195,13.4053144,52.4724996,5.663467,-1.4311863,1.9263606,-5.377486,on bike mount,cyclo cross,True,paving stones,good
768543b5-6c7f-4de3-ac4c-5b219cdaeb8a,5d220cf2-7fab-4feb-940d-a5407a22c160,9b780368-a261-41ca-abcd-0acad2c8801a,1643973776250,13.4053144,52.4724996,5.663467,0.6712045,1.0642905,0.12112522,on bike mount,cyclo cross,True,paving stones,good
768543b5-6c7f-4de3-ac4c-5b219cdaeb8a,5d220cf2-7fab-4feb-940d-a5407a22c160,0eba37d5-d2a3-4fb6-9f5e-8f7b046383de,1643973776302,13.4053144,52.4724996,5.663467,-1.3696755,-1.940072,-2.9757595,on bike mount,cyclo cross,True,paving stones,good
768543b5-6c7f-4de3-ac4c-5b219cdaeb8a,5d220cf2-7fab-4feb-940d-a5407a22c160,c5f99801-f6f6-48d5-bd35-bbe8bc906736,1643973776361,13.4053144,52.4724996,5.663467,-0.81668484,0.88909245,4.009942,on bike mount,cyclo cross,True,paving stones,good
768543b5-6c7f-4de3-ac4c-5b219cdaeb8a,5d220cf2-7fab-4feb-940d-a5407a22c160,836718da-068b-457b-8694-01f2d3aa75e3,1643973776418,13.4053144,52.4724996,5.663467,0.9163491,-1.065556,0.6044321,on bike mount,cyclo cross,True,paving stones,good
768543b5-6c7f-4de3-ac4c-5b219cdaeb8a,5d220cf2-7fab-4feb-940d-a5407a22c160,cd067c2f-6001-4aa5-834c-c896077d721d,1643973776470,13.4053144,52.4724996,5.663467,-2.0280623,-4.498773,3.2587318,on bike mount,cyclo cross,True,paving stones,good
768543b5-6c7f-4de3-ac4c-5b219cdaeb8a,5d220cf2-7fab-4feb-940d-a5407a22c160,d8e24ef1-2df0-4352-bb51-b4247150db44,1643973776527,13.4053144,52.4724996,5.663467,-0.59097934,0.86677,1.955657,on bike mount,cyclo cross,True,paving stones,good
768543b5-6c7f-4de3-ac4c-5b219cdaeb8a,5d220cf2-7fab-4feb-940d-a5407a22c160,67a01119-48f3-4c5f-a97b-0a43ca77cd33,1643973776582,13.4053144,52.4724996,5.663467,0.95489246,-0.9411738,-0.43938923,on bike mount,cyclo cross,True,paving stones,good
768543b5-6c7f-4de3-ac4c-5b219cdaeb8a,5d220cf2-7fab-4feb-940d-a5407a22c160,8f93045a-7a30-4d47-b6df-86a56a0dd1c0,1643973776639,13.4053144,52.4724996,5.663467,-0.19622312,3.3284168,1.9998541,on bike mount,cyclo cross,True,paving stones,good
768543b5-6c7f-4de3-ac4c-5b219cdaeb8a,5d220cf2-7fab-4feb-940d-a5407a22c160,78ef18b0-fe89-4a06-bc0a-331d08820132,1643973776695,13.4053144,52.4724996,5.663467,0.38140658,-0.7450738,0.04097271,on bike mount,cyclo cross,True,paving stones,good
768543b5-6c7f-4de3-ac4c-5b219cdaeb8a,5d220cf2-7fab-4feb-940d-a5407a22c160,8564a6f9-c6a6-4870-8e39-ccf03c119d30,1643973776748,13.4053144,52.4724996,5.663467,-0.94094926,-2.8023353,3.1275387,on bike mount,cyclo cross,True,paving stones,good
768543b5-6c7f-4de3-ac4c-5b219cdaeb8a,5d220cf2-7fab-4feb-940d-a5407a22c160,d3dc197f-9604-4bc1-8c48-0fa6ba56c297,1643973776806,13.4053144,52.4724996,5.663467,-0.18070126,-1.1444919,-1.4500594,on bike mount,cyclo cross,True,paving stones,good
768543b5-6c7f-4de3-ac4c-5b219cdaeb8a,5d220cf2-7fab-4feb-940d-a5407a22c160,478da939-a575-4ee3-b579-fa4ac57a342a,1643973776857,13.4053986,52.4725028,5.8476033,-2.756722,1.069587,3.970069,on bike mount,cyclo cross,True,paving stones,good
768543b5-6c7f-4de3-ac4c-5b219cdaeb8a,5d220cf2-7fab-4feb-940d-a5407a22c160,7253fac0-e0bb-47ee-ad54-1d771654278c,1643973776915,13.4053986,52.4725028,5.8476033,0.5287512,6.461254,-2.6644073,on bike mount,cyclo cross,True,paving stones,good
768543b5-6c7f-4de3-ac4c-5b219cdaeb8a,5d220cf2-7fab-4feb-940d-a5407a22c160,e742ac5e-7321-4748-97ec-16f75d1f9151,1643973776970,13.4053986,52.4725028,5.8476033,-0.44772923,-1.9667608,1.8132954,on bike mount,cyclo cross,True,paving stones,good
768543b5-6c7f-4de3-ac4c-5b219cdaeb8a,5d220cf2-7fab-4feb-940d-a5407a22c160,2f20b5c9-f729-458c-bcd5-644ab486e317,1643973777025,13.4053986,52.4725028,5.8476033,-0.8179818,1.9039369,-5.6341257,on bike mount,cyclo cross,True,paving stones,good
768543b5-6c7f-4de3-ac4c-5b219cdaeb8a,8c6afde2-3b7c-49f8-833c-0a5449a31306,7e04e8c1-87c4-4941-b6da-ddfb9d2c5676,1643973774269,13.4051434,52.4724939,5.8472996,-0.73190194,4.9494276,-5.2870684,on bike mount,cyclo cross,True,paving stones,good
768543b5-6c7f-4de3-ac4c-5b219cdaeb8a,8c6afde2-3b7c-49f8-833c-0a5449a31306,137556d0-0a33-4fbd-86cf-128710fe4b6b,1643973774324,13.4051434,52.4724939,5.8472996,0.0075306,0.02201891,-3.5505557,on bike mount,cyclo cross,True,paving stones,good
768543b5-6c7f-4de3-ac4c-5b219cdaeb8a,8c6afde2-3b7c-49f8-833c-0a5449a31306,bc81d73f-8e1f-4528-9ba1-ddbade53ef28,1643973774381,13.4051434,52.4724939,5.8472996,0.9946534,4.8666453,-0.7001772,on bike mount,cyclo cross,True,paving stones,good
768543b5-6c7f-4de3-ac4c-5b219cdaeb8a,8c6afde2-3b7c-49f8-833c-0a5449a31306,5bf2d1d7-219e-4dd8-9be2-55f51d813c33,1643973774435,13.4051434,52.4724939,5.8472996,0.526577,-4.5053835,-1.153925,on bike mount,cyclo cross,True,paving stones,good
768543b5-6c7f-4de3-ac4c-5b219cdaeb8a,8c6afde2-3b7c-49f8-833c-0a5449a31306,6fc2dc9c-6915-4f7d-bc69-88d1f9053561,1643973774491,13.4051434,52.4724939,5.8472996,-1.5150741,-0.4442513,0.54870796,on bike mount,cyclo cross,True,paving stones,good
768543b5-6c7f-4de3-ac4c-5b219cdaeb8a,8c6afde2-3b7c-49f8-833c-0a5449a31306,f172654e-09b7-4ffe-8de8-364528fab1cc,1643973774547,13.4051434,52.4724939,5.8472996,-0.36175844,-0.0829339,0.23789024,on bike mount,cyclo cross,True,paving stones,good
768543b5-6c7f-4de3-ac4c-5b219cdaeb8a,8c6afde2-3b7c-49f8-833c-0a5449a31306,81cf86d8-eb57-4a16-b8f5-56ebacb3e152,1643973774602,13.4051434,52.4724939,5.8472996,2.3293402,-0.2697816,1.017581,on bike mount,cyclo cross,True,paving stones,good
768543b5-6c7f-4de3-ac4c-5b219cdaeb8a,8c6afde2-3b7c-49f8-833c-0a5449a31306,814e22d0-6bd3-4221-a9f6-182b46c1c0bb,1643973774657,13.4051434,52.4724939,5.8472996,-0.19985028,-0.402529,-4.396122,on bike mount,cyclo cross,True,paving stones,good
768543b5-6c7f-4de3-ac4c-5b219cdaeb8a,8c6afde2-3b7c-49f8-833c-0a5449a31306,62f0d5be-d6a9-4c5a-b9f6-5ffb77a2f623,1643973774715,13.4051434,52.4724939,5.8472996,-3.1946678,-8.352024,23.761662,on bike mount,cyclo cross,True,paving stones,good
768543b5-6c7f-4de3-ac4c-5b219cdaeb8a,8c6afde2-3b7c-49f8-833c-0a5449a31306,51ec455b-5d3d-4468-a1aa-f5e990746af1,1643973774770,13.4051434,52.4724939,5.8472996,-0.3161891,7.058511,-9.761444,on bike mount,cyclo cross,True,paving stones,good
768543b5-6c7f-4de3-ac4c-5b219cdaeb8a,8c6afde2-3b7c-49f8-833c-0a5449a31306,a9ddc4e6-7528-46b1-8ed7-984acf11ae6a,1643973774825,13.4052291,52.4724971,5.6695824,0.80766845,-0.30088758,-4.7332344,on bike mount,cyclo cross,True,paving stones,good
768543b5-6c7f-4de3-ac4c-5b219cdaeb8a,8c6afde2-3b7c-49f8-833c-0a5449a31306,be7906a1-ddfd-482d-bb69-38fd9ff9455b,1643973774883,13.4052291,52.4724971,5.6695824,-0.59340775,2.8756728,-4.824025,on bike mount,cyclo cross,True,paving stones,good
768543b5-6c7f-4de3-ac4c-5b219cdaeb8a,8c6afde2-3b7c-49f8-833c-0a5449a31306,897d3444-1a46-4f7c-9592-041cb234dce6,1643973774936,13.4052291,52.4724971,5.6695824,-0.679775,10.667388,-11.198421,on bike mount,cyclo cross,True,paving stones,good
768543b5-6c7f-4de3-ac4c-5b219cdaeb8a,8c6afde2-3b7c-49f8-833c-0a5449a31306,6fdc153f-a589-4bfd-bb4a-98d4a01ef8c5,1643973774992,13.4052291,52.4724971,5.6695824,-1.2348725,-7.2187004,5.372944,on bike mount,cyclo cross,True,paving stones,good
768543b5-6c7f-4de3-ac4c-5b219cdaeb8a,8c6afde2-3b7c-49f8-833c-0a5449a31306,89bcef98-8896-43eb-a9a7-82f1ebc78e2e,1643973775051,13.4052291,52.4724971,5.6695824,0.060200468,4.66476,-8.033179,on bike mount,cyclo cross,True,paving stones,good
768543b5-6c7f-4de3-ac4c-5b219cdaeb8a,8c6afde2-3b7c-49f8-833c-0a5449a31306,6e6cea62-46e8-4d97-ade3-04059661a5a6,1643973775102,13.4052291,52.4724971,5.6695824,0.660421,1.4923234,6.659233,on bike mount,cyclo cross,True,paving stones,good
768543b5-6c7f-4de3-ac4c-5b219cdaeb8a,8c6afde2-3b7c-49f8-833c-0a5449a31306,d8c693ba-1c1e-4f60-afe6-1d25b83834f7,1643973775161,13.4052291,52.4724971,5.6695824,-1.1593401,-0.81918573,-1.4219575,on bike mount,cyclo cross,True,paving stones,good
768543b5-6c7f-4de3-ac4c-5b219cdaeb8a,8c6afde2-3b7c-49f8-833c-0a5449a31306,172d7032-d944-4a3f-a250-e6a2186e3285,1643973775216,13.4052291,52.4724971,5.6695824,-1.619241,-1.1002448,-2.3115468,on bike mount,cyclo cross,True,paving stones,good
768543b5-6c7f-4de3-ac4c-5b219cdaeb8a,8c6afde2-3b7c-49f8-833c-0a5449a31306,97a42b1f-b94d-43ee-b75e-f8752ea64e36,1643973775272,13.4052291,52.4724971,5.6695824,2.8398461,2.875701,-2.7634149,on bike mount,cyclo cross,True,paving stones,good
768543b5-6c7f-4de3-ac4c-5b219cdaeb8a,8c6afde2-3b7c-49f8-833c-0a5449a31306,48ac4aa7-6b26-473a-bb5d-8156446b4365,1643973775329,13.4052291,52.4724971,5.6695824,-0.5856931,-4.9254856,1.124836,on bike mount,cyclo cross,True,paving stones,good
768543b5-6c7f-4de3-ac4c-5b219cdaeb8a,8c6afde2-3b7c-49f8-833c-0a5449a31306,50018257-5a43-4d7d-925f-fb3fdd8b6a21,1643973775382,13.4052291,52.4724971,5.6695824,-0.89931566,0.5174036,-4.9888372,on bike mount,cyclo cross,True,paving stones,good
768543b5-6c7f-4de3-ac4c-5b219cdaeb8a,8c6afde2-3b7c-49f8-833c-0a5449a31306,2bcc5cec-28d1-4597-ad68-40e1de721d3b,1643973775437,13.4052291,52.4724971,5.6695824,-0.97181344,-0.19503856,14.679356,on bike mount,cyclo cross,True,paving stones,good
768543b5-6c7f-4de3-ac4c-5b219cdaeb8a,8c6afde2-3b7c-49f8-833c-0a5449a31306,8eca193d-e34f-4c54-ba45-aee3b3c0a1cf,1643973775492,13.4052291,52.4724971,5.6695824,0.11325054,4.428401,-9.559401,on bike mount,cyclo cross,True,paving stones,good
768543b5-6c7f-4de3-ac4c-5b219cdaeb8a,8c6afde2-3b7c-49f8-833c-0a5449a31306,8f1a5bcf-cafd-451a-acc6-f0995d1aa46e,1643973775549,13.4052291,52.4724971,5.6695824,-0.88852966,-4.2790465,9.516357,on bike mount,cyclo cross,True,paving stones,good
768543b5-6c7f-4de3-ac4c-5b219cdaeb8a,8c6afde2-3b7c-49f8-833c-0a5449a31306,98d45caa-40d0-4556-9145-76360383bfa0,1643973775604,13.4052291,52.4724971,5.6695824,-1.5161443,6.1340675,-7.574971,on bike mount,cyclo cross,True,paving stones,good
768543b5-6c7f-4de3-ac4c-5b219cdaeb8a,8c6afde2-3b7c-49f8-833c-0a5449a31306,679a1d01-93d4-492a-9d3b-14da44b7e301,1643973775660,13.4052291,52.4724971,5.6695824,-0.84197927,5.909233,-9.304306,on bike mount,cyclo cross,True,paving stones,good
768543b5-6c7f-4de3-ac4c-5b219cdaeb8a,8c6afde2-3b7c-49f8-833c-0a5449a31306,7915ae9c-af5e-40dc-af62-09dca79e1913,1643973775715,13.4052291,52.4724971,5.6695824,8.71788,-12.967785,36.542824,on bike mount,cyclo cross,True,paving stones,good
768543b5-6c7f-4de3-ac4c-5b219cdaeb8a,8c6afde2-3b7c-49f8-833c-0a5449a31306,8a9826c7-9e34-4264-acfc-a6ad72a4f76c,1643973775769,13.4052291,52.4724971,5.6695824,-2.2877145,0.9687195,-21.431816,on bike mount,cyclo cross,True,paving stones,good
768543b5-6c7f-4de3-ac4c-5b219cdaeb8a,8c6afde2-3b7c-49f8-833c-0a5449a31306,544ed762-14f2-4e8e-9333-76740d26355d,1643973775827,13.4053144,52.4724996,5.663467,0.037705064,-3.7786589,4.3161488,on bike mount,cyclo cross,True,paving stones,good
768543b5-6c7f-4de3-ac4c-5b219cdaeb8a,8c6afde2-3b7c-49f8-833c-0a5449a31306,6d72b34d-81e1-4097-a381-ebe71b34180e,1643973775881,13.4053144,52.4724996,5.663467,-2.2503378,30.0893,-5.460667,on bike mount,cyclo cross,True,paving stones,good
768543b5-6c7f-4de3-ac4c-5b219cdaeb8a,8c6afde2-3b7c-49f8-833c-0a5449a31306,0434b93a-cf17-4f2c-8a54-5df264c61a05,1643973775937,13.4053144,52.4724996,5.663467,-1.1760572,4.5759535,-9.691714,on bike mount,cyclo cross,True,paving stones,good
768543b5-6c7f-4de3-ac4c-5b219cdaeb8a,8c6afde2-3b7c-49f8-833c-0a5449a31306,f3cc7801-067a-48a1-8c7e-c6b277a0c199,1643973775991,13.4053144,52.4724996,5.663467,3.3200128,-6.6293097,-6.0101814,on bike mount,cyclo cross,True,paving stones,good
768543b5-6c7f-4de3-ac4c-5b219cdaeb8a,8c6afde2-3b7c-49f8-833c-0a5449a31306,ddc2d4c7-281a-4486-bd87-ad871c7bda4d,1643973776047,13.4053144,52.4724996,5.663467,1.5095568,-0.94468474,-1.2922854,on bike mount,cyclo cross,True,paving stones,good
768543b5-6c7f-4de3-ac4c-5b219cdaeb8a,8c6afde2-3b7c-49f8-833c-0a5449a31306,c5851043-540b-45ab-aa27-fc56e002eccf,1643973776103,13.4053144,52.4724996,5.663467,1.3035154,3.9653907,1.4966736,on bike mount,cyclo cross,True,paving stones,good
768543b5-6c7f-4de3-ac4c-5b219cdaeb8a,8c6afde2-3b7c-49f8-833c-0a5449a31306,b6e03653-ed5f-46a9-bbbe-4261b2d12fda,1643973776158,13.4053144,52.4724996,5.663467,0.30180943,-2.468714,-0.9741316,on bike mount,cyclo cross,True,paving stones,good
768543b5-6c7f-4de3-ac4c-5b219cdaeb8a,8c6afde2-3b7c-49f8-833c-0a5449a31306,cf59dd36-19e0-439a-a7e9-432d3ba2f6ad,1643973776213,13.4053144,52.4724996,5.663467,-0.6149929,0.18050075,-3.486906,on bike mount,cyclo cross,True,paving stones,good
768543b5-6c7f-4de3-ac4c-5b219cdaeb8a,8c6afde2-3b7c-49f8-833c-0a5449a31306,e15ee419-2067-49da-b5f6-90974fac3ed0,1643973776271,13.4053144,52.4724996,5.663467,-0.67151403,-1.6217722,-1.4194565,on bike mount,cyclo cross,True,paving stones,good
768543b5-6c7f-4de3-ac4c-5b219cdaeb8a,8c6afde2-3b7c-49f8-833c-0a5449a31306,7a36835f-543c-4910-be3e-c0b0b60e876b,1643973776326,13.4053144,52.4724996,5.663467,-1.7036965,-3.962334,0.6858444,on bike mount,cyclo cross,True,paving stones,good
768543b5-6c7f-4de3-ac4c-5b219cdaeb8a,8c6afde2-3b7c-49f8-833c-0a5449a31306,d019a973-02fa-4678-a352-66d6dc6a1282,1643973776381,13.4053144,52.4724996,5.663467,0.51345485,-1.7024693,0.17273998,on bike mount,cyclo cross,True,paving stones,good
768543b5-6c7f-4de3-ac4c-5b219cdaeb8a,8c6afde2-3b7c-49f8-833c-0a5449a31306,b2391332-f33d-4664-8bad-719b1d8c7aaf,1643973776439,13.4053144,52.4724996,5.663467,1.4965061,0.4453783,-3.6159062,on bike mount,cyclo cross,True,paving stones,good
768543b5-6c7f-4de3-ac4c-5b219cdaeb8a,8c6afde2-3b7c-49f8-833c-0a5449a31306,2172d045-acf7-4c33-a260-82eb67fb441c,1643973776496,13.4053144,52.4724996,5.663467,-0.59806085,-0.023506641,-1.0875707,on bike mount,cyclo cross,True,paving stones,good
768543b5-6c7f-4de3-ac4c-5b219cdaeb8a,8c6afde2-3b7c-49f8-833c-0a5449a31306,aa13996e-8e01-4eae-b69e-769669ceb024,1643973776547,13.4053144,52.4724996,5.663467,0.63989806,0.76119995,-1.4778032,on bike mount,cyclo cross,True,paving stones,good
768543b5-6c7f-4de3-ac4c-5b219cdaeb8a,8c6afde2-3b7c-49f8-833c-0a5449a31306,0f550bdc-3407-446c-9750-1f39e09a4c82,1643973776602,13.4053144,52.4724996,5.663467,-0.9098628,-3.0186925,6.676305,on bike mount,cyclo cross,True,paving stones,good
768543b5-6c7f-4de3-ac4c-5b219cdaeb8a,8c6afde2-3b7c-49f8-833c-0a5449a31306,3cb66ccb-ea90-4b98-bc6d-5576a9cac12c,1643973776660,13.4053144,52.4724996,5.663467,-1.7443035,4.9499865,-0.95868444,on bike mount,cyclo cross,True,paving stones,good
768543b5-6c7f-4de3-ac4c-5b219cdaeb8a,8c6afde2-3b7c-49f8-833c-0a5449a31306,bc844eda-f460-4801-be46-f5a27a51e65e,1643973776716,13.4053144,52.4724996,5.663467,0.87846047,-0.9610355,-1.1087489,on bike mount,cyclo cross,True,paving stones,good
768543b5-6c7f-4de3-ac4c-5b219cdaeb8a,8c6afde2-3b7c-49f8-833c-0a5449a31306,f6b044f8-1c2a-4fc0-91ba-2ba686ab8200,1643973776772,13.4053144,52.4724996,5.663467,-0.26834592,-0.715194,4.251954,on bike mount,cyclo cross,True,paving stones,good
768543b5-6c7f-4de3-ac4c-5b219cdaeb8a,8c6afde2-3b7c-49f8-833c-0a5449a31306,352bdafd-4b25-43c9-bcf4-8db6008f16e8,1643973776826,13.4053986,52.4725028,5.8476033,-0.7261111,-2.4806237,-4.8223615,on bike mount,cyclo cross,True,paving stones,good
768543b5-6c7f-4de3-ac4c-5b219cdaeb8a,8c6afde2-3b7c-49f8-833c-0a5449a31306,219d578d-d58f-46eb-9948-79da5556438c,1643973776882,13.4053986,52.4725028,5.8476033,0.8903147,-1.5406226,-3.7823398,on bike mount,cyclo cross,True,paving stones,good
768543b5-6c7f-4de3-ac4c-5b219cdaeb8a,8c6afde2-3b7c-49f8-833c-0a5449a31306,17e24509-cb5b-4b73-9105-fa3ca7f4918e,1643973776936,13.4053986,52.4725028,5.8476033,0.77364093,-1.9659635,-0.55884266,on bike mount,cyclo cross,True,paving stones,good
768543b5-6c7f-4de3-ac4c-5b219cdaeb8a,8c6afde2-3b7c-49f8-833c-0a5449a31306,922ca581-f180-4d36-8f69-4f085f216fdc,1643973776993,13.4053986,52.4725028,5.8476033,0.17701936,1.4267473,5.6220245,on bike mount,cyclo cross,True,paving stones,good
