bike_activity_uid,bike_activity_sample_uid,bike_activity_measurement,bike_activity_measurement_timestamp,bike_activity_measurement_lon,bike_activity_measurement_lat,bike_activity_measurement_speed,bike_activity_measurement_accelerometer_x,bike_activity_measurement_accelerometer_y,bike_activity_measurement_accelerometer_z,bike_activity_phone_position,bike_activity_bike_type,bike_activity_flagged_lab_conditions,bike_activity_surface_type,bike_activity_smoothness_type
7ce222c2-4444-48e1-a926-af47030a2ab1,de3bd449-1586-49a6-bad7-77db4715e59e,f9200d87-75f6-48c1-b3f9-2c8a805be823,1634467934939,13.4936971,52.4839785,5.571005,0.06370992,-0.6234131,0.6632633,on bike mount,cyclo cross,True,fine gravel,good
7ce222c2-4444-48e1-a926-af47030a2ab1,de3bd449-1586-49a6-bad7-77db4715e59e,2bd2ecf0-4a5e-4260-93e7-2b3e72a4a405,1634467934990,13.4936971,52.4839785,5.571005,-0.694114,-2.5044734,0.5050888,on bike mount,cyclo cross,True,fine gravel,good
7ce222c2-4444-48e1-a926-af47030a2ab1,de3bd449-1586-49a6-bad7-77db4715e59e,73470bd0-9bbc-4545-bfcf-9f06ccaa318e,1634467935056,13.4936971,52.4839785,5.571005,1.3199394,-4.5309925,3.8932285,on bike mount,cyclo cross,True,fine gravel,good
7ce222c2-4444-48e1-a926-af47030a2ab1,de3bd449-1586-49a6-bad7-77db4715e59e,d3635720-e12f-4bcb-8318-3399771424b2,1634467935106,13.4936971,52.4839785,5.571005,0.2873795,1.0541639,-0.78968906,on bike mount,cyclo cross,True,fine gravel,good
7ce222c2-4444-48e1-a926-af47030a2ab1,de3bd449-1586-49a6-bad7-77db4715e59e,d3ea0b00-ecaa-4018-9fd5-41a624a2b8f2,1634467935158,13.4936971,52.4839785,5.571005,-0.20981431,-1.9545281,0.8013706,on bike mount,cyclo cross,True,fine gravel,good
7ce222c2-4444-48e1-a926-af47030a2ab1,de3bd449-1586-49a6-bad7-77db4715e59e,1af2402f-9cd5-469c-96f3-ac5714422dae,1634467935224,13.4936971,52.4839785,5.571005,0.9093061,-1.4219998,2.5765343,on bike mount,cyclo cross,True,fine gravel,good
7ce222c2-4444-48e1-a926-af47030a2ab1,de3bd449-1586-49a6-bad7-77db4715e59e,2496b4de-60a3-4c87-9e87-24c5fe34aec1,1634467935273,13.4936971,52.4839785,5.571005,-0.55373657,1.4048982,2.8350897,on bike mount,cyclo cross,True,fine gravel,good
7ce222c2-4444-48e1-a926-af47030a2ab1,de3bd449-1586-49a6-bad7-77db4715e59e,8ab63f62-ab61-415f-80ff-4a779f1b4a31,1634467935341,13.4936971,52.4839785,5.571005,-0.6121038,-2.0662723,3.770258,on bike mount,cyclo cross,True,fine gravel,good
7ce222c2-4444-48e1-a926-af47030a2ab1,de3bd449-1586-49a6-bad7-77db4715e59e,37b5a8da-d97d-4201-b8f2-ed437d98e4c3,1634467935406,13.4936971,52.4839785,5.571005,1.1604825,-0.20478559,-5.8635826,on bike mount,cyclo cross,True,fine gravel,good
7ce222c2-4444-48e1-a926-af47030a2ab1,de3bd449-1586-49a6-bad7-77db4715e59e,5ebd2f0d-c306-4daa-8b52-d1fe3fb92ef1,1634467935456,13.4936971,52.4839785,5.571005,-0.11399305,1.1826291,-0.948905,on bike mount,cyclo cross,True,fine gravel,good
7ce222c2-4444-48e1-a926-af47030a2ab1,de3bd449-1586-49a6-bad7-77db4715e59e,e6eeda55-3e71-4914-9054-e4d800944abe,1634467935508,13.4936971,52.4839785,5.571005,1.9522352,-5.8303056,-0.045622826,on bike mount,cyclo cross,True,fine gravel,good
7ce222c2-4444-48e1-a926-af47030a2ab1,de3bd449-1586-49a6-bad7-77db4715e59e,1af8f580-7bfe-467b-bee1-57145023cbe4,1634467935559,13.4936971,52.4839785,5.571005,-0.19663334,1.0186958,-5.5590315,on bike mount,cyclo cross,True,fine gravel,good
7ce222c2-4444-48e1-a926-af47030a2ab1,de3bd449-1586-49a6-bad7-77db4715e59e,25210157-96f9-42e9-9540-2e526087f156,1634467935623,13.4936971,52.4839785,5.571005,0.17460006,-2.9887543,1.7007875,on bike mount,cyclo cross,True,fine gravel,good
7ce222c2-4444-48e1-a926-af47030a2ab1,de3bd449-1586-49a6-bad7-77db4715e59e,808ec6a2-6f54-4fe3-937d-8b4cf462cd80,1634467935673,13.4936971,52.4839785,5.571005,0.656664,-0.43404865,-3.8985305,on bike mount,cyclo cross,True,fine gravel,good
7ce222c2-4444-48e1-a926-af47030a2ab1,de3bd449-1586-49a6-bad7-77db4715e59e,6335ca37-c93c-4b76-8988-9e07e356480b,1634467935724,13.4936971,52.4839785,5.571005,0.15048212,1.4521866,0.9573746,on bike mount,cyclo cross,True,fine gravel,good
7ce222c2-4444-48e1-a926-af47030a2ab1,de3bd449-1586-49a6-bad7-77db4715e59e,1add8497-aa4b-4463-af89-e399675323e5,1634467935773,13.4937215,52.4839335,4.4700456,1.1100575,0.57712793,-1.5837169,on bike mount,cyclo cross,True,fine gravel,good
7ce222c2-4444-48e1-a926-af47030a2ab1,de3bd449-1586-49a6-bad7-77db4715e59e,0a5e5855-b037-4f36-ad18-fbd914a79fa9,1634467935823,13.4937215,52.4839335,4.4700456,0.36110523,-1.4994817,-4.3045316,on bike mount,cyclo cross,True,fine gravel,good
7ce222c2-4444-48e1-a926-af47030a2ab1,de3bd449-1586-49a6-bad7-77db4715e59e,631b7570-1ff8-4284-9702-86b502fd2fe9,1634467935874,13.4937215,52.4839335,4.4700456,0.99578214,0.36079907,-0.7853365,on bike mount,cyclo cross,True,fine gravel,good
7ce222c2-4444-48e1-a926-af47030a2ab1,de3bd449-1586-49a6-bad7-77db4715e59e,a016701a-bff4-4270-9742-d1c800e4c38f,1634467935924,13.4937215,52.4839335,4.4700456,0.072630286,2.2582042,-6.8342705,on bike mount,cyclo cross,True,fine gravel,good
7ce222c2-4444-48e1-a926-af47030a2ab1,de3bd449-1586-49a6-bad7-77db4715e59e,b7aae324-90ca-449d-a37a-7e93fdbee9df,1634467935975,13.4937215,52.4839335,4.4700456,-0.01905787,0.65902805,2.9355946,on bike mount,cyclo cross,True,fine gravel,good
7ce222c2-4444-48e1-a926-af47030a2ab1,de3bd449-1586-49a6-bad7-77db4715e59e,c818c953-7fe7-44c0-ac4e-e10f8a61c26d,1634467936025,13.4937215,52.4839335,4.4700456,0.6612405,-2.921925,-1.4680171,on bike mount,cyclo cross,True,fine gravel,good
7ce222c2-4444-48e1-a926-af47030a2ab1,de3bd449-1586-49a6-bad7-77db4715e59e,edf75c31-a2ab-4699-89cc-70f83b1ab1f5,1634467936075,13.4937215,52.4839335,4.4700456,0.28579506,-0.6511743,5.2752924,on bike mount,cyclo cross,True,fine gravel,good
7ce222c2-4444-48e1-a926-af47030a2ab1,de3bd449-1586-49a6-bad7-77db4715e59e,a0f6c75d-7452-48fe-95c8-2ddc8b86e405,1634467936125,13.4937215,52.4839335,4.4700456,0.27268,-0.12101245,-1.5333376,on bike mount,cyclo cross,True,fine gravel,good
7ce222c2-4444-48e1-a926-af47030a2ab1,de3bd449-1586-49a6-bad7-77db4715e59e,5a4e2d34-b9ba-48f4-9322-d6061256e0cb,1634467936176,13.4937215,52.4839335,4.4700456,-0.99914885,1.9356785,0.9150572,on bike mount,cyclo cross,True,fine gravel,good
7ce222c2-4444-48e1-a926-af47030a2ab1,de3bd449-1586-49a6-bad7-77db4715e59e,7e9675db-7116-457c-a814-d12fe45fb009,1634467936225,13.4937215,52.4839335,4.4700456,0.011905879,-2.6101153,-0.5258007,on bike mount,cyclo cross,True,fine gravel,good
7ce222c2-4444-48e1-a926-af47030a2ab1,de3bd449-1586-49a6-bad7-77db4715e59e,f3406771-e332-45be-b657-8038c59309f0,1634467936275,13.4937215,52.4839335,4.4700456,-0.16387796,0.83617306,-3.648728,on bike mount,cyclo cross,True,fine gravel,good
7ce222c2-4444-48e1-a926-af47030a2ab1,de3bd449-1586-49a6-bad7-77db4715e59e,066dabe1-547d-47e2-887a-22d1742c6d52,1634467936327,13.4937215,52.4839335,4.4700456,0.046512738,-0.7955518,0.68228054,on bike mount,cyclo cross,True,fine gravel,good
7ce222c2-4444-48e1-a926-af47030a2ab1,de3bd449-1586-49a6-bad7-77db4715e59e,fd77b111-bcfe-417a-bbca-9917ba6baef6,1634467936378,13.4937215,52.4839335,4.4700456,-0.7784956,-0.7301089,-1.9892635,on bike mount,cyclo cross,True,fine gravel,good
7ce222c2-4444-48e1-a926-af47030a2ab1,de3bd449-1586-49a6-bad7-77db4715e59e,fb04c328-dd14-41f8-b5c9-9a794536952a,1634467936443,13.4937215,52.4839335,4.4700456,-0.121526495,0.22206688,-2.6772342,on bike mount,cyclo cross,True,fine gravel,good
7ce222c2-4444-48e1-a926-af47030a2ab1,de3bd449-1586-49a6-bad7-77db4715e59e,1fb150fb-6b4b-4d4c-88bb-cad00901681b,1634467936493,13.4937215,52.4839335,4.4700456,-2.1922467,2.6606784,-1.6932569,on bike mount,cyclo cross,True,fine gravel,good
7ce222c2-4444-48e1-a926-af47030a2ab1,de3bd449-1586-49a6-bad7-77db4715e59e,f780a0d8-929f-4a88-b451-873e49933de8,1634467936544,13.4937215,52.4839335,4.4700456,0.21900713,-0.8113481,3.5059748,on bike mount,cyclo cross,True,fine gravel,good
7ce222c2-4444-48e1-a926-af47030a2ab1,de3bd449-1586-49a6-bad7-77db4715e59e,1599e88e-5295-4897-b959-1ab92e03d40c,1634467936594,13.4937215,52.4839335,4.4700456,0.038880095,-3.552289,4.303627,on bike mount,cyclo cross,True,fine gravel,good
7ce222c2-4444-48e1-a926-af47030a2ab1,de3bd449-1586-49a6-bad7-77db4715e59e,003c2a28-e6a3-4ff7-bd97-e5c221874852,1634467936644,13.4937215,52.4839335,4.4700456,-1.0974534,-2.0750246,0.30830097,on bike mount,cyclo cross,True,fine gravel,good
7ce222c2-4444-48e1-a926-af47030a2ab1,de3bd449-1586-49a6-bad7-77db4715e59e,c1fbabc6-3745-416a-aaf7-338a8aceb915,1634467936695,13.4937215,52.4839335,4.4700456,-0.25529894,0.7965832,0.9274502,on bike mount,cyclo cross,True,fine gravel,good
7ce222c2-4444-48e1-a926-af47030a2ab1,de3bd449-1586-49a6-bad7-77db4715e59e,e2310bd1-03f9-4bee-a74f-2eed48c492e8,1634467936762,13.4937352,52.4839049,4.3230433,0.09711394,-1.3574771,2.4693823,on bike mount,cyclo cross,True,fine gravel,good
7ce222c2-4444-48e1-a926-af47030a2ab1,de3bd449-1586-49a6-bad7-77db4715e59e,315e56ab-51c6-44cc-bf80-c5df87dcfcb5,1634467936812,13.4937352,52.4839049,4.3230433,0.113405526,-2.8604813,0.5431471,on bike mount,cyclo cross,True,fine gravel,good
7ce222c2-4444-48e1-a926-af47030a2ab1,de3bd449-1586-49a6-bad7-77db4715e59e,8b6adefa-ced9-44d7-8c77-f39f3a980e93,1634467936876,13.4937352,52.4839049,4.3230433,-0.20337008,0.73384,-3.0061622,on bike mount,cyclo cross,True,fine gravel,good
7ce222c2-4444-48e1-a926-af47030a2ab1,de3bd449-1586-49a6-bad7-77db4715e59e,8bcec218-2a56-420e-b0a3-e43ceaff5a0c,1634467936928,13.4937352,52.4839049,4.3230433,-0.709781,2.9617963,0.3328972,on bike mount,cyclo cross,True,fine gravel,good
7ce222c2-4444-48e1-a926-af47030a2ab1,de3bd449-1586-49a6-bad7-77db4715e59e,ea05a43c-1c1a-4648-8234-e5d5fbe7a86c,1634467936978,13.4937352,52.4839049,4.3230433,-0.025668979,-0.45765483,0.6522875,on bike mount,cyclo cross,True,fine gravel,good
7ce222c2-4444-48e1-a926-af47030a2ab1,de3bd449-1586-49a6-bad7-77db4715e59e,9d64ef66-3fa1-4790-8a30-b62d9e6e70d7,1634467937045,13.4937352,52.4839049,4.3230433,-0.15049055,-0.0018422604,4.8080893,on bike mount,cyclo cross,True,fine gravel,good
7ce222c2-4444-48e1-a926-af47030a2ab1,de3bd449-1586-49a6-bad7-77db4715e59e,a5d7e44a-4b3a-4a2f-925a-f07dc8de0f78,1634467937110,13.4937352,52.4839049,4.3230433,-0.004989147,-1.8906195,3.320053,on bike mount,cyclo cross,True,fine gravel,good
7ce222c2-4444-48e1-a926-af47030a2ab1,de3bd449-1586-49a6-bad7-77db4715e59e,899ac4fb-6685-4c5f-aecc-ad0fb4b0551b,1634467937160,13.4937352,52.4839049,4.3230433,-0.0178079,0.042025328,-4.0710144,on bike mount,cyclo cross,True,fine gravel,good
7ce222c2-4444-48e1-a926-af47030a2ab1,de3bd449-1586-49a6-bad7-77db4715e59e,7670c16c-7e0e-4572-b941-83ec3b07922b,1634467937211,13.4937352,52.4839049,4.3230433,-0.11259349,-0.29615688,5.8752823,on bike mount,cyclo cross,True,fine gravel,good
7ce222c2-4444-48e1-a926-af47030a2ab1,de3bd449-1586-49a6-bad7-77db4715e59e,342e436b-52aa-497c-b882-b370bfd59d8a,1634467937263,13.4937352,52.4839049,4.3230433,0.48305005,-3.6539886,-0.6014948,on bike mount,cyclo cross,True,fine gravel,good
7ce222c2-4444-48e1-a926-af47030a2ab1,de3bd449-1586-49a6-bad7-77db4715e59e,12e4c4f6-48ac-49cd-b604-a8b5ca7c1e95,1634467937328,13.4937352,52.4839049,4.3230433,-0.7898919,0.9220214,0.90036964,on bike mount,cyclo cross,True,fine gravel,good
7ce222c2-4444-48e1-a926-af47030a2ab1,de3bd449-1586-49a6-bad7-77db4715e59e,2c40c12c-4792-46bf-8b4c-0d0a7687571c,1634467937379,13.4937352,52.4839049,4.3230433,-1.5810546,1.8150926,2.7269802,on bike mount,cyclo cross,True,fine gravel,good
7ce222c2-4444-48e1-a926-af47030a2ab1,de3bd449-1586-49a6-bad7-77db4715e59e,9944222b-4358-40d1-99b8-d26d2d8478d5,1634467937428,13.4937352,52.4839049,4.3230433,-0.25536633,1.4422565,-5.280361,on bike mount,cyclo cross,True,fine gravel,good
7ce222c2-4444-48e1-a926-af47030a2ab1,de3bd449-1586-49a6-bad7-77db4715e59e,52a886a9-4c9b-4d21-8736-8e1fcbae4916,1634467937480,13.4937352,52.4839049,4.3230433,-0.30054626,-0.5803797,-2.0937796,on bike mount,cyclo cross,True,fine gravel,good
7ce222c2-4444-48e1-a926-af47030a2ab1,de3bd449-1586-49a6-bad7-77db4715e59e,781aaec0-2985-4f5b-9fd1-fb96cd128992,1634467937545,13.4937352,52.4839049,4.3230433,-0.7258627,1.81146,5.326599,on bike mount,cyclo cross,True,fine gravel,good
7ce222c2-4444-48e1-a926-af47030a2ab1,de3bd449-1586-49a6-bad7-77db4715e59e,4fac7f37-c7a9-47dd-998b-5784db1f329d,1634467937595,13.4937352,52.4839049,4.3230433,-0.20192839,0.9214072,-2.485468,on bike mount,cyclo cross,True,fine gravel,good
7ce222c2-4444-48e1-a926-af47030a2ab1,de3bd449-1586-49a6-bad7-77db4715e59e,d351fb99-4925-4acb-840c-3e56b81bb82c,1634467937647,13.4937352,52.4839049,4.3230433,-0.24148628,2.3871436,-1.2915463,on bike mount,cyclo cross,True,fine gravel,good
7ce222c2-4444-48e1-a926-af47030a2ab1,de3bd449-1586-49a6-bad7-77db4715e59e,69c1a9f9-f428-4056-997e-dc2f97bc1e75,1634467937698,13.4937352,52.4839049,4.3230433,-0.7805636,1.6572704,3.0242338,on bike mount,cyclo cross,True,fine gravel,good
7ce222c2-4444-48e1-a926-af47030a2ab1,de3bd449-1586-49a6-bad7-77db4715e59e,3e0043c4-9213-4592-a041-d3ea6a64e42a,1634467937763,13.4937464,52.4838768,2.3523273,-0.7460755,0.36315632,1.0408249,on bike mount,cyclo cross,True,fine gravel,good
7ce222c2-4444-48e1-a926-af47030a2ab1,de3bd449-1586-49a6-bad7-77db4715e59e,9f9939e4-2881-4600-ba2d-e54901e79638,1634467937812,13.4937464,52.4838768,2.3523273,-1.0159861,1.8814492,2.2045527,on bike mount,cyclo cross,True,fine gravel,good
7ce222c2-4444-48e1-a926-af47030a2ab1,de3bd449-1586-49a6-bad7-77db4715e59e,a93eab38-8c02-4f8e-906c-442412d509fc,1634467937862,13.4937464,52.4838768,2.3523273,-1.0684552,3.1286092,-0.5487366,on bike mount,cyclo cross,True,fine gravel,good
7ce222c2-4444-48e1-a926-af47030a2ab1,de3bd449-1586-49a6-bad7-77db4715e59e,8ae057ab-fe85-416e-8f86-c6a39d4eb0c6,1634467937912,13.4937464,52.4838768,2.3523273,-0.5187725,-1.0931439,-1.2403965,on bike mount,cyclo cross,True,fine gravel,good
7ce222c2-4444-48e1-a926-af47030a2ab1,de3bd449-1586-49a6-bad7-77db4715e59e,af36de46-3730-474b-b76f-c268fe46a027,1634467937962,13.4937464,52.4838768,2.3523273,0.19564825,1.17625,-2.2951717,on bike mount,cyclo cross,True,fine gravel,good
7ce222c2-4444-48e1-a926-af47030a2ab1,de3bd449-1586-49a6-bad7-77db4715e59e,fb4d8d70-29c5-4f59-9a3c-0ee48d03a70a,1634467938013,13.4937464,52.4838768,2.3523273,0.25795707,-2.5235066,-1.0968065,on bike mount,cyclo cross,True,fine gravel,good
7ce222c2-4444-48e1-a926-af47030a2ab1,de3bd449-1586-49a6-bad7-77db4715e59e,1484b31a-733f-45c7-a043-e3ebb2c9840c,1634467938064,13.4937464,52.4838768,2.3523273,-1.3254502,-3.2271225,2.0107021,on bike mount,cyclo cross,True,fine gravel,good
7ce222c2-4444-48e1-a926-af47030a2ab1,de3bd449-1586-49a6-bad7-77db4715e59e,c729d279-0f6f-4aa4-831b-af3936e6c875,1634467938114,13.4937464,52.4838768,2.3523273,-0.63554454,-0.09945178,-3.5515666,on bike mount,cyclo cross,True,fine gravel,good
7ce222c2-4444-48e1-a926-af47030a2ab1,de3bd449-1586-49a6-bad7-77db4715e59e,b2de03ff-b38a-46bb-a83f-885d03690ed6,1634467938164,13.4937464,52.4838768,2.3523273,-1.1624879,1.6748185,1.6814814,on bike mount,cyclo cross,True,fine gravel,good
7ce222c2-4444-48e1-a926-af47030a2ab1,de3bd449-1586-49a6-bad7-77db4715e59e,d371263c-2491-47d7-9a14-4a0a6e6d7573,1634467938214,13.4937464,52.4838768,2.3523273,-0.7907549,0.004876375,-2.0088787,on bike mount,cyclo cross,True,fine gravel,good
7ce222c2-4444-48e1-a926-af47030a2ab1,de3bd449-1586-49a6-bad7-77db4715e59e,a069bf77-423b-4287-a3f3-198283f0a767,1634467938264,13.4937464,52.4838768,2.3523273,-0.5686744,0.25140333,-4.7644634,on bike mount,cyclo cross,True,fine gravel,good
7ce222c2-4444-48e1-a926-af47030a2ab1,de3bd449-1586-49a6-bad7-77db4715e59e,6fe8d0bc-4bd9-45ec-82f6-694f84cfb422,1634467938316,13.4937464,52.4838768,2.3523273,-0.16195264,-1.4591559,4.11061,on bike mount,cyclo cross,True,fine gravel,good
7ce222c2-4444-48e1-a926-af47030a2ab1,de3bd449-1586-49a6-bad7-77db4715e59e,7bbd2d0b-cd5b-411f-a580-2ac0bf695920,1634467938382,13.4937464,52.4838768,2.3523273,-3.6230626,1.5343323,1.177804,on bike mount,cyclo cross,True,fine gravel,good
7ce222c2-4444-48e1-a926-af47030a2ab1,de3bd449-1586-49a6-bad7-77db4715e59e,ec748168-d57c-4cac-a971-0f482472c557,1634467938432,13.4937464,52.4838768,2.3523273,1.0648866,1.0302625,2.3383179,on bike mount,cyclo cross,True,fine gravel,good
7ce222c2-4444-48e1-a926-af47030a2ab1,de3bd449-1586-49a6-bad7-77db4715e59e,7e201547-07ea-4b07-8d83-6f895ebb1bb6,1634467938498,13.4937464,52.4838768,2.3523273,0.29616594,-3.0314121,-0.9585247,on bike mount,cyclo cross,True,fine gravel,good
7ce222c2-4444-48e1-a926-af47030a2ab1,de3bd449-1586-49a6-bad7-77db4715e59e,f3cb0095-2b37-4f77-8fa9-3714bcd57ad1,1634467938549,13.4937464,52.4838768,2.3523273,-0.18577468,-0.032740116,-2.6480646,on bike mount,cyclo cross,True,fine gravel,good
7ce222c2-4444-48e1-a926-af47030a2ab1,de3bd449-1586-49a6-bad7-77db4715e59e,c3d719b8-9595-4a1f-9ac1-42052c3e85bb,1634467938599,13.4937464,52.4838768,2.3523273,-0.8138931,2.8779874,1.3649616,on bike mount,cyclo cross,True,fine gravel,good
7ce222c2-4444-48e1-a926-af47030a2ab1,de3bd449-1586-49a6-bad7-77db4715e59e,7f45501d-03a0-47fb-98cf-7ae92e7ef61d,1634467938664,13.4937464,52.4838768,2.3523273,-0.47136733,-1.1753482,0.13675976,on bike mount,cyclo cross,True,fine gravel,good
7ce222c2-4444-48e1-a926-af47030a2ab1,de3bd449-1586-49a6-bad7-77db4715e59e,83dc0d8b-4fcc-4469-aa11-1a63fdbbf460,1634467938715,13.4937464,52.4838768,2.3523273,-0.3851382,2.072618,2.2538233,on bike mount,cyclo cross,True,fine gravel,good
7ce222c2-4444-48e1-a926-af47030a2ab1,de3bd449-1586-49a6-bad7-77db4715e59e,0f2aa1ce-893d-4755-9176-c4aa65f4f4c2,1634467938766,13.4937578,52.4838594,3.7531178,-1.3117521,0.3446436,1.4591646,on bike mount,cyclo cross,True,fine gravel,good
7ce222c2-4444-48e1-a926-af47030a2ab1,de3bd449-1586-49a6-bad7-77db4715e59e,78aeda7d-d36f-4c58-8aa8-d4bffc691efd,1634467938817,13.4937578,52.4838594,3.7531178,-0.6266903,0.2701881,-1.8481283,on bike mount,cyclo cross,True,fine gravel,good
7ce222c2-4444-48e1-a926-af47030a2ab1,de3bd449-1586-49a6-bad7-77db4715e59e,0456f3bd-8ea5-4b80-a529-5d9944796146,1634467938882,13.4937578,52.4838594,3.7531178,-0.57313746,1.2054608,-1.7521305,on bike mount,cyclo cross,True,fine gravel,good
7ce222c2-4444-48e1-a926-af47030a2ab1,de3bd449-1586-49a6-bad7-77db4715e59e,7bc01b51-109e-4fed-8f66-1cf9d9d83875,1634467938932,13.4937578,52.4838594,3.7531178,-1.3529062,2.5384555,-0.5390911,on bike mount,cyclo cross,True,fine gravel,good
7ce222c2-4444-48e1-a926-af47030a2ab1,de3bd449-1586-49a6-bad7-77db4715e59e,3b67453a-48bd-44ea-b996-60a4c5929fbe,1634467938983,13.4937578,52.4838594,3.7531178,-0.20235223,-0.34852266,1.2206125,on bike mount,cyclo cross,True,fine gravel,good
7ce222c2-4444-48e1-a926-af47030a2ab1,de3bd449-1586-49a6-bad7-77db4715e59e,f0b3e4b7-fcf0-49ac-bd01-0eefa9df7b4b,1634467939033,13.4937578,52.4838594,3.7531178,-1.655667,-0.7513702,-0.52252674,on bike mount,cyclo cross,True,fine gravel,good
7ce222c2-4444-48e1-a926-af47030a2ab1,de3bd449-1586-49a6-bad7-77db4715e59e,8cd64742-d35b-4aff-99e9-a404e58ea5c3,1634467939083,13.4937578,52.4838594,3.7531178,-0.93215406,1.4694638,0.047649384,on bike mount,cyclo cross,True,fine gravel,good
7ce222c2-4444-48e1-a926-af47030a2ab1,de3bd449-1586-49a6-bad7-77db4715e59e,46baccde-f8d5-4374-a963-9c8bdb16855a,1634467939133,13.4937578,52.4838594,3.7531178,-0.33947936,0.54986596,1.9597778,on bike mount,cyclo cross,True,fine gravel,good
7ce222c2-4444-48e1-a926-af47030a2ab1,de3bd449-1586-49a6-bad7-77db4715e59e,7d72abdf-3b91-417e-9158-006314203de7,1634467939201,13.4937578,52.4838594,3.7531178,-0.7725335,0.23984861,1.4794378,on bike mount,cyclo cross,True,fine gravel,good
7ce222c2-4444-48e1-a926-af47030a2ab1,de3bd449-1586-49a6-bad7-77db4715e59e,f034a2a6-5e35-470f-9ce9-3c00ab69f47a,1634467939251,13.4937578,52.4838594,3.7531178,-1.097334,-2.6372938,0.506999,on bike mount,cyclo cross,True,fine gravel,good
7ce222c2-4444-48e1-a926-af47030a2ab1,de3bd449-1586-49a6-bad7-77db4715e59e,772e2717-fbf2-46da-b9cb-fe2a71cfe926,1634467939318,13.4937578,52.4838594,3.7531178,0.25100642,2.5086532,0.093141556,on bike mount,cyclo cross,True,fine gravel,good
7ce222c2-4444-48e1-a926-af47030a2ab1,de3bd449-1586-49a6-bad7-77db4715e59e,dc519f99-7b87-4c3c-bf4e-443d3058f901,1634467939368,13.4937578,52.4838594,3.7531178,-0.13766962,2.7651277,0.71301746,on bike mount,cyclo cross,True,fine gravel,good
7ce222c2-4444-48e1-a926-af47030a2ab1,de3bd449-1586-49a6-bad7-77db4715e59e,60be7936-36de-4dfa-afd2-4ea99341b3a2,1634467939418,13.4937578,52.4838594,3.7531178,-1.7127943,-0.8787513,1.8807878,on bike mount,cyclo cross,True,fine gravel,good
7ce222c2-4444-48e1-a926-af47030a2ab1,de3bd449-1586-49a6-bad7-77db4715e59e,730516e6-0b57-40ea-a21d-e3a93c50a55b,1634467939469,13.4937578,52.4838594,3.7531178,-0.9334983,-1.589706,0.033644676,on bike mount,cyclo cross,True,fine gravel,good
7ce222c2-4444-48e1-a926-af47030a2ab1,de3bd449-1586-49a6-bad7-77db4715e59e,885220fb-650f-4b2f-8080-c2c2b744d38c,1634467939519,13.4937578,52.4838594,3.7531178,-0.9484669,1.8523178,1.1400642,on bike mount,cyclo cross,True,fine gravel,good
7ce222c2-4444-48e1-a926-af47030a2ab1,de3bd449-1586-49a6-bad7-77db4715e59e,f58024da-8400-43e1-9172-43419c2c6642,1634467939584,13.4937578,52.4838594,3.7531178,-0.5627038,-3.4502232,-0.0043992996,on bike mount,cyclo cross,True,fine gravel,good
7ce222c2-4444-48e1-a926-af47030a2ab1,de3bd449-1586-49a6-bad7-77db4715e59e,54935fe2-61c5-440c-9212-2bd3055e5ff7,1634467939634,13.4937578,52.4838594,3.7531178,1.1153178,-0.24550366,1.3051815,on bike mount,cyclo cross,True,fine gravel,good
7ce222c2-4444-48e1-a926-af47030a2ab1,de3bd449-1586-49a6-bad7-77db4715e59e,a1fcddeb-e61e-47b1-834c-4f8971156f99,1634467939684,13.4937578,52.4838594,3.7531178,-0.42594534,-0.55067825,-2.0539389,on bike mount,cyclo cross,True,fine gravel,good
7ce222c2-4444-48e1-a926-af47030a2ab1,de3bd449-1586-49a6-bad7-77db4715e59e,52e50018-f46a-4071-b03d-c7d4eed62f69,1634467939735,13.493795,52.4838259,4.3023643,-0.9346911,1.6684728,-1.5028276,on bike mount,cyclo cross,True,fine gravel,good
7ce222c2-4444-48e1-a926-af47030a2ab1,de3bd449-1586-49a6-bad7-77db4715e59e,796cb316-7ea8-457c-8a65-0a691f5183e7,1634467939785,13.493795,52.4838259,4.3023643,-0.74123245,1.0578985,2.1484156,on bike mount,cyclo cross,True,fine gravel,good
7ce222c2-4444-48e1-a926-af47030a2ab1,de3bd449-1586-49a6-bad7-77db4715e59e,8f7abe63-86ae-4abb-a8ab-58bf367b92d0,1634467939836,13.493795,52.4838259,4.3023643,-0.65190184,0.6605208,-2.1580882,on bike mount,cyclo cross,True,fine gravel,good
7ce222c2-4444-48e1-a926-af47030a2ab1,de3bd449-1586-49a6-bad7-77db4715e59e,b36c76f7-fc6d-45c7-9f35-fecbb30c2bd3,1634467939902,13.493795,52.4838259,4.3023643,-0.2088984,0.22333121,2.1468754,on bike mount,cyclo cross,True,fine gravel,good
7ce222c2-4444-48e1-a926-af47030a2ab1,de3bd449-1586-49a6-bad7-77db4715e59e,dfa97bf6-547a-417f-b6db-894ddd09a02d,1634467939951,13.493795,52.4838259,4.3023643,-0.7157718,-0.90934265,2.5492887,on bike mount,cyclo cross,True,fine gravel,good
7ce222c2-4444-48e1-a926-af47030a2ab1,de3bd449-1586-49a6-bad7-77db4715e59e,ce5a402c-50ab-4715-b87c-df02ceeb4d29,1634467940003,13.493795,52.4838259,4.3023643,-0.46023414,0.6030879,-2.0470252,on bike mount,cyclo cross,True,fine gravel,good
7ce222c2-4444-48e1-a926-af47030a2ab1,de3bd449-1586-49a6-bad7-77db4715e59e,36e4cdf8-3486-442d-9563-bd679ac6dff1,1634467940069,13.493795,52.4838259,4.3023643,-0.24175662,-2.695855,0.60825443,on bike mount,cyclo cross,True,fine gravel,good
7ce222c2-4444-48e1-a926-af47030a2ab1,de3bd449-1586-49a6-bad7-77db4715e59e,9c7b8409-9c50-4958-9589-30a9e78f7b44,1634467940135,13.493795,52.4838259,4.3023643,0.09543821,-0.8859329,0.45352745,on bike mount,cyclo cross,True,fine gravel,good
7ce222c2-4444-48e1-a926-af47030a2ab1,de3bd449-1586-49a6-bad7-77db4715e59e,5fb74881-4483-4e49-96c7-78dbc2857935,1634467940186,13.493795,52.4838259,4.3023643,-0.09878835,1.976511,0.9981308,on bike mount,cyclo cross,True,fine gravel,good
7ce222c2-4444-48e1-a926-af47030a2ab1,de3bd449-1586-49a6-bad7-77db4715e59e,dd9701e8-d280-4602-9b85-3c4cbc00a3e5,1634467940253,13.493795,52.4838259,4.3023643,0.35648066,-1.45475,2.320588,on bike mount,cyclo cross,True,fine gravel,good
7ce222c2-4444-48e1-a926-af47030a2ab1,de3bd449-1586-49a6-bad7-77db4715e59e,41c22468-7bb2-4ed4-b611-046015f5ca0d,1634467940321,13.493795,52.4838259,4.3023643,1.3227277,0.34827995,-1.6203432,on bike mount,cyclo cross,True,fine gravel,good
7ce222c2-4444-48e1-a926-af47030a2ab1,3da87a2f-cb83-4037-8b3f-0a99237eab4f,355f0495-1ca5-4032-889f-4d3ae525460b,1634467938316,13.4937464,52.4838768,2.3523273,-0.16195264,-1.4591559,4.11061,on bike mount,cyclo cross,True,fine gravel,good
7ce222c2-4444-48e1-a926-af47030a2ab1,3da87a2f-cb83-4037-8b3f-0a99237eab4f,6a2ba608-bf05-4446-b3e0-34e39ba1d652,1634467938382,13.4937464,52.4838768,2.3523273,-3.6230626,1.5343323,1.177804,on bike mount,cyclo cross,True,fine gravel,good
7ce222c2-4444-48e1-a926-af47030a2ab1,3da87a2f-cb83-4037-8b3f-0a99237eab4f,2bab980b-6029-4f0b-9e6b-cd9f0d050d2d,1634467938449,13.4937464,52.4838768,2.3523273,0.23895502,0.3105402,-0.14037704,on bike mount,cyclo cross,True,fine gravel,good
7ce222c2-4444-48e1-a926-af47030a2ab1,3da87a2f-cb83-4037-8b3f-0a99237eab4f,c3518a4a-b8fb-41f5-8502-573741130ce5,1634467938500,13.4937464,52.4838768,2.3523273,0.584918,-2.1607316,-3.6443105,on bike mount,cyclo cross,True,fine gravel,good
7ce222c2-4444-48e1-a926-af47030a2ab1,3da87a2f-cb83-4037-8b3f-0a99237eab4f,94072ad5-ffc8-404f-99a4-b90ef0921351,1634467938564,13.4937464,52.4838768,2.3523273,0.2715193,-1.8084209,-1.8620462,on bike mount,cyclo cross,True,fine gravel,good
7ce222c2-4444-48e1-a926-af47030a2ab1,3da87a2f-cb83-4037-8b3f-0a99237eab4f,a5a5fe2a-465f-4866-83cb-6d75124656b5,1634467938615,13.4937464,52.4838768,2.3523273,-0.50853497,-1.899803,-1.4545183,on bike mount,cyclo cross,True,fine gravel,good
7ce222c2-4444-48e1-a926-af47030a2ab1,3da87a2f-cb83-4037-8b3f-0a99237eab4f,30c52443-81bf-4763-85e3-0a3132c5dda7,1634467938664,13.4937464,52.4838768,2.3523273,-0.47136733,-1.1753482,0.13675976,on bike mount,cyclo cross,True,fine gravel,good
7ce222c2-4444-48e1-a926-af47030a2ab1,3da87a2f-cb83-4037-8b3f-0a99237eab4f,6c7fb446-18fd-4b5e-b567-3549f58176c7,1634467938714,13.4937464,52.4838768,2.3523273,-0.3851382,2.072618,2.2538233,on bike mount,cyclo cross,True,fine gravel,good
7ce222c2-4444-48e1-a926-af47030a2ab1,3da87a2f-cb83-4037-8b3f-0a99237eab4f,5fbd7c9d-c5c4-493c-80f2-1e4f74b36adf,1634467938765,13.4937578,52.4838594,3.7531178,-1.6067523,2.3627582,1.1328592,on bike mount,cyclo cross,True,fine gravel,good
7ce222c2-4444-48e1-a926-af47030a2ab1,3da87a2f-cb83-4037-8b3f-0a99237eab4f,8a312c83-a75f-4ed3-a9f5-0eced6532893,1634467938815,13.4937578,52.4838594,3.7531178,-0.79294485,0.9557686,-2.929391,on bike mount,cyclo cross,True,fine gravel,good
7ce222c2-4444-48e1-a926-af47030a2ab1,3da87a2f-cb83-4037-8b3f-0a99237eab4f,effb47c2-1df7-45d9-86ed-e81b47d261a7,1634467938865,13.4937578,52.4838594,3.7531178,-1.1713665,0.21342015,1.0980959,on bike mount,cyclo cross,True,fine gravel,good
7ce222c2-4444-48e1-a926-af47030a2ab1,3da87a2f-cb83-4037-8b3f-0a99237eab4f,0ad08e4a-85c4-4db6-b828-c7b4ae6f7d6f,1634467938915,13.4937578,52.4838594,3.7531178,-0.5202188,4.075535,1.6823082,on bike mount,cyclo cross,True,fine gravel,good
7ce222c2-4444-48e1-a926-af47030a2ab1,3da87a2f-cb83-4037-8b3f-0a99237eab4f,acbf24c7-3579-4239-99cd-237f47f17be1,1634467938966,13.4937578,52.4838594,3.7531178,-1.8364927,-4.1225615,-2.8432488,on bike mount,cyclo cross,True,fine gravel,good
7ce222c2-4444-48e1-a926-af47030a2ab1,3da87a2f-cb83-4037-8b3f-0a99237eab4f,4c589812-89d1-4e1d-8748-08e16a05e11d,1634467939017,13.4937578,52.4838594,3.7531178,-0.033920407,1.2851238,-0.5282426,on bike mount,cyclo cross,True,fine gravel,good
7ce222c2-4444-48e1-a926-af47030a2ab1,3da87a2f-cb83-4037-8b3f-0a99237eab4f,2f017372-d32a-4481-83c7-ffbf0cd69986,1634467939067,13.4937578,52.4838594,3.7531178,-1.2810743,-0.9427792,2.7949257,on bike mount,cyclo cross,True,fine gravel,good
7ce222c2-4444-48e1-a926-af47030a2ab1,3da87a2f-cb83-4037-8b3f-0a99237eab4f,e3354cdc-82a9-4538-bebe-3bc60fed0bab,1634467939117,13.4937578,52.4838594,3.7531178,-0.33093137,0.69032454,-0.66579914,on bike mount,cyclo cross,True,fine gravel,good
7ce222c2-4444-48e1-a926-af47030a2ab1,3da87a2f-cb83-4037-8b3f-0a99237eab4f,03f3092d-6142-4b6f-8ef1-f71aa989af6a,1634467939166,13.4937578,52.4838594,3.7531178,-0.25726834,0.6764653,-2.7273617,on bike mount,cyclo cross,True,fine gravel,good
7ce222c2-4444-48e1-a926-af47030a2ab1,3da87a2f-cb83-4037-8b3f-0a99237eab4f,c66d15e3-4507-42c3-bb13-fac124aa3489,1634467939217,13.4937578,52.4838594,3.7531178,0.39603114,-0.5334766,-1.5417032,on bike mount,cyclo cross,True,fine gravel,good
7ce222c2-4444-48e1-a926-af47030a2ab1,3da87a2f-cb83-4037-8b3f-0a99237eab4f,bc32eda3-52e4-4437-b54a-ce6d5e1b2521,1634467939269,13.4937578,52.4838594,3.7531178,-1.9876611,2.8218594,-0.96750164,on bike mount,cyclo cross,True,fine gravel,good
7ce222c2-4444-48e1-a926-af47030a2ab1,3da87a2f-cb83-4037-8b3f-0a99237eab4f,20db7187-565e-4264-9a88-1b7288d3c528,1634467939334,13.4937578,52.4838594,3.7531178,0.312249,-1.224502,-2.355153,on bike mount,cyclo cross,True,fine gravel,good
7ce222c2-4444-48e1-a926-af47030a2ab1,3da87a2f-cb83-4037-8b3f-0a99237eab4f,6fb931e0-f8cb-4806-b2e5-c9b9c30a6111,1634467939384,13.4937578,52.4838594,3.7531178,-0.73286104,-1.7976183,1.1190386,on bike mount,cyclo cross,True,fine gravel,good
7ce222c2-4444-48e1-a926-af47030a2ab1,3da87a2f-cb83-4037-8b3f-0a99237eab4f,dd02d194-e288-45ed-b508-506ca0b20014,1634467939437,13.4937578,52.4838594,3.7531178,0.2744488,2.2533226,0.79250526,on bike mount,cyclo cross,True,fine gravel,good
7ce222c2-4444-48e1-a926-af47030a2ab1,3da87a2f-cb83-4037-8b3f-0a99237eab4f,38e47e6e-d9fe-44f1-87db-7e3014b114f4,1634467939501,13.4937578,52.4838594,3.7531178,-0.73416203,0.3347819,0.9447775,on bike mount,cyclo cross,True,fine gravel,good
7ce222c2-4444-48e1-a926-af47030a2ab1,3da87a2f-cb83-4037-8b3f-0a99237eab4f,04f8f14d-ab60-44d3-b73e-d5032c3f75d6,1634467939567,13.4937578,52.4838594,3.7531178,-0.49433634,0.98480463,-4.016629,on bike mount,cyclo cross,True,fine gravel,good
7ce222c2-4444-48e1-a926-af47030a2ab1,3da87a2f-cb83-4037-8b3f-0a99237eab4f,08838a09-71eb-4718-8ec3-a7b76fee60ab,1634467939617,13.4937578,52.4838594,3.7531178,0.04883486,-0.21303535,-0.81983566,on bike mount,cyclo cross,True,fine gravel,good
7ce222c2-4444-48e1-a926-af47030a2ab1,3da87a2f-cb83-4037-8b3f-0a99237eab4f,0a4cc7ac-729e-44cb-822b-fc26cda25d84,1634467939668,13.4937578,52.4838594,3.7531178,-1.0265085,-0.18863511,-3.4749908,on bike mount,cyclo cross,True,fine gravel,good
7ce222c2-4444-48e1-a926-af47030a2ab1,3da87a2f-cb83-4037-8b3f-0a99237eab4f,2b9f1622-1eb3-47a8-88b0-47234ba83ef3,1634467939718,13.4937578,52.4838594,3.7531178,-1.038022,0.50096774,3.7345486,on bike mount,cyclo cross,True,fine gravel,good
7ce222c2-4444-48e1-a926-af47030a2ab1,3da87a2f-cb83-4037-8b3f-0a99237eab4f,61d1d607-a449-4196-afd9-166276768496,1634467939768,13.493795,52.4838259,4.3023643,0.21618533,-2.672656,5.510088,on bike mount,cyclo cross,True,fine gravel,good
7ce222c2-4444-48e1-a926-af47030a2ab1,3da87a2f-cb83-4037-8b3f-0a99237eab4f,2f375dc8-2cec-4218-8bf1-569fba607b3f,1634467939819,13.493795,52.4838259,4.3023643,0.24021447,-1.3791277,-1.9029942,on bike mount,cyclo cross,True,fine gravel,good
7ce222c2-4444-48e1-a926-af47030a2ab1,3da87a2f-cb83-4037-8b3f-0a99237eab4f,4c282dcb-e965-4fbe-9ed7-d80953e5752a,1634467939869,13.493795,52.4838259,4.3023643,-1.3776915,-0.8622129,2.2968464,on bike mount,cyclo cross,True,fine gravel,good
7ce222c2-4444-48e1-a926-af47030a2ab1,3da87a2f-cb83-4037-8b3f-0a99237eab4f,554b0b72-15a5-477d-8f44-3b86a921b28d,1634467939919,13.493795,52.4838259,4.3023643,0.59854424,1.9013934,2.3272715,on bike mount,cyclo cross,True,fine gravel,good
7ce222c2-4444-48e1-a926-af47030a2ab1,3da87a2f-cb83-4037-8b3f-0a99237eab4f,2f2b3831-450e-40f2-9e45-91690d8cb202,1634467939969,13.493795,52.4838259,4.3023643,-1.3620565,-0.07771325,2.4869013,on bike mount,cyclo cross,True,fine gravel,good
7ce222c2-4444-48e1-a926-af47030a2ab1,3da87a2f-cb83-4037-8b3f-0a99237eab4f,be82810f-ab7a-4193-bdd7-433d0ee0fe98,1634467940019,13.493795,52.4838259,4.3023643,-1.002773,-3.522809,-0.43839645,on bike mount,cyclo cross,True,fine gravel,good
7ce222c2-4444-48e1-a926-af47030a2ab1,3da87a2f-cb83-4037-8b3f-0a99237eab4f,00725589-d820-4d44-992a-2f3f8aa22501,1634467940069,13.493795,52.4838259,4.3023643,-0.24175662,-2.695855,0.60825443,on bike mount,cyclo cross,True,fine gravel,good
7ce222c2-4444-48e1-a926-af47030a2ab1,3da87a2f-cb83-4037-8b3f-0a99237eab4f,cc135183-ca8d-47c3-8b1a-774a7c500355,1634467940136,13.493795,52.4838259,4.3023643,1.200309,0.58385396,1.9596481,on bike mount,cyclo cross,True,fine gravel,good
7ce222c2-4444-48e1-a926-af47030a2ab1,3da87a2f-cb83-4037-8b3f-0a99237eab4f,0be1cbdc-d33c-4aca-a10f-a9f9ab04ae4e,1634467940186,13.493795,52.4838259,4.3023643,-0.09878835,1.976511,0.9981308,on bike mount,cyclo cross,True,fine gravel,good
7ce222c2-4444-48e1-a926-af47030a2ab1,3da87a2f-cb83-4037-8b3f-0a99237eab4f,bdec8f98-8292-49c6-b96c-cdf66b1ee943,1634467940237,13.493795,52.4838259,4.3023643,0.11610976,-0.82722354,-1.9949799,on bike mount,cyclo cross,True,fine gravel,good
7ce222c2-4444-48e1-a926-af47030a2ab1,3da87a2f-cb83-4037-8b3f-0a99237eab4f,4253ce30-2727-4ae8-8c23-b900c3995f99,1634467940286,13.493795,52.4838259,4.3023643,-0.37011647,-0.44691813,-0.8338947,on bike mount,cyclo cross,True,fine gravel,good
7ce222c2-4444-48e1-a926-af47030a2ab1,3da87a2f-cb83-4037-8b3f-0a99237eab4f,d65ba65f-3ad5-4294-a68e-864f90bf1c94,1634467940337,13.493795,52.4838259,4.3023643,2.4048991,0.9216318,0.26967907,on bike mount,cyclo cross,True,fine gravel,good
7ce222c2-4444-48e1-a926-af47030a2ab1,3da87a2f-cb83-4037-8b3f-0a99237eab4f,88364025-4281-45ee-aac4-7aa55c446417,1634467940404,13.493795,52.4838259,4.3023643,0.29226553,-3.2958868,2.9109488,on bike mount,cyclo cross,True,fine gravel,good
7ce222c2-4444-48e1-a926-af47030a2ab1,3da87a2f-cb83-4037-8b3f-0a99237eab4f,7cebf0da-00cd-47ee-9e34-777aeb98e250,1634467940453,13.493795,52.4838259,4.3023643,3.604751,-0.28643012,-3.0077815,on bike mount,cyclo cross,True,fine gravel,good
7ce222c2-4444-48e1-a926-af47030a2ab1,3da87a2f-cb83-4037-8b3f-0a99237eab4f,0d30e156-cf22-4953-9383-0757374ef377,1634467940504,13.493795,52.4838259,4.3023643,2.2412531,3.8096743,0.9710789,on bike mount,cyclo cross,True,fine gravel,good
7ce222c2-4444-48e1-a926-af47030a2ab1,3da87a2f-cb83-4037-8b3f-0a99237eab4f,94f0f0f9-eb40-4e30-8d19-4befc6f70a5e,1634467940554,13.493795,52.4838259,4.3023643,0.95872676,2.4057837,0.054739952,on bike mount,cyclo cross,True,fine gravel,good
7ce222c2-4444-48e1-a926-af47030a2ab1,3da87a2f-cb83-4037-8b3f-0a99237eab4f,1cd69aa3-37bf-4294-b36e-6d751a01ad2e,1634467940605,13.493795,52.4838259,4.3023643,1.6166677,2.0346797,4.0689487,on bike mount,cyclo cross,True,fine gravel,good
7ce222c2-4444-48e1-a926-af47030a2ab1,3da87a2f-cb83-4037-8b3f-0a99237eab4f,b7da7d6f-3f75-4e36-aa63-6a4a47aea512,1634467940655,13.493795,52.4838259,4.3023643,6.1462975,-1.1108527,1.8339481,on bike mount,cyclo cross,True,fine gravel,good
7ce222c2-4444-48e1-a926-af47030a2ab1,3da87a2f-cb83-4037-8b3f-0a99237eab4f,10c27f11-ac95-4d70-b362-6b864f3fe1db,1634467940706,13.493795,52.4838259,4.3023643,1.577293,2.6928334,6.417594,on bike mount,cyclo cross,True,fine gravel,good
7ce222c2-4444-48e1-a926-af47030a2ab1,3da87a2f-cb83-4037-8b3f-0a99237eab4f,4759ef5f-bf7b-44c0-b2fa-38b2818539f0,1634467940756,13.493834,52.483795,3.5457282,2.7053785,-3.652206,7.8441525,on bike mount,cyclo cross,True,fine gravel,good
7ce222c2-4444-48e1-a926-af47030a2ab1,3da87a2f-cb83-4037-8b3f-0a99237eab4f,38600629-77ca-48ce-8251-53e853985a58,1634467940820,13.493834,52.483795,3.5457282,0.64101624,1.3745527,3.011508,on bike mount,cyclo cross,True,fine gravel,good
7ce222c2-4444-48e1-a926-af47030a2ab1,3da87a2f-cb83-4037-8b3f-0a99237eab4f,61ebb14d-cdb3-4842-86ea-f6e3eb25efc9,1634467940871,13.493834,52.483795,3.5457282,1.4205234,4.695993,0.15624523,on bike mount,cyclo cross,True,fine gravel,good
7ce222c2-4444-48e1-a926-af47030a2ab1,3da87a2f-cb83-4037-8b3f-0a99237eab4f,2395116b-8da8-4211-b564-9ec33b358684,1634467940921,13.493834,52.483795,3.5457282,0.39186,-1.9970249,6.6152515,on bike mount,cyclo cross,True,fine gravel,good
7ce222c2-4444-48e1-a926-af47030a2ab1,3da87a2f-cb83-4037-8b3f-0a99237eab4f,c794d96f-b2db-4d4d-8b35-e616717571eb,1634467940971,13.493834,52.483795,3.5457282,4.4951534,2.6528382,1.1508341,on bike mount,cyclo cross,True,fine gravel,good
7ce222c2-4444-48e1-a926-af47030a2ab1,3da87a2f-cb83-4037-8b3f-0a99237eab4f,898efee7-99d9-4428-8ecf-be0c13a7324d,1634467941021,13.493834,52.483795,3.5457282,1.044311,-2.4133694,-0.90151596,on bike mount,cyclo cross,True,fine gravel,good
7ce222c2-4444-48e1-a926-af47030a2ab1,3da87a2f-cb83-4037-8b3f-0a99237eab4f,48c01c2d-81ae-4973-8430-adc6da2e4773,1634467941072,13.493834,52.483795,3.5457282,0.29131043,4.0020375,-0.41523552,on bike mount,cyclo cross,True,fine gravel,good
7ce222c2-4444-48e1-a926-af47030a2ab1,3da87a2f-cb83-4037-8b3f-0a99237eab4f,09b8c802-a916-4a47-9056-679c7ec2fc54,1634467941122,13.493834,52.483795,3.5457282,-3.2675917,4.057273,-2.6051369,on bike mount,cyclo cross,True,fine gravel,good
7ce222c2-4444-48e1-a926-af47030a2ab1,3da87a2f-cb83-4037-8b3f-0a99237eab4f,e9ff34bd-55ab-4510-a26d-4a6059f177f4,1634467941187,13.493834,52.483795,3.5457282,1.8597268,-0.7044401,-0.44258308,on bike mount,cyclo cross,True,fine gravel,good
7ce222c2-4444-48e1-a926-af47030a2ab1,3da87a2f-cb83-4037-8b3f-0a99237eab4f,df9ed164-3962-4c51-83e8-2b85c087aab2,1634467941238,13.493834,52.483795,3.5457282,2.5659153,3.6688461,1.2100849,on bike mount,cyclo cross,True,fine gravel,good
7ce222c2-4444-48e1-a926-af47030a2ab1,3da87a2f-cb83-4037-8b3f-0a99237eab4f,a7afd9f1-c0f5-478c-918f-28dc0cce6b12,1634467941288,13.493834,52.483795,3.5457282,0.79639673,-0.124228954,-2.2889647,on bike mount,cyclo cross,True,fine gravel,good
7ce222c2-4444-48e1-a926-af47030a2ab1,3da87a2f-cb83-4037-8b3f-0a99237eab4f,ff0fd4ad-1e84-4cfa-b148-7431f565d915,1634467941338,13.493834,52.483795,3.5457282,-0.9874902,-0.73741317,0.41310215,on bike mount,cyclo cross,True,fine gravel,good
7ce222c2-4444-48e1-a926-af47030a2ab1,3da87a2f-cb83-4037-8b3f-0a99237eab4f,74d91534-c3e3-4d77-b5db-cbb718b2ec83,1634467941388,13.493834,52.483795,3.5457282,0.89537513,-2.8485885,6.8649397,on bike mount,cyclo cross,True,fine gravel,good
7ce222c2-4444-48e1-a926-af47030a2ab1,3da87a2f-cb83-4037-8b3f-0a99237eab4f,a4d16b0d-2838-4b2d-a660-b13a0d156aa4,1634467941438,13.493834,52.483795,3.5457282,-1.3414276,-2.8487782,5.723671,on bike mount,cyclo cross,True,fine gravel,good
7ce222c2-4444-48e1-a926-af47030a2ab1,3da87a2f-cb83-4037-8b3f-0a99237eab4f,b4d56b89-8389-4593-b52f-a342249e4d14,1634467941489,13.493834,52.483795,3.5457282,-1.2107121,2.9995346,-0.4470396,on bike mount,cyclo cross,True,fine gravel,good
7ce222c2-4444-48e1-a926-af47030a2ab1,3da87a2f-cb83-4037-8b3f-0a99237eab4f,7d2f481b-3ae1-4031-bd81-6b5308f0a97c,1634467941539,13.493834,52.483795,3.5457282,1.9188243,7.307136,-1.5285568,on bike mount,cyclo cross,True,fine gravel,good
7ce222c2-4444-48e1-a926-af47030a2ab1,3da87a2f-cb83-4037-8b3f-0a99237eab4f,dd2e3f4e-258c-41f1-83ea-57e03d027c2f,1634467941589,13.493834,52.483795,3.5457282,1.1005921,0.5163574,-1.4772134,on bike mount,cyclo cross,True,fine gravel,good
7ce222c2-4444-48e1-a926-af47030a2ab1,3da87a2f-cb83-4037-8b3f-0a99237eab4f,9563ccf4-01d7-43f7-b875-7085fe387d02,1634467941640,13.493834,52.483795,3.5457282,0.535201,0.23290277,1.4472494,on bike mount,cyclo cross,True,fine gravel,good
7ce222c2-4444-48e1-a926-af47030a2ab1,3da87a2f-cb83-4037-8b3f-0a99237eab4f,5c2813f4-a0e2-4073-ab41-11d17f02b930,1634467941690,13.493834,52.483795,3.5457282,1.5131896,2.4895535,-1.4168658,on bike mount,cyclo cross,True,fine gravel,good
7ce222c2-4444-48e1-a926-af47030a2ab1,3da87a2f-cb83-4037-8b3f-0a99237eab4f,55a756cc-2d32-4d96-a130-ab0389a21035,1634467941740,13.4938731,52.4837726,3.9275322,1.2532375,0.25021553,3.5938578,on bike mount,cyclo cross,True,fine gravel,good
7ce222c2-4444-48e1-a926-af47030a2ab1,3da87a2f-cb83-4037-8b3f-0a99237eab4f,3cfed269-b005-4f0c-a547-917b1f1d41da,1634467941806,13.4938731,52.4837726,3.9275322,-1.1034944,-3.0723515,-0.124982834,on bike mount,cyclo cross,True,fine gravel,good
7ce222c2-4444-48e1-a926-af47030a2ab1,3da87a2f-cb83-4037-8b3f-0a99237eab4f,0d40a5b7-3b76-4bb9-900a-e9f32f8ac2b2,1634467941856,13.4938731,52.4837726,3.9275322,2.233499,-1.3120519,-0.33199692,on bike mount,cyclo cross,True,fine gravel,good
7ce222c2-4444-48e1-a926-af47030a2ab1,3da87a2f-cb83-4037-8b3f-0a99237eab4f,b47d974c-f84f-4e64-846f-99ed11ca04de,1634467941906,13.4938731,52.4837726,3.9275322,1.5925682,-4.173727,-0.034740448,on bike mount,cyclo cross,True,fine gravel,good
7ce222c2-4444-48e1-a926-af47030a2ab1,3da87a2f-cb83-4037-8b3f-0a99237eab4f,3e3ea205-bd4f-4b5a-8afd-a651704860af,1634467941956,13.4938731,52.4837726,3.9275322,-1.2175912,3.0290065,2.1780663,on bike mount,cyclo cross,True,fine gravel,good
7ce222c2-4444-48e1-a926-af47030a2ab1,3da87a2f-cb83-4037-8b3f-0a99237eab4f,38f8a53a-0529-47b2-85da-6b7523fb97a2,1634467942007,13.4938731,52.4837726,3.9275322,-1.7358544,5.4588346,-1.6948366,on bike mount,cyclo cross,True,fine gravel,good
7ce222c2-4444-48e1-a926-af47030a2ab1,3da87a2f-cb83-4037-8b3f-0a99237eab4f,5c0558c1-18cc-414d-a73b-aa035b52d16a,1634467942058,13.4938731,52.4837726,3.9275322,0.7938873,-2.9708772,-1.3249092,on bike mount,cyclo cross,True,fine gravel,good
7ce222c2-4444-48e1-a926-af47030a2ab1,3da87a2f-cb83-4037-8b3f-0a99237eab4f,e6d6397a-1629-4ce2-aa81-8a7e63c21817,1634467942107,13.4938731,52.4837726,3.9275322,0.47922146,-3.8793488,-1.0005565,on bike mount,cyclo cross,True,fine gravel,good
7ce222c2-4444-48e1-a926-af47030a2ab1,3da87a2f-cb83-4037-8b3f-0a99237eab4f,a4dc4f4e-87b8-4acf-8c16-380e1e56bc63,1634467942173,13.4938731,52.4837726,3.9275322,1.4685426,3.195055,-1.1435122,on bike mount,cyclo cross,True,fine gravel,good
7ce222c2-4444-48e1-a926-af47030a2ab1,3da87a2f-cb83-4037-8b3f-0a99237eab4f,b0429dd7-43fa-43b4-aca2-19b6d5599797,1634467942224,13.4938731,52.4837726,3.9275322,-0.036043137,2.409542,-1.1033344,on bike mount,cyclo cross,True,fine gravel,good
7ce222c2-4444-48e1-a926-af47030a2ab1,3da87a2f-cb83-4037-8b3f-0a99237eab4f,5399c1b2-1289-4fd2-8d8c-53c01f71e5b8,1634467942274,13.4938731,52.4837726,3.9275322,0.9787643,2.1815882,-2.14177,on bike mount,cyclo cross,True,fine gravel,good
7ce222c2-4444-48e1-a926-af47030a2ab1,3da87a2f-cb83-4037-8b3f-0a99237eab4f,e0caae5a-2788-4ab8-ba04-516b02bf2d63,1634467942341,13.4938731,52.4837726,3.9275322,-1.4573202,-1.2442703,-1.7886877,on bike mount,cyclo cross,True,fine gravel,good
7ce222c2-4444-48e1-a926-af47030a2ab1,3da87a2f-cb83-4037-8b3f-0a99237eab4f,30cc5204-a867-4206-80f5-9572bdd6b4c8,1634467942391,13.4938731,52.4837726,3.9275322,-1.406637,1.1642051,0.038025856,on bike mount,cyclo cross,True,fine gravel,good
7ce222c2-4444-48e1-a926-af47030a2ab1,3da87a2f-cb83-4037-8b3f-0a99237eab4f,db3d814b-fdeb-40f4-b5e3-8a309331ca9e,1634467942441,13.4938731,52.4837726,3.9275322,-1.1888697,2.6953216,0.74293137,on bike mount,cyclo cross,True,fine gravel,good
7ce222c2-4444-48e1-a926-af47030a2ab1,3da87a2f-cb83-4037-8b3f-0a99237eab4f,606e0c92-bc04-45e6-be3d-e64df1a2c9a2,1634467942491,13.4938731,52.4837726,3.9275322,1.154382,3.2409425,-3.9202466,on bike mount,cyclo cross,True,fine gravel,good
7ce222c2-4444-48e1-a926-af47030a2ab1,3da87a2f-cb83-4037-8b3f-0a99237eab4f,738203b1-81b6-4e64-ac84-09b9ddac126d,1634467942541,13.4938731,52.4837726,3.9275322,-0.40631592,-0.535563,3.8332987,on bike mount,cyclo cross,True,fine gravel,good
7ce222c2-4444-48e1-a926-af47030a2ab1,3da87a2f-cb83-4037-8b3f-0a99237eab4f,6e4853b4-a0c8-4e19-8280-91a72d592f99,1634467942592,13.4938731,52.4837726,3.9275322,-2.4381254,-7.3553505,4.535673,on bike mount,cyclo cross,True,fine gravel,good
7ce222c2-4444-48e1-a926-af47030a2ab1,3da87a2f-cb83-4037-8b3f-0a99237eab4f,98d41beb-ea45-46e9-90d6-74ac5085b038,1634467942658,13.4938731,52.4837726,3.9275322,-0.42941576,-3.1295078,4.3403463,on bike mount,cyclo cross,True,fine gravel,good
7ce222c2-4444-48e1-a926-af47030a2ab1,3da87a2f-cb83-4037-8b3f-0a99237eab4f,e646a1a1-1568-4aa3-b7b9-e6f0681ddcd4,1634467942708,13.4938731,52.4837726,3.9275322,-3.2094169,0.78716946,-1.7505889,on bike mount,cyclo cross,True,fine gravel,good
7ce222c2-4444-48e1-a926-af47030a2ab1,3da87a2f-cb83-4037-8b3f-0a99237eab4f,9b0ecc19-345c-4810-b375-f3c13d7236e8,1634467942760,13.4939064,52.4837532,2.0316777,-1.2079055,-2.2650578,2.7476988,on bike mount,cyclo cross,True,fine gravel,good
7ce222c2-4444-48e1-a926-af47030a2ab1,3da87a2f-cb83-4037-8b3f-0a99237eab4f,fc3685a6-c4b9-41c5-a9cb-efbcbf919729,1634467942825,13.4939064,52.4837532,2.0316777,2.0679095,-1.6900179,-0.7061138,on bike mount,cyclo cross,True,fine gravel,good
7ce222c2-4444-48e1-a926-af47030a2ab1,3da87a2f-cb83-4037-8b3f-0a99237eab4f,47f156bd-1fde-49fe-8d7d-06c73b011f3f,1634467942876,13.4939064,52.4837532,2.0316777,-0.67322826,0.7401104,-7.552189,on bike mount,cyclo cross,True,fine gravel,good
7ce222c2-4444-48e1-a926-af47030a2ab1,3da87a2f-cb83-4037-8b3f-0a99237eab4f,e31b0f2a-41bd-426b-801c-07cf8b209571,1634467942926,13.4939064,52.4837532,2.0316777,1.1365709,-2.9477088,0.79915047,on bike mount,cyclo cross,True,fine gravel,good
7ce222c2-4444-48e1-a926-af47030a2ab1,3da87a2f-cb83-4037-8b3f-0a99237eab4f,5a6aa761-ac3a-4083-9195-57b34c34aac4,1634467942977,13.4939064,52.4837532,2.0316777,0.6966801,0.04249859,0.21429634,on bike mount,cyclo cross,True,fine gravel,good
7ce222c2-4444-48e1-a926-af47030a2ab1,3da87a2f-cb83-4037-8b3f-0a99237eab4f,a298755d-495b-456b-8b0b-997e17153a75,1634467943027,13.4939064,52.4837532,2.0316777,-1.7449143,4.0102034,-4.0231256,on bike mount,cyclo cross,True,fine gravel,good
7ce222c2-4444-48e1-a926-af47030a2ab1,3da87a2f-cb83-4037-8b3f-0a99237eab4f,ce07640f-a8e7-413a-9371-59b698c3543b,1634467943077,13.4939064,52.4837532,2.0316777,1.8379587,-1.9418633,-1.091207,on bike mount,cyclo cross,True,fine gravel,good
7ce222c2-4444-48e1-a926-af47030a2ab1,3da87a2f-cb83-4037-8b3f-0a99237eab4f,5fbc967c-d997-44dc-8ad6-00338de7a164,1634467943143,13.4939064,52.4837532,2.0316777,-0.31258714,3.841837,0.123140335,on bike mount,cyclo cross,True,fine gravel,good
7ce222c2-4444-48e1-a926-af47030a2ab1,3da87a2f-cb83-4037-8b3f-0a99237eab4f,336a04f7-3d74-46cd-9498-0f4066630939,1634467943193,13.4939064,52.4837532,2.0316777,1.7615192,0.6510453,3.0423775,on bike mount,cyclo cross,True,fine gravel,good
7ce222c2-4444-48e1-a926-af47030a2ab1,3da87a2f-cb83-4037-8b3f-0a99237eab4f,fd4963f6-0960-40c4-9ebe-6e6c3da13288,1634467943243,13.4939064,52.4837532,2.0316777,-1.0031366,-3.4499753,3.2171173,on bike mount,cyclo cross,True,fine gravel,good
7ce222c2-4444-48e1-a926-af47030a2ab1,3da87a2f-cb83-4037-8b3f-0a99237eab4f,00e9a77a-0900-4288-9809-73d46da3d71f,1634467943295,13.4939064,52.4837532,2.0316777,-0.15495527,-1.548317,-2.0681558,on bike mount,cyclo cross,True,fine gravel,good
7ce222c2-4444-48e1-a926-af47030a2ab1,3da87a2f-cb83-4037-8b3f-0a99237eab4f,ffc09729-2790-4e7e-ae19-99a58d98cc6e,1634467943345,13.4939064,52.4837532,2.0316777,-0.16323493,3.0943494,-1.7143207,on bike mount,cyclo cross,True,fine gravel,good
7ce222c2-4444-48e1-a926-af47030a2ab1,3da87a2f-cb83-4037-8b3f-0a99237eab4f,d02973fa-9067-4278-8bda-309b54d89050,1634467943395,13.4939064,52.4837532,2.0316777,-1.7793097,-1.810729,1.8315544,on bike mount,cyclo cross,True,fine gravel,good
7ce222c2-4444-48e1-a926-af47030a2ab1,3da87a2f-cb83-4037-8b3f-0a99237eab4f,994d78c8-454c-49b0-9f88-27c98a61bd8a,1634467943460,13.4939064,52.4837532,2.0316777,-0.026441928,-1.6112576,-1.4576535,on bike mount,cyclo cross,True,fine gravel,good
7ce222c2-4444-48e1-a926-af47030a2ab1,3da87a2f-cb83-4037-8b3f-0a99237eab4f,c5b94080-efff-46ce-b641-4cbd9522ba29,1634467943510,13.4939064,52.4837532,2.0316777,0.3379454,2.6826081,-3.485581,on bike mount,cyclo cross,True,fine gravel,good
7ce222c2-4444-48e1-a926-af47030a2ab1,3da87a2f-cb83-4037-8b3f-0a99237eab4f,d3960e1f-f6fa-4de9-bfad-3bc855e9b5bf,1634467943560,13.4939064,52.4837532,2.0316777,0.11908822,1.5652742,2.3909655,on bike mount,cyclo cross,True,fine gravel,good
7ce222c2-4444-48e1-a926-af47030a2ab1,3da87a2f-cb83-4037-8b3f-0a99237eab4f,e7d0417d-06c5-45b7-b789-c45fcabc4746,1634467943610,13.4939064,52.4837532,2.0316777,-1.7747983,-4.1469173,1.1480255,on bike mount,cyclo cross,True,fine gravel,good
7ce222c2-4444-48e1-a926-af47030a2ab1,3da87a2f-cb83-4037-8b3f-0a99237eab4f,b8fb049e-ff99-4bd3-9d88-9f275b70bdc6,1634467943662,13.4939064,52.4837532,2.0316777,-1.0211239,12.223263,-2.871551,on bike mount,cyclo cross,True,fine gravel,good
7ce222c2-4444-48e1-a926-af47030a2ab1,3da87a2f-cb83-4037-8b3f-0a99237eab4f,ad4b6298-5406-4e48-8aba-9ae3341e537a,1634467943727,13.4939064,52.4837532,2.0316777,-0.97727907,-4.861518,-5.5854483,on bike mount,cyclo cross,True,fine gravel,good
7ce222c2-4444-48e1-a926-af47030a2ab1,3da87a2f-cb83-4037-8b3f-0a99237eab4f,d7c1e391-8313-4967-afa7-e6bb7e6e91c7,1634467943778,13.4939255,52.483702,4.720065,0.59829223,0.5484779,-4.1242223,on bike mount,cyclo cross,True,fine gravel,good
7ce222c2-4444-48e1-a926-af47030a2ab1,3da87a2f-cb83-4037-8b3f-0a99237eab4f,2f4b3d06-0077-4f7e-9fd1-469c96a20830,1634467943829,13.4939255,52.483702,4.720065,-0.28639778,-1.1810856,-2.0232735,on bike mount,cyclo cross,True,fine gravel,good
7ce222c2-4444-48e1-a926-af47030a2ab1,3da87a2f-cb83-4037-8b3f-0a99237eab4f,08b48d39-d91d-4626-8a9a-a99c02733cc4,1634467943879,13.4939255,52.483702,4.720065,-0.4869117,-3.9805584,1.0092621,on bike mount,cyclo cross,True,fine gravel,good
7ce222c2-4444-48e1-a926-af47030a2ab1,3da87a2f-cb83-4037-8b3f-0a99237eab4f,8fdffe99-09e2-4111-90e6-10df2cf76670,1634467943929,13.4939255,52.483702,4.720065,0.7175272,0.78183293,-2.8514867,on bike mount,cyclo cross,True,fine gravel,good
7ce222c2-4444-48e1-a926-af47030a2ab1,3da87a2f-cb83-4037-8b3f-0a99237eab4f,11b0f127-1a57-4086-af50-e8b8b71525f9,1634467943980,13.4939255,52.483702,4.720065,-1.0729835,8.846151,-0.92839813,on bike mount,cyclo cross,True,fine gravel,good
7ce222c2-4444-48e1-a926-af47030a2ab1,3da87a2f-cb83-4037-8b3f-0a99237eab4f,752ecb21-e0f7-4b4e-80ed-d9bd0ed58c43,1634467944030,13.4939255,52.483702,4.720065,0.13491929,-0.44093513,-0.67043114,on bike mount,cyclo cross,True,fine gravel,good
7ce222c2-4444-48e1-a926-af47030a2ab1,3da87a2f-cb83-4037-8b3f-0a99237eab4f,9e877827-1462-4863-a929-c090e48b8042,1634467944080,13.4939255,52.483702,4.720065,1.3803241,-6.687372,5.324254,on bike mount,cyclo cross,True,fine gravel,good
7ce222c2-4444-48e1-a926-af47030a2ab1,3da87a2f-cb83-4037-8b3f-0a99237eab4f,609b6c5a-5e48-477e-9c46-9a5ffd9e433f,1634467944131,13.4939255,52.483702,4.720065,0.71965396,7.221506,-11.37939,on bike mount,cyclo cross,True,fine gravel,good
7ce222c2-4444-48e1-a926-af47030a2ab1,3da87a2f-cb83-4037-8b3f-0a99237eab4f,cd4758e8-f2fd-48b5-bbf5-3ac13ffede0a,1634467944181,13.4939255,52.483702,4.720065,0.18431817,-1.6653826,0.6544285,on bike mount,cyclo cross,True,fine gravel,good
7ce222c2-4444-48e1-a926-af47030a2ab1,3da87a2f-cb83-4037-8b3f-0a99237eab4f,3107d024-0a41-4276-b4bf-ddac0969435d,1634467944231,13.4939255,52.483702,4.720065,-2.0387547,0.6605873,-3.875214,on bike mount,cyclo cross,True,fine gravel,good
7ce222c2-4444-48e1-a926-af47030a2ab1,3da87a2f-cb83-4037-8b3f-0a99237eab4f,2802497d-0e48-458c-b751-a8461fa03589,1634467944297,13.4939255,52.483702,4.720065,-0.9732137,-5.585617,3.7097769,on bike mount,cyclo cross,True,fine gravel,good
7ce222c2-4444-48e1-a926-af47030a2ab1,3da87a2f-cb83-4037-8b3f-0a99237eab4f,679b7483-379f-4903-a585-01d87d9a5f30,1634467944347,13.4939255,52.483702,4.720065,0.43923056,1.4582162,-1.3894343,on bike mount,cyclo cross,True,fine gravel,good
7ce222c2-4444-48e1-a926-af47030a2ab1,3da87a2f-cb83-4037-8b3f-0a99237eab4f,2e26dba8-088b-417e-91b6-a6f48ef2d01a,1634467944413,13.4939255,52.483702,4.720065,-0.62881005,-0.9005227,1.6311712,on bike mount,cyclo cross,True,fine gravel,good
7ce222c2-4444-48e1-a926-af47030a2ab1,3da87a2f-cb83-4037-8b3f-0a99237eab4f,27701a22-a0e1-4c53-9ceb-4d7e6a703383,1634467944463,13.4939255,52.483702,4.720065,-0.13875628,2.9273934,3.8887215,on bike mount,cyclo cross,True,fine gravel,good
7ce222c2-4444-48e1-a926-af47030a2ab1,3da87a2f-cb83-4037-8b3f-0a99237eab4f,10eb2274-67db-487c-9a8c-a0d394beb909,1634467944514,13.4939255,52.483702,4.720065,0.24396603,-5.2939935,-0.8668003,on bike mount,cyclo cross,True,fine gravel,good
7ce222c2-4444-48e1-a926-af47030a2ab1,3da87a2f-cb83-4037-8b3f-0a99237eab4f,a53e0981-38bc-4da5-80a3-006b42e0c39b,1634467944565,13.4939255,52.483702,4.720065,0.14079879,2.416613,-3.583546,on bike mount,cyclo cross,True,fine gravel,good
7ce222c2-4444-48e1-a926-af47030a2ab1,3da87a2f-cb83-4037-8b3f-0a99237eab4f,93ec2fe1-2808-4fba-8c6b-a96cb5cad42c,1634467944615,13.4939255,52.483702,4.720065,-0.223055,1.6912308,-1.1347613,on bike mount,cyclo cross,True,fine gravel,good
7ce222c2-4444-48e1-a926-af47030a2ab1,3da87a2f-cb83-4037-8b3f-0a99237eab4f,81e23def-5148-4aa1-9cc7-8144ec52fa72,1634467944666,13.4939255,52.483702,4.720065,0.48163852,-2.8039362,-0.19678497,on bike mount,cyclo cross,True,fine gravel,good
7ce222c2-4444-48e1-a926-af47030a2ab1,3da87a2f-cb83-4037-8b3f-0a99237eab4f,b29c4968-4cc5-446c-a2f7-28c17f268364,1634467944733,13.4939255,52.483702,4.720065,-0.022981942,-3.6913476,-0.24580956,on bike mount,cyclo cross,True,fine gravel,good
7ce222c2-4444-48e1-a926-af47030a2ab1,3da87a2f-cb83-4037-8b3f-0a99237eab4f,84f0b499-dfc2-44b7-8303-03b4919300bd,1634467944797,13.4939665,52.4836084,6.6419363,0.34066343,-0.5397029,-3.6871748,on bike mount,cyclo cross,True,fine gravel,good
7ce222c2-4444-48e1-a926-af47030a2ab1,3da87a2f-cb83-4037-8b3f-0a99237eab4f,3822757a-f0fa-4fcd-a740-05e97661df02,1634467944848,13.4939665,52.4836084,6.6419363,-0.5596839,4.981862,-3.704423,on bike mount,cyclo cross,True,fine gravel,good
7ce222c2-4444-48e1-a926-af47030a2ab1,3da87a2f-cb83-4037-8b3f-0a99237eab4f,65068e29-9729-4ff2-9b95-eeea75871c1f,1634467944899,13.4939665,52.4836084,6.6419363,2.4188101,-2.615085,5.343396,on bike mount,cyclo cross,True,fine gravel,good
7ce222c2-4444-48e1-a926-af47030a2ab1,3da87a2f-cb83-4037-8b3f-0a99237eab4f,9ed75ac5-a7d5-42a1-9b1f-e3af5ed1177c,1634467944949,13.4939665,52.4836084,6.6419363,3.3499303,-5.051577,7.618189,on bike mount,cyclo cross,True,fine gravel,good
7ce222c2-4444-48e1-a926-af47030a2ab1,3da87a2f-cb83-4037-8b3f-0a99237eab4f,1042fae9-cda8-469b-96bb-5c67823fda99,1634467945015,13.4939665,52.4836084,6.6419363,2.2479234,-2.3365898,0.07647896,on bike mount,cyclo cross,True,fine gravel,good
7ce222c2-4444-48e1-a926-af47030a2ab1,3da87a2f-cb83-4037-8b3f-0a99237eab4f,311942ae-2bc2-4f13-8627-1259f6a47531,1634467945066,13.4939665,52.4836084,6.6419363,0.19142455,5.4282017,-2.130341,on bike mount,cyclo cross,True,fine gravel,good
7ce222c2-4444-48e1-a926-af47030a2ab1,3da87a2f-cb83-4037-8b3f-0a99237eab4f,e84a7463-9845-4acc-99a0-a0dee0a8a3aa,1634467945132,13.4939665,52.4836084,6.6419363,0.63045347,-0.39580393,2.2556639,on bike mount,cyclo cross,True,fine gravel,good
7ce222c2-4444-48e1-a926-af47030a2ab1,3da87a2f-cb83-4037-8b3f-0a99237eab4f,cd982b83-ff80-4dd3-b1f4-666e4fd6727b,1634467945182,13.4939665,52.4836084,6.6419363,1.4752958,-2.8212306,3.2600927,on bike mount,cyclo cross,True,fine gravel,good
7ce222c2-4444-48e1-a926-af47030a2ab1,3da87a2f-cb83-4037-8b3f-0a99237eab4f,42669982-d6a1-419f-8f70-3e57008adc14,1634467945234,13.4939665,52.4836084,6.6419363,-0.15029305,0.5710206,0.39687443,on bike mount,cyclo cross,True,fine gravel,good
7ce222c2-4444-48e1-a926-af47030a2ab1,3da87a2f-cb83-4037-8b3f-0a99237eab4f,25965514-0f06-4964-958e-686c8cc41f88,1634467945299,13.4939665,52.4836084,6.6419363,2.5250669,-1.7991471,3.3413706,on bike mount,cyclo cross,True,fine gravel,good
7ce222c2-4444-48e1-a926-af47030a2ab1,3da87a2f-cb83-4037-8b3f-0a99237eab4f,faa4dc16-abdc-4b89-ac4a-c124a0eeafbe,1634467945351,13.4939665,52.4836084,6.6419363,1.8808665,-0.34602547,-3.053176,on bike mount,cyclo cross,True,fine gravel,good
7ce222c2-4444-48e1-a926-af47030a2ab1,3da87a2f-cb83-4037-8b3f-0a99237eab4f,ecd28e58-9461-4023-b813-f32939f4b3c1,1634467945401,13.4939665,52.4836084,6.6419363,0.53714263,3.5959215,6.1519184,on bike mount,cyclo cross,True,fine gravel,good
7ce222c2-4444-48e1-a926-af47030a2ab1,3da87a2f-cb83-4037-8b3f-0a99237eab4f,f374033e-92c0-45ca-afe9-2252e4f00a06,1634467945451,13.4939665,52.4836084,6.6419363,0.7809502,-8.182396,4.44137,on bike mount,cyclo cross,True,fine gravel,good
7ce222c2-4444-48e1-a926-af47030a2ab1,3da87a2f-cb83-4037-8b3f-0a99237eab4f,97831edd-d2c6-4d7e-9808-c750014ca11a,1634467945502,13.4939665,52.4836084,6.6419363,-2.2986283,-1.119214,-3.6610856,on bike mount,cyclo cross,True,fine gravel,good
7ce222c2-4444-48e1-a926-af47030a2ab1,3da87a2f-cb83-4037-8b3f-0a99237eab4f,a8a7daee-591e-4654-847b-178fb3baf5c7,1634467945567,13.4939665,52.4836084,6.6419363,0.34171695,1.0062983,-2.241448,on bike mount,cyclo cross,True,fine gravel,good
7ce222c2-4444-48e1-a926-af47030a2ab1,3da87a2f-cb83-4037-8b3f-0a99237eab4f,1bf5f1cb-55a9-4267-958c-700c5b8f4d81,1634467945617,13.4939665,52.4836084,6.6419363,-0.29295433,-0.36755776,-2.5984402,on bike mount,cyclo cross,True,fine gravel,good
7ce222c2-4444-48e1-a926-af47030a2ab1,3da87a2f-cb83-4037-8b3f-0a99237eab4f,1fe440ce-4f5c-4c00-8840-0e83e52ce43d,1634467945668,13.4939665,52.4836084,6.6419363,1.7335219,-0.29540455,0.59690666,on bike mount,cyclo cross,True,fine gravel,good
7ce222c2-4444-48e1-a926-af47030a2ab1,3da87a2f-cb83-4037-8b3f-0a99237eab4f,37560dd3-97eb-4392-9e47-1578836b7dd9,1634467945718,13.4939665,52.4836084,6.6419363,0.6584952,4.6087728,-1.3447313,on bike mount,cyclo cross,True,fine gravel,good
7ce222c2-4444-48e1-a926-af47030a2ab1,3da87a2f-cb83-4037-8b3f-0a99237eab4f,26aa2488-4f3a-45ee-be83-807a53978d85,1634467945785,13.4939783,52.4835526,6.629067,1.3817339,-4.308708,2.3407965,on bike mount,cyclo cross,True,fine gravel,good
7ce222c2-4444-48e1-a926-af47030a2ab1,3da87a2f-cb83-4037-8b3f-0a99237eab4f,b4c8ca5d-241e-4443-96dd-22b2a10d5d33,1634467945852,13.4939783,52.4835526,6.629067,-0.4696288,-2.0124123,-0.11576271,on bike mount,cyclo cross,True,fine gravel,good
7ce222c2-4444-48e1-a926-af47030a2ab1,3da87a2f-cb83-4037-8b3f-0a99237eab4f,302ec249-e510-4b4a-9217-665415294902,1634467945902,13.4939783,52.4835526,6.629067,2.225625,0.013073683,-3.2493846,on bike mount,cyclo cross,True,fine gravel,good
7ce222c2-4444-48e1-a926-af47030a2ab1,3da87a2f-cb83-4037-8b3f-0a99237eab4f,d54179c2-d923-400a-886d-6243eacffe8d,1634467945953,13.4939783,52.4835526,6.629067,0.9807418,-4.8179183,7.256624,on bike mount,cyclo cross,True,fine gravel,good
7ce222c2-4444-48e1-a926-af47030a2ab1,3da87a2f-cb83-4037-8b3f-0a99237eab4f,5910972c-837e-4382-b26a-2477e304b4e5,1634467946018,13.4939783,52.4835526,6.629067,1.5617136,1.183321,6.738947,on bike mount,cyclo cross,True,fine gravel,good
7ce222c2-4444-48e1-a926-af47030a2ab1,3da87a2f-cb83-4037-8b3f-0a99237eab4f,f19fd300-a44e-4ced-9e8f-b33b158edae9,1634467946086,13.4939783,52.4835526,6.629067,0.21457225,3.9369688,0.6287737,on bike mount,cyclo cross,True,fine gravel,good
7ce222c2-4444-48e1-a926-af47030a2ab1,3da87a2f-cb83-4037-8b3f-0a99237eab4f,7dbe2e0f-0b71-4225-8374-3215be155f63,1634467946136,13.4939783,52.4835526,6.629067,-0.17972487,5.016254,3.0780191,on bike mount,cyclo cross,True,fine gravel,good
7ce222c2-4444-48e1-a926-af47030a2ab1,3da87a2f-cb83-4037-8b3f-0a99237eab4f,c9c76add-9a55-4d1b-8724-9af5750d69d2,1634467946204,13.4939783,52.4835526,6.629067,2.3215618,1.5395701,4.4604483,on bike mount,cyclo cross,True,fine gravel,good
7ce222c2-4444-48e1-a926-af47030a2ab1,3da87a2f-cb83-4037-8b3f-0a99237eab4f,c3b11b25-72b2-4a5e-88f6-ec58e4e6d003,1634467946269,13.4939783,52.4835526,6.629067,-1.1732291,-0.88677454,10.522877,on bike mount,cyclo cross,True,fine gravel,good
7ce222c2-4444-48e1-a926-af47030a2ab1,3da87a2f-cb83-4037-8b3f-0a99237eab4f,bbc10b76-5d0e-4086-9629-484d50b9628d,1634467946319,13.4939783,52.4835526,6.629067,0.13919535,4.999781,-4.5104933,on bike mount,cyclo cross,True,fine gravel,good
7ce222c2-4444-48e1-a926-af47030a2ab1,3da87a2f-cb83-4037-8b3f-0a99237eab4f,49d3fd94-6e05-45e6-add8-054d0e022952,1634467946369,13.4939783,52.4835526,6.629067,-1.1151092,2.9464102,13.896872,on bike mount,cyclo cross,True,fine gravel,good
7ce222c2-4444-48e1-a926-af47030a2ab1,3da87a2f-cb83-4037-8b3f-0a99237eab4f,4247a2a3-1a44-4d93-96c4-05ee9bc891eb,1634467946419,13.4939783,52.4835526,6.629067,-1.0809807,-4.2585526,-2.9792967,on bike mount,cyclo cross,True,fine gravel,good
7ce222c2-4444-48e1-a926-af47030a2ab1,3da87a2f-cb83-4037-8b3f-0a99237eab4f,8f759cd7-9c4d-4983-b844-65350e1297da,1634467946470,13.4939783,52.4835526,6.629067,0.44367898,2.99927,5.518302,on bike mount,cyclo cross,True,fine gravel,good
7ce222c2-4444-48e1-a926-af47030a2ab1,3da87a2f-cb83-4037-8b3f-0a99237eab4f,f1a2277f-93ca-4bc6-bc85-d65f71d17198,1634467946521,13.4939783,52.4835526,6.629067,-1.5890713,6.267662,3.3075333,on bike mount,cyclo cross,True,fine gravel,good
7ce222c2-4444-48e1-a926-af47030a2ab1,3da87a2f-cb83-4037-8b3f-0a99237eab4f,043c7a5f-6a40-48b8-a104-d513d9caba9f,1634467946571,13.4939783,52.4835526,6.629067,-1.4392419,-0.36085844,4.8658733,on bike mount,cyclo cross,True,fine gravel,good
7ce222c2-4444-48e1-a926-af47030a2ab1,3da87a2f-cb83-4037-8b3f-0a99237eab4f,30e72c9f-1f60-41eb-865d-0fc6f23b3ba6,1634467946636,13.4939783,52.4835526,6.629067,-2.1706076,-10.374326,6.134636,on bike mount,cyclo cross,True,fine gravel,good
7ce222c2-4444-48e1-a926-af47030a2ab1,3da87a2f-cb83-4037-8b3f-0a99237eab4f,5abdf447-323d-40f0-a7f6-5b7a5487a087,1634467946686,13.4939783,52.4835526,6.629067,-1.4587213,0.6877341,1.7043648,on bike mount,cyclo cross,True,fine gravel,good
7ce222c2-4444-48e1-a926-af47030a2ab1,3da87a2f-cb83-4037-8b3f-0a99237eab4f,62ba3d17-88c0-45ca-8f2d-37b8edd1eac7,1634467946741,13.4939784,52.4834988,5.9788136,-3.3344543,6.009421,-0.3408556,on bike mount,cyclo cross,True,fine gravel,good
7ce222c2-4444-48e1-a926-af47030a2ab1,3da87a2f-cb83-4037-8b3f-0a99237eab4f,37dbe5e5-143a-4160-9fd1-eb63d124c2b3,1634467946804,13.4939784,52.4834988,5.9788136,1.612293,-2.018484,-0.30681515,on bike mount,cyclo cross,True,fine gravel,good
7ce222c2-4444-48e1-a926-af47030a2ab1,3da87a2f-cb83-4037-8b3f-0a99237eab4f,37110a14-c4dc-44c0-a0e2-2fb75e0deadd,1634467946855,13.4939784,52.4834988,5.9788136,-2.5283031,-0.23030996,-0.029545784,on bike mount,cyclo cross,True,fine gravel,good
7ce222c2-4444-48e1-a926-af47030a2ab1,3da87a2f-cb83-4037-8b3f-0a99237eab4f,3f5c78b4-767e-461a-a26c-96db608ced78,1634467946919,13.4939784,52.4834988,5.9788136,0.83911943,-6.819906,5.66152,on bike mount,cyclo cross,True,fine gravel,good
7ce222c2-4444-48e1-a926-af47030a2ab1,3da87a2f-cb83-4037-8b3f-0a99237eab4f,c4744e05-01e7-449f-b1b0-185657d3819b,1634467946971,13.4939784,52.4834988,5.9788136,0.15769446,0.7905443,-4.563942,on bike mount,cyclo cross,True,fine gravel,good
7ce222c2-4444-48e1-a926-af47030a2ab1,3da87a2f-cb83-4037-8b3f-0a99237eab4f,488550e5-76b5-40ec-88b9-f6b78e5ee478,1634467947021,13.4939784,52.4834988,5.9788136,-1.9451884,4.439148,-7.6916585,on bike mount,cyclo cross,True,fine gravel,good
7ce222c2-4444-48e1-a926-af47030a2ab1,3da87a2f-cb83-4037-8b3f-0a99237eab4f,48ccde3e-0b4b-41b8-a6b0-2cf3a8712673,1634467947071,13.4939784,52.4834988,5.9788136,1.0860369,-4.9285765,-2.365044,on bike mount,cyclo cross,True,fine gravel,good
7ce222c2-4444-48e1-a926-af47030a2ab1,3da87a2f-cb83-4037-8b3f-0a99237eab4f,dee84d51-cc06-4e4d-91af-398544de2802,1634467947138,13.4939784,52.4834988,5.9788136,-2.4591234,-4.8104887,-1.7202897,on bike mount,cyclo cross,True,fine gravel,good
7ce222c2-4444-48e1-a926-af47030a2ab1,3da87a2f-cb83-4037-8b3f-0a99237eab4f,edc6c659-5476-45bb-af2c-feea49767f70,1634467947205,13.4939784,52.4834988,5.9788136,-1.763722,-3.2329903,-0.10684967,on bike mount,cyclo cross,True,fine gravel,good
7ce222c2-4444-48e1-a926-af47030a2ab1,3da87a2f-cb83-4037-8b3f-0a99237eab4f,fbcbd43f-7655-4492-8e86-2c1f755deee8,1634467947255,13.4939784,52.4834988,5.9788136,-1.5748158,-2.36344,0.42039776,on bike mount,cyclo cross,True,fine gravel,good
7ce222c2-4444-48e1-a926-af47030a2ab1,3da87a2f-cb83-4037-8b3f-0a99237eab4f,645956e5-d430-451a-8815-6ecc8facd6ed,1634467947323,13.4939784,52.4834988,5.9788136,0.13870543,0.48404503,-1.3958783,on bike mount,cyclo cross,True,fine gravel,good
7ce222c2-4444-48e1-a926-af47030a2ab1,3da87a2f-cb83-4037-8b3f-0a99237eab4f,72163803-65f4-4eca-acd1-15c8c62bfd68,1634467947388,13.4939784,52.4834988,5.9788136,-1.0845975,1.8174758,-1.5147977,on bike mount,cyclo cross,True,fine gravel,good
7ce222c2-4444-48e1-a926-af47030a2ab1,3da87a2f-cb83-4037-8b3f-0a99237eab4f,09bfaeeb-c136-4401-8d40-e1360084908e,1634467947441,13.4939784,52.4834988,5.9788136,-0.16874571,-0.19318366,-0.6633673,on bike mount,cyclo cross,True,fine gravel,good
7ce222c2-4444-48e1-a926-af47030a2ab1,3da87a2f-cb83-4037-8b3f-0a99237eab4f,efb4fe68-4147-4afe-9b50-2a063d1e894b,1634467947490,13.4939784,52.4834988,5.9788136,2.0544002,-0.23871517,-7.842517,on bike mount,cyclo cross,True,fine gravel,good
7ce222c2-4444-48e1-a926-af47030a2ab1,3da87a2f-cb83-4037-8b3f-0a99237eab4f,e9d6a084-e6a6-40be-bdbd-e3604968f457,1634467947540,13.4939784,52.4834988,5.9788136,-2.827673,-7.313958,4.364073,on bike mount,cyclo cross,True,fine gravel,good
7ce222c2-4444-48e1-a926-af47030a2ab1,3da87a2f-cb83-4037-8b3f-0a99237eab4f,d33f1f80-6a2a-4510-ac18-9340867620b6,1634467947605,13.4939784,52.4834988,5.9788136,-2.4382,7.980371,-5.226313,on bike mount,cyclo cross,True,fine gravel,good
7ce222c2-4444-48e1-a926-af47030a2ab1,3da87a2f-cb83-4037-8b3f-0a99237eab4f,399c1ebd-b54d-43f6-8611-9e068251397c,1634467947655,13.4939784,52.4834988,5.9788136,-0.21851279,-8.095783,-4.460528,on bike mount,cyclo cross,True,fine gravel,good
7ce222c2-4444-48e1-a926-af47030a2ab1,3da87a2f-cb83-4037-8b3f-0a99237eab4f,0c479e8e-4dcc-4872-9024-2b571de95df5,1634467947706,13.4939784,52.4834988,5.9788136,1.6527267,-0.36109102,-7.747218,on bike mount,cyclo cross,True,fine gravel,good
7ce222c2-4444-48e1-a926-af47030a2ab1,3da87a2f-cb83-4037-8b3f-0a99237eab4f,e2c1cf9d-d987-43bf-86bd-8ceb65e2cab7,1634467947755,13.4939825,52.4834496,5.9821744,0.05656095,4.280585,-1.3977947,on bike mount,cyclo cross,True,fine gravel,good
7ce222c2-4444-48e1-a926-af47030a2ab1,3da87a2f-cb83-4037-8b3f-0a99237eab4f,87e5636e-6386-48d1-9bd6-4a89bf80c93c,1634467947805,13.4939825,52.4834496,5.9821744,-0.98717624,1.5464356,-4.935445,on bike mount,cyclo cross,True,fine gravel,good
7ce222c2-4444-48e1-a926-af47030a2ab1,3da87a2f-cb83-4037-8b3f-0a99237eab4f,d588c8c9-e7f4-4287-8a4e-0910346e8c89,1634467947856,13.4939825,52.4834496,5.9821744,-1.3780562,0.57837725,4.901291,on bike mount,cyclo cross,True,fine gravel,good
7ce222c2-4444-48e1-a926-af47030a2ab1,3da87a2f-cb83-4037-8b3f-0a99237eab4f,9c444ab2-b39e-4d9c-8272-46b2684d418b,1634467947906,13.4939825,52.4834496,5.9821744,-0.6957358,-5.38033,-1.3612208,on bike mount,cyclo cross,True,fine gravel,good
7ce222c2-4444-48e1-a926-af47030a2ab1,3da87a2f-cb83-4037-8b3f-0a99237eab4f,f739cd86-3cf6-46b5-9c87-bd2d48a09234,1634467947956,13.4939825,52.4834496,5.9821744,-2.073702,0.51118994,-2.6454988,on bike mount,cyclo cross,True,fine gravel,good
7ce222c2-4444-48e1-a926-af47030a2ab1,3da87a2f-cb83-4037-8b3f-0a99237eab4f,2ec009a2-0beb-4106-bb00-1d9707893363,1634467948007,13.4939825,52.4834496,5.9821744,1.2064116,-0.56187224,-9.148544,on bike mount,cyclo cross,True,fine gravel,good
7ce222c2-4444-48e1-a926-af47030a2ab1,3da87a2f-cb83-4037-8b3f-0a99237eab4f,a01d22fe-11de-410b-ae31-5e5be19357b8,1634467948057,13.4939825,52.4834496,5.9821744,3.8295424,1.4531827,0.016878128,on bike mount,cyclo cross,True,fine gravel,good
7ce222c2-4444-48e1-a926-af47030a2ab1,3da87a2f-cb83-4037-8b3f-0a99237eab4f,31c88c9a-c308-49fa-89cf-a73a4e472f02,1634467948123,13.4939825,52.4834496,5.9821744,-1.666135,1.0228009,-1.7268333,on bike mount,cyclo cross,True,fine gravel,good
7ce222c2-4444-48e1-a926-af47030a2ab1,3da87a2f-cb83-4037-8b3f-0a99237eab4f,90cb41c5-e6ff-44d1-b93f-0f87dac00976,1634467948173,13.4939825,52.4834496,5.9821744,-0.81951,-8.435379,11.039797,on bike mount,cyclo cross,True,fine gravel,good
7ce222c2-4444-48e1-a926-af47030a2ab1,3da87a2f-cb83-4037-8b3f-0a99237eab4f,cf55a4e7-9bc2-4916-961f-44a5bccd2468,1634467948223,13.4939825,52.4834496,5.9821744,-2.060974,-10.916177,3.5104723,on bike mount,cyclo cross,True,fine gravel,good
7ce222c2-4444-48e1-a926-af47030a2ab1,3da87a2f-cb83-4037-8b3f-0a99237eab4f,fe04d402-f026-4def-920a-41e26ca74b50,1634467948273,13.4939825,52.4834496,5.9821744,2.0553994,-2.4809537,2.778307,on bike mount,cyclo cross,True,fine gravel,good
7ce222c2-4444-48e1-a926-af47030a2ab1,3da87a2f-cb83-4037-8b3f-0a99237eab4f,0564f090-a0b6-445d-a905-073723f2fb7a,1634467948325,13.4939825,52.4834496,5.9821744,-1.9214445,-0.27178192,-2.855609,on bike mount,cyclo cross,True,fine gravel,good
7ce222c2-4444-48e1-a926-af47030a2ab1,3da87a2f-cb83-4037-8b3f-0a99237eab4f,4b77f1c4-95ef-401d-979c-f461b06308d1,1634467948375,13.4939825,52.4834496,5.9821744,-0.77193755,-0.591573,3.9885406,on bike mount,cyclo cross,True,fine gravel,good
7ce222c2-4444-48e1-a926-af47030a2ab1,3da87a2f-cb83-4037-8b3f-0a99237eab4f,7e2ee7fb-0822-4c21-a57e-2af818f16344,1634467948425,13.4939825,52.4834496,5.9821744,0.13161731,-0.82847595,-2.6791706,on bike mount,cyclo cross,True,fine gravel,good
7ce222c2-4444-48e1-a926-af47030a2ab1,3da87a2f-cb83-4037-8b3f-0a99237eab4f,7b901d50-1d98-43de-adea-343e551c6ca2,1634467948490,13.4939825,52.4834496,5.9821744,-4.3287516,-3.0506375,5.669263,on bike mount,cyclo cross,True,fine gravel,good
7ce222c2-4444-48e1-a926-af47030a2ab1,3da87a2f-cb83-4037-8b3f-0a99237eab4f,4a5e41ca-3508-4a7b-83f7-81fd5527e198,1634467948541,13.4939825,52.4834496,5.9821744,0.6512883,-3.3277664,5.4145794,on bike mount,cyclo cross,True,fine gravel,good
7ce222c2-4444-48e1-a926-af47030a2ab1,3da87a2f-cb83-4037-8b3f-0a99237eab4f,4c64a640-77c5-44f9-b015-0723806dca0f,1634467948592,13.4939825,52.4834496,5.9821744,0.29659212,3.3068438,1.973733,on bike mount,cyclo cross,True,fine gravel,good
7ce222c2-4444-48e1-a926-af47030a2ab1,3da87a2f-cb83-4037-8b3f-0a99237eab4f,e20110e3-3924-4d51-b172-eb0da99d45a2,1634467948641,13.4939825,52.4834496,5.9821744,0.58879495,6.633342,-2.191086,on bike mount,cyclo cross,True,fine gravel,good
7ce222c2-4444-48e1-a926-af47030a2ab1,3da87a2f-cb83-4037-8b3f-0a99237eab4f,6ada25e5-fd24-4e20-80f1-9aa7c4ff46c6,1634467948692,13.4939825,52.4834496,5.9821744,0.8334236,-3.6930919,-4.4157305,on bike mount,cyclo cross,True,fine gravel,good
7ce222c2-4444-48e1-a926-af47030a2ab1,3da87a2f-cb83-4037-8b3f-0a99237eab4f,62821925-498b-4c0c-922f-649e3673a2e3,1634467948743,13.4940138,52.4834021,5.443161,-2.80143,1.2099967,0.37902546,on bike mount,cyclo cross,True,fine gravel,good
7ce222c2-4444-48e1-a926-af47030a2ab1,3da87a2f-cb83-4037-8b3f-0a99237eab4f,9edbfdcb-2331-4ec4-80b6-0ef3b284d02e,1634467948807,13.4940138,52.4834021,5.443161,-0.09886718,7.1125407,5.4063473,on bike mount,cyclo cross,True,fine gravel,good
7ce222c2-4444-48e1-a926-af47030a2ab1,3da87a2f-cb83-4037-8b3f-0a99237eab4f,9213d2b1-1449-4a32-adde-92615c058f04,1634467948858,13.4940138,52.4834021,5.443161,-0.25785375,-1.0667312,1.5716887,on bike mount,cyclo cross,True,fine gravel,good
7ce222c2-4444-48e1-a926-af47030a2ab1,3da87a2f-cb83-4037-8b3f-0a99237eab4f,6f2347c9-683d-400f-b91c-babad67ae590,1634467948909,13.4940138,52.4834021,5.443161,0.48866707,-2.1963568,2.2234144,on bike mount,cyclo cross,True,fine gravel,good
7ce222c2-4444-48e1-a926-af47030a2ab1,3da87a2f-cb83-4037-8b3f-0a99237eab4f,c6b5ed31-4b3d-470b-892f-4156bdfa858d,1634467948960,13.4940138,52.4834021,5.443161,0.110711575,-2.6033237,-1.2442937,on bike mount,cyclo cross,True,fine gravel,good
7ce222c2-4444-48e1-a926-af47030a2ab1,3da87a2f-cb83-4037-8b3f-0a99237eab4f,317e9c43-c5ed-4df7-a2ae-c987028ced62,1634467949025,13.4940138,52.4834021,5.443161,0.6120429,0.042069912,-0.8434005,on bike mount,cyclo cross,True,fine gravel,good
7ce222c2-4444-48e1-a926-af47030a2ab1,3da87a2f-cb83-4037-8b3f-0a99237eab4f,670dfc5b-7b8f-45de-9c2a-99d9847b0f38,1634467949076,13.4940138,52.4834021,5.443161,0.94491386,2.0440903,-0.44584465,on bike mount,cyclo cross,True,fine gravel,good
7ce222c2-4444-48e1-a926-af47030a2ab1,3da87a2f-cb83-4037-8b3f-0a99237eab4f,91732460-3e6c-4d9e-ad57-e665100d2cb5,1634467949126,13.4940138,52.4834021,5.443161,-2.8796859,2.1068902,1.7788639,on bike mount,cyclo cross,True,fine gravel,good
7ce222c2-4444-48e1-a926-af47030a2ab1,3da87a2f-cb83-4037-8b3f-0a99237eab4f,e586ed7e-20ee-44d7-b2a0-d3ed0244ef9a,1634467949177,13.4940138,52.4834021,5.443161,-0.34216407,-7.933572,5.3523464,on bike mount,cyclo cross,True,fine gravel,good
7ce222c2-4444-48e1-a926-af47030a2ab1,3da87a2f-cb83-4037-8b3f-0a99237eab4f,7d1aaede-1c67-44af-a72f-cd0cf7fd7e80,1634467949227,13.4940138,52.4834021,5.443161,-0.9500476,-1.7257643,-3.4266481,on bike mount,cyclo cross,True,fine gravel,good
7ce222c2-4444-48e1-a926-af47030a2ab1,3da87a2f-cb83-4037-8b3f-0a99237eab4f,45a3fc3a-4b90-43dc-8e25-cf2088e1aad4,1634467949293,13.4940138,52.4834021,5.443161,-1.4183658,-2.1276133,-4.57997,on bike mount,cyclo cross,True,fine gravel,good
7ce222c2-4444-48e1-a926-af47030a2ab1,3da87a2f-cb83-4037-8b3f-0a99237eab4f,d21d53ca-7981-4d4d-a8e7-fa5896d9425b,1634467949344,13.4940138,52.4834021,5.443161,3.8945827,1.6313074,8.646197,on bike mount,cyclo cross,True,fine gravel,good
7ce222c2-4444-48e1-a926-af47030a2ab1,3da87a2f-cb83-4037-8b3f-0a99237eab4f,13f118d1-773c-4214-a312-e145af5b3da3,1634467949394,13.4940138,52.4834021,5.443161,-3.5726528,-1.4572049,3.0436249,on bike mount,cyclo cross,True,fine gravel,good
7ce222c2-4444-48e1-a926-af47030a2ab1,3da87a2f-cb83-4037-8b3f-0a99237eab4f,00c634ad-fe33-4a77-ae88-a2b333c839df,1634467949461,13.4940138,52.4834021,5.443161,0.6586968,-1.3323005,11.98311,on bike mount,cyclo cross,True,fine gravel,good
7ce222c2-4444-48e1-a926-af47030a2ab1,3da87a2f-cb83-4037-8b3f-0a99237eab4f,64c63f63-f1ec-4fbf-96c8-ad2a5c5403b3,1634467949510,13.4940138,52.4834021,5.443161,-1.0544846,5.910504,1.4520073,on bike mount,cyclo cross,True,fine gravel,good
7ce222c2-4444-48e1-a926-af47030a2ab1,3da87a2f-cb83-4037-8b3f-0a99237eab4f,60a8e2af-1421-44ad-8c9c-db60e8374f36,1634467949561,13.4940138,52.4834021,5.443161,-0.9440933,4.9983096,-0.54818344,on bike mount,cyclo cross,True,fine gravel,good
7ce222c2-4444-48e1-a926-af47030a2ab1,3da87a2f-cb83-4037-8b3f-0a99237eab4f,b080b131-2d91-4669-88b3-af6409a74f82,1634467949627,13.4940138,52.4834021,5.443161,1.2087326,1.1523433,6.7192554,on bike mount,cyclo cross,True,fine gravel,good
7ce222c2-4444-48e1-a926-af47030a2ab1,3da87a2f-cb83-4037-8b3f-0a99237eab4f,674ad1c8-dde8-4b8b-89a3-f5b26d110350,1634467949678,13.4940138,52.4834021,5.443161,0.16340742,2.9600687,2.518487,on bike mount,cyclo cross,True,fine gravel,good
7ce222c2-4444-48e1-a926-af47030a2ab1,3da87a2f-cb83-4037-8b3f-0a99237eab4f,b43b967a-a078-43f1-a4f4-b56d8b083293,1634467949733,13.4940138,52.4834021,5.443161,1.5222505,1.0442314,2.220189,on bike mount,cyclo cross,True,fine gravel,good
7ce222c2-4444-48e1-a926-af47030a2ab1,3da87a2f-cb83-4037-8b3f-0a99237eab4f,6930ce12-637f-46bb-a943-da81271ec7d4,1634467949794,13.4940517,52.4833543,6.517001,0.45227474,-2.6188085,0.37901688,on bike mount,cyclo cross,True,fine gravel,good
7ce222c2-4444-48e1-a926-af47030a2ab1,3da87a2f-cb83-4037-8b3f-0a99237eab4f,7dd9e599-170e-4c5a-a3b1-47c919f4e7ec,1634467949845,13.4940517,52.4833543,6.517001,-0.6746478,-1.2201521,6.9303026,on bike mount,cyclo cross,True,fine gravel,good
7ce222c2-4444-48e1-a926-af47030a2ab1,3da87a2f-cb83-4037-8b3f-0a99237eab4f,8f155d4f-b530-4fdc-af22-05150f0d8d9a,1634467949896,13.4940517,52.4833543,6.517001,1.8900849,0.55060625,-4.257158,on bike mount,cyclo cross,True,fine gravel,good
7ce222c2-4444-48e1-a926-af47030a2ab1,3da87a2f-cb83-4037-8b3f-0a99237eab4f,6bf38f9a-abde-441e-8d11-984d6f10b438,1634467949961,13.4940517,52.4833543,6.517001,-0.444738,-4.267314,0.13790989,on bike mount,cyclo cross,True,fine gravel,good
7ce222c2-4444-48e1-a926-af47030a2ab1,3da87a2f-cb83-4037-8b3f-0a99237eab4f,fe14147f-e24a-4380-b2f9-aeba176636b5,1634467950012,13.4940517,52.4833543,6.517001,0.71379006,-0.31802595,-3.7081017,on bike mount,cyclo cross,True,fine gravel,good
7ce222c2-4444-48e1-a926-af47030a2ab1,3da87a2f-cb83-4037-8b3f-0a99237eab4f,3080e48e-dc38-4905-8c77-ac38f41b21b9,1634467950063,13.4940517,52.4833543,6.517001,0.32663262,-4.219087,5.3253937,on bike mount,cyclo cross,True,fine gravel,good
7ce222c2-4444-48e1-a926-af47030a2ab1,3da87a2f-cb83-4037-8b3f-0a99237eab4f,d84c4d01-c10f-480c-a720-8bb8be00a42c,1634467950113,13.4940517,52.4833543,6.517001,0.19145846,0.905123,-1.0204782,on bike mount,cyclo cross,True,fine gravel,good
7ce222c2-4444-48e1-a926-af47030a2ab1,3da87a2f-cb83-4037-8b3f-0a99237eab4f,50ed41e2-e024-4be9-86a9-b4b317bdbd71,1634467950163,13.4940517,52.4833543,6.517001,-0.43127048,1.1692178,-3.4187927,on bike mount,cyclo cross,True,fine gravel,good
7ce222c2-4444-48e1-a926-af47030a2ab1,3da87a2f-cb83-4037-8b3f-0a99237eab4f,0278cfed-6365-44a4-81b0-50a2fb784ee0,1634467950214,13.4940517,52.4833543,6.517001,0.17298326,-1.9715387,1.9627562,on bike mount,cyclo cross,True,fine gravel,good
7ce222c2-4444-48e1-a926-af47030a2ab1,3da87a2f-cb83-4037-8b3f-0a99237eab4f,984c12cd-b073-4514-9790-ab4bd3219857,1634467950279,13.4940517,52.4833543,6.517001,-1.4591675,1.0006757,3.0002823,on bike mount,cyclo cross,True,fine gravel,good
7ce222c2-4444-48e1-a926-af47030a2ab1,3da87a2f-cb83-4037-8b3f-0a99237eab4f,dec29c8c-3657-4c43-8cf3-dd2ef907931d,1634467950329,13.4940517,52.4833543,6.517001,-0.38602257,0.50733995,-3.3978972,on bike mount,cyclo cross,True,fine gravel,good
7ce222c2-4444-48e1-a926-af47030a2ab1,3da87a2f-cb83-4037-8b3f-0a99237eab4f,ed4a5b51-4dbf-4942-bda8-3b73757190e2,1634467950380,13.4940517,52.4833543,6.517001,4.2685013,-4.5894384,-2.6862068,on bike mount,cyclo cross,True,fine gravel,good
7ce222c2-4444-48e1-a926-af47030a2ab1,3da87a2f-cb83-4037-8b3f-0a99237eab4f,da14f012-8d21-418e-8d2b-bad1895b7197,1634467950429,13.4940517,52.4833543,6.517001,-1.9363409,9.305149,-1.5240803,on bike mount,cyclo cross,True,fine gravel,good
7ce222c2-4444-48e1-a926-af47030a2ab1,3da87a2f-cb83-4037-8b3f-0a99237eab4f,98b5dd74-9ea0-4187-ae44-d9b3a97fde21,1634467950480,13.4940517,52.4833543,6.517001,-1.6983992,0.63551927,-0.82756805,on bike mount,cyclo cross,True,fine gravel,good
7ce222c2-4444-48e1-a926-af47030a2ab1,3da87a2f-cb83-4037-8b3f-0a99237eab4f,f883e66a-6d89-4436-b851-1876b361b471,1634467950529,13.4940517,52.4833543,6.517001,-1.8849156,1.1858449,0.06630039,on bike mount,cyclo cross,True,fine gravel,good
7ce222c2-4444-48e1-a926-af47030a2ab1,3da87a2f-cb83-4037-8b3f-0a99237eab4f,bf7a389b-3e1f-42cf-9359-f541dc8da228,1634467950580,13.4940517,52.4833543,6.517001,0.31087512,2.5478334,-0.35006142,on bike mount,cyclo cross,True,fine gravel,good
7ce222c2-4444-48e1-a926-af47030a2ab1,3da87a2f-cb83-4037-8b3f-0a99237eab4f,f6bb8569-8615-4995-989e-4376cc09a4b6,1634467950631,13.4940517,52.4833543,6.517001,-0.9326205,-1.8804189,5.7247257,on bike mount,cyclo cross,True,fine gravel,good
7ce222c2-4444-48e1-a926-af47030a2ab1,3da87a2f-cb83-4037-8b3f-0a99237eab4f,f52d392e-b4ae-4f05-87c8-f9ae17559aed,1634467950680,13.4940517,52.4833543,6.517001,2.2162006,-11.190327,-0.39100838,on bike mount,cyclo cross,True,fine gravel,good
7ce222c2-4444-48e1-a926-af47030a2ab1,3da87a2f-cb83-4037-8b3f-0a99237eab4f,0abc3b25-a345-433a-b7b5-be1a89e7de5c,1634467950732,13.4940517,52.4833543,6.517001,-1.8373554,2.2117615,3.846919,on bike mount,cyclo cross,True,fine gravel,good
7ce222c2-4444-48e1-a926-af47030a2ab1,3da87a2f-cb83-4037-8b3f-0a99237eab4f,dd3ab42b-ad20-474f-9af5-b0e0871060cc,1634467950797,13.4940827,52.483295,6.3699293,0.0351606,-1.0118332,-4.9513426,on bike mount,cyclo cross,True,fine gravel,good
7ce222c2-4444-48e1-a926-af47030a2ab1,3da87a2f-cb83-4037-8b3f-0a99237eab4f,247d14ac-c285-4ecf-becc-69dc917f914b,1634467950848,13.4940827,52.483295,6.3699293,-0.051368684,-8.49107,-3.328218,on bike mount,cyclo cross,True,fine gravel,good
7ce222c2-4444-48e1-a926-af47030a2ab1,3da87a2f-cb83-4037-8b3f-0a99237eab4f,423a4330-0268-4686-b11e-97fb06dc6eed,1634467950899,13.4940827,52.483295,6.3699293,-2.422947,-8.927725,1.638279,on bike mount,cyclo cross,True,fine gravel,good
7ce222c2-4444-48e1-a926-af47030a2ab1,3da87a2f-cb83-4037-8b3f-0a99237eab4f,e0c3c258-335c-49b5-aa8a-e0969cb0cc39,1634467950964,13.4940827,52.483295,6.3699293,2.3776755,-3.8775222,-0.7431145,on bike mount,cyclo cross,True,fine gravel,good
7ce222c2-4444-48e1-a926-af47030a2ab1,3da87a2f-cb83-4037-8b3f-0a99237eab4f,6b4c1c4c-a50b-4c5a-8a0b-f4c60f62e65f,1634467951016,13.4940827,52.483295,6.3699293,0.6342932,4.9783387,-0.7622423,on bike mount,cyclo cross,True,fine gravel,good
7ce222c2-4444-48e1-a926-af47030a2ab1,3da87a2f-cb83-4037-8b3f-0a99237eab4f,588759dc-2042-4a50-9dbf-b54708d481be,1634467951066,13.4940827,52.483295,6.3699293,-1.3139229,3.4154963,3.0436907,on bike mount,cyclo cross,True,fine gravel,good
7ce222c2-4444-48e1-a926-af47030a2ab1,3da87a2f-cb83-4037-8b3f-0a99237eab4f,42a7ce4e-fd32-471f-8fd7-0dfe61cc0383,1634467951116,13.4940827,52.483295,6.3699293,2.0910363,-2.4405396,-0.48143578,on bike mount,cyclo cross,True,fine gravel,good
7ce222c2-4444-48e1-a926-af47030a2ab1,3da87a2f-cb83-4037-8b3f-0a99237eab4f,1fd1c0c2-fa4c-4edc-b4eb-948adec3aac7,1634467951182,13.4940827,52.483295,6.3699293,-2.1632428,-0.9666679,-0.8207903,on bike mount,cyclo cross,True,fine gravel,good
7ce222c2-4444-48e1-a926-af47030a2ab1,3da87a2f-cb83-4037-8b3f-0a99237eab4f,0b53295d-039d-4223-919e-8d52b02dbbc3,1634467951233,13.4940827,52.483295,6.3699293,1.2090933,-0.43683457,-3.6308193,on bike mount,cyclo cross,True,fine gravel,good
7ce222c2-4444-48e1-a926-af47030a2ab1,3da87a2f-cb83-4037-8b3f-0a99237eab4f,748276d1-2ac6-4599-817f-f10ccb32e20d,1634467951298,13.4940827,52.483295,6.3699293,1.5351274,3.459869,-0.45436192,on bike mount,cyclo cross,True,fine gravel,good
7ce222c2-4444-48e1-a926-af47030a2ab1,3da87a2f-cb83-4037-8b3f-0a99237eab4f,4ac8ed40-1943-4e49-85ef-b49bc0e3b9c3,1634467951349,13.4940827,52.483295,6.3699293,0.08469881,1.998785,-1.2910357,on bike mount,cyclo cross,True,fine gravel,good
7ce222c2-4444-48e1-a926-af47030a2ab1,3da87a2f-cb83-4037-8b3f-0a99237eab4f,2e9a9590-428e-423a-9881-95112089ddcf,1634467951416,13.4940827,52.483295,6.3699293,0.799872,-2.1762438,3.1733704,on bike mount,cyclo cross,True,fine gravel,good
7ce222c2-4444-48e1-a926-af47030a2ab1,3da87a2f-cb83-4037-8b3f-0a99237eab4f,afae0c2a-04eb-410d-a20d-b9649ea0b658,1634467951466,13.4940827,52.483295,6.3699293,0.5946417,1.8901253,0.252069,on bike mount,cyclo cross,True,fine gravel,good
7ce222c2-4444-48e1-a926-af47030a2ab1,3da87a2f-cb83-4037-8b3f-0a99237eab4f,7e2ef8fa-e4b9-44de-98fe-52d37fdb9ab3,1634467951516,13.4940827,52.483295,6.3699293,0.19489622,-0.64300203,2.2443914,on bike mount,cyclo cross,True,fine gravel,good
7ce222c2-4444-48e1-a926-af47030a2ab1,3da87a2f-cb83-4037-8b3f-0a99237eab4f,bf1c42c7-95d3-4c32-a985-1d5af78dd5e0,1634467951566,13.4940827,52.483295,6.3699293,1.3557626,-1.8542838,-3.3156295,on bike mount,cyclo cross,True,fine gravel,good
7ce222c2-4444-48e1-a926-af47030a2ab1,3da87a2f-cb83-4037-8b3f-0a99237eab4f,441e60b0-95fc-4de6-b74b-93a24184e2e9,1634467951633,13.4940827,52.483295,6.3699293,0.9945633,2.6636925,1.953701,on bike mount,cyclo cross,True,fine gravel,good
7ce222c2-4444-48e1-a926-af47030a2ab1,3da87a2f-cb83-4037-8b3f-0a99237eab4f,56dbea77-6b42-451f-a83a-3ab67f7e233f,1634467951700,13.4940827,52.483295,6.3699293,0.022968158,4.4835515,0.14802837,on bike mount,cyclo cross,True,fine gravel,good
7ce222c2-4444-48e1-a926-af47030a2ab1,3da87a2f-cb83-4037-8b3f-0a99237eab4f,87a798ba-03f5-45c2-8b32-22b8032dbcc8,1634467951751,13.4941064,52.4832343,6.667827,-1.0645106,-8.715556,2.6243515,on bike mount,cyclo cross,True,fine gravel,good
7ce222c2-4444-48e1-a926-af47030a2ab1,3da87a2f-cb83-4037-8b3f-0a99237eab4f,0647950f-57c8-4cf2-bf7f-87d9ca1eb25d,1634467951816,13.4941064,52.4832343,6.667827,0.44406396,-6.639999,-3.470653,on bike mount,cyclo cross,True,fine gravel,good
7ce222c2-4444-48e1-a926-af47030a2ab1,3da87a2f-cb83-4037-8b3f-0a99237eab4f,3c2973c4-a3db-4f67-b077-4e75c5d4a26d,1634467951867,13.4941064,52.4832343,6.667827,-1.1946718,-0.039725065,-1.1345048,on bike mount,cyclo cross,True,fine gravel,good
7ce222c2-4444-48e1-a926-af47030a2ab1,3da87a2f-cb83-4037-8b3f-0a99237eab4f,6938c213-169e-4832-a626-7bc42c74e5cc,1634467951916,13.4941064,52.4832343,6.667827,-1.9274044,1.1628203,3.2623453,on bike mount,cyclo cross,True,fine gravel,good
7ce222c2-4444-48e1-a926-af47030a2ab1,3da87a2f-cb83-4037-8b3f-0a99237eab4f,ef528e5a-fc7d-48ac-9b99-c56ffab38120,1634467951966,13.4941064,52.4832343,6.667827,-1.2800722,-6.899824,7.6262655,on bike mount,cyclo cross,True,fine gravel,good
7ce222c2-4444-48e1-a926-af47030a2ab1,3da87a2f-cb83-4037-8b3f-0a99237eab4f,b73cab7c-723c-4bee-a4e0-9147689a96c4,1634467952016,13.4941064,52.4832343,6.667827,2.1389184,-2.0377827,8.302422,on bike mount,cyclo cross,True,fine gravel,good
7ce222c2-4444-48e1-a926-af47030a2ab1,3da87a2f-cb83-4037-8b3f-0a99237eab4f,8a704e55-efed-40f6-8f48-fefe39733403,1634467952066,13.4941064,52.4832343,6.667827,-2.6610804,8.127112,6.5311756,on bike mount,cyclo cross,True,fine gravel,good
7ce222c2-4444-48e1-a926-af47030a2ab1,3da87a2f-cb83-4037-8b3f-0a99237eab4f,252c6054-e25b-4730-84cc-53b953f95d83,1634467952116,13.4941064,52.4832343,6.667827,2.2174878,-1.8442513,4.446125,on bike mount,cyclo cross,True,fine gravel,good
7ce222c2-4444-48e1-a926-af47030a2ab1,3da87a2f-cb83-4037-8b3f-0a99237eab4f,f71dd752-bfdb-4fbc-9080-fba43c659f7b,1634467952167,13.4941064,52.4832343,6.667827,5.5305033,-7.6239195,1.4204416,on bike mount,cyclo cross,True,fine gravel,good
7ce222c2-4444-48e1-a926-af47030a2ab1,3da87a2f-cb83-4037-8b3f-0a99237eab4f,67ccd698-1f00-4f9a-96b0-b6e8ee37924c,1634467952217,13.4941064,52.4832343,6.667827,2.619144,10.740744,-2.8083448,on bike mount,cyclo cross,True,fine gravel,good
7ce222c2-4444-48e1-a926-af47030a2ab1,3da87a2f-cb83-4037-8b3f-0a99237eab4f,7da5f80f-5be5-414e-b855-2fcd163e49d4,1634467952268,13.4941064,52.4832343,6.667827,-1.3062416,-6.15255,-0.7717428,on bike mount,cyclo cross,True,fine gravel,good
7ce222c2-4444-48e1-a926-af47030a2ab1,3da87a2f-cb83-4037-8b3f-0a99237eab4f,d1198ff5-9573-4623-bedb-934a0876202e,1634467952318,13.4941064,52.4832343,6.667827,1.2433,4.1010714,-1.2861834,on bike mount,cyclo cross,True,fine gravel,good
7ce222c2-4444-48e1-a926-af47030a2ab1,3da87a2f-cb83-4037-8b3f-0a99237eab4f,102be77f-0e29-46af-aa95-d4866c0808d7,1634467952368,13.4941064,52.4832343,6.667827,0.78651816,-9.772583,2.2377272,on bike mount,cyclo cross,True,fine gravel,good
7ce222c2-4444-48e1-a926-af47030a2ab1,3da87a2f-cb83-4037-8b3f-0a99237eab4f,38520bc0-3f38-42d4-bafd-1625fdf7b350,1634467952434,13.4941064,52.4832343,6.667827,1.9954885,6.080929,-8.563776,on bike mount,cyclo cross,True,fine gravel,good
7ce222c2-4444-48e1-a926-af47030a2ab1,3da87a2f-cb83-4037-8b3f-0a99237eab4f,6f8c1f8d-15d6-4f0a-b1dd-27688cdc4d73,1634467952485,13.4941064,52.4832343,6.667827,-0.79290473,6.3326807,-1.2362118,on bike mount,cyclo cross,True,fine gravel,good
7ce222c2-4444-48e1-a926-af47030a2ab1,3da87a2f-cb83-4037-8b3f-0a99237eab4f,37bb62cf-cee1-4cbe-9960-49ef3086c89a,1634467952535,13.4941064,52.4832343,6.667827,1.5855825,6.0969114,0.54996014,on bike mount,cyclo cross,True,fine gravel,good
7ce222c2-4444-48e1-a926-af47030a2ab1,3da87a2f-cb83-4037-8b3f-0a99237eab4f,0f42da66-1f82-4629-846c-d763875c79af,1634467952585,13.4941064,52.4832343,6.667827,1.4986379,1.6548321,4.3471537,on bike mount,cyclo cross,True,fine gravel,good
7ce222c2-4444-48e1-a926-af47030a2ab1,3da87a2f-cb83-4037-8b3f-0a99237eab4f,bc5a31d3-89f8-4bc6-90dc-4b9ce7b5bbe9,1634467952635,13.4941064,52.4832343,6.667827,-0.5231465,2.9076529,-8.261155,on bike mount,cyclo cross,True,fine gravel,good
7ce222c2-4444-48e1-a926-af47030a2ab1,3da87a2f-cb83-4037-8b3f-0a99237eab4f,d952adc6-f18b-44c5-a952-db7b2e712287,1634467952686,13.4941064,52.4832343,6.667827,1.7452613,0.5767355,1.7044573,on bike mount,cyclo cross,True,fine gravel,good
7ce222c2-4444-48e1-a926-af47030a2ab1,3da87a2f-cb83-4037-8b3f-0a99237eab4f,8619ba13-7b04-4364-a8c1-edfe427fa433,1634467952746,13.4941452,52.483176,6.4223843,1.1093552,-2.0686939,-0.4087286,on bike mount,cyclo cross,True,fine gravel,good
7ce222c2-4444-48e1-a926-af47030a2ab1,3da87a2f-cb83-4037-8b3f-0a99237eab4f,6cd84a11-fdfe-4bb2-8a3d-65918d2e4d81,1634467952802,13.4941452,52.483176,6.4223843,0.68473136,-4.439185,5.9201317,on bike mount,cyclo cross,True,fine gravel,good
7ce222c2-4444-48e1-a926-af47030a2ab1,3da87a2f-cb83-4037-8b3f-0a99237eab4f,7e584676-3e25-4f61-9ef7-0557d835f13e,1634467952853,13.4941452,52.483176,6.4223843,3.0463793,-2.282381,1.2771273,on bike mount,cyclo cross,True,fine gravel,good
7ce222c2-4444-48e1-a926-af47030a2ab1,3da87a2f-cb83-4037-8b3f-0a99237eab4f,2196accf-b99e-4e22-bf31-9dc963e1da79,1634467952903,13.4941452,52.483176,6.4223843,1.1715021,-0.40967822,-4.6085596,on bike mount,cyclo cross,True,fine gravel,good
7ce222c2-4444-48e1-a926-af47030a2ab1,3da87a2f-cb83-4037-8b3f-0a99237eab4f,0176d770-fb5d-4733-9b74-42aac1961479,1634467952968,13.4941452,52.483176,6.4223843,-3.2059758,-0.41805768,2.5010195,on bike mount,cyclo cross,True,fine gravel,good
7ce222c2-4444-48e1-a926-af47030a2ab1,3da87a2f-cb83-4037-8b3f-0a99237eab4f,002b5251-62ad-4ddd-b0f8-9298521e7341,1634467953019,13.4941452,52.483176,6.4223843,0.1266635,-5.2440724,-2.363109,on bike mount,cyclo cross,True,fine gravel,good
7ce222c2-4444-48e1-a926-af47030a2ab1,3da87a2f-cb83-4037-8b3f-0a99237eab4f,ef87d4f0-ca34-4665-920b-87b37b2eb06e,1634467953070,13.4941452,52.483176,6.4223843,0.8782826,5.4899178,-6.520859,on bike mount,cyclo cross,True,fine gravel,good
7ce222c2-4444-48e1-a926-af47030a2ab1,3da87a2f-cb83-4037-8b3f-0a99237eab4f,645f5f48-e23c-4b61-b5b6-eef000a3ef3f,1634467953120,13.4941452,52.483176,6.4223843,0.5295503,1.161716,-1.2257252,on bike mount,cyclo cross,True,fine gravel,good
7ce222c2-4444-48e1-a926-af47030a2ab1,3da87a2f-cb83-4037-8b3f-0a99237eab4f,6143b72e-5063-47ed-8e52-2e0dddaf1bc8,1634467953170,13.4941452,52.483176,6.4223843,-0.6566889,-3.6388764,0.029600143,on bike mount,cyclo cross,True,fine gravel,good
7ce222c2-4444-48e1-a926-af47030a2ab1,3da87a2f-cb83-4037-8b3f-0a99237eab4f,b1c342da-cf30-4e1c-ae0a-95b32fdd14bd,1634467953236,13.4941452,52.483176,6.4223843,-0.2763381,0.48677135,-2.2044091,on bike mount,cyclo cross,True,fine gravel,good
7ce222c2-4444-48e1-a926-af47030a2ab1,3da87a2f-cb83-4037-8b3f-0a99237eab4f,52501227-fca0-408d-bb7d-f52a56c9684f,1634467953287,13.4941452,52.483176,6.4223843,0.77211946,-4.2478986,-3.7110543,on bike mount,cyclo cross,True,fine gravel,good
7ce222c2-4444-48e1-a926-af47030a2ab1,3da87a2f-cb83-4037-8b3f-0a99237eab4f,efab784e-310a-40bc-9318-a84d639f38ca,1634467953338,13.4941452,52.483176,6.4223843,0.82828957,2.7605033,-1.0268154,on bike mount,cyclo cross,True,fine gravel,good
7ce222c2-4444-48e1-a926-af47030a2ab1,3da87a2f-cb83-4037-8b3f-0a99237eab4f,eb5ff2ef-3b27-4aa3-8172-b92b0bf9042d,1634467953403,13.4941452,52.483176,6.4223843,0.8325827,5.6846046,-0.33007002,on bike mount,cyclo cross,True,fine gravel,good
7ce222c2-4444-48e1-a926-af47030a2ab1,3da87a2f-cb83-4037-8b3f-0a99237eab4f,7f4c6f94-bdce-4ee8-839d-28badaa592d5,1634467953453,13.4941452,52.483176,6.4223843,1.4532434,-1.774757,-3.8391962,on bike mount,cyclo cross,True,fine gravel,good
7ce222c2-4444-48e1-a926-af47030a2ab1,3da87a2f-cb83-4037-8b3f-0a99237eab4f,886dfc59-c086-4960-9632-e156e99d0ceb,1634467953505,13.4941452,52.483176,6.4223843,-0.10675275,-6.1334596,-0.8568468,on bike mount,cyclo cross,True,fine gravel,good
7ce222c2-4444-48e1-a926-af47030a2ab1,3da87a2f-cb83-4037-8b3f-0a99237eab4f,8a5870f1-feab-4c26-a280-540912bf33cc,1634467953570,13.4941452,52.483176,6.4223843,0.060091317,-4.710494,3.7882166,on bike mount,cyclo cross,True,fine gravel,good
7ce222c2-4444-48e1-a926-af47030a2ab1,3da87a2f-cb83-4037-8b3f-0a99237eab4f,c4ee2965-2c42-4f15-922a-1229bb1b9688,1634467953622,13.4941452,52.483176,6.4223843,0.486659,2.764821,-4.0849657,on bike mount,cyclo cross,True,fine gravel,good
7ce222c2-4444-48e1-a926-af47030a2ab1,3da87a2f-cb83-4037-8b3f-0a99237eab4f,fdb462ad-d0f7-4e43-8c8a-4d5ab3103f56,1634467953688,13.4941452,52.483176,6.4223843,-0.7028339,0.39330554,-7.049411,on bike mount,cyclo cross,True,fine gravel,good
7ce222c2-4444-48e1-a926-af47030a2ab1,3da87a2f-cb83-4037-8b3f-0a99237eab4f,e43910da-2014-4221-8ac7-31e880b2fb5e,1634467953748,13.4941867,52.4831219,6.557606,0.4825284,-3.7532153,6.296011,on bike mount,cyclo cross,True,fine gravel,good
7ce222c2-4444-48e1-a926-af47030a2ab1,3da87a2f-cb83-4037-8b3f-0a99237eab4f,f0bae32f-c489-437e-a74e-ccf85fc1ca06,1634467953805,13.4941867,52.4831219,6.557606,1.1133076,4.4419856,-2.8898878,on bike mount,cyclo cross,True,fine gravel,good
7ce222c2-4444-48e1-a926-af47030a2ab1,3da87a2f-cb83-4037-8b3f-0a99237eab4f,0abd590d-b69e-4682-9b81-f01b6ed69922,1634467953870,13.4941867,52.4831219,6.557606,0.55025685,-2.2248611,-7.873376,on bike mount,cyclo cross,True,fine gravel,good
7ce222c2-4444-48e1-a926-af47030a2ab1,3da87a2f-cb83-4037-8b3f-0a99237eab4f,fb811240-fd70-4d7f-a533-d7e7dbf5b7ce,1634467953922,13.4941867,52.4831219,6.557606,0.2810384,-0.24227834,1.8849583,on bike mount,cyclo cross,True,fine gravel,good
7ce222c2-4444-48e1-a926-af47030a2ab1,3da87a2f-cb83-4037-8b3f-0a99237eab4f,4188986b-763f-48a8-a1f4-26b4283f172a,1634467953972,13.4941867,52.4831219,6.557606,1.8629825,-3.4242697,1.0468636,on bike mount,cyclo cross,True,fine gravel,good
7ce222c2-4444-48e1-a926-af47030a2ab1,3da87a2f-cb83-4037-8b3f-0a99237eab4f,3ed5fd97-e86b-4211-9019-261310d8684b,1634467954039,13.4941867,52.4831219,6.557606,-1.5041884,0.9974446,-0.7987766,on bike mount,cyclo cross,True,fine gravel,good
7ce222c2-4444-48e1-a926-af47030a2ab1,3da87a2f-cb83-4037-8b3f-0a99237eab4f,2161f777-99c3-456f-9702-de518ee3b605,1634467954088,13.4941867,52.4831219,6.557606,0.896193,1.462739,2.3253412,on bike mount,cyclo cross,True,fine gravel,good
7ce222c2-4444-48e1-a926-af47030a2ab1,3da87a2f-cb83-4037-8b3f-0a99237eab4f,0759624f-caf8-4696-827b-cbb2d4216047,1634467954139,13.4941867,52.4831219,6.557606,-0.89950573,0.6145396,-4.1867228,on bike mount,cyclo cross,True,fine gravel,good
7ce222c2-4444-48e1-a926-af47030a2ab1,3da87a2f-cb83-4037-8b3f-0a99237eab4f,132b249b-806c-47e2-8d44-591101b4bfc4,1634467954189,13.4941867,52.4831219,6.557606,-0.46428877,-4.539402,6.9656887,on bike mount,cyclo cross,True,fine gravel,good
7ce222c2-4444-48e1-a926-af47030a2ab1,3da87a2f-cb83-4037-8b3f-0a99237eab4f,0509500f-3b9b-4620-81f1-19a4efe94023,1634467954240,13.4941867,52.4831219,6.557606,0.26727086,-0.32947826,0.312685,on bike mount,cyclo cross,True,fine gravel,good
7ce222c2-4444-48e1-a926-af47030a2ab1,3da87a2f-cb83-4037-8b3f-0a99237eab4f,af2bb61e-dee2-4d7a-8c31-75ac5f52c8be,1634467954290,13.4941867,52.4831219,6.557606,-0.18011427,5.3409986,-3.7016761,on bike mount,cyclo cross,True,fine gravel,good
7ce222c2-4444-48e1-a926-af47030a2ab1,3da87a2f-cb83-4037-8b3f-0a99237eab4f,f5725749-c444-4332-bf03-2b9ab011142b,1634467954340,13.4941867,52.4831219,6.557606,2.969597,-2.43526,-1.987113,on bike mount,cyclo cross,True,fine gravel,good
7ce222c2-4444-48e1-a926-af47030a2ab1,3da87a2f-cb83-4037-8b3f-0a99237eab4f,e3a05b32-224e-4ea3-8f84-7486a14f03b5,1634467954406,13.4941867,52.4831219,6.557606,-0.03913361,-1.7064725,2.102707,on bike mount,cyclo cross,True,fine gravel,good
7ce222c2-4444-48e1-a926-af47030a2ab1,3da87a2f-cb83-4037-8b3f-0a99237eab4f,3b04f23c-f3ee-49d7-98a0-639b0565d48a,1634467954456,13.4941867,52.4831219,6.557606,0.4528448,-0.9863336,-5.6491966,on bike mount,cyclo cross,True,fine gravel,good
7ce222c2-4444-48e1-a926-af47030a2ab1,3da87a2f-cb83-4037-8b3f-0a99237eab4f,0f2e9a7f-9979-45d4-bead-adcd9f73fe40,1634467954507,13.4941867,52.4831219,6.557606,-0.05605811,-4.2395234,-0.2297306,on bike mount,cyclo cross,True,fine gravel,good
7ce222c2-4444-48e1-a926-af47030a2ab1,3da87a2f-cb83-4037-8b3f-0a99237eab4f,fcb21a9a-36f8-4d46-8a39-9fa982fa0d0f,1634467954573,13.4941867,52.4831219,6.557606,0.92319906,3.4588313,4.258727,on bike mount,cyclo cross,True,fine gravel,good
7ce222c2-4444-48e1-a926-af47030a2ab1,3da87a2f-cb83-4037-8b3f-0a99237eab4f,c100e82b-e538-4263-9f61-13eb0f8a6030,1634467954623,13.4941867,52.4831219,6.557606,2.2900376,-1.0690093,2.5684328,on bike mount,cyclo cross,True,fine gravel,good
7ce222c2-4444-48e1-a926-af47030a2ab1,3da87a2f-cb83-4037-8b3f-0a99237eab4f,a46679e4-ed44-46c4-9def-03021e8e166c,1634467954674,13.4941867,52.4831219,6.557606,0.8510523,0.6217818,1.5443001,on bike mount,cyclo cross,True,fine gravel,good
7ce222c2-4444-48e1-a926-af47030a2ab1,3da87a2f-cb83-4037-8b3f-0a99237eab4f,0110075b-ff2f-4aae-938e-a406b234861d,1634467954725,13.4941867,52.4831219,6.557606,-0.07088232,-4.9624825,-0.35386848,on bike mount,cyclo cross,True,fine gravel,good
7ce222c2-4444-48e1-a926-af47030a2ab1,3da87a2f-cb83-4037-8b3f-0a99237eab4f,e84500f6-54ab-4149-b427-468f1fd9eeaf,1634467954775,13.4942158,52.4830634,6.038648,0.7827017,2.067668,-0.7448864,on bike mount,cyclo cross,True,fine gravel,good
7ce222c2-4444-48e1-a926-af47030a2ab1,3da87a2f-cb83-4037-8b3f-0a99237eab4f,63303c7d-5629-4c25-877c-7cef937d2f06,1634467954842,13.4942158,52.4830634,6.038648,-0.38167864,0.80978394,-0.35178375,on bike mount,cyclo cross,True,fine gravel,good
7ce222c2-4444-48e1-a926-af47030a2ab1,3da87a2f-cb83-4037-8b3f-0a99237eab4f,9b19ff2e-6afb-4117-83c1-e4e644b58098,1634467954907,13.4942158,52.4830634,6.038648,0.47733197,1.754683,-2.848446,on bike mount,cyclo cross,True,fine gravel,good
7ce222c2-4444-48e1-a926-af47030a2ab1,3da87a2f-cb83-4037-8b3f-0a99237eab4f,7649d301-6a57-4ebd-b95e-a3a761e4d75a,1634467954958,13.4942158,52.4830634,6.038648,-2.0518274,2.8183093,2.9903336,on bike mount,cyclo cross,True,fine gravel,good
7ce222c2-4444-48e1-a926-af47030a2ab1,3da87a2f-cb83-4037-8b3f-0a99237eab4f,d6c0b1b7-c995-485b-9761-19516414e629,1634467955009,13.4942158,52.4830634,6.038648,0.70806694,-0.8755467,1.2265139,on bike mount,cyclo cross,True,fine gravel,good
7ce222c2-4444-48e1-a926-af47030a2ab1,3da87a2f-cb83-4037-8b3f-0a99237eab4f,433419e7-0d8c-4c05-9c99-2a8de21dcfa0,1634467955060,13.4942158,52.4830634,6.038648,-0.37534833,1.2308772,-1.3595171,on bike mount,cyclo cross,True,fine gravel,good
7ce222c2-4444-48e1-a926-af47030a2ab1,3da87a2f-cb83-4037-8b3f-0a99237eab4f,07eccddc-2a11-4339-974e-a9951fde096f,1634467955125,13.4942158,52.4830634,6.038648,0.12695122,1.0119491,-2.3060684,on bike mount,cyclo cross,True,fine gravel,good
7ce222c2-4444-48e1-a926-af47030a2ab1,3da87a2f-cb83-4037-8b3f-0a99237eab4f,33d8a3ec-cca2-473f-aa45-bd75052d17c1,1634467955192,13.4942158,52.4830634,6.038648,-0.41581976,-4.254155,1.547595,on bike mount,cyclo cross,True,fine gravel,good
7ce222c2-4444-48e1-a926-af47030a2ab1,3da87a2f-cb83-4037-8b3f-0a99237eab4f,64a32033-8c40-4fcb-9893-33170e257b54,1634467955242,13.4942158,52.4830634,6.038648,1.7634425,-0.5527806,-2.3952117,on bike mount,cyclo cross,True,fine gravel,good
7ce222c2-4444-48e1-a926-af47030a2ab1,3da87a2f-cb83-4037-8b3f-0a99237eab4f,f174e727-da14-4cf4-bc16-f8681e0fbbb6,1634467955292,13.4942158,52.4830634,6.038648,-1.468454,-6.2242746,-3.1706204,on bike mount,cyclo cross,True,fine gravel,good
7ce222c2-4444-48e1-a926-af47030a2ab1,3da87a2f-cb83-4037-8b3f-0a99237eab4f,f893adec-c35a-4403-8d0a-a7e1363fa56d,1634467955342,13.4942158,52.4830634,6.038648,-1.967283,-1.7905973,2.7817736,on bike mount,cyclo cross,True,fine gravel,good
7ce222c2-4444-48e1-a926-af47030a2ab1,3da87a2f-cb83-4037-8b3f-0a99237eab4f,e6eff71b-1f5e-4bd2-902f-39505e821f44,1634467955392,13.4942158,52.4830634,6.038648,0.09075609,1.6347556,2.447363,on bike mount,cyclo cross,True,fine gravel,good
7ce222c2-4444-48e1-a926-af47030a2ab1,3da87a2f-cb83-4037-8b3f-0a99237eab4f,b8644da6-3a81-40a1-8a4d-364279d42a6e,1634467955442,13.4942158,52.4830634,6.038648,-0.6504337,-2.342195,-1.9946074,on bike mount,cyclo cross,True,fine gravel,good
7ce222c2-4444-48e1-a926-af47030a2ab1,3da87a2f-cb83-4037-8b3f-0a99237eab4f,8ca24755-6c81-4bc1-b775-af4cb97299d6,1634467955492,13.4942158,52.4830634,6.038648,0.48345035,-1.8701206,3.9520702,on bike mount,cyclo cross,True,fine gravel,good
7ce222c2-4444-48e1-a926-af47030a2ab1,3da87a2f-cb83-4037-8b3f-0a99237eab4f,bf9b1ee3-7430-44e2-864c-549b2d058725,1634467955542,13.4942158,52.4830634,6.038648,-0.24265312,3.9960208,-1.4348555,on bike mount,cyclo cross,True,fine gravel,good
7ce222c2-4444-48e1-a926-af47030a2ab1,3da87a2f-cb83-4037-8b3f-0a99237eab4f,f2624de2-0262-4c05-9e9d-9a93d5a537a5,1634467955592,13.4942158,52.4830634,6.038648,-1.6909723,1.9333806,0.13786983,on bike mount,cyclo cross,True,fine gravel,good
7ce222c2-4444-48e1-a926-af47030a2ab1,3da87a2f-cb83-4037-8b3f-0a99237eab4f,41d04e29-451b-4bab-8413-1fb55ea35944,1634467955642,13.4942158,52.4830634,6.038648,-0.32528153,0.11284256,7.3365345,on bike mount,cyclo cross,True,fine gravel,good
7ce222c2-4444-48e1-a926-af47030a2ab1,3da87a2f-cb83-4037-8b3f-0a99237eab4f,df8367d4-d774-44cc-9922-4b53cd189ab2,1634467955692,13.4942158,52.4830634,6.038648,-0.3484719,2.66403,-2.1319613,on bike mount,cyclo cross,True,fine gravel,good
7ce222c2-4444-48e1-a926-af47030a2ab1,3da87a2f-cb83-4037-8b3f-0a99237eab4f,1f7dc97b-fa23-4654-892c-5db68a01950f,1634467955744,13.4942278,52.4830028,7.2029185,-2.416803,3.107648,5.8950405,on bike mount,cyclo cross,True,fine gravel,good
7ce222c2-4444-48e1-a926-af47030a2ab1,3da87a2f-cb83-4037-8b3f-0a99237eab4f,50936d07-80fd-4ddc-8535-32f3ff1bc2e7,1634467955809,13.4942278,52.4830028,7.2029185,0.04156643,1.1384964,-0.77379894,on bike mount,cyclo cross,True,fine gravel,good
7ce222c2-4444-48e1-a926-af47030a2ab1,3da87a2f-cb83-4037-8b3f-0a99237eab4f,3d5a6ac3-7273-443c-8fb5-0f3a66c07f93,1634467955861,13.4942278,52.4830028,7.2029185,1.1243052,-3.3842669,1.0352917,on bike mount,cyclo cross,True,fine gravel,good
7ce222c2-4444-48e1-a926-af47030a2ab1,3da87a2f-cb83-4037-8b3f-0a99237eab4f,398300e5-0553-4bc2-bb59-cf93673c66cc,1634467955911,13.4942278,52.4830028,7.2029185,0.721041,0.47923684,0.2994566,on bike mount,cyclo cross,True,fine gravel,good
7ce222c2-4444-48e1-a926-af47030a2ab1,3da87a2f-cb83-4037-8b3f-0a99237eab4f,47ce9a42-ea8a-4c8b-8888-5e5ed6ef2f6b,1634467955977,13.4942278,52.4830028,7.2029185,-0.39647287,-0.42781973,-1.0659456,on bike mount,cyclo cross,True,fine gravel,good
7ce222c2-4444-48e1-a926-af47030a2ab1,3da87a2f-cb83-4037-8b3f-0a99237eab4f,bfb35068-08d1-4bde-936c-0a734435405b,1634467956027,13.4942278,52.4830028,7.2029185,0.1241132,2.0517888,0.66577244,on bike mount,cyclo cross,True,fine gravel,good
7ce222c2-4444-48e1-a926-af47030a2ab1,3da87a2f-cb83-4037-8b3f-0a99237eab4f,a4f7378d-d2d6-4f32-aa8a-2cc3ad767e3e,1634467956078,13.4942278,52.4830028,7.2029185,-0.070971236,-1.6770631,-0.5129566,on bike mount,cyclo cross,True,fine gravel,good
7ce222c2-4444-48e1-a926-af47030a2ab1,3da87a2f-cb83-4037-8b3f-0a99237eab4f,3fb4afc0-07fc-4547-b237-f4fbea29d338,1634467956128,13.4942278,52.4830028,7.2029185,-1.7145467,2.2040029,-3.3142967,on bike mount,cyclo cross,True,fine gravel,good
7ce222c2-4444-48e1-a926-af47030a2ab1,3da87a2f-cb83-4037-8b3f-0a99237eab4f,5a65c221-d858-447b-80cd-82ae25bc4baa,1634467956179,13.4942278,52.4830028,7.2029185,-0.19361065,2.2262883,4.2470226,on bike mount,cyclo cross,True,fine gravel,good
7ce222c2-4444-48e1-a926-af47030a2ab1,3da87a2f-cb83-4037-8b3f-0a99237eab4f,7a5a3abe-7f31-4b4f-8eee-dc4686b49cc8,1634467956244,13.4942278,52.4830028,7.2029185,-0.6501089,-0.5184388,-0.726038,on bike mount,cyclo cross,True,fine gravel,good
7ce222c2-4444-48e1-a926-af47030a2ab1,3da87a2f-cb83-4037-8b3f-0a99237eab4f,1ddf9997-03c0-4c42-ab3f-b208c1310b19,1634467956295,13.4942278,52.4830028,7.2029185,-0.18531352,-0.882458,-0.26422977,on bike mount,cyclo cross,True,fine gravel,good
7ce222c2-4444-48e1-a926-af47030a2ab1,3da87a2f-cb83-4037-8b3f-0a99237eab4f,e4832f28-ff82-4e2a-bed0-bfc996c793d9,1634467956345,13.4942278,52.4830028,7.2029185,0.06726071,-5.1621428,2.0365095,on bike mount,cyclo cross,True,fine gravel,good
7ce222c2-4444-48e1-a926-af47030a2ab1,3da87a2f-cb83-4037-8b3f-0a99237eab4f,3ae92240-b937-4323-9dc3-c803b1c0ba9f,1634467956395,13.4942278,52.4830028,7.2029185,0.023923159,1.601918,-1.4054036,on bike mount,cyclo cross,True,fine gravel,good
7ce222c2-4444-48e1-a926-af47030a2ab1,3da87a2f-cb83-4037-8b3f-0a99237eab4f,163626cc-df97-46ec-a786-9d713552547f,1634467956446,13.4942278,52.4830028,7.2029185,-0.61100394,1.3090496,0.6974697,on bike mount,cyclo cross,True,fine gravel,good
7ce222c2-4444-48e1-a926-af47030a2ab1,3da87a2f-cb83-4037-8b3f-0a99237eab4f,cea17c5e-44eb-4dab-b9c7-cb020fad9109,1634467956497,13.4942278,52.4830028,7.2029185,-1.7671325,-1.7781297,-1.2519174,on bike mount,cyclo cross,True,fine gravel,good
7ce222c2-4444-48e1-a926-af47030a2ab1,3da87a2f-cb83-4037-8b3f-0a99237eab4f,49f39fe1-febd-42b1-8dbc-22037561a1c9,1634467956562,13.4942278,52.4830028,7.2029185,-1.3153906,-1.8466173,2.0609608,on bike mount,cyclo cross,True,fine gravel,good
7ce222c2-4444-48e1-a926-af47030a2ab1,3da87a2f-cb83-4037-8b3f-0a99237eab4f,b479f7b5-1fc3-488e-b79b-3b434dd2722b,1634467956612,13.4942278,52.4830028,7.2029185,0.003579542,-3.4884796,2.6712723,on bike mount,cyclo cross,True,fine gravel,good
7ce222c2-4444-48e1-a926-af47030a2ab1,3da87a2f-cb83-4037-8b3f-0a99237eab4f,d40ded58-7bc8-49b1-9a64-59df922a21fb,1634467956661,13.4942278,52.4830028,7.2029185,0.47516295,-1.6877432,-0.037644386,on bike mount,cyclo cross,True,fine gravel,good
7ce222c2-4444-48e1-a926-af47030a2ab1,3da87a2f-cb83-4037-8b3f-0a99237eab4f,048fe475-c497-4ce7-acbd-b60d80f06695,1634467956712,13.4942278,52.4830028,7.2029185,-0.87132835,-0.8727211,-0.8657017,on bike mount,cyclo cross,True,fine gravel,good
7ce222c2-4444-48e1-a926-af47030a2ab1,3da87a2f-cb83-4037-8b3f-0a99237eab4f,c7bfde96-af86-4e50-97ac-0a235fd108b7,1634467956762,13.494237,52.4829382,6.229459,-0.61218965,1.2894921,-2.8429914,on bike mount,cyclo cross,True,fine gravel,good
7ce222c2-4444-48e1-a926-af47030a2ab1,3da87a2f-cb83-4037-8b3f-0a99237eab4f,6f06776b-1cd1-4809-aa55-ad2ebaf5a23b,1634467956811,13.494237,52.4829382,6.229459,-0.1497913,2.9593215,-1.3760786,on bike mount,cyclo cross,True,fine gravel,good
7ce222c2-4444-48e1-a926-af47030a2ab1,3da87a2f-cb83-4037-8b3f-0a99237eab4f,e7063556-f0f6-48bc-b317-a47d315e7849,1634467956862,13.494237,52.4829382,6.229459,-0.44607306,-2.7850852,1.6463976,on bike mount,cyclo cross,True,fine gravel,good
7ce222c2-4444-48e1-a926-af47030a2ab1,3da87a2f-cb83-4037-8b3f-0a99237eab4f,8d11f6ac-e9d9-4e9a-a4d1-d3a9fc7cb86c,1634467956913,13.494237,52.4829382,6.229459,-0.48928812,-2.987883,-1.9214725,on bike mount,cyclo cross,True,fine gravel,good
7ce222c2-4444-48e1-a926-af47030a2ab1,3da87a2f-cb83-4037-8b3f-0a99237eab4f,c089457b-6ca0-4c00-8a0c-a493ac2630eb,1634467956979,13.494237,52.4829382,6.229459,1.197043,-1.9470598,2.9217958,on bike mount,cyclo cross,True,fine gravel,good
7ce222c2-4444-48e1-a926-af47030a2ab1,3da87a2f-cb83-4037-8b3f-0a99237eab4f,74166c74-06e2-46b6-aecd-f01bbe826a0a,1634467957031,13.494237,52.4829382,6.229459,1.2113018,-0.8520727,3.5891085,on bike mount,cyclo cross,True,fine gravel,good
7ce222c2-4444-48e1-a926-af47030a2ab1,3da87a2f-cb83-4037-8b3f-0a99237eab4f,16521587-81d3-4dca-b8ee-51618d46a811,1634467957080,13.494237,52.4829382,6.229459,0.81671655,-2.8180025,-4.9665318,on bike mount,cyclo cross,True,fine gravel,good
7ce222c2-4444-48e1-a926-af47030a2ab1,3da87a2f-cb83-4037-8b3f-0a99237eab4f,8f1b9e16-5e96-4515-8311-66976f44133f,1634467957131,13.494237,52.4829382,6.229459,0.376271,-3.3157125,-1.3622999,on bike mount,cyclo cross,True,fine gravel,good
7ce222c2-4444-48e1-a926-af47030a2ab1,3da87a2f-cb83-4037-8b3f-0a99237eab4f,1e40915c-9993-42ba-87aa-922524ecf6ad,1634467957199,13.494237,52.4829382,6.229459,0.4233619,0.7124026,0.0026474,on bike mount,cyclo cross,True,fine gravel,good
7ce222c2-4444-48e1-a926-af47030a2ab1,3da87a2f-cb83-4037-8b3f-0a99237eab4f,be73ef05-75c0-4027-ab76-b4e5b876cfc6,1634467957264,13.494237,52.4829382,6.229459,0.0009884834,3.858549,-2.0103383,on bike mount,cyclo cross,True,fine gravel,good
7ce222c2-4444-48e1-a926-af47030a2ab1,3da87a2f-cb83-4037-8b3f-0a99237eab4f,0315d922-7023-4f90-821c-4c8bc4f6d7ba,1634467957314,13.494237,52.4829382,6.229459,0.89819103,-5.646493,4.1737766,on bike mount,cyclo cross,True,fine gravel,good
7ce222c2-4444-48e1-a926-af47030a2ab1,3da87a2f-cb83-4037-8b3f-0a99237eab4f,73bc0db6-5a12-4a4e-89f5-05e4313c24aa,1634467957364,13.494237,52.4829382,6.229459,0.8049909,-0.39580974,3.3645115,on bike mount,cyclo cross,True,fine gravel,good
7ce222c2-4444-48e1-a926-af47030a2ab1,3da87a2f-cb83-4037-8b3f-0a99237eab4f,6c65ea7b-2405-4274-9dab-6523a14a8508,1634467957414,13.494237,52.4829382,6.229459,-0.41679403,2.516767,0.76712227,on bike mount,cyclo cross,True,fine gravel,good
7ce222c2-4444-48e1-a926-af47030a2ab1,3da87a2f-cb83-4037-8b3f-0a99237eab4f,5a4c2f1b-4eda-4eef-8764-0fe903bdd229,1634467957465,13.494237,52.4829382,6.229459,0.99370414,-3.4844112,-0.648221,on bike mount,cyclo cross,True,fine gravel,good
7ce222c2-4444-48e1-a926-af47030a2ab1,3da87a2f-cb83-4037-8b3f-0a99237eab4f,4f107eec-a11e-441d-ac9f-32e697f9ac1d,1634467957515,13.494237,52.4829382,6.229459,0.80791235,1.7196698,1.5497131,on bike mount,cyclo cross,True,fine gravel,good
7ce222c2-4444-48e1-a926-af47030a2ab1,3da87a2f-cb83-4037-8b3f-0a99237eab4f,f631bb72-bc0d-4f09-9633-00c6179a7b16,1634467957566,13.494237,52.4829382,6.229459,0.7457556,-6.656156,2.3257465,on bike mount,cyclo cross,True,fine gravel,good
7ce222c2-4444-48e1-a926-af47030a2ab1,3da87a2f-cb83-4037-8b3f-0a99237eab4f,3264a443-c42b-41db-b57d-a5e8184ebfae,1634467957616,13.494237,52.4829382,6.229459,0.8916325,-2.6853652,0.35363197,on bike mount,cyclo cross,True,fine gravel,good
7ce222c2-4444-48e1-a926-af47030a2ab1,3da87a2f-cb83-4037-8b3f-0a99237eab4f,2fba443f-aa77-4733-9a6e-a4272a05c4f4,1634467957666,13.494237,52.4829382,6.229459,-0.14466023,1.9469137,-2.086465,on bike mount,cyclo cross,True,fine gravel,good
7ce222c2-4444-48e1-a926-af47030a2ab1,3da87a2f-cb83-4037-8b3f-0a99237eab4f,fd94a9e7-8221-4398-8f8e-30dfdbcd5398,1634467957735,13.494237,52.4829382,6.229459,-1.2256267,1.7011766,-3.974132,on bike mount,cyclo cross,True,fine gravel,good
7ce222c2-4444-48e1-a926-af47030a2ab1,3da87a2f-cb83-4037-8b3f-0a99237eab4f,ffa6f8c8-c758-46cd-b8e8-0df7a6db385c,1634467957798,13.4942588,52.4828847,5.7255545,-0.46139684,0.23853326,0.36488533,on bike mount,cyclo cross,True,fine gravel,good
7ce222c2-4444-48e1-a926-af47030a2ab1,3da87a2f-cb83-4037-8b3f-0a99237eab4f,488adbf6-73ee-4565-9774-28b865f0c66c,1634467957847,13.4942588,52.4828847,5.7255545,-0.90010655,-4.0525055,-4.5746045,on bike mount,cyclo cross,True,fine gravel,good
7ce222c2-4444-48e1-a926-af47030a2ab1,3da87a2f-cb83-4037-8b3f-0a99237eab4f,cf020e87-d1fe-4f2f-b133-e0a278ad97fc,1634467957898,13.4942588,52.4828847,5.7255545,-0.5323496,-0.51328325,-1.0093031,on bike mount,cyclo cross,True,fine gravel,good
7ce222c2-4444-48e1-a926-af47030a2ab1,3da87a2f-cb83-4037-8b3f-0a99237eab4f,4e898cca-42a1-4b95-b0e7-a7609e6b54c9,1634467957948,13.4942588,52.4828847,5.7255545,-0.44626138,2.7302766,1.4015083,on bike mount,cyclo cross,True,fine gravel,good
7ce222c2-4444-48e1-a926-af47030a2ab1,3da87a2f-cb83-4037-8b3f-0a99237eab4f,9fb257dc-40d3-4873-8849-a400de6e3ffa,1634467957999,13.4942588,52.4828847,5.7255545,0.26290733,-2.5377376,-0.5386238,on bike mount,cyclo cross,True,fine gravel,good
7ce222c2-4444-48e1-a926-af47030a2ab1,3da87a2f-cb83-4037-8b3f-0a99237eab4f,b757b588-ca40-4b91-83a0-5cd1d20da0ac,1634467958048,13.4942588,52.4828847,5.7255545,-0.1533394,-1.6191846,-2.0647478,on bike mount,cyclo cross,True,fine gravel,good
7ce222c2-4444-48e1-a926-af47030a2ab1,3da87a2f-cb83-4037-8b3f-0a99237eab4f,5beafbb2-ed6e-400f-91f6-8141e2bd44e7,1634467958099,13.4942588,52.4828847,5.7255545,-0.35141236,2.3964658,0.19150639,on bike mount,cyclo cross,True,fine gravel,good
7ce222c2-4444-48e1-a926-af47030a2ab1,3da87a2f-cb83-4037-8b3f-0a99237eab4f,84566720-08ca-46a2-b1cf-e78b64d64b7a,1634467958149,13.4942588,52.4828847,5.7255545,-0.19581406,2.8020577,1.3700924,on bike mount,cyclo cross,True,fine gravel,good
7ce222c2-4444-48e1-a926-af47030a2ab1,3da87a2f-cb83-4037-8b3f-0a99237eab4f,588b1cff-1db4-47f1-b0df-3aab88f8d88f,1634467958199,13.4942588,52.4828847,5.7255545,-1.2713428,-2.0683699,0.058470726,on bike mount,cyclo cross,True,fine gravel,good
7ce222c2-4444-48e1-a926-af47030a2ab1,3da87a2f-cb83-4037-8b3f-0a99237eab4f,13471bc9-b209-42ba-b6c1-77e237244d88,1634467958250,13.4942588,52.4828847,5.7255545,-0.5876161,3.1433039,-4.9774094,on bike mount,cyclo cross,True,fine gravel,good
7ce222c2-4444-48e1-a926-af47030a2ab1,3da87a2f-cb83-4037-8b3f-0a99237eab4f,bb1012ac-b80f-4b3a-92e5-e5c638ca2095,1634467958318,13.4942588,52.4828847,5.7255545,-0.4338475,0.08688116,-0.2967415,on bike mount,cyclo cross,True,fine gravel,good
7ce222c2-4444-48e1-a926-af47030a2ab1,3da87a2f-cb83-4037-8b3f-0a99237eab4f,d50e7d1f-6447-4b5a-a915-afc5a39fc63d,1634467958368,13.4942588,52.4828847,5.7255545,-0.8245436,-1.440747,1.245574,on bike mount,cyclo cross,True,fine gravel,good
7ce222c2-4444-48e1-a926-af47030a2ab1,3da87a2f-cb83-4037-8b3f-0a99237eab4f,5aae2649-b344-4ca5-8321-78e8112b3938,1634467958418,13.4942588,52.4828847,5.7255545,2.0182042,-0.21663356,4.960684,on bike mount,cyclo cross,True,fine gravel,good
7ce222c2-4444-48e1-a926-af47030a2ab1,3da87a2f-cb83-4037-8b3f-0a99237eab4f,978c7db9-7d64-40de-b613-02c3aa1c61bb,1634467958468,13.4942588,52.4828847,5.7255545,1.2846234,-4.826917,4.2069035,on bike mount,cyclo cross,True,fine gravel,good
7ce222c2-4444-48e1-a926-af47030a2ab1,3da87a2f-cb83-4037-8b3f-0a99237eab4f,41027a17-c7d4-47f3-aabd-b69664571515,1634467958518,13.4942588,52.4828847,5.7255545,0.14041752,8.116301,1.7616682,on bike mount,cyclo cross,True,fine gravel,good
7ce222c2-4444-48e1-a926-af47030a2ab1,3da87a2f-cb83-4037-8b3f-0a99237eab4f,7405c59d-91ee-47f5-b3ef-8958fc5eca8a,1634467958586,13.4942588,52.4828847,5.7255545,-0.9533775,-0.20251584,-0.88157845,on bike mount,cyclo cross,True,fine gravel,good
7ce222c2-4444-48e1-a926-af47030a2ab1,3da87a2f-cb83-4037-8b3f-0a99237eab4f,9f2e6fd1-4ded-47c7-aa46-4e6cc03fe9e5,1634467958651,13.4942588,52.4828847,5.7255545,-0.88590515,-0.12962914,1.3805408,on bike mount,cyclo cross,True,fine gravel,good
7ce222c2-4444-48e1-a926-af47030a2ab1,3da87a2f-cb83-4037-8b3f-0a99237eab4f,0fb9d56e-8503-48af-aa42-d05db2eb6a90,1634467958702,13.4942588,52.4828847,5.7255545,0.15124485,0.1131196,-3.3589084,on bike mount,cyclo cross,True,fine gravel,good
7ce222c2-4444-48e1-a926-af47030a2ab1,3da87a2f-cb83-4037-8b3f-0a99237eab4f,daa3fdca-a6eb-41a9-9493-d63e6201b54a,1634467958753,13.4942816,52.482834,6.0546417,0.111687094,1.0035393,6.214241,on bike mount,cyclo cross,True,fine gravel,good
7ce222c2-4444-48e1-a926-af47030a2ab1,3da87a2f-cb83-4037-8b3f-0a99237eab4f,397743f0-49e8-4207-bf98-87b9fabc0745,1634467958803,13.4942816,52.482834,6.0546417,-1.013795,2.5548444,6.2652836,on bike mount,cyclo cross,True,fine gravel,good
7ce222c2-4444-48e1-a926-af47030a2ab1,3da87a2f-cb83-4037-8b3f-0a99237eab4f,5af081ea-52fa-4cb3-bff5-3318dd734c4b,1634467958868,13.4942816,52.482834,6.0546417,-1.7948244,-2.4011748,-2.7092142,on bike mount,cyclo cross,True,fine gravel,good
7ce222c2-4444-48e1-a926-af47030a2ab1,3da87a2f-cb83-4037-8b3f-0a99237eab4f,1c6d803f-babc-48bf-8fa0-951eae62c82a,1634467958935,13.4942816,52.482834,6.0546417,-0.7670568,-1.1616175,6.0499554,on bike mount,cyclo cross,True,fine gravel,good
7ce222c2-4444-48e1-a926-af47030a2ab1,3da87a2f-cb83-4037-8b3f-0a99237eab4f,e7d7a9a9-489c-4185-9135-aa5338ccc9f7,1634467958985,13.4942816,52.482834,6.0546417,2.3655806,0.95923257,2.0048113,on bike mount,cyclo cross,True,fine gravel,good
7ce222c2-4444-48e1-a926-af47030a2ab1,3da87a2f-cb83-4037-8b3f-0a99237eab4f,68772995-cdff-40eb-9d52-a525917da286,1634467959036,13.4942816,52.482834,6.0546417,-0.42531615,-1.0696017,2.6176205,on bike mount,cyclo cross,True,fine gravel,good
7ce222c2-4444-48e1-a926-af47030a2ab1,3da87a2f-cb83-4037-8b3f-0a99237eab4f,d4a67b1c-e377-4947-9870-4bfe166e2d84,1634467959086,13.4942816,52.482834,6.0546417,1.0537782,-0.13911295,1.8076315,on bike mount,cyclo cross,True,fine gravel,good
7ce222c2-4444-48e1-a926-af47030a2ab1,3da87a2f-cb83-4037-8b3f-0a99237eab4f,aa8b77bf-446c-4c2c-97f0-cf66f055e156,1634467959137,13.4942816,52.482834,6.0546417,-0.4955425,4.9471607,4.9837017,on bike mount,cyclo cross,True,fine gravel,good
7ce222c2-4444-48e1-a926-af47030a2ab1,3da87a2f-cb83-4037-8b3f-0a99237eab4f,470236f0-5140-4673-a227-fe95aa3027b9,1634467959202,13.4942816,52.482834,6.0546417,-6.6501107,0.31533432,0.86315346,on bike mount,cyclo cross,True,fine gravel,good
7ce222c2-4444-48e1-a926-af47030a2ab1,3da87a2f-cb83-4037-8b3f-0a99237eab4f,cddf6fc7-725d-459b-a972-1046bb5e9953,1634467959253,13.4942816,52.482834,6.0546417,0.0028418303,-5.25801,1.3401814,on bike mount,cyclo cross,True,fine gravel,good
7ce222c2-4444-48e1-a926-af47030a2ab1,3da87a2f-cb83-4037-8b3f-0a99237eab4f,8f7d6c52-8188-4558-859d-5e192758bc7b,1634467959320,13.4942816,52.482834,6.0546417,-3.0585554,-1.4190533,36.65252,on bike mount,cyclo cross,True,fine gravel,good
7ce222c2-4444-48e1-a926-af47030a2ab1,3da87a2f-cb83-4037-8b3f-0a99237eab4f,c6f816b3-676a-42bf-b936-96a15fa9fffb,1634467959388,13.4942816,52.482834,6.0546417,-8.741833,-3.9538326,9.503235,on bike mount,cyclo cross,True,fine gravel,good
7ce222c2-4444-48e1-a926-af47030a2ab1,3da87a2f-cb83-4037-8b3f-0a99237eab4f,89ad42cd-8cf0-4ee9-9ce9-e88e78ab64e0,1634467959455,13.4942816,52.482834,6.0546417,-0.46706235,0.11004853,-2.8933897,on bike mount,cyclo cross,True,fine gravel,good
7ce222c2-4444-48e1-a926-af47030a2ab1,3da87a2f-cb83-4037-8b3f-0a99237eab4f,2833b680-be85-4bdd-a3b6-abb01c9e32be,1634467959520,13.4942816,52.482834,6.0546417,-4.473019,-14.8927,15.6040535,on bike mount,cyclo cross,True,fine gravel,good
7ce222c2-4444-48e1-a926-af47030a2ab1,3da87a2f-cb83-4037-8b3f-0a99237eab4f,2f220157-3619-4f9d-8ea4-e4796ce77151,1634467959570,13.4942816,52.482834,6.0546417,-1.24573,3.1060743,-6.565526,on bike mount,cyclo cross,True,fine gravel,good
7ce222c2-4444-48e1-a926-af47030a2ab1,3da87a2f-cb83-4037-8b3f-0a99237eab4f,23629094-b253-472f-a49c-23a66619d587,1634467959621,13.4942816,52.482834,6.0546417,2.7629309,9.072414,-6.8657694,on bike mount,cyclo cross,True,fine gravel,good
7ce222c2-4444-48e1-a926-af47030a2ab1,3da87a2f-cb83-4037-8b3f-0a99237eab4f,2f5ba27b-0b49-4e8e-bede-6071718d5f86,1634467959687,13.4942816,52.482834,6.0546417,-1.8595623,5.9823775,2.7637625,on bike mount,cyclo cross,True,fine gravel,good
7ce222c2-4444-48e1-a926-af47030a2ab1,3da87a2f-cb83-4037-8b3f-0a99237eab4f,bf91804c-b686-4824-a15d-f1cbe80d696e,1634467959741,13.4943089,52.4827812,6.14723,-2.228726,-7.000228,3.6533976,on bike mount,cyclo cross,True,fine gravel,good
7ce222c2-4444-48e1-a926-af47030a2ab1,3da87a2f-cb83-4037-8b3f-0a99237eab4f,c9e6a168-c6c8-4dd5-9d7a-4b32c1141f69,1634467959804,13.4943089,52.4827812,6.14723,3.9728465,-5.399273,6.8118496,on bike mount,cyclo cross,True,fine gravel,good
7ce222c2-4444-48e1-a926-af47030a2ab1,3da87a2f-cb83-4037-8b3f-0a99237eab4f,2b1e0c08-a2d1-49da-8f1d-dadb46922825,1634467959855,13.4943089,52.4827812,6.14723,-3.8857713,-16.300165,17.872663,on bike mount,cyclo cross,True,fine gravel,good
7ce222c2-4444-48e1-a926-af47030a2ab1,3da87a2f-cb83-4037-8b3f-0a99237eab4f,912bebc3-b160-47cc-a841-052aa5f508b5,1634467959904,13.4943089,52.4827812,6.14723,0.4635304,1.2244058,-10.093693,on bike mount,cyclo cross,True,fine gravel,good
