bike_activity_uid,bike_activity_sample_uid,bike_activity_measurement,bike_activity_measurement_timestamp,bike_activity_measurement_lon,bike_activity_measurement_lat,bike_activity_measurement_speed,bike_activity_measurement_accelerometer_x,bike_activity_measurement_accelerometer_y,bike_activity_measurement_accelerometer_z,bike_activity_phone_position,bike_activity_bike_type,bike_activity_flagged_lab_conditions,bike_activity_surface_type,bike_activity_smoothness_type
96cfbbfa-d1ca-44ed-848b-f98fbefe7312,86cf3745-9118-44ae-b1bd-15c449a2d33d,4c74e5c1-5ccf-4102-a0ac-eb877b9c923d,1627405092714,13.4148972,52.4856143,8.751353,0.28908098,0.40540504,-1.7933311,on bike mount,cyclo cross,False,asphalt,good
96cfbbfa-d1ca-44ed-848b-f98fbefe7312,86cf3745-9118-44ae-b1bd-15c449a2d33d,bc0b4460-590f-4e51-a441-60e0cec5a629,1627405092815,13.4148972,52.4856143,8.751353,-0.295659,-0.7305112,0.38320732,on bike mount,cyclo cross,False,asphalt,good
96cfbbfa-d1ca-44ed-848b-f98fbefe7312,86cf3745-9118-44ae-b1bd-15c449a2d33d,b218ea65-33fd-43b7-a9a5-00a6411d8c52,1627405092880,13.4148972,52.4856143,8.751353,0.15587401,0.4910984,0.042292595,on bike mount,cyclo cross,False,asphalt,good
96cfbbfa-d1ca-44ed-848b-f98fbefe7312,86cf3745-9118-44ae-b1bd-15c449a2d33d,1415bea8-5b43-4cbb-bf61-66590f8c34b7,1627405092947,13.4148972,52.4856143,8.751353,-0.7343323,0.053833246,0.082300186,on bike mount,cyclo cross,False,asphalt,good
96cfbbfa-d1ca-44ed-848b-f98fbefe7312,86cf3745-9118-44ae-b1bd-15c449a2d33d,940f0e36-0b20-4fb1-b755-a97a13beb37b,1627405093014,13.4148972,52.4856143,8.751353,-0.11906861,-0.9401016,-1.2006125,on bike mount,cyclo cross,False,asphalt,good
96cfbbfa-d1ca-44ed-848b-f98fbefe7312,86cf3745-9118-44ae-b1bd-15c449a2d33d,3dae0010-4fdf-4b79-9cd2-3225e13a6f65,1627405093081,13.4148972,52.4856143,8.751353,0.97044754,1.4856048,-1.849597,on bike mount,cyclo cross,False,asphalt,good
96cfbbfa-d1ca-44ed-848b-f98fbefe7312,86cf3745-9118-44ae-b1bd-15c449a2d33d,4e804b35-5a48-4631-b898-4e0f19a5b89a,1627405093147,13.4149016,52.4856924,8.611698,-0.82715565,-0.31558204,0.39251614,on bike mount,cyclo cross,False,asphalt,good
96cfbbfa-d1ca-44ed-848b-f98fbefe7312,86cf3745-9118-44ae-b1bd-15c449a2d33d,b27eef68-43a0-44c4-844a-8b901319d7c2,1627405093214,13.4149016,52.4856924,8.611698,0.039150655,1.2056813,-0.45242882,on bike mount,cyclo cross,False,asphalt,good
96cfbbfa-d1ca-44ed-848b-f98fbefe7312,86cf3745-9118-44ae-b1bd-15c449a2d33d,bcc67f41-dc56-41b7-bff6-7d504aca55a1,1627405093280,13.4149016,52.4856924,8.611698,-0.94783294,1.1629908,1.096839,on bike mount,cyclo cross,False,asphalt,good
96cfbbfa-d1ca-44ed-848b-f98fbefe7312,86cf3745-9118-44ae-b1bd-15c449a2d33d,e6a93b0c-5218-4b70-a6bb-ff9b00af737c,1627405093330,13.4149016,52.4856924,8.611698,0.5450707,-0.29154444,-0.80639553,on bike mount,cyclo cross,False,asphalt,good
96cfbbfa-d1ca-44ed-848b-f98fbefe7312,86cf3745-9118-44ae-b1bd-15c449a2d33d,a36d4a75-fcad-4e32-b3aa-e7d496b512e0,1627405093380,13.4149016,52.4856924,8.611698,-0.5133979,-1.5857658,1.3228807,on bike mount,cyclo cross,False,asphalt,good
96cfbbfa-d1ca-44ed-848b-f98fbefe7312,86cf3745-9118-44ae-b1bd-15c449a2d33d,cfef89aa-3d55-4f79-b3bf-1391f0e21d0d,1627405093431,13.4149016,52.4856924,8.611698,-1.6808563,0.40652466,0.5233717,on bike mount,cyclo cross,False,asphalt,good
96cfbbfa-d1ca-44ed-848b-f98fbefe7312,86cf3745-9118-44ae-b1bd-15c449a2d33d,c17faef5-74d3-4fdc-aaf0-ae4e4e1901af,1627405093498,13.4149016,52.4856924,8.611698,-0.30667266,-0.095878124,-0.8516598,on bike mount,cyclo cross,False,asphalt,good
96cfbbfa-d1ca-44ed-848b-f98fbefe7312,86cf3745-9118-44ae-b1bd-15c449a2d33d,664c17a2-1e8a-415e-be80-47bc2ce6c086,1627405093548,13.4149016,52.4856924,8.611698,-1.1872427,1.1584187,-1.2078147,on bike mount,cyclo cross,False,asphalt,good
96cfbbfa-d1ca-44ed-848b-f98fbefe7312,86cf3745-9118-44ae-b1bd-15c449a2d33d,ebff28ec-c606-44bd-ae23-bf714e8cc0c1,1627405093614,13.4149016,52.4856924,8.611698,0.17267019,1.3108811,-1.9978461,on bike mount,cyclo cross,False,asphalt,good
96cfbbfa-d1ca-44ed-848b-f98fbefe7312,86cf3745-9118-44ae-b1bd-15c449a2d33d,a8df9cb9-ca3e-42a1-bb09-28b4bb943ee9,1627405093681,13.4149016,52.4856924,8.611698,0.3072812,1.4474382,0.13401985,on bike mount,cyclo cross,False,asphalt,good
96cfbbfa-d1ca-44ed-848b-f98fbefe7312,86cf3745-9118-44ae-b1bd-15c449a2d33d,26a0cedc-c192-4aa4-b981-b3b0c87cf446,1627405093748,13.4149016,52.4856924,8.611698,-0.5702784,2.2506893,0.075696945,on bike mount,cyclo cross,False,asphalt,good
96cfbbfa-d1ca-44ed-848b-f98fbefe7312,86cf3745-9118-44ae-b1bd-15c449a2d33d,0c0b7063-10ca-4957-b6d0-f695bc5aee25,1627405093815,13.4149016,52.4856924,8.611698,0.042792354,-0.2338891,1.0971155,on bike mount,cyclo cross,False,asphalt,good
96cfbbfa-d1ca-44ed-848b-f98fbefe7312,86cf3745-9118-44ae-b1bd-15c449a2d33d,b3c0e228-f6e1-49a6-b320-b11e018a9f94,1627405093865,13.4149016,52.4856924,8.611698,-0.6941751,0.19933248,1.3139143,on bike mount,cyclo cross,False,asphalt,good
96cfbbfa-d1ca-44ed-848b-f98fbefe7312,86cf3745-9118-44ae-b1bd-15c449a2d33d,38cd6b1b-e83a-455b-b422-47bd9d9339cd,1627405093915,13.4149016,52.4856924,8.611698,0.6929679,0.6594982,-1.8111305,on bike mount,cyclo cross,False,asphalt,good
96cfbbfa-d1ca-44ed-848b-f98fbefe7312,86cf3745-9118-44ae-b1bd-15c449a2d33d,cbf9db04-d35c-4b54-a7b1-90be909179cd,1627405093965,13.4149016,52.4856924,8.611698,0.56442136,-4.792125,4.745203,on bike mount,cyclo cross,False,asphalt,good
96cfbbfa-d1ca-44ed-848b-f98fbefe7312,86cf3745-9118-44ae-b1bd-15c449a2d33d,752d6fc4-7c91-4fd4-b1c2-11514674214c,1627405094032,13.4149016,52.4856924,8.611698,0.44199574,-0.5545039,2.2396183,on bike mount,cyclo cross,False,asphalt,good
96cfbbfa-d1ca-44ed-848b-f98fbefe7312,86cf3745-9118-44ae-b1bd-15c449a2d33d,a385d864-5110-4891-9ec8-37a0f9bb1877,1627405094082,13.4149016,52.4856924,8.611698,0.21121556,-0.11785412,0.6162882,on bike mount,cyclo cross,False,asphalt,good
96cfbbfa-d1ca-44ed-848b-f98fbefe7312,86cf3745-9118-44ae-b1bd-15c449a2d33d,ef3e7242-199c-45f0-9fac-bc3730150a49,1627405094148,13.414899,52.4857694,8.757237,-1.2758386,0.8894057,1.7313099,on bike mount,cyclo cross,False,asphalt,good
96cfbbfa-d1ca-44ed-848b-f98fbefe7312,86cf3745-9118-44ae-b1bd-15c449a2d33d,d85a2783-5dbc-45df-b5c3-c9a48abea788,1627405094215,13.414899,52.4857694,8.757237,-0.857731,0.45297074,-0.3883915,on bike mount,cyclo cross,False,asphalt,good
96cfbbfa-d1ca-44ed-848b-f98fbefe7312,86cf3745-9118-44ae-b1bd-15c449a2d33d,d9a674d1-3673-4485-b179-0e10e7da0a37,1627405094282,13.414899,52.4857694,8.757237,1.0566331,-0.27021837,-0.7286787,on bike mount,cyclo cross,False,asphalt,good
96cfbbfa-d1ca-44ed-848b-f98fbefe7312,86cf3745-9118-44ae-b1bd-15c449a2d33d,367f8071-2edf-4c56-acbb-f7ba84e20349,1627405094348,13.414899,52.4857694,8.757237,-0.46303612,-0.54508984,-1.2668033,on bike mount,cyclo cross,False,asphalt,good
96cfbbfa-d1ca-44ed-848b-f98fbefe7312,86cf3745-9118-44ae-b1bd-15c449a2d33d,baa63d15-fcdd-4533-b76a-83336df7a2c1,1627405094399,13.414899,52.4857694,8.757237,1.4139355,2.7259579,1.7560797,on bike mount,cyclo cross,False,asphalt,good
96cfbbfa-d1ca-44ed-848b-f98fbefe7312,86cf3745-9118-44ae-b1bd-15c449a2d33d,bc0e2b03-7892-4db5-8eb1-0e4fd64cd9d4,1627405094465,13.414899,52.4857694,8.757237,0.8953712,-1.5335264,-0.24180508,on bike mount,cyclo cross,False,asphalt,good
96cfbbfa-d1ca-44ed-848b-f98fbefe7312,86cf3745-9118-44ae-b1bd-15c449a2d33d,60ff8434-34ec-4830-8ced-a14f3de03ba0,1627405094532,13.414899,52.4857694,8.757237,0.20164286,1.0670743,-0.3595705,on bike mount,cyclo cross,False,asphalt,good
96cfbbfa-d1ca-44ed-848b-f98fbefe7312,86cf3745-9118-44ae-b1bd-15c449a2d33d,f6415a72-45fe-4480-82e9-16c80bb6fa3f,1627405094599,13.414899,52.4857694,8.757237,-1.4256945,-0.8567294,-0.46225452,on bike mount,cyclo cross,False,asphalt,good
96cfbbfa-d1ca-44ed-848b-f98fbefe7312,86cf3745-9118-44ae-b1bd-15c449a2d33d,f88e4dcf-0271-4b1d-bd17-8e5f4031ecf3,1627405094665,13.414899,52.4857694,8.757237,0.67049384,-1.4979726,-2.3101354,on bike mount,cyclo cross,False,asphalt,good
96cfbbfa-d1ca-44ed-848b-f98fbefe7312,86cf3745-9118-44ae-b1bd-15c449a2d33d,ab22aab2-1b3c-4f3a-99c7-7b586cc1c592,1627405094715,13.414899,52.4857694,8.757237,0.21723767,-0.68645287,-1.0314608,on bike mount,cyclo cross,False,asphalt,good
96cfbbfa-d1ca-44ed-848b-f98fbefe7312,86cf3745-9118-44ae-b1bd-15c449a2d33d,2e20609c-0111-470a-9aea-c4779eb6d754,1627405094766,13.414899,52.4857694,8.757237,-2.2325158,1.0151529,0.40016747,on bike mount,cyclo cross,False,asphalt,good
96cfbbfa-d1ca-44ed-848b-f98fbefe7312,86cf3745-9118-44ae-b1bd-15c449a2d33d,ec458196-386d-4899-9881-faec689609c9,1627405094816,13.414899,52.4857694,8.757237,-1.102694,-0.6503277,-1.8644118,on bike mount,cyclo cross,False,asphalt,good
96cfbbfa-d1ca-44ed-848b-f98fbefe7312,86cf3745-9118-44ae-b1bd-15c449a2d33d,fe4e645b-a3ea-456f-bf5f-7ea643ea8034,1627405094883,13.414899,52.4857694,8.757237,0.33577684,-0.59356713,1.3945103,on bike mount,cyclo cross,False,asphalt,good
96cfbbfa-d1ca-44ed-848b-f98fbefe7312,86cf3745-9118-44ae-b1bd-15c449a2d33d,8bc384a9-bec6-4f82-a0a0-f4b4c71c7412,1627405094933,13.414899,52.4857694,8.757237,-0.2760505,0.088627815,1.8374786,on bike mount,cyclo cross,False,asphalt,good
96cfbbfa-d1ca-44ed-848b-f98fbefe7312,86cf3745-9118-44ae-b1bd-15c449a2d33d,0dc55efc-3db7-41c8-9be0-3cce701036d9,1627405095000,13.414899,52.4857694,8.757237,-0.18300746,1.9134064,0.98942566,on bike mount,cyclo cross,False,asphalt,good
96cfbbfa-d1ca-44ed-848b-f98fbefe7312,86cf3745-9118-44ae-b1bd-15c449a2d33d,ca863395-3d8f-4895-b98b-10c786e29f6f,1627405095066,13.414899,52.4857694,8.757237,0.19812295,-1.0426427,1.4964962,on bike mount,cyclo cross,False,asphalt,good
96cfbbfa-d1ca-44ed-848b-f98fbefe7312,86cf3745-9118-44ae-b1bd-15c449a2d33d,38f8c1a5-0bcd-4c8f-842d-a148e029f395,1627405095132,13.4148797,52.4858474,8.908166,-2.0235696,-0.78495276,-0.42501926,on bike mount,cyclo cross,False,asphalt,good
96cfbbfa-d1ca-44ed-848b-f98fbefe7312,86cf3745-9118-44ae-b1bd-15c449a2d33d,8ee42a87-071b-43f4-9894-d22a49c3421b,1627405095182,13.4148797,52.4858474,8.908166,0.87837183,1.0969687,-1.7433228,on bike mount,cyclo cross,False,asphalt,good
96cfbbfa-d1ca-44ed-848b-f98fbefe7312,86cf3745-9118-44ae-b1bd-15c449a2d33d,ffda1e68-0428-493e-8dd4-7b018b3931fe,1627405095233,13.4148797,52.4858474,8.908166,0.05130225,-0.8551763,0.49368668,on bike mount,cyclo cross,False,asphalt,good
96cfbbfa-d1ca-44ed-848b-f98fbefe7312,86cf3745-9118-44ae-b1bd-15c449a2d33d,7a779ad3-4c8e-4533-8595-db7aef400646,1627405095300,13.4148797,52.4858474,8.908166,-1.3084145,-1.6155676,-0.17954159,on bike mount,cyclo cross,False,asphalt,good
96cfbbfa-d1ca-44ed-848b-f98fbefe7312,86cf3745-9118-44ae-b1bd-15c449a2d33d,8f83937a-5be1-4aab-a526-2885038b4a78,1627405095350,13.4148797,52.4858474,8.908166,0.6287312,-0.38869977,-0.088502884,on bike mount,cyclo cross,False,asphalt,good
96cfbbfa-d1ca-44ed-848b-f98fbefe7312,86cf3745-9118-44ae-b1bd-15c449a2d33d,44f55ef4-e6cc-4a14-a534-fce4eb2f24c1,1627405095416,13.4148797,52.4858474,8.908166,-1.1949214,-0.26653385,-0.1669817,on bike mount,cyclo cross,False,asphalt,good
96cfbbfa-d1ca-44ed-848b-f98fbefe7312,86cf3745-9118-44ae-b1bd-15c449a2d33d,bb55be68-94fb-4994-b8ec-74fd406799f6,1627405095466,13.4148797,52.4858474,8.908166,-0.46357793,0.5532994,0.74562645,on bike mount,cyclo cross,False,asphalt,good
96cfbbfa-d1ca-44ed-848b-f98fbefe7312,86cf3745-9118-44ae-b1bd-15c449a2d33d,7adb342b-50f6-4190-802a-4d974b8454f1,1627405095533,13.4148797,52.4858474,8.908166,-0.012842149,0.19872189,0.014723778,on bike mount,cyclo cross,False,asphalt,good
96cfbbfa-d1ca-44ed-848b-f98fbefe7312,86cf3745-9118-44ae-b1bd-15c449a2d33d,91aa8162-8ba5-4d8c-b89a-bdc3bd5f821f,1627405095600,13.4148797,52.4858474,8.908166,0.33254647,-0.96434546,-1.0855136,on bike mount,cyclo cross,False,asphalt,good
96cfbbfa-d1ca-44ed-848b-f98fbefe7312,86cf3745-9118-44ae-b1bd-15c449a2d33d,86a7a8c1-8d02-47d7-99d4-50514a8d79e4,1627405095666,13.4148797,52.4858474,8.908166,-0.22585961,-1.1188936,0.84610367,on bike mount,cyclo cross,False,asphalt,good
96cfbbfa-d1ca-44ed-848b-f98fbefe7312,86cf3745-9118-44ae-b1bd-15c449a2d33d,958bffc3-8471-4c71-b02e-753219826f4a,1627405095717,13.4148797,52.4858474,8.908166,-0.6821148,-0.713485,1.664711,on bike mount,cyclo cross,False,asphalt,good
96cfbbfa-d1ca-44ed-848b-f98fbefe7312,86cf3745-9118-44ae-b1bd-15c449a2d33d,896c0531-e9cf-4409-a917-118290997e55,1627405095783,13.4148797,52.4858474,8.908166,0.07309306,-0.0472548,0.19938755,on bike mount,cyclo cross,False,asphalt,good
96cfbbfa-d1ca-44ed-848b-f98fbefe7312,86cf3745-9118-44ae-b1bd-15c449a2d33d,0a58df7e-4ef1-41df-b12a-8e3430336b49,1627405095833,13.4148797,52.4858474,8.908166,0.11780763,0.9551408,0.16431141,on bike mount,cyclo cross,False,asphalt,good
96cfbbfa-d1ca-44ed-848b-f98fbefe7312,86cf3745-9118-44ae-b1bd-15c449a2d33d,ebb8a37f-0862-4937-b150-fc315593fc6e,1627405095883,13.4148797,52.4858474,8.908166,-1.172839,0.20242071,0.6858959,on bike mount,cyclo cross,False,asphalt,good
96cfbbfa-d1ca-44ed-848b-f98fbefe7312,86cf3745-9118-44ae-b1bd-15c449a2d33d,4db442cc-5eb3-4774-9e96-730addb05b5b,1627405095934,13.4148797,52.4858474,8.908166,0.15541762,1.8639445,-0.43346882,on bike mount,cyclo cross,False,asphalt,good
96cfbbfa-d1ca-44ed-848b-f98fbefe7312,86cf3745-9118-44ae-b1bd-15c449a2d33d,8fbad622-db68-47c6-9b9d-8ff42d37924c,1627405096001,13.4148797,52.4858474,8.908166,-0.060397014,-0.80219555,-0.98911285,on bike mount,cyclo cross,False,asphalt,good
96cfbbfa-d1ca-44ed-848b-f98fbefe7312,86cf3745-9118-44ae-b1bd-15c449a2d33d,f7dae34e-2aa5-4717-881f-94757d1d4b29,1627405096051,13.4148797,52.4858474,8.908166,-0.5090879,0.67825747,0.5637455,on bike mount,cyclo cross,False,asphalt,good
96cfbbfa-d1ca-44ed-848b-f98fbefe7312,86cf3745-9118-44ae-b1bd-15c449a2d33d,03fec2af-bab0-4449-8535-4bd0d6b5e84d,1627405096117,13.4148597,52.4859256,8.9195795,-0.05646163,-0.5532484,0.26091003,on bike mount,cyclo cross,False,asphalt,good
96cfbbfa-d1ca-44ed-848b-f98fbefe7312,86cf3745-9118-44ae-b1bd-15c449a2d33d,73ff1245-3e8f-4d83-a800-b6331c614bef,1627405096183,13.4148597,52.4859256,8.9195795,0.06812343,-0.2955575,0.9320507,on bike mount,cyclo cross,False,asphalt,good
96cfbbfa-d1ca-44ed-848b-f98fbefe7312,86cf3745-9118-44ae-b1bd-15c449a2d33d,2d9d94fa-9d15-4211-a33e-5d46dad25340,1627405096250,13.4148597,52.4859256,8.9195795,0.017686665,-0.3156302,1.5429859,on bike mount,cyclo cross,False,asphalt,good
96cfbbfa-d1ca-44ed-848b-f98fbefe7312,86cf3745-9118-44ae-b1bd-15c449a2d33d,9d9b2f91-921a-49e8-b9b8-0b00c7ecdd7b,1627405096300,13.4148597,52.4859256,8.9195795,0.23025191,-1.6122761,2.4468565,on bike mount,cyclo cross,False,asphalt,good
96cfbbfa-d1ca-44ed-848b-f98fbefe7312,86cf3745-9118-44ae-b1bd-15c449a2d33d,6c6adf2a-a037-4e98-88fc-7ad19a2012a3,1627405096350,13.4148597,52.4859256,8.9195795,-0.81242955,0.5568378,0.66555214,on bike mount,cyclo cross,False,asphalt,good
96cfbbfa-d1ca-44ed-848b-f98fbefe7312,86cf3745-9118-44ae-b1bd-15c449a2d33d,d42eedbe-15be-45b4-a9f7-91db95401542,1627405096401,13.4148597,52.4859256,8.9195795,0.058482528,-0.816972,-0.29328632,on bike mount,cyclo cross,False,asphalt,good
96cfbbfa-d1ca-44ed-848b-f98fbefe7312,86cf3745-9118-44ae-b1bd-15c449a2d33d,22a61a51-b09a-4e12-839e-05edda1059cc,1627405096468,13.4148597,52.4859256,8.9195795,-0.39298308,-1.2072512,0.31269836,on bike mount,cyclo cross,False,asphalt,good
96cfbbfa-d1ca-44ed-848b-f98fbefe7312,86cf3745-9118-44ae-b1bd-15c449a2d33d,ed92906f-7e06-4ccb-b310-f7605a92beb8,1627405096534,13.4148597,52.4859256,8.9195795,-0.5610142,0.6081624,-0.86964655,on bike mount,cyclo cross,False,asphalt,good
96cfbbfa-d1ca-44ed-848b-f98fbefe7312,86cf3745-9118-44ae-b1bd-15c449a2d33d,5fc73230-9001-4eb9-97f5-adad8d10ae55,1627405096585,13.4148597,52.4859256,8.9195795,-0.8725521,0.04506731,-1.1175752,on bike mount,cyclo cross,False,asphalt,good
96cfbbfa-d1ca-44ed-848b-f98fbefe7312,86cf3745-9118-44ae-b1bd-15c449a2d33d,0ad37f92-a721-47ff-add9-6ed00fa6ade7,1627405096651,13.4148597,52.4859256,8.9195795,0.12933528,-2.8929465,0.09664726,on bike mount,cyclo cross,False,asphalt,good
96cfbbfa-d1ca-44ed-848b-f98fbefe7312,86cf3745-9118-44ae-b1bd-15c449a2d33d,86da4d4b-f435-4a2e-8523-2214f5827e72,1627405096718,13.4148597,52.4859256,8.9195795,-0.45531344,-0.10441017,-0.6194086,on bike mount,cyclo cross,False,asphalt,good
96cfbbfa-d1ca-44ed-848b-f98fbefe7312,86cf3745-9118-44ae-b1bd-15c449a2d33d,56425006-4f0b-49e7-9710-1d89cffa2623,1627405096785,13.4148597,52.4859256,8.9195795,-0.519999,-1.4814396,0.14077854,on bike mount,cyclo cross,False,asphalt,good
96cfbbfa-d1ca-44ed-848b-f98fbefe7312,86cf3745-9118-44ae-b1bd-15c449a2d33d,fd2f5932-cc42-49c4-b4bf-4b043d6735aa,1627405096852,13.4148597,52.4859256,8.9195795,0.34522069,0.12327099,-0.073521614,on bike mount,cyclo cross,False,asphalt,good
96cfbbfa-d1ca-44ed-848b-f98fbefe7312,86cf3745-9118-44ae-b1bd-15c449a2d33d,6836b515-f26b-424d-833f-6c0e77bf08e9,1627405096902,13.4148597,52.4859256,8.9195795,-0.25920492,-0.13607955,2.8040152,on bike mount,cyclo cross,False,asphalt,good
96cfbbfa-d1ca-44ed-848b-f98fbefe7312,86cf3745-9118-44ae-b1bd-15c449a2d33d,797c17a9-4fa6-4122-9d63-af3800fe3bba,1627405096968,13.4148597,52.4859256,8.9195795,-0.2974137,-0.78487754,0.8589544,on bike mount,cyclo cross,False,asphalt,good
96cfbbfa-d1ca-44ed-848b-f98fbefe7312,86cf3745-9118-44ae-b1bd-15c449a2d33d,89d0f073-4b7c-4517-8dc2-7b9baaeae2a5,1627405097018,13.4148597,52.4859256,8.9195795,0.8143712,0.62623024,-0.92603874,on bike mount,cyclo cross,False,asphalt,good
96cfbbfa-d1ca-44ed-848b-f98fbefe7312,86cf3745-9118-44ae-b1bd-15c449a2d33d,cd1b2d8a-7c1c-442e-85b6-3baa57243c3c,1627405097068,13.4148597,52.4859256,8.9195795,0.33558536,0.14814806,-0.044713974,on bike mount,cyclo cross,False,asphalt,good
96cfbbfa-d1ca-44ed-848b-f98fbefe7312,86cf3745-9118-44ae-b1bd-15c449a2d33d,91b01126-67bd-4cb3-ac0a-5eb9ab2e1a87,1627405097121,13.4148423,52.4860032,8.721209,0.1505415,0.5295954,-0.68917274,on bike mount,cyclo cross,False,asphalt,good
96cfbbfa-d1ca-44ed-848b-f98fbefe7312,86cf3745-9118-44ae-b1bd-15c449a2d33d,616789ef-6854-49f4-81f5-4cfb81e609bd,1627405097185,13.4148423,52.4860032,8.721209,0.53054404,-0.1767888,-0.8464613,on bike mount,cyclo cross,False,asphalt,good
96cfbbfa-d1ca-44ed-848b-f98fbefe7312,86cf3745-9118-44ae-b1bd-15c449a2d33d,c30913fe-94c8-4a64-96b4-4a598a33b7e3,1627405097252,13.4148423,52.4860032,8.721209,0.009239525,-1.0343319,-0.21994495,on bike mount,cyclo cross,False,asphalt,good
96cfbbfa-d1ca-44ed-848b-f98fbefe7312,86cf3745-9118-44ae-b1bd-15c449a2d33d,e373bafa-bfff-44f4-8c82-f67383440532,1627405097319,13.4148423,52.4860032,8.721209,-0.41032377,1.83776,-0.6513624,on bike mount,cyclo cross,False,asphalt,good
96cfbbfa-d1ca-44ed-848b-f98fbefe7312,86cf3745-9118-44ae-b1bd-15c449a2d33d,459411a8-9aac-4386-bdb1-2d4c36a9a8d6,1627405097386,13.4148423,52.4860032,8.721209,0.26396292,-2.408582,-1.0587101,on bike mount,cyclo cross,False,asphalt,good
96cfbbfa-d1ca-44ed-848b-f98fbefe7312,86cf3745-9118-44ae-b1bd-15c449a2d33d,c4385bb5-ddf9-4287-8e98-9f7e0f3d617f,1627405097435,13.4148423,52.4860032,8.721209,0.59306073,0.98863196,-1.9435935,on bike mount,cyclo cross,False,asphalt,good
96cfbbfa-d1ca-44ed-848b-f98fbefe7312,86cf3745-9118-44ae-b1bd-15c449a2d33d,e84b823a-cd9a-4b03-8733-a2634191e6b4,1627405097485,13.4148423,52.4860032,8.721209,0.8450769,-0.84220433,2.9689932,on bike mount,cyclo cross,False,asphalt,good
96cfbbfa-d1ca-44ed-848b-f98fbefe7312,86cf3745-9118-44ae-b1bd-15c449a2d33d,42dc2d8a-38df-4157-8e2a-b261961624f0,1627405097536,13.4148423,52.4860032,8.721209,0.18578833,-1.264929,2.6824398,on bike mount,cyclo cross,False,asphalt,good
96cfbbfa-d1ca-44ed-848b-f98fbefe7312,86cf3745-9118-44ae-b1bd-15c449a2d33d,134b2325-ec2a-43c9-8712-a015a65b88ff,1627405097586,13.4148423,52.4860032,8.721209,1.0530934,-2.348519,-0.6671591,on bike mount,cyclo cross,False,asphalt,good
96cfbbfa-d1ca-44ed-848b-f98fbefe7312,86cf3745-9118-44ae-b1bd-15c449a2d33d,99440f55-8e71-488d-9d6c-44bf5b02f609,1627405097635,13.4148423,52.4860032,8.721209,0.26981363,-0.80576694,-0.19566822,on bike mount,cyclo cross,False,asphalt,good
96cfbbfa-d1ca-44ed-848b-f98fbefe7312,86cf3745-9118-44ae-b1bd-15c449a2d33d,216a332b-4295-4cd3-bee6-736854a6b44e,1627405097686,13.4148423,52.4860032,8.721209,0.31604877,-0.86506426,-2.5756965,on bike mount,cyclo cross,False,asphalt,good
96cfbbfa-d1ca-44ed-848b-f98fbefe7312,86cf3745-9118-44ae-b1bd-15c449a2d33d,7670eb32-7883-4085-bb91-fe7797df5c5a,1627405097753,13.4148423,52.4860032,8.721209,0.5892342,-0.28751183,-1.4730687,on bike mount,cyclo cross,False,asphalt,good
96cfbbfa-d1ca-44ed-848b-f98fbefe7312,86cf3745-9118-44ae-b1bd-15c449a2d33d,0434b74e-2fa7-4037-8665-8b09705c8420,1627405097803,13.4148423,52.4860032,8.721209,-0.23145592,-0.155581,0.9346714,on bike mount,cyclo cross,False,asphalt,good
96cfbbfa-d1ca-44ed-848b-f98fbefe7312,86cf3745-9118-44ae-b1bd-15c449a2d33d,99212920-ea84-4eb7-a5dd-4ad2d2c27480,1627405097853,13.4148423,52.4860032,8.721209,0.06853235,1.6917038,0.5536995,on bike mount,cyclo cross,False,asphalt,good
96cfbbfa-d1ca-44ed-848b-f98fbefe7312,86cf3745-9118-44ae-b1bd-15c449a2d33d,662c6e33-faff-4c8c-ba55-5b277dae99eb,1627405097903,13.4148423,52.4860032,8.721209,0.34825456,1.1076689,0.5304756,on bike mount,cyclo cross,False,asphalt,good
96cfbbfa-d1ca-44ed-848b-f98fbefe7312,86cf3745-9118-44ae-b1bd-15c449a2d33d,c8e6c1b7-65ac-4d88-aa72-d8fcf3d09075,1627405097953,13.4148423,52.4860032,8.721209,-0.0202201,0.889544,-0.42288113,on bike mount,cyclo cross,False,asphalt,good
96cfbbfa-d1ca-44ed-848b-f98fbefe7312,86cf3745-9118-44ae-b1bd-15c449a2d33d,ac0f40f3-f4e1-4967-9a1d-9a427ba56c1c,1627405098020,13.4148423,52.4860032,8.721209,0.15040657,-0.42643332,2.0448818,on bike mount,cyclo cross,False,asphalt,good
96cfbbfa-d1ca-44ed-848b-f98fbefe7312,86cf3745-9118-44ae-b1bd-15c449a2d33d,479b617c-eca9-4bc5-ab1b-e5726d26eace,1627405098087,13.4148423,52.4860032,8.721209,-0.13873076,-1.1048092,-0.026543617,on bike mount,cyclo cross,False,asphalt,good
96cfbbfa-d1ca-44ed-848b-f98fbefe7312,86cf3745-9118-44ae-b1bd-15c449a2d33d,8bdeff9c-53e7-4932-8597-d56d75eede1b,1627405098153,13.414819,52.4860777,8.59352,0.29106265,-0.41007757,1.6423588,on bike mount,cyclo cross,False,asphalt,good
96cfbbfa-d1ca-44ed-848b-f98fbefe7312,86cf3745-9118-44ae-b1bd-15c449a2d33d,94077a69-8099-4c70-a2f4-7dacfed72291,1627405098220,13.414819,52.4860777,8.59352,-0.81720275,-4.78689,7.2017193,on bike mount,cyclo cross,False,asphalt,good
96cfbbfa-d1ca-44ed-848b-f98fbefe7312,86cf3745-9118-44ae-b1bd-15c449a2d33d,c063a9c2-661c-4a74-85ba-4ab31e663fd7,1627405098286,13.414819,52.4860777,8.59352,-0.26690155,1.1463022,-0.9198723,on bike mount,cyclo cross,False,asphalt,good
96cfbbfa-d1ca-44ed-848b-f98fbefe7312,86cf3745-9118-44ae-b1bd-15c449a2d33d,526766f4-0747-405c-8909-e3829e4af343,1627405098337,13.414819,52.4860777,8.59352,-2.078576,-0.50198984,0.803072,on bike mount,cyclo cross,False,asphalt,good
96cfbbfa-d1ca-44ed-848b-f98fbefe7312,86cf3745-9118-44ae-b1bd-15c449a2d33d,69dac9ed-8998-4711-8862-e6390ac5b50e,1627405098387,13.414819,52.4860777,8.59352,0.21054454,2.5669012,-3.4015498,on bike mount,cyclo cross,False,asphalt,good
96cfbbfa-d1ca-44ed-848b-f98fbefe7312,86cf3745-9118-44ae-b1bd-15c449a2d33d,83cf9489-62b3-473c-8b03-ba2b9877a18c,1627405098437,13.414819,52.4860777,8.59352,-0.38928178,-1.5523794,-0.8109884,on bike mount,cyclo cross,False,asphalt,good
96cfbbfa-d1ca-44ed-848b-f98fbefe7312,86cf3745-9118-44ae-b1bd-15c449a2d33d,4da9e899-458c-4c46-a218-6ada834e6dce,1627405098503,13.414819,52.4860777,8.59352,-0.2002443,0.1361041,-0.8773184,on bike mount,cyclo cross,False,asphalt,good
96cfbbfa-d1ca-44ed-848b-f98fbefe7312,86cf3745-9118-44ae-b1bd-15c449a2d33d,54a7b67b-70b4-44c0-9a77-6005648238d9,1627405098553,13.414819,52.4860777,8.59352,-0.48630837,-0.65122783,1.9366484,on bike mount,cyclo cross,False,asphalt,good
96cfbbfa-d1ca-44ed-848b-f98fbefe7312,86cf3745-9118-44ae-b1bd-15c449a2d33d,e371cf4b-edcc-45f6-ba00-41b1121896c1,1627405098603,13.414819,52.4860777,8.59352,0.22203043,0.4221232,-2.7913198,on bike mount,cyclo cross,False,asphalt,good
96cfbbfa-d1ca-44ed-848b-f98fbefe7312,86cf3745-9118-44ae-b1bd-15c449a2d33d,4cc3f1b5-e402-4797-accb-fe8083ade01d,1627405098653,13.414819,52.4860777,8.59352,-0.29581305,0.9425783,-0.720726,on bike mount,cyclo cross,False,asphalt,good
96cfbbfa-d1ca-44ed-848b-f98fbefe7312,86cf3745-9118-44ae-b1bd-15c449a2d33d,ec8d455d-0e23-43fd-b197-4bae89b570b5,1627405098704,13.414819,52.4860777,8.59352,-1.1306208,-0.21463609,-0.07839203,on bike mount,cyclo cross,False,asphalt,good
96cfbbfa-d1ca-44ed-848b-f98fbefe7312,86cf3745-9118-44ae-b1bd-15c449a2d33d,dafd6a5f-d2ec-486a-a769-6b5a4ae4bd50,1627405098754,13.414819,52.4860777,8.59352,-0.4601042,-0.03243804,1.138258,on bike mount,cyclo cross,False,asphalt,good
96cfbbfa-d1ca-44ed-848b-f98fbefe7312,86cf3745-9118-44ae-b1bd-15c449a2d33d,cdd8d17e-bc7c-4b3a-b6df-e5c8a6b6d09a,1627405098820,13.414819,52.4860777,8.59352,-2.3181424,0.9949064,-0.6491318,on bike mount,cyclo cross,False,asphalt,good
96cfbbfa-d1ca-44ed-848b-f98fbefe7312,86cf3745-9118-44ae-b1bd-15c449a2d33d,b0d51a80-7b41-4815-a3b2-b92e5a9ee21b,1627405098871,13.414819,52.4860777,8.59352,-1.0162554,0.3560419,0.27660656,on bike mount,cyclo cross,False,asphalt,good
96cfbbfa-d1ca-44ed-848b-f98fbefe7312,86cf3745-9118-44ae-b1bd-15c449a2d33d,99d231f1-c671-446f-b519-466a6596fff3,1627405098921,13.414819,52.4860777,8.59352,0.62906003,-1.7900453,0.53542423,on bike mount,cyclo cross,False,asphalt,good
96cfbbfa-d1ca-44ed-848b-f98fbefe7312,86cf3745-9118-44ae-b1bd-15c449a2d33d,c27f9fd5-ba08-462d-95c3-3b817ee33bc4,1627405098971,13.414819,52.4860777,8.59352,-0.8108076,0.13558006,0.48226452,on bike mount,cyclo cross,False,asphalt,good
96cfbbfa-d1ca-44ed-848b-f98fbefe7312,86cf3745-9118-44ae-b1bd-15c449a2d33d,08ab1633-16f8-42c3-a212-a2692641660c,1627405099021,13.414819,52.4860777,8.59352,-0.45026898,1.1361578,-2.3184304,on bike mount,cyclo cross,False,asphalt,good
96cfbbfa-d1ca-44ed-848b-f98fbefe7312,86cf3745-9118-44ae-b1bd-15c449a2d33d,59a38ddc-b3d8-48f5-9b57-53360bfa8a6b,1627405099088,13.414819,52.4860777,8.59352,0.15191859,0.14531183,-2.5339117,on bike mount,cyclo cross,False,asphalt,good
96cfbbfa-d1ca-44ed-848b-f98fbefe7312,86cf3745-9118-44ae-b1bd-15c449a2d33d,23739140-73d6-4883-a75f-477162b0d0ec,1627405099154,13.4147951,52.4861513,8.464579,-1.6316912,0.09591007,-1.23036,on bike mount,cyclo cross,False,asphalt,good
96cfbbfa-d1ca-44ed-848b-f98fbefe7312,86cf3745-9118-44ae-b1bd-15c449a2d33d,04f72c7f-8e69-4b20-a5d4-3a6d3163e1f3,1627405099221,13.4147951,52.4861513,8.464579,-0.3785891,-0.86728966,-1.9967136,on bike mount,cyclo cross,False,asphalt,good
96cfbbfa-d1ca-44ed-848b-f98fbefe7312,86cf3745-9118-44ae-b1bd-15c449a2d33d,c7567ecb-955c-4a90-bea6-c3df83048935,1627405099288,13.4147951,52.4861513,8.464579,0.70347244,-1.4148365,0.22436047,on bike mount,cyclo cross,False,asphalt,good
96cfbbfa-d1ca-44ed-848b-f98fbefe7312,86cf3745-9118-44ae-b1bd-15c449a2d33d,2625eb5e-a11a-46e0-8593-e126232b4492,1627405099355,13.4147951,52.4861513,8.464579,-0.13877596,-2.3707166,-0.5585947,on bike mount,cyclo cross,False,asphalt,good
96cfbbfa-d1ca-44ed-848b-f98fbefe7312,86cf3745-9118-44ae-b1bd-15c449a2d33d,334be41c-29c1-41b8-b5ef-6384dedfa408,1627405099421,13.4147951,52.4861513,8.464579,1.5410581,-0.23751354,2.4775944,on bike mount,cyclo cross,False,asphalt,good
96cfbbfa-d1ca-44ed-848b-f98fbefe7312,86cf3745-9118-44ae-b1bd-15c449a2d33d,95e2265d-dd61-4930-a750-5c1dfb86398e,1627405099488,13.4147951,52.4861513,8.464579,-0.28911364,-0.49083495,1.978404,on bike mount,cyclo cross,False,asphalt,good
96cfbbfa-d1ca-44ed-848b-f98fbefe7312,86cf3745-9118-44ae-b1bd-15c449a2d33d,ae77aa43-ff25-4a5c-b6f0-33aa9c121496,1627405099555,13.4147951,52.4861513,8.464579,0.46725518,1.6612768,-1.1162701,on bike mount,cyclo cross,False,asphalt,good
96cfbbfa-d1ca-44ed-848b-f98fbefe7312,86cf3745-9118-44ae-b1bd-15c449a2d33d,9143d6f4-064e-421b-be09-c8b6093756e4,1627405099622,13.4147951,52.4861513,8.464579,0.036100745,2.387022,-3.5585566,on bike mount,cyclo cross,False,asphalt,good
96cfbbfa-d1ca-44ed-848b-f98fbefe7312,86cf3745-9118-44ae-b1bd-15c449a2d33d,4bb9b035-0b97-4ba3-9ee8-f0b5c4140aa7,1627405099672,13.4147951,52.4861513,8.464579,-0.7349534,2.2428093,-0.38760853,on bike mount,cyclo cross,False,asphalt,good
96cfbbfa-d1ca-44ed-848b-f98fbefe7312,86cf3745-9118-44ae-b1bd-15c449a2d33d,ade721c0-9e14-4024-826b-fe8badddbb89,1627405099738,13.4147951,52.4861513,8.464579,0.15415454,4.002261,1.12854,on bike mount,cyclo cross,False,asphalt,good
96cfbbfa-d1ca-44ed-848b-f98fbefe7312,86cf3745-9118-44ae-b1bd-15c449a2d33d,61ee09e4-89a3-4512-b4e3-1912edd138a7,1627405099788,13.4147951,52.4861513,8.464579,-0.79672956,-0.62396073,2.23281,on bike mount,cyclo cross,False,asphalt,good
96cfbbfa-d1ca-44ed-848b-f98fbefe7312,86cf3745-9118-44ae-b1bd-15c449a2d33d,b88e8361-ce85-4cc6-bdcc-bd150f9d1280,1627405099838,13.4147951,52.4861513,8.464579,0.421065,-0.18886232,2.0571928,on bike mount,cyclo cross,False,asphalt,good
96cfbbfa-d1ca-44ed-848b-f98fbefe7312,86cf3745-9118-44ae-b1bd-15c449a2d33d,c8f6f558-5e8f-457d-af80-ed90f2554851,1627405099889,13.4147951,52.4861513,8.464579,0.35851356,0.070792675,-0.7780905,on bike mount,cyclo cross,False,asphalt,good
96cfbbfa-d1ca-44ed-848b-f98fbefe7312,86cf3745-9118-44ae-b1bd-15c449a2d33d,e8174ede-e870-48a2-b58a-355558fcb67d,1627405099938,13.4147951,52.4861513,8.464579,0.62174493,-1.336711,1.735239,on bike mount,cyclo cross,False,asphalt,good
96cfbbfa-d1ca-44ed-848b-f98fbefe7312,86cf3745-9118-44ae-b1bd-15c449a2d33d,38746b6f-e388-4856-a494-54f00834cd5f,1627405099989,13.4147951,52.4861513,8.464579,0.05061102,0.57716703,-2.5711446,on bike mount,cyclo cross,False,asphalt,good
96cfbbfa-d1ca-44ed-848b-f98fbefe7312,86cf3745-9118-44ae-b1bd-15c449a2d33d,06616565-c1d1-4c34-9290-6c4a1a97436a,1627405100055,13.4147951,52.4861513,8.464579,-0.07782847,0.73814917,0.2678442,on bike mount,cyclo cross,False,asphalt,good
96cfbbfa-d1ca-44ed-848b-f98fbefe7312,86cf3745-9118-44ae-b1bd-15c449a2d33d,e60572bb-8714-4f93-bc3b-3ebdc13b4066,1627405100106,13.4147639,52.4862181,7.8906097,0.9840193,-0.46885085,3.3215408,on bike mount,cyclo cross,False,asphalt,good
96cfbbfa-d1ca-44ed-848b-f98fbefe7312,86cf3745-9118-44ae-b1bd-15c449a2d33d,043806f9-ced6-48bd-a84d-da8be507b4b8,1627405100172,13.4147639,52.4862181,7.8906097,0.27534437,-2.8610952,2.8081703,on bike mount,cyclo cross,False,asphalt,good
96cfbbfa-d1ca-44ed-848b-f98fbefe7312,86cf3745-9118-44ae-b1bd-15c449a2d33d,98c66375-fa96-48a4-b203-998ed69ac381,1627405100239,13.4147639,52.4862181,7.8906097,1.4731184,0.8609319,0.62194633,on bike mount,cyclo cross,False,asphalt,good
96cfbbfa-d1ca-44ed-848b-f98fbefe7312,86cf3745-9118-44ae-b1bd-15c449a2d33d,a9b6fab3-7699-479b-8a89-87f788e9366f,1627405100306,13.4147639,52.4862181,7.8906097,1.271648,-2.2531352,0.3049097,on bike mount,cyclo cross,False,asphalt,good
96cfbbfa-d1ca-44ed-848b-f98fbefe7312,86cf3745-9118-44ae-b1bd-15c449a2d33d,75b39bd4-7fe0-41aa-a3ca-07ed795e323a,1627405100372,13.4147639,52.4862181,7.8906097,1.2475588,-2.4365644,4.1573496,on bike mount,cyclo cross,False,asphalt,good
96cfbbfa-d1ca-44ed-848b-f98fbefe7312,86cf3745-9118-44ae-b1bd-15c449a2d33d,43b68d82-f335-4495-8334-a9d0cdaa837b,1627405100422,13.4147639,52.4862181,7.8906097,-0.5958543,0.8037467,-2.1618986,on bike mount,cyclo cross,False,asphalt,good
96cfbbfa-d1ca-44ed-848b-f98fbefe7312,86cf3745-9118-44ae-b1bd-15c449a2d33d,56847457-3b60-4c6d-992a-886db57faaff,1627405100472,13.4147639,52.4862181,7.8906097,1.1960309,0.008624792,2.171054,on bike mount,cyclo cross,False,asphalt,good
96cfbbfa-d1ca-44ed-848b-f98fbefe7312,86cf3745-9118-44ae-b1bd-15c449a2d33d,ae8a7058-a033-45b3-85bd-17d729decd0f,1627405100523,13.4147639,52.4862181,7.8906097,0.19624943,-0.0031239986,-0.044911385,on bike mount,cyclo cross,False,asphalt,good
96cfbbfa-d1ca-44ed-848b-f98fbefe7312,86cf3745-9118-44ae-b1bd-15c449a2d33d,e2cef1f4-6017-49ac-a17e-8ce94b669787,1627405100573,13.4147639,52.4862181,7.8906097,-0.6612698,1.2633142,0.31069756,on bike mount,cyclo cross,False,asphalt,good
96cfbbfa-d1ca-44ed-848b-f98fbefe7312,86cf3745-9118-44ae-b1bd-15c449a2d33d,845b094b-e681-4429-ba68-2b2150438373,1627405100623,13.4147639,52.4862181,7.8906097,0.6158962,-0.5402999,-0.3542881,on bike mount,cyclo cross,False,asphalt,good
96cfbbfa-d1ca-44ed-848b-f98fbefe7312,86cf3745-9118-44ae-b1bd-15c449a2d33d,9dc64fc0-4f37-4b10-8745-07647a6b5416,1627405100673,13.4147639,52.4862181,7.8906097,1.3433373,-0.20812988,1.3406744,on bike mount,cyclo cross,False,asphalt,good
96cfbbfa-d1ca-44ed-848b-f98fbefe7312,86cf3745-9118-44ae-b1bd-15c449a2d33d,89ebedae-16f1-48da-b84b-7d0ffebc3c61,1627405100740,13.4147639,52.4862181,7.8906097,-0.16344315,-0.6196444,1.9213324,on bike mount,cyclo cross,False,asphalt,good
96cfbbfa-d1ca-44ed-848b-f98fbefe7312,86cf3745-9118-44ae-b1bd-15c449a2d33d,ef501259-0a82-4995-8534-63911a35d69c,1627405100790,13.4147639,52.4862181,7.8906097,1.1724106,-0.8314947,2.808712,on bike mount,cyclo cross,False,asphalt,good
96cfbbfa-d1ca-44ed-848b-f98fbefe7312,86cf3745-9118-44ae-b1bd-15c449a2d33d,38f41e59-9733-4ad9-9e58-3479a25eeec3,1627405100856,13.4147639,52.4862181,7.8906097,-0.7785977,-0.56877756,0.30701447,on bike mount,cyclo cross,False,asphalt,good
96cfbbfa-d1ca-44ed-848b-f98fbefe7312,86cf3745-9118-44ae-b1bd-15c449a2d33d,db00b388-5d9a-4f78-8bc3-cacd1367c72c,1627405100906,13.4147639,52.4862181,7.8906097,0.55113727,1.6024029,1.207099,on bike mount,cyclo cross,False,asphalt,good
96cfbbfa-d1ca-44ed-848b-f98fbefe7312,86cf3745-9118-44ae-b1bd-15c449a2d33d,3c6875c1-3dfc-4426-9dad-2e1d385a7cf2,1627405100957,13.4147639,52.4862181,7.8906097,-0.20291823,-1.0114291,-1.0008426,on bike mount,cyclo cross,False,asphalt,good
96cfbbfa-d1ca-44ed-848b-f98fbefe7312,86cf3745-9118-44ae-b1bd-15c449a2d33d,12f1ce1f-e89b-4347-b1d6-3919cd0d3cf6,1627405101007,13.4147639,52.4862181,7.8906097,1.0352328,0.56068254,-1.234487,on bike mount,cyclo cross,False,asphalt,good
96cfbbfa-d1ca-44ed-848b-f98fbefe7312,86cf3745-9118-44ae-b1bd-15c449a2d33d,a152296d-a252-4400-95f2-63012d87ad99,1627405101073,13.4147639,52.4862181,7.8906097,-0.16650617,0.67439747,-1.788331,on bike mount,cyclo cross,False,asphalt,good
96cfbbfa-d1ca-44ed-848b-f98fbefe7312,86cf3745-9118-44ae-b1bd-15c449a2d33d,aeed4ce8-75ba-4a69-a508-b33b21149d28,1627405101126,13.4147294,52.4862828,7.751336,0.19765747,-1.2095705,0.3440342,on bike mount,cyclo cross,False,asphalt,good
96cfbbfa-d1ca-44ed-848b-f98fbefe7312,86cf3745-9118-44ae-b1bd-15c449a2d33d,563cc0c4-fbc1-4c02-b570-db10afc75d8d,1627405101190,13.4147294,52.4862828,7.751336,1.3005153,0.09384155,-1.0160704,on bike mount,cyclo cross,False,asphalt,good
96cfbbfa-d1ca-44ed-848b-f98fbefe7312,86cf3745-9118-44ae-b1bd-15c449a2d33d,23e0e7f3-b3fa-4d7c-85b3-dc4664c11f6c,1627405101257,13.4147294,52.4862828,7.751336,-0.5628004,-1.5406477,0.963418,on bike mount,cyclo cross,False,asphalt,good
96cfbbfa-d1ca-44ed-848b-f98fbefe7312,86cf3745-9118-44ae-b1bd-15c449a2d33d,befd1ef0-9aad-4854-8d54-5ab392fd9f6a,1627405101324,13.4147294,52.4862828,7.751336,0.45996812,0.37222886,-0.18888855,on bike mount,cyclo cross,False,asphalt,good
96cfbbfa-d1ca-44ed-848b-f98fbefe7312,86cf3745-9118-44ae-b1bd-15c449a2d33d,0c2cd94e-a3f3-4d72-923c-a11a48c03ab3,1627405101374,13.4147294,52.4862828,7.751336,-1.0501864,0.56935143,0.815814,on bike mount,cyclo cross,False,asphalt,good
96cfbbfa-d1ca-44ed-848b-f98fbefe7312,86cf3745-9118-44ae-b1bd-15c449a2d33d,4d6b867c-d81d-4df5-9404-25f08416f759,1627405101424,13.4147294,52.4862828,7.751336,0.17913687,-0.4551592,-2.2034369,on bike mount,cyclo cross,False,asphalt,good
96cfbbfa-d1ca-44ed-848b-f98fbefe7312,86cf3745-9118-44ae-b1bd-15c449a2d33d,b0ad2e95-2ca2-41a0-921b-acfd39ccc999,1627405101474,13.4147294,52.4862828,7.751336,-0.7446487,-2.5455956,1.1989698,on bike mount,cyclo cross,False,asphalt,good
96cfbbfa-d1ca-44ed-848b-f98fbefe7312,86cf3745-9118-44ae-b1bd-15c449a2d33d,4ff2ef0f-0965-4139-9007-5c891f774f29,1627405101541,13.4147294,52.4862828,7.751336,-0.9003595,-0.2703402,-0.64043045,on bike mount,cyclo cross,False,asphalt,good
96cfbbfa-d1ca-44ed-848b-f98fbefe7312,86cf3745-9118-44ae-b1bd-15c449a2d33d,c3104839-7015-4c1c-94b3-91c86b36fefb,1627405101591,13.4147294,52.4862828,7.751336,-0.8778025,-0.23751736,-0.7740698,on bike mount,cyclo cross,False,asphalt,good
96cfbbfa-d1ca-44ed-848b-f98fbefe7312,86cf3745-9118-44ae-b1bd-15c449a2d33d,2671eed0-4a26-464f-9093-2c85a0b4717b,1627405101657,13.4147294,52.4862828,7.751336,0.047522232,0.20808458,-1.5980058,on bike mount,cyclo cross,False,asphalt,good
96cfbbfa-d1ca-44ed-848b-f98fbefe7312,86cf3745-9118-44ae-b1bd-15c449a2d33d,3d7d0aeb-0671-4135-9184-6e8f6f894dd8,1627405101708,13.4147294,52.4862828,7.751336,0.5351156,0.25423598,2.6577187,on bike mount,cyclo cross,False,asphalt,good
96cfbbfa-d1ca-44ed-848b-f98fbefe7312,86cf3745-9118-44ae-b1bd-15c449a2d33d,909d45e3-e830-4ce8-a47b-3e04ff2dde9b,1627405101758,13.4147294,52.4862828,7.751336,-0.790017,-0.30453444,0.52034855,on bike mount,cyclo cross,False,asphalt,good
96cfbbfa-d1ca-44ed-848b-f98fbefe7312,86cf3745-9118-44ae-b1bd-15c449a2d33d,f572d511-e85c-488c-b4fa-7e8101bcd085,1627405101808,13.4147294,52.4862828,7.751336,0.0029981434,0.51248837,0.045412064,on bike mount,cyclo cross,False,asphalt,good
96cfbbfa-d1ca-44ed-848b-f98fbefe7312,86cf3745-9118-44ae-b1bd-15c449a2d33d,3acd6114-8650-4139-ab2a-f989c1015e1a,1627405101858,13.4147294,52.4862828,7.751336,-1.2150154,0.024257421,-0.5413332,on bike mount,cyclo cross,False,asphalt,good
96cfbbfa-d1ca-44ed-848b-f98fbefe7312,86cf3745-9118-44ae-b1bd-15c449a2d33d,6b630904-a316-4b0a-aa77-8d8c4ae8479b,1627405101908,13.4147294,52.4862828,7.751336,-0.5579887,-1.9833233,0.31642818,on bike mount,cyclo cross,False,asphalt,good
96cfbbfa-d1ca-44ed-848b-f98fbefe7312,86cf3745-9118-44ae-b1bd-15c449a2d33d,54f5f11d-7deb-4927-ba19-11992ec16b9e,1627405101974,13.4147294,52.4862828,7.751336,0.006881386,-0.007489443,-2.0238853,on bike mount,cyclo cross,False,asphalt,good
96cfbbfa-d1ca-44ed-848b-f98fbefe7312,86cf3745-9118-44ae-b1bd-15c449a2d33d,c882c039-836e-499e-ba1c-7f703a56013d,1627405102025,13.4147294,52.4862828,7.751336,-0.24194986,-0.8243135,8.505112,on bike mount,cyclo cross,False,asphalt,good
96cfbbfa-d1ca-44ed-848b-f98fbefe7312,86cf3745-9118-44ae-b1bd-15c449a2d33d,8474a969-8d92-475f-afc3-e32097311895,1627405102075,13.4147294,52.4862828,7.751336,-2.0984688,3.5834467,0.24265194,on bike mount,cyclo cross,False,asphalt,good
96cfbbfa-d1ca-44ed-848b-f98fbefe7312,86cf3745-9118-44ae-b1bd-15c449a2d33d,e6030f13-bc31-488d-acfb-4606ba29744b,1627405102141,13.4147153,52.4863525,8.36715,-0.75080687,-2.4432592,3.2267876,on bike mount,cyclo cross,False,asphalt,good
96cfbbfa-d1ca-44ed-848b-f98fbefe7312,86cf3745-9118-44ae-b1bd-15c449a2d33d,59076f85-53ff-4287-b4be-22e0f2753e94,1627405102191,13.4147153,52.4863525,8.36715,0.6001217,3.2563548,1.0729446,on bike mount,cyclo cross,False,asphalt,good
96cfbbfa-d1ca-44ed-848b-f98fbefe7312,86cf3745-9118-44ae-b1bd-15c449a2d33d,e9a26e5c-abe4-4d80-8ba5-a284826b040d,1627405102258,13.4147153,52.4863525,8.36715,-2.017166,-1.1303169,-5.0345507,on bike mount,cyclo cross,False,asphalt,good
96cfbbfa-d1ca-44ed-848b-f98fbefe7312,86cf3745-9118-44ae-b1bd-15c449a2d33d,2d5a9f83-054a-4935-90e5-b619092a9892,1627405102325,13.4147153,52.4863525,8.36715,1.6382523,-0.26424694,1.8013926,on bike mount,cyclo cross,False,asphalt,good
96cfbbfa-d1ca-44ed-848b-f98fbefe7312,86cf3745-9118-44ae-b1bd-15c449a2d33d,19b0d765-5444-4337-a001-b5aee4fb69c5,1627405102392,13.4147153,52.4863525,8.36715,-1.7110348,3.1981182,0.5023861,on bike mount,cyclo cross,False,asphalt,good
96cfbbfa-d1ca-44ed-848b-f98fbefe7312,86cf3745-9118-44ae-b1bd-15c449a2d33d,8e125465-9b04-473d-b786-cdd02d6f33f0,1627405102458,13.4147153,52.4863525,8.36715,0.9620861,0.45866585,-1.7341161,on bike mount,cyclo cross,False,asphalt,good
96cfbbfa-d1ca-44ed-848b-f98fbefe7312,86cf3745-9118-44ae-b1bd-15c449a2d33d,a990f0f9-13b8-4399-bf56-046d03a5014f,1627405102508,13.4147153,52.4863525,8.36715,0.11281547,-3.737926,2.4272604,on bike mount,cyclo cross,False,asphalt,good
96cfbbfa-d1ca-44ed-848b-f98fbefe7312,86cf3745-9118-44ae-b1bd-15c449a2d33d,06964a7a-f1bf-457c-ab24-fa23c27456f9,1627405102559,13.4147153,52.4863525,8.36715,-1.3431641,0.64796567,1.6094818,on bike mount,cyclo cross,False,asphalt,good
96cfbbfa-d1ca-44ed-848b-f98fbefe7312,86cf3745-9118-44ae-b1bd-15c449a2d33d,08781112-b2f3-47f7-be16-3c5075e126d2,1627405102608,13.4147153,52.4863525,8.36715,-0.53017354,0.06665182,0.07408619,on bike mount,cyclo cross,False,asphalt,good
96cfbbfa-d1ca-44ed-848b-f98fbefe7312,86cf3745-9118-44ae-b1bd-15c449a2d33d,f957cdd3-b1c1-43fc-a05d-119b6faf2e49,1627405102659,13.4147153,52.4863525,8.36715,-0.026719555,-2.4813697,-0.37875843,on bike mount,cyclo cross,False,asphalt,good
96cfbbfa-d1ca-44ed-848b-f98fbefe7312,86cf3745-9118-44ae-b1bd-15c449a2d33d,65150da8-16e8-4638-8545-0471805a5a4b,1627405102709,13.4147153,52.4863525,8.36715,0.6167213,0.11718106,0.22711849,on bike mount,cyclo cross,False,asphalt,good
96cfbbfa-d1ca-44ed-848b-f98fbefe7312,86cf3745-9118-44ae-b1bd-15c449a2d33d,7f1f17b6-dd9b-4074-b976-d01787278529,1627405102759,13.4147153,52.4863525,8.36715,-0.4349506,-0.35009456,-2.5021925,on bike mount,cyclo cross,False,asphalt,good
96cfbbfa-d1ca-44ed-848b-f98fbefe7312,86cf3745-9118-44ae-b1bd-15c449a2d33d,956b15fd-d933-4c1b-aab7-37cc8b757893,1627405102825,13.4147153,52.4863525,8.36715,0.5984163,-0.9544629,-2.322331,on bike mount,cyclo cross,False,asphalt,good
96cfbbfa-d1ca-44ed-848b-f98fbefe7312,86cf3745-9118-44ae-b1bd-15c449a2d33d,246dffbb-fc45-4322-b38b-59dd1ae001e3,1627405102876,13.4147153,52.4863525,8.36715,-0.30649108,1.3368926,-2.0814753,on bike mount,cyclo cross,False,asphalt,good
96cfbbfa-d1ca-44ed-848b-f98fbefe7312,86cf3745-9118-44ae-b1bd-15c449a2d33d,9f752780-4955-48f4-8625-e688db2baeb6,1627405102926,13.4147153,52.4863525,8.36715,-0.25596255,1.2784255,-0.5526943,on bike mount,cyclo cross,False,asphalt,good
96cfbbfa-d1ca-44ed-848b-f98fbefe7312,86cf3745-9118-44ae-b1bd-15c449a2d33d,92462325-bd22-4160-882c-10e8ce3cb11b,1627405102976,13.4147153,52.4863525,8.36715,-0.096352264,1.1052523,1.1051416,on bike mount,cyclo cross,False,asphalt,good
96cfbbfa-d1ca-44ed-848b-f98fbefe7312,86cf3745-9118-44ae-b1bd-15c449a2d33d,c8ea4b2e-a340-4877-afcd-57fdf01f6cf4,1627405103026,13.4147153,52.4863525,8.36715,0.26900536,0.00975728,-2.4410024,on bike mount,cyclo cross,False,asphalt,good
96cfbbfa-d1ca-44ed-848b-f98fbefe7312,86cf3745-9118-44ae-b1bd-15c449a2d33d,e90159e2-f2cf-42d7-bb4e-32831246fa46,1627405103093,13.4147153,52.4863525,8.36715,-0.6147651,1.0244703,1.6392803,on bike mount,cyclo cross,False,asphalt,good
96cfbbfa-d1ca-44ed-848b-f98fbefe7312,86cf3745-9118-44ae-b1bd-15c449a2d33d,f2298cd0-c5e2-492d-aaec-dc9e3edb40c7,1627405103159,13.4147058,52.4864249,7.62427,0.31750703,-2.269582,2.1577864,on bike mount,cyclo cross,False,asphalt,good
96cfbbfa-d1ca-44ed-848b-f98fbefe7312,86cf3745-9118-44ae-b1bd-15c449a2d33d,60f8f07e-e274-4c20-823a-496d3eac85cf,1627405103226,13.4147058,52.4864249,7.62427,-0.53133696,-3.4464858,7.378193,on bike mount,cyclo cross,False,asphalt,good
96cfbbfa-d1ca-44ed-848b-f98fbefe7312,86cf3745-9118-44ae-b1bd-15c449a2d33d,cf70a462-6428-4316-b913-046437c90243,1627405103293,13.4147058,52.4864249,7.62427,-0.7454461,3.1301997,0.73472786,on bike mount,cyclo cross,False,asphalt,good
96cfbbfa-d1ca-44ed-848b-f98fbefe7312,86cf3745-9118-44ae-b1bd-15c449a2d33d,735e1d50-5792-4121-bf3b-892b2a1e3844,1627405103359,13.4147058,52.4864249,7.62427,-0.27676693,1.9576392,-2.2889757,on bike mount,cyclo cross,False,asphalt,good
96cfbbfa-d1ca-44ed-848b-f98fbefe7312,86cf3745-9118-44ae-b1bd-15c449a2d33d,cc914ec6-8dd6-4fc2-824f-c40ad5c0e98f,1627405103410,13.4147058,52.4864249,7.62427,-0.05957617,0.42025566,0.46813297,on bike mount,cyclo cross,False,asphalt,good
96cfbbfa-d1ca-44ed-848b-f98fbefe7312,86cf3745-9118-44ae-b1bd-15c449a2d33d,2f343b5e-4354-4695-96c2-bcd3343e2e29,1627405103459,13.4147058,52.4864249,7.62427,-0.15594232,-1.9662833,0.7748928,on bike mount,cyclo cross,False,asphalt,good
96cfbbfa-d1ca-44ed-848b-f98fbefe7312,86cf3745-9118-44ae-b1bd-15c449a2d33d,7a901f3a-fb35-4ee5-9a64-164c6f4a1391,1627405103510,13.4147058,52.4864249,7.62427,1.1187034,1.6051502,0.41499615,on bike mount,cyclo cross,False,asphalt,good
96cfbbfa-d1ca-44ed-848b-f98fbefe7312,86cf3745-9118-44ae-b1bd-15c449a2d33d,3998224e-215c-41c6-a390-35d1af9c28cb,1627405103577,13.4147058,52.4864249,7.62427,-0.24085349,0.17805839,1.4114485,on bike mount,cyclo cross,False,asphalt,good
96cfbbfa-d1ca-44ed-848b-f98fbefe7312,86cf3745-9118-44ae-b1bd-15c449a2d33d,e5ae6960-0682-4338-9816-23ca67f59fa8,1627405103626,13.4147058,52.4864249,7.62427,-0.21948749,3.8537414,-1.3183804,on bike mount,cyclo cross,False,asphalt,good
96cfbbfa-d1ca-44ed-848b-f98fbefe7312,86cf3745-9118-44ae-b1bd-15c449a2d33d,90e49738-8a6d-4150-8175-a5646c149bb4,1627405103677,13.4147058,52.4864249,7.62427,-0.6484875,-0.9440124,0.758914,on bike mount,cyclo cross,False,asphalt,good
96cfbbfa-d1ca-44ed-848b-f98fbefe7312,86cf3745-9118-44ae-b1bd-15c449a2d33d,082a0743-d104-4255-a008-50c719d92645,1627405103743,13.4147058,52.4864249,7.62427,0.1909476,1.5261068,-0.13105202,on bike mount,cyclo cross,False,asphalt,good
96cfbbfa-d1ca-44ed-848b-f98fbefe7312,86cf3745-9118-44ae-b1bd-15c449a2d33d,d4878d1f-86e5-4d45-a5dc-771f4c380c00,1627405103793,13.4147058,52.4864249,7.62427,-0.39175195,-0.39278078,1.9486485,on bike mount,cyclo cross,False,asphalt,good
96cfbbfa-d1ca-44ed-848b-f98fbefe7312,86cf3745-9118-44ae-b1bd-15c449a2d33d,389c516f-ada6-4fff-ac49-e1ce90b3c5d7,1627405103843,13.4147058,52.4864249,7.62427,-0.66581464,-0.7319294,-0.8783531,on bike mount,cyclo cross,False,asphalt,good
96cfbbfa-d1ca-44ed-848b-f98fbefe7312,86cf3745-9118-44ae-b1bd-15c449a2d33d,1ad703d8-f071-46c8-93a8-cae428c720ba,1627405103893,13.4147058,52.4864249,7.62427,-0.34447908,1.3889334,-0.48927498,on bike mount,cyclo cross,False,asphalt,good
96cfbbfa-d1ca-44ed-848b-f98fbefe7312,86cf3745-9118-44ae-b1bd-15c449a2d33d,68341515-7178-4c3d-b659-bd7a0a39c370,1627405103944,13.4147058,52.4864249,7.62427,-0.05190684,1.1998284,-0.5633192,on bike mount,cyclo cross,False,asphalt,good
96cfbbfa-d1ca-44ed-848b-f98fbefe7312,86cf3745-9118-44ae-b1bd-15c449a2d33d,698ba5ef-4d9a-4c18-a9a7-2f1ae289569b,1627405103994,13.4147058,52.4864249,7.62427,-1.0612427,-2.5393023,-2.9913425,on bike mount,cyclo cross,False,asphalt,good
96cfbbfa-d1ca-44ed-848b-f98fbefe7312,86cf3745-9118-44ae-b1bd-15c449a2d33d,fdb77494-9484-4274-8794-5b4ab96d291f,1627405104044,13.4147058,52.4864249,7.62427,1.3277481,-0.22015595,-0.22444248,on bike mount,cyclo cross,False,asphalt,good
96cfbbfa-d1ca-44ed-848b-f98fbefe7312,86cf3745-9118-44ae-b1bd-15c449a2d33d,e2fcfa79-4db6-402d-a3cb-15c06a48e97c,1627405104095,13.4147058,52.4864249,7.62427,0.24164364,-1.0520239,0.18146515,on bike mount,cyclo cross,False,asphalt,good
96cfbbfa-d1ca-44ed-848b-f98fbefe7312,86cf3745-9118-44ae-b1bd-15c449a2d33d,fb9c1f93-6a48-4296-9d4f-155fc68a8836,1627405104160,13.4146908,52.4864924,7.5849624,0.08911301,1.4334972,1.859621,on bike mount,cyclo cross,False,asphalt,good
96cfbbfa-d1ca-44ed-848b-f98fbefe7312,86cf3745-9118-44ae-b1bd-15c449a2d33d,a026ef75-c246-42a5-9c91-72907555c540,1627405104210,13.4146908,52.4864924,7.5849624,0.51698136,0.09093237,-0.4452324,on bike mount,cyclo cross,False,asphalt,good
96cfbbfa-d1ca-44ed-848b-f98fbefe7312,86cf3745-9118-44ae-b1bd-15c449a2d33d,6059286b-5323-4e76-a9e2-6e8a5bce52e4,1627405104261,13.4146908,52.4864924,7.5849624,0.9382894,0.4340651,1.3965502,on bike mount,cyclo cross,False,asphalt,good
96cfbbfa-d1ca-44ed-848b-f98fbefe7312,86cf3745-9118-44ae-b1bd-15c449a2d33d,5155ab67-520c-4d3e-982c-60d9c8eb0b44,1627405104311,13.4146908,52.4864924,7.5849624,0.1157815,0.31438136,-2.2608342,on bike mount,cyclo cross,False,asphalt,good
96cfbbfa-d1ca-44ed-848b-f98fbefe7312,86cf3745-9118-44ae-b1bd-15c449a2d33d,e22ebbf3-21d2-46d3-8cc5-b2313046af79,1627405104377,13.4146908,52.4864924,7.5849624,0.5150717,-0.05522585,0.36207294,on bike mount,cyclo cross,False,asphalt,good
96cfbbfa-d1ca-44ed-848b-f98fbefe7312,86cf3745-9118-44ae-b1bd-15c449a2d33d,31a6fab3-6f60-4fd4-bcab-bd9c49954ae1,1627405104428,13.4146908,52.4864924,7.5849624,1.7184538,-1.7720423,-3.9067793,on bike mount,cyclo cross,False,asphalt,good
96cfbbfa-d1ca-44ed-848b-f98fbefe7312,86cf3745-9118-44ae-b1bd-15c449a2d33d,c212b89f-98ec-4117-a57f-36d79d7d38ba,1627405104478,13.4146908,52.4864924,7.5849624,-1.1063832,-0.14769173,1.0581102,on bike mount,cyclo cross,False,asphalt,good
96cfbbfa-d1ca-44ed-848b-f98fbefe7312,86cf3745-9118-44ae-b1bd-15c449a2d33d,8320256d-1b9b-44af-b2c2-a2d5b7691a01,1627405104528,13.4146908,52.4864924,7.5849624,-1.0332928,-0.8033601,0.7606878,on bike mount,cyclo cross,False,asphalt,good
96cfbbfa-d1ca-44ed-848b-f98fbefe7312,86cf3745-9118-44ae-b1bd-15c449a2d33d,a0bea280-47f1-4e25-a9f5-3a649b3edbe9,1627405104595,13.4146908,52.4864924,7.5849624,0.1896515,0.29526734,1.7836809,on bike mount,cyclo cross,False,asphalt,good
96cfbbfa-d1ca-44ed-848b-f98fbefe7312,86cf3745-9118-44ae-b1bd-15c449a2d33d,495cfc1c-cf64-45d0-bdd1-cabf66cdcfb7,1627405104645,13.4146908,52.4864924,7.5849624,0.20407617,-0.22844625,1.6912909,on bike mount,cyclo cross,False,asphalt,good
96cfbbfa-d1ca-44ed-848b-f98fbefe7312,86cf3745-9118-44ae-b1bd-15c449a2d33d,f223d39e-c5d6-4461-8413-867a1366ba58,1627405104695,13.4146908,52.4864924,7.5849624,0.34974852,2.4651713,0.71149254,on bike mount,cyclo cross,False,asphalt,good
96cfbbfa-d1ca-44ed-848b-f98fbefe7312,86cf3745-9118-44ae-b1bd-15c449a2d33d,2badaf79-1d43-403d-9735-fccc0ad08909,1627405104761,13.4146908,52.4864924,7.5849624,-0.3446526,-2.85233,1.0763788,on bike mount,cyclo cross,False,asphalt,good
96cfbbfa-d1ca-44ed-848b-f98fbefe7312,86cf3745-9118-44ae-b1bd-15c449a2d33d,eed064ce-99e0-42a6-a2a2-c7634d948f1d,1627405104828,13.4146908,52.4864924,7.5849624,-0.63879585,-0.2908814,1.1092272,on bike mount,cyclo cross,False,asphalt,good
96cfbbfa-d1ca-44ed-848b-f98fbefe7312,86cf3745-9118-44ae-b1bd-15c449a2d33d,f99a261c-9d0e-43f0-9e18-7b4fcf005e4b,1627405104895,13.4146908,52.4864924,7.5849624,-0.32931033,1.4837022,0.5534849,on bike mount,cyclo cross,False,asphalt,good
96cfbbfa-d1ca-44ed-848b-f98fbefe7312,86cf3745-9118-44ae-b1bd-15c449a2d33d,4f9f80bc-b10e-438f-98f1-a6bd3c86e09a,1627405104962,13.4146908,52.4864924,7.5849624,-0.59735286,-0.6173037,3.923112,on bike mount,cyclo cross,False,asphalt,good
96cfbbfa-d1ca-44ed-848b-f98fbefe7312,86cf3745-9118-44ae-b1bd-15c449a2d33d,82c92e6a-1e4b-4e23-8ce8-0c963977e977,1627405105012,13.4146908,52.4864924,7.5849624,0.28110963,1.7611287,-1.7291126,on bike mount,cyclo cross,False,asphalt,good
96cfbbfa-d1ca-44ed-848b-f98fbefe7312,86cf3745-9118-44ae-b1bd-15c449a2d33d,9f3d7cbe-c066-472e-aa99-bfb29d4fc579,1627405105062,13.4146908,52.4864924,7.5849624,-2.2773023,1.7222025,-0.525465,on bike mount,cyclo cross,False,asphalt,good
96cfbbfa-d1ca-44ed-848b-f98fbefe7312,86cf3745-9118-44ae-b1bd-15c449a2d33d,565828f9-ea74-4979-9365-6271418357de,1627405105128,13.414679,52.4865613,7.4370985,-1.831955,-0.8862492,2.0935793,on bike mount,cyclo cross,False,asphalt,good
96cfbbfa-d1ca-44ed-848b-f98fbefe7312,86cf3745-9118-44ae-b1bd-15c449a2d33d,a2324455-11da-446f-9cee-bb243e7c96ca,1627405105178,13.414679,52.4865613,7.4370985,1.2033495,-0.7243192,-2.2778978,on bike mount,cyclo cross,False,asphalt,good
96cfbbfa-d1ca-44ed-848b-f98fbefe7312,86cf3745-9118-44ae-b1bd-15c449a2d33d,f6c05e09-5b8e-4069-9539-3ba6fe34f361,1627405105228,13.414679,52.4865613,7.4370985,-0.88881916,0.13594031,-0.3758707,on bike mount,cyclo cross,False,asphalt,good
96cfbbfa-d1ca-44ed-848b-f98fbefe7312,86cf3745-9118-44ae-b1bd-15c449a2d33d,7ed3bdac-2f3c-48c8-af2b-8516feae830c,1627405105279,13.414679,52.4865613,7.4370985,-0.9271573,-0.08789015,0.5531931,on bike mount,cyclo cross,False,asphalt,good
96cfbbfa-d1ca-44ed-848b-f98fbefe7312,86cf3745-9118-44ae-b1bd-15c449a2d33d,6f06064a-c7c1-406a-ac92-bac21c24bf2f,1627405105329,13.414679,52.4865613,7.4370985,0.6171628,-0.48856258,0.37915897,on bike mount,cyclo cross,False,asphalt,good
96cfbbfa-d1ca-44ed-848b-f98fbefe7312,86cf3745-9118-44ae-b1bd-15c449a2d33d,600bddd1-4b81-4a8a-9a14-8a4661df0b32,1627405105379,13.414679,52.4865613,7.4370985,-0.41990268,-0.8370836,0.87899876,on bike mount,cyclo cross,False,asphalt,good
96cfbbfa-d1ca-44ed-848b-f98fbefe7312,86cf3745-9118-44ae-b1bd-15c449a2d33d,43655230-2e79-4b58-b746-2a73701d0c7c,1627405105445,13.414679,52.4865613,7.4370985,-1.3241981,3.1528306,0.8833084,on bike mount,cyclo cross,False,asphalt,good
96cfbbfa-d1ca-44ed-848b-f98fbefe7312,86cf3745-9118-44ae-b1bd-15c449a2d33d,1f7cd240-7f56-4b07-ac9f-2af93460b601,1627405105496,13.414679,52.4865613,7.4370985,-2.2725565,1.8656988,-2.3099666,on bike mount,cyclo cross,False,asphalt,good
96cfbbfa-d1ca-44ed-848b-f98fbefe7312,86cf3745-9118-44ae-b1bd-15c449a2d33d,1a6b2b07-5ebb-4dab-a58b-9acbb6df31d7,1627405105546,13.414679,52.4865613,7.4370985,-0.6460061,-0.5478544,0.25549698,on bike mount,cyclo cross,False,asphalt,good
96cfbbfa-d1ca-44ed-848b-f98fbefe7312,86cf3745-9118-44ae-b1bd-15c449a2d33d,6f236999-45ce-4627-994e-66b22ce3a3f1,1627405105596,13.414679,52.4865613,7.4370985,-1.1598814,-1.8652927,1.6546793,on bike mount,cyclo cross,False,asphalt,good
96cfbbfa-d1ca-44ed-848b-f98fbefe7312,86cf3745-9118-44ae-b1bd-15c449a2d33d,a96355ea-488c-4815-be39-f6d06b05c6e0,1627405105662,13.414679,52.4865613,7.4370985,-0.66054547,0.6825414,-0.7920971,on bike mount,cyclo cross,False,asphalt,good
96cfbbfa-d1ca-44ed-848b-f98fbefe7312,86cf3745-9118-44ae-b1bd-15c449a2d33d,2e205ae4-671f-4c09-b0ea-c2095afb1e6f,1627405105712,13.414679,52.4865613,7.4370985,-0.0825263,0.6465409,-0.9152069,on bike mount,cyclo cross,False,asphalt,good
96cfbbfa-d1ca-44ed-848b-f98fbefe7312,86cf3745-9118-44ae-b1bd-15c449a2d33d,3d3d9f51-4f21-4b58-9f7c-18f4e4f3d0e3,1627405105762,13.414679,52.4865613,7.4370985,-1.0249498,-0.07902813,-1.3954062,on bike mount,cyclo cross,False,asphalt,good
96cfbbfa-d1ca-44ed-848b-f98fbefe7312,86cf3745-9118-44ae-b1bd-15c449a2d33d,85a8165b-ce71-40b5-8de9-b4de8dc0cad3,1627405105812,13.414679,52.4865613,7.4370985,-0.08968973,2.223827,-0.8662882,on bike mount,cyclo cross,False,asphalt,good
96cfbbfa-d1ca-44ed-848b-f98fbefe7312,86cf3745-9118-44ae-b1bd-15c449a2d33d,24efc998-8f1f-4686-a7d7-445ccbf978a1,1627405105863,13.414679,52.4865613,7.4370985,-0.15679264,-1.1317393,2.7331934,on bike mount,cyclo cross,False,asphalt,good
96cfbbfa-d1ca-44ed-848b-f98fbefe7312,86cf3745-9118-44ae-b1bd-15c449a2d33d,082a92ac-9c22-492b-b39c-e286535fddce,1627405105913,13.414679,52.4865613,7.4370985,-0.57328784,-0.778134,0.8468437,on bike mount,cyclo cross,False,asphalt,good
96cfbbfa-d1ca-44ed-848b-f98fbefe7312,86cf3745-9118-44ae-b1bd-15c449a2d33d,86101153-9de6-4232-9d7f-a7aeab49dfc2,1627405105980,13.414679,52.4865613,7.4370985,-1.4487512,-0.30160785,0.9069681,on bike mount,cyclo cross,False,asphalt,good
96cfbbfa-d1ca-44ed-848b-f98fbefe7312,86cf3745-9118-44ae-b1bd-15c449a2d33d,775d89ff-0320-4c79-8f9b-f8554510832c,1627405106030,13.414679,52.4865613,7.4370985,-1.5660387,-2.1836176,-0.32820702,on bike mount,cyclo cross,False,asphalt,good
96cfbbfa-d1ca-44ed-848b-f98fbefe7312,86cf3745-9118-44ae-b1bd-15c449a2d33d,f6dfb1c1-e27b-448c-9439-e3cb5db52a28,1627405106097,13.414679,52.4865613,7.4370985,0.12036364,1.4192595,-1.221293,on bike mount,cyclo cross,False,asphalt,good
96cfbbfa-d1ca-44ed-848b-f98fbefe7312,86cf3745-9118-44ae-b1bd-15c449a2d33d,0938a39b-9005-4d5c-8ea4-0db4700c1125,1627405106163,13.4146686,52.4866279,7.2296524,-0.9907777,0.8847494,0.8724394,on bike mount,cyclo cross,False,asphalt,good
96cfbbfa-d1ca-44ed-848b-f98fbefe7312,86cf3745-9118-44ae-b1bd-15c449a2d33d,acf13f99-6f78-40ca-88d2-d9d7c07047d1,1627405106230,13.4146686,52.4866279,7.2296524,0.48661947,0.67445016,0.023198128,on bike mount,cyclo cross,False,asphalt,good
96cfbbfa-d1ca-44ed-848b-f98fbefe7312,86cf3745-9118-44ae-b1bd-15c449a2d33d,4ea7facf-07bc-482e-a091-10f622458084,1627405106297,13.4146686,52.4866279,7.2296524,0.036314085,2.1514275,-1.549375,on bike mount,cyclo cross,False,asphalt,good
96cfbbfa-d1ca-44ed-848b-f98fbefe7312,86cf3745-9118-44ae-b1bd-15c449a2d33d,420e0fa1-2bd4-4e21-a146-16631c76bba1,1627405106347,13.4146686,52.4866279,7.2296524,0.1322965,0.757756,-1.4196315,on bike mount,cyclo cross,False,asphalt,good
96cfbbfa-d1ca-44ed-848b-f98fbefe7312,86cf3745-9118-44ae-b1bd-15c449a2d33d,0e299e08-aaa4-4653-95aa-4147a3f44f24,1627405106413,13.4146686,52.4866279,7.2296524,0.33104143,2.1232853,-2.5371733,on bike mount,cyclo cross,False,asphalt,good
96cfbbfa-d1ca-44ed-848b-f98fbefe7312,86cf3745-9118-44ae-b1bd-15c449a2d33d,2db8fc56-fdbe-4f1b-b87b-41412a5bebd9,1627405106463,13.4146686,52.4866279,7.2296524,0.008618023,-1.0235926,1.5589819,on bike mount,cyclo cross,False,asphalt,good
96cfbbfa-d1ca-44ed-848b-f98fbefe7312,86cf3745-9118-44ae-b1bd-15c449a2d33d,e410ea4c-c98b-4c42-b160-44da7d271d5f,1627405106513,13.4146686,52.4866279,7.2296524,0.60115385,0.24425101,-0.33932018,on bike mount,cyclo cross,False,asphalt,good
96cfbbfa-d1ca-44ed-848b-f98fbefe7312,86cf3745-9118-44ae-b1bd-15c449a2d33d,6b105813-67b5-474f-b978-9000bd30d961,1627405106563,13.4146686,52.4866279,7.2296524,-0.1648376,1.4719472,-0.97136974,on bike mount,cyclo cross,False,asphalt,good
96cfbbfa-d1ca-44ed-848b-f98fbefe7312,86cf3745-9118-44ae-b1bd-15c449a2d33d,fd120242-3832-4421-ab6f-6fdc71ae783b,1627405106614,13.4146686,52.4866279,7.2296524,-0.62114024,-3.5240924,0.24240017,on bike mount,cyclo cross,False,asphalt,good
96cfbbfa-d1ca-44ed-848b-f98fbefe7312,86cf3745-9118-44ae-b1bd-15c449a2d33d,54ca4990-86de-4663-994c-df2a74609849,1627405106664,13.4146686,52.4866279,7.2296524,0.4451164,1.6363115,0.6362629,on bike mount,cyclo cross,False,asphalt,good
96cfbbfa-d1ca-44ed-848b-f98fbefe7312,86cf3745-9118-44ae-b1bd-15c449a2d33d,7100cac0-969b-4ac1-870a-f271a9079b16,1627405106730,13.4146686,52.4866279,7.2296524,-0.6443337,-1.3100556,-3.7317123,on bike mount,cyclo cross,False,asphalt,good
96cfbbfa-d1ca-44ed-848b-f98fbefe7312,86cf3745-9118-44ae-b1bd-15c449a2d33d,c0a6ae2a-49e4-4249-a120-54a532b0d387,1627405106781,13.4146686,52.4866279,7.2296524,-0.21491225,-0.18787336,-2.4431243,on bike mount,cyclo cross,False,asphalt,good
96cfbbfa-d1ca-44ed-848b-f98fbefe7312,86cf3745-9118-44ae-b1bd-15c449a2d33d,ae4fac1f-6546-46af-8b4f-c226fba0a6de,1627405106830,13.4146686,52.4866279,7.2296524,-0.6790848,0.4724195,2.4572582,on bike mount,cyclo cross,False,asphalt,good
96cfbbfa-d1ca-44ed-848b-f98fbefe7312,86cf3745-9118-44ae-b1bd-15c449a2d33d,8b2d4b1e-c985-4aa5-8fa7-f09971b86a3c,1627405106881,13.4146686,52.4866279,7.2296524,0.18620807,-0.84256697,-0.51378345,on bike mount,cyclo cross,False,asphalt,good
96cfbbfa-d1ca-44ed-848b-f98fbefe7312,86cf3745-9118-44ae-b1bd-15c449a2d33d,830250b0-639b-4d7a-9f13-3ad85322bfcc,1627405106931,13.4146686,52.4866279,7.2296524,-0.786735,1.9515083,0.19627857,on bike mount,cyclo cross,False,asphalt,good
96cfbbfa-d1ca-44ed-848b-f98fbefe7312,86cf3745-9118-44ae-b1bd-15c449a2d33d,53676989-0d2b-4cb6-9590-7cf1c53a557e,1627405106998,13.4146686,52.4866279,7.2296524,0.1332868,-1.4927528,2.4057093,on bike mount,cyclo cross,False,asphalt,good
96cfbbfa-d1ca-44ed-848b-f98fbefe7312,86cf3745-9118-44ae-b1bd-15c449a2d33d,07f693e1-acb0-4bec-98a7-5a4670d1526f,1627405107064,13.4146686,52.4866279,7.2296524,0.08313872,-2.8444595,2.7166615,on bike mount,cyclo cross,False,asphalt,good
96cfbbfa-d1ca-44ed-848b-f98fbefe7312,86cf3745-9118-44ae-b1bd-15c449a2d33d,3c34c45d-0199-429b-9e4e-033221851862,1627405107131,13.4146387,52.4866997,8.143299,-0.19434221,-0.2623062,0.090106964,on bike mount,cyclo cross,False,asphalt,good
96cfbbfa-d1ca-44ed-848b-f98fbefe7312,86cf3745-9118-44ae-b1bd-15c449a2d33d,ba6d50a6-6ee0-41a7-982b-7b74d4307385,1627405107198,13.4146387,52.4866997,8.143299,-0.14352918,1.9538965,0.7281742,on bike mount,cyclo cross,False,asphalt,good
96cfbbfa-d1ca-44ed-848b-f98fbefe7312,86cf3745-9118-44ae-b1bd-15c449a2d33d,d9e3a8d6-5cfb-4beb-9376-ec4c0dd58b75,1627405107265,13.4146387,52.4866997,8.143299,0.03443715,0.19139504,2.5227327,on bike mount,cyclo cross,False,asphalt,good
96cfbbfa-d1ca-44ed-848b-f98fbefe7312,86cf3745-9118-44ae-b1bd-15c449a2d33d,0bfe567f-e1b9-4d5a-81a4-27cc966714ae,1627405107315,13.4146387,52.4866997,8.143299,-0.41553438,0.8401792,0.72470284,on bike mount,cyclo cross,False,asphalt,good
96cfbbfa-d1ca-44ed-848b-f98fbefe7312,86cf3745-9118-44ae-b1bd-15c449a2d33d,36ab2632-2977-4962-a3b5-1e59cbca510d,1627405107365,13.4146387,52.4866997,8.143299,0.27306932,-0.82133937,0.49837017,on bike mount,cyclo cross,False,asphalt,good
96cfbbfa-d1ca-44ed-848b-f98fbefe7312,86cf3745-9118-44ae-b1bd-15c449a2d33d,bba01f16-1911-45fd-a933-991602c0eadf,1627405107414,13.4146387,52.4866997,8.143299,-0.24707758,1.6128178,0.029114723,on bike mount,cyclo cross,False,asphalt,good
96cfbbfa-d1ca-44ed-848b-f98fbefe7312,86cf3745-9118-44ae-b1bd-15c449a2d33d,247a0034-62b5-47a2-a02b-59ca91c4da86,1627405107465,13.4146387,52.4866997,8.143299,0.0364767,-0.30898094,-1.7813239,on bike mount,cyclo cross,False,asphalt,good
96cfbbfa-d1ca-44ed-848b-f98fbefe7312,86cf3745-9118-44ae-b1bd-15c449a2d33d,0ddc2013-5894-42de-b5ad-dd9ec399a4bc,1627405107532,13.4146387,52.4866997,8.143299,-0.44690648,-2.0161765,2.590125,on bike mount,cyclo cross,False,asphalt,good
96cfbbfa-d1ca-44ed-848b-f98fbefe7312,86cf3745-9118-44ae-b1bd-15c449a2d33d,4f7c230e-bac6-4463-81df-451825c4fd0b,1627405107582,13.4146387,52.4866997,8.143299,-1.3641976,-1.7417648,2.4238234,on bike mount,cyclo cross,False,asphalt,good
96cfbbfa-d1ca-44ed-848b-f98fbefe7312,86cf3745-9118-44ae-b1bd-15c449a2d33d,282be450-6bb9-499c-b87c-0af33333a127,1627405107648,13.4146387,52.4866997,8.143299,1.145348,-0.46876597,2.9680872,on bike mount,cyclo cross,False,asphalt,good
96cfbbfa-d1ca-44ed-848b-f98fbefe7312,86cf3745-9118-44ae-b1bd-15c449a2d33d,16340aba-a1ec-4ef3-a9ec-f25d12b9935c,1627405107715,13.4146387,52.4866997,8.143299,0.39794955,-1.2423298,2.1997976,on bike mount,cyclo cross,False,asphalt,good
96cfbbfa-d1ca-44ed-848b-f98fbefe7312,86cf3745-9118-44ae-b1bd-15c449a2d33d,e24c93e0-1ac2-4066-990d-8477d263774f,1627405107782,13.4146387,52.4866997,8.143299,0.33049303,-0.29400873,-0.55428886,on bike mount,cyclo cross,False,asphalt,good
96cfbbfa-d1ca-44ed-848b-f98fbefe7312,86cf3745-9118-44ae-b1bd-15c449a2d33d,7f248777-2489-4f1c-b505-628c4bba06f1,1627405107849,13.4146387,52.4866997,8.143299,-0.5673517,0.42629814,1.9227695,on bike mount,cyclo cross,False,asphalt,good
96cfbbfa-d1ca-44ed-848b-f98fbefe7312,86cf3745-9118-44ae-b1bd-15c449a2d33d,c904c986-4355-4e13-adc0-4dcb494c960a,1627405107899,13.4146387,52.4866997,8.143299,-0.13179982,0.97410536,0.7150545,on bike mount,cyclo cross,False,asphalt,good
96cfbbfa-d1ca-44ed-848b-f98fbefe7312,86cf3745-9118-44ae-b1bd-15c449a2d33d,6176cf12-ab42-4209-8f62-380c57d7a5ce,1627405107965,13.4146387,52.4866997,8.143299,-0.23984271,-0.7209792,1.430788,on bike mount,cyclo cross,False,asphalt,good
96cfbbfa-d1ca-44ed-848b-f98fbefe7312,86cf3745-9118-44ae-b1bd-15c449a2d33d,537aec79-8240-40cd-b59a-e23f8309cf72,1627405108015,13.4146387,52.4866997,8.143299,0.8231504,0.33162403,-2.0745616,on bike mount,cyclo cross,False,asphalt,good
96cfbbfa-d1ca-44ed-848b-f98fbefe7312,86cf3745-9118-44ae-b1bd-15c449a2d33d,5804a348-236e-4c84-b4a6-e5d6aa045efb,1627405108065,13.4146387,52.4866997,8.143299,-0.5354824,-0.65152407,-1.4744067,on bike mount,cyclo cross,False,asphalt,good
96cfbbfa-d1ca-44ed-848b-f98fbefe7312,86cf3745-9118-44ae-b1bd-15c449a2d33d,ced6f644-0b41-46ac-b0b2-33421a5c42da,1627405108119,13.4145847,52.4867787,8.985453,0.5835932,-0.73784626,1.3961382,on bike mount,cyclo cross,False,asphalt,good
96cfbbfa-d1ca-44ed-848b-f98fbefe7312,86cf3745-9118-44ae-b1bd-15c449a2d33d,e3d2533f-86b5-4631-9bf8-863839b31eda,1627405108182,13.4145847,52.4867787,8.985453,0.5378007,0.8459511,-1.5558295,on bike mount,cyclo cross,False,asphalt,good
96cfbbfa-d1ca-44ed-848b-f98fbefe7312,86cf3745-9118-44ae-b1bd-15c449a2d33d,392149ca-4cbc-472d-8d30-4e4c05915980,1627405108249,13.4145847,52.4867787,8.985453,1.2565907,2.2811923,0.9308443,on bike mount,cyclo cross,False,asphalt,good
96cfbbfa-d1ca-44ed-848b-f98fbefe7312,86cf3745-9118-44ae-b1bd-15c449a2d33d,05639c26-6dfa-4d8c-8cf8-e16425a56add,1627405108316,13.4145847,52.4867787,8.985453,0.020579576,0.37689924,-1.6931386,on bike mount,cyclo cross,False,asphalt,good
96cfbbfa-d1ca-44ed-848b-f98fbefe7312,86cf3745-9118-44ae-b1bd-15c449a2d33d,7f88d684-c561-45df-8d1d-b8c831bb6eb1,1627405108382,13.4145847,52.4867787,8.985453,1.1184349,0.08413172,-2.0156913,on bike mount,cyclo cross,False,asphalt,good
96cfbbfa-d1ca-44ed-848b-f98fbefe7312,86cf3745-9118-44ae-b1bd-15c449a2d33d,540f7b66-b7d8-4199-94dc-1c8ae9a07eab,1627405108432,13.4145847,52.4867787,8.985453,-0.9783751,0.024810553,-1.6913772,on bike mount,cyclo cross,False,asphalt,good
96cfbbfa-d1ca-44ed-848b-f98fbefe7312,86cf3745-9118-44ae-b1bd-15c449a2d33d,ce031beb-3550-4056-a21c-d8b594c6ee55,1627405108483,13.4145847,52.4867787,8.985453,-1.0444103,-0.37538576,2.753852,on bike mount,cyclo cross,False,asphalt,good
96cfbbfa-d1ca-44ed-848b-f98fbefe7312,86cf3745-9118-44ae-b1bd-15c449a2d33d,d7606ed0-7ef7-4313-863a-caf9a54983ff,1627405108533,13.4145847,52.4867787,8.985453,1.8375696,-1.1451818,1.9356184,on bike mount,cyclo cross,False,asphalt,good
96cfbbfa-d1ca-44ed-848b-f98fbefe7312,86cf3745-9118-44ae-b1bd-15c449a2d33d,7c9e8fc6-7471-49f6-93e5-05e75f71c13d,1627405108583,13.4145847,52.4867787,8.985453,0.047294438,0.4089551,-0.55139065,on bike mount,cyclo cross,False,asphalt,good
96cfbbfa-d1ca-44ed-848b-f98fbefe7312,86cf3745-9118-44ae-b1bd-15c449a2d33d,d871c451-8f58-4131-a417-142b8464c47c,1627405108650,13.4145847,52.4867787,8.985453,-0.026121378,-1.0005375,-4.0496116,on bike mount,cyclo cross,False,asphalt,good
96cfbbfa-d1ca-44ed-848b-f98fbefe7312,86cf3745-9118-44ae-b1bd-15c449a2d33d,06035e6c-c3d4-4eba-8189-7a6c70c17a70,1627405108700,13.4145847,52.4867787,8.985453,-0.6844661,-0.63192356,1.0624809,on bike mount,cyclo cross,False,asphalt,good
96cfbbfa-d1ca-44ed-848b-f98fbefe7312,86cf3745-9118-44ae-b1bd-15c449a2d33d,48f3d688-0667-43e2-bbfc-1f6a267606fd,1627405108750,13.4145847,52.4867787,8.985453,-0.29669064,-0.5126014,-0.3410282,on bike mount,cyclo cross,False,asphalt,good
96cfbbfa-d1ca-44ed-848b-f98fbefe7312,86cf3745-9118-44ae-b1bd-15c449a2d33d,80f45500-bd5e-4b4c-a873-4a0365a9db3c,1627405108816,13.4145847,52.4867787,8.985453,0.97958994,0.057847977,-0.8997097,on bike mount,cyclo cross,False,asphalt,good
96cfbbfa-d1ca-44ed-848b-f98fbefe7312,86cf3745-9118-44ae-b1bd-15c449a2d33d,aded907d-c9ce-4f73-baf1-a5d81a14bcc9,1627405108866,13.4145847,52.4867787,8.985453,-0.07935125,-0.9116839,-2.9639573,on bike mount,cyclo cross,False,asphalt,good
96cfbbfa-d1ca-44ed-848b-f98fbefe7312,86cf3745-9118-44ae-b1bd-15c449a2d33d,fe0ab752-466d-4a2a-8247-1d3090d15d90,1627405108917,13.4145847,52.4867787,8.985453,0.85408306,0.5671537,0.034010887,on bike mount,cyclo cross,False,asphalt,good
96cfbbfa-d1ca-44ed-848b-f98fbefe7312,86cf3745-9118-44ae-b1bd-15c449a2d33d,6564d319-4b03-45cb-b16c-6d801ea20d6f,1627405108967,13.4145847,52.4867787,8.985453,-0.029580235,1.2182369,0.47103786,on bike mount,cyclo cross,False,asphalt,good
96cfbbfa-d1ca-44ed-848b-f98fbefe7312,86cf3745-9118-44ae-b1bd-15c449a2d33d,5c2d02d2-444a-43f1-9bda-bea3b75bfcda,1627405109017,13.4145847,52.4867787,8.985453,-0.18956515,0.07643604,0.4873047,on bike mount,cyclo cross,False,asphalt,good
96cfbbfa-d1ca-44ed-848b-f98fbefe7312,86cf3745-9118-44ae-b1bd-15c449a2d33d,cafa7747-4559-462a-89c7-bab51dade103,1627405109084,13.4145847,52.4867787,8.985453,0.2638678,-1.1322712,-0.68398,on bike mount,cyclo cross,False,asphalt,good
96cfbbfa-d1ca-44ed-848b-f98fbefe7312,86cf3745-9118-44ae-b1bd-15c449a2d33d,e4fea061-e0c8-43a8-85d5-6a8864cfcba1,1627405109153,13.4145343,52.4868652,8.978495,0.040161014,1.0019855,-0.36438465,on bike mount,cyclo cross,False,asphalt,good
96cfbbfa-d1ca-44ed-848b-f98fbefe7312,86cf3745-9118-44ae-b1bd-15c449a2d33d,c76c0730-d123-4735-95ec-4161ac1dce10,1627405109217,13.4145343,52.4868652,8.978495,-0.5632043,0.072187185,1.0887318,on bike mount,cyclo cross,False,asphalt,good
96cfbbfa-d1ca-44ed-848b-f98fbefe7312,86cf3745-9118-44ae-b1bd-15c449a2d33d,eedcfe02-383e-497b-80e5-1ea4b5b9f54e,1627405109284,13.4145343,52.4868652,8.978495,-1.0894221,-1.3469534,-2.040009,on bike mount,cyclo cross,False,asphalt,good
96cfbbfa-d1ca-44ed-848b-f98fbefe7312,86cf3745-9118-44ae-b1bd-15c449a2d33d,c8128914-7b3a-48f3-9b02-09d91f346d4a,1627405109351,13.4145343,52.4868652,8.978495,0.8068868,1.1287596,-0.16494179,on bike mount,cyclo cross,False,asphalt,good
96cfbbfa-d1ca-44ed-848b-f98fbefe7312,86cf3745-9118-44ae-b1bd-15c449a2d33d,eafb791a-7ec2-421d-add5-2554c8b516bc,1627405109400,13.4145343,52.4868652,8.978495,0.06299111,0.455122,-0.5191717,on bike mount,cyclo cross,False,asphalt,good
96cfbbfa-d1ca-44ed-848b-f98fbefe7312,86cf3745-9118-44ae-b1bd-15c449a2d33d,70a731b6-0bc6-4f77-879d-382f0640a311,1627405109451,13.4145343,52.4868652,8.978495,0.09459756,1.7969968,1.5190525,on bike mount,cyclo cross,False,asphalt,good
96cfbbfa-d1ca-44ed-848b-f98fbefe7312,86cf3745-9118-44ae-b1bd-15c449a2d33d,00187f11-1763-4828-b663-58c528108411,1627405109501,13.4145343,52.4868652,8.978495,-1.485472,-0.531312,3.209032,on bike mount,cyclo cross,False,asphalt,good
96cfbbfa-d1ca-44ed-848b-f98fbefe7312,86cf3745-9118-44ae-b1bd-15c449a2d33d,5bdabdc8-c820-4ea3-acb9-3a2accacc7a6,1627405109551,13.4145343,52.4868652,8.978495,1.1534165,-0.16686106,2.5405645,on bike mount,cyclo cross,False,asphalt,good
96cfbbfa-d1ca-44ed-848b-f98fbefe7312,86cf3745-9118-44ae-b1bd-15c449a2d33d,499fd7b0-8d2c-4832-8dc3-30b47d5f133a,1627405109601,13.4145343,52.4868652,8.978495,-0.9212493,-0.5168941,-1.2135191,on bike mount,cyclo cross,False,asphalt,good
96cfbbfa-d1ca-44ed-848b-f98fbefe7312,86cf3745-9118-44ae-b1bd-15c449a2d33d,ef5fc741-d441-4a99-ae0a-c72d51165270,1627405109668,13.4145343,52.4868652,8.978495,-0.49789348,0.041591883,1.0815039,on bike mount,cyclo cross,False,asphalt,good
96cfbbfa-d1ca-44ed-848b-f98fbefe7312,86cf3745-9118-44ae-b1bd-15c449a2d33d,39820146-18b9-4f0a-b83c-f66a7ddafcdc,1627405109734,13.4145343,52.4868652,8.978495,-0.98933804,-1.3434927,-1.103096,on bike mount,cyclo cross,False,asphalt,good
96cfbbfa-d1ca-44ed-848b-f98fbefe7312,86cf3745-9118-44ae-b1bd-15c449a2d33d,2a2a448e-2493-4944-bcb8-617a575098d6,1627405109801,13.4145343,52.4868652,8.978495,0.40393355,-2.4834862,2.171442,on bike mount,cyclo cross,False,asphalt,good
96cfbbfa-d1ca-44ed-848b-f98fbefe7312,86cf3745-9118-44ae-b1bd-15c449a2d33d,7756c06b-0011-4b51-b2e4-9843b62253df,1627405109868,13.4145343,52.4868652,8.978495,-0.60161686,-0.59538245,3.938919,on bike mount,cyclo cross,False,asphalt,good
96cfbbfa-d1ca-44ed-848b-f98fbefe7312,86cf3745-9118-44ae-b1bd-15c449a2d33d,9491e630-3e13-4f6f-89e4-e9d1fcd850b3,1627405109935,13.4145343,52.4868652,8.978495,-0.30598718,0.34403515,0.12959766,on bike mount,cyclo cross,False,asphalt,good
96cfbbfa-d1ca-44ed-848b-f98fbefe7312,86cf3745-9118-44ae-b1bd-15c449a2d33d,b636c115-7fc5-4b5d-a4a6-a0561ff190c8,1627405109985,13.4145343,52.4868652,8.978495,-0.096349195,1.6439385,-0.49863434,on bike mount,cyclo cross,False,asphalt,good
96cfbbfa-d1ca-44ed-848b-f98fbefe7312,86cf3745-9118-44ae-b1bd-15c449a2d33d,5e48dd71-c33c-40ad-ae8c-4df484d40171,1627405110035,13.4145343,52.4868652,8.978495,0.8862815,-2.6987338,1.8833294,on bike mount,cyclo cross,False,asphalt,good
96cfbbfa-d1ca-44ed-848b-f98fbefe7312,86cf3745-9118-44ae-b1bd-15c449a2d33d,04023ffa-ab34-47fd-8cd7-a255a550e8bd,1627405110085,13.4145343,52.4868652,8.978495,0.3568661,3.3846674,-3.5316162,on bike mount,cyclo cross,False,asphalt,good
96cfbbfa-d1ca-44ed-848b-f98fbefe7312,86cf3745-9118-44ae-b1bd-15c449a2d33d,ba6cd7aa-037c-43f7-a15c-57ac08a7442b,1627405110151,13.4144923,52.4869465,8.858462,-0.5051396,0.964386,-0.88308716,on bike mount,cyclo cross,False,asphalt,good
96cfbbfa-d1ca-44ed-848b-f98fbefe7312,86cf3745-9118-44ae-b1bd-15c449a2d33d,aa71c4a9-e47f-4015-a8bb-8484f57e1573,1627405110202,13.4144923,52.4869465,8.858462,-0.9301773,-0.28067684,6.079629,on bike mount,cyclo cross,False,asphalt,good
96cfbbfa-d1ca-44ed-848b-f98fbefe7312,86cf3745-9118-44ae-b1bd-15c449a2d33d,f838e810-8368-4179-be01-ff9d0a49bbeb,1627405110268,13.4144923,52.4869465,8.858462,-0.8781594,-1.4718896,2.0198956,on bike mount,cyclo cross,False,asphalt,good
96cfbbfa-d1ca-44ed-848b-f98fbefe7312,86cf3745-9118-44ae-b1bd-15c449a2d33d,9f8fe254-8122-43e4-8413-117157326e11,1627405110319,13.4144923,52.4869465,8.858462,-0.55968463,-0.18453026,1.2530041,on bike mount,cyclo cross,False,asphalt,good
96cfbbfa-d1ca-44ed-848b-f98fbefe7312,86cf3745-9118-44ae-b1bd-15c449a2d33d,00b22e31-9e53-4b9d-bcae-d659c68d13fb,1627405110385,13.4144923,52.4869465,8.858462,-1.1477635,-0.8529141,4.7620745,on bike mount,cyclo cross,False,asphalt,good
96cfbbfa-d1ca-44ed-848b-f98fbefe7312,86cf3745-9118-44ae-b1bd-15c449a2d33d,59011a94-faef-4aac-b006-71da662b2375,1627405110452,13.4144923,52.4869465,8.858462,0.40725973,-0.0953629,-0.30551147,on bike mount,cyclo cross,False,asphalt,good
96cfbbfa-d1ca-44ed-848b-f98fbefe7312,86cf3745-9118-44ae-b1bd-15c449a2d33d,51ebd3d5-de86-4392-811f-a334c87ceec1,1627405110518,13.4144923,52.4869465,8.858462,0.8541423,0.0015285015,0.60904217,on bike mount,cyclo cross,False,asphalt,good
96cfbbfa-d1ca-44ed-848b-f98fbefe7312,86cf3745-9118-44ae-b1bd-15c449a2d33d,08653f73-2f8d-4873-b066-3232f4d38269,1627405110568,13.4144923,52.4869465,8.858462,0.16415972,-1.1863667,0.43522263,on bike mount,cyclo cross,False,asphalt,good
96cfbbfa-d1ca-44ed-848b-f98fbefe7312,86cf3745-9118-44ae-b1bd-15c449a2d33d,300c61a6-3613-43dd-a77e-b611cf4de928,1627405110619,13.4144923,52.4869465,8.858462,0.6957062,2.1001582,-2.708508,on bike mount,cyclo cross,False,asphalt,good
96cfbbfa-d1ca-44ed-848b-f98fbefe7312,86cf3745-9118-44ae-b1bd-15c449a2d33d,e862b140-c494-46f6-b8eb-03413f6f8a41,1627405110669,13.4144923,52.4869465,8.858462,0.42210215,-2.1772594,-0.5860739,on bike mount,cyclo cross,False,asphalt,good
96cfbbfa-d1ca-44ed-848b-f98fbefe7312,86cf3745-9118-44ae-b1bd-15c449a2d33d,93dda23e-3e27-4cab-a0fa-2d20c9934a52,1627405110735,13.4144923,52.4869465,8.858462,0.69435644,1.4364681,-2.1018414,on bike mount,cyclo cross,False,asphalt,good
96cfbbfa-d1ca-44ed-848b-f98fbefe7312,86cf3745-9118-44ae-b1bd-15c449a2d33d,82945cbd-9968-46dc-a79a-c82489df5ce7,1627405110785,13.4144923,52.4869465,8.858462,2.213106,-1.9441944,-0.40608788,on bike mount,cyclo cross,False,asphalt,good
96cfbbfa-d1ca-44ed-848b-f98fbefe7312,86cf3745-9118-44ae-b1bd-15c449a2d33d,f6a30d6d-09a4-445b-b0ce-cf126560fbc2,1627405110835,13.4144923,52.4869465,8.858462,0.41033787,3.411962,-2.1937046,on bike mount,cyclo cross,False,asphalt,good
96cfbbfa-d1ca-44ed-848b-f98fbefe7312,86cf3745-9118-44ae-b1bd-15c449a2d33d,c0fcf037-e708-4cad-8b12-860e3500384d,1627405110885,13.4144923,52.4869465,8.858462,0.7186619,-0.0024662018,1.6458187,on bike mount,cyclo cross,False,asphalt,good
96cfbbfa-d1ca-44ed-848b-f98fbefe7312,86cf3745-9118-44ae-b1bd-15c449a2d33d,b28b1e43-eb71-4349-a76e-81c3ae88acdc,1627405110936,13.4144923,52.4869465,8.858462,1.8894484,-0.23348379,0.0931015,on bike mount,cyclo cross,False,asphalt,good
96cfbbfa-d1ca-44ed-848b-f98fbefe7312,86cf3745-9118-44ae-b1bd-15c449a2d33d,985edc10-0e3b-4477-aad6-a9b3800ff42b,1627405111003,13.4144923,52.4869465,8.858462,1.2469412,1.0113773,-1.5839128,on bike mount,cyclo cross,False,asphalt,good
96cfbbfa-d1ca-44ed-848b-f98fbefe7312,86cf3745-9118-44ae-b1bd-15c449a2d33d,cb6a7997-d145-4e38-96b7-72b607fb18f1,1627405111069,13.4144923,52.4869465,8.858462,1.8847332,1.5690689,0.041752815,on bike mount,cyclo cross,False,asphalt,good
96cfbbfa-d1ca-44ed-848b-f98fbefe7312,86cf3745-9118-44ae-b1bd-15c449a2d33d,91f75f0f-43b1-4262-bbd0-cd6fbc40334d,1627405111136,13.4144489,52.487025,8.887693,0.58448666,1.0740783,-0.8392086,on bike mount,cyclo cross,False,asphalt,good
96cfbbfa-d1ca-44ed-848b-f98fbefe7312,86cf3745-9118-44ae-b1bd-15c449a2d33d,2d05db97-f606-47d3-a57b-5405ca9644e6,1627405111203,13.4144489,52.487025,8.887693,1.5376,0.7676823,-2.6520238,on bike mount,cyclo cross,False,asphalt,good
96cfbbfa-d1ca-44ed-848b-f98fbefe7312,86cf3745-9118-44ae-b1bd-15c449a2d33d,d733b013-f3fc-4c65-b340-83c5096be79d,1627405111252,13.4144489,52.487025,8.887693,-1.5555253,-1.5948722,0.115489006,on bike mount,cyclo cross,False,asphalt,good
96cfbbfa-d1ca-44ed-848b-f98fbefe7312,86cf3745-9118-44ae-b1bd-15c449a2d33d,113b4ba2-3a53-4a1a-a991-d1f781f04478,1627405111303,13.4144489,52.487025,8.887693,0.35738212,-1.2030994,1.7745686,on bike mount,cyclo cross,False,asphalt,good
96cfbbfa-d1ca-44ed-848b-f98fbefe7312,86cf3745-9118-44ae-b1bd-15c449a2d33d,af035a03-a4c3-42cc-b76c-19c41e0dea78,1627405111370,13.4144489,52.487025,8.887693,-0.7329445,0.0761745,-2.615347,on bike mount,cyclo cross,False,asphalt,good
96cfbbfa-d1ca-44ed-848b-f98fbefe7312,86cf3745-9118-44ae-b1bd-15c449a2d33d,52c85bf2-4325-420e-bdde-5599cf1fb3cd,1627405111419,13.4144489,52.487025,8.887693,-0.5735595,1.5822129,-2.798512,on bike mount,cyclo cross,False,asphalt,good
96cfbbfa-d1ca-44ed-848b-f98fbefe7312,86cf3745-9118-44ae-b1bd-15c449a2d33d,20037255-e737-4050-856d-537f7227c049,1627405111470,13.4144489,52.487025,8.887693,-0.022558749,0.3844061,0.7069855,on bike mount,cyclo cross,False,asphalt,good
96cfbbfa-d1ca-44ed-848b-f98fbefe7312,86cf3745-9118-44ae-b1bd-15c449a2d33d,9a8a9938-db09-4821-a462-b97f2818beef,1627405111519,13.4144489,52.487025,8.887693,0.36239532,0.47430992,-0.84918404,on bike mount,cyclo cross,False,asphalt,good
96cfbbfa-d1ca-44ed-848b-f98fbefe7312,86cf3745-9118-44ae-b1bd-15c449a2d33d,ba3f01c6-a8ff-4791-8938-16e696519305,1627405111570,13.4144489,52.487025,8.887693,1.6472228,0.49910736,-0.2875433,on bike mount,cyclo cross,False,asphalt,good
96cfbbfa-d1ca-44ed-848b-f98fbefe7312,86cf3745-9118-44ae-b1bd-15c449a2d33d,3af06a72-a8bb-400e-9eb7-3a9bf515fbe3,1627405111637,13.4144489,52.487025,8.887693,0.98740697,-0.16165018,3.6002464,on bike mount,cyclo cross,False,asphalt,good
96cfbbfa-d1ca-44ed-848b-f98fbefe7312,86cf3745-9118-44ae-b1bd-15c449a2d33d,6ccc4564-9eda-4026-acf4-7db21fdd8c9f,1627405111687,13.4144489,52.487025,8.887693,-0.32480627,2.0551157,-2.1599374,on bike mount,cyclo cross,False,asphalt,good
96cfbbfa-d1ca-44ed-848b-f98fbefe7312,86cf3745-9118-44ae-b1bd-15c449a2d33d,261540fa-6f0e-44ca-a647-4e9c234e9f3c,1627405111737,13.4144489,52.487025,8.887693,-0.87731546,-0.2571144,1.8233967,on bike mount,cyclo cross,False,asphalt,good
96cfbbfa-d1ca-44ed-848b-f98fbefe7312,86cf3745-9118-44ae-b1bd-15c449a2d33d,93ef252c-4f01-4ee8-85a6-1b396f7b3e19,1627405111787,13.4144489,52.487025,8.887693,-0.11743632,-0.6152134,-2.2259297,on bike mount,cyclo cross,False,asphalt,good
96cfbbfa-d1ca-44ed-848b-f98fbefe7312,86cf3745-9118-44ae-b1bd-15c449a2d33d,bbd85a8d-5758-4ca6-9323-7c5353f0ba31,1627405111837,13.4144489,52.487025,8.887693,-1.5001981,-0.30762672,1.8941021,on bike mount,cyclo cross,False,asphalt,good
96cfbbfa-d1ca-44ed-848b-f98fbefe7312,86cf3745-9118-44ae-b1bd-15c449a2d33d,ab556390-a2a3-406e-9d41-5476bb4fa9ab,1627405111887,13.4144489,52.487025,8.887693,0.56495273,-0.535439,-1.6646104,on bike mount,cyclo cross,False,asphalt,good
96cfbbfa-d1ca-44ed-848b-f98fbefe7312,86cf3745-9118-44ae-b1bd-15c449a2d33d,70c1831b-d59b-411d-bae9-6e060b946357,1627405111954,13.4144489,52.487025,8.887693,-1.8170476,0.11654687,-0.9590969,on bike mount,cyclo cross,False,asphalt,good
96cfbbfa-d1ca-44ed-848b-f98fbefe7312,86cf3745-9118-44ae-b1bd-15c449a2d33d,b1aa27d2-7efb-4c10-bf61-cde7fbd84dc1,1627405112003,13.4144489,52.487025,8.887693,0.96027166,-0.07511258,-0.48519897,on bike mount,cyclo cross,False,asphalt,good
96cfbbfa-d1ca-44ed-848b-f98fbefe7312,86cf3745-9118-44ae-b1bd-15c449a2d33d,7bfe9e50-767c-44be-9e91-0621d18b9601,1627405112054,13.4144489,52.487025,8.887693,-0.41828448,-0.84363943,-0.5656824,on bike mount,cyclo cross,False,asphalt,good
96cfbbfa-d1ca-44ed-848b-f98fbefe7312,86cf3745-9118-44ae-b1bd-15c449a2d33d,bb927222-de91-4a65-818b-fe79e36de327,1627405112104,13.414399,52.4870974,9.172421,-0.9615378,1.0821903,1.1832876,on bike mount,cyclo cross,False,asphalt,good
96cfbbfa-d1ca-44ed-848b-f98fbefe7312,86cf3745-9118-44ae-b1bd-15c449a2d33d,0f5b754b-35e1-4220-96cd-6b3cce5d9c47,1627405112170,13.414399,52.4870974,9.172421,-1.1719762,1.705142,-1.386167,on bike mount,cyclo cross,False,asphalt,good
96cfbbfa-d1ca-44ed-848b-f98fbefe7312,86cf3745-9118-44ae-b1bd-15c449a2d33d,854d6f69-81ce-4a0f-b5c0-180d51c47a66,1627405112237,13.414399,52.4870974,9.172421,-1.9587132,-0.44985008,0.61238956,on bike mount,cyclo cross,False,asphalt,good
96cfbbfa-d1ca-44ed-848b-f98fbefe7312,86cf3745-9118-44ae-b1bd-15c449a2d33d,7461c773-3855-48a0-b65c-0e7c175e6727,1627405112304,13.414399,52.4870974,9.172421,0.111358285,0.5587492,-2.4234896,on bike mount,cyclo cross,False,asphalt,good
96cfbbfa-d1ca-44ed-848b-f98fbefe7312,86cf3745-9118-44ae-b1bd-15c449a2d33d,f9417df8-e680-4006-8c83-17ca55cdcc0b,1627405112371,13.414399,52.4870974,9.172421,0.4875219,2.3429508,-1.8596301,on bike mount,cyclo cross,False,asphalt,good
96cfbbfa-d1ca-44ed-848b-f98fbefe7312,86cf3745-9118-44ae-b1bd-15c449a2d33d,6c02096e-f763-4d21-b765-9ced71720b79,1627405112421,13.414399,52.4870974,9.172421,-1.7201462,0.85091066,-1.0096745,on bike mount,cyclo cross,False,asphalt,good
96cfbbfa-d1ca-44ed-848b-f98fbefe7312,86cf3745-9118-44ae-b1bd-15c449a2d33d,05319df0-214c-48b0-9d07-565426612051,1627405112488,13.414399,52.4870974,9.172421,0.039845705,-1.4565717,4.2863503,on bike mount,cyclo cross,False,asphalt,good
96cfbbfa-d1ca-44ed-848b-f98fbefe7312,86cf3745-9118-44ae-b1bd-15c449a2d33d,6c2c3bde-c1c3-4814-a5de-7fce3968a917,1627405112555,13.414399,52.4870974,9.172421,-1.9407389,-1.52234,2.5287113,on bike mount,cyclo cross,False,asphalt,good
96cfbbfa-d1ca-44ed-848b-f98fbefe7312,86cf3745-9118-44ae-b1bd-15c449a2d33d,be890880-756c-406b-bede-073a8d0b9916,1627405112621,13.414399,52.4870974,9.172421,-0.4241951,-1.7482622,-2.7078156,on bike mount,cyclo cross,False,asphalt,good
96cfbbfa-d1ca-44ed-848b-f98fbefe7312,86cf3745-9118-44ae-b1bd-15c449a2d33d,ea04bcaf-5700-4f08-868c-7c393d4da385,1627405112688,13.414399,52.4870974,9.172421,-0.48807824,1.3665972,-2.2159557,on bike mount,cyclo cross,False,asphalt,good
96cfbbfa-d1ca-44ed-848b-f98fbefe7312,86cf3745-9118-44ae-b1bd-15c449a2d33d,018c00c1-b193-41a9-af72-6fdfdac3e835,1627405112755,13.414399,52.4870974,9.172421,-0.76584435,-0.2086165,0.75799465,on bike mount,cyclo cross,False,asphalt,good
96cfbbfa-d1ca-44ed-848b-f98fbefe7312,86cf3745-9118-44ae-b1bd-15c449a2d33d,5780f148-2526-4213-8317-e8d3dfc68475,1627405112805,13.414399,52.4870974,9.172421,-0.46045983,-0.79842615,-0.3825426,on bike mount,cyclo cross,False,asphalt,good
96cfbbfa-d1ca-44ed-848b-f98fbefe7312,86cf3745-9118-44ae-b1bd-15c449a2d33d,78b02994-81e5-413c-8675-e07862e89e6c,1627405112855,13.414399,52.4870974,9.172421,0.105499595,-0.61085796,-0.9537363,on bike mount,cyclo cross,False,asphalt,good
96cfbbfa-d1ca-44ed-848b-f98fbefe7312,86cf3745-9118-44ae-b1bd-15c449a2d33d,0005dab8-3b54-44d3-945e-681061c3181c,1627405112922,13.414399,52.4870974,9.172421,0.8722318,2.2989044,-0.34748173,on bike mount,cyclo cross,False,asphalt,good
96cfbbfa-d1ca-44ed-848b-f98fbefe7312,86cf3745-9118-44ae-b1bd-15c449a2d33d,85c2e99a-c5e2-4464-bce6-20bc88b46b53,1627405112988,13.414399,52.4870974,9.172421,0.15577614,-0.5628338,2.6697502,on bike mount,cyclo cross,False,asphalt,good
96cfbbfa-d1ca-44ed-848b-f98fbefe7312,86cf3745-9118-44ae-b1bd-15c449a2d33d,3e8cb88a-96a3-463c-9bcc-29e109942e7b,1627405113055,13.414399,52.4870974,9.172421,0.12230312,-0.4008913,-0.09677887,on bike mount,cyclo cross,False,asphalt,good
96cfbbfa-d1ca-44ed-848b-f98fbefe7312,86cf3745-9118-44ae-b1bd-15c449a2d33d,da486c73-7c14-45a7-858e-7fa4167d727e,1627405113122,13.4143527,52.4871715,9.138262,-0.78937703,0.67002726,-0.6160965,on bike mount,cyclo cross,False,asphalt,good
96cfbbfa-d1ca-44ed-848b-f98fbefe7312,86cf3745-9118-44ae-b1bd-15c449a2d33d,ff4f730e-8000-44c0-b5d1-e8b90aee6edc,1627405113188,13.4143527,52.4871715,9.138262,0.67611563,-1.8657178,3.0816803,on bike mount,cyclo cross,False,asphalt,good
96cfbbfa-d1ca-44ed-848b-f98fbefe7312,86cf3745-9118-44ae-b1bd-15c449a2d33d,dd932a8c-b683-4c30-9b7c-6ddd79b76c75,1627405113238,13.4143527,52.4871715,9.138262,0.8767823,-0.079366684,2.6346846,on bike mount,cyclo cross,False,asphalt,good
96cfbbfa-d1ca-44ed-848b-f98fbefe7312,86cf3745-9118-44ae-b1bd-15c449a2d33d,86d253ba-22e7-4abb-ac1e-9e74e0dfb39e,1627405113305,13.4143527,52.4871715,9.138262,-0.6712352,-3.0426292,0.46794987,on bike mount,cyclo cross,False,asphalt,good
96cfbbfa-d1ca-44ed-848b-f98fbefe7312,86cf3745-9118-44ae-b1bd-15c449a2d33d,d8716b86-8ec9-4267-8c87-89df8a1018e4,1627405113372,13.4143527,52.4871715,9.138262,-0.51548606,-0.5592687,-0.8052769,on bike mount,cyclo cross,False,asphalt,good
96cfbbfa-d1ca-44ed-848b-f98fbefe7312,86cf3745-9118-44ae-b1bd-15c449a2d33d,8b89a90a-d93e-40fe-977c-efd1d04777bc,1627405113439,13.4143527,52.4871715,9.138262,-0.32923126,2.422028,-3.6439486,on bike mount,cyclo cross,False,asphalt,good
96cfbbfa-d1ca-44ed-848b-f98fbefe7312,86cf3745-9118-44ae-b1bd-15c449a2d33d,b34f9612-65c8-4e50-8238-cf972543397c,1627405113505,13.4143527,52.4871715,9.138262,0.3480081,-0.50373745,3.5303125,on bike mount,cyclo cross,False,asphalt,good
96cfbbfa-d1ca-44ed-848b-f98fbefe7312,86cf3745-9118-44ae-b1bd-15c449a2d33d,372e2fa8-9a00-40d2-b86b-37790d80fbab,1627405113555,13.4143527,52.4871715,9.138262,1.0033574,-3.03403,-3.7733574,on bike mount,cyclo cross,False,asphalt,good
96cfbbfa-d1ca-44ed-848b-f98fbefe7312,86cf3745-9118-44ae-b1bd-15c449a2d33d,c717a072-6ab2-40a0-9a04-0c7194b718f6,1627405113605,13.4143527,52.4871715,9.138262,1.3674229,1.5117671,-1.0821981,on bike mount,cyclo cross,False,asphalt,good
96cfbbfa-d1ca-44ed-848b-f98fbefe7312,86cf3745-9118-44ae-b1bd-15c449a2d33d,40cf4626-8064-4f1b-8e99-294f71ceae98,1627405113655,13.4143527,52.4871715,9.138262,0.30771145,-0.8187753,1.0846682,on bike mount,cyclo cross,False,asphalt,good
96cfbbfa-d1ca-44ed-848b-f98fbefe7312,86cf3745-9118-44ae-b1bd-15c449a2d33d,44024f76-e1cd-4652-9a6b-d406db5720c8,1627405113706,13.4143527,52.4871715,9.138262,1.100949,-1.4959962,1.2012415,on bike mount,cyclo cross,False,asphalt,good
96cfbbfa-d1ca-44ed-848b-f98fbefe7312,86cf3745-9118-44ae-b1bd-15c449a2d33d,f2cf1e30-658c-4972-82d8-baa59fecef37,1627405113756,13.4143527,52.4871715,9.138262,-0.52053756,3.6757555,-1.3526769,on bike mount,cyclo cross,False,asphalt,good
96cfbbfa-d1ca-44ed-848b-f98fbefe7312,86cf3745-9118-44ae-b1bd-15c449a2d33d,d4e9ef56-c0de-4096-b666-cd0675a42079,1627405113806,13.4143527,52.4871715,9.138262,-0.9044992,0.9076915,-2.0176406,on bike mount,cyclo cross,False,asphalt,good
96cfbbfa-d1ca-44ed-848b-f98fbefe7312,86cf3745-9118-44ae-b1bd-15c449a2d33d,a28b2b50-03b3-40c0-9448-132d95f68cb2,1627405113872,13.4143527,52.4871715,9.138262,0.97313833,-0.30586576,3.9312363,on bike mount,cyclo cross,False,asphalt,good
96cfbbfa-d1ca-44ed-848b-f98fbefe7312,86cf3745-9118-44ae-b1bd-15c449a2d33d,dcbd3edc-1026-4246-9fca-d42ae5b43f88,1627405113922,13.4143527,52.4871715,9.138262,-0.942837,-0.46747088,3.120472,on bike mount,cyclo cross,False,asphalt,good
96cfbbfa-d1ca-44ed-848b-f98fbefe7312,86cf3745-9118-44ae-b1bd-15c449a2d33d,cbe98245-7fe5-4674-9378-c3d1d625f411,1627405113973,13.4143527,52.4871715,9.138262,-0.04907024,0.8694191,0.75017166,on bike mount,cyclo cross,False,asphalt,good
96cfbbfa-d1ca-44ed-848b-f98fbefe7312,86cf3745-9118-44ae-b1bd-15c449a2d33d,d2d63fd9-ad2c-4929-947a-fdd8736ba727,1627405114023,13.4143527,52.4871715,9.138262,0.13801244,0.16645074,-0.74212456,on bike mount,cyclo cross,False,asphalt,good
96cfbbfa-d1ca-44ed-848b-f98fbefe7312,86cf3745-9118-44ae-b1bd-15c449a2d33d,45a54e08-060b-4d12-a290-978ea85dd864,1627405114090,13.4143527,52.4871715,9.138262,0.110096276,0.2846477,1.7392855,on bike mount,cyclo cross,False,asphalt,good
96cfbbfa-d1ca-44ed-848b-f98fbefe7312,86cf3745-9118-44ae-b1bd-15c449a2d33d,b81ed705-4f23-466a-9064-b60cc6f76a74,1627405114156,13.4143031,52.4872491,9.188865,-1.5520124,0.10331941,0.22489262,on bike mount,cyclo cross,False,asphalt,good
96cfbbfa-d1ca-44ed-848b-f98fbefe7312,86cf3745-9118-44ae-b1bd-15c449a2d33d,59045d2c-ac4a-46d9-98a3-d70497db8ebb,1627405114223,13.4143031,52.4872491,9.188865,-0.03192544,0.43880677,3.041193,on bike mount,cyclo cross,False,asphalt,good
96cfbbfa-d1ca-44ed-848b-f98fbefe7312,86cf3745-9118-44ae-b1bd-15c449a2d33d,4d64229a-2a2c-48b9-9c18-3482e7a8bf73,1627405114290,13.4143031,52.4872491,9.188865,-0.5456699,1.0237494,1.2477131,on bike mount,cyclo cross,False,asphalt,good
96cfbbfa-d1ca-44ed-848b-f98fbefe7312,86cf3745-9118-44ae-b1bd-15c449a2d33d,15beb5d5-71be-416d-86bd-587367c4cb57,1627405114357,13.4143031,52.4872491,9.188865,-0.1470964,0.8601756,-1.1770663,on bike mount,cyclo cross,False,asphalt,good
96cfbbfa-d1ca-44ed-848b-f98fbefe7312,86cf3745-9118-44ae-b1bd-15c449a2d33d,cf723c50-7705-4d90-93b3-01629e68ea4d,1627405114406,13.4143031,52.4872491,9.188865,0.4549773,0.21194339,-1.5268712,on bike mount,cyclo cross,False,asphalt,good
96cfbbfa-d1ca-44ed-848b-f98fbefe7312,86cf3745-9118-44ae-b1bd-15c449a2d33d,959ed498-b342-4aef-9aab-dd90c3315119,1627405114457,13.4143031,52.4872491,9.188865,0.11958951,1.9103813,-1.2422538,on bike mount,cyclo cross,False,asphalt,good
96cfbbfa-d1ca-44ed-848b-f98fbefe7312,86cf3745-9118-44ae-b1bd-15c449a2d33d,933989b7-f751-4a50-bd32-929f5e103395,1627405114523,13.4143031,52.4872491,9.188865,0.46046937,2.0720224,-0.8957901,on bike mount,cyclo cross,False,asphalt,good
96cfbbfa-d1ca-44ed-848b-f98fbefe7312,86cf3745-9118-44ae-b1bd-15c449a2d33d,159b636e-7a5c-4185-84a7-6a0c6df89d70,1627405114590,13.4143031,52.4872491,9.188865,-0.77510506,1.8992562,-1.5029011,on bike mount,cyclo cross,False,asphalt,good
96cfbbfa-d1ca-44ed-848b-f98fbefe7312,86cf3745-9118-44ae-b1bd-15c449a2d33d,beedd954-ab99-419e-930e-2e85172df875,1627405114657,13.4143031,52.4872491,9.188865,-0.3562973,-2.2403061,1.0536127,on bike mount,cyclo cross,False,asphalt,good
96cfbbfa-d1ca-44ed-848b-f98fbefe7312,86cf3745-9118-44ae-b1bd-15c449a2d33d,3c8444e8-c709-44ae-a179-2f5b8c870ee3,1627405114723,13.4143031,52.4872491,9.188865,-0.041967988,1.2393501,2.1022606,on bike mount,cyclo cross,False,asphalt,good
96cfbbfa-d1ca-44ed-848b-f98fbefe7312,86cf3745-9118-44ae-b1bd-15c449a2d33d,e5f12957-fa3b-4621-afa6-4cea644d916b,1627405114774,13.4143031,52.4872491,9.188865,-0.15274763,0.64497423,-0.5235481,on bike mount,cyclo cross,False,asphalt,good
96cfbbfa-d1ca-44ed-848b-f98fbefe7312,86cf3745-9118-44ae-b1bd-15c449a2d33d,ec554a58-8812-4a9d-b5bf-860565af8caa,1627405114840,13.4143031,52.4872491,9.188865,0.64782774,0.777786,2.1371021,on bike mount,cyclo cross,False,asphalt,good
96cfbbfa-d1ca-44ed-848b-f98fbefe7312,86cf3745-9118-44ae-b1bd-15c449a2d33d,6b88495d-c79d-4563-b4a1-591952773748,1627405114907,13.4143031,52.4872491,9.188865,-0.8051958,-2.0124362,1.8270864,on bike mount,cyclo cross,False,asphalt,good
96cfbbfa-d1ca-44ed-848b-f98fbefe7312,86cf3745-9118-44ae-b1bd-15c449a2d33d,e12e607d-206b-4649-9094-134082b7475b,1627405114974,13.4143031,52.4872491,9.188865,-0.50149894,-0.2594359,1.5222788,on bike mount,cyclo cross,False,asphalt,good
96cfbbfa-d1ca-44ed-848b-f98fbefe7312,86cf3745-9118-44ae-b1bd-15c449a2d33d,60a75d3b-9c8c-45dd-8cfa-9ba45a8f7e3c,1627405115041,13.4143031,52.4872491,9.188865,0.689649,-0.89368653,-1.337964,on bike mount,cyclo cross,False,asphalt,good
96cfbbfa-d1ca-44ed-848b-f98fbefe7312,86cf3745-9118-44ae-b1bd-15c449a2d33d,99bd62c5-a298-4359-8181-330d670f69a7,1627405115108,13.4143031,52.4872491,9.188865,0.43220598,0.95074344,-5.0477304,on bike mount,cyclo cross,False,asphalt,good
96cfbbfa-d1ca-44ed-848b-f98fbefe7312,86cf3745-9118-44ae-b1bd-15c449a2d33d,64b53695-d97b-4038-91b6-aa5b9aba1910,1627405115174,13.414255,52.4873266,9.184839,-1.1825066,2.393357,-0.75483894,on bike mount,cyclo cross,False,asphalt,good
96cfbbfa-d1ca-44ed-848b-f98fbefe7312,86cf3745-9118-44ae-b1bd-15c449a2d33d,7a22d2bd-2f2d-4352-8cdf-7aca8ea05cc4,1627405115241,13.414255,52.4873266,9.184839,0.48263663,1.5998886,-1.2347894,on bike mount,cyclo cross,False,asphalt,good
96cfbbfa-d1ca-44ed-848b-f98fbefe7312,86cf3745-9118-44ae-b1bd-15c449a2d33d,e55f2665-d3ec-44f4-ba3d-bb0c27172432,1627405115308,13.414255,52.4873266,9.184839,0.8251993,1.1641259,-2.331009,on bike mount,cyclo cross,False,asphalt,good
96cfbbfa-d1ca-44ed-848b-f98fbefe7312,86cf3745-9118-44ae-b1bd-15c449a2d33d,b6670c55-5aea-47be-8142-ce84e3fef5ae,1627405115358,13.414255,52.4873266,9.184839,0.38044277,-1.7208152,0.470253,on bike mount,cyclo cross,False,asphalt,good
96cfbbfa-d1ca-44ed-848b-f98fbefe7312,86cf3745-9118-44ae-b1bd-15c449a2d33d,2820cb38-6b5e-4645-8c73-4c0866569953,1627405115408,13.414255,52.4873266,9.184839,0.3997773,-0.3342929,1.2191267,on bike mount,cyclo cross,False,asphalt,good
96cfbbfa-d1ca-44ed-848b-f98fbefe7312,86cf3745-9118-44ae-b1bd-15c449a2d33d,8706c318-2996-4acd-872d-456417a90e57,1627405115475,13.414255,52.4873266,9.184839,-0.017527387,-1.729234,-0.53230286,on bike mount,cyclo cross,False,asphalt,good
96cfbbfa-d1ca-44ed-848b-f98fbefe7312,86cf3745-9118-44ae-b1bd-15c449a2d33d,73a12302-0742-4014-ab95-cc7493523870,1627405115542,13.414255,52.4873266,9.184839,-0.08503622,1.1501856,1.0811749,on bike mount,cyclo cross,False,asphalt,good
96cfbbfa-d1ca-44ed-848b-f98fbefe7312,86cf3745-9118-44ae-b1bd-15c449a2d33d,4d4c50cb-edf3-4ce3-918e-dd35ff2e96e2,1627405115608,13.414255,52.4873266,9.184839,-0.72439855,0.34375477,2.0437088,on bike mount,cyclo cross,False,asphalt,good
96cfbbfa-d1ca-44ed-848b-f98fbefe7312,86cf3745-9118-44ae-b1bd-15c449a2d33d,1bec3ae2-9630-490d-adb6-8b2fddf29868,1627405115675,13.414255,52.4873266,9.184839,-0.8554715,-1.5109488,1.3008356,on bike mount,cyclo cross,False,asphalt,good
96cfbbfa-d1ca-44ed-848b-f98fbefe7312,86cf3745-9118-44ae-b1bd-15c449a2d33d,24eecb37-8e9d-4d29-97bc-a11b63c206e2,1627405115742,13.414255,52.4873266,9.184839,-0.12287071,-0.264004,0.029880524,on bike mount,cyclo cross,False,asphalt,good
96cfbbfa-d1ca-44ed-848b-f98fbefe7312,86cf3745-9118-44ae-b1bd-15c449a2d33d,70639031-5e6e-48dc-b3dd-f5a886d12bc3,1627405115808,13.414255,52.4873266,9.184839,-0.36981997,-0.36685646,-2.355948,on bike mount,cyclo cross,False,asphalt,good
96cfbbfa-d1ca-44ed-848b-f98fbefe7312,86cf3745-9118-44ae-b1bd-15c449a2d33d,93ee1003-9022-4386-b352-33f3353dfa7c,1627405115875,13.414255,52.4873266,9.184839,0.52736735,-2.1745973,1.2992077,on bike mount,cyclo cross,False,asphalt,good
96cfbbfa-d1ca-44ed-848b-f98fbefe7312,86cf3745-9118-44ae-b1bd-15c449a2d33d,cf948ac2-7c0e-4310-bbfb-ebe72362f506,1627405115942,13.414255,52.4873266,9.184839,0.1444444,1.0091467,-0.56988335,on bike mount,cyclo cross,False,asphalt,good
96cfbbfa-d1ca-44ed-848b-f98fbefe7312,86cf3745-9118-44ae-b1bd-15c449a2d33d,c029c6f8-a158-4e14-85ec-03563f496f8b,1627405116008,13.414255,52.4873266,9.184839,-0.65455174,-0.9577068,0.4457445,on bike mount,cyclo cross,False,asphalt,good
96cfbbfa-d1ca-44ed-848b-f98fbefe7312,86cf3745-9118-44ae-b1bd-15c449a2d33d,d3f2680e-1b9c-49e2-afbe-d97b383bd66c,1627405116059,13.414255,52.4873266,9.184839,0.15191431,-0.16355205,-0.6966791,on bike mount,cyclo cross,False,asphalt,good
96cfbbfa-d1ca-44ed-848b-f98fbefe7312,86cf3745-9118-44ae-b1bd-15c449a2d33d,fb53ab92-9c36-4e06-b564-957bb7eb1aa2,1627405116109,13.4142174,52.4874082,9.316897,1.5287168,0.37461615,-1.2864904,on bike mount,cyclo cross,False,asphalt,good
96cfbbfa-d1ca-44ed-848b-f98fbefe7312,86cf3745-9118-44ae-b1bd-15c449a2d33d,90984df5-4c17-447c-97c7-f1ab6ffbe350,1627405116158,13.4142174,52.4874082,9.316897,0.098336235,-1.9776121,1.3649225,on bike mount,cyclo cross,False,asphalt,good
96cfbbfa-d1ca-44ed-848b-f98fbefe7312,86cf3745-9118-44ae-b1bd-15c449a2d33d,29070ab7-3afe-4422-a115-30a83f827d31,1627405116208,13.4142174,52.4874082,9.316897,0.9239967,-0.703315,1.8719578,on bike mount,cyclo cross,False,asphalt,good
96cfbbfa-d1ca-44ed-848b-f98fbefe7312,86cf3745-9118-44ae-b1bd-15c449a2d33d,680f7f01-be3f-45b2-9672-22dedae3261b,1627405116259,13.4142174,52.4874082,9.316897,-0.015170693,-1.8186147,1.1489191,on bike mount,cyclo cross,False,asphalt,good
96cfbbfa-d1ca-44ed-848b-f98fbefe7312,86cf3745-9118-44ae-b1bd-15c449a2d33d,7f52455e-d1e4-41fa-8013-43b01161b9a4,1627405116325,13.4142174,52.4874082,9.316897,0.09494655,-1.4039371,-2.9062438,on bike mount,cyclo cross,False,asphalt,good
96cfbbfa-d1ca-44ed-848b-f98fbefe7312,86cf3745-9118-44ae-b1bd-15c449a2d33d,463ae2cc-a15a-4e7c-a587-53e8d342723a,1627405116376,13.4142174,52.4874082,9.316897,0.43342924,-0.94157517,-0.7012396,on bike mount,cyclo cross,False,asphalt,good
96cfbbfa-d1ca-44ed-848b-f98fbefe7312,86cf3745-9118-44ae-b1bd-15c449a2d33d,71796e33-c0c7-4fb3-8895-9723245e53c0,1627405116442,13.4142174,52.4874082,9.316897,-1.2035079,0.806453,3.1723804,on bike mount,cyclo cross,False,asphalt,good
96cfbbfa-d1ca-44ed-848b-f98fbefe7312,86cf3745-9118-44ae-b1bd-15c449a2d33d,9e90ea6d-e0c3-4a2e-b9b0-28ac8d148977,1627405116493,13.4142174,52.4874082,9.316897,1.6293932,-0.9130368,-0.53169346,on bike mount,cyclo cross,False,asphalt,good
96cfbbfa-d1ca-44ed-848b-f98fbefe7312,86cf3745-9118-44ae-b1bd-15c449a2d33d,d1bae3e2-774a-49f3-96cf-09ec3116b22a,1627405116542,13.4142174,52.4874082,9.316897,-0.34429753,-0.14157009,2.50494,on bike mount,cyclo cross,False,asphalt,good
96cfbbfa-d1ca-44ed-848b-f98fbefe7312,86cf3745-9118-44ae-b1bd-15c449a2d33d,b02b94e1-38dc-4b69-94b4-7f27146a0f84,1627405116592,13.4142174,52.4874082,9.316897,1.4854803,0.7464452,4.5585327,on bike mount,cyclo cross,False,asphalt,good
96cfbbfa-d1ca-44ed-848b-f98fbefe7312,86cf3745-9118-44ae-b1bd-15c449a2d33d,646095dc-768c-4c76-8155-4d23922fb68c,1627405116642,13.4142174,52.4874082,9.316897,-0.7223921,2.8678017,-1.8833504,on bike mount,cyclo cross,False,asphalt,good
96cfbbfa-d1ca-44ed-848b-f98fbefe7312,86cf3745-9118-44ae-b1bd-15c449a2d33d,95568ae4-2eab-47f7-ae49-636dc206a1cc,1627405116693,13.4142174,52.4874082,9.316897,-0.028812945,-2.397913,-3.869966,on bike mount,cyclo cross,False,asphalt,good
96cfbbfa-d1ca-44ed-848b-f98fbefe7312,86cf3745-9118-44ae-b1bd-15c449a2d33d,2bae6ad6-d52b-4332-b94a-56a3ad2aadde,1627405116743,13.4142174,52.4874082,9.316897,0.33692744,-4.2329054,4.2773294,on bike mount,cyclo cross,False,asphalt,good
96cfbbfa-d1ca-44ed-848b-f98fbefe7312,86cf3745-9118-44ae-b1bd-15c449a2d33d,a7f2106f-37a9-4804-b180-b0151df6ec04,1627405116810,13.4142174,52.4874082,9.316897,-1.3038679,-0.8960353,2.850339,on bike mount,cyclo cross,False,asphalt,good
96cfbbfa-d1ca-44ed-848b-f98fbefe7312,86cf3745-9118-44ae-b1bd-15c449a2d33d,be5aee56-9eeb-4d01-8bba-cf37cc1a774e,1627405116859,13.4142174,52.4874082,9.316897,0.443231,3.517918,3.0490694,on bike mount,cyclo cross,False,asphalt,good
96cfbbfa-d1ca-44ed-848b-f98fbefe7312,86cf3745-9118-44ae-b1bd-15c449a2d33d,94cb3fd6-a534-4701-9ac7-538e25a98f51,1627405116910,13.4142174,52.4874082,9.316897,1.5973387,-1.150361,-2.0955992,on bike mount,cyclo cross,False,asphalt,good
96cfbbfa-d1ca-44ed-848b-f98fbefe7312,86cf3745-9118-44ae-b1bd-15c449a2d33d,d857a3c6-f570-44d2-847d-fdae54602273,1627405116977,13.4142174,52.4874082,9.316897,1.1242347,3.0770812,1.4981451,on bike mount,cyclo cross,False,asphalt,good
96cfbbfa-d1ca-44ed-848b-f98fbefe7312,86cf3745-9118-44ae-b1bd-15c449a2d33d,924fd87a-a1a9-4294-84d5-2dbd6ffd3360,1627405117027,13.4142174,52.4874082,9.316897,0.096966505,-2.8049777,4.6256866,on bike mount,cyclo cross,False,asphalt,good
96cfbbfa-d1ca-44ed-848b-f98fbefe7312,86cf3745-9118-44ae-b1bd-15c449a2d33d,cae2fa14-a292-4f83-b080-9a6c4a459e64,1627405117077,13.4142174,52.4874082,9.316897,1.4444342,2.6441169,0.8528385,on bike mount,cyclo cross,False,asphalt,good
96cfbbfa-d1ca-44ed-848b-f98fbefe7312,86cf3745-9118-44ae-b1bd-15c449a2d33d,3cb6b3e0-9f4e-432c-9300-a300fa3bda5d,1627405117143,13.4141784,52.4874825,8.434048,-0.411533,-0.618541,-1.2169914,on bike mount,cyclo cross,False,asphalt,good
96cfbbfa-d1ca-44ed-848b-f98fbefe7312,86cf3745-9118-44ae-b1bd-15c449a2d33d,812d3f24-8589-4fad-ab67-ec3324133018,1627405117210,13.4141784,52.4874825,8.434048,0.5037564,0.15185928,-1.0579338,on bike mount,cyclo cross,False,asphalt,good
96cfbbfa-d1ca-44ed-848b-f98fbefe7312,86cf3745-9118-44ae-b1bd-15c449a2d33d,4a8c6d52-201f-46f2-8dac-96f0a4716ec8,1627405117277,13.4141784,52.4874825,8.434048,2.4632945,1.2767148,-1.5267887,on bike mount,cyclo cross,False,asphalt,good
96cfbbfa-d1ca-44ed-848b-f98fbefe7312,86cf3745-9118-44ae-b1bd-15c449a2d33d,443651d7-552a-4eea-bf56-4eef46d17e73,1627405117344,13.4141784,52.4874825,8.434048,-3.2146838,1.4561999,-12.907967,on bike mount,cyclo cross,False,asphalt,good
96cfbbfa-d1ca-44ed-848b-f98fbefe7312,86cf3745-9118-44ae-b1bd-15c449a2d33d,54433d86-0b3a-475d-b1d4-2d468f2a2cc5,1627405117394,13.4141784,52.4874825,8.434048,0.57249105,-30.077257,94.03551,on bike mount,cyclo cross,False,asphalt,good
96cfbbfa-d1ca-44ed-848b-f98fbefe7312,86cf3745-9118-44ae-b1bd-15c449a2d33d,46bb81d2-9ffd-4586-bed3-d14e85800e93,1627405117443,13.4141784,52.4874825,8.434048,-13.997136,21.584911,-13.924452,on bike mount,cyclo cross,False,asphalt,good
96cfbbfa-d1ca-44ed-848b-f98fbefe7312,86cf3745-9118-44ae-b1bd-15c449a2d33d,efd59d24-515b-46d1-8d41-6a4ec850ea1e,1627405117494,13.4141784,52.4874825,8.434048,-0.8794496,0.7085514,16.059301,on bike mount,cyclo cross,False,asphalt,good
96cfbbfa-d1ca-44ed-848b-f98fbefe7312,86cf3745-9118-44ae-b1bd-15c449a2d33d,1cad1a89-dc71-4f06-8a6b-313ac80ad5ff,1627405117544,13.4141784,52.4874825,8.434048,7.1197257,-38.385735,-12.725579,on bike mount,cyclo cross,False,asphalt,good
96cfbbfa-d1ca-44ed-848b-f98fbefe7312,86cf3745-9118-44ae-b1bd-15c449a2d33d,7b6ac85c-af99-43c8-8e3e-723087bb742b,1627405117610,13.4141784,52.4874825,8.434048,-0.17796457,7.5343757,-7.268876,on bike mount,cyclo cross,False,asphalt,good
96cfbbfa-d1ca-44ed-848b-f98fbefe7312,86cf3745-9118-44ae-b1bd-15c449a2d33d,06931ced-ee0e-44e3-9aea-9a3dc78d3203,1627405117661,13.4141784,52.4874825,8.434048,-0.14477968,-6.822582,-2.578444,on bike mount,cyclo cross,False,asphalt,good
96cfbbfa-d1ca-44ed-848b-f98fbefe7312,86cf3745-9118-44ae-b1bd-15c449a2d33d,b0b65dac-ebf5-43cb-a69f-7f1dc9ca6b7a,1627405117711,13.4141784,52.4874825,8.434048,-2.0227675,0.7734246,0.43037796,on bike mount,cyclo cross,False,asphalt,good
96cfbbfa-d1ca-44ed-848b-f98fbefe7312,86cf3745-9118-44ae-b1bd-15c449a2d33d,40badc5d-dbef-4648-adf7-a3ba55bd0172,1627405117761,13.4141784,52.4874825,8.434048,1.448488,1.485606,-0.99411106,on bike mount,cyclo cross,False,asphalt,good
96cfbbfa-d1ca-44ed-848b-f98fbefe7312,86cf3745-9118-44ae-b1bd-15c449a2d33d,50bccdf6-c210-4178-8228-984d2dadf2f6,1627405117827,13.4141784,52.4874825,8.434048,1.0219133,1.3364453,-0.78651667,on bike mount,cyclo cross,False,asphalt,good
96cfbbfa-d1ca-44ed-848b-f98fbefe7312,86cf3745-9118-44ae-b1bd-15c449a2d33d,dd193a29-a820-47a9-9fc0-f60e7ecb75fc,1627405117878,13.4141784,52.4874825,8.434048,1.368144,0.6172924,2.2085352,on bike mount,cyclo cross,False,asphalt,good
96cfbbfa-d1ca-44ed-848b-f98fbefe7312,86cf3745-9118-44ae-b1bd-15c449a2d33d,160f3096-ede0-4d17-8576-2c66a72174af,1627405117928,13.4141784,52.4874825,8.434048,-0.40660942,0.20804644,2.8385859,on bike mount,cyclo cross,False,asphalt,good
96cfbbfa-d1ca-44ed-848b-f98fbefe7312,86cf3745-9118-44ae-b1bd-15c449a2d33d,aecbba57-660c-47e0-981f-4d2abc6a5f38,1627405117995,13.4141784,52.4874825,8.434048,-0.20269185,1.2656734,0.6661844,on bike mount,cyclo cross,False,asphalt,good
96cfbbfa-d1ca-44ed-848b-f98fbefe7312,86cf3745-9118-44ae-b1bd-15c449a2d33d,d07fe358-8d7b-4a17-8cac-7e972b93bd27,1627405118045,13.4141784,52.4874825,8.434048,0.61504513,2.2074735,-2.4833121,on bike mount,cyclo cross,False,asphalt,good
96cfbbfa-d1ca-44ed-848b-f98fbefe7312,86cf3745-9118-44ae-b1bd-15c449a2d33d,8c26c87a-3e69-4a71-a0f4-062925c01de9,1627405118096,13.4141784,52.4874825,8.434048,0.2875679,3.1916113,-2.9560485,on bike mount,cyclo cross,False,asphalt,good
96cfbbfa-d1ca-44ed-848b-f98fbefe7312,86cf3745-9118-44ae-b1bd-15c449a2d33d,a1b16a46-6bc0-4bb4-84bf-fb56d475f141,1627405118162,13.414151,52.4875557,8.431349,-0.14644976,-0.08134055,-0.47203445,on bike mount,cyclo cross,False,asphalt,good
96cfbbfa-d1ca-44ed-848b-f98fbefe7312,86cf3745-9118-44ae-b1bd-15c449a2d33d,c92216e1-4804-4dd4-9a19-c2b3fcdc67cc,1627405118229,13.414151,52.4875557,8.431349,-0.65042084,-3.100628,3.6803074,on bike mount,cyclo cross,False,asphalt,good
96cfbbfa-d1ca-44ed-848b-f98fbefe7312,86cf3745-9118-44ae-b1bd-15c449a2d33d,c253bddb-a597-4345-be36-75cad4a81ae0,1627405118295,13.414151,52.4875557,8.431349,0.5906671,-8.81451,3.5604372,on bike mount,cyclo cross,False,asphalt,good
96cfbbfa-d1ca-44ed-848b-f98fbefe7312,86cf3745-9118-44ae-b1bd-15c449a2d33d,8d60c886-7059-4b11-96ec-c00a41d3cdd3,1627405118362,13.414151,52.4875557,8.431349,1.2348807,2.029713,1.5295963,on bike mount,cyclo cross,False,asphalt,good
96cfbbfa-d1ca-44ed-848b-f98fbefe7312,86cf3745-9118-44ae-b1bd-15c449a2d33d,cb499b2b-4a3b-492e-bcb2-7aa64b8b7eb6,1627405118429,13.414151,52.4875557,8.431349,-1.7719238,1.9473758,-1.2959557,on bike mount,cyclo cross,False,asphalt,good
96cfbbfa-d1ca-44ed-848b-f98fbefe7312,86cf3745-9118-44ae-b1bd-15c449a2d33d,0392648d-6058-422c-8897-9c71be5b5cf0,1627405118496,13.414151,52.4875557,8.431349,-0.10497582,-1.3864038,1.7757978,on bike mount,cyclo cross,False,asphalt,good
96cfbbfa-d1ca-44ed-848b-f98fbefe7312,86cf3745-9118-44ae-b1bd-15c449a2d33d,5a3452ad-9864-4a47-bc79-30cd72fe15ab,1627405118562,13.414151,52.4875557,8.431349,-3.4709244,12.890164,-8.333292,on bike mount,cyclo cross,False,asphalt,good
96cfbbfa-d1ca-44ed-848b-f98fbefe7312,86cf3745-9118-44ae-b1bd-15c449a2d33d,be55ac08-fc78-42f4-bd53-0c1e47fd7e5f,1627405118629,13.414151,52.4875557,8.431349,7.233199,3.1896513,-4.0089192,on bike mount,cyclo cross,False,asphalt,good
96cfbbfa-d1ca-44ed-848b-f98fbefe7312,86cf3745-9118-44ae-b1bd-15c449a2d33d,bcec8374-48a6-4f70-9d6c-71d908865193,1627405118695,13.414151,52.4875557,8.431349,2.3845878,-13.364113,0.42696953,on bike mount,cyclo cross,False,asphalt,good
96cfbbfa-d1ca-44ed-848b-f98fbefe7312,86cf3745-9118-44ae-b1bd-15c449a2d33d,b2e61889-90ef-4c92-8d9b-0df053f0b025,1627405118745,13.414151,52.4875557,8.431349,0.6406862,-8.321692,7.457548,on bike mount,cyclo cross,False,asphalt,good
96cfbbfa-d1ca-44ed-848b-f98fbefe7312,86cf3745-9118-44ae-b1bd-15c449a2d33d,32d9d8aa-2eb8-4690-8ab4-0c17dfb6010d,1627405118796,13.414151,52.4875557,8.431349,1.281856,-6.6543903,1.1790028,on bike mount,cyclo cross,False,asphalt,good
96cfbbfa-d1ca-44ed-848b-f98fbefe7312,86cf3745-9118-44ae-b1bd-15c449a2d33d,70f08ef7-b142-490e-b670-e045f624643f,1627405118846,13.414151,52.4875557,8.431349,0.07046978,-2.2384865,4.4632177,on bike mount,cyclo cross,False,asphalt,good
96cfbbfa-d1ca-44ed-848b-f98fbefe7312,86cf3745-9118-44ae-b1bd-15c449a2d33d,c4347c5a-0e86-43cb-b958-24d68db50dbd,1627405118912,13.414151,52.4875557,8.431349,-0.8221547,-5.460064,2.9074974,on bike mount,cyclo cross,False,asphalt,good
96cfbbfa-d1ca-44ed-848b-f98fbefe7312,86cf3745-9118-44ae-b1bd-15c449a2d33d,4d3a4b36-5b80-4dfe-ba47-ee6449644947,1627405118979,13.414151,52.4875557,8.431349,-3.3288999,14.454208,-6.509374,on bike mount,cyclo cross,False,asphalt,good
96cfbbfa-d1ca-44ed-848b-f98fbefe7312,86cf3745-9118-44ae-b1bd-15c449a2d33d,e6e38072-b0dd-4bbd-87cb-6f2ac3bde2d0,1627405119046,13.414151,52.4875557,8.431349,0.22798651,-0.69784474,-3.825482,on bike mount,cyclo cross,False,asphalt,good
96cfbbfa-d1ca-44ed-848b-f98fbefe7312,86cf3745-9118-44ae-b1bd-15c449a2d33d,51d367a7-7e15-4451-8bc0-baa1f9047dff,1627405119096,13.414151,52.4875557,8.431349,0.52881175,-1.0341961,-3.485941,on bike mount,cyclo cross,False,asphalt,good
96cfbbfa-d1ca-44ed-848b-f98fbefe7312,86cf3745-9118-44ae-b1bd-15c449a2d33d,d6096eaf-cb11-4530-a1db-a8ae8bf1c240,1627405119162,13.4141305,52.4876303,8.684394,1.175122,-0.7592534,-0.18231392,on bike mount,cyclo cross,False,asphalt,good
96cfbbfa-d1ca-44ed-848b-f98fbefe7312,86cf3745-9118-44ae-b1bd-15c449a2d33d,f88bd50f-79f9-41d1-a98d-3e63ece942d6,1627405119230,13.4141305,52.4876303,8.684394,-0.034458235,-1.06505,-0.37508774,on bike mount,cyclo cross,False,asphalt,good
96cfbbfa-d1ca-44ed-848b-f98fbefe7312,86cf3745-9118-44ae-b1bd-15c449a2d33d,214e7bb1-7bcf-45a3-8a5a-2306e0c66845,1627405119280,13.4141305,52.4876303,8.684394,-0.1840378,3.4292254,-2.819704,on bike mount,cyclo cross,False,asphalt,good
96cfbbfa-d1ca-44ed-848b-f98fbefe7312,86cf3745-9118-44ae-b1bd-15c449a2d33d,43a5231b-54b8-48c7-842c-5d218290b72b,1627405119347,13.4141305,52.4876303,8.684394,-0.110067695,-1.1794735,-0.61327267,on bike mount,cyclo cross,False,asphalt,good
96cfbbfa-d1ca-44ed-848b-f98fbefe7312,86cf3745-9118-44ae-b1bd-15c449a2d33d,2dc14f26-ac30-4bf9-b6cd-6aa0de405826,1627405119413,13.4141305,52.4876303,8.684394,0.9523821,-3.1506627,2.8151865,on bike mount,cyclo cross,False,asphalt,good
96cfbbfa-d1ca-44ed-848b-f98fbefe7312,86cf3745-9118-44ae-b1bd-15c449a2d33d,949f2055-523b-444c-930a-587b3dc06ac0,1627405119480,13.4141305,52.4876303,8.684394,-0.20623735,-0.8240895,1.7994165,on bike mount,cyclo cross,False,asphalt,good
96cfbbfa-d1ca-44ed-848b-f98fbefe7312,86cf3745-9118-44ae-b1bd-15c449a2d33d,01939e8b-a5f8-4605-a5dc-5f06a3632058,1627405119530,13.4141305,52.4876303,8.684394,-0.3031217,1.0461481,-1.2040572,on bike mount,cyclo cross,False,asphalt,good
96cfbbfa-d1ca-44ed-848b-f98fbefe7312,86cf3745-9118-44ae-b1bd-15c449a2d33d,03596f41-d828-4eea-8ddc-b4509c7b7984,1627405119596,13.4141305,52.4876303,8.684394,-0.22680467,0.27040482,-1.5733371,on bike mount,cyclo cross,False,asphalt,good
96cfbbfa-d1ca-44ed-848b-f98fbefe7312,86cf3745-9118-44ae-b1bd-15c449a2d33d,90e91347-c4e5-472a-8b14-36ef5f674d22,1627405119647,13.4141305,52.4876303,8.684394,0.5291469,1.2889643,-2.4323835,on bike mount,cyclo cross,False,asphalt,good
96cfbbfa-d1ca-44ed-848b-f98fbefe7312,86cf3745-9118-44ae-b1bd-15c449a2d33d,881fed5a-145f-4270-9720-3d143d548026,1627405119696,13.4141305,52.4876303,8.684394,-0.21103185,0.5610869,1.602004,on bike mount,cyclo cross,False,asphalt,good
96cfbbfa-d1ca-44ed-848b-f98fbefe7312,86cf3745-9118-44ae-b1bd-15c449a2d33d,e2afb7a2-7fff-4826-b3c4-b9986eb6796d,1627405119747,13.4141305,52.4876303,8.684394,1.6028247,-2.231697,1.5285349,on bike mount,cyclo cross,False,asphalt,good
96cfbbfa-d1ca-44ed-848b-f98fbefe7312,86cf3745-9118-44ae-b1bd-15c449a2d33d,96a11712-c217-4f3d-8e09-fc545f026d72,1627405119813,13.4141305,52.4876303,8.684394,0.85437226,-1.6712533,-0.46556377,on bike mount,cyclo cross,False,asphalt,good
96cfbbfa-d1ca-44ed-848b-f98fbefe7312,86cf3745-9118-44ae-b1bd-15c449a2d33d,5ea68b92-c234-4b1b-9a4d-5b6047ce5f62,1627405119880,13.4141305,52.4876303,8.684394,0.4726227,-0.476089,0.7458811,on bike mount,cyclo cross,False,asphalt,good
96cfbbfa-d1ca-44ed-848b-f98fbefe7312,86cf3745-9118-44ae-b1bd-15c449a2d33d,4c704308-1327-4ea3-b5ec-c23af125d62f,1627405119947,13.4141305,52.4876303,8.684394,-1.6360396,0.29196525,0.60735226,on bike mount,cyclo cross,False,asphalt,good
96cfbbfa-d1ca-44ed-848b-f98fbefe7312,86cf3745-9118-44ae-b1bd-15c449a2d33d,b637d653-ac27-4c68-b904-c6d61f51cf17,1627405120013,13.4141305,52.4876303,8.684394,-0.5242952,1.3663566,-0.15528202,on bike mount,cyclo cross,False,asphalt,good
96cfbbfa-d1ca-44ed-848b-f98fbefe7312,86cf3745-9118-44ae-b1bd-15c449a2d33d,cbbac0e1-1ca2-4f0d-a098-2c22da8b39ed,1627405120064,13.4141305,52.4876303,8.684394,-0.96264863,-2.8985925,1.0401573,on bike mount,cyclo cross,False,asphalt,good
96cfbbfa-d1ca-44ed-848b-f98fbefe7312,86cf3745-9118-44ae-b1bd-15c449a2d33d,c38dcb12-1b71-4df1-aacc-e5b6b4684d44,1627405120130,13.4141137,52.4877031,8.3964815,0.00020682812,-1.3701242,0.7871294,on bike mount,cyclo cross,False,asphalt,good
96cfbbfa-d1ca-44ed-848b-f98fbefe7312,86cf3745-9118-44ae-b1bd-15c449a2d33d,59893680-344b-458c-bd77-a6296d273beb,1627405120197,13.4141137,52.4877031,8.3964815,0.3074033,-1.8793602,0.6572857,on bike mount,cyclo cross,False,asphalt,good
96cfbbfa-d1ca-44ed-848b-f98fbefe7312,86cf3745-9118-44ae-b1bd-15c449a2d33d,444cac04-43e2-422f-959f-00af41bab0c2,1627405120263,13.4141137,52.4877031,8.3964815,-0.34954375,1.4171951,-2.026402,on bike mount,cyclo cross,False,asphalt,good
96cfbbfa-d1ca-44ed-848b-f98fbefe7312,86cf3745-9118-44ae-b1bd-15c449a2d33d,6422f606-f94c-41d9-975d-7f85e49e7a41,1627405120330,13.4141137,52.4877031,8.3964815,-0.61036277,-0.86826384,-2.3313398,on bike mount,cyclo cross,False,asphalt,good
96cfbbfa-d1ca-44ed-848b-f98fbefe7312,86cf3745-9118-44ae-b1bd-15c449a2d33d,92e6af6b-6fc9-4624-b90a-22c5cf4f3616,1627405120380,13.4141137,52.4877031,8.3964815,0.10070746,0.78305006,3.5840406,on bike mount,cyclo cross,False,asphalt,good
96cfbbfa-d1ca-44ed-848b-f98fbefe7312,86cf3745-9118-44ae-b1bd-15c449a2d33d,32c661e6-7010-4d3f-984c-879c6091dd15,1627405120430,13.4141137,52.4877031,8.3964815,0.94208467,-4.172778,3.118083,on bike mount,cyclo cross,False,asphalt,good
96cfbbfa-d1ca-44ed-848b-f98fbefe7312,86cf3745-9118-44ae-b1bd-15c449a2d33d,870ac5a0-f9de-40a9-9c29-96439607fd70,1627405120480,13.4141137,52.4877031,8.3964815,-1.8160328,-0.3280785,-2.057035,on bike mount,cyclo cross,False,asphalt,good
96cfbbfa-d1ca-44ed-848b-f98fbefe7312,86cf3745-9118-44ae-b1bd-15c449a2d33d,0021ee80-8b52-40b0-8d81-e0246b64060e,1627405120530,13.4141137,52.4877031,8.3964815,0.81881183,-1.4188356,0.515748,on bike mount,cyclo cross,False,asphalt,good
96cfbbfa-d1ca-44ed-848b-f98fbefe7312,86cf3745-9118-44ae-b1bd-15c449a2d33d,2bc5f341-ffea-4f9b-9615-10a10a0789d3,1627405120598,13.4141137,52.4877031,8.3964815,0.7307588,-2.0620856,1.4949503,on bike mount,cyclo cross,False,asphalt,good
96cfbbfa-d1ca-44ed-848b-f98fbefe7312,86cf3745-9118-44ae-b1bd-15c449a2d33d,011a37ea-dcc6-4271-ba9a-c1b98d72710a,1627405120665,13.4141137,52.4877031,8.3964815,1.9097135,-3.5304484,1.538497,on bike mount,cyclo cross,False,asphalt,good
96cfbbfa-d1ca-44ed-848b-f98fbefe7312,86cf3745-9118-44ae-b1bd-15c449a2d33d,288bf773-ee8f-40f7-b7ce-503b3175c0f7,1627405120715,13.4141137,52.4877031,8.3964815,-1.6533154,2.8335757,-2.652483,on bike mount,cyclo cross,False,asphalt,good
96cfbbfa-d1ca-44ed-848b-f98fbefe7312,86cf3745-9118-44ae-b1bd-15c449a2d33d,f92b468b-2b17-4269-aaca-50de6c1c932e,1627405120782,13.4141137,52.4877031,8.3964815,-0.39780045,0.2534666,-1.989739,on bike mount,cyclo cross,False,asphalt,good
96cfbbfa-d1ca-44ed-848b-f98fbefe7312,86cf3745-9118-44ae-b1bd-15c449a2d33d,09e6ef34-8feb-4991-a9de-756fa8f42fd6,1627405120848,13.4141137,52.4877031,8.3964815,1.609999,-1.8619548,0.29227257,on bike mount,cyclo cross,False,asphalt,good
96cfbbfa-d1ca-44ed-848b-f98fbefe7312,86cf3745-9118-44ae-b1bd-15c449a2d33d,75c7f819-2577-466a-a276-0ab7b2a804f9,1627405120915,13.4141137,52.4877031,8.3964815,2.0300567,-4.0319223,3.5764484,on bike mount,cyclo cross,False,asphalt,good
96cfbbfa-d1ca-44ed-848b-f98fbefe7312,86cf3745-9118-44ae-b1bd-15c449a2d33d,51aa896a-1355-4483-b440-7b1cb921556f,1627405120982,13.4141137,52.4877031,8.3964815,1.0355204,3.1885152,2.1151466,on bike mount,cyclo cross,False,asphalt,good
96cfbbfa-d1ca-44ed-848b-f98fbefe7312,86cf3745-9118-44ae-b1bd-15c449a2d33d,0fd61b88-1048-49a9-853f-8604c840a777,1627405121048,13.4141137,52.4877031,8.3964815,0.8563095,-0.35033405,2.558135,on bike mount,cyclo cross,False,asphalt,good
96cfbbfa-d1ca-44ed-848b-f98fbefe7312,86cf3745-9118-44ae-b1bd-15c449a2d33d,cb1ed377-7bdf-41bc-85a8-82ca382a20c4,1627405121099,13.4140948,52.4877627,8.004315,-1.7316622,-0.2210052,2.043539,on bike mount,cyclo cross,False,asphalt,good
96cfbbfa-d1ca-44ed-848b-f98fbefe7312,86cf3745-9118-44ae-b1bd-15c449a2d33d,5deaf789-7237-4241-b964-e8239d2b2cd0,1627405121164,13.4140948,52.4877627,8.004315,0.80281234,-1.4379735,2.9930763,on bike mount,cyclo cross,False,asphalt,good
96cfbbfa-d1ca-44ed-848b-f98fbefe7312,86cf3745-9118-44ae-b1bd-15c449a2d33d,5ad4cc1e-7f7d-4fc1-845f-c6f618042039,1627405121215,13.4140948,52.4877627,8.004315,1.4401746,-1.2240975,3.2237215,on bike mount,cyclo cross,False,asphalt,good
96cfbbfa-d1ca-44ed-848b-f98fbefe7312,86cf3745-9118-44ae-b1bd-15c449a2d33d,ffb56925-4b5a-4747-972f-8113b96e07bd,1627405121282,13.4140948,52.4877627,8.004315,0.4920103,-2.2571824,-0.38248348,on bike mount,cyclo cross,False,asphalt,good
96cfbbfa-d1ca-44ed-848b-f98fbefe7312,86cf3745-9118-44ae-b1bd-15c449a2d33d,ba81c700-998a-4ca1-964e-9301a1e896dd,1627405121349,13.4140948,52.4877627,8.004315,-0.14325735,-2.1888204,-0.5006037,on bike mount,cyclo cross,False,asphalt,good
96cfbbfa-d1ca-44ed-848b-f98fbefe7312,86cf3745-9118-44ae-b1bd-15c449a2d33d,f586803c-8ac1-44c2-9eac-0d8b10a9e05d,1627405121415,13.4140948,52.4877627,8.004315,0.23386085,-0.9070209,0.573061,on bike mount,cyclo cross,False,asphalt,good
96cfbbfa-d1ca-44ed-848b-f98fbefe7312,86cf3745-9118-44ae-b1bd-15c449a2d33d,f86f6c56-06bb-4227-beb3-cf1d54264ebf,1627405121465,13.4140948,52.4877627,8.004315,0.61389947,-0.26322818,-1.6046848,on bike mount,cyclo cross,False,asphalt,good
96cfbbfa-d1ca-44ed-848b-f98fbefe7312,86cf3745-9118-44ae-b1bd-15c449a2d33d,80cce1e1-88f2-4292-a25a-03e52e518d19,1627405121515,13.4140948,52.4877627,8.004315,-0.70761734,2.7542367,0.7289839,on bike mount,cyclo cross,False,asphalt,good
96cfbbfa-d1ca-44ed-848b-f98fbefe7312,86cf3745-9118-44ae-b1bd-15c449a2d33d,7d2c8dae-8375-42cf-94ac-805448c8e25a,1627405121566,13.4140948,52.4877627,8.004315,-0.32976106,0.27945185,1.3202915,on bike mount,cyclo cross,False,asphalt,good
96cfbbfa-d1ca-44ed-848b-f98fbefe7312,86cf3745-9118-44ae-b1bd-15c449a2d33d,125a0e54-c3c6-458e-8f0c-808474c5d195,1627405121616,13.4140948,52.4877627,8.004315,-2.1162255,1.2149577,-0.81459236,on bike mount,cyclo cross,False,asphalt,good
96cfbbfa-d1ca-44ed-848b-f98fbefe7312,86cf3745-9118-44ae-b1bd-15c449a2d33d,57929724-8916-4e18-8502-10a6df1dcea5,1627405121683,13.4140948,52.4877627,8.004315,-0.37239686,0.17929721,-0.72225285,on bike mount,cyclo cross,False,asphalt,good
96cfbbfa-d1ca-44ed-848b-f98fbefe7312,86cf3745-9118-44ae-b1bd-15c449a2d33d,d96bcbe9-ad46-46a3-a4aa-30ca0f0c6a69,1627405121789,13.4140948,52.4877627,8.004315,0.16480064,-0.07237673,-0.77041435,on bike mount,cyclo cross,False,asphalt,good
96cfbbfa-d1ca-44ed-848b-f98fbefe7312,86cf3745-9118-44ae-b1bd-15c449a2d33d,764405c3-ce35-4ec5-8450-0abec5d68c1a,1627405121840,13.4140948,52.4877627,8.004315,0.16480064,-0.07237673,-0.77041435,on bike mount,cyclo cross,False,asphalt,good
