bike_activity_uid,bike_activity_sample_uid,bike_activity_measurement,bike_activity_measurement_timestamp,bike_activity_measurement_lon,bike_activity_measurement_lat,bike_activity_measurement_speed,bike_activity_measurement_accelerometer_x,bike_activity_measurement_accelerometer_y,bike_activity_measurement_accelerometer_z,bike_activity_phone_position,bike_activity_bike_type,bike_activity_flagged_lab_conditions,bike_activity_surface_type,bike_activity_smoothness_type
a643a461-c11e-4623-a22c-3b161a652bee,42ef345f-5d5c-4628-84e7-9319e628b31e,3ef7f013-e58e-4839-a8d0-aa496fe47c68,1634372912009,13.3617538,52.5114481,4.4718375,1.7654014,-5.5620294,8.144502,on bike mount,cyclo cross,True,fine gravel,good
a643a461-c11e-4623-a22c-3b161a652bee,42ef345f-5d5c-4628-84e7-9319e628b31e,39b95327-5e5a-48ae-8670-63d54cdc1813,1634372912059,13.3618005,52.5114373,4.7850857,-1.4889423,1.3360777,15.839769,on bike mount,cyclo cross,True,fine gravel,good
a643a461-c11e-4623-a22c-3b161a652bee,42ef345f-5d5c-4628-84e7-9319e628b31e,e5cff38a-f126-40b0-b96f-c066120fe68b,1634372912961,13.3618005,52.5114373,4.7850857,-4.9923463,-0.91537523,-0.6572113,on bike mount,cyclo cross,True,fine gravel,good
a643a461-c11e-4623-a22c-3b161a652bee,42ef345f-5d5c-4628-84e7-9319e628b31e,ae37b64b-e783-497f-9309-ff0f18ad5291,1634372913011,13.3618005,52.5114373,4.7850857,2.6464212,-1.4890015,1.5407324,on bike mount,cyclo cross,True,fine gravel,good
a643a461-c11e-4623-a22c-3b161a652bee,42ef345f-5d5c-4628-84e7-9319e628b31e,4b066f98-0ed3-458b-803f-3738b4b8c67a,1634372913062,13.3618732,52.5114142,5.0025296,2.968884,-0.9475815,-10.856808,on bike mount,cyclo cross,True,fine gravel,good
a643a461-c11e-4623-a22c-3b161a652bee,42ef345f-5d5c-4628-84e7-9319e628b31e,79baaf5e-8825-4b57-ae1d-0a1a78a9a9c8,1634372913113,13.3618732,52.5114142,5.0025296,-1.6143086,11.485078,-8.317021,on bike mount,cyclo cross,True,fine gravel,good
a643a461-c11e-4623-a22c-3b161a652bee,42ef345f-5d5c-4628-84e7-9319e628b31e,59f74cf0-dbcd-4671-a9e8-a7c5b5763db6,1634372913960,13.3618732,52.5114142,5.0025296,-1.6143086,11.485078,-8.317021,on bike mount,cyclo cross,True,fine gravel,good
a643a461-c11e-4623-a22c-3b161a652bee,42ef345f-5d5c-4628-84e7-9319e628b31e,7f23465e-e626-4815-a4af-f99c8c0587c8,1634372914010,13.3618732,52.5114142,5.0025296,-0.052940726,6.239769,7.469857,on bike mount,cyclo cross,True,fine gravel,good
a643a461-c11e-4623-a22c-3b161a652bee,42ef345f-5d5c-4628-84e7-9319e628b31e,08774ad6-1280-45c9-9c50-f235ad5e1f21,1634372914059,13.3619402,52.5113913,4.5175233,-0.20769024,-0.9452753,2.0552921,on bike mount,cyclo cross,True,fine gravel,good
a643a461-c11e-4623-a22c-3b161a652bee,42ef345f-5d5c-4628-84e7-9319e628b31e,fe7e7486-018a-49b7-9f6e-8b3ae10a74c0,1634372914109,13.3619402,52.5113913,4.5175233,0.059571147,3.3727102,7.6748257,on bike mount,cyclo cross,True,fine gravel,good
a643a461-c11e-4623-a22c-3b161a652bee,42ef345f-5d5c-4628-84e7-9319e628b31e,f41ffd19-4e0a-448a-b808-dc6a944341d8,1634372914305,13.3619402,52.5113913,4.5175233,0.059571147,3.3727102,7.6748257,on bike mount,cyclo cross,True,fine gravel,good
a643a461-c11e-4623-a22c-3b161a652bee,42ef345f-5d5c-4628-84e7-9319e628b31e,540b817c-d064-473e-82b0-9b0774c59e10,1634372914356,13.3619402,52.5113913,4.5175233,-2.59613,-1.9484708,8.700596,on bike mount,cyclo cross,True,fine gravel,good
a643a461-c11e-4623-a22c-3b161a652bee,42ef345f-5d5c-4628-84e7-9319e628b31e,fb7417b1-5581-428e-8b27-caccf9519d1a,1634372914406,13.3619402,52.5113913,4.5175233,-2.0297139,6.2939453,6.723377,on bike mount,cyclo cross,True,fine gravel,good
a643a461-c11e-4623-a22c-3b161a652bee,42ef345f-5d5c-4628-84e7-9319e628b31e,d3955f46-0cc0-4a77-8497-581dfd74cbd0,1634372914457,13.3619402,52.5113913,4.5175233,-0.73926973,6.503949,6.341057,on bike mount,cyclo cross,True,fine gravel,good
a643a461-c11e-4623-a22c-3b161a652bee,42ef345f-5d5c-4628-84e7-9319e628b31e,d2e90cc5-9493-448d-afe2-0760685824ff,1634372914507,13.3619402,52.5113913,4.5175233,1.8818302,5.075105,-14.364239,on bike mount,cyclo cross,True,fine gravel,good
a643a461-c11e-4623-a22c-3b161a652bee,42ef345f-5d5c-4628-84e7-9319e628b31e,8acd0433-b686-4edb-b30b-62655e0a315d,1634372914767,13.3619402,52.5113913,4.5175233,-1.8381364,1.5171208,-13.300262,on bike mount,cyclo cross,True,fine gravel,good
a643a461-c11e-4623-a22c-3b161a652bee,42ef345f-5d5c-4628-84e7-9319e628b31e,737239e1-6d9d-45ee-b2bc-13d915423129,1634372914817,13.3619402,52.5113913,4.5175233,-0.24929233,-2.4222891,4.502136,on bike mount,cyclo cross,True,fine gravel,good
a643a461-c11e-4623-a22c-3b161a652bee,42ef345f-5d5c-4628-84e7-9319e628b31e,ad9b3a94-8d0d-4640-9beb-572000f7849e,1634372914867,13.3619402,52.5113913,4.5175233,-2.3432293,-2.5940204,4.3214846,on bike mount,cyclo cross,True,fine gravel,good
a643a461-c11e-4623-a22c-3b161a652bee,42ef345f-5d5c-4628-84e7-9319e628b31e,dae84f1f-8f9e-42d5-ac41-6e707ff214d1,1634372914917,13.3619402,52.5113913,4.5175233,-0.8335592,0.6426339,-0.040278435,on bike mount,cyclo cross,True,fine gravel,good
a643a461-c11e-4623-a22c-3b161a652bee,42ef345f-5d5c-4628-84e7-9319e628b31e,dcd5565a-b3f5-43be-8667-6ffaba02ebd3,1634372914967,13.3619846,52.5113741,4.7664804,0.17760026,-2.3967967,-4.0622516,on bike mount,cyclo cross,True,fine gravel,good
a643a461-c11e-4623-a22c-3b161a652bee,42ef345f-5d5c-4628-84e7-9319e628b31e,8ccfe1ac-189d-49bf-8a27-f3adb291e561,1634372915017,13.3619846,52.5113741,4.7664804,-2.2380474,1.3957007,-1.965106,on bike mount,cyclo cross,True,fine gravel,good
a643a461-c11e-4623-a22c-3b161a652bee,42ef345f-5d5c-4628-84e7-9319e628b31e,e668bb15-3bc4-4edb-a4f8-7e380249150e,1634372915067,13.3619846,52.5113741,4.7664804,0.47453427,7.6087084,0.16814518,on bike mount,cyclo cross,True,fine gravel,good
a643a461-c11e-4623-a22c-3b161a652bee,42ef345f-5d5c-4628-84e7-9319e628b31e,4fd01911-1c36-4afe-a6e6-618fa081038c,1634372915118,13.3619846,52.5113741,4.7664804,-0.5247946,5.2943983,4.218918,on bike mount,cyclo cross,True,fine gravel,good
a643a461-c11e-4623-a22c-3b161a652bee,42ef345f-5d5c-4628-84e7-9319e628b31e,0e6a039f-0bf6-4c1a-8eb1-d46fba0cb4ca,1634372915167,13.3619846,52.5113741,4.7664804,1.3658972,-0.54678965,2.1008482,on bike mount,cyclo cross,True,fine gravel,good
a643a461-c11e-4623-a22c-3b161a652bee,42ef345f-5d5c-4628-84e7-9319e628b31e,dd07654b-e4d5-4aeb-9778-7f8dc7492f81,1634372915217,13.3619846,52.5113741,4.7664804,3.297822,-4.384345,-0.84689426,on bike mount,cyclo cross,True,fine gravel,good
a643a461-c11e-4623-a22c-3b161a652bee,42ef345f-5d5c-4628-84e7-9319e628b31e,d8de1315-8801-450c-98d4-5859bb7c2ff7,1634372915268,13.3619846,52.5113741,4.7664804,-1.240564,-6.721085,13.902485,on bike mount,cyclo cross,True,fine gravel,good
a643a461-c11e-4623-a22c-3b161a652bee,42ef345f-5d5c-4628-84e7-9319e628b31e,516fb60c-f9e0-40d7-8663-56364f744636,1634372915317,13.3619846,52.5113741,4.7664804,-2.4054098,6.9067183,-8.7068,on bike mount,cyclo cross,True,fine gravel,good
a643a461-c11e-4623-a22c-3b161a652bee,42ef345f-5d5c-4628-84e7-9319e628b31e,11a55d74-9854-4600-a6dd-850e9f5ba8b2,1634372915367,13.3619846,52.5113741,4.7664804,1.579196,-4.9570885,4.8669853,on bike mount,cyclo cross,True,fine gravel,good
a643a461-c11e-4623-a22c-3b161a652bee,42ef345f-5d5c-4628-84e7-9319e628b31e,bff818a8-164e-4b56-96fe-a37a57e07b46,1634372915417,13.3619846,52.5113741,4.7664804,2.3179567,-1.325515,6.2801075,on bike mount,cyclo cross,True,fine gravel,good
a643a461-c11e-4623-a22c-3b161a652bee,42ef345f-5d5c-4628-84e7-9319e628b31e,cf670469-9ac6-4001-9f49-9ab787f96644,1634372915468,13.3619846,52.5113741,4.7664804,2.3179567,-1.325515,6.2801075,on bike mount,cyclo cross,True,fine gravel,good
a643a461-c11e-4623-a22c-3b161a652bee,42ef345f-5d5c-4628-84e7-9319e628b31e,faed0cd5-2cef-48c9-8f55-420457965aa8,1634372915518,13.3619846,52.5113741,4.7664804,0.91211873,12.817484,-12.481121,on bike mount,cyclo cross,True,fine gravel,good
a643a461-c11e-4623-a22c-3b161a652bee,42ef345f-5d5c-4628-84e7-9319e628b31e,5db9de0f-6224-4e01-9100-fba323b1fa4a,1634372915568,13.3619846,52.5113741,4.7664804,1.852695,2.1376352,1.4909115,on bike mount,cyclo cross,True,fine gravel,good
a643a461-c11e-4623-a22c-3b161a652bee,42ef345f-5d5c-4628-84e7-9319e628b31e,dadd386c-df87-4b8b-940c-58a0e9075d4c,1634372915618,13.3619846,52.5113741,4.7664804,-1.0198901,-2.9934528,-1.2359548,on bike mount,cyclo cross,True,fine gravel,good
a643a461-c11e-4623-a22c-3b161a652bee,42ef345f-5d5c-4628-84e7-9319e628b31e,1cf89358-092f-48f0-9d52-bc53808179f5,1634372915668,13.3619846,52.5113741,4.7664804,1.4843976,0.14494324,-6.0886097,on bike mount,cyclo cross,True,fine gravel,good
a643a461-c11e-4623-a22c-3b161a652bee,42ef345f-5d5c-4628-84e7-9319e628b31e,f9cff502-35d5-46fe-a463-51bfd4c7ec6c,1634372915718,13.3619846,52.5113741,4.7664804,-4.0048847,-12.645395,7.0631,on bike mount,cyclo cross,True,fine gravel,good
a643a461-c11e-4623-a22c-3b161a652bee,42ef345f-5d5c-4628-84e7-9319e628b31e,a8aef3b8-9aa5-4f28-aaf8-768fd529551e,1634372915768,13.3619846,52.5113741,4.7664804,-0.9172603,6.9128447,-2.6812239,on bike mount,cyclo cross,True,fine gravel,good
a643a461-c11e-4623-a22c-3b161a652bee,42ef345f-5d5c-4628-84e7-9319e628b31e,73e6eeae-9814-4232-9f58-10667a62b4cf,1634372915818,13.3619846,52.5113741,4.7664804,0.9154105,-5.3571177,1.9197693,on bike mount,cyclo cross,True,fine gravel,good
a643a461-c11e-4623-a22c-3b161a652bee,42ef345f-5d5c-4628-84e7-9319e628b31e,2ef72eb3-38b6-454e-a352-eb40ddf8d5f7,1634372915868,13.3619846,52.5113741,4.7664804,-1.1718637,0.3599038,-5.4297733,on bike mount,cyclo cross,True,fine gravel,good
a643a461-c11e-4623-a22c-3b161a652bee,42ef345f-5d5c-4628-84e7-9319e628b31e,efee6a4c-0eea-4a59-9702-1d58cb724266,1634372915918,13.3619846,52.5113741,4.7664804,-0.8423384,-3.2079828,-1.1362638,on bike mount,cyclo cross,True,fine gravel,good
a643a461-c11e-4623-a22c-3b161a652bee,42ef345f-5d5c-4628-84e7-9319e628b31e,3c56ca2b-3795-4e05-b80f-cff5b5c44bea,1634372915967,13.3620592,52.5113512,4.833816,-1.4523922,-1.894565,-2.4384522,on bike mount,cyclo cross,True,fine gravel,good
a643a461-c11e-4623-a22c-3b161a652bee,42ef345f-5d5c-4628-84e7-9319e628b31e,87dae830-0aa6-42a5-a240-e83d8a6c20ac,1634372916018,13.3620592,52.5113512,4.833816,-0.47237954,-2.9343605,-0.07171345,on bike mount,cyclo cross,True,fine gravel,good
a643a461-c11e-4623-a22c-3b161a652bee,42ef345f-5d5c-4628-84e7-9319e628b31e,607796ac-f498-441f-b5ef-9950e712cc63,1634372916069,13.3620592,52.5113512,4.833816,-0.8664497,-0.4776137,0.3726101,on bike mount,cyclo cross,True,fine gravel,good
a643a461-c11e-4623-a22c-3b161a652bee,42ef345f-5d5c-4628-84e7-9319e628b31e,77a595c5-1eb7-4594-9261-a6a6c83da241,1634372916118,13.3620592,52.5113512,4.833816,-0.6594808,-2.6090775,1.2700491,on bike mount,cyclo cross,True,fine gravel,good
a643a461-c11e-4623-a22c-3b161a652bee,42ef345f-5d5c-4628-84e7-9319e628b31e,1effecfa-2a22-4ca3-9122-85a9dbe65fbe,1634372916168,13.3620592,52.5113512,4.833816,0.7599031,2.445201,-3.0591192,on bike mount,cyclo cross,True,fine gravel,good
a643a461-c11e-4623-a22c-3b161a652bee,42ef345f-5d5c-4628-84e7-9319e628b31e,a1821c8b-8b47-49da-9109-1b078f910ed9,1634372916218,13.3620592,52.5113512,4.833816,-0.47597384,1.5580812,0.6155882,on bike mount,cyclo cross,True,fine gravel,good
a643a461-c11e-4623-a22c-3b161a652bee,42ef345f-5d5c-4628-84e7-9319e628b31e,2f487dc4-518d-469c-a00f-5560155533ac,1634372916269,13.3620592,52.5113512,4.833816,-0.87329185,-3.5502553,-0.22630215,on bike mount,cyclo cross,True,fine gravel,good
a643a461-c11e-4623-a22c-3b161a652bee,42ef345f-5d5c-4628-84e7-9319e628b31e,276f86aa-8307-461a-ab08-96c3930b5cfb,1634372916319,13.3620592,52.5113512,4.833816,1.5707452,0.31441617,-2.3493247,on bike mount,cyclo cross,True,fine gravel,good
a643a461-c11e-4623-a22c-3b161a652bee,42ef345f-5d5c-4628-84e7-9319e628b31e,5f1646a0-e616-4dc7-870d-7eed34af9cca,1634372916369,13.3620592,52.5113512,4.833816,1.2084963,3.0931745,-1.7648726,on bike mount,cyclo cross,True,fine gravel,good
a643a461-c11e-4623-a22c-3b161a652bee,42ef345f-5d5c-4628-84e7-9319e628b31e,09fb4f8f-c07f-4dad-b664-677ee772abc1,1634372916420,13.3620592,52.5113512,4.833816,0.8118222,-3.43027,-5.5712204,on bike mount,cyclo cross,True,fine gravel,good
a643a461-c11e-4623-a22c-3b161a652bee,42ef345f-5d5c-4628-84e7-9319e628b31e,53acaf9e-95c1-4661-ae5a-3c50b285e95d,1634372916469,13.3620592,52.5113512,4.833816,-0.093209356,1.557776,-2.7081428,on bike mount,cyclo cross,True,fine gravel,good
a643a461-c11e-4623-a22c-3b161a652bee,42ef345f-5d5c-4628-84e7-9319e628b31e,919134ab-68a4-4c8c-983e-3b26294365c6,1634372916519,13.3620592,52.5113512,4.833816,-0.004420509,0.16575527,2.4412155,on bike mount,cyclo cross,True,fine gravel,good
a643a461-c11e-4623-a22c-3b161a652bee,42ef345f-5d5c-4628-84e7-9319e628b31e,b3c9f8ca-be6b-4ce9-b807-e6cb8e6fa455,1634372916570,13.3620592,52.5113512,4.833816,1.0873904,2.205833,-3.0624113,on bike mount,cyclo cross,True,fine gravel,good
a643a461-c11e-4623-a22c-3b161a652bee,42ef345f-5d5c-4628-84e7-9319e628b31e,98d34f5c-758d-4c3a-844d-baaa1ccc4125,1634372916621,13.3620592,52.5113512,4.833816,0.53575385,-0.30493832,1.6577797,on bike mount,cyclo cross,True,fine gravel,good
a643a461-c11e-4623-a22c-3b161a652bee,42ef345f-5d5c-4628-84e7-9319e628b31e,3222be06-ed57-4ee5-8fa1-d8bffe75e38b,1634372916670,13.3620592,52.5113512,4.833816,-1.1925375,-0.0323267,-0.08920956,on bike mount,cyclo cross,True,fine gravel,good
a643a461-c11e-4623-a22c-3b161a652bee,42ef345f-5d5c-4628-84e7-9319e628b31e,bfd547bd-baaa-47b3-b59c-f76e5ccd27ca,1634372916720,13.3620592,52.5113512,4.833816,-0.59887075,0.62654495,-1.637888,on bike mount,cyclo cross,True,fine gravel,good
a643a461-c11e-4623-a22c-3b161a652bee,42ef345f-5d5c-4628-84e7-9319e628b31e,4bcc7878-3770-484b-8d5f-42ca5d5f0e8b,1634372916770,13.3620592,52.5113512,4.833816,0.006470613,-0.0031478405,1.4218159,on bike mount,cyclo cross,True,fine gravel,good
a643a461-c11e-4623-a22c-3b161a652bee,42ef345f-5d5c-4628-84e7-9319e628b31e,1c6791dc-0bdf-44e8-b87f-29cc7c2122b1,1634372916821,13.3620592,52.5113512,4.833816,1.159495,3.8880053,-14.24243,on bike mount,cyclo cross,True,fine gravel,good
a643a461-c11e-4623-a22c-3b161a652bee,42ef345f-5d5c-4628-84e7-9319e628b31e,113f4dbc-43a3-422c-9aa7-d0dc5ce7e372,1634372916871,13.3620592,52.5113512,4.833816,1.609474,1.6132576,0.9859276,on bike mount,cyclo cross,True,fine gravel,good
a643a461-c11e-4623-a22c-3b161a652bee,42ef345f-5d5c-4628-84e7-9319e628b31e,f102abf8-539f-4568-af0e-08bba392d277,1634372916922,13.3620592,52.5113512,4.833816,-1.2528281,0.021337986,-6.5761757,on bike mount,cyclo cross,True,fine gravel,good
a643a461-c11e-4623-a22c-3b161a652bee,42ef345f-5d5c-4628-84e7-9319e628b31e,ffa2b3f7-1cb7-4868-bb7e-6b1111439314,1634372916973,13.3621193,52.5113352,3.7124856,1.5740443,-1.1644485,-3.8330178,on bike mount,cyclo cross,True,fine gravel,good
a643a461-c11e-4623-a22c-3b161a652bee,42ef345f-5d5c-4628-84e7-9319e628b31e,8e1f2d7d-4168-49d7-abd2-d22d9f576dd6,1634372917022,13.3621193,52.5113352,3.7124856,-0.43757108,-1.1589112,-5.3121,on bike mount,cyclo cross,True,fine gravel,good
a643a461-c11e-4623-a22c-3b161a652bee,42ef345f-5d5c-4628-84e7-9319e628b31e,7a3038ad-eadd-4503-a361-cb1e00d8e79a,1634372917072,13.3621193,52.5113352,3.7124856,-0.80642325,2.2469378,-0.21804905,on bike mount,cyclo cross,True,fine gravel,good
a643a461-c11e-4623-a22c-3b161a652bee,42ef345f-5d5c-4628-84e7-9319e628b31e,5c4a9517-8e55-4ce7-8e7e-47d528d5dac4,1634372917122,13.3621193,52.5113352,3.7124856,1.6966736,-2.2101314,5.9609995,on bike mount,cyclo cross,True,fine gravel,good
a643a461-c11e-4623-a22c-3b161a652bee,42ef345f-5d5c-4628-84e7-9319e628b31e,6243c464-de11-4a39-9e92-0221801156b8,1634372917172,13.3621193,52.5113352,3.7124856,-1.5183156,2.1161308,-3.8736863,on bike mount,cyclo cross,True,fine gravel,good
a643a461-c11e-4623-a22c-3b161a652bee,42ef345f-5d5c-4628-84e7-9319e628b31e,a20e46df-8613-440a-9fd1-35636aa78185,1634372917222,13.3621193,52.5113352,3.7124856,0.17544362,-4.7251816,5.2379856,on bike mount,cyclo cross,True,fine gravel,good
a643a461-c11e-4623-a22c-3b161a652bee,42ef345f-5d5c-4628-84e7-9319e628b31e,84ec4111-1d0f-4912-b939-e02072b468f9,1634372917272,13.3621193,52.5113352,3.7124856,-0.2848634,-3.3003507,0.55166435,on bike mount,cyclo cross,True,fine gravel,good
a643a461-c11e-4623-a22c-3b161a652bee,42ef345f-5d5c-4628-84e7-9319e628b31e,aa0384ca-435e-4f24-9ee4-61343c8251a9,1634372917323,13.3621193,52.5113352,3.7124856,0.4145032,-2.498546,-2.1615238,on bike mount,cyclo cross,True,fine gravel,good
a643a461-c11e-4623-a22c-3b161a652bee,42ef345f-5d5c-4628-84e7-9319e628b31e,a2aab62d-b512-4fcb-a3c2-f6eef4a365e1,1634372917373,13.3621193,52.5113352,3.7124856,0.20766921,-8.17086,2.1155643,on bike mount,cyclo cross,True,fine gravel,good
a643a461-c11e-4623-a22c-3b161a652bee,42ef345f-5d5c-4628-84e7-9319e628b31e,01bfb8d4-a191-4650-88d8-154ec84bba6f,1634372917424,13.3621193,52.5113352,3.7124856,0.41501206,-1.3799301,7.816229,on bike mount,cyclo cross,True,fine gravel,good
a643a461-c11e-4623-a22c-3b161a652bee,42ef345f-5d5c-4628-84e7-9319e628b31e,c4eeefe2-194d-4155-b8a1-36b774fc636c,1634372917474,13.3621193,52.5113352,3.7124856,1.9169997,-1.6381314,0.7859659,on bike mount,cyclo cross,True,fine gravel,good
a643a461-c11e-4623-a22c-3b161a652bee,42ef345f-5d5c-4628-84e7-9319e628b31e,027d243c-4d54-4d37-85e9-36ce13114e19,1634372917525,13.3621193,52.5113352,3.7124856,-0.051252067,1.662307,-3.9204946,on bike mount,cyclo cross,True,fine gravel,good
a643a461-c11e-4623-a22c-3b161a652bee,42ef345f-5d5c-4628-84e7-9319e628b31e,f4aec224-9749-4309-b0b9-b96343225fe8,1634372917576,13.3621193,52.5113352,3.7124856,-0.06440423,-1.5244317,-9.463034,on bike mount,cyclo cross,True,fine gravel,good
a643a461-c11e-4623-a22c-3b161a652bee,42ef345f-5d5c-4628-84e7-9319e628b31e,26ee5af5-e18e-48fd-8f3d-45dc08a65014,1634372917626,13.3621193,52.5113352,3.7124856,2.2492757,-7.189496,-5.2448764,on bike mount,cyclo cross,True,fine gravel,good
a643a461-c11e-4623-a22c-3b161a652bee,42ef345f-5d5c-4628-84e7-9319e628b31e,51193d7c-5fb0-49db-a240-7a23bb4bc39e,1634372917677,13.3621193,52.5113352,3.7124856,2.0443964,1.4013014,-5.4122305,on bike mount,cyclo cross,True,fine gravel,good
a643a461-c11e-4623-a22c-3b161a652bee,42ef345f-5d5c-4628-84e7-9319e628b31e,276bf758-3098-4ca2-94b8-f6c64676fef8,1634372917728,13.3621193,52.5113352,3.7124856,-1.3216695,-1.3777888,-3.327601,on bike mount,cyclo cross,True,fine gravel,good
a643a461-c11e-4623-a22c-3b161a652bee,42ef345f-5d5c-4628-84e7-9319e628b31e,d5628456-32ea-4241-a992-f895227a0ee2,1634372917778,13.3621193,52.5113352,3.7124856,-0.026547909,-0.17985725,-0.62820625,on bike mount,cyclo cross,True,fine gravel,good
a643a461-c11e-4623-a22c-3b161a652bee,42ef345f-5d5c-4628-84e7-9319e628b31e,8b969d96-7ce0-4a38-abeb-101d7babd2dd,1634372917828,13.3621193,52.5113352,3.7124856,2.691786,8.124658,1.608304,on bike mount,cyclo cross,True,fine gravel,good
a643a461-c11e-4623-a22c-3b161a652bee,42ef345f-5d5c-4628-84e7-9319e628b31e,421dd364-8a94-4ed8-a925-78aac09a29e8,1634372917879,13.3621193,52.5113352,3.7124856,-0.9964883,-1.5967447,9.197544,on bike mount,cyclo cross,True,fine gravel,good
a643a461-c11e-4623-a22c-3b161a652bee,42ef345f-5d5c-4628-84e7-9319e628b31e,281ba6d3-146d-4841-b86d-22e885a4f3e8,1634372917930,13.3621193,52.5113352,3.7124856,0.9526023,-0.53300667,2.3058796,on bike mount,cyclo cross,True,fine gravel,good
a643a461-c11e-4623-a22c-3b161a652bee,42ef345f-5d5c-4628-84e7-9319e628b31e,46b687bd-0734-4aff-a114-44baf932ce10,1634372917979,13.3621624,52.5113272,4.050966,0.20867948,-4.7798114,5.1381254,on bike mount,cyclo cross,True,fine gravel,good
a643a461-c11e-4623-a22c-3b161a652bee,42ef345f-5d5c-4628-84e7-9319e628b31e,c2962abf-bffe-4c70-81b0-cf07859d9797,1634372918030,13.3621624,52.5113272,4.050966,1.2419256,1.1760466,-14.158752,on bike mount,cyclo cross,True,fine gravel,good
a643a461-c11e-4623-a22c-3b161a652bee,42ef345f-5d5c-4628-84e7-9319e628b31e,9a841c90-fcaf-4f75-a400-7e4ae81d25fd,1634372918081,13.3621624,52.5113272,4.050966,-1.1726589,1.8474834,3.4940624,on bike mount,cyclo cross,True,fine gravel,good
a643a461-c11e-4623-a22c-3b161a652bee,42ef345f-5d5c-4628-84e7-9319e628b31e,c4dfd6b9-b958-4588-88fa-10ba3e9943c6,1634372918131,13.3621624,52.5113272,4.050966,2.1770754,-2.6108923,5.1213303,on bike mount,cyclo cross,True,fine gravel,good
a643a461-c11e-4623-a22c-3b161a652bee,42ef345f-5d5c-4628-84e7-9319e628b31e,617383b6-4497-4a0e-b332-4ac1311ea57f,1634372918181,13.3621624,52.5113272,4.050966,1.4279892,-3.3297002,4.364108,on bike mount,cyclo cross,True,fine gravel,good
a643a461-c11e-4623-a22c-3b161a652bee,42ef345f-5d5c-4628-84e7-9319e628b31e,9620e88e-8ae2-44a2-a98a-5fcbb78d94f4,1634372918231,13.3621624,52.5113272,4.050966,-2.508761,8.17309,-0.54487324,on bike mount,cyclo cross,True,fine gravel,good
a643a461-c11e-4623-a22c-3b161a652bee,42ef345f-5d5c-4628-84e7-9319e628b31e,279cd333-8dc4-4106-bee9-9c1cf20b3952,1634372918281,13.3621624,52.5113272,4.050966,0.61498797,-8.159546,11.082052,on bike mount,cyclo cross,True,fine gravel,good
a643a461-c11e-4623-a22c-3b161a652bee,42ef345f-5d5c-4628-84e7-9319e628b31e,a0fd530c-49ad-43fa-906e-325efe014067,1634372918332,13.3621624,52.5113272,4.050966,2.1430302,-0.9742005,-0.76973534,on bike mount,cyclo cross,True,fine gravel,good
a643a461-c11e-4623-a22c-3b161a652bee,42ef345f-5d5c-4628-84e7-9319e628b31e,e2a84b2f-69d7-420b-9011-43bdc1e1e13a,1634372918382,13.3621624,52.5113272,4.050966,-1.218344,7.0410743,-2.8193655,on bike mount,cyclo cross,True,fine gravel,good
a643a461-c11e-4623-a22c-3b161a652bee,42ef345f-5d5c-4628-84e7-9319e628b31e,9cc0bc35-f01a-4eaf-91a5-5feac391f9bc,1634372918433,13.3621624,52.5113272,4.050966,-1.2996969,-0.4120314,0.23538017,on bike mount,cyclo cross,True,fine gravel,good
a643a461-c11e-4623-a22c-3b161a652bee,42ef345f-5d5c-4628-84e7-9319e628b31e,a4348256-0695-42a5-b4ff-d7b7708dd152,1634372918483,13.3621624,52.5113272,4.050966,2.346362,3.7006435,-2.613337,on bike mount,cyclo cross,True,fine gravel,good
a643a461-c11e-4623-a22c-3b161a652bee,42ef345f-5d5c-4628-84e7-9319e628b31e,5497b72b-9cd1-4505-9c3e-fd362f5ad649,1634372918533,13.3621624,52.5113272,4.050966,-0.13343789,0.7400181,0.59572315,on bike mount,cyclo cross,True,fine gravel,good
a643a461-c11e-4623-a22c-3b161a652bee,42ef345f-5d5c-4628-84e7-9319e628b31e,c64b836d-8818-4c18-9ab2-6cd3acdbb3a1,1634372918584,13.3621624,52.5113272,4.050966,-0.49881196,2.2475247,-8.824042,on bike mount,cyclo cross,True,fine gravel,good
a643a461-c11e-4623-a22c-3b161a652bee,42ef345f-5d5c-4628-84e7-9319e628b31e,f3acbab8-1229-4105-a40d-16f6ad12ced8,1634372918635,13.3621624,52.5113272,4.050966,1.350564,0.9365256,-3.9207609,on bike mount,cyclo cross,True,fine gravel,good
a643a461-c11e-4623-a22c-3b161a652bee,42ef345f-5d5c-4628-84e7-9319e628b31e,951d9625-8ca1-48a9-ac22-577d0f88541d,1634372918684,13.3621624,52.5113272,4.050966,-0.15115446,-0.3600073,-2.8786716,on bike mount,cyclo cross,True,fine gravel,good
a643a461-c11e-4623-a22c-3b161a652bee,42ef345f-5d5c-4628-84e7-9319e628b31e,45a47cb4-91bb-43cc-b91e-7263203c248c,1634372918735,13.3621624,52.5113272,4.050966,-1.4980712,7.2388926,-3.564021,on bike mount,cyclo cross,True,fine gravel,good
a643a461-c11e-4623-a22c-3b161a652bee,42ef345f-5d5c-4628-84e7-9319e628b31e,1c4f2fc9-e99a-43a6-95b8-30b5cd3ee56f,1634372918785,13.3621624,52.5113272,4.050966,-1.206294,-0.87744474,-4.4368696,on bike mount,cyclo cross,True,fine gravel,good
a643a461-c11e-4623-a22c-3b161a652bee,42ef345f-5d5c-4628-84e7-9319e628b31e,8b65c3d3-0f30-4ad7-b74e-a6c82dba1dd6,1634372918836,13.3621624,52.5113272,4.050966,-1.7377307,0.7941427,-8.023506,on bike mount,cyclo cross,True,fine gravel,good
a643a461-c11e-4623-a22c-3b161a652bee,42ef345f-5d5c-4628-84e7-9319e628b31e,164a6f60-444b-4400-b32a-5495c3d1803f,1634372918887,13.3621624,52.5113272,4.050966,-0.8886498,-3.5697958,-3.3745131,on bike mount,cyclo cross,True,fine gravel,good
a643a461-c11e-4623-a22c-3b161a652bee,42ef345f-5d5c-4628-84e7-9319e628b31e,932c2ef4-a163-4d72-98b2-cc399e351f0c,1634372918937,13.3621624,52.5113272,4.050966,-3.5750058,-8.885717,3.0728703,on bike mount,cyclo cross,True,fine gravel,good
a643a461-c11e-4623-a22c-3b161a652bee,42ef345f-5d5c-4628-84e7-9319e628b31e,e46cfefe-dd0b-48f4-828a-986c30e5fb65,1634372918988,13.3622271,52.5113153,5.0470967,-0.10243344,2.6035042,13.086762,on bike mount,cyclo cross,True,fine gravel,good
a643a461-c11e-4623-a22c-3b161a652bee,42ef345f-5d5c-4628-84e7-9319e628b31e,2ee02df0-e647-47e7-9348-461d1bdce1f0,1634372919039,13.3622271,52.5113153,5.0470967,0.8710351,-1.4354832,-4.9891167,on bike mount,cyclo cross,True,fine gravel,good
a643a461-c11e-4623-a22c-3b161a652bee,42ef345f-5d5c-4628-84e7-9319e628b31e,282e29b7-bcb6-490e-8ced-afdbf4aea476,1634372919089,13.3622271,52.5113153,5.0470967,-2.7915103,4.096545,-7.7817087,on bike mount,cyclo cross,True,fine gravel,good
a643a461-c11e-4623-a22c-3b161a652bee,42ef345f-5d5c-4628-84e7-9319e628b31e,775efcf3-56c0-483b-bdc9-dbcb13f822d4,1634372919139,13.3622271,52.5113153,5.0470967,1.685349,0.65004253,10.686211,on bike mount,cyclo cross,True,fine gravel,good
a643a461-c11e-4623-a22c-3b161a652bee,42ef345f-5d5c-4628-84e7-9319e628b31e,73d1ed63-26fe-466c-aae7-64ecb7907597,1634372919189,13.3622271,52.5113153,5.0470967,-0.8632765,-0.12489462,-0.2578106,on bike mount,cyclo cross,True,fine gravel,good
a643a461-c11e-4623-a22c-3b161a652bee,42ef345f-5d5c-4628-84e7-9319e628b31e,21774c15-d781-4508-9e41-5221d405bfcd,1634372919240,13.3622271,52.5113153,5.0470967,0.953165,-4.8543987,-1.5657139,on bike mount,cyclo cross,True,fine gravel,good
a643a461-c11e-4623-a22c-3b161a652bee,42ef345f-5d5c-4628-84e7-9319e628b31e,dde33a32-2ea6-4027-9dd8-b043b6bc320c,1634372919291,13.3622271,52.5113153,5.0470967,-1.3927306,-1.5814048,5.122053,on bike mount,cyclo cross,True,fine gravel,good
a643a461-c11e-4623-a22c-3b161a652bee,42ef345f-5d5c-4628-84e7-9319e628b31e,8f9a6c7a-fc0b-4b9a-937e-935038d8737f,1634372919340,13.3622271,52.5113153,5.0470967,-1.6045158,2.95547,7.1310673,on bike mount,cyclo cross,True,fine gravel,good
a643a461-c11e-4623-a22c-3b161a652bee,42ef345f-5d5c-4628-84e7-9319e628b31e,7d30f7d6-4a40-4d86-a17d-ae99e85f4228,1634372919391,13.3622271,52.5113153,5.0470967,2.562811,-10.207374,1.2876425,on bike mount,cyclo cross,True,fine gravel,good
a643a461-c11e-4623-a22c-3b161a652bee,42ef345f-5d5c-4628-84e7-9319e628b31e,aa2ecf99-bdaf-4442-9a4b-ec2c44165a9a,1634372919441,13.3622271,52.5113153,5.0470967,-0.1256113,-4.608115,-16.356276,on bike mount,cyclo cross,True,fine gravel,good
a643a461-c11e-4623-a22c-3b161a652bee,42ef345f-5d5c-4628-84e7-9319e628b31e,d7bb23f6-7ccc-4929-82ee-0e6fe8fa6a4c,1634372919492,13.3622271,52.5113153,5.0470967,2.3120623,-2.5787117,2.2828417,on bike mount,cyclo cross,True,fine gravel,good
a643a461-c11e-4623-a22c-3b161a652bee,42ef345f-5d5c-4628-84e7-9319e628b31e,0c229732-16d2-40f4-adcd-cd6c6e5a1125,1634372919541,13.3622271,52.5113153,5.0470967,0.46492508,-4.65001,7.577402,on bike mount,cyclo cross,True,fine gravel,good
a643a461-c11e-4623-a22c-3b161a652bee,42ef345f-5d5c-4628-84e7-9319e628b31e,e58165e6-e7e0-4dcc-8247-028313eb3f4a,1634372919591,13.3622271,52.5113153,5.0470967,3.6507263,4.1302357,-16.80012,on bike mount,cyclo cross,True,fine gravel,good
a643a461-c11e-4623-a22c-3b161a652bee,42ef345f-5d5c-4628-84e7-9319e628b31e,07e531cb-e1b8-44b3-9b7e-7d7323069ff2,1634372919641,13.3622271,52.5113153,5.0470967,10.29753,11.808189,-5.6429243,on bike mount,cyclo cross,True,fine gravel,good
a643a461-c11e-4623-a22c-3b161a652bee,42ef345f-5d5c-4628-84e7-9319e628b31e,30228697-7ca9-46e6-9bdb-9f439cb875fc,1634372919692,13.3622271,52.5113153,5.0470967,-4.935584,2.0633302,-7.934593,on bike mount,cyclo cross,True,fine gravel,good
a643a461-c11e-4623-a22c-3b161a652bee,42ef345f-5d5c-4628-84e7-9319e628b31e,c7d3f51f-64a5-43e5-b0c8-08afd6c5a14c,1634372919742,13.3622271,52.5113153,5.0470967,-2.0450068,4.457523,12.020241,on bike mount,cyclo cross,True,fine gravel,good
a643a461-c11e-4623-a22c-3b161a652bee,42ef345f-5d5c-4628-84e7-9319e628b31e,67cb746c-0bd9-4249-a7fd-a0782cb3a73f,1634372919793,13.3622271,52.5113153,5.0470967,-1.3232865,-13.893891,-0.03272724,on bike mount,cyclo cross,True,fine gravel,good
a643a461-c11e-4623-a22c-3b161a652bee,42ef345f-5d5c-4628-84e7-9319e628b31e,4da3066d-9646-40e9-8fa4-cfc7d9894145,1634372919844,13.3622271,52.5113153,5.0470967,-5.65186,-0.5451951,-3.2674017,on bike mount,cyclo cross,True,fine gravel,good
a643a461-c11e-4623-a22c-3b161a652bee,42ef345f-5d5c-4628-84e7-9319e628b31e,ca54243a-cb8e-491c-a787-e0b39946527b,1634372919892,13.3622271,52.5113153,5.0470967,0.65384126,6.417408,-9.109728,on bike mount,cyclo cross,True,fine gravel,good
a643a461-c11e-4623-a22c-3b161a652bee,42ef345f-5d5c-4628-84e7-9319e628b31e,c0a1b3fe-c1e6-40fc-ab04-0fd2bcd94220,1634372919943,13.3622271,52.5113153,5.0470967,-2.4180226,11.317118,-15.763409,on bike mount,cyclo cross,True,fine gravel,good
a643a461-c11e-4623-a22c-3b161a652bee,42ef345f-5d5c-4628-84e7-9319e628b31e,ff75531c-f0ed-4ec5-9513-c91849852ec3,1634372919993,13.3623139,52.511298,5.3140106,-3.717033,3.8287096,3.0222912,on bike mount,cyclo cross,True,fine gravel,good
a643a461-c11e-4623-a22c-3b161a652bee,42ef345f-5d5c-4628-84e7-9319e628b31e,3bd0bc32-2a34-40fb-839c-fac1453dd134,1634372920044,13.3623139,52.511298,5.3140106,4.4278164,-11.39782,-3.1828551,on bike mount,cyclo cross,True,fine gravel,good
a643a461-c11e-4623-a22c-3b161a652bee,42ef345f-5d5c-4628-84e7-9319e628b31e,64e2cc07-9aac-41d6-907f-805ce3086a13,1634372920095,13.3623139,52.511298,5.3140106,0.011908531,5.4223776,-3.0493882,on bike mount,cyclo cross,True,fine gravel,good
a643a461-c11e-4623-a22c-3b161a652bee,42ef345f-5d5c-4628-84e7-9319e628b31e,8e9da31a-26b2-46ff-8d73-6b9ca49bee99,1634372920144,13.3623139,52.511298,5.3140106,1.3491786,0.33511472,-11.9976425,on bike mount,cyclo cross,True,fine gravel,good
a643a461-c11e-4623-a22c-3b161a652bee,42ef345f-5d5c-4628-84e7-9319e628b31e,f49e1a42-2ef3-4ff2-aa62-ce88bbb06e4f,1634372920194,13.3623139,52.511298,5.3140106,-2.301807,9.541161,-11.452674,on bike mount,cyclo cross,True,fine gravel,good
a643a461-c11e-4623-a22c-3b161a652bee,42ef345f-5d5c-4628-84e7-9319e628b31e,1a0d5052-0b53-43d0-ad80-3efe8d58ffb3,1634372920244,13.3623139,52.511298,5.3140106,-2.150213,-8.148104,0.97848225,on bike mount,cyclo cross,True,fine gravel,good
a643a461-c11e-4623-a22c-3b161a652bee,42ef345f-5d5c-4628-84e7-9319e628b31e,62b044bb-61a8-415e-8f2c-35fb3c224db4,1634372920294,13.3623139,52.511298,5.3140106,0.5856317,-9.533785,-2.677549,on bike mount,cyclo cross,True,fine gravel,good
a643a461-c11e-4623-a22c-3b161a652bee,42ef345f-5d5c-4628-84e7-9319e628b31e,ee9d2dd1-5e91-4a24-bac4-d7b480f2b078,1634372920344,13.3623139,52.511298,5.3140106,1.846115,3.3656502,-3.4567614,on bike mount,cyclo cross,True,fine gravel,good
a643a461-c11e-4623-a22c-3b161a652bee,42ef345f-5d5c-4628-84e7-9319e628b31e,8ba8dbd0-081c-47c4-92de-ebc7e330f9e9,1634372920395,13.3623139,52.511298,5.3140106,-0.2574982,6.3897343,2.081997,on bike mount,cyclo cross,True,fine gravel,good
a643a461-c11e-4623-a22c-3b161a652bee,42ef345f-5d5c-4628-84e7-9319e628b31e,84ae345f-c301-4b93-94cc-96cb56297dd9,1634372920444,13.3623139,52.511298,5.3140106,-0.43331853,7.9338098,-7.1597753,on bike mount,cyclo cross,True,fine gravel,good
a643a461-c11e-4623-a22c-3b161a652bee,42ef345f-5d5c-4628-84e7-9319e628b31e,90992838-af08-4399-902f-cbe82f968946,1634372920494,13.3623139,52.511298,5.3140106,-0.39463004,-2.1143582,2.1131706,on bike mount,cyclo cross,True,fine gravel,good
a643a461-c11e-4623-a22c-3b161a652bee,42ef345f-5d5c-4628-84e7-9319e628b31e,4a9a845b-e87a-4830-b485-3c8d97db7af1,1634372920545,13.3623139,52.511298,5.3140106,1.3697851,0.00095152855,-1.733417,on bike mount,cyclo cross,True,fine gravel,good
a643a461-c11e-4623-a22c-3b161a652bee,42ef345f-5d5c-4628-84e7-9319e628b31e,74af9f39-b3b8-40dd-b9ee-abb1b751126b,1634372920596,13.3623139,52.511298,5.3140106,1.527037,-8.317428,2.1769953,on bike mount,cyclo cross,True,fine gravel,good
a643a461-c11e-4623-a22c-3b161a652bee,42ef345f-5d5c-4628-84e7-9319e628b31e,08385392-bec3-42c2-b5b8-846089acda68,1634372920645,13.3623139,52.511298,5.3140106,2.349198,2.8932257,0.15954971,on bike mount,cyclo cross,True,fine gravel,good
a643a461-c11e-4623-a22c-3b161a652bee,42ef345f-5d5c-4628-84e7-9319e628b31e,1d701cb0-08a3-40bf-8b7c-7d7197e5829f,1634372920696,13.3623139,52.511298,5.3140106,-1.5197645,4.482142,-11.853607,on bike mount,cyclo cross,True,fine gravel,good
a643a461-c11e-4623-a22c-3b161a652bee,42ef345f-5d5c-4628-84e7-9319e628b31e,4096f980-2c98-41ad-850b-9ff74f77b8b3,1634372920746,13.3623139,52.511298,5.3140106,1.6996398,3.1162333,-0.9869108,on bike mount,cyclo cross,True,fine gravel,good
a643a461-c11e-4623-a22c-3b161a652bee,42ef345f-5d5c-4628-84e7-9319e628b31e,f60dbcd5-6336-40c3-ae8e-34ac1ddcaeee,1634372920796,13.3623139,52.511298,5.3140106,-0.7765626,-3.8659081,0.07219887,on bike mount,cyclo cross,True,fine gravel,good
a643a461-c11e-4623-a22c-3b161a652bee,42ef345f-5d5c-4628-84e7-9319e628b31e,1a5b27db-d6a1-4137-9efd-db84aae40fba,1634372920847,13.3623139,52.511298,5.3140106,-0.43974864,0.70047164,-2.0285993,on bike mount,cyclo cross,True,fine gravel,good
a643a461-c11e-4623-a22c-3b161a652bee,42ef345f-5d5c-4628-84e7-9319e628b31e,e959d0a0-7670-4cf4-a3bb-eae57af1130a,1634372920897,13.3623139,52.511298,5.3140106,-0.6180611,7.4882894,-6.7136407,on bike mount,cyclo cross,True,fine gravel,good
a643a461-c11e-4623-a22c-3b161a652bee,42ef345f-5d5c-4628-84e7-9319e628b31e,9b144946-0e08-479d-bf89-9b66d7eb3fe3,1634372920947,13.3623139,52.511298,5.3140106,0.24747768,-0.9541397,-6.199011,on bike mount,cyclo cross,True,fine gravel,good
a643a461-c11e-4623-a22c-3b161a652bee,42ef345f-5d5c-4628-84e7-9319e628b31e,b2b96942-95ee-477b-aa15-dc1d8373d059,1634372920997,13.362404,52.5112767,5.519246,-1.6092813,-1.3242706,4.69631,on bike mount,cyclo cross,True,fine gravel,good
a643a461-c11e-4623-a22c-3b161a652bee,42ef345f-5d5c-4628-84e7-9319e628b31e,f410f023-0d87-4638-a271-113adde728ef,1634372921047,13.362404,52.5112767,5.519246,0.9422153,0.92074156,1.0377254,on bike mount,cyclo cross,True,fine gravel,good
a643a461-c11e-4623-a22c-3b161a652bee,42ef345f-5d5c-4628-84e7-9319e628b31e,630cc71b-09af-4c52-b2ad-2edba17c0758,1634372921098,13.362404,52.5112767,5.519246,3.4568117,-9.35615,-11.541697,on bike mount,cyclo cross,True,fine gravel,good
a643a461-c11e-4623-a22c-3b161a652bee,42ef345f-5d5c-4628-84e7-9319e628b31e,a4c0f3ec-53a8-4844-a51b-79ace5d0302b,1634372921148,13.362404,52.5112767,5.519246,0.18633723,1.8064077,8.55999,on bike mount,cyclo cross,True,fine gravel,good
a643a461-c11e-4623-a22c-3b161a652bee,42ef345f-5d5c-4628-84e7-9319e628b31e,59a38c84-e990-4ab6-9017-a0207a4be92d,1634372921198,13.362404,52.5112767,5.519246,0.58869684,1.2247066,-3.0662093,on bike mount,cyclo cross,True,fine gravel,good
a643a461-c11e-4623-a22c-3b161a652bee,42ef345f-5d5c-4628-84e7-9319e628b31e,ffdf9d45-b312-4026-b37a-f85b0919150d,1634372921248,13.362404,52.5112767,5.519246,-0.7230725,0.19368649,8.803476,on bike mount,cyclo cross,True,fine gravel,good
a643a461-c11e-4623-a22c-3b161a652bee,42ef345f-5d5c-4628-84e7-9319e628b31e,c2c46824-a344-404a-9696-7a112b7ce48e,1634372921298,13.362404,52.5112767,5.519246,1.2142732,-0.05557084,2.430931,on bike mount,cyclo cross,True,fine gravel,good
a643a461-c11e-4623-a22c-3b161a652bee,42ef345f-5d5c-4628-84e7-9319e628b31e,769492e3-0372-43fa-bce8-54b0b70bb7fc,1634372921348,13.362404,52.5112767,5.519246,0.74014515,-3.305748,2.911932,on bike mount,cyclo cross,True,fine gravel,good
a643a461-c11e-4623-a22c-3b161a652bee,42ef345f-5d5c-4628-84e7-9319e628b31e,06ceeed4-51e2-45ff-a2e7-e12f2d4f9e2f,1634372921398,13.362404,52.5112767,5.519246,0.2821541,-2.3506103,1.5284004,on bike mount,cyclo cross,True,fine gravel,good
a643a461-c11e-4623-a22c-3b161a652bee,42ef345f-5d5c-4628-84e7-9319e628b31e,ee5caed7-e2d0-4953-ba98-544d25c325e8,1634372921448,13.362404,52.5112767,5.519246,-0.83107805,-2.9579372,-0.7281208,on bike mount,cyclo cross,True,fine gravel,good
a643a461-c11e-4623-a22c-3b161a652bee,42ef345f-5d5c-4628-84e7-9319e628b31e,d1e8a44a-ee30-4e06-befb-2172c450604a,1634372921499,13.362404,52.5112767,5.519246,0.01685372,-0.676265,0.49608612,on bike mount,cyclo cross,True,fine gravel,good
a643a461-c11e-4623-a22c-3b161a652bee,cdf74c4f-375c-404d-82fb-9ba1068611bc,6085290d-2bed-4c71-a6e5-890687540a7a,1634372902077,13.3613007,52.5117654,3.3468108,-3.3944404,-3.1110234,14.612202,on bike mount,cyclo cross,True,fine gravel,good
a643a461-c11e-4623-a22c-3b161a652bee,cdf74c4f-375c-404d-82fb-9ba1068611bc,cd542b09-cd66-4f6f-8f91-5b6e36223936,1634372902958,13.3613007,52.5117654,3.3468108,-7.3102303,5.8906765,-2.6754375,on bike mount,cyclo cross,True,fine gravel,good
a643a461-c11e-4623-a22c-3b161a652bee,cdf74c4f-375c-404d-82fb-9ba1068611bc,2b3b8729-02f9-466f-bee7-99c53779421e,1634372903008,13.3613007,52.5117654,3.3468108,-2.2419872,-2.3029838,-8.253212,on bike mount,cyclo cross,True,fine gravel,good
a643a461-c11e-4623-a22c-3b161a652bee,cdf74c4f-375c-404d-82fb-9ba1068611bc,5003079b-32b4-45f8-b4f0-d36af33066ed,1634372903057,13.3613249,52.5117366,3.733156,4.178713,0.72283816,7.5306835,on bike mount,cyclo cross,True,fine gravel,good
a643a461-c11e-4623-a22c-3b161a652bee,cdf74c4f-375c-404d-82fb-9ba1068611bc,5be6292d-da47-46ca-938b-77ca307d6433,1634372903960,13.3613249,52.5117366,3.733156,2.3843408,4.520976,-4.9926953,on bike mount,cyclo cross,True,fine gravel,good
a643a461-c11e-4623-a22c-3b161a652bee,cdf74c4f-375c-404d-82fb-9ba1068611bc,bf93cf78-f45d-409e-95f6-eb386974d5a0,1634372904011,13.3613249,52.5117366,3.733156,-2.5721345,4.1838675,27.730518,on bike mount,cyclo cross,True,fine gravel,good
a643a461-c11e-4623-a22c-3b161a652bee,cdf74c4f-375c-404d-82fb-9ba1068611bc,24782a97-1a89-43a8-bf4f-96c826f14ab4,1634372904061,13.361367,52.5116914,4.7563505,0.90384275,1.7930574,-8.078108,on bike mount,cyclo cross,True,fine gravel,good
a643a461-c11e-4623-a22c-3b161a652bee,cdf74c4f-375c-404d-82fb-9ba1068611bc,17343604-8f69-4488-9aec-71a4cf1f768e,1634372904111,13.361367,52.5116914,4.7563505,-2.3364878,1.9293814,-5.3033004,on bike mount,cyclo cross,True,fine gravel,good
a643a461-c11e-4623-a22c-3b161a652bee,cdf74c4f-375c-404d-82fb-9ba1068611bc,0e81645e-1d2f-4ec4-a66d-027d05e5820e,1634372904955,13.361367,52.5116914,4.7563505,-2.3364878,1.9293814,-5.3033004,on bike mount,cyclo cross,True,fine gravel,good
a643a461-c11e-4623-a22c-3b161a652bee,cdf74c4f-375c-404d-82fb-9ba1068611bc,6453e1da-bfba-4bd1-aa26-1c1c8faa54be,1634372905003,13.361367,52.5116914,4.7563505,0.08719379,4.0244617,-2.2817717,on bike mount,cyclo cross,True,fine gravel,good
a643a461-c11e-4623-a22c-3b161a652bee,cdf74c4f-375c-404d-82fb-9ba1068611bc,17768913-c61a-49c4-af0a-23b1e72c79f4,1634372905053,13.3614061,52.5116517,4.1857405,-2.4311316,-1.3328305,3.1355562,on bike mount,cyclo cross,True,fine gravel,good
a643a461-c11e-4623-a22c-3b161a652bee,cdf74c4f-375c-404d-82fb-9ba1068611bc,fc03842e-641d-482b-b50b-59289f953582,1634372905104,13.3614061,52.5116517,4.1857405,1.7133452,-4.680311,3.7824059,on bike mount,cyclo cross,True,fine gravel,good
a643a461-c11e-4623-a22c-3b161a652bee,cdf74c4f-375c-404d-82fb-9ba1068611bc,2decca97-879e-4237-afb5-dc9d1b2ea8b2,1634372905699,13.3614061,52.5116517,4.1857405,1.7133452,-4.680311,3.7824059,on bike mount,cyclo cross,True,fine gravel,good
a643a461-c11e-4623-a22c-3b161a652bee,cdf74c4f-375c-404d-82fb-9ba1068611bc,6ec3cf84-71d5-4bc4-bfff-d4eeb9aa37a7,1634372905750,13.3614061,52.5116517,4.1857405,1.4206738,-2.5075366,1.7608995,on bike mount,cyclo cross,True,fine gravel,good
a643a461-c11e-4623-a22c-3b161a652bee,cdf74c4f-375c-404d-82fb-9ba1068611bc,64fdf2ff-8d2d-4ffe-a0f1-24184906c1f8,1634372905801,13.3614061,52.5116517,4.1857405,-0.9914875,-0.1237452,0.6607075,on bike mount,cyclo cross,True,fine gravel,good
a643a461-c11e-4623-a22c-3b161a652bee,cdf74c4f-375c-404d-82fb-9ba1068611bc,5c26867c-311a-4d31-bc63-0c3559cc4c35,1634372905887,13.3614061,52.5116517,4.1857405,-1.8516324,2.6316767,-1.1363039,on bike mount,cyclo cross,True,fine gravel,good
a643a461-c11e-4623-a22c-3b161a652bee,cdf74c4f-375c-404d-82fb-9ba1068611bc,1e0272b2-1511-466a-b9b4-220f4f3d06ec,1634372905937,13.3614061,52.5116517,4.1857405,-0.72379196,-8.785805,-1.0774965,on bike mount,cyclo cross,True,fine gravel,good
a643a461-c11e-4623-a22c-3b161a652bee,cdf74c4f-375c-404d-82fb-9ba1068611bc,e2694fe4-6f28-49fc-ae71-179555616879,1634372905988,13.361434,52.5116162,4.0566745,-2.1387544,-0.33524466,2.757083,on bike mount,cyclo cross,True,fine gravel,good
a643a461-c11e-4623-a22c-3b161a652bee,cdf74c4f-375c-404d-82fb-9ba1068611bc,495cbb5b-9098-498a-92ce-41e08001f9c6,1634372906039,13.361434,52.5116162,4.0566745,-1.8652807,2.928112,1.2272072,on bike mount,cyclo cross,True,fine gravel,good
a643a461-c11e-4623-a22c-3b161a652bee,cdf74c4f-375c-404d-82fb-9ba1068611bc,a341ba56-e35a-482b-86b3-c560eecb5b93,1634372906088,13.361434,52.5116162,4.0566745,-0.28060144,1.2641187,5.182844,on bike mount,cyclo cross,True,fine gravel,good
a643a461-c11e-4623-a22c-3b161a652bee,cdf74c4f-375c-404d-82fb-9ba1068611bc,af5bbc5d-debc-4444-99c2-8dc3f19332fd,1634372906138,13.361434,52.5116162,4.0566745,0.46889222,-2.0063334,-4.5567384,on bike mount,cyclo cross,True,fine gravel,good
a643a461-c11e-4623-a22c-3b161a652bee,cdf74c4f-375c-404d-82fb-9ba1068611bc,4be8b5d2-ebf7-4c62-97aa-11918bb29d18,1634372906964,13.361434,52.5116162,4.0566745,0.46889222,-2.0063334,-4.5567384,on bike mount,cyclo cross,True,fine gravel,good
a643a461-c11e-4623-a22c-3b161a652bee,cdf74c4f-375c-404d-82fb-9ba1068611bc,f2a15a69-54bf-48b0-8586-726e853b91cf,1634372907015,13.3614823,52.5115703,5.287331,1.9700294,-0.5238905,7.7731266,on bike mount,cyclo cross,True,fine gravel,good
a643a461-c11e-4623-a22c-3b161a652bee,cdf74c4f-375c-404d-82fb-9ba1068611bc,37eafc08-e84c-4112-9204-4e0328323cc8,1634372907065,13.3614823,52.5115703,5.287331,0.4854349,-5.159114,-13.060088,on bike mount,cyclo cross,True,fine gravel,good
a643a461-c11e-4623-a22c-3b161a652bee,cdf74c4f-375c-404d-82fb-9ba1068611bc,b36251b8-09e7-4fb5-9f32-bda399eede27,1634372907958,13.3614823,52.5115703,5.287331,4.0884056,1.6317701,-26.724163,on bike mount,cyclo cross,True,fine gravel,good
a643a461-c11e-4623-a22c-3b161a652bee,cdf74c4f-375c-404d-82fb-9ba1068611bc,1904e162-3931-4967-8c2b-457512fe4d75,1634372908009,13.3615567,52.5115308,5.2382245,-4.975613,0.75980425,-2.681982,on bike mount,cyclo cross,True,fine gravel,good
a643a461-c11e-4623-a22c-3b161a652bee,cdf74c4f-375c-404d-82fb-9ba1068611bc,859ff920-5416-4d8e-bd02-cc4b8a2b6092,1634372908057,13.3615567,52.5115308,5.2382245,7.7196684,-2.7221422,-3.773552,on bike mount,cyclo cross,True,fine gravel,good
a643a461-c11e-4623-a22c-3b161a652bee,cdf74c4f-375c-404d-82fb-9ba1068611bc,80073f3b-7a02-45c6-bf53-8fff3b13b752,1634372908191,13.3615567,52.5115308,5.2382245,2.7739384,7.7995195,-7.5615535,on bike mount,cyclo cross,True,fine gravel,good
a643a461-c11e-4623-a22c-3b161a652bee,cdf74c4f-375c-404d-82fb-9ba1068611bc,988c6159-0fff-4bcc-a2b2-cb35c94bdf74,1634372908242,13.3615567,52.5115308,5.2382245,-2.3203182,3.8648918,12.449198,on bike mount,cyclo cross,True,fine gravel,good
a643a461-c11e-4623-a22c-3b161a652bee,cdf74c4f-375c-404d-82fb-9ba1068611bc,447d5d33-6e74-4068-aad0-f76fa0e09da8,1634372908292,13.3615567,52.5115308,5.2382245,-3.62038,4.701355,4.8636827,on bike mount,cyclo cross,True,fine gravel,good
a643a461-c11e-4623-a22c-3b161a652bee,cdf74c4f-375c-404d-82fb-9ba1068611bc,3a933bec-dc37-4241-aea1-ff3e62b3c6ae,1634372908342,13.3615567,52.5115308,5.2382245,-3.889329,0.60207987,12.969258,on bike mount,cyclo cross,True,fine gravel,good
a643a461-c11e-4623-a22c-3b161a652bee,cdf74c4f-375c-404d-82fb-9ba1068611bc,4a182b82-e0a8-4cdc-a666-9a105027ae57,1634372908394,13.3615567,52.5115308,5.2382245,-0.4019933,-7.720624,-0.72119045,on bike mount,cyclo cross,True,fine gravel,good
a643a461-c11e-4623-a22c-3b161a652bee,cdf74c4f-375c-404d-82fb-9ba1068611bc,ce477c18-0036-4666-ad76-682631d830a4,1634372908442,13.3615567,52.5115308,5.2382245,-2.3511646,8.148862,-2.3696558,on bike mount,cyclo cross,True,fine gravel,good
a643a461-c11e-4623-a22c-3b161a652bee,cdf74c4f-375c-404d-82fb-9ba1068611bc,552b7261-f774-42d5-814c-ffc885163664,1634372908493,13.3615567,52.5115308,5.2382245,-0.5853573,4.0735006,-2.3073316,on bike mount,cyclo cross,True,fine gravel,good
a643a461-c11e-4623-a22c-3b161a652bee,cdf74c4f-375c-404d-82fb-9ba1068611bc,1c27a719-3477-4d99-8063-520a6ed64d37,1634372908543,13.3615567,52.5115308,5.2382245,-1.9249418,-12.314161,13.661337,on bike mount,cyclo cross,True,fine gravel,good
a643a461-c11e-4623-a22c-3b161a652bee,cdf74c4f-375c-404d-82fb-9ba1068611bc,3614a5d1-1fbe-4c11-8102-3d82c577ba59,1634372908593,13.3615567,52.5115308,5.2382245,0.43652475,-0.30275297,-28.896194,on bike mount,cyclo cross,True,fine gravel,good
a643a461-c11e-4623-a22c-3b161a652bee,cdf74c4f-375c-404d-82fb-9ba1068611bc,1d89a4ac-24a7-4212-899e-4da02bef6023,1634372908643,13.3615567,52.5115308,5.2382245,1.0134052,8.220623,2.634489,on bike mount,cyclo cross,True,fine gravel,good
a643a461-c11e-4623-a22c-3b161a652bee,cdf74c4f-375c-404d-82fb-9ba1068611bc,4b27f1db-e3dd-4f1a-b24d-3cab4d58084e,1634372908694,13.3615567,52.5115308,5.2382245,-0.43124327,0.4011774,8.258518,on bike mount,cyclo cross,True,fine gravel,good
a643a461-c11e-4623-a22c-3b161a652bee,cdf74c4f-375c-404d-82fb-9ba1068611bc,6a3dbfde-1e08-4dd6-9d2a-cf6ff99a1309,1634372908742,13.3615567,52.5115308,5.2382245,4.789202,0.81823254,-4.1465616,on bike mount,cyclo cross,True,fine gravel,good
a643a461-c11e-4623-a22c-3b161a652bee,cdf74c4f-375c-404d-82fb-9ba1068611bc,1dcc26dd-3dc1-4e74-a91c-53f81c1ed0d7,1634372908791,13.3615567,52.5115308,5.2382245,-1.2123891,3.870276,-14.788041,on bike mount,cyclo cross,True,fine gravel,good
a643a461-c11e-4623-a22c-3b161a652bee,cdf74c4f-375c-404d-82fb-9ba1068611bc,0308ef9c-d0ee-4611-ac39-fa1ab32275bb,1634372908841,13.3615567,52.5115308,5.2382245,2.9609203,3.2827554,16.611622,on bike mount,cyclo cross,True,fine gravel,good
a643a461-c11e-4623-a22c-3b161a652bee,cdf74c4f-375c-404d-82fb-9ba1068611bc,6ca897c1-59d7-45c9-a4fd-ab9d49650190,1634372908892,13.3615567,52.5115308,5.2382245,0.7056649,-4.9984484,2.481001,on bike mount,cyclo cross,True,fine gravel,good
a643a461-c11e-4623-a22c-3b161a652bee,cdf74c4f-375c-404d-82fb-9ba1068611bc,da60fdf6-0fa8-4c14-b7f3-a425399622df,1634372908943,13.3615567,52.5115308,5.2382245,2.3576982,3.891551,5.1056376,on bike mount,cyclo cross,True,fine gravel,good
a643a461-c11e-4623-a22c-3b161a652bee,cdf74c4f-375c-404d-82fb-9ba1068611bc,67e20bb5-06c3-4411-8c44-5d3a55892ab8,1634372908993,13.3616273,52.5114991,4.997314,0.45867562,-3.6665907,-3.9866705,on bike mount,cyclo cross,True,fine gravel,good
a643a461-c11e-4623-a22c-3b161a652bee,cdf74c4f-375c-404d-82fb-9ba1068611bc,16456070-9836-430a-b082-f0bce844e859,1634372909043,13.3616273,52.5114991,4.997314,0.7214674,-9.036232,6.742054,on bike mount,cyclo cross,True,fine gravel,good
a643a461-c11e-4623-a22c-3b161a652bee,cdf74c4f-375c-404d-82fb-9ba1068611bc,2faca556-a4e9-4a19-85a5-07b6e9c92e02,1634372909094,13.3616273,52.5114991,4.997314,-0.0833236,3.1585875,-5.620248,on bike mount,cyclo cross,True,fine gravel,good
a643a461-c11e-4623-a22c-3b161a652bee,cdf74c4f-375c-404d-82fb-9ba1068611bc,d2b75b1c-089b-4114-8663-17c5a5a1a0b0,1634372909142,13.3616273,52.5114991,4.997314,-0.1572684,6.6248035,-0.8845129,on bike mount,cyclo cross,True,fine gravel,good
a643a461-c11e-4623-a22c-3b161a652bee,cdf74c4f-375c-404d-82fb-9ba1068611bc,45534d53-84af-4d6a-a690-b86bc2f746b4,1634372909192,13.3616273,52.5114991,4.997314,1.2078581,4.044503,-1.2052293,on bike mount,cyclo cross,True,fine gravel,good
a643a461-c11e-4623-a22c-3b161a652bee,cdf74c4f-375c-404d-82fb-9ba1068611bc,7037e5d4-e12d-47ce-981d-7a5a9b40b5a6,1634372909242,13.3616273,52.5114991,4.997314,-3.0945685,-8.707248,1.6577625,on bike mount,cyclo cross,True,fine gravel,good
a643a461-c11e-4623-a22c-3b161a652bee,cdf74c4f-375c-404d-82fb-9ba1068611bc,e10f1893-2cd9-4a5f-8123-7d01d709e979,1634372909292,13.3616273,52.5114991,4.997314,-0.7855438,-5.2717943,4.5092354,on bike mount,cyclo cross,True,fine gravel,good
a643a461-c11e-4623-a22c-3b161a652bee,cdf74c4f-375c-404d-82fb-9ba1068611bc,d15c8107-c623-408c-b179-d43b92a8a8cc,1634372909343,13.3616273,52.5114991,4.997314,-1.2103834,6.643651,2.0468206,on bike mount,cyclo cross,True,fine gravel,good
a643a461-c11e-4623-a22c-3b161a652bee,cdf74c4f-375c-404d-82fb-9ba1068611bc,a9276792-7a80-4e09-ba34-f89af1ef2d64,1634372909394,13.3616273,52.5114991,4.997314,-1.4730737,-10.996708,16.120178,on bike mount,cyclo cross,True,fine gravel,good
a643a461-c11e-4623-a22c-3b161a652bee,cdf74c4f-375c-404d-82fb-9ba1068611bc,ee571dba-d31e-48b4-86b7-832536efa1a1,1634372909443,13.3616273,52.5114991,4.997314,-1.581825,-2.0784419,-0.053772926,on bike mount,cyclo cross,True,fine gravel,good
a643a461-c11e-4623-a22c-3b161a652bee,cdf74c4f-375c-404d-82fb-9ba1068611bc,1dfae4c7-0410-4962-b6e6-5281b0d357ae,1634372909493,13.3616273,52.5114991,4.997314,0.62978256,-2.734378,-4.904866,on bike mount,cyclo cross,True,fine gravel,good
a643a461-c11e-4623-a22c-3b161a652bee,cdf74c4f-375c-404d-82fb-9ba1068611bc,e508903e-16c7-4ab0-9423-038fd5a8eb7e,1634372909543,13.3616273,52.5114991,4.997314,-0.6287102,-6.171437,3.1294088,on bike mount,cyclo cross,True,fine gravel,good
a643a461-c11e-4623-a22c-3b161a652bee,cdf74c4f-375c-404d-82fb-9ba1068611bc,e7643f73-dac3-49d8-ae1d-65ea8a790f48,1634372909593,13.3616273,52.5114991,4.997314,1.4237351,3.9443035,-2.9588308,on bike mount,cyclo cross,True,fine gravel,good
a643a461-c11e-4623-a22c-3b161a652bee,cdf74c4f-375c-404d-82fb-9ba1068611bc,16e6b574-a8c9-4b85-b48c-828a1f8f60de,1634372909642,13.3616273,52.5114991,4.997314,1.9320703,9.4684515,0.2722931,on bike mount,cyclo cross,True,fine gravel,good
a643a461-c11e-4623-a22c-3b161a652bee,cdf74c4f-375c-404d-82fb-9ba1068611bc,acbc79b4-8f5e-48c7-b174-be182f21364d,1634372909692,13.3616273,52.5114991,4.997314,-0.8643671,0.07581687,10.090376,on bike mount,cyclo cross,True,fine gravel,good
a643a461-c11e-4623-a22c-3b161a652bee,cdf74c4f-375c-404d-82fb-9ba1068611bc,c5333576-b7c2-4d53-8aa5-073fcbcd06e3,1634372909741,13.3616273,52.5114991,4.997314,0.35333592,-9.29676,3.1303349,on bike mount,cyclo cross,True,fine gravel,good
a643a461-c11e-4623-a22c-3b161a652bee,cdf74c4f-375c-404d-82fb-9ba1068611bc,9cf519aa-446c-40ce-9064-1b80c33efc4e,1634372909792,13.3616273,52.5114991,4.997314,-0.28960544,-4.863699,-2.694707,on bike mount,cyclo cross,True,fine gravel,good
a643a461-c11e-4623-a22c-3b161a652bee,cdf74c4f-375c-404d-82fb-9ba1068611bc,9e29a6dd-17f0-48d3-8ac0-c110790425f2,1634372909842,13.3616273,52.5114991,4.997314,-0.9156274,-0.094389915,3.3135204,on bike mount,cyclo cross,True,fine gravel,good
a643a461-c11e-4623-a22c-3b161a652bee,cdf74c4f-375c-404d-82fb-9ba1068611bc,20a27637-332a-4e22-bcff-d01a889bbcfc,1634372909892,13.3616273,52.5114991,4.997314,-0.87303126,6.20763,0.22061968,on bike mount,cyclo cross,True,fine gravel,good
a643a461-c11e-4623-a22c-3b161a652bee,cdf74c4f-375c-404d-82fb-9ba1068611bc,9e90c3b2-9bc2-437d-8a66-89c765038c4e,1634372909943,13.3616273,52.5114991,4.997314,4.425213,-8.267059,-5.3345804,on bike mount,cyclo cross,True,fine gravel,good
a643a461-c11e-4623-a22c-3b161a652bee,cdf74c4f-375c-404d-82fb-9ba1068611bc,cacf89b9-329e-416c-b427-3e477a8ed057,1634372909994,13.361687,52.5114698,4.805036,1.8950964,8.97146,-1.8237987,on bike mount,cyclo cross,True,fine gravel,good
a643a461-c11e-4623-a22c-3b161a652bee,cdf74c4f-375c-404d-82fb-9ba1068611bc,a93f4b03-3363-4bfc-be72-51ca6a58c3aa,1634372910044,13.361687,52.5114698,4.805036,0.65944004,-2.1360853,1.2998085,on bike mount,cyclo cross,True,fine gravel,good
a643a461-c11e-4623-a22c-3b161a652bee,cdf74c4f-375c-404d-82fb-9ba1068611bc,22806572-472b-4dad-8d2f-ec33f2c89810,1634372910095,13.361687,52.5114698,4.805036,0.33557647,2.2720537,3.0318136,on bike mount,cyclo cross,True,fine gravel,good
a643a461-c11e-4623-a22c-3b161a652bee,cdf74c4f-375c-404d-82fb-9ba1068611bc,f7827b34-f642-4b6a-8527-2dcf4828b2af,1634372910145,13.361687,52.5114698,4.805036,0.21642369,0.6614647,-5.5893164,on bike mount,cyclo cross,True,fine gravel,good
a643a461-c11e-4623-a22c-3b161a652bee,cdf74c4f-375c-404d-82fb-9ba1068611bc,385aaa3a-2702-4822-88a7-33520e596db5,1634372910195,13.361687,52.5114698,4.805036,-0.681103,2.0737753,-0.25018978,on bike mount,cyclo cross,True,fine gravel,good
a643a461-c11e-4623-a22c-3b161a652bee,cdf74c4f-375c-404d-82fb-9ba1068611bc,7a7cf0fb-e086-4cf3-acfb-12615c450184,1634372910246,13.361687,52.5114698,4.805036,-0.3592863,-1.380443,-2.5530028,on bike mount,cyclo cross,True,fine gravel,good
a643a461-c11e-4623-a22c-3b161a652bee,cdf74c4f-375c-404d-82fb-9ba1068611bc,0416f9dc-291b-4675-8c99-b9e01b813447,1634372910295,13.361687,52.5114698,4.805036,0.502199,-0.6396527,-0.14035892,on bike mount,cyclo cross,True,fine gravel,good
a643a461-c11e-4623-a22c-3b161a652bee,cdf74c4f-375c-404d-82fb-9ba1068611bc,30c28e93-97b1-4b10-8745-673e0e483b06,1634372910964,13.361687,52.5114698,4.805036,0.502199,-0.6396527,-0.14035892,on bike mount,cyclo cross,True,fine gravel,good
a643a461-c11e-4623-a22c-3b161a652bee,cdf74c4f-375c-404d-82fb-9ba1068611bc,cfbbe38b-ab25-4f16-bf3b-47aa7b695691,1634372911015,13.3617538,52.5114481,4.4718375,0.62877655,-4.5247183,0.9611912,on bike mount,cyclo cross,True,fine gravel,good
a643a461-c11e-4623-a22c-3b161a652bee,cdf74c4f-375c-404d-82fb-9ba1068611bc,e5f9edf5-a8ce-4427-8fe2-1cc8b0a69fab,1634372911064,13.3617538,52.5114481,4.4718375,1.7865603,-3.945387,9.4072,on bike mount,cyclo cross,True,fine gravel,good
a643a461-c11e-4623-a22c-3b161a652bee,cdf74c4f-375c-404d-82fb-9ba1068611bc,c7a5ef0b-457c-4da5-8b40-97af9f192431,1634372911957,13.3617538,52.5114481,4.4718375,0.23702648,-5.420355,-2.4611492,on bike mount,cyclo cross,True,fine gravel,good
a643a461-c11e-4623-a22c-3b161a652bee,cdf74c4f-375c-404d-82fb-9ba1068611bc,64c897a4-fed5-4436-9b3f-b8f12db2871a,1634372912008,13.3617538,52.5114481,4.4718375,-0.7608179,-13.459619,10.116209,on bike mount,cyclo cross,True,fine gravel,good
a643a461-c11e-4623-a22c-3b161a652bee,cdf74c4f-375c-404d-82fb-9ba1068611bc,352f2b18-96a7-47a3-904c-be67ab6e0132,1634372912057,13.3618005,52.5114373,4.7850857,-1.0622858,7.562974,10.769357,on bike mount,cyclo cross,True,fine gravel,good
a643a461-c11e-4623-a22c-3b161a652bee,cdf74c4f-375c-404d-82fb-9ba1068611bc,daee2362-1e64-43a7-ae6b-be005b619734,1634372912960,13.3618005,52.5114373,4.7850857,-4.9923463,-0.91537523,-0.6572113,on bike mount,cyclo cross,True,fine gravel,good
a643a461-c11e-4623-a22c-3b161a652bee,cdf74c4f-375c-404d-82fb-9ba1068611bc,ca5ca9da-14c6-4bac-89c1-a63f551be50a,1634372913011,13.3618005,52.5114373,4.7850857,2.6464212,-1.4890015,1.5407324,on bike mount,cyclo cross,True,fine gravel,good
a643a461-c11e-4623-a22c-3b161a652bee,cdf74c4f-375c-404d-82fb-9ba1068611bc,40cd9ea2-2a48-4ffb-89ca-e4636e622aeb,1634372913061,13.3618732,52.5114142,5.0025296,2.968884,-0.9475815,-10.856808,on bike mount,cyclo cross,True,fine gravel,good
a643a461-c11e-4623-a22c-3b161a652bee,cdf74c4f-375c-404d-82fb-9ba1068611bc,005d4858-8b20-4750-9b46-1754cdddcc6b,1634372913111,13.3618732,52.5114142,5.0025296,-1.6143086,11.485078,-8.317021,on bike mount,cyclo cross,True,fine gravel,good
a643a461-c11e-4623-a22c-3b161a652bee,cdf74c4f-375c-404d-82fb-9ba1068611bc,7b6daf89-98bd-4775-92d0-2f20e8ec3222,1634372913959,13.3618732,52.5114142,5.0025296,-1.6143086,11.485078,-8.317021,on bike mount,cyclo cross,True,fine gravel,good
a643a461-c11e-4623-a22c-3b161a652bee,cdf74c4f-375c-404d-82fb-9ba1068611bc,e587d9b0-d459-4973-9f2b-e556e807835d,1634372914009,13.3618732,52.5114142,5.0025296,-0.052940726,6.239769,7.469857,on bike mount,cyclo cross,True,fine gravel,good
a643a461-c11e-4623-a22c-3b161a652bee,cdf74c4f-375c-404d-82fb-9ba1068611bc,573dfffc-bc9e-4b96-956c-cfd84a634682,1634372914060,13.3619402,52.5113913,4.5175233,-0.20769024,-0.9452753,2.0552921,on bike mount,cyclo cross,True,fine gravel,good
a643a461-c11e-4623-a22c-3b161a652bee,cdf74c4f-375c-404d-82fb-9ba1068611bc,ff3054d5-2203-4cb8-862f-86453ce7cc31,1634372914110,13.3619402,52.5113913,4.5175233,0.059571147,3.3727102,7.6748257,on bike mount,cyclo cross,True,fine gravel,good
a643a461-c11e-4623-a22c-3b161a652bee,cdf74c4f-375c-404d-82fb-9ba1068611bc,2f3f0d18-2e44-43c6-a8ed-b60db3b100ae,1634372914306,13.3619402,52.5113913,4.5175233,0.059571147,3.3727102,7.6748257,on bike mount,cyclo cross,True,fine gravel,good
a643a461-c11e-4623-a22c-3b161a652bee,cdf74c4f-375c-404d-82fb-9ba1068611bc,e0a16094-4554-4410-b53e-23877f102a26,1634372914357,13.3619402,52.5113913,4.5175233,-2.59613,-1.9484708,8.700596,on bike mount,cyclo cross,True,fine gravel,good
a643a461-c11e-4623-a22c-3b161a652bee,cdf74c4f-375c-404d-82fb-9ba1068611bc,99188cb5-1b16-456f-8494-d795caae4891,1634372914408,13.3619402,52.5113913,4.5175233,0.86174953,-0.9509728,3.8156385,on bike mount,cyclo cross,True,fine gravel,good
a643a461-c11e-4623-a22c-3b161a652bee,cdf74c4f-375c-404d-82fb-9ba1068611bc,a387753d-16ac-433c-b0c8-570ac193507a,1634372914458,13.3619402,52.5113913,4.5175233,0.7634669,-0.8645878,8.554433,on bike mount,cyclo cross,True,fine gravel,good
a643a461-c11e-4623-a22c-3b161a652bee,cdf74c4f-375c-404d-82fb-9ba1068611bc,a5c4abbf-0b2f-4556-95ef-0b99878d8188,1634372914508,13.3619402,52.5113913,4.5175233,1.8818302,5.075105,-14.364239,on bike mount,cyclo cross,True,fine gravel,good
a643a461-c11e-4623-a22c-3b161a652bee,cdf74c4f-375c-404d-82fb-9ba1068611bc,ec7c64c9-5307-494a-9e07-bd5cbe8c39a3,1634372914768,13.3619402,52.5113913,4.5175233,-1.8381364,1.5171208,-13.300262,on bike mount,cyclo cross,True,fine gravel,good
a643a461-c11e-4623-a22c-3b161a652bee,cdf74c4f-375c-404d-82fb-9ba1068611bc,85b6762c-2c96-44bc-963e-30d5e2d1b94a,1634372914819,13.3619402,52.5113913,4.5175233,1.0992184,-3.0751262,-0.13723278,on bike mount,cyclo cross,True,fine gravel,good
a643a461-c11e-4623-a22c-3b161a652bee,cdf74c4f-375c-404d-82fb-9ba1068611bc,c1b53695-3255-4e3e-943b-2a13e00028c1,1634372914870,13.3619402,52.5113913,4.5175233,-0.5029882,4.158489,2.0643435,on bike mount,cyclo cross,True,fine gravel,good
a643a461-c11e-4623-a22c-3b161a652bee,cdf74c4f-375c-404d-82fb-9ba1068611bc,3b655fdc-2308-4317-868c-7fc21ea61d50,1634372914921,13.3619402,52.5113913,4.5175233,-1.5022342,2.4780164,1.7855997,on bike mount,cyclo cross,True,fine gravel,good
a643a461-c11e-4623-a22c-3b161a652bee,cdf74c4f-375c-404d-82fb-9ba1068611bc,7e0d980d-e3e7-41a6-a9a4-80d33378faea,1634372914970,13.3619846,52.5113741,4.7664804,-0.3307873,0.30317128,-5.868059,on bike mount,cyclo cross,True,fine gravel,good
a643a461-c11e-4623-a22c-3b161a652bee,cdf74c4f-375c-404d-82fb-9ba1068611bc,0a0f1f8b-9741-4428-a052-9c6eb07558c1,1634372915021,13.3619846,52.5113741,4.7664804,-1.0264393,4.329321,5.7910137,on bike mount,cyclo cross,True,fine gravel,good
a643a461-c11e-4623-a22c-3b161a652bee,cdf74c4f-375c-404d-82fb-9ba1068611bc,c7db6a8d-f4a2-466a-bffe-3664726934dc,1634372915071,13.3619846,52.5113741,4.7664804,0.10696563,3.0981302,-6.641358,on bike mount,cyclo cross,True,fine gravel,good
a643a461-c11e-4623-a22c-3b161a652bee,cdf74c4f-375c-404d-82fb-9ba1068611bc,4bd55374-f1e0-4474-8ddf-9dc24977b81c,1634372915121,13.3619846,52.5113741,4.7664804,0.35262337,-12.085192,11.820873,on bike mount,cyclo cross,True,fine gravel,good
a643a461-c11e-4623-a22c-3b161a652bee,cdf74c4f-375c-404d-82fb-9ba1068611bc,131a3ecb-d12a-4546-81ec-d39e290f8698,1634372915172,13.3619846,52.5113741,4.7664804,0.38024175,0.981832,-5.4205437,on bike mount,cyclo cross,True,fine gravel,good
a643a461-c11e-4623-a22c-3b161a652bee,cdf74c4f-375c-404d-82fb-9ba1068611bc,23c786d1-4805-41cd-8d0b-c22e34c9c38a,1634372915221,13.3619846,52.5113741,4.7664804,0.78913665,2.996284,8.775238,on bike mount,cyclo cross,True,fine gravel,good
a643a461-c11e-4623-a22c-3b161a652bee,cdf74c4f-375c-404d-82fb-9ba1068611bc,a6fbeff7-bf0f-4c3e-974f-5335e07e245a,1634372915271,13.3619846,52.5113741,4.7664804,4.313652,-2.5842102,-18.165768,on bike mount,cyclo cross,True,fine gravel,good
a643a461-c11e-4623-a22c-3b161a652bee,cdf74c4f-375c-404d-82fb-9ba1068611bc,78059305-fb53-4584-b2e4-3ba4ccd03810,1634372915321,13.3619846,52.5113741,4.7664804,0.2425571,9.865022,6.2457256,on bike mount,cyclo cross,True,fine gravel,good
a643a461-c11e-4623-a22c-3b161a652bee,cdf74c4f-375c-404d-82fb-9ba1068611bc,4ebb735b-4878-4743-bb37-81090abfe65b,1634372915371,13.3619846,52.5113741,4.7664804,-1.0070374,-0.63782,-15.188391,on bike mount,cyclo cross,True,fine gravel,good
a643a461-c11e-4623-a22c-3b161a652bee,cdf74c4f-375c-404d-82fb-9ba1068611bc,c58aa23b-4aa0-4b6d-883e-5a9acd8b5eed,1634372915422,13.3619846,52.5113741,4.7664804,2.3179567,-1.325515,6.2801075,on bike mount,cyclo cross,True,fine gravel,good
a643a461-c11e-4623-a22c-3b161a652bee,cdf74c4f-375c-404d-82fb-9ba1068611bc,7c880915-5b59-4aa9-b872-c567547a39b3,1634372915474,13.3619846,52.5113741,4.7664804,-2.5017412,-2.4201064,-5.7405863,on bike mount,cyclo cross,True,fine gravel,good
a643a461-c11e-4623-a22c-3b161a652bee,cdf74c4f-375c-404d-82fb-9ba1068611bc,d677071b-74d5-4904-ab20-a507ac5c9639,1634372915523,13.3619846,52.5113741,4.7664804,0.28317773,10.829381,10.197968,on bike mount,cyclo cross,True,fine gravel,good
a643a461-c11e-4623-a22c-3b161a652bee,cdf74c4f-375c-404d-82fb-9ba1068611bc,aa11bfc2-1192-419b-8caf-4d6f9db4d68e,1634372915573,13.3619846,52.5113741,4.7664804,-1.7482827,-4.424303,0.2969761,on bike mount,cyclo cross,True,fine gravel,good
a643a461-c11e-4623-a22c-3b161a652bee,cdf74c4f-375c-404d-82fb-9ba1068611bc,4aa4b81a-e944-411f-b0d2-945e2140c58b,1634372915623,13.3619846,52.5113741,4.7664804,0.05412571,2.5643575,-1.7447767,on bike mount,cyclo cross,True,fine gravel,good
a643a461-c11e-4623-a22c-3b161a652bee,cdf74c4f-375c-404d-82fb-9ba1068611bc,befee114-da29-40a5-8508-17f7a1ff69a4,1634372915673,13.3619846,52.5113741,4.7664804,4.0604777,6.5633764,10.193827,on bike mount,cyclo cross,True,fine gravel,good
a643a461-c11e-4623-a22c-3b161a652bee,cdf74c4f-375c-404d-82fb-9ba1068611bc,0240dbbe-7f37-4c42-816f-99f05dba1b36,1634372915723,13.3619846,52.5113741,4.7664804,-4.2900176,-8.520927,2.5531263,on bike mount,cyclo cross,True,fine gravel,good
a643a461-c11e-4623-a22c-3b161a652bee,cdf74c4f-375c-404d-82fb-9ba1068611bc,da38a752-189e-4adf-9622-a2e1dab75528,1634372915773,13.3619846,52.5113741,4.7664804,-0.38052887,3.8388243,1.9226027,on bike mount,cyclo cross,True,fine gravel,good
a643a461-c11e-4623-a22c-3b161a652bee,cdf74c4f-375c-404d-82fb-9ba1068611bc,59eb995b-3847-4e8f-b1ed-3f920ebe1f2d,1634372915823,13.3619846,52.5113741,4.7664804,-2.8490698,1.5120473,-4.33825,on bike mount,cyclo cross,True,fine gravel,good
a643a461-c11e-4623-a22c-3b161a652bee,cdf74c4f-375c-404d-82fb-9ba1068611bc,aa75ba62-9b45-4a66-9c9c-bbcc9189f3dc,1634372915874,13.3619846,52.5113741,4.7664804,1.3379812,2.2688708,8.004893,on bike mount,cyclo cross,True,fine gravel,good
a643a461-c11e-4623-a22c-3b161a652bee,cdf74c4f-375c-404d-82fb-9ba1068611bc,1231b949-8c48-456e-92c9-782fdc6e2208,1634372915923,13.3619846,52.5113741,4.7664804,1.981319,-0.68981767,-7.2157707,on bike mount,cyclo cross,True,fine gravel,good
a643a461-c11e-4623-a22c-3b161a652bee,cdf74c4f-375c-404d-82fb-9ba1068611bc,6ef6309b-d26f-4429-9ccd-a2c5aec2ed63,1634372915973,13.3620592,52.5113512,4.833816,1.9586833,3.120057,4.2863817,on bike mount,cyclo cross,True,fine gravel,good
a643a461-c11e-4623-a22c-3b161a652bee,cdf74c4f-375c-404d-82fb-9ba1068611bc,af449f62-3bdc-4b56-894d-bcb5af948232,1634372916023,13.3620592,52.5113512,4.833816,-0.38809848,2.5219078,3.6937876,on bike mount,cyclo cross,True,fine gravel,good
a643a461-c11e-4623-a22c-3b161a652bee,cdf74c4f-375c-404d-82fb-9ba1068611bc,0a2e9507-1a52-4501-8623-e14542cc0d08,1634372916073,13.3620592,52.5113512,4.833816,-0.25366107,-4.028639,-0.66389275,on bike mount,cyclo cross,True,fine gravel,good
a643a461-c11e-4623-a22c-3b161a652bee,cdf74c4f-375c-404d-82fb-9ba1068611bc,5b16e913-a061-4a28-8049-e35de207a733,1634372916123,13.3620592,52.5113512,4.833816,1.0228618,2.0743148,-2.2432752,on bike mount,cyclo cross,True,fine gravel,good
a643a461-c11e-4623-a22c-3b161a652bee,cdf74c4f-375c-404d-82fb-9ba1068611bc,426fdd1e-bae9-4066-aa3e-869799c183a8,1634372916173,13.3620592,52.5113512,4.833816,-1.4928136,4.4112782,-9.100935,on bike mount,cyclo cross,True,fine gravel,good
a643a461-c11e-4623-a22c-3b161a652bee,cdf74c4f-375c-404d-82fb-9ba1068611bc,e2c09e4f-b145-458e-9b8f-df3688e9810c,1634372916223,13.3620592,52.5113512,4.833816,0.031754345,2.2509685,1.7203779,on bike mount,cyclo cross,True,fine gravel,good
a643a461-c11e-4623-a22c-3b161a652bee,cdf74c4f-375c-404d-82fb-9ba1068611bc,d33b9792-1ba4-4008-8e14-1996feeeb95d,1634372916273,13.3620592,52.5113512,4.833816,2.077618,-0.26601338,-2.3424683,on bike mount,cyclo cross,True,fine gravel,good
a643a461-c11e-4623-a22c-3b161a652bee,cdf74c4f-375c-404d-82fb-9ba1068611bc,5fa81077-a626-4f31-bcad-8d3d120cd472,1634372916323,13.3620592,52.5113512,4.833816,0.08768936,3.6841984,1.1374702,on bike mount,cyclo cross,True,fine gravel,good
a643a461-c11e-4623-a22c-3b161a652bee,cdf74c4f-375c-404d-82fb-9ba1068611bc,099fc40e-84c6-467e-82da-e8d1f2623487,1634372916373,13.3620592,52.5113512,4.833816,0.13508186,0.50281906,-0.29922104,on bike mount,cyclo cross,True,fine gravel,good
a643a461-c11e-4623-a22c-3b161a652bee,cdf74c4f-375c-404d-82fb-9ba1068611bc,7bfa8c33-bb84-4d52-84f4-b9de42e51418,1634372916423,13.3620592,52.5113512,4.833816,-0.13881098,2.3540688,-3.9045348,on bike mount,cyclo cross,True,fine gravel,good
a643a461-c11e-4623-a22c-3b161a652bee,cdf74c4f-375c-404d-82fb-9ba1068611bc,1df1e880-56db-45d5-a160-b2c4fe23fb7a,1634372916473,13.3620592,52.5113512,4.833816,-0.3500721,-0.19073701,0.74148464,on bike mount,cyclo cross,True,fine gravel,good
a643a461-c11e-4623-a22c-3b161a652bee,cdf74c4f-375c-404d-82fb-9ba1068611bc,aad2d7eb-d579-4fd7-8764-ca153cd351c0,1634372916524,13.3620592,52.5113512,4.833816,-0.38711938,-1.3601669,2.3327408,on bike mount,cyclo cross,True,fine gravel,good
a643a461-c11e-4623-a22c-3b161a652bee,cdf74c4f-375c-404d-82fb-9ba1068611bc,bf2d041f-611c-4ec2-9ac3-d4f9f58607a4,1634372916576,13.3620592,52.5113512,4.833816,1.3620459,-0.22157526,1.8811932,on bike mount,cyclo cross,True,fine gravel,good
a643a461-c11e-4623-a22c-3b161a652bee,cdf74c4f-375c-404d-82fb-9ba1068611bc,21b0ab93-cfd8-4192-8d26-d58b47bcce57,1634372916626,13.3620592,52.5113512,4.833816,1.433008,-1.4536597,1.5342073,on bike mount,cyclo cross,True,fine gravel,good
a643a461-c11e-4623-a22c-3b161a652bee,cdf74c4f-375c-404d-82fb-9ba1068611bc,65e0ad05-5a9c-458e-8b48-82c8337ce4df,1634372916676,13.3620592,52.5113512,4.833816,-0.9064939,-1.4235407,-1.6245189,on bike mount,cyclo cross,True,fine gravel,good
a643a461-c11e-4623-a22c-3b161a652bee,cdf74c4f-375c-404d-82fb-9ba1068611bc,ce3534f2-bc64-4e90-b71e-f69062c8e82e,1634372916727,13.3620592,52.5113512,4.833816,-1.0765848,2.076078,-0.82627773,on bike mount,cyclo cross,True,fine gravel,good
a643a461-c11e-4623-a22c-3b161a652bee,cdf74c4f-375c-404d-82fb-9ba1068611bc,b15e1f8d-2610-4729-9305-53359e95e0d1,1634372916778,13.3620592,52.5113512,4.833816,0.042117834,-0.39215946,-2.102697,on bike mount,cyclo cross,True,fine gravel,good
a643a461-c11e-4623-a22c-3b161a652bee,cdf74c4f-375c-404d-82fb-9ba1068611bc,6b6f4713-d235-4795-a3c9-97694da4712d,1634372916827,13.3620592,52.5113512,4.833816,-1.3208448,4.7093134,2.7439442,on bike mount,cyclo cross,True,fine gravel,good
a643a461-c11e-4623-a22c-3b161a652bee,cdf74c4f-375c-404d-82fb-9ba1068611bc,19897157-8aa1-429c-baef-30f99aba86a6,1634372916878,13.3620592,52.5113512,4.833816,1.4404917,-10.799424,4.633628,on bike mount,cyclo cross,True,fine gravel,good
a643a461-c11e-4623-a22c-3b161a652bee,cdf74c4f-375c-404d-82fb-9ba1068611bc,0994c19e-4412-4765-97b4-2911176740f3,1634372916928,13.3620592,52.5113512,4.833816,2.0366163,4.0957747,7.223975,on bike mount,cyclo cross,True,fine gravel,good
a643a461-c11e-4623-a22c-3b161a652bee,cdf74c4f-375c-404d-82fb-9ba1068611bc,f01f05ef-08ae-4a88-a543-9125b2131f88,1634372916978,13.3621193,52.5113352,3.7124856,-0.53149825,3.4489374,-14.793588,on bike mount,cyclo cross,True,fine gravel,good
a643a461-c11e-4623-a22c-3b161a652bee,cdf74c4f-375c-404d-82fb-9ba1068611bc,12d700fc-4ebc-414d-8251-9a61c026d5c8,1634372917028,13.3621193,52.5113352,3.7124856,-1.2416809,-0.4856639,-0.448287,on bike mount,cyclo cross,True,fine gravel,good
a643a461-c11e-4623-a22c-3b161a652bee,cdf74c4f-375c-404d-82fb-9ba1068611bc,8e35e984-d602-4af7-88c5-d48bee5bae9d,1634372917079,13.3621193,52.5113352,3.7124856,-2.0281503,-3.6918674,2.243126,on bike mount,cyclo cross,True,fine gravel,good
a643a461-c11e-4623-a22c-3b161a652bee,cdf74c4f-375c-404d-82fb-9ba1068611bc,8bb8630f-9be8-4a25-b1ad-44052f9c2e74,1634372917130,13.3621193,52.5113352,3.7124856,-0.58788383,-0.7074059,-1.1881185,on bike mount,cyclo cross,True,fine gravel,good
a643a461-c11e-4623-a22c-3b161a652bee,cdf74c4f-375c-404d-82fb-9ba1068611bc,99949236-acf7-43c4-94cf-7c37b488f19e,1634372917180,13.3621193,52.5113352,3.7124856,-0.659591,1.4707108,-2.5607986,on bike mount,cyclo cross,True,fine gravel,good
a643a461-c11e-4623-a22c-3b161a652bee,cdf74c4f-375c-404d-82fb-9ba1068611bc,87e0514b-fa01-4c53-b8f3-8f50b2581086,1634372917230,13.3621193,52.5113352,3.7124856,3.365961,-3.3034163,-1.603672,on bike mount,cyclo cross,True,fine gravel,good
a643a461-c11e-4623-a22c-3b161a652bee,cdf74c4f-375c-404d-82fb-9ba1068611bc,5cb0368d-529d-4d62-a50c-b856c6086822,1634372917281,13.3621193,52.5113352,3.7124856,1.606677,-1.7865174,10.7619505,on bike mount,cyclo cross,True,fine gravel,good
a643a461-c11e-4623-a22c-3b161a652bee,cdf74c4f-375c-404d-82fb-9ba1068611bc,809cb7c2-0f7d-420e-b838-9a8578543dea,1634372917332,13.3621193,52.5113352,3.7124856,-2.7365603,-4.6289325,3.1887417,on bike mount,cyclo cross,True,fine gravel,good
a643a461-c11e-4623-a22c-3b161a652bee,cdf74c4f-375c-404d-82fb-9ba1068611bc,553a604c-a1e5-43fc-b3f6-30a5aae5019f,1634372917382,13.3621193,52.5113352,3.7124856,1.2176692,-1.9802029,5.7128277,on bike mount,cyclo cross,True,fine gravel,good
a643a461-c11e-4623-a22c-3b161a652bee,cdf74c4f-375c-404d-82fb-9ba1068611bc,17b26ee9-cf94-46a7-81e7-b67e23e1452a,1634372917433,13.3621193,52.5113352,3.7124856,3.3646555,1.5413542,-6.8235383,on bike mount,cyclo cross,True,fine gravel,good
a643a461-c11e-4623-a22c-3b161a652bee,cdf74c4f-375c-404d-82fb-9ba1068611bc,cc05330d-3e2f-4513-b792-59fbac2c9b90,1634372917483,13.3621193,52.5113352,3.7124856,-1.2935026,7.2608094,3.292777,on bike mount,cyclo cross,True,fine gravel,good
a643a461-c11e-4623-a22c-3b161a652bee,cdf74c4f-375c-404d-82fb-9ba1068611bc,8826d6bd-d62c-4d24-b15a-6e37a8d5333f,1634372917534,13.3621193,52.5113352,3.7124856,-1.0879655,-2.988836,6.417389,on bike mount,cyclo cross,True,fine gravel,good
a643a461-c11e-4623-a22c-3b161a652bee,cdf74c4f-375c-404d-82fb-9ba1068611bc,0b4711cc-0b1b-4f29-8091-0b5af8df4eb4,1634372917583,13.3621193,52.5113352,3.7124856,-2.5060377,-6.9818845,8.719494,on bike mount,cyclo cross,True,fine gravel,good
a643a461-c11e-4623-a22c-3b161a652bee,cdf74c4f-375c-404d-82fb-9ba1068611bc,7aacf98d-2f5d-4cce-aa87-c520205ebeed,1634372917633,13.3621193,52.5113352,3.7124856,-2.9088883,6.414235,-13.98735,on bike mount,cyclo cross,True,fine gravel,good
a643a461-c11e-4623-a22c-3b161a652bee,cdf74c4f-375c-404d-82fb-9ba1068611bc,0ff42124-7490-4420-9c36-b17190a3a74f,1634372917683,13.3621193,52.5113352,3.7124856,-1.0212439,8.211334,9.021383,on bike mount,cyclo cross,True,fine gravel,good
a643a461-c11e-4623-a22c-3b161a652bee,cdf74c4f-375c-404d-82fb-9ba1068611bc,05f400e9-ebeb-4e0d-bf1d-ad653eb05cea,1634372917734,13.3621193,52.5113352,3.7124856,0.90576935,1.0649343,1.2979031,on bike mount,cyclo cross,True,fine gravel,good
a643a461-c11e-4623-a22c-3b161a652bee,cdf74c4f-375c-404d-82fb-9ba1068611bc,3ffd33d5-ad0d-47b5-bd29-a16c2cb9b8b2,1634372917785,13.3621193,52.5113352,3.7124856,1.2975193,3.8333335,0.16354752,on bike mount,cyclo cross,True,fine gravel,good
a643a461-c11e-4623-a22c-3b161a652bee,cdf74c4f-375c-404d-82fb-9ba1068611bc,19568893-45bf-4a63-b819-bbe93fc7c8ab,1634372917835,13.3621193,52.5113352,3.7124856,0.9001843,1.0280762,-2.7269554,on bike mount,cyclo cross,True,fine gravel,good
a643a461-c11e-4623-a22c-3b161a652bee,cdf74c4f-375c-404d-82fb-9ba1068611bc,c23e5dbc-e7d5-4334-86b1-2324e24af7cf,1634372917885,13.3621193,52.5113352,3.7124856,-1.5652297,-9.959255,0.22878933,on bike mount,cyclo cross,True,fine gravel,good
a643a461-c11e-4623-a22c-3b161a652bee,cdf74c4f-375c-404d-82fb-9ba1068611bc,483a5f59-3135-4c86-8c47-7489f64592fd,1634372917936,13.3621193,52.5113352,3.7124856,-3.3954787,-3.2860298,12.213448,on bike mount,cyclo cross,True,fine gravel,good
a643a461-c11e-4623-a22c-3b161a652bee,cdf74c4f-375c-404d-82fb-9ba1068611bc,c95373a8-2ab7-4edb-af36-06d3c7d756e5,1634372917985,13.3621624,52.5113272,4.050966,-0.39014572,-13.840982,-4.2165656,on bike mount,cyclo cross,True,fine gravel,good
a643a461-c11e-4623-a22c-3b161a652bee,cdf74c4f-375c-404d-82fb-9ba1068611bc,612905e1-6df0-4261-81fe-a4c4925d7003,1634372918035,13.3621624,52.5113272,4.050966,0.9170193,7.2881513,-4.668738,on bike mount,cyclo cross,True,fine gravel,good
a643a461-c11e-4623-a22c-3b161a652bee,cdf74c4f-375c-404d-82fb-9ba1068611bc,c48521c3-9af3-4c14-9a25-c4ae7e933513,1634372918086,13.3621624,52.5113272,4.050966,-0.42357832,4.7147574,10.023368,on bike mount,cyclo cross,True,fine gravel,good
a643a461-c11e-4623-a22c-3b161a652bee,cdf74c4f-375c-404d-82fb-9ba1068611bc,24ee7860-5ae3-4fb8-817d-1d06659f4bbd,1634372918136,13.3621624,52.5113272,4.050966,1.2989761,-5.7135525,3.6783342,on bike mount,cyclo cross,True,fine gravel,good
a643a461-c11e-4623-a22c-3b161a652bee,cdf74c4f-375c-404d-82fb-9ba1068611bc,8a32f328-8629-4d7d-8d97-a86faed5e493,1634372918187,13.3621624,52.5113272,4.050966,0.27133352,-1.2205814,-0.707571,on bike mount,cyclo cross,True,fine gravel,good
a643a461-c11e-4623-a22c-3b161a652bee,cdf74c4f-375c-404d-82fb-9ba1068611bc,b09455a2-95eb-45f0-93ff-404b2686d263,1634372918237,13.3621624,52.5113272,4.050966,-4.7124915,-0.35684013,2.1012125,on bike mount,cyclo cross,True,fine gravel,good
a643a461-c11e-4623-a22c-3b161a652bee,cdf74c4f-375c-404d-82fb-9ba1068611bc,0e6e1ed4-7eda-4319-ad5f-53914ff82bcc,1634372918287,13.3621624,52.5113272,4.050966,-3.4594889,-8.556268,6.9877405,on bike mount,cyclo cross,True,fine gravel,good
a643a461-c11e-4623-a22c-3b161a652bee,cdf74c4f-375c-404d-82fb-9ba1068611bc,e93af6a3-272e-4add-9f9a-79ae18dab09d,1634372918337,13.3621624,52.5113272,4.050966,-0.6891289,-3.1855094,-2.2102876,on bike mount,cyclo cross,True,fine gravel,good
a643a461-c11e-4623-a22c-3b161a652bee,cdf74c4f-375c-404d-82fb-9ba1068611bc,e884c81d-a299-4b4b-bac7-f449bd0f0d0e,1634372918387,13.3621624,52.5113272,4.050966,-0.90847576,2.121393,-2.874814,on bike mount,cyclo cross,True,fine gravel,good
a643a461-c11e-4623-a22c-3b161a652bee,cdf74c4f-375c-404d-82fb-9ba1068611bc,b87dcfee-167d-4c9a-a433-daf9c4d3da04,1634372918438,13.3621624,52.5113272,4.050966,-0.750681,-4.177001,-5.6985283,on bike mount,cyclo cross,True,fine gravel,good
a643a461-c11e-4623-a22c-3b161a652bee,cdf74c4f-375c-404d-82fb-9ba1068611bc,68bc0a0d-7213-4ea9-a7bc-134b1e833276,1634372918489,13.3621624,52.5113272,4.050966,0.1508081,-2.7277677,-0.122374535,on bike mount,cyclo cross,True,fine gravel,good
a643a461-c11e-4623-a22c-3b161a652bee,cdf74c4f-375c-404d-82fb-9ba1068611bc,f39b03bc-2185-446a-a20a-24c3e92b84d3,1634372918540,13.3621624,52.5113272,4.050966,-0.08377954,0.781723,2.7362232,on bike mount,cyclo cross,True,fine gravel,good
a643a461-c11e-4623-a22c-3b161a652bee,cdf74c4f-375c-404d-82fb-9ba1068611bc,9d33286e-0103-43bd-a447-b79aaba1fffe,1634372918590,13.3621624,52.5113272,4.050966,-0.85899025,4.212723,0.07941818,on bike mount,cyclo cross,True,fine gravel,good
a643a461-c11e-4623-a22c-3b161a652bee,cdf74c4f-375c-404d-82fb-9ba1068611bc,cee2d6ba-af02-43fc-8203-964795b6a8c9,1634372918640,13.3621624,52.5113272,4.050966,0.68064684,0.49426794,-3.3323367,on bike mount,cyclo cross,True,fine gravel,good
a643a461-c11e-4623-a22c-3b161a652bee,cdf74c4f-375c-404d-82fb-9ba1068611bc,9844bdbe-a759-4954-a966-74da552e2fa0,1634372918690,13.3621624,52.5113272,4.050966,0.113079585,3.3600354,-2.5109239,on bike mount,cyclo cross,True,fine gravel,good
a643a461-c11e-4623-a22c-3b161a652bee,cdf74c4f-375c-404d-82fb-9ba1068611bc,5797e021-d628-494e-a5d5-99f795405d8d,1634372918741,13.3621624,52.5113272,4.050966,-3.8525853,2.4601235,-1.8715172,on bike mount,cyclo cross,True,fine gravel,good
a643a461-c11e-4623-a22c-3b161a652bee,cdf74c4f-375c-404d-82fb-9ba1068611bc,46a3aab0-855f-4084-9277-483c0460f4b4,1634372918791,13.3621624,52.5113272,4.050966,2.4767592,-4.7686048,6.228965,on bike mount,cyclo cross,True,fine gravel,good
a643a461-c11e-4623-a22c-3b161a652bee,cdf74c4f-375c-404d-82fb-9ba1068611bc,294de134-2fec-4b38-a0d5-9746beca029c,1634372918841,13.3621624,52.5113272,4.050966,2.202246,-3.7456055,-9.095587,on bike mount,cyclo cross,True,fine gravel,good
a643a461-c11e-4623-a22c-3b161a652bee,cdf74c4f-375c-404d-82fb-9ba1068611bc,5e7ce024-62e6-4910-87bc-537376230754,1634372918891,13.3621624,52.5113272,4.050966,-1.7366638,1.0986192,-1.6211658,on bike mount,cyclo cross,True,fine gravel,good
a643a461-c11e-4623-a22c-3b161a652bee,cdf74c4f-375c-404d-82fb-9ba1068611bc,c492f3c1-e9e3-45ea-ace1-06b42736a6b7,1634372918941,13.3621624,52.5113272,4.050966,-2.4590018,-6.042107,-0.04066658,on bike mount,cyclo cross,True,fine gravel,good
a643a461-c11e-4623-a22c-3b161a652bee,cdf74c4f-375c-404d-82fb-9ba1068611bc,0e79f166-fc4a-4a9c-8ffa-ae87ca9918cf,1634372918992,13.3622271,52.5113153,5.0470967,-2.1362605,0.029260159,2.3903818,on bike mount,cyclo cross,True,fine gravel,good
a643a461-c11e-4623-a22c-3b161a652bee,cdf74c4f-375c-404d-82fb-9ba1068611bc,c978375b-a561-4e34-ad62-2cd393cc7456,1634372919042,13.3622271,52.5113153,5.0470967,-0.2670095,0.67575264,-2.9197903,on bike mount,cyclo cross,True,fine gravel,good
a643a461-c11e-4623-a22c-3b161a652bee,cdf74c4f-375c-404d-82fb-9ba1068611bc,76aef1c4-e624-4830-9c9d-d9488cbcd9ac,1634372919092,13.3622271,52.5113153,5.0470967,-2.9826458,1.825233,-1.5058246,on bike mount,cyclo cross,True,fine gravel,good
a643a461-c11e-4623-a22c-3b161a652bee,cdf74c4f-375c-404d-82fb-9ba1068611bc,06e6dac6-6f1c-4128-9673-bdb45f63056b,1634372919143,13.3622271,52.5113153,5.0470967,1.8840944,-6.873724,15.114155,on bike mount,cyclo cross,True,fine gravel,good
a643a461-c11e-4623-a22c-3b161a652bee,cdf74c4f-375c-404d-82fb-9ba1068611bc,e0257a1b-e688-4adc-ac75-819058b40259,1634372919193,13.3622271,52.5113153,5.0470967,-1.7959615,1.4702139,-5.5052557,on bike mount,cyclo cross,True,fine gravel,good
a643a461-c11e-4623-a22c-3b161a652bee,cdf74c4f-375c-404d-82fb-9ba1068611bc,cc0c2f9f-ad49-4d08-9fb3-9c5fb2f8a838,1634372919244,13.3622271,52.5113153,5.0470967,0.00029937178,1.5840058,6.9327183,on bike mount,cyclo cross,True,fine gravel,good
a643a461-c11e-4623-a22c-3b161a652bee,cdf74c4f-375c-404d-82fb-9ba1068611bc,7d749ea9-765a-4faa-975b-02d3968fdf69,1634372919295,13.3622271,52.5113153,5.0470967,-0.63826007,-7.479721,2.6257334,on bike mount,cyclo cross,True,fine gravel,good
a643a461-c11e-4623-a22c-3b161a652bee,cdf74c4f-375c-404d-82fb-9ba1068611bc,e628d221-a1c9-4c19-a4d2-900bab8ee992,1634372919344,13.3622271,52.5113153,5.0470967,1.0698918,-7.58713,5.2016325,on bike mount,cyclo cross,True,fine gravel,good
a643a461-c11e-4623-a22c-3b161a652bee,cdf74c4f-375c-404d-82fb-9ba1068611bc,5f2fd8b4-2e54-49da-af82-93a113269c87,1634372919394,13.3622271,52.5113153,5.0470967,1.5203688,-1.4805977,6.0390596,on bike mount,cyclo cross,True,fine gravel,good
a643a461-c11e-4623-a22c-3b161a652bee,cdf74c4f-375c-404d-82fb-9ba1068611bc,2a686b47-a500-45ff-a41d-e193a34fce37,1634372919444,13.3622271,52.5113153,5.0470967,-0.13690042,3.128522,-17.615715,on bike mount,cyclo cross,True,fine gravel,good
a643a461-c11e-4623-a22c-3b161a652bee,cdf74c4f-375c-404d-82fb-9ba1068611bc,7c23cd5b-7ee8-48b2-bf7a-e6e7bb7b45b0,1634372919494,13.3622271,52.5113153,5.0470967,-0.451447,1.2815981,6.6205845,on bike mount,cyclo cross,True,fine gravel,good
a643a461-c11e-4623-a22c-3b161a652bee,cdf74c4f-375c-404d-82fb-9ba1068611bc,fd6fceda-67ae-45cb-a9fd-e5f1f3cbd9cd,1634372919544,13.3622271,52.5113153,5.0470967,-0.41138142,-4.368224,6.1697197,on bike mount,cyclo cross,True,fine gravel,good
a643a461-c11e-4623-a22c-3b161a652bee,cdf74c4f-375c-404d-82fb-9ba1068611bc,9ffb8824-c4c9-4e3d-a5f5-4e19dd26430c,1634372919595,13.3622271,52.5113153,5.0470967,1.785603,3.3156872,-5.866551,on bike mount,cyclo cross,True,fine gravel,good
a643a461-c11e-4623-a22c-3b161a652bee,cdf74c4f-375c-404d-82fb-9ba1068611bc,98b113ee-dbf6-40a5-bd32-d49921e5fe1e,1634372919644,13.3622271,52.5113153,5.0470967,8.301527,16.906145,-3.1197343,on bike mount,cyclo cross,True,fine gravel,good
a643a461-c11e-4623-a22c-3b161a652bee,cdf74c4f-375c-404d-82fb-9ba1068611bc,234ce711-c5ef-4541-bfa5-36372a74749c,1634372919694,13.3622271,52.5113153,5.0470967,-1.8301303,-1.041152,-7.313475,on bike mount,cyclo cross,True,fine gravel,good
a643a461-c11e-4623-a22c-3b161a652bee,cdf74c4f-375c-404d-82fb-9ba1068611bc,9b8f5a1b-c4bd-4ae6-9589-058ed0908f3d,1634372919745,13.3622271,52.5113153,5.0470967,-3.7061777,-6.7513075,8.622068,on bike mount,cyclo cross,True,fine gravel,good
a643a461-c11e-4623-a22c-3b161a652bee,cdf74c4f-375c-404d-82fb-9ba1068611bc,8fa9d20c-6aed-4e53-8ea1-5d2a6d18d26d,1634372919797,13.3622271,52.5113153,5.0470967,-6.950548,1.0515225,-0.74769974,on bike mount,cyclo cross,True,fine gravel,good
a643a461-c11e-4623-a22c-3b161a652bee,cdf74c4f-375c-404d-82fb-9ba1068611bc,546486ab-7ddb-415d-a514-769346ed56d9,1634372919847,13.3622271,52.5113153,5.0470967,0.8833613,8.51443,-0.1412077,on bike mount,cyclo cross,True,fine gravel,good
a643a461-c11e-4623-a22c-3b161a652bee,cdf74c4f-375c-404d-82fb-9ba1068611bc,0be10ae5-8b22-40b6-9b40-d4d0980b751e,1634372919898,13.3622271,52.5113153,5.0470967,-2.8247766,14.288046,-9.951252,on bike mount,cyclo cross,True,fine gravel,good
a643a461-c11e-4623-a22c-3b161a652bee,cdf74c4f-375c-404d-82fb-9ba1068611bc,856a651c-c71b-476c-a099-0f45ad59dece,1634372919949,13.3622271,52.5113153,5.0470967,1.254317,10.677894,12.34119,on bike mount,cyclo cross,True,fine gravel,good
a643a461-c11e-4623-a22c-3b161a652bee,cdf74c4f-375c-404d-82fb-9ba1068611bc,0f113149-ef5d-4c73-b070-b94ffa3d3c3d,1634372920000,13.3623139,52.511298,5.3140106,0.34525794,-2.6638176,4.2557373,on bike mount,cyclo cross,True,fine gravel,good
a643a461-c11e-4623-a22c-3b161a652bee,cdf74c4f-375c-404d-82fb-9ba1068611bc,220e0d40-ad41-41dc-8158-243376f5d913,1634372920051,13.3623139,52.511298,5.3140106,-6.789891,2.1231344,-13.475269,on bike mount,cyclo cross,True,fine gravel,good
a643a461-c11e-4623-a22c-3b161a652bee,cdf74c4f-375c-404d-82fb-9ba1068611bc,3df0af71-ae4f-4aff-a6a3-676191a76729,1634372920101,13.3623139,52.511298,5.3140106,-1.1213993,21.077843,-5.360463,on bike mount,cyclo cross,True,fine gravel,good
a643a461-c11e-4623-a22c-3b161a652bee,cdf74c4f-375c-404d-82fb-9ba1068611bc,0dca6dd6-5164-4281-89eb-7cda0d0e19c1,1634372920151,13.3623139,52.511298,5.3140106,0.7024485,15.132386,-3.852013,on bike mount,cyclo cross,True,fine gravel,good
a643a461-c11e-4623-a22c-3b161a652bee,cdf74c4f-375c-404d-82fb-9ba1068611bc,f53e00c7-bbe3-4d0d-b878-dd4b0af4828a,1634372920201,13.3623139,52.511298,5.3140106,0.5765265,0.46638632,15.054478,on bike mount,cyclo cross,True,fine gravel,good
a643a461-c11e-4623-a22c-3b161a652bee,cdf74c4f-375c-404d-82fb-9ba1068611bc,497d3472-2a55-442b-8ce9-9a287a1f02f5,1634372920251,13.3623139,52.511298,5.3140106,-1.7228299,2.4954233,11.374612,on bike mount,cyclo cross,True,fine gravel,good
a643a461-c11e-4623-a22c-3b161a652bee,cdf74c4f-375c-404d-82fb-9ba1068611bc,ec6242fd-d80b-4d84-b4ce-2606e5edb3f7,1634372920301,13.3623139,52.511298,5.3140106,-5.7272396,-8.960698,1.8162518,on bike mount,cyclo cross,True,fine gravel,good
a643a461-c11e-4623-a22c-3b161a652bee,cdf74c4f-375c-404d-82fb-9ba1068611bc,5f0435b7-0eb3-4c2e-83b9-c2679fbdf0dc,1634372920351,13.3623139,52.511298,5.3140106,-0.013931249,-7.606927,-0.5328274,on bike mount,cyclo cross,True,fine gravel,good
a643a461-c11e-4623-a22c-3b161a652bee,cdf74c4f-375c-404d-82fb-9ba1068611bc,f7d6ced6-d32a-4ba5-a5e3-1c0ee125296c,1634372920402,13.3623139,52.511298,5.3140106,0.83986175,3.3285189,-9.680071,on bike mount,cyclo cross,True,fine gravel,good
a643a461-c11e-4623-a22c-3b161a652bee,cdf74c4f-375c-404d-82fb-9ba1068611bc,8f9e6f37-04db-4b32-9984-d04e66c35fe5,1634372920453,13.3623139,52.511298,5.3140106,-1.6411871,1.9839959,-0.15860176,on bike mount,cyclo cross,True,fine gravel,good
a643a461-c11e-4623-a22c-3b161a652bee,cdf74c4f-375c-404d-82fb-9ba1068611bc,e87b86a0-5705-4e53-8fa6-e5830a76f453,1634372920503,13.3623139,52.511298,5.3140106,0.008142203,-5.908895,8.236338,on bike mount,cyclo cross,True,fine gravel,good
a643a461-c11e-4623-a22c-3b161a652bee,cdf74c4f-375c-404d-82fb-9ba1068611bc,09beb532-7d50-4926-ae06-39234238fe29,1634372920553,13.3623139,52.511298,5.3140106,0.40551507,-3.4238458,-1.8161569,on bike mount,cyclo cross,True,fine gravel,good
a643a461-c11e-4623-a22c-3b161a652bee,cdf74c4f-375c-404d-82fb-9ba1068611bc,a304074d-ee10-43b5-b4e3-56bd8d651010,1634372920603,13.3623139,52.511298,5.3140106,-1.5786464,1.4878998,1.3586864,on bike mount,cyclo cross,True,fine gravel,good
a643a461-c11e-4623-a22c-3b161a652bee,cdf74c4f-375c-404d-82fb-9ba1068611bc,6583e4fd-f529-4996-8ae6-59607c438768,1634372920653,13.3623139,52.511298,5.3140106,0.037907124,-5.219278,-9.649227,on bike mount,cyclo cross,True,fine gravel,good
a643a461-c11e-4623-a22c-3b161a652bee,cdf74c4f-375c-404d-82fb-9ba1068611bc,891b47a7-c01b-497f-8d1b-6ea181b09dea,1634372920704,13.3623139,52.511298,5.3140106,2.5823507,-0.92938757,12.601238,on bike mount,cyclo cross,True,fine gravel,good
a643a461-c11e-4623-a22c-3b161a652bee,cdf74c4f-375c-404d-82fb-9ba1068611bc,39d80d3b-fc20-4929-a4ed-f2d799f51c44,1634372920755,13.3623139,52.511298,5.3140106,-1.5918205,-0.50621796,-2.2770343,on bike mount,cyclo cross,True,fine gravel,good
a643a461-c11e-4623-a22c-3b161a652bee,cdf74c4f-375c-404d-82fb-9ba1068611bc,706f9733-c3ac-464c-99a9-79af94311dbf,1634372920806,13.3623139,52.511298,5.3140106,0.1738244,1.1258545,-1.9693666,on bike mount,cyclo cross,True,fine gravel,good
a643a461-c11e-4623-a22c-3b161a652bee,cdf74c4f-375c-404d-82fb-9ba1068611bc,e997b3a7-b44c-4212-ab9c-d80b254b65a0,1634372920857,13.3623139,52.511298,5.3140106,0.31146097,1.3000317,2.9351254,on bike mount,cyclo cross,True,fine gravel,good
a643a461-c11e-4623-a22c-3b161a652bee,cdf74c4f-375c-404d-82fb-9ba1068611bc,1d31363b-e36e-466f-8b98-07a53c0469a8,1634372920907,13.3623139,52.511298,5.3140106,1.4884067,-1.7022984,-6.999488,on bike mount,cyclo cross,True,fine gravel,good
a643a461-c11e-4623-a22c-3b161a652bee,cdf74c4f-375c-404d-82fb-9ba1068611bc,4d985dfd-631e-4d34-9c19-27a7803f215f,1634372920957,13.3623139,52.511298,5.3140106,0.29457995,0.67608094,4.852476,on bike mount,cyclo cross,True,fine gravel,good
a643a461-c11e-4623-a22c-3b161a652bee,cdf74c4f-375c-404d-82fb-9ba1068611bc,e2bc752b-95d4-4b09-b071-6f0a3a8b03fb,1634372921007,13.362404,52.5112767,5.519246,-0.22583614,-2.3619738,2.6139011,on bike mount,cyclo cross,True,fine gravel,good
a643a461-c11e-4623-a22c-3b161a652bee,cdf74c4f-375c-404d-82fb-9ba1068611bc,ea5d8528-be6e-4d64-b6ca-8c0eac7ce8e0,1634372921058,13.362404,52.5112767,5.519246,-1.4093618,-3.5747027,-2.3925443,on bike mount,cyclo cross,True,fine gravel,good
a643a461-c11e-4623-a22c-3b161a652bee,cdf74c4f-375c-404d-82fb-9ba1068611bc,5cf66f8c-bbc0-4c54-8c01-457972067b73,1634372921109,13.362404,52.5112767,5.519246,-1.2116172,0.79176855,13.91206,on bike mount,cyclo cross,True,fine gravel,good
a643a461-c11e-4623-a22c-3b161a652bee,cdf74c4f-375c-404d-82fb-9ba1068611bc,4e9afd78-be6a-4509-be91-a716400fcfed,1634372921160,13.362404,52.5112767,5.519246,-0.7630405,3.539692,-3.8753097,on bike mount,cyclo cross,True,fine gravel,good
a643a461-c11e-4623-a22c-3b161a652bee,cdf74c4f-375c-404d-82fb-9ba1068611bc,5eb87d28-8bbf-43c8-9bd2-25c709328719,1634372921209,13.362404,52.5112767,5.519246,-0.65530807,-0.61264825,-0.046337128,on bike mount,cyclo cross,True,fine gravel,good
a643a461-c11e-4623-a22c-3b161a652bee,cdf74c4f-375c-404d-82fb-9ba1068611bc,f9bae385-9386-42ca-a3b4-0930196d358c,1634372921259,13.362404,52.5112767,5.519246,0.29367095,-3.0238323,-5.0367937,on bike mount,cyclo cross,True,fine gravel,good
a643a461-c11e-4623-a22c-3b161a652bee,cdf74c4f-375c-404d-82fb-9ba1068611bc,af65160c-37ab-4abd-873b-953ef1cf99a8,1634372921309,13.362404,52.5112767,5.519246,0.58185774,-1.0001125,0.7724285,on bike mount,cyclo cross,True,fine gravel,good
a643a461-c11e-4623-a22c-3b161a652bee,cdf74c4f-375c-404d-82fb-9ba1068611bc,6760b61b-7a60-43a1-8bbb-c2cadfb93536,1634372921360,13.362404,52.5112767,5.519246,-0.2958501,3.774949,-2.528513,on bike mount,cyclo cross,True,fine gravel,good
a643a461-c11e-4623-a22c-3b161a652bee,cdf74c4f-375c-404d-82fb-9ba1068611bc,1d4af6b1-3c99-482c-9ea2-3b5f7d05dbe2,1634372921410,13.362404,52.5112767,5.519246,-0.71172374,-2.0080657,-0.74667835,on bike mount,cyclo cross,True,fine gravel,good
a643a461-c11e-4623-a22c-3b161a652bee,cdf74c4f-375c-404d-82fb-9ba1068611bc,7846290c-e06c-4bcc-a680-f9eb76bad3c3,1634372921460,13.362404,52.5112767,5.519246,0.1741022,4.9579005,0.29621792,on bike mount,cyclo cross,True,fine gravel,good
a643a461-c11e-4623-a22c-3b161a652bee,cdf74c4f-375c-404d-82fb-9ba1068611bc,42894fda-a306-43eb-86fe-e4fc4ce50144,1634372921510,13.362404,52.5112767,5.519246,1.097448,-0.9929142,3.800108,on bike mount,cyclo cross,True,fine gravel,good
a643a461-c11e-4623-a22c-3b161a652bee,cdf74c4f-375c-404d-82fb-9ba1068611bc,27fdc6cb-edcc-40f9-94b8-c44ad40ba52d,1634372921560,13.362404,52.5112767,5.519246,-1.3214263,-0.396904,-1.2358556,on bike mount,cyclo cross,True,fine gravel,good
a643a461-c11e-4623-a22c-3b161a652bee,cdf74c4f-375c-404d-82fb-9ba1068611bc,30ec4db7-2263-4ba1-8b80-61b2562f8cfb,1634372921610,13.362404,52.5112767,5.519246,-0.77259785,-1.388864,-1.9644437,on bike mount,cyclo cross,True,fine gravel,good
a643a461-c11e-4623-a22c-3b161a652bee,cdf74c4f-375c-404d-82fb-9ba1068611bc,07e4d8ef-db96-462e-bdaf-33607ddfb15a,1634372921661,13.362404,52.5112767,5.519246,-0.15190391,-0.67294765,0.081053734,on bike mount,cyclo cross,True,fine gravel,good
a643a461-c11e-4623-a22c-3b161a652bee,cdf74c4f-375c-404d-82fb-9ba1068611bc,dac95a59-1dd2-4307-b035-50e22b05051c,1634372921712,13.362404,52.5112767,5.519246,-0.37319618,0.1610725,-3.0175867,on bike mount,cyclo cross,True,fine gravel,good
a643a461-c11e-4623-a22c-3b161a652bee,cdf74c4f-375c-404d-82fb-9ba1068611bc,b2c4b6a4-5178-4ced-a49b-e47fc0d41a4a,1634372921761,13.362404,52.5112767,5.519246,-1.0145518,-0.019290686,9.382695,on bike mount,cyclo cross,True,fine gravel,good
a643a461-c11e-4623-a22c-3b161a652bee,cdf74c4f-375c-404d-82fb-9ba1068611bc,fe2fd522-eb75-438d-b0b6-f1c8e32a9f52,1634372921811,13.362404,52.5112767,5.519246,-0.3004373,-1.2243701,5.0029383,on bike mount,cyclo cross,True,fine gravel,good
a643a461-c11e-4623-a22c-3b161a652bee,cdf74c4f-375c-404d-82fb-9ba1068611bc,ff143131-fdee-494d-8476-4d96ae7e1b5d,1634372921862,13.362404,52.5112767,5.519246,-0.6212731,-1.1889715,5.9315567,on bike mount,cyclo cross,True,fine gravel,good
a643a461-c11e-4623-a22c-3b161a652bee,cdf74c4f-375c-404d-82fb-9ba1068611bc,f2989dd0-686e-4f6f-b08d-917c0576c7e8,1634372921912,13.362404,52.5112767,5.519246,0.6442292,-1.4068367,-4.884166,on bike mount,cyclo cross,True,fine gravel,good
a643a461-c11e-4623-a22c-3b161a652bee,cdf74c4f-375c-404d-82fb-9ba1068611bc,d0a7ec92-a8c6-4014-897e-694755507449,1634372921962,13.3624891,52.5112619,5.257638,-0.19528444,-1.1844236,-0.19673443,on bike mount,cyclo cross,True,fine gravel,good
a643a461-c11e-4623-a22c-3b161a652bee,cdf74c4f-375c-404d-82fb-9ba1068611bc,33bd6d23-e53c-4245-ae4a-c33836f8c244,1634372922012,13.3624891,52.5112619,5.257638,0.17765093,-1.3525722,1.5818701,on bike mount,cyclo cross,True,fine gravel,good
a643a461-c11e-4623-a22c-3b161a652bee,cdf74c4f-375c-404d-82fb-9ba1068611bc,62fc0b39-a471-4631-8e98-2b92ae4a9e29,1634372922062,13.3624891,52.5112619,5.257638,-0.71117055,-0.8739722,1.9829397,on bike mount,cyclo cross,True,fine gravel,good
a643a461-c11e-4623-a22c-3b161a652bee,cdf74c4f-375c-404d-82fb-9ba1068611bc,eca887a9-1f65-4f1e-8bae-77eaa1d82a1b,1634372922112,13.3624891,52.5112619,5.257638,0.73167074,-1.0087535,2.1995316,on bike mount,cyclo cross,True,fine gravel,good
a643a461-c11e-4623-a22c-3b161a652bee,cdf74c4f-375c-404d-82fb-9ba1068611bc,12ab6b42-399a-42da-bd71-8320ab11297a,1634372922162,13.3624891,52.5112619,5.257638,-1.0646704,-1.3895429,3.025055,on bike mount,cyclo cross,True,fine gravel,good
a643a461-c11e-4623-a22c-3b161a652bee,cdf74c4f-375c-404d-82fb-9ba1068611bc,adc05d96-1144-4fb4-8f15-6857ad95daf4,1634372922212,13.3624891,52.5112619,5.257638,-1.0509841,-0.9047713,-1.0943732,on bike mount,cyclo cross,True,fine gravel,good
a643a461-c11e-4623-a22c-3b161a652bee,cdf74c4f-375c-404d-82fb-9ba1068611bc,bd46cfe1-bf14-4178-872f-2cd975c70c8b,1634372922263,13.3624891,52.5112619,5.257638,-0.7686913,0.28366137,-0.2027359,on bike mount,cyclo cross,True,fine gravel,good
a643a461-c11e-4623-a22c-3b161a652bee,cdf74c4f-375c-404d-82fb-9ba1068611bc,df698492-e235-44ee-9c7b-882cd669e592,1634372922313,13.3624891,52.5112619,5.257638,-0.952193,-0.7592058,0.5347452,on bike mount,cyclo cross,True,fine gravel,good
a643a461-c11e-4623-a22c-3b161a652bee,cdf74c4f-375c-404d-82fb-9ba1068611bc,839ec63e-5a2d-4860-8b2d-05f5373e56d0,1634372922363,13.3624891,52.5112619,5.257638,0.08992851,-0.72037554,-1.7092614,on bike mount,cyclo cross,True,fine gravel,good
a643a461-c11e-4623-a22c-3b161a652bee,cdf74c4f-375c-404d-82fb-9ba1068611bc,6b065398-9242-4be8-a529-8266b4a75557,1634372922413,13.3624891,52.5112619,5.257638,-2.051699,2.1698012,4.5707397,on bike mount,cyclo cross,True,fine gravel,good
a643a461-c11e-4623-a22c-3b161a652bee,cdf74c4f-375c-404d-82fb-9ba1068611bc,8be07218-0429-4268-a710-f6c4ad5dd342,1634372922462,13.3624891,52.5112619,5.257638,-2.4904,-0.11293244,2.3269253,on bike mount,cyclo cross,True,fine gravel,good
a643a461-c11e-4623-a22c-3b161a652bee,cdf74c4f-375c-404d-82fb-9ba1068611bc,deee0afd-9382-4074-b9b3-93ed934b377f,1634372922512,13.3624891,52.5112619,5.257638,0.47908425,4.082885,-3.6556811,on bike mount,cyclo cross,True,fine gravel,good
a643a461-c11e-4623-a22c-3b161a652bee,cdf74c4f-375c-404d-82fb-9ba1068611bc,3142723a-02ad-4080-84e8-ff8009cb59e1,1634372922563,13.3624891,52.5112619,5.257638,1.2406108,0.1453557,6.3430347,on bike mount,cyclo cross,True,fine gravel,good
a643a461-c11e-4623-a22c-3b161a652bee,cdf74c4f-375c-404d-82fb-9ba1068611bc,8a6f199f-65e5-42f6-adbf-6bb365c913c9,1634372922615,13.3624891,52.5112619,5.257638,-0.38797116,-3.1275542,1.0690527,on bike mount,cyclo cross,True,fine gravel,good
a643a461-c11e-4623-a22c-3b161a652bee,cdf74c4f-375c-404d-82fb-9ba1068611bc,ab318f0a-450c-4ad5-a990-e83a6f045a75,1634372922665,13.3624891,52.5112619,5.257638,1.3086774,2.781777,2.5303211,on bike mount,cyclo cross,True,fine gravel,good
a643a461-c11e-4623-a22c-3b161a652bee,cdf74c4f-375c-404d-82fb-9ba1068611bc,33e872d5-036f-44e1-bff7-c76e281903d3,1634372922717,13.3624891,52.5112619,5.257638,0.14642441,2.0993094,1.1460261,on bike mount,cyclo cross,True,fine gravel,good
a643a461-c11e-4623-a22c-3b161a652bee,cdf74c4f-375c-404d-82fb-9ba1068611bc,683d69c0-9620-49e2-969e-ca562cdcf0ab,1634372922767,13.3624891,52.5112619,5.257638,-3.8164928,-1.81612,9.106285,on bike mount,cyclo cross,True,fine gravel,good
a643a461-c11e-4623-a22c-3b161a652bee,cdf74c4f-375c-404d-82fb-9ba1068611bc,7d1fe669-547f-4197-b45c-5a33de5683fe,1634372922818,13.3624891,52.5112619,5.257638,-0.8721074,-2.3482845,-7.4284253,on bike mount,cyclo cross,True,fine gravel,good
a643a461-c11e-4623-a22c-3b161a652bee,cdf74c4f-375c-404d-82fb-9ba1068611bc,a6694a46-4a56-44dc-a197-63f794bcd3a1,1634372922868,13.3624891,52.5112619,5.257638,-0.03879571,-10.175509,-5.943618,on bike mount,cyclo cross,True,fine gravel,good
a643a461-c11e-4623-a22c-3b161a652bee,cdf74c4f-375c-404d-82fb-9ba1068611bc,fac874b3-63bc-462d-97dc-0158e7194956,1634372922919,13.3624891,52.5112619,5.257638,-0.46888554,2.3968472,4.134676,on bike mount,cyclo cross,True,fine gravel,good
a643a461-c11e-4623-a22c-3b161a652bee,cdf74c4f-375c-404d-82fb-9ba1068611bc,37d2da2b-2ef1-4ee2-80cb-8a7ed332523f,1634372922969,13.3625699,52.5112484,5.5796556,-1.530719,3.4929967,-2.060886,on bike mount,cyclo cross,True,fine gravel,good
a643a461-c11e-4623-a22c-3b161a652bee,cdf74c4f-375c-404d-82fb-9ba1068611bc,980dc723-e3b6-41d9-8d36-ea177ac79a6d,1634372923019,13.3625699,52.5112484,5.5796556,1.1706039,0.59348726,6.772663,on bike mount,cyclo cross,True,fine gravel,good
a643a461-c11e-4623-a22c-3b161a652bee,cdf74c4f-375c-404d-82fb-9ba1068611bc,ed920918-38c3-47ba-accf-dbf842852550,1634372923069,13.3625699,52.5112484,5.5796556,-0.4482263,1.0211425,-1.3681121,on bike mount,cyclo cross,True,fine gravel,good
a643a461-c11e-4623-a22c-3b161a652bee,cdf74c4f-375c-404d-82fb-9ba1068611bc,ef4abfea-36ca-4ed0-b9be-29dc1148c592,1634372923119,13.3625699,52.5112484,5.5796556,-3.2191865,6.8559685,-2.1501455,on bike mount,cyclo cross,True,fine gravel,good
a643a461-c11e-4623-a22c-3b161a652bee,cdf74c4f-375c-404d-82fb-9ba1068611bc,854520e1-ca66-42d6-85bc-5f2701bc6be4,1634372923169,13.3625699,52.5112484,5.5796556,-1.1333783,-5.160922,-0.097260475,on bike mount,cyclo cross,True,fine gravel,good
a643a461-c11e-4623-a22c-3b161a652bee,cdf74c4f-375c-404d-82fb-9ba1068611bc,532ec595-a40b-45b9-a2bb-65694b4d5e0d,1634372923219,13.3625699,52.5112484,5.5796556,-0.449185,7.5381727,-1.5031891,on bike mount,cyclo cross,True,fine gravel,good
a643a461-c11e-4623-a22c-3b161a652bee,cdf74c4f-375c-404d-82fb-9ba1068611bc,f72fe77d-eb9e-4fb5-9a8d-dd1899fce8d4,1634372923270,13.3625699,52.5112484,5.5796556,-0.46187064,-3.7147074,2.101472,on bike mount,cyclo cross,True,fine gravel,good
a643a461-c11e-4623-a22c-3b161a652bee,cdf74c4f-375c-404d-82fb-9ba1068611bc,1d90ab4a-de79-428f-8acc-3bc7a555348e,1634372923319,13.3625699,52.5112484,5.5796556,-2.8817692,-0.9496358,0.68539333,on bike mount,cyclo cross,True,fine gravel,good
a643a461-c11e-4623-a22c-3b161a652bee,cdf74c4f-375c-404d-82fb-9ba1068611bc,c549ab2e-e38b-4517-add5-872fbfcff3ba,1634372923370,13.3625699,52.5112484,5.5796556,0.97585404,-1.3463801,0.96014404,on bike mount,cyclo cross,True,fine gravel,good
a643a461-c11e-4623-a22c-3b161a652bee,cdf74c4f-375c-404d-82fb-9ba1068611bc,253c0deb-865d-49fc-a3f5-0077b240ee2e,1634372923419,13.3625699,52.5112484,5.5796556,0.3719766,-0.71901727,2.6217928,on bike mount,cyclo cross,True,fine gravel,good
a643a461-c11e-4623-a22c-3b161a652bee,cdf74c4f-375c-404d-82fb-9ba1068611bc,ae210045-2878-49ae-9911-3f46ee5138a6,1634372923469,13.3625699,52.5112484,5.5796556,-0.08305767,1.1891394,-4.023123,on bike mount,cyclo cross,True,fine gravel,good
a643a461-c11e-4623-a22c-3b161a652bee,cdf74c4f-375c-404d-82fb-9ba1068611bc,1e7fd68d-f71f-4e46-bb40-f2d42264dd07,1634372923519,13.3625699,52.5112484,5.5796556,0.306458,-3.0598125,0.9176512,on bike mount,cyclo cross,True,fine gravel,good
a643a461-c11e-4623-a22c-3b161a652bee,cdf74c4f-375c-404d-82fb-9ba1068611bc,019422e3-2fd6-4c24-855f-d614b4f11764,1634372923570,13.3625699,52.5112484,5.5796556,1.6247087,-0.62429905,5.9825516,on bike mount,cyclo cross,True,fine gravel,good
a643a461-c11e-4623-a22c-3b161a652bee,cdf74c4f-375c-404d-82fb-9ba1068611bc,1d2cf415-46ef-44da-8cb4-6a04d7f8ca5f,1634372923619,13.3625699,52.5112484,5.5796556,-1.0599804,2.0969527,5.085676,on bike mount,cyclo cross,True,fine gravel,good
a643a461-c11e-4623-a22c-3b161a652bee,cdf74c4f-375c-404d-82fb-9ba1068611bc,d4724e0a-495e-478e-84ad-f3bbca4cf50e,1634372923669,13.3625699,52.5112484,5.5796556,0.81866693,-0.28259206,-5.27682,on bike mount,cyclo cross,True,fine gravel,good
a643a461-c11e-4623-a22c-3b161a652bee,cdf74c4f-375c-404d-82fb-9ba1068611bc,2b0c47a8-ef80-4c2b-b496-27a5dcc5eeea,1634372923719,13.3625699,52.5112484,5.5796556,-1.1915392,-1.1884708,-1.4246483,on bike mount,cyclo cross,True,fine gravel,good
a643a461-c11e-4623-a22c-3b161a652bee,cdf74c4f-375c-404d-82fb-9ba1068611bc,a5e8dd6b-1a13-47cb-837b-b6d3f60d5017,1634372923770,13.3625699,52.5112484,5.5796556,-1.8030522,6.113553,8.647562,on bike mount,cyclo cross,True,fine gravel,good
a643a461-c11e-4623-a22c-3b161a652bee,cdf74c4f-375c-404d-82fb-9ba1068611bc,a899d88a-5ac1-41aa-8cb6-c9aaacb7fe70,1634372923821,13.3625699,52.5112484,5.5796556,-4.5808334,10.162622,2.5249767,on bike mount,cyclo cross,True,fine gravel,good
a643a461-c11e-4623-a22c-3b161a652bee,cdf74c4f-375c-404d-82fb-9ba1068611bc,4a8ae730-f431-4f3f-b319-98d49970cc1d,1634372923871,13.3625699,52.5112484,5.5796556,-3.1554155,-0.70627785,7.0924654,on bike mount,cyclo cross,True,fine gravel,good
a643a461-c11e-4623-a22c-3b161a652bee,cdf74c4f-375c-404d-82fb-9ba1068611bc,f6744f6a-61d4-4d23-acab-7cd756e1c992,1634372923920,13.3625699,52.5112484,5.5796556,-0.012911022,-2.9752119,3.042675,on bike mount,cyclo cross,True,fine gravel,good
a643a461-c11e-4623-a22c-3b161a652bee,cdf74c4f-375c-404d-82fb-9ba1068611bc,0e639165-f746-4834-ab0d-94bcab740f11,1634372923970,13.3626474,52.5112406,4.076808,2.6923177,-1.8469814,-3.2589254,on bike mount,cyclo cross,True,fine gravel,good
a643a461-c11e-4623-a22c-3b161a652bee,cdf74c4f-375c-404d-82fb-9ba1068611bc,b3e3cc6b-a999-4369-bb2c-6ea40684876a,1634372924021,13.3626474,52.5112406,4.076808,1.7459279,1.2354624,-3.4981208,on bike mount,cyclo cross,True,fine gravel,good
a643a461-c11e-4623-a22c-3b161a652bee,cdf74c4f-375c-404d-82fb-9ba1068611bc,04221406-ea01-4aee-a92f-cea4fb0114c4,1634372924071,13.3626474,52.5112406,4.076808,-1.0407343,-4.3443546,-3.4112158,on bike mount,cyclo cross,True,fine gravel,good
a643a461-c11e-4623-a22c-3b161a652bee,cdf74c4f-375c-404d-82fb-9ba1068611bc,d7837c27-604d-4580-90f8-76a35d10d306,1634372924122,13.3626474,52.5112406,4.076808,0.011011779,-4.3078713,-5.9114914,on bike mount,cyclo cross,True,fine gravel,good
a643a461-c11e-4623-a22c-3b161a652bee,cdf74c4f-375c-404d-82fb-9ba1068611bc,ea4cf30b-cccd-4475-9b31-e651324588b7,1634372924173,13.3626474,52.5112406,4.076808,5.1057673,1.5288286,-7.157102,on bike mount,cyclo cross,True,fine gravel,good
a643a461-c11e-4623-a22c-3b161a652bee,cdf74c4f-375c-404d-82fb-9ba1068611bc,af8eea25-307d-4951-88f9-68aaaaa55035,1634372924223,13.3626474,52.5112406,4.076808,-9.205516,3.0235991,4.041602,on bike mount,cyclo cross,True,fine gravel,good
a643a461-c11e-4623-a22c-3b161a652bee,cdf74c4f-375c-404d-82fb-9ba1068611bc,e8f49732-a00e-4f36-9d6b-7832ea8d7a00,1634372924274,13.3626474,52.5112406,4.076808,1.2059522,-1.4695408,-15.971207,on bike mount,cyclo cross,True,fine gravel,good
a643a461-c11e-4623-a22c-3b161a652bee,cdf74c4f-375c-404d-82fb-9ba1068611bc,d94a614c-584c-4b02-984f-18c01661c5af,1634372924323,13.3626474,52.5112406,4.076808,-0.14287865,-6.2149816,-6.0627146,on bike mount,cyclo cross,True,fine gravel,good
a643a461-c11e-4623-a22c-3b161a652bee,cdf74c4f-375c-404d-82fb-9ba1068611bc,0581161c-1161-4a54-b52e-96a7c5a12690,1634372924373,13.3626474,52.5112406,4.076808,-0.70911634,-1.2278638,-0.17595196,on bike mount,cyclo cross,True,fine gravel,good
a643a461-c11e-4623-a22c-3b161a652bee,cdf74c4f-375c-404d-82fb-9ba1068611bc,6ced1754-de5d-4b14-92e7-da118265c408,1634372924424,13.3626474,52.5112406,4.076808,-0.14963293,4.2790833,0.5971174,on bike mount,cyclo cross,True,fine gravel,good
a643a461-c11e-4623-a22c-3b161a652bee,cdf74c4f-375c-404d-82fb-9ba1068611bc,4a1bcdc9-5adf-4088-b5cb-31c28834a395,1634372924474,13.3626474,52.5112406,4.076808,2.1203575,-8.498914,6.4412727,on bike mount,cyclo cross,True,fine gravel,good
a643a461-c11e-4623-a22c-3b161a652bee,cdf74c4f-375c-404d-82fb-9ba1068611bc,60dd3e65-dc70-4a5c-9f70-f305518dfa4c,1634372924524,13.3626474,52.5112406,4.076808,-1.1325569,2.7346902,-10.346449,on bike mount,cyclo cross,True,fine gravel,good
a643a461-c11e-4623-a22c-3b161a652bee,cdf74c4f-375c-404d-82fb-9ba1068611bc,16615cc9-6c87-43c6-9842-4068d271e535,1634372924575,13.3626474,52.5112406,4.076808,1.2343149,2.5275724,-1.2506781,on bike mount,cyclo cross,True,fine gravel,good
a643a461-c11e-4623-a22c-3b161a652bee,cdf74c4f-375c-404d-82fb-9ba1068611bc,5e9aea3c-bedf-4814-8f9a-4c43883a94c4,1634372924624,13.3626474,52.5112406,4.076808,-1.151013,-7.337504,-2.9005098,on bike mount,cyclo cross,True,fine gravel,good
a643a461-c11e-4623-a22c-3b161a652bee,cdf74c4f-375c-404d-82fb-9ba1068611bc,67982a21-85f1-4356-bc8a-cbc2cbbbd614,1634372924674,13.3626474,52.5112406,4.076808,2.783302,-7.6396027,-3.760394,on bike mount,cyclo cross,True,fine gravel,good
a643a461-c11e-4623-a22c-3b161a652bee,cdf74c4f-375c-404d-82fb-9ba1068611bc,a0948e36-3e64-4400-8337-b0356ccf3602,1634372924725,13.3626474,52.5112406,4.076808,0.89899236,-3.283257,1.0874357,on bike mount,cyclo cross,True,fine gravel,good
a643a461-c11e-4623-a22c-3b161a652bee,cdf74c4f-375c-404d-82fb-9ba1068611bc,8ce233da-91e4-46b6-a930-99af973b373a,1634372924776,13.3626474,52.5112406,4.076808,-2.4211357,8.27947,0.5639868,on bike mount,cyclo cross,True,fine gravel,good
a643a461-c11e-4623-a22c-3b161a652bee,cdf74c4f-375c-404d-82fb-9ba1068611bc,15098193-aa18-46b8-9d55-90a61d42446f,1634372924825,13.3626474,52.5112406,4.076808,0.91087943,0.7204561,-4.8132825,on bike mount,cyclo cross,True,fine gravel,good
a643a461-c11e-4623-a22c-3b161a652bee,cdf74c4f-375c-404d-82fb-9ba1068611bc,0e0dd4c6-a7e7-42d8-8a07-5f0bc3d30617,1634372924876,13.3626474,52.5112406,4.076808,-0.48318994,-2.9448047,4.4299364,on bike mount,cyclo cross,True,fine gravel,good
a643a461-c11e-4623-a22c-3b161a652bee,cdf74c4f-375c-404d-82fb-9ba1068611bc,cab12c71-4049-4130-bd09-29c528e1bddc,1634372924926,13.3626474,52.5112406,4.076808,-0.17342436,0.54814935,0.28272057,on bike mount,cyclo cross,True,fine gravel,good
a643a461-c11e-4623-a22c-3b161a652bee,cdf74c4f-375c-404d-82fb-9ba1068611bc,aad9d178-72ad-47b8-9bd1-661b45d1257a,1634372924977,13.3626957,52.5112381,4.1617084,-0.7152982,1.7563457,-3.8548698,on bike mount,cyclo cross,True,fine gravel,good
a643a461-c11e-4623-a22c-3b161a652bee,cdf74c4f-375c-404d-82fb-9ba1068611bc,b357d604-482b-41a5-aa96-e968a1fa224c,1634372925027,13.3626957,52.5112381,4.1617084,-1.3023994,1.0905313,-1.5357399,on bike mount,cyclo cross,True,fine gravel,good
a643a461-c11e-4623-a22c-3b161a652bee,cdf74c4f-375c-404d-82fb-9ba1068611bc,2c3cc492-5c4e-4ea6-b3be-1ce0c71f056b,1634372925078,13.3626957,52.5112381,4.1617084,-0.6834177,4.3399644,0.013547897,on bike mount,cyclo cross,True,fine gravel,good
a643a461-c11e-4623-a22c-3b161a652bee,cdf74c4f-375c-404d-82fb-9ba1068611bc,9714602a-50b0-419c-a39d-60dc42ba2f86,1634372925127,13.3626957,52.5112381,4.1617084,0.9277424,-1.8898311,0.78466225,on bike mount,cyclo cross,True,fine gravel,good
a643a461-c11e-4623-a22c-3b161a652bee,cdf74c4f-375c-404d-82fb-9ba1068611bc,9e690642-bae0-40f6-94f1-3199e33218d2,1634372925178,13.3626957,52.5112381,4.1617084,-0.16554487,-3.2361808,2.125063,on bike mount,cyclo cross,True,fine gravel,good
a643a461-c11e-4623-a22c-3b161a652bee,cdf74c4f-375c-404d-82fb-9ba1068611bc,5c70ebd1-0fee-4460-824a-08d8c69b334f,1634372925229,13.3626957,52.5112381,4.1617084,0.7050353,3.5225005,-4.735026,on bike mount,cyclo cross,True,fine gravel,good
a643a461-c11e-4623-a22c-3b161a652bee,cdf74c4f-375c-404d-82fb-9ba1068611bc,4383f6ce-3e94-4e39-9df0-07c71afc7ba1,1634372925279,13.3626957,52.5112381,4.1617084,1.0294071,12.777941,-15.402912,on bike mount,cyclo cross,True,fine gravel,good
a643a461-c11e-4623-a22c-3b161a652bee,cdf74c4f-375c-404d-82fb-9ba1068611bc,443c3f1d-4c8e-45e8-8958-7931fe6b0639,1634372925329,13.3626957,52.5112381,4.1617084,-0.64595664,1.0359776,-7.3844347,on bike mount,cyclo cross,True,fine gravel,good
a643a461-c11e-4623-a22c-3b161a652bee,cdf74c4f-375c-404d-82fb-9ba1068611bc,019c02ff-85ef-494d-a4e3-a3c96fdebd81,1634372925379,13.3626957,52.5112381,4.1617084,2.1606998,-2.6369894,3.1358652,on bike mount,cyclo cross,True,fine gravel,good
a643a461-c11e-4623-a22c-3b161a652bee,cdf74c4f-375c-404d-82fb-9ba1068611bc,cf499094-f784-487c-96c0-feea6401ce55,1634372925429,13.3626957,52.5112381,4.1617084,-0.028354377,-1.8914881,-5.9492965,on bike mount,cyclo cross,True,fine gravel,good
a643a461-c11e-4623-a22c-3b161a652bee,cdf74c4f-375c-404d-82fb-9ba1068611bc,55e971bb-8d7d-4513-9204-0be4c2c9c9c6,1634372925480,13.3626957,52.5112381,4.1617084,1.9093846,-2.7519915,1.6045027,on bike mount,cyclo cross,True,fine gravel,good
a643a461-c11e-4623-a22c-3b161a652bee,cdf74c4f-375c-404d-82fb-9ba1068611bc,1b2da01e-acdf-4872-8409-48458615afbf,1634372925864,13.3626957,52.5112381,4.1617084,1.9093846,-2.7519915,1.6045027,on bike mount,cyclo cross,True,fine gravel,good
a643a461-c11e-4623-a22c-3b161a652bee,cdf74c4f-375c-404d-82fb-9ba1068611bc,cb3403e9-dc9a-4300-93ee-4f2073b4ee65,1634372925914,13.3626957,52.5112381,4.1617084,-0.8955335,-5.3387957,2.1769524,on bike mount,cyclo cross,True,fine gravel,good
a643a461-c11e-4623-a22c-3b161a652bee,cdf74c4f-375c-404d-82fb-9ba1068611bc,7254c81e-6b1c-4969-a37b-04b66c68df21,1634372925965,13.3627537,52.5112291,4.8554993,2.080399,-2.8040693,2.691105,on bike mount,cyclo cross,True,fine gravel,good
a643a461-c11e-4623-a22c-3b161a652bee,cdf74c4f-375c-404d-82fb-9ba1068611bc,a6e017d3-9ea3-4b0f-a20b-cd47946016e9,1634372926956,13.3627537,52.5112291,4.8554993,1.6857009,0.11305499,-2.100984,on bike mount,cyclo cross,True,fine gravel,good
a643a461-c11e-4623-a22c-3b161a652bee,cdf74c4f-375c-404d-82fb-9ba1068611bc,0858c27c-989f-4725-b94f-74c875d4dc23,1634372927006,13.3627537,52.5112291,4.8554993,3.1079159,0.12278628,6.5517807,on bike mount,cyclo cross,True,fine gravel,good
a643a461-c11e-4623-a22c-3b161a652bee,cdf74c4f-375c-404d-82fb-9ba1068611bc,773d8289-c864-4e29-9b68-6954701fa0bf,1634372927056,13.362848,52.511208,5.194578,-0.2368204,0.093400955,-3.3309803,on bike mount,cyclo cross,True,fine gravel,good
a643a461-c11e-4623-a22c-3b161a652bee,cdf74c4f-375c-404d-82fb-9ba1068611bc,31342730-f863-4151-8070-4c4ad8b4c773,1634372927106,13.362848,52.511208,5.194578,2.8886216,5.143752,-0.846509,on bike mount,cyclo cross,True,fine gravel,good
a643a461-c11e-4623-a22c-3b161a652bee,cdf74c4f-375c-404d-82fb-9ba1068611bc,61ac4622-b107-4f2f-a3e7-872c5ddb65be,1634372927957,13.362848,52.511208,5.194578,2.8886216,5.143752,-0.846509,on bike mount,cyclo cross,True,fine gravel,good
a643a461-c11e-4623-a22c-3b161a652bee,cdf74c4f-375c-404d-82fb-9ba1068611bc,73d6d739-2121-4355-83b3-d3557d69cfea,1634372928006,13.362848,52.511208,5.194578,0.539026,0.6747885,5.1561537,on bike mount,cyclo cross,True,fine gravel,good
a643a461-c11e-4623-a22c-3b161a652bee,cdf74c4f-375c-404d-82fb-9ba1068611bc,9b6ec5ec-e643-4cde-970e-2d73de0d00dc,1634372928055,13.3629283,52.5111784,5.71713,3.8233123,5.933341,-1.0019917,on bike mount,cyclo cross,True,fine gravel,good
a643a461-c11e-4623-a22c-3b161a652bee,cdf74c4f-375c-404d-82fb-9ba1068611bc,aa736c4b-8f3e-444b-a5b6-fa18702422bd,1634372928962,13.3629283,52.5111784,5.71713,0.6478736,-4.728882,2.0055332,on bike mount,cyclo cross,True,fine gravel,good
a643a461-c11e-4623-a22c-3b161a652bee,cdf74c4f-375c-404d-82fb-9ba1068611bc,a4dddf13-630e-4742-aca2-550fca763723,1634372929012,13.363,52.5111482,4.590015,-0.37555563,-5.1108456,4.069787,on bike mount,cyclo cross,True,fine gravel,good
a643a461-c11e-4623-a22c-3b161a652bee,cdf74c4f-375c-404d-82fb-9ba1068611bc,a2f90288-7b15-48ca-9482-6e6eca4da364,1634372929063,13.363,52.5111482,4.590015,-0.82166374,6.524254,-1.4087365,on bike mount,cyclo cross,True,fine gravel,good
a643a461-c11e-4623-a22c-3b161a652bee,cdf74c4f-375c-404d-82fb-9ba1068611bc,763957dc-1716-475d-bdac-6807a3491abf,1634372929969,13.363,52.5111482,4.590015,-0.13654888,-4.054476,8.833918,on bike mount,cyclo cross,True,fine gravel,good
a643a461-c11e-4623-a22c-3b161a652bee,cdf74c4f-375c-404d-82fb-9ba1068611bc,d26c5931-2e22-456c-9211-97e66d6e0c59,1634372930020,13.363,52.5111482,4.590015,-0.93261516,-3.1538415,5.319666,on bike mount,cyclo cross,True,fine gravel,good
a643a461-c11e-4623-a22c-3b161a652bee,cdf74c4f-375c-404d-82fb-9ba1068611bc,572fa6ff-9484-46ec-a4a6-95f6160c49ef,1634372930070,13.3630463,52.511135,4.4402184,0.8621106,5.0048385,-2.1850538,on bike mount,cyclo cross,True,fine gravel,good
a643a461-c11e-4623-a22c-3b161a652bee,cdf74c4f-375c-404d-82fb-9ba1068611bc,098fb405-5925-4c5a-a5d5-92b39ad4d84e,1634372930959,13.3630463,52.511135,4.4402184,3.0853233,2.630714,10.39657,on bike mount,cyclo cross,True,fine gravel,good
a643a461-c11e-4623-a22c-3b161a652bee,cdf74c4f-375c-404d-82fb-9ba1068611bc,2b427efc-ca88-4ef8-aa63-32c5e1073bca,1634372931010,13.3630988,52.5111162,2.8390665,1.1902071,1.8822913,-4.738932,on bike mount,cyclo cross,True,fine gravel,good
a643a461-c11e-4623-a22c-3b161a652bee,cdf74c4f-375c-404d-82fb-9ba1068611bc,ccb6e3a3-afe0-48d6-9e74-b32fc642e1f9,1634372931060,13.3630988,52.5111162,2.8390665,-1.2135521,-1.9182019,-0.59985924,on bike mount,cyclo cross,True,fine gravel,good
a643a461-c11e-4623-a22c-3b161a652bee,cdf74c4f-375c-404d-82fb-9ba1068611bc,3324c7b8-2f42-49ad-a12a-b3b21fa2c200,1634372931111,13.3630988,52.5111162,2.8390665,0.49749118,-2.385747,2.2943554,on bike mount,cyclo cross,True,fine gravel,good
a643a461-c11e-4623-a22c-3b161a652bee,cdf74c4f-375c-404d-82fb-9ba1068611bc,d2ed9953-c38f-4cc8-b5c3-d0dd8ff736b0,1634372931162,13.3630988,52.5111162,2.8390665,0.36397716,-1.4941797,-4.060747,on bike mount,cyclo cross,True,fine gravel,good
a643a461-c11e-4623-a22c-3b161a652bee,cdf74c4f-375c-404d-82fb-9ba1068611bc,3f669828-0416-49fd-bf99-813bccd3ae4d,1634372931212,13.3630988,52.5111162,2.8390665,-0.37687305,1.0747948,8.8643875,on bike mount,cyclo cross,True,fine gravel,good
a643a461-c11e-4623-a22c-3b161a652bee,cdf74c4f-375c-404d-82fb-9ba1068611bc,58536167-d17d-41dd-bf1d-f1d9e02065fc,1634372931262,13.3630988,52.5111162,2.8390665,-0.3982042,-0.015100479,-8.452417,on bike mount,cyclo cross,True,fine gravel,good
a643a461-c11e-4623-a22c-3b161a652bee,cdf74c4f-375c-404d-82fb-9ba1068611bc,ca113706-c791-4711-a0f1-c785f83a17b7,1634372931313,13.3630988,52.5111162,2.8390665,1.738995,1.2981553,2.258748,on bike mount,cyclo cross,True,fine gravel,good
a643a461-c11e-4623-a22c-3b161a652bee,cdf74c4f-375c-404d-82fb-9ba1068611bc,09d9bc42-6e32-4569-8a77-fc88b2a34f54,1634372931362,13.3630988,52.5111162,2.8390665,0.76567924,-2.8255427,-0.14708138,on bike mount,cyclo cross,True,fine gravel,good
a643a461-c11e-4623-a22c-3b161a652bee,cdf74c4f-375c-404d-82fb-9ba1068611bc,2c3e474f-cb43-44aa-b99d-0d825c36eee7,1634372931412,13.3630988,52.5111162,2.8390665,-1.8756547,-4.508789,-0.7164583,on bike mount,cyclo cross,True,fine gravel,good
a643a461-c11e-4623-a22c-3b161a652bee,cdf74c4f-375c-404d-82fb-9ba1068611bc,fb762462-c91e-4bfc-a87e-1fd5dfee0ef7,1634372931963,13.3630988,52.5111162,2.8390665,-1.8756547,-4.508789,-0.7164583,on bike mount,cyclo cross,True,fine gravel,good
a643a461-c11e-4623-a22c-3b161a652bee,cdf74c4f-375c-404d-82fb-9ba1068611bc,7d727222-6249-44ea-9158-48b34dec2636,1634372932012,13.3630988,52.5111162,2.8390665,-0.4662348,-1.3087198,-7.922382,on bike mount,cyclo cross,True,fine gravel,good
a643a461-c11e-4623-a22c-3b161a652bee,cdf74c4f-375c-404d-82fb-9ba1068611bc,006c2ecd-ecf8-45c2-8676-f74291e06f6e,1634372932062,13.3631223,52.5111053,2.838904,2.5962493,1.7481451,1.7863712,on bike mount,cyclo cross,True,fine gravel,good
a643a461-c11e-4623-a22c-3b161a652bee,cdf74c4f-375c-404d-82fb-9ba1068611bc,30e7be39-9ad1-4995-b461-e255e8fbc856,1634372932113,13.3631223,52.5111053,2.838904,0.8257536,-0.9101913,-0.76523685,on bike mount,cyclo cross,True,fine gravel,good
a643a461-c11e-4623-a22c-3b161a652bee,cdf74c4f-375c-404d-82fb-9ba1068611bc,fad5ec6b-d1fe-4145-925f-447bb4275abd,1634372932956,13.3631223,52.5111053,2.838904,0.8257536,-0.9101913,-0.76523685,on bike mount,cyclo cross,True,fine gravel,good
a643a461-c11e-4623-a22c-3b161a652bee,cdf74c4f-375c-404d-82fb-9ba1068611bc,bdf1e0dc-b32e-42be-8435-d798280ff9c0,1634372933007,13.3631223,52.5111053,2.838904,0.7766837,3.950214,1.3144054,on bike mount,cyclo cross,True,fine gravel,good
a643a461-c11e-4623-a22c-3b161a652bee,cdf74c4f-375c-404d-82fb-9ba1068611bc,a90c6394-c2ad-4d05-bdfe-3a46880d2514,1634372933057,13.3631548,52.5110819,3.518088,-2.2633991,-0.2700907,0.46983433,on bike mount,cyclo cross,True,fine gravel,good
a643a461-c11e-4623-a22c-3b161a652bee,cdf74c4f-375c-404d-82fb-9ba1068611bc,5b3d56c6-9718-463a-9927-dc6927a8e2e8,1634372933957,13.3631548,52.5110819,3.518088,2.0648465,-5.6039124,-2.315443,on bike mount,cyclo cross,True,fine gravel,good
a643a461-c11e-4623-a22c-3b161a652bee,cdf74c4f-375c-404d-82fb-9ba1068611bc,8ba5b53a-ee67-4095-9293-0735dc17f2ef,1634372934008,13.3631548,52.5110819,3.518088,1.1794026,2.197803,-5.064502,on bike mount,cyclo cross,True,fine gravel,good
a643a461-c11e-4623-a22c-3b161a652bee,cdf74c4f-375c-404d-82fb-9ba1068611bc,fe493ca7-9bd5-4c74-8959-69265b205c60,1634372934058,13.3631812,52.5110406,4.286959,1.2507341,-0.58657384,0.09362221,on bike mount,cyclo cross,True,fine gravel,good
a643a461-c11e-4623-a22c-3b161a652bee,cdf74c4f-375c-404d-82fb-9ba1068611bc,3b19b589-224b-4ac1-bfa5-15a3cf3ce756,1634372934407,13.3631812,52.5110406,4.286959,-0.84446526,-0.5464082,3.0022526,on bike mount,cyclo cross,True,fine gravel,good
a643a461-c11e-4623-a22c-3b161a652bee,cdf74c4f-375c-404d-82fb-9ba1068611bc,731266b5-ec3d-4d3d-9a86-fca4c50d9d8e,1634372934457,13.3631812,52.5110406,4.286959,0.7456582,-0.5809295,0.95661736,on bike mount,cyclo cross,True,fine gravel,good
a643a461-c11e-4623-a22c-3b161a652bee,cdf74c4f-375c-404d-82fb-9ba1068611bc,33e55a2d-aadb-40d6-9538-1b25e8d6af60,1634372934507,13.3631812,52.5110406,4.286959,1.6181191,1.222261,-1.7769084,on bike mount,cyclo cross,True,fine gravel,good
a643a461-c11e-4623-a22c-3b161a652bee,cdf74c4f-375c-404d-82fb-9ba1068611bc,787d6a53-19ab-41fe-893d-cc61ab6e4150,1634372934558,13.3631812,52.5110406,4.286959,2.5245328,0.5565107,1.0279303,on bike mount,cyclo cross,True,fine gravel,good
a643a461-c11e-4623-a22c-3b161a652bee,cdf74c4f-375c-404d-82fb-9ba1068611bc,c0c0f20a-f423-4a72-a7e0-92dae7d8fadb,1634372934609,13.3631812,52.5110406,4.286959,2.5245328,0.5565107,1.0279303,on bike mount,cyclo cross,True,fine gravel,good
a643a461-c11e-4623-a22c-3b161a652bee,cdf74c4f-375c-404d-82fb-9ba1068611bc,c8af099d-311b-472b-b213-bd23485568b8,1634372934659,13.3631812,52.5110406,4.286959,0.8779266,1.1358619,2.3270502,on bike mount,cyclo cross,True,fine gravel,good
a643a461-c11e-4623-a22c-3b161a652bee,cdf74c4f-375c-404d-82fb-9ba1068611bc,28ba35be-8254-4579-a9d0-8313e46466db,1634372934708,13.3631812,52.5110406,4.286959,0.12833756,-2.0154648,1.0803642,on bike mount,cyclo cross,True,fine gravel,good
a643a461-c11e-4623-a22c-3b161a652bee,cdf74c4f-375c-404d-82fb-9ba1068611bc,40c2d0d4-2ef7-4eb4-802a-b0a12acc3a70,1634372934758,13.3631812,52.5110406,4.286959,-0.2011478,0.090714455,-0.11001778,on bike mount,cyclo cross,True,fine gravel,good
a643a461-c11e-4623-a22c-3b161a652bee,cdf74c4f-375c-404d-82fb-9ba1068611bc,03df3da3-2ed7-4167-ab87-d22dd178c9b9,1634372934809,13.3631812,52.5110406,4.286959,0.8397944,0.6952224,0.10675621,on bike mount,cyclo cross,True,fine gravel,good
a643a461-c11e-4623-a22c-3b161a652bee,cdf74c4f-375c-404d-82fb-9ba1068611bc,30109ab0-48e3-4809-94c6-06a6f2871673,1634372934886,13.3631812,52.5110406,4.286959,0.84958,0.46035814,-0.9781871,on bike mount,cyclo cross,True,fine gravel,good
a643a461-c11e-4623-a22c-3b161a652bee,cdf74c4f-375c-404d-82fb-9ba1068611bc,601ff995-9b3b-433f-ac76-0b6d010cdbc6,1634372934936,13.3631812,52.5110406,4.286959,0.8778882,-2.9688683,1.146616,on bike mount,cyclo cross,True,fine gravel,good
