bike_activity_uid,bike_activity_sample_uid,bike_activity_measurement,bike_activity_measurement_timestamp,bike_activity_measurement_lon,bike_activity_measurement_lat,bike_activity_measurement_speed,bike_activity_measurement_accelerometer_x,bike_activity_measurement_accelerometer_y,bike_activity_measurement_accelerometer_z,bike_activity_phone_position,bike_activity_bike_type,bike_activity_flagged_lab_conditions,bike_activity_surface_type,bike_activity_smoothness_type
b44d874b-8a72-49d5-b329-e6ad5858dddf,735aa14c-c6d1-45d6-a612-7617ae68de48,934222f2-9471-4b25-9752-e20870c6f6c1,1624969992190,-16.9160083,32.7678859,0.7389865,-0.109963536,0.28066826,-0.006132841,other,other,False,mixed,mixed
b44d874b-8a72-49d5-b329-e6ad5858dddf,735aa14c-c6d1-45d6-a612-7617ae68de48,f25875fb-a086-4cba-843e-098c81e29922,1624969992239,-16.9160083,32.7678859,0.7389865,-1.2136456,-4.6060457,-6.5970483,other,other,False,mixed,mixed
b44d874b-8a72-49d5-b329-e6ad5858dddf,735aa14c-c6d1-45d6-a612-7617ae68de48,e52ac079-17d0-4da4-be8b-016426014102,1624969992291,-16.9159949,32.7678817,1.1874331,2.5476174,-4.7598753,-1.2692287,other,other,False,mixed,mixed
b44d874b-8a72-49d5-b329-e6ad5858dddf,735aa14c-c6d1-45d6-a612-7617ae68de48,8dd53f73-6d89-4efd-aa56-9b9255f01d7d,1624969992638,-16.9159949,32.7678817,1.1874331,2.7121499,-2.2623768,-1.8236605,other,other,False,mixed,mixed
b44d874b-8a72-49d5-b329-e6ad5858dddf,735aa14c-c6d1-45d6-a612-7617ae68de48,df4d4519-a608-4eb9-8786-79caf0672077,1624969992689,-16.9159949,32.7678817,1.1874331,-0.4836645,-2.7329435,1.5453907,other,other,False,mixed,mixed
b44d874b-8a72-49d5-b329-e6ad5858dddf,735aa14c-c6d1-45d6-a612-7617ae68de48,26811b93-a1d1-44ca-92c3-5aa54692f34a,1624969992739,-16.9159949,32.7678817,1.1874331,-13.919373,-11.024446,-11.733448,other,other,False,mixed,mixed
b44d874b-8a72-49d5-b329-e6ad5858dddf,735aa14c-c6d1-45d6-a612-7617ae68de48,ff606fdb-7d00-4dcf-8dff-bca545c3f7ef,1624969993378,-16.9159949,32.7678817,1.1874331,-8.592224,-7.9474964,-0.88945645,other,other,False,mixed,mixed
b44d874b-8a72-49d5-b329-e6ad5858dddf,735aa14c-c6d1-45d6-a612-7617ae68de48,19b64cd0-50e3-47ee-8c05-a3ea5544b84e,1624969993429,-16.9159737,32.7678783,1.4474965,-0.10023379,3.633566,0.6276926,other,other,False,mixed,mixed
b44d874b-8a72-49d5-b329-e6ad5858dddf,735aa14c-c6d1-45d6-a612-7617ae68de48,7eb94be8-cd94-4ab4-85a5-047c3c413158,1624969993478,-16.9159737,32.7678783,1.4474965,0.28276122,3.4179916,0.30547,other,other,False,mixed,mixed
b44d874b-8a72-49d5-b329-e6ad5858dddf,735aa14c-c6d1-45d6-a612-7617ae68de48,850685ac-ebdb-4b48-acbf-e1a6d84f7048,1624969993529,-16.9159737,32.7678783,1.4474965,0.3220504,3.3216088,0.39770365,other,other,False,mixed,mixed
b44d874b-8a72-49d5-b329-e6ad5858dddf,735aa14c-c6d1-45d6-a612-7617ae68de48,f91a6dfb-8543-491b-9f0b-02ea8f86dd34,1624969993580,-16.9159737,32.7678783,1.4474965,0.3220504,3.3216088,0.39770365,other,other,False,mixed,mixed
b44d874b-8a72-49d5-b329-e6ad5858dddf,735aa14c-c6d1-45d6-a612-7617ae68de48,167a2af7-d4a7-42e2-8096-48304edf0033,1624969993629,-16.9159737,32.7678783,1.4474965,0.692212,0.64461327,1.4454684,other,other,False,mixed,mixed
b44d874b-8a72-49d5-b329-e6ad5858dddf,735aa14c-c6d1-45d6-a612-7617ae68de48,6a066826-3dd2-4991-a041-e9c6a6a3a94b,1624969993680,-16.9159737,32.7678783,1.4474965,-0.5545386,-0.35106754,0.62450874,other,other,False,mixed,mixed
b44d874b-8a72-49d5-b329-e6ad5858dddf,735aa14c-c6d1-45d6-a612-7617ae68de48,c34e9a90-f720-4dea-b778-e614cb09d3c9,1624969993730,-16.9159737,32.7678783,1.4474965,-10.707075,-9.059763,-11.352485,other,other,False,mixed,mixed
b44d874b-8a72-49d5-b329-e6ad5858dddf,735aa14c-c6d1-45d6-a612-7617ae68de48,c961515d-1621-443c-8bc1-e3a54a410da7,1624969993780,-16.9159737,32.7678783,1.4474965,-0.29865766,-3.7868118,-1.964735,other,other,False,mixed,mixed
b44d874b-8a72-49d5-b329-e6ad5858dddf,735aa14c-c6d1-45d6-a612-7617ae68de48,95430d24-2974-4f35-8793-3d5960d4dba1,1624969994378,-16.9159737,32.7678783,1.4474965,-0.515659,-5.8158035,-3.121416,other,other,False,mixed,mixed
b44d874b-8a72-49d5-b329-e6ad5858dddf,735aa14c-c6d1-45d6-a612-7617ae68de48,8b7afd4a-b964-4cf6-a58e-6feef78ff544,1624969994428,-16.9159737,32.7678783,1.4474965,-0.05251527,1.4392991,0.14946395,other,other,False,mixed,mixed
b44d874b-8a72-49d5-b329-e6ad5858dddf,735aa14c-c6d1-45d6-a612-7617ae68de48,38a8482e-5be9-48b8-9472-b9d7beaac094,1624969994478,-16.9159516,32.7678759,1.930497,0.78332424,4.96793,-0.08802664,other,other,False,mixed,mixed
b44d874b-8a72-49d5-b329-e6ad5858dddf,735aa14c-c6d1-45d6-a612-7617ae68de48,40af5cab-0ca0-4520-87b6-e062abf9a64f,1624969994528,-16.9159516,32.7678759,1.930497,0.6350236,3.398961,0.3115806,other,other,False,mixed,mixed
b44d874b-8a72-49d5-b329-e6ad5858dddf,735aa14c-c6d1-45d6-a612-7617ae68de48,ad0519c7-4142-4822-9426-659867848a11,1624969994578,-16.9159516,32.7678759,1.930497,1.0898557,3.3618507,0.8061341,other,other,False,mixed,mixed
b44d874b-8a72-49d5-b329-e6ad5858dddf,735aa14c-c6d1-45d6-a612-7617ae68de48,06904556-714b-4f23-9ca5-e38e2d2c7fc0,1624969994629,-16.9159516,32.7678759,1.930497,0.29482442,0.5816822,1.5416467,other,other,False,mixed,mixed
b44d874b-8a72-49d5-b329-e6ad5858dddf,735aa14c-c6d1-45d6-a612-7617ae68de48,cb4f4e24-76bf-4986-9cd5-f608652effef,1624969994679,-16.9159516,32.7678759,1.930497,-0.070159554,0.83102417,2.3751845,other,other,False,mixed,mixed
b44d874b-8a72-49d5-b329-e6ad5858dddf,735aa14c-c6d1-45d6-a612-7617ae68de48,cbfb9440-80c0-44e1-823d-77dcf11d3ef8,1624969994729,-16.9159516,32.7678759,1.930497,-14.4188,-4.612509,-9.192581,other,other,False,mixed,mixed
b44d874b-8a72-49d5-b329-e6ad5858dddf,735aa14c-c6d1-45d6-a612-7617ae68de48,68cbf1ce-c135-4c93-bbf5-2bdcb86f3d85,1624969994778,-16.9159516,32.7678759,1.930497,0.50667834,-7.500681,-2.3508263,other,other,False,mixed,mixed
b44d874b-8a72-49d5-b329-e6ad5858dddf,735aa14c-c6d1-45d6-a612-7617ae68de48,74559cda-6781-4631-9662-550d076df395,1624969994828,-16.9159516,32.7678759,1.930497,1.3246951,-1.5412378,-0.7832689,other,other,False,mixed,mixed
b44d874b-8a72-49d5-b329-e6ad5858dddf,735aa14c-c6d1-45d6-a612-7617ae68de48,3c9d8ea8-bb07-418c-9080-7c106eec49eb,1624969994878,-16.9159516,32.7678759,1.930497,-1.5306885,-0.62847614,-0.907631,other,other,False,mixed,mixed
b44d874b-8a72-49d5-b329-e6ad5858dddf,735aa14c-c6d1-45d6-a612-7617ae68de48,4b778814-6a0c-46db-be06-f6e986a82410,1624969994928,-16.9159516,32.7678759,1.930497,0.24636352,1.7041945,0.24492583,other,other,False,mixed,mixed
b44d874b-8a72-49d5-b329-e6ad5858dddf,735aa14c-c6d1-45d6-a612-7617ae68de48,a78e7379-7bb9-40c3-bbe5-c53d064650c5,1624969994979,-16.9159391,32.7678741,1.7697566,0.51697993,3.342258,-0.14844233,other,other,False,mixed,mixed
b44d874b-8a72-49d5-b329-e6ad5858dddf,735aa14c-c6d1-45d6-a612-7617ae68de48,ec85ab6f-208d-4134-a1f1-543a36a78863,1624969995029,-16.9159391,32.7678741,1.7697566,0.47401577,3.5420113,0.093607366,other,other,False,mixed,mixed
b44d874b-8a72-49d5-b329-e6ad5858dddf,735aa14c-c6d1-45d6-a612-7617ae68de48,4b8102f6-688b-46ab-864d-b382986058a0,1624969995079,-16.9159391,32.7678741,1.7697566,0.6575351,3.5317729,0.56106234,other,other,False,mixed,mixed
b44d874b-8a72-49d5-b329-e6ad5858dddf,735aa14c-c6d1-45d6-a612-7617ae68de48,794fd03f-1220-4042-8de9-8059fa050c43,1624969995130,-16.9159391,32.7678741,1.7697566,0.58070517,2.4676018,0.9562868,other,other,False,mixed,mixed
b44d874b-8a72-49d5-b329-e6ad5858dddf,735aa14c-c6d1-45d6-a612-7617ae68de48,1837525a-7db9-4528-afec-70de6250122b,1624969995182,-16.9159391,32.7678741,1.7697566,-1.5534941,-1.4987164,0.93910515,other,other,False,mixed,mixed
b44d874b-8a72-49d5-b329-e6ad5858dddf,735aa14c-c6d1-45d6-a612-7617ae68de48,1661469b-76fc-4cdd-8f17-7092892af5b9,1624969995233,-16.9159391,32.7678741,1.7697566,-1.7619526,-3.2925873,0.20880535,other,other,False,mixed,mixed
b44d874b-8a72-49d5-b329-e6ad5858dddf,735aa14c-c6d1-45d6-a612-7617ae68de48,3369d666-a359-45af-b495-a2e1af9e5bf5,1624969995344,-16.9159391,32.7678741,1.7697566,-1.7619526,-3.2925873,0.20880535,other,other,False,mixed,mixed
b44d874b-8a72-49d5-b329-e6ad5858dddf,735aa14c-c6d1-45d6-a612-7617ae68de48,43199f18-bc29-41e3-96b2-5afa11a26f8f,1624969995394,-16.9159391,32.7678741,1.7697566,1.0708117,-0.6679735,-0.35708123,other,other,False,mixed,mixed
b44d874b-8a72-49d5-b329-e6ad5858dddf,735aa14c-c6d1-45d6-a612-7617ae68de48,511cdeba-6751-4a66-b22b-bce286b1133f,1624969995446,-16.9159391,32.7678741,1.7697566,0.048479855,2.387611,0.47638705,other,other,False,mixed,mixed
b44d874b-8a72-49d5-b329-e6ad5858dddf,735aa14c-c6d1-45d6-a612-7617ae68de48,18c6c3c7-eb1b-4094-b6f9-8e6e88ea911c,1624969995500,-16.9159289,32.7678732,1.6786852,0.25725293,3.7005281,0.18208966,other,other,False,mixed,mixed
b44d874b-8a72-49d5-b329-e6ad5858dddf,735aa14c-c6d1-45d6-a612-7617ae68de48,cb9529b3-1849-41bd-92ef-b9001a7b045e,1624969995551,-16.9159289,32.7678732,1.6786852,0.6450704,3.800656,0.27168775,other,other,False,mixed,mixed
b44d874b-8a72-49d5-b329-e6ad5858dddf,735aa14c-c6d1-45d6-a612-7617ae68de48,7399d576-3693-4de7-a750-0717adc59daa,1624969995600,-16.9159289,32.7678732,1.6786852,1.2676482,3.095283,0.6087425,other,other,False,mixed,mixed
b44d874b-8a72-49d5-b329-e6ad5858dddf,735aa14c-c6d1-45d6-a612-7617ae68de48,02c1e8b0-4eef-4172-94da-278f8fe4ca17,1624969995652,-16.9159289,32.7678732,1.6786852,1.6474009,2.7589812,1.8918059,other,other,False,mixed,mixed
b44d874b-8a72-49d5-b329-e6ad5858dddf,735aa14c-c6d1-45d6-a612-7617ae68de48,ebb5610e-490a-4e8a-b4c8-162d9de2560b,1624969995702,-16.9159289,32.7678732,1.6786852,-0.35224676,-0.908,0.70654976,other,other,False,mixed,mixed
b44d874b-8a72-49d5-b329-e6ad5858dddf,735aa14c-c6d1-45d6-a612-7617ae68de48,8ba9e8a8-0c9a-4ef0-a30c-4a02bf502955,1624969995752,-16.9159289,32.7678732,1.6786852,-14.763035,-10.173337,-13.927702,other,other,False,mixed,mixed
b44d874b-8a72-49d5-b329-e6ad5858dddf,735aa14c-c6d1-45d6-a612-7617ae68de48,37a36612-7196-49a6-b0ca-16b174d421d1,1624969995802,-16.9159289,32.7678732,1.6786852,-0.69075346,-3.6146479,-0.8776536,other,other,False,mixed,mixed
b44d874b-8a72-49d5-b329-e6ad5858dddf,735aa14c-c6d1-45d6-a612-7617ae68de48,9669f058-a0cd-4777-955e-ea8dc4ae113d,1624969995852,-16.9159289,32.7678732,1.6786852,0.84997976,-0.71345806,-1.092424,other,other,False,mixed,mixed
b44d874b-8a72-49d5-b329-e6ad5858dddf,735aa14c-c6d1-45d6-a612-7617ae68de48,05c29f47-8cb9-46bf-8428-0c0ebf850771,1624969995903,-16.9159289,32.7678732,1.6786852,1.0608445,1.3053179,0.27798763,other,other,False,mixed,mixed
b44d874b-8a72-49d5-b329-e6ad5858dddf,735aa14c-c6d1-45d6-a612-7617ae68de48,3df96994-843d-43ed-abbd-0743736eb74f,1624969995953,-16.9159289,32.7678732,1.6786852,0.7260413,2.7487164,-0.7411773,other,other,False,mixed,mixed
b44d874b-8a72-49d5-b329-e6ad5858dddf,735aa14c-c6d1-45d6-a612-7617ae68de48,cfb5534e-29d2-402b-b6c4-8a053915cd5f,1624969996004,-16.9159289,32.7678732,1.6786852,-0.08989668,3.2277374,-0.13318007,other,other,False,mixed,mixed
b44d874b-8a72-49d5-b329-e6ad5858dddf,735aa14c-c6d1-45d6-a612-7617ae68de48,1a070910-fe9a-44b8-bd88-156142920a0d,1624969996054,-16.9159181,32.767871,2.0396278,0.43914437,3.5436044,0.5021873,other,other,False,mixed,mixed
b44d874b-8a72-49d5-b329-e6ad5858dddf,735aa14c-c6d1-45d6-a612-7617ae68de48,2d29542d-953d-46a5-8fdd-6cc1a4e95803,1624969996104,-16.9159181,32.767871,2.0396278,0.72182727,2.1618996,0.84031004,other,other,False,mixed,mixed
b44d874b-8a72-49d5-b329-e6ad5858dddf,735aa14c-c6d1-45d6-a612-7617ae68de48,8024d361-d14e-4e6f-9126-3529dd43cd3a,1624969996154,-16.9159181,32.767871,2.0396278,0.09848392,-0.35569954,0.57948697,other,other,False,mixed,mixed
b44d874b-8a72-49d5-b329-e6ad5858dddf,735aa14c-c6d1-45d6-a612-7617ae68de48,fd94c361-221a-4e1a-bfe2-9707d7dafee2,1624969996205,-16.9159181,32.767871,2.0396278,0.78520334,-2.277216,0.29838005,other,other,False,mixed,mixed
b44d874b-8a72-49d5-b329-e6ad5858dddf,735aa14c-c6d1-45d6-a612-7617ae68de48,af61687d-b04c-4892-92a3-99ece10f6f44,1624969996255,-16.9159181,32.767871,2.0396278,-3.0377493,-7.2507305,-5.5341797,other,other,False,mixed,mixed
b44d874b-8a72-49d5-b329-e6ad5858dddf,735aa14c-c6d1-45d6-a612-7617ae68de48,890ced8a-3a36-40e5-aa94-72a579590443,1624969996306,-16.9159181,32.767871,2.0396278,0.82840705,-3.3755035,-1.417897,other,other,False,mixed,mixed
b44d874b-8a72-49d5-b329-e6ad5858dddf,735aa14c-c6d1-45d6-a612-7617ae68de48,7d7793eb-d910-4eec-a777-26c25edce7f4,1624969996356,-16.9159181,32.767871,2.0396278,2.3625388,-0.61401653,-0.56908137,other,other,False,mixed,mixed
b44d874b-8a72-49d5-b329-e6ad5858dddf,735aa14c-c6d1-45d6-a612-7617ae68de48,1cceb04f-8777-4a91-95ef-d93ab025f57d,1624969996407,-16.9159181,32.767871,2.0396278,0.36770248,2.0917988,-0.45184374,other,other,False,mixed,mixed
b44d874b-8a72-49d5-b329-e6ad5858dddf,735aa14c-c6d1-45d6-a612-7617ae68de48,85dcf1ef-ece6-40c9-85ed-c6c7aae1b8a2,1624969996457,-16.9159181,32.767871,2.0396278,-0.29442322,3.5618138,-0.137727,other,other,False,mixed,mixed
b44d874b-8a72-49d5-b329-e6ad5858dddf,735aa14c-c6d1-45d6-a612-7617ae68de48,8ff3242a-1167-4c84-826c-eaecd7895f38,1624969996508,-16.9159181,32.767871,2.0396278,0.13282156,3.527028,0.4154784,other,other,False,mixed,mixed
b44d874b-8a72-49d5-b329-e6ad5858dddf,735aa14c-c6d1-45d6-a612-7617ae68de48,ca5bc00e-3511-44d6-849b-b30061ea6d22,1624969996558,-16.9159181,32.767871,2.0396278,0.33967316,4.240565,0.30882752,other,other,False,mixed,mixed
b44d874b-8a72-49d5-b329-e6ad5858dddf,735aa14c-c6d1-45d6-a612-7617ae68de48,af13215c-303b-4797-ba62-73b20793c4bf,1624969996607,-16.9159047,32.7678669,2.2263668,0.50632167,2.3530936,0.88321686,other,other,False,mixed,mixed
b44d874b-8a72-49d5-b329-e6ad5858dddf,735aa14c-c6d1-45d6-a612-7617ae68de48,0d5b96c4-7947-40e4-8219-d2fa7bd7dd9a,1624969996658,-16.9159047,32.7678669,2.2263668,0.45666367,0.75868034,1.9806633,other,other,False,mixed,mixed
b44d874b-8a72-49d5-b329-e6ad5858dddf,735aa14c-c6d1-45d6-a612-7617ae68de48,7adad33c-9b1e-49fb-a897-0c3fba22226a,1624969996708,-16.9159047,32.7678669,2.2263668,0.032664657,-1.8399525,1.1667776,other,other,False,mixed,mixed
b44d874b-8a72-49d5-b329-e6ad5858dddf,735aa14c-c6d1-45d6-a612-7617ae68de48,fc6b1df0-4b60-4dcf-ad74-ac870f84b2c7,1624969996759,-16.9159047,32.7678669,2.2263668,-5.273922,-9.485163,-12.830468,other,other,False,mixed,mixed
b44d874b-8a72-49d5-b329-e6ad5858dddf,735aa14c-c6d1-45d6-a612-7617ae68de48,65648da5-c179-4365-8eb4-a0347b5c3594,1624969996810,-16.9159047,32.7678669,2.2263668,-0.683234,-4.460558,-1.938674,other,other,False,mixed,mixed
b44d874b-8a72-49d5-b329-e6ad5858dddf,735aa14c-c6d1-45d6-a612-7617ae68de48,1e7c3b23-b78d-4130-9f93-bbf984c480d3,1624969996859,-16.9159047,32.7678669,2.2263668,1.6464252,-0.7013302,1.0674874,other,other,False,mixed,mixed
b44d874b-8a72-49d5-b329-e6ad5858dddf,735aa14c-c6d1-45d6-a612-7617ae68de48,9463298d-275d-4770-8166-298b61d11147,1624969996912,-16.9159047,32.7678669,2.2263668,-0.5190172,1.06217,-0.29038832,other,other,False,mixed,mixed
b44d874b-8a72-49d5-b329-e6ad5858dddf,735aa14c-c6d1-45d6-a612-7617ae68de48,5f7a255e-0382-4732-8e95-9deb312a209c,1624969996961,-16.9159047,32.7678669,2.2263668,-1.0220089,2.877253,-0.050646856,other,other,False,mixed,mixed
b44d874b-8a72-49d5-b329-e6ad5858dddf,735aa14c-c6d1-45d6-a612-7617ae68de48,b0c0dcb3-627a-4315-a9df-82177657a7f7,1624969997012,-16.9159047,32.7678669,2.2263668,-0.06822932,3.8434067,0.38123313,other,other,False,mixed,mixed
b44d874b-8a72-49d5-b329-e6ad5858dddf,735aa14c-c6d1-45d6-a612-7617ae68de48,070f4e08-2e27-410a-abdc-1b557c04f5d5,1624969997062,-16.9159047,32.7678669,2.2263668,0.26857525,3.8311727,0.7219479,other,other,False,mixed,mixed
b44d874b-8a72-49d5-b329-e6ad5858dddf,735aa14c-c6d1-45d6-a612-7617ae68de48,78d67f03-941a-4b5f-9b16-676a4e9b675a,1624969997112,-16.9159047,32.7678669,2.2263668,-0.14978921,2.8259792,0.94527113,other,other,False,mixed,mixed
b44d874b-8a72-49d5-b329-e6ad5858dddf,735aa14c-c6d1-45d6-a612-7617ae68de48,b5b87045-a64e-4adc-9dd6-b94f0155b85b,1624969997162,-16.9159047,32.7678669,2.2263668,-0.050107002,0.28050613,1.021899,other,other,False,mixed,mixed
b44d874b-8a72-49d5-b329-e6ad5858dddf,735aa14c-c6d1-45d6-a612-7617ae68de48,e1a9fa2c-2181-4018-979c-aee2080d9ce2,1624969997213,-16.9159047,32.7678669,2.2263668,-0.46580684,-3.5815783,0.82241994,other,other,False,mixed,mixed
b44d874b-8a72-49d5-b329-e6ad5858dddf,735aa14c-c6d1-45d6-a612-7617ae68de48,c98372f8-c677-4a04-ab5b-a1b6215c8459,1624969997262,-16.9159047,32.7678669,2.2263668,-2.8196356,-7.695427,-9.263932,other,other,False,mixed,mixed
b44d874b-8a72-49d5-b329-e6ad5858dddf,735aa14c-c6d1-45d6-a612-7617ae68de48,6bbc6f88-dd93-4ce1-bc15-b9545bb04bd6,1624969997312,-16.9159047,32.7678669,2.2263668,1.5182867,-4.6761236,-1.6553268,other,other,False,mixed,mixed
b44d874b-8a72-49d5-b329-e6ad5858dddf,735aa14c-c6d1-45d6-a612-7617ae68de48,b4ec069a-3751-4739-a937-2dbd0a1b0671,1624969997362,-16.9159047,32.7678669,2.2263668,1.967468,-1.0104342,-0.91407216,other,other,False,mixed,mixed
b44d874b-8a72-49d5-b329-e6ad5858dddf,735aa14c-c6d1-45d6-a612-7617ae68de48,fdbc564e-05c6-487c-91c2-128acc2fe071,1624969997413,-16.9159047,32.7678669,2.2263668,0.5005564,1.3902311,-0.59518695,other,other,False,mixed,mixed
b44d874b-8a72-49d5-b329-e6ad5858dddf,735aa14c-c6d1-45d6-a612-7617ae68de48,52811911-a8bc-4729-b6b3-5e1e639c5112,1624969997462,-16.9159047,32.7678669,2.2263668,-0.7410072,3.9873152,0.6688886,other,other,False,mixed,mixed
b44d874b-8a72-49d5-b329-e6ad5858dddf,735aa14c-c6d1-45d6-a612-7617ae68de48,d713ec91-7c8c-4525-8a9c-6ed46431291a,1624969997512,-16.9159047,32.7678669,2.2263668,-0.050166488,5.364046,0.7545747,other,other,False,mixed,mixed
b44d874b-8a72-49d5-b329-e6ad5858dddf,735aa14c-c6d1-45d6-a612-7617ae68de48,059e50b9-d4c6-4acf-8c0a-6e52d96edfcf,1624969997563,-16.9158827,32.7678586,2.15506,0.09661615,5.3782873,1.0530713,other,other,False,mixed,mixed
b44d874b-8a72-49d5-b329-e6ad5858dddf,735aa14c-c6d1-45d6-a612-7617ae68de48,ca3390b2-19b5-4ba9-9c78-1365a1f56cae,1624969997614,-16.9158827,32.7678586,2.15506,0.24148327,2.8842192,0.8657689,other,other,False,mixed,mixed
b44d874b-8a72-49d5-b329-e6ad5858dddf,735aa14c-c6d1-45d6-a612-7617ae68de48,f7ccb50d-da95-4179-8384-e42d3881b67c,1624969997664,-16.9158827,32.7678586,2.15506,0.2082007,0.59344864,0.20748514,other,other,False,mixed,mixed
b44d874b-8a72-49d5-b329-e6ad5858dddf,735aa14c-c6d1-45d6-a612-7617ae68de48,66c64659-6e7c-4a75-b5c5-55de784964dd,1624969997714,-16.9158827,32.7678586,2.15506,0.8942303,-1.2451277,1.5622776,other,other,False,mixed,mixed
b44d874b-8a72-49d5-b329-e6ad5858dddf,735aa14c-c6d1-45d6-a612-7617ae68de48,da4e16af-88e1-4f51-b1a1-e16652f345ad,1624969997764,-16.9158827,32.7678586,2.15506,-20.26186,-5.591593,-8.000164,other,other,False,mixed,mixed
b44d874b-8a72-49d5-b329-e6ad5858dddf,735aa14c-c6d1-45d6-a612-7617ae68de48,ccb94763-f5c6-4296-96f4-3f981f7d883a,1624969997816,-16.9158827,32.7678586,2.15506,-0.50788677,-6.0280657,-2.7226348,other,other,False,mixed,mixed
b44d874b-8a72-49d5-b329-e6ad5858dddf,735aa14c-c6d1-45d6-a612-7617ae68de48,ef7d4420-8940-4f72-b318-34858b845d21,1624969997867,-16.9158827,32.7678586,2.15506,4.242909,-2.1166573,-0.22148749,other,other,False,mixed,mixed
b44d874b-8a72-49d5-b329-e6ad5858dddf,735aa14c-c6d1-45d6-a612-7617ae68de48,61204461-3ad0-4ec3-ab4c-15528310e803,1624969997916,-16.9158827,32.7678586,2.15506,-0.08027983,0.4209032,-0.5393106,other,other,False,mixed,mixed
b44d874b-8a72-49d5-b329-e6ad5858dddf,735aa14c-c6d1-45d6-a612-7617ae68de48,a48fd99b-a31c-4cae-a44c-43dfd87a0944,1624969997967,-16.9158827,32.7678586,2.15506,-0.27990317,1.829318,-0.15708353,other,other,False,mixed,mixed
b44d874b-8a72-49d5-b329-e6ad5858dddf,735aa14c-c6d1-45d6-a612-7617ae68de48,bc99de27-5172-43e3-b61c-e2db817cdee3,1624969998017,-16.9158827,32.7678586,2.15506,-0.24581623,4.150471,0.13520014,other,other,False,mixed,mixed
b44d874b-8a72-49d5-b329-e6ad5858dddf,735aa14c-c6d1-45d6-a612-7617ae68de48,b7b473a5-db4b-4890-9723-a9b0cf5c045d,1624969998066,-16.9158827,32.7678586,2.15506,0.55902183,4.45582,0.4522484,other,other,False,mixed,mixed
b44d874b-8a72-49d5-b329-e6ad5858dddf,735aa14c-c6d1-45d6-a612-7617ae68de48,2995471e-1213-4c68-90c0-6b49d14366a4,1624969998116,-16.9158827,32.7678586,2.15506,0.257253,2.704484,0.2778198,other,other,False,mixed,mixed
b44d874b-8a72-49d5-b329-e6ad5858dddf,735aa14c-c6d1-45d6-a612-7617ae68de48,ab95a9c0-4980-4fb0-a9db-a835a3023d0e,1624969998167,-16.9158827,32.7678586,2.15506,0.21066922,1.0544662,0.8537608,other,other,False,mixed,mixed
b44d874b-8a72-49d5-b329-e6ad5858dddf,735aa14c-c6d1-45d6-a612-7617ae68de48,7c6ec8a4-d867-4a68-ae5f-22d16dd805d3,1624969998218,-16.9158827,32.7678586,2.15506,0.9044459,0.8580923,0.64193237,other,other,False,mixed,mixed
b44d874b-8a72-49d5-b329-e6ad5858dddf,735aa14c-c6d1-45d6-a612-7617ae68de48,45f47317-04e4-41ad-a6dc-da1497190aa1,1624969998269,-16.9158827,32.7678586,2.15506,-1.564358,-3.1384926,-0.2909834,other,other,False,mixed,mixed
b44d874b-8a72-49d5-b329-e6ad5858dddf,735aa14c-c6d1-45d6-a612-7617ae68de48,06f51012-cabc-472c-b757-829fc7c8d8f5,1624969998320,-16.9158827,32.7678586,2.15506,-2.7369137,-8.197716,-8.682837,other,other,False,mixed,mixed
b44d874b-8a72-49d5-b329-e6ad5858dddf,735aa14c-c6d1-45d6-a612-7617ae68de48,c8703e8f-c0a8-4551-8397-574c9b9cb088,1624969998369,-16.9158827,32.7678586,2.15506,2.9445822,-1.9364853,-1.7998942,other,other,False,mixed,mixed
b44d874b-8a72-49d5-b329-e6ad5858dddf,735aa14c-c6d1-45d6-a612-7617ae68de48,d13fded5-804c-4c29-927e-6698b6a445b1,1624969998419,-16.9158827,32.7678586,2.15506,0.9791584,-0.6126051,-0.06501734,other,other,False,mixed,mixed
b44d874b-8a72-49d5-b329-e6ad5858dddf,735aa14c-c6d1-45d6-a612-7617ae68de48,dab87952-1a9c-40fe-8a8c-f44434b0a1ab,1624969998468,-16.9158827,32.7678586,2.15506,-0.40039206,1.0323372,-0.13970673,other,other,False,mixed,mixed
b44d874b-8a72-49d5-b329-e6ad5858dddf,735aa14c-c6d1-45d6-a612-7617ae68de48,749c097c-467f-4083-81c6-a05876a06e89,1624969998519,-16.9158585,32.7678477,2.0331388,0.2732097,2.6715322,0.38006675,other,other,False,mixed,mixed
b44d874b-8a72-49d5-b329-e6ad5858dddf,735aa14c-c6d1-45d6-a612-7617ae68de48,6e8c3cae-fdaa-47b9-af16-dd426a5916fd,1624969998571,-16.9158585,32.7678477,2.0331388,0.16235691,2.5666695,0.28342825,other,other,False,mixed,mixed
b44d874b-8a72-49d5-b329-e6ad5858dddf,735aa14c-c6d1-45d6-a612-7617ae68de48,048205d6-b977-4e25-95f1-fdb978a84107,1624969998620,-16.9158585,32.7678477,2.0331388,0.7398111,4.237353,0.14301929,other,other,False,mixed,mixed
b44d874b-8a72-49d5-b329-e6ad5858dddf,735aa14c-c6d1-45d6-a612-7617ae68de48,2faff6ac-8918-4961-97d7-1921910bf2d4,1624969998671,-16.9158585,32.7678477,2.0331388,1.1838164,2.706894,0.5504127,other,other,False,mixed,mixed
b44d874b-8a72-49d5-b329-e6ad5858dddf,735aa14c-c6d1-45d6-a612-7617ae68de48,23a4b7c4-a2a9-490c-857d-c36ef644edbd,1624969998722,-16.9158585,32.7678477,2.0331388,0.452856,0.49302673,0.6087332,other,other,False,mixed,mixed
b44d874b-8a72-49d5-b329-e6ad5858dddf,735aa14c-c6d1-45d6-a612-7617ae68de48,076c1a56-4503-4f91-8b44-34e0a9cb281a,1624969998772,-16.9158585,32.7678477,2.0331388,-0.7700509,-6.4409,-0.10755938,other,other,False,mixed,mixed
b44d874b-8a72-49d5-b329-e6ad5858dddf,735aa14c-c6d1-45d6-a612-7617ae68de48,c006c967-f8f2-40fe-815a-544b40c414a5,1624969998822,-16.9158585,32.7678477,2.0331388,-10.426979,-6.9149275,-5.921033,other,other,False,mixed,mixed
b44d874b-8a72-49d5-b329-e6ad5858dddf,735aa14c-c6d1-45d6-a612-7617ae68de48,341c5e00-82a8-404f-a143-eab664be6703,1624969998872,-16.9158585,32.7678477,2.0331388,-1.5547081,-1.5050678,0.036857903,other,other,False,mixed,mixed
b44d874b-8a72-49d5-b329-e6ad5858dddf,735aa14c-c6d1-45d6-a612-7617ae68de48,fa2f2d13-fa25-47e9-8dac-aca5adc68cd9,1624969998922,-16.9158585,32.7678477,2.0331388,-0.3173201,0.2269144,0.44900107,other,other,False,mixed,mixed
b44d874b-8a72-49d5-b329-e6ad5858dddf,735aa14c-c6d1-45d6-a612-7617ae68de48,8002b68c-c1b3-4cb8-8e0c-c0d6ea66f2a6,1624969998973,-16.9158585,32.7678477,2.0331388,0.5836692,1.608244,-0.07668072,other,other,False,mixed,mixed
b44d874b-8a72-49d5-b329-e6ad5858dddf,735aa14c-c6d1-45d6-a612-7617ae68de48,bdd198ca-ff7a-47b3-b495-9ec86cbced88,1624969999022,-16.9158585,32.7678477,2.0331388,1.5904692,2.934784,-0.43122828,other,other,False,mixed,mixed
b44d874b-8a72-49d5-b329-e6ad5858dddf,735aa14c-c6d1-45d6-a612-7617ae68de48,bd40b789-bcea-44ea-a6e5-aaf436188c6b,1624969999073,-16.9158585,32.7678477,2.0331388,1.2179743,2.5618367,-0.12475264,other,other,False,mixed,mixed
b44d874b-8a72-49d5-b329-e6ad5858dddf,735aa14c-c6d1-45d6-a612-7617ae68de48,fcebc0a2-bf6b-424f-bf48-fda340bbe42f,1624969999385,-16.9158585,32.7678477,2.0331388,1.2179743,2.5618367,-0.12475264,other,other,False,mixed,mixed
b44d874b-8a72-49d5-b329-e6ad5858dddf,735aa14c-c6d1-45d6-a612-7617ae68de48,01a32247-7fec-4a2a-8bc4-f81ea1adc9e8,1624969999435,-16.9158466,32.7678425,1.945806,2.1712384,-0.39280128,-0.4239937,other,other,False,mixed,mixed
b44d874b-8a72-49d5-b329-e6ad5858dddf,735aa14c-c6d1-45d6-a612-7617ae68de48,db898f72-722f-491a-a38e-5aaf5917f384,1624969999486,-16.9158466,32.7678425,1.945806,0.37612048,1.3310828,-0.33362824,other,other,False,mixed,mixed
b44d874b-8a72-49d5-b329-e6ad5858dddf,735aa14c-c6d1-45d6-a612-7617ae68de48,54f3f05e-1cd6-4ab5-b4a8-dcda1350becb,1624969999537,-16.9158466,32.7678425,1.945806,-0.1922481,2.4784684,0.1687851,other,other,False,mixed,mixed
b44d874b-8a72-49d5-b329-e6ad5858dddf,735aa14c-c6d1-45d6-a612-7617ae68de48,7eb1333a-c723-4e4d-9c77-d33f0f2dbc40,1624969999587,-16.9158466,32.7678425,1.945806,-0.1922481,2.4784684,0.1687851,other,other,False,mixed,mixed
b44d874b-8a72-49d5-b329-e6ad5858dddf,735aa14c-c6d1-45d6-a612-7617ae68de48,5fdc90c4-1d5b-45c1-bca7-1299871b29fa,1624969999637,-16.9158466,32.7678425,1.945806,0.64148766,4.644743,0.6813047,other,other,False,mixed,mixed
b44d874b-8a72-49d5-b329-e6ad5858dddf,735aa14c-c6d1-45d6-a612-7617ae68de48,8c7aebe8-4680-45f5-90a1-e392ba49cd10,1624969999688,-16.9158466,32.7678425,1.945806,0.90335965,2.776452,1.359741,other,other,False,mixed,mixed
b44d874b-8a72-49d5-b329-e6ad5858dddf,735aa14c-c6d1-45d6-a612-7617ae68de48,4b72319b-ec8a-467e-9ebb-90ffc8303f4e,1624969999738,-16.9158466,32.7678425,1.945806,-0.11097109,1.4165912,0.8148519,other,other,False,mixed,mixed
b44d874b-8a72-49d5-b329-e6ad5858dddf,735aa14c-c6d1-45d6-a612-7617ae68de48,f6933796-c42d-4b51-8c0b-0488de8ab8ed,1624969999789,-16.9158466,32.7678425,1.945806,-2.3281744,-6.4101324,0.80498827,other,other,False,mixed,mixed
b44d874b-8a72-49d5-b329-e6ad5858dddf,735aa14c-c6d1-45d6-a612-7617ae68de48,50428ace-6b44-45d5-8e4f-020efafa3315,1624970000631,-16.9158466,32.7678425,1.945806,-3.8243484,-7.0332966,-0.3504496,other,other,False,mixed,mixed
b44d874b-8a72-49d5-b329-e6ad5858dddf,735aa14c-c6d1-45d6-a612-7617ae68de48,3689f484-e42b-4a15-aee6-d1292903a8bf,1624970000681,-16.9158138,32.7678391,1.8399496,-0.39767972,0.30518436,-0.084429175,other,other,False,mixed,mixed
b44d874b-8a72-49d5-b329-e6ad5858dddf,735aa14c-c6d1-45d6-a612-7617ae68de48,88975522-87d4-47bd-932a-6a35bad239f1,1624970000731,-16.9158138,32.7678391,1.8399496,-0.7918303,2.2817082,0.9205942,other,other,False,mixed,mixed
b44d874b-8a72-49d5-b329-e6ad5858dddf,735aa14c-c6d1-45d6-a612-7617ae68de48,bdec7c8f-efbc-4ea5-800a-4e8253f51eda,1624970000781,-16.9158138,32.7678391,1.8399496,-0.6907803,1.2343163,1.077246,other,other,False,mixed,mixed
b44d874b-8a72-49d5-b329-e6ad5858dddf,735aa14c-c6d1-45d6-a612-7617ae68de48,2fa726ce-0bd2-4f05-a05c-865a20e7ca85,1624970000956,-16.9158138,32.7678391,1.8399496,-0.6907803,1.2343163,1.077246,other,other,False,mixed,mixed
b44d874b-8a72-49d5-b329-e6ad5858dddf,735aa14c-c6d1-45d6-a612-7617ae68de48,4e476932-df37-43fa-9552-0fc78f7a351e,1624970001007,-16.9158138,32.7678391,1.8399496,-1.1278383,1.5058002,0.7134415,other,other,False,mixed,mixed
b44d874b-8a72-49d5-b329-e6ad5858dddf,735aa14c-c6d1-45d6-a612-7617ae68de48,6c845dbf-818a-4126-809e-4b97b7a14831,1624970001057,-16.9158138,32.7678391,1.8399496,-0.56609,3.58629,0.8466917,other,other,False,mixed,mixed
b44d874b-8a72-49d5-b329-e6ad5858dddf,735aa14c-c6d1-45d6-a612-7617ae68de48,7fec092f-305a-484a-b848-5a329b140cf8,1624970001568,-16.9158138,32.7678391,1.8399496,-0.4060402,3.1804032,0.8183228,other,other,False,mixed,mixed
b44d874b-8a72-49d5-b329-e6ad5858dddf,735aa14c-c6d1-45d6-a612-7617ae68de48,1f1e95fa-e521-4c9a-b4c2-a8e29493ae9c,1624970001617,-16.9157899,32.7678483,1.8932732,0.95849663,3.3763332,0.96778655,other,other,False,mixed,mixed
b44d874b-8a72-49d5-b329-e6ad5858dddf,735aa14c-c6d1-45d6-a612-7617ae68de48,b4351ccd-cca2-47dd-97f9-a1ef381d61ba,1624970001667,-16.9157899,32.7678483,1.8932732,0.8607019,1.7519283,0.04395753,other,other,False,mixed,mixed
b44d874b-8a72-49d5-b329-e6ad5858dddf,735aa14c-c6d1-45d6-a612-7617ae68de48,b0eef5e2-046a-40d9-b9cc-4f1728110ea9,1624970001718,-16.9157899,32.7678483,1.8932732,0.54481685,0.9883175,-0.28203,other,other,False,mixed,mixed
b44d874b-8a72-49d5-b329-e6ad5858dddf,735aa14c-c6d1-45d6-a612-7617ae68de48,3c086486-6d85-485c-9ba2-2bc4c1c9fdd1,1624970002570,-16.9157899,32.7678483,1.8932732,0.54481685,0.9883175,-0.28203,other,other,False,mixed,mixed
b44d874b-8a72-49d5-b329-e6ad5858dddf,735aa14c-c6d1-45d6-a612-7617ae68de48,827d1402-851d-4551-a131-5aa32036cb4c,1624970002621,-16.9157746,32.7678589,1.7668746,0.30326763,0.44617462,0.0060765445,other,other,False,mixed,mixed
b44d874b-8a72-49d5-b329-e6ad5858dddf,735aa14c-c6d1-45d6-a612-7617ae68de48,dcaa7731-76ad-459a-8859-c583e91a9440,1624970002670,-16.9157746,32.7678589,1.7668746,1.8030957,3.270523,0.7334497,other,other,False,mixed,mixed
b44d874b-8a72-49d5-b329-e6ad5858dddf,735aa14c-c6d1-45d6-a612-7617ae68de48,0702c04e-3f22-4c45-b6f7-8b64e250c471,1624970002720,-16.9157746,32.7678589,1.7668746,1.1912581,3.0691981,0.6753192,other,other,False,mixed,mixed
b44d874b-8a72-49d5-b329-e6ad5858dddf,735aa14c-c6d1-45d6-a612-7617ae68de48,9e60617a-d154-4068-bfe2-03d9ff2dd237,1624970003567,-16.9157746,32.7678589,1.7668746,1.1912581,3.0691981,0.6753192,other,other,False,mixed,mixed
b44d874b-8a72-49d5-b329-e6ad5858dddf,735aa14c-c6d1-45d6-a612-7617ae68de48,881c41d2-53d6-4904-a139-63dc86e0a7d1,1624970003618,-16.9157697,32.7678716,1.5278254,0.3099079,0.96791315,0.112487644,other,other,False,mixed,mixed
b44d874b-8a72-49d5-b329-e6ad5858dddf,735aa14c-c6d1-45d6-a612-7617ae68de48,d563a1c8-a3cf-45df-a34e-cb8b546b1cbb,1624970003669,-16.9157697,32.7678716,1.5278254,1.2864182,4.2269745,0.5780207,other,other,False,mixed,mixed
b44d874b-8a72-49d5-b329-e6ad5858dddf,735aa14c-c6d1-45d6-a612-7617ae68de48,fdcebb5e-7802-4ab8-a09f-56560c6a5a26,1624970003719,-16.9157697,32.7678716,1.5278254,1.1070802,3.5120673,0.8051368,other,other,False,mixed,mixed
b44d874b-8a72-49d5-b329-e6ad5858dddf,735aa14c-c6d1-45d6-a612-7617ae68de48,955234c1-2398-4e46-b0fb-d30785422b2c,1624970004567,-16.9157697,32.7678716,1.5278254,1.1070802,3.5120673,0.8051368,other,other,False,mixed,mixed
b44d874b-8a72-49d5-b329-e6ad5858dddf,735aa14c-c6d1-45d6-a612-7617ae68de48,3c773282-ad52-4739-9322-1fa0c67e411a,1624970004621,-16.9157645,32.767885,1.4172441,0.045965314,0.54356885,0.1986877,other,other,False,mixed,mixed
b44d874b-8a72-49d5-b329-e6ad5858dddf,735aa14c-c6d1-45d6-a612-7617ae68de48,64bf452e-a3bc-43a6-b6ce-04bc57c03a09,1624970004668,-16.9157645,32.767885,1.4172441,1.2133541,4.4933047,0.31533915,other,other,False,mixed,mixed
b44d874b-8a72-49d5-b329-e6ad5858dddf,735aa14c-c6d1-45d6-a612-7617ae68de48,a2d3248c-da4b-4cf4-a9aa-ed1a47ba5b12,1624970005572,-16.9157645,32.767885,1.4172441,1.3921272,3.8262095,0.17722578,other,other,False,mixed,mixed
b44d874b-8a72-49d5-b329-e6ad5858dddf,735aa14c-c6d1-45d6-a612-7617ae68de48,10bb68b8-d6e9-427c-866d-2f1cec1a53b5,1624970005624,-16.9157562,32.7678977,1.4057474,0.3434469,1.3003368,0.049121603,other,other,False,mixed,mixed
b44d874b-8a72-49d5-b329-e6ad5858dddf,735aa14c-c6d1-45d6-a612-7617ae68de48,face7f25-09a0-47d7-b01a-3141f8fecea4,1624970005674,-16.9157562,32.7678977,1.4057474,0.7275832,3.038424,0.31785244,other,other,False,mixed,mixed
b44d874b-8a72-49d5-b329-e6ad5858dddf,735aa14c-c6d1-45d6-a612-7617ae68de48,a742f909-6a47-4324-a93d-4c539bc6ecbf,1624970005725,-16.9157562,32.7678977,1.4057474,1.276972,5.200159,0.6865869,other,other,False,mixed,mixed
b44d874b-8a72-49d5-b329-e6ad5858dddf,735aa14c-c6d1-45d6-a612-7617ae68de48,057a23de-6478-4aa5-b546-ab2c34bfbab8,1624970006566,-16.9157562,32.7678977,1.4057474,1.276972,5.200159,0.6865869,other,other,False,mixed,mixed
b44d874b-8a72-49d5-b329-e6ad5858dddf,735aa14c-c6d1-45d6-a612-7617ae68de48,05a36ab1-a7e7-43c3-95c0-22516c950f93,1624970006616,-16.9157562,32.7678977,1.4057474,-0.17759454,0.10883331,-0.006063491,other,other,False,mixed,mixed
b44d874b-8a72-49d5-b329-e6ad5858dddf,735aa14c-c6d1-45d6-a612-7617ae68de48,55176835-3b8e-44d7-9076-d3fe64834496,1624970006666,-16.9157482,32.7679051,1.3615324,0.7584052,2.0061965,0.9484476,other,other,False,mixed,mixed
b44d874b-8a72-49d5-b329-e6ad5858dddf,735aa14c-c6d1-45d6-a612-7617ae68de48,0bfa6d92-99b6-4843-a33f-7e8289f017dc,1624970006717,-16.9157482,32.7679051,1.3615324,-0.2790661,1.7590013,0.17315832,other,other,False,mixed,mixed
b44d874b-8a72-49d5-b329-e6ad5858dddf,735aa14c-c6d1-45d6-a612-7617ae68de48,7685789c-4535-4764-8b98-6afe51c61d15,1624970007567,-16.9157482,32.7679051,1.3615324,-0.2790661,1.7590013,0.17315832,other,other,False,mixed,mixed
b44d874b-8a72-49d5-b329-e6ad5858dddf,735aa14c-c6d1-45d6-a612-7617ae68de48,5b35bb2b-0487-47ca-b8d1-ce7c5fde3459,1624970007617,-16.9157372,32.7679081,1.3682674,1.4388396,0.16559887,-0.16834784,other,other,False,mixed,mixed
b44d874b-8a72-49d5-b329-e6ad5858dddf,735aa14c-c6d1-45d6-a612-7617ae68de48,876a5e9c-9f62-492e-964f-c5937d5a1f3f,1624970007668,-16.9157372,32.7679081,1.3682674,1.2924522,-1.2830582,-1.7764575,other,other,False,mixed,mixed
b44d874b-8a72-49d5-b329-e6ad5858dddf,735aa14c-c6d1-45d6-a612-7617ae68de48,31347bff-a6d1-4fc3-8197-ab34a07ffeac,1624970007717,-16.9157372,32.7679081,1.3682674,0.28167075,-1.0416803,-1.3317227,other,other,False,mixed,mixed
b44d874b-8a72-49d5-b329-e6ad5858dddf,735aa14c-c6d1-45d6-a612-7617ae68de48,da8fe46b-5252-4194-9868-e9299baf6dc8,1624970008567,-16.9157372,32.7679081,1.3682674,0.28167075,-1.0416803,-1.3317227,other,other,False,mixed,mixed
b44d874b-8a72-49d5-b329-e6ad5858dddf,735aa14c-c6d1-45d6-a612-7617ae68de48,36be2ec4-da54-47ee-8e80-b764c6d908c2,1624970008619,-16.9157372,32.7679081,1.3682674,0.10293794,-0.10565138,-0.11256361,other,other,False,mixed,mixed
b44d874b-8a72-49d5-b329-e6ad5858dddf,735aa14c-c6d1-45d6-a612-7617ae68de48,5cf0af78-0f1e-4b91-92b7-2cb8c31c6481,1624970008667,-16.9157249,32.7679118,1.3678812,0.20454073,-1.3546247,-2.45887,other,other,False,mixed,mixed
b44d874b-8a72-49d5-b329-e6ad5858dddf,735aa14c-c6d1-45d6-a612-7617ae68de48,b7a185e8-b81d-41bf-9068-a73a0854c195,1624970008718,-16.9157249,32.7679118,1.3678812,0.8560812,-0.9850378,-1.1553059,other,other,False,mixed,mixed
b44d874b-8a72-49d5-b329-e6ad5858dddf,735aa14c-c6d1-45d6-a612-7617ae68de48,fff30d29-7e10-4cc1-8e15-fe91bb5f83a0,1624970009571,-16.9157249,32.7679118,1.3678812,0.8560812,-0.9850378,-1.1553059,other,other,False,mixed,mixed
b44d874b-8a72-49d5-b329-e6ad5858dddf,735aa14c-c6d1-45d6-a612-7617ae68de48,3d7ad43e-fde8-4a60-8878-b74af447eecc,1624970009622,-16.9157249,32.7679118,1.3678812,-0.57023335,0.5148592,1.07372,other,other,False,mixed,mixed
b44d874b-8a72-49d5-b329-e6ad5858dddf,735aa14c-c6d1-45d6-a612-7617ae68de48,499911e0-a311-4af4-9770-2c65eb0f8644,1624970009672,-16.9157159,32.7679136,1.2885023,-1.4703803,-0.52254486,0.98174036,other,other,False,mixed,mixed
b44d874b-8a72-49d5-b329-e6ad5858dddf,735aa14c-c6d1-45d6-a612-7617ae68de48,36ef392f-3b42-40c9-b254-253ecbb02e5b,1624970010572,-16.9157159,32.7679136,1.2885023,-1.5084863,-0.57252693,0.6921363,other,other,False,mixed,mixed
b44d874b-8a72-49d5-b329-e6ad5858dddf,735aa14c-c6d1-45d6-a612-7617ae68de48,895f727f-e422-4d80-befe-4201df8b8332,1624970010623,-16.9157251,32.7679046,1.140689,-0.018786728,0.14518929,-0.008954167,other,other,False,mixed,mixed
b44d874b-8a72-49d5-b329-e6ad5858dddf,735aa14c-c6d1-45d6-a612-7617ae68de48,2af6faa1-74be-483d-8b56-8234912f72d5,1624970010674,-16.9157251,32.7679046,1.140689,0.23849869,0.60412025,0.14309037,other,other,False,mixed,mixed
b44d874b-8a72-49d5-b329-e6ad5858dddf,735aa14c-c6d1-45d6-a612-7617ae68de48,0ffe25c5-8dfd-4550-8bb4-ca94c9fbc2e3,1624970010724,-16.9157251,32.7679046,1.140689,0.2112006,0.30145264,0.0028256178,other,other,False,mixed,mixed
b44d874b-8a72-49d5-b329-e6ad5858dddf,735aa14c-c6d1-45d6-a612-7617ae68de48,7b957ad9-ee85-42f8-9c92-c4dc96b15707,1624970011569,-16.9157251,32.7679046,1.140689,0.2112006,0.30145264,0.0028256178,other,other,False,mixed,mixed
b44d874b-8a72-49d5-b329-e6ad5858dddf,735aa14c-c6d1-45d6-a612-7617ae68de48,7d027c12-edb5-4af1-b043-1446208fef5c,1624970011619,-16.9157245,32.7679041,1.0489509,0.10320735,0.09029579,0.26925862,other,other,False,mixed,mixed
b44d874b-8a72-49d5-b329-e6ad5858dddf,735aa14c-c6d1-45d6-a612-7617ae68de48,f3db0a6b-deeb-4f2a-bfb1-057cea655c95,1624970011669,-16.9157245,32.7679041,1.0489509,0.45711195,0.39245224,1.6004684,other,other,False,mixed,mixed
b44d874b-8a72-49d5-b329-e6ad5858dddf,735aa14c-c6d1-45d6-a612-7617ae68de48,840fd9db-3637-4d1d-9a11-87164d70e05b,1624970012569,-16.9157245,32.7679041,1.0489509,0.38547254,0.31841183,1.24589,other,other,False,mixed,mixed
b44d874b-8a72-49d5-b329-e6ad5858dddf,735aa14c-c6d1-45d6-a612-7617ae68de48,ac244bbc-0343-48a0-acd1-f2aa972069fc,1624970012623,-16.9157245,32.7679041,1.0489509,-0.8522057,0.63873005,0.78508306,other,other,False,mixed,mixed
b44d874b-8a72-49d5-b329-e6ad5858dddf,735aa14c-c6d1-45d6-a612-7617ae68de48,f8bc6631-578a-4877-bb29-753ba29d1b6d,1624970012673,-16.9157223,32.7679035,0.99883604,-0.7428528,1.0099773,-0.68382454,other,other,False,mixed,mixed
b44d874b-8a72-49d5-b329-e6ad5858dddf,735aa14c-c6d1-45d6-a612-7617ae68de48,74a8ec1a-8562-4cf9-b0f0-3580cde69fa2,1624970012796,-16.9157223,32.7679035,0.99883604,-0.26389134,1.466361,0.2207343,other,other,False,mixed,mixed
b44d874b-8a72-49d5-b329-e6ad5858dddf,735aa14c-c6d1-45d6-a612-7617ae68de48,c5d4e280-b5ad-4b00-83ea-754c101c1552,1624970012847,-16.9157223,32.7679035,0.99883604,0.23026586,1.9368501,1.1801866,other,other,False,mixed,mixed
b44d874b-8a72-49d5-b329-e6ad5858dddf,735aa14c-c6d1-45d6-a612-7617ae68de48,dce7182f-4ba4-4136-a542-5b62d16036dd,1624970012897,-16.9157223,32.7679035,0.99883604,0.13097298,1.3115306,1.4847561,other,other,False,mixed,mixed
b44d874b-8a72-49d5-b329-e6ad5858dddf,735aa14c-c6d1-45d6-a612-7617ae68de48,884c253b-771f-4f6f-8e9d-e1520aef5b9f,1624970012947,-16.9157223,32.7679035,0.99883604,0.36254984,0.44396973,1.0712314,other,other,False,mixed,mixed
b44d874b-8a72-49d5-b329-e6ad5858dddf,735aa14c-c6d1-45d6-a612-7617ae68de48,7bc4dc5b-6b57-4fca-9b42-c1a0706f15bd,1624970012997,-16.9157223,32.7679035,0.99883604,0.45902127,-0.70548534,0.63554174,other,other,False,mixed,mixed
b44d874b-8a72-49d5-b329-e6ad5858dddf,735aa14c-c6d1-45d6-a612-7617ae68de48,d063a55a-ac32-4ad9-8316-4b409f5e3855,1624970013047,-16.9157223,32.7679035,0.99883604,-0.9032135,-4.8966722,-1.5163901,other,other,False,mixed,mixed
b44d874b-8a72-49d5-b329-e6ad5858dddf,735aa14c-c6d1-45d6-a612-7617ae68de48,5b111530-3751-4159-9d77-70895359af40,1624970013099,-16.9157223,32.7679035,0.99883604,-0.25490034,-3.6294193,-3.697038,other,other,False,mixed,mixed
b44d874b-8a72-49d5-b329-e6ad5858dddf,735aa14c-c6d1-45d6-a612-7617ae68de48,c94d04f5-af96-4984-9dcf-c66924ec98f7,1624970013150,-16.9157223,32.7679035,0.99883604,1.7740518,-1.7045774,-1.1775465,other,other,False,mixed,mixed
b44d874b-8a72-49d5-b329-e6ad5858dddf,735aa14c-c6d1-45d6-a612-7617ae68de48,14768c73-258e-435f-b2d5-84d138804255,1624970013200,-16.9157223,32.7679035,0.99883604,1.9349113,-0.046383858,-0.21321213,other,other,False,mixed,mixed
b44d874b-8a72-49d5-b329-e6ad5858dddf,735aa14c-c6d1-45d6-a612-7617ae68de48,82b979e9-5965-4b98-9c0a-e92a222f1964,1624970013251,-16.9157223,32.7679035,0.99883604,0.47551817,1.837832,-0.13956785,other,other,False,mixed,mixed
b44d874b-8a72-49d5-b329-e6ad5858dddf,735aa14c-c6d1-45d6-a612-7617ae68de48,3d636494-bed8-4cf5-9dc0-7b7d0944fe70,1624970013302,-16.9157232,32.7679016,0.85583776,0.59145033,3.3497066,-0.08433604,other,other,False,mixed,mixed
b44d874b-8a72-49d5-b329-e6ad5858dddf,735aa14c-c6d1-45d6-a612-7617ae68de48,64380f14-f11a-48e0-8ada-25cc79986c63,1624970013352,-16.9157232,32.7679016,0.85583776,1.1315092,2.534841,0.28154314,other,other,False,mixed,mixed
b44d874b-8a72-49d5-b329-e6ad5858dddf,735aa14c-c6d1-45d6-a612-7617ae68de48,2f7c0d2d-e652-4fd3-be4e-2b5aba497fea,1624970013402,-16.9157232,32.7679016,0.85583776,1.861134,1.564002,0.98232853,other,other,False,mixed,mixed
b44d874b-8a72-49d5-b329-e6ad5858dddf,735aa14c-c6d1-45d6-a612-7617ae68de48,df91fb13-11dd-4f41-8854-d320a678dca0,1624970013453,-16.9157232,32.7679016,0.85583776,1.8042833,1.3802681,1.0770513,other,other,False,mixed,mixed
b44d874b-8a72-49d5-b329-e6ad5858dddf,735aa14c-c6d1-45d6-a612-7617ae68de48,ac88764f-92a4-4d42-9fa4-124bc8075009,1624970013503,-16.9157232,32.7679016,0.85583776,0.66503835,0.728487,0.9060111,other,other,False,mixed,mixed
b44d874b-8a72-49d5-b329-e6ad5858dddf,735aa14c-c6d1-45d6-a612-7617ae68de48,25c1e5da-587e-42aa-9951-7316a946a0e0,1624970013553,-16.9157232,32.7679016,0.85583776,-0.7009182,-3.930808,0.73327154,other,other,False,mixed,mixed
b44d874b-8a72-49d5-b329-e6ad5858dddf,735aa14c-c6d1-45d6-a612-7617ae68de48,5d8125af-d11b-48a5-9a70-c0fcc3640793,1624970013603,-16.9157232,32.7679016,0.85583776,-8.262917,-6.302951,-5.169667,other,other,False,mixed,mixed
b44d874b-8a72-49d5-b329-e6ad5858dddf,735aa14c-c6d1-45d6-a612-7617ae68de48,8e12e719-2919-4830-b17a-7f18f251f1e3,1624970013653,-16.9157232,32.7679016,0.85583776,-1.3279831,-3.6675816,-0.8907803,other,other,False,mixed,mixed
b44d874b-8a72-49d5-b329-e6ad5858dddf,735aa14c-c6d1-45d6-a612-7617ae68de48,0dcf19e0-77f3-4d0c-9b85-d9054c2f3050,1624970013703,-16.9157232,32.7679016,0.85583776,-0.43178535,-0.4326315,0.5301837,other,other,False,mixed,mixed
b44d874b-8a72-49d5-b329-e6ad5858dddf,735aa14c-c6d1-45d6-a612-7617ae68de48,2df5b139-6087-4afe-99db-3a6226206f57,1624970013753,-16.9157232,32.7679016,0.85583776,0.7588493,0.30213833,-0.28656036,other,other,False,mixed,mixed
b44d874b-8a72-49d5-b329-e6ad5858dddf,735aa14c-c6d1-45d6-a612-7617ae68de48,1abb5f8b-1869-4e9b-983f-7f8682b26f71,1624970013804,-16.9157232,32.7679016,0.85583776,1.6495147,1.8796706,-0.13234346,other,other,False,mixed,mixed
b44d874b-8a72-49d5-b329-e6ad5858dddf,735aa14c-c6d1-45d6-a612-7617ae68de48,a8095a41-a34f-4db2-9b76-0e7e139f8adc,1624970013855,-16.9157209,32.7678998,0.7452078,2.038457,3.2205667,-0.5611359,other,other,False,mixed,mixed
b44d874b-8a72-49d5-b329-e6ad5858dddf,735aa14c-c6d1-45d6-a612-7617ae68de48,b6b90d83-7e26-443e-84fd-e44fd33b6ec4,1624970013906,-16.9157209,32.7678998,0.7452078,1.3312411,2.5444794,-0.5738371,other,other,False,mixed,mixed
b44d874b-8a72-49d5-b329-e6ad5858dddf,735aa14c-c6d1-45d6-a612-7617ae68de48,e6b289cd-dbda-4c39-b4d5-db6680d671ba,1624970013956,-16.9157209,32.7678998,0.7452078,1.5420908,2.0063372,0.3269888,other,other,False,mixed,mixed
b44d874b-8a72-49d5-b329-e6ad5858dddf,735aa14c-c6d1-45d6-a612-7617ae68de48,c1c322c5-c9e9-4d97-8578-9f05b20302de,1624970014006,-16.9157209,32.7678998,0.7452078,1.2363471,1.0925951,0.661692,other,other,False,mixed,mixed
b44d874b-8a72-49d5-b329-e6ad5858dddf,735aa14c-c6d1-45d6-a612-7617ae68de48,1cd13cd1-a5de-49b5-adaf-104d31f0fa55,1624970014056,-16.9157209,32.7678998,0.7452078,-0.009942889,-1.1478167,0.65921843,other,other,False,mixed,mixed
b44d874b-8a72-49d5-b329-e6ad5858dddf,735aa14c-c6d1-45d6-a612-7617ae68de48,e4661254-4b21-4a1c-a059-59bd08eb4772,1624970014106,-16.9157209,32.7678998,0.7452078,-3.9105842,-6.1393976,-5.210535,other,other,False,mixed,mixed
b44d874b-8a72-49d5-b329-e6ad5858dddf,735aa14c-c6d1-45d6-a612-7617ae68de48,b10064ff-8796-479d-9041-0fa340bc997c,1624970014156,-16.9157209,32.7678998,0.7452078,0.5118516,-4.9072495,-1.0553219,other,other,False,mixed,mixed
b44d874b-8a72-49d5-b329-e6ad5858dddf,735aa14c-c6d1-45d6-a612-7617ae68de48,63417b1e-9845-4201-b912-83e7113200c3,1624970014207,-16.9157209,32.7678998,0.7452078,1.6469638,-1.6097374,-1.1215546,other,other,False,mixed,mixed
b44d874b-8a72-49d5-b329-e6ad5858dddf,735aa14c-c6d1-45d6-a612-7617ae68de48,13c69079-20d4-43b6-9bfc-2e240d04409c,1624970014257,-16.9157209,32.7678998,0.7452078,1.1279767,1.2714424,0.19298166,other,other,False,mixed,mixed
b44d874b-8a72-49d5-b329-e6ad5858dddf,735aa14c-c6d1-45d6-a612-7617ae68de48,b59197d2-4852-4492-a6b8-40960e665474,1624970014307,-16.9157209,32.7678998,0.7452078,0.19346225,2.5891829,-0.09870225,other,other,False,mixed,mixed
b44d874b-8a72-49d5-b329-e6ad5858dddf,735aa14c-c6d1-45d6-a612-7617ae68de48,013d737e-4bcc-4288-a3c6-8c868cb9899f,1624970014358,-16.9157175,32.7678971,0.70732695,0.80073255,5.109019,0.07305756,other,other,False,mixed,mixed
b44d874b-8a72-49d5-b329-e6ad5858dddf,db4c5d69-d7d4-4ac4-ab6f-61060aefa337,d2051b49-d11c-4b76-b3cc-630cb50a4807,1624970009569,-16.9157249,32.7679118,1.3678812,0.8560812,-0.9850378,-1.1553059,other,other,False,mixed,mixed
b44d874b-8a72-49d5-b329-e6ad5858dddf,db4c5d69-d7d4-4ac4-ab6f-61060aefa337,f1758b5d-0ab6-41fd-b5ce-18724d77b167,1624970009620,-16.9157249,32.7679118,1.3678812,-0.57023335,0.5148592,1.07372,other,other,False,mixed,mixed
b44d874b-8a72-49d5-b329-e6ad5858dddf,db4c5d69-d7d4-4ac4-ab6f-61060aefa337,2a7e2925-3dc2-4776-9626-0fd1a37c1700,1624970009669,-16.9157159,32.7679136,1.2885023,-1.2545059,-0.37949753,0.8132393,other,other,False,mixed,mixed
b44d874b-8a72-49d5-b329-e6ad5858dddf,db4c5d69-d7d4-4ac4-ab6f-61060aefa337,a086ae42-fc1a-4ca5-b7c0-ef2c5118e812,1624970010571,-16.9157159,32.7679136,1.2885023,-1.5084863,-0.57252693,0.6921363,other,other,False,mixed,mixed
b44d874b-8a72-49d5-b329-e6ad5858dddf,db4c5d69-d7d4-4ac4-ab6f-61060aefa337,82a83e39-41d4-4f72-b7a9-e04a84483290,1624970010622,-16.9157251,32.7679046,1.140689,-0.018786728,0.14518929,-0.008954167,other,other,False,mixed,mixed
b44d874b-8a72-49d5-b329-e6ad5858dddf,db4c5d69-d7d4-4ac4-ab6f-61060aefa337,618bec21-affb-4e59-a11b-616dbb55d13d,1624970010673,-16.9157251,32.7679046,1.140689,0.23849869,0.60412025,0.14309037,other,other,False,mixed,mixed
b44d874b-8a72-49d5-b329-e6ad5858dddf,db4c5d69-d7d4-4ac4-ab6f-61060aefa337,8942ae2d-dd7d-4978-b977-223329c8c324,1624970010722,-16.9157251,32.7679046,1.140689,0.2112006,0.30145264,0.0028256178,other,other,False,mixed,mixed
b44d874b-8a72-49d5-b329-e6ad5858dddf,db4c5d69-d7d4-4ac4-ab6f-61060aefa337,91e44532-8e98-42e0-b185-c5d5fd95539e,1624970011569,-16.9157251,32.7679046,1.140689,0.2112006,0.30145264,0.0028256178,other,other,False,mixed,mixed
b44d874b-8a72-49d5-b329-e6ad5858dddf,db4c5d69-d7d4-4ac4-ab6f-61060aefa337,d5a98b28-02a6-4d29-8502-4b4dc3163fdf,1624970011618,-16.9157245,32.7679041,1.0489509,0.10320735,0.09029579,0.26925862,other,other,False,mixed,mixed
b44d874b-8a72-49d5-b329-e6ad5858dddf,db4c5d69-d7d4-4ac4-ab6f-61060aefa337,ada998bc-b998-4c2f-9ffd-a4067f194255,1624970011668,-16.9157245,32.7679041,1.0489509,0.45711195,0.39245224,1.6004684,other,other,False,mixed,mixed
b44d874b-8a72-49d5-b329-e6ad5858dddf,db4c5d69-d7d4-4ac4-ab6f-61060aefa337,e5a85a9a-4e31-413d-808f-b8f9cefb7100,1624970012568,-16.9157245,32.7679041,1.0489509,0.38547254,0.31841183,1.24589,other,other,False,mixed,mixed
b44d874b-8a72-49d5-b329-e6ad5858dddf,db4c5d69-d7d4-4ac4-ab6f-61060aefa337,1c691759-5f39-4323-beac-7494f89a2235,1624970012622,-16.9157245,32.7679041,1.0489509,-0.8522057,0.63873005,0.78508306,other,other,False,mixed,mixed
b44d874b-8a72-49d5-b329-e6ad5858dddf,db4c5d69-d7d4-4ac4-ab6f-61060aefa337,60554063-a4fa-4f46-a7cf-91115e5d066a,1624970012672,-16.9157223,32.7679035,0.99883604,-0.71997714,0.7982149,-0.5979358,other,other,False,mixed,mixed
b44d874b-8a72-49d5-b329-e6ad5858dddf,db4c5d69-d7d4-4ac4-ab6f-61060aefa337,30e904e7-9496-4acc-9936-a3ed529b9bb6,1624970012795,-16.9157223,32.7679035,0.99883604,-0.26389134,1.466361,0.2207343,other,other,False,mixed,mixed
b44d874b-8a72-49d5-b329-e6ad5858dddf,db4c5d69-d7d4-4ac4-ab6f-61060aefa337,6d359242-cbca-4070-b807-a9dd9f97d6ed,1624970012846,-16.9157223,32.7679035,0.99883604,0.23026586,1.9368501,1.1801866,other,other,False,mixed,mixed
b44d874b-8a72-49d5-b329-e6ad5858dddf,db4c5d69-d7d4-4ac4-ab6f-61060aefa337,29723be2-cf12-4e81-9d64-70d5c756c714,1624970012896,-16.9157223,32.7679035,0.99883604,0.13097298,1.3115306,1.4847561,other,other,False,mixed,mixed
b44d874b-8a72-49d5-b329-e6ad5858dddf,db4c5d69-d7d4-4ac4-ab6f-61060aefa337,58254985-2f15-4e29-885b-55cc5465e0a6,1624970012946,-16.9157223,32.7679035,0.99883604,0.36254984,0.44396973,1.0712314,other,other,False,mixed,mixed
b44d874b-8a72-49d5-b329-e6ad5858dddf,db4c5d69-d7d4-4ac4-ab6f-61060aefa337,f1e5a929-0940-4528-b1bf-b7c7d1096867,1624970012996,-16.9157223,32.7679035,0.99883604,0.45902127,-0.70548534,0.63554174,other,other,False,mixed,mixed
b44d874b-8a72-49d5-b329-e6ad5858dddf,db4c5d69-d7d4-4ac4-ab6f-61060aefa337,15c39581-6807-4a48-bdda-7861d72c8c71,1624970013046,-16.9157223,32.7679035,0.99883604,-0.9032135,-4.8966722,-1.5163901,other,other,False,mixed,mixed
b44d874b-8a72-49d5-b329-e6ad5858dddf,db4c5d69-d7d4-4ac4-ab6f-61060aefa337,d035bc2e-f243-468e-9dc2-9b5e60c69749,1624970013097,-16.9157223,32.7679035,0.99883604,-0.24667609,-2.6157932,-3.2908282,other,other,False,mixed,mixed
b44d874b-8a72-49d5-b329-e6ad5858dddf,db4c5d69-d7d4-4ac4-ab6f-61060aefa337,1deadb61-b1bb-412a-b0d5-7655ec8b14ee,1624970013149,-16.9157223,32.7679035,0.99883604,1.9384915,-2.2409134,-1.5779332,other,other,False,mixed,mixed
b44d874b-8a72-49d5-b329-e6ad5858dddf,db4c5d69-d7d4-4ac4-ab6f-61060aefa337,e92b6e3a-40bd-4dbb-b6d0-1158201e5591,1624970013200,-16.9157223,32.7679035,0.99883604,1.9349113,-0.046383858,-0.21321213,other,other,False,mixed,mixed
b44d874b-8a72-49d5-b329-e6ad5858dddf,db4c5d69-d7d4-4ac4-ab6f-61060aefa337,02db6340-a9d1-4ad8-9064-389aa01e0f35,1624970013250,-16.9157223,32.7679035,0.99883604,0.72674793,2.148172,-0.20799655,other,other,False,mixed,mixed
b44d874b-8a72-49d5-b329-e6ad5858dddf,db4c5d69-d7d4-4ac4-ab6f-61060aefa337,99e49375-cae9-4c29-91b1-61847bf6d598,1624970013300,-16.9157232,32.7679016,0.85583776,0.67283833,4.263788,-0.12458396,other,other,False,mixed,mixed
b44d874b-8a72-49d5-b329-e6ad5858dddf,db4c5d69-d7d4-4ac4-ab6f-61060aefa337,8d666310-b158-4c00-8d85-b72493f5c9c0,1624970013350,-16.9157232,32.7679016,0.85583776,1.3904316,3.2787428,0.3327651,other,other,False,mixed,mixed
b44d874b-8a72-49d5-b329-e6ad5858dddf,db4c5d69-d7d4-4ac4-ab6f-61060aefa337,de3e6838-a9fc-4698-bcb2-c169fcaeea24,1624970013400,-16.9157232,32.7679016,0.85583776,2.3120446,1.9987197,1.079391,other,other,False,mixed,mixed
b44d874b-8a72-49d5-b329-e6ad5858dddf,db4c5d69-d7d4-4ac4-ab6f-61060aefa337,a5987acb-88fd-4af9-a828-9677412af273,1624970013450,-16.9157232,32.7679016,0.85583776,1.9082036,1.4896083,1.0474341,other,other,False,mixed,mixed
b44d874b-8a72-49d5-b329-e6ad5858dddf,db4c5d69-d7d4-4ac4-ab6f-61060aefa337,60f1a718-dc36-4d98-98cd-a19e063d71a9,1624970013501,-16.9157232,32.7679016,0.85583776,0.66503835,0.728487,0.9060111,other,other,False,mixed,mixed
b44d874b-8a72-49d5-b329-e6ad5858dddf,db4c5d69-d7d4-4ac4-ab6f-61060aefa337,ba8f18aa-805c-438d-a14f-03c8587c3274,1624970013552,-16.9157232,32.7679016,0.85583776,-0.49720597,-2.8330402,0.6157167,other,other,False,mixed,mixed
b44d874b-8a72-49d5-b329-e6ad5858dddf,db4c5d69-d7d4-4ac4-ab6f-61060aefa337,a859cce6-5011-405a-a133-cb5fe2a9e7b8,1624970013602,-16.9157232,32.7679016,0.85583776,-6.7450833,-5.1719675,-4.824602,other,other,False,mixed,mixed
b44d874b-8a72-49d5-b329-e6ad5858dddf,db4c5d69-d7d4-4ac4-ab6f-61060aefa337,dafb2b32-f5b5-466c-a20a-d72570ce29e9,1624970013652,-16.9157232,32.7679016,0.85583776,-1.2135403,-3.02244,-0.7627795,other,other,False,mixed,mixed
b44d874b-8a72-49d5-b329-e6ad5858dddf,db4c5d69-d7d4-4ac4-ab6f-61060aefa337,ef1b10a2-e473-4f6f-9b33-4fa5f1db4012,1624970013702,-16.9157232,32.7679016,0.85583776,-0.43178535,-0.4326315,0.5301837,other,other,False,mixed,mixed
b44d874b-8a72-49d5-b329-e6ad5858dddf,db4c5d69-d7d4-4ac4-ab6f-61060aefa337,51a8ef87-dd9b-42d5-9367-a5abab8c49a9,1624970013753,-16.9157232,32.7679016,0.85583776,0.7588493,0.30213833,-0.28656036,other,other,False,mixed,mixed
b44d874b-8a72-49d5-b329-e6ad5858dddf,db4c5d69-d7d4-4ac4-ab6f-61060aefa337,df901f87-2d8d-4615-98ab-08e769237916,1624970013804,-16.9157232,32.7679016,0.85583776,1.6495147,1.8796706,-0.13234346,other,other,False,mixed,mixed
b44d874b-8a72-49d5-b329-e6ad5858dddf,db4c5d69-d7d4-4ac4-ab6f-61060aefa337,00e77d59-e5f2-436e-ad52-cbbfa9e83797,1624970013854,-16.9157209,32.7678998,0.7452078,2.038457,3.2205667,-0.5611359,other,other,False,mixed,mixed
b44d874b-8a72-49d5-b329-e6ad5858dddf,db4c5d69-d7d4-4ac4-ab6f-61060aefa337,2cb5de8f-8dc4-4b3f-94cb-370bc06bb74d,1624970013905,-16.9157209,32.7678998,0.7452078,1.7065711,3.228509,-0.76041496,other,other,False,mixed,mixed
b44d874b-8a72-49d5-b329-e6ad5858dddf,db4c5d69-d7d4-4ac4-ab6f-61060aefa337,43b10fb8-9cd4-47ee-bc21-cd62e0e4f8b9,1624970013955,-16.9157209,32.7678998,0.7452078,1.970732,2.5893683,0.3704083,other,other,False,mixed,mixed
b44d874b-8a72-49d5-b329-e6ad5858dddf,db4c5d69-d7d4-4ac4-ab6f-61060aefa337,a856975d-edcd-431e-87ba-7587bbef4c8e,1624970014006,-16.9157209,32.7678998,0.7452078,1.3028226,1.1950598,0.7168342,other,other,False,mixed,mixed
b44d874b-8a72-49d5-b329-e6ad5858dddf,db4c5d69-d7d4-4ac4-ab6f-61060aefa337,6c4fa907-39f0-4e1d-8ac7-644f97b12dee,1624970014055,-16.9157209,32.7678998,0.7452078,-0.009942889,-1.1478167,0.65921843,other,other,False,mixed,mixed
b44d874b-8a72-49d5-b329-e6ad5858dddf,db4c5d69-d7d4-4ac4-ab6f-61060aefa337,d25f1cd9-4b46-45af-942d-149cca26a81d,1624970014105,-16.9157209,32.7678998,0.7452078,-3.4682107,-6.330868,-4.5131073,other,other,False,mixed,mixed
b44d874b-8a72-49d5-b329-e6ad5858dddf,db4c5d69-d7d4-4ac4-ab6f-61060aefa337,dc54addc-5191-428d-86f7-b4617a8ce207,1624970014155,-16.9157209,32.7678998,0.7452078,0.5118516,-4.9072495,-1.0553219,other,other,False,mixed,mixed
b44d874b-8a72-49d5-b329-e6ad5858dddf,db4c5d69-d7d4-4ac4-ab6f-61060aefa337,0c4f01ad-24ca-47b2-9724-fd9e18c8c26a,1624970014206,-16.9157209,32.7678998,0.7452078,2.210219,-2.2565098,-1.4887793,other,other,False,mixed,mixed
b44d874b-8a72-49d5-b329-e6ad5858dddf,db4c5d69-d7d4-4ac4-ab6f-61060aefa337,8c3dcbf2-49dd-4927-9d87-ba5700b2be24,1624970014255,-16.9157209,32.7678998,0.7452078,1.2072152,1.1226482,0.15832303,other,other,False,mixed,mixed
b44d874b-8a72-49d5-b329-e6ad5858dddf,db4c5d69-d7d4-4ac4-ab6f-61060aefa337,cdbc0b08-e1b2-4fa5-904d-532341bf5d21,1624970014305,-16.9157209,32.7678998,0.7452078,0.19346225,2.5891829,-0.09870225,other,other,False,mixed,mixed
b44d874b-8a72-49d5-b329-e6ad5858dddf,db4c5d69-d7d4-4ac4-ab6f-61060aefa337,b6dc62b4-b85a-409f-bb00-afd8bc59bd7e,1624970014355,-16.9157175,32.7678971,0.70732695,0.6280825,4.028839,0.053376913,other,other,False,mixed,mixed
b44d874b-8a72-49d5-b329-e6ad5858dddf,db4c5d69-d7d4-4ac4-ab6f-61060aefa337,0df1421b-4649-4bc1-8ea9-87cd73d7dd69,1624970014405,-16.9157175,32.7678971,0.70732695,0.983799,3.0741706,0.53101075,other,other,False,mixed,mixed
b44d874b-8a72-49d5-b329-e6ad5858dddf,db4c5d69-d7d4-4ac4-ab6f-61060aefa337,161ce343-0608-450f-912c-11d94db67917,1624970014456,-16.9157175,32.7678971,0.70732695,1.6637615,0.6347437,1.4071851,other,other,False,mixed,mixed
b44d874b-8a72-49d5-b329-e6ad5858dddf,db4c5d69-d7d4-4ac4-ab6f-61060aefa337,7c7f3412-fd9f-454d-b2f7-567541487e93,1624970014507,-16.9157175,32.7678971,0.70732695,0.7617368,0.05728531,0.9371518,other,other,False,mixed,mixed
b44d874b-8a72-49d5-b329-e6ad5858dddf,db4c5d69-d7d4-4ac4-ab6f-61060aefa337,b2ce1411-9dc8-4c8c-a123-c034f4af5b7c,1624970014558,-16.9157175,32.7678971,0.70732695,-1.3555229,-1.8708057,1.4407089,other,other,False,mixed,mixed
b44d874b-8a72-49d5-b329-e6ad5858dddf,db4c5d69-d7d4-4ac4-ab6f-61060aefa337,638fc23b-5611-4a1d-8ef0-61f6a99df9d6,1624970014608,-16.9157175,32.7678971,0.70732695,-6.3558636,-2.24508,-4.751349,other,other,False,mixed,mixed
b44d874b-8a72-49d5-b329-e6ad5858dddf,db4c5d69-d7d4-4ac4-ab6f-61060aefa337,2af041c3-2818-43b0-bc4e-79a02c64eb49,1624970014659,-16.9157175,32.7678971,0.70732695,-1.1382265,-5.686779,-1.0071826,other,other,False,mixed,mixed
b44d874b-8a72-49d5-b329-e6ad5858dddf,db4c5d69-d7d4-4ac4-ab6f-61060aefa337,ae606999-0311-4686-9f9c-87dab460f409,1624970014710,-16.9157175,32.7678971,0.70732695,1.0771277,-1.4948349,-0.61182487,other,other,False,mixed,mixed
b44d874b-8a72-49d5-b329-e6ad5858dddf,db4c5d69-d7d4-4ac4-ab6f-61060aefa337,09f9e163-5b2b-4c9f-8bc2-0f163afcdd4a,1624970014760,-16.9157175,32.7678971,0.70732695,0.27602285,0.47897148,-0.3655881,other,other,False,mixed,mixed
b44d874b-8a72-49d5-b329-e6ad5858dddf,db4c5d69-d7d4-4ac4-ab6f-61060aefa337,8a55e373-2e2d-4658-b26a-67d03e4585a8,1624970014810,-16.9157175,32.7678971,0.70732695,0.06225443,2.2010446,-0.107679844,other,other,False,mixed,mixed
b44d874b-8a72-49d5-b329-e6ad5858dddf,db4c5d69-d7d4-4ac4-ab6f-61060aefa337,3e0a20f1-5869-44a7-b54f-2e1a16263ea1,1624970014861,-16.9157138,32.7678962,0.74899685,-0.0038157701,3.5762897,-0.1664263,other,other,False,mixed,mixed
b44d874b-8a72-49d5-b329-e6ad5858dddf,db4c5d69-d7d4-4ac4-ab6f-61060aefa337,694da1e3-71c8-4188-94f8-eaf68ac12209,1624970014912,-16.9157138,32.7678962,0.74899685,0.24152672,2.720765,0.31364486,other,other,False,mixed,mixed
b44d874b-8a72-49d5-b329-e6ad5858dddf,db4c5d69-d7d4-4ac4-ab6f-61060aefa337,6b1d27ec-17eb-4be6-8f44-0c8e7e7d59e2,1624970015017,-16.9157138,32.7678962,0.74899685,0.37654102,3.9774766,0.48597485,other,other,False,mixed,mixed
b44d874b-8a72-49d5-b329-e6ad5858dddf,db4c5d69-d7d4-4ac4-ab6f-61060aefa337,7b3b824b-a29c-49c4-831f-55fe13f1de31,1624970015067,-16.9157138,32.7678962,0.74899685,0.5034294,-0.022414207,1.3550999,other,other,False,mixed,mixed
b44d874b-8a72-49d5-b329-e6ad5858dddf,db4c5d69-d7d4-4ac4-ab6f-61060aefa337,bf782f0b-30ec-4e62-862a-f83b3bfe15cb,1624970015118,-16.9157138,32.7678962,0.74899685,-3.5298197,-6.926688,-2.8274515,other,other,False,mixed,mixed
b44d874b-8a72-49d5-b329-e6ad5858dddf,db4c5d69-d7d4-4ac4-ab6f-61060aefa337,d60af4ac-a979-45b8-a936-8f8c68c6a2c4,1624970015168,-16.9157138,32.7678962,0.74899685,-3.0126493,-7.0889645,-1.6514927,other,other,False,mixed,mixed
b44d874b-8a72-49d5-b329-e6ad5858dddf,db4c5d69-d7d4-4ac4-ab6f-61060aefa337,01bce5aa-7c9e-44a3-9598-90ab17c6b484,1624970015216,-16.9157138,32.7678962,0.74899685,2.825905,-1.718092,-0.9089031,other,other,False,mixed,mixed
b44d874b-8a72-49d5-b329-e6ad5858dddf,db4c5d69-d7d4-4ac4-ab6f-61060aefa337,8dfbac83-c703-4aad-9f52-59049e9e49ad,1624970015267,-16.9157138,32.7678962,0.74899685,1.0710179,1.8311586,0.03964591,other,other,False,mixed,mixed
b44d874b-8a72-49d5-b329-e6ad5858dddf,db4c5d69-d7d4-4ac4-ab6f-61060aefa337,e1f71ac3-8cef-425e-b7d3-ad38bea773a7,1624970015316,-16.9157138,32.7678962,0.74899685,0.7974333,3.3105412,-0.20203643,other,other,False,mixed,mixed
b44d874b-8a72-49d5-b329-e6ad5858dddf,db4c5d69-d7d4-4ac4-ab6f-61060aefa337,2160a932-8f7c-47c4-a638-3d9581e97ab9,1624970015366,-16.9157138,32.7678962,0.74899685,0.30056423,2.5050383,0.32206783,other,other,False,mixed,mixed
b44d874b-8a72-49d5-b329-e6ad5858dddf,db4c5d69-d7d4-4ac4-ab6f-61060aefa337,3c59c0a3-03d5-4fa4-b57b-83a77a007079,1624970015417,-16.9157138,32.7678962,0.74899685,0.780486,2.1818924,-0.20039806,other,other,False,mixed,mixed
b44d874b-8a72-49d5-b329-e6ad5858dddf,db4c5d69-d7d4-4ac4-ab6f-61060aefa337,24b274cc-2059-485c-a5fa-079c8dec1579,1624970015467,-16.9157138,32.7678962,0.74899685,0.8203812,1.626071,0.3844441,other,other,False,mixed,mixed
b44d874b-8a72-49d5-b329-e6ad5858dddf,db4c5d69-d7d4-4ac4-ab6f-61060aefa337,696d9efa-976d-4e82-8eb7-241fd9cbd35d,1624970015518,-16.9157138,32.7678962,0.74899685,0.8310137,1.642005,0.97010434,other,other,False,mixed,mixed
b44d874b-8a72-49d5-b329-e6ad5858dddf,db4c5d69-d7d4-4ac4-ab6f-61060aefa337,8ddc3cc4-5d6c-4560-8deb-1fafdc163834,1624970015569,-16.9157138,32.7678962,0.74899685,0.105888724,-0.6265135,2.2601795,other,other,False,mixed,mixed
b44d874b-8a72-49d5-b329-e6ad5858dddf,db4c5d69-d7d4-4ac4-ab6f-61060aefa337,9a74dedd-ddbb-48a6-9b3a-aa78a0cdc117,1624970015620,-16.9157138,32.7678962,0.74899685,-4.716731,-8.680497,-3.4645476,other,other,False,mixed,mixed
b44d874b-8a72-49d5-b329-e6ad5858dddf,db4c5d69-d7d4-4ac4-ab6f-61060aefa337,76829830-5f5c-4201-acdb-9e1698a9a889,1624970015671,-16.9157138,32.7678962,0.74899685,-5.4036064,-5.8204327,-4.4457483,other,other,False,mixed,mixed
b44d874b-8a72-49d5-b329-e6ad5858dddf,db4c5d69-d7d4-4ac4-ab6f-61060aefa337,88208169-eb67-4fc4-a3cd-393610a1f514,1624970015720,-16.9157138,32.7678962,0.74899685,1.1222577,-1.3935385,-0.7824945,other,other,False,mixed,mixed
b44d874b-8a72-49d5-b329-e6ad5858dddf,db4c5d69-d7d4-4ac4-ab6f-61060aefa337,890f315a-ca7f-4ab7-bd2a-d15b1c6f45b7,1624970015771,-16.9157138,32.7678962,0.74899685,-0.6462009,0.38186932,0.78181714,other,other,False,mixed,mixed
b44d874b-8a72-49d5-b329-e6ad5858dddf,db4c5d69-d7d4-4ac4-ab6f-61060aefa337,20dc26b1-8109-490d-a3e3-4cd297e9d9b3,1624970015821,-16.9157138,32.7678962,0.74899685,-0.56016636,1.7303572,0.0031185448,other,other,False,mixed,mixed
b44d874b-8a72-49d5-b329-e6ad5858dddf,db4c5d69-d7d4-4ac4-ab6f-61060aefa337,d352a026-501e-4e54-b5d1-e0a229206c75,1624970015872,-16.9156999,32.7678982,0.9160428,0.177553,3.4212651,-0.018473387,other,other,False,mixed,mixed
b44d874b-8a72-49d5-b329-e6ad5858dddf,db4c5d69-d7d4-4ac4-ab6f-61060aefa337,9e90608c-f9f0-49e5-bd3b-8f0c20e43c4f,1624970015923,-16.9156999,32.7678982,0.9160428,1.1688545,5.5342574,0.66781306,other,other,False,mixed,mixed
b44d874b-8a72-49d5-b329-e6ad5858dddf,db4c5d69-d7d4-4ac4-ab6f-61060aefa337,79fced2d-1a49-4e65-88b2-06f6ce088794,1624970015972,-16.9156999,32.7678982,0.9160428,0.75381577,2.8082147,0.7274004,other,other,False,mixed,mixed
b44d874b-8a72-49d5-b329-e6ad5858dddf,db4c5d69-d7d4-4ac4-ab6f-61060aefa337,0b7101c0-a668-4de4-8041-32cc872a02aa,1624970016023,-16.9156999,32.7678982,0.9160428,-0.08156514,0.2631626,1.4746807,other,other,False,mixed,mixed
b44d874b-8a72-49d5-b329-e6ad5858dddf,db4c5d69-d7d4-4ac4-ab6f-61060aefa337,2dfe0a10-af91-4eb2-a49d-295b94879aee,1624970016074,-16.9156999,32.7678982,0.9160428,-0.72878623,-1.3759012,-0.29999763,other,other,False,mixed,mixed
b44d874b-8a72-49d5-b329-e6ad5858dddf,db4c5d69-d7d4-4ac4-ab6f-61060aefa337,55d6f174-d29f-4803-8d7b-eeee019aa1ff,1624970016125,-16.9156999,32.7678982,0.9160428,-1.0740705,-3.0881424,2.8770924,other,other,False,mixed,mixed
b44d874b-8a72-49d5-b329-e6ad5858dddf,db4c5d69-d7d4-4ac4-ab6f-61060aefa337,588c0f6d-645d-46ad-929f-777668849941,1624970016175,-16.9156999,32.7678982,0.9160428,-4.1659613,-4.6748886,-8.292654,other,other,False,mixed,mixed
b44d874b-8a72-49d5-b329-e6ad5858dddf,db4c5d69-d7d4-4ac4-ab6f-61060aefa337,612b183f-e9d0-4add-9f26-624bf20c2b83,1624970016225,-16.9156999,32.7678982,0.9160428,1.7161385,-2.7357788,-0.55108654,other,other,False,mixed,mixed
b44d874b-8a72-49d5-b329-e6ad5858dddf,db4c5d69-d7d4-4ac4-ab6f-61060aefa337,b7e1904b-dc51-4fca-ba07-39c5cd94bb10,1624970016275,-16.9156999,32.7678982,0.9160428,1.8344268,-0.36226463,-0.22386658,other,other,False,mixed,mixed
b44d874b-8a72-49d5-b329-e6ad5858dddf,db4c5d69-d7d4-4ac4-ab6f-61060aefa337,02d9791b-ffd5-4b39-8b95-b5f44e01ce74,1624970016325,-16.9156999,32.7678982,0.9160428,-0.037243426,2.7088976,0.32883948,other,other,False,mixed,mixed
b44d874b-8a72-49d5-b329-e6ad5858dddf,db4c5d69-d7d4-4ac4-ab6f-61060aefa337,4d645e99-c2bc-4710-91d2-7d92596a6fcc,1624970016377,-16.9156919,32.7678986,0.9531943,-0.18735588,3.1641471,0.4911502,other,other,False,mixed,mixed
b44d874b-8a72-49d5-b329-e6ad5858dddf,db4c5d69-d7d4-4ac4-ab6f-61060aefa337,ddbe848d-3537-4596-9d6b-6efc6c644cda,1624970016428,-16.9156919,32.7678986,0.9531943,0.4308865,4.724761,0.78294766,other,other,False,mixed,mixed
b44d874b-8a72-49d5-b329-e6ad5858dddf,db4c5d69-d7d4-4ac4-ab6f-61060aefa337,025d9564-b348-4691-8501-8ec527ebbc7b,1624970016478,-16.9156919,32.7678986,0.9531943,0.5654072,3.8611665,0.84278417,other,other,False,mixed,mixed
b44d874b-8a72-49d5-b329-e6ad5858dddf,db4c5d69-d7d4-4ac4-ab6f-61060aefa337,09d895ab-d27f-4435-8cb8-a02340fc284c,1624970016529,-16.9156919,32.7678986,0.9531943,0.729964,0.27475643,1.3129656,other,other,False,mixed,mixed
b44d874b-8a72-49d5-b329-e6ad5858dddf,db4c5d69-d7d4-4ac4-ab6f-61060aefa337,d0c08287-c345-4fb1-b586-289e9b2aba9b,1624970016580,-16.9156919,32.7678986,0.9531943,0.48004025,-0.06302357,0.9058435,other,other,False,mixed,mixed
b44d874b-8a72-49d5-b329-e6ad5858dddf,db4c5d69-d7d4-4ac4-ab6f-61060aefa337,9bb69499-b16a-4678-95f3-e89be0464963,1624970016629,-16.9156919,32.7678986,0.9531943,0.07394302,-5.188244,1.1481731,other,other,False,mixed,mixed
b44d874b-8a72-49d5-b329-e6ad5858dddf,db4c5d69-d7d4-4ac4-ab6f-61060aefa337,8fc6f243-fa75-4374-aae1-9b2a3d2389a6,1624970016680,-16.9156919,32.7678986,0.9531943,-10.495386,-6.3503036,-9.73474,other,other,False,mixed,mixed
b44d874b-8a72-49d5-b329-e6ad5858dddf,db4c5d69-d7d4-4ac4-ab6f-61060aefa337,c7ac8b3d-b2cb-4942-a7a0-c41f84ad1763,1624970016731,-16.9156919,32.7678986,0.9531943,0.3961934,-2.5034857,-1.0894516,other,other,False,mixed,mixed
b44d874b-8a72-49d5-b329-e6ad5858dddf,db4c5d69-d7d4-4ac4-ab6f-61060aefa337,4de32cdd-1307-4404-ba8f-f1eb6fb1286a,1624970016782,-16.9156919,32.7678986,0.9531943,-0.32987297,-0.0020170212,0.6204508,other,other,False,mixed,mixed
b44d874b-8a72-49d5-b329-e6ad5858dddf,db4c5d69-d7d4-4ac4-ab6f-61060aefa337,9f4a2b8c-96df-4224-a360-25080b4d748f,1624970016833,-16.9156919,32.7678986,0.9531943,-0.9441948,2.2730465,0.6130775,other,other,False,mixed,mixed
b44d874b-8a72-49d5-b329-e6ad5858dddf,db4c5d69-d7d4-4ac4-ab6f-61060aefa337,3cd9a115-3983-49ea-a4f2-be80f44a1b15,1624970016884,-16.9156919,32.7678986,0.9531943,-0.025285244,3.3067417,0.26737002,other,other,False,mixed,mixed
b44d874b-8a72-49d5-b329-e6ad5858dddf,db4c5d69-d7d4-4ac4-ab6f-61060aefa337,9051af4b-469a-4887-9c1e-d51126dbab24,1624970016935,-16.9156804,32.7678992,1.0402961,0.5354905,4.2978106,0.5815121,other,other,False,mixed,mixed
b44d874b-8a72-49d5-b329-e6ad5858dddf,db4c5d69-d7d4-4ac4-ab6f-61060aefa337,eae18f63-0ba8-4a83-924c-5f1e45558921,1624970016985,-16.9156804,32.7678992,1.0402961,0.65501106,2.9690332,1.0352328,other,other,False,mixed,mixed
b44d874b-8a72-49d5-b329-e6ad5858dddf,db4c5d69-d7d4-4ac4-ab6f-61060aefa337,1b8192dd-26d2-4293-8280-44e9dd5c6a43,1624970017036,-16.9156804,32.7678992,1.0402961,0.49630243,1.4683032,0.8549843,other,other,False,mixed,mixed
b44d874b-8a72-49d5-b329-e6ad5858dddf,db4c5d69-d7d4-4ac4-ab6f-61060aefa337,1098c91c-0417-4ebf-a064-d30adf86e210,1624970017568,-16.9156804,32.7678992,1.0402961,0.20969594,0.43603516,1.1112659,other,other,False,mixed,mixed
b44d874b-8a72-49d5-b329-e6ad5858dddf,db4c5d69-d7d4-4ac4-ab6f-61060aefa337,271bf962-3b3b-4fcf-bc84-3fae7c60d5f5,1624970017618,-16.9156664,32.7678969,1.0907295,-0.24763966,-0.296463,1.4588585,other,other,False,mixed,mixed
b44d874b-8a72-49d5-b329-e6ad5858dddf,db4c5d69-d7d4-4ac4-ab6f-61060aefa337,cbbb6930-d775-4e20-8bb4-10a6c2ef8ea7,1624970017668,-16.9156664,32.7678969,1.0907295,-2.835194,-5.5438976,-0.65162635,other,other,False,mixed,mixed
b44d874b-8a72-49d5-b329-e6ad5858dddf,db4c5d69-d7d4-4ac4-ab6f-61060aefa337,eef00a03-542a-42a6-b7f3-4a1be1294e15,1624970018570,-16.9156664,32.7678969,1.0907295,-9.068346,-10.58089,-11.401226,other,other,False,mixed,mixed
b44d874b-8a72-49d5-b329-e6ad5858dddf,db4c5d69-d7d4-4ac4-ab6f-61060aefa337,95f63d96-85db-4f81-b78b-d86455b1a63a,1624970018620,-16.9156664,32.7678969,1.0907295,0.09597021,-0.5722251,0.31417882,other,other,False,mixed,mixed
b44d874b-8a72-49d5-b329-e6ad5858dddf,db4c5d69-d7d4-4ac4-ab6f-61060aefa337,993bc345-5e8c-471a-ad35-627e1ccf4235,1624970018670,-16.915644,32.7678919,1.2054994,0.20032692,-3.4114637,1.0754635,other,other,False,mixed,mixed
b44d874b-8a72-49d5-b329-e6ad5858dddf,db4c5d69-d7d4-4ac4-ab6f-61060aefa337,d991c808-63fa-4408-936a-741ad00afa64,1624970018720,-16.915644,32.7678919,1.2054994,-17.847235,-8.872335,-9.736684,other,other,False,mixed,mixed
b44d874b-8a72-49d5-b329-e6ad5858dddf,db4c5d69-d7d4-4ac4-ab6f-61060aefa337,4abcd9dc-20e3-4177-bfd4-3e5e6ee5033a,1624970019569,-16.915644,32.7678919,1.2054994,-17.847235,-8.872335,-9.736684,other,other,False,mixed,mixed
b44d874b-8a72-49d5-b329-e6ad5858dddf,db4c5d69-d7d4-4ac4-ab6f-61060aefa337,fa55d32a-fc34-4b24-9f0a-417a87473224,1624970019620,-16.915644,32.7678919,1.2054994,0.6209389,0.37636185,0.5018927,other,other,False,mixed,mixed
b44d874b-8a72-49d5-b329-e6ad5858dddf,db4c5d69-d7d4-4ac4-ab6f-61060aefa337,fe951ada-35de-46a9-a3a9-330d1374c187,1624970019670,-16.9156233,32.767886,1.3026367,0.15115857,1.2999897,1.5560726,other,other,False,mixed,mixed
b44d874b-8a72-49d5-b329-e6ad5858dddf,db4c5d69-d7d4-4ac4-ab6f-61060aefa337,afa5911b-2593-4963-84a5-9019f1e91bab,1624970020561,-16.9156233,32.767886,1.3026367,-0.2144947,-2.0567093,1.5914345,other,other,False,mixed,mixed
b44d874b-8a72-49d5-b329-e6ad5858dddf,db4c5d69-d7d4-4ac4-ab6f-61060aefa337,7c2a4cc4-3abb-4606-be7d-595d2b0dcf51,1624970020614,-16.9156026,32.7678788,1.359753,0.4798975,-0.51231384,0.58190393,other,other,False,mixed,mixed
b44d874b-8a72-49d5-b329-e6ad5858dddf,db4c5d69-d7d4-4ac4-ab6f-61060aefa337,5b97fa13-2dc4-403d-b877-1e17220789a0,1624970020664,-16.9156026,32.7678788,1.359753,0.13746035,-0.027690887,0.5650151,other,other,False,mixed,mixed
b44d874b-8a72-49d5-b329-e6ad5858dddf,db4c5d69-d7d4-4ac4-ab6f-61060aefa337,ac171e96-4e40-4092-a66a-d630c6aa98d7,1624970021568,-16.9156026,32.7678788,1.359753,-0.0011378527,-1.6844454,0.7070487,other,other,False,mixed,mixed
b44d874b-8a72-49d5-b329-e6ad5858dddf,db4c5d69-d7d4-4ac4-ab6f-61060aefa337,3d7c5dae-466b-4a8f-bfb3-db977db5508a,1624970021618,-16.915583,32.7678715,1.4103345,0.62519586,0.41862965,0.80159736,other,other,False,mixed,mixed
b44d874b-8a72-49d5-b329-e6ad5858dddf,db4c5d69-d7d4-4ac4-ab6f-61060aefa337,5df847dc-7e68-45ca-bf3a-ad59c8598acd,1624970021669,-16.915583,32.7678715,1.4103345,0.24014103,0.23316193,1.2951404,other,other,False,mixed,mixed
b44d874b-8a72-49d5-b329-e6ad5858dddf,db4c5d69-d7d4-4ac4-ab6f-61060aefa337,b54b85bc-528f-43f0-818e-b62a38ff31e5,1624970022568,-16.915583,32.7678715,1.4103345,-0.031988025,-1.9141455,1.438739,other,other,False,mixed,mixed
b44d874b-8a72-49d5-b329-e6ad5858dddf,db4c5d69-d7d4-4ac4-ab6f-61060aefa337,26586cdd-b0f4-4c41-b321-1e2e2da59967,1624970022618,-16.9155644,32.7678656,1.437369,1.5414064,-0.084661484,1.5827186,other,other,False,mixed,mixed
b44d874b-8a72-49d5-b329-e6ad5858dddf,db4c5d69-d7d4-4ac4-ab6f-61060aefa337,c8926e93-ff7f-482f-95a5-22d0010cb38d,1624970022668,-16.9155644,32.7678656,1.437369,0.16443264,0.8973322,1.4055476,other,other,False,mixed,mixed
b44d874b-8a72-49d5-b329-e6ad5858dddf,db4c5d69-d7d4-4ac4-ab6f-61060aefa337,480dd853-b13e-447d-8f59-293c78fb070b,1624970022718,-16.9155644,32.7678656,1.437369,0.2012614,-0.4223442,1.7537428,other,other,False,mixed,mixed
b44d874b-8a72-49d5-b329-e6ad5858dddf,db4c5d69-d7d4-4ac4-ab6f-61060aefa337,fe78cc58-dc93-4d47-bfba-1e8b96af3435,1624970023571,-16.9155644,32.7678656,1.437369,0.2012614,-0.4223442,1.7537428,other,other,False,mixed,mixed
b44d874b-8a72-49d5-b329-e6ad5858dddf,db4c5d69-d7d4-4ac4-ab6f-61060aefa337,206d92a2-3d44-4267-99b8-10922acc188a,1624970023622,-16.9155644,32.7678656,1.437369,0.12937611,-0.33810997,0.5160445,other,other,False,mixed,mixed
b44d874b-8a72-49d5-b329-e6ad5858dddf,db4c5d69-d7d4-4ac4-ab6f-61060aefa337,9089dd89-87bf-4a91-9762-20222e1878ac,1624970023672,-16.9155449,32.7678611,1.4634663,-0.07560444,0.113072395,1.6645751,other,other,False,mixed,mixed
b44d874b-8a72-49d5-b329-e6ad5858dddf,db4c5d69-d7d4-4ac4-ab6f-61060aefa337,7a42f50f-2878-4dde-9707-ed658d3ae4a5,1624970023722,-16.9155449,32.7678611,1.4634663,-0.23013258,-3.3954144,1.5021964,other,other,False,mixed,mixed
b44d874b-8a72-49d5-b329-e6ad5858dddf,db4c5d69-d7d4-4ac4-ab6f-61060aefa337,eadfe6a6-991c-4934-9f6a-88a6753d8d28,1624970024568,-16.9155449,32.7678611,1.4634663,-0.23013258,-3.3954144,1.5021964,other,other,False,mixed,mixed
b44d874b-8a72-49d5-b329-e6ad5858dddf,db4c5d69-d7d4-4ac4-ab6f-61060aefa337,794fca86-3c1c-4d98-bc2b-ad0167eaa8b3,1624970024619,-16.9155449,32.7678611,1.4634663,0.14638501,-0.7764597,0.21541369,other,other,False,mixed,mixed
b44d874b-8a72-49d5-b329-e6ad5858dddf,db4c5d69-d7d4-4ac4-ab6f-61060aefa337,fbb2cd02-2188-4cbc-933a-35030ba20abc,1624970024669,-16.9155251,32.7678573,1.4866905,0.23741066,0.18132877,1.8040456,other,other,False,mixed,mixed
b44d874b-8a72-49d5-b329-e6ad5858dddf,db4c5d69-d7d4-4ac4-ab6f-61060aefa337,30a37725-eb16-4488-848d-3d6a22213205,1624970024719,-16.9155251,32.7678573,1.4866905,-2.0188947,-6.186102,-0.5461764,other,other,False,mixed,mixed
b44d874b-8a72-49d5-b329-e6ad5858dddf,db4c5d69-d7d4-4ac4-ab6f-61060aefa337,603bf923-25fc-40b7-bc8e-433b855998c3,1624970025569,-16.9155251,32.7678573,1.4866905,-2.0188947,-6.186102,-0.5461764,other,other,False,mixed,mixed
b44d874b-8a72-49d5-b329-e6ad5858dddf,db4c5d69-d7d4-4ac4-ab6f-61060aefa337,e59f9207-60bf-463c-8674-4e39b83bf208,1624970025619,-16.9155088,32.767852,1.4797571,0.4866864,-0.21254063,0.5972102,other,other,False,mixed,mixed
b44d874b-8a72-49d5-b329-e6ad5858dddf,db4c5d69-d7d4-4ac4-ab6f-61060aefa337,7209e7ee-678f-4121-b65d-8357deaee154,1624970025669,-16.9155088,32.767852,1.4797571,1.4239708,-1.1247959,0.9729958,other,other,False,mixed,mixed
b44d874b-8a72-49d5-b329-e6ad5858dddf,db4c5d69-d7d4-4ac4-ab6f-61060aefa337,4b495bca-d47f-4684-b942-5ceb72cac55a,1624970025719,-16.9155088,32.767852,1.4797571,-3.562862,-7.921356,-2.2857418,other,other,False,mixed,mixed
b44d874b-8a72-49d5-b329-e6ad5858dddf,db4c5d69-d7d4-4ac4-ab6f-61060aefa337,ac0b0c14-4652-4aa0-be50-49a83c0ed2cc,1624970025769,-16.9155088,32.767852,1.4797571,-3.112903,-6.606865,-4.2164874,other,other,False,mixed,mixed
b44d874b-8a72-49d5-b329-e6ad5858dddf,db4c5d69-d7d4-4ac4-ab6f-61060aefa337,53b5ddd0-7c4f-4107-8368-03bdc6c654bc,1624970025819,-16.9155088,32.767852,1.4797571,2.5881472,-2.435771,-0.6443996,other,other,False,mixed,mixed
b44d874b-8a72-49d5-b329-e6ad5858dddf,db4c5d69-d7d4-4ac4-ab6f-61060aefa337,21c841ba-e399-43de-a08d-f54f368b92b0,1624970025870,-16.9155088,32.767852,1.4797571,-0.24388218,0.58881474,-0.270963,other,other,False,mixed,mixed
b44d874b-8a72-49d5-b329-e6ad5858dddf,db4c5d69-d7d4-4ac4-ab6f-61060aefa337,94849a0d-be51-41a5-b67a-ff975849f021,1624970025920,-16.9155088,32.767852,1.4797571,-1.181112,3.1708279,0.5549669,other,other,False,mixed,mixed
b44d874b-8a72-49d5-b329-e6ad5858dddf,db4c5d69-d7d4-4ac4-ab6f-61060aefa337,8218b2d0-f3e9-4aa1-b43f-f852cdbdeb46,1624970025970,-16.9155088,32.767852,1.4797571,0.015228629,3.8199327,0.042395383,other,other,False,mixed,mixed
b44d874b-8a72-49d5-b329-e6ad5858dddf,db4c5d69-d7d4-4ac4-ab6f-61060aefa337,59d8a2dd-ab4e-4e98-a85d-e30d69010050,1624970026020,-16.9155088,32.767852,1.4797571,0.91625965,4.804222,0.15525392,other,other,False,mixed,mixed
b44d874b-8a72-49d5-b329-e6ad5858dddf,db4c5d69-d7d4-4ac4-ab6f-61060aefa337,203a5770-86fb-4ac0-a029-8ea6e8fcd948,1624970026071,-16.9155088,32.767852,1.4797571,0.5046804,2.4007654,0.5454301,other,other,False,mixed,mixed
b44d874b-8a72-49d5-b329-e6ad5858dddf,db4c5d69-d7d4-4ac4-ab6f-61060aefa337,8b7ecaf5-bc76-423f-8060-16c72c0dec63,1624970026122,-16.9155088,32.767852,1.4797571,-0.028649688,-0.36433125,0.59595853,other,other,False,mixed,mixed
b44d874b-8a72-49d5-b329-e6ad5858dddf,db4c5d69-d7d4-4ac4-ab6f-61060aefa337,ce245267-e5ec-4fdf-b43a-99d6a74e2123,1624970026171,-16.9155088,32.767852,1.4797571,1.3429741,-0.8008461,0.6158242,other,other,False,mixed,mixed
b44d874b-8a72-49d5-b329-e6ad5858dddf,db4c5d69-d7d4-4ac4-ab6f-61060aefa337,862cbe93-58f7-43e2-a47f-2d25b62357be,1624970026221,-16.9155088,32.767852,1.4797571,-0.8446996,-4.0775595,-0.696425,other,other,False,mixed,mixed
b44d874b-8a72-49d5-b329-e6ad5858dddf,db4c5d69-d7d4-4ac4-ab6f-61060aefa337,ae47aef0-9d59-4a9f-8a11-7ebf84fc4fc4,1624970026271,-16.9155088,32.767852,1.4797571,-2.5981114,-4.3719215,-5.660013,other,other,False,mixed,mixed
b44d874b-8a72-49d5-b329-e6ad5858dddf,db4c5d69-d7d4-4ac4-ab6f-61060aefa337,fef52eb4-0925-4d50-8550-5d3fff9f82de,1624970026322,-16.9155088,32.767852,1.4797571,3.5118132,-1.7629986,-1.1273808,other,other,False,mixed,mixed
b44d874b-8a72-49d5-b329-e6ad5858dddf,db4c5d69-d7d4-4ac4-ab6f-61060aefa337,eb486a8a-68a5-4e94-b382-83aa3de35461,1624970026371,-16.9155088,32.767852,1.4797571,2.1408677,0.52032185,-0.6487325,other,other,False,mixed,mixed
b44d874b-8a72-49d5-b329-e6ad5858dddf,db4c5d69-d7d4-4ac4-ab6f-61060aefa337,36119eb8-d3e2-4057-9192-2938eecc9d0f,1624970026422,-16.9155088,32.767852,1.4797571,0.51132774,2.7588835,-0.4939307,other,other,False,mixed,mixed
b44d874b-8a72-49d5-b329-e6ad5858dddf,db4c5d69-d7d4-4ac4-ab6f-61060aefa337,7d78ff7a-f653-4849-96fa-d22b7b04ceea,1624970026472,-16.9155088,32.767852,1.4797571,0.32397395,3.5302157,-0.102885984,other,other,False,mixed,mixed
b44d874b-8a72-49d5-b329-e6ad5858dddf,db4c5d69-d7d4-4ac4-ab6f-61060aefa337,eb9f8815-14af-4682-ac90-76c8682d47a4,1624970026521,-16.9154993,32.7678486,1.4425646,0.4346078,3.806224,0.5969296,other,other,False,mixed,mixed
b44d874b-8a72-49d5-b329-e6ad5858dddf,db4c5d69-d7d4-4ac4-ab6f-61060aefa337,64b24cde-c8b5-46bf-9c39-b5fb3475851c,1624970026571,-16.9154993,32.7678486,1.4425646,0.74888825,4.169752,0.7770038,other,other,False,mixed,mixed
b44d874b-8a72-49d5-b329-e6ad5858dddf,db4c5d69-d7d4-4ac4-ab6f-61060aefa337,113d18c7-a620-47d5-861f-051b90ebc583,1624970026622,-16.9154993,32.7678486,1.4425646,1.1601061,0.53283596,1.3452578,other,other,False,mixed,mixed
b44d874b-8a72-49d5-b329-e6ad5858dddf,db4c5d69-d7d4-4ac4-ab6f-61060aefa337,5fc98e5b-c0ba-43a5-b124-0c9b91414edb,1624970026673,-16.9154993,32.7678486,1.4425646,0.35201824,-0.86024857,1.0553234,other,other,False,mixed,mixed
b44d874b-8a72-49d5-b329-e6ad5858dddf,db4c5d69-d7d4-4ac4-ab6f-61060aefa337,4a4bd721-b9cf-45c6-a970-19c25bec4601,1624970026724,-16.9154993,32.7678486,1.4425646,0.052037477,-8.165133,-2.9869075,other,other,False,mixed,mixed
b44d874b-8a72-49d5-b329-e6ad5858dddf,db4c5d69-d7d4-4ac4-ab6f-61060aefa337,10800069-6b2d-4dba-9823-8b4a9dcbad01,1624970026775,-16.9154993,32.7678486,1.4425646,-3.6925888,-6.4257298,-4.4624734,other,other,False,mixed,mixed
b44d874b-8a72-49d5-b329-e6ad5858dddf,db4c5d69-d7d4-4ac4-ab6f-61060aefa337,ddc37d74-dee5-4f48-8427-00cb18eb18bc,1624970026825,-16.9154993,32.7678486,1.4425646,2.622922,-1.9816837,-0.431347,other,other,False,mixed,mixed
b44d874b-8a72-49d5-b329-e6ad5858dddf,db4c5d69-d7d4-4ac4-ab6f-61060aefa337,8d2b632c-1471-4d5f-a9c3-a60e9c5e5f57,1624970026876,-16.9154993,32.7678486,1.4425646,0.022371888,1.4798231,-0.06269801,other,other,False,mixed,mixed
b44d874b-8a72-49d5-b329-e6ad5858dddf,db4c5d69-d7d4-4ac4-ab6f-61060aefa337,d06afa41-5c36-4b64-8469-9c6dfdf43b38,1624970026926,-16.9154993,32.7678486,1.4425646,-0.4856385,2.702479,0.023683548,other,other,False,mixed,mixed
b44d874b-8a72-49d5-b329-e6ad5858dddf,db4c5d69-d7d4-4ac4-ab6f-61060aefa337,577a3979-33cf-436e-87c2-2fb63b996b1a,1624970026976,-16.9154993,32.7678486,1.4425646,0.747983,4.1383286,-0.34196937,other,other,False,mixed,mixed
b44d874b-8a72-49d5-b329-e6ad5858dddf,db4c5d69-d7d4-4ac4-ab6f-61060aefa337,b9a223b9-0507-4c00-969a-ab34ae62001c,1624970027026,-16.9154913,32.7678459,1.4620292,1.329477,3.8648043,-0.19364867,other,other,False,mixed,mixed
b44d874b-8a72-49d5-b329-e6ad5858dddf,db4c5d69-d7d4-4ac4-ab6f-61060aefa337,6f74f2c0-b244-42a2-9d08-512ca145b7dd,1624970027077,-16.9154913,32.7678459,1.4620292,0.5379497,1.6302328,0.2512827,other,other,False,mixed,mixed
b44d874b-8a72-49d5-b329-e6ad5858dddf,db4c5d69-d7d4-4ac4-ab6f-61060aefa337,570ddcc0-8eb7-4d90-94ab-7fcd13314ad8,1624970027128,-16.9154913,32.7678459,1.4620292,0.9568092,0.57006836,0.8356292,other,other,False,mixed,mixed
b44d874b-8a72-49d5-b329-e6ad5858dddf,db4c5d69-d7d4-4ac4-ab6f-61060aefa337,1ae5728e-ba64-4e7d-857f-429191a40d6b,1624970027177,-16.9154913,32.7678459,1.4620292,0.81233686,-0.04774952,0.37966925,other,other,False,mixed,mixed
b44d874b-8a72-49d5-b329-e6ad5858dddf,db4c5d69-d7d4-4ac4-ab6f-61060aefa337,ccd05260-221a-4188-8acc-86040a40bfb8,1624970027227,-16.9154913,32.7678459,1.4620292,-1.6438732,-4.833206,-0.08404592,other,other,False,mixed,mixed
b44d874b-8a72-49d5-b329-e6ad5858dddf,db4c5d69-d7d4-4ac4-ab6f-61060aefa337,12d50537-a77d-4aeb-8e2e-be76300c39cb,1624970027278,-16.9154913,32.7678459,1.4620292,-3.6475742,-7.5550823,-6.409509,other,other,False,mixed,mixed
b44d874b-8a72-49d5-b329-e6ad5858dddf,db4c5d69-d7d4-4ac4-ab6f-61060aefa337,6c8971d1-7fd4-4685-839b-95ab10d0f8bf,1624970027330,-16.9154913,32.7678459,1.4620292,2.369225,-0.76603603,-0.9665806,other,other,False,mixed,mixed
b44d874b-8a72-49d5-b329-e6ad5858dddf,db4c5d69-d7d4-4ac4-ab6f-61060aefa337,c1a45ff3-5911-4d63-b594-81c35ce8d87c,1624970027380,-16.9154913,32.7678459,1.4620292,1.3042572,1.6850672,0.21456492,other,other,False,mixed,mixed
b44d874b-8a72-49d5-b329-e6ad5858dddf,db4c5d69-d7d4-4ac4-ab6f-61060aefa337,a660ed72-1098-4b1c-82cd-512e63b33465,1624970027430,-16.9154913,32.7678459,1.4620292,-0.263865,3.6457267,0.448963,other,other,False,mixed,mixed
b44d874b-8a72-49d5-b329-e6ad5858dddf,db4c5d69-d7d4-4ac4-ab6f-61060aefa337,33867395-30cc-4fb6-b640-64ebdec27a77,1624970027480,-16.9154913,32.7678459,1.4620292,0.089831114,4.925702,0.16021037,other,other,False,mixed,mixed
b44d874b-8a72-49d5-b329-e6ad5858dddf,db4c5d69-d7d4-4ac4-ab6f-61060aefa337,a0964a67-fd56-4842-ab8c-55f630ec5518,1624970027530,-16.9154913,32.7678459,1.4620292,0.5793197,4.9759903,0.38130444,other,other,False,mixed,mixed
b44d874b-8a72-49d5-b329-e6ad5858dddf,db4c5d69-d7d4-4ac4-ab6f-61060aefa337,ec455a30-6ce8-4ab2-a073-f07c3b1fbc6d,1624970027581,-16.9154913,32.7678459,1.4620292,0.93807554,3.3814602,0.2588808,other,other,False,mixed,mixed
b44d874b-8a72-49d5-b329-e6ad5858dddf,db4c5d69-d7d4-4ac4-ab6f-61060aefa337,8024d4ba-1d5e-4338-8403-7639e67ba0e6,1624970027631,-16.9154913,32.7678459,1.4620292,1.8067436,-0.82953453,0.8910439,other,other,False,mixed,mixed
b44d874b-8a72-49d5-b329-e6ad5858dddf,db4c5d69-d7d4-4ac4-ab6f-61060aefa337,c37c2600-dabb-44c8-9a4a-b1982bf14ed5,1624970027682,-16.9154913,32.7678459,1.4620292,0.6971349,0.4502325,0.97025573,other,other,False,mixed,mixed
b44d874b-8a72-49d5-b329-e6ad5858dddf,db4c5d69-d7d4-4ac4-ab6f-61060aefa337,aa73bc1a-da53-4cf7-8a76-f68e832fbd7c,1624970027733,-16.9154913,32.7678459,1.4620292,-0.25297534,-4.3388653,0.986277,other,other,False,mixed,mixed
b44d874b-8a72-49d5-b329-e6ad5858dddf,db4c5d69-d7d4-4ac4-ab6f-61060aefa337,596c81c9-b6d1-4c37-9d99-e52918f9ffb1,1624970027783,-16.9154913,32.7678459,1.4620292,-10.593794,-7.041687,-9.719768,other,other,False,mixed,mixed
b44d874b-8a72-49d5-b329-e6ad5858dddf,db4c5d69-d7d4-4ac4-ab6f-61060aefa337,82aa13e8-ba72-42d1-a054-daba445bc7ee,1624970028569,-16.9154913,32.7678459,1.4620292,-10.593794,-7.041687,-9.719768,other,other,False,mixed,mixed
b44d874b-8a72-49d5-b329-e6ad5858dddf,db4c5d69-d7d4-4ac4-ab6f-61060aefa337,fa678c72-9069-48ce-8fd6-c33b6e7c2ab6,1624970028619,-16.9154623,32.7678392,1.5422562,0.99388874,3.210957,0.45831972,other,other,False,mixed,mixed
b44d874b-8a72-49d5-b329-e6ad5858dddf,db4c5d69-d7d4-4ac4-ab6f-61060aefa337,f8ae51da-c377-401d-8cda-2456468beddb,1624970028669,-16.9154623,32.7678392,1.5422562,1.0834645,0.45843506,1.4577329,other,other,False,mixed,mixed
b44d874b-8a72-49d5-b329-e6ad5858dddf,db4c5d69-d7d4-4ac4-ab6f-61060aefa337,f43f98b3-5343-43d8-ae81-aaecdf22e561,1624970029574,-16.9154623,32.7678392,1.5422562,1.009696,0.2032671,2.5154932,other,other,False,mixed,mixed
b44d874b-8a72-49d5-b329-e6ad5858dddf,db4c5d69-d7d4-4ac4-ab6f-61060aefa337,d83070c9-c826-42bf-ad00-87f044da80c0,1624970029625,-16.9154443,32.7678345,1.5710143,0.41296935,-0.016311646,0.14156419,other,other,False,mixed,mixed
b44d874b-8a72-49d5-b329-e6ad5858dddf,db4c5d69-d7d4-4ac4-ab6f-61060aefa337,f05b0620-cbac-42ac-80fa-d4e4afba1ec6,1624970029676,-16.9154443,32.7678345,1.5710143,1.6695243,1.4926634,1.2431957,other,other,False,mixed,mixed
b44d874b-8a72-49d5-b329-e6ad5858dddf,db4c5d69-d7d4-4ac4-ab6f-61060aefa337,93756c47-a064-4dd9-bccf-331fcd2e2d82,1624970029727,-16.9154443,32.7678345,1.5710143,0.7072208,0.4707079,1.0771289,other,other,False,mixed,mixed
b44d874b-8a72-49d5-b329-e6ad5858dddf,db4c5d69-d7d4-4ac4-ab6f-61060aefa337,33680f6f-ddfe-4b16-8b32-43680239ebd2,1624970030569,-16.9154443,32.7678345,1.5710143,0.7072208,0.4707079,1.0771289,other,other,False,mixed,mixed
b44d874b-8a72-49d5-b329-e6ad5858dddf,db4c5d69-d7d4-4ac4-ab6f-61060aefa337,9f74dac3-0104-4465-9b40-a03fc739adba,1624970030620,-16.915428,32.767829,1.5554585,0.0855186,0.1517024,0.05007416,other,other,False,mixed,mixed
b44d874b-8a72-49d5-b329-e6ad5858dddf,db4c5d69-d7d4-4ac4-ab6f-61060aefa337,1ada7c3d-f726-4544-8e5b-e973d8aea762,1624970030670,-16.915428,32.767829,1.5554585,0.7720156,0.71071434,0.69732076,other,other,False,mixed,mixed
b44d874b-8a72-49d5-b329-e6ad5858dddf,db4c5d69-d7d4-4ac4-ab6f-61060aefa337,d17f9e89-38a1-4397-a132-5176c6eb66b6,1624970030720,-16.915428,32.767829,1.5554585,1.1415856,-0.38983917,0.8501735,other,other,False,mixed,mixed
b44d874b-8a72-49d5-b329-e6ad5858dddf,db4c5d69-d7d4-4ac4-ab6f-61060aefa337,4f53e17a-9c2b-4031-93a1-b118a114a1c1,1624970031568,-16.915428,32.767829,1.5554585,1.1415856,-0.38983917,0.8501735,other,other,False,mixed,mixed
b44d874b-8a72-49d5-b329-e6ad5858dddf,db4c5d69-d7d4-4ac4-ab6f-61060aefa337,0a687458-25f1-4fc2-a408-9f3c1d78a394,1624970031622,-16.915428,32.767829,1.5554585,0.14676201,0.07459116,0.081098564,other,other,False,mixed,mixed
b44d874b-8a72-49d5-b329-e6ad5858dddf,db4c5d69-d7d4-4ac4-ab6f-61060aefa337,3dc1d4e6-b893-4a65-99bf-bb2d3ca23acf,1624970031672,-16.9154119,32.7678238,1.5353296,0.8218813,3.262816,0.62272704,other,other,False,mixed,mixed
b44d874b-8a72-49d5-b329-e6ad5858dddf,db4c5d69-d7d4-4ac4-ab6f-61060aefa337,8c87a90b-8d38-4baf-82dc-0c913b59eafc,1624970031722,-16.9154119,32.7678238,1.5353296,1.3665154,1.7055459,1.2548033,other,other,False,mixed,mixed
b44d874b-8a72-49d5-b329-e6ad5858dddf,db4c5d69-d7d4-4ac4-ab6f-61060aefa337,d263776f-5292-47a4-9586-514d1a61276c,1624970032570,-16.9154119,32.7678238,1.5353296,1.3665154,1.7055459,1.2548033,other,other,False,mixed,mixed
b44d874b-8a72-49d5-b329-e6ad5858dddf,db4c5d69-d7d4-4ac4-ab6f-61060aefa337,04364b40-20c3-40db-b641-42a242a5fd2f,1624970032620,-16.915397,32.7678184,1.516616,0.095891535,0.79295754,0.20498002,other,other,False,mixed,mixed
b44d874b-8a72-49d5-b329-e6ad5858dddf,db4c5d69-d7d4-4ac4-ab6f-61060aefa337,0cc6d0be-8315-4e0e-bd1d-974b6e5041bf,1624970032672,-16.915397,32.7678184,1.516616,0.3721465,3.8662753,0.7376946,other,other,False,mixed,mixed
b44d874b-8a72-49d5-b329-e6ad5858dddf,db4c5d69-d7d4-4ac4-ab6f-61060aefa337,6d392607-6e7f-44ee-a552-73a4ad0ef479,1624970033570,-16.915397,32.7678184,1.516616,0.43222582,2.465292,0.8184097,other,other,False,mixed,mixed
b44d874b-8a72-49d5-b329-e6ad5858dddf,db4c5d69-d7d4-4ac4-ab6f-61060aefa337,444653d3-fae6-49c9-8451-1397cbd8db36,1624970033619,-16.915397,32.7678184,1.516616,0.51021314,2.7407293,0.26003805,other,other,False,mixed,mixed
b44d874b-8a72-49d5-b329-e6ad5858dddf,db4c5d69-d7d4-4ac4-ab6f-61060aefa337,6188e76a-a697-440d-97f2-6695c285dcb0,1624970033669,-16.915382,32.7678109,1.5126233,0.8723155,3.6270924,0.59249985,other,other,False,mixed,mixed
b44d874b-8a72-49d5-b329-e6ad5858dddf,db4c5d69-d7d4-4ac4-ab6f-61060aefa337,3a240e44-1af8-446d-a83c-eac74e1d3405,1624970033720,-16.915382,32.7678109,1.5126233,1.0977813,1.8133755,0.91008097,other,other,False,mixed,mixed
b44d874b-8a72-49d5-b329-e6ad5858dddf,db4c5d69-d7d4-4ac4-ab6f-61060aefa337,9e9e844f-0c4e-4738-b87f-1c304baa48b4,1624970034568,-16.915382,32.7678109,1.5126233,1.0977813,1.8133755,0.91008097,other,other,False,mixed,mixed
b44d874b-8a72-49d5-b329-e6ad5858dddf,db4c5d69-d7d4-4ac4-ab6f-61060aefa337,64a9ee9c-7451-4cc8-9112-df11e29a98b2,1624970034618,-16.915382,32.7678109,1.5126233,0.08395034,0.10008168,-0.078358024,other,other,False,mixed,mixed
b44d874b-8a72-49d5-b329-e6ad5858dddf,db4c5d69-d7d4-4ac4-ab6f-61060aefa337,54a714d2-2bcf-4ac1-9be8-c7b388508f88,1624970034667,-16.9153655,32.7678025,1.5549151,0.5558797,3.4402456,0.48527724,other,other,False,mixed,mixed
b44d874b-8a72-49d5-b329-e6ad5858dddf,db4c5d69-d7d4-4ac4-ab6f-61060aefa337,53810843-a8a4-40d5-8645-c091f1efbde1,1624970034718,-16.9153655,32.7678025,1.5549151,0.44983774,1.3055043,0.6544311,other,other,False,mixed,mixed
b44d874b-8a72-49d5-b329-e6ad5858dddf,db4c5d69-d7d4-4ac4-ab6f-61060aefa337,4cbe0df5-e58b-40ce-9de1-c82b8d610bcb,1624970035566,-16.9153655,32.7678025,1.5549151,0.44983774,1.3055043,0.6544311,other,other,False,mixed,mixed
b44d874b-8a72-49d5-b329-e6ad5858dddf,db4c5d69-d7d4-4ac4-ab6f-61060aefa337,946b2e54-1850-4027-b573-9f6f9e75170a,1624970035616,-16.9153492,32.767793,1.5766762,0.021928549,1.3675423,0.21671051,other,other,False,mixed,mixed
b44d874b-8a72-49d5-b329-e6ad5858dddf,db4c5d69-d7d4-4ac4-ab6f-61060aefa337,12f8c2f4-7b6a-40bf-ac8f-fe6c3fe0722b,1624970035667,-16.9153492,32.767793,1.5766762,0.6318951,4.1492624,0.40571606,other,other,False,mixed,mixed
b44d874b-8a72-49d5-b329-e6ad5858dddf,db4c5d69-d7d4-4ac4-ab6f-61060aefa337,caa1e0b3-80ea-4f9b-a675-45447ac66ffa,1624970035719,-16.9153492,32.767793,1.5766762,0.5741689,3.6804752,0.48667514,other,other,False,mixed,mixed
b44d874b-8a72-49d5-b329-e6ad5858dddf,db4c5d69-d7d4-4ac4-ab6f-61060aefa337,f3b671bd-d175-4334-9592-1a655249f400,1624970036574,-16.9153492,32.767793,1.5766762,0.5741689,3.6804752,0.48667514,other,other,False,mixed,mixed
b44d874b-8a72-49d5-b329-e6ad5858dddf,db4c5d69-d7d4-4ac4-ab6f-61060aefa337,079f3c44-df03-48c3-ad25-ebca0fdae896,1624970036623,-16.9153351,32.7677827,1.5753504,0.15886325,1.6328168,0.0078828335,other,other,False,mixed,mixed
b44d874b-8a72-49d5-b329-e6ad5858dddf,db4c5d69-d7d4-4ac4-ab6f-61060aefa337,15130628-9c1e-4161-956a-97ef18c426f7,1624970036673,-16.9153351,32.7677827,1.5753504,0.7206426,3.3232355,0.05231087,other,other,False,mixed,mixed
b44d874b-8a72-49d5-b329-e6ad5858dddf,db4c5d69-d7d4-4ac4-ab6f-61060aefa337,cc6369c1-abf8-44ac-9f02-94fdb1486cdd,1624970036723,-16.9153351,32.7677827,1.5753504,1.085824,3.2279153,0.27111536,other,other,False,mixed,mixed
b44d874b-8a72-49d5-b329-e6ad5858dddf,db4c5d69-d7d4-4ac4-ab6f-61060aefa337,d2c16344-2dca-414c-a963-a5860c4f502b,1624970037569,-16.9153351,32.7677827,1.5753504,1.085824,3.2279153,0.27111536,other,other,False,mixed,mixed
b44d874b-8a72-49d5-b329-e6ad5858dddf,db4c5d69-d7d4-4ac4-ab6f-61060aefa337,ee8ba8ba-af71-4d60-9ed7-da1a68adb50c,1624970037619,-16.9153226,32.7677714,1.5650306,0.2898451,1.7683764,0.11638278,other,other,False,mixed,mixed
b44d874b-8a72-49d5-b329-e6ad5858dddf,db4c5d69-d7d4-4ac4-ab6f-61060aefa337,819e65d3-ddeb-4738-a789-360e7cb213af,1624970037670,-16.9153226,32.7677714,1.5650306,0.5582872,4.9718337,0.58924305,other,other,False,mixed,mixed
b44d874b-8a72-49d5-b329-e6ad5858dddf,db4c5d69-d7d4-4ac4-ab6f-61060aefa337,0e07e874-923b-47c5-88b4-407d8586308e,1624970038569,-16.9153226,32.7677714,1.5650306,0.30555582,3.0841036,1.1734706,other,other,False,mixed,mixed
b44d874b-8a72-49d5-b329-e6ad5858dddf,db4c5d69-d7d4-4ac4-ab6f-61060aefa337,67e0c834-09fd-438b-a61d-fb6dd94a5b9a,1624970038628,-16.9153226,32.7677714,1.5650306,0.29430163,0.06380677,-0.29380655,other,other,False,mixed,mixed
b44d874b-8a72-49d5-b329-e6ad5858dddf,db4c5d69-d7d4-4ac4-ab6f-61060aefa337,bff8e9ff-23cd-4ee8-a1e5-a6d07943657e,1624970038678,-16.9153108,32.7677594,1.5559139,0.26241118,2.3034592,0.01148057,other,other,False,mixed,mixed
b44d874b-8a72-49d5-b329-e6ad5858dddf,db4c5d69-d7d4-4ac4-ab6f-61060aefa337,784ebf17-d414-4f66-a094-b4c55801ff67,1624970039572,-16.9153108,32.7677594,1.5559139,0.28596652,1.2713976,0.27715027,other,other,False,mixed,mixed
b44d874b-8a72-49d5-b329-e6ad5858dddf,db4c5d69-d7d4-4ac4-ab6f-61060aefa337,48ab990f-b14f-43de-9f57-3e5ae622925d,1624970039623,-16.9152993,32.7677482,1.5700732,0.090633154,0.35343695,-0.005923122,other,other,False,mixed,mixed
b44d874b-8a72-49d5-b329-e6ad5858dddf,db4c5d69-d7d4-4ac4-ab6f-61060aefa337,e02d49b7-bb40-40eb-bec4-389d03c9a595,1624970039673,-16.9152993,32.7677482,1.5700732,0.638897,3.8161244,-0.30704916,other,other,False,mixed,mixed
b44d874b-8a72-49d5-b329-e6ad5858dddf,db4c5d69-d7d4-4ac4-ab6f-61060aefa337,dbc7714d-fac3-4ef8-84cb-1a3ef3832fc0,1624970040570,-16.9152993,32.7677482,1.5700732,0.7099186,2.6892242,-0.22195317,other,other,False,mixed,mixed
b44d874b-8a72-49d5-b329-e6ad5858dddf,db4c5d69-d7d4-4ac4-ab6f-61060aefa337,948761a6-43e1-4124-9e09-bfd2e89ff6f0,1624970040620,-16.9152867,32.7677365,1.5809005,0.06967008,2.4805965,0.14998317,other,other,False,mixed,mixed
b44d874b-8a72-49d5-b329-e6ad5858dddf,db4c5d69-d7d4-4ac4-ab6f-61060aefa337,ede45d1e-103a-4239-8074-6c869474fc81,1624970040669,-16.9152867,32.7677365,1.5809005,0.4126178,3.279539,0.15048045,other,other,False,mixed,mixed
b44d874b-8a72-49d5-b329-e6ad5858dddf,db4c5d69-d7d4-4ac4-ab6f-61060aefa337,e263ee75-29a1-416b-ac0f-5fc21fad4524,1624970040719,-16.9152867,32.7677365,1.5809005,0.6504616,3.9617133,0.14633486,other,other,False,mixed,mixed
b44d874b-8a72-49d5-b329-e6ad5858dddf,db4c5d69-d7d4-4ac4-ab6f-61060aefa337,92c1c5ff-7404-4573-b397-bf6160c278ce,1624970041567,-16.9152867,32.7677365,1.5809005,0.6504616,3.9617133,0.14633486,other,other,False,mixed,mixed
b44d874b-8a72-49d5-b329-e6ad5858dddf,db4c5d69-d7d4-4ac4-ab6f-61060aefa337,93e6c3e3-506a-4b7b-802a-dfeb6f00e530,1624970041620,-16.9152867,32.7677365,1.5809005,0.026371717,1.2167721,0.06570643,other,other,False,mixed,mixed
b44d874b-8a72-49d5-b329-e6ad5858dddf,db4c5d69-d7d4-4ac4-ab6f-61060aefa337,f640e010-ac44-4f49-9467-85c8b0042336,1624970041670,-16.9152746,32.7677232,1.5853945,0.4484352,4.485058,0.27675134,other,other,False,mixed,mixed
b44d874b-8a72-49d5-b329-e6ad5858dddf,db4c5d69-d7d4-4ac4-ab6f-61060aefa337,b880e83f-ada9-4a62-8e36-36d13852d32e,1624970041720,-16.9152746,32.7677232,1.5853945,0.7079649,4.341163,0.38458672,other,other,False,mixed,mixed
b44d874b-8a72-49d5-b329-e6ad5858dddf,db4c5d69-d7d4-4ac4-ab6f-61060aefa337,9d08d5d5-5ad8-42ef-be7e-3c2eed9a57d9,1624970042567,-16.9152746,32.7677232,1.5853945,0.7079649,4.341163,0.38458672,other,other,False,mixed,mixed
b44d874b-8a72-49d5-b329-e6ad5858dddf,db4c5d69-d7d4-4ac4-ab6f-61060aefa337,01ab50c8-83ea-40e4-a776-d2d3e16cf7d1,1624970042618,-16.9152644,32.7677122,1.5702299,0.08459675,1.0507317,0.0009127259,other,other,False,mixed,mixed
b44d874b-8a72-49d5-b329-e6ad5858dddf,db4c5d69-d7d4-4ac4-ab6f-61060aefa337,5be2027d-a76b-41c3-a304-0d4d70022ffe,1624970042668,-16.9152644,32.7677122,1.5702299,0.4634868,3.753773,0.10975324,other,other,False,mixed,mixed
b44d874b-8a72-49d5-b329-e6ad5858dddf,db4c5d69-d7d4-4ac4-ab6f-61060aefa337,d83ed0aa-aaf4-4030-a8b2-04304643e199,1624970042719,-16.9152644,32.7677122,1.5702299,0.9952221,4.408651,0.17891511,other,other,False,mixed,mixed
b44d874b-8a72-49d5-b329-e6ad5858dddf,db4c5d69-d7d4-4ac4-ab6f-61060aefa337,02baba89-a885-401c-ad35-4e32616a7e54,1624970043601,-16.9152644,32.7677122,1.5702299,0.9952221,4.408651,0.17891511,other,other,False,mixed,mixed
b44d874b-8a72-49d5-b329-e6ad5858dddf,db4c5d69-d7d4-4ac4-ab6f-61060aefa337,f4fc38aa-4c52-4915-a340-2d54fc5210f8,1624970043652,-16.9152543,32.7677024,1.5344702,0.27737546,1.2453134,0.064575315,other,other,False,mixed,mixed
b44d874b-8a72-49d5-b329-e6ad5858dddf,db4c5d69-d7d4-4ac4-ab6f-61060aefa337,032367bd-6b97-429e-ae2f-f5b5f3bfd186,1624970043702,-16.9152543,32.7677024,1.5344702,0.90782183,5.598562,0.9135158,other,other,False,mixed,mixed
b44d874b-8a72-49d5-b329-e6ad5858dddf,db4c5d69-d7d4-4ac4-ab6f-61060aefa337,be4f5d7d-0053-4fc8-902a-caf740ee3e00,1624970043753,-16.9152543,32.7677024,1.5344702,1.0149925,4.117178,1.3410579,other,other,False,mixed,mixed
b44d874b-8a72-49d5-b329-e6ad5858dddf,db4c5d69-d7d4-4ac4-ab6f-61060aefa337,2cf58dd4-c2b3-401d-9a0c-76e61aee698d,1624970043804,-16.9152543,32.7677024,1.5344702,1.4773046,0.7818527,1.2309077,other,other,False,mixed,mixed
b44d874b-8a72-49d5-b329-e6ad5858dddf,db4c5d69-d7d4-4ac4-ab6f-61060aefa337,d39e79cd-9965-42bf-9979-5d29ae2ad7a3,1624970043856,-16.9152543,32.7677024,1.5344702,-0.24931455,-0.40210724,0.7366695,other,other,False,mixed,mixed
b44d874b-8a72-49d5-b329-e6ad5858dddf,db4c5d69-d7d4-4ac4-ab6f-61060aefa337,45f1fdab-b7a0-485a-b1f1-58ac9a14aae0,1624970043907,-16.9152543,32.7677024,1.5344702,-9.719181,-8.709083,-9.046418,other,other,False,mixed,mixed
b44d874b-8a72-49d5-b329-e6ad5858dddf,db4c5d69-d7d4-4ac4-ab6f-61060aefa337,80384f62-63ae-4d78-ad3b-e1069629796a,1624970043957,-16.9152543,32.7677024,1.5344702,-1.277499,-6.889332,-2.57064,other,other,False,mixed,mixed
b44d874b-8a72-49d5-b329-e6ad5858dddf,db4c5d69-d7d4-4ac4-ab6f-61060aefa337,b6c7c689-de38-408a-b42a-7a077c696713,1624970044008,-16.9152543,32.7677024,1.5344702,2.9487467,-3.313016,-2.0238087,other,other,False,mixed,mixed
b44d874b-8a72-49d5-b329-e6ad5858dddf,db4c5d69-d7d4-4ac4-ab6f-61060aefa337,23dd96fe-fe72-460f-b447-42b767911622,1624970044059,-16.9152543,32.7677024,1.5344702,0.02230978,0.3702793,-0.7685872,other,other,False,mixed,mixed
b44d874b-8a72-49d5-b329-e6ad5858dddf,db4c5d69-d7d4-4ac4-ab6f-61060aefa337,f8446906-5b4f-4da1-8945-7e23567975eb,1624970044110,-16.9152543,32.7677024,1.5344702,-0.21686852,2.1162071,0.050722823,other,other,False,mixed,mixed
b44d874b-8a72-49d5-b329-e6ad5858dddf,db4c5d69-d7d4-4ac4-ab6f-61060aefa337,d14c3621-5cf8-4458-9abc-2db216b884a5,1624970044161,-16.9152543,32.7677024,1.5344702,-0.045849085,3.3556948,0.27069265,other,other,False,mixed,mixed
b44d874b-8a72-49d5-b329-e6ad5858dddf,db4c5d69-d7d4-4ac4-ab6f-61060aefa337,d7565485-84ed-43dc-bc4a-0bcc2ab23a13,1624970044211,-16.9152495,32.7676962,1.5201463,0.40358472,2.9704134,0.58456224,other,other,False,mixed,mixed
b44d874b-8a72-49d5-b329-e6ad5858dddf,db4c5d69-d7d4-4ac4-ab6f-61060aefa337,d71249ca-dea6-4a36-94fb-6ca6996b0523,1624970044262,-16.9152495,32.7676962,1.5201463,0.5408635,3.8853722,1.002321,other,other,False,mixed,mixed
b44d874b-8a72-49d5-b329-e6ad5858dddf,db4c5d69-d7d4-4ac4-ab6f-61060aefa337,5a502af5-6d3e-4012-a3b0-dff2561e17c4,1624970044311,-16.9152495,32.7676962,1.5201463,0.31809545,2.055107,1.4457645,other,other,False,mixed,mixed
b44d874b-8a72-49d5-b329-e6ad5858dddf,db4c5d69-d7d4-4ac4-ab6f-61060aefa337,7919d657-8e0c-401a-a035-46f2dbe93d85,1624970044361,-16.9152495,32.7676962,1.5201463,-0.059622407,0.031991005,0.77347684,other,other,False,mixed,mixed
b44d874b-8a72-49d5-b329-e6ad5858dddf,db4c5d69-d7d4-4ac4-ab6f-61060aefa337,134a3659-f318-43f5-a49a-6fcbc2c54b99,1624970044411,-16.9152495,32.7676962,1.5201463,-2.3480425,-7.9723587,-3.55154,other,other,False,mixed,mixed
b44d874b-8a72-49d5-b329-e6ad5858dddf,db4c5d69-d7d4-4ac4-ab6f-61060aefa337,e75fbb4a-7463-4b53-9c84-0f3817155fe0,1624970044461,-16.9152495,32.7676962,1.5201463,1.7936982,-11.319432,-7.7460833,other,other,False,mixed,mixed
b44d874b-8a72-49d5-b329-e6ad5858dddf,db4c5d69-d7d4-4ac4-ab6f-61060aefa337,82034339-9043-4606-92cb-806243e7ba2d,1624970044511,-16.9152495,32.7676962,1.5201463,3.3123765,-2.093914,-1.9002192,other,other,False,mixed,mixed
b44d874b-8a72-49d5-b329-e6ad5858dddf,db4c5d69-d7d4-4ac4-ab6f-61060aefa337,3ff7589b-2f1f-4972-9803-4103b434024a,1624970044559,-16.9152495,32.7676962,1.5201463,0.6915723,0.98246574,-0.0536398,other,other,False,mixed,mixed
b44d874b-8a72-49d5-b329-e6ad5858dddf,db4c5d69-d7d4-4ac4-ab6f-61060aefa337,5264a50f-86b5-44ca-aea6-710c95737b28,1624970044609,-16.9152495,32.7676962,1.5201463,-2.1310484,3.7125077,-0.075501606,other,other,False,mixed,mixed
b44d874b-8a72-49d5-b329-e6ad5858dddf,db4c5d69-d7d4-4ac4-ab6f-61060aefa337,0e8e88ca-dae9-4893-8122-2252a00a7db7,1624970044659,-16.9152495,32.7676962,1.5201463,-0.14859855,4.7250066,0.6889845,other,other,False,mixed,mixed
b44d874b-8a72-49d5-b329-e6ad5858dddf,db4c5d69-d7d4-4ac4-ab6f-61060aefa337,85d0b0c2-22df-4d2e-9d46-ce268dc1f718,1624970044708,-16.9152456,32.7676896,1.5457885,0.057905316,4.3168626,0.83326066,other,other,False,mixed,mixed
b44d874b-8a72-49d5-b329-e6ad5858dddf,db4c5d69-d7d4-4ac4-ab6f-61060aefa337,a899e1fe-b5c5-4b86-9355-f80619c3288f,1624970044759,-16.9152456,32.7676896,1.5457885,0.50949365,4.591484,0.9697914,other,other,False,mixed,mixed
b44d874b-8a72-49d5-b329-e6ad5858dddf,db4c5d69-d7d4-4ac4-ab6f-61060aefa337,b7dab631-3c93-4996-a761-df5c8f4fa9ab,1624970044809,-16.9152456,32.7676896,1.5457885,0.30581033,0.62158966,1.3983362,other,other,False,mixed,mixed
b44d874b-8a72-49d5-b329-e6ad5858dddf,3a5c1b86-f898-429c-9452-d3147118d0d1,0870b750-1139-4977-bd0d-42fafd26e1c6,1624970035567,-16.9153655,32.7678025,1.5549151,0.44983774,1.3055043,0.6544311,other,other,False,mixed,mixed
b44d874b-8a72-49d5-b329-e6ad5858dddf,3a5c1b86-f898-429c-9452-d3147118d0d1,898bcdb1-f778-4c7a-b5e8-a34f9fe22d1d,1624970035616,-16.9153492,32.767793,1.5766762,0.021928549,1.3675423,0.21671051,other,other,False,mixed,mixed
b44d874b-8a72-49d5-b329-e6ad5858dddf,3a5c1b86-f898-429c-9452-d3147118d0d1,7718653e-86d2-44b2-8f5f-43d4e2a5e896,1624970035668,-16.9153492,32.767793,1.5766762,0.78455544,5.135661,0.54919857,other,other,False,mixed,mixed
b44d874b-8a72-49d5-b329-e6ad5858dddf,3a5c1b86-f898-429c-9452-d3147118d0d1,7c34fc1a-9534-45a1-9167-c8b804bf477e,1624970035719,-16.9153492,32.767793,1.5766762,0.5741689,3.6804752,0.48667514,other,other,False,mixed,mixed
b44d874b-8a72-49d5-b329-e6ad5858dddf,3a5c1b86-f898-429c-9452-d3147118d0d1,e8921fce-efdb-4a12-9863-967bbed4b3e0,1624970036573,-16.9153492,32.767793,1.5766762,0.5741689,3.6804752,0.48667514,other,other,False,mixed,mixed
b44d874b-8a72-49d5-b329-e6ad5858dddf,3a5c1b86-f898-429c-9452-d3147118d0d1,0deb9903-f9dc-4985-9885-d0a889f70623,1624970036623,-16.9153351,32.7677827,1.5753504,0.15886325,1.6328168,0.0078828335,other,other,False,mixed,mixed
b44d874b-8a72-49d5-b329-e6ad5858dddf,3a5c1b86-f898-429c-9452-d3147118d0d1,a16b2948-9efe-4fe8-b4f5-a1bc2e7e0d2c,1624970036674,-16.9153351,32.7677827,1.5753504,0.7206426,3.3232355,0.05231087,other,other,False,mixed,mixed
b44d874b-8a72-49d5-b329-e6ad5858dddf,3a5c1b86-f898-429c-9452-d3147118d0d1,24f6a573-41a1-4f55-8355-eb5c22a589e1,1624970036724,-16.9153351,32.7677827,1.5753504,1.085824,3.2279153,0.27111536,other,other,False,mixed,mixed
b44d874b-8a72-49d5-b329-e6ad5858dddf,3a5c1b86-f898-429c-9452-d3147118d0d1,78bd7bbe-80c7-4ebb-a3a9-cc1727aeed8f,1624970037570,-16.9153351,32.7677827,1.5753504,1.085824,3.2279153,0.27111536,other,other,False,mixed,mixed
b44d874b-8a72-49d5-b329-e6ad5858dddf,3a5c1b86-f898-429c-9452-d3147118d0d1,46615fbc-e9af-4a70-bfe9-156ffbd21498,1624970037620,-16.9153226,32.7677714,1.5650306,0.2898451,1.7683764,0.11638278,other,other,False,mixed,mixed
b44d874b-8a72-49d5-b329-e6ad5858dddf,3a5c1b86-f898-429c-9452-d3147118d0d1,f46bc213-adcc-499e-a987-67b27c32cdb0,1624970037671,-16.9153226,32.7677714,1.5650306,0.43896437,3.8586512,0.46756166,other,other,False,mixed,mixed
b44d874b-8a72-49d5-b329-e6ad5858dddf,3a5c1b86-f898-429c-9452-d3147118d0d1,a6945a87-03e2-403d-9b19-104da2e7c469,1624970038570,-16.9153226,32.7677714,1.5650306,0.30555582,3.0841036,1.1734706,other,other,False,mixed,mixed
b44d874b-8a72-49d5-b329-e6ad5858dddf,3a5c1b86-f898-429c-9452-d3147118d0d1,893510ec-a1db-4fb7-8820-11b305d9811a,1624970038629,-16.9153226,32.7677714,1.5650306,0.29430163,0.06380677,-0.29380655,other,other,False,mixed,mixed
b44d874b-8a72-49d5-b329-e6ad5858dddf,3a5c1b86-f898-429c-9452-d3147118d0d1,f543bbf8-ede0-4c0e-8c12-258e2ff48a7a,1624970038679,-16.9153108,32.7677594,1.5559139,0.26241118,2.3034592,0.01148057,other,other,False,mixed,mixed
b44d874b-8a72-49d5-b329-e6ad5858dddf,3a5c1b86-f898-429c-9452-d3147118d0d1,bba61711-85ae-4803-94cb-d3b02fe6b527,1624970039572,-16.9153108,32.7677594,1.5559139,0.28596652,1.2713976,0.27715027,other,other,False,mixed,mixed
b44d874b-8a72-49d5-b329-e6ad5858dddf,3a5c1b86-f898-429c-9452-d3147118d0d1,d324c6dc-cb8b-4381-83c3-0632643848ea,1624970039622,-16.9152993,32.7677482,1.5700732,0.11389029,0.3699317,-0.11819479,other,other,False,mixed,mixed
b44d874b-8a72-49d5-b329-e6ad5858dddf,3a5c1b86-f898-429c-9452-d3147118d0d1,2559c26e-9dfa-45ec-b772-5d2373525f0c,1624970039672,-16.9152993,32.7677482,1.5700732,0.638897,3.8161244,-0.30704916,other,other,False,mixed,mixed
b44d874b-8a72-49d5-b329-e6ad5858dddf,3a5c1b86-f898-429c-9452-d3147118d0d1,29e7acc4-6d3b-48cb-acd9-74d0198eb8c1,1624970040568,-16.9152993,32.7677482,1.5700732,0.7099186,2.6892242,-0.22195317,other,other,False,mixed,mixed
b44d874b-8a72-49d5-b329-e6ad5858dddf,3a5c1b86-f898-429c-9452-d3147118d0d1,49ad7b4a-0a29-4b36-9fa5-2708342aa7fb,1624970040618,-16.9152867,32.7677365,1.5809005,0.12062442,3.0672088,0.2114338,other,other,False,mixed,mixed
b44d874b-8a72-49d5-b329-e6ad5858dddf,3a5c1b86-f898-429c-9452-d3147118d0d1,fb7e90cd-270c-4a2f-9a49-466cbb9bb382,1624970040666,-16.9152867,32.7677365,1.5809005,0.52954626,4.085051,0.27433783,other,other,False,mixed,mixed
b44d874b-8a72-49d5-b329-e6ad5858dddf,3a5c1b86-f898-429c-9452-d3147118d0d1,56c01907-2d20-4b78-9f4b-960e60162256,1624970040717,-16.9152867,32.7677365,1.5809005,0.6504616,3.9617133,0.14633486,other,other,False,mixed,mixed
b44d874b-8a72-49d5-b329-e6ad5858dddf,3a5c1b86-f898-429c-9452-d3147118d0d1,15cc310b-6f16-487e-ac05-ef6b4fc07700,1624970041566,-16.9152867,32.7677365,1.5809005,0.6504616,3.9617133,0.14633486,other,other,False,mixed,mixed
b44d874b-8a72-49d5-b329-e6ad5858dddf,3a5c1b86-f898-429c-9452-d3147118d0d1,47c95280-3c52-4cb9-8add-b8c8eb3baa00,1624970041615,-16.9152867,32.7677365,1.5809005,-0.3497131,1.5018015,0.086924076,other,other,False,mixed,mixed
b44d874b-8a72-49d5-b329-e6ad5858dddf,3a5c1b86-f898-429c-9452-d3147118d0d1,3e13c434-6a49-4ce9-9e6c-1cf5a7974fcb,1624970041666,-16.9152746,32.7677232,1.5853945,0.34057587,3.5760198,0.14062932,other,other,False,mixed,mixed
b44d874b-8a72-49d5-b329-e6ad5858dddf,3a5c1b86-f898-429c-9452-d3147118d0d1,5552fee6-f89c-4ed9-9c7e-138d39c1dc6e,1624970041717,-16.9152746,32.7677232,1.5853945,0.7079649,4.341163,0.38458672,other,other,False,mixed,mixed
b44d874b-8a72-49d5-b329-e6ad5858dddf,3a5c1b86-f898-429c-9452-d3147118d0d1,454ff911-6f24-4fe0-bd53-029ff0aca7ce,1624970042567,-16.9152746,32.7677232,1.5853945,0.7079649,4.341163,0.38458672,other,other,False,mixed,mixed
b44d874b-8a72-49d5-b329-e6ad5858dddf,3a5c1b86-f898-429c-9452-d3147118d0d1,27c94a3d-23e8-40e4-a388-339afbbcad06,1624970042617,-16.9152644,32.7677122,1.5702299,0.08459675,1.0507317,0.0009127259,other,other,False,mixed,mixed
b44d874b-8a72-49d5-b329-e6ad5858dddf,3a5c1b86-f898-429c-9452-d3147118d0d1,92590f0d-2640-4255-90ae-39e60f0aa150,1624970042667,-16.9152644,32.7677122,1.5702299,0.475155,4.6730523,0.14677346,other,other,False,mixed,mixed
b44d874b-8a72-49d5-b329-e6ad5858dddf,3a5c1b86-f898-429c-9452-d3147118d0d1,0a6da2e6-2f53-4939-a1c2-6cf00ea9ea91,1624970042717,-16.9152644,32.7677122,1.5702299,0.9952221,4.408651,0.17891511,other,other,False,mixed,mixed
b44d874b-8a72-49d5-b329-e6ad5858dddf,3a5c1b86-f898-429c-9452-d3147118d0d1,61ece3d3-da50-483b-a4d8-a90c7ec13ce7,1624970043600,-16.9152644,32.7677122,1.5702299,0.9952221,4.408651,0.17891511,other,other,False,mixed,mixed
b44d874b-8a72-49d5-b329-e6ad5858dddf,3a5c1b86-f898-429c-9452-d3147118d0d1,76ccceaf-3e3e-4166-a2fd-24b3cbe300c3,1624970043650,-16.9152543,32.7677024,1.5344702,0.27737546,1.2453134,0.064575315,other,other,False,mixed,mixed
b44d874b-8a72-49d5-b329-e6ad5858dddf,3a5c1b86-f898-429c-9452-d3147118d0d1,9dc78097-9e06-4290-9b21-422346f60dda,1624970043699,-16.9152543,32.7677024,1.5344702,0.71920455,4.4828534,0.6895627,other,other,False,mixed,mixed
b44d874b-8a72-49d5-b329-e6ad5858dddf,3a5c1b86-f898-429c-9452-d3147118d0d1,bd71669e-ad50-400b-bfc7-30a8663431c1,1624970043749,-16.9152543,32.7677024,1.5344702,0.815917,3.3576512,1.0457072,other,other,False,mixed,mixed
b44d874b-8a72-49d5-b329-e6ad5858dddf,3a5c1b86-f898-429c-9452-d3147118d0d1,6395f074-ce11-467d-bbcc-260b65d3a897,1624970043799,-16.9152543,32.7677024,1.5344702,1.4347639,1.0358009,1.3384888,other,other,False,mixed,mixed
b44d874b-8a72-49d5-b329-e6ad5858dddf,3a5c1b86-f898-429c-9452-d3147118d0d1,44309ebf-90f7-435b-b22e-d59be0169cc8,1624970043849,-16.9152543,32.7677024,1.5344702,0.019497633,0.07662678,0.67275256,other,other,False,mixed,mixed
b44d874b-8a72-49d5-b329-e6ad5858dddf,3a5c1b86-f898-429c-9452-d3147118d0d1,cef7a4a0-bdb2-4800-a919-9015a9f47eba,1624970043900,-16.9152543,32.7677024,1.5344702,-6.6567273,-6.6435337,-4.7489395,other,other,False,mixed,mixed
b44d874b-8a72-49d5-b329-e6ad5858dddf,3a5c1b86-f898-429c-9452-d3147118d0d1,f0ebe37c-7579-4ccc-b12a-465350b825ea,1624970043949,-16.9152543,32.7677024,1.5344702,-2.0278726,-6.266939,-2.7821727,other,other,False,mixed,mixed
b44d874b-8a72-49d5-b329-e6ad5858dddf,3a5c1b86-f898-429c-9452-d3147118d0d1,5a022273-1fa4-48dd-8ab8-ffe7a34990ab,1624970044000,-16.9152543,32.7677024,1.5344702,2.1127605,-2.8501415,-2.132856,other,other,False,mixed,mixed
b44d874b-8a72-49d5-b329-e6ad5858dddf,3a5c1b86-f898-429c-9452-d3147118d0d1,b3261fbc-89ca-4b7d-b3a8-cc50e0187507,1624970044051,-16.9152543,32.7677024,1.5344702,0.2963394,-0.21145153,-0.36533618,other,other,False,mixed,mixed
b44d874b-8a72-49d5-b329-e6ad5858dddf,3a5c1b86-f898-429c-9452-d3147118d0d1,33c62bf6-e204-4007-8baa-bab0f56b1571,1624970044102,-16.9152543,32.7677024,1.5344702,-0.24412513,1.8291941,-0.244783,other,other,False,mixed,mixed
b44d874b-8a72-49d5-b329-e6ad5858dddf,3a5c1b86-f898-429c-9452-d3147118d0d1,52b1ce59-1e12-4fba-80ab-d0d975e36d91,1624970044154,-16.9152543,32.7677024,1.5344702,-0.019446015,3.185062,0.3553247,other,other,False,mixed,mixed
b44d874b-8a72-49d5-b329-e6ad5858dddf,3a5c1b86-f898-429c-9452-d3147118d0d1,9aea920e-8eef-4683-9440-06000ac97018,1624970044203,-16.9152495,32.7676962,1.5201463,0.40749383,3.9199748,0.6064271,other,other,False,mixed,mixed
b44d874b-8a72-49d5-b329-e6ad5858dddf,3a5c1b86-f898-429c-9452-d3147118d0d1,4f9a70ab-9698-4ce7-8ed5-aaf6a0532e50,1624970044254,-16.9152495,32.7676962,1.5201463,0.36531907,2.6112256,0.62957776,other,other,False,mixed,mixed
b44d874b-8a72-49d5-b329-e6ad5858dddf,3a5c1b86-f898-429c-9452-d3147118d0d1,59ffbea5-75d8-461b-993a-07f5040037a9,1624970044303,-16.9152495,32.7676962,1.5201463,0.23210263,2.4795308,1.3816652,other,other,False,mixed,mixed
b44d874b-8a72-49d5-b329-e6ad5858dddf,3a5c1b86-f898-429c-9452-d3147118d0d1,8bf678e0-7ea6-416b-b22d-afa104c25b09,1624970044354,-16.9152495,32.7676962,1.5201463,-0.1311276,0.26836205,0.7478118,other,other,False,mixed,mixed
b44d874b-8a72-49d5-b329-e6ad5858dddf,3a5c1b86-f898-429c-9452-d3147118d0d1,76ae0ab5-34d4-4a78-bfa8-8a419cdf261d,1624970044403,-16.9152495,32.7676962,1.5201463,-1.9611294,-4.8273973,-0.9840994,other,other,False,mixed,mixed
b44d874b-8a72-49d5-b329-e6ad5858dddf,3a5c1b86-f898-429c-9452-d3147118d0d1,5eaa8286-1ac3-4b9b-8a5c-a58dbc856a4e,1624970044453,-16.9152495,32.7676962,1.5201463,-0.05971265,-9.19755,-7.2878757,other,other,False,mixed,mixed
b44d874b-8a72-49d5-b329-e6ad5858dddf,3a5c1b86-f898-429c-9452-d3147118d0d1,36cd38c5-f978-40b5-a307-8448830c839a,1624970044504,-16.9152495,32.7676962,1.5201463,2.5854876,-1.8432446,-1.7154655,other,other,False,mixed,mixed
b44d874b-8a72-49d5-b329-e6ad5858dddf,3a5c1b86-f898-429c-9452-d3147118d0d1,3d301132-142f-4587-87ab-5db651e89b38,1624970044554,-16.9152495,32.7676962,1.5201463,0.9610148,0.8469925,-0.2011222,other,other,False,mixed,mixed
b44d874b-8a72-49d5-b329-e6ad5858dddf,3a5c1b86-f898-429c-9452-d3147118d0d1,6526bbd5-3271-4616-bbb9-6594a6885b41,1624970044604,-16.9152495,32.7676962,1.5201463,-0.639241,2.5116305,0.24466786,other,other,False,mixed,mixed
