bike_activity_uid,bike_activity_sample_uid,bike_activity_measurement,bike_activity_measurement_timestamp,bike_activity_measurement_lon,bike_activity_measurement_lat,bike_activity_measurement_speed,bike_activity_measurement_accelerometer_x,bike_activity_measurement_accelerometer_y,bike_activity_measurement_accelerometer_z,bike_activity_phone_position,bike_activity_bike_type,bike_activity_flagged_lab_conditions,bike_activity_surface_type,bike_activity_smoothness_type
b8aa6b37-45de-464c-8851-02dfbbf9ea4d,6ac88080-0a7a-49c6-bb78-e2dbeb8d0cc8,a2125502-8fb6-44d6-a288-27cc98b4086c,1644232445628,13.3654873,52.5102668,3.7012033,4.4585915,2.6826415,-17.30153,on bike mount,cyclo cross,True,fine gravel,good
b8aa6b37-45de-464c-8851-02dfbbf9ea4d,6ac88080-0a7a-49c6-bb78-e2dbeb8d0cc8,ad847c44-a574-4b05-b325-fde585216260,1644232445685,13.3654873,52.5102668,3.7012033,-0.8613112,0.53984976,1.7147923,on bike mount,cyclo cross,True,fine gravel,good
b8aa6b37-45de-464c-8851-02dfbbf9ea4d,6ac88080-0a7a-49c6-bb78-e2dbeb8d0cc8,ccb4670a-1a77-4b46-9f0f-bf4feff07f72,1644232445740,13.3654873,52.5102668,3.7012033,-0.29299724,3.2828207,-4.0723224,on bike mount,cyclo cross,True,fine gravel,good
b8aa6b37-45de-464c-8851-02dfbbf9ea4d,6ac88080-0a7a-49c6-bb78-e2dbeb8d0cc8,3d520c5a-1335-4b8f-bc2c-2b5aee2160dd,1644232445795,13.3654873,52.5102668,3.7012033,0.6819398,-1.4533839,3.0302181,on bike mount,cyclo cross,True,fine gravel,good
b8aa6b37-45de-464c-8851-02dfbbf9ea4d,6ac88080-0a7a-49c6-bb78-e2dbeb8d0cc8,564d59c0-9213-4f08-894d-7daef2aa0c24,1644232445851,13.3654873,52.5102668,3.7012033,0.5715464,-3.1054215,0.22571087,on bike mount,cyclo cross,True,fine gravel,good
b8aa6b37-45de-464c-8851-02dfbbf9ea4d,6ac88080-0a7a-49c6-bb78-e2dbeb8d0cc8,16374265-1572-4fc8-8bc5-e367dc0856bb,1644232445906,13.3654873,52.5102668,3.7012033,2.7815044,-0.04344082,-2.24221,on bike mount,cyclo cross,True,fine gravel,good
b8aa6b37-45de-464c-8851-02dfbbf9ea4d,6ac88080-0a7a-49c6-bb78-e2dbeb8d0cc8,987f70b1-2690-4c5f-839e-348e7498ff4e,1644232445963,13.3654873,52.5102668,3.7012033,4.1043468,-4.093213,3.510254,on bike mount,cyclo cross,True,fine gravel,good
b8aa6b37-45de-464c-8851-02dfbbf9ea4d,6ac88080-0a7a-49c6-bb78-e2dbeb8d0cc8,8084367f-bcf4-4add-8434-6b478b01d01b,1644232446018,13.3654873,52.5102668,3.7012033,0.5541249,2.5169663,-1.2556033,on bike mount,cyclo cross,True,fine gravel,good
b8aa6b37-45de-464c-8851-02dfbbf9ea4d,6ac88080-0a7a-49c6-bb78-e2dbeb8d0cc8,7dbb11b4-f9dd-4462-9fbc-79673e356166,1644232446073,13.3654873,52.5102668,3.7012033,0.9752475,4.5857296,1.2453623,on bike mount,cyclo cross,True,fine gravel,good
b8aa6b37-45de-464c-8851-02dfbbf9ea4d,6ac88080-0a7a-49c6-bb78-e2dbeb8d0cc8,ce31dd21-cfdd-4243-a557-3b526c78f62a,1644232446128,13.3654873,52.5102668,3.7012033,-2.71015,-8.537163,3.0133314,on bike mount,cyclo cross,True,fine gravel,good
b8aa6b37-45de-464c-8851-02dfbbf9ea4d,6ac88080-0a7a-49c6-bb78-e2dbeb8d0cc8,884c845f-75b6-4169-8a89-84eb40dbef6a,1644232446184,13.3654873,52.5102668,3.7012033,-0.45348203,-8.234763,10.282763,on bike mount,cyclo cross,True,fine gravel,good
b8aa6b37-45de-464c-8851-02dfbbf9ea4d,6ac88080-0a7a-49c6-bb78-e2dbeb8d0cc8,d2e7939a-21a8-4a0d-ae71-df824ca0936f,1644232446240,13.3654873,52.5102668,3.7012033,-0.36870784,-1.6000402,-0.7032194,on bike mount,cyclo cross,True,fine gravel,good
b8aa6b37-45de-464c-8851-02dfbbf9ea4d,6ac88080-0a7a-49c6-bb78-e2dbeb8d0cc8,1db25a35-cfce-41dc-b5dd-2a3632514e4e,1644232446295,13.3654873,52.5102668,3.7012033,-2.0305948,-1.3090568,2.812873,on bike mount,cyclo cross,True,fine gravel,good
b8aa6b37-45de-464c-8851-02dfbbf9ea4d,6ac88080-0a7a-49c6-bb78-e2dbeb8d0cc8,4f906b87-7b51-4af7-b0d6-ec493cafe0f8,1644232446350,13.3654873,52.5102668,3.7012033,-2.6489081,-3.5673606,1.5253592,on bike mount,cyclo cross,True,fine gravel,good
b8aa6b37-45de-464c-8851-02dfbbf9ea4d,6ac88080-0a7a-49c6-bb78-e2dbeb8d0cc8,bcfaedb6-eccd-409c-a852-a399831d21e6,1644232446407,13.3654873,52.5102668,3.7012033,1.6823795,1.1115313,0.4613185,on bike mount,cyclo cross,True,fine gravel,good
b8aa6b37-45de-464c-8851-02dfbbf9ea4d,6ac88080-0a7a-49c6-bb78-e2dbeb8d0cc8,04e87bd0-1e99-4314-a9c4-b193dbd1c0ff,1644232446462,13.3654873,52.5102668,3.7012033,0.5810971,-1.1610531,-1.0159168,on bike mount,cyclo cross,True,fine gravel,good
b8aa6b37-45de-464c-8851-02dfbbf9ea4d,6ac88080-0a7a-49c6-bb78-e2dbeb8d0cc8,608bbad2-5f54-4a41-9fd7-8ff1de81fe94,1644232446518,13.3654873,52.5102668,3.7012033,-2.771254,-1.2421037,1.2095537,on bike mount,cyclo cross,True,fine gravel,good
b8aa6b37-45de-464c-8851-02dfbbf9ea4d,6ac88080-0a7a-49c6-bb78-e2dbeb8d0cc8,25537147-9d03-45e0-a7e9-482e86a7dfe3,1644232446571,13.3654873,52.5102668,3.7012033,0.34536153,-1.0318327,-1.6646228,on bike mount,cyclo cross,True,fine gravel,good
b8aa6b37-45de-464c-8851-02dfbbf9ea4d,6ac88080-0a7a-49c6-bb78-e2dbeb8d0cc8,be47ed3d-54f7-461b-8d23-afcfc7500ff5,1644232446629,13.3654257,52.5102564,3.8316708,-1.1753585,1.7331219,-0.47463942,on bike mount,cyclo cross,True,fine gravel,good
b8aa6b37-45de-464c-8851-02dfbbf9ea4d,6ac88080-0a7a-49c6-bb78-e2dbeb8d0cc8,0f865517-4ad4-4ad9-a94a-5d42fdb9a871,1644232446684,13.3654257,52.5102564,3.8316708,0.24887687,-1.5384115,6.35643,on bike mount,cyclo cross,True,fine gravel,good
b8aa6b37-45de-464c-8851-02dfbbf9ea4d,6ac88080-0a7a-49c6-bb78-e2dbeb8d0cc8,706470be-2011-4a22-922b-ee0d6f17c8ce,1644232446739,13.3654257,52.5102564,3.8316708,-0.1363731,1.907773,-3.0105915,on bike mount,cyclo cross,True,fine gravel,good
b8aa6b37-45de-464c-8851-02dfbbf9ea4d,6ac88080-0a7a-49c6-bb78-e2dbeb8d0cc8,d3022188-27bd-43fd-a84d-ba670985ddba,1644232446795,13.3654257,52.5102564,3.8316708,-0.64579177,0.36981964,4.3802614,on bike mount,cyclo cross,True,fine gravel,good
b8aa6b37-45de-464c-8851-02dfbbf9ea4d,6ac88080-0a7a-49c6-bb78-e2dbeb8d0cc8,44b2af05-bbb9-42bf-b0ce-1daae60677dc,1644232446850,13.3654257,52.5102564,3.8316708,1.1480329,-0.49855328,1.946291,on bike mount,cyclo cross,True,fine gravel,good
b8aa6b37-45de-464c-8851-02dfbbf9ea4d,6ac88080-0a7a-49c6-bb78-e2dbeb8d0cc8,fdde9f7f-ccee-4ca0-acd0-88cdadb16d41,1644232446905,13.3654257,52.5102564,3.8316708,1.61533,0.18113208,1.9144573,on bike mount,cyclo cross,True,fine gravel,good
b8aa6b37-45de-464c-8851-02dfbbf9ea4d,6ac88080-0a7a-49c6-bb78-e2dbeb8d0cc8,6917f89b-2784-4115-8ff6-e8badb8d0638,1644232446961,13.3654257,52.5102564,3.8316708,0.83021426,-0.9717989,1.5886984,on bike mount,cyclo cross,True,fine gravel,good
b8aa6b37-45de-464c-8851-02dfbbf9ea4d,6ac88080-0a7a-49c6-bb78-e2dbeb8d0cc8,21c704ff-78d5-42b2-b28d-597146d586c6,1644232447015,13.3654257,52.5102564,3.8316708,0.8743763,2.4017835,1.1070127,on bike mount,cyclo cross,True,fine gravel,good
b8aa6b37-45de-464c-8851-02dfbbf9ea4d,6ac88080-0a7a-49c6-bb78-e2dbeb8d0cc8,234b74e7-dffd-407e-b96b-254110db905b,1644232447072,13.3654257,52.5102564,3.8316708,0.57180184,-1.0235193,-5.3971148,on bike mount,cyclo cross,True,fine gravel,good
b8aa6b37-45de-464c-8851-02dfbbf9ea4d,6ac88080-0a7a-49c6-bb78-e2dbeb8d0cc8,aa9674ae-6802-48a6-b1cd-c1c8855c4ee2,1644232447128,13.3654257,52.5102564,3.8316708,0.39371815,-1.2739022,-2.0642757,on bike mount,cyclo cross,True,fine gravel,good
b8aa6b37-45de-464c-8851-02dfbbf9ea4d,6ac88080-0a7a-49c6-bb78-e2dbeb8d0cc8,55580304-84d9-4fe5-913c-26e08fd767d0,1644232447183,13.3654257,52.5102564,3.8316708,-1.4432309,2.0533328,2.2789803,on bike mount,cyclo cross,True,fine gravel,good
b8aa6b37-45de-464c-8851-02dfbbf9ea4d,6ac88080-0a7a-49c6-bb78-e2dbeb8d0cc8,4e131e7f-2204-45e2-86b7-36c112e5d1b1,1644232447238,13.3654257,52.5102564,3.8316708,-0.7202021,-0.93340254,2.7563133,on bike mount,cyclo cross,True,fine gravel,good
b8aa6b37-45de-464c-8851-02dfbbf9ea4d,6ac88080-0a7a-49c6-bb78-e2dbeb8d0cc8,99dbba31-0c8e-45d3-9875-3bf2e10eba7d,1644232447294,13.3654257,52.5102564,3.8316708,-0.92641175,-3.234818,3.5290432,on bike mount,cyclo cross,True,fine gravel,good
b8aa6b37-45de-464c-8851-02dfbbf9ea4d,6ac88080-0a7a-49c6-bb78-e2dbeb8d0cc8,0574b6df-4839-4a92-82d9-b73cad651560,1644232447350,13.3654257,52.5102564,3.8316708,0.29743353,1.8216114,-4.852586,on bike mount,cyclo cross,True,fine gravel,good
b8aa6b37-45de-464c-8851-02dfbbf9ea4d,6ac88080-0a7a-49c6-bb78-e2dbeb8d0cc8,6e9c8e89-f943-434c-b012-06c80ce04537,1644232447405,13.3654257,52.5102564,3.8316708,-0.65399563,-1.0818782,1.4865818,on bike mount,cyclo cross,True,fine gravel,good
b8aa6b37-45de-464c-8851-02dfbbf9ea4d,6ac88080-0a7a-49c6-bb78-e2dbeb8d0cc8,33dd3b2e-1763-45a1-bdc1-bc5bfcc5681d,1644232447462,13.3654257,52.5102564,3.8316708,-0.31846318,1.538487,2.1898632,on bike mount,cyclo cross,True,fine gravel,good
b8aa6b37-45de-464c-8851-02dfbbf9ea4d,6ac88080-0a7a-49c6-bb78-e2dbeb8d0cc8,20a5d19d-6c95-468e-9024-22dc3da02191,1644232447517,13.3654257,52.5102564,3.8316708,0.30711222,2.8753734,-1.8159809,on bike mount,cyclo cross,True,fine gravel,good
b8aa6b37-45de-464c-8851-02dfbbf9ea4d,6ac88080-0a7a-49c6-bb78-e2dbeb8d0cc8,5f4b7643-c312-4829-b4e7-415264136779,1644232447571,13.3654257,52.5102564,3.8316708,0.23990905,-3.151761,0.83678913,on bike mount,cyclo cross,True,fine gravel,good
b8aa6b37-45de-464c-8851-02dfbbf9ea4d,6ac88080-0a7a-49c6-bb78-e2dbeb8d0cc8,75091c00-b1a3-44e3-a906-43bb447dcb44,1644232447627,13.3653573,52.5102463,3.9801826,0.3111905,-0.23167849,-4.560902,on bike mount,cyclo cross,True,fine gravel,good
b8aa6b37-45de-464c-8851-02dfbbf9ea4d,6ac88080-0a7a-49c6-bb78-e2dbeb8d0cc8,ef67ad92-f578-44e6-b76f-669c2ca13682,1644232447682,13.3653573,52.5102463,3.9801826,0.71802294,-1.4941281,0.41156578,on bike mount,cyclo cross,True,fine gravel,good
b8aa6b37-45de-464c-8851-02dfbbf9ea4d,6ac88080-0a7a-49c6-bb78-e2dbeb8d0cc8,e931f88b-cb45-4f7f-a4df-88b5d64a34fe,1644232447738,13.3653573,52.5102463,3.9801826,0.007920921,0.05792141,-2.733976,on bike mount,cyclo cross,True,fine gravel,good
b8aa6b37-45de-464c-8851-02dfbbf9ea4d,6ac88080-0a7a-49c6-bb78-e2dbeb8d0cc8,560ea13f-55f7-4bc9-be69-dd122cd27b0f,1644232447794,13.3653573,52.5102463,3.9801826,1.085299,-0.5515921,-2.7876081,on bike mount,cyclo cross,True,fine gravel,good
b8aa6b37-45de-464c-8851-02dfbbf9ea4d,6ac88080-0a7a-49c6-bb78-e2dbeb8d0cc8,0c67dcfd-723d-4f4f-aa59-7171d2c5aea3,1644232447850,13.3653573,52.5102463,3.9801826,-0.14885008,-2.2056825,0.80703735,on bike mount,cyclo cross,True,fine gravel,good
b8aa6b37-45de-464c-8851-02dfbbf9ea4d,6ac88080-0a7a-49c6-bb78-e2dbeb8d0cc8,d173824f-79fb-469f-a5da-33ff33d6cdc3,1644232447904,13.3653573,52.5102463,3.9801826,0.4049239,0.3939736,-0.054031372,on bike mount,cyclo cross,True,fine gravel,good
b8aa6b37-45de-464c-8851-02dfbbf9ea4d,6ac88080-0a7a-49c6-bb78-e2dbeb8d0cc8,97dfc96e-f91a-43c1-9e0d-e9ad3d3f8a11,1644232447959,13.3653573,52.5102463,3.9801826,0.18400152,0.22601557,-0.06891537,on bike mount,cyclo cross,True,fine gravel,good
b8aa6b37-45de-464c-8851-02dfbbf9ea4d,6ac88080-0a7a-49c6-bb78-e2dbeb8d0cc8,6261a1a9-e231-4dca-b97b-c0b719ea921d,1644232448016,13.3653573,52.5102463,3.9801826,-0.40793914,1.0306323,-0.11305618,on bike mount,cyclo cross,True,fine gravel,good
b8aa6b37-45de-464c-8851-02dfbbf9ea4d,6ac88080-0a7a-49c6-bb78-e2dbeb8d0cc8,f7fce723-a77f-47ac-a3f2-873872e4546a,1644232448072,13.3653573,52.5102463,3.9801826,-1.6579604,-5.6472955,1.4521542,on bike mount,cyclo cross,True,fine gravel,good
b8aa6b37-45de-464c-8851-02dfbbf9ea4d,6ac88080-0a7a-49c6-bb78-e2dbeb8d0cc8,5f3ce601-5608-42f5-a530-198ed2eb5b67,1644232448127,13.3653573,52.5102463,3.9801826,0.6162974,1.0951133,-3.588358,on bike mount,cyclo cross,True,fine gravel,good
b8aa6b37-45de-464c-8851-02dfbbf9ea4d,6ac88080-0a7a-49c6-bb78-e2dbeb8d0cc8,1eefa32f-f906-4f16-85cc-32d186c617a9,1644232448182,13.3653573,52.5102463,3.9801826,0.43326253,-0.013460159,5.492323,on bike mount,cyclo cross,True,fine gravel,good
b8aa6b37-45de-464c-8851-02dfbbf9ea4d,6ac88080-0a7a-49c6-bb78-e2dbeb8d0cc8,e7d01a36-73b1-4a80-90c8-9cee6babc1fe,1644232448238,13.3653573,52.5102463,3.9801826,-0.34433126,-2.0622554,2.7501774,on bike mount,cyclo cross,True,fine gravel,good
b8aa6b37-45de-464c-8851-02dfbbf9ea4d,6ac88080-0a7a-49c6-bb78-e2dbeb8d0cc8,7f68efeb-7079-4482-ad8f-ee3c1a86f70e,1644232448293,13.3653573,52.5102463,3.9801826,-1.0956823,1.1604805,1.1644526,on bike mount,cyclo cross,True,fine gravel,good
b8aa6b37-45de-464c-8851-02dfbbf9ea4d,6ac88080-0a7a-49c6-bb78-e2dbeb8d0cc8,3f94d3df-7ad9-4244-bc9d-4e1e8a508b2d,1644232448350,13.3653573,52.5102463,3.9801826,-0.17865998,-2.0934846,-0.15223026,on bike mount,cyclo cross,True,fine gravel,good
b8aa6b37-45de-464c-8851-02dfbbf9ea4d,6ac88080-0a7a-49c6-bb78-e2dbeb8d0cc8,c580a147-d377-4818-9107-3af04c08331f,1644232448404,13.3653573,52.5102463,3.9801826,-0.1859376,0.07550526,-3.3505769,on bike mount,cyclo cross,True,fine gravel,good
b8aa6b37-45de-464c-8851-02dfbbf9ea4d,6ac88080-0a7a-49c6-bb78-e2dbeb8d0cc8,e2155a7d-9b8a-4b18-9130-5ad371cb758d,1644232448460,13.3653573,52.5102463,3.9801826,-0.85692334,0.14381742,3.251665,on bike mount,cyclo cross,True,fine gravel,good
b8aa6b37-45de-464c-8851-02dfbbf9ea4d,6ac88080-0a7a-49c6-bb78-e2dbeb8d0cc8,ca7f41f3-b913-4087-9f94-01d61df25db7,1644232448514,13.3653573,52.5102463,3.9801826,-0.21910709,0.69798136,-0.92074966,on bike mount,cyclo cross,True,fine gravel,good
b8aa6b37-45de-464c-8851-02dfbbf9ea4d,6ac88080-0a7a-49c6-bb78-e2dbeb8d0cc8,ed446ed2-b277-4f9e-bf47-8a9f94b352b6,1644232448570,13.3652917,52.5102365,4.1930847,-0.03539884,-0.44914222,-4.9484777,on bike mount,cyclo cross,True,fine gravel,good
b8aa6b37-45de-464c-8851-02dfbbf9ea4d,6ac88080-0a7a-49c6-bb78-e2dbeb8d0cc8,146ffd38-cc9b-4820-a657-feb4d10897c0,1644232448626,13.3652917,52.5102365,4.1930847,-1.5573653,0.47709942,0.13283157,on bike mount,cyclo cross,True,fine gravel,good
b8aa6b37-45de-464c-8851-02dfbbf9ea4d,6ac88080-0a7a-49c6-bb78-e2dbeb8d0cc8,ff2349b2-9821-43c6-a497-2162c989b89c,1644232448682,13.3652917,52.5102365,4.1930847,-0.16704282,-0.0867753,2.667346,on bike mount,cyclo cross,True,fine gravel,good
b8aa6b37-45de-464c-8851-02dfbbf9ea4d,6ac88080-0a7a-49c6-bb78-e2dbeb8d0cc8,5973264d-1988-46f2-9777-20405a04754f,1644232448737,13.3652917,52.5102365,4.1930847,0.4383372,-0.10627651,0.62945557,on bike mount,cyclo cross,True,fine gravel,good
b8aa6b37-45de-464c-8851-02dfbbf9ea4d,6ac88080-0a7a-49c6-bb78-e2dbeb8d0cc8,e9a3cb3a-ad8e-404c-9391-26b3071ed37e,1644232448793,13.3652917,52.5102365,4.1930847,-0.4233805,-1.5640186,0.101670265,on bike mount,cyclo cross,True,fine gravel,good
b8aa6b37-45de-464c-8851-02dfbbf9ea4d,6ac88080-0a7a-49c6-bb78-e2dbeb8d0cc8,de72d895-4dcf-462d-ad08-a9d1134f2d4e,1644232448848,13.3652917,52.5102365,4.1930847,-0.13994895,0.77125645,-3.888444,on bike mount,cyclo cross,True,fine gravel,good
b8aa6b37-45de-464c-8851-02dfbbf9ea4d,6ac88080-0a7a-49c6-bb78-e2dbeb8d0cc8,dd0d2ec4-e5dd-4817-84d6-18aedf341802,1644232448904,13.3652917,52.5102365,4.1930847,-0.906661,-0.49287748,-0.602087,on bike mount,cyclo cross,True,fine gravel,good
b8aa6b37-45de-464c-8851-02dfbbf9ea4d,6ac88080-0a7a-49c6-bb78-e2dbeb8d0cc8,06be03c7-6fda-4a22-8d5f-14c7ed27cace,1644232448959,13.3652917,52.5102365,4.1930847,1.238378,3.6963158,-2.105691,on bike mount,cyclo cross,True,fine gravel,good
b8aa6b37-45de-464c-8851-02dfbbf9ea4d,6ac88080-0a7a-49c6-bb78-e2dbeb8d0cc8,7db1b37d-457d-4eea-be05-8a3145b42fdf,1644232449015,13.3652917,52.5102365,4.1930847,2.2674313,0.36025906,4.1846495,on bike mount,cyclo cross,True,fine gravel,good
b8aa6b37-45de-464c-8851-02dfbbf9ea4d,6ac88080-0a7a-49c6-bb78-e2dbeb8d0cc8,b1d6593b-aa22-4fa6-ab4f-598ed54ed8ad,1644232449070,13.3652917,52.5102365,4.1930847,0.5342756,0.7998638,0.45000458,on bike mount,cyclo cross,True,fine gravel,good
b8aa6b37-45de-464c-8851-02dfbbf9ea4d,6ac88080-0a7a-49c6-bb78-e2dbeb8d0cc8,0135d257-7536-40b7-ab2e-63e9d3f5c45e,1644232449126,13.3652917,52.5102365,4.1930847,0.3686936,-0.29194403,0.74177265,on bike mount,cyclo cross,True,fine gravel,good
b8aa6b37-45de-464c-8851-02dfbbf9ea4d,6ac88080-0a7a-49c6-bb78-e2dbeb8d0cc8,28710306-b3a8-4a00-93fb-a0f1f4a2c970,1644232449182,13.3652917,52.5102365,4.1930847,-0.71247506,-2.8038876,-2.4878154,on bike mount,cyclo cross,True,fine gravel,good
b8aa6b37-45de-464c-8851-02dfbbf9ea4d,6ac88080-0a7a-49c6-bb78-e2dbeb8d0cc8,2bd82d13-2714-41d8-83f2-0a0e8860147c,1644232449238,13.3652917,52.5102365,4.1930847,0.3148111,0.1446948,-1.4451466,on bike mount,cyclo cross,True,fine gravel,good
b8aa6b37-45de-464c-8851-02dfbbf9ea4d,6ac88080-0a7a-49c6-bb78-e2dbeb8d0cc8,5a179d52-6636-46f7-818f-3a66d7f07903,1644232449294,13.3652917,52.5102365,4.1930847,-1.2513785,-0.370548,-1.0879335,on bike mount,cyclo cross,True,fine gravel,good
b8aa6b37-45de-464c-8851-02dfbbf9ea4d,6ac88080-0a7a-49c6-bb78-e2dbeb8d0cc8,eea44ffc-60ce-440e-932a-0d8153694876,1644232449348,13.3652917,52.5102365,4.1930847,-0.14880605,1.6578624,-3.0804968,on bike mount,cyclo cross,True,fine gravel,good
b8aa6b37-45de-464c-8851-02dfbbf9ea4d,6ac88080-0a7a-49c6-bb78-e2dbeb8d0cc8,f4572bd9-df80-4306-9704-8d807cee6b40,1644232449404,13.3652917,52.5102365,4.1930847,-1.0592709,-2.7483912,0.6702566,on bike mount,cyclo cross,True,fine gravel,good
b8aa6b37-45de-464c-8851-02dfbbf9ea4d,6ac88080-0a7a-49c6-bb78-e2dbeb8d0cc8,5fcea03b-78a9-4573-95b7-2db03d1bb60a,1644232449459,13.3652917,52.5102365,4.1930847,0.067665696,1.1957598,-4.773218,on bike mount,cyclo cross,True,fine gravel,good
b8aa6b37-45de-464c-8851-02dfbbf9ea4d,6ac88080-0a7a-49c6-bb78-e2dbeb8d0cc8,e6243cc8-8ae6-4333-acc2-b4597301cf23,1644232449515,13.3652917,52.5102365,4.1930847,-0.40058887,-0.13877153,0.020741463,on bike mount,cyclo cross,True,fine gravel,good
b8aa6b37-45de-464c-8851-02dfbbf9ea4d,6ac88080-0a7a-49c6-bb78-e2dbeb8d0cc8,3e758e86-5104-4ef7-9ea7-e02c18667b58,1644232449569,13.3652094,52.5102245,4.023606,-0.25251436,1.113214,-0.0872221,on bike mount,cyclo cross,True,fine gravel,good
b8aa6b37-45de-464c-8851-02dfbbf9ea4d,6ac88080-0a7a-49c6-bb78-e2dbeb8d0cc8,6b11cdda-2639-41f5-be2e-2f14d6f3e160,1644232449624,13.3652094,52.5102245,4.023606,-0.21245928,-0.28360963,-1.1075287,on bike mount,cyclo cross,True,fine gravel,good
b8aa6b37-45de-464c-8851-02dfbbf9ea4d,6ac88080-0a7a-49c6-bb78-e2dbeb8d0cc8,0ededb78-72e6-4266-96a0-34f7a584100d,1644232449681,13.3652094,52.5102245,4.023606,0.21181253,-0.40454912,-7.7945447,on bike mount,cyclo cross,True,fine gravel,good
b8aa6b37-45de-464c-8851-02dfbbf9ea4d,6ac88080-0a7a-49c6-bb78-e2dbeb8d0cc8,6c6ae035-af1e-4656-a497-921f740c5e4a,1644232449736,13.3652094,52.5102245,4.023606,0.17832656,-2.16541,2.5609293,on bike mount,cyclo cross,True,fine gravel,good
b8aa6b37-45de-464c-8851-02dfbbf9ea4d,6ac88080-0a7a-49c6-bb78-e2dbeb8d0cc8,5db8e5ec-3825-4265-a86a-d2e1bbc8b038,1644232449792,13.3652094,52.5102245,4.023606,0.61390173,-1.2458841,7.488551,on bike mount,cyclo cross,True,fine gravel,good
b8aa6b37-45de-464c-8851-02dfbbf9ea4d,6ac88080-0a7a-49c6-bb78-e2dbeb8d0cc8,bb69633c-6415-46ed-bdb9-c16e1f0dc103,1644232449848,13.3652094,52.5102245,4.023606,0.6237487,-2.3746834,0.7228594,on bike mount,cyclo cross,True,fine gravel,good
b8aa6b37-45de-464c-8851-02dfbbf9ea4d,6ac88080-0a7a-49c6-bb78-e2dbeb8d0cc8,8bef1672-7778-45f1-b716-be9bbc9f8837,1644232449903,13.3652094,52.5102245,4.023606,0.7960618,0.4519863,1.894475,on bike mount,cyclo cross,True,fine gravel,good
b8aa6b37-45de-464c-8851-02dfbbf9ea4d,6ac88080-0a7a-49c6-bb78-e2dbeb8d0cc8,b183b58d-3cf8-4057-adef-6b54521a4a7d,1644232449958,13.3652094,52.5102245,4.023606,-0.7062239,3.3103995,-7.464096,on bike mount,cyclo cross,True,fine gravel,good
b8aa6b37-45de-464c-8851-02dfbbf9ea4d,6ac88080-0a7a-49c6-bb78-e2dbeb8d0cc8,d7738d46-2d44-43ab-af48-622cc7fb22b0,1644232450014,13.3652094,52.5102245,4.023606,0.6314567,-5.712307,2.9447699,on bike mount,cyclo cross,True,fine gravel,good
b8aa6b37-45de-464c-8851-02dfbbf9ea4d,6ac88080-0a7a-49c6-bb78-e2dbeb8d0cc8,5406a099-8b09-4c84-958c-c474393dc947,1644232450069,13.3652094,52.5102245,4.023606,1.3523798,3.587947,2.8288784,on bike mount,cyclo cross,True,fine gravel,good
b8aa6b37-45de-464c-8851-02dfbbf9ea4d,6ac88080-0a7a-49c6-bb78-e2dbeb8d0cc8,1ca4daf7-55dc-4a82-b6ea-2756e522e244,1644232450126,13.3652094,52.5102245,4.023606,-0.90475106,1.7743025,-0.37595367,on bike mount,cyclo cross,True,fine gravel,good
b8aa6b37-45de-464c-8851-02dfbbf9ea4d,6ac88080-0a7a-49c6-bb78-e2dbeb8d0cc8,aac330e5-b43b-40ec-bbf9-e1970b37c850,1644232450182,13.3652094,52.5102245,4.023606,-0.26485187,0.18798041,0.9918785,on bike mount,cyclo cross,True,fine gravel,good
b8aa6b37-45de-464c-8851-02dfbbf9ea4d,6ac88080-0a7a-49c6-bb78-e2dbeb8d0cc8,7fe63043-c2cf-44ca-914d-5c52f3c5e6e8,1644232450237,13.3652094,52.5102245,4.023606,-1.1595197,3.4773388,-6.2195992,on bike mount,cyclo cross,True,fine gravel,good
b8aa6b37-45de-464c-8851-02dfbbf9ea4d,6ac88080-0a7a-49c6-bb78-e2dbeb8d0cc8,55a72879-6d6f-464c-b90a-f9d2ba1b1876,1644232450292,13.3652094,52.5102245,4.023606,0.5727818,-2.5136275,-2.3594313,on bike mount,cyclo cross,True,fine gravel,good
b8aa6b37-45de-464c-8851-02dfbbf9ea4d,6ac88080-0a7a-49c6-bb78-e2dbeb8d0cc8,f231e4c3-71d7-4abe-aa77-60e039d393b3,1644232450347,13.3652094,52.5102245,4.023606,-0.14051142,-2.6034517,-0.6302242,on bike mount,cyclo cross,True,fine gravel,good
b8aa6b37-45de-464c-8851-02dfbbf9ea4d,6ac88080-0a7a-49c6-bb78-e2dbeb8d0cc8,c5b85cfa-535f-4b3c-ba74-d36a22ed904c,1644232450404,13.3652094,52.5102245,4.023606,-0.5654813,3.052528,0.2406311,on bike mount,cyclo cross,True,fine gravel,good
b8aa6b37-45de-464c-8851-02dfbbf9ea4d,6ac88080-0a7a-49c6-bb78-e2dbeb8d0cc8,62fba777-6e9c-41fb-b620-e92f2ab9b6f8,1644232450459,13.3652094,52.5102245,4.023606,-0.067313075,-3.4847252,-3.6612902,on bike mount,cyclo cross,True,fine gravel,good
b8aa6b37-45de-464c-8851-02dfbbf9ea4d,6ac88080-0a7a-49c6-bb78-e2dbeb8d0cc8,a76b7793-e76f-45ef-b480-ea4b90f688f1,1644232450513,13.3652094,52.5102245,4.023606,0.19622374,0.5708389,-0.9339123,on bike mount,cyclo cross,True,fine gravel,good
b8aa6b37-45de-464c-8851-02dfbbf9ea4d,6ac88080-0a7a-49c6-bb78-e2dbeb8d0cc8,bb4f75dd-4d9d-4726-9be5-5ad51511b8bc,1644232450568,13.3652094,52.5102245,4.023606,-0.24508786,2.5715094,-0.41825247,on bike mount,cyclo cross,True,fine gravel,good
b8aa6b37-45de-464c-8851-02dfbbf9ea4d,6ac88080-0a7a-49c6-bb78-e2dbeb8d0cc8,7c5703f6-4ee0-4af7-b64a-836a63e207c2,1644232450624,13.3651447,52.5102143,4.04117,0.8653127,-0.25761604,3.9300108,on bike mount,cyclo cross,True,fine gravel,good
b8aa6b37-45de-464c-8851-02dfbbf9ea4d,6ac88080-0a7a-49c6-bb78-e2dbeb8d0cc8,b0172c75-b953-4931-a058-7b86a17742af,1644232450680,13.3651447,52.5102143,4.04117,0.8162982,-3.8694415,-3.3323464,on bike mount,cyclo cross,True,fine gravel,good
b8aa6b37-45de-464c-8851-02dfbbf9ea4d,6ac88080-0a7a-49c6-bb78-e2dbeb8d0cc8,cdee2915-11dc-4555-b73b-d6099194e193,1644232450736,13.3651447,52.5102143,4.04117,-0.34518564,0.6264062,-3.5381799,on bike mount,cyclo cross,True,fine gravel,good
b8aa6b37-45de-464c-8851-02dfbbf9ea4d,6ac88080-0a7a-49c6-bb78-e2dbeb8d0cc8,025063c8-bf46-4e5c-92c4-e7f51bb124dc,1644232450791,13.3651447,52.5102143,4.04117,1.0914285,0.044964552,-0.9893527,on bike mount,cyclo cross,True,fine gravel,good
b8aa6b37-45de-464c-8851-02dfbbf9ea4d,6ac88080-0a7a-49c6-bb78-e2dbeb8d0cc8,7f454324-e11d-4163-ab4c-3763aa5e84e3,1644232450847,13.3651447,52.5102143,4.04117,0.974402,-2.9424906,3.1544886,on bike mount,cyclo cross,True,fine gravel,good
b8aa6b37-45de-464c-8851-02dfbbf9ea4d,6ac88080-0a7a-49c6-bb78-e2dbeb8d0cc8,097e14a0-443d-41d2-9ab1-562d00fe2013,1644232450902,13.3651447,52.5102143,4.04117,0.047991842,-2.1062884,5.685384,on bike mount,cyclo cross,True,fine gravel,good
b8aa6b37-45de-464c-8851-02dfbbf9ea4d,6ac88080-0a7a-49c6-bb78-e2dbeb8d0cc8,d35e52ca-5887-4c4e-9af6-3827ada92f9d,1644232450958,13.3651447,52.5102143,4.04117,1.4044636,0.42824483,-0.40379143,on bike mount,cyclo cross,True,fine gravel,good
b8aa6b37-45de-464c-8851-02dfbbf9ea4d,6ac88080-0a7a-49c6-bb78-e2dbeb8d0cc8,4033b03e-5687-449a-bcf1-10e81885a7b5,1644232451013,13.3651447,52.5102143,4.04117,1.4043199,1.6120534,0.32121754,on bike mount,cyclo cross,True,fine gravel,good
b8aa6b37-45de-464c-8851-02dfbbf9ea4d,6ac88080-0a7a-49c6-bb78-e2dbeb8d0cc8,5ae5fef1-32ab-47d2-8c3a-f97410ece85a,1644232451069,13.3651447,52.5102143,4.04117,0.20061205,0.7889049,6.888278,on bike mount,cyclo cross,True,fine gravel,good
b8aa6b37-45de-464c-8851-02dfbbf9ea4d,6ac88080-0a7a-49c6-bb78-e2dbeb8d0cc8,5eba2a08-bf0b-4345-b860-98cc8450726c,1644232451125,13.3651447,52.5102143,4.04117,-0.19393641,-1.6378303,-8.338642,on bike mount,cyclo cross,True,fine gravel,good
b8aa6b37-45de-464c-8851-02dfbbf9ea4d,6ac88080-0a7a-49c6-bb78-e2dbeb8d0cc8,38cfbf84-7538-47b2-b586-f9edb8b0cb8f,1644232451179,13.3651447,52.5102143,4.04117,-1.051488,-3.909142,2.2757664,on bike mount,cyclo cross,True,fine gravel,good
b8aa6b37-45de-464c-8851-02dfbbf9ea4d,6ac88080-0a7a-49c6-bb78-e2dbeb8d0cc8,7b2d0ff3-148c-43a5-b9b8-5fc5c1cc3cb2,1644232451236,13.3651447,52.5102143,4.04117,1.3018204,0.30740142,-3.2946234,on bike mount,cyclo cross,True,fine gravel,good
b8aa6b37-45de-464c-8851-02dfbbf9ea4d,6ac88080-0a7a-49c6-bb78-e2dbeb8d0cc8,c3466490-497a-4211-a770-bbb7dddcc891,1644232451291,13.3651447,52.5102143,4.04117,-2.2325833,-2.9109137,-3.622282,on bike mount,cyclo cross,True,fine gravel,good
b8aa6b37-45de-464c-8851-02dfbbf9ea4d,6ac88080-0a7a-49c6-bb78-e2dbeb8d0cc8,3ed1dc3d-a72a-4a87-b872-a76627f04e03,1644232451346,13.3651447,52.5102143,4.04117,-1.9403123,-2.0080018,-1.4714608,on bike mount,cyclo cross,True,fine gravel,good
b8aa6b37-45de-464c-8851-02dfbbf9ea4d,6ac88080-0a7a-49c6-bb78-e2dbeb8d0cc8,d26e5323-b75e-42d4-92a0-eb83d9242a3c,1644232451405,13.3651447,52.5102143,4.04117,-0.046548627,0.8186097,5.9024544,on bike mount,cyclo cross,True,fine gravel,good
b8aa6b37-45de-464c-8851-02dfbbf9ea4d,6ac88080-0a7a-49c6-bb78-e2dbeb8d0cc8,fe8c437a-317f-4912-aaa1-c2085af6a42a,1644232451459,13.3651447,52.5102143,4.04117,-0.26137343,5.099885,-1.7781324,on bike mount,cyclo cross,True,fine gravel,good
b8aa6b37-45de-464c-8851-02dfbbf9ea4d,6ac88080-0a7a-49c6-bb78-e2dbeb8d0cc8,034ec728-9fb6-44a0-bf2c-db2053f7e704,1644232451513,13.3651447,52.5102143,4.04117,-0.33747062,-0.7724707,0.9508972,on bike mount,cyclo cross,True,fine gravel,good
b8aa6b37-45de-464c-8851-02dfbbf9ea4d,6ac88080-0a7a-49c6-bb78-e2dbeb8d0cc8,e2456f28-1260-4381-9e87-34348311e1f2,1644232451569,13.3651447,52.5102143,4.04117,-1.0116618,-0.8239949,-1.3599916,on bike mount,cyclo cross,True,fine gravel,good
b8aa6b37-45de-464c-8851-02dfbbf9ea4d,6ac88080-0a7a-49c6-bb78-e2dbeb8d0cc8,4e329198-6204-43c9-90b9-e878cf5ba520,1644232451623,13.3650759,52.5102014,4.2369113,-0.4056409,-1.5865567,4.06569,on bike mount,cyclo cross,True,fine gravel,good
b8aa6b37-45de-464c-8851-02dfbbf9ea4d,6ac88080-0a7a-49c6-bb78-e2dbeb8d0cc8,7db9a6f1-36a0-4908-83cd-5aa27f41736b,1644232451680,13.3650759,52.5102014,4.2369113,0.58739245,-1.3773103,2.1002312,on bike mount,cyclo cross,True,fine gravel,good
b8aa6b37-45de-464c-8851-02dfbbf9ea4d,6ac88080-0a7a-49c6-bb78-e2dbeb8d0cc8,9e9f8777-e672-42e6-94bd-66815a4c08b5,1644232451734,13.3650759,52.5102014,4.2369113,0.0010572672,-0.26500034,-0.528718,on bike mount,cyclo cross,True,fine gravel,good
b8aa6b37-45de-464c-8851-02dfbbf9ea4d,6ac88080-0a7a-49c6-bb78-e2dbeb8d0cc8,f6e9e406-743d-4e0b-b64e-ff4dcd4e170f,1644232451790,13.3650759,52.5102014,4.2369113,0.040514432,0.27352667,-0.684782,on bike mount,cyclo cross,True,fine gravel,good
b8aa6b37-45de-464c-8851-02dfbbf9ea4d,6ac88080-0a7a-49c6-bb78-e2dbeb8d0cc8,2e5db447-d036-4689-95d4-3030311eebef,1644232451846,13.3650759,52.5102014,4.2369113,-0.65747875,-0.06232071,-2.4785285,on bike mount,cyclo cross,True,fine gravel,good
b8aa6b37-45de-464c-8851-02dfbbf9ea4d,6ac88080-0a7a-49c6-bb78-e2dbeb8d0cc8,99ae8bca-8a43-4571-8fca-187fdf073650,1644232451901,13.3650759,52.5102014,4.2369113,-0.37063757,-1.6718704,-0.19611168,on bike mount,cyclo cross,True,fine gravel,good
b8aa6b37-45de-464c-8851-02dfbbf9ea4d,6ac88080-0a7a-49c6-bb78-e2dbeb8d0cc8,8551ae08-9e6b-403c-8ed2-47be5064cc6a,1644232451957,13.3650759,52.5102014,4.2369113,-0.37333632,-1.0094014,4.503786,on bike mount,cyclo cross,True,fine gravel,good
b8aa6b37-45de-464c-8851-02dfbbf9ea4d,6ac88080-0a7a-49c6-bb78-e2dbeb8d0cc8,22ce2c36-3a1e-4841-900e-db8ad6eb54a7,1644232452012,13.3650759,52.5102014,4.2369113,0.29991192,-1.8953328,-0.57108593,on bike mount,cyclo cross,True,fine gravel,good
b8aa6b37-45de-464c-8851-02dfbbf9ea4d,6ac88080-0a7a-49c6-bb78-e2dbeb8d0cc8,4b32636d-b647-48b0-ba66-5db3608070d8,1644232452068,13.3650759,52.5102014,4.2369113,1.9595222,1.6176374,-2.4381156,on bike mount,cyclo cross,True,fine gravel,good
b8aa6b37-45de-464c-8851-02dfbbf9ea4d,6ac88080-0a7a-49c6-bb78-e2dbeb8d0cc8,4d9494cb-abfc-4139-ab14-1106dd362e94,1644232452123,13.3650759,52.5102014,4.2369113,0.5593978,-1.9848132,2.3087616,on bike mount,cyclo cross,True,fine gravel,good
b8aa6b37-45de-464c-8851-02dfbbf9ea4d,6ac88080-0a7a-49c6-bb78-e2dbeb8d0cc8,f134dabe-fbbe-4611-a809-240f67c0a053,1644232452180,13.3650759,52.5102014,4.2369113,-0.8283167,0.84154534,0.49351883,on bike mount,cyclo cross,True,fine gravel,good
b8aa6b37-45de-464c-8851-02dfbbf9ea4d,6ac88080-0a7a-49c6-bb78-e2dbeb8d0cc8,77c10c5a-7c02-43aa-812f-919b085bd555,1644232452234,13.3650759,52.5102014,4.2369113,1.093095,-4.1944556,4.1749287,on bike mount,cyclo cross,True,fine gravel,good
b8aa6b37-45de-464c-8851-02dfbbf9ea4d,6ac88080-0a7a-49c6-bb78-e2dbeb8d0cc8,2d9db69a-596e-4273-bfb1-51e69cfd4a53,1644232452290,13.3650759,52.5102014,4.2369113,-0.2169105,-2.9330697,3.6078339,on bike mount,cyclo cross,True,fine gravel,good
b8aa6b37-45de-464c-8851-02dfbbf9ea4d,6ac88080-0a7a-49c6-bb78-e2dbeb8d0cc8,dcd93cdf-90af-4728-9e14-410546f2f7b2,1644232452345,13.3650759,52.5102014,4.2369113,0.00015178323,0.7499702,-1.4535098,on bike mount,cyclo cross,True,fine gravel,good
b8aa6b37-45de-464c-8851-02dfbbf9ea4d,6ac88080-0a7a-49c6-bb78-e2dbeb8d0cc8,64595f07-2821-40d6-8184-ac4ab8c733fb,1644232452401,13.3650759,52.5102014,4.2369113,-1.6507336,-0.16450334,-0.17447472,on bike mount,cyclo cross,True,fine gravel,good
b8aa6b37-45de-464c-8851-02dfbbf9ea4d,6ac88080-0a7a-49c6-bb78-e2dbeb8d0cc8,55f4dec0-7af5-4dd3-9e1d-2a5182e2f36b,1644232452457,13.3650759,52.5102014,4.2369113,0.26822823,1.8937416,-3.4562082,on bike mount,cyclo cross,True,fine gravel,good
b8aa6b37-45de-464c-8851-02dfbbf9ea4d,6ac88080-0a7a-49c6-bb78-e2dbeb8d0cc8,935cc7d4-544a-4c90-8f56-5b8c1ad2370b,1644232452512,13.3650759,52.5102014,4.2369113,1.5269496,1.4158549,-4.1756372,on bike mount,cyclo cross,True,fine gravel,good
b8aa6b37-45de-464c-8851-02dfbbf9ea4d,6ac88080-0a7a-49c6-bb78-e2dbeb8d0cc8,447c15d1-78c6-4f34-b16f-a1520346ed64,1644232452568,13.3650759,52.5102014,4.2369113,-0.4675309,-3.3463137,3.6011744,on bike mount,cyclo cross,True,fine gravel,good
b8aa6b37-45de-464c-8851-02dfbbf9ea4d,6ac88080-0a7a-49c6-bb78-e2dbeb8d0cc8,0eba96c9-9f52-406c-a448-a3302f6b1443,1644232452622,13.365008,52.5101884,4.470791,0.48321247,0.9167404,1.4467525,on bike mount,cyclo cross,True,fine gravel,good
b8aa6b37-45de-464c-8851-02dfbbf9ea4d,6ac88080-0a7a-49c6-bb78-e2dbeb8d0cc8,7ae2e463-5e8d-43ca-ae9e-6429e2272d87,1644232452678,13.365008,52.5101884,4.470791,0.7051707,0.28753877,-1.852529,on bike mount,cyclo cross,True,fine gravel,good
b8aa6b37-45de-464c-8851-02dfbbf9ea4d,6ac88080-0a7a-49c6-bb78-e2dbeb8d0cc8,38f70666-31bb-419e-afbc-ead8640fef68,1644232452734,13.365008,52.5101884,4.470791,-0.16334993,0.19508004,-2.7383742,on bike mount,cyclo cross,True,fine gravel,good
b8aa6b37-45de-464c-8851-02dfbbf9ea4d,6ac88080-0a7a-49c6-bb78-e2dbeb8d0cc8,c6e344f1-3c65-4d85-91fd-fce51eabaaa7,1644232452790,13.365008,52.5101884,4.470791,-0.76215374,1.1208434,-3.647994,on bike mount,cyclo cross,True,fine gravel,good
b8aa6b37-45de-464c-8851-02dfbbf9ea4d,6ac88080-0a7a-49c6-bb78-e2dbeb8d0cc8,9e2f71c0-a689-4292-8013-99d2679a5587,1644232452845,13.365008,52.5101884,4.470791,0.13179341,-0.4639182,2.273942,on bike mount,cyclo cross,True,fine gravel,good
b8aa6b37-45de-464c-8851-02dfbbf9ea4d,6ac88080-0a7a-49c6-bb78-e2dbeb8d0cc8,eb8773b6-bf73-403e-aeae-96f4128dd48b,1644232452900,13.365008,52.5101884,4.470791,-0.4211744,-3.2082071,4.578101,on bike mount,cyclo cross,True,fine gravel,good
b8aa6b37-45de-464c-8851-02dfbbf9ea4d,6ac88080-0a7a-49c6-bb78-e2dbeb8d0cc8,69478108-05af-45ac-abc0-80d923d99ab0,1644232452956,13.365008,52.5101884,4.470791,-1.1186199,-2.0563116,-3.5376306,on bike mount,cyclo cross,True,fine gravel,good
b8aa6b37-45de-464c-8851-02dfbbf9ea4d,6ac88080-0a7a-49c6-bb78-e2dbeb8d0cc8,a9ce413d-8849-4fdb-9da2-cedde5b6d0fa,1644232453011,13.365008,52.5101884,4.470791,0.088507205,3.3614469,-5.2722893,on bike mount,cyclo cross,True,fine gravel,good
b8aa6b37-45de-464c-8851-02dfbbf9ea4d,6ac88080-0a7a-49c6-bb78-e2dbeb8d0cc8,c7bf159e-24a0-4048-b23b-d3862bb7f78a,1644232453067,13.365008,52.5101884,4.470791,0.39527154,-1.5220877,2.0873404,on bike mount,cyclo cross,True,fine gravel,good
b8aa6b37-45de-464c-8851-02dfbbf9ea4d,6ac88080-0a7a-49c6-bb78-e2dbeb8d0cc8,1bb91dbd-4983-48ed-8117-73a24e584680,1644232453122,13.365008,52.5101884,4.470791,-2.5268123,-0.6875651,1.1375923,on bike mount,cyclo cross,True,fine gravel,good
b8aa6b37-45de-464c-8851-02dfbbf9ea4d,6ac88080-0a7a-49c6-bb78-e2dbeb8d0cc8,98080414-528c-46f1-bf3d-b38e9f8801e3,1644232453177,13.365008,52.5101884,4.470791,-1.9906738,-0.40925503,-0.048589706,on bike mount,cyclo cross,True,fine gravel,good
b8aa6b37-45de-464c-8851-02dfbbf9ea4d,6ac88080-0a7a-49c6-bb78-e2dbeb8d0cc8,0308b1d8-4825-40bd-8b92-03bd124786fa,1644232453233,13.365008,52.5101884,4.470791,1.0531346,-1.3425752,-1.0131931,on bike mount,cyclo cross,True,fine gravel,good
b8aa6b37-45de-464c-8851-02dfbbf9ea4d,6ac88080-0a7a-49c6-bb78-e2dbeb8d0cc8,7634e230-b067-4958-8b04-6d993caba8f3,1644232453289,13.365008,52.5101884,4.470791,0.08465013,0.30418158,-1.455121,on bike mount,cyclo cross,True,fine gravel,good
b8aa6b37-45de-464c-8851-02dfbbf9ea4d,6ac88080-0a7a-49c6-bb78-e2dbeb8d0cc8,576f885c-dbea-487f-9863-a098b8680a60,1644232453344,13.365008,52.5101884,4.470791,-0.5233326,0.07239485,2.8628435,on bike mount,cyclo cross,True,fine gravel,good
b8aa6b37-45de-464c-8851-02dfbbf9ea4d,6ac88080-0a7a-49c6-bb78-e2dbeb8d0cc8,c7e48823-e8f8-4e89-9895-46fc0739a934,1644232453400,13.365008,52.5101884,4.470791,-0.22327103,-1.7059165,9.121122,on bike mount,cyclo cross,True,fine gravel,good
b8aa6b37-45de-464c-8851-02dfbbf9ea4d,6ac88080-0a7a-49c6-bb78-e2dbeb8d0cc8,e46c3952-4f46-48ce-b3d6-00efcb8a2ad0,1644232453455,13.365008,52.5101884,4.470791,-0.844943,-0.6047549,3.0400248,on bike mount,cyclo cross,True,fine gravel,good
b8aa6b37-45de-464c-8851-02dfbbf9ea4d,6ac88080-0a7a-49c6-bb78-e2dbeb8d0cc8,20bf9e3f-6f47-4e40-a845-d35114bf29c2,1644232453511,13.365008,52.5101884,4.470791,0.05465518,-6.555097,7.715661,on bike mount,cyclo cross,True,fine gravel,good
b8aa6b37-45de-464c-8851-02dfbbf9ea4d,6ac88080-0a7a-49c6-bb78-e2dbeb8d0cc8,2749b8f6-d9c4-49ab-b086-d689447ece5d,1644232453566,13.365008,52.5101884,4.470791,-0.667256,0.1139791,1.0199118,on bike mount,cyclo cross,True,fine gravel,good
b8aa6b37-45de-464c-8851-02dfbbf9ea4d,6ac88080-0a7a-49c6-bb78-e2dbeb8d0cc8,1b8f298a-9b92-4a78-8d1c-cbf190218c31,1644232453622,13.3649386,52.510175,4.360631,2.4052303,2.8578258,-7.5700326,on bike mount,cyclo cross,True,fine gravel,good
b8aa6b37-45de-464c-8851-02dfbbf9ea4d,6ac88080-0a7a-49c6-bb78-e2dbeb8d0cc8,76f3d930-ba11-43df-bd06-d457e3c70693,1644232453677,13.3649386,52.510175,4.360631,-0.45205423,-2.0880876,5.5535297,on bike mount,cyclo cross,True,fine gravel,good
b8aa6b37-45de-464c-8851-02dfbbf9ea4d,6ac88080-0a7a-49c6-bb78-e2dbeb8d0cc8,31074f2b-e3c0-44a0-9d78-4b79d8f08a58,1644232453733,13.3649386,52.510175,4.360631,-0.8169966,-1.762977,-0.46202087,on bike mount,cyclo cross,True,fine gravel,good
b8aa6b37-45de-464c-8851-02dfbbf9ea4d,6ac88080-0a7a-49c6-bb78-e2dbeb8d0cc8,98725a38-7d2b-4888-b8ae-a56c1a9a3a0c,1644232453789,13.3649386,52.510175,4.360631,-0.4034246,-4.6987896,3.1097202,on bike mount,cyclo cross,True,fine gravel,good
b8aa6b37-45de-464c-8851-02dfbbf9ea4d,6ac88080-0a7a-49c6-bb78-e2dbeb8d0cc8,c59364f3-2391-4ef5-91e2-e81b0ec67a4c,1644232453844,13.3649386,52.510175,4.360631,0.169702,0.083269835,0.6205988,on bike mount,cyclo cross,True,fine gravel,good
b8aa6b37-45de-464c-8851-02dfbbf9ea4d,6ac88080-0a7a-49c6-bb78-e2dbeb8d0cc8,71cd843e-29ea-492c-9ef9-a8177a1426ce,1644232453900,13.3649386,52.510175,4.360631,-2.0113754,-6.3691473,5.2306786,on bike mount,cyclo cross,True,fine gravel,good
b8aa6b37-45de-464c-8851-02dfbbf9ea4d,6ac88080-0a7a-49c6-bb78-e2dbeb8d0cc8,2943b4e1-6bff-4763-9214-43915a60b28c,1644232453955,13.3649386,52.510175,4.360631,-2.486753,2.6362529,10.183755,on bike mount,cyclo cross,True,fine gravel,good
b8aa6b37-45de-464c-8851-02dfbbf9ea4d,6ac88080-0a7a-49c6-bb78-e2dbeb8d0cc8,e33c7adb-5ad8-4d76-b145-615e909e862d,1644232454011,13.3649386,52.510175,4.360631,0.59795374,-0.30568433,0.18158627,on bike mount,cyclo cross,True,fine gravel,good
b8aa6b37-45de-464c-8851-02dfbbf9ea4d,6ac88080-0a7a-49c6-bb78-e2dbeb8d0cc8,7971ccdf-4187-43d3-af6e-08e50ad8418a,1644232454067,13.3649386,52.510175,4.360631,0.9380587,1.2133665,0.040373802,on bike mount,cyclo cross,True,fine gravel,good
b8aa6b37-45de-464c-8851-02dfbbf9ea4d,6ac88080-0a7a-49c6-bb78-e2dbeb8d0cc8,4621d50e-6bf6-4df9-a0f4-3417c437c860,1644232454122,13.3649386,52.510175,4.360631,-0.55439746,1.8215144,-2.4166613,on bike mount,cyclo cross,True,fine gravel,good
b8aa6b37-45de-464c-8851-02dfbbf9ea4d,6ac88080-0a7a-49c6-bb78-e2dbeb8d0cc8,bbb7d132-4ceb-45ed-8c62-d5bbaa7f2945,1644232454177,13.3649386,52.510175,4.360631,0.14827667,-0.30729055,4.5240326,on bike mount,cyclo cross,True,fine gravel,good
b8aa6b37-45de-464c-8851-02dfbbf9ea4d,6ac88080-0a7a-49c6-bb78-e2dbeb8d0cc8,3c6b4e0f-3549-4e96-a9f9-706b7166eed5,1644232454233,13.3649386,52.510175,4.360631,-0.15444613,2.7618794,-2.2514892,on bike mount,cyclo cross,True,fine gravel,good
b8aa6b37-45de-464c-8851-02dfbbf9ea4d,6ac88080-0a7a-49c6-bb78-e2dbeb8d0cc8,59d620db-dec8-48df-8fd4-2546c6789936,1644232454289,13.3649386,52.510175,4.360631,-0.0394565,2.770041,0.41801453,on bike mount,cyclo cross,True,fine gravel,good
b8aa6b37-45de-464c-8851-02dfbbf9ea4d,6ac88080-0a7a-49c6-bb78-e2dbeb8d0cc8,cfc6c68e-7ab3-4753-869d-3202f932b5aa,1644232454345,13.3649386,52.510175,4.360631,1.1927395,0.3228953,2.1288261,on bike mount,cyclo cross,True,fine gravel,good
b8aa6b37-45de-464c-8851-02dfbbf9ea4d,6ac88080-0a7a-49c6-bb78-e2dbeb8d0cc8,992d2107-b8d8-4d7f-b8d8-efd5e4f13b9d,1644232454399,13.3649386,52.510175,4.360631,1.1351235,0.7002349,-3.3029017,on bike mount,cyclo cross,True,fine gravel,good
b8aa6b37-45de-464c-8851-02dfbbf9ea4d,6ac88080-0a7a-49c6-bb78-e2dbeb8d0cc8,429dde81-8553-41fd-9f2b-cb11cc9c1dde,1644232454454,13.3649386,52.510175,4.360631,0.52049065,0.31959176,-4.0852323,on bike mount,cyclo cross,True,fine gravel,good
b8aa6b37-45de-464c-8851-02dfbbf9ea4d,6ac88080-0a7a-49c6-bb78-e2dbeb8d0cc8,acfd4343-0fca-4379-a09a-8f293d0a1782,1644232454511,13.3649386,52.510175,4.360631,-0.50531775,1.4007657,-2.432438,on bike mount,cyclo cross,True,fine gravel,good
b8aa6b37-45de-464c-8851-02dfbbf9ea4d,6ac88080-0a7a-49c6-bb78-e2dbeb8d0cc8,de2cfc3f-9d5f-40ec-9edc-ad2c0e9c7558,1644232454565,13.3649386,52.510175,4.360631,1.031806,3.53926,0.048064232,on bike mount,cyclo cross,True,fine gravel,good
b8aa6b37-45de-464c-8851-02dfbbf9ea4d,6ac88080-0a7a-49c6-bb78-e2dbeb8d0cc8,f55b3e5b-7343-4357-8453-ac24b6c4336c,1644232454621,13.3648703,52.510162,4.3153768,-1.1069528,-4.3445024,-3.5896437,on bike mount,cyclo cross,True,fine gravel,good
b8aa6b37-45de-464c-8851-02dfbbf9ea4d,6ac88080-0a7a-49c6-bb78-e2dbeb8d0cc8,f1aecaeb-090e-4b8f-903b-240f33309b2e,1644232454677,13.3648703,52.510162,4.3153768,0.8886958,-2.8533506,-0.89400387,on bike mount,cyclo cross,True,fine gravel,good
b8aa6b37-45de-464c-8851-02dfbbf9ea4d,6ac88080-0a7a-49c6-bb78-e2dbeb8d0cc8,6a4b1a91-a6d6-4fd6-8063-947288a3defc,1644232454732,13.3648703,52.510162,4.3153768,-0.64128107,-1.2611295,6.301096,on bike mount,cyclo cross,True,fine gravel,good
b8aa6b37-45de-464c-8851-02dfbbf9ea4d,6ac88080-0a7a-49c6-bb78-e2dbeb8d0cc8,4b67dd27-393c-4652-b901-c36c38df3068,1644232454787,13.3648703,52.510162,4.3153768,1.4996746,2.7371612,0.6630268,on bike mount,cyclo cross,True,fine gravel,good
b8aa6b37-45de-464c-8851-02dfbbf9ea4d,6ac88080-0a7a-49c6-bb78-e2dbeb8d0cc8,55657daf-43be-480d-a673-6ebb1e0cea67,1644232454843,13.3648703,52.510162,4.3153768,1.126467,-0.14938807,-2.8571668,on bike mount,cyclo cross,True,fine gravel,good
b8aa6b37-45de-464c-8851-02dfbbf9ea4d,6ac88080-0a7a-49c6-bb78-e2dbeb8d0cc8,ebce27f7-2c27-4501-ade6-2490fb3394ac,1644232454898,13.3648703,52.510162,4.3153768,2.3630652,1.1988215,4.0813007,on bike mount,cyclo cross,True,fine gravel,good
b8aa6b37-45de-464c-8851-02dfbbf9ea4d,6ac88080-0a7a-49c6-bb78-e2dbeb8d0cc8,41208c41-10a2-47cc-9a16-a884970b76c8,1644232454954,13.3648703,52.510162,4.3153768,1.040282,1.5549827,-0.9046087,on bike mount,cyclo cross,True,fine gravel,good
b8aa6b37-45de-464c-8851-02dfbbf9ea4d,6ac88080-0a7a-49c6-bb78-e2dbeb8d0cc8,659d66ee-16a3-46b1-86b8-abf68c669356,1644232455009,13.3648703,52.510162,4.3153768,-0.5318854,-1.9125388,4.641343,on bike mount,cyclo cross,True,fine gravel,good
b8aa6b37-45de-464c-8851-02dfbbf9ea4d,6ac88080-0a7a-49c6-bb78-e2dbeb8d0cc8,cc5d514d-b577-45ff-a920-2c3266ca4e14,1644232455066,13.3648703,52.510162,4.3153768,-0.47896802,-1.207252,-1.2362885,on bike mount,cyclo cross,True,fine gravel,good
b8aa6b37-45de-464c-8851-02dfbbf9ea4d,6ac88080-0a7a-49c6-bb78-e2dbeb8d0cc8,dacc6690-0a8c-4d43-b061-40a75682b6df,1644232455120,13.3648703,52.510162,4.3153768,1.86293,-1.582315,0.04068756,on bike mount,cyclo cross,True,fine gravel,good
b8aa6b37-45de-464c-8851-02dfbbf9ea4d,6ac88080-0a7a-49c6-bb78-e2dbeb8d0cc8,23c7b6d9-394b-4976-a166-db3b08a5c382,1644232455176,13.3648703,52.510162,4.3153768,1.3329391,-0.70968413,0.7771578,on bike mount,cyclo cross,True,fine gravel,good
b8aa6b37-45de-464c-8851-02dfbbf9ea4d,6ac88080-0a7a-49c6-bb78-e2dbeb8d0cc8,12fb0865-1321-4916-a068-db6248f509a6,1644232455233,13.3648703,52.510162,4.3153768,0.05921012,-0.42630482,4.6789017,on bike mount,cyclo cross,True,fine gravel,good
b8aa6b37-45de-464c-8851-02dfbbf9ea4d,6ac88080-0a7a-49c6-bb78-e2dbeb8d0cc8,a79b32ff-e242-460d-a569-91c88da106e9,1644232455288,13.3648703,52.510162,4.3153768,-0.5845815,-0.13215184,-0.9455004,on bike mount,cyclo cross,True,fine gravel,good
b8aa6b37-45de-464c-8851-02dfbbf9ea4d,6ac88080-0a7a-49c6-bb78-e2dbeb8d0cc8,4e1d1959-284a-45f9-ba03-e314c2bc9004,1644232455343,13.3648703,52.510162,4.3153768,0.23654383,0.17428684,-0.7141094,on bike mount,cyclo cross,True,fine gravel,good
b8aa6b37-45de-464c-8851-02dfbbf9ea4d,6ac88080-0a7a-49c6-bb78-e2dbeb8d0cc8,5a57f909-1e88-4599-9c27-6d92bf04184a,1644232455399,13.3648703,52.510162,4.3153768,0.33656648,-3.8075304,10.054272,on bike mount,cyclo cross,True,fine gravel,good
b8aa6b37-45de-464c-8851-02dfbbf9ea4d,6ac88080-0a7a-49c6-bb78-e2dbeb8d0cc8,cb2ed2a0-4101-4e6c-8f0f-d836bf215764,1644232455455,13.3648703,52.510162,4.3153768,2.1589286,3.1614857,0.23452473,on bike mount,cyclo cross,True,fine gravel,good
b8aa6b37-45de-464c-8851-02dfbbf9ea4d,6ac88080-0a7a-49c6-bb78-e2dbeb8d0cc8,17b9eb0d-f1ba-4078-9c49-9d3375b48fdb,1644232455510,13.3648703,52.510162,4.3153768,-1.7562208,-2.3009331,-1.1634545,on bike mount,cyclo cross,True,fine gravel,good
b8aa6b37-45de-464c-8851-02dfbbf9ea4d,6ac88080-0a7a-49c6-bb78-e2dbeb8d0cc8,92f437ef-b301-4ae5-b7b1-bf4b48a223c7,1644232455565,13.3648703,52.510162,4.3153768,-0.70002294,-4.2214193,0.14602566,on bike mount,cyclo cross,True,fine gravel,good
b8aa6b37-45de-464c-8851-02dfbbf9ea4d,6ac88080-0a7a-49c6-bb78-e2dbeb8d0cc8,1ad6c881-3603-4a47-b8ea-f75047f0777d,1644232455620,13.3647983,52.5101477,3.9031765,1.8604431,-5.2544403,2.2661572,on bike mount,cyclo cross,True,fine gravel,good
b8aa6b37-45de-464c-8851-02dfbbf9ea4d,6ac88080-0a7a-49c6-bb78-e2dbeb8d0cc8,c896ae16-104c-4c71-a30f-cd8aee94eb42,1644232455676,13.3647983,52.5101477,3.9031765,-5.4999094,-0.81546235,0.31097603,on bike mount,cyclo cross,True,fine gravel,good
b8aa6b37-45de-464c-8851-02dfbbf9ea4d,6ac88080-0a7a-49c6-bb78-e2dbeb8d0cc8,5ffc0e66-0938-4323-bca7-4dd0c229c544,1644232455731,13.3647983,52.5101477,3.9031765,-0.18350554,1.4687841,-3.7898865,on bike mount,cyclo cross,True,fine gravel,good
b8aa6b37-45de-464c-8851-02dfbbf9ea4d,6ac88080-0a7a-49c6-bb78-e2dbeb8d0cc8,5aa230ac-1f0e-4308-8faf-15f25f7556ba,1644232455787,13.3647983,52.5101477,3.9031765,0.54029906,3.319632,-1.909595,on bike mount,cyclo cross,True,fine gravel,good
b8aa6b37-45de-464c-8851-02dfbbf9ea4d,6ac88080-0a7a-49c6-bb78-e2dbeb8d0cc8,b4a8e410-4c16-421e-b3b6-bb79dedee03e,1644232455843,13.3647983,52.5101477,3.9031765,-0.14560086,-1.8681756,0.92378426,on bike mount,cyclo cross,True,fine gravel,good
b8aa6b37-45de-464c-8851-02dfbbf9ea4d,6ac88080-0a7a-49c6-bb78-e2dbeb8d0cc8,fbd215bb-5422-4e83-9c30-c98ac9cf746f,1644232455898,13.3647983,52.5101477,3.9031765,-1.0003396,1.8688121,-3.7451053,on bike mount,cyclo cross,True,fine gravel,good
b8aa6b37-45de-464c-8851-02dfbbf9ea4d,6ac88080-0a7a-49c6-bb78-e2dbeb8d0cc8,aa0d1c37-42eb-40ae-9bf5-6354e67b9806,1644232455953,13.3647983,52.5101477,3.9031765,0.06052196,-0.018925905,3.1130562,on bike mount,cyclo cross,True,fine gravel,good
b8aa6b37-45de-464c-8851-02dfbbf9ea4d,6ac88080-0a7a-49c6-bb78-e2dbeb8d0cc8,bfdbc119-f7af-42ed-a5fe-2561afe73a2e,1644232456009,13.3647983,52.5101477,3.9031765,0.008818403,-1.7798715,0.54123306,on bike mount,cyclo cross,True,fine gravel,good
b8aa6b37-45de-464c-8851-02dfbbf9ea4d,6ac88080-0a7a-49c6-bb78-e2dbeb8d0cc8,a9437fcb-3d07-40fb-9146-8db2de431832,1644232456063,13.3647983,52.5101477,3.9031765,-0.0838719,-4.879056,1.2079229,on bike mount,cyclo cross,True,fine gravel,good
b8aa6b37-45de-464c-8851-02dfbbf9ea4d,6ac88080-0a7a-49c6-bb78-e2dbeb8d0cc8,a1b54eff-7d9d-4c7d-a6bf-b9c50cafcecd,1644232456120,13.3647983,52.5101477,3.9031765,-0.5221462,1.8925529,-2.7224965,on bike mount,cyclo cross,True,fine gravel,good
b8aa6b37-45de-464c-8851-02dfbbf9ea4d,6ac88080-0a7a-49c6-bb78-e2dbeb8d0cc8,8b6376de-528b-4b80-a16b-f9b3eecadc19,1644232456176,13.3647983,52.5101477,3.9031765,0.29853907,0.19758391,0.25126362,on bike mount,cyclo cross,True,fine gravel,good
b8aa6b37-45de-464c-8851-02dfbbf9ea4d,6ac88080-0a7a-49c6-bb78-e2dbeb8d0cc8,8b11fcaa-2d19-4926-8343-88e9688ffb65,1644232456232,13.3647983,52.5101477,3.9031765,-0.7675576,-2.630105,4.9514656,on bike mount,cyclo cross,True,fine gravel,good
b8aa6b37-45de-464c-8851-02dfbbf9ea4d,6ac88080-0a7a-49c6-bb78-e2dbeb8d0cc8,ef28b380-68f4-494a-9bd0-625f3210f980,1644232456286,13.3647983,52.5101477,3.9031765,-1.1315833,-4.2295837,7.3931684,on bike mount,cyclo cross,True,fine gravel,good
b8aa6b37-45de-464c-8851-02dfbbf9ea4d,6ac88080-0a7a-49c6-bb78-e2dbeb8d0cc8,a5591fef-b55f-4832-88a1-7aa87ad651af,1644232456343,13.3647983,52.5101477,3.9031765,0.32745907,1.0484061,-1.459755,on bike mount,cyclo cross,True,fine gravel,good
b8aa6b37-45de-464c-8851-02dfbbf9ea4d,6ac88080-0a7a-49c6-bb78-e2dbeb8d0cc8,d65ff5fc-46a5-4334-a0e2-5328919406f6,1644232456397,13.3647983,52.5101477,3.9031765,-0.2073634,1.685566,6.379342,on bike mount,cyclo cross,True,fine gravel,good
b8aa6b37-45de-464c-8851-02dfbbf9ea4d,6ac88080-0a7a-49c6-bb78-e2dbeb8d0cc8,a7e16e05-9789-4022-a0c6-6724f167c05f,1644232456453,13.3647983,52.5101477,3.9031765,-0.47884652,-1.0042753,-2.5033169,on bike mount,cyclo cross,True,fine gravel,good
b8aa6b37-45de-464c-8851-02dfbbf9ea4d,6ac88080-0a7a-49c6-bb78-e2dbeb8d0cc8,22ed78f0-f439-418c-926c-6aae29c838d7,1644232456509,13.3647983,52.5101477,3.9031765,-1.6137146,-6.2312803,-0.2942257,on bike mount,cyclo cross,True,fine gravel,good
b8aa6b37-45de-464c-8851-02dfbbf9ea4d,6ac88080-0a7a-49c6-bb78-e2dbeb8d0cc8,bc76ecc1-b1e2-4b41-a3d1-c076380d2db2,1644232456563,13.3647983,52.5101477,3.9031765,0.10327807,-2.468604,-1.809164,on bike mount,cyclo cross,True,fine gravel,good
b8aa6b37-45de-464c-8851-02dfbbf9ea4d,6ac88080-0a7a-49c6-bb78-e2dbeb8d0cc8,dbc67db7-3053-4100-b8b5-0b9e97c25db7,1644232456618,13.3647304,52.5101343,3.5968707,1.5213056,-4.4211874,4.409213,on bike mount,cyclo cross,True,fine gravel,good
b8aa6b37-45de-464c-8851-02dfbbf9ea4d,6ac88080-0a7a-49c6-bb78-e2dbeb8d0cc8,ceb77503-2b17-470a-82ec-6e56800a3d82,1644232456674,13.3647304,52.5101343,3.5968707,0.24989009,-1.0676522,-3.178246,on bike mount,cyclo cross,True,fine gravel,good
b8aa6b37-45de-464c-8851-02dfbbf9ea4d,6ac88080-0a7a-49c6-bb78-e2dbeb8d0cc8,9ed644b6-59f9-4810-9468-292ac4811969,1644232456730,13.3647304,52.5101343,3.5968707,-0.86488104,-1.4949404,4.999379,on bike mount,cyclo cross,True,fine gravel,good
b8aa6b37-45de-464c-8851-02dfbbf9ea4d,6ac88080-0a7a-49c6-bb78-e2dbeb8d0cc8,e8d8d747-241d-44a9-9819-97cc2411eddf,1644232456786,13.3647304,52.5101343,3.5968707,1.5122371,2.9556713,11.630949,on bike mount,cyclo cross,True,fine gravel,good
b8aa6b37-45de-464c-8851-02dfbbf9ea4d,6ac88080-0a7a-49c6-bb78-e2dbeb8d0cc8,44b71842-31cd-4d8f-bbab-a34f7474c416,1644232456842,13.3647304,52.5101343,3.5968707,0.008657914,-5.1076,-0.15468788,on bike mount,cyclo cross,True,fine gravel,good
b8aa6b37-45de-464c-8851-02dfbbf9ea4d,6ac88080-0a7a-49c6-bb78-e2dbeb8d0cc8,cecee300-ba47-469f-b113-356ed8367f21,1644232456898,13.3647304,52.5101343,3.5968707,-0.57121396,-1.2754066,-3.1428409,on bike mount,cyclo cross,True,fine gravel,good
b8aa6b37-45de-464c-8851-02dfbbf9ea4d,6ac88080-0a7a-49c6-bb78-e2dbeb8d0cc8,93ef397c-0edf-4c58-9f98-37a2bbcf44ed,1644232456953,13.3647304,52.5101343,3.5968707,-0.7795374,-2.2228727,-0.49395752,on bike mount,cyclo cross,True,fine gravel,good
b8aa6b37-45de-464c-8851-02dfbbf9ea4d,6ac88080-0a7a-49c6-bb78-e2dbeb8d0cc8,b2408234-34e9-4527-a86c-bf037b8e7876,1644232457009,13.3647304,52.5101343,3.5968707,2.2547138,-2.1491766,7.8626995,on bike mount,cyclo cross,True,fine gravel,good
b8aa6b37-45de-464c-8851-02dfbbf9ea4d,6ac88080-0a7a-49c6-bb78-e2dbeb8d0cc8,14f05f6a-10b6-468b-a1bc-945e6d883ca2,1644232457063,13.3647304,52.5101343,3.5968707,-1.4340262,-5.296268,5.0931444,on bike mount,cyclo cross,True,fine gravel,good
b8aa6b37-45de-464c-8851-02dfbbf9ea4d,6ac88080-0a7a-49c6-bb78-e2dbeb8d0cc8,aac5393f-5c7c-4ccc-b1c6-a14a7326001b,1644232457118,13.3647304,52.5101343,3.5968707,-0.878796,1.0044246,1.9926863,on bike mount,cyclo cross,True,fine gravel,good
b8aa6b37-45de-464c-8851-02dfbbf9ea4d,6ac88080-0a7a-49c6-bb78-e2dbeb8d0cc8,733fa84f-a36f-42ed-8f47-6686b61dcfe5,1644232457175,13.3647304,52.5101343,3.5968707,-1.2113575,-10.888525,13.276812,on bike mount,cyclo cross,True,fine gravel,good
b8aa6b37-45de-464c-8851-02dfbbf9ea4d,6ac88080-0a7a-49c6-bb78-e2dbeb8d0cc8,87a4f069-2ce3-4ce1-8793-e04949c97618,1644232457230,13.3647304,52.5101343,3.5968707,2.4906788,-1.901109,3.4947958,on bike mount,cyclo cross,True,fine gravel,good
b8aa6b37-45de-464c-8851-02dfbbf9ea4d,6ac88080-0a7a-49c6-bb78-e2dbeb8d0cc8,8ecd6f6c-27b4-425b-9a66-c417bd1992c5,1644232457286,13.3647304,52.5101343,3.5968707,-0.5533123,0.1226902,-6.392007,on bike mount,cyclo cross,True,fine gravel,good
b8aa6b37-45de-464c-8851-02dfbbf9ea4d,6ac88080-0a7a-49c6-bb78-e2dbeb8d0cc8,38c3b940-e732-4a4c-bb33-528834920455,1644232457342,13.3647304,52.5101343,3.5968707,0.17044565,1.8593864,6.7848377,on bike mount,cyclo cross,True,fine gravel,good
b8aa6b37-45de-464c-8851-02dfbbf9ea4d,6ac88080-0a7a-49c6-bb78-e2dbeb8d0cc8,5a24438b-abd2-45f3-bb61-f4bc3c0a555a,1644232457397,13.3647304,52.5101343,3.5968707,0.09723903,2.6343002,2.9631586,on bike mount,cyclo cross,True,fine gravel,good
b8aa6b37-45de-464c-8851-02dfbbf9ea4d,6ac88080-0a7a-49c6-bb78-e2dbeb8d0cc8,37d84e8b-db3c-43bd-bd15-625885d1d4de,1644232457452,13.3647304,52.5101343,3.5968707,0.14554816,-2.3585706,-4.063324,on bike mount,cyclo cross,True,fine gravel,good
b8aa6b37-45de-464c-8851-02dfbbf9ea4d,6ac88080-0a7a-49c6-bb78-e2dbeb8d0cc8,db54465e-ccd7-4ef3-8f31-807548329f7f,1644232457507,13.3647304,52.5101343,3.5968707,-1.1458708,1.4946413,0.16334534,on bike mount,cyclo cross,True,fine gravel,good
b8aa6b37-45de-464c-8851-02dfbbf9ea4d,6ac88080-0a7a-49c6-bb78-e2dbeb8d0cc8,1244714f-8901-4a6b-8f67-d0495eb9365d,1644232457563,13.3647304,52.5101343,3.5968707,-0.12095776,-4.017844,-0.75225353,on bike mount,cyclo cross,True,fine gravel,good
b8aa6b37-45de-464c-8851-02dfbbf9ea4d,6ac88080-0a7a-49c6-bb78-e2dbeb8d0cc8,5c2bd90a-bdaf-4142-b4b5-22819e7ebea9,1644232457618,13.3646765,52.5101266,3.5941093,0.7873502,-5.3741074,5.3510113,on bike mount,cyclo cross,True,fine gravel,good
b8aa6b37-45de-464c-8851-02dfbbf9ea4d,6ac88080-0a7a-49c6-bb78-e2dbeb8d0cc8,d7494ef4-e07f-4453-9add-f86425f3783d,1644232457674,13.3646765,52.5101266,3.5941093,2.010768,-0.48762393,-1.8951955,on bike mount,cyclo cross,True,fine gravel,good
b8aa6b37-45de-464c-8851-02dfbbf9ea4d,6ac88080-0a7a-49c6-bb78-e2dbeb8d0cc8,7d8a2b4b-6190-47a3-ba99-7d9e18a34d0a,1644232457730,13.3646765,52.5101266,3.5941093,-0.94328636,-4.34107,-2.0902872,on bike mount,cyclo cross,True,fine gravel,good
b8aa6b37-45de-464c-8851-02dfbbf9ea4d,6ac88080-0a7a-49c6-bb78-e2dbeb8d0cc8,780527ad-2f31-4894-b22e-d2ec9e4df986,1644232457786,13.3646765,52.5101266,3.5941093,-1.0122261,0.6605725,-1.9027619,on bike mount,cyclo cross,True,fine gravel,good
b8aa6b37-45de-464c-8851-02dfbbf9ea4d,6ac88080-0a7a-49c6-bb78-e2dbeb8d0cc8,1f875a4b-a61e-47a0-ad88-a6b392d41d60,1644232457840,13.3646765,52.5101266,3.5941093,-1.5877287,5.649865,-1.6707158,on bike mount,cyclo cross,True,fine gravel,good
b8aa6b37-45de-464c-8851-02dfbbf9ea4d,6ac88080-0a7a-49c6-bb78-e2dbeb8d0cc8,68215bfd-4d3e-4551-975c-77b38394ee9f,1644232457896,13.3646765,52.5101266,3.5941093,-0.60544807,-0.13384461,2.2009058,on bike mount,cyclo cross,True,fine gravel,good
b8aa6b37-45de-464c-8851-02dfbbf9ea4d,6ac88080-0a7a-49c6-bb78-e2dbeb8d0cc8,98b82461-2298-4d27-b9a2-59d60a127c07,1644232457951,13.3646765,52.5101266,3.5941093,0.7031752,1.3341298,-1.4820199,on bike mount,cyclo cross,True,fine gravel,good
b8aa6b37-45de-464c-8851-02dfbbf9ea4d,6ac88080-0a7a-49c6-bb78-e2dbeb8d0cc8,d07ca068-38c8-43bd-a8d5-d5e5a88e990d,1644232458007,13.3646765,52.5101266,3.5941093,-0.44083688,1.51085,-1.9255781,on bike mount,cyclo cross,True,fine gravel,good
b8aa6b37-45de-464c-8851-02dfbbf9ea4d,6ac88080-0a7a-49c6-bb78-e2dbeb8d0cc8,eadfe0fd-9a85-4a14-9ecf-1530fc4402d4,1644232458062,13.3646765,52.5101266,3.5941093,-0.61520445,-2.2501159,0.36856937,on bike mount,cyclo cross,True,fine gravel,good
b8aa6b37-45de-464c-8851-02dfbbf9ea4d,6ac88080-0a7a-49c6-bb78-e2dbeb8d0cc8,95835216-bb4a-4359-a49c-b3abdf19d550,1644232458118,13.3646765,52.5101266,3.5941093,0.12647197,2.188229,-3.151257,on bike mount,cyclo cross,True,fine gravel,good
b8aa6b37-45de-464c-8851-02dfbbf9ea4d,6ac88080-0a7a-49c6-bb78-e2dbeb8d0cc8,8c5900f8-5b45-47cd-9fdd-b0be2e9109af,1644232458174,13.3646765,52.5101266,3.5941093,0.40811574,-4.9464483,10.214796,on bike mount,cyclo cross,True,fine gravel,good
b8aa6b37-45de-464c-8851-02dfbbf9ea4d,6ac88080-0a7a-49c6-bb78-e2dbeb8d0cc8,f6b98f1a-86da-42e7-9d1d-c56cfdbcf440,1644232458229,13.3646333,52.510121,3.6586096,-0.42628312,1.210959,1.9493341,on bike mount,cyclo cross,True,fine gravel,good
b8aa6b37-45de-464c-8851-02dfbbf9ea4d,6ac88080-0a7a-49c6-bb78-e2dbeb8d0cc8,ac957af2-beb7-434c-adbc-7060588e9813,1644232458284,13.3646333,52.510121,3.6586096,0.5471555,0.8874397,3.0998478,on bike mount,cyclo cross,True,fine gravel,good
b8aa6b37-45de-464c-8851-02dfbbf9ea4d,6ac88080-0a7a-49c6-bb78-e2dbeb8d0cc8,4ab422e9-7db6-4fcc-8efd-fc4b70fbe98b,1644232458341,13.3646333,52.510121,3.6586096,-1.8582702,-4.758036,-0.48979568,on bike mount,cyclo cross,True,fine gravel,good
b8aa6b37-45de-464c-8851-02dfbbf9ea4d,6ac88080-0a7a-49c6-bb78-e2dbeb8d0cc8,7cad1bf2-adcd-4789-91df-d88c9e662616,1644232458395,13.3646333,52.510121,3.6586096,-0.47004104,-2.509684,-2.1493764,on bike mount,cyclo cross,True,fine gravel,good
b8aa6b37-45de-464c-8851-02dfbbf9ea4d,6ac88080-0a7a-49c6-bb78-e2dbeb8d0cc8,57bab26e-d975-4d90-8a7f-f3bbeacc5b02,1644232458451,13.3646333,52.510121,3.6586096,-0.57315713,0.1935432,0.09780693,on bike mount,cyclo cross,True,fine gravel,good
b8aa6b37-45de-464c-8851-02dfbbf9ea4d,6ac88080-0a7a-49c6-bb78-e2dbeb8d0cc8,0b2f7b6d-bd70-4cce-840e-1df512957511,1644232458507,13.3646333,52.510121,3.6586096,0.55874383,-0.27623153,-1.7768831,on bike mount,cyclo cross,True,fine gravel,good
b8aa6b37-45de-464c-8851-02dfbbf9ea4d,6ac88080-0a7a-49c6-bb78-e2dbeb8d0cc8,bebcc932-c514-474b-ad5a-485109e5326d,1644232458562,13.3646333,52.510121,3.6586096,1.8527951,-4.911483,0.21338463,on bike mount,cyclo cross,True,fine gravel,good
b8aa6b37-45de-464c-8851-02dfbbf9ea4d,6ac88080-0a7a-49c6-bb78-e2dbeb8d0cc8,ba88b98a-2100-4347-9003-cf49e4845d97,1644232458617,13.3646333,52.510121,3.6586096,0.7996326,-4.4631267,-2.784336,on bike mount,cyclo cross,True,fine gravel,good
b8aa6b37-45de-464c-8851-02dfbbf9ea4d,6ac88080-0a7a-49c6-bb78-e2dbeb8d0cc8,c0adee27-ae0c-411d-9c1e-f3b61e853a2e,1644232458672,13.3646333,52.510121,3.6586096,-0.44279456,-2.5149777,3.5320578,on bike mount,cyclo cross,True,fine gravel,good
b8aa6b37-45de-464c-8851-02dfbbf9ea4d,6ac88080-0a7a-49c6-bb78-e2dbeb8d0cc8,e4b04c21-01dc-482f-857b-452d13176014,1644232458728,13.3646333,52.510121,3.6586096,-0.9531987,-4.274363,4.1467295,on bike mount,cyclo cross,True,fine gravel,good
b8aa6b37-45de-464c-8851-02dfbbf9ea4d,6ac88080-0a7a-49c6-bb78-e2dbeb8d0cc8,91dd9912-180b-4ba3-8824-8124b8b51453,1644232458784,13.3646333,52.510121,3.6586096,0.36416286,2.0579197,-0.34801483,on bike mount,cyclo cross,True,fine gravel,good
b8aa6b37-45de-464c-8851-02dfbbf9ea4d,6ac88080-0a7a-49c6-bb78-e2dbeb8d0cc8,e8bf6c38-3267-455c-ae57-c04e577edff0,1644232458840,13.3645972,52.5101158,3.7118716,-0.30517733,0.19584131,0.48949432,on bike mount,cyclo cross,True,fine gravel,good
b8aa6b37-45de-464c-8851-02dfbbf9ea4d,6ac88080-0a7a-49c6-bb78-e2dbeb8d0cc8,0cfa3a16-6fb2-4950-b3f7-162558386af9,1644232458895,13.3645972,52.5101158,3.7118716,1.4165409,1.3404677,-3.5173292,on bike mount,cyclo cross,True,fine gravel,good
b8aa6b37-45de-464c-8851-02dfbbf9ea4d,6ac88080-0a7a-49c6-bb78-e2dbeb8d0cc8,eb80ff02-e515-4eb1-9718-b6ff30ffe312,1644232458950,13.3645972,52.5101158,3.7118716,1.2453963,-1.9060202,1.3677645,on bike mount,cyclo cross,True,fine gravel,good
b8aa6b37-45de-464c-8851-02dfbbf9ea4d,6ac88080-0a7a-49c6-bb78-e2dbeb8d0cc8,f3994417-a507-4a16-882f-3f516b20b2bf,1644232459006,13.3645972,52.5101158,3.7118716,-0.4620422,-2.1242652,-2.115542,on bike mount,cyclo cross,True,fine gravel,good
b8aa6b37-45de-464c-8851-02dfbbf9ea4d,6ac88080-0a7a-49c6-bb78-e2dbeb8d0cc8,f2378e97-9a7c-443d-a8e2-9fc31e1580cc,1644232459062,13.3645972,52.5101158,3.7118716,-1.6257008,-1.1478832,5.96216,on bike mount,cyclo cross,True,fine gravel,good
b8aa6b37-45de-464c-8851-02dfbbf9ea4d,6ac88080-0a7a-49c6-bb78-e2dbeb8d0cc8,e9510642-3fe4-4121-bfc2-2819531481b8,1644232459117,13.3645972,52.5101158,3.7118716,0.61023045,-5.7853537,-0.327219,on bike mount,cyclo cross,True,fine gravel,good
b8aa6b37-45de-464c-8851-02dfbbf9ea4d,6ac88080-0a7a-49c6-bb78-e2dbeb8d0cc8,ce61fcc2-a45a-48ab-9a2b-1f2df2164d36,1644232459174,13.3645972,52.5101158,3.7118716,0.30131632,2.972674,-1.3339558,on bike mount,cyclo cross,True,fine gravel,good
b8aa6b37-45de-464c-8851-02dfbbf9ea4d,6ac88080-0a7a-49c6-bb78-e2dbeb8d0cc8,e29817b9-9a5a-4258-b217-2c6a4f027a96,1644232459229,13.3645972,52.5101158,3.7118716,-2.364085,-4.280622,-0.12785625,on bike mount,cyclo cross,True,fine gravel,good
b8aa6b37-45de-464c-8851-02dfbbf9ea4d,6ac88080-0a7a-49c6-bb78-e2dbeb8d0cc8,a442a40f-a6c3-4f18-8157-db419e4d35d9,1644232459284,13.3645972,52.5101158,3.7118716,-1.9956261,-2.4453027,2.8479853,on bike mount,cyclo cross,True,fine gravel,good
b8aa6b37-45de-464c-8851-02dfbbf9ea4d,6ac88080-0a7a-49c6-bb78-e2dbeb8d0cc8,cc236fb4-0383-4170-b095-fbe527579acb,1644232459338,13.3645972,52.5101158,3.7118716,-0.15903705,-0.60741067,3.1456585,on bike mount,cyclo cross,True,fine gravel,good
b8aa6b37-45de-464c-8851-02dfbbf9ea4d,6ac88080-0a7a-49c6-bb78-e2dbeb8d0cc8,243438c0-431f-4d74-b385-32a3dda1541f,1644232459394,13.3645972,52.5101158,3.7118716,-1.7702528,-2.8756325,-0.10731983,on bike mount,cyclo cross,True,fine gravel,good
b8aa6b37-45de-464c-8851-02dfbbf9ea4d,6ac88080-0a7a-49c6-bb78-e2dbeb8d0cc8,5858e7c9-2444-4646-a7e6-08348e98eeb1,1644232459450,13.3645972,52.5101158,3.7118716,-1.317989,0.88007236,-2.260693,on bike mount,cyclo cross,True,fine gravel,good
b8aa6b37-45de-464c-8851-02dfbbf9ea4d,6ac88080-0a7a-49c6-bb78-e2dbeb8d0cc8,41be7867-5007-4e8f-aaf9-40ef57d50432,1644232459506,13.3645579,52.5101089,3.7378125,0.39137363,-1.4381032,1.3407779,on bike mount,cyclo cross,True,fine gravel,good
b8aa6b37-45de-464c-8851-02dfbbf9ea4d,6ac88080-0a7a-49c6-bb78-e2dbeb8d0cc8,81663e3c-e15d-488a-a6ee-f86fab3c4882,1644232459561,13.3645579,52.5101089,3.7378125,0.5864341,0.85471463,1.9430923,on bike mount,cyclo cross,True,fine gravel,good
b8aa6b37-45de-464c-8851-02dfbbf9ea4d,6ac88080-0a7a-49c6-bb78-e2dbeb8d0cc8,7ce30707-45cd-4fa6-82ec-0f751689722a,1644232459616,13.3645579,52.5101089,3.7378125,0.20826823,0.30993366,0.5916405,on bike mount,cyclo cross,True,fine gravel,good
b8aa6b37-45de-464c-8851-02dfbbf9ea4d,6ac88080-0a7a-49c6-bb78-e2dbeb8d0cc8,3451c805-df42-41a2-b274-579d0d71b34f,1644232459672,13.3645579,52.5101089,3.7378125,-1.0121567,-2.167178,1.4672117,on bike mount,cyclo cross,True,fine gravel,good
b8aa6b37-45de-464c-8851-02dfbbf9ea4d,6ac88080-0a7a-49c6-bb78-e2dbeb8d0cc8,126507f1-edd6-492c-a228-bcd505463619,1644232459728,13.3645579,52.5101089,3.7378125,4.4761066,3.497406,1.8088598,on bike mount,cyclo cross,True,fine gravel,good
b8aa6b37-45de-464c-8851-02dfbbf9ea4d,6ac88080-0a7a-49c6-bb78-e2dbeb8d0cc8,118a76fd-a5ac-40f8-8af0-0054f2985042,1644232459783,13.3645579,52.5101089,3.7378125,-2.441162,3.264421,-3.6562338,on bike mount,cyclo cross,True,fine gravel,good
b8aa6b37-45de-464c-8851-02dfbbf9ea4d,6ac88080-0a7a-49c6-bb78-e2dbeb8d0cc8,780708e1-d6e8-44f4-98cc-7badca091306,1644232459838,13.3645579,52.5101089,3.7378125,-0.5975294,-3.7327302,-4.9390078,on bike mount,cyclo cross,True,fine gravel,good
b8aa6b37-45de-464c-8851-02dfbbf9ea4d,6ac88080-0a7a-49c6-bb78-e2dbeb8d0cc8,7c72a854-39a0-4296-b6df-18cfd8e41f54,1644232459894,13.3645579,52.5101089,3.7378125,1.3046701,0.7673397,-7.2278748,on bike mount,cyclo cross,True,fine gravel,good
b8aa6b37-45de-464c-8851-02dfbbf9ea4d,6ac88080-0a7a-49c6-bb78-e2dbeb8d0cc8,f5e38eff-6933-436c-89cd-932ed32bae40,1644232459950,13.3645579,52.5101089,3.7378125,2.8061075,-2.9690168,-4.6923194,on bike mount,cyclo cross,True,fine gravel,good
b8aa6b37-45de-464c-8851-02dfbbf9ea4d,6ac88080-0a7a-49c6-bb78-e2dbeb8d0cc8,c2598c81-4992-472d-b6c2-20de9466b7c6,1644232460006,13.3645579,52.5101089,3.7378125,0.50761956,-1.5043712,5.527524,on bike mount,cyclo cross,True,fine gravel,good
b8aa6b37-45de-464c-8851-02dfbbf9ea4d,6ac88080-0a7a-49c6-bb78-e2dbeb8d0cc8,1a0512d1-0b32-438c-b556-233f1efb88b9,1644232460061,13.3645579,52.5101089,3.7378125,0.52235746,1.4522629,-1.3662825,on bike mount,cyclo cross,True,fine gravel,good
b8aa6b37-45de-464c-8851-02dfbbf9ea4d,6ac88080-0a7a-49c6-bb78-e2dbeb8d0cc8,e9c0f5cd-ea7c-4f33-9281-44cbf96c2d28,1644232460117,13.3645579,52.5101089,3.7378125,0.36287948,-3.4088926,1.2264252,on bike mount,cyclo cross,True,fine gravel,good
b8aa6b37-45de-464c-8851-02dfbbf9ea4d,6ac88080-0a7a-49c6-bb78-e2dbeb8d0cc8,bad3ef09-dd41-499c-b781-8f8f87dd11b2,1644232460172,13.3645579,52.5101089,3.7378125,-1.9949876,3.686891,-1.5381494,on bike mount,cyclo cross,True,fine gravel,good
b8aa6b37-45de-464c-8851-02dfbbf9ea4d,6ac88080-0a7a-49c6-bb78-e2dbeb8d0cc8,cc5ac8d9-abff-4b10-aca3-1306c0ce1eee,1644232460228,13.3645579,52.5101089,3.7378125,0.0423733,2.9182801,-1.888865,on bike mount,cyclo cross,True,fine gravel,good
b8aa6b37-45de-464c-8851-02dfbbf9ea4d,6ac88080-0a7a-49c6-bb78-e2dbeb8d0cc8,b49c9cee-25df-4907-9623-af6636d6bb13,1644232460283,13.3645579,52.5101089,3.7378125,1.5937064,-2.4595802,4.133152,on bike mount,cyclo cross,True,fine gravel,good
b8aa6b37-45de-464c-8851-02dfbbf9ea4d,6ac88080-0a7a-49c6-bb78-e2dbeb8d0cc8,89ac3f09-1665-4899-b217-cb30de0361f3,1644232460338,13.3645579,52.5101089,3.7378125,0.6401633,-0.060193777,1.651185,on bike mount,cyclo cross,True,fine gravel,good
b8aa6b37-45de-464c-8851-02dfbbf9ea4d,6ac88080-0a7a-49c6-bb78-e2dbeb8d0cc8,4e69e98b-07b7-4fa7-8e0a-2fcd3bc5dc56,1644232460394,13.3645579,52.5101089,3.7378125,2.561204,2.1346102,4.6633615,on bike mount,cyclo cross,True,fine gravel,good
b8aa6b37-45de-464c-8851-02dfbbf9ea4d,6ac88080-0a7a-49c6-bb78-e2dbeb8d0cc8,64020262-424a-4edf-ad42-c266e58c3a57,1644232460449,13.3645579,52.5101089,3.7378125,-4.496312,-11.200325,-14.143358,on bike mount,cyclo cross,True,fine gravel,good
b8aa6b37-45de-464c-8851-02dfbbf9ea4d,6ac88080-0a7a-49c6-bb78-e2dbeb8d0cc8,6a1643ba-dc4c-4673-8ddf-d9d0836c1e05,1644232460504,13.3645579,52.5101089,3.7378125,1.2824681,-1.0305153,7.7493725,on bike mount,cyclo cross,True,fine gravel,good
b8aa6b37-45de-464c-8851-02dfbbf9ea4d,6ac88080-0a7a-49c6-bb78-e2dbeb8d0cc8,433d7398-8744-4001-921f-49d24d0946a4,1644232460560,13.3645579,52.5101089,3.7378125,1.5765059,2.490706,-2.6673527,on bike mount,cyclo cross,True,fine gravel,good
b8aa6b37-45de-464c-8851-02dfbbf9ea4d,6ac88080-0a7a-49c6-bb78-e2dbeb8d0cc8,d3417542-38f0-4691-8b22-08162862202f,1644232460616,13.3644973,52.5100983,3.8841777,-0.0846715,0.15113139,-0.5447521,on bike mount,cyclo cross,True,fine gravel,good
b8aa6b37-45de-464c-8851-02dfbbf9ea4d,6ac88080-0a7a-49c6-bb78-e2dbeb8d0cc8,66ee0bc1-9542-46e0-b311-01460e244000,1644232460671,13.3644973,52.5100983,3.8841777,0.019353986,-4.9692936,-0.77596855,on bike mount,cyclo cross,True,fine gravel,good
b8aa6b37-45de-464c-8851-02dfbbf9ea4d,6ac88080-0a7a-49c6-bb78-e2dbeb8d0cc8,40f62604-40d6-4409-85ea-6efc98be0814,1644232460727,13.3644973,52.5100983,3.8841777,-0.082651645,32.289497,-4.446183,on bike mount,cyclo cross,True,fine gravel,good
b8aa6b37-45de-464c-8851-02dfbbf9ea4d,6ac88080-0a7a-49c6-bb78-e2dbeb8d0cc8,f858c40b-e366-4a8a-a4d4-825efd76d1eb,1644232460782,13.3644973,52.5100983,3.8841777,10.702187,-5.431865,-10.351528,on bike mount,cyclo cross,True,fine gravel,good
b8aa6b37-45de-464c-8851-02dfbbf9ea4d,6ac88080-0a7a-49c6-bb78-e2dbeb8d0cc8,83de9f89-793a-410c-a2dd-633d6f75df8a,1644232460838,13.3644973,52.5100983,3.8841777,-5.4129124,-1.8521855,-0.17325592,on bike mount,cyclo cross,True,fine gravel,good
b8aa6b37-45de-464c-8851-02dfbbf9ea4d,6ac88080-0a7a-49c6-bb78-e2dbeb8d0cc8,204bef28-b1d2-42ae-909b-94a9ffd9e9b4,1644232460894,13.3644973,52.5100983,3.8841777,0.02975297,4.2244015,0.4616995,on bike mount,cyclo cross,True,fine gravel,good
b8aa6b37-45de-464c-8851-02dfbbf9ea4d,6ac88080-0a7a-49c6-bb78-e2dbeb8d0cc8,6fa7fee0-33ad-444f-b13f-e33e174ff24d,1644232460949,13.3644973,52.5100983,3.8841777,-0.637581,0.43031693,-2.9928994,on bike mount,cyclo cross,True,fine gravel,good
b8aa6b37-45de-464c-8851-02dfbbf9ea4d,6ac88080-0a7a-49c6-bb78-e2dbeb8d0cc8,f2cb17e1-02c4-413e-bf01-ffc712b82b9f,1644232461005,13.3644973,52.5100983,3.8841777,-0.46057725,0.31315923,-1.1921287,on bike mount,cyclo cross,True,fine gravel,good
b8aa6b37-45de-464c-8851-02dfbbf9ea4d,6ac88080-0a7a-49c6-bb78-e2dbeb8d0cc8,f4b23777-7951-4e32-8d51-8c39b947c2a6,1644232461060,13.3644973,52.5100983,3.8841777,0.37099245,1.1318827,-0.73154354,on bike mount,cyclo cross,True,fine gravel,good
b8aa6b37-45de-464c-8851-02dfbbf9ea4d,6ac88080-0a7a-49c6-bb78-e2dbeb8d0cc8,823bcd18-5ab1-4cab-92cc-ca1754fefab4,1644232461116,13.3644973,52.5100983,3.8841777,1.5757966,-0.17678499,1.2670918,on bike mount,cyclo cross,True,fine gravel,good
b8aa6b37-45de-464c-8851-02dfbbf9ea4d,6ac88080-0a7a-49c6-bb78-e2dbeb8d0cc8,c7933291-32f1-41e3-898a-1dab694a13de,1644232461172,13.3644973,52.5100983,3.8841777,-0.11961281,2.4434576,-0.7833719,on bike mount,cyclo cross,True,fine gravel,good
b8aa6b37-45de-464c-8851-02dfbbf9ea4d,6ac88080-0a7a-49c6-bb78-e2dbeb8d0cc8,611ec7fa-b95b-4dd9-a50d-de516ef66e38,1644232461227,13.3644973,52.5100983,3.8841777,0.9691045,-0.31899357,1.1122522,on bike mount,cyclo cross,True,fine gravel,good
b8aa6b37-45de-464c-8851-02dfbbf9ea4d,6ac88080-0a7a-49c6-bb78-e2dbeb8d0cc8,1803bf77-99cd-4a2f-aa78-8f861aa3a067,1644232461282,13.3644477,52.510091,3.836513,1.0683177,0.07858658,1.3458748,on bike mount,cyclo cross,True,fine gravel,good
b8aa6b37-45de-464c-8851-02dfbbf9ea4d,6ac88080-0a7a-49c6-bb78-e2dbeb8d0cc8,eef4db00-9de1-4e35-9b81-124ce2b88bb1,1644232461338,13.3644477,52.510091,3.836513,2.3542683,0.39415765,1.4015722,on bike mount,cyclo cross,True,fine gravel,good
b8aa6b37-45de-464c-8851-02dfbbf9ea4d,6ac88080-0a7a-49c6-bb78-e2dbeb8d0cc8,48e3ca0e-c92e-4f8d-8018-9204b22e9f49,1644232461392,13.3644477,52.510091,3.836513,1.5802249,0.23160243,0.4943819,on bike mount,cyclo cross,True,fine gravel,good
b8aa6b37-45de-464c-8851-02dfbbf9ea4d,6ac88080-0a7a-49c6-bb78-e2dbeb8d0cc8,16273fdb-0cee-4fb8-ab90-e6a0ace28865,1644232461450,13.3644477,52.510091,3.836513,1.5220332,-2.0823429,0.1909008,on bike mount,cyclo cross,True,fine gravel,good
b8aa6b37-45de-464c-8851-02dfbbf9ea4d,6ac88080-0a7a-49c6-bb78-e2dbeb8d0cc8,7c6a42ee-4ce4-479b-8d58-cbcfea98e328,1644232461503,13.3644477,52.510091,3.836513,1.8750864,-0.2480042,1.2064018,on bike mount,cyclo cross,True,fine gravel,good
b8aa6b37-45de-464c-8851-02dfbbf9ea4d,6ac88080-0a7a-49c6-bb78-e2dbeb8d0cc8,5f398aee-2f2b-4b0b-909b-9cba699690d4,1644232461558,13.3644477,52.510091,3.836513,0.99766576,-1.0727915,1.1672821,on bike mount,cyclo cross,True,fine gravel,good
b8aa6b37-45de-464c-8851-02dfbbf9ea4d,6ac88080-0a7a-49c6-bb78-e2dbeb8d0cc8,f2fe33c4-3d56-4d75-9e5d-d6b35b017a17,1644232461615,13.3644477,52.510091,3.836513,1.2815549,1.6926107,-0.72171974,on bike mount,cyclo cross,True,fine gravel,good
b8aa6b37-45de-464c-8851-02dfbbf9ea4d,6ac88080-0a7a-49c6-bb78-e2dbeb8d0cc8,ef94b683-6fdd-410e-a5fc-8dca84132f1d,1644232461670,13.3644477,52.510091,3.836513,0.9037305,0.19992042,1.0288582,on bike mount,cyclo cross,True,fine gravel,good
b8aa6b37-45de-464c-8851-02dfbbf9ea4d,6ac88080-0a7a-49c6-bb78-e2dbeb8d0cc8,f3d9d81b-fc99-4a71-983d-4f0738bbc490,1644232461727,13.3644477,52.510091,3.836513,0.652914,-0.12811255,-1.2327209,on bike mount,cyclo cross,True,fine gravel,good
b8aa6b37-45de-464c-8851-02dfbbf9ea4d,6ac88080-0a7a-49c6-bb78-e2dbeb8d0cc8,3bd7d51e-7eee-4c1c-8ca0-570d56fc9ded,1644232461781,13.3644477,52.510091,3.836513,-0.46069384,-0.003102541,-0.8515301,on bike mount,cyclo cross,True,fine gravel,good
b8aa6b37-45de-464c-8851-02dfbbf9ea4d,6ac88080-0a7a-49c6-bb78-e2dbeb8d0cc8,04b01971-c47c-4cf9-a019-43330da5cf38,1644232461837,13.3644477,52.510091,3.836513,1.2909462,0.14067626,0.48252106,on bike mount,cyclo cross,True,fine gravel,good
b8aa6b37-45de-464c-8851-02dfbbf9ea4d,6ac88080-0a7a-49c6-bb78-e2dbeb8d0cc8,1efdf783-327c-4b6d-b48c-0b6ab3922193,1644232461892,13.3644477,52.510091,3.836513,0.05410129,-0.7017195,0.28816795,on bike mount,cyclo cross,True,fine gravel,good
b8aa6b37-45de-464c-8851-02dfbbf9ea4d,6ac88080-0a7a-49c6-bb78-e2dbeb8d0cc8,dcb12582-9fdc-4c66-bf5e-9109cfe25e49,1644232461948,13.3644477,52.510091,3.836513,0.4488217,1.5224485,-7.7960067,on bike mount,cyclo cross,True,fine gravel,good
b8aa6b37-45de-464c-8851-02dfbbf9ea4d,6ac88080-0a7a-49c6-bb78-e2dbeb8d0cc8,13e571c4-9165-4af3-ae60-d76f5e259425,1644232462004,13.3644477,52.510091,3.836513,-0.050827175,-2.4217296,7.349531,on bike mount,cyclo cross,True,fine gravel,good
b8aa6b37-45de-464c-8851-02dfbbf9ea4d,6ac88080-0a7a-49c6-bb78-e2dbeb8d0cc8,30dd68bb-7efd-4e76-aac6-d6d7b3005289,1644232462059,13.3644477,52.510091,3.836513,-1.0980388,1.3150392,-0.86786556,on bike mount,cyclo cross,True,fine gravel,good
b8aa6b37-45de-464c-8851-02dfbbf9ea4d,6ac88080-0a7a-49c6-bb78-e2dbeb8d0cc8,f3036dbe-d9c6-4206-bba8-d347d09f0d50,1644232462115,13.3644477,52.510091,3.836513,-0.5518372,1.1114786,1.4726067,on bike mount,cyclo cross,True,fine gravel,good
b8aa6b37-45de-464c-8851-02dfbbf9ea4d,6ac88080-0a7a-49c6-bb78-e2dbeb8d0cc8,03a6e08c-3dae-472c-a529-1022483caef1,1644232462170,13.3644477,52.510091,3.836513,0.20055771,-4.181138,1.9764805,on bike mount,cyclo cross,True,fine gravel,good
b8aa6b37-45de-464c-8851-02dfbbf9ea4d,6ac88080-0a7a-49c6-bb78-e2dbeb8d0cc8,34a98145-0fa9-4f79-b3df-4cef81de8310,1644232462225,13.3644477,52.510091,3.836513,0.64254683,3.974028,-6.1452074,on bike mount,cyclo cross,True,fine gravel,good
b8aa6b37-45de-464c-8851-02dfbbf9ea4d,6ac88080-0a7a-49c6-bb78-e2dbeb8d0cc8,5bff0011-e81b-45ab-9f3b-a62aacaab170,1644232462281,13.3644477,52.510091,3.836513,0.5390024,-2.0667498,4.8554153,on bike mount,cyclo cross,True,fine gravel,good
b8aa6b37-45de-464c-8851-02dfbbf9ea4d,6ac88080-0a7a-49c6-bb78-e2dbeb8d0cc8,8c5427d3-6baa-4799-87d4-72dbe1525662,1644232462336,13.3644477,52.510091,3.836513,-0.7785205,2.3859024,-4.082811,on bike mount,cyclo cross,True,fine gravel,good
b8aa6b37-45de-464c-8851-02dfbbf9ea4d,6ac88080-0a7a-49c6-bb78-e2dbeb8d0cc8,578ce3f1-4ea5-488d-a720-7c58b7d4ebf2,1644232462392,13.3644477,52.510091,3.836513,1.2262257,0.0006592274,3.2252808,on bike mount,cyclo cross,True,fine gravel,good
b8aa6b37-45de-464c-8851-02dfbbf9ea4d,6ac88080-0a7a-49c6-bb78-e2dbeb8d0cc8,62bb2a53-d830-4179-bc5b-eee70c6675dd,1644232462448,13.3644477,52.510091,3.836513,-1.7808635,-2.7779396,4.336403,on bike mount,cyclo cross,True,fine gravel,good
b8aa6b37-45de-464c-8851-02dfbbf9ea4d,6ac88080-0a7a-49c6-bb78-e2dbeb8d0cc8,5e770aa6-c2df-4592-8197-0fa8d3690883,1644232462503,13.3644477,52.510091,3.836513,0.94689196,-4.4209604,7.5975113,on bike mount,cyclo cross,True,fine gravel,good
b8aa6b37-45de-464c-8851-02dfbbf9ea4d,6ac88080-0a7a-49c6-bb78-e2dbeb8d0cc8,ad5485ce-78cd-4880-a2fc-2e45a6a5d836,1644232462558,13.3644477,52.510091,3.836513,1.182297,-0.95097184,-0.5799351,on bike mount,cyclo cross,True,fine gravel,good
b8aa6b37-45de-464c-8851-02dfbbf9ea4d,6ac88080-0a7a-49c6-bb78-e2dbeb8d0cc8,70a5f710-33e9-483b-b529-1f20fa152871,1644232462615,13.3643713,52.5100811,3.9511757,-1.1809039,2.1212487,2.9226408,on bike mount,cyclo cross,True,fine gravel,good
b8aa6b37-45de-464c-8851-02dfbbf9ea4d,6ac88080-0a7a-49c6-bb78-e2dbeb8d0cc8,9d4c87ff-ff3d-495a-9361-b04134846b89,1644232462669,13.3643713,52.5100811,3.9511757,0.16329052,-2.1033556,-0.01219368,on bike mount,cyclo cross,True,fine gravel,good
b8aa6b37-45de-464c-8851-02dfbbf9ea4d,6ac88080-0a7a-49c6-bb78-e2dbeb8d0cc8,13d36a65-f08b-418f-a2c8-85c3c0311ddc,1644232462727,13.3643713,52.5100811,3.9511757,-1.4515549,2.0442743,2.1512127,on bike mount,cyclo cross,True,fine gravel,good
b8aa6b37-45de-464c-8851-02dfbbf9ea4d,6ac88080-0a7a-49c6-bb78-e2dbeb8d0cc8,edf04258-7aca-4929-a2fc-087f21a2b4f5,1644232462780,13.3643713,52.5100811,3.9511757,-0.48528242,0.10667777,0.33329868,on bike mount,cyclo cross,True,fine gravel,good
b8aa6b37-45de-464c-8851-02dfbbf9ea4d,6ac88080-0a7a-49c6-bb78-e2dbeb8d0cc8,ff448cdd-7b4c-4847-b25e-a7b8a36a5f88,1644232462836,13.3643713,52.5100811,3.9511757,1.1215723,21.443846,-11.559996,on bike mount,cyclo cross,True,fine gravel,good
b8aa6b37-45de-464c-8851-02dfbbf9ea4d,6ac88080-0a7a-49c6-bb78-e2dbeb8d0cc8,e653f427-cb21-479f-becf-04cc653efa45,1644232462891,13.3643713,52.5100811,3.9511757,-1.5223298,-4.6107254,3.6820507,on bike mount,cyclo cross,True,fine gravel,good
b8aa6b37-45de-464c-8851-02dfbbf9ea4d,6ac88080-0a7a-49c6-bb78-e2dbeb8d0cc8,fd546bc9-5af9-42cd-9a7f-357f814deb1b,1644232462947,13.3643713,52.5100811,3.9511757,0.42991003,2.4755745,-2.8932734,on bike mount,cyclo cross,True,fine gravel,good
b8aa6b37-45de-464c-8851-02dfbbf9ea4d,6ac88080-0a7a-49c6-bb78-e2dbeb8d0cc8,4097c27b-2bf5-43d7-a4a6-2b661f7bf7e1,1644232463003,13.3643713,52.5100811,3.9511757,0.94496214,7.554106,-1.8597403,on bike mount,cyclo cross,True,fine gravel,good
b8aa6b37-45de-464c-8851-02dfbbf9ea4d,6ac88080-0a7a-49c6-bb78-e2dbeb8d0cc8,f957adac-ec16-491a-a55a-6495c9de3224,1644232463059,13.3643713,52.5100811,3.9511757,1.8199182,-9.839992,7.3833666,on bike mount,cyclo cross,True,fine gravel,good
b8aa6b37-45de-464c-8851-02dfbbf9ea4d,6ac88080-0a7a-49c6-bb78-e2dbeb8d0cc8,a949b9cc-d78d-4aa7-bd48-1261d586e114,1644232463113,13.3643713,52.5100811,3.9511757,-0.40382603,0.4504695,2.2794037,on bike mount,cyclo cross,True,fine gravel,good
b8aa6b37-45de-464c-8851-02dfbbf9ea4d,6ac88080-0a7a-49c6-bb78-e2dbeb8d0cc8,09c3d284-c19f-404a-b94e-134873a552aa,1644232463169,13.3643713,52.5100811,3.9511757,-0.12777178,0.5190382,2.661089,on bike mount,cyclo cross,True,fine gravel,good
b8aa6b37-45de-464c-8851-02dfbbf9ea4d,6ac88080-0a7a-49c6-bb78-e2dbeb8d0cc8,4f2a83a7-587e-4bb4-91b6-97a25c1a9b5c,1644232463224,13.3643713,52.5100811,3.9511757,2.5912704,1.0922804,1.1385431,on bike mount,cyclo cross,True,fine gravel,good
b8aa6b37-45de-464c-8851-02dfbbf9ea4d,6ac88080-0a7a-49c6-bb78-e2dbeb8d0cc8,3ae19d3d-90cd-4595-9364-801421037bb9,1644232463279,13.3643713,52.5100811,3.9511757,-1.1812748,-8.854136,1.3541927,on bike mount,cyclo cross,True,fine gravel,good
b8aa6b37-45de-464c-8851-02dfbbf9ea4d,6ac88080-0a7a-49c6-bb78-e2dbeb8d0cc8,797af875-0fcd-42af-9c30-6d21b6c93992,1644232463336,13.3643713,52.5100811,3.9511757,-2.468628,-5.3473134,-2.3649015,on bike mount,cyclo cross,True,fine gravel,good
b8aa6b37-45de-464c-8851-02dfbbf9ea4d,6ac88080-0a7a-49c6-bb78-e2dbeb8d0cc8,0efe5a2f-3560-441e-9b7e-62a678a6caf3,1644232463391,13.3643713,52.5100811,3.9511757,1.6182519,-1.9021662,-2.1940446,on bike mount,cyclo cross,True,fine gravel,good
b8aa6b37-45de-464c-8851-02dfbbf9ea4d,6ac88080-0a7a-49c6-bb78-e2dbeb8d0cc8,ff47edf9-d56b-4c68-8490-45c498d352f5,1644232463447,13.3643713,52.5100811,3.9511757,0.98128575,-2.9810371,7.8685684,on bike mount,cyclo cross,True,fine gravel,good
b8aa6b37-45de-464c-8851-02dfbbf9ea4d,6ac88080-0a7a-49c6-bb78-e2dbeb8d0cc8,661346a3-1dbb-4e12-801c-821cd66ed551,1644232463502,13.3643713,52.5100811,3.9511757,1.5532646,1.0991235,5.187763,on bike mount,cyclo cross,True,fine gravel,good
b8aa6b37-45de-464c-8851-02dfbbf9ea4d,6ac88080-0a7a-49c6-bb78-e2dbeb8d0cc8,6982ccc6-1cf7-4b16-ba89-a0f7f13d9a93,1644232463558,13.3643713,52.5100811,3.9511757,1.3564439,0.8142233,-1.7661428,on bike mount,cyclo cross,True,fine gravel,good
b8aa6b37-45de-464c-8851-02dfbbf9ea4d,6ac88080-0a7a-49c6-bb78-e2dbeb8d0cc8,a67381fe-02f2-470f-a1be-5091f5b907af,1644232463612,13.3643053,52.5100827,4.219182,-1.0400872,-0.6540191,-1.0386381,on bike mount,cyclo cross,True,fine gravel,good
b8aa6b37-45de-464c-8851-02dfbbf9ea4d,6ac88080-0a7a-49c6-bb78-e2dbeb8d0cc8,a76852fd-8dc6-49f7-a4a3-ece8251fd882,1644232463668,13.3643053,52.5100827,4.219182,-0.48699534,-1.118685,-0.9047518,on bike mount,cyclo cross,True,fine gravel,good
b8aa6b37-45de-464c-8851-02dfbbf9ea4d,6ac88080-0a7a-49c6-bb78-e2dbeb8d0cc8,e9438fa5-5658-4500-975f-b81535be69af,1644232463724,13.3643053,52.5100827,4.219182,0.5117686,1.1485744,1.3335028,on bike mount,cyclo cross,True,fine gravel,good
b8aa6b37-45de-464c-8851-02dfbbf9ea4d,6ac88080-0a7a-49c6-bb78-e2dbeb8d0cc8,64f9255d-2f50-47cf-9426-3132addaccb3,1644232463780,13.3643053,52.5100827,4.219182,1.4175932,0.8217797,-4.230049,on bike mount,cyclo cross,True,fine gravel,good
b8aa6b37-45de-464c-8851-02dfbbf9ea4d,6ac88080-0a7a-49c6-bb78-e2dbeb8d0cc8,15bc7045-8d92-4a8b-aa91-c65b6e1c8130,1644232463836,13.3643053,52.5100827,4.219182,-0.20874387,1.7566209,-0.026774406,on bike mount,cyclo cross,True,fine gravel,good
b8aa6b37-45de-464c-8851-02dfbbf9ea4d,6ac88080-0a7a-49c6-bb78-e2dbeb8d0cc8,25b3be58-c1ec-4471-aa24-c2a5f5030e4c,1644232463892,13.3643053,52.5100827,4.219182,-0.4949103,-3.4070919,4.381874,on bike mount,cyclo cross,True,fine gravel,good
b8aa6b37-45de-464c-8851-02dfbbf9ea4d,6ac88080-0a7a-49c6-bb78-e2dbeb8d0cc8,108c2095-a9d5-4010-bd55-f9ab97638a0b,1644232463947,13.3643053,52.5100827,4.219182,0.868761,-0.639179,-0.111091614,on bike mount,cyclo cross,True,fine gravel,good
b8aa6b37-45de-464c-8851-02dfbbf9ea4d,6ac88080-0a7a-49c6-bb78-e2dbeb8d0cc8,9e447d34-2c66-4967-a402-840504d56064,1644232464001,13.3643053,52.5100827,4.219182,-0.50617266,2.6912422,0.59660053,on bike mount,cyclo cross,True,fine gravel,good
b8aa6b37-45de-464c-8851-02dfbbf9ea4d,6ac88080-0a7a-49c6-bb78-e2dbeb8d0cc8,232ba734-4af2-4556-bb29-e4bae3c98930,1644232464057,13.3643053,52.5100827,4.219182,-0.92973626,0.8262439,-5.8045616,on bike mount,cyclo cross,True,fine gravel,good
b8aa6b37-45de-464c-8851-02dfbbf9ea4d,6ac88080-0a7a-49c6-bb78-e2dbeb8d0cc8,f0eb8e62-6ae9-465f-8178-3d09b888499c,1644232464113,13.3643053,52.5100827,4.219182,-0.07342021,-2.0149066,-2.3664594,on bike mount,cyclo cross,True,fine gravel,good
b8aa6b37-45de-464c-8851-02dfbbf9ea4d,6ac88080-0a7a-49c6-bb78-e2dbeb8d0cc8,c47ce724-124e-4ba7-a803-14cd55c59886,1644232464168,13.3643053,52.5100827,4.219182,0.07237533,-0.49510932,-0.38637924,on bike mount,cyclo cross,True,fine gravel,good
b8aa6b37-45de-464c-8851-02dfbbf9ea4d,6ac88080-0a7a-49c6-bb78-e2dbeb8d0cc8,1c983e09-6d90-4c97-8375-10ee827fd158,1644232464223,13.3643053,52.5100827,4.219182,0.68346727,-0.7019222,-1.5044928,on bike mount,cyclo cross,True,fine gravel,good
b8aa6b37-45de-464c-8851-02dfbbf9ea4d,6ac88080-0a7a-49c6-bb78-e2dbeb8d0cc8,df6229c4-9b4e-47b8-805d-357b80889990,1644232464280,13.3643053,52.5100827,4.219182,-1.6727799,-2.002192,1.8707552,on bike mount,cyclo cross,True,fine gravel,good
b8aa6b37-45de-464c-8851-02dfbbf9ea4d,6ac88080-0a7a-49c6-bb78-e2dbeb8d0cc8,02edfd39-1e26-42b2-b779-0fa445ade960,1644232464335,13.3643053,52.5100827,4.219182,-0.0378761,1.9501991,-1.9919677,on bike mount,cyclo cross,True,fine gravel,good
b8aa6b37-45de-464c-8851-02dfbbf9ea4d,6ac88080-0a7a-49c6-bb78-e2dbeb8d0cc8,362ea89e-8402-483c-a902-3fe352cb64df,1644232464391,13.3643053,52.5100827,4.219182,0.0031363666,1.9888878,-2.2154083,on bike mount,cyclo cross,True,fine gravel,good
b8aa6b37-45de-464c-8851-02dfbbf9ea4d,6ac88080-0a7a-49c6-bb78-e2dbeb8d0cc8,b5459747-aa21-48d9-9d55-32957ae502fe,1644232464446,13.3643053,52.5100827,4.219182,0.036693156,-2.1043453,3.4528608,on bike mount,cyclo cross,True,fine gravel,good
b8aa6b37-45de-464c-8851-02dfbbf9ea4d,6ac88080-0a7a-49c6-bb78-e2dbeb8d0cc8,3500c413-a26a-4e44-ab70-7496a1c2d19a,1644232464502,13.3643053,52.5100827,4.219182,0.28509802,-0.4695065,-0.8188753,on bike mount,cyclo cross,True,fine gravel,good
b8aa6b37-45de-464c-8851-02dfbbf9ea4d,6ac88080-0a7a-49c6-bb78-e2dbeb8d0cc8,8330d424-a1f3-435e-bbbd-3f0226be0880,1644232464556,13.3643053,52.5100827,4.219182,-0.8694136,-0.12568331,0.0016374588,on bike mount,cyclo cross,True,fine gravel,good
b8aa6b37-45de-464c-8851-02dfbbf9ea4d,6ac88080-0a7a-49c6-bb78-e2dbeb8d0cc8,138a4060-733c-4c5d-bd1d-775dfd556bcd,1644232464613,13.3642322,52.5100889,4.3363166,-0.32528055,-2.7362206,-0.3280077,on bike mount,cyclo cross,True,fine gravel,good
b8aa6b37-45de-464c-8851-02dfbbf9ea4d,6ac88080-0a7a-49c6-bb78-e2dbeb8d0cc8,30346931-19bc-43cb-838b-44704081202b,1644232464668,13.3642322,52.5100889,4.3363166,-2.9000924,-0.10592723,-1.518744,on bike mount,cyclo cross,True,fine gravel,good
b8aa6b37-45de-464c-8851-02dfbbf9ea4d,6ac88080-0a7a-49c6-bb78-e2dbeb8d0cc8,6bde7689-2a07-4be7-bfd7-ea366ba6a936,1644232464724,13.3642322,52.5100889,4.3363166,-3.0134397,0.24118209,-0.47379208,on bike mount,cyclo cross,True,fine gravel,good
b8aa6b37-45de-464c-8851-02dfbbf9ea4d,6ac88080-0a7a-49c6-bb78-e2dbeb8d0cc8,4b998f8c-7490-4206-a476-32b3dc4d48b0,1644232464779,13.3642322,52.5100889,4.3363166,-1.5732582,-0.7032244,0.407835,on bike mount,cyclo cross,True,fine gravel,good
b8aa6b37-45de-464c-8851-02dfbbf9ea4d,6ac88080-0a7a-49c6-bb78-e2dbeb8d0cc8,567e0e85-e978-4f2a-ac78-c10c137683ad,1644232464835,13.3642322,52.5100889,4.3363166,-2.8423028,-1.5655332,0.6587229,on bike mount,cyclo cross,True,fine gravel,good
b8aa6b37-45de-464c-8851-02dfbbf9ea4d,6ac88080-0a7a-49c6-bb78-e2dbeb8d0cc8,c487be10-e4b2-4d3e-8d47-f4eed31eece2,1644232464890,13.3642322,52.5100889,4.3363166,-2.8809063,0.74164176,-1.8937793,on bike mount,cyclo cross,True,fine gravel,good
b8aa6b37-45de-464c-8851-02dfbbf9ea4d,6ac88080-0a7a-49c6-bb78-e2dbeb8d0cc8,4f1fde94-3a7b-4e52-a81b-7cf2dd6d5737,1644232464946,13.3642322,52.5100889,4.3363166,-3.0505388,2.5146208,1.4236469,on bike mount,cyclo cross,True,fine gravel,good
b8aa6b37-45de-464c-8851-02dfbbf9ea4d,6ac88080-0a7a-49c6-bb78-e2dbeb8d0cc8,9be77041-1b42-49b3-b006-4be924ff6341,1644232465001,13.3642322,52.5100889,4.3363166,-1.5690663,-0.54041886,0.5108309,on bike mount,cyclo cross,True,fine gravel,good
b8aa6b37-45de-464c-8851-02dfbbf9ea4d,6ac88080-0a7a-49c6-bb78-e2dbeb8d0cc8,1fca313e-94ca-47a0-bec9-98148ccb5ab6,1644232465057,13.3642322,52.5100889,4.3363166,-0.16261017,-0.61188245,1.4239006,on bike mount,cyclo cross,True,fine gravel,good
b8aa6b37-45de-464c-8851-02dfbbf9ea4d,6ac88080-0a7a-49c6-bb78-e2dbeb8d0cc8,c00a14fd-ceb6-40ff-9f8d-779a8e765558,1644232465112,13.3642322,52.5100889,4.3363166,-1.618435,0.034018278,-0.53989315,on bike mount,cyclo cross,True,fine gravel,good
b8aa6b37-45de-464c-8851-02dfbbf9ea4d,6ac88080-0a7a-49c6-bb78-e2dbeb8d0cc8,0e2895d5-e3dc-4abc-b6c8-28c50f7f64ac,1644232465168,13.3642322,52.5100889,4.3363166,-1.8268327,-0.7130251,-0.4113865,on bike mount,cyclo cross,True,fine gravel,good
b8aa6b37-45de-464c-8851-02dfbbf9ea4d,6ac88080-0a7a-49c6-bb78-e2dbeb8d0cc8,c7ed2821-4a5d-4d4c-bd02-236670efc933,1644232465223,13.3642322,52.5100889,4.3363166,0.7509234,1.5645225,-2.0145779,on bike mount,cyclo cross,True,fine gravel,good
b8aa6b37-45de-464c-8851-02dfbbf9ea4d,6ac88080-0a7a-49c6-bb78-e2dbeb8d0cc8,97f8bce1-0d71-4321-988a-91d3c0e3c491,1644232465279,13.3642322,52.5100889,4.3363166,0.20486498,-0.8848307,-1.882432,on bike mount,cyclo cross,True,fine gravel,good
b8aa6b37-45de-464c-8851-02dfbbf9ea4d,6ac88080-0a7a-49c6-bb78-e2dbeb8d0cc8,e63fa906-356f-48e0-b617-b8334bc04411,1644232465335,13.3642322,52.5100889,4.3363166,1.634304,-0.83317375,4.8006115,on bike mount,cyclo cross,True,fine gravel,good
b8aa6b37-45de-464c-8851-02dfbbf9ea4d,6ac88080-0a7a-49c6-bb78-e2dbeb8d0cc8,f2cbf4b3-e4de-4945-abbd-5d2a45ea6683,1644232465390,13.3642322,52.5100889,4.3363166,3.783679,-0.25079107,-0.4361,on bike mount,cyclo cross,True,fine gravel,good
b8aa6b37-45de-464c-8851-02dfbbf9ea4d,6ac88080-0a7a-49c6-bb78-e2dbeb8d0cc8,952c460a-9828-4375-b706-ff98d7363f68,1644232465446,13.3642322,52.5100889,4.3363166,0.48177117,4.2053227,-4.5957317,on bike mount,cyclo cross,True,fine gravel,good
b8aa6b37-45de-464c-8851-02dfbbf9ea4d,6ac88080-0a7a-49c6-bb78-e2dbeb8d0cc8,4918d0d7-9eb5-4cf9-a780-5cd8f80be058,1644232465501,13.3642322,52.5100889,4.3363166,-0.28343153,-1.4382458,4.784314,on bike mount,cyclo cross,True,fine gravel,good
b8aa6b37-45de-464c-8851-02dfbbf9ea4d,6ac88080-0a7a-49c6-bb78-e2dbeb8d0cc8,113d6eb7-8175-4dee-ae1f-d514b7cbedef,1644232465559,13.3642322,52.5100889,4.3363166,1.483222,1.7662554,3.3251238,on bike mount,cyclo cross,True,fine gravel,good
b8aa6b37-45de-464c-8851-02dfbbf9ea4d,6ac88080-0a7a-49c6-bb78-e2dbeb8d0cc8,af4c846b-3c65-4e26-9426-444a4e7963e8,1644232465612,13.3641668,52.5101006,3.9637387,-0.41334355,2.6978846,-0.9483719,on bike mount,cyclo cross,True,fine gravel,good
b8aa6b37-45de-464c-8851-02dfbbf9ea4d,6ac88080-0a7a-49c6-bb78-e2dbeb8d0cc8,caf27870-ed84-40d4-a176-23d20d92790c,1644232465667,13.3641668,52.5101006,3.9637387,-2.6470692,-0.76676154,1.07967,on bike mount,cyclo cross,True,fine gravel,good
b8aa6b37-45de-464c-8851-02dfbbf9ea4d,6ac88080-0a7a-49c6-bb78-e2dbeb8d0cc8,79df32c9-ffe6-4e2d-959e-d387574613b7,1644232465723,13.3641668,52.5101006,3.9637387,0.13169046,-1.1310213,-0.30109692,on bike mount,cyclo cross,True,fine gravel,good
b8aa6b37-45de-464c-8851-02dfbbf9ea4d,6ac88080-0a7a-49c6-bb78-e2dbeb8d0cc8,20d122ab-de9a-439b-86da-9fb81a760949,1644232465778,13.3641668,52.5101006,3.9637387,0.088852435,-1.4795887,1.5231619,on bike mount,cyclo cross,True,fine gravel,good
b8aa6b37-45de-464c-8851-02dfbbf9ea4d,6ac88080-0a7a-49c6-bb78-e2dbeb8d0cc8,25a240a7-6f61-4ac9-b0c1-d8ec3cc1a4b4,1644232465833,13.3641668,52.5101006,3.9637387,-0.18200809,1.5828514,4.653021,on bike mount,cyclo cross,True,fine gravel,good
b8aa6b37-45de-464c-8851-02dfbbf9ea4d,6ac88080-0a7a-49c6-bb78-e2dbeb8d0cc8,0619ad46-b2cc-4ce0-acb6-66f02102f12f,1644232465890,13.3641668,52.5101006,3.9637387,-1.4038838,-1.9340528,0.44001007,on bike mount,cyclo cross,True,fine gravel,good
b8aa6b37-45de-464c-8851-02dfbbf9ea4d,6ac88080-0a7a-49c6-bb78-e2dbeb8d0cc8,086f06f1-ef05-4202-8c0c-82360084417d,1644232465945,13.3641668,52.5101006,3.9637387,-1.266163,0.5833826,-2.0414224,on bike mount,cyclo cross,True,fine gravel,good
b8aa6b37-45de-464c-8851-02dfbbf9ea4d,6ac88080-0a7a-49c6-bb78-e2dbeb8d0cc8,f8215c23-449f-450f-a9e3-a4cdbb3262c3,1644232466001,13.3641668,52.5101006,3.9637387,-2.4577775,-0.86648726,0.508708,on bike mount,cyclo cross,True,fine gravel,good
b8aa6b37-45de-464c-8851-02dfbbf9ea4d,6ac88080-0a7a-49c6-bb78-e2dbeb8d0cc8,52fff55e-69b2-49a5-b223-15367ebe8c34,1644232466056,13.3641668,52.5101006,3.9637387,1.3298504,-0.1459136,-0.5391121,on bike mount,cyclo cross,True,fine gravel,good
b8aa6b37-45de-464c-8851-02dfbbf9ea4d,6ac88080-0a7a-49c6-bb78-e2dbeb8d0cc8,f774c1c4-0cc2-4a58-a1f2-5e097dfd2e68,1644232466111,13.3641668,52.5101006,3.9637387,0.7708335,1.0075054,0.44973373,on bike mount,cyclo cross,True,fine gravel,good
b8aa6b37-45de-464c-8851-02dfbbf9ea4d,6ac88080-0a7a-49c6-bb78-e2dbeb8d0cc8,8efead4f-5b58-4928-a152-de604513e71c,1644232466168,13.3641668,52.5101006,3.9637387,0.19001293,-1.4053717,-0.6958122,on bike mount,cyclo cross,True,fine gravel,good
b8aa6b37-45de-464c-8851-02dfbbf9ea4d,6ac88080-0a7a-49c6-bb78-e2dbeb8d0cc8,6435074e-af7d-4708-a362-cddf7a0af260,1644232466223,13.3641214,52.5101062,4.060511,1.5942795,0.9538934,3.6147947,on bike mount,cyclo cross,True,fine gravel,good
b8aa6b37-45de-464c-8851-02dfbbf9ea4d,6ac88080-0a7a-49c6-bb78-e2dbeb8d0cc8,aa75600f-3611-448c-a060-f0e32239b618,1644232466278,13.3641214,52.5101062,4.060511,-1.3265064,0.41831255,-2.0666528,on bike mount,cyclo cross,True,fine gravel,good
b8aa6b37-45de-464c-8851-02dfbbf9ea4d,6ac88080-0a7a-49c6-bb78-e2dbeb8d0cc8,41f44644-8466-4961-9550-adfb02ad9f0e,1644232466334,13.3641214,52.5101062,4.060511,-0.88812053,2.8231282,-5.184666,on bike mount,cyclo cross,True,fine gravel,good
b8aa6b37-45de-464c-8851-02dfbbf9ea4d,6ac88080-0a7a-49c6-bb78-e2dbeb8d0cc8,c0db9c07-5af4-4f3c-96c4-c16388460ab0,1644232466388,13.3641214,52.5101062,4.060511,0.2479735,1.0167685,-1.7768564,on bike mount,cyclo cross,True,fine gravel,good
b8aa6b37-45de-464c-8851-02dfbbf9ea4d,6ac88080-0a7a-49c6-bb78-e2dbeb8d0cc8,23790ed2-3fbc-4d9d-a0fe-6f0106b3af77,1644232466445,13.3641214,52.5101062,4.060511,1.2183802,0.073963165,-1.2762394,on bike mount,cyclo cross,True,fine gravel,good
b8aa6b37-45de-464c-8851-02dfbbf9ea4d,6ac88080-0a7a-49c6-bb78-e2dbeb8d0cc8,e5e6372c-8ccc-44f3-94a5-ed9338c54dcf,1644232466499,13.3641214,52.5101062,4.060511,-0.008395076,1.8499284,-2.4761639,on bike mount,cyclo cross,True,fine gravel,good
b8aa6b37-45de-464c-8851-02dfbbf9ea4d,6ac88080-0a7a-49c6-bb78-e2dbeb8d0cc8,e4271aee-018b-400c-b040-34b67d5b6055,1644232466556,13.3641214,52.5101062,4.060511,-0.6027763,-1.1405566,-0.7010608,on bike mount,cyclo cross,True,fine gravel,good
b8aa6b37-45de-464c-8851-02dfbbf9ea4d,6ac88080-0a7a-49c6-bb78-e2dbeb8d0cc8,14159370-0231-4646-9be1-116332d67244,1644232466611,13.3641214,52.5101062,4.060511,-0.59499884,-2.0734177,2.0025654,on bike mount,cyclo cross,True,fine gravel,good
b8aa6b37-45de-464c-8851-02dfbbf9ea4d,6ac88080-0a7a-49c6-bb78-e2dbeb8d0cc8,0ccf80dd-57aa-43a1-b855-cb9d18ba80fc,1644232466667,13.3641214,52.5101062,4.060511,-1.4926553,2.9060035,2.2947378,on bike mount,cyclo cross,True,fine gravel,good
b8aa6b37-45de-464c-8851-02dfbbf9ea4d,6ac88080-0a7a-49c6-bb78-e2dbeb8d0cc8,d5e0535e-08e3-42dd-86f3-656cf5ea6f3c,1644232466722,13.3641214,52.5101062,4.060511,0.34694952,-0.65359974,2.0881023,on bike mount,cyclo cross,True,fine gravel,good
b8aa6b37-45de-464c-8851-02dfbbf9ea4d,6ac88080-0a7a-49c6-bb78-e2dbeb8d0cc8,fa9ee9b0-3b72-46c2-b197-dc53c31895cd,1644232466778,13.3641214,52.5101062,4.060511,-0.34754032,0.031389475,1.0759859,on bike mount,cyclo cross,True,fine gravel,good
b8aa6b37-45de-464c-8851-02dfbbf9ea4d,6ac88080-0a7a-49c6-bb78-e2dbeb8d0cc8,46ec1066-763c-4bda-93d2-82d6e4984ce1,1644232466833,13.3641214,52.5101062,4.060511,-1.310188,0.0479815,1.2003326,on bike mount,cyclo cross,True,fine gravel,good
b8aa6b37-45de-464c-8851-02dfbbf9ea4d,6ac88080-0a7a-49c6-bb78-e2dbeb8d0cc8,864b96ff-3735-4eee-a7d0-3879ead5cd45,1644232466890,13.3641214,52.5101062,4.060511,0.027933627,3.371635,-1.0383887,on bike mount,cyclo cross,True,fine gravel,good
b8aa6b37-45de-464c-8851-02dfbbf9ea4d,6ac88080-0a7a-49c6-bb78-e2dbeb8d0cc8,61d138ce-6223-4c1e-99d1-be8fc00b054e,1644232466945,13.3641214,52.5101062,4.060511,-1.0926917,-0.04878688,-4.0675616,on bike mount,cyclo cross,True,fine gravel,good
b8aa6b37-45de-464c-8851-02dfbbf9ea4d,6ac88080-0a7a-49c6-bb78-e2dbeb8d0cc8,e3aa9bc2-aec8-4b84-8418-f1a43da90675,1644232467000,13.3640634,52.5101056,4.1011596,0.6866862,-0.89579797,2.397808,on bike mount,cyclo cross,True,fine gravel,good
b8aa6b37-45de-464c-8851-02dfbbf9ea4d,6ac88080-0a7a-49c6-bb78-e2dbeb8d0cc8,b4868911-447f-4fd9-9471-c4a9d41bc48c,1644232467056,13.3640634,52.5101056,4.1011596,0.22769633,-3.2551284,0.10078621,on bike mount,cyclo cross,True,fine gravel,good
b8aa6b37-45de-464c-8851-02dfbbf9ea4d,6ac88080-0a7a-49c6-bb78-e2dbeb8d0cc8,e8c7430a-c76d-4e1e-9f3f-b11c2d2727db,1644232467112,13.3640634,52.5101056,4.1011596,-0.4759731,0.31758356,0.8713627,on bike mount,cyclo cross,True,fine gravel,good
b8aa6b37-45de-464c-8851-02dfbbf9ea4d,6ac88080-0a7a-49c6-bb78-e2dbeb8d0cc8,9877cb75-89bc-4aaa-9c38-b1e429736fc6,1644232467167,13.3640634,52.5101056,4.1011596,0.66847384,-1.8719137,1.0874681,on bike mount,cyclo cross,True,fine gravel,good
b8aa6b37-45de-464c-8851-02dfbbf9ea4d,6ac88080-0a7a-49c6-bb78-e2dbeb8d0cc8,9ea7798e-a509-4cda-aa6c-8a4f145414e1,1644232467223,13.3640634,52.5101056,4.1011596,-0.6352662,4.608654,0.16737175,on bike mount,cyclo cross,True,fine gravel,good
b8aa6b37-45de-464c-8851-02dfbbf9ea4d,6ac88080-0a7a-49c6-bb78-e2dbeb8d0cc8,19c99109-ce8b-4ad1-8c3d-d078186e136c,1644232467278,13.3640634,52.5101056,4.1011596,-0.47465873,0.81580687,2.992776,on bike mount,cyclo cross,True,fine gravel,good
b8aa6b37-45de-464c-8851-02dfbbf9ea4d,6ac88080-0a7a-49c6-bb78-e2dbeb8d0cc8,2f8ba654-c5bc-4125-ad20-362feaaaee6e,1644232467334,13.3640634,52.5101056,4.1011596,-0.24279666,0.4343245,-1.563901,on bike mount,cyclo cross,True,fine gravel,good
b8aa6b37-45de-464c-8851-02dfbbf9ea4d,6ac88080-0a7a-49c6-bb78-e2dbeb8d0cc8,00224748-04c8-4628-9699-d4b371c84daf,1644232467389,13.3640634,52.5101056,4.1011596,0.44066218,3.1799216,-0.98101616,on bike mount,cyclo cross,True,fine gravel,good
b8aa6b37-45de-464c-8851-02dfbbf9ea4d,6ac88080-0a7a-49c6-bb78-e2dbeb8d0cc8,8055abdf-be52-4794-b222-ed9606aa85d5,1644232467445,13.3640634,52.5101056,4.1011596,1.0508994,-3.2681322,3.5691996,on bike mount,cyclo cross,True,fine gravel,good
b8aa6b37-45de-464c-8851-02dfbbf9ea4d,6ac88080-0a7a-49c6-bb78-e2dbeb8d0cc8,a4b79fe3-3f85-4b12-a782-91d543e0bb83,1644232467501,13.3640634,52.5101056,4.1011596,-0.671832,-0.35761142,-0.032598495,on bike mount,cyclo cross,True,fine gravel,good
b8aa6b37-45de-464c-8851-02dfbbf9ea4d,6ac88080-0a7a-49c6-bb78-e2dbeb8d0cc8,259614a7-968f-4cea-b42a-44b754f7f917,1644232467555,13.3640265,52.5101035,4.1149693,-0.9893477,-1.2010506,0.3901329,on bike mount,cyclo cross,True,fine gravel,good
b8aa6b37-45de-464c-8851-02dfbbf9ea4d,6ac88080-0a7a-49c6-bb78-e2dbeb8d0cc8,5f81b010-abfa-4853-9bd3-0ccaaec2844d,1644232467611,13.3640265,52.5101035,4.1149693,-0.45613596,-0.70951295,0.33521557,on bike mount,cyclo cross,True,fine gravel,good
b8aa6b37-45de-464c-8851-02dfbbf9ea4d,6ac88080-0a7a-49c6-bb78-e2dbeb8d0cc8,17079d30-ed35-45b8-abad-cd02ce029290,1644232467666,13.3640265,52.5101035,4.1149693,0.31537765,0.40204263,0.97637844,on bike mount,cyclo cross,True,fine gravel,good
b8aa6b37-45de-464c-8851-02dfbbf9ea4d,6ac88080-0a7a-49c6-bb78-e2dbeb8d0cc8,c03eadcd-3c0b-4fe0-b85e-da70089e561b,1644232467723,13.3640265,52.5101035,4.1149693,-2.758833,-0.65225387,-2.5369935,on bike mount,cyclo cross,True,fine gravel,good
b8aa6b37-45de-464c-8851-02dfbbf9ea4d,6ac88080-0a7a-49c6-bb78-e2dbeb8d0cc8,6afed520-41d4-451e-ba77-fff6960d5e47,1644232467778,13.3640265,52.5101035,4.1149693,1.2317395,-2.5754678,3.7767391,on bike mount,cyclo cross,True,fine gravel,good
b8aa6b37-45de-464c-8851-02dfbbf9ea4d,6ac88080-0a7a-49c6-bb78-e2dbeb8d0cc8,6a46efbe-bcd5-44d7-a864-ca87c7d6492c,1644232467833,13.3640265,52.5101035,4.1149693,0.3784311,0.11455679,0.45340824,on bike mount,cyclo cross,True,fine gravel,good
b8aa6b37-45de-464c-8851-02dfbbf9ea4d,6ac88080-0a7a-49c6-bb78-e2dbeb8d0cc8,dbe14611-2ccb-4b7e-bbd8-1fb94469221e,1644232467981,13.3640265,52.5101035,4.1149693,-0.20480609,2.606368,-3.1587715,on bike mount,cyclo cross,True,fine gravel,good
b8aa6b37-45de-464c-8851-02dfbbf9ea4d,6ac88080-0a7a-49c6-bb78-e2dbeb8d0cc8,d0041276-fbd0-4b59-9b8d-df8b6fc88ec2,1644232468032,13.3640265,52.5101035,4.1149693,-0.19885913,-2.8149073,1.5493727,on bike mount,cyclo cross,True,fine gravel,good
b8aa6b37-45de-464c-8851-02dfbbf9ea4d,6ac88080-0a7a-49c6-bb78-e2dbeb8d0cc8,945ccab5-cd8c-49fa-be3e-483fef6b124e,1644232468087,13.3640265,52.5101035,4.1149693,-0.148399,-2.1292396,-1.5879378,on bike mount,cyclo cross,True,fine gravel,good
b8aa6b37-45de-464c-8851-02dfbbf9ea4d,6ac88080-0a7a-49c6-bb78-e2dbeb8d0cc8,aa2933bf-ede6-4738-8cbd-7795455e1b68,1644232468144,13.3640265,52.5101035,4.1149693,-0.19240358,1.9587841,2.4012213,on bike mount,cyclo cross,True,fine gravel,good
b8aa6b37-45de-464c-8851-02dfbbf9ea4d,6ac88080-0a7a-49c6-bb78-e2dbeb8d0cc8,0bf60746-7f5d-4705-b1dd-3e724389d116,1644232468200,13.3640265,52.5101035,4.1149693,-0.3624944,-0.5806551,-0.9301734,on bike mount,cyclo cross,True,fine gravel,good
b8aa6b37-45de-464c-8851-02dfbbf9ea4d,6ac88080-0a7a-49c6-bb78-e2dbeb8d0cc8,c263978a-ff6a-4271-868c-fea94d9e5649,1644232468256,13.3639713,52.5100982,4.370593,0.93093044,-0.87109613,-1.875453,on bike mount,cyclo cross,True,fine gravel,good
b8aa6b37-45de-464c-8851-02dfbbf9ea4d,6ac88080-0a7a-49c6-bb78-e2dbeb8d0cc8,de360c04-8fb4-4453-97cd-f81b00b25686,1644232468311,13.3639713,52.5100982,4.370593,-2.0134292,6.0410504,0.648963,on bike mount,cyclo cross,True,fine gravel,good
b8aa6b37-45de-464c-8851-02dfbbf9ea4d,6ac88080-0a7a-49c6-bb78-e2dbeb8d0cc8,ebdafe3a-b22c-40e9-a138-b1c058abe1b7,1644232468366,13.3639713,52.5100982,4.370593,-0.679702,2.5841074,4.8933277,on bike mount,cyclo cross,True,fine gravel,good
b8aa6b37-45de-464c-8851-02dfbbf9ea4d,6ac88080-0a7a-49c6-bb78-e2dbeb8d0cc8,9e19ee7a-cd7a-4f12-855f-ac81b51770d0,1644232468423,13.3639713,52.5100982,4.370593,0.6557977,-1.2991815,-0.27490997,on bike mount,cyclo cross,True,fine gravel,good
b8aa6b37-45de-464c-8851-02dfbbf9ea4d,6ac88080-0a7a-49c6-bb78-e2dbeb8d0cc8,5a751591-fdb7-429e-85ae-fc23b4f5910a,1644232468479,13.3639713,52.5100982,4.370593,1.0813949,-1.868201,0.039506912,on bike mount,cyclo cross,True,fine gravel,good
b8aa6b37-45de-464c-8851-02dfbbf9ea4d,6ac88080-0a7a-49c6-bb78-e2dbeb8d0cc8,da3290bd-c71b-4672-ac3f-547e3bdf9013,1644232468535,13.3639713,52.5100982,4.370593,-0.5006703,-0.03341365,1.6428499,on bike mount,cyclo cross,True,fine gravel,good
b8aa6b37-45de-464c-8851-02dfbbf9ea4d,6ac88080-0a7a-49c6-bb78-e2dbeb8d0cc8,5eb6e25c-5558-4d64-853e-3a46a269ab86,1644232468590,13.3639713,52.5100982,4.370593,0.2320942,0.28554463,0.5436621,on bike mount,cyclo cross,True,fine gravel,good
b8aa6b37-45de-464c-8851-02dfbbf9ea4d,6ac88080-0a7a-49c6-bb78-e2dbeb8d0cc8,6d65393e-c8f7-416f-ac8a-b503685763db,1644232468645,13.3639713,52.5100982,4.370593,-0.31810018,-2.0593836,-0.9444399,on bike mount,cyclo cross,True,fine gravel,good
b8aa6b37-45de-464c-8851-02dfbbf9ea4d,6ac88080-0a7a-49c6-bb78-e2dbeb8d0cc8,93aa165b-9f82-4ccb-b31c-a0451ff5588f,1644232468700,13.3639713,52.5100982,4.370593,-1.9896042,2.3947525,-1.2027664,on bike mount,cyclo cross,True,fine gravel,good
b8aa6b37-45de-464c-8851-02dfbbf9ea4d,6ac88080-0a7a-49c6-bb78-e2dbeb8d0cc8,d618da39-2262-4ec7-9f8f-799e3c3e681b,1644232468757,13.3639713,52.5100982,4.370593,-0.23262218,-2.1295419,2.1289186,on bike mount,cyclo cross,True,fine gravel,good
b8aa6b37-45de-464c-8851-02dfbbf9ea4d,6ac88080-0a7a-49c6-bb78-e2dbeb8d0cc8,b3afb9e4-0557-4155-bf51-c75935455e6f,1644232468812,13.3639253,52.51009,4.6983247,-0.003008455,0.23575306,1.1296616,on bike mount,cyclo cross,True,fine gravel,good
b8aa6b37-45de-464c-8851-02dfbbf9ea4d,6ac88080-0a7a-49c6-bb78-e2dbeb8d0cc8,7afb167a-e29c-404d-93b9-fb1b7484cbc2,1644232468869,13.3639253,52.51009,4.6983247,0.07225241,-1.343622,2.2797327,on bike mount,cyclo cross,True,fine gravel,good
b8aa6b37-45de-464c-8851-02dfbbf9ea4d,6ac88080-0a7a-49c6-bb78-e2dbeb8d0cc8,5e52ec1f-2749-4149-aa0a-918192b6adb7,1644232468925,13.3639253,52.51009,4.6983247,-1.1413037,1.1423144,-0.39312077,on bike mount,cyclo cross,True,fine gravel,good
b8aa6b37-45de-464c-8851-02dfbbf9ea4d,6ac88080-0a7a-49c6-bb78-e2dbeb8d0cc8,c82994e1-d6b7-4486-bf73-f3abfeaf12c0,1644232468978,13.3639253,52.51009,4.6983247,0.4590188,-1.5968684,-1.853056,on bike mount,cyclo cross,True,fine gravel,good
b8aa6b37-45de-464c-8851-02dfbbf9ea4d,6ac88080-0a7a-49c6-bb78-e2dbeb8d0cc8,270e580a-767a-4f6d-8e8f-e10e6258fa4a,1644232469035,13.3639253,52.51009,4.6983247,-0.14978218,0.54078054,-2.9413714,on bike mount,cyclo cross,True,fine gravel,good
b8aa6b37-45de-464c-8851-02dfbbf9ea4d,6ac88080-0a7a-49c6-bb78-e2dbeb8d0cc8,d9c5b083-b672-4dbc-aa02-c6934787f5db,1644232469089,13.3639253,52.51009,4.6983247,-0.5503713,0.5471351,0.9909563,on bike mount,cyclo cross,True,fine gravel,good
b8aa6b37-45de-464c-8851-02dfbbf9ea4d,6ac88080-0a7a-49c6-bb78-e2dbeb8d0cc8,6e653a31-6723-426b-8384-94ad2a727809,1644232469144,13.3639253,52.51009,4.6983247,-0.714915,0.864311,-1.6668735,on bike mount,cyclo cross,True,fine gravel,good
b8aa6b37-45de-464c-8851-02dfbbf9ea4d,6ac88080-0a7a-49c6-bb78-e2dbeb8d0cc8,9cda7e6d-c3a8-4bb9-8632-5aec19b352a8,1644232469200,13.3639253,52.51009,4.6983247,0.011705697,0.3648274,-2.2557664,on bike mount,cyclo cross,True,fine gravel,good
b8aa6b37-45de-464c-8851-02dfbbf9ea4d,6ac88080-0a7a-49c6-bb78-e2dbeb8d0cc8,c6fa846f-4e97-4e5d-a545-e4d64da452ff,1644232469256,13.3639253,52.51009,4.6983247,-0.036988676,0.76038074,3.0331612,on bike mount,cyclo cross,True,fine gravel,good
b8aa6b37-45de-464c-8851-02dfbbf9ea4d,6ac88080-0a7a-49c6-bb78-e2dbeb8d0cc8,927a7d0e-c12b-4b62-b7fe-7c78392be3e9,1644232469310,13.3639253,52.51009,4.6983247,-0.54904735,1.2311385,-2.0974703,on bike mount,cyclo cross,True,fine gravel,good
b8aa6b37-45de-464c-8851-02dfbbf9ea4d,6ac88080-0a7a-49c6-bb78-e2dbeb8d0cc8,bd3de24a-ff45-47e5-9b5d-8a929ed21db8,1644232469367,13.3639253,52.51009,4.6983247,0.92067504,-0.080895424,1.7527933,on bike mount,cyclo cross,True,fine gravel,good
b8aa6b37-45de-464c-8851-02dfbbf9ea4d,6ac88080-0a7a-49c6-bb78-e2dbeb8d0cc8,82ae9339-dbff-4c32-b299-8299b7cd40c7,1644232469422,13.3639253,52.51009,4.6983247,-0.40977895,-1.3120037,-0.38607693,on bike mount,cyclo cross,True,fine gravel,good
b8aa6b37-45de-464c-8851-02dfbbf9ea4d,6ac88080-0a7a-49c6-bb78-e2dbeb8d0cc8,171cde0f-d8bd-45dc-a783-e933e9a04a64,1644232469476,13.3639253,52.51009,4.6983247,1.6450672,0.66755676,1.4489851,on bike mount,cyclo cross,True,fine gravel,good
b8aa6b37-45de-464c-8851-02dfbbf9ea4d,6ac88080-0a7a-49c6-bb78-e2dbeb8d0cc8,3dd5c056-2694-49b3-9dd2-723de6aad886,1644232469531,13.3639253,52.51009,4.6983247,0.3130395,-1.6134765,0.99408245,on bike mount,cyclo cross,True,fine gravel,good
b8aa6b37-45de-464c-8851-02dfbbf9ea4d,6ac88080-0a7a-49c6-bb78-e2dbeb8d0cc8,b3a70ef8-63ac-4719-97d8-50a6e2992788,1644232469587,13.363877,52.5100799,4.8597646,-0.057090092,-0.95949125,0.15842819,on bike mount,cyclo cross,True,fine gravel,good
b8aa6b37-45de-464c-8851-02dfbbf9ea4d,6ac88080-0a7a-49c6-bb78-e2dbeb8d0cc8,cd7ae0ff-520e-4363-b3e8-e945f7123b0f,1644232469644,13.363877,52.5100799,4.8597646,1.6969957,0.16304588,1.1691236,on bike mount,cyclo cross,True,fine gravel,good
b8aa6b37-45de-464c-8851-02dfbbf9ea4d,6ac88080-0a7a-49c6-bb78-e2dbeb8d0cc8,3119e441-1026-42a1-acfd-68eb1eba49df,1644232469699,13.363877,52.5100799,4.8597646,1.2128577,2.568326,1.6136847,on bike mount,cyclo cross,True,fine gravel,good
b8aa6b37-45de-464c-8851-02dfbbf9ea4d,6ac88080-0a7a-49c6-bb78-e2dbeb8d0cc8,dcf0c908-d59a-43fb-b9f8-c6a168d0c31c,1644232469754,13.363877,52.5100799,4.8597646,-0.5087297,-0.84291816,-5.9794984,on bike mount,cyclo cross,True,fine gravel,good
b8aa6b37-45de-464c-8851-02dfbbf9ea4d,6ac88080-0a7a-49c6-bb78-e2dbeb8d0cc8,ea7a71e6-664e-4b36-8722-fb953580d48d,1644232469810,13.363877,52.5100799,4.8597646,0.19444433,-1.7870494,-0.8777833,on bike mount,cyclo cross,True,fine gravel,good
b8aa6b37-45de-464c-8851-02dfbbf9ea4d,6ac88080-0a7a-49c6-bb78-e2dbeb8d0cc8,90aef916-df63-40e0-82cd-1757e2da3874,1644232469866,13.363877,52.5100799,4.8597646,1.7740909,0.94043756,1.297574,on bike mount,cyclo cross,True,fine gravel,good
b8aa6b37-45de-464c-8851-02dfbbf9ea4d,6ac88080-0a7a-49c6-bb78-e2dbeb8d0cc8,9e162d72-0652-41d2-bc1b-72951f59a336,1644232469921,13.363877,52.5100799,4.8597646,-0.35279047,-1.2396652,-0.99238014,on bike mount,cyclo cross,True,fine gravel,good
b8aa6b37-45de-464c-8851-02dfbbf9ea4d,6ac88080-0a7a-49c6-bb78-e2dbeb8d0cc8,aa6a268e-7f1e-4c66-ae40-b1ed224ff08a,1644232469977,13.363877,52.5100799,4.8597646,1.4784241,-0.6082287,-7.1473255,on bike mount,cyclo cross,True,fine gravel,good
b8aa6b37-45de-464c-8851-02dfbbf9ea4d,6ac88080-0a7a-49c6-bb78-e2dbeb8d0cc8,88f83dd9-73d2-4899-abb2-21bf4deccf49,1644232470032,13.363877,52.5100799,4.8597646,2.9911797,2.2554958,0.08172703,on bike mount,cyclo cross,True,fine gravel,good
b8aa6b37-45de-464c-8851-02dfbbf9ea4d,6ac88080-0a7a-49c6-bb78-e2dbeb8d0cc8,e32ac647-ac16-46a8-8e88-efedf90a9851,1644232470087,13.363877,52.5100799,4.8597646,2.4490654,-0.7971828,-6.2449236,on bike mount,cyclo cross,True,fine gravel,good
b8aa6b37-45de-464c-8851-02dfbbf9ea4d,6ac88080-0a7a-49c6-bb78-e2dbeb8d0cc8,05af78c4-12d1-490f-aad7-16d5164fb8c7,1644232470143,13.363877,52.5100799,4.8597646,0.22753632,0.752609,4.2538433,on bike mount,cyclo cross,True,fine gravel,good
b8aa6b37-45de-464c-8851-02dfbbf9ea4d,6ac88080-0a7a-49c6-bb78-e2dbeb8d0cc8,43d723fa-058d-49af-9247-7d6154d08ec2,1644232470199,13.363877,52.5100799,4.8597646,0.18551946,-0.19484687,3.3879337,on bike mount,cyclo cross,True,fine gravel,good
b8aa6b37-45de-464c-8851-02dfbbf9ea4d,6ac88080-0a7a-49c6-bb78-e2dbeb8d0cc8,d286c61c-4277-4d3d-b865-ef8f949f5bba,1644232470254,13.363877,52.5100799,4.8597646,0.5770532,-1.8910673,1.8556623,on bike mount,cyclo cross,True,fine gravel,good
b8aa6b37-45de-464c-8851-02dfbbf9ea4d,6ac88080-0a7a-49c6-bb78-e2dbeb8d0cc8,a3b172d4-2eda-4731-b608-ddd65d7b03ba,1644232470310,13.363877,52.5100799,4.8597646,1.491446,-0.5246093,1.2495813,on bike mount,cyclo cross,True,fine gravel,good
b8aa6b37-45de-464c-8851-02dfbbf9ea4d,6ac88080-0a7a-49c6-bb78-e2dbeb8d0cc8,c23dd151-6abc-43f8-9194-d4f7724c4e46,1644232470366,13.363877,52.5100799,4.8597646,0.602597,-0.5001497,-2.0977178,on bike mount,cyclo cross,True,fine gravel,good
b8aa6b37-45de-464c-8851-02dfbbf9ea4d,6ac88080-0a7a-49c6-bb78-e2dbeb8d0cc8,ef4a3eec-65a6-4e16-9dcf-cc8086e40919,1644232470422,13.363877,52.5100799,4.8597646,-0.5464327,-1.9864882,-1.7612848,on bike mount,cyclo cross,True,fine gravel,good
b8aa6b37-45de-464c-8851-02dfbbf9ea4d,6ac88080-0a7a-49c6-bb78-e2dbeb8d0cc8,f35feda4-43e9-4529-b21b-40079cf49e98,1644232470476,13.363877,52.5100799,4.8597646,-0.49908847,0.7707143,1.3659878,on bike mount,cyclo cross,True,fine gravel,good
b8aa6b37-45de-464c-8851-02dfbbf9ea4d,6ac88080-0a7a-49c6-bb78-e2dbeb8d0cc8,65b9f529-5844-4463-a9e8-2c4bface8704,1644232470532,13.363877,52.5100799,4.8597646,0.31531772,-2.9051204,-2.2140422,on bike mount,cyclo cross,True,fine gravel,good
b8aa6b37-45de-464c-8851-02dfbbf9ea4d,6ac88080-0a7a-49c6-bb78-e2dbeb8d0cc8,dce61b34-6c11-4a58-b87d-62cb915fa453,1644232470587,13.3638018,52.5100659,4.914174,0.26579422,-1.664967,0.18548107,on bike mount,cyclo cross,True,fine gravel,good
b8aa6b37-45de-464c-8851-02dfbbf9ea4d,6ac88080-0a7a-49c6-bb78-e2dbeb8d0cc8,818f32eb-1535-4267-a398-b133cb305df9,1644232470643,13.3638018,52.5100659,4.914174,-1.5340643,-0.8454416,1.1548328,on bike mount,cyclo cross,True,fine gravel,good
b8aa6b37-45de-464c-8851-02dfbbf9ea4d,05f0f5f1-e76e-408b-9c08-2082c6e7996a,1bd9556d-93b1-4a94-9d07-24ff2316c593,1644232467801,13.3640265,52.5101035,4.1149693,-0.6260098,1.1362219,-0.73627377,on bike mount,cyclo cross,True,fine gravel,good
b8aa6b37-45de-464c-8851-02dfbbf9ea4d,05f0f5f1-e76e-408b-9c08-2082c6e7996a,3dbd4a69-41ff-4b73-8c73-762914a3a470,1644232467855,13.3640265,52.5101035,4.1149693,-1.1422477,1.4489985,0.55514336,on bike mount,cyclo cross,True,fine gravel,good
b8aa6b37-45de-464c-8851-02dfbbf9ea4d,05f0f5f1-e76e-408b-9c08-2082c6e7996a,28151a66-9605-45ba-9ce4-30bb4fc6ae2c,1644232467981,13.3640265,52.5101035,4.1149693,-0.31842124,1.0040174,-2.954854,on bike mount,cyclo cross,True,fine gravel,good
b8aa6b37-45de-464c-8851-02dfbbf9ea4d,05f0f5f1-e76e-408b-9c08-2082c6e7996a,d5d18881-ad50-4ddc-9087-5aabc714936b,1644232468033,13.3640265,52.5101035,4.1149693,-0.19885913,-2.8149073,1.5493727,on bike mount,cyclo cross,True,fine gravel,good
b8aa6b37-45de-464c-8851-02dfbbf9ea4d,05f0f5f1-e76e-408b-9c08-2082c6e7996a,022c6df9-fa26-4446-b673-a507191dc2f9,1644232468088,13.3640265,52.5101035,4.1149693,0.5431355,-1.2990047,-1.5871606,on bike mount,cyclo cross,True,fine gravel,good
b8aa6b37-45de-464c-8851-02dfbbf9ea4d,05f0f5f1-e76e-408b-9c08-2082c6e7996a,11711637-a691-4db2-84b6-989e0ca7028a,1644232468144,13.3640265,52.5101035,4.1149693,-0.19240358,1.9587841,2.4012213,on bike mount,cyclo cross,True,fine gravel,good
b8aa6b37-45de-464c-8851-02dfbbf9ea4d,05f0f5f1-e76e-408b-9c08-2082c6e7996a,a12444b6-585a-4071-a415-0a6102b08deb,1644232468200,13.3640265,52.5101035,4.1149693,-0.36049315,-1.6041644,-0.28278255,on bike mount,cyclo cross,True,fine gravel,good
b8aa6b37-45de-464c-8851-02dfbbf9ea4d,05f0f5f1-e76e-408b-9c08-2082c6e7996a,67a2c7f3-52a6-4858-9a18-deccde53b828,1644232468257,13.3639713,52.5100982,4.370593,0.93093044,-0.87109613,-1.875453,on bike mount,cyclo cross,True,fine gravel,good
b8aa6b37-45de-464c-8851-02dfbbf9ea4d,05f0f5f1-e76e-408b-9c08-2082c6e7996a,db6a5657-4c90-4715-8c63-db01d58beba6,1644232468311,13.3639713,52.5100982,4.370593,-2.0134292,6.0410504,0.648963,on bike mount,cyclo cross,True,fine gravel,good
b8aa6b37-45de-464c-8851-02dfbbf9ea4d,05f0f5f1-e76e-408b-9c08-2082c6e7996a,c2a142a8-7694-4a13-97dd-ed1320cab8a3,1644232468367,13.3639713,52.5100982,4.370593,-0.679702,2.5841074,4.8933277,on bike mount,cyclo cross,True,fine gravel,good
b8aa6b37-45de-464c-8851-02dfbbf9ea4d,05f0f5f1-e76e-408b-9c08-2082c6e7996a,d910f322-b1ee-42a8-af30-dd5db689bdfd,1644232468422,13.3639713,52.5100982,4.370593,0.6557977,-1.2991815,-0.27490997,on bike mount,cyclo cross,True,fine gravel,good
b8aa6b37-45de-464c-8851-02dfbbf9ea4d,05f0f5f1-e76e-408b-9c08-2082c6e7996a,f1a4596f-e96b-418c-8d8e-246f432f7d11,1644232468478,13.3639713,52.5100982,4.370593,0.84147424,-1.8836061,2.3219671,on bike mount,cyclo cross,True,fine gravel,good
b8aa6b37-45de-464c-8851-02dfbbf9ea4d,05f0f5f1-e76e-408b-9c08-2082c6e7996a,e0836378-37ab-4063-b94f-73aca932a7f8,1644232468534,13.3639713,52.5100982,4.370593,-0.45235825,0.17418504,0.14947319,on bike mount,cyclo cross,True,fine gravel,good
b8aa6b37-45de-464c-8851-02dfbbf9ea4d,05f0f5f1-e76e-408b-9c08-2082c6e7996a,e809e34f-fb6f-4868-8f4a-cc25d5fc411f,1644232468589,13.3639713,52.5100982,4.370593,0.22252049,0.0877378,-0.66159916,on bike mount,cyclo cross,True,fine gravel,good
b8aa6b37-45de-464c-8851-02dfbbf9ea4d,05f0f5f1-e76e-408b-9c08-2082c6e7996a,a73deb92-5ed4-481d-83f0-607f030185a9,1644232468644,13.3639713,52.5100982,4.370593,-0.31810018,-2.0593836,-0.9444399,on bike mount,cyclo cross,True,fine gravel,good
b8aa6b37-45de-464c-8851-02dfbbf9ea4d,05f0f5f1-e76e-408b-9c08-2082c6e7996a,71d293cc-7222-4b73-8eb2-60e6107b958f,1644232468699,13.3639713,52.5100982,4.370593,-3.0146227,3.6233506,4.686775,on bike mount,cyclo cross,True,fine gravel,good
b8aa6b37-45de-464c-8851-02dfbbf9ea4d,05f0f5f1-e76e-408b-9c08-2082c6e7996a,a9057631-ba96-4822-a01e-cb02b675d870,1644232468756,13.3639713,52.5100982,4.370593,-0.11767231,0.6210611,2.1054554,on bike mount,cyclo cross,True,fine gravel,good
b8aa6b37-45de-464c-8851-02dfbbf9ea4d,05f0f5f1-e76e-408b-9c08-2082c6e7996a,837d9a2f-4d8f-4b6b-be61-5bcac24ed43d,1644232468811,13.3639253,52.51009,4.6983247,0.46095198,0.010312796,-0.34689617,on bike mount,cyclo cross,True,fine gravel,good
b8aa6b37-45de-464c-8851-02dfbbf9ea4d,05f0f5f1-e76e-408b-9c08-2082c6e7996a,53dde23c-6cda-4761-89c4-0e4c9ebc2aec,1644232468868,13.3639253,52.51009,4.6983247,0.07225241,-1.343622,2.2797327,on bike mount,cyclo cross,True,fine gravel,good
b8aa6b37-45de-464c-8851-02dfbbf9ea4d,05f0f5f1-e76e-408b-9c08-2082c6e7996a,478f405c-0f6d-426d-a8ac-5162209c4b66,1644232468924,13.3639253,52.51009,4.6983247,-1.1413037,1.1423144,-0.39312077,on bike mount,cyclo cross,True,fine gravel,good
b8aa6b37-45de-464c-8851-02dfbbf9ea4d,05f0f5f1-e76e-408b-9c08-2082c6e7996a,ac575149-cb92-4b91-acfa-ca2c7fceb450,1644232468977,13.3639253,52.51009,4.6983247,0.88015103,-1.474014,-0.4581318,on bike mount,cyclo cross,True,fine gravel,good
b8aa6b37-45de-464c-8851-02dfbbf9ea4d,05f0f5f1-e76e-408b-9c08-2082c6e7996a,bc79d1c2-7ccf-4265-b9d6-15217011192c,1644232469034,13.3639253,52.51009,4.6983247,-0.14978218,0.54078054,-2.9413714,on bike mount,cyclo cross,True,fine gravel,good
b8aa6b37-45de-464c-8851-02dfbbf9ea4d,05f0f5f1-e76e-408b-9c08-2082c6e7996a,607f1925-21fd-49fc-a04e-8564673bd4da,1644232469088,13.3639253,52.51009,4.6983247,-0.5503713,0.5471351,0.9909563,on bike mount,cyclo cross,True,fine gravel,good
b8aa6b37-45de-464c-8851-02dfbbf9ea4d,05f0f5f1-e76e-408b-9c08-2082c6e7996a,14320810-61d1-439b-8c79-c00c102003db,1644232469143,13.3639253,52.51009,4.6983247,-0.82662046,0.10120368,1.1459503,on bike mount,cyclo cross,True,fine gravel,good
b8aa6b37-45de-464c-8851-02dfbbf9ea4d,05f0f5f1-e76e-408b-9c08-2082c6e7996a,42798ca6-70ab-4364-a7cc-082267b51824,1644232469199,13.3639253,52.51009,4.6983247,0.011705697,0.3648274,-2.2557664,on bike mount,cyclo cross,True,fine gravel,good
b8aa6b37-45de-464c-8851-02dfbbf9ea4d,05f0f5f1-e76e-408b-9c08-2082c6e7996a,ec110756-3799-4cf4-b293-3714c0a69441,1644232469254,13.3639253,52.51009,4.6983247,-0.036988676,0.76038074,3.0331612,on bike mount,cyclo cross,True,fine gravel,good
b8aa6b37-45de-464c-8851-02dfbbf9ea4d,05f0f5f1-e76e-408b-9c08-2082c6e7996a,b8022543-a88a-4641-ae29-831eb8013b3b,1644232469310,13.3639253,52.51009,4.6983247,-0.54904735,1.2311385,-2.0974703,on bike mount,cyclo cross,True,fine gravel,good
b8aa6b37-45de-464c-8851-02dfbbf9ea4d,05f0f5f1-e76e-408b-9c08-2082c6e7996a,0a8ffa77-2ee7-4df8-a016-f99a68d83440,1644232469366,13.3639253,52.51009,4.6983247,0.88224936,-1.4530641,-1.8229685,on bike mount,cyclo cross,True,fine gravel,good
b8aa6b37-45de-464c-8851-02dfbbf9ea4d,05f0f5f1-e76e-408b-9c08-2082c6e7996a,2d3a4e9b-1100-4bd1-8a9c-916c72e4e61f,1644232469421,13.3639253,52.51009,4.6983247,-0.62408817,0.3280921,1.8851023,on bike mount,cyclo cross,True,fine gravel,good
b8aa6b37-45de-464c-8851-02dfbbf9ea4d,05f0f5f1-e76e-408b-9c08-2082c6e7996a,f1aa98e8-56f9-4192-9649-7046ecab01cc,1644232469476,13.3639253,52.51009,4.6983247,1.6450672,0.66755676,1.4489851,on bike mount,cyclo cross,True,fine gravel,good
b8aa6b37-45de-464c-8851-02dfbbf9ea4d,05f0f5f1-e76e-408b-9c08-2082c6e7996a,f3d4ada5-5086-4d64-9170-9f7c43efa67c,1644232469531,13.3639253,52.51009,4.6983247,0.3130395,-1.6134765,0.99408245,on bike mount,cyclo cross,True,fine gravel,good
b8aa6b37-45de-464c-8851-02dfbbf9ea4d,05f0f5f1-e76e-408b-9c08-2082c6e7996a,9d64ea84-74f1-48fa-9c46-106def7bcce2,1644232469587,13.363877,52.5100799,4.8597646,0.44967452,-1.4577888,1.7964401,on bike mount,cyclo cross,True,fine gravel,good
b8aa6b37-45de-464c-8851-02dfbbf9ea4d,05f0f5f1-e76e-408b-9c08-2082c6e7996a,df8b201e-0c5d-4cef-bde5-2ed666f3d332,1644232469644,13.363877,52.5100799,4.8597646,1.6969957,0.16304588,1.1691236,on bike mount,cyclo cross,True,fine gravel,good
b8aa6b37-45de-464c-8851-02dfbbf9ea4d,05f0f5f1-e76e-408b-9c08-2082c6e7996a,8b007f5d-dc90-4368-a78b-86bd1a96860a,1644232469701,13.363877,52.5100799,4.8597646,1.1505622,-2.2247953,2.0535355,on bike mount,cyclo cross,True,fine gravel,good
b8aa6b37-45de-464c-8851-02dfbbf9ea4d,05f0f5f1-e76e-408b-9c08-2082c6e7996a,39827df9-1faf-4cc7-932c-3ba39eece7ad,1644232469754,13.363877,52.5100799,4.8597646,-0.5087297,-0.84291816,-5.9794984,on bike mount,cyclo cross,True,fine gravel,good
b8aa6b37-45de-464c-8851-02dfbbf9ea4d,05f0f5f1-e76e-408b-9c08-2082c6e7996a,ad57553d-930d-4338-8e4c-9b8ff8787619,1644232469811,13.363877,52.5100799,4.8597646,1.1401222,-2.2888622,-2.4718313,on bike mount,cyclo cross,True,fine gravel,good
b8aa6b37-45de-464c-8851-02dfbbf9ea4d,05f0f5f1-e76e-408b-9c08-2082c6e7996a,4dc32a68-f84f-4cf9-a10b-c5e36c01310a,1644232469867,13.363877,52.5100799,4.8597646,1.056914,0.9759836,2.3487034,on bike mount,cyclo cross,True,fine gravel,good
b8aa6b37-45de-464c-8851-02dfbbf9ea4d,05f0f5f1-e76e-408b-9c08-2082c6e7996a,b20322c0-4e32-436b-9694-0a642f55b982,1644232469921,13.363877,52.5100799,4.8597646,0.8331592,-0.10450053,-0.82274914,on bike mount,cyclo cross,True,fine gravel,good
b8aa6b37-45de-464c-8851-02dfbbf9ea4d,05f0f5f1-e76e-408b-9c08-2082c6e7996a,140c8c15-7e75-483c-9079-6370a1c41d27,1644232469977,13.363877,52.5100799,4.8597646,1.4784241,-0.6082287,-7.1473255,on bike mount,cyclo cross,True,fine gravel,good
b8aa6b37-45de-464c-8851-02dfbbf9ea4d,05f0f5f1-e76e-408b-9c08-2082c6e7996a,61e7da4d-4ff7-424c-949d-76034780f7fa,1644232470033,13.363877,52.5100799,4.8597646,2.9911797,2.2554958,0.08172703,on bike mount,cyclo cross,True,fine gravel,good
b8aa6b37-45de-464c-8851-02dfbbf9ea4d,05f0f5f1-e76e-408b-9c08-2082c6e7996a,c1c1bf95-7ef4-4ae7-ab07-2836d803c872,1644232470088,13.363877,52.5100799,4.8597646,2.4490654,-0.7971828,-6.2449236,on bike mount,cyclo cross,True,fine gravel,good
b8aa6b37-45de-464c-8851-02dfbbf9ea4d,05f0f5f1-e76e-408b-9c08-2082c6e7996a,6d045834-b87c-48fe-acfc-1ee1e10ee93e,1644232470144,13.363877,52.5100799,4.8597646,0.22753632,0.752609,4.2538433,on bike mount,cyclo cross,True,fine gravel,good
b8aa6b37-45de-464c-8851-02dfbbf9ea4d,05f0f5f1-e76e-408b-9c08-2082c6e7996a,6923c31d-d7c6-4178-93c0-de5bcd3fd219,1644232470200,13.363877,52.5100799,4.8597646,0.18551946,-0.19484687,3.3879337,on bike mount,cyclo cross,True,fine gravel,good
b8aa6b37-45de-464c-8851-02dfbbf9ea4d,05f0f5f1-e76e-408b-9c08-2082c6e7996a,ba1e0422-3357-45e1-b031-409038f20f25,1644232470255,13.363877,52.5100799,4.8597646,0.5683625,-1.101767,3.0920277,on bike mount,cyclo cross,True,fine gravel,good
b8aa6b37-45de-464c-8851-02dfbbf9ea4d,05f0f5f1-e76e-408b-9c08-2082c6e7996a,a38360fe-3e69-412d-ad66-94c9f96d23df,1644232470311,13.363877,52.5100799,4.8597646,0.40926814,2.201889,0.5770922,on bike mount,cyclo cross,True,fine gravel,good
b8aa6b37-45de-464c-8851-02dfbbf9ea4d,05f0f5f1-e76e-408b-9c08-2082c6e7996a,1fa17aa6-b527-427a-ad13-8d9e96155622,1644232470367,13.363877,52.5100799,4.8597646,0.602597,-0.5001497,-2.0977178,on bike mount,cyclo cross,True,fine gravel,good
b8aa6b37-45de-464c-8851-02dfbbf9ea4d,05f0f5f1-e76e-408b-9c08-2082c6e7996a,7da4b9d9-87dd-4775-bd10-421a03c98dd3,1644232470423,13.363877,52.5100799,4.8597646,-0.16373295,-2.3766072,-3.6047807,on bike mount,cyclo cross,True,fine gravel,good
b8aa6b37-45de-464c-8851-02dfbbf9ea4d,05f0f5f1-e76e-408b-9c08-2082c6e7996a,2b963860-49d7-4fd9-aca2-bc9869af02d6,1644232470477,13.363877,52.5100799,4.8597646,0.097479224,-2.0351543,-3.6004915,on bike mount,cyclo cross,True,fine gravel,good
b8aa6b37-45de-464c-8851-02dfbbf9ea4d,05f0f5f1-e76e-408b-9c08-2082c6e7996a,bb327126-4263-4b53-8388-048c4086092a,1644232470533,13.363877,52.5100799,4.8597646,0.31531772,-2.9051204,-2.2140422,on bike mount,cyclo cross,True,fine gravel,good
b8aa6b37-45de-464c-8851-02dfbbf9ea4d,05f0f5f1-e76e-408b-9c08-2082c6e7996a,fd2d2672-d6ca-4beb-a7ba-72f5242911e8,1644232470588,13.3638018,52.5100659,4.914174,0.26579422,-1.664967,0.18548107,on bike mount,cyclo cross,True,fine gravel,good
