bike_activity_uid,bike_activity_sample_uid,bike_activity_measurement,bike_activity_measurement_timestamp,bike_activity_measurement_lon,bike_activity_measurement_lat,bike_activity_measurement_speed,bike_activity_measurement_accelerometer_x,bike_activity_measurement_accelerometer_y,bike_activity_measurement_accelerometer_z,bike_activity_phone_position,bike_activity_bike_type,bike_activity_flagged_lab_conditions,bike_activity_surface_type,bike_activity_smoothness_type
c788515a-89a8-42a5-9546-82bc5a7be065,2f45454c-5844-46b1-9255-e21ac1408911,f9c10022-b049-4900-9804-fc1702a02e21,1625683087303,13.5174622,52.4547829,5.443655,-0.8421471,-1.5640059,-1.3002782,in backpack,cyclo cross,False,mixed,mixed
c788515a-89a8-42a5-9546-82bc5a7be065,2f45454c-5844-46b1-9255-e21ac1408911,8a06b4a6-b8be-416c-93df-488b5e7899eb,1625683087354,13.5174622,52.4547829,5.443655,0.15318012,-0.7626381,-0.28653908,in backpack,cyclo cross,False,mixed,mixed
c788515a-89a8-42a5-9546-82bc5a7be065,2f45454c-5844-46b1-9255-e21ac1408911,b91c8330-4180-4844-8801-e5662317a245,1625683087405,13.5174664,52.4548348,5.731302,-0.57029605,-1.2483902,0.41426373,in backpack,cyclo cross,False,mixed,mixed
c788515a-89a8-42a5-9546-82bc5a7be065,2f45454c-5844-46b1-9255-e21ac1408911,d3a3dc0d-486f-46d2-a3e3-d4d7f0da561d,1625683087455,13.5174664,52.4548348,5.731302,-0.19942188,-0.14558077,0.1999178,in backpack,cyclo cross,False,mixed,mixed
c788515a-89a8-42a5-9546-82bc5a7be065,2f45454c-5844-46b1-9255-e21ac1408911,3e72ec9a-285f-4b61-a73a-3c202bf09a91,1625683087506,13.5174664,52.4548348,5.731302,0.04275751,0.3438468,0.019034386,in backpack,cyclo cross,False,mixed,mixed
c788515a-89a8-42a5-9546-82bc5a7be065,2f45454c-5844-46b1-9255-e21ac1408911,d67abd64-6bad-4a19-9d4a-53fd7023cab4,1625683087556,13.5174664,52.4548348,5.731302,0.5367212,0.07613373,-0.53523207,in backpack,cyclo cross,False,mixed,mixed
c788515a-89a8-42a5-9546-82bc5a7be065,2f45454c-5844-46b1-9255-e21ac1408911,97919804-0e58-4cc0-add5-42d937d79743,1625683087606,13.5174664,52.4548348,5.731302,1.0731959,0.12025118,-0.49379253,in backpack,cyclo cross,False,mixed,mixed
c788515a-89a8-42a5-9546-82bc5a7be065,2f45454c-5844-46b1-9255-e21ac1408911,8113d787-58ae-44e6-9010-45b9db6f7a7c,1625683087656,13.5174664,52.4548348,5.731302,0.18088675,-0.28580427,-0.5678644,in backpack,cyclo cross,False,mixed,mixed
c788515a-89a8-42a5-9546-82bc5a7be065,2f45454c-5844-46b1-9255-e21ac1408911,fb1b8134-4c96-495c-882c-7748fd4daaa8,1625683087706,13.5174664,52.4548348,5.731302,-0.1017251,-0.1292429,-0.72160196,in backpack,cyclo cross,False,mixed,mixed
c788515a-89a8-42a5-9546-82bc5a7be065,2f45454c-5844-46b1-9255-e21ac1408911,e2923363-439b-42a5-a0c3-9dbe895afedc,1625683087757,13.5174664,52.4548348,5.731302,-0.35971594,-0.2547903,-0.6634288,in backpack,cyclo cross,False,mixed,mixed
c788515a-89a8-42a5-9546-82bc5a7be065,2f45454c-5844-46b1-9255-e21ac1408911,2d11cf86-ff8e-4f0a-b3df-53054feabcbf,1625683087806,13.5174664,52.4548348,5.731302,-0.95727634,-0.43991947,0.09407091,in backpack,cyclo cross,False,mixed,mixed
c788515a-89a8-42a5-9546-82bc5a7be065,2f45454c-5844-46b1-9255-e21ac1408911,0ede7e33-cd99-4983-916d-f3bf074edb13,1625683087856,13.5174664,52.4548348,5.731302,-0.24257183,0.2260499,0.24014664,in backpack,cyclo cross,False,mixed,mixed
c788515a-89a8-42a5-9546-82bc5a7be065,2f45454c-5844-46b1-9255-e21ac1408911,f743b79d-c953-452d-b98a-4aace979f849,1625683087907,13.5174664,52.4548348,5.731302,1.1974144,1.1037669,-0.36721087,in backpack,cyclo cross,False,mixed,mixed
c788515a-89a8-42a5-9546-82bc5a7be065,2f45454c-5844-46b1-9255-e21ac1408911,fde53b15-6f94-450b-9d02-b750ee65d0c1,1625683087957,13.5174664,52.4548348,5.731302,-0.23767614,-0.03556633,-1.0080142,in backpack,cyclo cross,False,mixed,mixed
c788515a-89a8-42a5-9546-82bc5a7be065,2f45454c-5844-46b1-9255-e21ac1408911,d46688b7-0ab6-4524-9e59-279ef585a914,1625683088008,13.5174664,52.4548348,5.731302,-0.37126493,-0.119668484,-0.37155294,in backpack,cyclo cross,False,mixed,mixed
c788515a-89a8-42a5-9546-82bc5a7be065,2f45454c-5844-46b1-9255-e21ac1408911,82b7ac46-61cb-4afb-a25d-3051b202a8fe,1625683088059,13.5174664,52.4548348,5.731302,-0.6059537,-0.274827,-0.1556716,in backpack,cyclo cross,False,mixed,mixed
c788515a-89a8-42a5-9546-82bc5a7be065,2f45454c-5844-46b1-9255-e21ac1408911,477d6910-ae41-4a44-bdbb-cbb01ecda269,1625683088108,13.5174664,52.4548348,5.731302,-1.3709819,-0.8993077,0.22504759,in backpack,cyclo cross,False,mixed,mixed
c788515a-89a8-42a5-9546-82bc5a7be065,2f45454c-5844-46b1-9255-e21ac1408911,442c0a57-ddf7-48be-9fe9-2232dae4a3e9,1625683088159,13.5174664,52.4548348,5.731302,-0.48846483,0.26608944,1.0520353,in backpack,cyclo cross,False,mixed,mixed
c788515a-89a8-42a5-9546-82bc5a7be065,2f45454c-5844-46b1-9255-e21ac1408911,ad0d973f-13ad-453a-a703-f6247d24d993,1625683088208,13.5174664,52.4548348,5.731302,-0.22175932,0.45251417,0.43322086,in backpack,cyclo cross,False,mixed,mixed
c788515a-89a8-42a5-9546-82bc5a7be065,2f45454c-5844-46b1-9255-e21ac1408911,991d7a37-d8f8-47f0-9141-6dd6e405e130,1625683088258,13.5174664,52.4548348,5.731302,0.35174608,1.6770439,-0.7039876,in backpack,cyclo cross,False,mixed,mixed
c788515a-89a8-42a5-9546-82bc5a7be065,2f45454c-5844-46b1-9255-e21ac1408911,6c945a29-f063-4c34-b248-d904e2fe7935,1625683088308,13.5174664,52.4548348,5.731302,-0.7751193,-0.48710346,-1.2118907,in backpack,cyclo cross,False,mixed,mixed
c788515a-89a8-42a5-9546-82bc5a7be065,2f45454c-5844-46b1-9255-e21ac1408911,59194ce8-1cfc-4893-8ce7-3c551b202550,1625683088359,13.5174664,52.4548348,5.731302,-0.7086456,-0.9725332,0.39332247,in backpack,cyclo cross,False,mixed,mixed
c788515a-89a8-42a5-9546-82bc5a7be065,2f45454c-5844-46b1-9255-e21ac1408911,05282a9d-ffd6-404c-8fbf-42d6ddc1b114,1625683088410,13.5174603,52.454896,6.4404464,-0.055945396,0.1893158,0.8683152,in backpack,cyclo cross,False,mixed,mixed
c788515a-89a8-42a5-9546-82bc5a7be065,2f45454c-5844-46b1-9255-e21ac1408911,ddf5a8cc-494d-414e-909b-7bae54f6160b,1625683088460,13.5174603,52.454896,6.4404464,-0.56125975,1.0613141,0.68683624,in backpack,cyclo cross,False,mixed,mixed
c788515a-89a8-42a5-9546-82bc5a7be065,2f45454c-5844-46b1-9255-e21ac1408911,e9759d25-034b-4bd6-b251-3078677f677c,1625683088510,13.5174603,52.454896,6.4404464,-0.51139784,1.7090874,-0.22556305,in backpack,cyclo cross,False,mixed,mixed
c788515a-89a8-42a5-9546-82bc5a7be065,2f45454c-5844-46b1-9255-e21ac1408911,111e8868-0009-40b8-acf5-a8f429fe7fd8,1625683088560,13.5174603,52.454896,6.4404464,-0.030451298,1.2339973,-0.9657483,in backpack,cyclo cross,False,mixed,mixed
c788515a-89a8-42a5-9546-82bc5a7be065,2f45454c-5844-46b1-9255-e21ac1408911,ded588e6-7332-487e-8ba7-2c0a4635dfae,1625683088611,13.5174603,52.454896,6.4404464,-0.034575462,-0.17851782,-0.7931919,in backpack,cyclo cross,False,mixed,mixed
c788515a-89a8-42a5-9546-82bc5a7be065,2f45454c-5844-46b1-9255-e21ac1408911,34166bb3-7a93-4558-beda-5dd031ee1001,1625683088662,13.5174603,52.454896,6.4404464,-0.7185347,-1.6154919,-0.1948514,in backpack,cyclo cross,False,mixed,mixed
c788515a-89a8-42a5-9546-82bc5a7be065,2f45454c-5844-46b1-9255-e21ac1408911,387d4c56-03c4-414b-9597-a01b072c1a54,1625683088711,13.5174603,52.454896,6.4404464,-0.42529058,-0.5775938,0.85189867,in backpack,cyclo cross,False,mixed,mixed
c788515a-89a8-42a5-9546-82bc5a7be065,2f45454c-5844-46b1-9255-e21ac1408911,b3f3ae61-358c-40b7-8fb5-d0cdd4562bdc,1625683088761,13.5174603,52.454896,6.4404464,0.08779955,0.8706231,0.72731924,in backpack,cyclo cross,False,mixed,mixed
c788515a-89a8-42a5-9546-82bc5a7be065,2f45454c-5844-46b1-9255-e21ac1408911,0f219a5c-394f-45aa-9644-a9175c646946,1625683088811,13.5174603,52.454896,6.4404464,0.550179,2.1174026,-0.73804903,in backpack,cyclo cross,False,mixed,mixed
c788515a-89a8-42a5-9546-82bc5a7be065,2f45454c-5844-46b1-9255-e21ac1408911,0e79a93c-acb4-4204-9ddf-42d5da56c369,1625683088862,13.5174603,52.454896,6.4404464,0.07452965,1.1541252,-2.5583458,in backpack,cyclo cross,False,mixed,mixed
c788515a-89a8-42a5-9546-82bc5a7be065,2f45454c-5844-46b1-9255-e21ac1408911,5498ebf1-49be-42a1-a062-a3e9adc11265,1625683088912,13.5174603,52.454896,6.4404464,-0.6549237,-2.0826228,-0.591454,in backpack,cyclo cross,False,mixed,mixed
c788515a-89a8-42a5-9546-82bc5a7be065,2f45454c-5844-46b1-9255-e21ac1408911,22e3e481-0b77-47f9-98e5-d798d1a935b5,1625683088962,13.5174603,52.454896,6.4404464,-0.5492451,-1.5974503,0.3223548,in backpack,cyclo cross,False,mixed,mixed
c788515a-89a8-42a5-9546-82bc5a7be065,2f45454c-5844-46b1-9255-e21ac1408911,47e45909-a8ad-42d9-b066-f29a74c3993e,1625683089013,13.5174603,52.454896,6.4404464,0.21793032,-0.0026140213,1.4300315,in backpack,cyclo cross,False,mixed,mixed
c788515a-89a8-42a5-9546-82bc5a7be065,2f45454c-5844-46b1-9255-e21ac1408911,fd3c6e8c-2b1b-4a24-8155-3a971cf962a2,1625683089063,13.5174603,52.454896,6.4404464,0.4187727,1.5361795,0.0996151,in backpack,cyclo cross,False,mixed,mixed
c788515a-89a8-42a5-9546-82bc5a7be065,2f45454c-5844-46b1-9255-e21ac1408911,8c83c439-349a-438b-a9ad-94768df1934d,1625683089114,13.5174603,52.454896,6.4404464,-0.42680216,1.4093332,-1.6529241,in backpack,cyclo cross,False,mixed,mixed
c788515a-89a8-42a5-9546-82bc5a7be065,2f45454c-5844-46b1-9255-e21ac1408911,63c6bb69-e315-4b68-99f8-c0a784b43ca4,1625683089163,13.5174603,52.454896,6.4404464,-0.59324074,-1.3369155,-0.46582842,in backpack,cyclo cross,False,mixed,mixed
c788515a-89a8-42a5-9546-82bc5a7be065,2f45454c-5844-46b1-9255-e21ac1408911,4c9c2e52-a827-4714-bb1b-8cc038a0f286,1625683089213,13.5174603,52.454896,6.4404464,-0.52671146,-2.345063,2.4781346,in backpack,cyclo cross,False,mixed,mixed
c788515a-89a8-42a5-9546-82bc5a7be065,2f45454c-5844-46b1-9255-e21ac1408911,13e2fc9c-e2ea-4ad5-956d-e998f2113553,1625683089264,13.5174603,52.454896,6.4404464,-0.06778002,-1.1040516,1.6559005,in backpack,cyclo cross,False,mixed,mixed
c788515a-89a8-42a5-9546-82bc5a7be065,2f45454c-5844-46b1-9255-e21ac1408911,e13ba4cd-2a21-40dc-953c-442373ae9482,1625683089314,13.5174603,52.454896,6.4404464,2.1685433,3.767767,0.5150037,in backpack,cyclo cross,False,mixed,mixed
c788515a-89a8-42a5-9546-82bc5a7be065,2f45454c-5844-46b1-9255-e21ac1408911,e8d54e5d-932e-46d4-8768-e493b2131673,1625683089364,13.5174603,52.454896,6.4404464,-1.7364323,0.60043955,-2.4884691,in backpack,cyclo cross,False,mixed,mixed
c788515a-89a8-42a5-9546-82bc5a7be065,2f45454c-5844-46b1-9255-e21ac1408911,7ab06ca0-ae46-4cce-b0bf-77a4e2e57647,1625683089415,13.5174603,52.454896,6.4404464,-0.2477603,0.041443825,-0.2385335,in backpack,cyclo cross,False,mixed,mixed
c788515a-89a8-42a5-9546-82bc5a7be065,2f45454c-5844-46b1-9255-e21ac1408911,1ea4ce8f-9014-44dc-9e40-63c232e57522,1625683089465,13.5174659,52.4549379,3.8457038,0.10831833,-0.096189976,1.1044452,in backpack,cyclo cross,False,mixed,mixed
c788515a-89a8-42a5-9546-82bc5a7be065,2f45454c-5844-46b1-9255-e21ac1408911,4e45bfec-ae7a-4559-a493-45e39e3fbf11,1625683089515,13.5174659,52.4549379,3.8457038,0.43830442,0.24208689,0.50907135,in backpack,cyclo cross,False,mixed,mixed
c788515a-89a8-42a5-9546-82bc5a7be065,2f45454c-5844-46b1-9255-e21ac1408911,f1e6e466-7dcf-461e-93af-eaa67813e38e,1625683089566,13.5174659,52.4549379,3.8457038,-0.73842716,0.051855087,-0.79981565,in backpack,cyclo cross,False,mixed,mixed
c788515a-89a8-42a5-9546-82bc5a7be065,2f45454c-5844-46b1-9255-e21ac1408911,bde1118b-d92e-4145-bb6c-c43f4eff0f7f,1625683089616,13.5174659,52.4549379,3.8457038,-0.41421604,-0.20456791,-0.031859398,in backpack,cyclo cross,False,mixed,mixed
c788515a-89a8-42a5-9546-82bc5a7be065,2f45454c-5844-46b1-9255-e21ac1408911,a5bbab8c-f63e-4f00-997c-07528ddd3a5b,1625683089666,13.5174659,52.4549379,3.8457038,-0.17407322,0.25062847,0.42280912,in backpack,cyclo cross,False,mixed,mixed
c788515a-89a8-42a5-9546-82bc5a7be065,2f45454c-5844-46b1-9255-e21ac1408911,c70ea763-5272-4d42-a1fb-1bdbe0d439c7,1625683089716,13.5174659,52.4549379,3.8457038,-0.5635052,-0.1527996,-0.07643843,in backpack,cyclo cross,False,mixed,mixed
c788515a-89a8-42a5-9546-82bc5a7be065,2f45454c-5844-46b1-9255-e21ac1408911,ef0f9500-9a40-4d1c-bec7-cf2e2a95996e,1625683089767,13.5174659,52.4549379,3.8457038,-0.53460455,-0.19691467,0.3823905,in backpack,cyclo cross,False,mixed,mixed
c788515a-89a8-42a5-9546-82bc5a7be065,2f45454c-5844-46b1-9255-e21ac1408911,d28e8f51-9e26-456d-af52-4e662227972d,1625683089818,13.5174659,52.4549379,3.8457038,-0.025667667,1.3511109,0.4743123,in backpack,cyclo cross,False,mixed,mixed
c788515a-89a8-42a5-9546-82bc5a7be065,2f45454c-5844-46b1-9255-e21ac1408911,a464596d-5a1e-4dfd-a537-eb73bfb54770,1625683089869,13.5174659,52.4549379,3.8457038,-1.0911136,-0.0006842613,0.29825354,in backpack,cyclo cross,False,mixed,mixed
c788515a-89a8-42a5-9546-82bc5a7be065,2f45454c-5844-46b1-9255-e21ac1408911,7c7f648c-0a8b-460e-8bcd-e00278485e97,1625683089918,13.5174659,52.4549379,3.8457038,-1.0157211,-0.07322645,1.088947,in backpack,cyclo cross,False,mixed,mixed
c788515a-89a8-42a5-9546-82bc5a7be065,2f45454c-5844-46b1-9255-e21ac1408911,a0eb2867-80eb-40c5-842d-ad86539c0d89,1625683089968,13.5174659,52.4549379,3.8457038,0.01810646,0.35932875,1.0878649,in backpack,cyclo cross,False,mixed,mixed
c788515a-89a8-42a5-9546-82bc5a7be065,2f45454c-5844-46b1-9255-e21ac1408911,68020e27-1cb8-4042-b03b-475241c554f8,1625683090018,13.5174623,52.4549392,2.6967916,0.061710835,1.6188126,-0.55008745,in backpack,cyclo cross,False,mixed,mixed
c788515a-89a8-42a5-9546-82bc5a7be065,2f45454c-5844-46b1-9255-e21ac1408911,b3cd8246-517a-41ad-83e0-ad75f6413faa,1625683090068,13.5174623,52.4549392,2.6967916,-1.7409585,-0.41067457,-1.4963002,in backpack,cyclo cross,False,mixed,mixed
c788515a-89a8-42a5-9546-82bc5a7be065,2f45454c-5844-46b1-9255-e21ac1408911,8249956e-ffa4-4436-b158-5e6a61f8ec0d,1625683090118,13.5174623,52.4549392,2.6967916,-1.5974345,-2.1136107,0.87399197,in backpack,cyclo cross,False,mixed,mixed
c788515a-89a8-42a5-9546-82bc5a7be065,2f45454c-5844-46b1-9255-e21ac1408911,acf74947-c0b3-407b-8bc6-82a1f31a47be,1625683090168,13.5174623,52.4549392,2.6967916,0.8906584,0.022489548,2.4578712,in backpack,cyclo cross,False,mixed,mixed
c788515a-89a8-42a5-9546-82bc5a7be065,2f45454c-5844-46b1-9255-e21ac1408911,c411e45b-120f-4edb-a370-bd1592d4ec35,1625683090219,13.5174623,52.4549392,2.6967916,1.8551903,2.3949919,1.0349152,in backpack,cyclo cross,False,mixed,mixed
c788515a-89a8-42a5-9546-82bc5a7be065,2f45454c-5844-46b1-9255-e21ac1408911,b7bb0f4c-90f1-4bbc-9943-14678ac0028e,1625683090270,13.5174623,52.4549392,2.6967916,-0.59891176,0.31157446,-2.0487366,in backpack,cyclo cross,False,mixed,mixed
c788515a-89a8-42a5-9546-82bc5a7be065,2f45454c-5844-46b1-9255-e21ac1408911,56572afa-82a7-4e18-bc8b-d0a1871c327c,1625683090321,13.5174623,52.4549392,2.6967916,-2.7658525,-3.5976512,-2.393454,in backpack,cyclo cross,False,mixed,mixed
c788515a-89a8-42a5-9546-82bc5a7be065,2f45454c-5844-46b1-9255-e21ac1408911,3ac02817-b3cb-41c9-b4b1-f6c4ca5e83b2,1625683090372,13.5174623,52.4549392,2.6967916,0.0033068657,-1.2355213,0.6577158,in backpack,cyclo cross,False,mixed,mixed
c788515a-89a8-42a5-9546-82bc5a7be065,2f45454c-5844-46b1-9255-e21ac1408911,40ad8205-e0e7-412b-9115-5b5cad1f8065,1625683090423,13.5174623,52.4549392,2.6967916,2.0588417,1.9179459,1.1315782,in backpack,cyclo cross,False,mixed,mixed
c788515a-89a8-42a5-9546-82bc5a7be065,2f45454c-5844-46b1-9255-e21ac1408911,ddbbd241-3c80-407a-b740-e9e130f65e10,1625683090473,13.5174623,52.4549392,2.6967916,0.6931186,1.4739399,-0.79813194,in backpack,cyclo cross,False,mixed,mixed
c788515a-89a8-42a5-9546-82bc5a7be065,2f45454c-5844-46b1-9255-e21ac1408911,751fbc2e-9f2f-4041-850d-e6d39884a69f,1625683090524,13.5174623,52.4549392,2.6967916,-0.8872042,-0.17070961,-2.8675818,in backpack,cyclo cross,False,mixed,mixed
c788515a-89a8-42a5-9546-82bc5a7be065,2f45454c-5844-46b1-9255-e21ac1408911,79594950-13e7-4bd7-b977-346abcfed80d,1625683090573,13.5174623,52.4549392,2.6967916,0.30223083,-1.8210759,-0.35540652,in backpack,cyclo cross,False,mixed,mixed
c788515a-89a8-42a5-9546-82bc5a7be065,2f45454c-5844-46b1-9255-e21ac1408911,5c44c25b-de45-4fc3-9800-741f6c139d76,1625683090624,13.5174623,52.4549392,2.6967916,0.5777631,-1.0143828,0.8299253,in backpack,cyclo cross,False,mixed,mixed
c788515a-89a8-42a5-9546-82bc5a7be065,2f45454c-5844-46b1-9255-e21ac1408911,f1b2b5ee-2c81-4e93-9821-327049a21e78,1625683090674,13.5174623,52.4549392,2.6967916,1.8686643,0.51351976,0.8459666,in backpack,cyclo cross,False,mixed,mixed
c788515a-89a8-42a5-9546-82bc5a7be065,2f45454c-5844-46b1-9255-e21ac1408911,bd2ac95d-8faf-40f6-95d7-7f7c49b4168f,1625683090725,13.5174623,52.4549392,2.6967916,-0.489295,-0.06911898,-1.0382085,in backpack,cyclo cross,False,mixed,mixed
c788515a-89a8-42a5-9546-82bc5a7be065,2f45454c-5844-46b1-9255-e21ac1408911,55b0fb5f-eb7b-4046-8163-90572aa95410,1625683090776,13.5174623,52.4549392,2.6967916,-0.1941514,-0.6423063,-0.5420842,in backpack,cyclo cross,False,mixed,mixed
c788515a-89a8-42a5-9546-82bc5a7be065,2f45454c-5844-46b1-9255-e21ac1408911,927bd114-f26a-48b5-88c5-828e8ec3895d,1625683090827,13.5174623,52.4549392,2.6967916,1.3117943,-0.24086094,-0.057912588,in backpack,cyclo cross,False,mixed,mixed
c788515a-89a8-42a5-9546-82bc5a7be065,2f45454c-5844-46b1-9255-e21ac1408911,c13ced8a-bf3f-41b5-b379-6b08bb45683f,1625683090878,13.5174623,52.4549392,2.6967916,0.9304428,-0.046514034,0.42405725,in backpack,cyclo cross,False,mixed,mixed
c788515a-89a8-42a5-9546-82bc5a7be065,2f45454c-5844-46b1-9255-e21ac1408911,6691f26b-7751-4151-b845-a978bf009055,1625683090928,13.5174623,52.4549392,2.6967916,-0.46711254,-0.6506314,-0.51944065,in backpack,cyclo cross,False,mixed,mixed
c788515a-89a8-42a5-9546-82bc5a7be065,2f45454c-5844-46b1-9255-e21ac1408911,a678f393-5e6f-4bd9-a31b-5217aaf9db60,1625683090978,13.5174783,52.4549645,4.2725234,-0.31746483,-0.6683464,-0.037909985,in backpack,cyclo cross,False,mixed,mixed
c788515a-89a8-42a5-9546-82bc5a7be065,2f45454c-5844-46b1-9255-e21ac1408911,5a09c177-957e-4143-b546-0713cbcda904,1625683091028,13.5174783,52.4549645,4.2725234,1.0606494,0.8317852,0.5166552,in backpack,cyclo cross,False,mixed,mixed
c788515a-89a8-42a5-9546-82bc5a7be065,2f45454c-5844-46b1-9255-e21ac1408911,63a376a7-7a35-4758-97a3-00f40b79e330,1625683091078,13.5174783,52.4549645,4.2725234,0.64669895,0.8413253,-0.11297536,in backpack,cyclo cross,False,mixed,mixed
c788515a-89a8-42a5-9546-82bc5a7be065,2f45454c-5844-46b1-9255-e21ac1408911,36d7573e-7f16-486d-b858-0d69c2a375b4,1625683091128,13.5174783,52.4549645,4.2725234,-0.81047773,-0.53723526,-1.1399741,in backpack,cyclo cross,False,mixed,mixed
c788515a-89a8-42a5-9546-82bc5a7be065,2f45454c-5844-46b1-9255-e21ac1408911,7e0fdd49-7df5-412f-8b2e-ad749164d30b,1625683091178,13.5174783,52.4549645,4.2725234,-0.64993477,-0.8812337,-0.13963532,in backpack,cyclo cross,False,mixed,mixed
c788515a-89a8-42a5-9546-82bc5a7be065,2f45454c-5844-46b1-9255-e21ac1408911,e3fefce5-eb66-444b-aa55-b92eadc550fe,1625683091229,13.5174783,52.4549645,4.2725234,-0.130404,-0.11714029,0.72515535,in backpack,cyclo cross,False,mixed,mixed
c788515a-89a8-42a5-9546-82bc5a7be065,2f45454c-5844-46b1-9255-e21ac1408911,c275d9be-45ce-4a24-bd59-a08f19b2561f,1625683091279,13.5174783,52.4549645,4.2725234,-0.07241821,0.99497557,0.3955853,in backpack,cyclo cross,False,mixed,mixed
c788515a-89a8-42a5-9546-82bc5a7be065,2f45454c-5844-46b1-9255-e21ac1408911,4e741b86-101d-4ac3-83e0-c8e7bf69247c,1625683091330,13.5174783,52.4549645,4.2725234,-0.768178,0.16746044,-0.29478955,in backpack,cyclo cross,False,mixed,mixed
c788515a-89a8-42a5-9546-82bc5a7be065,2f45454c-5844-46b1-9255-e21ac1408911,9e63d2ba-8c1a-460a-a378-75a7445041a9,1625683091381,13.5174783,52.4549645,4.2725234,0.23686075,0.23154068,-0.30978298,in backpack,cyclo cross,False,mixed,mixed
c788515a-89a8-42a5-9546-82bc5a7be065,2f45454c-5844-46b1-9255-e21ac1408911,5e7dc0b3-ffd8-4628-8909-7a95ec5e667c,1625683091432,13.5174783,52.4549645,4.2725234,0.3604269,0.22056818,0.15857959,in backpack,cyclo cross,False,mixed,mixed
c788515a-89a8-42a5-9546-82bc5a7be065,2f45454c-5844-46b1-9255-e21ac1408911,068da5a6-31f2-44a8-bc0e-ba585f16d2c6,1625683091482,13.5174783,52.4549645,4.2725234,0.36074686,1.0047655,0.035162687,in backpack,cyclo cross,False,mixed,mixed
c788515a-89a8-42a5-9546-82bc5a7be065,2f45454c-5844-46b1-9255-e21ac1408911,45cea343-6f93-4634-9cdb-fdc9640206f7,1625683091533,13.5174783,52.4549645,4.2725234,-1.3201604,-0.16757011,-0.26026392,in backpack,cyclo cross,False,mixed,mixed
c788515a-89a8-42a5-9546-82bc5a7be065,2f45454c-5844-46b1-9255-e21ac1408911,4014bb91-5097-4498-92f7-661c22bd8fbb,1625683091583,13.5174783,52.4549645,4.2725234,-0.40735245,0.4478755,0.09555268,in backpack,cyclo cross,False,mixed,mixed
c788515a-89a8-42a5-9546-82bc5a7be065,2f45454c-5844-46b1-9255-e21ac1408911,f71ec3b2-d791-4d5d-af84-2f4a0a877245,1625683091634,13.5174783,52.4549645,4.2725234,-0.6386609,0.2321806,0.041867733,in backpack,cyclo cross,False,mixed,mixed
c788515a-89a8-42a5-9546-82bc5a7be065,2f45454c-5844-46b1-9255-e21ac1408911,70ef53ef-b138-45fd-b346-c16483b42f18,1625683091685,13.5174783,52.4549645,4.2725234,-0.21888304,0.2016964,0.06737423,in backpack,cyclo cross,False,mixed,mixed
c788515a-89a8-42a5-9546-82bc5a7be065,2f45454c-5844-46b1-9255-e21ac1408911,888109ca-d64f-49ac-9a8b-10789b759442,1625683091734,13.5174783,52.4549645,4.2725234,-0.31361437,0.0019187927,0.06025052,in backpack,cyclo cross,False,mixed,mixed
c788515a-89a8-42a5-9546-82bc5a7be065,2f45454c-5844-46b1-9255-e21ac1408911,057b1290-7099-4e6d-b703-e671cbf1bd36,1625683091784,13.5174783,52.4549645,4.2725234,0.1003499,0.58149767,0.1294353,in backpack,cyclo cross,False,mixed,mixed
c788515a-89a8-42a5-9546-82bc5a7be065,2f45454c-5844-46b1-9255-e21ac1408911,f3dd0556-4a4b-4e6a-b262-0bf48e5610af,1625683091834,13.5174783,52.4549645,4.2725234,0.2363925,1.2634425,-0.28601718,in backpack,cyclo cross,False,mixed,mixed
c788515a-89a8-42a5-9546-82bc5a7be065,2f45454c-5844-46b1-9255-e21ac1408911,0fd25396-52b9-422f-aa2e-64ec7b0c3a2d,1625683091884,13.5174783,52.4549645,4.2725234,-1.4296637,-0.6170583,-0.409693,in backpack,cyclo cross,False,mixed,mixed
c788515a-89a8-42a5-9546-82bc5a7be065,2f45454c-5844-46b1-9255-e21ac1408911,9c64073a-3082-4e16-adcc-a2660c929571,1625683091935,13.5174783,52.4549645,4.2725234,-0.7048092,-0.705729,0.27347946,in backpack,cyclo cross,False,mixed,mixed
c788515a-89a8-42a5-9546-82bc5a7be065,2f45454c-5844-46b1-9255-e21ac1408911,f564fb09-106a-4e65-aabc-66fa1a79eb37,1625683091984,13.5174783,52.4549645,4.2725234,0.1094203,0.48680115,1.0732996,in backpack,cyclo cross,False,mixed,mixed
c788515a-89a8-42a5-9546-82bc5a7be065,2f45454c-5844-46b1-9255-e21ac1408911,ee6a2b15-9057-4128-b0d0-49aeeeb73278,1625683092035,13.5174783,52.4549645,4.2725234,1.2972999,2.3694925,0.36495805,in backpack,cyclo cross,False,mixed,mixed
c788515a-89a8-42a5-9546-82bc5a7be065,2f45454c-5844-46b1-9255-e21ac1408911,c6877c07-7af8-4469-be69-b30f13eefb6f,1625683092084,13.5174783,52.4549645,4.2725234,-1.2225089,-0.083073616,-1.306953,in backpack,cyclo cross,False,mixed,mixed
c788515a-89a8-42a5-9546-82bc5a7be065,2f45454c-5844-46b1-9255-e21ac1408911,8181fa88-8471-4a6a-9e20-6aa7bc219be9,1625683092135,13.5174783,52.4549645,4.2725234,-0.38665056,-0.8346915,-0.04784155,in backpack,cyclo cross,False,mixed,mixed
c788515a-89a8-42a5-9546-82bc5a7be065,2f45454c-5844-46b1-9255-e21ac1408911,029db29c-cf45-48a0-8644-f296baf25305,1625683092184,13.5174783,52.4549645,4.2725234,0.95752,0.6574826,0.8679328,in backpack,cyclo cross,False,mixed,mixed
c788515a-89a8-42a5-9546-82bc5a7be065,2f45454c-5844-46b1-9255-e21ac1408911,6c1362fa-9a1f-4ae1-9ae8-3b7fa5198384,1625683092235,13.5174783,52.4549645,4.2725234,-0.14510107,0.6539893,0.2705493,in backpack,cyclo cross,False,mixed,mixed
c788515a-89a8-42a5-9546-82bc5a7be065,2f45454c-5844-46b1-9255-e21ac1408911,b1d57ca9-e90b-4ecb-a4bf-71a8564ef64b,1625683092286,13.5174783,52.4549645,4.2725234,-1.4240084,0.2476325,-0.9773011,in backpack,cyclo cross,False,mixed,mixed
c788515a-89a8-42a5-9546-82bc5a7be065,2f45454c-5844-46b1-9255-e21ac1408911,d37b994d-e94e-4571-a6b5-4a3c0cc8972f,1625683092336,13.5174783,52.4549645,4.2725234,-1.0685558,-0.31739807,-0.43552732,in backpack,cyclo cross,False,mixed,mixed
c788515a-89a8-42a5-9546-82bc5a7be065,2f45454c-5844-46b1-9255-e21ac1408911,2ed00ad1-7a80-4bf2-b936-12fe80584ade,1625683092386,13.5174884,52.4550506,5.5952644,-0.21703482,-0.3484969,0.41052032,in backpack,cyclo cross,False,mixed,mixed
c788515a-89a8-42a5-9546-82bc5a7be065,2f45454c-5844-46b1-9255-e21ac1408911,e37c3557-fe89-4ae4-974a-c7d6d0dd1d20,1625683092436,13.5174884,52.4550506,5.5952644,0.59336853,0.59147215,0.41686893,in backpack,cyclo cross,False,mixed,mixed
c788515a-89a8-42a5-9546-82bc5a7be065,2f45454c-5844-46b1-9255-e21ac1408911,f3219747-ed4a-4ba2-bd19-357acf823a94,1625683092487,13.5174884,52.4550506,5.5952644,1.0045338,1.251831,-0.24987221,in backpack,cyclo cross,False,mixed,mixed
c788515a-89a8-42a5-9546-82bc5a7be065,2f45454c-5844-46b1-9255-e21ac1408911,663c20d7-efa3-449a-b251-1943428a0e24,1625683092538,13.5174884,52.4550506,5.5952644,-0.140419,-0.061477184,-0.5949526,in backpack,cyclo cross,False,mixed,mixed
c788515a-89a8-42a5-9546-82bc5a7be065,2f45454c-5844-46b1-9255-e21ac1408911,3bf8453a-d21c-4aeb-bb48-d4b253226689,1625683092589,13.5174884,52.4550506,5.5952644,-0.04317093,-0.15138721,-0.09510112,in backpack,cyclo cross,False,mixed,mixed
c788515a-89a8-42a5-9546-82bc5a7be065,2f45454c-5844-46b1-9255-e21ac1408911,f61e856f-639e-4f1e-97e7-95d8d9d462ed,1625683092639,13.5174884,52.4550506,5.5952644,-0.6504488,-0.4037676,0.2746253,in backpack,cyclo cross,False,mixed,mixed
c788515a-89a8-42a5-9546-82bc5a7be065,2f45454c-5844-46b1-9255-e21ac1408911,a85b408b-c99b-47cf-b7c2-065a5ef5980c,1625683092690,13.5174884,52.4550506,5.5952644,-0.72436,-0.4572215,0.4147966,in backpack,cyclo cross,False,mixed,mixed
c788515a-89a8-42a5-9546-82bc5a7be065,2f45454c-5844-46b1-9255-e21ac1408911,9413658e-8def-4627-a055-cb7463a646ac,1625683092740,13.5174884,52.4550506,5.5952644,0.11651659,0.6215663,0.4708724,in backpack,cyclo cross,False,mixed,mixed
c788515a-89a8-42a5-9546-82bc5a7be065,2f45454c-5844-46b1-9255-e21ac1408911,d90c80b2-103f-4a8b-93d4-e90dcb08690f,1625683092791,13.5174884,52.4550506,5.5952644,0.4225626,1.0470948,-0.2873485,in backpack,cyclo cross,False,mixed,mixed
c788515a-89a8-42a5-9546-82bc5a7be065,2f45454c-5844-46b1-9255-e21ac1408911,3be08daa-12c6-46f0-8607-0e4c68b98c2c,1625683092841,13.5174884,52.4550506,5.5952644,-0.3459158,-0.0809865,-1.3790746,in backpack,cyclo cross,False,mixed,mixed
c788515a-89a8-42a5-9546-82bc5a7be065,2f45454c-5844-46b1-9255-e21ac1408911,dc310d3d-c074-42aa-8e48-4154a0d0fa62,1625683092891,13.5174884,52.4550506,5.5952644,-0.38918877,-0.8115978,-0.27265096,in backpack,cyclo cross,False,mixed,mixed
c788515a-89a8-42a5-9546-82bc5a7be065,2f45454c-5844-46b1-9255-e21ac1408911,d845d4f4-c8d0-42be-af07-2e93e02e2761,1625683092941,13.5174884,52.4550506,5.5952644,-1.2683005,-1.3316326,0.86813116,in backpack,cyclo cross,False,mixed,mixed
c788515a-89a8-42a5-9546-82bc5a7be065,2f45454c-5844-46b1-9255-e21ac1408911,eafe2dac-afdd-4380-bdd1-b0eba43b9144,1625683092991,13.5174884,52.4550506,5.5952644,-0.009529114,0.73200226,0.96142507,in backpack,cyclo cross,False,mixed,mixed
c788515a-89a8-42a5-9546-82bc5a7be065,2f45454c-5844-46b1-9255-e21ac1408911,1624dd12-9332-42a4-a424-9553825287e9,1625683093042,13.5174884,52.4550506,5.5952644,0.35009432,1.7404556,0.6385708,in backpack,cyclo cross,False,mixed,mixed
c788515a-89a8-42a5-9546-82bc5a7be065,2f45454c-5844-46b1-9255-e21ac1408911,0c7f3168-0a56-4c4b-a465-2e645defbbba,1625683093092,13.5174884,52.4550506,5.5952644,0.5404854,1.395843,-0.7920008,in backpack,cyclo cross,False,mixed,mixed
c788515a-89a8-42a5-9546-82bc5a7be065,2f45454c-5844-46b1-9255-e21ac1408911,189cfab0-3759-42e6-bf10-15d00c00e121,1625683093142,13.5174884,52.4550506,5.5952644,-1.1091356,-1.0834131,-1.6799393,in backpack,cyclo cross,False,mixed,mixed
c788515a-89a8-42a5-9546-82bc5a7be065,2f45454c-5844-46b1-9255-e21ac1408911,ddc65db5-57e7-47be-a60f-fbe5e421eb40,1625683093192,13.5174884,52.4550506,5.5952644,-0.8589859,-1.4444437,-0.033150434,in backpack,cyclo cross,False,mixed,mixed
c788515a-89a8-42a5-9546-82bc5a7be065,2f45454c-5844-46b1-9255-e21ac1408911,b679b83e-c3ff-4c51-876e-d5c4a211cf32,1625683093242,13.5174884,52.4550506,5.5952644,-0.2582221,-0.07724762,0.99032927,in backpack,cyclo cross,False,mixed,mixed
c788515a-89a8-42a5-9546-82bc5a7be065,2f45454c-5844-46b1-9255-e21ac1408911,d15b7678-ef87-4e18-b3e0-4e64abe412a5,1625683093293,13.5174884,52.4550506,5.5952644,-0.6294379,0.5752888,1.6784153,in backpack,cyclo cross,False,mixed,mixed
c788515a-89a8-42a5-9546-82bc5a7be065,2f45454c-5844-46b1-9255-e21ac1408911,82bb7231-1fd7-4435-9b84-52a672ddd577,1625683093343,13.5174884,52.4550506,5.5952644,1.846981,3.0620813,0.49332666,in backpack,cyclo cross,False,mixed,mixed
c788515a-89a8-42a5-9546-82bc5a7be065,2f45454c-5844-46b1-9255-e21ac1408911,964d1d96-0260-46c0-9e08-5eac12f3620e,1625683093393,13.5174966,52.4551186,5.91573,-0.8861518,-0.48142815,-2.2149706,in backpack,cyclo cross,False,mixed,mixed
c788515a-89a8-42a5-9546-82bc5a7be065,2f45454c-5844-46b1-9255-e21ac1408911,5287a86d-765c-4685-b0aa-65999c99736f,1625683093444,13.5174966,52.4551186,5.91573,-0.34471512,-1.5082469,-0.8651824,in backpack,cyclo cross,False,mixed,mixed
c788515a-89a8-42a5-9546-82bc5a7be065,2f45454c-5844-46b1-9255-e21ac1408911,10ff6759-d976-469f-9652-b302356ca5e4,1625683093495,13.5174966,52.4551186,5.91573,-0.2106061,-0.92087126,0.7112286,in backpack,cyclo cross,False,mixed,mixed
c788515a-89a8-42a5-9546-82bc5a7be065,2f45454c-5844-46b1-9255-e21ac1408911,0111cfcc-c51d-4272-b1cc-2027566026ce,1625683093544,13.5174966,52.4551186,5.91573,-0.6803112,0.09518528,1.5633385,in backpack,cyclo cross,False,mixed,mixed
c788515a-89a8-42a5-9546-82bc5a7be065,2f45454c-5844-46b1-9255-e21ac1408911,1c359227-556e-48b8-91ca-659952e387b5,1625683093595,13.5174966,52.4551186,5.91573,0.3649969,2.0678558,1.295155,in backpack,cyclo cross,False,mixed,mixed
c788515a-89a8-42a5-9546-82bc5a7be065,2f45454c-5844-46b1-9255-e21ac1408911,8448bc4e-663e-4bf1-84b7-971020e9b26c,1625683093644,13.5174966,52.4551186,5.91573,0.28803968,1.5195203,-0.42327642,in backpack,cyclo cross,False,mixed,mixed
c788515a-89a8-42a5-9546-82bc5a7be065,2f45454c-5844-46b1-9255-e21ac1408911,13d5445c-5e98-4911-a973-23d9d0cf846f,1625683093695,13.5174966,52.4551186,5.91573,-1.157671,-1.17277,-1.5841403,in backpack,cyclo cross,False,mixed,mixed
c788515a-89a8-42a5-9546-82bc5a7be065,2f45454c-5844-46b1-9255-e21ac1408911,c8883649-e30e-40cd-89bc-f63204a13662,1625683093745,13.5174966,52.4551186,5.91573,-0.8192854,-1.8598526,-0.14211607,in backpack,cyclo cross,False,mixed,mixed
c788515a-89a8-42a5-9546-82bc5a7be065,2f45454c-5844-46b1-9255-e21ac1408911,6307bd1b-dc59-4c59-8989-346188d632da,1625683093794,13.5174966,52.4551186,5.91573,-0.02335167,-0.4564042,0.7732253,in backpack,cyclo cross,False,mixed,mixed
c788515a-89a8-42a5-9546-82bc5a7be065,2f45454c-5844-46b1-9255-e21ac1408911,e7461558-02d8-4fed-a392-bffe8de541c8,1625683093845,13.5174966,52.4551186,5.91573,1.5410013,2.7550297,0.9688549,in backpack,cyclo cross,False,mixed,mixed
c788515a-89a8-42a5-9546-82bc5a7be065,2f45454c-5844-46b1-9255-e21ac1408911,2a1e4355-52f4-4375-aea2-6b7c4c204f03,1625683093895,13.5174966,52.4551186,5.91573,-0.39016056,1.2641048,-0.31404543,in backpack,cyclo cross,False,mixed,mixed
c788515a-89a8-42a5-9546-82bc5a7be065,2f45454c-5844-46b1-9255-e21ac1408911,4293704a-cf9c-4eb5-ae81-3a29cfb1d26d,1625683093944,13.5174966,52.4551186,5.91573,-0.8715892,-0.887444,-0.9444885,in backpack,cyclo cross,False,mixed,mixed
c788515a-89a8-42a5-9546-82bc5a7be065,2f45454c-5844-46b1-9255-e21ac1408911,558ec280-5162-4fb2-be6c-60ad3e6d82f8,1625683093994,13.5174966,52.4551186,5.91573,0.63185406,-0.2429905,-0.031419516,in backpack,cyclo cross,False,mixed,mixed
c788515a-89a8-42a5-9546-82bc5a7be065,2f45454c-5844-46b1-9255-e21ac1408911,214a4296-f9b6-41fb-b775-10b8d22ddbfc,1625683094044,13.5174966,52.4551186,5.91573,-0.31183243,-0.024282455,-0.08052683,in backpack,cyclo cross,False,mixed,mixed
c788515a-89a8-42a5-9546-82bc5a7be065,2f45454c-5844-46b1-9255-e21ac1408911,16ffc99c-d891-4ae4-b08e-223f72557172,1625683094095,13.5174966,52.4551186,5.91573,-1.1408,-0.50904894,0.28017187,in backpack,cyclo cross,False,mixed,mixed
c788515a-89a8-42a5-9546-82bc5a7be065,2f45454c-5844-46b1-9255-e21ac1408911,0357f863-22d0-4af7-8837-82463ea3080a,1625683094146,13.5174966,52.4551186,5.91573,-0.40600395,0.07986355,0.6857538,in backpack,cyclo cross,False,mixed,mixed
c788515a-89a8-42a5-9546-82bc5a7be065,2f45454c-5844-46b1-9255-e21ac1408911,bee1525a-5d87-48c0-bd0d-49170e453f75,1625683094196,13.5174966,52.4551186,5.91573,0.5976119,1.258697,0.6172519,in backpack,cyclo cross,False,mixed,mixed
c788515a-89a8-42a5-9546-82bc5a7be065,2f45454c-5844-46b1-9255-e21ac1408911,0285b231-e47d-4e83-a0d4-82cd4d71008b,1625683094246,13.5174966,52.4551186,5.91573,-0.053989887,0.5353875,-0.8820734,in backpack,cyclo cross,False,mixed,mixed
c788515a-89a8-42a5-9546-82bc5a7be065,2f45454c-5844-46b1-9255-e21ac1408911,32c1d1d0-f98f-4362-b0ee-f2529a2fd72b,1625683094297,13.5174966,52.4551186,5.91573,-0.50373507,-1.040339,-0.5123627,in backpack,cyclo cross,False,mixed,mixed
c788515a-89a8-42a5-9546-82bc5a7be065,2f45454c-5844-46b1-9255-e21ac1408911,1c070f0c-3b82-4440-9435-b69141ce7b93,1625683094348,13.5174966,52.4551186,5.91573,0.02643919,-0.5057707,0.16673064,in backpack,cyclo cross,False,mixed,mixed
c788515a-89a8-42a5-9546-82bc5a7be065,2f45454c-5844-46b1-9255-e21ac1408911,e0daca2f-dd0c-4c8f-b38d-c97718b05a9c,1625683094398,13.51748,52.4551851,6.1507645,0.087524414,0.71849823,0.6014724,in backpack,cyclo cross,False,mixed,mixed
c788515a-89a8-42a5-9546-82bc5a7be065,2f45454c-5844-46b1-9255-e21ac1408911,7bf79cc7-29dd-4187-83f2-44652a72a94f,1625683094447,13.51748,52.4551851,6.1507645,-0.037499428,1.4270315,0.18553948,in backpack,cyclo cross,False,mixed,mixed
c788515a-89a8-42a5-9546-82bc5a7be065,2f45454c-5844-46b1-9255-e21ac1408911,090ca0e3-5d22-4eb7-bbee-63449b7881af,1625683094496,13.51748,52.4551851,6.1507645,-0.85369825,-0.4455576,-0.28591466,in backpack,cyclo cross,False,mixed,mixed
c788515a-89a8-42a5-9546-82bc5a7be065,2f45454c-5844-46b1-9255-e21ac1408911,dc79acd7-33a6-4f43-bd34-79368d45c438,1625683094546,13.51748,52.4551851,6.1507645,0.6789274,0.557776,0.21853137,in backpack,cyclo cross,False,mixed,mixed
c788515a-89a8-42a5-9546-82bc5a7be065,2f45454c-5844-46b1-9255-e21ac1408911,9e78efa9-c285-4284-a626-2ecf94c4c726,1625683094596,13.51748,52.4551851,6.1507645,0.40537405,0.569211,-0.13302922,in backpack,cyclo cross,False,mixed,mixed
c788515a-89a8-42a5-9546-82bc5a7be065,2f45454c-5844-46b1-9255-e21ac1408911,4cad16b0-2add-4a19-ac65-d35d97b8e34e,1625683094647,13.51748,52.4551851,6.1507645,-0.80742216,-0.5843649,-0.17064404,in backpack,cyclo cross,False,mixed,mixed
c788515a-89a8-42a5-9546-82bc5a7be065,2f45454c-5844-46b1-9255-e21ac1408911,0319e6fa-64e0-456a-9a79-a11c7d61e6a9,1625683094696,13.51748,52.4551851,6.1507645,0.19816923,0.8513303,0.29761052,in backpack,cyclo cross,False,mixed,mixed
c788515a-89a8-42a5-9546-82bc5a7be065,2f45454c-5844-46b1-9255-e21ac1408911,f5ceb512-66ba-4d3d-b296-cdc6ce897167,1625683094746,13.51748,52.4551851,6.1507645,-0.041376114,0.6042733,0.17660165,in backpack,cyclo cross,False,mixed,mixed
c788515a-89a8-42a5-9546-82bc5a7be065,2f45454c-5844-46b1-9255-e21ac1408911,3cd97e42-8d0c-4284-b9b1-17f4843a9941,1625683094796,13.51748,52.4551851,6.1507645,-0.78925943,-0.57153654,0.28592944,in backpack,cyclo cross,False,mixed,mixed
c788515a-89a8-42a5-9546-82bc5a7be065,8dd67284-b937-4106-afc6-eec75579da4d,5fec5353-2d5b-40a1-90c5-f74ff5546a9d,1625683094682,13.51748,52.4551851,6.1507645,-0.06483984,0.34916735,0.0068416595,in backpack,cyclo cross,False,mixed,mixed
c788515a-89a8-42a5-9546-82bc5a7be065,8dd67284-b937-4106-afc6-eec75579da4d,4cb244d3-d7f2-4166-b145-c8d2d424d5b2,1625683094733,13.51748,52.4551851,6.1507645,0.2388587,0.839911,0.21893573,in backpack,cyclo cross,False,mixed,mixed
c788515a-89a8-42a5-9546-82bc5a7be065,8dd67284-b937-4106-afc6-eec75579da4d,9768dcd8-b6ee-476c-a333-0a6ac6a20287,1625683094784,13.51748,52.4551851,6.1507645,-0.99548674,-0.5673852,0.11261225,in backpack,cyclo cross,False,mixed,mixed
c788515a-89a8-42a5-9546-82bc5a7be065,8dd67284-b937-4106-afc6-eec75579da4d,b968506e-9daf-45f3-bb24-098170211ed0,1625683094834,13.51748,52.4551851,6.1507645,0.5291786,0.19279814,0.34853148,in backpack,cyclo cross,False,mixed,mixed
c788515a-89a8-42a5-9546-82bc5a7be065,8dd67284-b937-4106-afc6-eec75579da4d,560ff77e-31f3-4171-81a8-67af098582c7,1625683094885,13.51748,52.4551851,6.1507645,0.57734966,0.7274728,0.2140994,in backpack,cyclo cross,False,mixed,mixed
c788515a-89a8-42a5-9546-82bc5a7be065,8dd67284-b937-4106-afc6-eec75579da4d,2f98615c-4f25-4c33-b4d1-9e7ff7cfdf71,1625683094934,13.51748,52.4551851,6.1507645,-0.5673928,-0.57942486,-0.5791774,in backpack,cyclo cross,False,mixed,mixed
c788515a-89a8-42a5-9546-82bc5a7be065,8dd67284-b937-4106-afc6-eec75579da4d,7eb0ea8e-fc55-465c-80e8-2dcbd93cc04f,1625683094984,13.51748,52.4551851,6.1507645,-0.07097149,-0.39660835,-0.32065392,in backpack,cyclo cross,False,mixed,mixed
c788515a-89a8-42a5-9546-82bc5a7be065,8dd67284-b937-4106-afc6-eec75579da4d,9b303d5e-28b1-44a5-a161-0b71509fe342,1625683095034,13.51748,52.4551851,6.1507645,-0.843184,-1.1086373,0.17643952,in backpack,cyclo cross,False,mixed,mixed
c788515a-89a8-42a5-9546-82bc5a7be065,8dd67284-b937-4106-afc6-eec75579da4d,56d58df3-3390-4915-82e5-44c2ffe71faf,1625683095084,13.51748,52.4551851,6.1507645,-0.6859875,-0.60787773,0.8382287,in backpack,cyclo cross,False,mixed,mixed
c788515a-89a8-42a5-9546-82bc5a7be065,8dd67284-b937-4106-afc6-eec75579da4d,a1aab2d0-5f10-410f-85d7-4e8e3a7e7461,1625683095134,13.51748,52.4551851,6.1507645,-0.54662085,-0.47910452,0.8194518,in backpack,cyclo cross,False,mixed,mixed
c788515a-89a8-42a5-9546-82bc5a7be065,8dd67284-b937-4106-afc6-eec75579da4d,77498611-7a1a-43e2-9b3f-df3c6ae28860,1625683095185,13.51748,52.4551851,6.1507645,1.9616184,1.8683143,0.65086484,in backpack,cyclo cross,False,mixed,mixed
c788515a-89a8-42a5-9546-82bc5a7be065,8dd67284-b937-4106-afc6-eec75579da4d,74765279-62f2-492c-b6c0-dd5e3b1cc3ee,1625683095235,13.51748,52.4551851,6.1507645,1.2153502,1.492054,-1.2875595,in backpack,cyclo cross,False,mixed,mixed
c788515a-89a8-42a5-9546-82bc5a7be065,8dd67284-b937-4106-afc6-eec75579da4d,54a1272c-3388-4f2f-9e67-9ed7a4f4cd78,1625683095284,13.51748,52.4551851,6.1507645,-0.74923706,-1.3263154,-1.9304833,in backpack,cyclo cross,False,mixed,mixed
c788515a-89a8-42a5-9546-82bc5a7be065,8dd67284-b937-4106-afc6-eec75579da4d,bc168b8f-0acd-4bdb-94ef-4edf64444915,1625683095335,13.51748,52.4551851,6.1507645,-0.36958933,-1.6414366,0.23068547,in backpack,cyclo cross,False,mixed,mixed
c788515a-89a8-42a5-9546-82bc5a7be065,8dd67284-b937-4106-afc6-eec75579da4d,ca343b99-b8ee-439e-bce8-f2933fc022ff,1625683095384,13.5174747,52.4552582,7.018415,-0.70725775,-1.0993495,1.3986464,in backpack,cyclo cross,False,mixed,mixed
c788515a-89a8-42a5-9546-82bc5a7be065,8dd67284-b937-4106-afc6-eec75579da4d,a773eb7f-ad0a-43ba-9d1b-04bfa5189080,1625683095435,13.5174747,52.4552582,7.018415,2.063612,3.164999,1.184773,in backpack,cyclo cross,False,mixed,mixed
c788515a-89a8-42a5-9546-82bc5a7be065,8dd67284-b937-4106-afc6-eec75579da4d,1d56f3d4-6d20-474c-a21a-7b50b7d023cc,1625683095485,13.5174747,52.4552582,7.018415,-0.25522995,0.729239,-0.7606013,in backpack,cyclo cross,False,mixed,mixed
c788515a-89a8-42a5-9546-82bc5a7be065,8dd67284-b937-4106-afc6-eec75579da4d,a2836120-bfd6-42a5-a5c2-3adcf0afbd16,1625683095535,13.5174747,52.4552582,7.018415,0.0581069,-1.3096671,-1.183845,in backpack,cyclo cross,False,mixed,mixed
c788515a-89a8-42a5-9546-82bc5a7be065,8dd67284-b937-4106-afc6-eec75579da4d,d14308ae-d392-49a3-9d2c-a9c4170a2aa3,1625683095586,13.5174747,52.4552582,7.018415,1.6684809,-0.28935528,-0.23834777,in backpack,cyclo cross,False,mixed,mixed
c788515a-89a8-42a5-9546-82bc5a7be065,8dd67284-b937-4106-afc6-eec75579da4d,869e4209-4416-4bd1-98da-7e51a0dace1c,1625683095636,13.5174747,52.4552582,7.018415,-0.08456612,-0.587482,-0.13066125,in backpack,cyclo cross,False,mixed,mixed
c788515a-89a8-42a5-9546-82bc5a7be065,8dd67284-b937-4106-afc6-eec75579da4d,861788ea-9365-4339-b20e-f6e917d37bca,1625683095688,13.5174747,52.4552582,7.018415,-0.38085794,-0.096711636,-0.13482547,in backpack,cyclo cross,False,mixed,mixed
c788515a-89a8-42a5-9546-82bc5a7be065,8dd67284-b937-4106-afc6-eec75579da4d,6a6b72ea-ff48-40fc-a7f9-eec0598aecc9,1625683095737,13.5174747,52.4552582,7.018415,-0.8771844,-0.39124298,0.41716695,in backpack,cyclo cross,False,mixed,mixed
c788515a-89a8-42a5-9546-82bc5a7be065,8dd67284-b937-4106-afc6-eec75579da4d,e12a2f45-5d33-486b-87c5-94ad2ca72a2e,1625683095788,13.5174747,52.4552582,7.018415,0.5543041,0.49502945,0.72167635,in backpack,cyclo cross,False,mixed,mixed
c788515a-89a8-42a5-9546-82bc5a7be065,8dd67284-b937-4106-afc6-eec75579da4d,3c54a529-ce28-47db-a661-1d61116ddae4,1625683095839,13.5174747,52.4552582,7.018415,0.2406354,-0.63890886,0.6561096,in backpack,cyclo cross,False,mixed,mixed
c788515a-89a8-42a5-9546-82bc5a7be065,8dd67284-b937-4106-afc6-eec75579da4d,e2006a85-d56b-45e4-b364-5e88df712827,1625683095889,13.5174747,52.4552582,7.018415,2.8217936,2.1241426,-0.8065953,in backpack,cyclo cross,False,mixed,mixed
c788515a-89a8-42a5-9546-82bc5a7be065,8dd67284-b937-4106-afc6-eec75579da4d,03817cfb-fb2d-4372-a390-518f687553f4,1625683095938,13.5174747,52.4552582,7.018415,0.053018093,-0.0705595,-1.8331947,in backpack,cyclo cross,False,mixed,mixed
c788515a-89a8-42a5-9546-82bc5a7be065,8dd67284-b937-4106-afc6-eec75579da4d,3c12c85c-b688-4e96-b790-ba15248f14f6,1625683095988,13.5174747,52.4552582,7.018415,-1.8738995,-2.5014691,-0.9212265,in backpack,cyclo cross,False,mixed,mixed
c788515a-89a8-42a5-9546-82bc5a7be065,8dd67284-b937-4106-afc6-eec75579da4d,22a72394-9e07-455c-8827-72a27167b9f6,1625683096039,13.5174747,52.4552582,7.018415,-1.1563363,-1.6273367,1.3782748,in backpack,cyclo cross,False,mixed,mixed
c788515a-89a8-42a5-9546-82bc5a7be065,8dd67284-b937-4106-afc6-eec75579da4d,119e6c5d-e373-4f13-b4f1-79500585702e,1625683096089,13.5174747,52.4552582,7.018415,-0.038848877,0.67290163,1.6029818,in backpack,cyclo cross,False,mixed,mixed
c788515a-89a8-42a5-9546-82bc5a7be065,8dd67284-b937-4106-afc6-eec75579da4d,3e652ed3-c328-4634-bb47-3fd6ed86070b,1625683096139,13.5174747,52.4552582,7.018415,4.777702,6.7096605,1.8451955,in backpack,cyclo cross,False,mixed,mixed
c788515a-89a8-42a5-9546-82bc5a7be065,8dd67284-b937-4106-afc6-eec75579da4d,8eaf1316-2a81-47d0-b33d-dcdb210c60e3,1625683096189,13.5174747,52.4552582,7.018415,-0.3852191,-0.21377516,-2.3126063,in backpack,cyclo cross,False,mixed,mixed
c788515a-89a8-42a5-9546-82bc5a7be065,8dd67284-b937-4106-afc6-eec75579da4d,9df51292-eb2f-41e7-ad8c-cb5ede326254,1625683096239,13.5174747,52.4552582,7.018415,-1.4320037,-3.3927364,-2.1831393,in backpack,cyclo cross,False,mixed,mixed
c788515a-89a8-42a5-9546-82bc5a7be065,8dd67284-b937-4106-afc6-eec75579da4d,9bd9d0e8-71b0-488c-9f4a-7d6012073433,1625683096289,13.5174747,52.4552582,7.018415,0.82229424,-1.3390393,0.6670544,in backpack,cyclo cross,False,mixed,mixed
c788515a-89a8-42a5-9546-82bc5a7be065,8dd67284-b937-4106-afc6-eec75579da4d,873362cf-8b6c-4d90-a1ef-244db3479b91,1625683096340,13.5174747,52.4552582,7.018415,0.90443325,1.1498542,1.8007817,in backpack,cyclo cross,False,mixed,mixed
c788515a-89a8-42a5-9546-82bc5a7be065,8dd67284-b937-4106-afc6-eec75579da4d,d0f077d5-ba05-4c17-b9f2-0468b1c798d1,1625683096390,13.5174797,52.4553105,4.654276,-0.83081436,0.3851576,0.4943292,in backpack,cyclo cross,False,mixed,mixed
c788515a-89a8-42a5-9546-82bc5a7be065,8dd67284-b937-4106-afc6-eec75579da4d,88346108-e58c-45eb-996e-92f39f0fb9d3,1625683096439,13.5174797,52.4553105,4.654276,-1.0490584,0.7840276,-0.57477427,in backpack,cyclo cross,False,mixed,mixed
c788515a-89a8-42a5-9546-82bc5a7be065,8dd67284-b937-4106-afc6-eec75579da4d,e16a91a5-222a-4859-be1f-094aa20505db,1625683096490,13.5174797,52.4553105,4.654276,0.7482405,0.23983812,-0.44023705,in backpack,cyclo cross,False,mixed,mixed
c788515a-89a8-42a5-9546-82bc5a7be065,8dd67284-b937-4106-afc6-eec75579da4d,91542846-36e2-481c-8d97-1506ea639669,1625683096542,13.5174797,52.4553105,4.654276,0.46397924,-1.0065889,-0.20986366,in backpack,cyclo cross,False,mixed,mixed
c788515a-89a8-42a5-9546-82bc5a7be065,8dd67284-b937-4106-afc6-eec75579da4d,812eae35-2dfe-4cfe-a43f-f421ad1b4ab3,1625683096593,13.5174797,52.4553105,4.654276,-0.75390863,-2.085227,0.66301465,in backpack,cyclo cross,False,mixed,mixed
c788515a-89a8-42a5-9546-82bc5a7be065,8dd67284-b937-4106-afc6-eec75579da4d,f6573634-394c-4e11-b521-d81f1f3760ee,1625683096643,13.5174797,52.4553105,4.654276,1.226026,0.59730816,0.9448638,in backpack,cyclo cross,False,mixed,mixed
c788515a-89a8-42a5-9546-82bc5a7be065,8dd67284-b937-4106-afc6-eec75579da4d,8a24127b-b53e-4560-942c-cb1dc31cd87c,1625683096693,13.5174797,52.4553105,4.654276,1.0357223,4.093997,-0.50846004,in backpack,cyclo cross,False,mixed,mixed
c788515a-89a8-42a5-9546-82bc5a7be065,8dd67284-b937-4106-afc6-eec75579da4d,34a7554e-1729-43d2-a8bf-0da58d1b02af,1625683096742,13.5174797,52.4553105,4.654276,-1.9575849,-0.22811937,-1.912065,in backpack,cyclo cross,False,mixed,mixed
c788515a-89a8-42a5-9546-82bc5a7be065,8dd67284-b937-4106-afc6-eec75579da4d,bfb83ccc-37e6-44fa-acdf-2f7ffa72a371,1625683096792,13.5174797,52.4553105,4.654276,-0.6413541,-1.686368,0.81597304,in backpack,cyclo cross,False,mixed,mixed
c788515a-89a8-42a5-9546-82bc5a7be065,8dd67284-b937-4106-afc6-eec75579da4d,bdcd5a1d-7cea-4bcb-91f0-b312acdc58f4,1625683096843,13.5174797,52.4553105,4.654276,0.60378265,-1.5503173,1.4288981,in backpack,cyclo cross,False,mixed,mixed
c788515a-89a8-42a5-9546-82bc5a7be065,8dd67284-b937-4106-afc6-eec75579da4d,f5fcf976-f149-42a2-a9c8-353d2e734bde,1625683096894,13.5174797,52.4553105,4.654276,2.4561005,2.7007513,0.26582646,in backpack,cyclo cross,False,mixed,mixed
c788515a-89a8-42a5-9546-82bc5a7be065,8dd67284-b937-4106-afc6-eec75579da4d,a77dc255-9d2b-4e37-85f6-f0640680138d,1625683096945,13.5174797,52.4553105,4.654276,-1.3879316,0.9947405,-4.47889,in backpack,cyclo cross,False,mixed,mixed
c788515a-89a8-42a5-9546-82bc5a7be065,8dd67284-b937-4106-afc6-eec75579da4d,c9c42176-3839-4289-979a-10a1f7614474,1625683096997,13.5174797,52.4553105,4.654276,-1.721597,-2.3028743,-0.30454016,in backpack,cyclo cross,False,mixed,mixed
c788515a-89a8-42a5-9546-82bc5a7be065,8dd67284-b937-4106-afc6-eec75579da4d,3b20c1bc-e5b8-4f65-898e-d725a0256d48,1625683097046,13.5174797,52.4553105,4.654276,-0.07939911,-1.124464,1.891005,in backpack,cyclo cross,False,mixed,mixed
c788515a-89a8-42a5-9546-82bc5a7be065,8dd67284-b937-4106-afc6-eec75579da4d,e7469fbf-dcd5-4d9f-ade2-ee98a3190fca,1625683097097,13.5174797,52.4553105,4.654276,1.9452686,2.6360817,1.2464888,in backpack,cyclo cross,False,mixed,mixed
c788515a-89a8-42a5-9546-82bc5a7be065,8dd67284-b937-4106-afc6-eec75579da4d,40cc2010-6f2f-4846-bc75-59127f4e4436,1625683097147,13.5174797,52.4553105,4.654276,-1.2728641,0.0049362183,-1.4127564,in backpack,cyclo cross,False,mixed,mixed
c788515a-89a8-42a5-9546-82bc5a7be065,8dd67284-b937-4106-afc6-eec75579da4d,975da0a4-4955-4a03-b6b0-5d090d2ee380,1625683097197,13.5174797,52.4553105,4.654276,-0.9874227,-1.7707894,-0.29350328,in backpack,cyclo cross,False,mixed,mixed
c788515a-89a8-42a5-9546-82bc5a7be065,8dd67284-b937-4106-afc6-eec75579da4d,2e3ea34c-842b-4a4e-b71e-cc1112734eb0,1625683097248,13.5174797,52.4553105,4.654276,1.5825963,-0.31079388,1.5376754,in backpack,cyclo cross,False,mixed,mixed
c788515a-89a8-42a5-9546-82bc5a7be065,8dd67284-b937-4106-afc6-eec75579da4d,2ab2276a-9263-4bdd-a08f-ae2e58dd3735,1625683097297,13.5174797,52.4553105,4.654276,1.9849215,0.9016862,0.5846906,in backpack,cyclo cross,False,mixed,mixed
c788515a-89a8-42a5-9546-82bc5a7be065,8dd67284-b937-4106-afc6-eec75579da4d,ad7db25e-1e65-4d0f-8e79-8be62dd7966c,1625683097348,13.5174797,52.4553105,4.654276,-0.010894775,0.90533066,-2.567595,in backpack,cyclo cross,False,mixed,mixed
c788515a-89a8-42a5-9546-82bc5a7be065,8dd67284-b937-4106-afc6-eec75579da4d,6c098df5-881f-4e2c-81a2-0cc02c795713,1625683097398,13.5175339,52.4553441,4.8536167,-0.78872323,-1.2177925,-1.345098,in backpack,cyclo cross,False,mixed,mixed
c788515a-89a8-42a5-9546-82bc5a7be065,8dd67284-b937-4106-afc6-eec75579da4d,4232f4eb-a225-4735-a214-59a3ccb93a54,1625683097449,13.5175339,52.4553441,4.8536167,-0.314466,-1.4879718,1.297873,in backpack,cyclo cross,False,mixed,mixed
c788515a-89a8-42a5-9546-82bc5a7be065,8dd67284-b937-4106-afc6-eec75579da4d,ac7a83cd-18e0-4b51-ad2c-54b58d41ea4b,1625683097499,13.5175339,52.4553441,4.8536167,0.7616091,0.20821571,1.8481746,in backpack,cyclo cross,False,mixed,mixed
c788515a-89a8-42a5-9546-82bc5a7be065,8dd67284-b937-4106-afc6-eec75579da4d,a4cdd9bd-194a-47c1-b7aa-2e9fcebf8497,1625683097550,13.5175339,52.4553441,4.8536167,0.7663183,1.2289772,0.40734434,in backpack,cyclo cross,False,mixed,mixed
c788515a-89a8-42a5-9546-82bc5a7be065,8dd67284-b937-4106-afc6-eec75579da4d,d2c94d84-7f65-4cc9-920d-668b01fd9432,1625683097599,13.5175339,52.4553441,4.8536167,-0.027965069,1.1281447,-2.2079058,in backpack,cyclo cross,False,mixed,mixed
c788515a-89a8-42a5-9546-82bc5a7be065,8dd67284-b937-4106-afc6-eec75579da4d,25e79366-7217-464b-b620-5e9e43b69587,1625683097649,13.5175339,52.4553441,4.8536167,0.37783575,-0.9684262,-1.486567,in backpack,cyclo cross,False,mixed,mixed
c788515a-89a8-42a5-9546-82bc5a7be065,8dd67284-b937-4106-afc6-eec75579da4d,2f4ba0fb-45fe-4ec6-b829-2f16095b2566,1625683097700,13.5175339,52.4553441,4.8536167,0.5668707,-0.6634164,-0.05123663,in backpack,cyclo cross,False,mixed,mixed
c788515a-89a8-42a5-9546-82bc5a7be065,8dd67284-b937-4106-afc6-eec75579da4d,468b2432-ff55-4748-9571-33f5e707bb54,1625683097750,13.5175339,52.4553441,4.8536167,-0.52775764,-1.3815527,0.21056366,in backpack,cyclo cross,False,mixed,mixed
c788515a-89a8-42a5-9546-82bc5a7be065,8dd67284-b937-4106-afc6-eec75579da4d,01aff68d-a461-45be-9601-a16f1b3087f1,1625683097801,13.5175339,52.4553441,4.8536167,-0.7027588,-1.1949482,0.14345121,in backpack,cyclo cross,False,mixed,mixed
c788515a-89a8-42a5-9546-82bc5a7be065,8dd67284-b937-4106-afc6-eec75579da4d,898ff508-872e-4897-bccc-f5c1790e16cd,1625683097850,13.5175339,52.4553441,4.8536167,-0.7228637,0.13892317,-0.4345994,in backpack,cyclo cross,False,mixed,mixed
c788515a-89a8-42a5-9546-82bc5a7be065,8dd67284-b937-4106-afc6-eec75579da4d,e128b28a-ba8c-4503-a04f-95f2fde75217,1625683097900,13.5175339,52.4553441,4.8536167,-1.54318,-0.03527546,-0.99473906,in backpack,cyclo cross,False,mixed,mixed
c788515a-89a8-42a5-9546-82bc5a7be065,8dd67284-b937-4106-afc6-eec75579da4d,acbc7dd3-7a2a-4c69-833c-e42b23cd93b4,1625683097951,13.5175339,52.4553441,4.8536167,-0.7931094,0.14816189,-0.31148434,in backpack,cyclo cross,False,mixed,mixed
c788515a-89a8-42a5-9546-82bc5a7be065,8dd67284-b937-4106-afc6-eec75579da4d,37aa10ca-7c94-48d0-a300-a49a4a58b35a,1625683098001,13.5175339,52.4553441,4.8536167,-0.27765274,-0.028927326,-0.14614868,in backpack,cyclo cross,False,mixed,mixed
c788515a-89a8-42a5-9546-82bc5a7be065,8dd67284-b937-4106-afc6-eec75579da4d,5810473f-6824-409f-892a-96133e31892d,1625683098051,13.5175339,52.4553441,4.8536167,-0.3657918,0.61882544,-0.4276538,in backpack,cyclo cross,False,mixed,mixed
c788515a-89a8-42a5-9546-82bc5a7be065,8dd67284-b937-4106-afc6-eec75579da4d,f366460b-9c1f-4210-a961-bc6c00f9c741,1625683098101,13.5175339,52.4553441,4.8536167,-0.30328512,1.377038,-0.71739626,in backpack,cyclo cross,False,mixed,mixed
c788515a-89a8-42a5-9546-82bc5a7be065,8dd67284-b937-4106-afc6-eec75579da4d,fad103e5-8456-4506-bad7-3496e9a07562,1625683098152,13.5175339,52.4553441,4.8536167,-1.5370224,0.54124594,-0.6177683,in backpack,cyclo cross,False,mixed,mixed
c788515a-89a8-42a5-9546-82bc5a7be065,8dd67284-b937-4106-afc6-eec75579da4d,e7b6901a-ada3-4e93-a7ef-16301cad9948,1625683098203,13.5175339,52.4553441,4.8536167,-1.1642306,0.3479905,0.39223528,in backpack,cyclo cross,False,mixed,mixed
c788515a-89a8-42a5-9546-82bc5a7be065,8dd67284-b937-4106-afc6-eec75579da4d,d2a23f94-f363-4e30-8ff3-bafb38f89fc5,1625683098253,13.5175339,52.4553441,4.8536167,-1.1034608,0.4199009,0.45948362,in backpack,cyclo cross,False,mixed,mixed
c788515a-89a8-42a5-9546-82bc5a7be065,8dd67284-b937-4106-afc6-eec75579da4d,e1b7f7cd-65ee-492f-b161-813863884ba1,1625683098302,13.5175339,52.4553441,4.8536167,-1.2844813,-0.09887171,0.14318752,in backpack,cyclo cross,False,mixed,mixed
c788515a-89a8-42a5-9546-82bc5a7be065,8dd67284-b937-4106-afc6-eec75579da4d,9f0e9b08-19c7-44e2-a7e2-ed6f830c56aa,1625683098352,13.5175339,52.4553441,4.8536167,-0.73090076,0.36625624,0.20127678,in backpack,cyclo cross,False,mixed,mixed
c788515a-89a8-42a5-9546-82bc5a7be065,8dd67284-b937-4106-afc6-eec75579da4d,541961b5-6041-4cbc-b298-e84214911d88,1625683098402,13.5175564,52.4553822,4.2110476,-0.21863031,1.0544643,-0.3529811,in backpack,cyclo cross,False,mixed,mixed
c788515a-89a8-42a5-9546-82bc5a7be065,8dd67284-b937-4106-afc6-eec75579da4d,fc1af4fc-e9a5-4b5b-bdb0-1c84b11e2577,1625683098452,13.5175564,52.4553822,4.2110476,-0.63467574,0.65775347,-0.820148,in backpack,cyclo cross,False,mixed,mixed
c788515a-89a8-42a5-9546-82bc5a7be065,8dd67284-b937-4106-afc6-eec75579da4d,85b2a227-263b-4ba9-9153-f7ccf418fb4a,1625683098502,13.5175564,52.4553822,4.2110476,-0.45786476,0.13510895,-0.0045847893,in backpack,cyclo cross,False,mixed,mixed
c788515a-89a8-42a5-9546-82bc5a7be065,8dd67284-b937-4106-afc6-eec75579da4d,7b931ab6-866f-4fa0-a610-44d90f4fc93c,1625683098553,13.5175564,52.4553822,4.2110476,-0.099199295,0.50780296,-0.088094234,in backpack,cyclo cross,False,mixed,mixed
c788515a-89a8-42a5-9546-82bc5a7be065,8dd67284-b937-4106-afc6-eec75579da4d,1574ecc8-d5a5-4f80-9e53-b20020ecdb59,1625683098602,13.5175564,52.4553822,4.2110476,-1.0209439,-0.48548365,-0.2915702,in backpack,cyclo cross,False,mixed,mixed
c788515a-89a8-42a5-9546-82bc5a7be065,8dd67284-b937-4106-afc6-eec75579da4d,1d744067-ae59-4a93-8d9b-a4ba64f2b7b4,1625683098652,13.5175564,52.4553822,4.2110476,-0.6899922,0.21916151,0.08976412,in backpack,cyclo cross,False,mixed,mixed
c788515a-89a8-42a5-9546-82bc5a7be065,8dd67284-b937-4106-afc6-eec75579da4d,1cdeced4-dfee-4e84-8aa2-435b9fbf0098,1625683098703,13.5175564,52.4553822,4.2110476,-0.34598303,0.37482214,-0.062358856,in backpack,cyclo cross,False,mixed,mixed
c788515a-89a8-42a5-9546-82bc5a7be065,8dd67284-b937-4106-afc6-eec75579da4d,ebf89159-1c7a-4cbc-b9c1-26f1ec99e7ba,1625683098754,13.5175564,52.4553822,4.2110476,-0.5575559,-0.21993065,-0.19624233,in backpack,cyclo cross,False,mixed,mixed
c788515a-89a8-42a5-9546-82bc5a7be065,8dd67284-b937-4106-afc6-eec75579da4d,8ef2dd69-855b-4459-a03e-cfd1652f4e29,1625683098805,13.5175564,52.4553822,4.2110476,0.15587091,0.095529556,-0.020515919,in backpack,cyclo cross,False,mixed,mixed
c788515a-89a8-42a5-9546-82bc5a7be065,8dd67284-b937-4106-afc6-eec75579da4d,9cce4616-cceb-4508-a6c5-6b27e202128d,1625683098854,13.5175564,52.4553822,4.2110476,0.14194965,0.04359007,-0.24403524,in backpack,cyclo cross,False,mixed,mixed
c788515a-89a8-42a5-9546-82bc5a7be065,8dd67284-b937-4106-afc6-eec75579da4d,207f3501-3edb-4ae6-82ab-4548baea4dba,1625683098904,13.5175564,52.4553822,4.2110476,-0.110533714,-0.19984293,-0.5739603,in backpack,cyclo cross,False,mixed,mixed
c788515a-89a8-42a5-9546-82bc5a7be065,8dd67284-b937-4106-afc6-eec75579da4d,d3765c15-34b1-44ef-ac3a-cebfb977c609,1625683098955,13.5175564,52.4553822,4.2110476,0.029788494,-0.15988302,-0.589026,in backpack,cyclo cross,False,mixed,mixed
c788515a-89a8-42a5-9546-82bc5a7be065,8dd67284-b937-4106-afc6-eec75579da4d,fc7693c7-5ca3-4399-babe-815be52faef1,1625683099006,13.5175564,52.4553822,4.2110476,-0.34527493,-0.33937216,-0.30835056,in backpack,cyclo cross,False,mixed,mixed
c788515a-89a8-42a5-9546-82bc5a7be065,8dd67284-b937-4106-afc6-eec75579da4d,4eee4173-c383-43fe-b4ff-2dc277f6ed54,1625683099055,13.5175564,52.4553822,4.2110476,-0.33694386,-0.44230032,0.1411972,in backpack,cyclo cross,False,mixed,mixed
c788515a-89a8-42a5-9546-82bc5a7be065,8dd67284-b937-4106-afc6-eec75579da4d,5d24169d-8f9c-4a62-a507-11ba401566c8,1625683099105,13.5175491,52.4554013,2.4575357,-0.36767364,-0.5907769,0.44788027,in backpack,cyclo cross,False,mixed,mixed
c788515a-89a8-42a5-9546-82bc5a7be065,8dd67284-b937-4106-afc6-eec75579da4d,218b8e15-55a8-44f1-b67d-e1093c16992a,1625683099156,13.5175491,52.4554013,2.4575357,0.020388126,0.12594032,-0.014308929,in backpack,cyclo cross,False,mixed,mixed
c788515a-89a8-42a5-9546-82bc5a7be065,8dd67284-b937-4106-afc6-eec75579da4d,d1ac9a30-a83f-4a3e-a1e8-368169fd5efd,1625683099206,13.5175491,52.4554013,2.4575357,-0.46710372,-0.47896194,-0.32186794,in backpack,cyclo cross,False,mixed,mixed
c788515a-89a8-42a5-9546-82bc5a7be065,8dd67284-b937-4106-afc6-eec75579da4d,2ca759d2-e0ab-4d65-8a82-5be71386983b,1625683099256,13.5175491,52.4554013,2.4575357,0.3288889,0.422266,-0.37767267,in backpack,cyclo cross,False,mixed,mixed
c788515a-89a8-42a5-9546-82bc5a7be065,8dd67284-b937-4106-afc6-eec75579da4d,15b8e867-f1fb-4767-bedb-98c3f3bebbbb,1625683099306,13.5175491,52.4554013,2.4575357,0.25095987,0.873363,-0.84389114,in backpack,cyclo cross,False,mixed,mixed
c788515a-89a8-42a5-9546-82bc5a7be065,8dd67284-b937-4106-afc6-eec75579da4d,7c704fac-289f-4de1-8013-3f57cb6c38c7,1625683099357,13.5175491,52.4554013,2.4575357,-0.5053854,-0.54249,-0.37636232,in backpack,cyclo cross,False,mixed,mixed
c788515a-89a8-42a5-9546-82bc5a7be065,8dd67284-b937-4106-afc6-eec75579da4d,7ba2739e-ffb1-4845-a65b-94fa9d68cce1,1625683099408,13.5175491,52.4554013,2.4575357,-0.36257195,-0.6895609,0.38339424,in backpack,cyclo cross,False,mixed,mixed
c788515a-89a8-42a5-9546-82bc5a7be065,8dd67284-b937-4106-afc6-eec75579da4d,5200abb2-08e5-451d-aaa7-8f9133bb25d0,1625683099459,13.5175491,52.4554013,2.4575357,-0.42392087,-0.16460276,0.12175894,in backpack,cyclo cross,False,mixed,mixed
c788515a-89a8-42a5-9546-82bc5a7be065,8dd67284-b937-4106-afc6-eec75579da4d,2d20bb6d-025d-482c-adc5-7b55d5b7d398,1625683099509,13.5175491,52.4554013,2.4575357,-0.6210394,-0.107368946,-0.04890442,in backpack,cyclo cross,False,mixed,mixed
c788515a-89a8-42a5-9546-82bc5a7be065,8dd67284-b937-4106-afc6-eec75579da4d,a9ecc77e-0ac2-482c-9157-8e73e20562f7,1625683099559,13.5175491,52.4554013,2.4575357,-0.3432126,0.4256854,-0.16524696,in backpack,cyclo cross,False,mixed,mixed
c788515a-89a8-42a5-9546-82bc5a7be065,8dd67284-b937-4106-afc6-eec75579da4d,90956c14-591c-4489-bb46-a1691b97aa86,1625683099609,13.5175491,52.4554013,2.4575357,-0.089895725,0.37177038,-0.45384264,in backpack,cyclo cross,False,mixed,mixed
c788515a-89a8-42a5-9546-82bc5a7be065,8dd67284-b937-4106-afc6-eec75579da4d,757db505-0f88-4203-8c97-288340857901,1625683099659,13.5175491,52.4554013,2.4575357,-0.13545465,-0.005236149,-0.42829227,in backpack,cyclo cross,False,mixed,mixed
c788515a-89a8-42a5-9546-82bc5a7be065,8dd67284-b937-4106-afc6-eec75579da4d,8f41daf9-dfb1-4fd8-a305-e9d1af42a4e9,1625683099710,13.5175491,52.4554013,2.4575357,-0.051860332,-0.0728693,-0.022613049,in backpack,cyclo cross,False,mixed,mixed
c788515a-89a8-42a5-9546-82bc5a7be065,8dd67284-b937-4106-afc6-eec75579da4d,3d287574-5e7f-4d12-8579-eef4cce09639,1625683099760,13.5175491,52.4554013,2.4575357,-0.25196314,-0.097579,-0.2699175,in backpack,cyclo cross,False,mixed,mixed
c788515a-89a8-42a5-9546-82bc5a7be065,8dd67284-b937-4106-afc6-eec75579da4d,1965b55a-afca-4dec-86ab-7c3044cd3374,1625683099810,13.5175491,52.4554013,2.4575357,-0.6197686,-0.44715166,-0.23843908,in backpack,cyclo cross,False,mixed,mixed
c788515a-89a8-42a5-9546-82bc5a7be065,8dd67284-b937-4106-afc6-eec75579da4d,20a73096-e5cc-4e21-b8ae-22a316a6ab61,1625683099861,13.5175491,52.4554013,2.4575357,-0.2008791,-0.008920193,0.32899666,in backpack,cyclo cross,False,mixed,mixed
c788515a-89a8-42a5-9546-82bc5a7be065,8dd67284-b937-4106-afc6-eec75579da4d,3bca76e3-c13f-4f8b-95b8-acbcd1e8906d,1625683099911,13.5175491,52.4554013,2.4575357,-0.015770912,0.18147945,0.0033082962,in backpack,cyclo cross,False,mixed,mixed
c788515a-89a8-42a5-9546-82bc5a7be065,8dd67284-b937-4106-afc6-eec75579da4d,1ea0bbd7-c173-45f6-917f-cfb138d06b3e,1625683099960,13.5175491,52.4554013,2.4575357,-0.20956707,-0.20803642,-0.4016919,in backpack,cyclo cross,False,mixed,mixed
c788515a-89a8-42a5-9546-82bc5a7be065,8dd67284-b937-4106-afc6-eec75579da4d,9305592c-9b7c-498d-975e-e59ccf3e7ac6,1625683100012,13.5175491,52.4554013,2.4575357,0.47033072,0.59318686,-1.0017195,in backpack,cyclo cross,False,mixed,mixed
c788515a-89a8-42a5-9546-82bc5a7be065,8dd67284-b937-4106-afc6-eec75579da4d,33503e7c-c32e-477a-bedd-d6aaa38fc957,1625683100062,13.5175491,52.4554013,2.4575357,-0.0638957,0.2745576,-0.901587,in backpack,cyclo cross,False,mixed,mixed
c788515a-89a8-42a5-9546-82bc5a7be065,8dd67284-b937-4106-afc6-eec75579da4d,82360b09-aed7-4e96-976c-157f0f549e7a,1625683100113,13.5175491,52.4554013,2.4575357,-0.29626894,-0.108006,0.083004,in backpack,cyclo cross,False,mixed,mixed
c788515a-89a8-42a5-9546-82bc5a7be065,8dd67284-b937-4106-afc6-eec75579da4d,a47243e5-e9f2-4e6e-a1b4-fd7d734b82db,1625683100162,13.5175491,52.4554013,2.4575357,-0.5204792,-0.17281294,0.07612419,in backpack,cyclo cross,False,mixed,mixed
c788515a-89a8-42a5-9546-82bc5a7be065,8dd67284-b937-4106-afc6-eec75579da4d,8e35d075-e5d6-4c1b-8aed-27a3fb47e3e9,1625683100213,13.5175491,52.4554013,2.4575357,-0.6229181,0.3481884,-0.3890934,in backpack,cyclo cross,False,mixed,mixed
c788515a-89a8-42a5-9546-82bc5a7be065,8dd67284-b937-4106-afc6-eec75579da4d,ef6e38a5-e6ff-4275-9545-7582290f067e,1625683100262,13.5175491,52.4554013,2.4575357,-0.55371904,0.6551118,-0.4055934,in backpack,cyclo cross,False,mixed,mixed
c788515a-89a8-42a5-9546-82bc5a7be065,8dd67284-b937-4106-afc6-eec75579da4d,59669417-7fb1-417f-962e-9d4aa73df4f4,1625683100313,13.5175491,52.4554013,2.4575357,-0.79706883,-0.009925842,0.11126423,in backpack,cyclo cross,False,mixed,mixed
c788515a-89a8-42a5-9546-82bc5a7be065,8dd67284-b937-4106-afc6-eec75579da4d,c002e2d2-cbe6-4a82-9df2-56fa952ac955,1625683100364,13.5175491,52.4554013,2.4575357,-0.1988461,0.12871361,0.4044323,in backpack,cyclo cross,False,mixed,mixed
c788515a-89a8-42a5-9546-82bc5a7be065,8dd67284-b937-4106-afc6-eec75579da4d,be5293a3-d665-44bf-af33-94a83997ca52,1625683100413,13.5175491,52.4554013,2.4575357,-0.13349128,0.74953127,0.13634634,in backpack,cyclo cross,False,mixed,mixed
c788515a-89a8-42a5-9546-82bc5a7be065,8dd67284-b937-4106-afc6-eec75579da4d,901633db-627f-4788-81f8-d73c0188cce4,1625683100463,13.5175063,52.4554047,2.8583963,-0.8012042,0.18920803,-0.21067953,in backpack,cyclo cross,False,mixed,mixed
c788515a-89a8-42a5-9546-82bc5a7be065,8dd67284-b937-4106-afc6-eec75579da4d,fdbb7480-5bfe-4bcb-894f-96f91f457f3a,1625683100513,13.5175063,52.4554047,2.8583963,-1.003854,0.12843847,-0.11742115,in backpack,cyclo cross,False,mixed,mixed
c788515a-89a8-42a5-9546-82bc5a7be065,8dd67284-b937-4106-afc6-eec75579da4d,c45e57f1-65ad-4eb6-bb55-dfea93be3073,1625683100563,13.5175063,52.4554047,2.8583963,-0.7522261,0.2916932,0.07136202,in backpack,cyclo cross,False,mixed,mixed
c788515a-89a8-42a5-9546-82bc5a7be065,8dd67284-b937-4106-afc6-eec75579da4d,7155fe36-bfff-4083-8dd3-c6e5af014b2a,1625683100613,13.5175063,52.4554047,2.8583963,-0.77946186,-0.002389431,0.12206507,in backpack,cyclo cross,False,mixed,mixed
c788515a-89a8-42a5-9546-82bc5a7be065,8dd67284-b937-4106-afc6-eec75579da4d,adfda10b-830b-4374-9253-3419ba13e9c4,1625683100664,13.5175063,52.4554047,2.8583963,0.19376755,0.32616234,0.10391188,in backpack,cyclo cross,False,mixed,mixed
c788515a-89a8-42a5-9546-82bc5a7be065,8dd67284-b937-4106-afc6-eec75579da4d,dded92f7-1b6b-403d-861e-704403ab2aa4,1625683100715,13.5175063,52.4554047,2.8583963,0.11442995,0.5540457,-0.6626415,in backpack,cyclo cross,False,mixed,mixed
c788515a-89a8-42a5-9546-82bc5a7be065,8dd67284-b937-4106-afc6-eec75579da4d,e1d9e902-ea97-4de9-8996-b5fc5fd7e812,1625683100765,13.5175063,52.4554047,2.8583963,-0.5549855,-0.48830938,-0.42201996,in backpack,cyclo cross,False,mixed,mixed
c788515a-89a8-42a5-9546-82bc5a7be065,8dd67284-b937-4106-afc6-eec75579da4d,a12581f3-3ece-4b73-8fc2-8e105eaace90,1625683100817,13.5175063,52.4554047,2.8583963,0.0534482,-0.44703722,0.41992092,in backpack,cyclo cross,False,mixed,mixed
c788515a-89a8-42a5-9546-82bc5a7be065,8dd67284-b937-4106-afc6-eec75579da4d,a425b050-6b57-478d-89de-4f8897b622a5,1625683100867,13.5175063,52.4554047,2.8583963,0.12622118,-0.16020632,0.35437918,in backpack,cyclo cross,False,mixed,mixed
c788515a-89a8-42a5-9546-82bc5a7be065,8dd67284-b937-4106-afc6-eec75579da4d,4245a732-42d4-498e-883e-15782d632217,1625683100918,13.5175063,52.4554047,2.8583963,-0.3937533,0.36620045,-0.1439538,in backpack,cyclo cross,False,mixed,mixed
c788515a-89a8-42a5-9546-82bc5a7be065,8dd67284-b937-4106-afc6-eec75579da4d,f985c288-9a87-44d1-8197-0be6f612396e,1625683100969,13.5175063,52.4554047,2.8583963,-0.08570433,0.48539114,0.25596046,in backpack,cyclo cross,False,mixed,mixed
c788515a-89a8-42a5-9546-82bc5a7be065,8dd67284-b937-4106-afc6-eec75579da4d,c7dba137-067f-4c0d-9a66-b078f14c779e,1625683101019,13.5175063,52.4554047,2.8583963,0.21884394,0.49712753,0.5593295,in backpack,cyclo cross,False,mixed,mixed
c788515a-89a8-42a5-9546-82bc5a7be065,8dd67284-b937-4106-afc6-eec75579da4d,6c168932-3faf-44be-a4bc-f94bc0db2b58,1625683101070,13.5175063,52.4554047,2.8583963,0.15713215,0.49622917,-0.21317244,in backpack,cyclo cross,False,mixed,mixed
c788515a-89a8-42a5-9546-82bc5a7be065,8dd67284-b937-4106-afc6-eec75579da4d,30c5bee2-7690-4a92-8738-6992aba3d412,1625683101120,13.5175063,52.4554047,2.8583963,-1.0028198,-0.4380231,-1.4053307,in backpack,cyclo cross,False,mixed,mixed
c788515a-89a8-42a5-9546-82bc5a7be065,8dd67284-b937-4106-afc6-eec75579da4d,d1de2b7e-3b51-4032-9d71-e96a4fa374d0,1625683101170,13.5175063,52.4554047,2.8583963,-0.33982444,-0.7631316,-0.4960456,in backpack,cyclo cross,False,mixed,mixed
c788515a-89a8-42a5-9546-82bc5a7be065,8dd67284-b937-4106-afc6-eec75579da4d,dc9f0a09-a76d-4c38-bf3a-89281ba78b04,1625683101221,13.5175063,52.4554047,2.8583963,0.23190689,-0.3760028,0.20608997,in backpack,cyclo cross,False,mixed,mixed
c788515a-89a8-42a5-9546-82bc5a7be065,8dd67284-b937-4106-afc6-eec75579da4d,955cd674-fa52-47c5-9abf-97e842161454,1625683101272,13.5175063,52.4554047,2.8583963,0.28142405,-0.26479292,0.007531166,in backpack,cyclo cross,False,mixed,mixed
c788515a-89a8-42a5-9546-82bc5a7be065,8dd67284-b937-4106-afc6-eec75579da4d,6e2d60fd-25ea-4833-bb96-21046c3e7bff,1625683101321,13.5175063,52.4554047,2.8583963,-0.137187,-0.32108736,-0.4266467,in backpack,cyclo cross,False,mixed,mixed
c788515a-89a8-42a5-9546-82bc5a7be065,8dd67284-b937-4106-afc6-eec75579da4d,903ecd62-01b3-49e1-a031-02b878b4160d,1625683101372,13.5175063,52.4554047,2.8583963,0.2757578,-0.42595053,-0.44730043,in backpack,cyclo cross,False,mixed,mixed
c788515a-89a8-42a5-9546-82bc5a7be065,8dd67284-b937-4106-afc6-eec75579da4d,dfb5a3f5-d470-402c-be35-4663f20b1515,1625683101421,13.5175143,52.4554247,0.86572844,0.42211866,-0.47711658,-0.4394412,in backpack,cyclo cross,False,mixed,mixed
c788515a-89a8-42a5-9546-82bc5a7be065,8dd67284-b937-4106-afc6-eec75579da4d,080bbd45-ac3b-42d7-a70d-b960d6328fd0,1625683101472,13.5175143,52.4554247,0.86572844,0.19499445,-0.13746738,0.013340473,in backpack,cyclo cross,False,mixed,mixed
c788515a-89a8-42a5-9546-82bc5a7be065,8dd67284-b937-4106-afc6-eec75579da4d,7aa877d5-4601-467a-af06-5137306bd678,1625683101521,13.5175143,52.4554247,0.86572844,0.11784887,-0.20417547,0.19945574,in backpack,cyclo cross,False,mixed,mixed
c788515a-89a8-42a5-9546-82bc5a7be065,8dd67284-b937-4106-afc6-eec75579da4d,fbcbf89b-d74c-498f-b238-18fa470feb93,1625683101571,13.5175143,52.4554247,0.86572844,0.37030172,-0.14328623,0.56077385,in backpack,cyclo cross,False,mixed,mixed
c788515a-89a8-42a5-9546-82bc5a7be065,8dd67284-b937-4106-afc6-eec75579da4d,ae6e6e58-4f8c-4222-a4f0-f1d6c253d50c,1625683101622,13.5175143,52.4554247,0.86572844,0.41282654,0.15571547,0.18320417,in backpack,cyclo cross,False,mixed,mixed
c788515a-89a8-42a5-9546-82bc5a7be065,8dd67284-b937-4106-afc6-eec75579da4d,f3d7ba59-b525-41f9-9def-9156c47f3fcd,1625683101672,13.5175143,52.4554247,0.86572844,0.38018513,-0.06292391,-0.4076953,in backpack,cyclo cross,False,mixed,mixed
c788515a-89a8-42a5-9546-82bc5a7be065,8dd67284-b937-4106-afc6-eec75579da4d,c8dd3955-1115-4bd1-8948-e8d08d0a8a75,1625683101722,13.5175143,52.4554247,0.86572844,-0.028388023,-0.33783436,-0.82730913,in backpack,cyclo cross,False,mixed,mixed
c788515a-89a8-42a5-9546-82bc5a7be065,8dd67284-b937-4106-afc6-eec75579da4d,27111d1f-c2d5-46ce-ba2b-9cca56835e19,1625683101772,13.5175143,52.4554247,0.86572844,-0.2883494,-0.8835921,-0.7785845,in backpack,cyclo cross,False,mixed,mixed
c788515a-89a8-42a5-9546-82bc5a7be065,8dd67284-b937-4106-afc6-eec75579da4d,51fed17c-9507-4421-9a8e-bac4ac1ce0c5,1625683101823,13.5175143,52.4554247,0.86572844,-0.21419501,-0.60603094,-0.3145728,in backpack,cyclo cross,False,mixed,mixed
c788515a-89a8-42a5-9546-82bc5a7be065,8dd67284-b937-4106-afc6-eec75579da4d,72df7016-4a53-4b84-bc62-d155fdcb9e15,1625683101873,13.5175143,52.4554247,0.86572844,-0.2977271,-0.4403944,-0.089987755,in backpack,cyclo cross,False,mixed,mixed
c788515a-89a8-42a5-9546-82bc5a7be065,8dd67284-b937-4106-afc6-eec75579da4d,5e3beff5-6c08-43c0-af0f-9e45fb8815e6,1625683101923,13.5175143,52.4554247,0.86572844,-0.19104695,-0.24994993,-0.22715664,in backpack,cyclo cross,False,mixed,mixed
c788515a-89a8-42a5-9546-82bc5a7be065,8dd67284-b937-4106-afc6-eec75579da4d,c86fa086-c668-4634-b38e-242ca6cdd0f6,1625683101973,13.5175143,52.4554247,0.86572844,-0.032347918,-0.39603138,-0.82335377,in backpack,cyclo cross,False,mixed,mixed
c788515a-89a8-42a5-9546-82bc5a7be065,8dd67284-b937-4106-afc6-eec75579da4d,29e7ed11-ccd1-4dfa-9d7e-264b1189f3df,1625683102023,13.5175143,52.4554247,0.86572844,0.17302871,-0.93246794,-0.8785472,in backpack,cyclo cross,False,mixed,mixed
c788515a-89a8-42a5-9546-82bc5a7be065,8dd67284-b937-4106-afc6-eec75579da4d,e75ba3ca-33cf-4994-bff3-c6cae0d1a75a,1625683102074,13.5175143,52.4554247,0.86572844,0.7984247,-0.60616493,-0.199512,in backpack,cyclo cross,False,mixed,mixed
c788515a-89a8-42a5-9546-82bc5a7be065,8dd67284-b937-4106-afc6-eec75579da4d,625b22fc-cee0-4b06-8594-be6ea44eb82f,1625683102125,13.5175143,52.4554247,0.86572844,0.31110168,-0.39582634,-0.21053457,in backpack,cyclo cross,False,mixed,mixed
c788515a-89a8-42a5-9546-82bc5a7be065,8dd67284-b937-4106-afc6-eec75579da4d,9cbccaf4-2464-4976-a940-9869f13998a4,1625683102175,13.5175143,52.4554247,0.86572844,0.19262981,-0.5598693,-0.33648014,in backpack,cyclo cross,False,mixed,mixed
c788515a-89a8-42a5-9546-82bc5a7be065,8dd67284-b937-4106-afc6-eec75579da4d,18f13693-c96d-4da2-97f2-dd918c00773a,1625683102226,13.5175143,52.4554247,0.86572844,0.36577153,-0.66715765,-0.07052708,in backpack,cyclo cross,False,mixed,mixed
c788515a-89a8-42a5-9546-82bc5a7be065,8dd67284-b937-4106-afc6-eec75579da4d,87a0828f-78be-4189-9ab7-1c96a9d4f132,1625683102277,13.5175143,52.4554247,0.86572844,0.47689652,-1.337709,-0.16711855,in backpack,cyclo cross,False,mixed,mixed
c788515a-89a8-42a5-9546-82bc5a7be065,8dd67284-b937-4106-afc6-eec75579da4d,4358c173-ba11-4200-904c-2f74f2509655,1625683102328,13.5175143,52.4554247,0.86572844,0.5666275,-0.8465247,-0.57296276,in backpack,cyclo cross,False,mixed,mixed
c788515a-89a8-42a5-9546-82bc5a7be065,8dd67284-b937-4106-afc6-eec75579da4d,53393318-454f-4cdb-9acd-644dbc7d928b,1625683102378,13.5175143,52.4554247,0.86572844,0.54615045,-0.26282215,-0.41459036,in backpack,cyclo cross,False,mixed,mixed
c788515a-89a8-42a5-9546-82bc5a7be065,8dd67284-b937-4106-afc6-eec75579da4d,dbe5b25c-74df-4c83-ab67-b02ca3d20b41,1625683102428,13.5175208,52.4554285,0.5737423,-0.13964891,-0.102053165,-0.53793955,in backpack,cyclo cross,False,mixed,mixed
c788515a-89a8-42a5-9546-82bc5a7be065,8dd67284-b937-4106-afc6-eec75579da4d,bf08b935-f2fc-45c2-91b4-9a0bbd94a998,1625683102478,13.5175208,52.4554285,0.5737423,-0.0042979717,-0.32880116,-0.41567993,in backpack,cyclo cross,False,mixed,mixed
c788515a-89a8-42a5-9546-82bc5a7be065,8dd67284-b937-4106-afc6-eec75579da4d,10f6f0d3-cc49-481d-b36b-d1c3bf85210b,1625683102528,13.5175208,52.4554285,0.5737423,-0.2933786,-1.1737084,-0.1536107,in backpack,cyclo cross,False,mixed,mixed
c788515a-89a8-42a5-9546-82bc5a7be065,8dd67284-b937-4106-afc6-eec75579da4d,ef6efbc8-1429-421a-a608-ce5ed4677239,1625683102578,13.5175208,52.4554285,0.5737423,-0.015021563,-0.17733622,0.019649506,in backpack,cyclo cross,False,mixed,mixed
c788515a-89a8-42a5-9546-82bc5a7be065,8dd67284-b937-4106-afc6-eec75579da4d,00e13222-4afc-4dee-8d25-2a3b8bfb2230,1625683102628,13.5175208,52.4554285,0.5737423,0.15425718,0.71897507,-0.48181438,in backpack,cyclo cross,False,mixed,mixed
c788515a-89a8-42a5-9546-82bc5a7be065,8dd67284-b937-4106-afc6-eec75579da4d,f1114a88-26f5-40db-8ece-74cc8d5ca8fe,1625683102678,13.5175208,52.4554285,0.5737423,-0.6277086,-0.025996208,-0.4425745,in backpack,cyclo cross,False,mixed,mixed
c788515a-89a8-42a5-9546-82bc5a7be065,8dd67284-b937-4106-afc6-eec75579da4d,7fe37ad1-2c5b-40f2-aeb3-bbf887e112e8,1625683102730,13.5175208,52.4554285,0.5737423,-0.17424095,-0.22815514,0.49412894,in backpack,cyclo cross,False,mixed,mixed
c788515a-89a8-42a5-9546-82bc5a7be065,8dd67284-b937-4106-afc6-eec75579da4d,e4afd41a-ad9a-455e-b9f0-f4ff042fe0f7,1625683102779,13.5175208,52.4554285,0.5737423,0.5268199,0.089984894,0.71903396,in backpack,cyclo cross,False,mixed,mixed
c788515a-89a8-42a5-9546-82bc5a7be065,8dd67284-b937-4106-afc6-eec75579da4d,fdaa8a4b-d34d-45af-bb01-5be2be3bcf86,1625683102829,13.5175208,52.4554285,0.5737423,0.5222091,-0.66390514,0.6178093,in backpack,cyclo cross,False,mixed,mixed
c788515a-89a8-42a5-9546-82bc5a7be065,8dd67284-b937-4106-afc6-eec75579da4d,9384867f-6e67-4586-8d87-3788eb59806c,1625683102879,13.5175208,52.4554285,0.5737423,0.5902823,-0.6806059,0.12335253,in backpack,cyclo cross,False,mixed,mixed
c788515a-89a8-42a5-9546-82bc5a7be065,8dd67284-b937-4106-afc6-eec75579da4d,93985f9b-a183-488f-ba34-5ad7776dda0c,1625683102930,13.5175208,52.4554285,0.5737423,0.51622975,0.997879,-0.6480446,in backpack,cyclo cross,False,mixed,mixed
c788515a-89a8-42a5-9546-82bc5a7be065,8dd67284-b937-4106-afc6-eec75579da4d,a5fdc238-f693-4945-a9de-7386a2fb0651,1625683102980,13.5175208,52.4554285,0.5737423,0.15100974,0.10821152,-0.53015995,in backpack,cyclo cross,False,mixed,mixed
c788515a-89a8-42a5-9546-82bc5a7be065,8dd67284-b937-4106-afc6-eec75579da4d,2cb7077d-199d-423e-8dfd-3ecdec0e66e8,1625683103030,13.5175208,52.4554285,0.5737423,1.0008914,-0.012751579,-0.18791437,in backpack,cyclo cross,False,mixed,mixed
c788515a-89a8-42a5-9546-82bc5a7be065,8dd67284-b937-4106-afc6-eec75579da4d,db2c154f-2f9c-4bc0-a84b-4362b3d27337,1625683103081,13.5175208,52.4554285,0.5737423,1.5160539,0.036224365,-0.14519954,in backpack,cyclo cross,False,mixed,mixed
c788515a-89a8-42a5-9546-82bc5a7be065,8dd67284-b937-4106-afc6-eec75579da4d,9f7b85eb-426a-424e-9980-98b6c536fe5d,1625683103131,13.5175208,52.4554285,0.5737423,1.3225684,-0.30927086,0.28622603,in backpack,cyclo cross,False,mixed,mixed
c788515a-89a8-42a5-9546-82bc5a7be065,8dd67284-b937-4106-afc6-eec75579da4d,38d71143-cc44-4171-9ecf-4a63b3a62292,1625683103181,13.5175208,52.4554285,0.5737423,1.6901226,-0.4285059,0.4561584,in backpack,cyclo cross,False,mixed,mixed
c788515a-89a8-42a5-9546-82bc5a7be065,8dd67284-b937-4106-afc6-eec75579da4d,3a9a0858-a150-4d0f-b996-4a69d126dfef,1625683103231,13.5175208,52.4554285,0.5737423,1.3011066,-0.23757744,0.36619604,in backpack,cyclo cross,False,mixed,mixed
c788515a-89a8-42a5-9546-82bc5a7be065,8dd67284-b937-4106-afc6-eec75579da4d,5793306d-7556-473a-be12-1067328fa2be,1625683103282,13.5175208,52.4554285,0.5737423,1.3849769,-0.278759,0.49503922,in backpack,cyclo cross,False,mixed,mixed
c788515a-89a8-42a5-9546-82bc5a7be065,8dd67284-b937-4106-afc6-eec75579da4d,2725648c-5fab-449b-b46f-ced8536d610b,1625683103332,13.5175208,52.4554285,0.5737423,1.232985,0.5081835,0.40455556,in backpack,cyclo cross,False,mixed,mixed
c788515a-89a8-42a5-9546-82bc5a7be065,8dd67284-b937-4106-afc6-eec75579da4d,90273981-7865-4efe-a003-a9c0294551ab,1625683103384,13.5175527,52.4553841,0.6631142,1.1704844,0.48510838,2.1680865,in backpack,cyclo cross,False,mixed,mixed
c788515a-89a8-42a5-9546-82bc5a7be065,8dd67284-b937-4106-afc6-eec75579da4d,037e454b-99d6-493a-a920-abb87d88ac90,1625683103434,13.5175527,52.4553841,0.6631142,0.5643846,0.5973778,1.0733626,in backpack,cyclo cross,False,mixed,mixed
c788515a-89a8-42a5-9546-82bc5a7be065,8dd67284-b937-4106-afc6-eec75579da4d,cd2e8d38-ba7c-4683-9b49-ed9517483657,1625683103484,13.5175527,52.4553841,0.6631142,0.716671,1.1162529,0.8687097,in backpack,cyclo cross,False,mixed,mixed
c788515a-89a8-42a5-9546-82bc5a7be065,8dd67284-b937-4106-afc6-eec75579da4d,f4beb8b7-aee4-4177-a129-b792fd5b9c02,1625683103536,13.5175527,52.4553841,0.6631142,0.41026855,0.7089319,0.9691154,in backpack,cyclo cross,False,mixed,mixed
c788515a-89a8-42a5-9546-82bc5a7be065,8dd67284-b937-4106-afc6-eec75579da4d,dc00ca0b-d039-4419-86d7-d6a500d0aad1,1625683103587,13.5175527,52.4553841,0.6631142,0.2002809,0.93948555,1.1045347,in backpack,cyclo cross,False,mixed,mixed
c788515a-89a8-42a5-9546-82bc5a7be065,8dd67284-b937-4106-afc6-eec75579da4d,d53893c6-ee87-43dc-99c3-187dd7aeb344,1625683103638,13.5175527,52.4553841,0.6631142,-0.3623588,0.34239674,0.31241292,in backpack,cyclo cross,False,mixed,mixed
c788515a-89a8-42a5-9546-82bc5a7be065,8dd67284-b937-4106-afc6-eec75579da4d,7c48c2ac-39a4-4827-9987-d5f0819fb77b,1625683103687,13.5175527,52.4553841,0.6631142,-1.6955123,0.55455685,0.5010244,in backpack,cyclo cross,False,mixed,mixed
c788515a-89a8-42a5-9546-82bc5a7be065,8dd67284-b937-4106-afc6-eec75579da4d,6f4e25c1-5d3b-4298-91ae-184561b8050f,1625683103739,13.5175527,52.4553841,0.6631142,-1.5264645,0.61939335,0.23855555,in backpack,cyclo cross,False,mixed,mixed
c788515a-89a8-42a5-9546-82bc5a7be065,8dd67284-b937-4106-afc6-eec75579da4d,369b7067-b155-4a67-82ab-06c860709e4e,1625683103788,13.5175527,52.4553841,0.6631142,-1.9624002,1.6774454,0.30267876,in backpack,cyclo cross,False,mixed,mixed
c788515a-89a8-42a5-9546-82bc5a7be065,8dd67284-b937-4106-afc6-eec75579da4d,ca8500a3-2648-4bc6-b437-4e772526ec2e,1625683103839,13.5175527,52.4553841,0.6631142,-2.10812,0.7982321,-0.0058686733,in backpack,cyclo cross,False,mixed,mixed
c788515a-89a8-42a5-9546-82bc5a7be065,8dd67284-b937-4106-afc6-eec75579da4d,64c20a2a-804d-4a33-943f-95c03040ea58,1625683103888,13.5175527,52.4553841,0.6631142,-1.5856327,0.872653,-0.22548103,in backpack,cyclo cross,False,mixed,mixed
c788515a-89a8-42a5-9546-82bc5a7be065,8dd67284-b937-4106-afc6-eec75579da4d,dea9a42c-af4b-40c6-ab8c-39249535f7f8,1625683103938,13.5175527,52.4553841,0.6631142,-4.042898,1.9139557,-2.276584,in backpack,cyclo cross,False,mixed,mixed
c788515a-89a8-42a5-9546-82bc5a7be065,8dd67284-b937-4106-afc6-eec75579da4d,7bdca8f4-5822-4372-bf4e-6bdda65b6a8f,1625683103988,13.5175527,52.4553841,0.6631142,-3.611275,-0.7947016,-3.021986,in backpack,cyclo cross,False,mixed,mixed
c788515a-89a8-42a5-9546-82bc5a7be065,8dd67284-b937-4106-afc6-eec75579da4d,0554e863-42a0-4c5d-9376-be3c07fd4ded,1625683104039,13.5175527,52.4553841,0.6631142,0.2901473,1.6431303,-1.1353505,in backpack,cyclo cross,False,mixed,mixed
c788515a-89a8-42a5-9546-82bc5a7be065,8dd67284-b937-4106-afc6-eec75579da4d,21f0d20e-76c5-4988-94e8-847367253c6e,1625683104088,13.5175527,52.4553841,0.6631142,2.3031197,0.8506079,0.13835573,in backpack,cyclo cross,False,mixed,mixed
c788515a-89a8-42a5-9546-82bc5a7be065,8dd67284-b937-4106-afc6-eec75579da4d,fc41115f-8e74-420a-939f-6d9797d27d8e,1625683104139,13.5175527,52.4553841,0.6631142,1.0333028,0.08496952,-0.8799329,in backpack,cyclo cross,False,mixed,mixed
c788515a-89a8-42a5-9546-82bc5a7be065,8dd67284-b937-4106-afc6-eec75579da4d,9670c904-fbc9-45d9-b7b3-9b19f270ba86,1625683104189,13.5175527,52.4553841,0.6631142,-0.20685434,-1.1773796,-0.7316265,in backpack,cyclo cross,False,mixed,mixed
c788515a-89a8-42a5-9546-82bc5a7be065,8dd67284-b937-4106-afc6-eec75579da4d,be4b26e1-1d1b-4888-9341-d1bbbcb1de08,1625683104240,13.5175527,52.4553841,0.6631142,0.09826326,-1.1852736,-0.22630668,in backpack,cyclo cross,False,mixed,mixed
c788515a-89a8-42a5-9546-82bc5a7be065,8dd67284-b937-4106-afc6-eec75579da4d,c8e3387a-90eb-47cb-9421-7f093773c459,1625683104289,13.5175527,52.4553841,0.6631142,0.6097441,-1.1340547,-0.41995335,in backpack,cyclo cross,False,mixed,mixed
c788515a-89a8-42a5-9546-82bc5a7be065,8dd67284-b937-4106-afc6-eec75579da4d,cc965f8e-a693-4bad-b624-fb8a68249c93,1625683104340,13.5175527,52.4553841,0.6631142,0.18190098,-0.90923166,-0.6032567,in backpack,cyclo cross,False,mixed,mixed
c788515a-89a8-42a5-9546-82bc5a7be065,8dd67284-b937-4106-afc6-eec75579da4d,e92c1853-0f6f-4211-854a-84b39c4174a8,1625683104390,13.5175646,52.4553672,0.5568793,0.5185294,-0.80276823,-0.6883049,in backpack,cyclo cross,False,mixed,mixed
c788515a-89a8-42a5-9546-82bc5a7be065,8dd67284-b937-4106-afc6-eec75579da4d,aaf028b3-2ee5-426b-8d97-d11be967d3d5,1625683104441,13.5175646,52.4553672,0.5568793,0.52809143,-0.94761896,-0.87179756,in backpack,cyclo cross,False,mixed,mixed
c788515a-89a8-42a5-9546-82bc5a7be065,8dd67284-b937-4106-afc6-eec75579da4d,70ca4054-69d6-4c99-9b09-c3901c81e54a,1625683104492,13.5175646,52.4553672,0.5568793,1.0171609,0.3355713,-0.72307396,in backpack,cyclo cross,False,mixed,mixed
c788515a-89a8-42a5-9546-82bc5a7be065,8dd67284-b937-4106-afc6-eec75579da4d,03ed7b42-232c-4ba5-ab71-fe20be445f53,1625683104542,13.5175646,52.4553672,0.5568793,0.53453445,-0.10289192,-1.1428258,in backpack,cyclo cross,False,mixed,mixed
c788515a-89a8-42a5-9546-82bc5a7be065,8dd67284-b937-4106-afc6-eec75579da4d,e0ff2383-631f-4f88-be3b-9b21b6435f8c,1625683104592,13.5175646,52.4553672,0.5568793,0.067196846,0.13518143,0.18544078,in backpack,cyclo cross,False,mixed,mixed
c788515a-89a8-42a5-9546-82bc5a7be065,8dd67284-b937-4106-afc6-eec75579da4d,82aa5b79-c698-4551-a7aa-e114207e3e73,1625683104642,13.5175646,52.4553672,0.5568793,-0.31403875,1.1191521,0.47421837,in backpack,cyclo cross,False,mixed,mixed
c788515a-89a8-42a5-9546-82bc5a7be065,8dd67284-b937-4106-afc6-eec75579da4d,036dda8a-e33a-46c2-bf70-1ced639e4c6e,1625683104693,13.5175646,52.4553672,0.5568793,-1.4066625,1.5191879,0.4235574,in backpack,cyclo cross,False,mixed,mixed
c788515a-89a8-42a5-9546-82bc5a7be065,8dd67284-b937-4106-afc6-eec75579da4d,f3e7931f-5f14-4d32-8f59-7c9e979792a9,1625683104742,13.5175646,52.4553672,0.5568793,-1.4082289,1.0616775,0.093194485,in backpack,cyclo cross,False,mixed,mixed
c788515a-89a8-42a5-9546-82bc5a7be065,8dd67284-b937-4106-afc6-eec75579da4d,9027455b-d217-42bf-84be-24e0f9ff6956,1625683104792,13.5175646,52.4553672,0.5568793,-1.675127,1.0962896,0.22635841,in backpack,cyclo cross,False,mixed,mixed
c788515a-89a8-42a5-9546-82bc5a7be065,8dd67284-b937-4106-afc6-eec75579da4d,a51c6238-7a8d-4439-aa9b-e082dda03b95,1625683104843,13.5175646,52.4553672,0.5568793,-1.5978885,0.9084449,0.59318024,in backpack,cyclo cross,False,mixed,mixed
c788515a-89a8-42a5-9546-82bc5a7be065,8dd67284-b937-4106-afc6-eec75579da4d,977b55b1-8ac0-4c69-8f56-8d55e8b1c9f3,1625683104893,13.5175646,52.4553672,0.5568793,-0.87552977,0.69720507,0.4704368,in backpack,cyclo cross,False,mixed,mixed
c788515a-89a8-42a5-9546-82bc5a7be065,8dd67284-b937-4106-afc6-eec75579da4d,4c8e1226-0f4f-44b5-9a5f-49732f4a80d0,1625683104944,13.5175646,52.4553672,0.5568793,-0.6549854,0.70099497,0.51644623,in backpack,cyclo cross,False,mixed,mixed
c788515a-89a8-42a5-9546-82bc5a7be065,8dd67284-b937-4106-afc6-eec75579da4d,22bf0bd7-b82a-4702-89bb-74bf874ad165,1625683104994,13.5175646,52.4553672,0.5568793,-0.58149195,0.96274567,1.2587081,in backpack,cyclo cross,False,mixed,mixed
c788515a-89a8-42a5-9546-82bc5a7be065,8dd67284-b937-4106-afc6-eec75579da4d,a3ef0a35-6b77-4b1e-9326-fca0cd5db9ae,1625683105044,13.5175646,52.4553672,0.5568793,-0.8020816,0.9392438,1.7016455,in backpack,cyclo cross,False,mixed,mixed
c788515a-89a8-42a5-9546-82bc5a7be065,8dd67284-b937-4106-afc6-eec75579da4d,81b9a332-c2eb-47c4-96c0-b9b43c7e8e2e,1625683105132,13.5175646,52.4553672,0.5568793,3.2205954,-1.7381854,2.6245122,in backpack,cyclo cross,False,mixed,mixed
c788515a-89a8-42a5-9546-82bc5a7be065,8dd67284-b937-4106-afc6-eec75579da4d,a2a1b9e6-dbd4-4f17-9ffb-e79f1cd94e9f,1625683105182,13.5175646,52.4553672,0.5568793,1.214325,-1.6400247,3.1563287,in backpack,cyclo cross,False,mixed,mixed
c788515a-89a8-42a5-9546-82bc5a7be065,8dd67284-b937-4106-afc6-eec75579da4d,7080f70d-0dfd-49b2-95ab-299f0e85c02c,1625683105232,13.5175646,52.4553672,0.5568793,3.351262,-2.9703445,2.920884,in backpack,cyclo cross,False,mixed,mixed
c788515a-89a8-42a5-9546-82bc5a7be065,8dd67284-b937-4106-afc6-eec75579da4d,a86b760e-270c-420a-9680-a50e3fe92c9f,1625683105283,13.5175646,52.4553672,0.5568793,2.5975723,-3.21597,1.8558478,in backpack,cyclo cross,False,mixed,mixed
c788515a-89a8-42a5-9546-82bc5a7be065,8dd67284-b937-4106-afc6-eec75579da4d,55251ad7-7029-4ffd-90a5-213bd9dfad87,1625683105333,13.5175646,52.4553672,0.5568793,0.2939682,-2.0092814,0.16670322,in backpack,cyclo cross,False,mixed,mixed
c788515a-89a8-42a5-9546-82bc5a7be065,8dd67284-b937-4106-afc6-eec75579da4d,879952f5-3511-417b-aafe-50b6cc1c6911,1625683105382,13.5175673,52.4553511,0.40035984,3.6456976,-0.016343594,-1.3077226,in backpack,cyclo cross,False,mixed,mixed
c788515a-89a8-42a5-9546-82bc5a7be065,8dd67284-b937-4106-afc6-eec75579da4d,65da6df1-8929-4d2b-b70d-b33bb91c581f,1625683105432,13.5175673,52.4553511,0.40035984,0.08325291,2.2502756,-4.710415,in backpack,cyclo cross,False,mixed,mixed
c788515a-89a8-42a5-9546-82bc5a7be065,8dd67284-b937-4106-afc6-eec75579da4d,c0738da4-21ff-46c6-a4a8-531b1770780b,1625683105482,13.5175673,52.4553511,0.40035984,0.77245235,-5.3235245,-3.3973057,in backpack,cyclo cross,False,mixed,mixed
c788515a-89a8-42a5-9546-82bc5a7be065,8dd67284-b937-4106-afc6-eec75579da4d,ffa70bf8-9169-40d4-b9f2-c457b5305a2e,1625683105532,13.5175673,52.4553511,0.40035984,1.1908169,-4.4100733,1.2818366,in backpack,cyclo cross,False,mixed,mixed
c788515a-89a8-42a5-9546-82bc5a7be065,8dd67284-b937-4106-afc6-eec75579da4d,e7968874-9cf5-4e52-990d-2ada9992c4d2,1625683105583,13.5175673,52.4553511,0.40035984,0.30876637,-1.3430767,1.7835,in backpack,cyclo cross,False,mixed,mixed
c788515a-89a8-42a5-9546-82bc5a7be065,8dd67284-b937-4106-afc6-eec75579da4d,76bb5c30-eb19-44f8-ba5c-480bb70513cb,1625683105632,13.5175673,52.4553511,0.40035984,-0.521173,-0.19062424,1.0548102,in backpack,cyclo cross,False,mixed,mixed
c788515a-89a8-42a5-9546-82bc5a7be065,8dd67284-b937-4106-afc6-eec75579da4d,3cd4046f-5cb6-4831-8ec1-fc2d8fe49d4b,1625683105681,13.5175673,52.4553511,0.40035984,-0.347538,-1.0596013,0.11825442,in backpack,cyclo cross,False,mixed,mixed
c788515a-89a8-42a5-9546-82bc5a7be065,8dd67284-b937-4106-afc6-eec75579da4d,7ea7f6e8-5d7c-4ea6-b701-be89ef728e42,1625683105732,13.5175673,52.4553511,0.40035984,0.5037079,-1.1056325,-0.79570675,in backpack,cyclo cross,False,mixed,mixed
c788515a-89a8-42a5-9546-82bc5a7be065,8dd67284-b937-4106-afc6-eec75579da4d,c598e4a7-2670-4b16-abe3-9465f1db0e3e,1625683105781,13.5175673,52.4553511,0.40035984,0.5689068,-1.0549357,-0.6919954,in backpack,cyclo cross,False,mixed,mixed
c788515a-89a8-42a5-9546-82bc5a7be065,8dd67284-b937-4106-afc6-eec75579da4d,77b21368-42e3-46eb-9516-96c83de30d3f,1625683105832,13.5175673,52.4553511,0.40035984,0.6090355,-1.0756631,0.06548047,in backpack,cyclo cross,False,mixed,mixed
c788515a-89a8-42a5-9546-82bc5a7be065,8dd67284-b937-4106-afc6-eec75579da4d,912f602b-cc7d-48f3-b8ac-75f022dd7f57,1625683105881,13.5175673,52.4553511,0.40035984,0.31425762,0.36633444,1.099405,in backpack,cyclo cross,False,mixed,mixed
c788515a-89a8-42a5-9546-82bc5a7be065,8dd67284-b937-4106-afc6-eec75579da4d,6657150d-c5a7-4c81-b92f-1c2c88e2ad73,1625683105931,13.5175673,52.4553511,0.40035984,0.18558216,0.43492556,1.4771135,in backpack,cyclo cross,False,mixed,mixed
c788515a-89a8-42a5-9546-82bc5a7be065,8dd67284-b937-4106-afc6-eec75579da4d,2367dc19-4278-4b0a-8c89-0112d3facf2f,1625683105981,13.5175673,52.4553511,0.40035984,3.2183504,1.8454118,0.10856676,in backpack,cyclo cross,False,mixed,mixed
c788515a-89a8-42a5-9546-82bc5a7be065,8dd67284-b937-4106-afc6-eec75579da4d,e28c94bc-17ea-4135-b6f5-de8f1e5297c3,1625683106031,13.5175673,52.4553511,0.40035984,-1.156362,0.81055117,-2.6005764,in backpack,cyclo cross,False,mixed,mixed
c788515a-89a8-42a5-9546-82bc5a7be065,8dd67284-b937-4106-afc6-eec75579da4d,1524967c-051e-4c38-ab59-f337c3b18ad7,1625683106081,13.5175673,52.4553511,0.40035984,-1.2899733,-0.7401309,-3.3623452,in backpack,cyclo cross,False,mixed,mixed
c788515a-89a8-42a5-9546-82bc5a7be065,8dd67284-b937-4106-afc6-eec75579da4d,aa8b6966-aa45-4f1d-82c0-9a07efccaba0,1625683106132,13.5175673,52.4553511,0.40035984,2.0605974,0.7540345,-0.56818867,in backpack,cyclo cross,False,mixed,mixed
c788515a-89a8-42a5-9546-82bc5a7be065,8dd67284-b937-4106-afc6-eec75579da4d,c8af5f8b-34c8-4223-a0d4-6214bd63eac3,1625683106183,13.5175629,52.4553459,0.36564136,0.13672066,-0.092402935,0.4879645,in backpack,cyclo cross,False,mixed,mixed
c788515a-89a8-42a5-9546-82bc5a7be065,8dd67284-b937-4106-afc6-eec75579da4d,e73bc5d4-e17e-4779-8d16-94145b713e40,1625683106233,13.5175629,52.4553459,0.36564136,-0.42091036,-1.3688755,0.2638538,in backpack,cyclo cross,False,mixed,mixed
c788515a-89a8-42a5-9546-82bc5a7be065,8dd67284-b937-4106-afc6-eec75579da4d,ac4f3988-b545-4638-9c2a-a878e3bb208a,1625683106284,13.5175629,52.4553459,0.36564136,-0.56860733,0.29669333,-0.5546911,in backpack,cyclo cross,False,mixed,mixed
c788515a-89a8-42a5-9546-82bc5a7be065,8dd67284-b937-4106-afc6-eec75579da4d,a3ef385c-9cf0-4219-b823-97f8abca0d09,1625683106332,13.5175629,52.4553459,0.36564136,-1.7474766,1.122921,-1.6846561,in backpack,cyclo cross,False,mixed,mixed
c788515a-89a8-42a5-9546-82bc5a7be065,8dd67284-b937-4106-afc6-eec75579da4d,ba9b4ae3-599c-4f7e-8a62-3aab0509df67,1625683106383,13.5175629,52.4553459,0.36564136,-0.41181803,-0.5434184,-0.23108351,in backpack,cyclo cross,False,mixed,mixed
c788515a-89a8-42a5-9546-82bc5a7be065,8dd67284-b937-4106-afc6-eec75579da4d,b019a41c-3f3d-4277-8797-6315fc7472a3,1625683106432,13.5175629,52.4553459,0.36564136,0.9026437,-1.2644696,1.1475244,in backpack,cyclo cross,False,mixed,mixed
c788515a-89a8-42a5-9546-82bc5a7be065,8dd67284-b937-4106-afc6-eec75579da4d,5e6ed5ec-b42d-4012-bc49-e09ca651d401,1625683106483,13.5175629,52.4553459,0.36564136,0.1130147,-1.266571,1.1477687,in backpack,cyclo cross,False,mixed,mixed
c788515a-89a8-42a5-9546-82bc5a7be065,8dd67284-b937-4106-afc6-eec75579da4d,1cb92c90-ef68-4c4a-b619-b71cab04fd5d,1625683106533,13.5175629,52.4553459,0.36564136,-0.6045909,-0.31282043,0.28296614,in backpack,cyclo cross,False,mixed,mixed
c788515a-89a8-42a5-9546-82bc5a7be065,8dd67284-b937-4106-afc6-eec75579da4d,a66090a6-3cd3-40d0-aebc-2e808e15614f,1625683106583,13.5175629,52.4553459,0.36564136,-0.1323185,0.35844898,-0.32267952,in backpack,cyclo cross,False,mixed,mixed
c788515a-89a8-42a5-9546-82bc5a7be065,8dd67284-b937-4106-afc6-eec75579da4d,8b74e2fd-b220-4481-b48a-8dff6988b504,1625683106634,13.5175629,52.4553459,0.36564136,0.8196788,0.14905548,0.29103243,in backpack,cyclo cross,False,mixed,mixed
c788515a-89a8-42a5-9546-82bc5a7be065,8dd67284-b937-4106-afc6-eec75579da4d,fe017af3-440c-496e-b89a-6e55c634e286,1625683106683,13.5175629,52.4553459,0.36564136,2.534347,0.5256686,0.8484514,in backpack,cyclo cross,False,mixed,mixed
c788515a-89a8-42a5-9546-82bc5a7be065,8dd67284-b937-4106-afc6-eec75579da4d,0a3c370d-85af-4031-bced-f2e2896367cc,1625683106733,13.5175629,52.4553459,0.36564136,3.2623873,0.6871166,1.685533,in backpack,cyclo cross,False,mixed,mixed
c788515a-89a8-42a5-9546-82bc5a7be065,8dd67284-b937-4106-afc6-eec75579da4d,89bc5a3c-5559-4670-aec1-70c6c27a4a9f,1625683106784,13.5175619,52.45534,0.7408664,4.9278812,-0.86293745,0.49340224,in backpack,cyclo cross,False,mixed,mixed
c788515a-89a8-42a5-9546-82bc5a7be065,8dd67284-b937-4106-afc6-eec75579da4d,dd4a9755-1986-45e0-bc8e-7aa6cf494217,1625683106834,13.5175619,52.45534,0.7408664,1.0515633,-1.1287656,-2.373073,in backpack,cyclo cross,False,mixed,mixed
c788515a-89a8-42a5-9546-82bc5a7be065,8dd67284-b937-4106-afc6-eec75579da4d,826b2680-03dd-4f07-9ab4-b14482ada18f,1625683106884,13.5175619,52.45534,0.7408664,-1.6499743,1.7345409,-6.416539,in backpack,cyclo cross,False,mixed,mixed
c788515a-89a8-42a5-9546-82bc5a7be065,8dd67284-b937-4106-afc6-eec75579da4d,be6c00c4-765d-4eb7-be28-497d20325ae7,1625683106933,13.5175619,52.45534,0.7408664,-1.7913442,0.61063385,-5.3298144,in backpack,cyclo cross,False,mixed,mixed
c788515a-89a8-42a5-9546-82bc5a7be065,8dd67284-b937-4106-afc6-eec75579da4d,c8cc6724-772b-4281-81ad-826ee00d8a7b,1625683106984,13.5175619,52.45534,0.7408664,-0.5189657,-0.35764122,-0.6381571,in backpack,cyclo cross,False,mixed,mixed
c788515a-89a8-42a5-9546-82bc5a7be065,8dd67284-b937-4106-afc6-eec75579da4d,210e9a0a-3bd7-44bc-9a9f-222429261d06,1625683107035,13.5175619,52.45534,0.7408664,0.0058488846,0.03341341,0.86155105,in backpack,cyclo cross,False,mixed,mixed
c788515a-89a8-42a5-9546-82bc5a7be065,8dd67284-b937-4106-afc6-eec75579da4d,6b93a649-6821-4ee4-9958-bbe022cf7519,1625683107086,13.5175619,52.45534,0.7408664,-0.5486369,-0.36180782,1.274976,in backpack,cyclo cross,False,mixed,mixed
c788515a-89a8-42a5-9546-82bc5a7be065,8dd67284-b937-4106-afc6-eec75579da4d,03917da5-2d29-4c9e-8906-39e2a386e9b9,1625683107137,13.5175619,52.45534,0.7408664,-0.35798073,-1.057291,0.79622746,in backpack,cyclo cross,False,mixed,mixed
c788515a-89a8-42a5-9546-82bc5a7be065,8dd67284-b937-4106-afc6-eec75579da4d,e71e9ae2-6bcc-4064-bd0c-c8db6b52bbb8,1625683107188,13.5175619,52.45534,0.7408664,-0.18439531,-1.2066519,0.56622124,in backpack,cyclo cross,False,mixed,mixed
c788515a-89a8-42a5-9546-82bc5a7be065,8dd67284-b937-4106-afc6-eec75579da4d,9f857d35-b536-4a89-9950-9e0c964c9d53,1625683107238,13.5175619,52.45534,0.7408664,-0.52541685,-0.91236115,-0.18031836,in backpack,cyclo cross,False,mixed,mixed
c788515a-89a8-42a5-9546-82bc5a7be065,8dd67284-b937-4106-afc6-eec75579da4d,f5c08cb8-3272-4ef8-bd51-4d7897cfb72d,1625683107288,13.5175619,52.45534,0.7408664,-1.4152393,-0.2479639,-0.9443879,in backpack,cyclo cross,False,mixed,mixed
c788515a-89a8-42a5-9546-82bc5a7be065,8dd67284-b937-4106-afc6-eec75579da4d,b1414377-43bc-4e1d-919b-995d00c3ed13,1625683107339,13.5175619,52.45534,0.7408664,-0.894753,-0.28760576,-0.1782372,in backpack,cyclo cross,False,mixed,mixed
c788515a-89a8-42a5-9546-82bc5a7be065,8dd67284-b937-4106-afc6-eec75579da4d,85777851-7c76-4f09-bf15-2d1e7d298dfa,1625683107389,13.5175653,52.455336,0.86392283,0.35508347,-0.51088214,0.6693032,in backpack,cyclo cross,False,mixed,mixed
c788515a-89a8-42a5-9546-82bc5a7be065,8dd67284-b937-4106-afc6-eec75579da4d,8c1fd71d-9997-4c58-a1ab-2d31dbf39471,1625683107440,13.5175653,52.455336,0.86392283,0.20009613,-1.1623535,0.9517015,in backpack,cyclo cross,False,mixed,mixed
c788515a-89a8-42a5-9546-82bc5a7be065,8dd67284-b937-4106-afc6-eec75579da4d,88aed12e-e9fb-4cb4-97d2-a5b36042ab77,1625683107491,13.5175653,52.455336,0.86392283,-0.124078274,-1.3257449,0.86438584,in backpack,cyclo cross,False,mixed,mixed
c788515a-89a8-42a5-9546-82bc5a7be065,8dd67284-b937-4106-afc6-eec75579da4d,ccf5991c-91d0-4f11-b8d4-620c3c5c80a8,1625683107541,13.5175653,52.455336,0.86392283,0.15401459,-1.1746604,0.8081584,in backpack,cyclo cross,False,mixed,mixed
c788515a-89a8-42a5-9546-82bc5a7be065,8dd67284-b937-4106-afc6-eec75579da4d,a58a40e3-7f18-4ad1-b9c4-b1e1f1d627f9,1625683107592,13.5175653,52.455336,0.86392283,1.0245695,-0.20171452,0.8435675,in backpack,cyclo cross,False,mixed,mixed
c788515a-89a8-42a5-9546-82bc5a7be065,8dd67284-b937-4106-afc6-eec75579da4d,4161e52e-e787-4e33-abfe-1583c2dc9630,1625683107642,13.5175653,52.455336,0.86392283,1.4412985,-0.15615463,0.52180934,in backpack,cyclo cross,False,mixed,mixed
c788515a-89a8-42a5-9546-82bc5a7be065,8dd67284-b937-4106-afc6-eec75579da4d,2dfbd386-9b4c-4314-b395-2cf6c53fb0a5,1625683107690,13.5175653,52.455336,0.86392283,1.0013542,-0.9779291,0.68697965,in backpack,cyclo cross,False,mixed,mixed
c788515a-89a8-42a5-9546-82bc5a7be065,8dd67284-b937-4106-afc6-eec75579da4d,dc046f79-2640-4a63-87db-5469745655c5,1625683107741,13.5175653,52.455336,0.86392283,3.124794,-1.9792688,0.20656848,in backpack,cyclo cross,False,mixed,mixed
c788515a-89a8-42a5-9546-82bc5a7be065,8dd67284-b937-4106-afc6-eec75579da4d,823555bf-84e3-412a-90ac-e8b37c8af79c,1625683107791,13.5175653,52.455336,0.86392283,0.64169025,0.48142338,-0.90766335,in backpack,cyclo cross,False,mixed,mixed
c788515a-89a8-42a5-9546-82bc5a7be065,8dd67284-b937-4106-afc6-eec75579da4d,0131b1db-3360-4dca-bf27-a8768320c57c,1625683107841,13.5175653,52.455336,0.86392283,-0.56665564,-0.69181347,-2.6060004,in backpack,cyclo cross,False,mixed,mixed
c788515a-89a8-42a5-9546-82bc5a7be065,8dd67284-b937-4106-afc6-eec75579da4d,0dc6ec1c-30ea-488d-b491-c764602f8c27,1625683107891,13.5175653,52.455336,0.86392283,0.16083145,0.90866804,-0.98320484,in backpack,cyclo cross,False,mixed,mixed
c788515a-89a8-42a5-9546-82bc5a7be065,8dd67284-b937-4106-afc6-eec75579da4d,4c7da6aa-8ba4-40ac-a8c7-628ac78fcb84,1625683107942,13.5175653,52.455336,0.86392283,-0.15538502,1.0709386,-0.3206756,in backpack,cyclo cross,False,mixed,mixed
c788515a-89a8-42a5-9546-82bc5a7be065,8dd67284-b937-4106-afc6-eec75579da4d,dcab1407-409a-40c1-8bba-d388fccd91ae,1625683107993,13.5175653,52.455336,0.86392283,-0.8349495,-0.2564006,0.22563171,in backpack,cyclo cross,False,mixed,mixed
c788515a-89a8-42a5-9546-82bc5a7be065,8dd67284-b937-4106-afc6-eec75579da4d,f662853c-4fdb-4dc2-a864-6857d90e36e9,1625683108043,13.5175653,52.455336,0.86392283,-0.7412629,-0.87984705,0.6274643,in backpack,cyclo cross,False,mixed,mixed
c788515a-89a8-42a5-9546-82bc5a7be065,8dd67284-b937-4106-afc6-eec75579da4d,0e0a54d9-154d-4959-9149-644fe7e1b1ac,1625683108094,13.5175653,52.455336,0.86392283,-0.35274172,-0.3376932,0.69074,in backpack,cyclo cross,False,mixed,mixed
c788515a-89a8-42a5-9546-82bc5a7be065,8dd67284-b937-4106-afc6-eec75579da4d,11c837e4-d9a0-41f7-947d-52245aef1dce,1625683108143,13.5175653,52.455336,0.86392283,-1.8857098,0.4067998,0.7247205,in backpack,cyclo cross,False,mixed,mixed
c788515a-89a8-42a5-9546-82bc5a7be065,8dd67284-b937-4106-afc6-eec75579da4d,b2053096-8fc1-4a88-a5a5-6ec5ec032f6f,1625683108193,13.5175653,52.455336,0.86392283,-0.65883017,0.44576454,0.5714232,in backpack,cyclo cross,False,mixed,mixed
c788515a-89a8-42a5-9546-82bc5a7be065,8dd67284-b937-4106-afc6-eec75579da4d,808799e3-22b0-4304-8c11-a525a016cdeb,1625683108243,13.5175653,52.455336,0.86392283,-0.011633396,-0.16212177,0.46060956,in backpack,cyclo cross,False,mixed,mixed
c788515a-89a8-42a5-9546-82bc5a7be065,8dd67284-b937-4106-afc6-eec75579da4d,15a5b7d7-2f16-4d24-b741-47d58af24331,1625683108293,13.5175653,52.455336,0.86392283,0.04582739,-0.5289149,0.61488354,in backpack,cyclo cross,False,mixed,mixed
c788515a-89a8-42a5-9546-82bc5a7be065,8dd67284-b937-4106-afc6-eec75579da4d,fd3f7b20-0daf-4355-b47d-6275ffcd4120,1625683108344,13.5175653,52.455336,0.86392283,0.019762516,0.003824234,0.64704823,in backpack,cyclo cross,False,mixed,mixed
c788515a-89a8-42a5-9546-82bc5a7be065,8dd67284-b937-4106-afc6-eec75579da4d,f04737a3-9215-4237-b501-29d345ef46d0,1625683108394,13.5175744,52.4553375,0.7720184,0.88068104,0.5263295,1.0203104,in backpack,cyclo cross,False,mixed,mixed
c788515a-89a8-42a5-9546-82bc5a7be065,8dd67284-b937-4106-afc6-eec75579da4d,565c32c4-665f-4126-be46-2228dc6f7c76,1625683108445,13.5175744,52.4553375,0.7720184,1.556015,0.12937641,1.1681507,in backpack,cyclo cross,False,mixed,mixed
c788515a-89a8-42a5-9546-82bc5a7be065,8dd67284-b937-4106-afc6-eec75579da4d,09169db8-0cfc-43f9-8723-826b4e6beb5f,1625683108495,13.5175744,52.4553375,0.7720184,1.4436979,-0.7577076,0.6711228,in backpack,cyclo cross,False,mixed,mixed
c788515a-89a8-42a5-9546-82bc5a7be065,8dd67284-b937-4106-afc6-eec75579da4d,3f551852-c7cf-4c14-9e38-56d131568bca,1625683108544,13.5175744,52.4553375,0.7720184,3.5549383,-1.2021167,-0.61981964,in backpack,cyclo cross,False,mixed,mixed
c788515a-89a8-42a5-9546-82bc5a7be065,8dd67284-b937-4106-afc6-eec75579da4d,ad1c161a-f8c8-4159-a526-20cab00c795d,1625683108594,13.5175744,52.4553375,0.7720184,0.36673927,0.31918955,-2.269423,in backpack,cyclo cross,False,mixed,mixed
c788515a-89a8-42a5-9546-82bc5a7be065,8dd67284-b937-4106-afc6-eec75579da4d,580fef14-8234-437c-a366-1661a0018804,1625683108645,13.5175744,52.4553375,0.7720184,-0.7975745,0.9081292,-1.5782895,in backpack,cyclo cross,False,mixed,mixed
c788515a-89a8-42a5-9546-82bc5a7be065,8dd67284-b937-4106-afc6-eec75579da4d,f01c24d9-eda4-48ad-b79f-bb7cd231157e,1625683108694,13.5175744,52.4553375,0.7720184,1.4638519,0.045968056,-0.571548,in backpack,cyclo cross,False,mixed,mixed
c788515a-89a8-42a5-9546-82bc5a7be065,8dd67284-b937-4106-afc6-eec75579da4d,33217d18-4992-458e-96ce-9770c135e0a3,1625683108744,13.5175744,52.4553375,0.7720184,0.6990347,-0.7620516,0.07717633,in backpack,cyclo cross,False,mixed,mixed
c788515a-89a8-42a5-9546-82bc5a7be065,8dd67284-b937-4106-afc6-eec75579da4d,b5425253-d0cf-4f47-9216-d5a2640c747c,1625683108795,13.5175744,52.4553375,0.7720184,-0.88127756,-1.3135693,-0.099256754,in backpack,cyclo cross,False,mixed,mixed
c788515a-89a8-42a5-9546-82bc5a7be065,8dd67284-b937-4106-afc6-eec75579da4d,e56b3827-86fa-44db-8933-2fb107a3dd8a,1625683108844,13.5175744,52.4553375,0.7720184,-1.6146908,-1.01279,0.09250426,in backpack,cyclo cross,False,mixed,mixed
c788515a-89a8-42a5-9546-82bc5a7be065,8dd67284-b937-4106-afc6-eec75579da4d,fd464812-abcd-4cb2-991b-5d38aa00bc8f,1625683108895,13.5175744,52.4553375,0.7720184,-1.8939204,-1.2092834,0.6844411,in backpack,cyclo cross,False,mixed,mixed
c788515a-89a8-42a5-9546-82bc5a7be065,8dd67284-b937-4106-afc6-eec75579da4d,fd142485-a62a-4bde-b2fa-46bdad1dd601,1625683108945,13.5175744,52.4553375,0.7720184,-0.2696085,-0.4780383,0.9057903,in backpack,cyclo cross,False,mixed,mixed
c788515a-89a8-42a5-9546-82bc5a7be065,8dd67284-b937-4106-afc6-eec75579da4d,3a2519dd-6dbb-4098-9255-352485c66f67,1625683108996,13.5175744,52.4553375,0.7720184,0.4123764,-0.65328264,1.6899357,in backpack,cyclo cross,False,mixed,mixed
c788515a-89a8-42a5-9546-82bc5a7be065,8dd67284-b937-4106-afc6-eec75579da4d,60885ed7-650f-4c87-b03c-2d16319e476f,1625683109047,13.5175744,52.4553375,0.7720184,0.7275572,-1.3057795,1.113315,in backpack,cyclo cross,False,mixed,mixed
c788515a-89a8-42a5-9546-82bc5a7be065,8dd67284-b937-4106-afc6-eec75579da4d,2f2a4ae1-de0c-48c3-a8bb-5d33ac8f6fff,1625683109097,13.5175744,52.4553375,0.7720184,3.4343023,-0.4781022,1.0555232,in backpack,cyclo cross,False,mixed,mixed
c788515a-89a8-42a5-9546-82bc5a7be065,8dd67284-b937-4106-afc6-eec75579da4d,efd7a7e8-d525-404e-a216-a3c0c3cc43db,1625683109147,13.5175744,52.4553375,0.7720184,2.562049,-0.58525705,0.5417726,in backpack,cyclo cross,False,mixed,mixed
c788515a-89a8-42a5-9546-82bc5a7be065,8dd67284-b937-4106-afc6-eec75579da4d,8a01c542-d8af-4cd6-8e50-05b1e746202d,1625683109198,13.5175744,52.4553375,0.7720184,2.4126377,2.7261992,-1.4675653,in backpack,cyclo cross,False,mixed,mixed
c788515a-89a8-42a5-9546-82bc5a7be065,8dd67284-b937-4106-afc6-eec75579da4d,22bae6f5-7e1d-4b2b-988b-4412232f173e,1625683109247,13.5175744,52.4553375,0.7720184,-1.3596721,0.3716259,-3.42806,in backpack,cyclo cross,False,mixed,mixed
c788515a-89a8-42a5-9546-82bc5a7be065,8dd67284-b937-4106-afc6-eec75579da4d,e526d616-f75a-49d2-ac52-12c5ab069889,1625683109298,13.5175744,52.4553375,0.7720184,1.4529686,1.7718482,-1.0315669,in backpack,cyclo cross,False,mixed,mixed
c788515a-89a8-42a5-9546-82bc5a7be065,8dd67284-b937-4106-afc6-eec75579da4d,62930fa1-d966-49e0-83bc-0802fb125480,1625683109348,13.5175831,52.4553442,0.69699365,-0.21712208,0.17087746,-0.21685028,in backpack,cyclo cross,False,mixed,mixed
c788515a-89a8-42a5-9546-82bc5a7be065,8dd67284-b937-4106-afc6-eec75579da4d,28ce55d1-0d35-4495-95ee-bd94a3b9944b,1625683109399,13.5175831,52.4553442,0.69699365,-1.0818377,-0.61861897,0.36591816,in backpack,cyclo cross,False,mixed,mixed
c788515a-89a8-42a5-9546-82bc5a7be065,8dd67284-b937-4106-afc6-eec75579da4d,32430898-5508-4d09-809b-f4d83ab3cb1d,1625683109449,13.5175831,52.4553442,0.69699365,-2.843433,-1.2443216,0.85647845,in backpack,cyclo cross,False,mixed,mixed
c788515a-89a8-42a5-9546-82bc5a7be065,8dd67284-b937-4106-afc6-eec75579da4d,a0c76072-7cec-4585-8f3c-05846767ca82,1625683109499,13.5175831,52.4553442,0.69699365,-1.9664874,-0.4940622,0.8373951,in backpack,cyclo cross,False,mixed,mixed
c788515a-89a8-42a5-9546-82bc5a7be065,8dd67284-b937-4106-afc6-eec75579da4d,c4dbdd9f-1d4e-4d4d-ae33-efc4f3e8502d,1625683109549,13.5175831,52.4553442,0.69699365,-1.1942406,0.039959908,1.1868657,in backpack,cyclo cross,False,mixed,mixed
c788515a-89a8-42a5-9546-82bc5a7be065,8dd67284-b937-4106-afc6-eec75579da4d,ba031389-8a7f-4792-8b99-c1048711e33c,1625683109600,13.5175831,52.4553442,0.69699365,0.16322422,0.1980257,0.4306066,in backpack,cyclo cross,False,mixed,mixed
c788515a-89a8-42a5-9546-82bc5a7be065,8dd67284-b937-4106-afc6-eec75579da4d,0625a879-dbd9-434d-b46a-e36bd62b7c00,1625683109650,13.5175831,52.4553442,0.69699365,0.4671631,-0.624362,0.61847055,in backpack,cyclo cross,False,mixed,mixed
c788515a-89a8-42a5-9546-82bc5a7be065,8dd67284-b937-4106-afc6-eec75579da4d,624d7f0b-06e8-4355-bcb8-38d8052f75fc,1625683109700,13.5175831,52.4553442,0.69699365,4.002077,-0.101528645,2.3423138,in backpack,cyclo cross,False,mixed,mixed
c788515a-89a8-42a5-9546-82bc5a7be065,8dd67284-b937-4106-afc6-eec75579da4d,064923ec-7ca2-4f8f-a664-60b9ff0858bf,1625683109751,13.5175831,52.4553442,0.69699365,5.6304455,-0.900156,-0.21332908,in backpack,cyclo cross,False,mixed,mixed
c788515a-89a8-42a5-9546-82bc5a7be065,8dd67284-b937-4106-afc6-eec75579da4d,cec8f02a-0b56-407a-8c5f-bbd7b7330b0b,1625683109800,13.5175831,52.4553442,0.69699365,1.3997946,1.4571943,-3.5568979,in backpack,cyclo cross,False,mixed,mixed
c788515a-89a8-42a5-9546-82bc5a7be065,8dd67284-b937-4106-afc6-eec75579da4d,d7738992-a7a3-456a-91e7-060a05312ffb,1625683109851,13.5175831,52.4553442,0.69699365,-2.1735358,2.4278145,-4.4174747,in backpack,cyclo cross,False,mixed,mixed
c788515a-89a8-42a5-9546-82bc5a7be065,8dd67284-b937-4106-afc6-eec75579da4d,b1125d12-de35-4941-ae59-9448f4a27c91,1625683109901,13.5175831,52.4553442,0.69699365,1.0891008,0.087038994,-0.5295973,in backpack,cyclo cross,False,mixed,mixed
c788515a-89a8-42a5-9546-82bc5a7be065,8dd67284-b937-4106-afc6-eec75579da4d,00531fdc-0805-44f5-8a9f-063338515c43,1625683109953,13.5175885,52.4553492,1.4672188,0.98959446,-1.2716682,0.9103303,in backpack,cyclo cross,False,mixed,mixed
c788515a-89a8-42a5-9546-82bc5a7be065,8dd67284-b937-4106-afc6-eec75579da4d,c89120a7-c99d-48c2-a8e5-1318c177af62,1625683110002,13.5175885,52.4553492,1.4672188,-1.5922079,-2.5416327,0.70281553,in backpack,cyclo cross,False,mixed,mixed
c788515a-89a8-42a5-9546-82bc5a7be065,8dd67284-b937-4106-afc6-eec75579da4d,d2199e5f-1cc3-457c-9dc1-e1cff123ac06,1625683110053,13.5175885,52.4553492,1.4672188,-2.1994991,-1.9189069,0.25054228,in backpack,cyclo cross,False,mixed,mixed
c788515a-89a8-42a5-9546-82bc5a7be065,8dd67284-b937-4106-afc6-eec75579da4d,ca59ad18-3704-42b1-b263-872d47b7fcc4,1625683110104,13.5175885,52.4553492,1.4672188,-2.2581334,-1.3253994,0.3196019,in backpack,cyclo cross,False,mixed,mixed
c788515a-89a8-42a5-9546-82bc5a7be065,8dd67284-b937-4106-afc6-eec75579da4d,fecede42-9164-4787-a8ec-1ddaae9ea42f,1625683110155,13.5175885,52.4553492,1.4672188,-1.1422439,-0.43378592,0.9377526,in backpack,cyclo cross,False,mixed,mixed
c788515a-89a8-42a5-9546-82bc5a7be065,8dd67284-b937-4106-afc6-eec75579da4d,a0d8afa9-fb73-480b-921f-02c83d1beb69,1625683110204,13.5175885,52.4553492,1.4672188,0.20296001,-0.3778515,1.4771417,in backpack,cyclo cross,False,mixed,mixed
c788515a-89a8-42a5-9546-82bc5a7be065,8dd67284-b937-4106-afc6-eec75579da4d,abf6e279-2789-4dbb-89dd-a48d6b7e9cf9,1625683110255,13.5175885,52.4553492,1.4672188,3.3248987,-0.37185907,1.6947813,in backpack,cyclo cross,False,mixed,mixed
c788515a-89a8-42a5-9546-82bc5a7be065,8dd67284-b937-4106-afc6-eec75579da4d,aaf44ec8-7f0e-4d3b-9d4e-957df77907aa,1625683110304,13.5175885,52.4553492,1.4672188,2.8095198,-0.69223833,0.3637085,in backpack,cyclo cross,False,mixed,mixed
c788515a-89a8-42a5-9546-82bc5a7be065,8dd67284-b937-4106-afc6-eec75579da4d,877be51a-b308-49c9-8d07-29842c8c4bae,1625683110354,13.5175885,52.4553492,1.4672188,3.0866547,2.2241707,-1.0809777,in backpack,cyclo cross,False,mixed,mixed
c788515a-89a8-42a5-9546-82bc5a7be065,8dd67284-b937-4106-afc6-eec75579da4d,54477f5f-5712-4550-98de-0bfc24bdff4b,1625683110404,13.5175885,52.4553492,1.4672188,-0.22721577,0.43244028,-3.6395316,in backpack,cyclo cross,False,mixed,mixed
c788515a-89a8-42a5-9546-82bc5a7be065,8dd67284-b937-4106-afc6-eec75579da4d,43b63c05-bb69-4306-bbda-c0d0da7f4f42,1625683110454,13.5175885,52.4553492,1.4672188,0.5976248,1.215661,-0.7871585,in backpack,cyclo cross,False,mixed,mixed
c788515a-89a8-42a5-9546-82bc5a7be065,8dd67284-b937-4106-afc6-eec75579da4d,a62732e8-d9d8-4a01-b294-075f744ef11a,1625683110505,13.5175965,52.4553528,1.2602683,-0.46213484,0.20219803,0.099738,in backpack,cyclo cross,False,mixed,mixed
c788515a-89a8-42a5-9546-82bc5a7be065,8dd67284-b937-4106-afc6-eec75579da4d,591dbd36-ac37-467f-b345-8bdca5b0e6d5,1625683110555,13.5175965,52.4553528,1.2602683,-1.8661141,-0.8914504,0.5217612,in backpack,cyclo cross,False,mixed,mixed
c788515a-89a8-42a5-9546-82bc5a7be065,8dd67284-b937-4106-afc6-eec75579da4d,1856c89e-b307-49aa-b5b5-56c30fc699a3,1625683110605,13.5175965,52.4553528,1.2602683,-2.630114,-1.446013,0.64936674,in backpack,cyclo cross,False,mixed,mixed
c788515a-89a8-42a5-9546-82bc5a7be065,8dd67284-b937-4106-afc6-eec75579da4d,21d3f6a4-b1c6-4c07-8368-a79962930ac7,1625683110655,13.5175965,52.4553528,1.2602683,-2.518653,-0.8021989,0.88970554,in backpack,cyclo cross,False,mixed,mixed
c788515a-89a8-42a5-9546-82bc5a7be065,8dd67284-b937-4106-afc6-eec75579da4d,07697e16-5838-4dd2-a7e4-bdf5381a35ba,1625683110705,13.5175965,52.4553528,1.2602683,-1.0277252,0.22275782,0.51655495,in backpack,cyclo cross,False,mixed,mixed
c788515a-89a8-42a5-9546-82bc5a7be065,8dd67284-b937-4106-afc6-eec75579da4d,4c4051bf-69e5-4f57-8787-51cf4d2b738c,1625683110755,13.5175965,52.4553528,1.2602683,0.18317413,0.36329365,0.19713247,in backpack,cyclo cross,False,mixed,mixed
c788515a-89a8-42a5-9546-82bc5a7be065,8dd67284-b937-4106-afc6-eec75579da4d,835a4589-04b4-419d-8bc0-6ba8f67c0f7a,1625683110805,13.5175965,52.4553528,1.2602683,0.20326519,-0.4134426,1.2776527,in backpack,cyclo cross,False,mixed,mixed
c788515a-89a8-42a5-9546-82bc5a7be065,8dd67284-b937-4106-afc6-eec75579da4d,38ef39c8-869b-4505-8af1-e73b1e177f58,1625683110856,13.5175965,52.4553528,1.2602683,1.7229748,-0.27522755,1.7314332,in backpack,cyclo cross,False,mixed,mixed
c788515a-89a8-42a5-9546-82bc5a7be065,8dd67284-b937-4106-afc6-eec75579da4d,7cb082c8-8af8-471e-bdc3-70faeb922a7a,1625683110906,13.5175965,52.4553528,1.2602683,4.689024,-0.8884902,1.6016493,in backpack,cyclo cross,False,mixed,mixed
c788515a-89a8-42a5-9546-82bc5a7be065,8dd67284-b937-4106-afc6-eec75579da4d,2dfeef2f-973c-4eca-a9a0-7c9898562a8d,1625683110957,13.5175965,52.4553528,1.2602683,1.1203461,-0.22173119,-1.4501269,in backpack,cyclo cross,False,mixed,mixed
c788515a-89a8-42a5-9546-82bc5a7be065,8dd67284-b937-4106-afc6-eec75579da4d,042688ce-548d-4a24-9428-fd9cc83170a9,1625683111007,13.5175965,52.4553528,1.2602683,-1.4357567,4.635428,-5.016664,in backpack,cyclo cross,False,mixed,mixed
c788515a-89a8-42a5-9546-82bc5a7be065,8dd67284-b937-4106-afc6-eec75579da4d,0d524033-84d8-4145-ac41-856cd68f2d96,1625683111058,13.5175965,52.4553528,1.2602683,2.3793592,1.0758638,-2.181801,in backpack,cyclo cross,False,mixed,mixed
c788515a-89a8-42a5-9546-82bc5a7be065,8dd67284-b937-4106-afc6-eec75579da4d,37bf306e-5e92-4243-87e7-fd8220592b85,1625683111107,13.5176051,52.455355,0.9540889,0.7270727,-1.4793804,0.09484756,in backpack,cyclo cross,False,mixed,mixed
c788515a-89a8-42a5-9546-82bc5a7be065,8dd67284-b937-4106-afc6-eec75579da4d,a9a20e9a-4234-4d28-a417-2d7f8f587146,1625683111157,13.5176051,52.455355,0.9540889,-2.0728898,-2.7205777,0.7610066,in backpack,cyclo cross,False,mixed,mixed
c788515a-89a8-42a5-9546-82bc5a7be065,8dd67284-b937-4106-afc6-eec75579da4d,db476e00-393d-4059-9eef-4c0e9c534700,1625683111208,13.5176051,52.455355,0.9540889,-2.3778424,-2.4454823,0.95261335,in backpack,cyclo cross,False,mixed,mixed
c788515a-89a8-42a5-9546-82bc5a7be065,8dd67284-b937-4106-afc6-eec75579da4d,968c5b68-1bc5-46a3-b010-94b8cbce9394,1625683111259,13.5176051,52.455355,0.9540889,-2.0375323,-1.3244133,0.87256706,in backpack,cyclo cross,False,mixed,mixed
c788515a-89a8-42a5-9546-82bc5a7be065,8dd67284-b937-4106-afc6-eec75579da4d,2b592acf-c956-4f17-bec7-c95a9aa013a4,1625683111310,13.5176051,52.455355,0.9540889,-1.8451052,0.4748335,1.1288073,in backpack,cyclo cross,False,mixed,mixed
c788515a-89a8-42a5-9546-82bc5a7be065,8dd67284-b937-4106-afc6-eec75579da4d,f6c2db3c-3d9f-45ac-9cb6-47c80d3c4e2a,1625683111360,13.5176051,52.455355,0.9540889,0.5576658,0.048904896,0.7759155,in backpack,cyclo cross,False,mixed,mixed
c788515a-89a8-42a5-9546-82bc5a7be065,8dd67284-b937-4106-afc6-eec75579da4d,a40e961c-bee5-4353-8835-63465a674b8c,1625683111410,13.5176051,52.455355,0.9540889,2.2686176,0.049273968,0.65365505,in backpack,cyclo cross,False,mixed,mixed
c788515a-89a8-42a5-9546-82bc5a7be065,8dd67284-b937-4106-afc6-eec75579da4d,a6b9dfce-0eae-45af-9ee2-f0858133ac05,1625683111460,13.5176051,52.455355,0.9540889,3.7199297,-1.0006063,-0.16579759,in backpack,cyclo cross,False,mixed,mixed
c788515a-89a8-42a5-9546-82bc5a7be065,8dd67284-b937-4106-afc6-eec75579da4d,a9e89d12-a79c-4667-9a17-fa10ec0d0d99,1625683111511,13.5176051,52.455355,0.9540889,2.5715618,3.43999,-1.3977897,in backpack,cyclo cross,False,mixed,mixed
c788515a-89a8-42a5-9546-82bc5a7be065,8dd67284-b937-4106-afc6-eec75579da4d,860f33a2-035a-49f9-ab58-ab8223343d1e,1625683111562,13.5176051,52.455355,0.9540889,-1.1218996,1.4596229,-3.0168104,in backpack,cyclo cross,False,mixed,mixed
c788515a-89a8-42a5-9546-82bc5a7be065,8dd67284-b937-4106-afc6-eec75579da4d,65a5ac56-6922-4c23-b8bd-fea4ae21a657,1625683111613,13.5176051,52.455355,0.9540889,0.06809521,1.4225593,-0.73534346,in backpack,cyclo cross,False,mixed,mixed
c788515a-89a8-42a5-9546-82bc5a7be065,8dd67284-b937-4106-afc6-eec75579da4d,487dcd94-bf52-4d2c-97e1-6c7a2c0ac3e6,1625683111663,13.5176051,52.455355,0.9540889,-1.0425572,-0.3279152,0.678965,in backpack,cyclo cross,False,mixed,mixed
c788515a-89a8-42a5-9546-82bc5a7be065,8dd67284-b937-4106-afc6-eec75579da4d,1f59a1a3-6169-4b16-b1f5-4a5ddd2ad14b,1625683111714,13.5176101,52.4553589,1.2568668,-1.9762516,-1.1734099,0.77841306,in backpack,cyclo cross,False,mixed,mixed
c788515a-89a8-42a5-9546-82bc5a7be065,8dd67284-b937-4106-afc6-eec75579da4d,30438e0b-90f8-445d-b8bb-0eb4293f4fd0,1625683111764,13.5176101,52.4553589,1.2568668,-1.940021,-0.78587437,0.6769154,in backpack,cyclo cross,False,mixed,mixed
c788515a-89a8-42a5-9546-82bc5a7be065,8dd67284-b937-4106-afc6-eec75579da4d,b899dcd9-ada5-479b-931d-721a800a430d,1625683111815,13.5176101,52.4553589,1.2568668,-2.0265045,0.08103609,1.1632872,in backpack,cyclo cross,False,mixed,mixed
c788515a-89a8-42a5-9546-82bc5a7be065,8dd67284-b937-4106-afc6-eec75579da4d,cd82c12c-81fa-4b5d-8b24-fcdcc50e0220,1625683111865,13.5176101,52.4553589,1.2568668,-0.49564362,0.40292597,1.0284728,in backpack,cyclo cross,False,mixed,mixed
c788515a-89a8-42a5-9546-82bc5a7be065,8dd67284-b937-4106-afc6-eec75579da4d,631827e2-d298-402d-9987-b0d3b22be058,1625683111915,13.5176101,52.4553589,1.2568668,0.06318617,-0.08787823,0.8576255,in backpack,cyclo cross,False,mixed,mixed
c788515a-89a8-42a5-9546-82bc5a7be065,8dd67284-b937-4106-afc6-eec75579da4d,a710b1e8-d863-4e49-822a-261b94bc3db8,1625683111965,13.5176101,52.4553589,1.2568668,0.70875406,-0.83767366,1.543594,in backpack,cyclo cross,False,mixed,mixed
c788515a-89a8-42a5-9546-82bc5a7be065,8dd67284-b937-4106-afc6-eec75579da4d,1b9e8bd0-ebe1-4849-830e-8517ee5df5c1,1625683112016,13.5176101,52.4553589,1.2568668,2.715186,-0.23826313,2.2885487,in backpack,cyclo cross,False,mixed,mixed
c788515a-89a8-42a5-9546-82bc5a7be065,8dd67284-b937-4106-afc6-eec75579da4d,463f125a-5c7c-4eed-81c6-22b33b2fbeb1,1625683112065,13.5176101,52.4553589,1.2568668,3.7084494,0.21538115,0.19767606,in backpack,cyclo cross,False,mixed,mixed
c788515a-89a8-42a5-9546-82bc5a7be065,8dd67284-b937-4106-afc6-eec75579da4d,157ac6b8-09b6-4d3e-ae6b-4ebcf8ac49b0,1625683112116,13.5176101,52.4553589,1.2568668,1.2191687,1.7033057,-5.0709686,in backpack,cyclo cross,False,mixed,mixed
c788515a-89a8-42a5-9546-82bc5a7be065,8dd67284-b937-4106-afc6-eec75579da4d,17c03691-4655-48ac-b9e8-c5f72e143350,1625683112167,13.5176101,52.4553589,1.2568668,-2.0579987,3.040913,-3.8940642,in backpack,cyclo cross,False,mixed,mixed
c788515a-89a8-42a5-9546-82bc5a7be065,8dd67284-b937-4106-afc6-eec75579da4d,1b859048-24a3-440d-b2c1-de00878f7213,1625683112217,13.5176101,52.4553589,1.2568668,2.6150475,0.9102597,-1.3659313,in backpack,cyclo cross,False,mixed,mixed
c788515a-89a8-42a5-9546-82bc5a7be065,8dd67284-b937-4106-afc6-eec75579da4d,2f5e4a69-9889-443d-b52b-14f0a63e219a,1625683112267,13.5176176,52.4553618,1.4190218,0.5303936,-2.1582198,0.8000021,in backpack,cyclo cross,False,mixed,mixed
