bike_activity_uid,bike_activity_sample_uid,bike_activity_measurement,bike_activity_measurement_timestamp,bike_activity_measurement_lon,bike_activity_measurement_lat,bike_activity_measurement_speed,bike_activity_measurement_accelerometer_x,bike_activity_measurement_accelerometer_y,bike_activity_measurement_accelerometer_z,bike_activity_phone_position,bike_activity_bike_type,bike_activity_flagged_lab_conditions,bike_activity_surface_type,bike_activity_smoothness_type
f2970292-7c15-4bce-997c-d34ea8cf21d0,94876deb-15e6-4fbb-8650-f6ed7b1ec7ae,6f4f5ddc-b37a-4c8d-9eea-19a353883b56,1633257013163,14.3771446,52.2970973,8.731799,-1.8059294,-0.683959,0.8842983,on bike mount,cyclo cross,True,asphalt,excellent
f2970292-7c15-4bce-997c-d34ea8cf21d0,94876deb-15e6-4fbb-8650-f6ed7b1ec7ae,07cf1c93-107c-45bf-99ba-ae33113ec50b,1633257013212,14.3771446,52.2970973,8.731799,-1.3479819,-0.7025099,-1.7049441,on bike mount,cyclo cross,True,asphalt,excellent
f2970292-7c15-4bce-997c-d34ea8cf21d0,94876deb-15e6-4fbb-8650-f6ed7b1ec7ae,4e172314-97aa-4f0b-860b-9037df51c03f,1633257013264,14.3771446,52.2970973,8.731799,0.32639065,1.8567085,-3.4032412,on bike mount,cyclo cross,True,asphalt,excellent
f2970292-7c15-4bce-997c-d34ea8cf21d0,94876deb-15e6-4fbb-8650-f6ed7b1ec7ae,cbd26926-64cb-46d1-90ce-bc2427121fe7,1633257013330,14.3771446,52.2970973,8.731799,-0.007687092,1.5596571,0.026373863,on bike mount,cyclo cross,True,asphalt,excellent
f2970292-7c15-4bce-997c-d34ea8cf21d0,94876deb-15e6-4fbb-8650-f6ed7b1ec7ae,dabafade-5d10-4bbe-98c0-640fb3aa3f59,1633257013381,14.3771446,52.2970973,8.731799,-0.8109767,-1.8186975,-1.2460146,on bike mount,cyclo cross,True,asphalt,excellent
f2970292-7c15-4bce-997c-d34ea8cf21d0,94876deb-15e6-4fbb-8650-f6ed7b1ec7ae,6f202cc6-5355-4c82-a630-53cd8d951630,1633257013433,14.3771446,52.2970973,8.731799,0.13858926,0.40774894,2.586628,on bike mount,cyclo cross,True,asphalt,excellent
f2970292-7c15-4bce-997c-d34ea8cf21d0,94876deb-15e6-4fbb-8650-f6ed7b1ec7ae,feb8d0f9-ece5-4c45-ba6e-3f5f537fdcca,1633257013496,14.3771446,52.2970973,8.731799,1.1083802,1.947537,-0.19168377,on bike mount,cyclo cross,True,asphalt,excellent
f2970292-7c15-4bce-997c-d34ea8cf21d0,94876deb-15e6-4fbb-8650-f6ed7b1ec7ae,c0c7d4c3-b7de-4cad-aea3-946aeea1edad,1633257013549,14.3771446,52.2970973,8.731799,1.0089674,-0.0351758,-0.18527889,on bike mount,cyclo cross,True,asphalt,excellent
f2970292-7c15-4bce-997c-d34ea8cf21d0,94876deb-15e6-4fbb-8650-f6ed7b1ec7ae,73de87e6-a9b6-4fb0-8663-f999db014c1a,1633257013615,14.3771446,52.2970973,8.731799,-0.36618942,1.5248334,-0.795948,on bike mount,cyclo cross,True,asphalt,excellent
f2970292-7c15-4bce-997c-d34ea8cf21d0,94876deb-15e6-4fbb-8650-f6ed7b1ec7ae,f504b1e5-92ec-4e34-aa7a-e68c77af2132,1633257013665,14.3771446,52.2970973,8.731799,-0.5219561,0.45946646,-0.3743992,on bike mount,cyclo cross,True,asphalt,excellent
f2970292-7c15-4bce-997c-d34ea8cf21d0,94876deb-15e6-4fbb-8650-f6ed7b1ec7ae,e7291f92-025f-4815-9708-764e1128f3b6,1633257013717,14.3771446,52.2970973,8.731799,-0.69190896,-2.0758631,1.7253847,on bike mount,cyclo cross,True,asphalt,excellent
f2970292-7c15-4bce-997c-d34ea8cf21d0,94876deb-15e6-4fbb-8650-f6ed7b1ec7ae,1c05c6d4-bc58-43c1-bcf4-0f0516f3754e,1633257013770,14.3771446,52.2970973,8.731799,0.50432885,-0.9335785,1.2322454,on bike mount,cyclo cross,True,asphalt,excellent
f2970292-7c15-4bce-997c-d34ea8cf21d0,94876deb-15e6-4fbb-8650-f6ed7b1ec7ae,fc011b0f-f5ae-42db-be41-89e295ce8c71,1633257013830,14.3771446,52.2970973,8.731799,-1.2009073,-2.3929274,3.2858648,on bike mount,cyclo cross,True,asphalt,excellent
f2970292-7c15-4bce-997c-d34ea8cf21d0,94876deb-15e6-4fbb-8650-f6ed7b1ec7ae,87e08e5f-2f16-49a3-bdae-df6fd7861134,1633257013883,14.3771446,52.2970973,8.731799,1.4673631,-1.3454825,-0.4881239,on bike mount,cyclo cross,True,asphalt,excellent
f2970292-7c15-4bce-997c-d34ea8cf21d0,94876deb-15e6-4fbb-8650-f6ed7b1ec7ae,75edbb84-6da3-4889-95af-277b8e7bc2c0,1633257013932,14.3771446,52.2970973,8.731799,0.588048,-0.13195276,0.5058813,on bike mount,cyclo cross,True,asphalt,excellent
f2970292-7c15-4bce-997c-d34ea8cf21d0,94876deb-15e6-4fbb-8650-f6ed7b1ec7ae,33ac7d8d-6514-43fd-a127-6d75b58d69fa,1633257013983,14.3771446,52.2970973,8.731799,0.4714617,1.6417041,-0.16316032,on bike mount,cyclo cross,True,asphalt,excellent
f2970292-7c15-4bce-997c-d34ea8cf21d0,94876deb-15e6-4fbb-8650-f6ed7b1ec7ae,7d0420bd-8b30-4e56-9e22-d85af581f29c,1633257014049,14.3771446,52.2970973,8.731799,-1.3414301,0.9971883,-4.020248,on bike mount,cyclo cross,True,asphalt,excellent
f2970292-7c15-4bce-997c-d34ea8cf21d0,94876deb-15e6-4fbb-8650-f6ed7b1ec7ae,9a32e36c-489e-436a-a476-fb9d64b79728,1633257014105,14.3771446,52.2970973,8.731799,-0.9643538,2.7275643,-4.626596,on bike mount,cyclo cross,True,asphalt,excellent
f2970292-7c15-4bce-997c-d34ea8cf21d0,94876deb-15e6-4fbb-8650-f6ed7b1ec7ae,77b2eb79-fc6b-4280-acb6-89b3ece9fc25,1633257014163,14.3770774,52.2971653,8.729181,-0.87677264,0.46375918,-2.9382353,on bike mount,cyclo cross,True,asphalt,excellent
f2970292-7c15-4bce-997c-d34ea8cf21d0,94876deb-15e6-4fbb-8650-f6ed7b1ec7ae,7574ad05-fe77-47a4-b3bd-a39a5e2c7b60,1633257014214,14.3770774,52.2971653,8.729181,-0.99267775,-0.5853758,-1.428009,on bike mount,cyclo cross,True,asphalt,excellent
f2970292-7c15-4bce-997c-d34ea8cf21d0,94876deb-15e6-4fbb-8650-f6ed7b1ec7ae,f1b3730c-cfa5-4bd7-9806-ae1cf2d03edd,1633257014265,14.3770774,52.2971653,8.729181,-1.4990561,-1.2719047,0.42971802,on bike mount,cyclo cross,True,asphalt,excellent
f2970292-7c15-4bce-997c-d34ea8cf21d0,94876deb-15e6-4fbb-8650-f6ed7b1ec7ae,d09ea6ea-0aae-40ba-aca5-eefb30d618b8,1633257014317,14.3770774,52.2971653,8.729181,0.3287298,0.95663214,0.6690769,on bike mount,cyclo cross,True,asphalt,excellent
f2970292-7c15-4bce-997c-d34ea8cf21d0,94876deb-15e6-4fbb-8650-f6ed7b1ec7ae,5cd1778d-5f1c-4372-98dc-483ee6c07359,1633257014367,14.3770774,52.2971653,8.729181,0.8062386,0.5418937,0.85661507,on bike mount,cyclo cross,True,asphalt,excellent
f2970292-7c15-4bce-997c-d34ea8cf21d0,94876deb-15e6-4fbb-8650-f6ed7b1ec7ae,6c1b857b-e7e6-46ca-be76-32d0918e532c,1633257014417,14.3770774,52.2971653,8.729181,-0.3233226,2.1946785,-0.37741756,on bike mount,cyclo cross,True,asphalt,excellent
f2970292-7c15-4bce-997c-d34ea8cf21d0,94876deb-15e6-4fbb-8650-f6ed7b1ec7ae,59e6d0e5-7ee0-4f45-9bbf-242035911f62,1633257014470,14.3770774,52.2971653,8.729181,-0.7304058,-0.8199725,-0.015660286,on bike mount,cyclo cross,True,asphalt,excellent
f2970292-7c15-4bce-997c-d34ea8cf21d0,94876deb-15e6-4fbb-8650-f6ed7b1ec7ae,8b7515e9-361f-47c9-a1fe-e907a44b5673,1633257014531,14.3770774,52.2971653,8.729181,1.5697579,-1.509678,0.77748203,on bike mount,cyclo cross,True,asphalt,excellent
f2970292-7c15-4bce-997c-d34ea8cf21d0,94876deb-15e6-4fbb-8650-f6ed7b1ec7ae,a472bffd-710e-450b-8319-52ed5341d1fb,1633257014581,14.3770774,52.2971653,8.729181,0.63972294,0.25294447,-2.0016212,on bike mount,cyclo cross,True,asphalt,excellent
f2970292-7c15-4bce-997c-d34ea8cf21d0,94876deb-15e6-4fbb-8650-f6ed7b1ec7ae,10d91eb4-06d0-4f79-8e15-84c34f0df438,1633257014631,14.3770774,52.2971653,8.729181,-0.22215025,0.21455836,-1.6112456,on bike mount,cyclo cross,True,asphalt,excellent
f2970292-7c15-4bce-997c-d34ea8cf21d0,94876deb-15e6-4fbb-8650-f6ed7b1ec7ae,38a4075f-e0a7-48c9-a131-6e19c296ba81,1633257014682,14.3770774,52.2971653,8.729181,0.97148854,-0.7174964,0.88421726,on bike mount,cyclo cross,True,asphalt,excellent
f2970292-7c15-4bce-997c-d34ea8cf21d0,94876deb-15e6-4fbb-8650-f6ed7b1ec7ae,5dedf6ae-f034-4681-a700-d8c5da206031,1633257014733,14.3770774,52.2971653,8.729181,-3.5676727,1.6819105,-2.4257388,on bike mount,cyclo cross,True,asphalt,excellent
f2970292-7c15-4bce-997c-d34ea8cf21d0,94876deb-15e6-4fbb-8650-f6ed7b1ec7ae,a1352175-ec41-4f28-9a74-c8227fd6e091,1633257014784,14.3770774,52.2971653,8.729181,0.7471806,-0.41219997,-0.28447247,on bike mount,cyclo cross,True,asphalt,excellent
f2970292-7c15-4bce-997c-d34ea8cf21d0,94876deb-15e6-4fbb-8650-f6ed7b1ec7ae,fbc5e3ff-5e3f-4f9e-b191-598699f44f98,1633257014849,14.3770774,52.2971653,8.729181,1.1245914,-1.2627672,2.8354044,on bike mount,cyclo cross,True,asphalt,excellent
f2970292-7c15-4bce-997c-d34ea8cf21d0,94876deb-15e6-4fbb-8650-f6ed7b1ec7ae,cd9da59a-aa88-4276-8671-c599b4ff549c,1633257014900,14.3770774,52.2971653,8.729181,0.7616985,-1.0166528,-2.3503413,on bike mount,cyclo cross,True,asphalt,excellent
f2970292-7c15-4bce-997c-d34ea8cf21d0,94876deb-15e6-4fbb-8650-f6ed7b1ec7ae,debbb5ab-323c-4b0f-8d91-7ab51a26f470,1633257014951,14.3770774,52.2971653,8.729181,-2.0445912,1.510925,-1.5902214,on bike mount,cyclo cross,True,asphalt,excellent
f2970292-7c15-4bce-997c-d34ea8cf21d0,94876deb-15e6-4fbb-8650-f6ed7b1ec7ae,71f753d3-9abf-4bf8-bfc2-a1fd9f0602e0,1633257015000,14.3770774,52.2971653,8.729181,-0.015164867,-0.60714555,1.4315758,on bike mount,cyclo cross,True,asphalt,excellent
f2970292-7c15-4bce-997c-d34ea8cf21d0,94876deb-15e6-4fbb-8650-f6ed7b1ec7ae,889360df-627a-4bc7-93a7-38a95e251762,1633257015051,14.3770774,52.2971653,8.729181,-0.1781221,0.007926226,-2.143629,on bike mount,cyclo cross,True,asphalt,excellent
f2970292-7c15-4bce-997c-d34ea8cf21d0,94876deb-15e6-4fbb-8650-f6ed7b1ec7ae,bc06afad-f65b-4f1e-a87d-3aa83da72e7e,1633257015101,14.3770774,52.2971653,8.729181,-1.0448427,0.90440536,-2.5709996,on bike mount,cyclo cross,True,asphalt,excellent
f2970292-7c15-4bce-997c-d34ea8cf21d0,94876deb-15e6-4fbb-8650-f6ed7b1ec7ae,5d73e100-edaa-45d9-a000-91cf61bc894e,1633257015154,14.3770056,52.2972274,8.721495,0.007732287,-0.10361934,0.2760191,on bike mount,cyclo cross,True,asphalt,excellent
f2970292-7c15-4bce-997c-d34ea8cf21d0,94876deb-15e6-4fbb-8650-f6ed7b1ec7ae,faba00e3-2da9-4a7c-9710-a6777814282a,1633257015215,14.3770056,52.2972274,8.721495,0.73323834,-0.34379745,-1.2719483,on bike mount,cyclo cross,True,asphalt,excellent
f2970292-7c15-4bce-997c-d34ea8cf21d0,94876deb-15e6-4fbb-8650-f6ed7b1ec7ae,7ca7fabc-e25d-4c7b-829c-2ff2874a91c9,1633257015265,14.3770056,52.2972274,8.721495,0.53069293,1.2967603,0.6364298,on bike mount,cyclo cross,True,asphalt,excellent
f2970292-7c15-4bce-997c-d34ea8cf21d0,94876deb-15e6-4fbb-8650-f6ed7b1ec7ae,b8076f15-f788-4ae0-9fac-3a759e69250e,1633257015315,14.3770056,52.2972274,8.721495,0.28533494,1.6694884,0.23805904,on bike mount,cyclo cross,True,asphalt,excellent
f2970292-7c15-4bce-997c-d34ea8cf21d0,94876deb-15e6-4fbb-8650-f6ed7b1ec7ae,cea79b02-e02d-433d-a014-cfe465075c80,1633257015366,14.3770056,52.2972274,8.721495,-0.25295633,-0.34045482,1.6638174,on bike mount,cyclo cross,True,asphalt,excellent
f2970292-7c15-4bce-997c-d34ea8cf21d0,94876deb-15e6-4fbb-8650-f6ed7b1ec7ae,7bc1887f-1835-45f1-b08c-3aed7d38e170,1633257015416,14.3770056,52.2972274,8.721495,1.1731681,0.9927418,-1.5648785,on bike mount,cyclo cross,True,asphalt,excellent
f2970292-7c15-4bce-997c-d34ea8cf21d0,94876deb-15e6-4fbb-8650-f6ed7b1ec7ae,93a91edd-b873-4bd3-9995-8aefd71ac187,1633257015466,14.3770056,52.2972274,8.721495,1.7980254,0.7657881,0.5722914,on bike mount,cyclo cross,True,asphalt,excellent
f2970292-7c15-4bce-997c-d34ea8cf21d0,94876deb-15e6-4fbb-8650-f6ed7b1ec7ae,2580ebb6-3966-4cf3-bce0-5ba1eda224b1,1633257015518,14.3770056,52.2972274,8.721495,-0.9719666,-0.051056862,-0.6757202,on bike mount,cyclo cross,True,asphalt,excellent
f2970292-7c15-4bce-997c-d34ea8cf21d0,94876deb-15e6-4fbb-8650-f6ed7b1ec7ae,d1923a84-e2b0-41e9-8506-509a53a43c09,1633257015585,14.3770056,52.2972274,8.721495,0.21415675,0.1933198,1.6877337,on bike mount,cyclo cross,True,asphalt,excellent
f2970292-7c15-4bce-997c-d34ea8cf21d0,94876deb-15e6-4fbb-8650-f6ed7b1ec7ae,5ac5a698-b407-4f43-8fdc-02732ef987d5,1633257015650,14.3770056,52.2972274,8.721495,0.19625926,-0.08817029,0.59490204,on bike mount,cyclo cross,True,asphalt,excellent
f2970292-7c15-4bce-997c-d34ea8cf21d0,94876deb-15e6-4fbb-8650-f6ed7b1ec7ae,823c487d-142d-4ea8-a0f8-75af1d2646fc,1633257015702,14.3770056,52.2972274,8.721495,-0.5334303,-0.0975678,1.0195866,on bike mount,cyclo cross,True,asphalt,excellent
f2970292-7c15-4bce-997c-d34ea8cf21d0,94876deb-15e6-4fbb-8650-f6ed7b1ec7ae,cd6f618c-2703-4263-bf76-08f3911fb881,1633257015752,14.3770056,52.2972274,8.721495,1.2473564,-0.3271587,-0.39094448,on bike mount,cyclo cross,True,asphalt,excellent
f2970292-7c15-4bce-997c-d34ea8cf21d0,94876deb-15e6-4fbb-8650-f6ed7b1ec7ae,5532e6cc-19b6-434a-b64a-69d8bc550ce2,1633257015803,14.3770056,52.2972274,8.721495,1.2094138,-0.6884198,1.2462721,on bike mount,cyclo cross,True,asphalt,excellent
f2970292-7c15-4bce-997c-d34ea8cf21d0,94876deb-15e6-4fbb-8650-f6ed7b1ec7ae,69c3a7bb-df30-4b04-82fd-cc27644a0ce7,1633257015867,14.3770056,52.2972274,8.721495,0.3943131,-0.18821931,1.9070435,on bike mount,cyclo cross,True,asphalt,excellent
f2970292-7c15-4bce-997c-d34ea8cf21d0,94876deb-15e6-4fbb-8650-f6ed7b1ec7ae,bd0960d4-b393-4fe0-9209-22d408f03bc8,1633257015921,14.3770056,52.2972274,8.721495,0.32214236,-0.2461822,2.4310465,on bike mount,cyclo cross,True,asphalt,excellent
f2970292-7c15-4bce-997c-d34ea8cf21d0,94876deb-15e6-4fbb-8650-f6ed7b1ec7ae,bee284a1-f97a-4d77-9924-d9de5e99f858,1633257015985,14.3770056,52.2972274,8.721495,0.19215167,-0.7476003,-0.5328007,on bike mount,cyclo cross,True,asphalt,excellent
f2970292-7c15-4bce-997c-d34ea8cf21d0,94876deb-15e6-4fbb-8650-f6ed7b1ec7ae,4d97f29b-7b6c-4bc0-81b4-7c7dd0c5514f,1633257016038,14.3770056,52.2972274,8.721495,-0.29991734,-0.00024485588,-0.27105522,on bike mount,cyclo cross,True,asphalt,excellent
f2970292-7c15-4bce-997c-d34ea8cf21d0,94876deb-15e6-4fbb-8650-f6ed7b1ec7ae,b3503c4c-9378-441f-8760-b3b7a25c6223,1633257016101,14.3770056,52.2972274,8.721495,0.35653797,-0.4466281,0.7737446,on bike mount,cyclo cross,True,asphalt,excellent
f2970292-7c15-4bce-997c-d34ea8cf21d0,94876deb-15e6-4fbb-8650-f6ed7b1ec7ae,146021ea-16ae-40ed-ab75-bcc461f72932,1633257016151,14.3769327,52.2972914,8.718448,-0.9819787,-0.60217714,-1.9086628,on bike mount,cyclo cross,True,asphalt,excellent
f2970292-7c15-4bce-997c-d34ea8cf21d0,94876deb-15e6-4fbb-8650-f6ed7b1ec7ae,54389509-bab1-46bb-b79b-423e353a23a2,1633257016202,14.3769327,52.2972914,8.718448,-0.2404947,-0.71493125,-0.0061159134,on bike mount,cyclo cross,True,asphalt,excellent
f2970292-7c15-4bce-997c-d34ea8cf21d0,94876deb-15e6-4fbb-8650-f6ed7b1ec7ae,eef322d1-c11d-4c6a-b0b8-081851d603b6,1633257016252,14.3769327,52.2972914,8.718448,0.8042242,0.85843635,-0.44660664,on bike mount,cyclo cross,True,asphalt,excellent
f2970292-7c15-4bce-997c-d34ea8cf21d0,94876deb-15e6-4fbb-8650-f6ed7b1ec7ae,0c12c01a-a355-434c-82f9-4777bed56891,1633257016303,14.3769327,52.2972914,8.718448,1.3460497,0.6479068,-0.042126656,on bike mount,cyclo cross,True,asphalt,excellent
f2970292-7c15-4bce-997c-d34ea8cf21d0,94876deb-15e6-4fbb-8650-f6ed7b1ec7ae,1a08b9b4-fdc5-4c82-baf8-d1df353338e1,1633257016354,14.3769327,52.2972914,8.718448,-0.080592856,0.5178499,-0.3135252,on bike mount,cyclo cross,True,asphalt,excellent
f2970292-7c15-4bce-997c-d34ea8cf21d0,94876deb-15e6-4fbb-8650-f6ed7b1ec7ae,b1a4232a-8bfd-490d-b972-1745d8dd5341,1633257016419,14.3769327,52.2972914,8.718448,0.084822394,-0.7862694,-0.07128334,on bike mount,cyclo cross,True,asphalt,excellent
f2970292-7c15-4bce-997c-d34ea8cf21d0,94876deb-15e6-4fbb-8650-f6ed7b1ec7ae,1b28a75c-f6f7-4ac1-8e20-aaf7a270bf46,1633257016470,14.3769327,52.2972914,8.718448,-0.8412352,1.1878376,0.07971573,on bike mount,cyclo cross,True,asphalt,excellent
f2970292-7c15-4bce-997c-d34ea8cf21d0,94876deb-15e6-4fbb-8650-f6ed7b1ec7ae,391a4ad2-6437-468a-b57e-13172d84fbf2,1633257016520,14.3769327,52.2972914,8.718448,1.363195,-0.017362118,-0.49722195,on bike mount,cyclo cross,True,asphalt,excellent
f2970292-7c15-4bce-997c-d34ea8cf21d0,94876deb-15e6-4fbb-8650-f6ed7b1ec7ae,91953695-20ed-48c3-a717-02931173b678,1633257016570,14.3769327,52.2972914,8.718448,-0.6399765,-0.5828593,0.414258,on bike mount,cyclo cross,True,asphalt,excellent
f2970292-7c15-4bce-997c-d34ea8cf21d0,94876deb-15e6-4fbb-8650-f6ed7b1ec7ae,b717b074-e9be-4310-9d4f-ee8f6bbf2afc,1633257016620,14.3769327,52.2972914,8.718448,1.1553594,0.63082933,-0.016242981,on bike mount,cyclo cross,True,asphalt,excellent
f2970292-7c15-4bce-997c-d34ea8cf21d0,94876deb-15e6-4fbb-8650-f6ed7b1ec7ae,d6ef153c-ac1b-47dd-aaf3-e7354349e078,1633257016685,14.3769327,52.2972914,8.718448,0.18672973,-0.46225786,-2.2644715,on bike mount,cyclo cross,True,asphalt,excellent
f2970292-7c15-4bce-997c-d34ea8cf21d0,94876deb-15e6-4fbb-8650-f6ed7b1ec7ae,1afd4e8a-cffc-485b-938b-72a9993d3e10,1633257016736,14.3769327,52.2972914,8.718448,0.430455,-0.7266667,-3.1369505,on bike mount,cyclo cross,True,asphalt,excellent
f2970292-7c15-4bce-997c-d34ea8cf21d0,94876deb-15e6-4fbb-8650-f6ed7b1ec7ae,b32f8d3a-ea8b-4cfb-afab-6d4b0efc2ec7,1633257016802,14.3769327,52.2972914,8.718448,-0.24915907,0.5037427,-1.3151588,on bike mount,cyclo cross,True,asphalt,excellent
f2970292-7c15-4bce-997c-d34ea8cf21d0,94876deb-15e6-4fbb-8650-f6ed7b1ec7ae,afe9ab77-aeff-478c-93a9-98b165f559a6,1633257016852,14.3769327,52.2972914,8.718448,-0.25840974,0.6673019,0.49973965,on bike mount,cyclo cross,True,asphalt,excellent
f2970292-7c15-4bce-997c-d34ea8cf21d0,94876deb-15e6-4fbb-8650-f6ed7b1ec7ae,3f804bce-7474-47ca-af5a-4fbf65fb5f05,1633257016903,14.3769327,52.2972914,8.718448,0.710606,-2.4524817,3.3605518,on bike mount,cyclo cross,True,asphalt,excellent
f2970292-7c15-4bce-997c-d34ea8cf21d0,94876deb-15e6-4fbb-8650-f6ed7b1ec7ae,9a547f69-cfaa-407d-88f9-1ad5d325041f,1633257016970,14.3769327,52.2972914,8.718448,-0.71903694,-0.84783554,0.43632317,on bike mount,cyclo cross,True,asphalt,excellent
f2970292-7c15-4bce-997c-d34ea8cf21d0,94876deb-15e6-4fbb-8650-f6ed7b1ec7ae,7001713f-8821-47da-aeb1-245c3fbbb44d,1633257017020,14.3769327,52.2972914,8.718448,-0.33921328,-0.3249352,-1.5766196,on bike mount,cyclo cross,True,asphalt,excellent
f2970292-7c15-4bce-997c-d34ea8cf21d0,94876deb-15e6-4fbb-8650-f6ed7b1ec7ae,c3b90b48-5ba7-4ee9-9c71-5081241c1d91,1633257017070,14.3769327,52.2972914,8.718448,0.006141469,-1.5283234,1.4772873,on bike mount,cyclo cross,True,asphalt,excellent
f2970292-7c15-4bce-997c-d34ea8cf21d0,94876deb-15e6-4fbb-8650-f6ed7b1ec7ae,b313da09-4de9-4688-9d0c-6c3d0e87b87b,1633257017126,14.3769327,52.2972914,8.718448,-0.23909397,-1.6740605,-1.2095404,on bike mount,cyclo cross,True,asphalt,excellent
f2970292-7c15-4bce-997c-d34ea8cf21d0,94876deb-15e6-4fbb-8650-f6ed7b1ec7ae,e8f728b8-cdc3-4cef-8dd9-e91e58859467,1633257017187,14.3768617,52.2973578,8.7433,0.4828925,0.90606165,-0.12370968,on bike mount,cyclo cross,True,asphalt,excellent
f2970292-7c15-4bce-997c-d34ea8cf21d0,94876deb-15e6-4fbb-8650-f6ed7b1ec7ae,065eba22-3363-408c-b189-eacfe160909a,1633257017238,14.3768617,52.2973578,8.7433,-2.125916,0.7462189,2.7254915,on bike mount,cyclo cross,True,asphalt,excellent
f2970292-7c15-4bce-997c-d34ea8cf21d0,94876deb-15e6-4fbb-8650-f6ed7b1ec7ae,613011f4-d660-4384-bf33-818e1d974e88,1633257017287,14.3768617,52.2973578,8.7433,-0.06137742,-1.4637675,-4.870589,on bike mount,cyclo cross,True,asphalt,excellent
f2970292-7c15-4bce-997c-d34ea8cf21d0,94876deb-15e6-4fbb-8650-f6ed7b1ec7ae,bb9a5587-a358-435b-ae16-71179f799852,1633257017337,14.3768617,52.2973578,8.7433,0.72404987,0.08476114,-0.74684143,on bike mount,cyclo cross,True,asphalt,excellent
f2970292-7c15-4bce-997c-d34ea8cf21d0,94876deb-15e6-4fbb-8650-f6ed7b1ec7ae,c9272502-12ae-4f85-b219-25e93b502c01,1633257017389,14.3768617,52.2973578,8.7433,-0.027858824,1.1329417,1.5341702,on bike mount,cyclo cross,True,asphalt,excellent
f2970292-7c15-4bce-997c-d34ea8cf21d0,94876deb-15e6-4fbb-8650-f6ed7b1ec7ae,ea51f9ce-9c9d-4ac7-8102-9f10ab84251b,1633257017441,14.3768617,52.2973578,8.7433,0.8220781,-0.37900352,-2.3082786,on bike mount,cyclo cross,True,asphalt,excellent
f2970292-7c15-4bce-997c-d34ea8cf21d0,94876deb-15e6-4fbb-8650-f6ed7b1ec7ae,e86a40d6-388b-4877-8944-498d747247f9,1633257017495,14.3768617,52.2973578,8.7433,1.0537722,-1.7460003,0.63272095,on bike mount,cyclo cross,True,asphalt,excellent
f2970292-7c15-4bce-997c-d34ea8cf21d0,94876deb-15e6-4fbb-8650-f6ed7b1ec7ae,a027200c-2524-4f1d-9800-a7bed9986e7a,1633257017554,14.3768617,52.2973578,8.7433,0.7132435,-1.8028685,2.0780783,on bike mount,cyclo cross,True,asphalt,excellent
f2970292-7c15-4bce-997c-d34ea8cf21d0,94876deb-15e6-4fbb-8650-f6ed7b1ec7ae,2395fcb9-e411-4c13-8d86-098be270e85d,1633257017605,14.3768617,52.2973578,8.7433,0.43486083,1.1965699,-2.5321789,on bike mount,cyclo cross,True,asphalt,excellent
f2970292-7c15-4bce-997c-d34ea8cf21d0,94876deb-15e6-4fbb-8650-f6ed7b1ec7ae,7880cea3-3d8d-442d-b57a-e75f201a4161,1633257017654,14.3768617,52.2973578,8.7433,0.26078922,-1.3983097,-0.25240993,on bike mount,cyclo cross,True,asphalt,excellent
f2970292-7c15-4bce-997c-d34ea8cf21d0,94876deb-15e6-4fbb-8650-f6ed7b1ec7ae,4e574d2f-6141-4532-bec5-6cf3e0d43583,1633257017704,14.3768617,52.2973578,8.7433,0.27655545,-0.12031698,2.5591478,on bike mount,cyclo cross,True,asphalt,excellent
f2970292-7c15-4bce-997c-d34ea8cf21d0,94876deb-15e6-4fbb-8650-f6ed7b1ec7ae,734e5abf-27d5-4d9d-9bed-4540119feed1,1633257017757,14.3768617,52.2973578,8.7433,-0.4322753,-0.14534616,0.33119392,on bike mount,cyclo cross,True,asphalt,excellent
f2970292-7c15-4bce-997c-d34ea8cf21d0,94876deb-15e6-4fbb-8650-f6ed7b1ec7ae,5f37995b-df91-448c-99e5-4bb116431738,1633257017820,14.3768617,52.2973578,8.7433,0.4905359,-0.6787958,-1.4598289,on bike mount,cyclo cross,True,asphalt,excellent
f2970292-7c15-4bce-997c-d34ea8cf21d0,94876deb-15e6-4fbb-8650-f6ed7b1ec7ae,a4b98025-054b-48cb-b3fd-710459bb8ca0,1633257017872,14.3768617,52.2973578,8.7433,-0.036847353,0.6757238,-0.1919632,on bike mount,cyclo cross,True,asphalt,excellent
f2970292-7c15-4bce-997c-d34ea8cf21d0,94876deb-15e6-4fbb-8650-f6ed7b1ec7ae,7957f823-30b5-45b7-b522-1b4b3fb8d16e,1633257017936,14.3768617,52.2973578,8.7433,0.120869875,-0.4620161,-0.48180676,on bike mount,cyclo cross,True,asphalt,excellent
f2970292-7c15-4bce-997c-d34ea8cf21d0,94876deb-15e6-4fbb-8650-f6ed7b1ec7ae,98e20a96-b054-4190-baef-ecfae9939b7e,1633257017986,14.3768617,52.2973578,8.7433,0.116769604,-0.299721,-0.7392559,on bike mount,cyclo cross,True,asphalt,excellent
f2970292-7c15-4bce-997c-d34ea8cf21d0,94876deb-15e6-4fbb-8650-f6ed7b1ec7ae,5fbaa833-e87c-46b8-8bf9-9496ae29a566,1633257018037,14.3768617,52.2973578,8.7433,0.34268096,-1.9100792,0.9686899,on bike mount,cyclo cross,True,asphalt,excellent
f2970292-7c15-4bce-997c-d34ea8cf21d0,94876deb-15e6-4fbb-8650-f6ed7b1ec7ae,5e939779-272f-4760-a0f5-c94bdf5f3473,1633257018087,14.3768617,52.2973578,8.7433,1.0512784,0.66802526,0.5903292,on bike mount,cyclo cross,True,asphalt,excellent
f2970292-7c15-4bce-997c-d34ea8cf21d0,94876deb-15e6-4fbb-8650-f6ed7b1ec7ae,5b7c44cd-11d6-491d-bc79-46c8e0d08674,1633257018137,14.376792,52.2974274,8.752365,1.031157,-1.2615045,-3.1192098,on bike mount,cyclo cross,True,asphalt,excellent
f2970292-7c15-4bce-997c-d34ea8cf21d0,94876deb-15e6-4fbb-8650-f6ed7b1ec7ae,be0b2992-8347-48cf-97dc-7a6b5f6e7c7f,1633257018188,14.376792,52.2974274,8.752365,0.111087255,-0.058063507,3.0848627,on bike mount,cyclo cross,True,asphalt,excellent
f2970292-7c15-4bce-997c-d34ea8cf21d0,94876deb-15e6-4fbb-8650-f6ed7b1ec7ae,9ed07949-bb00-4005-8df0-80be05b27e3c,1633257018240,14.376792,52.2974274,8.752365,-0.98287606,1.8645091,-1.5719366,on bike mount,cyclo cross,True,asphalt,excellent
f2970292-7c15-4bce-997c-d34ea8cf21d0,94876deb-15e6-4fbb-8650-f6ed7b1ec7ae,324fb163-211a-4d2a-9531-f0a72667aed0,1633257018292,14.376792,52.2974274,8.752365,-0.18436319,-1.5297276,-0.044751167,on bike mount,cyclo cross,True,asphalt,excellent
f2970292-7c15-4bce-997c-d34ea8cf21d0,94876deb-15e6-4fbb-8650-f6ed7b1ec7ae,fe8b1a80-c40f-4d05-96eb-365b00f201e5,1633257018354,14.376792,52.2974274,8.752365,0.3241477,-0.05027604,0.19028187,on bike mount,cyclo cross,True,asphalt,excellent
f2970292-7c15-4bce-997c-d34ea8cf21d0,94876deb-15e6-4fbb-8650-f6ed7b1ec7ae,ec6aaa23-1092-4ce5-bebf-908fa3097a44,1633257018405,14.376792,52.2974274,8.752365,-0.25400767,0.24591112,-2.5487795,on bike mount,cyclo cross,True,asphalt,excellent
f2970292-7c15-4bce-997c-d34ea8cf21d0,94876deb-15e6-4fbb-8650-f6ed7b1ec7ae,a3a82a39-5812-4d0a-839c-77b39de7a49e,1633257018456,14.376792,52.2974274,8.752365,-0.5290196,-0.89280033,-1.8067269,on bike mount,cyclo cross,True,asphalt,excellent
f2970292-7c15-4bce-997c-d34ea8cf21d0,94876deb-15e6-4fbb-8650-f6ed7b1ec7ae,ac89fa49-4ab0-452a-b1e2-f9bd715e3461,1633257018505,14.376792,52.2974274,8.752365,-0.2270093,-1.1300765,-1.4894257,on bike mount,cyclo cross,True,asphalt,excellent
f2970292-7c15-4bce-997c-d34ea8cf21d0,94876deb-15e6-4fbb-8650-f6ed7b1ec7ae,665c239c-8aa4-451e-af37-ebd530ecf32e,1633257018554,14.376792,52.2974274,8.752365,0.40674013,0.21324897,-0.004224777,on bike mount,cyclo cross,True,asphalt,excellent
f2970292-7c15-4bce-997c-d34ea8cf21d0,94876deb-15e6-4fbb-8650-f6ed7b1ec7ae,db83ada6-c9a1-4702-85f7-2f7b16805f18,1633257018605,14.376792,52.2974274,8.752365,-0.37745178,-0.4714737,-0.18116951,on bike mount,cyclo cross,True,asphalt,excellent
f2970292-7c15-4bce-997c-d34ea8cf21d0,94876deb-15e6-4fbb-8650-f6ed7b1ec7ae,9d382cf9-a47e-4b69-b2de-fbde8bf603ae,1633257018655,14.376792,52.2974274,8.752365,-0.5486279,-0.16799259,1.7507744,on bike mount,cyclo cross,True,asphalt,excellent
f2970292-7c15-4bce-997c-d34ea8cf21d0,94876deb-15e6-4fbb-8650-f6ed7b1ec7ae,e6a94177-c6d8-4bcf-9dc0-29631db6e87a,1633257018708,14.376792,52.2974274,8.752365,0.29371557,0.1757443,-2.0852938,on bike mount,cyclo cross,True,asphalt,excellent
f2970292-7c15-4bce-997c-d34ea8cf21d0,94876deb-15e6-4fbb-8650-f6ed7b1ec7ae,aefcec34-4cb6-4ccc-9de8-a02abf369281,1633257018759,14.376792,52.2974274,8.752365,-0.87861997,-0.8456981,1.4718456,on bike mount,cyclo cross,True,asphalt,excellent
f2970292-7c15-4bce-997c-d34ea8cf21d0,94876deb-15e6-4fbb-8650-f6ed7b1ec7ae,9d0309ef-fd67-450b-b137-bfb72ebf45d6,1633257018810,14.376792,52.2974274,8.752365,-2.3779721,-0.8086815,1.4047709,on bike mount,cyclo cross,True,asphalt,excellent
f2970292-7c15-4bce-997c-d34ea8cf21d0,94876deb-15e6-4fbb-8650-f6ed7b1ec7ae,bf5e4ff3-dbf5-494f-bf71-a7b8c2f5a4bb,1633257018871,14.376792,52.2974274,8.752365,-0.21330985,3.1893153,-0.636076,on bike mount,cyclo cross,True,asphalt,excellent
f2970292-7c15-4bce-997c-d34ea8cf21d0,94876deb-15e6-4fbb-8650-f6ed7b1ec7ae,4f6da78e-0cdd-4743-ab2f-7e8b42a4c1b1,1633257018922,14.376792,52.2974274,8.752365,-0.19132236,0.25430894,3.6913557,on bike mount,cyclo cross,True,asphalt,excellent
f2970292-7c15-4bce-997c-d34ea8cf21d0,94876deb-15e6-4fbb-8650-f6ed7b1ec7ae,4112518e-b74b-41b0-9f2c-73263a1499b9,1633257018972,14.376792,52.2974274,8.752365,-1.1286674,1.0398362,-0.7057924,on bike mount,cyclo cross,True,asphalt,excellent
f2970292-7c15-4bce-997c-d34ea8cf21d0,94876deb-15e6-4fbb-8650-f6ed7b1ec7ae,8c955518-0184-4445-aeae-783c11c01332,1633257019023,14.376792,52.2974274,8.752365,1.1331218,1.8809972,-1.1895933,on bike mount,cyclo cross,True,asphalt,excellent
f2970292-7c15-4bce-997c-d34ea8cf21d0,94876deb-15e6-4fbb-8650-f6ed7b1ec7ae,7def6a37-a01c-4526-85da-8dd9268a1a61,1633257019074,14.376792,52.2974274,8.752365,-1.192666,1.052923,1.8084364,on bike mount,cyclo cross,True,asphalt,excellent
f2970292-7c15-4bce-997c-d34ea8cf21d0,94876deb-15e6-4fbb-8650-f6ed7b1ec7ae,420af5a0-c27c-458f-8ba3-7a11eb005922,1633257019124,14.3767235,52.2974968,8.767966,-0.21981153,1.0275736,2.1245565,on bike mount,cyclo cross,True,asphalt,excellent
f2970292-7c15-4bce-997c-d34ea8cf21d0,94876deb-15e6-4fbb-8650-f6ed7b1ec7ae,9b3732eb-51ba-4f7d-a50a-55c6794f2178,1633257019173,14.3767235,52.2974968,8.767966,-1.1789703,0.49271607,0.8941183,on bike mount,cyclo cross,True,asphalt,excellent
f2970292-7c15-4bce-997c-d34ea8cf21d0,94876deb-15e6-4fbb-8650-f6ed7b1ec7ae,8e9f7e95-9c39-46f0-9437-fb9a6ef0e988,1633257019223,14.3767235,52.2974968,8.767966,1.6621884,-1.922792,-0.4047022,on bike mount,cyclo cross,True,asphalt,excellent
f2970292-7c15-4bce-997c-d34ea8cf21d0,94876deb-15e6-4fbb-8650-f6ed7b1ec7ae,234827c7-880a-42cd-9b45-45c0b19ebdca,1633257019288,14.3767235,52.2974968,8.767966,1.6406691,1.0501177,0.7524471,on bike mount,cyclo cross,True,asphalt,excellent
f2970292-7c15-4bce-997c-d34ea8cf21d0,94876deb-15e6-4fbb-8650-f6ed7b1ec7ae,dc3ce745-3d2a-4666-a4e0-1a1c8841587a,1633257019340,14.3767235,52.2974968,8.767966,0.46689492,-1.43656,4.1766653,on bike mount,cyclo cross,True,asphalt,excellent
f2970292-7c15-4bce-997c-d34ea8cf21d0,94876deb-15e6-4fbb-8650-f6ed7b1ec7ae,e5776175-1d44-4da3-be0e-d505a5d4a468,1633257019391,14.3767235,52.2974968,8.767966,0.36814258,2.1847258,0.99779797,on bike mount,cyclo cross,True,asphalt,excellent
f2970292-7c15-4bce-997c-d34ea8cf21d0,94876deb-15e6-4fbb-8650-f6ed7b1ec7ae,5f446421-decc-4a7c-be89-f235b8465b19,1633257019455,14.3767235,52.2974968,8.767966,-0.190254,-0.44536185,-0.552145,on bike mount,cyclo cross,True,asphalt,excellent
f2970292-7c15-4bce-997c-d34ea8cf21d0,94876deb-15e6-4fbb-8650-f6ed7b1ec7ae,25c2180f-e484-4373-a558-02810392ff12,1633257019511,14.3767235,52.2974968,8.767966,-0.30238923,-0.27590513,0.48037338,on bike mount,cyclo cross,True,asphalt,excellent
f2970292-7c15-4bce-997c-d34ea8cf21d0,94876deb-15e6-4fbb-8650-f6ed7b1ec7ae,3ee3cd10-4368-4cf2-83fd-10db4adf4b43,1633257019574,14.3767235,52.2974968,8.767966,0.2084885,0.17461276,0.8457489,on bike mount,cyclo cross,True,asphalt,excellent
f2970292-7c15-4bce-997c-d34ea8cf21d0,94876deb-15e6-4fbb-8650-f6ed7b1ec7ae,91820f52-42a1-44ee-8ca0-ea8d18c2004d,1633257019626,14.3767235,52.2974968,8.767966,-0.13810053,0.42415333,-1.7624669,on bike mount,cyclo cross,True,asphalt,excellent
f2970292-7c15-4bce-997c-d34ea8cf21d0,94876deb-15e6-4fbb-8650-f6ed7b1ec7ae,ee8b6b42-08f7-4774-a9d3-6a303a84d795,1633257019689,14.3767235,52.2974968,8.767966,0.78126496,0.80918884,-0.4879818,on bike mount,cyclo cross,True,asphalt,excellent
f2970292-7c15-4bce-997c-d34ea8cf21d0,94876deb-15e6-4fbb-8650-f6ed7b1ec7ae,1ba86b86-d2ed-49dc-8f3c-7c9efb19f96f,1633257019740,14.3767235,52.2974968,8.767966,0.93958604,1.100553,1.0190964,on bike mount,cyclo cross,True,asphalt,excellent
f2970292-7c15-4bce-997c-d34ea8cf21d0,94876deb-15e6-4fbb-8650-f6ed7b1ec7ae,c6ba32a5-08df-47aa-9983-4af772aaa60e,1633257019790,14.3767235,52.2974968,8.767966,0.20607072,1.0440559,-1.1490569,on bike mount,cyclo cross,True,asphalt,excellent
f2970292-7c15-4bce-997c-d34ea8cf21d0,94876deb-15e6-4fbb-8650-f6ed7b1ec7ae,9f986df6-b6d4-409b-9a54-6b55592e2b65,1633257019842,14.3767235,52.2974968,8.767966,0.19185396,-0.38967514,1.8319769,on bike mount,cyclo cross,True,asphalt,excellent
f2970292-7c15-4bce-997c-d34ea8cf21d0,94876deb-15e6-4fbb-8650-f6ed7b1ec7ae,335bc5d3-5451-42f1-8e74-140e910bc374,1633257019906,14.3767235,52.2974968,8.767966,0.39562827,0.16796088,-2.5019927,on bike mount,cyclo cross,True,asphalt,excellent
f2970292-7c15-4bce-997c-d34ea8cf21d0,94876deb-15e6-4fbb-8650-f6ed7b1ec7ae,10e363ae-086e-404b-a263-192aca62170e,1633257019957,14.3767235,52.2974968,8.767966,-0.6154885,-0.13329983,-1.812253,on bike mount,cyclo cross,True,asphalt,excellent
f2970292-7c15-4bce-997c-d34ea8cf21d0,94876deb-15e6-4fbb-8650-f6ed7b1ec7ae,3091b181-a544-4725-9708-0dd13644acdd,1633257020007,14.3767235,52.2974968,8.767966,-0.8996718,2.027508,-0.5311942,on bike mount,cyclo cross,True,asphalt,excellent
f2970292-7c15-4bce-997c-d34ea8cf21d0,94876deb-15e6-4fbb-8650-f6ed7b1ec7ae,a111ba30-1fcb-4b2d-863f-dd043fbf6f8c,1633257020057,14.3767235,52.2974968,8.767966,1.1096447,1.0488493,-0.30539083,on bike mount,cyclo cross,True,asphalt,excellent
f2970292-7c15-4bce-997c-d34ea8cf21d0,94876deb-15e6-4fbb-8650-f6ed7b1ec7ae,7f0024df-1a9c-4df3-86fc-fb757a3943cd,1633257020112,14.3767235,52.2974968,8.767966,0.011803865,2.480691,-0.7799053,on bike mount,cyclo cross,True,asphalt,excellent
f2970292-7c15-4bce-997c-d34ea8cf21d0,94876deb-15e6-4fbb-8650-f6ed7b1ec7ae,760fc592-c4a3-47ed-a9e5-4047d61eb8a6,1633257020175,14.3766573,52.2975726,8.783504,-1.4398751,-1.3287332,0.5344629,on bike mount,cyclo cross,True,asphalt,excellent
f2970292-7c15-4bce-997c-d34ea8cf21d0,94876deb-15e6-4fbb-8650-f6ed7b1ec7ae,3b941a6f-6805-4cf2-b679-457f00a36360,1633257020225,14.3766573,52.2975726,8.783504,0.9231123,0.9818468,-0.93745995,on bike mount,cyclo cross,True,asphalt,excellent
f2970292-7c15-4bce-997c-d34ea8cf21d0,94876deb-15e6-4fbb-8650-f6ed7b1ec7ae,a7f58386-917f-4c09-b62a-44a79c8796ab,1633257020276,14.3766573,52.2975726,8.783504,0.2360686,2.2446647,-0.5719662,on bike mount,cyclo cross,True,asphalt,excellent
f2970292-7c15-4bce-997c-d34ea8cf21d0,94876deb-15e6-4fbb-8650-f6ed7b1ec7ae,9749d917-3ea4-468b-acb1-d2a8bc25944e,1633257020340,14.3766573,52.2975726,8.783504,-0.07056689,-0.108192205,-1.1485147,on bike mount,cyclo cross,True,asphalt,excellent
f2970292-7c15-4bce-997c-d34ea8cf21d0,94876deb-15e6-4fbb-8650-f6ed7b1ec7ae,e66bda2e-99b4-4cbc-885d-8c7f1ff4f94f,1633257020390,14.3766573,52.2975726,8.783504,-0.5495892,-2.9895139,1.754014,on bike mount,cyclo cross,True,asphalt,excellent
f2970292-7c15-4bce-997c-d34ea8cf21d0,94876deb-15e6-4fbb-8650-f6ed7b1ec7ae,a884df2c-6d93-459e-ab19-39c3abcdfdfc,1633257020445,14.3766573,52.2975726,8.783504,-0.17439738,-1.7536454,3.6304321,on bike mount,cyclo cross,True,asphalt,excellent
f2970292-7c15-4bce-997c-d34ea8cf21d0,94876deb-15e6-4fbb-8650-f6ed7b1ec7ae,385f558b-1735-4c0b-9c0e-17f3fdc56ac1,1633257020507,14.3766573,52.2975726,8.783504,-0.36748403,-0.87932134,-2.8736596,on bike mount,cyclo cross,True,asphalt,excellent
f2970292-7c15-4bce-997c-d34ea8cf21d0,94876deb-15e6-4fbb-8650-f6ed7b1ec7ae,62d684b5-0f3c-4b7c-9aea-59462ffad9e1,1633257020558,14.3766573,52.2975726,8.783504,-0.4316988,0.02040553,0.5588112,on bike mount,cyclo cross,True,asphalt,excellent
f2970292-7c15-4bce-997c-d34ea8cf21d0,94876deb-15e6-4fbb-8650-f6ed7b1ec7ae,70c45e97-33f5-415d-b50c-35625b8a1c00,1633257020608,14.3766573,52.2975726,8.783504,0.7654513,-0.931896,0.55507374,on bike mount,cyclo cross,True,asphalt,excellent
f2970292-7c15-4bce-997c-d34ea8cf21d0,94876deb-15e6-4fbb-8650-f6ed7b1ec7ae,b02d55d7-1672-45f4-a6fa-e3955d130917,1633257020659,14.3766573,52.2975726,8.783504,0.055320937,-1.9250882,-0.61068726,on bike mount,cyclo cross,True,asphalt,excellent
f2970292-7c15-4bce-997c-d34ea8cf21d0,94876deb-15e6-4fbb-8650-f6ed7b1ec7ae,2d1f42e6-4178-4c5b-8195-25f8e697dd00,1633257020709,14.3766573,52.2975726,8.783504,1.2820742,0.27072382,4.181526,on bike mount,cyclo cross,True,asphalt,excellent
f2970292-7c15-4bce-997c-d34ea8cf21d0,94876deb-15e6-4fbb-8650-f6ed7b1ec7ae,11e12896-ce04-436a-aeef-7fdd806c1d5a,1633257020778,14.3766573,52.2975726,8.783504,-1.0926712,1.7725158,-7.5215054,on bike mount,cyclo cross,True,asphalt,excellent
f2970292-7c15-4bce-997c-d34ea8cf21d0,94876deb-15e6-4fbb-8650-f6ed7b1ec7ae,f207ab36-a97b-4bae-8f1e-ccb3801e3a05,1633257020843,14.3766573,52.2975726,8.783504,1.2815106,-2.8526356,3.9840822,on bike mount,cyclo cross,True,asphalt,excellent
f2970292-7c15-4bce-997c-d34ea8cf21d0,94876deb-15e6-4fbb-8650-f6ed7b1ec7ae,b07861ed-cc29-45c7-a9c0-bf1bc01d1abb,1633257020895,14.3766573,52.2975726,8.783504,-0.501822,-4.7071953,-1.9343457,on bike mount,cyclo cross,True,asphalt,excellent
f2970292-7c15-4bce-997c-d34ea8cf21d0,94876deb-15e6-4fbb-8650-f6ed7b1ec7ae,dfacef06-5e71-4a4c-8d27-19c053bfe1ca,1633257020958,14.3766573,52.2975726,8.783504,-0.42018735,-2.7401345,2.3017712,on bike mount,cyclo cross,True,asphalt,excellent
f2970292-7c15-4bce-997c-d34ea8cf21d0,94876deb-15e6-4fbb-8650-f6ed7b1ec7ae,ea55d1fc-4c76-413d-b79e-bb87bf81ec5f,1633257021008,14.3766573,52.2975726,8.783504,-0.25074312,-6.8147144,24.081566,on bike mount,cyclo cross,True,asphalt,excellent
f2970292-7c15-4bce-997c-d34ea8cf21d0,94876deb-15e6-4fbb-8650-f6ed7b1ec7ae,9e7bb6f5-047f-4610-88d2-8d34936c85fb,1633257021059,14.3766573,52.2975726,8.783504,-1.8844965,3.475985,-8.906113,on bike mount,cyclo cross,True,asphalt,excellent
f2970292-7c15-4bce-997c-d34ea8cf21d0,94876deb-15e6-4fbb-8650-f6ed7b1ec7ae,f4a20324-858a-4b12-80fe-f4a954fd9420,1633257021110,14.3766573,52.2975726,8.783504,2.4423487,-8.158538,17.550741,on bike mount,cyclo cross,True,asphalt,excellent
f2970292-7c15-4bce-997c-d34ea8cf21d0,94876deb-15e6-4fbb-8650-f6ed7b1ec7ae,6eba5658-2979-4d0d-b0ee-75cbdd49ba0a,1633257021175,14.3765896,52.2976475,8.796894,-3.2084768,1.2702055,4.70216,on bike mount,cyclo cross,True,asphalt,excellent
f2970292-7c15-4bce-997c-d34ea8cf21d0,94876deb-15e6-4fbb-8650-f6ed7b1ec7ae,a28b26c2-0f43-496d-9bdf-2a6391e4e0f5,1633257021226,14.3765896,52.2976475,8.796894,0.9364592,12.721996,5.526351,on bike mount,cyclo cross,True,asphalt,excellent
f2970292-7c15-4bce-997c-d34ea8cf21d0,94876deb-15e6-4fbb-8650-f6ed7b1ec7ae,d27fc861-bd2c-4017-b485-0cb7c24d42e5,1633257021277,14.3765896,52.2976475,8.796894,-1.5419672,2.8236303,3.104741,on bike mount,cyclo cross,True,asphalt,excellent
f2970292-7c15-4bce-997c-d34ea8cf21d0,94876deb-15e6-4fbb-8650-f6ed7b1ec7ae,8f07057c-2b79-4b3d-bbb9-aa522a871900,1633257021326,14.3765896,52.2976475,8.796894,1.1528409,0.07212067,0.13185215,on bike mount,cyclo cross,True,asphalt,excellent
f2970292-7c15-4bce-997c-d34ea8cf21d0,94876deb-15e6-4fbb-8650-f6ed7b1ec7ae,61f1cb37-e6a3-41e8-a107-a5b7a5e7c010,1633257021377,14.3765896,52.2976475,8.796894,-0.024337351,5.8709064,-8.121397,on bike mount,cyclo cross,True,asphalt,excellent
f2970292-7c15-4bce-997c-d34ea8cf21d0,94876deb-15e6-4fbb-8650-f6ed7b1ec7ae,32075b43-ff3b-4fba-8aa6-678c20d7606b,1633257021429,14.3765896,52.2976475,8.796894,1.1993443,0.74294233,-1.6087809,on bike mount,cyclo cross,True,asphalt,excellent
f2970292-7c15-4bce-997c-d34ea8cf21d0,94876deb-15e6-4fbb-8650-f6ed7b1ec7ae,0d8527e1-2486-4377-b60c-8f32767f67a3,1633257021492,14.3765896,52.2976475,8.796894,0.604336,-4.576,-4.04104,on bike mount,cyclo cross,True,asphalt,excellent
f2970292-7c15-4bce-997c-d34ea8cf21d0,94876deb-15e6-4fbb-8650-f6ed7b1ec7ae,ac911ab3-487c-4bb7-a78c-7ed15e8fcba5,1633257021543,14.3765896,52.2976475,8.796894,-0.2353617,-2.4346933,-15.298228,on bike mount,cyclo cross,True,asphalt,excellent
f2970292-7c15-4bce-997c-d34ea8cf21d0,94876deb-15e6-4fbb-8650-f6ed7b1ec7ae,60d48d27-1623-482e-8fa1-d3973e4f716d,1633257021597,14.3765896,52.2976475,8.796894,6.8217554,1.9711058,-11.947167,on bike mount,cyclo cross,True,asphalt,excellent
f2970292-7c15-4bce-997c-d34ea8cf21d0,94876deb-15e6-4fbb-8650-f6ed7b1ec7ae,5302b190-fbc2-4e94-b0a0-a30f8d6f17b8,1633257021659,14.3765896,52.2976475,8.796894,-2.1005564,8.19207,7.297637,on bike mount,cyclo cross,True,asphalt,excellent
f2970292-7c15-4bce-997c-d34ea8cf21d0,94876deb-15e6-4fbb-8650-f6ed7b1ec7ae,96983757-5869-444e-b761-bcde8b5dee07,1633257021710,14.3765896,52.2976475,8.796894,-1.0993418,1.3761802,7.749851,on bike mount,cyclo cross,True,asphalt,excellent
f2970292-7c15-4bce-997c-d34ea8cf21d0,94876deb-15e6-4fbb-8650-f6ed7b1ec7ae,e7de98d1-e916-44b0-b93d-7817cfea85f4,1633257021762,14.3765896,52.2976475,8.796894,-4.429954,7.109782,-4.500971,on bike mount,cyclo cross,True,asphalt,excellent
f2970292-7c15-4bce-997c-d34ea8cf21d0,94876deb-15e6-4fbb-8650-f6ed7b1ec7ae,5357ee1b-c470-48b6-8191-9e162c2950d1,1633257021813,14.3765896,52.2976475,8.796894,-0.008106172,-0.75271845,7.324771,on bike mount,cyclo cross,True,asphalt,excellent
f2970292-7c15-4bce-997c-d34ea8cf21d0,94876deb-15e6-4fbb-8650-f6ed7b1ec7ae,2972d394-34c9-42af-b11f-634c31086cfd,1633257021878,14.3765896,52.2976475,8.796894,2.0987866,-4.3759775,-1.5914402,on bike mount,cyclo cross,True,asphalt,excellent
f2970292-7c15-4bce-997c-d34ea8cf21d0,94876deb-15e6-4fbb-8650-f6ed7b1ec7ae,3ccbd4dc-9bf8-4d9f-9e23-7319b9fd78fc,1633257021944,14.3765896,52.2976475,8.796894,2.039044,-0.7112222,-2.3293972,on bike mount,cyclo cross,True,asphalt,excellent
f2970292-7c15-4bce-997c-d34ea8cf21d0,94876deb-15e6-4fbb-8650-f6ed7b1ec7ae,4834efef-ffff-4c0b-8f6d-1896f03f6c6e,1633257021995,14.3765896,52.2976475,8.796894,-1.3999872,0.044614553,-8.187968,on bike mount,cyclo cross,True,asphalt,excellent
f2970292-7c15-4bce-997c-d34ea8cf21d0,94876deb-15e6-4fbb-8650-f6ed7b1ec7ae,d862e2b0-55d3-4aab-a32b-e1d6c0272f8e,1633257022059,14.3765896,52.2976475,8.796894,-1.8442154,3.3979235,-7.1136017,on bike mount,cyclo cross,True,asphalt,excellent
f2970292-7c15-4bce-997c-d34ea8cf21d0,94876deb-15e6-4fbb-8650-f6ed7b1ec7ae,bcc5f3e0-8f88-48fc-8f5c-64cfd9b72890,1633257022115,14.3765246,52.2977228,8.823484,0.31329137,-7.027309,-6.231732,on bike mount,cyclo cross,True,asphalt,excellent
f2970292-7c15-4bce-997c-d34ea8cf21d0,94876deb-15e6-4fbb-8650-f6ed7b1ec7ae,70baa94e-0fbd-46d6-8061-8f3ef18fd838,1633257022178,14.3765246,52.2977228,8.823484,-1.0411897,-0.03154564,-3.1503925,on bike mount,cyclo cross,True,asphalt,excellent
f2970292-7c15-4bce-997c-d34ea8cf21d0,94876deb-15e6-4fbb-8650-f6ed7b1ec7ae,66c38786-9d70-42a0-ba38-f3b4a02d0353,1633257022230,14.3765246,52.2977228,8.823484,-0.17715858,-2.0896068,16.461412,on bike mount,cyclo cross,True,asphalt,excellent
f2970292-7c15-4bce-997c-d34ea8cf21d0,94876deb-15e6-4fbb-8650-f6ed7b1ec7ae,47cd9ee4-4cba-48e3-a04b-7488a593c129,1633257022281,14.3765246,52.2977228,8.823484,4.44155,-0.56634164,-2.4072523,on bike mount,cyclo cross,True,asphalt,excellent
f2970292-7c15-4bce-997c-d34ea8cf21d0,94876deb-15e6-4fbb-8650-f6ed7b1ec7ae,2cc00248-cf29-4e35-a2d0-25c7a34528be,1633257022344,14.3765246,52.2977228,8.823484,3.1167998,-4.146226,0.5036125,on bike mount,cyclo cross,True,asphalt,excellent
f2970292-7c15-4bce-997c-d34ea8cf21d0,94876deb-15e6-4fbb-8650-f6ed7b1ec7ae,1581041d-4dfd-44bb-b7ce-29b903391994,1633257022396,14.3765246,52.2977228,8.823484,1.434163,-2.3917055,-1.4802122,on bike mount,cyclo cross,True,asphalt,excellent
f2970292-7c15-4bce-997c-d34ea8cf21d0,94876deb-15e6-4fbb-8650-f6ed7b1ec7ae,05fc460c-2cb6-4c2f-8178-bf1218769938,1633257022460,14.3765246,52.2977228,8.823484,0.4037665,-1.7180674,-2.7019076,on bike mount,cyclo cross,True,asphalt,excellent
f2970292-7c15-4bce-997c-d34ea8cf21d0,94876deb-15e6-4fbb-8650-f6ed7b1ec7ae,8c6489dc-afcd-4d64-ba3d-75a715b19940,1633257022511,14.3765246,52.2977228,8.823484,0.56022763,-4.1117744,4.587512,on bike mount,cyclo cross,True,asphalt,excellent
f2970292-7c15-4bce-997c-d34ea8cf21d0,94876deb-15e6-4fbb-8650-f6ed7b1ec7ae,eae96717-e6aa-4235-a8cf-1cfdbfcf7e05,1633257022562,14.3765246,52.2977228,8.823484,-0.122690156,-0.89656186,-3.2827382,on bike mount,cyclo cross,True,asphalt,excellent
f2970292-7c15-4bce-997c-d34ea8cf21d0,94876deb-15e6-4fbb-8650-f6ed7b1ec7ae,36b2c0da-3ec5-40aa-87f8-f089b89f365f,1633257022613,14.3765246,52.2977228,8.823484,0.0043886825,-0.29748058,3.2648935,on bike mount,cyclo cross,True,asphalt,excellent
f2970292-7c15-4bce-997c-d34ea8cf21d0,94876deb-15e6-4fbb-8650-f6ed7b1ec7ae,0c81e1df-c7da-4843-9aab-faf04f36612f,1633257022663,14.3765246,52.2977228,8.823484,0.123615,-2.6929517,2.0360155,on bike mount,cyclo cross,True,asphalt,excellent
f2970292-7c15-4bce-997c-d34ea8cf21d0,94876deb-15e6-4fbb-8650-f6ed7b1ec7ae,37535782-207d-4238-9ad8-28385c13d25d,1633257022712,14.3765246,52.2977228,8.823484,-0.97411,-0.41056895,2.3134604,on bike mount,cyclo cross,True,asphalt,excellent
f2970292-7c15-4bce-997c-d34ea8cf21d0,94876deb-15e6-4fbb-8650-f6ed7b1ec7ae,ac994290-80ad-4c1d-b6a3-f138a1008690,1633257022780,14.3765246,52.2977228,8.823484,-0.73081785,-0.35821772,-14.212212,on bike mount,cyclo cross,True,asphalt,excellent
f2970292-7c15-4bce-997c-d34ea8cf21d0,94876deb-15e6-4fbb-8650-f6ed7b1ec7ae,f205921c-8a7d-4f2c-8177-eb13f6874f74,1633257022844,14.3765246,52.2977228,8.823484,-1.6791458,-3.582943,1.5129576,on bike mount,cyclo cross,True,asphalt,excellent
f2970292-7c15-4bce-997c-d34ea8cf21d0,94876deb-15e6-4fbb-8650-f6ed7b1ec7ae,7844a360-98bb-466e-b21a-4d3beaf4fad0,1633257022896,14.3765246,52.2977228,8.823484,1.5515232,-7.62163,1.4776106,on bike mount,cyclo cross,True,asphalt,excellent
f2970292-7c15-4bce-997c-d34ea8cf21d0,94876deb-15e6-4fbb-8650-f6ed7b1ec7ae,9cbc1be6-a7fd-4ffe-8dc8-d90072600361,1633257022947,14.3765246,52.2977228,8.823484,1.231024,1.7850375,-2.078116,on bike mount,cyclo cross,True,asphalt,excellent
f2970292-7c15-4bce-997c-d34ea8cf21d0,94876deb-15e6-4fbb-8650-f6ed7b1ec7ae,e26a1734-8cef-4c57-9f56-a4f1ed0422fa,1633257022997,14.3765246,52.2977228,8.823484,-1.9057288,0.8793056,-1.2002363,on bike mount,cyclo cross,True,asphalt,excellent
f2970292-7c15-4bce-997c-d34ea8cf21d0,94876deb-15e6-4fbb-8650-f6ed7b1ec7ae,14b7e55e-423b-45d5-8e90-17a5fad460fd,1633257023047,14.3765246,52.2977228,8.823484,0.8524648,3.9721828,-3.3032284,on bike mount,cyclo cross,True,asphalt,excellent
f2970292-7c15-4bce-997c-d34ea8cf21d0,94876deb-15e6-4fbb-8650-f6ed7b1ec7ae,9e3c8323-8a5e-4268-b24d-7558cba0a1b1,1633257023102,14.3765246,52.2977228,8.823484,-0.34563982,1.731257,-1.266397,on bike mount,cyclo cross,True,asphalt,excellent
f2970292-7c15-4bce-997c-d34ea8cf21d0,94876deb-15e6-4fbb-8650-f6ed7b1ec7ae,bc152e2d-4b97-43a1-bd5a-fee045688454,1633257023162,14.3764619,52.2977973,8.8651285,1.677908,-1.0665805,-0.36108875,on bike mount,cyclo cross,True,asphalt,excellent
f2970292-7c15-4bce-997c-d34ea8cf21d0,94876deb-15e6-4fbb-8650-f6ed7b1ec7ae,f21a7909-0118-463b-ab11-3c2b44d52641,1633257023212,14.3764619,52.2977973,8.8651285,-0.3935093,-1.7614491,-1.120368,on bike mount,cyclo cross,True,asphalt,excellent
f2970292-7c15-4bce-997c-d34ea8cf21d0,94876deb-15e6-4fbb-8650-f6ed7b1ec7ae,38228642-0b95-49cd-9e81-bd7f5d02b0e3,1633257023263,14.3764619,52.2977973,8.8651285,0.61594236,0.79272914,-0.46552372,on bike mount,cyclo cross,True,asphalt,excellent
f2970292-7c15-4bce-997c-d34ea8cf21d0,94876deb-15e6-4fbb-8650-f6ed7b1ec7ae,4ab50f4b-80fc-4d36-a0b5-18e384bc6044,1633257023328,14.3764619,52.2977973,8.8651285,-0.27308217,-1.1843387,0.2049303,on bike mount,cyclo cross,True,asphalt,excellent
f2970292-7c15-4bce-997c-d34ea8cf21d0,94876deb-15e6-4fbb-8650-f6ed7b1ec7ae,67b2e59d-b4e5-49c7-9566-b8eb72894b79,1633257023379,14.3764619,52.2977973,8.8651285,-0.5786728,-0.75038326,-0.36232853,on bike mount,cyclo cross,True,asphalt,excellent
f2970292-7c15-4bce-997c-d34ea8cf21d0,94876deb-15e6-4fbb-8650-f6ed7b1ec7ae,5a6ca9f1-4bc9-4e99-9b27-8836e77524f2,1633257023429,14.3764619,52.2977973,8.8651285,0.45098227,0.7616124,0.1281147,on bike mount,cyclo cross,True,asphalt,excellent
f2970292-7c15-4bce-997c-d34ea8cf21d0,94876deb-15e6-4fbb-8650-f6ed7b1ec7ae,3958fbd8-48bc-4442-91b7-cd5810b6c0de,1633257023481,14.3764619,52.2977973,8.8651285,-0.10866501,2.6641564,-2.4286332,on bike mount,cyclo cross,True,asphalt,excellent
f2970292-7c15-4bce-997c-d34ea8cf21d0,94876deb-15e6-4fbb-8650-f6ed7b1ec7ae,d73aaf16-2a4a-49c6-8279-6c6b34945327,1633257023532,14.3764619,52.2977973,8.8651285,0.3834282,-1.3104776,3.123002,on bike mount,cyclo cross,True,asphalt,excellent
f2970292-7c15-4bce-997c-d34ea8cf21d0,94876deb-15e6-4fbb-8650-f6ed7b1ec7ae,7e8ef96a-d6b6-40d1-91cb-d8076c66311e,1633257023597,14.3764619,52.2977973,8.8651285,0.086344086,0.5728426,-1.9402323,on bike mount,cyclo cross,True,asphalt,excellent
f2970292-7c15-4bce-997c-d34ea8cf21d0,94876deb-15e6-4fbb-8650-f6ed7b1ec7ae,f447e46e-40ee-45b2-9f1d-b1e7b001f7b4,1633257023647,14.3764619,52.2977973,8.8651285,0.454502,0.07081127,7.200032,on bike mount,cyclo cross,True,asphalt,excellent
f2970292-7c15-4bce-997c-d34ea8cf21d0,94876deb-15e6-4fbb-8650-f6ed7b1ec7ae,99e84ce0-d997-4c13-b6be-192531072038,1633257023697,14.3764619,52.2977973,8.8651285,0.6811789,-0.15110421,3.4092617,on bike mount,cyclo cross,True,asphalt,excellent
f2970292-7c15-4bce-997c-d34ea8cf21d0,94876deb-15e6-4fbb-8650-f6ed7b1ec7ae,9e2be73c-1cdc-4149-ae55-0f3ab0435461,1633257023749,14.3764619,52.2977973,8.8651285,-0.19208726,-0.53235316,0.40424442,on bike mount,cyclo cross,True,asphalt,excellent
f2970292-7c15-4bce-997c-d34ea8cf21d0,94876deb-15e6-4fbb-8650-f6ed7b1ec7ae,16518ec0-0c4b-47dc-b4d3-2e86e6ef2f30,1633257023812,14.3764619,52.2977973,8.8651285,-1.2872803,-0.7016343,-1.7762861,on bike mount,cyclo cross,True,asphalt,excellent
f2970292-7c15-4bce-997c-d34ea8cf21d0,94876deb-15e6-4fbb-8650-f6ed7b1ec7ae,a209b8b3-3db7-421f-ace0-5d105b6a1553,1633257023862,14.3764619,52.2977973,8.8651285,0.252456,-0.33554983,-0.44596767,on bike mount,cyclo cross,True,asphalt,excellent
f2970292-7c15-4bce-997c-d34ea8cf21d0,94876deb-15e6-4fbb-8650-f6ed7b1ec7ae,de85ebf7-16a6-458b-bd6d-8571ebd217e3,1633257023913,14.3764619,52.2977973,8.8651285,1.0144475,1.3734174,-3.4459934,on bike mount,cyclo cross,True,asphalt,excellent
f2970292-7c15-4bce-997c-d34ea8cf21d0,94876deb-15e6-4fbb-8650-f6ed7b1ec7ae,8b666d6d-d774-423e-a43d-ca985dc3a094,1633257023964,14.3764619,52.2977973,8.8651285,-0.21016207,0.7440114,0.90117264,on bike mount,cyclo cross,True,asphalt,excellent
f2970292-7c15-4bce-997c-d34ea8cf21d0,94876deb-15e6-4fbb-8650-f6ed7b1ec7ae,3a05789a-2da7-4f7c-8c10-00646fa2541a,1633257024016,14.3764619,52.2977973,8.8651285,0.036449254,1.146642,-4.6237574,on bike mount,cyclo cross,True,asphalt,excellent
f2970292-7c15-4bce-997c-d34ea8cf21d0,94876deb-15e6-4fbb-8650-f6ed7b1ec7ae,6120504b-d491-4297-bf77-513a4d4b639c,1633257024082,14.3764619,52.2977973,8.8651285,-0.046787962,-0.035592318,0.7267046,on bike mount,cyclo cross,True,asphalt,excellent
f2970292-7c15-4bce-997c-d34ea8cf21d0,94876deb-15e6-4fbb-8650-f6ed7b1ec7ae,0620d715-27a7-4286-952c-67625168b8f2,1633257024132,14.3764009,52.297874,8.885829,-0.038226157,-1.3484321,1.092557,on bike mount,cyclo cross,True,asphalt,excellent
f2970292-7c15-4bce-997c-d34ea8cf21d0,94876deb-15e6-4fbb-8650-f6ed7b1ec7ae,996ecb64-682f-495b-8bbf-1163538bb569,1633257024198,14.3764009,52.297874,8.885829,0.2454084,-0.2702,-0.02556324,on bike mount,cyclo cross,True,asphalt,excellent
f2970292-7c15-4bce-997c-d34ea8cf21d0,94876deb-15e6-4fbb-8650-f6ed7b1ec7ae,d046687c-6973-40b2-aebb-fc0b8661df8a,1633257024264,14.3764009,52.297874,8.885829,-0.34700054,1.0893314,0.47082806,on bike mount,cyclo cross,True,asphalt,excellent
f2970292-7c15-4bce-997c-d34ea8cf21d0,94876deb-15e6-4fbb-8650-f6ed7b1ec7ae,3d08053c-ce11-4060-be8a-c2b7d878de07,1633257024314,14.3764009,52.297874,8.885829,-0.44167662,1.5660377,0.92868996,on bike mount,cyclo cross,True,asphalt,excellent
f2970292-7c15-4bce-997c-d34ea8cf21d0,94876deb-15e6-4fbb-8650-f6ed7b1ec7ae,7fce549b-c3a9-4c37-a037-41515e2cdbe1,1633257024364,14.3764009,52.297874,8.885829,0.1459611,-0.012057543,1.6385193,on bike mount,cyclo cross,True,asphalt,excellent
f2970292-7c15-4bce-997c-d34ea8cf21d0,94876deb-15e6-4fbb-8650-f6ed7b1ec7ae,f46191a9-59d1-4bfc-a397-ed6f61896a49,1633257024414,14.3764009,52.297874,8.885829,-0.15173602,0.21662307,2.966817,on bike mount,cyclo cross,True,asphalt,excellent
f2970292-7c15-4bce-997c-d34ea8cf21d0,94876deb-15e6-4fbb-8650-f6ed7b1ec7ae,0cd4a159-2772-4b40-bcdb-1cca0c36b6af,1633257024466,14.3764009,52.297874,8.885829,0.109868355,0.42766714,-0.7824211,on bike mount,cyclo cross,True,asphalt,excellent
f2970292-7c15-4bce-997c-d34ea8cf21d0,94876deb-15e6-4fbb-8650-f6ed7b1ec7ae,e4d8e7b2-bed5-4e12-87fe-cd61cbdb25d6,1633257024530,14.3764009,52.297874,8.885829,-1.3005466,-0.8714416,0.8493805,on bike mount,cyclo cross,True,asphalt,excellent
f2970292-7c15-4bce-997c-d34ea8cf21d0,94876deb-15e6-4fbb-8650-f6ed7b1ec7ae,06ab7983-a336-4c06-8dbe-613142d1fe92,1633257024582,14.3764009,52.297874,8.885829,0.4876646,-1.0994087,-1.2059965,on bike mount,cyclo cross,True,asphalt,excellent
f2970292-7c15-4bce-997c-d34ea8cf21d0,94876deb-15e6-4fbb-8650-f6ed7b1ec7ae,e020f081-2be3-4294-8cb7-be087a34c628,1633257024633,14.3764009,52.297874,8.885829,-0.97350264,-2.7905815,-0.19380951,on bike mount,cyclo cross,True,asphalt,excellent
f2970292-7c15-4bce-997c-d34ea8cf21d0,94876deb-15e6-4fbb-8650-f6ed7b1ec7ae,2768c886-b487-4665-8214-c05d26f69e20,1633257024697,14.3764009,52.297874,8.885829,-0.5720547,-2.3826141,-0.9353409,on bike mount,cyclo cross,True,asphalt,excellent
f2970292-7c15-4bce-997c-d34ea8cf21d0,94876deb-15e6-4fbb-8650-f6ed7b1ec7ae,d7c14ec4-d0b8-4739-8224-f289eb20c7b0,1633257024748,14.3764009,52.297874,8.885829,0.35310856,-2.4774594,2.1816378,on bike mount,cyclo cross,True,asphalt,excellent
f2970292-7c15-4bce-997c-d34ea8cf21d0,94876deb-15e6-4fbb-8650-f6ed7b1ec7ae,18b13500-bdd5-475b-9392-0a30b2ea60af,1633257024801,14.3764009,52.297874,8.885829,1.2579961,0.41791272,0.27588177,on bike mount,cyclo cross,True,asphalt,excellent
f2970292-7c15-4bce-997c-d34ea8cf21d0,94876deb-15e6-4fbb-8650-f6ed7b1ec7ae,8c910e13-c6b3-4367-aaf8-ab74205127f7,1633257024854,14.3764009,52.297874,8.885829,-0.64226365,0.72617745,-1.3918371,on bike mount,cyclo cross,True,asphalt,excellent
f2970292-7c15-4bce-997c-d34ea8cf21d0,94876deb-15e6-4fbb-8650-f6ed7b1ec7ae,01ca1f0b-d853-4b0a-b780-d8a9ec9795db,1633257024914,14.3764009,52.297874,8.885829,0.006316349,0.18557072,0.45031548,on bike mount,cyclo cross,True,asphalt,excellent
f2970292-7c15-4bce-997c-d34ea8cf21d0,94876deb-15e6-4fbb-8650-f6ed7b1ec7ae,f6626bb4-b524-4599-b83d-1aad0b9db0db,1633257024965,14.3764009,52.297874,8.885829,0.871536,-1.0284665,-0.9049463,on bike mount,cyclo cross,True,asphalt,excellent
f2970292-7c15-4bce-997c-d34ea8cf21d0,94876deb-15e6-4fbb-8650-f6ed7b1ec7ae,78dc1c24-961c-4f6c-bcf8-c9e9a2470c30,1633257025018,14.3764009,52.297874,8.885829,0.021268994,-0.08650875,-1.2063994,on bike mount,cyclo cross,True,asphalt,excellent
f2970292-7c15-4bce-997c-d34ea8cf21d0,94876deb-15e6-4fbb-8650-f6ed7b1ec7ae,7f3e0d6d-6e0c-4629-9db5-21ed06bc036b,1633257025082,14.3764009,52.297874,8.885829,0.30832687,-1.9847224,-0.75308037,on bike mount,cyclo cross,True,asphalt,excellent
f2970292-7c15-4bce-997c-d34ea8cf21d0,94876deb-15e6-4fbb-8650-f6ed7b1ec7ae,09702ae3-5642-4a19-ac52-42e7183e58e5,1633257025132,14.3763401,52.2979464,8.877394,0.6243421,0.2326374,5.551651,on bike mount,cyclo cross,True,asphalt,excellent
f2970292-7c15-4bce-997c-d34ea8cf21d0,94876deb-15e6-4fbb-8650-f6ed7b1ec7ae,d7a387bc-5903-49eb-b5b4-1afb153c288e,1633257025187,14.3763401,52.2979464,8.877394,0.22152576,1.5835733,-2.3860674,on bike mount,cyclo cross,True,asphalt,excellent
f2970292-7c15-4bce-997c-d34ea8cf21d0,94876deb-15e6-4fbb-8650-f6ed7b1ec7ae,4f2fd9a8-f3e4-4921-916b-5a209fedce41,1633257025247,14.3763401,52.2979464,8.877394,-2.0057425,-2.5523157,-3.0754328,on bike mount,cyclo cross,True,asphalt,excellent
f2970292-7c15-4bce-997c-d34ea8cf21d0,94876deb-15e6-4fbb-8650-f6ed7b1ec7ae,b63f0f18-f735-45ec-979c-71ca1117fe1d,1633257025298,14.3763401,52.2979464,8.877394,-0.3554516,-0.84848195,0.18255424,on bike mount,cyclo cross,True,asphalt,excellent
f2970292-7c15-4bce-997c-d34ea8cf21d0,94876deb-15e6-4fbb-8650-f6ed7b1ec7ae,9ac288c0-5fc9-499f-82c4-3ec6d6ca7075,1633257025348,14.3763401,52.2979464,8.877394,-0.7377429,-0.2529757,-2.2390842,on bike mount,cyclo cross,True,asphalt,excellent
f2970292-7c15-4bce-997c-d34ea8cf21d0,94876deb-15e6-4fbb-8650-f6ed7b1ec7ae,f6b7b5bd-c072-42f1-81c5-9b68544948c4,1633257025407,14.3763401,52.2979464,8.877394,-0.26083267,-2.1961963,2.400219,on bike mount,cyclo cross,True,asphalt,excellent
f2970292-7c15-4bce-997c-d34ea8cf21d0,94876deb-15e6-4fbb-8650-f6ed7b1ec7ae,93226ef2-3431-46f4-a851-b2af7afbba66,1633257025464,14.3763401,52.2979464,8.877394,-0.5966286,-0.54087615,1.495265,on bike mount,cyclo cross,True,asphalt,excellent
f2970292-7c15-4bce-997c-d34ea8cf21d0,94876deb-15e6-4fbb-8650-f6ed7b1ec7ae,448644a7-bd10-491f-b11a-2934ffd7e585,1633257025517,14.3763401,52.2979464,8.877394,-0.54899526,0.15090871,3.5709229,on bike mount,cyclo cross,True,asphalt,excellent
f2970292-7c15-4bce-997c-d34ea8cf21d0,94876deb-15e6-4fbb-8650-f6ed7b1ec7ae,a771ab78-9738-414c-b970-58aed6ef2a86,1633257025581,14.3763401,52.2979464,8.877394,-0.80175793,1.0246382,-1.0466805,on bike mount,cyclo cross,True,asphalt,excellent
f2970292-7c15-4bce-997c-d34ea8cf21d0,94876deb-15e6-4fbb-8650-f6ed7b1ec7ae,6c5e12c8-e3a1-4c12-b525-f1ced855cc0a,1633257025632,14.3763401,52.2979464,8.877394,-1.6938407,0.26985884,-1.2566428,on bike mount,cyclo cross,True,asphalt,excellent
f2970292-7c15-4bce-997c-d34ea8cf21d0,94876deb-15e6-4fbb-8650-f6ed7b1ec7ae,1195bfc5-9acb-4699-84b6-e6eabfb0c481,1633257025684,14.3763401,52.2979464,8.877394,-0.008966416,-1.3069112,2.1659842,on bike mount,cyclo cross,True,asphalt,excellent
f2970292-7c15-4bce-997c-d34ea8cf21d0,94876deb-15e6-4fbb-8650-f6ed7b1ec7ae,fa6326d6-b5f1-4ce0-8f4a-ac398ca73cdc,1633257025734,14.3763401,52.2979464,8.877394,0.7300999,-0.6368499,-1.6601276,on bike mount,cyclo cross,True,asphalt,excellent
f2970292-7c15-4bce-997c-d34ea8cf21d0,94876deb-15e6-4fbb-8650-f6ed7b1ec7ae,2c6990c3-63e6-4729-85a6-2c8c6c85a77e,1633257025784,14.3763401,52.2979464,8.877394,0.44133866,0.018895388,-2.677905,on bike mount,cyclo cross,True,asphalt,excellent
f2970292-7c15-4bce-997c-d34ea8cf21d0,94876deb-15e6-4fbb-8650-f6ed7b1ec7ae,af0c60ca-465a-4328-a854-b78406d43c1d,1633257025837,14.3763401,52.2979464,8.877394,0.42738384,-1.2214564,0.025044441,on bike mount,cyclo cross,True,asphalt,excellent
f2970292-7c15-4bce-997c-d34ea8cf21d0,94876deb-15e6-4fbb-8650-f6ed7b1ec7ae,751f0fee-4960-4f92-89f8-adcdd958648f,1633257025901,14.3763401,52.2979464,8.877394,-0.44736016,-2.6046796,1.7864408,on bike mount,cyclo cross,True,asphalt,excellent
f2970292-7c15-4bce-997c-d34ea8cf21d0,94876deb-15e6-4fbb-8650-f6ed7b1ec7ae,1c7c3033-8de6-42c9-8301-26f8ba65a1ac,1633257025953,14.3763401,52.2979464,8.877394,-0.09966004,-1.0171564,1.0624866,on bike mount,cyclo cross,True,asphalt,excellent
f2970292-7c15-4bce-997c-d34ea8cf21d0,94876deb-15e6-4fbb-8650-f6ed7b1ec7ae,a8bad3df-059a-4e1c-8fa4-74fb9cf65d35,1633257026018,14.3763401,52.2979464,8.877394,0.9036095,-0.590019,1.7212458,on bike mount,cyclo cross,True,asphalt,excellent
f2970292-7c15-4bce-997c-d34ea8cf21d0,94876deb-15e6-4fbb-8650-f6ed7b1ec7ae,08eb0816-2e99-4a7b-9a83-246c5302bb35,1633257026069,14.3763401,52.2979464,8.877394,-0.30113605,0.39729643,-0.082808495,on bike mount,cyclo cross,True,asphalt,excellent
f2970292-7c15-4bce-997c-d34ea8cf21d0,94876deb-15e6-4fbb-8650-f6ed7b1ec7ae,39e76a00-d47a-4f1e-b3f2-ebed1ef7a202,1633257026134,14.3762822,52.2980193,8.875519,0.42360225,-0.5872791,0.047883987,on bike mount,cyclo cross,True,asphalt,excellent
f2970292-7c15-4bce-997c-d34ea8cf21d0,94876deb-15e6-4fbb-8650-f6ed7b1ec7ae,2ba6c003-f2cb-463e-a77a-67916cba1317,1633257026187,14.3762822,52.2980193,8.875519,1.0702329,1.712892,-3.9270232,on bike mount,cyclo cross,True,asphalt,excellent
f2970292-7c15-4bce-997c-d34ea8cf21d0,94876deb-15e6-4fbb-8650-f6ed7b1ec7ae,f61800ad-6237-4d71-88d6-ade931ce16e2,1633257026250,14.3762822,52.2980193,8.875519,1.3555627,0.75865626,-1.1947932,on bike mount,cyclo cross,True,asphalt,excellent
f2970292-7c15-4bce-997c-d34ea8cf21d0,94876deb-15e6-4fbb-8650-f6ed7b1ec7ae,42878703-9581-4206-a67a-1dd563dd542c,1633257026301,14.3762822,52.2980193,8.875519,0.49212807,-2.4742017,-0.25241852,on bike mount,cyclo cross,True,asphalt,excellent
f2970292-7c15-4bce-997c-d34ea8cf21d0,94876deb-15e6-4fbb-8650-f6ed7b1ec7ae,22aa2702-291f-45af-a583-bce3c308ea5a,1633257026367,14.3762822,52.2980193,8.875519,-1.2863222,0.29702735,0.14013195,on bike mount,cyclo cross,True,asphalt,excellent
f2970292-7c15-4bce-997c-d34ea8cf21d0,94876deb-15e6-4fbb-8650-f6ed7b1ec7ae,0a4e458e-073f-413d-8798-81c79b3bf0d5,1633257026417,14.3762822,52.2980193,8.875519,-0.14057693,-1.1617426,0.03929043,on bike mount,cyclo cross,True,asphalt,excellent
f2970292-7c15-4bce-997c-d34ea8cf21d0,94876deb-15e6-4fbb-8650-f6ed7b1ec7ae,f223ca7b-d0f3-4cab-93ac-0413df36b3d1,1633257026466,14.3762822,52.2980193,8.875519,0.053574715,-0.92625654,-3.4586549,on bike mount,cyclo cross,True,asphalt,excellent
f2970292-7c15-4bce-997c-d34ea8cf21d0,94876deb-15e6-4fbb-8650-f6ed7b1ec7ae,2af26fd6-9b18-44b5-9238-672c0ea62141,1633257026521,14.3762822,52.2980193,8.875519,-0.89348406,0.13580608,-1.4311237,on bike mount,cyclo cross,True,asphalt,excellent
f2970292-7c15-4bce-997c-d34ea8cf21d0,94876deb-15e6-4fbb-8650-f6ed7b1ec7ae,cd225a08-9ad1-490c-826e-fb3c55b6f58e,1633257026585,14.3762822,52.2980193,8.875519,-1.1450956,-1.9302589,1.495553,on bike mount,cyclo cross,True,asphalt,excellent
f2970292-7c15-4bce-997c-d34ea8cf21d0,94876deb-15e6-4fbb-8650-f6ed7b1ec7ae,92756316-ccbb-46bb-856a-ef513940ead1,1633257026650,14.3762822,52.2980193,8.875519,0.5991454,0.31907368,-1.1607542,on bike mount,cyclo cross,True,asphalt,excellent
f2970292-7c15-4bce-997c-d34ea8cf21d0,94876deb-15e6-4fbb-8650-f6ed7b1ec7ae,89d4f8ea-c9b0-428b-8847-63246cfe7804,1633257026700,14.3762822,52.2980193,8.875519,-0.7038579,-1.8224666,1.2972937,on bike mount,cyclo cross,True,asphalt,excellent
f2970292-7c15-4bce-997c-d34ea8cf21d0,94876deb-15e6-4fbb-8650-f6ed7b1ec7ae,8253e616-fec6-4d8d-b3c3-81750c6fcbec,1633257026751,14.3762822,52.2980193,8.875519,0.7308775,-1.9943392,-0.6514683,on bike mount,cyclo cross,True,asphalt,excellent
f2970292-7c15-4bce-997c-d34ea8cf21d0,4f855aa9-cca8-401e-b64d-e1077d2e4a53,d42cda00-87ff-4faf-b083-d3aa211844d7,1633257024466,14.3764009,52.297874,8.885829,0.109868355,0.42766714,-0.7824211,on bike mount,cyclo cross,True,asphalt,excellent
f2970292-7c15-4bce-997c-d34ea8cf21d0,4f855aa9-cca8-401e-b64d-e1077d2e4a53,1c3ecac8-f7f3-4d8b-ac77-93d9ed845814,1633257024530,14.3764009,52.297874,8.885829,-1.3005466,-0.8714416,0.8493805,on bike mount,cyclo cross,True,asphalt,excellent
f2970292-7c15-4bce-997c-d34ea8cf21d0,4f855aa9-cca8-401e-b64d-e1077d2e4a53,6464720c-32f8-4139-b36e-f807d70ecc1e,1633257024581,14.3764009,52.297874,8.885829,0.4876646,-1.0994087,-1.2059965,on bike mount,cyclo cross,True,asphalt,excellent
f2970292-7c15-4bce-997c-d34ea8cf21d0,4f855aa9-cca8-401e-b64d-e1077d2e4a53,31c598a3-ac41-439a-80ac-0102af55e384,1633257024632,14.3764009,52.297874,8.885829,-0.97350264,-2.7905815,-0.19380951,on bike mount,cyclo cross,True,asphalt,excellent
f2970292-7c15-4bce-997c-d34ea8cf21d0,4f855aa9-cca8-401e-b64d-e1077d2e4a53,af46a3ed-839e-45ad-8508-48ea4a47d804,1633257024697,14.3764009,52.297874,8.885829,-0.5720547,-2.3826141,-0.9353409,on bike mount,cyclo cross,True,asphalt,excellent
f2970292-7c15-4bce-997c-d34ea8cf21d0,4f855aa9-cca8-401e-b64d-e1077d2e4a53,9fd62a77-6bf7-484f-bf70-d70a6cfa0b62,1633257024747,14.3764009,52.297874,8.885829,0.35310856,-2.4774594,2.1816378,on bike mount,cyclo cross,True,asphalt,excellent
f2970292-7c15-4bce-997c-d34ea8cf21d0,4f855aa9-cca8-401e-b64d-e1077d2e4a53,e6646e48-d33e-4af0-9192-22ced95a381c,1633257024801,14.3764009,52.297874,8.885829,1.7446597,0.8362069,-0.2344017,on bike mount,cyclo cross,True,asphalt,excellent
f2970292-7c15-4bce-997c-d34ea8cf21d0,4f855aa9-cca8-401e-b64d-e1077d2e4a53,75659ec1-fa86-4b22-8dbb-1025d558c131,1633257024851,14.3764009,52.297874,8.885829,-1.2626977,-0.17462635,-2.9453406,on bike mount,cyclo cross,True,asphalt,excellent
f2970292-7c15-4bce-997c-d34ea8cf21d0,4f855aa9-cca8-401e-b64d-e1077d2e4a53,79d66913-9744-44b6-970b-27686d4c9e74,1633257024903,14.3764009,52.297874,8.885829,0.21698523,-0.5585966,-0.49248028,on bike mount,cyclo cross,True,asphalt,excellent
f2970292-7c15-4bce-997c-d34ea8cf21d0,4f855aa9-cca8-401e-b64d-e1077d2e4a53,b6d63957-88bd-4b8f-b6c9-f9f650d589fc,1633257024965,14.3764009,52.297874,8.885829,0.871536,-1.0284665,-0.9049463,on bike mount,cyclo cross,True,asphalt,excellent
f2970292-7c15-4bce-997c-d34ea8cf21d0,4f855aa9-cca8-401e-b64d-e1077d2e4a53,988ce653-f51c-44bf-b87a-0a6a9b8136c3,1633257025015,14.3764009,52.297874,8.885829,-0.36334878,-1.4530632,2.2338257,on bike mount,cyclo cross,True,asphalt,excellent
f2970292-7c15-4bce-997c-d34ea8cf21d0,4f855aa9-cca8-401e-b64d-e1077d2e4a53,6b0f71b9-9178-4122-b313-8a8d1407e30b,1633257025064,14.3764009,52.297874,8.885829,0.44881982,0.07729125,1.2474566,on bike mount,cyclo cross,True,asphalt,excellent
f2970292-7c15-4bce-997c-d34ea8cf21d0,4f855aa9-cca8-401e-b64d-e1077d2e4a53,c1d5fcdd-9449-49b0-9b33-32d64448d732,1633257025124,14.3763401,52.2979464,8.877394,-1.0855881,1.5562654,-1.6595621,on bike mount,cyclo cross,True,asphalt,excellent
f2970292-7c15-4bce-997c-d34ea8cf21d0,4f855aa9-cca8-401e-b64d-e1077d2e4a53,0814f51d-a5bc-4b82-ab47-ee3f6cec750a,1633257025185,14.3763401,52.2979464,8.877394,0.83844024,1.9842968,-0.5413561,on bike mount,cyclo cross,True,asphalt,excellent
f2970292-7c15-4bce-997c-d34ea8cf21d0,4f855aa9-cca8-401e-b64d-e1077d2e4a53,c22b555b-f333-4e75-89f8-28db36e1a892,1633257025235,14.3763401,52.2979464,8.877394,-1.3516498,-3.453005,3.529029,on bike mount,cyclo cross,True,asphalt,excellent
f2970292-7c15-4bce-997c-d34ea8cf21d0,4f855aa9-cca8-401e-b64d-e1077d2e4a53,0b0a44d3-e6db-48ff-a842-7b2f8e546443,1633257025298,14.3763401,52.2979464,8.877394,-0.3554516,-0.84848195,0.18255424,on bike mount,cyclo cross,True,asphalt,excellent
f2970292-7c15-4bce-997c-d34ea8cf21d0,4f855aa9-cca8-401e-b64d-e1077d2e4a53,19d35b18-ed1f-45b7-a24b-d7e41f8f49a1,1633257025348,14.3763401,52.2979464,8.877394,-0.7377429,-0.2529757,-2.2390842,on bike mount,cyclo cross,True,asphalt,excellent
f2970292-7c15-4bce-997c-d34ea8cf21d0,4f855aa9-cca8-401e-b64d-e1077d2e4a53,b4709fda-e1a1-4c44-ad3b-8b7a3a149916,1633257025407,14.3763401,52.2979464,8.877394,-0.26083267,-2.1961963,2.400219,on bike mount,cyclo cross,True,asphalt,excellent
f2970292-7c15-4bce-997c-d34ea8cf21d0,4f855aa9-cca8-401e-b64d-e1077d2e4a53,0ed99eaa-80ab-40b1-b3c2-c1cf123daf1e,1633257025464,14.3763401,52.2979464,8.877394,-0.5966286,-0.54087615,1.495265,on bike mount,cyclo cross,True,asphalt,excellent
f2970292-7c15-4bce-997c-d34ea8cf21d0,4f855aa9-cca8-401e-b64d-e1077d2e4a53,b6cc9d4c-c3ba-423a-be18-f7c56da08133,1633257025517,14.3763401,52.2979464,8.877394,-0.54899526,0.15090871,3.5709229,on bike mount,cyclo cross,True,asphalt,excellent
f2970292-7c15-4bce-997c-d34ea8cf21d0,4f855aa9-cca8-401e-b64d-e1077d2e4a53,f755748c-9e5b-49fd-a148-4850c20b2ea5,1633257025566,14.3763401,52.2979464,8.877394,0.39924723,-0.31602764,-0.9399252,on bike mount,cyclo cross,True,asphalt,excellent
f2970292-7c15-4bce-997c-d34ea8cf21d0,4f855aa9-cca8-401e-b64d-e1077d2e4a53,3a8713fa-3183-47f9-9ead-dc220ccbc7bf,1633257025632,14.3763401,52.2979464,8.877394,-1.6938407,0.26985884,-1.2566428,on bike mount,cyclo cross,True,asphalt,excellent
f2970292-7c15-4bce-997c-d34ea8cf21d0,4f855aa9-cca8-401e-b64d-e1077d2e4a53,d8643abf-51a7-4260-9eda-69ae5eb6bc18,1633257025683,14.3763401,52.2979464,8.877394,-0.008966416,-1.3069112,2.1659842,on bike mount,cyclo cross,True,asphalt,excellent
f2970292-7c15-4bce-997c-d34ea8cf21d0,4f855aa9-cca8-401e-b64d-e1077d2e4a53,8394f079-0e72-42e8-b4f1-58ec9230e5aa,1633257025733,14.3763401,52.2979464,8.877394,0.7300999,-0.6368499,-1.6601276,on bike mount,cyclo cross,True,asphalt,excellent
f2970292-7c15-4bce-997c-d34ea8cf21d0,4f855aa9-cca8-401e-b64d-e1077d2e4a53,003b2189-5269-4a46-a632-cfa54a348950,1633257025784,14.3763401,52.2979464,8.877394,0.44133866,0.018895388,-2.677905,on bike mount,cyclo cross,True,asphalt,excellent
f2970292-7c15-4bce-997c-d34ea8cf21d0,4f855aa9-cca8-401e-b64d-e1077d2e4a53,6fe2b22f-79ee-4924-a93c-a8ec9f75f7ae,1633257025836,14.3763401,52.2979464,8.877394,-0.060390443,-1.4737883,1.5341434,on bike mount,cyclo cross,True,asphalt,excellent
f2970292-7c15-4bce-997c-d34ea8cf21d0,4f855aa9-cca8-401e-b64d-e1077d2e4a53,af0f0664-5478-42ae-b89c-aaed5cd16172,1633257025900,14.3763401,52.2979464,8.877394,-0.44736016,-2.6046796,1.7864408,on bike mount,cyclo cross,True,asphalt,excellent
f2970292-7c15-4bce-997c-d34ea8cf21d0,4f855aa9-cca8-401e-b64d-e1077d2e4a53,ccbc61f5-9066-45c5-83df-387bc88561ed,1633257025952,14.3763401,52.2979464,8.877394,-0.09966004,-1.0171564,1.0624866,on bike mount,cyclo cross,True,asphalt,excellent
f2970292-7c15-4bce-997c-d34ea8cf21d0,4f855aa9-cca8-401e-b64d-e1077d2e4a53,e0174787-1e7d-4cbd-89b9-ae3c45f23f3c,1633257026018,14.3763401,52.2979464,8.877394,0.9036095,-0.590019,1.7212458,on bike mount,cyclo cross,True,asphalt,excellent
f2970292-7c15-4bce-997c-d34ea8cf21d0,4f855aa9-cca8-401e-b64d-e1077d2e4a53,2ab5ea1e-299b-4272-91a9-9bee0e631ade,1633257026068,14.3763401,52.2979464,8.877394,-0.30113605,0.39729643,-0.082808495,on bike mount,cyclo cross,True,asphalt,excellent
f2970292-7c15-4bce-997c-d34ea8cf21d0,4f855aa9-cca8-401e-b64d-e1077d2e4a53,02309750-6793-43e1-bec9-25d83f81bd6f,1633257026134,14.3762822,52.2980193,8.875519,0.42360225,-0.5872791,0.047883987,on bike mount,cyclo cross,True,asphalt,excellent
f2970292-7c15-4bce-997c-d34ea8cf21d0,4f855aa9-cca8-401e-b64d-e1077d2e4a53,16b561d9-70e4-4833-a80a-b97ea8f2ae5b,1633257026185,14.3762822,52.2980193,8.875519,0.05855579,-0.0075809956,-1.1948538,on bike mount,cyclo cross,True,asphalt,excellent
f2970292-7c15-4bce-997c-d34ea8cf21d0,4f855aa9-cca8-401e-b64d-e1077d2e4a53,be0cb1c9-676d-4cf5-badf-ac4674c6a1ec,1633257026249,14.3762822,52.2980193,8.875519,1.3555627,0.75865626,-1.1947932,on bike mount,cyclo cross,True,asphalt,excellent
f2970292-7c15-4bce-997c-d34ea8cf21d0,4f855aa9-cca8-401e-b64d-e1077d2e4a53,703b177c-a041-45c8-a9a0-b2b1124348d7,1633257026299,14.3762822,52.2980193,8.875519,0.67504895,-1.2557927,3.5745707,on bike mount,cyclo cross,True,asphalt,excellent
f2970292-7c15-4bce-997c-d34ea8cf21d0,4f855aa9-cca8-401e-b64d-e1077d2e4a53,44e620b6-e955-4702-98df-0e7464b7fa1f,1633257026351,14.3762822,52.2980193,8.875519,-0.09939399,0.7835009,0.64677143,on bike mount,cyclo cross,True,asphalt,excellent
f2970292-7c15-4bce-997c-d34ea8cf21d0,4f855aa9-cca8-401e-b64d-e1077d2e4a53,d2ec2397-37ee-4341-803c-7cb9b5d75e88,1633257026401,14.3762822,52.2980193,8.875519,0.9480621,0.66183186,1.6035137,on bike mount,cyclo cross,True,asphalt,excellent
f2970292-7c15-4bce-997c-d34ea8cf21d0,4f855aa9-cca8-401e-b64d-e1077d2e4a53,a7cb2b76-4b50-4e34-97c1-45f32a61035a,1633257026453,14.3762822,52.2980193,8.875519,0.10813225,0.9049947,2.3181667,on bike mount,cyclo cross,True,asphalt,excellent
f2970292-7c15-4bce-997c-d34ea8cf21d0,4f855aa9-cca8-401e-b64d-e1077d2e4a53,8f4e0885-542e-4ace-a43c-9e2360c23d6a,1633257026518,14.3762822,52.2980193,8.875519,-0.41656172,0.13147187,-1.2847948,on bike mount,cyclo cross,True,asphalt,excellent
f2970292-7c15-4bce-997c-d34ea8cf21d0,4f855aa9-cca8-401e-b64d-e1077d2e4a53,40695af2-5cf3-4829-8f94-85e55bc08267,1633257026568,14.3762822,52.2980193,8.875519,0.62750256,-1.5215467,-1.2680416,on bike mount,cyclo cross,True,asphalt,excellent
f2970292-7c15-4bce-997c-d34ea8cf21d0,4f855aa9-cca8-401e-b64d-e1077d2e4a53,f52605bd-a694-44d2-a653-e9c5fbd3ad6c,1633257026621,14.3762822,52.2980193,8.875519,-1.3976963,-2.7199967,1.0701323,on bike mount,cyclo cross,True,asphalt,excellent
f2970292-7c15-4bce-997c-d34ea8cf21d0,4f855aa9-cca8-401e-b64d-e1077d2e4a53,af6c82e4-ac8d-4b77-a882-ae142bdd6d5f,1633257026671,14.3762822,52.2980193,8.875519,-0.29250076,-1.3345286,-0.33702946,on bike mount,cyclo cross,True,asphalt,excellent
f2970292-7c15-4bce-997c-d34ea8cf21d0,4f855aa9-cca8-401e-b64d-e1077d2e4a53,fe54718d-4d85-461c-b7d8-dca00a01296a,1633257026733,14.3762822,52.2980193,8.875519,-0.58921057,1.0931854,2.1154537,on bike mount,cyclo cross,True,asphalt,excellent
f2970292-7c15-4bce-997c-d34ea8cf21d0,4f855aa9-cca8-401e-b64d-e1077d2e4a53,380fbb9f-ddc1-48a0-a9c9-62257d518955,1633257026783,14.3762822,52.2980193,8.875519,0.6705996,-2.2752805,3.7799625,on bike mount,cyclo cross,True,asphalt,excellent
f2970292-7c15-4bce-997c-d34ea8cf21d0,4f855aa9-cca8-401e-b64d-e1077d2e4a53,3113df22-661d-477a-aaa5-a4bdff059688,1633257026833,14.3762822,52.2980193,8.875519,-0.3356475,1.6010251,-3.579515,on bike mount,cyclo cross,True,asphalt,excellent
f2970292-7c15-4bce-997c-d34ea8cf21d0,4f855aa9-cca8-401e-b64d-e1077d2e4a53,3f4289b5-04b9-4d0b-b12b-c050fccbb8d7,1633257026884,14.3762822,52.2980193,8.875519,0.41725013,1.0377314,-8.609431,on bike mount,cyclo cross,True,asphalt,excellent
f2970292-7c15-4bce-997c-d34ea8cf21d0,4f855aa9-cca8-401e-b64d-e1077d2e4a53,79d8da8b-b96f-4841-8ef6-4ccb16097b99,1633257026934,14.3762822,52.2980193,8.875519,1.5735554,-0.57919407,6.665036,on bike mount,cyclo cross,True,asphalt,excellent
f2970292-7c15-4bce-997c-d34ea8cf21d0,4f855aa9-cca8-401e-b64d-e1077d2e4a53,73ca001c-f501-4d19-be37-506c007e639d,1633257026987,14.3762822,52.2980193,8.875519,-0.777591,1.0013416,0.11057854,on bike mount,cyclo cross,True,asphalt,excellent
f2970292-7c15-4bce-997c-d34ea8cf21d0,4f855aa9-cca8-401e-b64d-e1077d2e4a53,542507c8-8bef-4826-a239-e53046a67d8f,1633257027051,14.3762822,52.2980193,8.875519,0.8044662,0.6861148,-2.335228,on bike mount,cyclo cross,True,asphalt,excellent
f2970292-7c15-4bce-997c-d34ea8cf21d0,4f855aa9-cca8-401e-b64d-e1077d2e4a53,5f66d472-f207-483a-8cd8-b77cfb8aea7f,1633257027102,14.3762822,52.2980193,8.875519,1.470588,-0.5325775,2.0907278,on bike mount,cyclo cross,True,asphalt,excellent
f2970292-7c15-4bce-997c-d34ea8cf21d0,4f855aa9-cca8-401e-b64d-e1077d2e4a53,9f730cb1-93b0-453b-a399-d79a46bdaf76,1633257027154,14.3762245,52.2980915,8.861061,0.3590038,-0.5804534,0.82232285,on bike mount,cyclo cross,True,asphalt,excellent
f2970292-7c15-4bce-997c-d34ea8cf21d0,4f855aa9-cca8-401e-b64d-e1077d2e4a53,cbc804c9-b135-46c8-a9ab-141b5b7f37b9,1633257027203,14.3762245,52.2980915,8.861061,-0.79425436,0.6671312,-1.3416176,on bike mount,cyclo cross,True,asphalt,excellent
f2970292-7c15-4bce-997c-d34ea8cf21d0,4f855aa9-cca8-401e-b64d-e1077d2e4a53,d73bd3a3-3b63-4002-9959-a6e0743ec413,1633257027254,14.3762245,52.2980915,8.861061,1.1325829,-1.91379,-0.15940094,on bike mount,cyclo cross,True,asphalt,excellent
f2970292-7c15-4bce-997c-d34ea8cf21d0,4f855aa9-cca8-401e-b64d-e1077d2e4a53,5a39801d-b43e-4477-bda7-21cfa187afa1,1633257027304,14.3762245,52.2980915,8.861061,-0.56104577,0.8948922,-1.9727511,on bike mount,cyclo cross,True,asphalt,excellent
f2970292-7c15-4bce-997c-d34ea8cf21d0,4f855aa9-cca8-401e-b64d-e1077d2e4a53,f191d7df-07ff-4d5f-bd96-e2f8dd8fc800,1633257027370,14.3762245,52.2980915,8.861061,-0.67576784,-1.2253777,-1.0985956,on bike mount,cyclo cross,True,asphalt,excellent
f2970292-7c15-4bce-997c-d34ea8cf21d0,4f855aa9-cca8-401e-b64d-e1077d2e4a53,4a11b307-f0c2-47c3-9ba4-45076c618d3a,1633257027420,14.3762245,52.2980915,8.861061,-0.026485339,-0.82343733,-1.1514034,on bike mount,cyclo cross,True,asphalt,excellent
f2970292-7c15-4bce-997c-d34ea8cf21d0,4f855aa9-cca8-401e-b64d-e1077d2e4a53,5cf66515-fe02-4788-8fd8-dd2e5925b3d9,1633257027485,14.3762245,52.2980915,8.861061,-0.90710866,0.5097549,-0.13180542,on bike mount,cyclo cross,True,asphalt,excellent
f2970292-7c15-4bce-997c-d34ea8cf21d0,4f855aa9-cca8-401e-b64d-e1077d2e4a53,9ef2f221-7ae2-4ce5-96b4-02bc61a59f32,1633257027536,14.3762245,52.2980915,8.861061,0.27733007,1.0868421,2.8102045,on bike mount,cyclo cross,True,asphalt,excellent
f2970292-7c15-4bce-997c-d34ea8cf21d0,4f855aa9-cca8-401e-b64d-e1077d2e4a53,72fcef2c-9d91-41b4-9216-323d99fbd858,1633257027586,14.3762245,52.2980915,8.861061,-0.83433735,-0.036533356,-0.49978828,on bike mount,cyclo cross,True,asphalt,excellent
f2970292-7c15-4bce-997c-d34ea8cf21d0,4f855aa9-cca8-401e-b64d-e1077d2e4a53,56604893-5eb4-497c-97fc-cbebdf2d6079,1633257027639,14.3762245,52.2980915,8.861061,0.22540167,-0.39321804,-0.6150656,on bike mount,cyclo cross,True,asphalt,excellent
f2970292-7c15-4bce-997c-d34ea8cf21d0,4f855aa9-cca8-401e-b64d-e1077d2e4a53,508ec942-7053-414c-b0b2-de6e95e30538,1633257027707,14.3762245,52.2980915,8.861061,-0.03918369,-0.83958983,-1.1253738,on bike mount,cyclo cross,True,asphalt,excellent
f2970292-7c15-4bce-997c-d34ea8cf21d0,4f855aa9-cca8-401e-b64d-e1077d2e4a53,6d64c9fa-bc10-4186-97b3-d880273bef20,1633257027769,14.3762245,52.2980915,8.861061,0.20191106,-1.4140196,7.797658,on bike mount,cyclo cross,True,asphalt,excellent
f2970292-7c15-4bce-997c-d34ea8cf21d0,4f855aa9-cca8-401e-b64d-e1077d2e4a53,2e5e55ac-498e-4578-8c2c-4da7b7eed586,1633257027818,14.3762245,52.2980915,8.861061,-1.1832047,-0.84792423,2.2951126,on bike mount,cyclo cross,True,asphalt,excellent
f2970292-7c15-4bce-997c-d34ea8cf21d0,4f855aa9-cca8-401e-b64d-e1077d2e4a53,2f34afff-74e1-4532-8d33-0c2f6730cb72,1633257027869,14.3762245,52.2980915,8.861061,7.7653837,0.4271431,-6.898236,on bike mount,cyclo cross,True,asphalt,excellent
f2970292-7c15-4bce-997c-d34ea8cf21d0,4f855aa9-cca8-401e-b64d-e1077d2e4a53,58b9b350-c755-486b-811e-97f3606d829b,1633257027921,14.3762245,52.2980915,8.861061,-0.5239008,-0.9476,0.5034056,on bike mount,cyclo cross,True,asphalt,excellent
f2970292-7c15-4bce-997c-d34ea8cf21d0,4f855aa9-cca8-401e-b64d-e1077d2e4a53,7444a9e8-e75e-407d-a291-3e5074414733,1633257027973,14.3762245,52.2980915,8.861061,-1.9285944,1.8934727,-2.126937,on bike mount,cyclo cross,True,asphalt,excellent
f2970292-7c15-4bce-997c-d34ea8cf21d0,4f855aa9-cca8-401e-b64d-e1077d2e4a53,5676ca41-9aab-49f1-8d11-5b76f8d34d4a,1633257028036,14.3762245,52.2980915,8.861061,-0.28783906,-1.4053481,1.2033567,on bike mount,cyclo cross,True,asphalt,excellent
f2970292-7c15-4bce-997c-d34ea8cf21d0,4f855aa9-cca8-401e-b64d-e1077d2e4a53,83d6af23-fbbb-4f92-b17f-404881628011,1633257028088,14.3762245,52.2980915,8.861061,-1.2103288,1.1832271,0.46588612,on bike mount,cyclo cross,True,asphalt,excellent
f2970292-7c15-4bce-997c-d34ea8cf21d0,4f855aa9-cca8-401e-b64d-e1077d2e4a53,2a52bd23-3f05-4d5a-84dd-db351004078c,1633257028138,14.3761663,52.2981605,8.813086,1.0773139,-0.9315996,0.74166584,on bike mount,cyclo cross,True,asphalt,excellent
f2970292-7c15-4bce-997c-d34ea8cf21d0,4f855aa9-cca8-401e-b64d-e1077d2e4a53,fe614a17-1841-46ec-90d8-a3f67016b86f,1633257028188,14.3761663,52.2981605,8.813086,0.16662705,1.6274753,-1.2460909,on bike mount,cyclo cross,True,asphalt,excellent
f2970292-7c15-4bce-997c-d34ea8cf21d0,4f855aa9-cca8-401e-b64d-e1077d2e4a53,ab56b1e5-40e4-47cd-b93a-70a878a33053,1633257028254,14.3761663,52.2981605,8.813086,-0.72438586,-2.184921,4.314354,on bike mount,cyclo cross,True,asphalt,excellent
f2970292-7c15-4bce-997c-d34ea8cf21d0,4f855aa9-cca8-401e-b64d-e1077d2e4a53,3337b4b3-074d-40e9-aade-9c7ab56378cc,1633257028304,14.3761663,52.2981605,8.813086,0.1520673,-0.74950695,-0.22792816,on bike mount,cyclo cross,True,asphalt,excellent
f2970292-7c15-4bce-997c-d34ea8cf21d0,4f855aa9-cca8-401e-b64d-e1077d2e4a53,6375611d-5c6e-44c1-b54f-57d577e8e64e,1633257028355,14.3761663,52.2981605,8.813086,-1.3372872,0.50946,1.4841471,on bike mount,cyclo cross,True,asphalt,excellent
f2970292-7c15-4bce-997c-d34ea8cf21d0,4f855aa9-cca8-401e-b64d-e1077d2e4a53,2a560ff8-6126-4242-bd92-e96467edc0ab,1633257028406,14.3761663,52.2981605,8.813086,-0.37393266,-1.8991565,1.0122213,on bike mount,cyclo cross,True,asphalt,excellent
f2970292-7c15-4bce-997c-d34ea8cf21d0,4f855aa9-cca8-401e-b64d-e1077d2e4a53,0a83f0c3-70aa-454c-b719-d36243f6a969,1633257028472,14.3761663,52.2981605,8.813086,0.9510811,-0.42493963,1.2842045,on bike mount,cyclo cross,True,asphalt,excellent
f2970292-7c15-4bce-997c-d34ea8cf21d0,4f855aa9-cca8-401e-b64d-e1077d2e4a53,fd2fb5b2-ceff-41f8-aa96-e98bd0e2c164,1633257028523,14.3761663,52.2981605,8.813086,0.30374402,0.9400151,-1.1053691,on bike mount,cyclo cross,True,asphalt,excellent
f2970292-7c15-4bce-997c-d34ea8cf21d0,4f855aa9-cca8-401e-b64d-e1077d2e4a53,5b82e27b-65cc-4f18-b8cc-2adf47676c6f,1633257028575,14.3761663,52.2981605,8.813086,-0.2609351,0.48016143,3.3531723,on bike mount,cyclo cross,True,asphalt,excellent
f2970292-7c15-4bce-997c-d34ea8cf21d0,4f855aa9-cca8-401e-b64d-e1077d2e4a53,d6d23cc9-2608-4172-afeb-f8ddb5821197,1633257028626,14.3761663,52.2981605,8.813086,1.1688136,-1.6597836,0.63134384,on bike mount,cyclo cross,True,asphalt,excellent
f2970292-7c15-4bce-997c-d34ea8cf21d0,4f855aa9-cca8-401e-b64d-e1077d2e4a53,d18e924c-ee16-4bdc-ad0c-ee9ec9a64363,1633257028688,14.3761663,52.2981605,8.813086,-0.8753598,-1.5316014,-1.0800781,on bike mount,cyclo cross,True,asphalt,excellent
f2970292-7c15-4bce-997c-d34ea8cf21d0,4f855aa9-cca8-401e-b64d-e1077d2e4a53,76918b20-bcfd-4b0f-a34f-ff0cc48d701f,1633257028738,14.3761663,52.2981605,8.813086,-0.18063834,-0.34194112,0.37882233,on bike mount,cyclo cross,True,asphalt,excellent
f2970292-7c15-4bce-997c-d34ea8cf21d0,4f855aa9-cca8-401e-b64d-e1077d2e4a53,2e60212b-1460-498e-a387-18e47021385c,1633257028792,14.3761663,52.2981605,8.813086,0.30963984,0.7315941,1.4493046,on bike mount,cyclo cross,True,asphalt,excellent
f2970292-7c15-4bce-997c-d34ea8cf21d0,4f855aa9-cca8-401e-b64d-e1077d2e4a53,45253832-2a0b-4d08-a64d-5ef41b21ad89,1633257028854,14.3761663,52.2981605,8.813086,0.6155622,1.1360736,2.2263355,on bike mount,cyclo cross,True,asphalt,excellent
f2970292-7c15-4bce-997c-d34ea8cf21d0,4f855aa9-cca8-401e-b64d-e1077d2e4a53,da240444-c027-4877-b0ba-e9c07240430a,1633257028904,14.3761663,52.2981605,8.813086,0.022529423,-1.1539024,1.6654177,on bike mount,cyclo cross,True,asphalt,excellent
f2970292-7c15-4bce-997c-d34ea8cf21d0,4f855aa9-cca8-401e-b64d-e1077d2e4a53,e00c6e18-049c-454c-b1db-29067a7a2176,1633257028954,14.3761663,52.2981605,8.813086,-0.5148931,0.55827093,-2.2669191,on bike mount,cyclo cross,True,asphalt,excellent
f2970292-7c15-4bce-997c-d34ea8cf21d0,4f855aa9-cca8-401e-b64d-e1077d2e4a53,6aecf635-d6a5-4516-809c-dc6e2fceecc9,1633257029005,14.3761663,52.2981605,8.813086,-0.03376335,0.65673447,0.10127354,on bike mount,cyclo cross,True,asphalt,excellent
f2970292-7c15-4bce-997c-d34ea8cf21d0,4f855aa9-cca8-401e-b64d-e1077d2e4a53,6f2b1646-9a73-427b-b094-a0bf872239b1,1633257029057,14.3761663,52.2981605,8.813086,-0.23870331,-1.6944578,1.1983709,on bike mount,cyclo cross,True,asphalt,excellent
f2970292-7c15-4bce-997c-d34ea8cf21d0,4f855aa9-cca8-401e-b64d-e1077d2e4a53,bf95a7be-b81d-417f-bf3f-7d3281225122,1633257029123,14.3761105,52.2982273,8.7794,-0.8884238,0.6299319,-0.07538128,on bike mount,cyclo cross,True,asphalt,excellent
f2970292-7c15-4bce-997c-d34ea8cf21d0,4f855aa9-cca8-401e-b64d-e1077d2e4a53,0ecad139-9923-4efa-8f84-98091954224e,1633257029173,14.3761105,52.2982273,8.7794,-0.05959455,-0.31556702,1.6826086,on bike mount,cyclo cross,True,asphalt,excellent
f2970292-7c15-4bce-997c-d34ea8cf21d0,4f855aa9-cca8-401e-b64d-e1077d2e4a53,591d8939-0526-4d73-80dd-2c02775530fe,1633257029225,14.3761105,52.2982273,8.7794,-0.43846834,-0.73520684,-0.59667015,on bike mount,cyclo cross,True,asphalt,excellent
f2970292-7c15-4bce-997c-d34ea8cf21d0,4f855aa9-cca8-401e-b64d-e1077d2e4a53,c3e2d381-e407-4fb4-8d35-6d164bfb064f,1633257029278,14.3761105,52.2982273,8.7794,0.0604313,-0.9913713,0.055826187,on bike mount,cyclo cross,True,asphalt,excellent
f2970292-7c15-4bce-997c-d34ea8cf21d0,4f855aa9-cca8-401e-b64d-e1077d2e4a53,9e62e884-b3d1-4bd7-85cc-ba2e38130c14,1633257029339,14.3761105,52.2982273,8.7794,0.9312226,-1.4676998,-1.3502288,on bike mount,cyclo cross,True,asphalt,excellent
f2970292-7c15-4bce-997c-d34ea8cf21d0,4f855aa9-cca8-401e-b64d-e1077d2e4a53,aa0adb87-094e-4386-8ff5-8f497bcdf644,1633257029391,14.3761105,52.2982273,8.7794,0.9706167,1.9395599,-0.64719105,on bike mount,cyclo cross,True,asphalt,excellent
f2970292-7c15-4bce-997c-d34ea8cf21d0,4f855aa9-cca8-401e-b64d-e1077d2e4a53,9c71d6ae-fd51-4142-a8f9-da3b30db342b,1633257029456,14.3761105,52.2982273,8.7794,0.9843613,0.9172003,0.49887753,on bike mount,cyclo cross,True,asphalt,excellent
f2970292-7c15-4bce-997c-d34ea8cf21d0,4f855aa9-cca8-401e-b64d-e1077d2e4a53,c99115ec-340f-402d-8ade-bd88b7e08dc5,1633257029507,14.3761105,52.2982273,8.7794,1.0676608,-0.26155877,-0.7090025,on bike mount,cyclo cross,True,asphalt,excellent
f2970292-7c15-4bce-997c-d34ea8cf21d0,4f855aa9-cca8-401e-b64d-e1077d2e4a53,b7bc7cb8-742e-4674-87f5-9fd0b2497fbf,1633257029572,14.3761105,52.2982273,8.7794,-0.73610383,-0.014770031,-1.5988855,on bike mount,cyclo cross,True,asphalt,excellent
f2970292-7c15-4bce-997c-d34ea8cf21d0,4f855aa9-cca8-401e-b64d-e1077d2e4a53,0849398a-809f-4674-b82f-9d9b2d774151,1633257029623,14.3761105,52.2982273,8.7794,-0.88032365,0.21213388,-1.3595185,on bike mount,cyclo cross,True,asphalt,excellent
f2970292-7c15-4bce-997c-d34ea8cf21d0,4f855aa9-cca8-401e-b64d-e1077d2e4a53,652e20d6-ffeb-4d89-858b-7c022582d1cf,1633257029690,14.3761105,52.2982273,8.7794,0.050047535,-0.60054266,-0.7899542,on bike mount,cyclo cross,True,asphalt,excellent
f2970292-7c15-4bce-997c-d34ea8cf21d0,4f855aa9-cca8-401e-b64d-e1077d2e4a53,bb28e8b2-3bfe-413e-a7c7-b6853804c811,1633257029741,14.3761105,52.2982273,8.7794,0.32608867,-0.8181294,1.1353321,on bike mount,cyclo cross,True,asphalt,excellent
f2970292-7c15-4bce-997c-d34ea8cf21d0,4f855aa9-cca8-401e-b64d-e1077d2e4a53,e7041103-99b1-4f5e-a3c5-f06f9d99a9af,1633257029790,14.3761105,52.2982273,8.7794,-0.031903073,-0.7183397,-2.0089407,on bike mount,cyclo cross,True,asphalt,excellent
f2970292-7c15-4bce-997c-d34ea8cf21d0,4f855aa9-cca8-401e-b64d-e1077d2e4a53,c7fcaa7a-abe7-4e0c-a497-7f5e7530d102,1633257029855,14.3761105,52.2982273,8.7794,-0.25897592,0.9943061,-0.6556711,on bike mount,cyclo cross,True,asphalt,excellent
f2970292-7c15-4bce-997c-d34ea8cf21d0,4f855aa9-cca8-401e-b64d-e1077d2e4a53,85b5b020-f4da-4e53-9de3-a10303d8324d,1633257029908,14.3761105,52.2982273,8.7794,1.2250953,-0.23054552,0.50709534,on bike mount,cyclo cross,True,asphalt,excellent
f2970292-7c15-4bce-997c-d34ea8cf21d0,4f855aa9-cca8-401e-b64d-e1077d2e4a53,6f5fa9a3-97ef-4e01-b54e-e56a58566dab,1633257029972,14.3761105,52.2982273,8.7794,-0.73645353,-1.3348762,-0.96336937,on bike mount,cyclo cross,True,asphalt,excellent
f2970292-7c15-4bce-997c-d34ea8cf21d0,4f855aa9-cca8-401e-b64d-e1077d2e4a53,6c3020db-4198-4a72-ada1-1f063a7b6e67,1633257030022,14.3761105,52.2982273,8.7794,-0.43955228,-1.0168192,2.3348188,on bike mount,cyclo cross,True,asphalt,excellent
f2970292-7c15-4bce-997c-d34ea8cf21d0,4f855aa9-cca8-401e-b64d-e1077d2e4a53,23cab164-0ae8-4e89-be3e-9a3a450e0d56,1633257030073,14.3761105,52.2982273,8.7794,1.942284,1.6778221,-0.779191,on bike mount,cyclo cross,True,asphalt,excellent
f2970292-7c15-4bce-997c-d34ea8cf21d0,4f855aa9-cca8-401e-b64d-e1077d2e4a53,1b8998d9-33ef-4d8d-9ddb-ffa6d3ad6a47,1633257030125,14.3760527,52.298293,8.754266,0.13069302,-0.4443872,-0.96445084,on bike mount,cyclo cross,True,asphalt,excellent
f2970292-7c15-4bce-997c-d34ea8cf21d0,4f855aa9-cca8-401e-b64d-e1077d2e4a53,b888a507-8eca-438c-9bd9-c7ca05fa4327,1633257030190,14.3760527,52.298293,8.754266,-0.32897282,0.075380564,-0.96551514,on bike mount,cyclo cross,True,asphalt,excellent
f2970292-7c15-4bce-997c-d34ea8cf21d0,4f855aa9-cca8-401e-b64d-e1077d2e4a53,351fb60b-736c-40fb-9aac-cf71203ef69d,1633257030241,14.3760527,52.298293,8.754266,-0.5455199,-0.16050625,1.1396322,on bike mount,cyclo cross,True,asphalt,excellent
f2970292-7c15-4bce-997c-d34ea8cf21d0,4f855aa9-cca8-401e-b64d-e1077d2e4a53,3b094de0-5fe4-425a-86b4-d1e5bce9970f,1633257030291,14.3760527,52.298293,8.754266,0.81556904,1.5674372,1.1287193,on bike mount,cyclo cross,True,asphalt,excellent
f2970292-7c15-4bce-997c-d34ea8cf21d0,4f855aa9-cca8-401e-b64d-e1077d2e4a53,e8496794-99f8-4d34-b55a-f1fb49c55ce3,1633257030342,14.3760527,52.298293,8.754266,0.2245785,-0.61115646,0.13537216,on bike mount,cyclo cross,True,asphalt,excellent
f2970292-7c15-4bce-997c-d34ea8cf21d0,4f855aa9-cca8-401e-b64d-e1077d2e4a53,ce48ee0e-bd39-4de9-b9f1-8f1f5c2ac4b9,1633257030406,14.3760527,52.298293,8.754266,0.87612975,1.4139643,0.91678905,on bike mount,cyclo cross,True,asphalt,excellent
f2970292-7c15-4bce-997c-d34ea8cf21d0,4f855aa9-cca8-401e-b64d-e1077d2e4a53,0fcc2723-7888-4e4f-970d-39d82fcf3af3,1633257030456,14.3760527,52.298293,8.754266,-1.3187361,-0.12684083,-0.8865404,on bike mount,cyclo cross,True,asphalt,excellent
f2970292-7c15-4bce-997c-d34ea8cf21d0,4f855aa9-cca8-401e-b64d-e1077d2e4a53,b6f7533f-ab0b-4747-ae89-38f3dc6f62b6,1633257030507,14.3760527,52.298293,8.754266,-0.51335144,1.1646645,0.3077469,on bike mount,cyclo cross,True,asphalt,excellent
f2970292-7c15-4bce-997c-d34ea8cf21d0,4f855aa9-cca8-401e-b64d-e1077d2e4a53,1074d202-31e2-4117-9d55-969aefa9c650,1633257030559,14.3760527,52.298293,8.754266,-0.738081,0.9593468,-0.2539854,on bike mount,cyclo cross,True,asphalt,excellent
f2970292-7c15-4bce-997c-d34ea8cf21d0,4f855aa9-cca8-401e-b64d-e1077d2e4a53,545c41af-d265-4611-82ea-999402535d3b,1633257030623,14.3760527,52.298293,8.754266,-0.26094538,1.5781875,-2.4517312,on bike mount,cyclo cross,True,asphalt,excellent
f2970292-7c15-4bce-997c-d34ea8cf21d0,4f855aa9-cca8-401e-b64d-e1077d2e4a53,628d3659-e7eb-491c-adbf-fc11b69e54c3,1633257030675,14.3760527,52.298293,8.754266,-0.15328714,0.5977287,1.835846,on bike mount,cyclo cross,True,asphalt,excellent
f2970292-7c15-4bce-997c-d34ea8cf21d0,4f855aa9-cca8-401e-b64d-e1077d2e4a53,1237012f-3b5b-4cda-af80-fe60174d93a7,1633257030725,14.3760527,52.298293,8.754266,-1.0421065,-0.099547386,-0.8225441,on bike mount,cyclo cross,True,asphalt,excellent
f2970292-7c15-4bce-997c-d34ea8cf21d0,4f855aa9-cca8-401e-b64d-e1077d2e4a53,47326857-be66-4a71-bf66-e4bd580158ea,1633257030776,14.3760527,52.298293,8.754266,0.8778101,-0.16573739,-1.8845615,on bike mount,cyclo cross,True,asphalt,excellent
f2970292-7c15-4bce-997c-d34ea8cf21d0,4f855aa9-cca8-401e-b64d-e1077d2e4a53,ae0cb042-fe39-4d5b-a3b0-f43dbbe50c7a,1633257030826,14.3760527,52.298293,8.754266,-0.5780468,-1.7057943,-2.4675684,on bike mount,cyclo cross,True,asphalt,excellent
f2970292-7c15-4bce-997c-d34ea8cf21d0,4f855aa9-cca8-401e-b64d-e1077d2e4a53,b7c3b485-6189-4622-9606-90f9d3993980,1633257030875,14.3760527,52.298293,8.754266,0.10948354,-0.45063114,-0.35337925,on bike mount,cyclo cross,True,asphalt,excellent
f2970292-7c15-4bce-997c-d34ea8cf21d0,4f855aa9-cca8-401e-b64d-e1077d2e4a53,246f3a31-7c00-4f63-80c9-043291969116,1633257030926,14.3760527,52.298293,8.754266,0.5617452,0.48962402,-0.90806866,on bike mount,cyclo cross,True,asphalt,excellent
f2970292-7c15-4bce-997c-d34ea8cf21d0,4f855aa9-cca8-401e-b64d-e1077d2e4a53,4b137f76-c607-4c04-9467-7442cad0f624,1633257030977,14.3760527,52.298293,8.754266,0.24738899,-1.5453461,1.2203274,on bike mount,cyclo cross,True,asphalt,excellent
f2970292-7c15-4bce-997c-d34ea8cf21d0,4f855aa9-cca8-401e-b64d-e1077d2e4a53,077b87d2-3537-4436-98db-4dcf7b27cbe4,1633257031029,14.3760527,52.298293,8.754266,-0.6480578,0.6474781,-1.1325316,on bike mount,cyclo cross,True,asphalt,excellent
f2970292-7c15-4bce-997c-d34ea8cf21d0,4f855aa9-cca8-401e-b64d-e1077d2e4a53,9ffdac0a-f475-4e49-82f4-5f0c4f993acd,1633257031091,14.3760527,52.298293,8.754266,0.619711,2.3350558,0.54666805,on bike mount,cyclo cross,True,asphalt,excellent
f2970292-7c15-4bce-997c-d34ea8cf21d0,4f855aa9-cca8-401e-b64d-e1077d2e4a53,6b62a528-0a8c-449a-8abe-acd83efcc78e,1633257031141,14.3759928,52.2983625,8.759082,1.706715,1.1871047,0.73276806,on bike mount,cyclo cross,True,asphalt,excellent
f2970292-7c15-4bce-997c-d34ea8cf21d0,4f855aa9-cca8-401e-b64d-e1077d2e4a53,2c8e3e8f-b2d0-4d9a-bfd2-694b62d31990,1633257031192,14.3759928,52.2983625,8.759082,0.5372297,-0.12121272,1.5094471,on bike mount,cyclo cross,True,asphalt,excellent
f2970292-7c15-4bce-997c-d34ea8cf21d0,4f855aa9-cca8-401e-b64d-e1077d2e4a53,814f5dbe-de73-4f09-a2e8-0ba780899d59,1633257031241,14.3759928,52.2983625,8.759082,-0.10973287,1.9670258,1.2879276,on bike mount,cyclo cross,True,asphalt,excellent
f2970292-7c15-4bce-997c-d34ea8cf21d0,4f855aa9-cca8-401e-b64d-e1077d2e4a53,0192123a-bf9c-4508-92bb-27ca784c1d74,1633257031291,14.3759928,52.2983625,8.759082,0.15260716,-1.373348,-0.60414886,on bike mount,cyclo cross,True,asphalt,excellent
f2970292-7c15-4bce-997c-d34ea8cf21d0,4f855aa9-cca8-401e-b64d-e1077d2e4a53,a32259ce-ff09-4a75-a5c6-5ed241cc0229,1633257031342,14.3759928,52.2983625,8.759082,-0.2784754,-0.89055085,-0.5419512,on bike mount,cyclo cross,True,asphalt,excellent
f2970292-7c15-4bce-997c-d34ea8cf21d0,4f855aa9-cca8-401e-b64d-e1077d2e4a53,6e36a166-28a2-4493-848a-4996153a1a8f,1633257031392,14.3759928,52.2983625,8.759082,0.8253988,-0.6291301,0.89390373,on bike mount,cyclo cross,True,asphalt,excellent
f2970292-7c15-4bce-997c-d34ea8cf21d0,4f855aa9-cca8-401e-b64d-e1077d2e4a53,5e1c540a-e8d6-47c2-be79-7ba3b5125ea3,1633257031441,14.3759928,52.2983625,8.759082,0.23005937,0.16938543,2.3725376,on bike mount,cyclo cross,True,asphalt,excellent
f2970292-7c15-4bce-997c-d34ea8cf21d0,4f855aa9-cca8-401e-b64d-e1077d2e4a53,d7f361fa-1a78-40e1-a5a5-b5852084d058,1633257031491,14.3759928,52.2983625,8.759082,-0.65905404,0.84843445,1.7808876,on bike mount,cyclo cross,True,asphalt,excellent
f2970292-7c15-4bce-997c-d34ea8cf21d0,4f855aa9-cca8-401e-b64d-e1077d2e4a53,7f687c31-ff2a-4c95-9ea9-ea4da3c00493,1633257031542,14.3759928,52.2983625,8.759082,-0.43883598,0.9659834,-0.6821947,on bike mount,cyclo cross,True,asphalt,excellent
f2970292-7c15-4bce-997c-d34ea8cf21d0,4f855aa9-cca8-401e-b64d-e1077d2e4a53,6e0113c3-7be0-4160-99ad-9dd816a8eeeb,1633257031592,14.3759928,52.2983625,8.759082,-0.089645326,-0.46049428,1.416954,on bike mount,cyclo cross,True,asphalt,excellent
f2970292-7c15-4bce-997c-d34ea8cf21d0,4f855aa9-cca8-401e-b64d-e1077d2e4a53,bc2835d9-fd8b-4f29-9a53-5c4aab49b756,1633257031642,14.3759928,52.2983625,8.759082,0.17729597,0.2423265,-0.80613995,on bike mount,cyclo cross,True,asphalt,excellent
f2970292-7c15-4bce-997c-d34ea8cf21d0,4f855aa9-cca8-401e-b64d-e1077d2e4a53,f33dac56-5798-44e7-b838-c07ae0540865,1633257031693,14.3759928,52.2983625,8.759082,-1.1731888,-0.25502133,-0.6956911,on bike mount,cyclo cross,True,asphalt,excellent
f2970292-7c15-4bce-997c-d34ea8cf21d0,4f855aa9-cca8-401e-b64d-e1077d2e4a53,13788765-924b-44b4-8bd6-0ca87777d7d1,1633257031744,14.3759928,52.2983625,8.759082,-0.90172833,-2.0793889,-2.7546573,on bike mount,cyclo cross,True,asphalt,excellent
f2970292-7c15-4bce-997c-d34ea8cf21d0,4f855aa9-cca8-401e-b64d-e1077d2e4a53,5a610ee5-0011-48cb-9dff-7c56b019d7e9,1633257031797,14.3759928,52.2983625,8.759082,-0.51457644,1.0047128,0.28087616,on bike mount,cyclo cross,True,asphalt,excellent
f2970292-7c15-4bce-997c-d34ea8cf21d0,4f855aa9-cca8-401e-b64d-e1077d2e4a53,da34340b-0417-47e2-be34-d28cd6f39a67,1633257031862,14.3759928,52.2983625,8.759082,-0.9024809,-1.2489364,0.33318996,on bike mount,cyclo cross,True,asphalt,excellent
f2970292-7c15-4bce-997c-d34ea8cf21d0,4f855aa9-cca8-401e-b64d-e1077d2e4a53,b90a44a1-5985-4e32-8e97-2de195c5d079,1633257031925,14.3759928,52.2983625,8.759082,1.173546,0.47331953,-2.2114,on bike mount,cyclo cross,True,asphalt,excellent
f2970292-7c15-4bce-997c-d34ea8cf21d0,4f855aa9-cca8-401e-b64d-e1077d2e4a53,ede7f8b2-969b-422f-929a-d843f118c231,1633257031976,14.3759928,52.2983625,8.759082,-1.1811105,2.2561412,2.8911066,on bike mount,cyclo cross,True,asphalt,excellent
f2970292-7c15-4bce-997c-d34ea8cf21d0,4f855aa9-cca8-401e-b64d-e1077d2e4a53,951d3496-eacd-4df7-80cf-939f02be5fac,1633257032027,14.3759928,52.2983625,8.759082,0.28611743,1.0764403,3.034276,on bike mount,cyclo cross,True,asphalt,excellent
f2970292-7c15-4bce-997c-d34ea8cf21d0,4f855aa9-cca8-401e-b64d-e1077d2e4a53,b7b9fb77-b684-4cff-8ba4-27a541372c7b,1633257032077,14.3759928,52.2983625,8.759082,1.0429406,-2.5192888,5.0948505,on bike mount,cyclo cross,True,asphalt,excellent
f2970292-7c15-4bce-997c-d34ea8cf21d0,4f855aa9-cca8-401e-b64d-e1077d2e4a53,3a962bec-a3ee-46af-a3ce-f47748b46e09,1633257032128,14.3759362,52.2984324,8.718055,1.769611,-0.57091546,1.5806713,on bike mount,cyclo cross,True,asphalt,excellent
f2970292-7c15-4bce-997c-d34ea8cf21d0,4f855aa9-cca8-401e-b64d-e1077d2e4a53,9538a7b0-ac85-4be1-a2a0-9a4ac8ee552f,1633257032192,14.3759362,52.2984324,8.718055,-1.2173564,0.45456004,-0.6521282,on bike mount,cyclo cross,True,asphalt,excellent
f2970292-7c15-4bce-997c-d34ea8cf21d0,4f855aa9-cca8-401e-b64d-e1077d2e4a53,0c525dda-4551-404c-a303-b2d27803a285,1633257032243,14.3759362,52.2984324,8.718055,1.6259613,-0.19965577,0.02270317,on bike mount,cyclo cross,True,asphalt,excellent
f2970292-7c15-4bce-997c-d34ea8cf21d0,4f855aa9-cca8-401e-b64d-e1077d2e4a53,adbcf6ea-8052-4d33-9e75-003e8e8de68b,1633257032295,14.3759362,52.2984324,8.718055,-0.28368935,-0.5371361,1.542058,on bike mount,cyclo cross,True,asphalt,excellent
f2970292-7c15-4bce-997c-d34ea8cf21d0,4f855aa9-cca8-401e-b64d-e1077d2e4a53,f8cefda0-089a-45f4-8874-1751db87af1f,1633257032363,14.3759362,52.2984324,8.718055,-0.9269835,-0.75297,1.6300678,on bike mount,cyclo cross,True,asphalt,excellent
f2970292-7c15-4bce-997c-d34ea8cf21d0,4f855aa9-cca8-401e-b64d-e1077d2e4a53,05adf8c6-8929-49d8-aee4-2b4085a7a488,1633257032414,14.3759362,52.2984324,8.718055,-0.9603791,1.0896246,0.07041359,on bike mount,cyclo cross,True,asphalt,excellent
f2970292-7c15-4bce-997c-d34ea8cf21d0,4f855aa9-cca8-401e-b64d-e1077d2e4a53,2720a3ec-4713-4f2b-b0f7-d9eca3ad61b7,1633257032480,14.3759362,52.2984324,8.718055,0.5994784,-2.0680044,-2.1375647,on bike mount,cyclo cross,True,asphalt,excellent
f2970292-7c15-4bce-997c-d34ea8cf21d0,4f855aa9-cca8-401e-b64d-e1077d2e4a53,ea412a97-1c77-469a-8e3b-eb618a148e6e,1633257032530,14.3759362,52.2984324,8.718055,-0.97363305,-0.17301393,-1.4620147,on bike mount,cyclo cross,True,asphalt,excellent
f2970292-7c15-4bce-997c-d34ea8cf21d0,4f855aa9-cca8-401e-b64d-e1077d2e4a53,fae5de11-9073-4741-a836-ac1b208befe7,1633257032582,14.3759362,52.2984324,8.718055,0.6926744,-0.73268783,-0.002166748,on bike mount,cyclo cross,True,asphalt,excellent
f2970292-7c15-4bce-997c-d34ea8cf21d0,4f855aa9-cca8-401e-b64d-e1077d2e4a53,890bb629-427f-40ec-a734-a4ab6b4f55cb,1633257032643,14.3759362,52.2984324,8.718055,0.34144306,-0.95380497,-0.7612753,on bike mount,cyclo cross,True,asphalt,excellent
f2970292-7c15-4bce-997c-d34ea8cf21d0,4f855aa9-cca8-401e-b64d-e1077d2e4a53,718983f6-c69d-4539-a1ce-4c9fc97fb8bc,1633257032695,14.3759362,52.2984324,8.718055,-0.101554334,-1.4782591,-1.1306763,on bike mount,cyclo cross,True,asphalt,excellent
f2970292-7c15-4bce-997c-d34ea8cf21d0,4f855aa9-cca8-401e-b64d-e1077d2e4a53,8d6652d8-1587-4fe9-9d12-a7d1df2a0838,1633257032745,14.3759362,52.2984324,8.718055,-1.0122569,-0.6117704,-0.9009466,on bike mount,cyclo cross,True,asphalt,excellent
f2970292-7c15-4bce-997c-d34ea8cf21d0,4f855aa9-cca8-401e-b64d-e1077d2e4a53,df2a0738-90a7-43b6-8ea8-496e0d6a3e92,1633257032810,14.3759362,52.2984324,8.718055,0.5060643,1.1409855,-2.0153322,on bike mount,cyclo cross,True,asphalt,excellent
f2970292-7c15-4bce-997c-d34ea8cf21d0,4f855aa9-cca8-401e-b64d-e1077d2e4a53,6c36a875-f8eb-4e08-8284-e16a59949226,1633257032862,14.3759362,52.2984324,8.718055,0.73064005,0.2743492,-2.4627175,on bike mount,cyclo cross,True,asphalt,excellent
f2970292-7c15-4bce-997c-d34ea8cf21d0,4f855aa9-cca8-401e-b64d-e1077d2e4a53,467bfc77-7854-4ce9-86b0-3bfa4818df62,1633257032913,14.3759362,52.2984324,8.718055,-2.2253256,1.842813,0.8781147,on bike mount,cyclo cross,True,asphalt,excellent
f2970292-7c15-4bce-997c-d34ea8cf21d0,4f855aa9-cca8-401e-b64d-e1077d2e4a53,0d382215-c361-467a-b07a-f7316ec0270e,1633257032980,14.3759362,52.2984324,8.718055,0.38218355,-0.91366756,0.021081924,on bike mount,cyclo cross,True,asphalt,excellent
f2970292-7c15-4bce-997c-d34ea8cf21d0,4f855aa9-cca8-401e-b64d-e1077d2e4a53,8010afab-49b2-4a96-8731-9c4eb3937477,1633257033045,14.3759362,52.2984324,8.718055,-1.8554153,0.77600026,-3.4798312,on bike mount,cyclo cross,True,asphalt,excellent
f2970292-7c15-4bce-997c-d34ea8cf21d0,4f855aa9-cca8-401e-b64d-e1077d2e4a53,230805c8-9730-45b6-ad24-be6c10ba79d8,1633257033107,14.3759362,52.2984324,8.718055,0.9457253,-1.0661392,-1.5036497,on bike mount,cyclo cross,True,asphalt,excellent
f2970292-7c15-4bce-997c-d34ea8cf21d0,4f855aa9-cca8-401e-b64d-e1077d2e4a53,7bb42b30-fd6a-483a-af8e-a4b3287a9348,1633257033161,14.3758784,52.298503,8.714953,0.5497899,-0.7619426,1.0053205,on bike mount,cyclo cross,True,asphalt,excellent
f2970292-7c15-4bce-997c-d34ea8cf21d0,4f855aa9-cca8-401e-b64d-e1077d2e4a53,f4218f87-2974-4f24-a687-8634df8ccf05,1633257033212,14.3758784,52.298503,8.714953,0.7912869,-1.2716755,0.24043751,on bike mount,cyclo cross,True,asphalt,excellent
f2970292-7c15-4bce-997c-d34ea8cf21d0,4f855aa9-cca8-401e-b64d-e1077d2e4a53,25b21f32-cd97-480f-9b9d-fea810d056ac,1633257033262,14.3758784,52.298503,8.714953,0.14899293,0.38115835,-1.261342,on bike mount,cyclo cross,True,asphalt,excellent
f2970292-7c15-4bce-997c-d34ea8cf21d0,4f855aa9-cca8-401e-b64d-e1077d2e4a53,fce31adc-6046-4d76-9488-3ce60c6b95cb,1633257033311,14.3758784,52.298503,8.714953,1.0391489,-0.16159487,3.438798,on bike mount,cyclo cross,True,asphalt,excellent
f2970292-7c15-4bce-997c-d34ea8cf21d0,4f855aa9-cca8-401e-b64d-e1077d2e4a53,468c5f56-4066-4ba2-8a54-f47dc2952ff5,1633257033362,14.3758784,52.298503,8.714953,0.28493768,0.6322124,-0.64048195,on bike mount,cyclo cross,True,asphalt,excellent
f2970292-7c15-4bce-997c-d34ea8cf21d0,4f855aa9-cca8-401e-b64d-e1077d2e4a53,13fffabc-dc75-425a-987e-c030ecb7d353,1633257033412,14.3758784,52.298503,8.714953,-0.23505148,-0.6275208,1.0800095,on bike mount,cyclo cross,True,asphalt,excellent
f2970292-7c15-4bce-997c-d34ea8cf21d0,4f855aa9-cca8-401e-b64d-e1077d2e4a53,ab70270b-438c-40d6-a4fa-63a50205f164,1633257033462,14.3758784,52.298503,8.714953,-0.30168346,1.2133276,0.04332733,on bike mount,cyclo cross,True,asphalt,excellent
f2970292-7c15-4bce-997c-d34ea8cf21d0,4f855aa9-cca8-401e-b64d-e1077d2e4a53,8c356025-8c27-43f6-97f5-ca137420c474,1633257033512,14.3758784,52.298503,8.714953,0.38465023,0.5307498,-2.032476,on bike mount,cyclo cross,True,asphalt,excellent
f2970292-7c15-4bce-997c-d34ea8cf21d0,4f855aa9-cca8-401e-b64d-e1077d2e4a53,7bc2a730-5fbf-41c7-a041-42ab28bb7f96,1633257033562,14.3758784,52.298503,8.714953,-1.7697109,-0.3181398,0.7990818,on bike mount,cyclo cross,True,asphalt,excellent
f2970292-7c15-4bce-997c-d34ea8cf21d0,4f855aa9-cca8-401e-b64d-e1077d2e4a53,6811c520-be53-456c-96f7-e273eae0d2e7,1633257033614,14.3758784,52.298503,8.714953,-0.47556108,0.99243903,0.960927,on bike mount,cyclo cross,True,asphalt,excellent
f2970292-7c15-4bce-997c-d34ea8cf21d0,4f855aa9-cca8-401e-b64d-e1077d2e4a53,ec65dbf0-0ed2-4d06-a842-7945a5c4ca32,1633257033683,14.3758784,52.298503,8.714953,1.3535594,0.65044165,-1.2755408,on bike mount,cyclo cross,True,asphalt,excellent
f2970292-7c15-4bce-997c-d34ea8cf21d0,4f855aa9-cca8-401e-b64d-e1077d2e4a53,1510baf9-8847-4314-9cf0-b15b3505c93e,1633257033732,14.3758784,52.298503,8.714953,0.6361848,1.725246,-0.88159037,on bike mount,cyclo cross,True,asphalt,excellent
f2970292-7c15-4bce-997c-d34ea8cf21d0,4f855aa9-cca8-401e-b64d-e1077d2e4a53,4ff24720-3aaa-441d-b10d-caf6b1a50b8d,1633257033784,14.3758784,52.298503,8.714953,-0.43348044,0.4304211,-1.513978,on bike mount,cyclo cross,True,asphalt,excellent
f2970292-7c15-4bce-997c-d34ea8cf21d0,4f855aa9-cca8-401e-b64d-e1077d2e4a53,03d57212-9220-4e83-a2f1-3b89b609b4fc,1633257033845,14.3758784,52.298503,8.714953,0.64972734,-1.1247549,1.4669304,on bike mount,cyclo cross,True,asphalt,excellent
f2970292-7c15-4bce-997c-d34ea8cf21d0,4f855aa9-cca8-401e-b64d-e1077d2e4a53,6ee103f0-febc-4896-846c-f1ebff685517,1633257033895,14.3758784,52.298503,8.714953,0.05966592,-0.6003189,2.5709858,on bike mount,cyclo cross,True,asphalt,excellent
f2970292-7c15-4bce-997c-d34ea8cf21d0,4f855aa9-cca8-401e-b64d-e1077d2e4a53,3e1555d1-a723-4e5b-823a-203cc708d06c,1633257033945,14.3758784,52.298503,8.714953,-1.3191192,0.9877844,-0.789382,on bike mount,cyclo cross,True,asphalt,excellent
f2970292-7c15-4bce-997c-d34ea8cf21d0,4f855aa9-cca8-401e-b64d-e1077d2e4a53,f8d4d07c-36f7-4704-a132-20b4e44ea34a,1633257033997,14.3758784,52.298503,8.714953,0.07530734,-0.35305476,-0.9743738,on bike mount,cyclo cross,True,asphalt,excellent
f2970292-7c15-4bce-997c-d34ea8cf21d0,4f855aa9-cca8-401e-b64d-e1077d2e4a53,5560c97f-109b-4db9-8304-0428d942f15b,1633257034047,14.3758784,52.298503,8.714953,0.7158537,-0.14553499,1.6773081,on bike mount,cyclo cross,True,asphalt,excellent
f2970292-7c15-4bce-997c-d34ea8cf21d0,4f855aa9-cca8-401e-b64d-e1077d2e4a53,bc91e467-be15-4775-8356-c2f553f6cf63,1633257034106,14.3758784,52.298503,8.714953,-1.3222963,1.3903737,0.48119354,on bike mount,cyclo cross,True,asphalt,excellent
f2970292-7c15-4bce-997c-d34ea8cf21d0,4f855aa9-cca8-401e-b64d-e1077d2e4a53,9f4002e4-9b95-4310-9a20-dd8d0b3e37d8,1633257034162,14.3758193,52.2985728,8.736771,-2.1190152,0.5032604,-2.6265473,on bike mount,cyclo cross,True,asphalt,excellent
f2970292-7c15-4bce-997c-d34ea8cf21d0,4f855aa9-cca8-401e-b64d-e1077d2e4a53,20852441-36ce-4726-b81b-376bd64cc303,1633257034213,14.3758193,52.2985728,8.736771,0.45017198,-0.93828917,-0.22312546,on bike mount,cyclo cross,True,asphalt,excellent
f2970292-7c15-4bce-997c-d34ea8cf21d0,4f855aa9-cca8-401e-b64d-e1077d2e4a53,aaded017-06f3-44f3-887c-93ad0949e3a3,1633257034264,14.3758193,52.2985728,8.736771,0.22021715,-2.0081127,0.06234646,on bike mount,cyclo cross,True,asphalt,excellent
f2970292-7c15-4bce-997c-d34ea8cf21d0,4f855aa9-cca8-401e-b64d-e1077d2e4a53,2d5adef0-3dc5-4134-b3c7-83a975169859,1633257034329,14.3758193,52.2985728,8.736771,0.070912994,-0.32748175,3.1110144,on bike mount,cyclo cross,True,asphalt,excellent
f2970292-7c15-4bce-997c-d34ea8cf21d0,4f855aa9-cca8-401e-b64d-e1077d2e4a53,41e59c72-b371-4079-8f7a-84dfbbbe1c06,1633257034382,14.3758193,52.2985728,8.736771,0.9043474,-1.0042095,-0.35655403,on bike mount,cyclo cross,True,asphalt,excellent
f2970292-7c15-4bce-997c-d34ea8cf21d0,4f855aa9-cca8-401e-b64d-e1077d2e4a53,d00ac7b1-1351-44ba-b8d4-aa6a5f36a352,1633257034446,14.3758193,52.2985728,8.736771,-1.7811122,-1.0065815,-0.54526997,on bike mount,cyclo cross,True,asphalt,excellent
f2970292-7c15-4bce-997c-d34ea8cf21d0,4f855aa9-cca8-401e-b64d-e1077d2e4a53,a9f02aa0-58ec-4b94-b121-52a45ad7c4f1,1633257034497,14.3758193,52.2985728,8.736771,0.17001808,0.6446068,0.7722292,on bike mount,cyclo cross,True,asphalt,excellent
f2970292-7c15-4bce-997c-d34ea8cf21d0,4f855aa9-cca8-401e-b64d-e1077d2e4a53,3d47797e-98da-4778-89de-96c992c115ee,1633257034547,14.3758193,52.2985728,8.736771,0.18013161,-0.14205742,-2.3356347,on bike mount,cyclo cross,True,asphalt,excellent
f2970292-7c15-4bce-997c-d34ea8cf21d0,4f855aa9-cca8-401e-b64d-e1077d2e4a53,ded01a2e-bdb0-4b17-9ac3-ba536f009a9f,1633257034613,14.3758193,52.2985728,8.736771,-0.18150812,1.7471671,-0.29209518,on bike mount,cyclo cross,True,asphalt,excellent
f2970292-7c15-4bce-997c-d34ea8cf21d0,4f855aa9-cca8-401e-b64d-e1077d2e4a53,702b10c6-f3c6-49ff-ae5b-f07e430ee127,1633257034663,14.3758193,52.2985728,8.736771,1.1131859,-1.6244959,3.6701431,on bike mount,cyclo cross,True,asphalt,excellent
f2970292-7c15-4bce-997c-d34ea8cf21d0,4f855aa9-cca8-401e-b64d-e1077d2e4a53,2d778237-b3e4-4c66-91d9-e1d39888c810,1633257034716,14.3758193,52.2985728,8.736771,1.7627654,-3.1555367,1.6376343,on bike mount,cyclo cross,True,asphalt,excellent
f2970292-7c15-4bce-997c-d34ea8cf21d0,4f855aa9-cca8-401e-b64d-e1077d2e4a53,738da8b8-d91c-41a3-808a-a12766696c21,1633257034765,14.3758193,52.2985728,8.736771,-1.3901628,0.37371588,-1.5506268,on bike mount,cyclo cross,True,asphalt,excellent
f2970292-7c15-4bce-997c-d34ea8cf21d0,4f855aa9-cca8-401e-b64d-e1077d2e4a53,d5a666ed-a164-4298-bcb4-0f188b6b6b8b,1633257034816,14.3758193,52.2985728,8.736771,0.16235632,-0.4256513,3.3088503,on bike mount,cyclo cross,True,asphalt,excellent
f2970292-7c15-4bce-997c-d34ea8cf21d0,4f855aa9-cca8-401e-b64d-e1077d2e4a53,54f4241c-21f7-48b7-bf90-5004ef70ec51,1633257034880,14.3758193,52.2985728,8.736771,-1.0727963,1.8679736,-0.15681553,on bike mount,cyclo cross,True,asphalt,excellent
f2970292-7c15-4bce-997c-d34ea8cf21d0,4f855aa9-cca8-401e-b64d-e1077d2e4a53,0033d871-f03c-403c-a6eb-3e6362b7780e,1633257034931,14.3758193,52.2985728,8.736771,-1.075517,1.8849728,0.39673996,on bike mount,cyclo cross,True,asphalt,excellent
f2970292-7c15-4bce-997c-d34ea8cf21d0,4f855aa9-cca8-401e-b64d-e1077d2e4a53,eb7cb891-fab2-43f3-aa37-26ce5cda74a9,1633257034982,14.3758193,52.2985728,8.736771,-2.5412517,2.871829,-0.35004616,on bike mount,cyclo cross,True,asphalt,excellent
f2970292-7c15-4bce-997c-d34ea8cf21d0,4f855aa9-cca8-401e-b64d-e1077d2e4a53,86ce2d99-9664-40c0-8efa-32d509f37946,1633257035047,14.3758193,52.2985728,8.736771,0.10343725,-0.32772398,-0.19918919,on bike mount,cyclo cross,True,asphalt,excellent
f2970292-7c15-4bce-997c-d34ea8cf21d0,4f855aa9-cca8-401e-b64d-e1077d2e4a53,4fb2bcf8-3391-49bf-8536-0b52dff3c23d,1633257035102,14.3758193,52.2985728,8.736771,-0.25960645,1.1389573,-2.1294098,on bike mount,cyclo cross,True,asphalt,excellent
f2970292-7c15-4bce-997c-d34ea8cf21d0,4f855aa9-cca8-401e-b64d-e1077d2e4a53,525528b1-4ef6-45bf-9e01-a4c736b5b813,1633257035165,14.375762,52.2986418,8.747964,-0.6825164,-0.23743606,0.46957397,on bike mount,cyclo cross,True,asphalt,excellent
f2970292-7c15-4bce-997c-d34ea8cf21d0,4f855aa9-cca8-401e-b64d-e1077d2e4a53,59853a36-22d8-4b59-ba6b-af189c7c53d7,1633257035216,14.375762,52.2986418,8.747964,0.34402457,0.9624655,-1.0124073,on bike mount,cyclo cross,True,asphalt,excellent
f2970292-7c15-4bce-997c-d34ea8cf21d0,4f855aa9-cca8-401e-b64d-e1077d2e4a53,82a893be-e7e4-4bd9-aff0-39f4a9e67cd1,1633257035266,14.375762,52.2986418,8.747964,-0.8088709,0.34555125,0.06883049,on bike mount,cyclo cross,True,asphalt,excellent
f2970292-7c15-4bce-997c-d34ea8cf21d0,4f855aa9-cca8-401e-b64d-e1077d2e4a53,7adf3f26-42aa-47ec-94a7-8e506e73402a,1633257035316,14.375762,52.2986418,8.747964,-1.5045373,2.433115,-1.0225363,on bike mount,cyclo cross,True,asphalt,excellent
f2970292-7c15-4bce-997c-d34ea8cf21d0,4f855aa9-cca8-401e-b64d-e1077d2e4a53,556b8264-9909-42d0-b04b-f51a533e4290,1633257035367,14.375762,52.2986418,8.747964,0.7431822,-0.61013997,-1.2361102,on bike mount,cyclo cross,True,asphalt,excellent
f2970292-7c15-4bce-997c-d34ea8cf21d0,4f855aa9-cca8-401e-b64d-e1077d2e4a53,019cea0a-79d6-4721-be12-28998f330647,1633257035417,14.375762,52.2986418,8.747964,1.163882,1.106144,-3.3438015,on bike mount,cyclo cross,True,asphalt,excellent
f2970292-7c15-4bce-997c-d34ea8cf21d0,4f855aa9-cca8-401e-b64d-e1077d2e4a53,56910907-512a-4be2-ba92-b0b853e50b8b,1633257035467,14.375762,52.2986418,8.747964,0.28835782,2.641264,-3.2506342,on bike mount,cyclo cross,True,asphalt,excellent
f2970292-7c15-4bce-997c-d34ea8cf21d0,4f855aa9-cca8-401e-b64d-e1077d2e4a53,370907d1-9b0f-4f91-92f7-675e7740157d,1633257035517,14.375762,52.2986418,8.747964,-1.2410038,-1.4968607,2.1278687,on bike mount,cyclo cross,True,asphalt,excellent
f2970292-7c15-4bce-997c-d34ea8cf21d0,4f855aa9-cca8-401e-b64d-e1077d2e4a53,786f324c-9ff6-4bf6-a5f8-6aa24ad91262,1633257035584,14.375762,52.2986418,8.747964,1.045094,-0.10902095,4.253502,on bike mount,cyclo cross,True,asphalt,excellent
f2970292-7c15-4bce-997c-d34ea8cf21d0,4f855aa9-cca8-401e-b64d-e1077d2e4a53,004853a1-fd2d-4661-84a9-a24ab20512d3,1633257035649,14.375762,52.2986418,8.747964,-1.3903004,-1.0447811,0.009737968,on bike mount,cyclo cross,True,asphalt,excellent
f2970292-7c15-4bce-997c-d34ea8cf21d0,4f855aa9-cca8-401e-b64d-e1077d2e4a53,b0deb309-b468-4e8e-89ff-88032b2cc571,1633257035701,14.375762,52.2986418,8.747964,0.51973796,-0.98370266,0.45811462,on bike mount,cyclo cross,True,asphalt,excellent
f2970292-7c15-4bce-997c-d34ea8cf21d0,4f855aa9-cca8-401e-b64d-e1077d2e4a53,14ab97b9-c9b8-4317-b0f8-f24eba039724,1633257035765,14.375762,52.2986418,8.747964,-0.33635318,4.1835995,-0.7417698,on bike mount,cyclo cross,True,asphalt,excellent
f2970292-7c15-4bce-997c-d34ea8cf21d0,4f855aa9-cca8-401e-b64d-e1077d2e4a53,10258229-3f6e-4290-b854-b9488437697e,1633257035815,14.375762,52.2986418,8.747964,0.47214127,0.14103961,1.922699,on bike mount,cyclo cross,True,asphalt,excellent
f2970292-7c15-4bce-997c-d34ea8cf21d0,4f855aa9-cca8-401e-b64d-e1077d2e4a53,a96b64dd-2b63-4b07-a8a1-cc5fc01d93bf,1633257035867,14.375762,52.2986418,8.747964,-0.16177768,2.334221,-1.4518604,on bike mount,cyclo cross,True,asphalt,excellent
f2970292-7c15-4bce-997c-d34ea8cf21d0,4f855aa9-cca8-401e-b64d-e1077d2e4a53,cdfdbf98-839c-47e2-9d5b-33244f975cad,1633257035934,14.375762,52.2986418,8.747964,0.23122258,-1.8272316,1.585391,on bike mount,cyclo cross,True,asphalt,excellent
f2970292-7c15-4bce-997c-d34ea8cf21d0,4f855aa9-cca8-401e-b64d-e1077d2e4a53,0bf74069-ac0e-4b92-b81b-124747e8e203,1633257035986,14.375762,52.2986418,8.747964,-0.58924687,-0.69105554,-1.6486955,on bike mount,cyclo cross,True,asphalt,excellent
f2970292-7c15-4bce-997c-d34ea8cf21d0,4f855aa9-cca8-401e-b64d-e1077d2e4a53,7a810155-31b2-4a55-8641-1ca5ddce649c,1633257036051,14.375762,52.2986418,8.747964,0.5065205,-1.0286815,-1.3914976,on bike mount,cyclo cross,True,asphalt,excellent
f2970292-7c15-4bce-997c-d34ea8cf21d0,4f855aa9-cca8-401e-b64d-e1077d2e4a53,e66635f1-259a-4750-80b7-f24a1aa84741,1633257036102,14.375762,52.2986418,8.747964,-0.1274516,0.2466116,-0.034848213,on bike mount,cyclo cross,True,asphalt,excellent
f2970292-7c15-4bce-997c-d34ea8cf21d0,4f855aa9-cca8-401e-b64d-e1077d2e4a53,bc2f8ea6-a00f-4838-84a1-2937bf636857,1633257036153,14.3757034,52.2987163,8.773232,0.111283466,-0.613361,-0.45934582,on bike mount,cyclo cross,True,asphalt,excellent
f2970292-7c15-4bce-997c-d34ea8cf21d0,4f855aa9-cca8-401e-b64d-e1077d2e4a53,715f1bdb-f3a4-45e9-ae5a-eacaa931cd0b,1633257036215,14.3757034,52.2987163,8.773232,0.96681744,-1.190201,0.85897446,on bike mount,cyclo cross,True,asphalt,excellent
f2970292-7c15-4bce-997c-d34ea8cf21d0,4f855aa9-cca8-401e-b64d-e1077d2e4a53,f3a7e772-0585-4f3c-b49e-121864ed9b89,1633257036266,14.3757034,52.2987163,8.773232,0.7121014,2.4770365,-2.1021886,on bike mount,cyclo cross,True,asphalt,excellent
f2970292-7c15-4bce-997c-d34ea8cf21d0,4f855aa9-cca8-401e-b64d-e1077d2e4a53,d8fc112d-a1b4-4b64-a6c7-75eccd5376f5,1633257036318,14.3757034,52.2987163,8.773232,-1.1026967,-0.4497881,-0.35751343,on bike mount,cyclo cross,True,asphalt,excellent
f2970292-7c15-4bce-997c-d34ea8cf21d0,4f855aa9-cca8-401e-b64d-e1077d2e4a53,940797fd-2768-4539-a8f4-b93ea1d0ed14,1633257036368,14.3757034,52.2987163,8.773232,-0.25096273,-1.1932145,0.9749098,on bike mount,cyclo cross,True,asphalt,excellent
f2970292-7c15-4bce-997c-d34ea8cf21d0,4f855aa9-cca8-401e-b64d-e1077d2e4a53,35284f06-3b50-497e-8da6-6b119de609b7,1633257036417,14.3757034,52.2987163,8.773232,0.3165608,-1.4663817,0.43567657,on bike mount,cyclo cross,True,asphalt,excellent
f2970292-7c15-4bce-997c-d34ea8cf21d0,4f855aa9-cca8-401e-b64d-e1077d2e4a53,6dd0003c-d464-4e10-b5db-fd3488342504,1633257036466,14.3757034,52.2987163,8.773232,-0.5112554,-1.3891755,-0.8479166,on bike mount,cyclo cross,True,asphalt,excellent
f2970292-7c15-4bce-997c-d34ea8cf21d0,4f855aa9-cca8-401e-b64d-e1077d2e4a53,f15c0af5-5606-4c84-bb76-3bb8ee553ffa,1633257036516,14.3757034,52.2987163,8.773232,0.3032029,-0.93829226,2.1919603,on bike mount,cyclo cross,True,asphalt,excellent
f2970292-7c15-4bce-997c-d34ea8cf21d0,4f855aa9-cca8-401e-b64d-e1077d2e4a53,4c454090-9579-48ef-829f-58e73259d097,1633257036567,14.3757034,52.2987163,8.773232,0.55246097,0.9103968,0.40264893,on bike mount,cyclo cross,True,asphalt,excellent
f2970292-7c15-4bce-997c-d34ea8cf21d0,4f855aa9-cca8-401e-b64d-e1077d2e4a53,8b70f04a-d817-471d-8366-3e562bc861d6,1633257036618,14.3757034,52.2987163,8.773232,-1.1612915,0.64176226,-0.26812077,on bike mount,cyclo cross,True,asphalt,excellent
f2970292-7c15-4bce-997c-d34ea8cf21d0,4f855aa9-cca8-401e-b64d-e1077d2e4a53,d1737c91-eda8-491b-ad93-bfb91dca0efa,1633257036669,14.3757034,52.2987163,8.773232,1.7227509,-1.1266756,1.246048,on bike mount,cyclo cross,True,asphalt,excellent
f2970292-7c15-4bce-997c-d34ea8cf21d0,4f855aa9-cca8-401e-b64d-e1077d2e4a53,9ca0b06c-7107-42b4-93eb-261f792f052a,1633257036720,14.3757034,52.2987163,8.773232,-0.635211,0.038493156,2.0800142,on bike mount,cyclo cross,True,asphalt,excellent
f2970292-7c15-4bce-997c-d34ea8cf21d0,4f855aa9-cca8-401e-b64d-e1077d2e4a53,3065ebc9-c148-419f-b56f-b188652e7787,1633257036785,14.3757034,52.2987163,8.773232,1.711566,-1.0801054,0.74862003,on bike mount,cyclo cross,True,asphalt,excellent
f2970292-7c15-4bce-997c-d34ea8cf21d0,4f855aa9-cca8-401e-b64d-e1077d2e4a53,9803514a-9c10-4b0c-854b-aa8914442556,1633257036835,14.3757034,52.2987163,8.773232,0.17367567,0.45660162,0.3411522,on bike mount,cyclo cross,True,asphalt,excellent
f2970292-7c15-4bce-997c-d34ea8cf21d0,4f855aa9-cca8-401e-b64d-e1077d2e4a53,cedf2619-1163-40da-8cb5-1e19193e0d4b,1633257036884,14.3757034,52.2987163,8.773232,0.1952886,0.44531178,-2.0451217,on bike mount,cyclo cross,True,asphalt,excellent
f2970292-7c15-4bce-997c-d34ea8cf21d0,4f855aa9-cca8-401e-b64d-e1077d2e4a53,ecea6202-950b-4aa0-a69e-4a2550107891,1633257036936,14.3757034,52.2987163,8.773232,0.96769977,-0.1942668,0.8275547,on bike mount,cyclo cross,True,asphalt,excellent
f2970292-7c15-4bce-997c-d34ea8cf21d0,4f855aa9-cca8-401e-b64d-e1077d2e4a53,e7fe3944-6b45-4037-af40-5112abf19e5a,1633257037002,14.3757034,52.2987163,8.773232,-1.0254368,-2.1862936,2.7969666,on bike mount,cyclo cross,True,asphalt,excellent
f2970292-7c15-4bce-997c-d34ea8cf21d0,4f855aa9-cca8-401e-b64d-e1077d2e4a53,80148e55-13c8-453e-83de-ed84a2d1afa8,1633257037051,14.3757034,52.2987163,8.773232,0.3395882,0.98702526,0.55580807,on bike mount,cyclo cross,True,asphalt,excellent
f2970292-7c15-4bce-997c-d34ea8cf21d0,4f855aa9-cca8-401e-b64d-e1077d2e4a53,c82992a3-bedf-47e9-8085-c8fe317bbea4,1633257037101,14.3757034,52.2987163,8.773232,0.29374084,0.9408574,-1.0658703,on bike mount,cyclo cross,True,asphalt,excellent
f2970292-7c15-4bce-997c-d34ea8cf21d0,4f855aa9-cca8-401e-b64d-e1077d2e4a53,bf7297a9-a53e-427a-8e48-a7f2cd772c71,1633257037151,14.375644,52.2987888,8.785524,1.0228176,0.68971276,-0.14851475,on bike mount,cyclo cross,True,asphalt,excellent
f2970292-7c15-4bce-997c-d34ea8cf21d0,4f855aa9-cca8-401e-b64d-e1077d2e4a53,18d927fd-121b-4106-997f-36da4c22810f,1633257037202,14.375644,52.2987888,8.785524,0.657235,1.5026851,-3.5253482,on bike mount,cyclo cross,True,asphalt,excellent
f2970292-7c15-4bce-997c-d34ea8cf21d0,4f855aa9-cca8-401e-b64d-e1077d2e4a53,3c4e4de0-f9c4-4352-a2fe-9b22eb2d1ed4,1633257037252,14.375644,52.2987888,8.785524,-1.0115987,-1.2111918,0.5179863,on bike mount,cyclo cross,True,asphalt,excellent
f2970292-7c15-4bce-997c-d34ea8cf21d0,4f855aa9-cca8-401e-b64d-e1077d2e4a53,8aabed8f-ca5a-4282-a008-2909d2fd1de4,1633257037303,14.375644,52.2987888,8.785524,-0.21876524,0.16369343,0.85963726,on bike mount,cyclo cross,True,asphalt,excellent
f2970292-7c15-4bce-997c-d34ea8cf21d0,4f855aa9-cca8-401e-b64d-e1077d2e4a53,f15574ea-428e-49c0-b4a2-0f09b0c7e10a,1633257037355,14.375644,52.2987888,8.785524,-0.30499327,-0.5643194,-0.11847305,on bike mount,cyclo cross,True,asphalt,excellent
f2970292-7c15-4bce-997c-d34ea8cf21d0,4f855aa9-cca8-401e-b64d-e1077d2e4a53,210d615b-2e69-4caf-9a2f-bd65b2436158,1633257037420,14.375644,52.2987888,8.785524,-0.8251767,1.4301174,-1.728859,on bike mount,cyclo cross,True,asphalt,excellent
f2970292-7c15-4bce-997c-d34ea8cf21d0,4f855aa9-cca8-401e-b64d-e1077d2e4a53,c4c97776-57af-4d19-b58c-5508d6c3527a,1633257037485,14.375644,52.2987888,8.785524,-1.2405579,-0.85796833,-1.1473856,on bike mount,cyclo cross,True,asphalt,excellent
f2970292-7c15-4bce-997c-d34ea8cf21d0,4f855aa9-cca8-401e-b64d-e1077d2e4a53,856f2600-b869-4677-a107-ef0a1fb5e0a0,1633257037537,14.375644,52.2987888,8.785524,0.18483624,-0.4410398,-1.0277157,on bike mount,cyclo cross,True,asphalt,excellent
f2970292-7c15-4bce-997c-d34ea8cf21d0,4f855aa9-cca8-401e-b64d-e1077d2e4a53,0d615284-3706-4898-bdd6-5ade22e3813b,1633257037588,14.375644,52.2987888,8.785524,1.6639003,0.060827732,-0.011122704,on bike mount,cyclo cross,True,asphalt,excellent
f2970292-7c15-4bce-997c-d34ea8cf21d0,4f855aa9-cca8-401e-b64d-e1077d2e4a53,524bbf78-1e69-403c-892c-98c1737e3ff4,1633257037637,14.375644,52.2987888,8.785524,0.6312646,0.38097286,-0.89594936,on bike mount,cyclo cross,True,asphalt,excellent
f2970292-7c15-4bce-997c-d34ea8cf21d0,4f855aa9-cca8-401e-b64d-e1077d2e4a53,ceda88f4-88fd-48b9-b2e7-acf4d40a1e57,1633257037688,14.375644,52.2987888,8.785524,-0.0072814524,-0.43102074,-1.4225974,on bike mount,cyclo cross,True,asphalt,excellent
f2970292-7c15-4bce-997c-d34ea8cf21d0,4f855aa9-cca8-401e-b64d-e1077d2e4a53,a5d23311-5319-40f7-a217-84f078e87bba,1633257037752,14.375644,52.2987888,8.785524,-1.2287468,-0.6129706,0.24986172,on bike mount,cyclo cross,True,asphalt,excellent
f2970292-7c15-4bce-997c-d34ea8cf21d0,4f855aa9-cca8-401e-b64d-e1077d2e4a53,ac6a43e1-79bb-4bd2-83f5-4e377349843c,1633257037803,14.375644,52.2987888,8.785524,0.22479893,-0.10219669,-2.3833141,on bike mount,cyclo cross,True,asphalt,excellent
f2970292-7c15-4bce-997c-d34ea8cf21d0,4f855aa9-cca8-401e-b64d-e1077d2e4a53,c8a329af-0803-4e0d-b68f-1c15c2f33dfd,1633257037853,14.375644,52.2987888,8.785524,0.10174319,-2.358396,1.2543278,on bike mount,cyclo cross,True,asphalt,excellent
f2970292-7c15-4bce-997c-d34ea8cf21d0,4f855aa9-cca8-401e-b64d-e1077d2e4a53,3fd9c870-8ab0-4b8e-aa44-f54c0a289e3f,1633257037905,14.375644,52.2987888,8.785524,-0.94059974,1.4698615,2.4816961,on bike mount,cyclo cross,True,asphalt,excellent
f2970292-7c15-4bce-997c-d34ea8cf21d0,4f855aa9-cca8-401e-b64d-e1077d2e4a53,ffb09f24-26f2-4ffd-a6cb-3619ae50089f,1633257037957,14.375644,52.2987888,8.785524,0.08184433,-0.04063487,0.10367775,on bike mount,cyclo cross,True,asphalt,excellent
f2970292-7c15-4bce-997c-d34ea8cf21d0,4f855aa9-cca8-401e-b64d-e1077d2e4a53,2be15bef-04ee-47a8-aef7-bf6206d924f9,1633257038022,14.375644,52.2987888,8.785524,0.8808261,1.4010286,-3.0453243,on bike mount,cyclo cross,True,asphalt,excellent
