bike_activity_uid,bike_activity_sample_uid,bike_activity_measurement,bike_activity_measurement_timestamp,bike_activity_measurement_lon,bike_activity_measurement_lat,bike_activity_measurement_speed,bike_activity_measurement_accelerometer_x,bike_activity_measurement_accelerometer_y,bike_activity_measurement_accelerometer_z,bike_activity_phone_position,bike_activity_bike_type,bike_activity_flagged_lab_conditions,bike_activity_surface_type,bike_activity_smoothness_type
f4ee5635-8bf4-4b5a-96e4-b3a42f385893,9db56515-6f33-456c-aa7e-2f4454b29a45,aae4711e-f9c7-425f-9e98-6b46d7c0ae22,1633169238168,14.3034414,52.2676777,5.707628,-0.4459582,0.36893797,-0.07601738,on bike mount,cyclo cross,True,asphalt,excellent
f4ee5635-8bf4-4b5a-96e4-b3a42f385893,9db56515-6f33-456c-aa7e-2f4454b29a45,aa4c8c81-0e36-41fc-a224-c40bd5751921,1633169238218,14.3034414,52.2676777,5.707628,0.44236088,-0.7948854,0.5760708,on bike mount,cyclo cross,True,asphalt,excellent
f4ee5635-8bf4-4b5a-96e4-b3a42f385893,9db56515-6f33-456c-aa7e-2f4454b29a45,39a90775-c1c3-4b3b-a0ef-85f1dbb4feb4,1633169238268,14.3034414,52.2676777,5.707628,-0.3391822,-2.3003788,0.33252525,on bike mount,cyclo cross,True,asphalt,excellent
f4ee5635-8bf4-4b5a-96e4-b3a42f385893,9db56515-6f33-456c-aa7e-2f4454b29a45,aaf2a13d-fd3d-425b-97a2-ad1ed2741fd3,1633169238317,14.3034414,52.2676777,5.707628,-0.46142983,2.041969,0.09865093,on bike mount,cyclo cross,True,asphalt,excellent
f4ee5635-8bf4-4b5a-96e4-b3a42f385893,9db56515-6f33-456c-aa7e-2f4454b29a45,3512eb43-33c3-4db1-8983-6dbf4ad6d01a,1633169238368,14.3034414,52.2676777,5.707628,0.22959606,1.9124031,-1.1071491,on bike mount,cyclo cross,True,asphalt,excellent
f4ee5635-8bf4-4b5a-96e4-b3a42f385893,9db56515-6f33-456c-aa7e-2f4454b29a45,65a39bb0-7072-464f-aa08-c238902fb69e,1633169238418,14.3034414,52.2676777,5.707628,-0.66016024,-0.35414624,-0.883348,on bike mount,cyclo cross,True,asphalt,excellent
f4ee5635-8bf4-4b5a-96e4-b3a42f385893,9db56515-6f33-456c-aa7e-2f4454b29a45,30061f19-6110-4af4-9048-63f5db0626a1,1633169238492,14.3034414,52.2676777,5.707628,-0.38665977,-1.0541294,0.77944565,on bike mount,cyclo cross,True,asphalt,excellent
f4ee5635-8bf4-4b5a-96e4-b3a42f385893,9db56515-6f33-456c-aa7e-2f4454b29a45,50cb1710-3def-40f3-909b-0ac92eabe887,1633169238544,14.3034414,52.2676777,5.707628,1.0232683,0.077162504,0.4008999,on bike mount,cyclo cross,True,asphalt,excellent
f4ee5635-8bf4-4b5a-96e4-b3a42f385893,9db56515-6f33-456c-aa7e-2f4454b29a45,d16eec65-5aee-45d4-86b7-c6bf2a241ac0,1633169238593,14.3034414,52.2676777,5.707628,-1.52507,-0.86594725,0.47843647,on bike mount,cyclo cross,True,asphalt,excellent
f4ee5635-8bf4-4b5a-96e4-b3a42f385893,9db56515-6f33-456c-aa7e-2f4454b29a45,eaea09a3-c4cb-424d-94dc-cbac0cdac490,1633169238644,14.3034414,52.2676777,5.707628,-1.0596312,-1.4848189,-0.51107216,on bike mount,cyclo cross,True,asphalt,excellent
f4ee5635-8bf4-4b5a-96e4-b3a42f385893,9db56515-6f33-456c-aa7e-2f4454b29a45,74bdd9dc-ac44-4358-9c94-583f20f4789c,1633169238693,14.3034414,52.2676777,5.707628,0.046157077,1.056911,-0.25201035,on bike mount,cyclo cross,True,asphalt,excellent
f4ee5635-8bf4-4b5a-96e4-b3a42f385893,9db56515-6f33-456c-aa7e-2f4454b29a45,ebb45297-e2fa-44a9-838c-b68c5bccb94a,1633169238743,14.3034414,52.2676777,5.707628,-0.31482336,-0.86753726,-0.032035828,on bike mount,cyclo cross,True,asphalt,excellent
f4ee5635-8bf4-4b5a-96e4-b3a42f385893,9db56515-6f33-456c-aa7e-2f4454b29a45,822b4543-de00-439a-bc8c-b855e9fb2079,1633169238795,14.3034414,52.2676777,5.707628,-1.0895237,3.8249316,2.0350723,on bike mount,cyclo cross,True,asphalt,excellent
f4ee5635-8bf4-4b5a-96e4-b3a42f385893,9db56515-6f33-456c-aa7e-2f4454b29a45,23409264-ba9f-4666-9fd7-97f0c8c8b828,1633169238844,14.3034414,52.2676777,5.707628,1.0385395,1.5206547,-0.8435879,on bike mount,cyclo cross,True,asphalt,excellent
f4ee5635-8bf4-4b5a-96e4-b3a42f385893,9db56515-6f33-456c-aa7e-2f4454b29a45,d5d30cb5-a71a-4ce3-a907-1ed755038607,1633169238895,14.3034414,52.2676777,5.707628,0.39882395,-0.015857935,1.3134537,on bike mount,cyclo cross,True,asphalt,excellent
f4ee5635-8bf4-4b5a-96e4-b3a42f385893,9db56515-6f33-456c-aa7e-2f4454b29a45,5481f2eb-751f-4404-8d62-32771b5dda66,1633169238945,14.3034414,52.2676777,5.707628,-1.0939643,0.070570946,-2.0804443,on bike mount,cyclo cross,True,asphalt,excellent
f4ee5635-8bf4-4b5a-96e4-b3a42f385893,9db56515-6f33-456c-aa7e-2f4454b29a45,429694a2-d89d-4052-af18-2e42e1dc0954,1633169238995,14.3035439,52.2676828,5.8047895,0.28469163,0.87375593,-1.8610115,on bike mount,cyclo cross,True,asphalt,excellent
f4ee5635-8bf4-4b5a-96e4-b3a42f385893,9db56515-6f33-456c-aa7e-2f4454b29a45,f821a3bb-feee-4e5a-baec-6edb9eb33a1a,1633169239045,14.3035439,52.2676828,5.8047895,-0.21991077,0.8004761,-1.6085625,on bike mount,cyclo cross,True,asphalt,excellent
f4ee5635-8bf4-4b5a-96e4-b3a42f385893,9db56515-6f33-456c-aa7e-2f4454b29a45,4f1830a0-b41b-4348-90af-ec175b1d3151,1633169239096,14.3035439,52.2676828,5.8047895,-0.6209347,-0.51046824,2.7164679,on bike mount,cyclo cross,True,asphalt,excellent
f4ee5635-8bf4-4b5a-96e4-b3a42f385893,9db56515-6f33-456c-aa7e-2f4454b29a45,758f9f57-96c7-4b6f-9cbc-6f32ebd83a43,1633169239145,14.3035439,52.2676828,5.8047895,-0.08855268,-2.394083,-1.1614828,on bike mount,cyclo cross,True,asphalt,excellent
f4ee5635-8bf4-4b5a-96e4-b3a42f385893,9db56515-6f33-456c-aa7e-2f4454b29a45,28869005-15b9-414f-8bab-1c015e809d8a,1633169239223,14.3035439,52.2676828,5.8047895,-0.1933294,1.7056186,0.40633774,on bike mount,cyclo cross,True,asphalt,excellent
f4ee5635-8bf4-4b5a-96e4-b3a42f385893,9db56515-6f33-456c-aa7e-2f4454b29a45,2e9a9197-bc0c-4129-83a4-bef63ead8a91,1633169239274,14.3035439,52.2676828,5.8047895,-0.7467719,-1.3238581,-0.5889454,on bike mount,cyclo cross,True,asphalt,excellent
f4ee5635-8bf4-4b5a-96e4-b3a42f385893,9db56515-6f33-456c-aa7e-2f4454b29a45,6ad6bb16-e8e4-4f5d-b663-d44181759db9,1633169239325,14.3035439,52.2676828,5.8047895,0.34597427,-1.4895641,0.04412079,on bike mount,cyclo cross,True,asphalt,excellent
f4ee5635-8bf4-4b5a-96e4-b3a42f385893,9db56515-6f33-456c-aa7e-2f4454b29a45,5183c077-2dfc-4288-8faf-489e0a84e98b,1633169239374,14.3035439,52.2676828,5.8047895,0.34679958,-0.500906,-0.68507576,on bike mount,cyclo cross,True,asphalt,excellent
f4ee5635-8bf4-4b5a-96e4-b3a42f385893,9db56515-6f33-456c-aa7e-2f4454b29a45,f8754e3e-29c3-47b5-8ee1-e46bd369e1dc,1633169239424,14.3035439,52.2676828,5.8047895,-0.49449605,1.0725918,-2.0819793,on bike mount,cyclo cross,True,asphalt,excellent
f4ee5635-8bf4-4b5a-96e4-b3a42f385893,9db56515-6f33-456c-aa7e-2f4454b29a45,f132900b-cf83-4002-813e-d60caeb823ba,1633169239474,14.3035439,52.2676828,5.8047895,-0.14510076,1.2559366,-0.4023695,on bike mount,cyclo cross,True,asphalt,excellent
f4ee5635-8bf4-4b5a-96e4-b3a42f385893,9db56515-6f33-456c-aa7e-2f4454b29a45,48cff8c8-ee42-41ea-8bf7-4c7b4f604e9d,1633169239524,14.3035439,52.2676828,5.8047895,0.11189902,-0.81199026,1.0421305,on bike mount,cyclo cross,True,asphalt,excellent
f4ee5635-8bf4-4b5a-96e4-b3a42f385893,9db56515-6f33-456c-aa7e-2f4454b29a45,21598608-6e0c-48e1-9090-cbbcff74623f,1633169239573,14.3035439,52.2676828,5.8047895,-0.20453906,0.5237224,1.1520519,on bike mount,cyclo cross,True,asphalt,excellent
f4ee5635-8bf4-4b5a-96e4-b3a42f385893,9db56515-6f33-456c-aa7e-2f4454b29a45,cdda72c7-7893-4f60-b490-8f8c6e64cd9c,1633169239623,14.3035439,52.2676828,5.8047895,-0.1599797,1.3627272,1.8646622,on bike mount,cyclo cross,True,asphalt,excellent
f4ee5635-8bf4-4b5a-96e4-b3a42f385893,9db56515-6f33-456c-aa7e-2f4454b29a45,99769bfc-e393-48b6-afe2-7f0731be1a2b,1633169239674,14.3035439,52.2676828,5.8047895,2.2044115,-1.7849827,-1.3750272,on bike mount,cyclo cross,True,asphalt,excellent
f4ee5635-8bf4-4b5a-96e4-b3a42f385893,9db56515-6f33-456c-aa7e-2f4454b29a45,ddbd4bd7-dec9-4b5d-a974-ad8e2351be36,1633169239724,14.3035439,52.2676828,5.8047895,1.1021135,-0.9844744,1.575304,on bike mount,cyclo cross,True,asphalt,excellent
f4ee5635-8bf4-4b5a-96e4-b3a42f385893,9db56515-6f33-456c-aa7e-2f4454b29a45,04104fd3-2b82-4c61-b3a2-e9e41919f12b,1633169239807,14.3035439,52.2676828,5.8047895,0.9525742,0.48174763,-0.9513178,on bike mount,cyclo cross,True,asphalt,excellent
f4ee5635-8bf4-4b5a-96e4-b3a42f385893,9db56515-6f33-456c-aa7e-2f4454b29a45,274dbc7f-a0c2-464e-aec4-f57ee484a72c,1633169239858,14.3035439,52.2676828,5.8047895,-0.42435935,0.8722062,0.500062,on bike mount,cyclo cross,True,asphalt,excellent
f4ee5635-8bf4-4b5a-96e4-b3a42f385893,9db56515-6f33-456c-aa7e-2f4454b29a45,00c7a0ba-859c-46f5-bc3a-aa204c0ef50a,1633169239907,14.3035439,52.2676828,5.8047895,-0.16692302,-0.7214947,0.5983429,on bike mount,cyclo cross,True,asphalt,excellent
f4ee5635-8bf4-4b5a-96e4-b3a42f385893,9db56515-6f33-456c-aa7e-2f4454b29a45,12c76b66-de2c-4582-9bc5-ed7e713d344b,1633169239958,14.3035439,52.2676828,5.8047895,-0.43061787,0.44677114,-1.1287422,on bike mount,cyclo cross,True,asphalt,excellent
f4ee5635-8bf4-4b5a-96e4-b3a42f385893,9db56515-6f33-456c-aa7e-2f4454b29a45,d6158381-6513-4730-894c-4ae66d49bbe1,1633169240008,14.3036464,52.2676885,5.9147243,-0.11098191,1.2379463,-0.8294306,on bike mount,cyclo cross,True,asphalt,excellent
f4ee5635-8bf4-4b5a-96e4-b3a42f385893,9db56515-6f33-456c-aa7e-2f4454b29a45,7ee1c2d0-86b8-4e52-8a88-82d2a7f5a272,1633169240087,14.3036464,52.2676885,5.9147243,0.96590024,-1.3978983,1.7504902,on bike mount,cyclo cross,True,asphalt,excellent
f4ee5635-8bf4-4b5a-96e4-b3a42f385893,9db56515-6f33-456c-aa7e-2f4454b29a45,3e995965-9fe2-4e7f-bb12-a3a28497a1ad,1633169240136,14.3036464,52.2676885,5.9147243,0.2695353,-1.235632,0.2950096,on bike mount,cyclo cross,True,asphalt,excellent
f4ee5635-8bf4-4b5a-96e4-b3a42f385893,9db56515-6f33-456c-aa7e-2f4454b29a45,8a33df79-dcbd-41cf-a308-9659814089cb,1633169240187,14.3036464,52.2676885,5.9147243,-1.014004,1.4246798,0.45374584,on bike mount,cyclo cross,True,asphalt,excellent
f4ee5635-8bf4-4b5a-96e4-b3a42f385893,9db56515-6f33-456c-aa7e-2f4454b29a45,25c310eb-e31b-4a82-bd12-5dc5c0bad98d,1633169240236,14.3036464,52.2676885,5.9147243,-0.29220092,1.825666,-0.39275646,on bike mount,cyclo cross,True,asphalt,excellent
f4ee5635-8bf4-4b5a-96e4-b3a42f385893,9db56515-6f33-456c-aa7e-2f4454b29a45,07ba60aa-1c59-47f2-9145-f1c7daac37b0,1633169240286,14.3036464,52.2676885,5.9147243,-0.08002302,-0.96820855,1.5434294,on bike mount,cyclo cross,True,asphalt,excellent
f4ee5635-8bf4-4b5a-96e4-b3a42f385893,9db56515-6f33-456c-aa7e-2f4454b29a45,4d3df97d-2246-4716-8ef0-be20ea3afec5,1633169240336,14.3036464,52.2676885,5.9147243,-1.143316,0.746217,0.53246593,on bike mount,cyclo cross,True,asphalt,excellent
f4ee5635-8bf4-4b5a-96e4-b3a42f385893,9db56515-6f33-456c-aa7e-2f4454b29a45,b87b6b47-6799-48d2-b1f6-5442728ec16c,1633169240387,14.3036464,52.2676885,5.9147243,0.59745127,2.0299978,-0.71276,on bike mount,cyclo cross,True,asphalt,excellent
f4ee5635-8bf4-4b5a-96e4-b3a42f385893,9db56515-6f33-456c-aa7e-2f4454b29a45,7e627d86-046b-4c6a-acaf-2741985f406c,1633169240436,14.3036464,52.2676885,5.9147243,-0.6949146,-1.0252135,0.30095768,on bike mount,cyclo cross,True,asphalt,excellent
f4ee5635-8bf4-4b5a-96e4-b3a42f385893,9db56515-6f33-456c-aa7e-2f4454b29a45,4fc7f3b6-f5fb-4fa0-b8ce-a082949c7171,1633169240516,14.3036464,52.2676885,5.9147243,-0.7713664,-1.7054648,1.1672897,on bike mount,cyclo cross,True,asphalt,excellent
f4ee5635-8bf4-4b5a-96e4-b3a42f385893,9db56515-6f33-456c-aa7e-2f4454b29a45,24960e98-b420-42fb-beb4-28a512dcc132,1633169240567,14.3036464,52.2676885,5.9147243,-0.36969995,-0.35996246,0.73946667,on bike mount,cyclo cross,True,asphalt,excellent
f4ee5635-8bf4-4b5a-96e4-b3a42f385893,9db56515-6f33-456c-aa7e-2f4454b29a45,2a8d40c8-ebcb-4ff8-94f0-d9ece014ccc2,1633169240616,14.3036464,52.2676885,5.9147243,0.04192409,0.3152256,-0.080563545,on bike mount,cyclo cross,True,asphalt,excellent
f4ee5635-8bf4-4b5a-96e4-b3a42f385893,9db56515-6f33-456c-aa7e-2f4454b29a45,12146b07-4509-4c1e-bf33-e350ead4d8d9,1633169240667,14.3036464,52.2676885,5.9147243,-0.0916782,-0.59294105,-1.0874372,on bike mount,cyclo cross,True,asphalt,excellent
f4ee5635-8bf4-4b5a-96e4-b3a42f385893,9db56515-6f33-456c-aa7e-2f4454b29a45,010c3cdb-8ff5-4fc9-8528-e86279389259,1633169240717,14.3036464,52.2676885,5.9147243,-0.53882873,-0.36540723,0.55408955,on bike mount,cyclo cross,True,asphalt,excellent
f4ee5635-8bf4-4b5a-96e4-b3a42f385893,9db56515-6f33-456c-aa7e-2f4454b29a45,2a0414e4-42db-4fcc-9d1c-54acaf7b5f0b,1633169240800,14.3036464,52.2676885,5.9147243,-1.1777221,3.7896552,-0.8594208,on bike mount,cyclo cross,True,asphalt,excellent
f4ee5635-8bf4-4b5a-96e4-b3a42f385893,9db56515-6f33-456c-aa7e-2f4454b29a45,37728adb-a043-45dd-b779-6fce5d6479e0,1633169240850,14.3036464,52.2676885,5.9147243,-0.5882338,0.11210275,-0.33348942,on bike mount,cyclo cross,True,asphalt,excellent
f4ee5635-8bf4-4b5a-96e4-b3a42f385893,9db56515-6f33-456c-aa7e-2f4454b29a45,e69e446d-40f9-4c20-b6d2-fb36626706dd,1633169240900,14.3036464,52.2676885,5.9147243,-0.3668713,-2.5037017,0.87835884,on bike mount,cyclo cross,True,asphalt,excellent
f4ee5635-8bf4-4b5a-96e4-b3a42f385893,9db56515-6f33-456c-aa7e-2f4454b29a45,f473a252-f122-46ba-b7c7-dc0a039170bb,1633169240951,14.3036464,52.2676885,5.9147243,-0.38971326,-1.303877,-0.08814716,on bike mount,cyclo cross,True,asphalt,excellent
f4ee5635-8bf4-4b5a-96e4-b3a42f385893,9db56515-6f33-456c-aa7e-2f4454b29a45,c2cf6f5e-af1c-4725-994a-be7c26d24fb1,1633169241001,14.3037476,52.2676949,5.989623,0.073606476,-1.3599861,0.6655998,on bike mount,cyclo cross,True,asphalt,excellent
f4ee5635-8bf4-4b5a-96e4-b3a42f385893,9db56515-6f33-456c-aa7e-2f4454b29a45,6d79db7a-2f68-47b4-ace2-3679478b8691,1633169241051,14.3037476,52.2676949,5.989623,0.3354023,1.9369433,0.17398262,on bike mount,cyclo cross,True,asphalt,excellent
f4ee5635-8bf4-4b5a-96e4-b3a42f385893,9db56515-6f33-456c-aa7e-2f4454b29a45,58ee939c-2aa5-4578-a6a4-a62a83480edb,1633169241101,14.3037476,52.2676949,5.989623,-1.1435513,1.8761063,-0.5520811,on bike mount,cyclo cross,True,asphalt,excellent
f4ee5635-8bf4-4b5a-96e4-b3a42f385893,9db56515-6f33-456c-aa7e-2f4454b29a45,1e5856a1-941d-42b8-b893-dae22ec4e2ad,1633169241151,14.3037476,52.2676949,5.989623,-0.011545718,-0.17671442,-0.8363514,on bike mount,cyclo cross,True,asphalt,excellent
f4ee5635-8bf4-4b5a-96e4-b3a42f385893,9db56515-6f33-456c-aa7e-2f4454b29a45,34051602-6e19-4353-9b3f-1c9f4a5103ec,1633169241231,14.3037476,52.2676949,5.989623,0.7302957,-0.8451731,0.40624905,on bike mount,cyclo cross,True,asphalt,excellent
f4ee5635-8bf4-4b5a-96e4-b3a42f385893,9db56515-6f33-456c-aa7e-2f4454b29a45,332c791a-a42d-4714-82d8-4de190f97242,1633169241281,14.3037476,52.2676949,5.989623,0.52989113,-1.1860216,1.1711025,on bike mount,cyclo cross,True,asphalt,excellent
f4ee5635-8bf4-4b5a-96e4-b3a42f385893,9db56515-6f33-456c-aa7e-2f4454b29a45,0657eb9e-dfca-42c0-9659-eaebae6b2154,1633169241332,14.3037476,52.2676949,5.989623,1.3286002,0.6784575,0.45812035,on bike mount,cyclo cross,True,asphalt,excellent
f4ee5635-8bf4-4b5a-96e4-b3a42f385893,9db56515-6f33-456c-aa7e-2f4454b29a45,18f4d2da-7593-4be3-b21d-c3048c860bab,1633169241381,14.3037476,52.2676949,5.989623,0.23770505,-2.7653704,0.12187767,on bike mount,cyclo cross,True,asphalt,excellent
f4ee5635-8bf4-4b5a-96e4-b3a42f385893,9db56515-6f33-456c-aa7e-2f4454b29a45,15a868eb-eeca-4da5-a7b1-07adefd0d18a,1633169241431,14.3037476,52.2676949,5.989623,-0.78761,2.1760297,-2.172236,on bike mount,cyclo cross,True,asphalt,excellent
f4ee5635-8bf4-4b5a-96e4-b3a42f385893,9db56515-6f33-456c-aa7e-2f4454b29a45,c1cedc45-8686-447d-aacc-8d9b4ce9d6aa,1633169241515,14.3037476,52.2676949,5.989623,0.17572731,-1.4438543,-0.37401867,on bike mount,cyclo cross,True,asphalt,excellent
f4ee5635-8bf4-4b5a-96e4-b3a42f385893,9db56515-6f33-456c-aa7e-2f4454b29a45,8c727d9f-d13a-475d-aa7d-9959f8c22616,1633169241566,14.3037476,52.2676949,5.989623,-0.62775034,0.110123634,-0.7992296,on bike mount,cyclo cross,True,asphalt,excellent
f4ee5635-8bf4-4b5a-96e4-b3a42f385893,9db56515-6f33-456c-aa7e-2f4454b29a45,6338296a-8407-41ac-a1a2-3b849ec012c1,1633169241617,14.3037476,52.2676949,5.989623,0.019414783,-2.5968976,1.949851,on bike mount,cyclo cross,True,asphalt,excellent
f4ee5635-8bf4-4b5a-96e4-b3a42f385893,9db56515-6f33-456c-aa7e-2f4454b29a45,c7fc4a36-75d7-4f62-ab04-081fb2265f28,1633169241667,14.3037476,52.2676949,5.989623,-0.1566205,-0.32245898,-0.8240175,on bike mount,cyclo cross,True,asphalt,excellent
f4ee5635-8bf4-4b5a-96e4-b3a42f385893,9db56515-6f33-456c-aa7e-2f4454b29a45,1788b6ec-ac17-46ae-b7f0-30e94ff57510,1633169241717,14.3037476,52.2676949,5.989623,-0.4236338,1.7528863,0.71653175,on bike mount,cyclo cross,True,asphalt,excellent
f4ee5635-8bf4-4b5a-96e4-b3a42f385893,9db56515-6f33-456c-aa7e-2f4454b29a45,04040133-97df-4a83-bab5-e1a70f7d6da4,1633169241767,14.3037476,52.2676949,5.989623,-0.18923703,-0.7489135,1.2717848,on bike mount,cyclo cross,True,asphalt,excellent
f4ee5635-8bf4-4b5a-96e4-b3a42f385893,9db56515-6f33-456c-aa7e-2f4454b29a45,9f4c8a78-43fd-43b4-9e55-abae27abcd3a,1633169241817,14.3037476,52.2676949,5.989623,-0.61005044,-0.12852407,0.5983324,on bike mount,cyclo cross,True,asphalt,excellent
f4ee5635-8bf4-4b5a-96e4-b3a42f385893,9db56515-6f33-456c-aa7e-2f4454b29a45,0dfbce56-68ad-4d11-abf4-3ef6a0fba14b,1633169241866,14.3037476,52.2676949,5.989623,-0.3547098,-3.021211,0.27874374,on bike mount,cyclo cross,True,asphalt,excellent
f4ee5635-8bf4-4b5a-96e4-b3a42f385893,9db56515-6f33-456c-aa7e-2f4454b29a45,ddbf6d73-be6a-4de6-922c-373acc156cfa,1633169241941,14.3037476,52.2676949,5.989623,0.008727789,0.9528024,-0.51399803,on bike mount,cyclo cross,True,asphalt,excellent
f4ee5635-8bf4-4b5a-96e4-b3a42f385893,9db56515-6f33-456c-aa7e-2f4454b29a45,a787a766-034a-4750-a04d-83462a6045f7,1633169241991,14.3038499,52.2677009,6.0904155,0.26156157,-0.35596967,-1.4612741,on bike mount,cyclo cross,True,asphalt,excellent
f4ee5635-8bf4-4b5a-96e4-b3a42f385893,9db56515-6f33-456c-aa7e-2f4454b29a45,13abd364-1589-41f2-a433-53f2f1efe527,1633169242041,14.3038499,52.2677009,6.0904155,0.637136,-0.74006844,-0.621191,on bike mount,cyclo cross,True,asphalt,excellent
f4ee5635-8bf4-4b5a-96e4-b3a42f385893,9db56515-6f33-456c-aa7e-2f4454b29a45,c743b059-048f-489b-84b8-1ec1b37f680b,1633169242091,14.3038499,52.2677009,6.0904155,1.146327,1.2244122,2.231783,on bike mount,cyclo cross,True,asphalt,excellent
f4ee5635-8bf4-4b5a-96e4-b3a42f385893,9db56515-6f33-456c-aa7e-2f4454b29a45,12e7a665-ae7b-4195-9389-697e4bb0769d,1633169242142,14.3038499,52.2677009,6.0904155,0.062254593,-0.12330961,1.475976,on bike mount,cyclo cross,True,asphalt,excellent
f4ee5635-8bf4-4b5a-96e4-b3a42f385893,9db56515-6f33-456c-aa7e-2f4454b29a45,c71b3ad7-a51b-44d3-9f63-e0b8e42dd751,1633169242192,14.3038499,52.2677009,6.0904155,0.42462987,-1.8888948,-0.9894228,on bike mount,cyclo cross,True,asphalt,excellent
f4ee5635-8bf4-4b5a-96e4-b3a42f385893,9db56515-6f33-456c-aa7e-2f4454b29a45,815dbadb-a72b-43c6-9555-de62253066a7,1633169242241,14.3038499,52.2677009,6.0904155,-0.4757901,-1.1973654,0.28805447,on bike mount,cyclo cross,True,asphalt,excellent
f4ee5635-8bf4-4b5a-96e4-b3a42f385893,9db56515-6f33-456c-aa7e-2f4454b29a45,524ff8fc-fbf0-4038-be69-941a5e7056a3,1633169242291,14.3038499,52.2677009,6.0904155,0.44834068,0.43453836,0.3919382,on bike mount,cyclo cross,True,asphalt,excellent
f4ee5635-8bf4-4b5a-96e4-b3a42f385893,9db56515-6f33-456c-aa7e-2f4454b29a45,4e847c06-43a1-4386-9aa2-8c4c160dc69c,1633169242368,14.3038499,52.2677009,6.0904155,-0.6754159,-1.1610074,3.7093554,on bike mount,cyclo cross,True,asphalt,excellent
f4ee5635-8bf4-4b5a-96e4-b3a42f385893,9db56515-6f33-456c-aa7e-2f4454b29a45,b09e4a56-756d-4650-8651-4476bf6fa03e,1633169242418,14.3038499,52.2677009,6.0904155,-0.6208832,-2.299438,-0.1406002,on bike mount,cyclo cross,True,asphalt,excellent
f4ee5635-8bf4-4b5a-96e4-b3a42f385893,9db56515-6f33-456c-aa7e-2f4454b29a45,1af72f90-96ef-4209-8342-fd1b5377defa,1633169242469,14.3038499,52.2677009,6.0904155,0.3427108,0.9471071,-1.8206692,on bike mount,cyclo cross,True,asphalt,excellent
f4ee5635-8bf4-4b5a-96e4-b3a42f385893,9db56515-6f33-456c-aa7e-2f4454b29a45,504fb823-6b22-4201-ac6d-b1f635031aeb,1633169242521,14.3038499,52.2677009,6.0904155,0.13671309,0.2031312,0.2659855,on bike mount,cyclo cross,True,asphalt,excellent
f4ee5635-8bf4-4b5a-96e4-b3a42f385893,9db56515-6f33-456c-aa7e-2f4454b29a45,0e20a7b6-1bf5-4e84-b50a-0070abfaeafe,1633169242571,14.3038499,52.2677009,6.0904155,0.16732597,-2.6868916,2.9936724,on bike mount,cyclo cross,True,asphalt,excellent
f4ee5635-8bf4-4b5a-96e4-b3a42f385893,9db56515-6f33-456c-aa7e-2f4454b29a45,f2d2a7cc-26f5-47e2-be0a-ccedd7ff5018,1633169242621,14.3038499,52.2677009,6.0904155,0.42798173,-2.2577484,0.10529137,on bike mount,cyclo cross,True,asphalt,excellent
f4ee5635-8bf4-4b5a-96e4-b3a42f385893,9db56515-6f33-456c-aa7e-2f4454b29a45,5a676be8-a584-4c4a-8d1c-28de343e6719,1633169242671,14.3038499,52.2677009,6.0904155,0.017096564,0.62393284,2.1489658,on bike mount,cyclo cross,True,asphalt,excellent
f4ee5635-8bf4-4b5a-96e4-b3a42f385893,9db56515-6f33-456c-aa7e-2f4454b29a45,89006609-3981-490e-a6ba-5b05bc44e4fc,1633169242721,14.3038499,52.2677009,6.0904155,-0.9741557,-0.2565186,0.6098652,on bike mount,cyclo cross,True,asphalt,excellent
f4ee5635-8bf4-4b5a-96e4-b3a42f385893,9db56515-6f33-456c-aa7e-2f4454b29a45,772f2738-23a8-4c5b-9498-4180f0541a81,1633169242791,14.3038499,52.2677009,6.0904155,0.87441576,-1.7099612,0.747015,on bike mount,cyclo cross,True,asphalt,excellent
f4ee5635-8bf4-4b5a-96e4-b3a42f385893,9db56515-6f33-456c-aa7e-2f4454b29a45,93cabec1-d6c6-46d1-850a-f2ff4b4709f4,1633169242841,14.3038499,52.2677009,6.0904155,0.57506406,-0.29131103,-0.8871155,on bike mount,cyclo cross,True,asphalt,excellent
f4ee5635-8bf4-4b5a-96e4-b3a42f385893,9db56515-6f33-456c-aa7e-2f4454b29a45,a2f2033d-4197-4183-9662-5cf7d0f1ec4e,1633169242891,14.3038499,52.2677009,6.0904155,0.032838307,2.6834538,-1.7055111,on bike mount,cyclo cross,True,asphalt,excellent
f4ee5635-8bf4-4b5a-96e4-b3a42f385893,9db56515-6f33-456c-aa7e-2f4454b29a45,957d4e91-65ed-420a-bb57-a0fcef997272,1633169242941,14.3038499,52.2677009,6.0904155,-0.06163557,0.80857754,1.0900373,on bike mount,cyclo cross,True,asphalt,excellent
f4ee5635-8bf4-4b5a-96e4-b3a42f385893,9db56515-6f33-456c-aa7e-2f4454b29a45,374ec0fc-e06b-4410-b16f-28fd6ccf6432,1633169242991,14.3039557,52.2677052,6.154206,0.40964082,-0.85691404,0.18645382,on bike mount,cyclo cross,True,asphalt,excellent
f4ee5635-8bf4-4b5a-96e4-b3a42f385893,9db56515-6f33-456c-aa7e-2f4454b29a45,48546c9d-6c4a-4e13-a651-085b4fb052fd,1633169243041,14.3039557,52.2677052,6.154206,-1.1400962,-1.5756862,1.5082464,on bike mount,cyclo cross,True,asphalt,excellent
f4ee5635-8bf4-4b5a-96e4-b3a42f385893,9db56515-6f33-456c-aa7e-2f4454b29a45,2f9d7a15-cb99-48a3-901d-1037b246bec3,1633169243091,14.3039557,52.2677052,6.154206,-0.5104611,0.16764069,1.0738134,on bike mount,cyclo cross,True,asphalt,excellent
f4ee5635-8bf4-4b5a-96e4-b3a42f385893,9db56515-6f33-456c-aa7e-2f4454b29a45,b7610a79-89a6-46c2-8e97-1b43948e3d98,1633169243140,14.3039557,52.2677052,6.154206,0.242199,-0.92406416,-0.4887972,on bike mount,cyclo cross,True,asphalt,excellent
f4ee5635-8bf4-4b5a-96e4-b3a42f385893,9db56515-6f33-456c-aa7e-2f4454b29a45,647eef04-a3b4-4146-84fa-18940a39b629,1633169243190,14.3039557,52.2677052,6.154206,-0.31410193,2.511979,0.61283875,on bike mount,cyclo cross,True,asphalt,excellent
f4ee5635-8bf4-4b5a-96e4-b3a42f385893,9db56515-6f33-456c-aa7e-2f4454b29a45,1d2f9207-eac0-4b50-b725-ccf4e8264f4d,1633169243240,14.3039557,52.2677052,6.154206,-0.86157465,0.528245,-0.3255062,on bike mount,cyclo cross,True,asphalt,excellent
f4ee5635-8bf4-4b5a-96e4-b3a42f385893,9db56515-6f33-456c-aa7e-2f4454b29a45,51936fbd-9f71-46af-875f-f7cbf6d365d1,1633169243290,14.3039557,52.2677052,6.154206,-1.2014258,1.5664678,-0.16406536,on bike mount,cyclo cross,True,asphalt,excellent
f4ee5635-8bf4-4b5a-96e4-b3a42f385893,9db56515-6f33-456c-aa7e-2f4454b29a45,5c634b9d-e83b-4763-9fcd-012e143ec0cc,1633169243339,14.3039557,52.2677052,6.154206,0.5030583,-1.2590339,1.9129105,on bike mount,cyclo cross,True,asphalt,excellent
f4ee5635-8bf4-4b5a-96e4-b3a42f385893,9db56515-6f33-456c-aa7e-2f4454b29a45,59ddbac7-fcaa-440f-afb4-879e986522b0,1633169243389,14.3039557,52.2677052,6.154206,-0.26217598,-0.7417531,1.3507042,on bike mount,cyclo cross,True,asphalt,excellent
f4ee5635-8bf4-4b5a-96e4-b3a42f385893,9db56515-6f33-456c-aa7e-2f4454b29a45,44fa5925-ee5a-4dd0-8fe5-e6c0694c0543,1633169243439,14.3039557,52.2677052,6.154206,-0.0013303822,-0.41382527,0.45656872,on bike mount,cyclo cross,True,asphalt,excellent
f4ee5635-8bf4-4b5a-96e4-b3a42f385893,9db56515-6f33-456c-aa7e-2f4454b29a45,fb9e2372-6807-4f42-bd21-beb858688274,1633169243489,14.3039557,52.2677052,6.154206,-0.64154124,-1.1273364,-1.525701,on bike mount,cyclo cross,True,asphalt,excellent
f4ee5635-8bf4-4b5a-96e4-b3a42f385893,9db56515-6f33-456c-aa7e-2f4454b29a45,d45e3a00-53d9-4697-99af-155435d03814,1633169243540,14.3039557,52.2677052,6.154206,-1.1714835,-0.21286511,3.6937685,on bike mount,cyclo cross,True,asphalt,excellent
f4ee5635-8bf4-4b5a-96e4-b3a42f385893,9db56515-6f33-456c-aa7e-2f4454b29a45,4bf72cc5-146b-415e-92c4-e744130f6081,1633169243590,14.3039557,52.2677052,6.154206,-0.71781623,0.32719755,-3.0826244,on bike mount,cyclo cross,True,asphalt,excellent
f4ee5635-8bf4-4b5a-96e4-b3a42f385893,9db56515-6f33-456c-aa7e-2f4454b29a45,6f1f7f98-5cad-4a1e-9674-7ca786cf4ae2,1633169243658,14.3039557,52.2677052,6.154206,0.60659087,-1.1988629,1.1269321,on bike mount,cyclo cross,True,asphalt,excellent
f4ee5635-8bf4-4b5a-96e4-b3a42f385893,9db56515-6f33-456c-aa7e-2f4454b29a45,49ea28c4-7b48-4272-8f3f-bc545788d0dd,1633169243708,14.3039557,52.2677052,6.154206,-0.14679667,3.58806,2.1408558,on bike mount,cyclo cross,True,asphalt,excellent
f4ee5635-8bf4-4b5a-96e4-b3a42f385893,9db56515-6f33-456c-aa7e-2f4454b29a45,03fa0ab0-66e7-4392-9099-ad173a540310,1633169243758,14.3039557,52.2677052,6.154206,-1.543641,0.8318119,0.6965666,on bike mount,cyclo cross,True,asphalt,excellent
f4ee5635-8bf4-4b5a-96e4-b3a42f385893,9db56515-6f33-456c-aa7e-2f4454b29a45,8f5341d2-2cad-4e16-900c-369f268d31ef,1633169243808,14.3039557,52.2677052,6.154206,-0.55697227,-0.7066145,-1.6239419,on bike mount,cyclo cross,True,asphalt,excellent
f4ee5635-8bf4-4b5a-96e4-b3a42f385893,9db56515-6f33-456c-aa7e-2f4454b29a45,a53f8a93-09af-4a74-bfb0-1a556713f3b3,1633169243858,14.3039557,52.2677052,6.154206,-0.46283814,1.4563668,-1.3736453,on bike mount,cyclo cross,True,asphalt,excellent
f4ee5635-8bf4-4b5a-96e4-b3a42f385893,9db56515-6f33-456c-aa7e-2f4454b29a45,e8a82255-d5c1-4cf8-9bdd-0ed90ae937dd,1633169243908,14.3039557,52.2677052,6.154206,0.63623303,-0.25238466,2.9339476,on bike mount,cyclo cross,True,asphalt,excellent
f4ee5635-8bf4-4b5a-96e4-b3a42f385893,9db56515-6f33-456c-aa7e-2f4454b29a45,b58bc46b-8f59-4f44-9f5c-72306bb21bbb,1633169243959,14.3040602,52.2677133,6.220669,1.2790356,-0.7365515,2.8785467,on bike mount,cyclo cross,True,asphalt,excellent
f4ee5635-8bf4-4b5a-96e4-b3a42f385893,9db56515-6f33-456c-aa7e-2f4454b29a45,8713f2cf-791f-4277-8668-1d351d70f3f7,1633169244010,14.3040602,52.2677133,6.220669,-2.9930096,2.4428291,-1.3206468,on bike mount,cyclo cross,True,asphalt,excellent
f4ee5635-8bf4-4b5a-96e4-b3a42f385893,9db56515-6f33-456c-aa7e-2f4454b29a45,369d9aa6-cee4-44fe-80d8-b29f53501283,1633169244060,14.3040602,52.2677133,6.220669,-0.10241479,-5.5713615,1.7857523,on bike mount,cyclo cross,True,asphalt,excellent
f4ee5635-8bf4-4b5a-96e4-b3a42f385893,9db56515-6f33-456c-aa7e-2f4454b29a45,cfbbad6a-5415-48b7-94a3-d47549186647,1633169244111,14.3040602,52.2677133,6.220669,0.25564393,3.1009612,-2.5236163,on bike mount,cyclo cross,True,asphalt,excellent
f4ee5635-8bf4-4b5a-96e4-b3a42f385893,9db56515-6f33-456c-aa7e-2f4454b29a45,30d94bdf-b5e6-4414-b8f9-dadd39c53655,1633169244161,14.3040602,52.2677133,6.220669,0.34595746,-0.564662,0.7004366,on bike mount,cyclo cross,True,asphalt,excellent
f4ee5635-8bf4-4b5a-96e4-b3a42f385893,9db56515-6f33-456c-aa7e-2f4454b29a45,b0406143-d7b6-42ca-b7bf-00d7ceb2a524,1633169244238,14.3040602,52.2677133,6.220669,0.5826907,-1.2888211,1.1990023,on bike mount,cyclo cross,True,asphalt,excellent
f4ee5635-8bf4-4b5a-96e4-b3a42f385893,9db56515-6f33-456c-aa7e-2f4454b29a45,39829e79-cd28-4595-8f5e-a8d88d1f96e8,1633169244288,14.3040602,52.2677133,6.220669,-2.20126,-0.6036253,2.8867483,on bike mount,cyclo cross,True,asphalt,excellent
f4ee5635-8bf4-4b5a-96e4-b3a42f385893,9db56515-6f33-456c-aa7e-2f4454b29a45,ea8aa00e-33a3-4a9c-bf77-6e5479326afb,1633169244338,14.3040602,52.2677133,6.220669,-0.8491899,0.5084212,1.3428373,on bike mount,cyclo cross,True,asphalt,excellent
f4ee5635-8bf4-4b5a-96e4-b3a42f385893,9db56515-6f33-456c-aa7e-2f4454b29a45,109d41c1-ad7c-47b0-9f20-ccfa87b68e03,1633169244392,14.3040602,52.2677133,6.220669,1.3319657,-1.1254063,0.2562809,on bike mount,cyclo cross,True,asphalt,excellent
f4ee5635-8bf4-4b5a-96e4-b3a42f385893,9db56515-6f33-456c-aa7e-2f4454b29a45,d0625cae-fe5b-4895-8e63-1820959d2973,1633169244442,14.3040602,52.2677133,6.220669,3.0022817,0.19036269,0.13014793,on bike mount,cyclo cross,True,asphalt,excellent
f4ee5635-8bf4-4b5a-96e4-b3a42f385893,9db56515-6f33-456c-aa7e-2f4454b29a45,55b8befa-342c-4faa-882d-e107dd56db87,1633169244492,14.3040602,52.2677133,6.220669,0.35266572,-1.5547421,-0.46494484,on bike mount,cyclo cross,True,asphalt,excellent
f4ee5635-8bf4-4b5a-96e4-b3a42f385893,9db56515-6f33-456c-aa7e-2f4454b29a45,cf219ebd-42f8-40de-bde8-8b0b6c4e9769,1633169244542,14.3040602,52.2677133,6.220669,-0.73418677,-1.9383276,0.3976164,on bike mount,cyclo cross,True,asphalt,excellent
f4ee5635-8bf4-4b5a-96e4-b3a42f385893,9db56515-6f33-456c-aa7e-2f4454b29a45,95c09c7c-fdf7-436f-bb52-cb2318fc4d8a,1633169244592,14.3040602,52.2677133,6.220669,-0.33551276,-0.7558651,1.3746576,on bike mount,cyclo cross,True,asphalt,excellent
f4ee5635-8bf4-4b5a-96e4-b3a42f385893,9db56515-6f33-456c-aa7e-2f4454b29a45,28bbf78d-9734-4105-bed6-1d5ecd64bbb2,1633169244669,14.3040602,52.2677133,6.220669,-0.66886985,1.5188017,0.45842075,on bike mount,cyclo cross,True,asphalt,excellent
f4ee5635-8bf4-4b5a-96e4-b3a42f385893,9db56515-6f33-456c-aa7e-2f4454b29a45,3d5bc925-59f5-4e8e-8b3f-824fa738a682,1633169244719,14.3040602,52.2677133,6.220669,0.8064164,0.15377474,0.23043346,on bike mount,cyclo cross,True,asphalt,excellent
f4ee5635-8bf4-4b5a-96e4-b3a42f385893,9db56515-6f33-456c-aa7e-2f4454b29a45,a3b6fcec-16ee-4c67-ae51-153ba8e3efa1,1633169244769,14.3040602,52.2677133,6.220669,0.5371866,1.698535,1.3492069,on bike mount,cyclo cross,True,asphalt,excellent
f4ee5635-8bf4-4b5a-96e4-b3a42f385893,9db56515-6f33-456c-aa7e-2f4454b29a45,86ec149f-9f9a-4097-a148-d9ac90f636e2,1633169244819,14.3040602,52.2677133,6.220669,-0.7761867,1.731976,1.881568,on bike mount,cyclo cross,True,asphalt,excellent
f4ee5635-8bf4-4b5a-96e4-b3a42f385893,9db56515-6f33-456c-aa7e-2f4454b29a45,2411939e-d004-478e-9dc4-46157f894a83,1633169244868,14.3040602,52.2677133,6.220669,-0.5892137,0.4714098,-1.260983,on bike mount,cyclo cross,True,asphalt,excellent
f4ee5635-8bf4-4b5a-96e4-b3a42f385893,9db56515-6f33-456c-aa7e-2f4454b29a45,76274934-8048-4e94-84bd-07486d4e167a,1633169244918,14.3040602,52.2677133,6.220669,-0.0043015033,-1.3075061,2.7792358,on bike mount,cyclo cross,True,asphalt,excellent
f4ee5635-8bf4-4b5a-96e4-b3a42f385893,9db56515-6f33-456c-aa7e-2f4454b29a45,25468de9-4b5e-429f-9db5-3ed6355925d4,1633169244970,14.3041541,52.2677219,6.2034535,1.1136761,0.45327234,0.023862839,on bike mount,cyclo cross,True,asphalt,excellent
f4ee5635-8bf4-4b5a-96e4-b3a42f385893,9db56515-6f33-456c-aa7e-2f4454b29a45,f94a9b41-3547-4fdc-9bbf-c70e082b9b66,1633169245020,14.3041541,52.2677219,6.2034535,-0.51608443,0.95486283,-13.205927,on bike mount,cyclo cross,True,asphalt,excellent
f4ee5635-8bf4-4b5a-96e4-b3a42f385893,9db56515-6f33-456c-aa7e-2f4454b29a45,d0a53904-8901-423d-920f-de8aba7223cc,1633169245101,14.3041541,52.2677219,6.2034535,-0.5102631,-0.5162566,-0.42129898,on bike mount,cyclo cross,True,asphalt,excellent
f4ee5635-8bf4-4b5a-96e4-b3a42f385893,9db56515-6f33-456c-aa7e-2f4454b29a45,b90fb056-2edb-4fb5-9128-195659ca0598,1633169245151,14.3041541,52.2677219,6.2034535,-0.22385257,1.193152,0.94544315,on bike mount,cyclo cross,True,asphalt,excellent
f4ee5635-8bf4-4b5a-96e4-b3a42f385893,9db56515-6f33-456c-aa7e-2f4454b29a45,b4059698-c137-4d80-9f62-2ad3f017607d,1633169245201,14.3041541,52.2677219,6.2034535,-0.049995184,0.2335267,0.9510784,on bike mount,cyclo cross,True,asphalt,excellent
f4ee5635-8bf4-4b5a-96e4-b3a42f385893,9db56515-6f33-456c-aa7e-2f4454b29a45,0b89e6a9-9a22-40d5-a9a3-317ce2359b1b,1633169245251,14.3041541,52.2677219,6.2034535,0.10064003,1.0436883,-0.0803709,on bike mount,cyclo cross,True,asphalt,excellent
f4ee5635-8bf4-4b5a-96e4-b3a42f385893,9db56515-6f33-456c-aa7e-2f4454b29a45,d5a3b2b8-5592-4898-ba9a-7fd6758fb6d9,1633169245301,14.3041541,52.2677219,6.2034535,0.33343902,0.14231634,1.8086805,on bike mount,cyclo cross,True,asphalt,excellent
f4ee5635-8bf4-4b5a-96e4-b3a42f385893,9db56515-6f33-456c-aa7e-2f4454b29a45,f8ba83d6-dec7-41a9-99a1-bffb8a5bf8c9,1633169245351,14.3041541,52.2677219,6.2034535,-0.60262287,-1.5108218,3.6559925,on bike mount,cyclo cross,True,asphalt,excellent
f4ee5635-8bf4-4b5a-96e4-b3a42f385893,9db56515-6f33-456c-aa7e-2f4454b29a45,b581f0e4-db0e-42f0-9805-bebb03686508,1633169245402,14.3041541,52.2677219,6.2034535,1.1727746,-1.5448874,0.5065279,on bike mount,cyclo cross,True,asphalt,excellent
f4ee5635-8bf4-4b5a-96e4-b3a42f385893,9db56515-6f33-456c-aa7e-2f4454b29a45,a6d4f4d5-40c9-40d7-b9d0-9f8f721b34cf,1633169245453,14.3041541,52.2677219,6.2034535,0.502161,2.2503443,-0.52437496,on bike mount,cyclo cross,True,asphalt,excellent
f4ee5635-8bf4-4b5a-96e4-b3a42f385893,9db56515-6f33-456c-aa7e-2f4454b29a45,5504cf02-3e41-4af2-a145-2a3a06b0285e,1633169245503,14.3041541,52.2677219,6.2034535,-0.42933995,-0.45987558,1.7029428,on bike mount,cyclo cross,True,asphalt,excellent
f4ee5635-8bf4-4b5a-96e4-b3a42f385893,9db56515-6f33-456c-aa7e-2f4454b29a45,2a5f4031-3147-4e22-9c6f-2dd3bec2a980,1633169245553,14.3041541,52.2677219,6.2034535,-0.7596444,0.35806704,1.1601048,on bike mount,cyclo cross,True,asphalt,excellent
f4ee5635-8bf4-4b5a-96e4-b3a42f385893,9db56515-6f33-456c-aa7e-2f4454b29a45,3ae2c822-31fd-49a6-ba97-a5f2bf16ce5d,1633169245604,14.3041541,52.2677219,6.2034535,-0.44101128,0.55142784,1.0639477,on bike mount,cyclo cross,True,asphalt,excellent
f4ee5635-8bf4-4b5a-96e4-b3a42f385893,9db56515-6f33-456c-aa7e-2f4454b29a45,54ab582a-3025-4d12-a671-31b5128c6157,1633169245673,14.3041541,52.2677219,6.2034535,-0.019447312,1.3450043,0.23517418,on bike mount,cyclo cross,True,asphalt,excellent
f4ee5635-8bf4-4b5a-96e4-b3a42f385893,9db56515-6f33-456c-aa7e-2f4454b29a45,834bed9b-ab30-481f-8f48-67fab4aa5490,1633169245723,14.3041541,52.2677219,6.2034535,0.1861628,-0.81633854,0.21146584,on bike mount,cyclo cross,True,asphalt,excellent
f4ee5635-8bf4-4b5a-96e4-b3a42f385893,9db56515-6f33-456c-aa7e-2f4454b29a45,f5c8a0b6-e391-4520-b2c7-982a17cbd067,1633169245773,14.3041541,52.2677219,6.2034535,-0.5383096,-1.4334652,-0.33608723,on bike mount,cyclo cross,True,asphalt,excellent
f4ee5635-8bf4-4b5a-96e4-b3a42f385893,9db56515-6f33-456c-aa7e-2f4454b29a45,aa95d3ac-f9e0-4253-843f-69367f21fc3b,1633169245833,14.3041541,52.2677219,6.2034535,0.016616844,-0.13183832,0.95518684,on bike mount,cyclo cross,True,asphalt,excellent
f4ee5635-8bf4-4b5a-96e4-b3a42f385893,9db56515-6f33-456c-aa7e-2f4454b29a45,c867f23e-5b45-4cd2-b0a2-1dab79fa67da,1633169245883,14.3041541,52.2677219,6.2034535,-0.47853616,0.97973514,-0.26565838,on bike mount,cyclo cross,True,asphalt,excellent
f4ee5635-8bf4-4b5a-96e4-b3a42f385893,9db56515-6f33-456c-aa7e-2f4454b29a45,d4248e03-5877-413b-b28f-7663cd4b5af4,1633169245933,14.3041541,52.2677219,6.2034535,0.1297098,0.5404856,-4.259425,on bike mount,cyclo cross,True,asphalt,excellent
f4ee5635-8bf4-4b5a-96e4-b3a42f385893,9db56515-6f33-456c-aa7e-2f4454b29a45,04e51e60-287b-4508-a8e6-7b21d40ab57a,1633169245983,14.3042519,52.2677296,6.3007517,-1.1476408,0.2159419,0.4141903,on bike mount,cyclo cross,True,asphalt,excellent
f4ee5635-8bf4-4b5a-96e4-b3a42f385893,9db56515-6f33-456c-aa7e-2f4454b29a45,490de3eb-06df-48d2-b5ca-a670f7e57924,1633169246033,14.3042519,52.2677296,6.3007517,0.41542873,0.27730966,1.0707932,on bike mount,cyclo cross,True,asphalt,excellent
f4ee5635-8bf4-4b5a-96e4-b3a42f385893,9db56515-6f33-456c-aa7e-2f4454b29a45,66535045-140f-48d7-9f35-0fe8e7b36a27,1633169246083,14.3042519,52.2677296,6.3007517,0.04890728,-1.011585,-1.6131225,on bike mount,cyclo cross,True,asphalt,excellent
f4ee5635-8bf4-4b5a-96e4-b3a42f385893,9db56515-6f33-456c-aa7e-2f4454b29a45,c24c4982-58eb-46d5-a7e2-b1af57a7798c,1633169246133,14.3042519,52.2677296,6.3007517,-0.9768325,-0.6793468,1.3391314,on bike mount,cyclo cross,True,asphalt,excellent
f4ee5635-8bf4-4b5a-96e4-b3a42f385893,9db56515-6f33-456c-aa7e-2f4454b29a45,1b15ea79-29f8-4ec5-8edb-aed45ef73c70,1633169246184,14.3042519,52.2677296,6.3007517,-0.89757335,-0.76872873,-1.647655,on bike mount,cyclo cross,True,asphalt,excellent
f4ee5635-8bf4-4b5a-96e4-b3a42f385893,9db56515-6f33-456c-aa7e-2f4454b29a45,80bce7e4-a8a0-4269-82cc-87b94906402b,1633169246234,14.3042519,52.2677296,6.3007517,-0.118156925,-0.4902351,-2.1974173,on bike mount,cyclo cross,True,asphalt,excellent
f4ee5635-8bf4-4b5a-96e4-b3a42f385893,9db56515-6f33-456c-aa7e-2f4454b29a45,64b73e44-33a5-4b4e-a856-b134faae4483,1633169246286,14.3042519,52.2677296,6.3007517,0.030188799,0.6791942,1.2591782,on bike mount,cyclo cross,True,asphalt,excellent
f4ee5635-8bf4-4b5a-96e4-b3a42f385893,9db56515-6f33-456c-aa7e-2f4454b29a45,d8d82f39-0ae6-440d-aadb-1b5e2b1c2a53,1633169246336,14.3042519,52.2677296,6.3007517,0.5199402,-2.1823063,0.5747366,on bike mount,cyclo cross,True,asphalt,excellent
f4ee5635-8bf4-4b5a-96e4-b3a42f385893,9db56515-6f33-456c-aa7e-2f4454b29a45,88a34d13-eaa0-46fa-95ea-e2cede523da6,1633169246386,14.3042519,52.2677296,6.3007517,-0.011875585,0.106359005,0.7392578,on bike mount,cyclo cross,True,asphalt,excellent
f4ee5635-8bf4-4b5a-96e4-b3a42f385893,9db56515-6f33-456c-aa7e-2f4454b29a45,78010ba1-8cc0-4ae5-9ca1-762b4ec12436,1633169246437,14.3042519,52.2677296,6.3007517,-0.2755313,0.41458774,1.012908,on bike mount,cyclo cross,True,asphalt,excellent
f4ee5635-8bf4-4b5a-96e4-b3a42f385893,9db56515-6f33-456c-aa7e-2f4454b29a45,9e0ddf34-69f8-4fbc-b409-91a1d5230179,1633169246486,14.3042519,52.2677296,6.3007517,-0.4946872,0.5084655,0.8206701,on bike mount,cyclo cross,True,asphalt,excellent
f4ee5635-8bf4-4b5a-96e4-b3a42f385893,9db56515-6f33-456c-aa7e-2f4454b29a45,29690b47-ecdb-4b47-b9a5-d3f2cef99ab4,1633169246536,14.3042519,52.2677296,6.3007517,1.1832168,-0.05239153,1.9402742,on bike mount,cyclo cross,True,asphalt,excellent
f4ee5635-8bf4-4b5a-96e4-b3a42f385893,9db56515-6f33-456c-aa7e-2f4454b29a45,0cf963b0-cbed-4b46-b2db-16c95aeac363,1633169246587,14.3042519,52.2677296,6.3007517,-0.021865344,0.1621139,-0.16409874,on bike mount,cyclo cross,True,asphalt,excellent
f4ee5635-8bf4-4b5a-96e4-b3a42f385893,9db56515-6f33-456c-aa7e-2f4454b29a45,1c2c87da-d81d-4a7d-a754-f3378bb73a36,1633169246636,14.3042519,52.2677296,6.3007517,-0.0897544,-0.47343493,1.7523651,on bike mount,cyclo cross,True,asphalt,excellent
f4ee5635-8bf4-4b5a-96e4-b3a42f385893,9db56515-6f33-456c-aa7e-2f4454b29a45,666556e6-6ce3-4fac-9d6b-a0d97638ca8c,1633169246686,14.3042519,52.2677296,6.3007517,-0.500888,-0.37054253,0.30205536,on bike mount,cyclo cross,True,asphalt,excellent
f4ee5635-8bf4-4b5a-96e4-b3a42f385893,9db56515-6f33-456c-aa7e-2f4454b29a45,54954ad1-d2e8-4296-b5f8-5d98c6ce353c,1633169246737,14.3042519,52.2677296,6.3007517,-0.57789016,0.0018451214,-1.053031,on bike mount,cyclo cross,True,asphalt,excellent
f4ee5635-8bf4-4b5a-96e4-b3a42f385893,9db56515-6f33-456c-aa7e-2f4454b29a45,7b93a2ef-52d7-43f1-a6ff-324cf24ef674,1633169246787,14.3042519,52.2677296,6.3007517,-0.31977934,1.4105964,-1.2044163,on bike mount,cyclo cross,True,asphalt,excellent
f4ee5635-8bf4-4b5a-96e4-b3a42f385893,9db56515-6f33-456c-aa7e-2f4454b29a45,7b5f83e2-8a94-4a30-8ced-da66ac2b95a8,1633169246837,14.3042519,52.2677296,6.3007517,1.160951,3.2281919,0.7074795,on bike mount,cyclo cross,True,asphalt,excellent
f4ee5635-8bf4-4b5a-96e4-b3a42f385893,9db56515-6f33-456c-aa7e-2f4454b29a45,667b3abe-dbdd-4139-85f6-652a0f73e9ff,1633169246897,14.3042519,52.2677296,6.3007517,-0.24607798,-0.66636276,-1.824451,on bike mount,cyclo cross,True,asphalt,excellent
f4ee5635-8bf4-4b5a-96e4-b3a42f385893,9db56515-6f33-456c-aa7e-2f4454b29a45,2d939928-581f-437a-a463-6baafe0e84c6,1633169246947,14.3042519,52.2677296,6.3007517,-0.15663993,0.6546011,0.8044691,on bike mount,cyclo cross,True,asphalt,excellent
f4ee5635-8bf4-4b5a-96e4-b3a42f385893,9db56515-6f33-456c-aa7e-2f4454b29a45,8c73d2e5-acb3-4392-98fb-ac5ca5e10dfb,1633169246997,14.304354,52.2677387,6.3757825,0.25884208,-0.38427997,-0.3500023,on bike mount,cyclo cross,True,asphalt,excellent
f4ee5635-8bf4-4b5a-96e4-b3a42f385893,9db56515-6f33-456c-aa7e-2f4454b29a45,93b42d45-6279-4a5a-9ade-625cade99be8,1633169247050,14.304354,52.2677387,6.3757825,-0.10124676,0.14109254,0.6485033,on bike mount,cyclo cross,True,asphalt,excellent
f4ee5635-8bf4-4b5a-96e4-b3a42f385893,9db56515-6f33-456c-aa7e-2f4454b29a45,6209d1ad-0b7d-46a8-b790-03949aa6c393,1633169247100,14.304354,52.2677387,6.3757825,0.9577271,0.71569157,-0.49413776,on bike mount,cyclo cross,True,asphalt,excellent
f4ee5635-8bf4-4b5a-96e4-b3a42f385893,9db56515-6f33-456c-aa7e-2f4454b29a45,2b4e478b-0b28-48e8-8757-51b469b27afe,1633169247150,14.304354,52.2677387,6.3757825,0.19497517,-1.0435724,2.6290483,on bike mount,cyclo cross,True,asphalt,excellent
f4ee5635-8bf4-4b5a-96e4-b3a42f385893,9db56515-6f33-456c-aa7e-2f4454b29a45,33a2af51-eef2-43d1-a75e-d4f764cb86a3,1633169247200,14.304354,52.2677387,6.3757825,-0.39333782,-0.7945292,-0.68554974,on bike mount,cyclo cross,True,asphalt,excellent
f4ee5635-8bf4-4b5a-96e4-b3a42f385893,9db56515-6f33-456c-aa7e-2f4454b29a45,732701d1-66e2-4c9d-8c98-c27811d7d416,1633169247250,14.304354,52.2677387,6.3757825,0.33019045,2.3956232,-1.1175866,on bike mount,cyclo cross,True,asphalt,excellent
f4ee5635-8bf4-4b5a-96e4-b3a42f385893,9db56515-6f33-456c-aa7e-2f4454b29a45,f187f23d-7ce3-4c5e-8b10-024ccba607bf,1633169247300,14.304354,52.2677387,6.3757825,0.10704537,-0.32874107,-0.3535118,on bike mount,cyclo cross,True,asphalt,excellent
f4ee5635-8bf4-4b5a-96e4-b3a42f385893,9db56515-6f33-456c-aa7e-2f4454b29a45,d082e39f-30f7-45bb-93a1-682af3879c9d,1633169247350,14.304354,52.2677387,6.3757825,0.9313208,-1.0116125,0.715353,on bike mount,cyclo cross,True,asphalt,excellent
f4ee5635-8bf4-4b5a-96e4-b3a42f385893,9db56515-6f33-456c-aa7e-2f4454b29a45,63637b4c-aed0-47fe-9ce1-53d0a84eea8d,1633169247400,14.304354,52.2677387,6.3757825,0.9819138,0.30241036,2.31312,on bike mount,cyclo cross,True,asphalt,excellent
f4ee5635-8bf4-4b5a-96e4-b3a42f385893,9db56515-6f33-456c-aa7e-2f4454b29a45,9dc34025-58da-4765-81e3-4ed0d70c9fa8,1633169247468,14.304354,52.2677387,6.3757825,0.08737475,0.480582,-1.929009,on bike mount,cyclo cross,True,asphalt,excellent
f4ee5635-8bf4-4b5a-96e4-b3a42f385893,9db56515-6f33-456c-aa7e-2f4454b29a45,65d39d20-5c16-4939-a686-49e7f4df04bb,1633169247518,14.304354,52.2677387,6.3757825,0.7384601,0.7071979,-0.4769907,on bike mount,cyclo cross,True,asphalt,excellent
f4ee5635-8bf4-4b5a-96e4-b3a42f385893,9db56515-6f33-456c-aa7e-2f4454b29a45,cfc009a3-cb8c-4ae9-95be-a36056210584,1633169247567,14.304354,52.2677387,6.3757825,-0.7453366,0.27392125,-0.5514326,on bike mount,cyclo cross,True,asphalt,excellent
f4ee5635-8bf4-4b5a-96e4-b3a42f385893,9db56515-6f33-456c-aa7e-2f4454b29a45,79ebc5aa-a8b7-41f3-b3de-09db5293ff26,1633169247617,14.304354,52.2677387,6.3757825,0.26590076,1.3210549,0.84650326,on bike mount,cyclo cross,True,asphalt,excellent
f4ee5635-8bf4-4b5a-96e4-b3a42f385893,9db56515-6f33-456c-aa7e-2f4454b29a45,67ad61b0-bb52-4630-b6d5-efc36fa6023e,1633169247667,14.304354,52.2677387,6.3757825,1.7064209,-0.91690767,-0.17376709,on bike mount,cyclo cross,True,asphalt,excellent
f4ee5635-8bf4-4b5a-96e4-b3a42f385893,9db56515-6f33-456c-aa7e-2f4454b29a45,07afa21c-64b0-4c1b-8227-26ca7909169d,1633169247717,14.304354,52.2677387,6.3757825,0.9482988,1.9177799,1.398386,on bike mount,cyclo cross,True,asphalt,excellent
f4ee5635-8bf4-4b5a-96e4-b3a42f385893,9db56515-6f33-456c-aa7e-2f4454b29a45,ee3e3e27-4b94-4f1b-b259-ef6de0c37d5a,1633169247767,14.304354,52.2677387,6.3757825,-0.6815018,0.72564435,-1.1876235,on bike mount,cyclo cross,True,asphalt,excellent
f4ee5635-8bf4-4b5a-96e4-b3a42f385893,9db56515-6f33-456c-aa7e-2f4454b29a45,980eb29d-1baf-44d8-8984-f85724867722,1633169247817,14.304354,52.2677387,6.3757825,-0.5414314,0.14865565,-0.3268652,on bike mount,cyclo cross,True,asphalt,excellent
f4ee5635-8bf4-4b5a-96e4-b3a42f385893,9db56515-6f33-456c-aa7e-2f4454b29a45,429b0546-1f22-4c04-a6ea-9d69a4fc8160,1633169247868,14.304354,52.2677387,6.3757825,0.18278854,-0.31349635,-2.1621428,on bike mount,cyclo cross,True,asphalt,excellent
f4ee5635-8bf4-4b5a-96e4-b3a42f385893,9db56515-6f33-456c-aa7e-2f4454b29a45,13abca89-de76-4fee-ba18-58a5fdcf4ea4,1633169247917,14.304354,52.2677387,6.3757825,-0.3051133,-0.6313616,-2.0641146,on bike mount,cyclo cross,True,asphalt,excellent
f4ee5635-8bf4-4b5a-96e4-b3a42f385893,9db56515-6f33-456c-aa7e-2f4454b29a45,60c25409-4130-400f-944c-c7d621ac17a2,1633169247967,14.3044583,52.2677452,6.4292607,0.27805576,0.20826769,-0.46271992,on bike mount,cyclo cross,True,asphalt,excellent
f4ee5635-8bf4-4b5a-96e4-b3a42f385893,9db56515-6f33-456c-aa7e-2f4454b29a45,6abe8012-d164-4f5d-b98f-a18c30c0ed0f,1633169248018,14.3044583,52.2677452,6.4292607,-1.1277716,-0.94629896,-1.2839551,on bike mount,cyclo cross,True,asphalt,excellent
f4ee5635-8bf4-4b5a-96e4-b3a42f385893,9db56515-6f33-456c-aa7e-2f4454b29a45,55681d66-0cb6-4a15-a3d8-f85a79d1f041,1633169248069,14.3044583,52.2677452,6.4292607,-1.4118983,1.8215561,0.9736881,on bike mount,cyclo cross,True,asphalt,excellent
f4ee5635-8bf4-4b5a-96e4-b3a42f385893,9db56515-6f33-456c-aa7e-2f4454b29a45,44cb9ea9-4caf-4fdf-b49e-becf455a099e,1633169248119,14.3044583,52.2677452,6.4292607,-0.27187473,-0.11632347,-0.2507143,on bike mount,cyclo cross,True,asphalt,excellent
f4ee5635-8bf4-4b5a-96e4-b3a42f385893,9db56515-6f33-456c-aa7e-2f4454b29a45,e1c2e2d1-0e36-467b-b419-cf9f49a204fe,1633169248190,14.3044583,52.2677452,6.4292607,0.038661536,-0.026226759,0.8621578,on bike mount,cyclo cross,True,asphalt,excellent
f4ee5635-8bf4-4b5a-96e4-b3a42f385893,9db56515-6f33-456c-aa7e-2f4454b29a45,f2e5bb85-9ea3-446e-ad57-0b28f121cb76,1633169248240,14.3044583,52.2677452,6.4292607,0.94079214,-1.9030112,2.4054909,on bike mount,cyclo cross,True,asphalt,excellent
f4ee5635-8bf4-4b5a-96e4-b3a42f385893,9db56515-6f33-456c-aa7e-2f4454b29a45,ac34f15f-a3c8-4929-a6ae-9e1bc2a32065,1633169248290,14.3044583,52.2677452,6.4292607,0.86161214,0.84999514,-0.36119652,on bike mount,cyclo cross,True,asphalt,excellent
f4ee5635-8bf4-4b5a-96e4-b3a42f385893,9db56515-6f33-456c-aa7e-2f4454b29a45,e26ec4ff-4859-42a9-97d4-5ee41c86bd2f,1633169248342,14.3044583,52.2677452,6.4292607,-0.7830068,0.7890823,-0.8711214,on bike mount,cyclo cross,True,asphalt,excellent
f4ee5635-8bf4-4b5a-96e4-b3a42f385893,9db56515-6f33-456c-aa7e-2f4454b29a45,f212c086-00c5-4a21-9095-b7206bff7105,1633169248392,14.3044583,52.2677452,6.4292607,0.007201731,-1.6941875,-0.093767166,on bike mount,cyclo cross,True,asphalt,excellent
f4ee5635-8bf4-4b5a-96e4-b3a42f385893,9db56515-6f33-456c-aa7e-2f4454b29a45,e0c275eb-fedd-4811-a842-ec97daf2b914,1633169248469,14.3044583,52.2677452,6.4292607,0.4819591,0.62136984,-0.430542,on bike mount,cyclo cross,True,asphalt,excellent
f4ee5635-8bf4-4b5a-96e4-b3a42f385893,9db56515-6f33-456c-aa7e-2f4454b29a45,570c0b4c-78b1-4190-804d-6cb4a9e3d50e,1633169248519,14.3044583,52.2677452,6.4292607,-0.40803152,-1.0762644,-0.20384693,on bike mount,cyclo cross,True,asphalt,excellent
f4ee5635-8bf4-4b5a-96e4-b3a42f385893,9db56515-6f33-456c-aa7e-2f4454b29a45,935f56b0-ae4b-4b7c-92a5-8a3da8c06269,1633169248568,14.3044583,52.2677452,6.4292607,-0.63084805,0.8096478,2.2599525,on bike mount,cyclo cross,True,asphalt,excellent
f4ee5635-8bf4-4b5a-96e4-b3a42f385893,9db56515-6f33-456c-aa7e-2f4454b29a45,24b9beb0-ebe8-4598-af2f-5c7cd48bfe91,1633169248618,14.3044583,52.2677452,6.4292607,0.57258207,0.9857819,0.76193714,on bike mount,cyclo cross,True,asphalt,excellent
f4ee5635-8bf4-4b5a-96e4-b3a42f385893,9db56515-6f33-456c-aa7e-2f4454b29a45,867c2a99-bb64-47de-8d33-6496b8a34fd1,1633169248668,14.3044583,52.2677452,6.4292607,-0.20173764,0.84827924,0.29661846,on bike mount,cyclo cross,True,asphalt,excellent
f4ee5635-8bf4-4b5a-96e4-b3a42f385893,9db56515-6f33-456c-aa7e-2f4454b29a45,d986cbdd-f004-4d5a-8937-305eb0b6dd52,1633169248718,14.3044583,52.2677452,6.4292607,1.2045647,1.7928283,-1.2337298,on bike mount,cyclo cross,True,asphalt,excellent
f4ee5635-8bf4-4b5a-96e4-b3a42f385893,9db56515-6f33-456c-aa7e-2f4454b29a45,37809820-777f-4188-9b09-27f3504c7eaa,1633169248769,14.3044583,52.2677452,6.4292607,-0.6241866,-3.0123107,1.863162,on bike mount,cyclo cross,True,asphalt,excellent
f4ee5635-8bf4-4b5a-96e4-b3a42f385893,9db56515-6f33-456c-aa7e-2f4454b29a45,e9e871f4-e4fe-4c37-ace3-165e0ba4a7f0,1633169248820,14.3044583,52.2677452,6.4292607,-0.30640176,-0.3695855,-0.03014946,on bike mount,cyclo cross,True,asphalt,excellent
f4ee5635-8bf4-4b5a-96e4-b3a42f385893,9db56515-6f33-456c-aa7e-2f4454b29a45,697aced4-8ad6-4605-bc4e-945fa249c2b6,1633169248869,14.3044583,52.2677452,6.4292607,-0.11327752,-1.0464227,0.7656326,on bike mount,cyclo cross,True,asphalt,excellent
f4ee5635-8bf4-4b5a-96e4-b3a42f385893,9db56515-6f33-456c-aa7e-2f4454b29a45,3d79e708-4628-4e71-9033-d5dbe3eaf7d1,1633169248918,14.3044583,52.2677452,6.4292607,1.340847,-0.011932135,0.8452978,on bike mount,cyclo cross,True,asphalt,excellent
f4ee5635-8bf4-4b5a-96e4-b3a42f385893,9db56515-6f33-456c-aa7e-2f4454b29a45,cc10df16-4ff4-4a3f-9bd4-12cde9e62ce5,1633169248968,14.3045652,52.267753,6.500489,-0.10014279,1.1872556,0.17257404,on bike mount,cyclo cross,True,asphalt,excellent
f4ee5635-8bf4-4b5a-96e4-b3a42f385893,9db56515-6f33-456c-aa7e-2f4454b29a45,e56c1eb8-9298-45d2-a6a2-175891d69fed,1633169249018,14.3045652,52.267753,6.500489,0.23956077,-1.4442205,3.834632,on bike mount,cyclo cross,True,asphalt,excellent
f4ee5635-8bf4-4b5a-96e4-b3a42f385893,9db56515-6f33-456c-aa7e-2f4454b29a45,633b19f4-24c0-4830-a1c8-7c8daae3a14a,1633169249068,14.3045652,52.267753,6.500489,0.5079424,1.7674892,-2.413073,on bike mount,cyclo cross,True,asphalt,excellent
f4ee5635-8bf4-4b5a-96e4-b3a42f385893,9db56515-6f33-456c-aa7e-2f4454b29a45,79775670-9bb7-4650-a2af-fe40256d9d9a,1633169249118,14.3045652,52.267753,6.500489,-0.78573126,0.14948773,-1.2804089,on bike mount,cyclo cross,True,asphalt,excellent
f4ee5635-8bf4-4b5a-96e4-b3a42f385893,9db56515-6f33-456c-aa7e-2f4454b29a45,bc97d200-2f4c-47f1-b00e-f9c85af7bdeb,1633169249196,14.3045652,52.267753,6.500489,-0.74487066,-0.1791277,0.9681654,on bike mount,cyclo cross,True,asphalt,excellent
f4ee5635-8bf4-4b5a-96e4-b3a42f385893,9db56515-6f33-456c-aa7e-2f4454b29a45,40772761-5298-4f34-8bca-b7c02a84c2ce,1633169249246,14.3045652,52.267753,6.500489,2.6934361,0.6624632,-0.19997501,on bike mount,cyclo cross,True,asphalt,excellent
f4ee5635-8bf4-4b5a-96e4-b3a42f385893,9db56515-6f33-456c-aa7e-2f4454b29a45,bb648684-2d94-437c-aa73-4cb1a853246c,1633169249296,14.3045652,52.267753,6.500489,1.1153216,-0.10483503,0.40085983,on bike mount,cyclo cross,True,asphalt,excellent
f4ee5635-8bf4-4b5a-96e4-b3a42f385893,9db56515-6f33-456c-aa7e-2f4454b29a45,9b5f8522-2668-45d0-a936-9893e7234bf1,1633169249348,14.3045652,52.267753,6.500489,0.89194643,0.53158593,-2.532689,on bike mount,cyclo cross,True,asphalt,excellent
f4ee5635-8bf4-4b5a-96e4-b3a42f385893,9db56515-6f33-456c-aa7e-2f4454b29a45,ddbdae09-8e5a-4beb-bc9f-6cdc4f74475b,1633169249398,14.3045652,52.267753,6.500489,0.7155917,0.6616373,1.0193882,on bike mount,cyclo cross,True,asphalt,excellent
f4ee5635-8bf4-4b5a-96e4-b3a42f385893,9db56515-6f33-456c-aa7e-2f4454b29a45,55b476a8-dac4-4a6b-81e0-666f67c045c7,1633169249448,14.3045652,52.267753,6.500489,0.2913482,-2.2359076,3.0130281,on bike mount,cyclo cross,True,asphalt,excellent
f4ee5635-8bf4-4b5a-96e4-b3a42f385893,9db56515-6f33-456c-aa7e-2f4454b29a45,64a5f353-2eb9-4137-87b4-1fbab6c0a53a,1633169249498,14.3045652,52.267753,6.500489,1.1169379,-0.5972712,0.47496223,on bike mount,cyclo cross,True,asphalt,excellent
f4ee5635-8bf4-4b5a-96e4-b3a42f385893,9db56515-6f33-456c-aa7e-2f4454b29a45,39cf52eb-c268-4c47-bd17-fab1cb4f59bf,1633169249549,14.3045652,52.267753,6.500489,-0.14181605,-1.439843,0.950819,on bike mount,cyclo cross,True,asphalt,excellent
f4ee5635-8bf4-4b5a-96e4-b3a42f385893,9db56515-6f33-456c-aa7e-2f4454b29a45,43ae988c-14aa-4828-8c9c-42e4ac85e1e9,1633169249598,14.3045652,52.267753,6.500489,0.20375925,-1.0106168,-0.044384956,on bike mount,cyclo cross,True,asphalt,excellent
f4ee5635-8bf4-4b5a-96e4-b3a42f385893,9db56515-6f33-456c-aa7e-2f4454b29a45,2777a63b-2e1f-415a-8628-878036454fb2,1633169249648,14.3045652,52.267753,6.500489,-0.80098665,-0.26439023,-1.0278587,on bike mount,cyclo cross,True,asphalt,excellent
f4ee5635-8bf4-4b5a-96e4-b3a42f385893,9db56515-6f33-456c-aa7e-2f4454b29a45,408de819-9c31-4929-bd03-50fbd011b310,1633169249698,14.3045652,52.267753,6.500489,-0.8452206,-0.13169289,0.31846333,on bike mount,cyclo cross,True,asphalt,excellent
f4ee5635-8bf4-4b5a-96e4-b3a42f385893,9db56515-6f33-456c-aa7e-2f4454b29a45,60af69cb-2c61-4864-a7e5-21b9f26f104f,1633169249748,14.3045652,52.267753,6.500489,-0.22252008,0.6232481,0.004919052,on bike mount,cyclo cross,True,asphalt,excellent
f4ee5635-8bf4-4b5a-96e4-b3a42f385893,9db56515-6f33-456c-aa7e-2f4454b29a45,82110052-302e-4176-9cb0-ddc9796094ff,1633169249798,14.3045652,52.267753,6.500489,-0.26759195,-0.8508434,0.19407558,on bike mount,cyclo cross,True,asphalt,excellent
f4ee5635-8bf4-4b5a-96e4-b3a42f385893,9db56515-6f33-456c-aa7e-2f4454b29a45,ea94dd28-f1e6-4e65-88c9-db30ee57100d,1633169249847,14.3045652,52.267753,6.500489,0.98027813,-2.1618242,0.6902714,on bike mount,cyclo cross,True,asphalt,excellent
f4ee5635-8bf4-4b5a-96e4-b3a42f385893,9db56515-6f33-456c-aa7e-2f4454b29a45,8f02b92f-0b3c-406f-a0fa-f648d0dd1bd1,1633169249897,14.3045652,52.267753,6.500489,0.92939395,0.33400846,-1.369925,on bike mount,cyclo cross,True,asphalt,excellent
f4ee5635-8bf4-4b5a-96e4-b3a42f385893,9db56515-6f33-456c-aa7e-2f4454b29a45,9ac56ac3-d76a-4d2e-91c4-824723d2a191,1633169249949,14.3045652,52.267753,6.500489,-0.9485942,-0.8668498,0.95504856,on bike mount,cyclo cross,True,asphalt,excellent
f4ee5635-8bf4-4b5a-96e4-b3a42f385893,9db56515-6f33-456c-aa7e-2f4454b29a45,f551fb0f-0bc1-493c-8476-44217c7768e7,1633169249999,14.3046755,52.2677607,6.5667176,0.70004904,-1.3149203,0.9554329,on bike mount,cyclo cross,True,asphalt,excellent
f4ee5635-8bf4-4b5a-96e4-b3a42f385893,9db56515-6f33-456c-aa7e-2f4454b29a45,e4110532-46b7-45bc-b7d1-3809fae4cd80,1633169250075,14.3046755,52.2677607,6.5667176,1.5146936,-0.83292437,1.1556826,on bike mount,cyclo cross,True,asphalt,excellent
f4ee5635-8bf4-4b5a-96e4-b3a42f385893,9db56515-6f33-456c-aa7e-2f4454b29a45,05cf0943-f38f-4ab8-9c0c-4092f1778225,1633169250125,14.3046755,52.2677607,6.5667176,0.045875303,-0.48395753,-1.8141565,on bike mount,cyclo cross,True,asphalt,excellent
f4ee5635-8bf4-4b5a-96e4-b3a42f385893,9db56515-6f33-456c-aa7e-2f4454b29a45,6f6e1769-1cf1-42f9-9be0-2e7e70c3f135,1633169250175,14.3046755,52.2677607,6.5667176,0.5957686,0.40566206,-1.7939448,on bike mount,cyclo cross,True,asphalt,excellent
f4ee5635-8bf4-4b5a-96e4-b3a42f385893,9db56515-6f33-456c-aa7e-2f4454b29a45,69688455-8c71-46ef-84e4-75fdb54e0822,1633169250226,14.3046755,52.2677607,6.5667176,-1.759901,-0.45752954,1.3602352,on bike mount,cyclo cross,True,asphalt,excellent
f4ee5635-8bf4-4b5a-96e4-b3a42f385893,9db56515-6f33-456c-aa7e-2f4454b29a45,0418f734-7411-4806-9f10-0cd7fd659f4b,1633169250275,14.3046755,52.2677607,6.5667176,-1.0842069,0.38529086,0.6189165,on bike mount,cyclo cross,True,asphalt,excellent
f4ee5635-8bf4-4b5a-96e4-b3a42f385893,9db56515-6f33-456c-aa7e-2f4454b29a45,99737516-9ab0-4184-aed9-fe81f30ad699,1633169250325,14.3046755,52.2677607,6.5667176,1.3092773,0.117330074,-0.8101702,on bike mount,cyclo cross,True,asphalt,excellent
f4ee5635-8bf4-4b5a-96e4-b3a42f385893,9db56515-6f33-456c-aa7e-2f4454b29a45,035b4a2c-03a4-41ab-9d44-e531dbf3160f,1633169250375,14.3046755,52.2677607,6.5667176,0.4662663,-1.2006218,1.1721296,on bike mount,cyclo cross,True,asphalt,excellent
f4ee5635-8bf4-4b5a-96e4-b3a42f385893,9db56515-6f33-456c-aa7e-2f4454b29a45,33661c71-f54b-4640-a1b0-e4f14d18830b,1633169250424,14.3046755,52.2677607,6.5667176,-0.8592768,0.92782116,-0.41364288,on bike mount,cyclo cross,True,asphalt,excellent
f4ee5635-8bf4-4b5a-96e4-b3a42f385893,9db56515-6f33-456c-aa7e-2f4454b29a45,deb7ad4f-b79e-4d8d-80da-cd5ae847b572,1633169250474,14.3046755,52.2677607,6.5667176,0.19067061,-0.26270676,0.59940434,on bike mount,cyclo cross,True,asphalt,excellent
f4ee5635-8bf4-4b5a-96e4-b3a42f385893,9db56515-6f33-456c-aa7e-2f4454b29a45,78261747-7bdd-404a-bba4-f2f4d6af8535,1633169250527,14.3046755,52.2677607,6.5667176,0.98687214,-0.31555295,0.67579174,on bike mount,cyclo cross,True,asphalt,excellent
f4ee5635-8bf4-4b5a-96e4-b3a42f385893,9db56515-6f33-456c-aa7e-2f4454b29a45,1f75c824-e4b6-4b00-bb81-25721b34d7d8,1633169250577,14.3046755,52.2677607,6.5667176,0.15137942,0.20619583,-1.4020581,on bike mount,cyclo cross,True,asphalt,excellent
f4ee5635-8bf4-4b5a-96e4-b3a42f385893,9db56515-6f33-456c-aa7e-2f4454b29a45,f2d72502-ecab-4b24-bede-7f8346f995ee,1633169250659,14.3046755,52.2677607,6.5667176,0.18383774,-0.28052926,-1.4573069,on bike mount,cyclo cross,True,asphalt,excellent
f4ee5635-8bf4-4b5a-96e4-b3a42f385893,9db56515-6f33-456c-aa7e-2f4454b29a45,0d9aa919-94cd-44e8-8a43-354b0f2bbcf6,1633169250709,14.3046755,52.2677607,6.5667176,0.70029354,0.3322389,1.0720234,on bike mount,cyclo cross,True,asphalt,excellent
f4ee5635-8bf4-4b5a-96e4-b3a42f385893,9db56515-6f33-456c-aa7e-2f4454b29a45,29219487-9bc8-4312-a7b3-7115acb3fc2a,1633169250759,14.3046755,52.2677607,6.5667176,-1.1500516,0.34756017,-0.11653805,on bike mount,cyclo cross,True,asphalt,excellent
f4ee5635-8bf4-4b5a-96e4-b3a42f385893,9db56515-6f33-456c-aa7e-2f4454b29a45,3cb24789-b814-4744-b1a2-e6fdc8b427cb,1633169250810,14.3046755,52.2677607,6.5667176,-0.96300036,1.1147113,2.260789,on bike mount,cyclo cross,True,asphalt,excellent
f4ee5635-8bf4-4b5a-96e4-b3a42f385893,9db56515-6f33-456c-aa7e-2f4454b29a45,9c490d36-5f34-43d5-b8c9-9330518721f3,1633169250860,14.3046755,52.2677607,6.5667176,1.8119293,1.3012161,0.7860422,on bike mount,cyclo cross,True,asphalt,excellent
f4ee5635-8bf4-4b5a-96e4-b3a42f385893,9db56515-6f33-456c-aa7e-2f4454b29a45,84d3917e-8d24-4af4-9241-57508e76dffa,1633169250910,14.3046755,52.2677607,6.5667176,0.9771408,2.5604157,-0.83806086,on bike mount,cyclo cross,True,asphalt,excellent
f4ee5635-8bf4-4b5a-96e4-b3a42f385893,9db56515-6f33-456c-aa7e-2f4454b29a45,9e0e8248-79bb-49f0-92b7-0152bab75a2c,1633169250960,14.3047844,52.2677684,6.616709,-1.7199941,-0.07249761,1.5202236,on bike mount,cyclo cross,True,asphalt,excellent
f4ee5635-8bf4-4b5a-96e4-b3a42f385893,9db56515-6f33-456c-aa7e-2f4454b29a45,f75f3837-4fd6-49ca-b6b6-c00a3eeff432,1633169251010,14.3047844,52.2677684,6.616709,-0.85981566,1.4603128,-0.9158411,on bike mount,cyclo cross,True,asphalt,excellent
f4ee5635-8bf4-4b5a-96e4-b3a42f385893,9db56515-6f33-456c-aa7e-2f4454b29a45,8fca61e4-84b8-4fb6-b6c6-34ff7f367b7d,1633169251082,14.3047844,52.2677684,6.616709,0.16845399,1.7460036,-1.9361424,on bike mount,cyclo cross,True,asphalt,excellent
f4ee5635-8bf4-4b5a-96e4-b3a42f385893,9db56515-6f33-456c-aa7e-2f4454b29a45,688d9685-b67b-4809-afdc-1740e512bbfa,1633169251132,14.3047844,52.2677684,6.616709,-0.28607842,0.4652183,-1.268888,on bike mount,cyclo cross,True,asphalt,excellent
f4ee5635-8bf4-4b5a-96e4-b3a42f385893,9db56515-6f33-456c-aa7e-2f4454b29a45,01cc4784-0a28-4625-b6ef-954e2dc0c19f,1633169251182,14.3047844,52.2677684,6.616709,0.114849344,-2.0572195,-1.1462364,on bike mount,cyclo cross,True,asphalt,excellent
f4ee5635-8bf4-4b5a-96e4-b3a42f385893,9db56515-6f33-456c-aa7e-2f4454b29a45,14d18d36-1798-4b8f-83cb-5bf1dfd2de00,1633169251232,14.3047844,52.2677684,6.616709,-0.5044382,-1.5615544,0.46806622,on bike mount,cyclo cross,True,asphalt,excellent
f4ee5635-8bf4-4b5a-96e4-b3a42f385893,9db56515-6f33-456c-aa7e-2f4454b29a45,fd626bcc-a51c-4d5e-aafc-1ffa72773943,1633169251281,14.3047844,52.2677684,6.616709,-0.9793489,1.3081312,-0.17921543,on bike mount,cyclo cross,True,asphalt,excellent
f4ee5635-8bf4-4b5a-96e4-b3a42f385893,9db56515-6f33-456c-aa7e-2f4454b29a45,a336f3fd-d2d5-4a2a-a5d5-1af09537de57,1633169251331,14.3047844,52.2677684,6.616709,-0.40079075,-2.9486775,1.5042639,on bike mount,cyclo cross,True,asphalt,excellent
f4ee5635-8bf4-4b5a-96e4-b3a42f385893,9db56515-6f33-456c-aa7e-2f4454b29a45,b296acbf-b469-44ba-a531-41348ffbccd2,1633169251381,14.3047844,52.2677684,6.616709,0.12421581,0.8630729,-0.3557682,on bike mount,cyclo cross,True,asphalt,excellent
f4ee5635-8bf4-4b5a-96e4-b3a42f385893,9db56515-6f33-456c-aa7e-2f4454b29a45,a98d9417-25cd-4209-a749-4a392979d97b,1633169251431,14.3047844,52.2677684,6.616709,-1.2203459,-0.34008694,-0.31482887,on bike mount,cyclo cross,True,asphalt,excellent
f4ee5635-8bf4-4b5a-96e4-b3a42f385893,9db56515-6f33-456c-aa7e-2f4454b29a45,cab3b882-3a84-47a2-af98-61d5d836f0c8,1633169251507,14.3047844,52.2677684,6.616709,-0.6159079,0.04668784,0.42737007,on bike mount,cyclo cross,True,asphalt,excellent
f4ee5635-8bf4-4b5a-96e4-b3a42f385893,9db56515-6f33-456c-aa7e-2f4454b29a45,efb982c4-efd0-460d-87a6-b3f0650eaa59,1633169251557,14.3047844,52.2677684,6.616709,0.6205937,-1.3278402,-0.04384613,on bike mount,cyclo cross,True,asphalt,excellent
f4ee5635-8bf4-4b5a-96e4-b3a42f385893,9db56515-6f33-456c-aa7e-2f4454b29a45,17e22b26-e2fb-403c-ab99-39c2e95ad57c,1633169251607,14.3047844,52.2677684,6.616709,-0.18928137,-1.6669911,-0.2862873,on bike mount,cyclo cross,True,asphalt,excellent
f4ee5635-8bf4-4b5a-96e4-b3a42f385893,9db56515-6f33-456c-aa7e-2f4454b29a45,9a4caba2-a7c2-4c70-a2ae-7e6ed97f6056,1633169251657,14.3047844,52.2677684,6.616709,0.8325911,1.2236137,-0.916234,on bike mount,cyclo cross,True,asphalt,excellent
f4ee5635-8bf4-4b5a-96e4-b3a42f385893,9db56515-6f33-456c-aa7e-2f4454b29a45,e34e36c3-b0bc-4ff2-b82c-f2ff814ea0b6,1633169251707,14.3047844,52.2677684,6.616709,0.4052615,0.92525864,0.2983904,on bike mount,cyclo cross,True,asphalt,excellent
f4ee5635-8bf4-4b5a-96e4-b3a42f385893,9db56515-6f33-456c-aa7e-2f4454b29a45,e2ccf82e-ba9e-484d-a385-a5ba322c559a,1633169251758,14.3047844,52.2677684,6.616709,-0.6685693,-1.5070579,0.74956226,on bike mount,cyclo cross,True,asphalt,excellent
f4ee5635-8bf4-4b5a-96e4-b3a42f385893,9db56515-6f33-456c-aa7e-2f4454b29a45,5fb3eb68-87b1-4de8-acc3-a4c1610ae0f8,1633169251808,14.3047844,52.2677684,6.616709,1.3677964,-1.1586926,-1.1293473,on bike mount,cyclo cross,True,asphalt,excellent
f4ee5635-8bf4-4b5a-96e4-b3a42f385893,9db56515-6f33-456c-aa7e-2f4454b29a45,604e8dde-a1cf-4199-bbfc-3306d865ad9d,1633169251858,14.3047844,52.2677684,6.616709,-0.38881946,0.40231204,0.8905897,on bike mount,cyclo cross,True,asphalt,excellent
f4ee5635-8bf4-4b5a-96e4-b3a42f385893,9db56515-6f33-456c-aa7e-2f4454b29a45,9239220d-d092-46b2-9c84-8d9ac604aece,1633169251939,14.3047844,52.2677684,6.616709,1.1740637,-0.65624285,-0.33097744,on bike mount,cyclo cross,True,asphalt,excellent
f4ee5635-8bf4-4b5a-96e4-b3a42f385893,9db56515-6f33-456c-aa7e-2f4454b29a45,258624c7-d68f-450f-a858-00509743ffa9,1633169251989,14.3048957,52.267775,6.670693,0.3767202,0.82153463,0.26821423,on bike mount,cyclo cross,True,asphalt,excellent
f4ee5635-8bf4-4b5a-96e4-b3a42f385893,9db56515-6f33-456c-aa7e-2f4454b29a45,65d3c271-d840-417b-98f1-5b76775f8af8,1633169252039,14.3048957,52.267775,6.670693,-0.9130281,1.2817452,1.3595219,on bike mount,cyclo cross,True,asphalt,excellent
f4ee5635-8bf4-4b5a-96e4-b3a42f385893,9db56515-6f33-456c-aa7e-2f4454b29a45,bdd329a7-c956-4d12-85f7-04e4a7d64a50,1633169252115,14.3048957,52.267775,6.670693,-0.043365598,-0.39414287,0.62305355,on bike mount,cyclo cross,True,asphalt,excellent
f4ee5635-8bf4-4b5a-96e4-b3a42f385893,9db56515-6f33-456c-aa7e-2f4454b29a45,a73d504c-5d43-440e-87e4-501bafb5124f,1633169252166,14.3048957,52.267775,6.670693,-1.3518218,-1.6670042,-0.12538433,on bike mount,cyclo cross,True,asphalt,excellent
f4ee5635-8bf4-4b5a-96e4-b3a42f385893,9db56515-6f33-456c-aa7e-2f4454b29a45,991f1c3c-3a19-4668-ba09-df86bd2f770a,1633169252215,14.3048957,52.267775,6.670693,-0.724116,-0.6975703,1.7054138,on bike mount,cyclo cross,True,asphalt,excellent
f4ee5635-8bf4-4b5a-96e4-b3a42f385893,9db56515-6f33-456c-aa7e-2f4454b29a45,620a7e9b-07bd-41f1-8cef-82fabfe1d33c,1633169252265,14.3048957,52.267775,6.670693,0.54913104,-0.04897356,-0.012827873,on bike mount,cyclo cross,True,asphalt,excellent
f4ee5635-8bf4-4b5a-96e4-b3a42f385893,9db56515-6f33-456c-aa7e-2f4454b29a45,86ed905a-7171-40e1-9902-5a9454e98e69,1633169252315,14.3048957,52.267775,6.670693,0.2600457,-0.1083591,0.5072508,on bike mount,cyclo cross,True,asphalt,excellent
f4ee5635-8bf4-4b5a-96e4-b3a42f385893,9db56515-6f33-456c-aa7e-2f4454b29a45,61b8b1ac-a14f-4302-a829-d02fdb18f4c7,1633169252420,14.3048957,52.267775,6.670693,0.08383359,2.3127315,-1.0833311,on bike mount,cyclo cross,True,asphalt,excellent
f4ee5635-8bf4-4b5a-96e4-b3a42f385893,9db56515-6f33-456c-aa7e-2f4454b29a45,63b94ae2-4143-4b36-934b-28aecccafeef,1633169252471,14.3048957,52.267775,6.670693,0.16075726,0.3544252,1.2343216,on bike mount,cyclo cross,True,asphalt,excellent
f4ee5635-8bf4-4b5a-96e4-b3a42f385893,9db56515-6f33-456c-aa7e-2f4454b29a45,c23b6ccb-0025-4ffe-a6e2-d75228d93189,1633169252521,14.3048957,52.267775,6.670693,0.5340275,-0.8588369,0.15049362,on bike mount,cyclo cross,True,asphalt,excellent
f4ee5635-8bf4-4b5a-96e4-b3a42f385893,9db56515-6f33-456c-aa7e-2f4454b29a45,d3a3ab78-8a92-458d-b0b8-78a764e91eeb,1633169252602,14.3048957,52.267775,6.670693,-0.34016353,-0.011187553,2.0495787,on bike mount,cyclo cross,True,asphalt,excellent
f4ee5635-8bf4-4b5a-96e4-b3a42f385893,9db56515-6f33-456c-aa7e-2f4454b29a45,84ea7417-23a3-485d-b54a-963b889c8858,1633169252652,14.3048957,52.267775,6.670693,-0.0056079626,-1.4768633,-0.028939247,on bike mount,cyclo cross,True,asphalt,excellent
f4ee5635-8bf4-4b5a-96e4-b3a42f385893,9db56515-6f33-456c-aa7e-2f4454b29a45,f8845e1e-093c-45e8-8ce6-53262bcc9cba,1633169252702,14.3048957,52.267775,6.670693,0.69228953,-0.060268402,-3.5898104,on bike mount,cyclo cross,True,asphalt,excellent
f4ee5635-8bf4-4b5a-96e4-b3a42f385893,9db56515-6f33-456c-aa7e-2f4454b29a45,2d2029eb-5a7f-4299-9715-bdf4bf7edaab,1633169252752,14.3048957,52.267775,6.670693,-0.058315054,-0.10197353,-0.36808968,on bike mount,cyclo cross,True,asphalt,excellent
f4ee5635-8bf4-4b5a-96e4-b3a42f385893,9db56515-6f33-456c-aa7e-2f4454b29a45,0c281679-c602-4f0b-b5f7-a1a4004f7f32,1633169252802,14.3048957,52.267775,6.670693,-1.1870893,0.17096257,-1.100987,on bike mount,cyclo cross,True,asphalt,excellent
f4ee5635-8bf4-4b5a-96e4-b3a42f385893,9db56515-6f33-456c-aa7e-2f4454b29a45,fb8b1bcd-4534-45ba-aee4-2f41a47124cd,1633169252852,14.3048957,52.267775,6.670693,-0.6574167,1.3634942,-2.0734982,on bike mount,cyclo cross,True,asphalt,excellent
f4ee5635-8bf4-4b5a-96e4-b3a42f385893,9db56515-6f33-456c-aa7e-2f4454b29a45,6aa31d10-a81c-4225-8507-d1645f1313be,1633169252902,14.3048957,52.267775,6.670693,0.26246023,-0.758059,1.8159571,on bike mount,cyclo cross,True,asphalt,excellent
f4ee5635-8bf4-4b5a-96e4-b3a42f385893,9db56515-6f33-456c-aa7e-2f4454b29a45,0a03f7fe-9d26-443e-827a-308efbf2ad61,1633169252952,14.3050027,52.2677812,6.675496,0.28897327,-1.6220396,-0.46481037,on bike mount,cyclo cross,True,asphalt,excellent
f4ee5635-8bf4-4b5a-96e4-b3a42f385893,9db56515-6f33-456c-aa7e-2f4454b29a45,7f4c526e-cc0d-4c6b-86bb-c94c5bcc3c9e,1633169253002,14.3050027,52.2677812,6.675496,-1.0419874,1.7989864,1.6917963,on bike mount,cyclo cross,True,asphalt,excellent
f4ee5635-8bf4-4b5a-96e4-b3a42f385893,9db56515-6f33-456c-aa7e-2f4454b29a45,4c51b861-6b2f-4e0e-8ea3-f89afb4ef4d5,1633169253052,14.3050027,52.2677812,6.675496,-0.33737648,0.31554437,-0.9917717,on bike mount,cyclo cross,True,asphalt,excellent
f4ee5635-8bf4-4b5a-96e4-b3a42f385893,9db56515-6f33-456c-aa7e-2f4454b29a45,d25ae013-4d12-4b4f-aa8b-f2289197bbd0,1633169253102,14.3050027,52.2677812,6.675496,-0.23533009,-0.72854066,-0.79308414,on bike mount,cyclo cross,True,asphalt,excellent
f4ee5635-8bf4-4b5a-96e4-b3a42f385893,9db56515-6f33-456c-aa7e-2f4454b29a45,b9c1a45d-e0a0-43a2-bde0-d4da12e1a030,1633169253152,14.3050027,52.2677812,6.675496,-0.58513075,0.95767236,-1.6824574,on bike mount,cyclo cross,True,asphalt,excellent
f4ee5635-8bf4-4b5a-96e4-b3a42f385893,9db56515-6f33-456c-aa7e-2f4454b29a45,820acf77-7695-4def-838c-1da94b56c507,1633169253204,14.3050027,52.2677812,6.675496,-1.5550016,-0.17185116,2.1607046,on bike mount,cyclo cross,True,asphalt,excellent
f4ee5635-8bf4-4b5a-96e4-b3a42f385893,9db56515-6f33-456c-aa7e-2f4454b29a45,5346104d-dd09-4ea3-8b5b-75e732b9501a,1633169253255,14.3050027,52.2677812,6.675496,0.18773946,-0.926803,-0.038989067,on bike mount,cyclo cross,True,asphalt,excellent
f4ee5635-8bf4-4b5a-96e4-b3a42f385893,9db56515-6f33-456c-aa7e-2f4454b29a45,4a5c3ce6-4ff5-4e26-9c0e-be62dd8d1e1b,1633169253304,14.3050027,52.2677812,6.675496,0.72803843,-1.5048254,-1.4555459,on bike mount,cyclo cross,True,asphalt,excellent
f4ee5635-8bf4-4b5a-96e4-b3a42f385893,9db56515-6f33-456c-aa7e-2f4454b29a45,cff20043-491d-494a-afa1-0f8fdbfca347,1633169253354,14.3050027,52.2677812,6.675496,0.16286081,-0.54988813,1.2521391,on bike mount,cyclo cross,True,asphalt,excellent
f4ee5635-8bf4-4b5a-96e4-b3a42f385893,9db56515-6f33-456c-aa7e-2f4454b29a45,745b134d-1426-4c43-b374-21dc38f2afd5,1633169253404,14.3050027,52.2677812,6.675496,-0.24706629,-1.6705884,1.5222445,on bike mount,cyclo cross,True,asphalt,excellent
f4ee5635-8bf4-4b5a-96e4-b3a42f385893,9db56515-6f33-456c-aa7e-2f4454b29a45,d1951f22-ef64-47eb-9eff-45d6962bd4c6,1633169253486,14.3050027,52.2677812,6.675496,-0.26538652,-0.031760454,-0.2435894,on bike mount,cyclo cross,True,asphalt,excellent
f4ee5635-8bf4-4b5a-96e4-b3a42f385893,9db56515-6f33-456c-aa7e-2f4454b29a45,db9977cc-4cd3-43c6-8b3c-1848797c050d,1633169253536,14.3050027,52.2677812,6.675496,0.29301882,-1.7101259,-0.77726936,on bike mount,cyclo cross,True,asphalt,excellent
f4ee5635-8bf4-4b5a-96e4-b3a42f385893,9db56515-6f33-456c-aa7e-2f4454b29a45,6ac1c164-6c24-40e5-a7c1-4c24ea26d435,1633169253586,14.3050027,52.2677812,6.675496,-0.70739365,-0.9979,1.3093576,on bike mount,cyclo cross,True,asphalt,excellent
f4ee5635-8bf4-4b5a-96e4-b3a42f385893,9db56515-6f33-456c-aa7e-2f4454b29a45,cbdd2593-f00b-4e51-b77c-be747db20365,1633169253650,14.3050027,52.2677812,6.675496,0.7914883,-0.8184128,-0.20634174,on bike mount,cyclo cross,True,asphalt,excellent
f4ee5635-8bf4-4b5a-96e4-b3a42f385893,9db56515-6f33-456c-aa7e-2f4454b29a45,5106adf3-b4ec-4fc2-90a8-365faea4cca1,1633169253701,14.3050027,52.2677812,6.675496,-0.70194054,3.049941,-2.1144576,on bike mount,cyclo cross,True,asphalt,excellent
f4ee5635-8bf4-4b5a-96e4-b3a42f385893,9db56515-6f33-456c-aa7e-2f4454b29a45,b51f80c1-76a7-417c-8fcb-2b1ca1c127bb,1633169253778,14.3050027,52.2677812,6.675496,-0.8097239,0.9372721,-0.54460907,on bike mount,cyclo cross,True,asphalt,excellent
f4ee5635-8bf4-4b5a-96e4-b3a42f385893,9db56515-6f33-456c-aa7e-2f4454b29a45,1fe0b359-02f8-42bc-b07f-3e4d970cf7df,1633169253829,14.3050027,52.2677812,6.675496,-0.29319316,0.59062743,0.40356827,on bike mount,cyclo cross,True,asphalt,excellent
f4ee5635-8bf4-4b5a-96e4-b3a42f385893,9db56515-6f33-456c-aa7e-2f4454b29a45,f5cb8ab2-7149-427a-b9f1-f455da3bb421,1633169253879,14.3050027,52.2677812,6.675496,0.8841958,-0.822098,0.49197674,on bike mount,cyclo cross,True,asphalt,excellent
f4ee5635-8bf4-4b5a-96e4-b3a42f385893,9db56515-6f33-456c-aa7e-2f4454b29a45,b99d5d38-68d9-4675-ad83-7a09f594ffd9,1633169253932,14.3050027,52.2677812,6.675496,-0.3864479,1.3621347,0.15424538,on bike mount,cyclo cross,True,asphalt,excellent
f4ee5635-8bf4-4b5a-96e4-b3a42f385893,9db56515-6f33-456c-aa7e-2f4454b29a45,69788c0b-cad8-449d-bf78-9099443277ee,1633169253982,14.3051106,52.2677879,6.721432,-0.22660112,-1.1754352,-1.0883002,on bike mount,cyclo cross,True,asphalt,excellent
f4ee5635-8bf4-4b5a-96e4-b3a42f385893,9db56515-6f33-456c-aa7e-2f4454b29a45,298dc9bc-fac5-4ecb-b596-4dcd0f99b533,1633169254032,14.3051106,52.2677879,6.721432,-0.6689572,-1.7864082,2.5667,on bike mount,cyclo cross,True,asphalt,excellent
f4ee5635-8bf4-4b5a-96e4-b3a42f385893,baf8b6bf-ad23-4583-9e97-947f05e2c773,47d51106-4cfd-473a-8583-8433bdd373de,1633169252350,14.3048957,52.267775,6.670693,0.8087734,-0.19801354,0.041775703,on bike mount,cyclo cross,True,asphalt,excellent
f4ee5635-8bf4-4b5a-96e4-b3a42f385893,baf8b6bf-ad23-4583-9e97-947f05e2c773,6b7eade0-7b76-4085-926f-732c761832d0,1633169252421,14.3048957,52.267775,6.670693,0.08383359,2.3127315,-1.0833311,on bike mount,cyclo cross,True,asphalt,excellent
f4ee5635-8bf4-4b5a-96e4-b3a42f385893,baf8b6bf-ad23-4583-9e97-947f05e2c773,f0150520-1639-4b07-a62e-e3ed28768d10,1633169252471,14.3048957,52.267775,6.670693,0.16075726,0.3544252,1.2343216,on bike mount,cyclo cross,True,asphalt,excellent
f4ee5635-8bf4-4b5a-96e4-b3a42f385893,baf8b6bf-ad23-4583-9e97-947f05e2c773,73e398fe-2851-4a05-9cbf-e274c6b270b4,1633169252521,14.3048957,52.267775,6.670693,0.5340275,-0.8588369,0.15049362,on bike mount,cyclo cross,True,asphalt,excellent
f4ee5635-8bf4-4b5a-96e4-b3a42f385893,baf8b6bf-ad23-4583-9e97-947f05e2c773,18e4a35d-859c-472c-a562-25cb0deee2b6,1633169252603,14.3048957,52.267775,6.670693,-0.34016353,-0.011187553,2.0495787,on bike mount,cyclo cross,True,asphalt,excellent
f4ee5635-8bf4-4b5a-96e4-b3a42f385893,baf8b6bf-ad23-4583-9e97-947f05e2c773,912833c9-d1f0-44d3-a28a-b8031b4b39ab,1633169252652,14.3048957,52.267775,6.670693,0.63893914,-2.7926896,0.6562071,on bike mount,cyclo cross,True,asphalt,excellent
f4ee5635-8bf4-4b5a-96e4-b3a42f385893,baf8b6bf-ad23-4583-9e97-947f05e2c773,cbdbd12b-15d3-434a-a772-cd6f3e8ad03d,1633169252703,14.3048957,52.267775,6.670693,0.69228953,-0.060268402,-3.5898104,on bike mount,cyclo cross,True,asphalt,excellent
f4ee5635-8bf4-4b5a-96e4-b3a42f385893,baf8b6bf-ad23-4583-9e97-947f05e2c773,4912ad0d-03bb-495d-a66b-05850ed35553,1633169252753,14.3048957,52.267775,6.670693,-0.058315054,-0.10197353,-0.36808968,on bike mount,cyclo cross,True,asphalt,excellent
f4ee5635-8bf4-4b5a-96e4-b3a42f385893,baf8b6bf-ad23-4583-9e97-947f05e2c773,7f2bb966-16ab-4dc7-be2c-59e3ffbb0e4c,1633169252803,14.3048957,52.267775,6.670693,-1.1870893,0.17096257,-1.100987,on bike mount,cyclo cross,True,asphalt,excellent
f4ee5635-8bf4-4b5a-96e4-b3a42f385893,baf8b6bf-ad23-4583-9e97-947f05e2c773,1754b34e-232c-432f-a6ce-c52769ee1eeb,1633169252852,14.3048957,52.267775,6.670693,-0.7908733,0.22794366,0.045344353,on bike mount,cyclo cross,True,asphalt,excellent
f4ee5635-8bf4-4b5a-96e4-b3a42f385893,baf8b6bf-ad23-4583-9e97-947f05e2c773,8aa85c90-b2db-4983-9ee8-562086a7a296,1633169252903,14.3048957,52.267775,6.670693,0.26246023,-0.758059,1.8159571,on bike mount,cyclo cross,True,asphalt,excellent
f4ee5635-8bf4-4b5a-96e4-b3a42f385893,baf8b6bf-ad23-4583-9e97-947f05e2c773,958685ea-6065-4dea-9dd0-92e7cf492d73,1633169252953,14.3050027,52.2677812,6.675496,0.28897327,-1.6220396,-0.46481037,on bike mount,cyclo cross,True,asphalt,excellent
f4ee5635-8bf4-4b5a-96e4-b3a42f385893,baf8b6bf-ad23-4583-9e97-947f05e2c773,bf155911-869f-437f-9dba-201491a0232b,1633169253003,14.3050027,52.2677812,6.675496,-1.0419874,1.7989864,1.6917963,on bike mount,cyclo cross,True,asphalt,excellent
f4ee5635-8bf4-4b5a-96e4-b3a42f385893,baf8b6bf-ad23-4583-9e97-947f05e2c773,cc37ee74-e766-4b47-956d-395b3d825108,1633169253054,14.3050027,52.2677812,6.675496,-0.78828275,0.31759238,-1.3726449,on bike mount,cyclo cross,True,asphalt,excellent
f4ee5635-8bf4-4b5a-96e4-b3a42f385893,baf8b6bf-ad23-4583-9e97-947f05e2c773,c730cc38-68c9-4ab0-be34-ab7c328fafbd,1633169253104,14.3050027,52.2677812,6.675496,-0.5147959,-1.2392765,1.2405777,on bike mount,cyclo cross,True,asphalt,excellent
f4ee5635-8bf4-4b5a-96e4-b3a42f385893,baf8b6bf-ad23-4583-9e97-947f05e2c773,1c2891a0-9870-44a0-b5a8-34e841d50c69,1633169253154,14.3050027,52.2677812,6.675496,-0.58513075,0.95767236,-1.6824574,on bike mount,cyclo cross,True,asphalt,excellent
f4ee5635-8bf4-4b5a-96e4-b3a42f385893,baf8b6bf-ad23-4583-9e97-947f05e2c773,c717fe81-719c-4a83-aa75-e8b6200d7d48,1633169253204,14.3050027,52.2677812,6.675496,-1.712181,-2.787092,3.3321304,on bike mount,cyclo cross,True,asphalt,excellent
f4ee5635-8bf4-4b5a-96e4-b3a42f385893,baf8b6bf-ad23-4583-9e97-947f05e2c773,41741e0f-e4b2-4660-be62-9cac24643ee1,1633169253255,14.3050027,52.2677812,6.675496,0.2918233,1.1264508,-1.684052,on bike mount,cyclo cross,True,asphalt,excellent
f4ee5635-8bf4-4b5a-96e4-b3a42f385893,baf8b6bf-ad23-4583-9e97-947f05e2c773,5d4dfe02-3b5b-44c0-b0a4-3059f55861f4,1633169253305,14.3050027,52.2677812,6.675496,0.20901316,0.74139667,-0.03135395,on bike mount,cyclo cross,True,asphalt,excellent
f4ee5635-8bf4-4b5a-96e4-b3a42f385893,baf8b6bf-ad23-4583-9e97-947f05e2c773,427d2235-35ef-4161-9641-ed769ab6d5d3,1633169253355,14.3050027,52.2677812,6.675496,-0.8289244,-0.40095592,-0.18986607,on bike mount,cyclo cross,True,asphalt,excellent
f4ee5635-8bf4-4b5a-96e4-b3a42f385893,baf8b6bf-ad23-4583-9e97-947f05e2c773,c85c613c-084e-4933-a4ee-72d2bd02b04c,1633169253405,14.3050027,52.2677812,6.675496,-0.80323,0.62350965,2.0509434,on bike mount,cyclo cross,True,asphalt,excellent
f4ee5635-8bf4-4b5a-96e4-b3a42f385893,baf8b6bf-ad23-4583-9e97-947f05e2c773,3d0d0dcd-df17-4202-9aa0-8174cbf7bc86,1633169253486,14.3050027,52.2677812,6.675496,-0.26538652,-0.031760454,-0.2435894,on bike mount,cyclo cross,True,asphalt,excellent
f4ee5635-8bf4-4b5a-96e4-b3a42f385893,baf8b6bf-ad23-4583-9e97-947f05e2c773,56d58c50-fc25-4523-bf46-fffb49827beb,1633169253536,14.3050027,52.2677812,6.675496,0.29301882,-1.7101259,-0.77726936,on bike mount,cyclo cross,True,asphalt,excellent
f4ee5635-8bf4-4b5a-96e4-b3a42f385893,baf8b6bf-ad23-4583-9e97-947f05e2c773,2f5a10a0-9d58-408c-812e-932a86facd5b,1633169253586,14.3050027,52.2677812,6.675496,-0.70739365,-0.9979,1.3093576,on bike mount,cyclo cross,True,asphalt,excellent
f4ee5635-8bf4-4b5a-96e4-b3a42f385893,baf8b6bf-ad23-4583-9e97-947f05e2c773,6ef12c41-ca05-4e1f-99c3-5d09f712ec78,1633169253651,14.3050027,52.2677812,6.675496,0.7914883,-0.8184128,-0.20634174,on bike mount,cyclo cross,True,asphalt,excellent
f4ee5635-8bf4-4b5a-96e4-b3a42f385893,baf8b6bf-ad23-4583-9e97-947f05e2c773,599df265-45de-4230-ad10-c2708749cf77,1633169253701,14.3050027,52.2677812,6.675496,-0.70194054,3.049941,-2.1144576,on bike mount,cyclo cross,True,asphalt,excellent
f4ee5635-8bf4-4b5a-96e4-b3a42f385893,baf8b6bf-ad23-4583-9e97-947f05e2c773,6ee2d587-b008-4547-83bc-338616711358,1633169253779,14.3050027,52.2677812,6.675496,-0.8097239,0.9372721,-0.54460907,on bike mount,cyclo cross,True,asphalt,excellent
f4ee5635-8bf4-4b5a-96e4-b3a42f385893,baf8b6bf-ad23-4583-9e97-947f05e2c773,dce4e229-2bb5-48e7-9493-2724a38b35ef,1633169253828,14.3050027,52.2677812,6.675496,0.33358714,-0.69001985,1.7662783,on bike mount,cyclo cross,True,asphalt,excellent
f4ee5635-8bf4-4b5a-96e4-b3a42f385893,baf8b6bf-ad23-4583-9e97-947f05e2c773,53fffda8-4a64-41e3-bdb0-4c790f28bcd4,1633169253878,14.3050027,52.2677812,6.675496,0.8841958,-0.822098,0.49197674,on bike mount,cyclo cross,True,asphalt,excellent
f4ee5635-8bf4-4b5a-96e4-b3a42f385893,baf8b6bf-ad23-4583-9e97-947f05e2c773,4ba5c796-913f-4018-bc57-d08326609b2b,1633169253932,14.3050027,52.2677812,6.675496,-0.3864479,1.3621347,0.15424538,on bike mount,cyclo cross,True,asphalt,excellent
f4ee5635-8bf4-4b5a-96e4-b3a42f385893,baf8b6bf-ad23-4583-9e97-947f05e2c773,fe7bb6fd-d72a-4202-ae39-4c1501f98165,1633169253982,14.3051106,52.2677879,6.721432,-0.22660112,-1.1754352,-1.0883002,on bike mount,cyclo cross,True,asphalt,excellent
f4ee5635-8bf4-4b5a-96e4-b3a42f385893,baf8b6bf-ad23-4583-9e97-947f05e2c773,530b2f4a-e916-41ce-a9f4-7b183c9849f4,1633169254031,14.3051106,52.2677879,6.721432,0.28967836,0.7541516,3.2227478,on bike mount,cyclo cross,True,asphalt,excellent
f4ee5635-8bf4-4b5a-96e4-b3a42f385893,baf8b6bf-ad23-4583-9e97-947f05e2c773,88fe5b20-5ee7-42d1-a005-4d658e114e3f,1633169254081,14.3051106,52.2677879,6.721432,2.4273262,0.635129,-1.7390041,on bike mount,cyclo cross,True,asphalt,excellent
f4ee5635-8bf4-4b5a-96e4-b3a42f385893,baf8b6bf-ad23-4583-9e97-947f05e2c773,fc0ec19b-831d-467a-ae17-86405c70196f,1633169254131,14.3051106,52.2677879,6.721432,2.6152894,-2.203208,-0.28129005,on bike mount,cyclo cross,True,asphalt,excellent
f4ee5635-8bf4-4b5a-96e4-b3a42f385893,baf8b6bf-ad23-4583-9e97-947f05e2c773,125b6cf5-4eed-41d7-8e09-3d5704ad73fb,1633169254181,14.3051106,52.2677879,6.721432,0.7705978,-1.7427427,-2.8542752,on bike mount,cyclo cross,True,asphalt,excellent
f4ee5635-8bf4-4b5a-96e4-b3a42f385893,baf8b6bf-ad23-4583-9e97-947f05e2c773,7a1beb49-965f-4583-9232-9c10800f39cb,1633169254231,14.3051106,52.2677879,6.721432,0.23699687,-0.22316575,2.2427626,on bike mount,cyclo cross,True,asphalt,excellent
f4ee5635-8bf4-4b5a-96e4-b3a42f385893,baf8b6bf-ad23-4583-9e97-947f05e2c773,37174d9d-cfd3-4d99-9ffa-da1155521dd2,1633169254281,14.3051106,52.2677879,6.721432,0.6366426,0.0069417953,-0.2796316,on bike mount,cyclo cross,True,asphalt,excellent
f4ee5635-8bf4-4b5a-96e4-b3a42f385893,baf8b6bf-ad23-4583-9e97-947f05e2c773,9b888d08-44b5-4d48-8d3b-da3245eae85c,1633169254331,14.3051106,52.2677879,6.721432,-0.45769054,0.41795015,0.9331665,on bike mount,cyclo cross,True,asphalt,excellent
f4ee5635-8bf4-4b5a-96e4-b3a42f385893,baf8b6bf-ad23-4583-9e97-947f05e2c773,09582f90-c984-49b4-bfbd-55ff59772656,1633169254381,14.3051106,52.2677879,6.721432,0.16161689,0.11304307,1.0831127,on bike mount,cyclo cross,True,asphalt,excellent
f4ee5635-8bf4-4b5a-96e4-b3a42f385893,baf8b6bf-ad23-4583-9e97-947f05e2c773,1ce0e0e0-8698-45bf-83f7-2def3445e47e,1633169254431,14.3051106,52.2677879,6.721432,-1.1439594,0.94818735,0.6425419,on bike mount,cyclo cross,True,asphalt,excellent
f4ee5635-8bf4-4b5a-96e4-b3a42f385893,baf8b6bf-ad23-4583-9e97-947f05e2c773,d186c13e-d5e0-4fbe-896c-08f00c3cc042,1633169254483,14.3051106,52.2677879,6.721432,0.9920764,0.9722128,-1.1019683,on bike mount,cyclo cross,True,asphalt,excellent
f4ee5635-8bf4-4b5a-96e4-b3a42f385893,baf8b6bf-ad23-4583-9e97-947f05e2c773,52a62d4d-90f8-4f28-8b7d-b78eeee07e7c,1633169254532,14.3051106,52.2677879,6.721432,0.5009562,-0.20257044,0.87241554,on bike mount,cyclo cross,True,asphalt,excellent
f4ee5635-8bf4-4b5a-96e4-b3a42f385893,baf8b6bf-ad23-4583-9e97-947f05e2c773,1ab16265-683f-4e34-ae87-9d4eee0b577a,1633169254583,14.3051106,52.2677879,6.721432,-0.07182491,-0.7520919,-1.7381654,on bike mount,cyclo cross,True,asphalt,excellent
f4ee5635-8bf4-4b5a-96e4-b3a42f385893,baf8b6bf-ad23-4583-9e97-947f05e2c773,09da8f37-3b29-4a8e-861e-6522ce9d5ebb,1633169254658,14.3051106,52.2677879,6.721432,0.23461705,-0.27107596,-0.9938235,on bike mount,cyclo cross,True,asphalt,excellent
f4ee5635-8bf4-4b5a-96e4-b3a42f385893,baf8b6bf-ad23-4583-9e97-947f05e2c773,0a07c2c1-f8ed-4544-9e03-07541c524b54,1633169254708,14.3051106,52.2677879,6.721432,0.33757123,-0.01467061,0.644145,on bike mount,cyclo cross,True,asphalt,excellent
f4ee5635-8bf4-4b5a-96e4-b3a42f385893,baf8b6bf-ad23-4583-9e97-947f05e2c773,809cc350-ecff-4c26-bc9c-7b6357366b82,1633169254758,14.3051106,52.2677879,6.721432,0.19094646,-3.1394315,1.3723259,on bike mount,cyclo cross,True,asphalt,excellent
f4ee5635-8bf4-4b5a-96e4-b3a42f385893,baf8b6bf-ad23-4583-9e97-947f05e2c773,dc1927b4-4849-40be-8080-9c65517dfbca,1633169254809,14.3051106,52.2677879,6.721432,-0.4529422,-0.42280543,0.6206732,on bike mount,cyclo cross,True,asphalt,excellent
f4ee5635-8bf4-4b5a-96e4-b3a42f385893,baf8b6bf-ad23-4583-9e97-947f05e2c773,f6bd680d-d187-47c7-a80c-2a80363a65af,1633169254859,14.3051106,52.2677879,6.721432,3.168214,0.1160357,-1.0422306,on bike mount,cyclo cross,True,asphalt,excellent
f4ee5635-8bf4-4b5a-96e4-b3a42f385893,baf8b6bf-ad23-4583-9e97-947f05e2c773,8d4c2883-ef65-4957-8c15-0e8b80c6392d,1633169254909,14.3051106,52.2677879,6.721432,1.7816868,-0.2869668,-1.2180147,on bike mount,cyclo cross,True,asphalt,excellent
f4ee5635-8bf4-4b5a-96e4-b3a42f385893,baf8b6bf-ad23-4583-9e97-947f05e2c773,910f7c57-ef98-43bf-aa32-c5b465e68533,1633169254964,14.3052172,52.2677955,6.7533174,-0.7560843,0.21682572,1.2059059,on bike mount,cyclo cross,True,asphalt,excellent
f4ee5635-8bf4-4b5a-96e4-b3a42f385893,baf8b6bf-ad23-4583-9e97-947f05e2c773,bb67f11b-7f59-4075-a4ad-fdf5a517def6,1633169255014,14.3052172,52.2677955,6.7533174,1.3650327,-1.199049,-1.2795606,on bike mount,cyclo cross,True,asphalt,excellent
f4ee5635-8bf4-4b5a-96e4-b3a42f385893,baf8b6bf-ad23-4583-9e97-947f05e2c773,cb1fc748-1e38-4cc7-bfe9-76e8eb300c94,1633169255064,14.3052172,52.2677955,6.7533174,0.6711523,1.0518832,-1.6083384,on bike mount,cyclo cross,True,asphalt,excellent
f4ee5635-8bf4-4b5a-96e4-b3a42f385893,baf8b6bf-ad23-4583-9e97-947f05e2c773,1f4ca921-ee76-4563-80fe-2a36e2a1bfd3,1633169255114,14.3052172,52.2677955,6.7533174,-0.8104353,2.409665,-1.3956585,on bike mount,cyclo cross,True,asphalt,excellent
f4ee5635-8bf4-4b5a-96e4-b3a42f385893,baf8b6bf-ad23-4583-9e97-947f05e2c773,328aecc6-306d-418c-bf0e-abce46b123eb,1633169255164,14.3052172,52.2677955,6.7533174,0.80976695,2.348209,-2.2922535,on bike mount,cyclo cross,True,asphalt,excellent
f4ee5635-8bf4-4b5a-96e4-b3a42f385893,baf8b6bf-ad23-4583-9e97-947f05e2c773,184d6399-4fbd-43b4-8c20-187a171dad6f,1633169255214,14.3052172,52.2677955,6.7533174,-0.4198063,-1.5263149,2.2369537,on bike mount,cyclo cross,True,asphalt,excellent
f4ee5635-8bf4-4b5a-96e4-b3a42f385893,baf8b6bf-ad23-4583-9e97-947f05e2c773,2276833e-d1ba-4a67-9e6f-4a93e49125fb,1633169255264,14.3052172,52.2677955,6.7533174,0.47833452,-0.6541877,-0.32694435,on bike mount,cyclo cross,True,asphalt,excellent
f4ee5635-8bf4-4b5a-96e4-b3a42f385893,baf8b6bf-ad23-4583-9e97-947f05e2c773,7de11f92-93f4-4e25-a397-402f2966ba37,1633169255314,14.3052172,52.2677955,6.7533174,-0.035974473,-1.6722748,0.60906696,on bike mount,cyclo cross,True,asphalt,excellent
f4ee5635-8bf4-4b5a-96e4-b3a42f385893,baf8b6bf-ad23-4583-9e97-947f05e2c773,d0a25b0b-61cb-4308-ab91-b9c7038cefac,1633169255389,14.3052172,52.2677955,6.7533174,-1.3234347,-0.28702688,0.23682594,on bike mount,cyclo cross,True,asphalt,excellent
f4ee5635-8bf4-4b5a-96e4-b3a42f385893,baf8b6bf-ad23-4583-9e97-947f05e2c773,11b7f117-48db-41d6-b03f-207fdc7553dd,1633169255439,14.3052172,52.2677955,6.7533174,-0.95056975,-1.2890177,1.0385418,on bike mount,cyclo cross,True,asphalt,excellent
f4ee5635-8bf4-4b5a-96e4-b3a42f385893,baf8b6bf-ad23-4583-9e97-947f05e2c773,e3cbc1a2-39eb-4c5f-b38e-2a2a1b0eaf6e,1633169255490,14.3052172,52.2677955,6.7533174,0.28109896,-1.7451098,1.401721,on bike mount,cyclo cross,True,asphalt,excellent
f4ee5635-8bf4-4b5a-96e4-b3a42f385893,baf8b6bf-ad23-4583-9e97-947f05e2c773,3d6e2916-6ab2-48db-9c4b-305df1898167,1633169255539,14.3052172,52.2677955,6.7533174,0.3048746,0.6040182,-4.096018,on bike mount,cyclo cross,True,asphalt,excellent
f4ee5635-8bf4-4b5a-96e4-b3a42f385893,baf8b6bf-ad23-4583-9e97-947f05e2c773,ab10c7f1-7971-45ce-a74b-89449a1c5e40,1633169255589,14.3052172,52.2677955,6.7533174,-1.5773416,1.3863928,1.4637632,on bike mount,cyclo cross,True,asphalt,excellent
f4ee5635-8bf4-4b5a-96e4-b3a42f385893,baf8b6bf-ad23-4583-9e97-947f05e2c773,034d5e13-c7eb-4a3b-8297-0b1b9c89f743,1633169255639,14.3052172,52.2677955,6.7533174,-0.16263378,2.0926442,-2.255014,on bike mount,cyclo cross,True,asphalt,excellent
f4ee5635-8bf4-4b5a-96e4-b3a42f385893,baf8b6bf-ad23-4583-9e97-947f05e2c773,72784584-0308-4123-9a0d-94bec654e521,1633169255710,14.3052172,52.2677955,6.7533174,-0.9249321,0.09612489,0.3726387,on bike mount,cyclo cross,True,asphalt,excellent
f4ee5635-8bf4-4b5a-96e4-b3a42f385893,baf8b6bf-ad23-4583-9e97-947f05e2c773,4a0e7733-958e-49da-9a74-bedc65862384,1633169255760,14.3052172,52.2677955,6.7533174,0.78962433,0.272465,0.51337814,on bike mount,cyclo cross,True,asphalt,excellent
f4ee5635-8bf4-4b5a-96e4-b3a42f385893,baf8b6bf-ad23-4583-9e97-947f05e2c773,da2dc925-3492-4c11-8df0-0875d79b574f,1633169255830,14.3052172,52.2677955,6.7533174,-0.003289558,2.1537573,-1.6172504,on bike mount,cyclo cross,True,asphalt,excellent
f4ee5635-8bf4-4b5a-96e4-b3a42f385893,baf8b6bf-ad23-4583-9e97-947f05e2c773,eb3e0aee-bd12-4beb-9c1a-2c1bca3f8329,1633169255880,14.3052172,52.2677955,6.7533174,-0.04895629,-1.5395178,-1.2411423,on bike mount,cyclo cross,True,asphalt,excellent
f4ee5635-8bf4-4b5a-96e4-b3a42f385893,baf8b6bf-ad23-4583-9e97-947f05e2c773,83007e5e-4d14-46e3-b164-39e8f0b19f14,1633169255931,14.3052172,52.2677955,6.7533174,0.4514636,-0.13429189,-0.9246311,on bike mount,cyclo cross,True,asphalt,excellent
f4ee5635-8bf4-4b5a-96e4-b3a42f385893,baf8b6bf-ad23-4583-9e97-947f05e2c773,dbbd06f8-748f-41a4-8ffc-3045a55262fe,1633169255981,14.305325,52.2678039,6.787666,0.6007455,-0.19868803,1.9482918,on bike mount,cyclo cross,True,asphalt,excellent
f4ee5635-8bf4-4b5a-96e4-b3a42f385893,baf8b6bf-ad23-4583-9e97-947f05e2c773,c9ef1e44-4a04-46bc-a59c-4e6c6ee6c048,1633169256031,14.305325,52.2678039,6.787666,-0.7880003,1.9828649,-2.0879068,on bike mount,cyclo cross,True,asphalt,excellent
f4ee5635-8bf4-4b5a-96e4-b3a42f385893,baf8b6bf-ad23-4583-9e97-947f05e2c773,e4d568a6-2885-4e54-9bae-745630670a64,1633169256081,14.305325,52.2678039,6.787666,-0.12680927,0.41229773,0.980814,on bike mount,cyclo cross,True,asphalt,excellent
f4ee5635-8bf4-4b5a-96e4-b3a42f385893,baf8b6bf-ad23-4583-9e97-947f05e2c773,2e4e75b5-6616-4d6d-a702-6f057a3fbd78,1633169256131,14.305325,52.2678039,6.787666,-0.33802438,-0.70768476,2.9971704,on bike mount,cyclo cross,True,asphalt,excellent
f4ee5635-8bf4-4b5a-96e4-b3a42f385893,baf8b6bf-ad23-4583-9e97-947f05e2c773,7f27ec73-8d54-4aba-bb6d-0f4ed8750a57,1633169256181,14.305325,52.2678039,6.787666,-0.5163408,-0.20844936,-0.032766342,on bike mount,cyclo cross,True,asphalt,excellent
f4ee5635-8bf4-4b5a-96e4-b3a42f385893,baf8b6bf-ad23-4583-9e97-947f05e2c773,d0b13b1a-ce12-432a-b62a-e7691f58efe3,1633169256231,14.305325,52.2678039,6.787666,-0.41450346,-2.726205,-0.7498808,on bike mount,cyclo cross,True,asphalt,excellent
f4ee5635-8bf4-4b5a-96e4-b3a42f385893,baf8b6bf-ad23-4583-9e97-947f05e2c773,6522a88b-df0d-49bb-8d60-932e8e91d403,1633169256281,14.305325,52.2678039,6.787666,-0.3843871,2.070047,0.77098083,on bike mount,cyclo cross,True,asphalt,excellent
f4ee5635-8bf4-4b5a-96e4-b3a42f385893,baf8b6bf-ad23-4583-9e97-947f05e2c773,941cf3dd-2483-46e1-bf65-ca36c10fe75d,1633169256332,14.305325,52.2678039,6.787666,-1.240876,-0.854547,-1.1318636,on bike mount,cyclo cross,True,asphalt,excellent
f4ee5635-8bf4-4b5a-96e4-b3a42f385893,baf8b6bf-ad23-4583-9e97-947f05e2c773,ba21f192-1bfc-404e-918e-f207be34e005,1633169256382,14.305325,52.2678039,6.787666,-0.089902505,-0.385787,1.401803,on bike mount,cyclo cross,True,asphalt,excellent
f4ee5635-8bf4-4b5a-96e4-b3a42f385893,baf8b6bf-ad23-4583-9e97-947f05e2c773,5b693c72-6ddf-4d8c-9b86-64d1b8d191bb,1633169256433,14.305325,52.2678039,6.787666,0.5785537,1.1574109,-1.1073971,on bike mount,cyclo cross,True,asphalt,excellent
f4ee5635-8bf4-4b5a-96e4-b3a42f385893,baf8b6bf-ad23-4583-9e97-947f05e2c773,73fe6529-60ff-49bc-b526-db1165e4ab20,1633169256483,14.305325,52.2678039,6.787666,0.47089297,3.6968415,-3.0439544,on bike mount,cyclo cross,True,asphalt,excellent
f4ee5635-8bf4-4b5a-96e4-b3a42f385893,baf8b6bf-ad23-4583-9e97-947f05e2c773,c5c95db4-b8a7-424a-9879-25035191b579,1633169256533,14.305325,52.2678039,6.787666,-0.20789436,-1.554883,0.12162018,on bike mount,cyclo cross,True,asphalt,excellent
f4ee5635-8bf4-4b5a-96e4-b3a42f385893,baf8b6bf-ad23-4583-9e97-947f05e2c773,414ac134-2f89-4425-b00e-59e9e9695a31,1633169256583,14.305325,52.2678039,6.787666,-0.00012293458,-0.061048985,-0.35978127,on bike mount,cyclo cross,True,asphalt,excellent
f4ee5635-8bf4-4b5a-96e4-b3a42f385893,baf8b6bf-ad23-4583-9e97-947f05e2c773,78145c01-40a7-4aba-8530-0d52602aae28,1633169256633,14.305325,52.2678039,6.787666,-0.76435804,-1.3242085,0.2406559,on bike mount,cyclo cross,True,asphalt,excellent
f4ee5635-8bf4-4b5a-96e4-b3a42f385893,baf8b6bf-ad23-4583-9e97-947f05e2c773,a9449a83-ed92-4a2d-8536-ff6d5989eb2c,1633169256683,14.305325,52.2678039,6.787666,0.7149464,-1.9872224,2.1278858,on bike mount,cyclo cross,True,asphalt,excellent
f4ee5635-8bf4-4b5a-96e4-b3a42f385893,baf8b6bf-ad23-4583-9e97-947f05e2c773,c1cce749-3218-40b3-b599-c123cc56c3b6,1633169256734,14.305325,52.2678039,6.787666,0.77138543,-1.008712,-2.490497,on bike mount,cyclo cross,True,asphalt,excellent
f4ee5635-8bf4-4b5a-96e4-b3a42f385893,baf8b6bf-ad23-4583-9e97-947f05e2c773,f6f13e59-91a5-43ea-8555-151061f1ca46,1633169256783,14.305325,52.2678039,6.787666,0.17790231,-1.2430356,0.31540585,on bike mount,cyclo cross,True,asphalt,excellent
f4ee5635-8bf4-4b5a-96e4-b3a42f385893,baf8b6bf-ad23-4583-9e97-947f05e2c773,fabf287e-fb28-40cb-95e1-9c362d8dda10,1633169256864,14.305325,52.2678039,6.787666,-0.17664587,1.0289841,1.3680372,on bike mount,cyclo cross,True,asphalt,excellent
f4ee5635-8bf4-4b5a-96e4-b3a42f385893,baf8b6bf-ad23-4583-9e97-947f05e2c773,cef8126e-06b0-408f-b2d9-896dec75cffc,1633169256914,14.305325,52.2678039,6.787666,1.2312886,-0.14026284,0.32367325,on bike mount,cyclo cross,True,asphalt,excellent
f4ee5635-8bf4-4b5a-96e4-b3a42f385893,baf8b6bf-ad23-4583-9e97-947f05e2c773,5a6a09d9-83a3-4418-9b85-395bf3508bf3,1633169256964,14.3054376,52.2678122,6.848998,0.1845836,-1.9053931,0.70515347,on bike mount,cyclo cross,True,asphalt,excellent
f4ee5635-8bf4-4b5a-96e4-b3a42f385893,baf8b6bf-ad23-4583-9e97-947f05e2c773,75f28af5-f820-4ad2-bd31-a6d2cb41af66,1633169257014,14.3054376,52.2678122,6.848998,-0.5733364,-0.2883029,-0.3705597,on bike mount,cyclo cross,True,asphalt,excellent
f4ee5635-8bf4-4b5a-96e4-b3a42f385893,baf8b6bf-ad23-4583-9e97-947f05e2c773,cb10bd4a-c2b5-490f-ac6d-f8e5fad2066a,1633169257065,14.3054376,52.2678122,6.848998,0.23546411,-1.9562511,1.4336758,on bike mount,cyclo cross,True,asphalt,excellent
f4ee5635-8bf4-4b5a-96e4-b3a42f385893,baf8b6bf-ad23-4583-9e97-947f05e2c773,3a3c0930-af63-48bc-a932-db3436144f8f,1633169257114,14.3054376,52.2678122,6.848998,0.11036663,0.73090696,1.7481136,on bike mount,cyclo cross,True,asphalt,excellent
f4ee5635-8bf4-4b5a-96e4-b3a42f385893,baf8b6bf-ad23-4583-9e97-947f05e2c773,3b29dc85-a3ba-4e82-86bd-e2aa5923677b,1633169257164,14.3054376,52.2678122,6.848998,-0.5272983,-1.612506,0.34928036,on bike mount,cyclo cross,True,asphalt,excellent
f4ee5635-8bf4-4b5a-96e4-b3a42f385893,baf8b6bf-ad23-4583-9e97-947f05e2c773,fe46c5b1-5d4c-4615-aa5c-08864ddc50dc,1633169257213,14.3054376,52.2678122,6.848998,0.5787791,1.3378396,-0.9034133,on bike mount,cyclo cross,True,asphalt,excellent
f4ee5635-8bf4-4b5a-96e4-b3a42f385893,baf8b6bf-ad23-4583-9e97-947f05e2c773,bc757d31-1a88-42f8-b0d5-57d77aac00b8,1633169257263,14.3054376,52.2678122,6.848998,1.1268188,-0.68104315,-1.725152,on bike mount,cyclo cross,True,asphalt,excellent
f4ee5635-8bf4-4b5a-96e4-b3a42f385893,baf8b6bf-ad23-4583-9e97-947f05e2c773,544a385b-bded-4df8-a090-2ca493b0e37d,1633169257313,14.3054376,52.2678122,6.848998,-0.014556095,0.64035964,1.9877596,on bike mount,cyclo cross,True,asphalt,excellent
f4ee5635-8bf4-4b5a-96e4-b3a42f385893,baf8b6bf-ad23-4583-9e97-947f05e2c773,c292ea8f-23ec-4504-ab8a-af47aa778493,1633169257363,14.3054376,52.2678122,6.848998,-1.4567201,-3.4739475,0.63990116,on bike mount,cyclo cross,True,asphalt,excellent
f4ee5635-8bf4-4b5a-96e4-b3a42f385893,baf8b6bf-ad23-4583-9e97-947f05e2c773,366a6ea3-3440-4a66-a4ff-336a1d957894,1633169257413,14.3054376,52.2678122,6.848998,-1.4612124,0.23316574,4.3832426,on bike mount,cyclo cross,True,asphalt,excellent
f4ee5635-8bf4-4b5a-96e4-b3a42f385893,baf8b6bf-ad23-4583-9e97-947f05e2c773,b16ca338-ae63-4855-b94b-0a17fdef0d3b,1633169257463,14.3054376,52.2678122,6.848998,1.0793426,-0.26363206,2.328004,on bike mount,cyclo cross,True,asphalt,excellent
f4ee5635-8bf4-4b5a-96e4-b3a42f385893,baf8b6bf-ad23-4583-9e97-947f05e2c773,4d214e45-88ea-43a3-b424-7147cf9af04b,1633169257513,14.3054376,52.2678122,6.848998,-0.24926856,-1.7521186,-1.7388325,on bike mount,cyclo cross,True,asphalt,excellent
f4ee5635-8bf4-4b5a-96e4-b3a42f385893,baf8b6bf-ad23-4583-9e97-947f05e2c773,473a03c6-5c20-4911-a334-b0fca5326826,1633169257563,14.3054376,52.2678122,6.848998,-0.010155749,0.103018045,-2.5712833,on bike mount,cyclo cross,True,asphalt,excellent
f4ee5635-8bf4-4b5a-96e4-b3a42f385893,baf8b6bf-ad23-4583-9e97-947f05e2c773,f6bb2321-a190-454e-b355-45ccbcbc5f2a,1633169257619,14.3054376,52.2678122,6.848998,-0.5137665,-1.1880307,-1.8516493,on bike mount,cyclo cross,True,asphalt,excellent
f4ee5635-8bf4-4b5a-96e4-b3a42f385893,baf8b6bf-ad23-4583-9e97-947f05e2c773,ecbb59a2-1d0c-4567-91ef-36d2c04efb24,1633169257669,14.3054376,52.2678122,6.848998,-0.9459044,0.75477624,0.7443714,on bike mount,cyclo cross,True,asphalt,excellent
f4ee5635-8bf4-4b5a-96e4-b3a42f385893,baf8b6bf-ad23-4583-9e97-947f05e2c773,853afa7c-8370-4111-a8ab-d1473b2cdbff,1633169257719,14.3054376,52.2678122,6.848998,0.6939102,-0.5265455,-1.0337763,on bike mount,cyclo cross,True,asphalt,excellent
f4ee5635-8bf4-4b5a-96e4-b3a42f385893,baf8b6bf-ad23-4583-9e97-947f05e2c773,03e7a178-5d78-4dc6-8c02-a73f56e6705c,1633169257771,14.3054376,52.2678122,6.848998,0.13388902,0.66372013,2.7887812,on bike mount,cyclo cross,True,asphalt,excellent
f4ee5635-8bf4-4b5a-96e4-b3a42f385893,baf8b6bf-ad23-4583-9e97-947f05e2c773,35d22020-3c85-444b-9e5b-d0cf55bdb510,1633169257821,14.3054376,52.2678122,6.848998,-0.9975889,-1.8831499,-0.5709019,on bike mount,cyclo cross,True,asphalt,excellent
f4ee5635-8bf4-4b5a-96e4-b3a42f385893,baf8b6bf-ad23-4583-9e97-947f05e2c773,5b2579da-c222-4349-b215-1b95f3e4c46c,1633169257871,14.3054376,52.2678122,6.848998,-0.37623665,0.21251798,0.23785782,on bike mount,cyclo cross,True,asphalt,excellent
f4ee5635-8bf4-4b5a-96e4-b3a42f385893,baf8b6bf-ad23-4583-9e97-947f05e2c773,894d019d-b6a3-484d-b34e-a39ea504cbfe,1633169257921,14.3054376,52.2678122,6.848998,0.1405353,-0.8018105,-1.0627084,on bike mount,cyclo cross,True,asphalt,excellent
f4ee5635-8bf4-4b5a-96e4-b3a42f385893,baf8b6bf-ad23-4583-9e97-947f05e2c773,a25bd502-a0b9-484b-a711-a84a7e18d228,1633169257971,14.3055489,52.2678193,6.894038,-0.38328505,-1.0777342,-2.1139083,on bike mount,cyclo cross,True,asphalt,excellent
f4ee5635-8bf4-4b5a-96e4-b3a42f385893,baf8b6bf-ad23-4583-9e97-947f05e2c773,1394b740-19ea-4edb-8163-e28133b9fd5d,1633169258021,14.3055489,52.2678193,6.894038,1.0767871,-0.64292264,-1.2735529,on bike mount,cyclo cross,True,asphalt,excellent
f4ee5635-8bf4-4b5a-96e4-b3a42f385893,baf8b6bf-ad23-4583-9e97-947f05e2c773,2e072802-6048-4946-86eb-7128329c0087,1633169258071,14.3055489,52.2678193,6.894038,1.0606439,-0.99280727,-2.2730298,on bike mount,cyclo cross,True,asphalt,excellent
f4ee5635-8bf4-4b5a-96e4-b3a42f385893,baf8b6bf-ad23-4583-9e97-947f05e2c773,a74cc7e9-b4c0-48d0-b324-9e83235b8810,1633169258121,14.3055489,52.2678193,6.894038,0.54328287,-1.3616341,-0.38750744,on bike mount,cyclo cross,True,asphalt,excellent
f4ee5635-8bf4-4b5a-96e4-b3a42f385893,baf8b6bf-ad23-4583-9e97-947f05e2c773,23d8fe1b-0b47-476a-9d6b-96639f3e660b,1633169258171,14.3055489,52.2678193,6.894038,0.2233594,-0.8170824,1.0136671,on bike mount,cyclo cross,True,asphalt,excellent
f4ee5635-8bf4-4b5a-96e4-b3a42f385893,baf8b6bf-ad23-4583-9e97-947f05e2c773,60d5d1e6-9122-451d-9506-df05b567136c,1633169258222,14.3055489,52.2678193,6.894038,0.46825227,-0.813576,0.027018547,on bike mount,cyclo cross,True,asphalt,excellent
f4ee5635-8bf4-4b5a-96e4-b3a42f385893,baf8b6bf-ad23-4583-9e97-947f05e2c773,8ec5c030-b216-41e8-a584-ce9858e4c616,1633169258272,14.3055489,52.2678193,6.894038,-1.4459094,1.1274264,-0.13792229,on bike mount,cyclo cross,True,asphalt,excellent
f4ee5635-8bf4-4b5a-96e4-b3a42f385893,baf8b6bf-ad23-4583-9e97-947f05e2c773,92bcb774-6385-430e-9423-a9315f7c872c,1633169258322,14.3055489,52.2678193,6.894038,-0.16231272,1.7856538,0.16221714,on bike mount,cyclo cross,True,asphalt,excellent
f4ee5635-8bf4-4b5a-96e4-b3a42f385893,baf8b6bf-ad23-4583-9e97-947f05e2c773,42cc0d9d-90af-405e-909e-346e354f8161,1633169258372,14.3055489,52.2678193,6.894038,-0.9041711,-2.8197231,-0.67401695,on bike mount,cyclo cross,True,asphalt,excellent
f4ee5635-8bf4-4b5a-96e4-b3a42f385893,baf8b6bf-ad23-4583-9e97-947f05e2c773,39f6066e-1451-4efe-b282-4228719d1a40,1633169258422,14.3055489,52.2678193,6.894038,0.004852332,0.8866627,-0.59369564,on bike mount,cyclo cross,True,asphalt,excellent
f4ee5635-8bf4-4b5a-96e4-b3a42f385893,baf8b6bf-ad23-4583-9e97-947f05e2c773,c724eed9-9912-49cb-b72e-96b185745266,1633169258472,14.3055489,52.2678193,6.894038,-0.871828,0.5274377,1.7865648,on bike mount,cyclo cross,True,asphalt,excellent
f4ee5635-8bf4-4b5a-96e4-b3a42f385893,baf8b6bf-ad23-4583-9e97-947f05e2c773,e19d6e65-8e52-4bc9-8503-9ac488b75237,1633169258522,14.3055489,52.2678193,6.894038,-1.0332115,2.2859051,-0.23957825,on bike mount,cyclo cross,True,asphalt,excellent
f4ee5635-8bf4-4b5a-96e4-b3a42f385893,baf8b6bf-ad23-4583-9e97-947f05e2c773,56ca185e-e6de-4970-ba48-636daabed6b1,1633169258572,14.3055489,52.2678193,6.894038,-0.18585914,-0.7024479,-1.4485335,on bike mount,cyclo cross,True,asphalt,excellent
f4ee5635-8bf4-4b5a-96e4-b3a42f385893,baf8b6bf-ad23-4583-9e97-947f05e2c773,cda7e34d-ad57-4349-885d-5a5db852b020,1633169258622,14.3055489,52.2678193,6.894038,-0.051133722,-0.6904383,0.36398697,on bike mount,cyclo cross,True,asphalt,excellent
f4ee5635-8bf4-4b5a-96e4-b3a42f385893,baf8b6bf-ad23-4583-9e97-947f05e2c773,66dc898e-0b15-4163-ad1c-ef68efb08550,1633169258672,14.3055489,52.2678193,6.894038,0.08587465,-2.962655,0.013936043,on bike mount,cyclo cross,True,asphalt,excellent
f4ee5635-8bf4-4b5a-96e4-b3a42f385893,baf8b6bf-ad23-4583-9e97-947f05e2c773,5ca40e9c-04a1-48d6-a1d4-2d8dac43e3f7,1633169258722,14.3055489,52.2678193,6.894038,0.038637675,-0.7482462,-0.3516302,on bike mount,cyclo cross,True,asphalt,excellent
f4ee5635-8bf4-4b5a-96e4-b3a42f385893,baf8b6bf-ad23-4583-9e97-947f05e2c773,22e35c9e-1a28-4d76-8e6c-621fe07083e7,1633169258772,14.3055489,52.2678193,6.894038,0.24427268,-0.2711084,1.5534239,on bike mount,cyclo cross,True,asphalt,excellent
f4ee5635-8bf4-4b5a-96e4-b3a42f385893,baf8b6bf-ad23-4583-9e97-947f05e2c773,10784109-fb58-46e0-8c5d-b1369c542cbd,1633169258822,14.3055489,52.2678193,6.894038,0.45943803,-0.15055752,-2.8262806,on bike mount,cyclo cross,True,asphalt,excellent
f4ee5635-8bf4-4b5a-96e4-b3a42f385893,baf8b6bf-ad23-4583-9e97-947f05e2c773,3f03fd16-a051-4d73-9f13-b603d466a180,1633169258872,14.3055489,52.2678193,6.894038,1.9504633,1.055789,-1.7213492,on bike mount,cyclo cross,True,asphalt,excellent
f4ee5635-8bf4-4b5a-96e4-b3a42f385893,baf8b6bf-ad23-4583-9e97-947f05e2c773,fe6656aa-32ba-4689-b002-397520a2dc00,1633169258922,14.3055489,52.2678193,6.894038,0.7195781,-2.2607527,0.6310997,on bike mount,cyclo cross,True,asphalt,excellent
f4ee5635-8bf4-4b5a-96e4-b3a42f385893,baf8b6bf-ad23-4583-9e97-947f05e2c773,ff1962a1-df6f-478f-af67-75f301fc4f27,1633169258972,14.3056601,52.2678266,6.934943,0.04182282,0.021132708,-1.2668624,on bike mount,cyclo cross,True,asphalt,excellent
f4ee5635-8bf4-4b5a-96e4-b3a42f385893,baf8b6bf-ad23-4583-9e97-947f05e2c773,1d9fcf6b-97d3-42b1-8498-3c35f7d8175f,1633169259022,14.3056601,52.2678266,6.934943,-0.17214376,-0.29464102,-0.8862057,on bike mount,cyclo cross,True,asphalt,excellent
f4ee5635-8bf4-4b5a-96e4-b3a42f385893,baf8b6bf-ad23-4583-9e97-947f05e2c773,dd4c207f-e8d8-4987-a7e9-64072e45dc37,1633169259099,14.3056601,52.2678266,6.934943,0.5811806,1.7092001,-0.11904621,on bike mount,cyclo cross,True,asphalt,excellent
f4ee5635-8bf4-4b5a-96e4-b3a42f385893,baf8b6bf-ad23-4583-9e97-947f05e2c773,934a6d52-1af2-4aa8-9106-6b4d3b47fca7,1633169259149,14.3056601,52.2678266,6.934943,0.61861706,-0.7984562,-0.27242184,on bike mount,cyclo cross,True,asphalt,excellent
f4ee5635-8bf4-4b5a-96e4-b3a42f385893,baf8b6bf-ad23-4583-9e97-947f05e2c773,541abffc-29fb-45f1-8ff5-e97fcc21a68c,1633169259199,14.3056601,52.2678266,6.934943,1.0043472,1.3721886,-0.71425915,on bike mount,cyclo cross,True,asphalt,excellent
f4ee5635-8bf4-4b5a-96e4-b3a42f385893,baf8b6bf-ad23-4583-9e97-947f05e2c773,a9b109b1-a30c-4f7f-88af-f6ed9e8ab686,1633169259251,14.3056601,52.2678266,6.934943,0.018963896,-0.052977562,1.3272581,on bike mount,cyclo cross,True,asphalt,excellent
f4ee5635-8bf4-4b5a-96e4-b3a42f385893,baf8b6bf-ad23-4583-9e97-947f05e2c773,3f4ff990-a0e3-4fc8-9feb-1146b16f4d9f,1633169259301,14.3056601,52.2678266,6.934943,-0.62738335,0.6260631,-0.51228523,on bike mount,cyclo cross,True,asphalt,excellent
f4ee5635-8bf4-4b5a-96e4-b3a42f385893,baf8b6bf-ad23-4583-9e97-947f05e2c773,c2775c0b-3eb5-4a4b-ba70-6bcc24e48529,1633169259350,14.3056601,52.2678266,6.934943,0.3863115,0.26037598,0.47646427,on bike mount,cyclo cross,True,asphalt,excellent
f4ee5635-8bf4-4b5a-96e4-b3a42f385893,baf8b6bf-ad23-4583-9e97-947f05e2c773,06a5d7af-7665-4bd9-a92d-1dc128649abf,1633169259400,14.3056601,52.2678266,6.934943,0.45034727,-0.0833869,-1.686471,on bike mount,cyclo cross,True,asphalt,excellent
f4ee5635-8bf4-4b5a-96e4-b3a42f385893,baf8b6bf-ad23-4583-9e97-947f05e2c773,733d9718-d9a6-4507-a59c-16f647d875ab,1633169259450,14.3056601,52.2678266,6.934943,-0.34067842,-0.56192565,2.612976,on bike mount,cyclo cross,True,asphalt,excellent
f4ee5635-8bf4-4b5a-96e4-b3a42f385893,baf8b6bf-ad23-4583-9e97-947f05e2c773,96fc76eb-c1ed-4951-8660-4d0bac3271c1,1633169259500,14.3056601,52.2678266,6.934943,0.28011376,1.9116099,-1.4926848,on bike mount,cyclo cross,True,asphalt,excellent
f4ee5635-8bf4-4b5a-96e4-b3a42f385893,baf8b6bf-ad23-4583-9e97-947f05e2c773,dc114d10-96fe-45eb-bdf8-0e890d0f5f20,1633169259550,14.3056601,52.2678266,6.934943,0.43891189,-0.2285409,-0.7902117,on bike mount,cyclo cross,True,asphalt,excellent
f4ee5635-8bf4-4b5a-96e4-b3a42f385893,baf8b6bf-ad23-4583-9e97-947f05e2c773,c2a39c83-07c6-4bc6-9ac1-eed0af3f5fce,1633169259600,14.3056601,52.2678266,6.934943,-1.3605752,-1.0363975,-1.1955552,on bike mount,cyclo cross,True,asphalt,excellent
f4ee5635-8bf4-4b5a-96e4-b3a42f385893,baf8b6bf-ad23-4583-9e97-947f05e2c773,d1164599-90ea-4ff7-b499-5606f8f6d166,1633169259650,14.3056601,52.2678266,6.934943,2.132825,0.47135568,0.89325905,on bike mount,cyclo cross,True,asphalt,excellent
f4ee5635-8bf4-4b5a-96e4-b3a42f385893,baf8b6bf-ad23-4583-9e97-947f05e2c773,7e00fec8-0fa9-4fe0-ba6b-63ebe48bccab,1633169259700,14.3056601,52.2678266,6.934943,1.1327059,0.4003508,-0.20848846,on bike mount,cyclo cross,True,asphalt,excellent
f4ee5635-8bf4-4b5a-96e4-b3a42f385893,baf8b6bf-ad23-4583-9e97-947f05e2c773,38bee432-973e-4ca6-8063-4d64c06ffe97,1633169259750,14.3056601,52.2678266,6.934943,-0.6975266,-2.1983843,1.8877115,on bike mount,cyclo cross,True,asphalt,excellent
f4ee5635-8bf4-4b5a-96e4-b3a42f385893,baf8b6bf-ad23-4583-9e97-947f05e2c773,78f95a90-de3d-432c-9354-3b0765a42c1c,1633169259800,14.3056601,52.2678266,6.934943,0.9184709,-1.633275,-1.1145415,on bike mount,cyclo cross,True,asphalt,excellent
f4ee5635-8bf4-4b5a-96e4-b3a42f385893,baf8b6bf-ad23-4583-9e97-947f05e2c773,838a394b-e4c5-41a5-8826-8aea09011dbb,1633169259850,14.3056601,52.2678266,6.934943,-0.14303422,0.10266447,0.8676462,on bike mount,cyclo cross,True,asphalt,excellent
f4ee5635-8bf4-4b5a-96e4-b3a42f385893,baf8b6bf-ad23-4583-9e97-947f05e2c773,ba0a7618-c9e9-449d-8f3a-7e9588d793b0,1633169259900,14.3056601,52.2678266,6.934943,-0.69489515,2.168944,-1.8207517,on bike mount,cyclo cross,True,asphalt,excellent
f4ee5635-8bf4-4b5a-96e4-b3a42f385893,baf8b6bf-ad23-4583-9e97-947f05e2c773,25b4f8f6-2d50-44c7-a313-04d1516e4ba0,1633169259950,14.3057694,52.2678343,6.953682,0.023569956,2.2288609,0.28008366,on bike mount,cyclo cross,True,asphalt,excellent
f4ee5635-8bf4-4b5a-96e4-b3a42f385893,baf8b6bf-ad23-4583-9e97-947f05e2c773,b936c151-40d3-4e8c-b1fe-effbf566a591,1633169260000,14.3057694,52.2678343,6.953682,-0.3441397,0.4662745,-0.7825489,on bike mount,cyclo cross,True,asphalt,excellent
f4ee5635-8bf4-4b5a-96e4-b3a42f385893,baf8b6bf-ad23-4583-9e97-947f05e2c773,062d499e-7a98-4118-b05b-ca6263b30825,1633169260050,14.3057694,52.2678343,6.953682,-1.7418083,0.7662964,-0.66492367,on bike mount,cyclo cross,True,asphalt,excellent
f4ee5635-8bf4-4b5a-96e4-b3a42f385893,baf8b6bf-ad23-4583-9e97-947f05e2c773,cfce900a-5ec6-487b-a499-ea8f16f3cfbd,1633169260101,14.3057694,52.2678343,6.953682,0.21508846,0.51770973,1.3088188,on bike mount,cyclo cross,True,asphalt,excellent
f4ee5635-8bf4-4b5a-96e4-b3a42f385893,baf8b6bf-ad23-4583-9e97-947f05e2c773,f86d6c2c-46c4-4674-b82d-0d157398bbe9,1633169260155,14.3057694,52.2678343,6.953682,-0.023487113,0.022165298,-0.3439474,on bike mount,cyclo cross,True,asphalt,excellent
f4ee5635-8bf4-4b5a-96e4-b3a42f385893,baf8b6bf-ad23-4583-9e97-947f05e2c773,fc52a3f3-a399-4ec7-84e7-3ac0f523e757,1633169260205,14.3057694,52.2678343,6.953682,-0.6010428,-1.2769909,2.4206858,on bike mount,cyclo cross,True,asphalt,excellent
f4ee5635-8bf4-4b5a-96e4-b3a42f385893,baf8b6bf-ad23-4583-9e97-947f05e2c773,a91ecef1-61e7-4ea6-a868-17d1cd693f5c,1633169260255,14.3057694,52.2678343,6.953682,1.1388621,-1.0261519,0.8861704,on bike mount,cyclo cross,True,asphalt,excellent
f4ee5635-8bf4-4b5a-96e4-b3a42f385893,baf8b6bf-ad23-4583-9e97-947f05e2c773,5817a96f-7eb6-4f09-ad51-721c53025bfc,1633169260305,14.3057694,52.2678343,6.953682,0.82372594,0.30517554,-2.440888,on bike mount,cyclo cross,True,asphalt,excellent
f4ee5635-8bf4-4b5a-96e4-b3a42f385893,baf8b6bf-ad23-4583-9e97-947f05e2c773,e65e0697-8c0f-48ef-bb1e-cbc302472d41,1633169260355,14.3057694,52.2678343,6.953682,0.014338061,2.6172037,1.7302828,on bike mount,cyclo cross,True,asphalt,excellent
f4ee5635-8bf4-4b5a-96e4-b3a42f385893,baf8b6bf-ad23-4583-9e97-947f05e2c773,e39ab2f0-1c8c-4164-9cc5-3bc63c261640,1633169260405,14.3057694,52.2678343,6.953682,-1.1866987,1.766285,2.9916058,on bike mount,cyclo cross,True,asphalt,excellent
f4ee5635-8bf4-4b5a-96e4-b3a42f385893,baf8b6bf-ad23-4583-9e97-947f05e2c773,9286a8a3-5bb0-4407-bfd1-45834cfa68c9,1633169260456,14.3057694,52.2678343,6.953682,1.2823548,3.437438,-0.29528904,on bike mount,cyclo cross,True,asphalt,excellent
f4ee5635-8bf4-4b5a-96e4-b3a42f385893,baf8b6bf-ad23-4583-9e97-947f05e2c773,e2bca46a-e0b9-4471-a20f-605e8e2e09f0,1633169260505,14.3057694,52.2678343,6.953682,-0.16091028,0.39471197,-2.3343716,on bike mount,cyclo cross,True,asphalt,excellent
f4ee5635-8bf4-4b5a-96e4-b3a42f385893,baf8b6bf-ad23-4583-9e97-947f05e2c773,4d17d3b2-7a13-41d1-bc26-bdefdf4e2c9f,1633169260555,14.3057694,52.2678343,6.953682,-0.08181438,-0.9651178,1.6862526,on bike mount,cyclo cross,True,asphalt,excellent
f4ee5635-8bf4-4b5a-96e4-b3a42f385893,baf8b6bf-ad23-4583-9e97-947f05e2c773,89af676d-0dca-439c-af26-b7d62bbc7551,1633169260605,14.3057694,52.2678343,6.953682,-0.004596278,-1.7164469,-1.5610738,on bike mount,cyclo cross,True,asphalt,excellent
f4ee5635-8bf4-4b5a-96e4-b3a42f385893,baf8b6bf-ad23-4583-9e97-947f05e2c773,bfcc7dc1-0e5c-4bac-8a62-2564f214d8f7,1633169260655,14.3057694,52.2678343,6.953682,-1.2805071,1.3484344,0.7871542,on bike mount,cyclo cross,True,asphalt,excellent
f4ee5635-8bf4-4b5a-96e4-b3a42f385893,baf8b6bf-ad23-4583-9e97-947f05e2c773,9cffc3fa-ba19-4516-9d3e-35a2a95f63c7,1633169260739,14.3057694,52.2678343,6.953682,-0.07254669,0.658834,0.44982815,on bike mount,cyclo cross,True,asphalt,excellent
f4ee5635-8bf4-4b5a-96e4-b3a42f385893,baf8b6bf-ad23-4583-9e97-947f05e2c773,819ef595-ec2d-4de2-aed9-1d943bdf371a,1633169260790,14.3057694,52.2678343,6.953682,-0.80674535,-1.1330371,1.0912371,on bike mount,cyclo cross,True,asphalt,excellent
f4ee5635-8bf4-4b5a-96e4-b3a42f385893,baf8b6bf-ad23-4583-9e97-947f05e2c773,10a754a3-d62f-4c1e-b78a-fd772c2a8b42,1633169260840,14.3057694,52.2678343,6.953682,0.57150656,-0.5661385,2.131423,on bike mount,cyclo cross,True,asphalt,excellent
f4ee5635-8bf4-4b5a-96e4-b3a42f385893,baf8b6bf-ad23-4583-9e97-947f05e2c773,ce3211a3-94f3-4387-8b9c-5f98cb8742cd,1633169260891,14.3057694,52.2678343,6.953682,0.57853794,1.5907216,-1.7562537,on bike mount,cyclo cross,True,asphalt,excellent
f4ee5635-8bf4-4b5a-96e4-b3a42f385893,baf8b6bf-ad23-4583-9e97-947f05e2c773,497ed574-c513-4274-a3d9-6403f0f0820f,1633169260941,14.3058762,52.267842,6.9731708,-0.06980328,0.68828344,2.2654085,on bike mount,cyclo cross,True,asphalt,excellent
f4ee5635-8bf4-4b5a-96e4-b3a42f385893,baf8b6bf-ad23-4583-9e97-947f05e2c773,960b3241-e728-4f83-97f1-6ef539d7b1ac,1633169260991,14.3058762,52.267842,6.9731708,0.33186054,-1.6217024,2.579276,on bike mount,cyclo cross,True,asphalt,excellent
f4ee5635-8bf4-4b5a-96e4-b3a42f385893,baf8b6bf-ad23-4583-9e97-947f05e2c773,847e9089-a60c-4a37-9ee8-96178882352f,1633169261041,14.3058762,52.267842,6.9731708,0.27044865,-1.0068356,-1.1324749,on bike mount,cyclo cross,True,asphalt,excellent
f4ee5635-8bf4-4b5a-96e4-b3a42f385893,baf8b6bf-ad23-4583-9e97-947f05e2c773,228352ab-78eb-4311-aa14-4b1c9b0886ec,1633169261091,14.3058762,52.267842,6.9731708,-0.12894319,-2.6591551,1.4809628,on bike mount,cyclo cross,True,asphalt,excellent
f4ee5635-8bf4-4b5a-96e4-b3a42f385893,baf8b6bf-ad23-4583-9e97-947f05e2c773,ba922a2d-5d3e-49f2-9da2-b7c92a88ebfc,1633169261141,14.3058762,52.267842,6.9731708,0.6823722,-0.18668532,2.435958,on bike mount,cyclo cross,True,asphalt,excellent
f4ee5635-8bf4-4b5a-96e4-b3a42f385893,baf8b6bf-ad23-4583-9e97-947f05e2c773,8c5f4512-211b-47f1-a53b-86dc698fc010,1633169261192,14.3058762,52.267842,6.9731708,-0.6390652,0.12047076,-1.5551004,on bike mount,cyclo cross,True,asphalt,excellent
f4ee5635-8bf4-4b5a-96e4-b3a42f385893,baf8b6bf-ad23-4583-9e97-947f05e2c773,ba63687d-ec24-4f21-af7e-ffa8a42ceea2,1633169261243,14.3058762,52.267842,6.9731708,0.38449943,-1.0763252,-1.559011,on bike mount,cyclo cross,True,asphalt,excellent
f4ee5635-8bf4-4b5a-96e4-b3a42f385893,baf8b6bf-ad23-4583-9e97-947f05e2c773,1e0c0026-1c94-4a9a-8bda-b1f33511e04c,1633169261293,14.3058762,52.267842,6.9731708,-0.09375754,1.7291174,-0.6152754,on bike mount,cyclo cross,True,asphalt,excellent
f4ee5635-8bf4-4b5a-96e4-b3a42f385893,baf8b6bf-ad23-4583-9e97-947f05e2c773,4522261a-5420-4517-8ef7-62b4b201ba72,1633169261343,14.3058762,52.267842,6.9731708,2.2733707,-1.8041213,-0.78246593,on bike mount,cyclo cross,True,asphalt,excellent
f4ee5635-8bf4-4b5a-96e4-b3a42f385893,baf8b6bf-ad23-4583-9e97-947f05e2c773,f5f98b61-b4db-4f8f-8750-15e7ef740df9,1633169261392,14.3058762,52.267842,6.9731708,-0.7136336,-0.7215526,-1.1251559,on bike mount,cyclo cross,True,asphalt,excellent
f4ee5635-8bf4-4b5a-96e4-b3a42f385893,baf8b6bf-ad23-4583-9e97-947f05e2c773,da8c7da6-7c3e-485b-8226-6c980d2a6290,1633169261442,14.3058762,52.267842,6.9731708,0.43367898,-0.99071443,-0.40276432,on bike mount,cyclo cross,True,asphalt,excellent
f4ee5635-8bf4-4b5a-96e4-b3a42f385893,baf8b6bf-ad23-4583-9e97-947f05e2c773,e9c59ead-93b5-4a19-b808-1176edfd58e3,1633169261492,14.3058762,52.267842,6.9731708,-0.3796943,0.899024,-2.5934343,on bike mount,cyclo cross,True,asphalt,excellent
f4ee5635-8bf4-4b5a-96e4-b3a42f385893,baf8b6bf-ad23-4583-9e97-947f05e2c773,da37cda0-6c90-4df4-b8c7-354cc9ef2b9c,1633169261542,14.3058762,52.267842,6.9731708,-0.97253585,1.2642536,-0.34341526,on bike mount,cyclo cross,True,asphalt,excellent
f4ee5635-8bf4-4b5a-96e4-b3a42f385893,baf8b6bf-ad23-4583-9e97-947f05e2c773,fadf8a3f-c345-468e-9446-3eb3cc7c879f,1633169261594,14.3058762,52.267842,6.9731708,-0.80100524,0.18033648,0.15679741,on bike mount,cyclo cross,True,asphalt,excellent
f4ee5635-8bf4-4b5a-96e4-b3a42f385893,baf8b6bf-ad23-4583-9e97-947f05e2c773,2dc91b99-072f-41cc-9710-13e239e9ea89,1633169261644,14.3058762,52.267842,6.9731708,-0.712896,0.18458247,-0.8612461,on bike mount,cyclo cross,True,asphalt,excellent
f4ee5635-8bf4-4b5a-96e4-b3a42f385893,baf8b6bf-ad23-4583-9e97-947f05e2c773,b70df923-0dfb-4caa-ac22-c30a4b860c54,1633169261694,14.3058762,52.267842,6.9731708,-0.17875889,0.6577859,0.38344288,on bike mount,cyclo cross,True,asphalt,excellent
f4ee5635-8bf4-4b5a-96e4-b3a42f385893,baf8b6bf-ad23-4583-9e97-947f05e2c773,54f0be78-e512-45a0-a468-e4d282356c61,1633169261771,14.3058762,52.267842,6.9731708,-0.20432225,-0.91711926,-0.42571068,on bike mount,cyclo cross,True,asphalt,excellent
f4ee5635-8bf4-4b5a-96e4-b3a42f385893,baf8b6bf-ad23-4583-9e97-947f05e2c773,bb7fd0bc-8a0a-4d94-a3e8-45ea9574d681,1633169261821,14.3058762,52.267842,6.9731708,0.106389984,-0.26635933,-0.62840176,on bike mount,cyclo cross,True,asphalt,excellent
f4ee5635-8bf4-4b5a-96e4-b3a42f385893,baf8b6bf-ad23-4583-9e97-947f05e2c773,4f26f747-5abd-4d15-b206-b719c17a1bc1,1633169261871,14.3058762,52.267842,6.9731708,-1.0586864,-0.45889425,0.17813015,on bike mount,cyclo cross,True,asphalt,excellent
f4ee5635-8bf4-4b5a-96e4-b3a42f385893,baf8b6bf-ad23-4583-9e97-947f05e2c773,883b632a-1c57-4f70-9e6b-f43c5925feb0,1633169261921,14.3058762,52.267842,6.9731708,-0.026636839,-1.2061799,-0.08084679,on bike mount,cyclo cross,True,asphalt,excellent
f4ee5635-8bf4-4b5a-96e4-b3a42f385893,baf8b6bf-ad23-4583-9e97-947f05e2c773,e14c9e8c-c013-4972-8b58-082907b333ba,1633169261971,14.3059825,52.26785,6.993347,0.51193035,-1.245728,0.5581026,on bike mount,cyclo cross,True,asphalt,excellent
f4ee5635-8bf4-4b5a-96e4-b3a42f385893,baf8b6bf-ad23-4583-9e97-947f05e2c773,8c16f9c8-3ae0-4581-b367-24cd4e99bd16,1633169262021,14.3059825,52.26785,6.993347,1.1115013,0.6295638,0.89612675,on bike mount,cyclo cross,True,asphalt,excellent
f4ee5635-8bf4-4b5a-96e4-b3a42f385893,baf8b6bf-ad23-4583-9e97-947f05e2c773,c95fdfcd-396f-40a6-bcc5-34b0e27a137f,1633169262071,14.3059825,52.26785,6.993347,0.27883342,2.2745337,-1.5950332,on bike mount,cyclo cross,True,asphalt,excellent
f4ee5635-8bf4-4b5a-96e4-b3a42f385893,baf8b6bf-ad23-4583-9e97-947f05e2c773,764ecd22-e545-4e39-9c29-da5c3d687a80,1633169262121,14.3059825,52.26785,6.993347,1.4128013,-2.5788486,-0.6700516,on bike mount,cyclo cross,True,asphalt,excellent
f4ee5635-8bf4-4b5a-96e4-b3a42f385893,baf8b6bf-ad23-4583-9e97-947f05e2c773,2ba662c7-3bf9-4c94-889a-b1914ecdce37,1633169262171,14.3059825,52.26785,6.993347,0.8722911,0.61526537,-0.68411446,on bike mount,cyclo cross,True,asphalt,excellent
f4ee5635-8bf4-4b5a-96e4-b3a42f385893,baf8b6bf-ad23-4583-9e97-947f05e2c773,a033fbc0-675f-443c-b476-7c382f4c6af9,1633169262221,14.3059825,52.26785,6.993347,-0.98407197,-1.1306506,0.3696108,on bike mount,cyclo cross,True,asphalt,excellent
f4ee5635-8bf4-4b5a-96e4-b3a42f385893,baf8b6bf-ad23-4583-9e97-947f05e2c773,6a62ae3b-8c23-4968-9472-c418b44fea2e,1633169262272,14.3059825,52.26785,6.993347,1.0089843,0.21972895,1.0282879,on bike mount,cyclo cross,True,asphalt,excellent
f4ee5635-8bf4-4b5a-96e4-b3a42f385893,baf8b6bf-ad23-4583-9e97-947f05e2c773,c44a1bf4-7f57-4a0f-8873-c0051a1d4938,1633169262322,14.3059825,52.26785,6.993347,0.33093044,-0.8977624,-0.36356068,on bike mount,cyclo cross,True,asphalt,excellent
f4ee5635-8bf4-4b5a-96e4-b3a42f385893,baf8b6bf-ad23-4583-9e97-947f05e2c773,268b9ffb-1594-4cfd-b359-6d8329e65d5f,1633169262373,14.3059825,52.26785,6.993347,-0.6424276,0.3404112,-1.0187845,on bike mount,cyclo cross,True,asphalt,excellent
f4ee5635-8bf4-4b5a-96e4-b3a42f385893,baf8b6bf-ad23-4583-9e97-947f05e2c773,4dbc636a-4015-405d-9b2d-3a8c4e14e93e,1633169262423,14.3059825,52.26785,6.993347,-0.13615802,-0.92778945,2.070691,on bike mount,cyclo cross,True,asphalt,excellent
f4ee5635-8bf4-4b5a-96e4-b3a42f385893,baf8b6bf-ad23-4583-9e97-947f05e2c773,931d6bc9-de96-47ae-a27f-630701b166bc,1633169262473,14.3059825,52.26785,6.993347,-0.5264115,1.5634313,-3.510366,on bike mount,cyclo cross,True,asphalt,excellent
f4ee5635-8bf4-4b5a-96e4-b3a42f385893,baf8b6bf-ad23-4583-9e97-947f05e2c773,b49321ad-8ff2-459f-ad80-bb15bf95c5b8,1633169262524,14.3059825,52.26785,6.993347,-0.8258997,0.9048693,-2.2696667,on bike mount,cyclo cross,True,asphalt,excellent
f4ee5635-8bf4-4b5a-96e4-b3a42f385893,baf8b6bf-ad23-4583-9e97-947f05e2c773,c767c33e-2fb9-40e4-ad91-0ac70e2f52e1,1633169262574,14.3059825,52.26785,6.993347,0.019996464,-0.35956144,-0.77217007,on bike mount,cyclo cross,True,asphalt,excellent
f4ee5635-8bf4-4b5a-96e4-b3a42f385893,baf8b6bf-ad23-4583-9e97-947f05e2c773,44d55ba5-8b2d-4477-b22c-44c223c49691,1633169262624,14.3059825,52.26785,6.993347,-0.54912245,0.9700794,-2.836298,on bike mount,cyclo cross,True,asphalt,excellent
f4ee5635-8bf4-4b5a-96e4-b3a42f385893,baf8b6bf-ad23-4583-9e97-947f05e2c773,59fba915-5dbb-4961-b329-5347ef461449,1633169262675,14.3059825,52.26785,6.993347,-0.0692029,-0.7696228,0.92565155,on bike mount,cyclo cross,True,asphalt,excellent
