bike_activity_uid,bike_activity_sample_uid,bike_activity_measurement,bike_activity_measurement_timestamp,bike_activity_measurement_lon,bike_activity_measurement_lat,bike_activity_measurement_speed,bike_activity_measurement_accelerometer_x,bike_activity_measurement_accelerometer_y,bike_activity_measurement_accelerometer_z,bike_activity_phone_position,bike_activity_bike_type,bike_activity_flagged_lab_conditions,bike_activity_surface_type,bike_activity_smoothness_type
0cbef7ff-c055-4330-b11d-7108f5d00f4d,7304afcc-055d-4e29-b6f2-51ec0dde367a,0fe0aa0f-16c4-4d05-ab82-b28ca1dc72e2,1632422343724,13.427817,52.4963201,3.4982805,-0.9627378,-5.9806194,11.039122,on bike mount,cyclo cross,True,sett,intermediate
0cbef7ff-c055-4330-b11d-7108f5d00f4d,7304afcc-055d-4e29-b6f2-51ec0dde367a,53d3fecb-d0a8-4320-bc57-aa44967ff9ae,1632422343791,13.427817,52.4963201,3.4982805,0.14164585,-8.266536,7.6845036,on bike mount,cyclo cross,True,sett,intermediate
0cbef7ff-c055-4330-b11d-7108f5d00f4d,7304afcc-055d-4e29-b6f2-51ec0dde367a,0532b37c-77e3-4885-920a-363b96ba4315,1632422343841,13.427817,52.4963201,3.4982805,-5.1491723,-14.947054,26.004112,on bike mount,cyclo cross,True,sett,intermediate
0cbef7ff-c055-4330-b11d-7108f5d00f4d,7304afcc-055d-4e29-b6f2-51ec0dde367a,3458ec0a-bfce-40df-ac44-74704c24891e,1632422343908,13.427817,52.4963201,3.4982805,0.9638665,3.8774428,10.107368,on bike mount,cyclo cross,True,sett,intermediate
0cbef7ff-c055-4330-b11d-7108f5d00f4d,7304afcc-055d-4e29-b6f2-51ec0dde367a,8b70aa28-b878-4807-9824-91baf0193bba,1632422343975,13.427817,52.4963201,3.4982805,-0.4530714,19.153301,-14.456776,on bike mount,cyclo cross,True,sett,intermediate
0cbef7ff-c055-4330-b11d-7108f5d00f4d,7304afcc-055d-4e29-b6f2-51ec0dde367a,92ee56d3-95b7-4a4e-9bdc-341dc72e3624,1632422344042,13.427817,52.4963201,3.4982805,-2.3413384,20.997713,-12.1255455,on bike mount,cyclo cross,True,sett,intermediate
0cbef7ff-c055-4330-b11d-7108f5d00f4d,7304afcc-055d-4e29-b6f2-51ec0dde367a,1bff575a-b340-4971-bece-1b1ade7df70e,1632422344092,13.427817,52.4963201,3.4982805,1.49599,-8.806203,2.5698357,on bike mount,cyclo cross,True,sett,intermediate
0cbef7ff-c055-4330-b11d-7108f5d00f4d,7304afcc-055d-4e29-b6f2-51ec0dde367a,cfa4be7c-9ffb-43f7-a4c7-5252445f5aeb,1632422344158,13.427817,52.4963201,3.4982805,0.7812989,10.1889,-10.370745,on bike mount,cyclo cross,True,sett,intermediate
0cbef7ff-c055-4330-b11d-7108f5d00f4d,7304afcc-055d-4e29-b6f2-51ec0dde367a,90c70a33-f6bf-4f0b-92e6-8cd0ef8ef1f2,1632422344225,13.4277746,52.4963323,3.4855561,1.7039948,-1.3159295,-10.785853,on bike mount,cyclo cross,True,sett,intermediate
0cbef7ff-c055-4330-b11d-7108f5d00f4d,7304afcc-055d-4e29-b6f2-51ec0dde367a,1f6ffb72-7523-4173-bd35-57eb333a7a25,1632422344275,13.4277746,52.4963323,3.4855561,-11.600361,9.363518,5.3271503,on bike mount,cyclo cross,True,sett,intermediate
0cbef7ff-c055-4330-b11d-7108f5d00f4d,7304afcc-055d-4e29-b6f2-51ec0dde367a,58416c7c-f175-44cd-8a59-501b89409bf7,1632422344342,13.4277746,52.4963323,3.4855561,-4.6659164,11.019688,-7.7026186,on bike mount,cyclo cross,True,sett,intermediate
0cbef7ff-c055-4330-b11d-7108f5d00f4d,7304afcc-055d-4e29-b6f2-51ec0dde367a,3a51a8a6-6c1d-45dd-85b3-afc70d74b58e,1632422344392,13.4277746,52.4963323,3.4855561,-3.379036,-8.043133,10.5186405,on bike mount,cyclo cross,True,sett,intermediate
0cbef7ff-c055-4330-b11d-7108f5d00f4d,7304afcc-055d-4e29-b6f2-51ec0dde367a,4de8ccc3-d1ce-4a0d-8a03-5aed58671249,1632422344459,13.4277746,52.4963323,3.4855561,-3.2610161,4.844273,-28.090176,on bike mount,cyclo cross,True,sett,intermediate
0cbef7ff-c055-4330-b11d-7108f5d00f4d,7304afcc-055d-4e29-b6f2-51ec0dde367a,5a5dc7b3-fa1a-4402-a7f1-e94f41a70e3b,1632422344526,13.4277746,52.4963323,3.4855561,-3.4170797,10.793053,-8.138069,on bike mount,cyclo cross,True,sett,intermediate
0cbef7ff-c055-4330-b11d-7108f5d00f4d,7304afcc-055d-4e29-b6f2-51ec0dde367a,53554ab6-a031-47fe-b3ee-d44722e9997f,1632422344592,13.4277746,52.4963323,3.4855561,1.760505,2.8315535,-0.93767166,on bike mount,cyclo cross,True,sett,intermediate
0cbef7ff-c055-4330-b11d-7108f5d00f4d,7304afcc-055d-4e29-b6f2-51ec0dde367a,b4063c98-f5ae-489d-aee9-f8a54c93f27d,1632422344659,13.4277746,52.4963323,3.4855561,-3.787931,-11.363292,17.086727,on bike mount,cyclo cross,True,sett,intermediate
0cbef7ff-c055-4330-b11d-7108f5d00f4d,7304afcc-055d-4e29-b6f2-51ec0dde367a,4b6ca222-9382-44da-b5fb-2be80abbc4cf,1632422344726,13.4277746,52.4963323,3.4855561,-6.516753,16.761763,-8.246934,on bike mount,cyclo cross,True,sett,intermediate
0cbef7ff-c055-4330-b11d-7108f5d00f4d,7304afcc-055d-4e29-b6f2-51ec0dde367a,41c4c987-439b-4997-a22a-13486692eda0,1632422344793,13.4277466,52.4963399,3.5072963,-0.79781246,14.969843,-6.761353,on bike mount,cyclo cross,True,sett,intermediate
0cbef7ff-c055-4330-b11d-7108f5d00f4d,7304afcc-055d-4e29-b6f2-51ec0dde367a,ba9f3436-bbf7-482b-b555-2b0ddca4f3d4,1632422344860,13.4277466,52.4963399,3.5072963,6.0141745,-17.520338,4.5158253,on bike mount,cyclo cross,True,sett,intermediate
0cbef7ff-c055-4330-b11d-7108f5d00f4d,7304afcc-055d-4e29-b6f2-51ec0dde367a,09f21d46-84c4-406a-9d40-0a2923cbf01a,1632422344927,13.4277466,52.4963399,3.5072963,2.6385422,5.893648,-0.72669303,on bike mount,cyclo cross,True,sett,intermediate
0cbef7ff-c055-4330-b11d-7108f5d00f4d,7304afcc-055d-4e29-b6f2-51ec0dde367a,053a6bb5-c79a-4e19-9c94-5e107ae6df58,1632422344993,13.4277466,52.4963399,3.5072963,-8.546178,5.999033,-13.777712,on bike mount,cyclo cross,True,sett,intermediate
0cbef7ff-c055-4330-b11d-7108f5d00f4d,7304afcc-055d-4e29-b6f2-51ec0dde367a,2f9f2f23-781d-42a7-b159-78bbc6fe423d,1632422345060,13.4277466,52.4963399,3.5072963,-0.023804665,10.307955,-14.900835,on bike mount,cyclo cross,True,sett,intermediate
0cbef7ff-c055-4330-b11d-7108f5d00f4d,7304afcc-055d-4e29-b6f2-51ec0dde367a,d5bd9f51-d796-4ce2-aba8-90de9ee04a8f,1632422345127,13.4277466,52.4963399,3.5072963,-5.9450846,8.54954,7.468665,on bike mount,cyclo cross,True,sett,intermediate
0cbef7ff-c055-4330-b11d-7108f5d00f4d,7304afcc-055d-4e29-b6f2-51ec0dde367a,25b64b0c-dd1a-486b-b918-e82c53ce0041,1632422345194,13.4277466,52.4963399,3.5072963,-3.0441074,6.1981754,11.424553,on bike mount,cyclo cross,True,sett,intermediate
0cbef7ff-c055-4330-b11d-7108f5d00f4d,7304afcc-055d-4e29-b6f2-51ec0dde367a,08ed15ef-c816-4969-b6ce-e06168a650dd,1632422345260,13.4277466,52.4963399,3.5072963,3.7399025,8.393789,4.5942774,on bike mount,cyclo cross,True,sett,intermediate
0cbef7ff-c055-4330-b11d-7108f5d00f4d,7304afcc-055d-4e29-b6f2-51ec0dde367a,3ae8f61f-d0d8-4d54-a829-18c32b99ebb6,1632422345327,13.4277466,52.4963399,3.5072963,1.9671911,-20.543543,12.184685,on bike mount,cyclo cross,True,sett,intermediate
0cbef7ff-c055-4330-b11d-7108f5d00f4d,7304afcc-055d-4e29-b6f2-51ec0dde367a,f1134b57-3abc-4c38-9453-8593c6435097,1632422345394,13.4277466,52.4963399,3.5072963,1.2912195,-28.658638,9.271072,on bike mount,cyclo cross,True,sett,intermediate
0cbef7ff-c055-4330-b11d-7108f5d00f4d,7304afcc-055d-4e29-b6f2-51ec0dde367a,4fae4af6-492f-4514-922d-518e48d51590,1632422345461,13.4277466,52.4963399,3.5072963,2.192956,-5.537119,-0.78747606,on bike mount,cyclo cross,True,sett,intermediate
0cbef7ff-c055-4330-b11d-7108f5d00f4d,7304afcc-055d-4e29-b6f2-51ec0dde367a,55681dea-147b-4f20-aa8e-46e9c0209994,1632422345511,13.4277466,52.4963399,3.5072963,-0.31008512,8.344531,-11.601609,on bike mount,cyclo cross,True,sett,intermediate
0cbef7ff-c055-4330-b11d-7108f5d00f4d,7304afcc-055d-4e29-b6f2-51ec0dde367a,997137f2-3507-42d2-86fd-0bdc8b880fe0,1632422345578,13.4277466,52.4963399,3.5072963,1.0709794,3.8626137,3.421359,on bike mount,cyclo cross,True,sett,intermediate
0cbef7ff-c055-4330-b11d-7108f5d00f4d,7304afcc-055d-4e29-b6f2-51ec0dde367a,51fc45a5-855e-4a13-894f-1090923e892c,1632422345645,13.4277466,52.4963399,3.5072963,-6.2539873,7.276718,7.442112,on bike mount,cyclo cross,True,sett,intermediate
0cbef7ff-c055-4330-b11d-7108f5d00f4d,7304afcc-055d-4e29-b6f2-51ec0dde367a,7cd1ca13-74b0-444a-973e-06cc33f21ad6,1632422345711,13.4277006,52.4963508,3.5894632,4.821599,15.790905,8.054537,on bike mount,cyclo cross,True,sett,intermediate
0cbef7ff-c055-4330-b11d-7108f5d00f4d,7304afcc-055d-4e29-b6f2-51ec0dde367a,3744c220-a7f2-4e30-b161-28a303310857,1632422345778,13.4277006,52.4963508,3.5894632,1.2768538,3.1448617,20.848963,on bike mount,cyclo cross,True,sett,intermediate
0cbef7ff-c055-4330-b11d-7108f5d00f4d,7304afcc-055d-4e29-b6f2-51ec0dde367a,be1cc7b3-f8ae-4b37-83c0-099ba7f553b4,1632422345845,13.4277006,52.4963508,3.5894632,2.8329191,1.8924882,16.196205,on bike mount,cyclo cross,True,sett,intermediate
0cbef7ff-c055-4330-b11d-7108f5d00f4d,7304afcc-055d-4e29-b6f2-51ec0dde367a,52e91ce0-012d-4368-a36a-37e7dcddd1e1,1632422345912,13.4277006,52.4963508,3.5894632,1.8939252,-6.7227306,-1.6874518,on bike mount,cyclo cross,True,sett,intermediate
0cbef7ff-c055-4330-b11d-7108f5d00f4d,7304afcc-055d-4e29-b6f2-51ec0dde367a,ec18d2cf-1100-41d4-b6f7-81eab85762be,1632422345979,13.4277006,52.4963508,3.5894632,-3.287577,-1.3616734,-14.517336,on bike mount,cyclo cross,True,sett,intermediate
0cbef7ff-c055-4330-b11d-7108f5d00f4d,7304afcc-055d-4e29-b6f2-51ec0dde367a,8216cda3-f717-45b8-a109-1e6c9bf0e943,1632422346046,13.4277006,52.4963508,3.5894632,-2.7187343,-4.2062364,-10.613815,on bike mount,cyclo cross,True,sett,intermediate
0cbef7ff-c055-4330-b11d-7108f5d00f4d,7304afcc-055d-4e29-b6f2-51ec0dde367a,333b34b8-9931-432f-9c19-490ef9ae797a,1632422346112,13.4277006,52.4963508,3.5894632,-3.6388545,-3.7121847,17.348335,on bike mount,cyclo cross,True,sett,intermediate
0cbef7ff-c055-4330-b11d-7108f5d00f4d,7304afcc-055d-4e29-b6f2-51ec0dde367a,28c9a3d4-1f08-42d4-871d-ea498573a381,1632422346179,13.4277006,52.4963508,3.5894632,-0.5068384,-0.018596172,10.078816,on bike mount,cyclo cross,True,sett,intermediate
0cbef7ff-c055-4330-b11d-7108f5d00f4d,7304afcc-055d-4e29-b6f2-51ec0dde367a,8ea50662-91ce-46a5-a736-e9fc3b5491d4,1632422346232,13.427671,52.4963581,3.6196687,-0.97767437,6.4898386,-5.1866894,on bike mount,cyclo cross,True,sett,intermediate
0cbef7ff-c055-4330-b11d-7108f5d00f4d,7304afcc-055d-4e29-b6f2-51ec0dde367a,009a269a-dd3c-4c88-8b69-e7318930b8f7,1632422346295,13.427671,52.4963581,3.6196687,-1.5376842,-9.300012,3.533453,on bike mount,cyclo cross,True,sett,intermediate
0cbef7ff-c055-4330-b11d-7108f5d00f4d,7304afcc-055d-4e29-b6f2-51ec0dde367a,01c3aad3-20d3-400d-b32f-ec85b3544d3f,1632422346346,13.427671,52.4963581,3.6196687,0.669836,9.315416,-8.677525,on bike mount,cyclo cross,True,sett,intermediate
0cbef7ff-c055-4330-b11d-7108f5d00f4d,7304afcc-055d-4e29-b6f2-51ec0dde367a,f6c244e6-21fa-42c0-bd60-fd0e701a30ef,1632422346396,13.427671,52.4963581,3.6196687,2.1132598,-2.3240175,-8.25799,on bike mount,cyclo cross,True,sett,intermediate
0cbef7ff-c055-4330-b11d-7108f5d00f4d,7304afcc-055d-4e29-b6f2-51ec0dde367a,cd234e85-4d41-403a-b4e8-add478d46c6f,1632422346463,13.427671,52.4963581,3.6196687,2.3936448,-7.239544,-3.715465,on bike mount,cyclo cross,True,sett,intermediate
0cbef7ff-c055-4330-b11d-7108f5d00f4d,7304afcc-055d-4e29-b6f2-51ec0dde367a,fae9eb4f-8274-49bd-a684-085b69468592,1632422346530,13.427671,52.4963581,3.6196687,-0.9446118,-0.5276909,-3.5730739,on bike mount,cyclo cross,True,sett,intermediate
0cbef7ff-c055-4330-b11d-7108f5d00f4d,7304afcc-055d-4e29-b6f2-51ec0dde367a,15e32f9f-b18a-4d29-be3d-e3dc1541955d,1632422346597,13.427671,52.4963581,3.6196687,1.3726721,0.17279577,2.82621,on bike mount,cyclo cross,True,sett,intermediate
0cbef7ff-c055-4330-b11d-7108f5d00f4d,7304afcc-055d-4e29-b6f2-51ec0dde367a,267dc914-8fa6-4e61-903b-f29fc32241f6,1632422346647,13.427671,52.4963581,3.6196687,0.8960988,-18.097538,15.004007,on bike mount,cyclo cross,True,sett,intermediate
0cbef7ff-c055-4330-b11d-7108f5d00f4d,7304afcc-055d-4e29-b6f2-51ec0dde367a,2867594f-75d0-46ef-95d6-bc2a2d241685,1632422346714,13.427671,52.4963581,3.6196687,-0.8345909,9.033133,-2.4457254,on bike mount,cyclo cross,True,sett,intermediate
0cbef7ff-c055-4330-b11d-7108f5d00f4d,7304afcc-055d-4e29-b6f2-51ec0dde367a,421a90d2-4969-4b3e-a375-c34b64861068,1632422346780,13.427671,52.4963581,3.6196687,-0.17469475,-1.516321,-5.845347,on bike mount,cyclo cross,True,sett,intermediate
0cbef7ff-c055-4330-b11d-7108f5d00f4d,7304afcc-055d-4e29-b6f2-51ec0dde367a,6a15f333-6c82-41f6-ab3d-7895e5e1273c,1632422346847,13.427671,52.4963581,3.6196687,2.4058433,-7.4045167,-6.7080116,on bike mount,cyclo cross,True,sett,intermediate
0cbef7ff-c055-4330-b11d-7108f5d00f4d,7304afcc-055d-4e29-b6f2-51ec0dde367a,fe12c46c-62f6-4f12-acb6-f994dd696d8f,1632422346897,13.427671,52.4963581,3.6196687,2.9739718,3.5558505,-17.223484,on bike mount,cyclo cross,True,sett,intermediate
0cbef7ff-c055-4330-b11d-7108f5d00f4d,7304afcc-055d-4e29-b6f2-51ec0dde367a,b70aad69-b3bb-424e-ab18-5abe31813193,1632422346964,13.427671,52.4963581,3.6196687,1.8723565,3.3889418,-4.475689,on bike mount,cyclo cross,True,sett,intermediate
0cbef7ff-c055-4330-b11d-7108f5d00f4d,7304afcc-055d-4e29-b6f2-51ec0dde367a,c0abdbaf-d631-4673-bf47-92df75617b87,1632422347031,13.427671,52.4963581,3.6196687,-0.46446186,0.4775586,-5.08119,on bike mount,cyclo cross,True,sett,intermediate
0cbef7ff-c055-4330-b11d-7108f5d00f4d,7304afcc-055d-4e29-b6f2-51ec0dde367a,1cf0be65-ace8-4e78-b6ad-e955b727c20e,1632422347098,13.427671,52.4963581,3.6196687,-5.019291,13.878723,0.024680614,on bike mount,cyclo cross,True,sett,intermediate
0cbef7ff-c055-4330-b11d-7108f5d00f4d,7304afcc-055d-4e29-b6f2-51ec0dde367a,fe01db86-0366-413e-b52e-9e84807b3012,1632422347165,13.4276246,52.4963696,3.6783252,-2.7256327,15.178261,-24.402107,on bike mount,cyclo cross,True,sett,intermediate
0cbef7ff-c055-4330-b11d-7108f5d00f4d,7304afcc-055d-4e29-b6f2-51ec0dde367a,e1a2318f-8f6b-4b8f-9272-2f7fb7236241,1632422347231,13.4276246,52.4963696,3.6783252,0.27887276,5.4168696,-15.788231,on bike mount,cyclo cross,True,sett,intermediate
0cbef7ff-c055-4330-b11d-7108f5d00f4d,7304afcc-055d-4e29-b6f2-51ec0dde367a,cdc88c37-2411-435a-8d99-ff562507b8b7,1632422347298,13.4276246,52.4963696,3.6783252,4.571112,1.8247766,-1.0604148,on bike mount,cyclo cross,True,sett,intermediate
0cbef7ff-c055-4330-b11d-7108f5d00f4d,7304afcc-055d-4e29-b6f2-51ec0dde367a,89bbb1f4-f93f-456b-8173-ab243a5c438b,1632422347365,13.4276246,52.4963696,3.6783252,-2.019338,13.4291935,0.3190155,on bike mount,cyclo cross,True,sett,intermediate
0cbef7ff-c055-4330-b11d-7108f5d00f4d,7304afcc-055d-4e29-b6f2-51ec0dde367a,05f7211b-3be9-48ed-a47e-b56ce510fa3a,1632422347432,13.4276246,52.4963696,3.6783252,-4.8203955,-2.422864,5.6225414,on bike mount,cyclo cross,True,sett,intermediate
0cbef7ff-c055-4330-b11d-7108f5d00f4d,7304afcc-055d-4e29-b6f2-51ec0dde367a,27b2ee21-a065-4aad-87a2-86159d91bf39,1632422347499,13.4276246,52.4963696,3.6783252,5.9613285,10.369947,-7.782796,on bike mount,cyclo cross,True,sett,intermediate
0cbef7ff-c055-4330-b11d-7108f5d00f4d,7304afcc-055d-4e29-b6f2-51ec0dde367a,8b04b68f-0110-47dd-ba95-802e5c6157e7,1632422347549,13.4276246,52.4963696,3.6783252,3.1777987,3.6704512,-7.9621897,on bike mount,cyclo cross,True,sett,intermediate
0cbef7ff-c055-4330-b11d-7108f5d00f4d,7304afcc-055d-4e29-b6f2-51ec0dde367a,e8cb1900-d38c-47db-95dd-6b84046c1262,1632422347615,13.4276246,52.4963696,3.6783252,-5.3630047,8.5123005,-1.1648645,on bike mount,cyclo cross,True,sett,intermediate
0cbef7ff-c055-4330-b11d-7108f5d00f4d,7304afcc-055d-4e29-b6f2-51ec0dde367a,73b38bd6-7e90-4763-97b4-8d2a17178ca7,1632422347682,13.4276246,52.4963696,3.6783252,-1.6723949,-6.1734157,27.06919,on bike mount,cyclo cross,True,sett,intermediate
0cbef7ff-c055-4330-b11d-7108f5d00f4d,7304afcc-055d-4e29-b6f2-51ec0dde367a,296f764a-4fa4-4198-b9bd-8578ad16f668,1632422347749,13.4276246,52.4963696,3.6783252,-16.095184,37.05632,-6.093331,on bike mount,cyclo cross,True,sett,intermediate
0cbef7ff-c055-4330-b11d-7108f5d00f4d,7304afcc-055d-4e29-b6f2-51ec0dde367a,6e8c87fe-7555-42f2-83b6-21bb2dfffa23,1632422347799,13.4276246,52.4963696,3.6783252,-3.5588443,7.381895,-11.333011,on bike mount,cyclo cross,True,sett,intermediate
0cbef7ff-c055-4330-b11d-7108f5d00f4d,7304afcc-055d-4e29-b6f2-51ec0dde367a,ba13cf3e-655f-4fcf-a78e-ef440287c93c,1632422347849,13.4276246,52.4963696,3.6783252,-1.5055075,-4.8331447,14.373802,on bike mount,cyclo cross,True,sett,intermediate
0cbef7ff-c055-4330-b11d-7108f5d00f4d,7304afcc-055d-4e29-b6f2-51ec0dde367a,84c4b5d9-ee3e-4acd-8a0d-7e68d3f7d6a8,1632422347916,13.4276246,52.4963696,3.6783252,1.443976,9.191954,-2.5847507,on bike mount,cyclo cross,True,sett,intermediate
0cbef7ff-c055-4330-b11d-7108f5d00f4d,7304afcc-055d-4e29-b6f2-51ec0dde367a,1ea626bc-41b7-446f-bdd6-cf21252e5c4a,1632422347983,13.4276246,52.4963696,3.6783252,-6.5289536,-5.83793,-4.54452,on bike mount,cyclo cross,True,sett,intermediate
0cbef7ff-c055-4330-b11d-7108f5d00f4d,7304afcc-055d-4e29-b6f2-51ec0dde367a,f8fbcf12-887b-48c4-8694-f2e1e64cb3ea,1632422348050,13.4276246,52.4963696,3.6783252,-0.56156456,-20.829178,30.94313,on bike mount,cyclo cross,True,sett,intermediate
0cbef7ff-c055-4330-b11d-7108f5d00f4d,7304afcc-055d-4e29-b6f2-51ec0dde367a,1e47d910-0068-475b-a5f5-f13f7c8ca1a6,1632422348116,13.4276246,52.4963696,3.6783252,5.5334916,-26.032553,20.45244,on bike mount,cyclo cross,True,sett,intermediate
0cbef7ff-c055-4330-b11d-7108f5d00f4d,7304afcc-055d-4e29-b6f2-51ec0dde367a,2a42ea46-8271-4733-bc76-605d0296a1cb,1632422348183,13.4276246,52.4963696,3.6783252,1.1270615,4.950939,-16.937826,on bike mount,cyclo cross,True,sett,intermediate
0cbef7ff-c055-4330-b11d-7108f5d00f4d,7304afcc-055d-4e29-b6f2-51ec0dde367a,fe8d6cb7-37be-414e-8b58-1f434f4fce9f,1632422348250,13.4276246,52.4963696,3.6783252,1.8769219,-16.20369,10.4555,on bike mount,cyclo cross,True,sett,intermediate
0cbef7ff-c055-4330-b11d-7108f5d00f4d,7304afcc-055d-4e29-b6f2-51ec0dde367a,02ad0f94-b0c3-4f6f-be41-bf9dd2d92b30,1632422348316,13.4275412,52.4963896,3.9522934,0.38358784,-22.255222,15.187906,on bike mount,cyclo cross,True,sett,intermediate
0cbef7ff-c055-4330-b11d-7108f5d00f4d,7304afcc-055d-4e29-b6f2-51ec0dde367a,46f96cdb-b639-43d5-a52d-c1a308d4a59e,1632422348366,13.4275412,52.4963896,3.9522934,0.21452248,5.8876038,-3.1783566,on bike mount,cyclo cross,True,sett,intermediate
0cbef7ff-c055-4330-b11d-7108f5d00f4d,7304afcc-055d-4e29-b6f2-51ec0dde367a,ed4eb12f-d3d1-4184-b431-4e364b7d9e58,1632422348417,13.4275412,52.4963896,3.9522934,6.019129,21.914776,-4.837423,on bike mount,cyclo cross,True,sett,intermediate
0cbef7ff-c055-4330-b11d-7108f5d00f4d,7304afcc-055d-4e29-b6f2-51ec0dde367a,2fa979be-ed55-4c00-ba6f-44c7c4cb18ae,1632422348467,13.4275412,52.4963896,3.9522934,5.127457,-3.1179821,-6.5430326,on bike mount,cyclo cross,True,sett,intermediate
0cbef7ff-c055-4330-b11d-7108f5d00f4d,7304afcc-055d-4e29-b6f2-51ec0dde367a,40aec2ef-37cc-4c8c-a35a-18ad9cd333ec,1632422348534,13.4275412,52.4963896,3.9522934,-5.691617,14.325676,-6.2907267,on bike mount,cyclo cross,True,sett,intermediate
0cbef7ff-c055-4330-b11d-7108f5d00f4d,7304afcc-055d-4e29-b6f2-51ec0dde367a,254898c3-38e1-4258-978c-67d1e9531f6e,1632422348601,13.4275412,52.4963896,3.9522934,-2.0125546,-3.010368,-10.9773,on bike mount,cyclo cross,True,sett,intermediate
0cbef7ff-c055-4330-b11d-7108f5d00f4d,7304afcc-055d-4e29-b6f2-51ec0dde367a,8ddbf707-65a4-4ee9-a096-424e72f84b07,1632422348668,13.4275412,52.4963896,3.9522934,0.050299138,8.949331,-13.120756,on bike mount,cyclo cross,True,sett,intermediate
0cbef7ff-c055-4330-b11d-7108f5d00f4d,7304afcc-055d-4e29-b6f2-51ec0dde367a,66d43d77-6ba6-4d1c-a2e1-431f261822fe,1632422348735,13.4275412,52.4963896,3.9522934,-6.4098835,5.0182886,-7.5776796,on bike mount,cyclo cross,True,sett,intermediate
0cbef7ff-c055-4330-b11d-7108f5d00f4d,7304afcc-055d-4e29-b6f2-51ec0dde367a,5e6cab96-138f-4d42-95c8-5878303adb3f,1632422348785,13.4275412,52.4963896,3.9522934,-2.1818266,-3.3779862,4.4771338,on bike mount,cyclo cross,True,sett,intermediate
0cbef7ff-c055-4330-b11d-7108f5d00f4d,7304afcc-055d-4e29-b6f2-51ec0dde367a,c820d955-11bd-4b37-a264-257fd9e50c0b,1632422348851,13.4275412,52.4963896,3.9522934,-0.24081981,-9.7187605,3.0092468,on bike mount,cyclo cross,True,sett,intermediate
0cbef7ff-c055-4330-b11d-7108f5d00f4d,7304afcc-055d-4e29-b6f2-51ec0dde367a,525d60bf-3128-4c7d-842f-55008dff09e1,1632422348918,13.4275412,52.4963896,3.9522934,-5.145466,-10.033186,13.702374,on bike mount,cyclo cross,True,sett,intermediate
0cbef7ff-c055-4330-b11d-7108f5d00f4d,7304afcc-055d-4e29-b6f2-51ec0dde367a,e74e3d02-d864-472a-86c8-a80116c4d465,1632422348985,13.4275412,52.4963896,3.9522934,-1.4920297,-1.5045247,-16.317474,on bike mount,cyclo cross,True,sett,intermediate
0cbef7ff-c055-4330-b11d-7108f5d00f4d,7304afcc-055d-4e29-b6f2-51ec0dde367a,8d3eb39b-651d-4ef5-a99d-a1046668b3c0,1632422349035,13.4275412,52.4963896,3.9522934,-2.363928,10.031361,10.627068,on bike mount,cyclo cross,True,sett,intermediate
0cbef7ff-c055-4330-b11d-7108f5d00f4d,7304afcc-055d-4e29-b6f2-51ec0dde367a,8bb19373-aca1-40d3-8a83-a0a926b96574,1632422349085,13.4275412,52.4963896,3.9522934,5.1772757,-12.3344755,20.147858,on bike mount,cyclo cross,True,sett,intermediate
0cbef7ff-c055-4330-b11d-7108f5d00f4d,7304afcc-055d-4e29-b6f2-51ec0dde367a,79b0a328-9b98-43aa-8ed3-769173ee1f91,1632422349152,13.4275412,52.4963896,3.9522934,-2.4120708,-9.951981,28.660542,on bike mount,cyclo cross,True,sett,intermediate
0cbef7ff-c055-4330-b11d-7108f5d00f4d,7304afcc-055d-4e29-b6f2-51ec0dde367a,6d82667c-34ad-4ade-94f4-bdff8307a519,1632422349203,13.4275412,52.4963896,3.9522934,1.70302,6.0177355,11.880873,on bike mount,cyclo cross,True,sett,intermediate
0cbef7ff-c055-4330-b11d-7108f5d00f4d,7304afcc-055d-4e29-b6f2-51ec0dde367a,a284d81f-99f1-494b-83a1-9192a03ea460,1632422349269,13.4274819,52.4964111,4.5598917,-1.9295871,-8.673909,6.792225,on bike mount,cyclo cross,True,sett,intermediate
0cbef7ff-c055-4330-b11d-7108f5d00f4d,7304afcc-055d-4e29-b6f2-51ec0dde367a,f4b5608c-c983-4603-beec-7366b1ceed71,1632422349318,13.4274819,52.4964111,4.5598917,-2.4244103,5.0034266,5.5323887,on bike mount,cyclo cross,True,sett,intermediate
0cbef7ff-c055-4330-b11d-7108f5d00f4d,7304afcc-055d-4e29-b6f2-51ec0dde367a,a58d44dc-5c6f-472d-af36-9abbfc67b9ef,1632422349369,13.4274819,52.4964111,4.5598917,2.731723,-31.704428,28.276588,on bike mount,cyclo cross,True,sett,intermediate
0cbef7ff-c055-4330-b11d-7108f5d00f4d,7304afcc-055d-4e29-b6f2-51ec0dde367a,f59da0e3-a9ca-4248-8d15-fa4207ec3583,1632422349436,13.4274819,52.4964111,4.5598917,3.241113,9.297056,-4.4863806,on bike mount,cyclo cross,True,sett,intermediate
0cbef7ff-c055-4330-b11d-7108f5d00f4d,7304afcc-055d-4e29-b6f2-51ec0dde367a,f234b145-e568-4f08-8759-486399c1fac4,1632422349503,13.4274819,52.4964111,4.5598917,4.382328,-1.6082213,11.386625,on bike mount,cyclo cross,True,sett,intermediate
0cbef7ff-c055-4330-b11d-7108f5d00f4d,7304afcc-055d-4e29-b6f2-51ec0dde367a,8973240a-4a4a-4700-9f2e-ea0465637292,1632422349570,13.4274819,52.4964111,4.5598917,1.8120146,-0.6107383,-11.080639,on bike mount,cyclo cross,True,sett,intermediate
0cbef7ff-c055-4330-b11d-7108f5d00f4d,7304afcc-055d-4e29-b6f2-51ec0dde367a,e0706d6e-ed4b-424c-9090-8fde9ab49b8b,1632422349650,13.4274819,52.4964111,4.5598917,3.0289993,-21.676054,-3.9521527,on bike mount,cyclo cross,True,sett,intermediate
0cbef7ff-c055-4330-b11d-7108f5d00f4d,7304afcc-055d-4e29-b6f2-51ec0dde367a,015e7bd1-78b0-44d4-947a-cad0b0a46f5f,1632422349703,13.4274819,52.4964111,4.5598917,2.856847,-13.152279,11.646399,on bike mount,cyclo cross,True,sett,intermediate
0cbef7ff-c055-4330-b11d-7108f5d00f4d,7304afcc-055d-4e29-b6f2-51ec0dde367a,189fb68b-2b21-4d17-a843-826639564886,1632422349753,13.4274819,52.4964111,4.5598917,1.3299493,5.5226154,-8.207014,on bike mount,cyclo cross,True,sett,intermediate
0cbef7ff-c055-4330-b11d-7108f5d00f4d,7304afcc-055d-4e29-b6f2-51ec0dde367a,27f54ab2-f3da-4318-8daa-00bb4eab3c1e,1632422349820,13.4274819,52.4964111,4.5598917,-1.9448632,-7.430344,-1.2907424,on bike mount,cyclo cross,True,sett,intermediate
0cbef7ff-c055-4330-b11d-7108f5d00f4d,7304afcc-055d-4e29-b6f2-51ec0dde367a,51b3620d-b453-4a5e-a89b-158674a55e38,1632422349887,13.4274819,52.4964111,4.5598917,-0.14712384,13.978451,-13.383909,on bike mount,cyclo cross,True,sett,intermediate
0cbef7ff-c055-4330-b11d-7108f5d00f4d,7304afcc-055d-4e29-b6f2-51ec0dde367a,2e242862-591d-44d0-ad0e-bff35914fe68,1632422349954,13.4274819,52.4964111,4.5598917,-9.047937,0.68601704,-0.905077,on bike mount,cyclo cross,True,sett,intermediate
0cbef7ff-c055-4330-b11d-7108f5d00f4d,7304afcc-055d-4e29-b6f2-51ec0dde367a,768802d6-b59d-4b2f-b418-bd1e9e232cf2,1632422350020,13.4274819,52.4964111,4.5598917,2.7084246,2.586794,-14.305712,on bike mount,cyclo cross,True,sett,intermediate
0cbef7ff-c055-4330-b11d-7108f5d00f4d,7304afcc-055d-4e29-b6f2-51ec0dde367a,0a70ae81-9b4a-42cd-b599-9bc60de0e13f,1632422350087,13.4274819,52.4964111,4.5598917,-7.553953,-6.2905636,5.9071035,on bike mount,cyclo cross,True,sett,intermediate
0cbef7ff-c055-4330-b11d-7108f5d00f4d,7304afcc-055d-4e29-b6f2-51ec0dde367a,905f60ae-bd65-4306-86ea-049c7140131d,1632422350154,13.4274819,52.4964111,4.5598917,-0.11693871,-2.1410565,-6.0375676,on bike mount,cyclo cross,True,sett,intermediate
0cbef7ff-c055-4330-b11d-7108f5d00f4d,7304afcc-055d-4e29-b6f2-51ec0dde367a,ce047cad-2432-4d62-a5cd-faad413a328e,1632422350221,13.4274819,52.4964111,4.5598917,5.2700925,5.940961,4.769864,on bike mount,cyclo cross,True,sett,intermediate
0cbef7ff-c055-4330-b11d-7108f5d00f4d,7304afcc-055d-4e29-b6f2-51ec0dde367a,a768f806-4b48-46d7-91e0-aa08a7e5367b,1632422350288,13.4274238,52.4964277,4.560424,0.1990055,-17.213293,2.7199736,on bike mount,cyclo cross,True,sett,intermediate
0cbef7ff-c055-4330-b11d-7108f5d00f4d,7304afcc-055d-4e29-b6f2-51ec0dde367a,da64b4da-6a49-495b-bf51-d0b0aa1246cb,1632422350354,13.4274238,52.4964277,4.560424,-6.777132,-0.8926532,-14.880005,on bike mount,cyclo cross,True,sett,intermediate
0cbef7ff-c055-4330-b11d-7108f5d00f4d,7304afcc-055d-4e29-b6f2-51ec0dde367a,e0b25628-bb6e-4b96-9760-35e08ddbfeea,1632422350421,13.4274238,52.4964277,4.560424,0.080001116,-17.885437,23.610195,on bike mount,cyclo cross,True,sett,intermediate
0cbef7ff-c055-4330-b11d-7108f5d00f4d,7304afcc-055d-4e29-b6f2-51ec0dde367a,4c11c512-d3b7-4a6b-aa3e-98a80cc4484d,1632422350488,13.4274238,52.4964277,4.560424,0.4260194,9.5134735,-11.402406,on bike mount,cyclo cross,True,sett,intermediate
0cbef7ff-c055-4330-b11d-7108f5d00f4d,7304afcc-055d-4e29-b6f2-51ec0dde367a,70eaae92-dcae-4640-a78f-d1af0a5c8b7e,1632422350555,13.4274238,52.4964277,4.560424,0.9218875,-10.341986,-1.4974217,on bike mount,cyclo cross,True,sett,intermediate
0cbef7ff-c055-4330-b11d-7108f5d00f4d,7304afcc-055d-4e29-b6f2-51ec0dde367a,f44c6561-74d4-4d84-ab15-cd3cddaf8cf0,1632422350605,13.4274238,52.4964277,4.560424,0.4754268,-19.325882,14.447342,on bike mount,cyclo cross,True,sett,intermediate
0cbef7ff-c055-4330-b11d-7108f5d00f4d,7304afcc-055d-4e29-b6f2-51ec0dde367a,ae3ced70-d5e4-4399-b304-97ad754fac3d,1632422350672,13.4274238,52.4964277,4.560424,3.1937082,4.23547,-1.9499936,on bike mount,cyclo cross,True,sett,intermediate
0cbef7ff-c055-4330-b11d-7108f5d00f4d,7304afcc-055d-4e29-b6f2-51ec0dde367a,a10cd4b2-449e-4885-9129-2715bee52cce,1632422350739,13.4274238,52.4964277,4.560424,1.6701124,-18.136557,-5.0219374,on bike mount,cyclo cross,True,sett,intermediate
0cbef7ff-c055-4330-b11d-7108f5d00f4d,7304afcc-055d-4e29-b6f2-51ec0dde367a,41c6762d-8b61-4931-8b59-fa7fda0f0d43,1632422350805,13.427393,52.4964367,4.56569,-3.8020601,9.77719,-24.670029,on bike mount,cyclo cross,True,sett,intermediate
0cbef7ff-c055-4330-b11d-7108f5d00f4d,7304afcc-055d-4e29-b6f2-51ec0dde367a,09a4aa55-d994-4852-8721-cb3fb839b4da,1632422350872,13.427393,52.4964367,4.56569,5.3686514,-13.546215,27.384336,on bike mount,cyclo cross,True,sett,intermediate
0cbef7ff-c055-4330-b11d-7108f5d00f4d,7304afcc-055d-4e29-b6f2-51ec0dde367a,2d7e8001-06a4-45be-89a6-f5fe971056ef,1632422350939,13.427393,52.4964367,4.56569,-1.0420431,5.3952293,-11.86787,on bike mount,cyclo cross,True,sett,intermediate
0cbef7ff-c055-4330-b11d-7108f5d00f4d,7304afcc-055d-4e29-b6f2-51ec0dde367a,52325f42-403e-4f15-a944-424e0cdbfc52,1632422351006,13.427393,52.4964367,4.56569,-0.7565193,-11.064264,6.152878,on bike mount,cyclo cross,True,sett,intermediate
0cbef7ff-c055-4330-b11d-7108f5d00f4d,7304afcc-055d-4e29-b6f2-51ec0dde367a,b7f703fa-470a-4651-9d41-d1fa0e785027,1632422351073,13.427393,52.4964367,4.56569,0.26369715,4.589835,-5.7420774,on bike mount,cyclo cross,True,sett,intermediate
0cbef7ff-c055-4330-b11d-7108f5d00f4d,7304afcc-055d-4e29-b6f2-51ec0dde367a,ee69b0ae-ca16-4db1-b133-c1fbcc23202a,1632422351139,13.427393,52.4964367,4.56569,2.406635,-28.90794,30.32006,on bike mount,cyclo cross,True,sett,intermediate
0cbef7ff-c055-4330-b11d-7108f5d00f4d,7304afcc-055d-4e29-b6f2-51ec0dde367a,3b91b756-542b-403d-8fcb-3db3a46011be,1632422351207,13.427393,52.4964367,4.56569,3.3053296,-7.263631,22.399279,on bike mount,cyclo cross,True,sett,intermediate
0cbef7ff-c055-4330-b11d-7108f5d00f4d,7304afcc-055d-4e29-b6f2-51ec0dde367a,edcaeb49-58a0-4c45-9235-c260f634e3f5,1632422351273,13.427393,52.4964367,4.56569,6.0774026,0.8695991,-6.883681,on bike mount,cyclo cross,True,sett,intermediate
0cbef7ff-c055-4330-b11d-7108f5d00f4d,7304afcc-055d-4e29-b6f2-51ec0dde367a,b798f28c-1eab-4aa1-8963-a1ffafc79bb0,1632422351340,13.427393,52.4964367,4.56569,-6.996819,-24.628178,13.726906,on bike mount,cyclo cross,True,sett,intermediate
0cbef7ff-c055-4330-b11d-7108f5d00f4d,7304afcc-055d-4e29-b6f2-51ec0dde367a,219ce106-c1b8-42d0-8084-157227134410,1632422351407,13.427393,52.4964367,4.56569,3.0218647,11.485092,3.7956057,on bike mount,cyclo cross,True,sett,intermediate
0cbef7ff-c055-4330-b11d-7108f5d00f4d,7304afcc-055d-4e29-b6f2-51ec0dde367a,d0928265-7dcc-4fff-a311-2acbdf803f97,1632422351474,13.427393,52.4964367,4.56569,2.688138,-3.8703914,-7.824627,on bike mount,cyclo cross,True,sett,intermediate
0cbef7ff-c055-4330-b11d-7108f5d00f4d,7304afcc-055d-4e29-b6f2-51ec0dde367a,cdc134f5-01c9-4b5d-96dc-6d44bcd839f6,1632422351541,13.427393,52.4964367,4.56569,3.216356,18.839891,15.044452,on bike mount,cyclo cross,True,sett,intermediate
0cbef7ff-c055-4330-b11d-7108f5d00f4d,7304afcc-055d-4e29-b6f2-51ec0dde367a,86ff5a10-b957-4143-a0c7-7bd43632eca0,1632422351607,13.427393,52.4964367,4.56569,-7.1873465,24.832647,-2.5996037,on bike mount,cyclo cross,True,sett,intermediate
0cbef7ff-c055-4330-b11d-7108f5d00f4d,7304afcc-055d-4e29-b6f2-51ec0dde367a,c60f6623-e07d-49f0-8c74-2b2c83b2f915,1632422351657,13.427393,52.4964367,4.56569,-7.26637,13.721871,8.990657,on bike mount,cyclo cross,True,sett,intermediate
0cbef7ff-c055-4330-b11d-7108f5d00f4d,7304afcc-055d-4e29-b6f2-51ec0dde367a,a9b90749-5c6d-420b-8775-c0d358f3930b,1632422351724,13.427393,52.4964367,4.56569,5.8656044,-11.053101,10.245239,on bike mount,cyclo cross,True,sett,intermediate
0cbef7ff-c055-4330-b11d-7108f5d00f4d,7304afcc-055d-4e29-b6f2-51ec0dde367a,9b7ab2d9-b972-4798-abdc-e41b03b997e7,1632422351774,13.427393,52.4964367,4.56569,3.7739606,-2.7676878,-0.059127808,on bike mount,cyclo cross,True,sett,intermediate
0cbef7ff-c055-4330-b11d-7108f5d00f4d,7304afcc-055d-4e29-b6f2-51ec0dde367a,83fcee72-0333-4ffe-abe0-ac5331287bbd,1632422351841,13.427393,52.4964367,4.56569,-2.0871835,-12.22934,7.899683,on bike mount,cyclo cross,True,sett,intermediate
0cbef7ff-c055-4330-b11d-7108f5d00f4d,7304afcc-055d-4e29-b6f2-51ec0dde367a,487ff29f-1472-4e8a-86ae-70e9d5db3653,1632422351892,13.427393,52.4964367,4.56569,1.3145486,-14.93908,-2.5356402,on bike mount,cyclo cross,True,sett,intermediate
0cbef7ff-c055-4330-b11d-7108f5d00f4d,7304afcc-055d-4e29-b6f2-51ec0dde367a,5b4b80eb-153d-455a-ac52-f009aaa7bb3f,1632422351958,13.427393,52.4964367,4.56569,2.8382633,-13.854774,0.04203701,on bike mount,cyclo cross,True,sett,intermediate
0cbef7ff-c055-4330-b11d-7108f5d00f4d,7304afcc-055d-4e29-b6f2-51ec0dde367a,d2610096-7fa4-4473-8025-9f48fe2aaf4c,1632422352025,13.427393,52.4964367,4.56569,3.6116214,-16.445717,6.532404,on bike mount,cyclo cross,True,sett,intermediate
0cbef7ff-c055-4330-b11d-7108f5d00f4d,7304afcc-055d-4e29-b6f2-51ec0dde367a,92fb0d5f-8223-4d17-be6e-8a763a73a102,1632422352075,13.427393,52.4964367,4.56569,-2.58146,5.009981,13.663948,on bike mount,cyclo cross,True,sett,intermediate
0cbef7ff-c055-4330-b11d-7108f5d00f4d,7304afcc-055d-4e29-b6f2-51ec0dde367a,3beb8189-5a15-4df4-9c8d-2307607f8891,1632422352142,13.427393,52.4964367,4.56569,1.0823346,-1.1760192,15.307552,on bike mount,cyclo cross,True,sett,intermediate
0cbef7ff-c055-4330-b11d-7108f5d00f4d,7304afcc-055d-4e29-b6f2-51ec0dde367a,d17791ca-fd6c-44e1-837d-03842e38f85b,1632422352209,13.427393,52.4964367,4.56569,-4.3877516,-24.82285,1.7353973,on bike mount,cyclo cross,True,sett,intermediate
0cbef7ff-c055-4330-b11d-7108f5d00f4d,7304afcc-055d-4e29-b6f2-51ec0dde367a,91ca7171-216b-4a38-9e79-0e209c285822,1632422352275,13.4272978,52.4964655,4.610938,0.08337711,10.083533,-1.2860541,on bike mount,cyclo cross,True,sett,intermediate
0cbef7ff-c055-4330-b11d-7108f5d00f4d,7304afcc-055d-4e29-b6f2-51ec0dde367a,2b41034a-96bc-467a-bab1-7454d8862e1b,1632422352342,13.4272978,52.4964655,4.610938,4.1497827,-21.75657,-9.0836,on bike mount,cyclo cross,True,sett,intermediate
0cbef7ff-c055-4330-b11d-7108f5d00f4d,7304afcc-055d-4e29-b6f2-51ec0dde367a,634b7d93-52e5-492e-8955-d8fa4e61b647,1632422352409,13.4272978,52.4964655,4.610938,0.063648045,6.0753756,-14.675894,on bike mount,cyclo cross,True,sett,intermediate
0cbef7ff-c055-4330-b11d-7108f5d00f4d,7304afcc-055d-4e29-b6f2-51ec0dde367a,2a3b5f2c-31d8-42b7-8ee5-90e3b502ef37,1632422352476,13.4272978,52.4964655,4.610938,-1.0064476,-13.2210865,-0.11943436,on bike mount,cyclo cross,True,sett,intermediate
0cbef7ff-c055-4330-b11d-7108f5d00f4d,7304afcc-055d-4e29-b6f2-51ec0dde367a,7abfd8e4-df59-4583-a41b-103db6a341b4,1632422352542,13.4272978,52.4964655,4.610938,2.8033392,-5.211932,-6.6682153,on bike mount,cyclo cross,True,sett,intermediate
0cbef7ff-c055-4330-b11d-7108f5d00f4d,7304afcc-055d-4e29-b6f2-51ec0dde367a,7bed46d0-16a6-47e2-bbc8-5b6bfd7d1162,1632422352609,13.4272978,52.4964655,4.610938,4.0602536,-26.269323,6.4676685,on bike mount,cyclo cross,True,sett,intermediate
0cbef7ff-c055-4330-b11d-7108f5d00f4d,7304afcc-055d-4e29-b6f2-51ec0dde367a,18e913cb-84bf-49a1-a873-10f2ce6f04a8,1632422352659,13.4272978,52.4964655,4.610938,1.4161081,-20.78473,18.278454,on bike mount,cyclo cross,True,sett,intermediate
0cbef7ff-c055-4330-b11d-7108f5d00f4d,7304afcc-055d-4e29-b6f2-51ec0dde367a,a652572a-ce09-4a0e-be09-b948e707a29e,1632422352726,13.4272978,52.4964655,4.610938,2.176013,-0.34919167,-6.2436485,on bike mount,cyclo cross,True,sett,intermediate
0cbef7ff-c055-4330-b11d-7108f5d00f4d,7304afcc-055d-4e29-b6f2-51ec0dde367a,1cb94a25-1a6e-485f-ac73-b4a8dacf8c44,1632422352793,13.4272978,52.4964655,4.610938,-5.633503,3.4914627,9.822913,on bike mount,cyclo cross,True,sett,intermediate
0cbef7ff-c055-4330-b11d-7108f5d00f4d,7304afcc-055d-4e29-b6f2-51ec0dde367a,e0eae5b0-aa9a-44d4-98ff-f25cb1e95121,1632422352860,13.4272978,52.4964655,4.610938,2.1509423,11.709231,28.431087,on bike mount,cyclo cross,True,sett,intermediate
0cbef7ff-c055-4330-b11d-7108f5d00f4d,7304afcc-055d-4e29-b6f2-51ec0dde367a,cf430aac-225a-46e6-81ae-46ef3ae4485b,1632422352926,13.4272978,52.4964655,4.610938,0.80734444,-5.789789,6.4170723,on bike mount,cyclo cross,True,sett,intermediate
0cbef7ff-c055-4330-b11d-7108f5d00f4d,7304afcc-055d-4e29-b6f2-51ec0dde367a,8b41b4e5-c579-4676-86b5-66509a6fa130,1632422352993,13.4272978,52.4964655,4.610938,-0.4337664,4.0531726,-9.16556,on bike mount,cyclo cross,True,sett,intermediate
0cbef7ff-c055-4330-b11d-7108f5d00f4d,7304afcc-055d-4e29-b6f2-51ec0dde367a,9d4c838d-4dd6-4742-81ec-edebf5fe0f40,1632422353060,13.4272978,52.4964655,4.610938,-5.53097,1.3007364,1.6312876,on bike mount,cyclo cross,True,sett,intermediate
0cbef7ff-c055-4330-b11d-7108f5d00f4d,7304afcc-055d-4e29-b6f2-51ec0dde367a,53a02e94-80fd-46cd-90d5-b9a2503db4c2,1632422353110,13.4272978,52.4964655,4.610938,-10.842352,7.1238327,-20.796005,on bike mount,cyclo cross,True,sett,intermediate
0cbef7ff-c055-4330-b11d-7108f5d00f4d,7304afcc-055d-4e29-b6f2-51ec0dde367a,7b0e36a8-6c81-4996-baf9-d238f6c9adfc,1632422353177,13.4272978,52.4964655,4.610938,0.34035888,6.4179573,-20.805035,on bike mount,cyclo cross,True,sett,intermediate
0cbef7ff-c055-4330-b11d-7108f5d00f4d,7304afcc-055d-4e29-b6f2-51ec0dde367a,7608a275-ab3f-42da-989c-7967a1c96d60,1632422353244,13.4272291,52.4964814,4.702364,4.4084845,-10.378888,5.262497,on bike mount,cyclo cross,True,sett,intermediate
0cbef7ff-c055-4330-b11d-7108f5d00f4d,7304afcc-055d-4e29-b6f2-51ec0dde367a,9abf6217-4649-4403-bcdf-c51f3c3dcf7a,1632422353310,13.4272291,52.4964814,4.702364,0.9192351,-10.581772,10.3685,on bike mount,cyclo cross,True,sett,intermediate
0cbef7ff-c055-4330-b11d-7108f5d00f4d,7304afcc-055d-4e29-b6f2-51ec0dde367a,d72abcfa-f77a-4d25-b6ab-db8119be8f52,1632422353377,13.4272291,52.4964814,4.702364,0.9750291,-6.95856,-8.491451,on bike mount,cyclo cross,True,sett,intermediate
0cbef7ff-c055-4330-b11d-7108f5d00f4d,7304afcc-055d-4e29-b6f2-51ec0dde367a,c692b7d3-5abb-43d2-97bd-91bb7d3cea49,1632422353444,13.4272291,52.4964814,4.702364,2.0545378,14.208952,-23.604218,on bike mount,cyclo cross,True,sett,intermediate
0cbef7ff-c055-4330-b11d-7108f5d00f4d,7304afcc-055d-4e29-b6f2-51ec0dde367a,4090a970-fbf9-4312-86d4-dd98008aeea3,1632422353510,13.4272291,52.4964814,4.702364,-1.8510177,-9.78803,3.099062,on bike mount,cyclo cross,True,sett,intermediate
0cbef7ff-c055-4330-b11d-7108f5d00f4d,7304afcc-055d-4e29-b6f2-51ec0dde367a,01be9304-d162-48d4-a13e-0d731d778e4f,1632422353560,13.4272291,52.4964814,4.702364,-9.813677,16.766663,-0.02195406,on bike mount,cyclo cross,True,sett,intermediate
0cbef7ff-c055-4330-b11d-7108f5d00f4d,7304afcc-055d-4e29-b6f2-51ec0dde367a,23769427-4f3a-44fa-afee-b5db35933296,1632422353611,13.4272291,52.4964814,4.702364,-3.2740548,7.894847,2.4324665,on bike mount,cyclo cross,True,sett,intermediate
0cbef7ff-c055-4330-b11d-7108f5d00f4d,7304afcc-055d-4e29-b6f2-51ec0dde367a,c89ee1b8-a381-4fba-bb7f-9b6bf903bd68,1632422353677,13.4272291,52.4964814,4.702364,-1.3355863,1.8376675,0.5067711,on bike mount,cyclo cross,True,sett,intermediate
0cbef7ff-c055-4330-b11d-7108f5d00f4d,7304afcc-055d-4e29-b6f2-51ec0dde367a,b67e46b1-01cb-4f86-804b-7862bd7e6698,1632422353728,13.4272291,52.4964814,4.702364,-0.094842434,-7.325625,4.024211,on bike mount,cyclo cross,True,sett,intermediate
0cbef7ff-c055-4330-b11d-7108f5d00f4d,7304afcc-055d-4e29-b6f2-51ec0dde367a,5e6db6d9-ec57-4433-8459-6d9dad8f9ada,1632422353795,13.4272291,52.4964814,4.702364,1.8038225,-4.4678535,7.0831633,on bike mount,cyclo cross,True,sett,intermediate
0cbef7ff-c055-4330-b11d-7108f5d00f4d,7304afcc-055d-4e29-b6f2-51ec0dde367a,f8dfde16-df8f-499b-ad69-e684b5112b19,1632422353862,13.4272291,52.4964814,4.702364,6.3140907,-21.725985,9.09491,on bike mount,cyclo cross,True,sett,intermediate
0cbef7ff-c055-4330-b11d-7108f5d00f4d,7304afcc-055d-4e29-b6f2-51ec0dde367a,098e4cbc-9c23-4ab4-b482-80f4fd1f14d1,1632422353929,13.4272291,52.4964814,4.702364,-2.0212374,-8.157184,8.393138,on bike mount,cyclo cross,True,sett,intermediate
0cbef7ff-c055-4330-b11d-7108f5d00f4d,7304afcc-055d-4e29-b6f2-51ec0dde367a,37a73909-8f96-42b5-98d7-4ebdeea5765e,1632422353996,13.4272291,52.4964814,4.702364,0.62714636,7.983488,5.3451385,on bike mount,cyclo cross,True,sett,intermediate
0cbef7ff-c055-4330-b11d-7108f5d00f4d,7304afcc-055d-4e29-b6f2-51ec0dde367a,e0417166-9298-4beb-8d91-1eb122229c26,1632422354062,13.4272291,52.4964814,4.702364,2.3733492,-8.925399,15.619366,on bike mount,cyclo cross,True,sett,intermediate
0cbef7ff-c055-4330-b11d-7108f5d00f4d,7304afcc-055d-4e29-b6f2-51ec0dde367a,c4b9da3d-83f4-41c7-9e12-dbc437e4f8a5,1632422354129,13.4272291,52.4964814,4.702364,-0.7749835,-5.5876503,-1.3781013,on bike mount,cyclo cross,True,sett,intermediate
0cbef7ff-c055-4330-b11d-7108f5d00f4d,7304afcc-055d-4e29-b6f2-51ec0dde367a,7d75f5b4-7770-4071-a95c-38d1f2d2460f,1632422354180,13.4272291,52.4964814,4.702364,0.7399698,3.743681,5.9935684,on bike mount,cyclo cross,True,sett,intermediate
0cbef7ff-c055-4330-b11d-7108f5d00f4d,7304afcc-055d-4e29-b6f2-51ec0dde367a,fd56ee9b-266f-4cb0-a7c6-d54ddd0816c6,1632422354233,13.4272291,52.4964814,4.702364,2.998279,-1.3940989,9.432614,on bike mount,cyclo cross,True,sett,intermediate
0cbef7ff-c055-4330-b11d-7108f5d00f4d,7304afcc-055d-4e29-b6f2-51ec0dde367a,198e271c-803c-4281-9263-5cba7a8ba650,1632422354296,13.4271606,52.4964987,4.739792,-3.3201613,9.810731,-1.6718788,on bike mount,cyclo cross,True,sett,intermediate
0cbef7ff-c055-4330-b11d-7108f5d00f4d,7304afcc-055d-4e29-b6f2-51ec0dde367a,8fbd157e-0147-43ee-9fd5-a267f4de12d2,1632422354363,13.4271606,52.4964987,4.739792,-1.4050459,7.2104154,27.717701,on bike mount,cyclo cross,True,sett,intermediate
0cbef7ff-c055-4330-b11d-7108f5d00f4d,7304afcc-055d-4e29-b6f2-51ec0dde367a,ad09b08f-c0bf-49ce-97fe-0c291fe655f7,1632422354430,13.4271606,52.4964987,4.739792,10.292713,-6.951681,9.714893,on bike mount,cyclo cross,True,sett,intermediate
0cbef7ff-c055-4330-b11d-7108f5d00f4d,7304afcc-055d-4e29-b6f2-51ec0dde367a,45ae4fb4-6b86-46a6-a118-614aba7b3bd3,1632422354497,13.4271606,52.4964987,4.739792,-4.1664615,3.456057,-22.56087,on bike mount,cyclo cross,True,sett,intermediate
0cbef7ff-c055-4330-b11d-7108f5d00f4d,7304afcc-055d-4e29-b6f2-51ec0dde367a,47010750-e70e-4ab3-a77b-70ffc3937ebf,1632422354563,13.4271606,52.4964987,4.739792,-3.5908506,1.1864896,-1.5972424,on bike mount,cyclo cross,True,sett,intermediate
0cbef7ff-c055-4330-b11d-7108f5d00f4d,7304afcc-055d-4e29-b6f2-51ec0dde367a,a413ee00-d039-45d8-be9b-9aa4938c342b,1632422354630,13.4271606,52.4964987,4.739792,-7.1298666,4.0874,12.794347,on bike mount,cyclo cross,True,sett,intermediate
0cbef7ff-c055-4330-b11d-7108f5d00f4d,7304afcc-055d-4e29-b6f2-51ec0dde367a,63f7b874-4102-468a-95b1-fed3bc725830,1632422354680,13.4271606,52.4964987,4.739792,-1.0032444,9.61447,16.188236,on bike mount,cyclo cross,True,sett,intermediate
0cbef7ff-c055-4330-b11d-7108f5d00f4d,7304afcc-055d-4e29-b6f2-51ec0dde367a,15118296-0a5e-4c93-8749-cd0411924442,1632422354747,13.4271606,52.4964987,4.739792,5.167575,-4.1513314,18.11334,on bike mount,cyclo cross,True,sett,intermediate
0cbef7ff-c055-4330-b11d-7108f5d00f4d,7304afcc-055d-4e29-b6f2-51ec0dde367a,2e472232-1489-4a4c-8e42-12b7febd9eda,1632422354814,13.4271606,52.4964987,4.739792,-5.242445,-2.8949168,-4.6992483,on bike mount,cyclo cross,True,sett,intermediate
0cbef7ff-c055-4330-b11d-7108f5d00f4d,7304afcc-055d-4e29-b6f2-51ec0dde367a,d69b379f-0fba-4904-b82f-1d9b2dba4ba0,1632422354881,13.4271606,52.4964987,4.739792,-12.229323,21.774168,9.287492,on bike mount,cyclo cross,True,sett,intermediate
0cbef7ff-c055-4330-b11d-7108f5d00f4d,7304afcc-055d-4e29-b6f2-51ec0dde367a,20920924-c17d-463b-8852-da856b4dcbc4,1632422354947,13.4271606,52.4964987,4.739792,0.29908103,-4.195094,3.589829,on bike mount,cyclo cross,True,sett,intermediate
0cbef7ff-c055-4330-b11d-7108f5d00f4d,7304afcc-055d-4e29-b6f2-51ec0dde367a,009c0ff7-8f09-4a14-b4dd-e13b811e4be8,1632422354997,13.4271606,52.4964987,4.739792,-4.2503643,1.2753112,-16.565699,on bike mount,cyclo cross,True,sett,intermediate
0cbef7ff-c055-4330-b11d-7108f5d00f4d,7304afcc-055d-4e29-b6f2-51ec0dde367a,bb1a2a1e-c7c1-4e03-b127-e1841028eac7,1632422355064,13.4271606,52.4964987,4.739792,-4.689542,14.511197,1.7853241,on bike mount,cyclo cross,True,sett,intermediate
0cbef7ff-c055-4330-b11d-7108f5d00f4d,7304afcc-055d-4e29-b6f2-51ec0dde367a,69f4c6e7-8a1b-45e3-a1d7-12cabc264ed7,1632422355131,13.4271606,52.4964987,4.739792,-4.8179793,31.08213,8.068764,on bike mount,cyclo cross,True,sett,intermediate
0cbef7ff-c055-4330-b11d-7108f5d00f4d,7304afcc-055d-4e29-b6f2-51ec0dde367a,7c9da901-7242-40e5-a0a4-b20baca9b2fe,1632422355181,13.4271606,52.4964987,4.739792,1.8881038,-6.37304,-1.9541268,on bike mount,cyclo cross,True,sett,intermediate
0cbef7ff-c055-4330-b11d-7108f5d00f4d,7304afcc-055d-4e29-b6f2-51ec0dde367a,5c133f3d-77d1-42ce-94fd-b225df355965,1632422355234,13.4270961,52.4965165,4.738005,4.975612,-7.4520864,-9.453215,on bike mount,cyclo cross,True,sett,intermediate
0cbef7ff-c055-4330-b11d-7108f5d00f4d,7304afcc-055d-4e29-b6f2-51ec0dde367a,111e9c99-f7ee-49ef-bb50-679ba224d9a3,1632422355298,13.4270961,52.4965165,4.738005,0.8464308,6.6470456,-3.5190024,on bike mount,cyclo cross,True,sett,intermediate
0cbef7ff-c055-4330-b11d-7108f5d00f4d,7304afcc-055d-4e29-b6f2-51ec0dde367a,87ccdbc4-86d6-478d-b7ab-15a412d90759,1632422355365,13.4270961,52.4965165,4.738005,0.9579179,8.637333,12.34532,on bike mount,cyclo cross,True,sett,intermediate
0cbef7ff-c055-4330-b11d-7108f5d00f4d,7304afcc-055d-4e29-b6f2-51ec0dde367a,f5addc14-85eb-4116-a55a-5104fa24c802,1632422355415,13.4270961,52.4965165,4.738005,1.9377522,13.670078,-15.560114,on bike mount,cyclo cross,True,sett,intermediate
0cbef7ff-c055-4330-b11d-7108f5d00f4d,7304afcc-055d-4e29-b6f2-51ec0dde367a,50e8315d-285a-43d4-a275-b93f998e49a8,1632422355482,13.4270961,52.4965165,4.738005,-1.8553575,8.265597,-7.257771,on bike mount,cyclo cross,True,sett,intermediate
0cbef7ff-c055-4330-b11d-7108f5d00f4d,7304afcc-055d-4e29-b6f2-51ec0dde367a,5ddd0719-c9ef-439d-a4bc-b60cfc672824,1632422355549,13.4270961,52.4965165,4.738005,2.3247328,6.533682,16.986746,on bike mount,cyclo cross,True,sett,intermediate
0cbef7ff-c055-4330-b11d-7108f5d00f4d,7304afcc-055d-4e29-b6f2-51ec0dde367a,64b63492-0740-49ad-a938-40d169ef3b64,1632422355615,13.4270961,52.4965165,4.738005,-1.816474,-3.6842937,-11.292071,on bike mount,cyclo cross,True,sett,intermediate
0cbef7ff-c055-4330-b11d-7108f5d00f4d,7304afcc-055d-4e29-b6f2-51ec0dde367a,152ce35a-684f-4ebf-af49-9e8253f29687,1632422355682,13.4270961,52.4965165,4.738005,3.0887864,-10.606478,-15.550783,on bike mount,cyclo cross,True,sett,intermediate
0cbef7ff-c055-4330-b11d-7108f5d00f4d,7304afcc-055d-4e29-b6f2-51ec0dde367a,bb79a5b7-f417-42e5-84d3-fddb8e009451,1632422355749,13.4270961,52.4965165,4.738005,0.96890414,10.379745,1.6198225,on bike mount,cyclo cross,True,sett,intermediate
0cbef7ff-c055-4330-b11d-7108f5d00f4d,7304afcc-055d-4e29-b6f2-51ec0dde367a,14d0aeb8-0765-404e-8c02-9ddcc8eb7dc1,1632422355816,13.4270961,52.4965165,4.738005,3.0853403,0.021232128,23.068615,on bike mount,cyclo cross,True,sett,intermediate
0cbef7ff-c055-4330-b11d-7108f5d00f4d,7304afcc-055d-4e29-b6f2-51ec0dde367a,5cd5b73c-2211-4b51-852b-ccdc04aea9b0,1632422355883,13.4270961,52.4965165,4.738005,0.9460512,-6.6924143,17.402239,on bike mount,cyclo cross,True,sett,intermediate
0cbef7ff-c055-4330-b11d-7108f5d00f4d,7304afcc-055d-4e29-b6f2-51ec0dde367a,e1aa5797-7b07-4087-8509-70a576663241,1632422355933,13.4270961,52.4965165,4.738005,-3.7165263,-2.287229,-0.4567623,on bike mount,cyclo cross,True,sett,intermediate
0cbef7ff-c055-4330-b11d-7108f5d00f4d,7304afcc-055d-4e29-b6f2-51ec0dde367a,837e3c6a-a6d8-4bed-ba2f-9b34374fdc5b,1632422355999,13.4270481,52.4965262,4.6453066,1.6281215,2.6155348,-8.538759,on bike mount,cyclo cross,True,sett,intermediate
0cbef7ff-c055-4330-b11d-7108f5d00f4d,7304afcc-055d-4e29-b6f2-51ec0dde367a,4e9c8aed-0452-493b-b645-dd7c62e35ba4,1632422356066,13.4270481,52.4965262,4.6453066,-0.9223777,-1.1516821,-10.731312,on bike mount,cyclo cross,True,sett,intermediate
0cbef7ff-c055-4330-b11d-7108f5d00f4d,7304afcc-055d-4e29-b6f2-51ec0dde367a,35468de4-aba3-4297-b754-547175e4e58d,1632422356133,13.4270481,52.4965262,4.6453066,-2.515253,9.347548,16.847893,on bike mount,cyclo cross,True,sett,intermediate
0cbef7ff-c055-4330-b11d-7108f5d00f4d,7304afcc-055d-4e29-b6f2-51ec0dde367a,0bc8990f-82fe-4e53-b854-efd7aaecf82b,1632422356200,13.4270481,52.4965262,4.6453066,0.8585682,-27.1812,14.106324,on bike mount,cyclo cross,True,sett,intermediate
0cbef7ff-c055-4330-b11d-7108f5d00f4d,7304afcc-055d-4e29-b6f2-51ec0dde367a,0f5db36a-5ece-4667-b7fb-c25c628a697b,1632422356266,13.4270481,52.4965262,4.6453066,-0.6593467,-9.620401,1.1346722,on bike mount,cyclo cross,True,sett,intermediate
0cbef7ff-c055-4330-b11d-7108f5d00f4d,7304afcc-055d-4e29-b6f2-51ec0dde367a,670b03bf-c903-456e-ae4a-77b346b4b700,1632422356333,13.4270481,52.4965262,4.6453066,4.2330666,-24.836044,8.809813,on bike mount,cyclo cross,True,sett,intermediate
0cbef7ff-c055-4330-b11d-7108f5d00f4d,44920faa-0852-4887-9fc4-16496b627f77,f1768199-6e75-4c83-b13f-a5024cf11dd8,1632422349603,13.4274819,52.4964111,4.5598917,1.5412278,11.859498,-9.557882,on bike mount,cyclo cross,True,sett,intermediate
0cbef7ff-c055-4330-b11d-7108f5d00f4d,44920faa-0852-4887-9fc4-16496b627f77,19641cd9-5522-428e-a3d2-157ee00c44cf,1632422349669,13.4274819,52.4964111,4.5598917,-1.5893896,-0.9330368,19.752047,on bike mount,cyclo cross,True,sett,intermediate
0cbef7ff-c055-4330-b11d-7108f5d00f4d,44920faa-0852-4887-9fc4-16496b627f77,8766e3af-26d1-4c3d-87ea-1753ade9a5f2,1632422349720,13.4274819,52.4964111,4.5598917,0.7726485,10.212177,-15.275659,on bike mount,cyclo cross,True,sett,intermediate
0cbef7ff-c055-4330-b11d-7108f5d00f4d,44920faa-0852-4887-9fc4-16496b627f77,db232eea-595e-4860-b012-9409c81c567e,1632422349786,13.4274819,52.4964111,4.5598917,-0.33197528,6.423729,-5.3203015,on bike mount,cyclo cross,True,sett,intermediate
0cbef7ff-c055-4330-b11d-7108f5d00f4d,44920faa-0852-4887-9fc4-16496b627f77,2856c535-1e8a-40ea-935a-3f023f0c4218,1632422349854,13.4274819,52.4964111,4.5598917,-0.40128434,-17.694368,-6.9449873,on bike mount,cyclo cross,True,sett,intermediate
0cbef7ff-c055-4330-b11d-7108f5d00f4d,44920faa-0852-4887-9fc4-16496b627f77,c3d7cb99-6d9b-4016-881c-b5ec3f46171c,1632422349920,13.4274819,52.4964111,4.5598917,5.6169977,22.764732,2.94555,on bike mount,cyclo cross,True,sett,intermediate
0cbef7ff-c055-4330-b11d-7108f5d00f4d,44920faa-0852-4887-9fc4-16496b627f77,85845a9b-a96e-405a-bf2c-28a88913d251,1632422349987,13.4274819,52.4964111,4.5598917,-1.0513475,-20.111412,41.35786,on bike mount,cyclo cross,True,sett,intermediate
0cbef7ff-c055-4330-b11d-7108f5d00f4d,44920faa-0852-4887-9fc4-16496b627f77,515ee9b0-5da3-4a8c-97a4-ed3131993a4f,1632422350054,13.4274819,52.4964111,4.5598917,-4.3687787,2.146102,21.266987,on bike mount,cyclo cross,True,sett,intermediate
0cbef7ff-c055-4330-b11d-7108f5d00f4d,44920faa-0852-4887-9fc4-16496b627f77,a21bf753-8c3e-4ae6-aae2-00ef6c638584,1632422350105,13.4274819,52.4964111,4.5598917,7.821242,17.954254,-15.440871,on bike mount,cyclo cross,True,sett,intermediate
0cbef7ff-c055-4330-b11d-7108f5d00f4d,44920faa-0852-4887-9fc4-16496b627f77,d4391dc0-fd44-46b1-85dc-751824f9284e,1632422350171,13.4274819,52.4964111,4.5598917,0.9137942,-5.345016,17.910784,on bike mount,cyclo cross,True,sett,intermediate
0cbef7ff-c055-4330-b11d-7108f5d00f4d,44920faa-0852-4887-9fc4-16496b627f77,522abd5d-f563-45c2-852c-81f7a0f1a137,1632422350237,13.4274238,52.4964277,4.560424,7.0345445,-32.958878,7.4640503,on bike mount,cyclo cross,True,sett,intermediate
0cbef7ff-c055-4330-b11d-7108f5d00f4d,44920faa-0852-4887-9fc4-16496b627f77,9924e397-226f-4f7d-9460-6efdf5324a96,1632422350304,13.4274238,52.4964277,4.560424,-4.062299,19.736755,-7.8967085,on bike mount,cyclo cross,True,sett,intermediate
0cbef7ff-c055-4330-b11d-7108f5d00f4d,44920faa-0852-4887-9fc4-16496b627f77,7e4dfd2f-95e8-4990-a968-2e4c02aaa911,1632422350371,13.4274238,52.4964277,4.560424,6.663509,-20.913206,18.124016,on bike mount,cyclo cross,True,sett,intermediate
0cbef7ff-c055-4330-b11d-7108f5d00f4d,44920faa-0852-4887-9fc4-16496b627f77,72a3f7b4-fc83-4208-9815-43fd51baa4e6,1632422350438,13.4274238,52.4964277,4.560424,-6.943335,8.24257,27.10359,on bike mount,cyclo cross,True,sett,intermediate
0cbef7ff-c055-4330-b11d-7108f5d00f4d,44920faa-0852-4887-9fc4-16496b627f77,ba700057-8030-4f37-998d-03633ea79556,1632422350505,13.4274238,52.4964277,4.560424,8.107753,-16.098299,23.66298,on bike mount,cyclo cross,True,sett,intermediate
0cbef7ff-c055-4330-b11d-7108f5d00f4d,44920faa-0852-4887-9fc4-16496b627f77,fb91c5d1-4937-487f-af52-93a621451453,1632422350572,13.4274238,52.4964277,4.560424,-2.2718554,-4.3684955,-13.357966,on bike mount,cyclo cross,True,sett,intermediate
0cbef7ff-c055-4330-b11d-7108f5d00f4d,44920faa-0852-4887-9fc4-16496b627f77,618ad934-6852-4274-9b79-a9fbec1779eb,1632422350638,13.4274238,52.4964277,4.560424,-1.6922581,-1.1120257,-15.310313,on bike mount,cyclo cross,True,sett,intermediate
0cbef7ff-c055-4330-b11d-7108f5d00f4d,44920faa-0852-4887-9fc4-16496b627f77,38edb1d8-64ef-4b64-b3ec-6aa8cf6917ef,1632422350705,13.4274238,52.4964277,4.560424,-3.4112816,2.3758526,0.3379917,on bike mount,cyclo cross,True,sett,intermediate
0cbef7ff-c055-4330-b11d-7108f5d00f4d,44920faa-0852-4887-9fc4-16496b627f77,906d82d8-36b1-4bbe-b0db-91d0977794a3,1632422350772,13.427393,52.4964367,4.56569,7.5916166,-23.360247,7.421628,on bike mount,cyclo cross,True,sett,intermediate
0cbef7ff-c055-4330-b11d-7108f5d00f4d,44920faa-0852-4887-9fc4-16496b627f77,99ac44f6-0a8e-4ade-b665-f4eb960057d3,1632422350839,13.427393,52.4964367,4.56569,-4.0309696,10.757982,16.762817,on bike mount,cyclo cross,True,sett,intermediate
0cbef7ff-c055-4330-b11d-7108f5d00f4d,44920faa-0852-4887-9fc4-16496b627f77,d8595a62-1757-4fcd-bd43-ed4c906b0315,1632422350889,13.427393,52.4964367,4.56569,-9.084351,27.467314,-1.0451107,on bike mount,cyclo cross,True,sett,intermediate
0cbef7ff-c055-4330-b11d-7108f5d00f4d,44920faa-0852-4887-9fc4-16496b627f77,2849b550-b6f0-41ee-af25-2712088f81c8,1632422350956,13.427393,52.4964367,4.56569,4.5159063,-0.7858095,-1.9886446,on bike mount,cyclo cross,True,sett,intermediate
0cbef7ff-c055-4330-b11d-7108f5d00f4d,44920faa-0852-4887-9fc4-16496b627f77,b283b3a3-e65b-4204-bfdd-f9940944839b,1632422351023,13.427393,52.4964367,4.56569,-2.5360038,7.96313,3.5376596,on bike mount,cyclo cross,True,sett,intermediate
0cbef7ff-c055-4330-b11d-7108f5d00f4d,44920faa-0852-4887-9fc4-16496b627f77,b538bc90-0aed-46ee-803e-e9d575e6722e,1632422351089,13.427393,52.4964367,4.56569,-0.2520941,6.7948008,11.2095585,on bike mount,cyclo cross,True,sett,intermediate
0cbef7ff-c055-4330-b11d-7108f5d00f4d,44920faa-0852-4887-9fc4-16496b627f77,64545e30-26d3-4d18-8c31-e7e280ebc87e,1632422351156,13.427393,52.4964367,4.56569,-3.9844356,25.754017,5.9552193,on bike mount,cyclo cross,True,sett,intermediate
0cbef7ff-c055-4330-b11d-7108f5d00f4d,44920faa-0852-4887-9fc4-16496b627f77,41b8f420-64ce-4292-941a-f4119fae9049,1632422351223,13.427393,52.4964367,4.56569,8.213462,-0.21821523,-1.9078035,on bike mount,cyclo cross,True,sett,intermediate
0cbef7ff-c055-4330-b11d-7108f5d00f4d,44920faa-0852-4887-9fc4-16496b627f77,dbc6983c-00a8-4294-afd4-c6eaa7716592,1632422351290,13.427393,52.4964367,4.56569,-3.7841177,-10.021177,12.060133,on bike mount,cyclo cross,True,sett,intermediate
0cbef7ff-c055-4330-b11d-7108f5d00f4d,44920faa-0852-4887-9fc4-16496b627f77,7aa80e71-7bd0-4236-a8fe-5239d35f88fd,1632422351357,13.427393,52.4964367,4.56569,8.228652,4.985653,-12.456465,on bike mount,cyclo cross,True,sett,intermediate
0cbef7ff-c055-4330-b11d-7108f5d00f4d,44920faa-0852-4887-9fc4-16496b627f77,83694343-517b-4e93-afa0-e85c5f3fa2a3,1632422351424,13.427393,52.4964367,4.56569,5.06546,-0.040980816,-6.0901294,on bike mount,cyclo cross,True,sett,intermediate
0cbef7ff-c055-4330-b11d-7108f5d00f4d,44920faa-0852-4887-9fc4-16496b627f77,ad8387a0-0757-4788-a46a-5a20f902cb62,1632422351490,13.427393,52.4964367,4.56569,-3.3924823,-5.184026,2.4572573,on bike mount,cyclo cross,True,sett,intermediate
0cbef7ff-c055-4330-b11d-7108f5d00f4d,44920faa-0852-4887-9fc4-16496b627f77,5d546a3c-c1ed-4fe1-acc5-34f446e52fe0,1632422351557,13.427393,52.4964367,4.56569,-4.8463,-2.5417595,-10.144031,on bike mount,cyclo cross,True,sett,intermediate
0cbef7ff-c055-4330-b11d-7108f5d00f4d,44920faa-0852-4887-9fc4-16496b627f77,3bb427af-70db-4698-a078-d01b3608cb56,1632422351624,13.427393,52.4964367,4.56569,0.18556076,-8.846026,-9.83742,on bike mount,cyclo cross,True,sett,intermediate
0cbef7ff-c055-4330-b11d-7108f5d00f4d,44920faa-0852-4887-9fc4-16496b627f77,4f14404e-9780-49a9-9086-848b402ea424,1632422351691,13.427393,52.4964367,4.56569,-3.8730097,-5.7570453,11.586637,on bike mount,cyclo cross,True,sett,intermediate
0cbef7ff-c055-4330-b11d-7108f5d00f4d,44920faa-0852-4887-9fc4-16496b627f77,80b1daac-32bc-453c-ae95-075176c7aafb,1632422351757,13.427393,52.4964367,4.56569,-2.393682,-5.065942,0.46896744,on bike mount,cyclo cross,True,sett,intermediate
0cbef7ff-c055-4330-b11d-7108f5d00f4d,44920faa-0852-4887-9fc4-16496b627f77,3f9e26cd-c5d1-4859-a97c-a7c316b9d7cf,1632422351824,13.427393,52.4964367,4.56569,-0.5644069,0.9365423,-14.581923,on bike mount,cyclo cross,True,sett,intermediate
0cbef7ff-c055-4330-b11d-7108f5d00f4d,44920faa-0852-4887-9fc4-16496b627f77,375e90d7-6e18-4e01-8522-1cf9a35f85e9,1632422351891,13.427393,52.4964367,4.56569,1.3145486,-14.93908,-2.5356402,on bike mount,cyclo cross,True,sett,intermediate
0cbef7ff-c055-4330-b11d-7108f5d00f4d,44920faa-0852-4887-9fc4-16496b627f77,bff01d51-fde4-4331-878c-d261d7b4f615,1632422351941,13.427393,52.4964367,4.56569,-0.418755,13.624125,0.42469883,on bike mount,cyclo cross,True,sett,intermediate
0cbef7ff-c055-4330-b11d-7108f5d00f4d,44920faa-0852-4887-9fc4-16496b627f77,d1d1d0e6-b822-4583-aca1-e63f7c8d3782,1632422351992,13.427393,52.4964367,4.56569,-0.6326619,9.646148,1.0921516,on bike mount,cyclo cross,True,sett,intermediate
0cbef7ff-c055-4330-b11d-7108f5d00f4d,44920faa-0852-4887-9fc4-16496b627f77,fcbe9ea2-86e6-49b6-be56-e9e607ebb08b,1632422352058,13.427393,52.4964367,4.56569,6.024532,-19.517757,-12.02964,on bike mount,cyclo cross,True,sett,intermediate
0cbef7ff-c055-4330-b11d-7108f5d00f4d,44920faa-0852-4887-9fc4-16496b627f77,fc102a8a-8af2-40e8-88e2-41aafc2273d1,1632422352108,13.427393,52.4964367,4.56569,3.0758364,2.1034832,-1.7399635,on bike mount,cyclo cross,True,sett,intermediate
0cbef7ff-c055-4330-b11d-7108f5d00f4d,44920faa-0852-4887-9fc4-16496b627f77,5caf34d3-10e0-4f35-89be-31f3bd5edb24,1632422352175,13.427393,52.4964367,4.56569,-3.948544,-22.019146,26.4515,on bike mount,cyclo cross,True,sett,intermediate
0cbef7ff-c055-4330-b11d-7108f5d00f4d,44920faa-0852-4887-9fc4-16496b627f77,bf823360-b79d-4420-ae5c-717526407f20,1632422352241,13.427393,52.4964367,4.56569,0.8393166,-2.7536979,-0.764483,on bike mount,cyclo cross,True,sett,intermediate
0cbef7ff-c055-4330-b11d-7108f5d00f4d,44920faa-0852-4887-9fc4-16496b627f77,c1cb4792-1ae0-4332-8e23-5708671e37c7,1632422352292,13.4272978,52.4964655,4.610938,-2.3306584,-11.194801,-4.9445267,on bike mount,cyclo cross,True,sett,intermediate
0cbef7ff-c055-4330-b11d-7108f5d00f4d,44920faa-0852-4887-9fc4-16496b627f77,4dd876d2-035c-403a-92f3-93e6e5162a24,1632422352359,13.4272978,52.4964655,4.610938,1.5318568,-2.095078,12.383797,on bike mount,cyclo cross,True,sett,intermediate
0cbef7ff-c055-4330-b11d-7108f5d00f4d,44920faa-0852-4887-9fc4-16496b627f77,b76b4f75-85ab-4b9a-b18c-82e87c4c7fa5,1632422352409,13.4272978,52.4964655,4.610938,0.063648045,6.0753756,-14.675894,on bike mount,cyclo cross,True,sett,intermediate
0cbef7ff-c055-4330-b11d-7108f5d00f4d,44920faa-0852-4887-9fc4-16496b627f77,7914b06b-4dfe-4a58-aa54-a41f8f124d8f,1632422352476,13.4272978,52.4964655,4.610938,-1.0064476,-13.2210865,-0.11943436,on bike mount,cyclo cross,True,sett,intermediate
0cbef7ff-c055-4330-b11d-7108f5d00f4d,44920faa-0852-4887-9fc4-16496b627f77,95cb7440-13a2-4aa1-b9ce-97506102efcc,1632422352543,13.4272978,52.4964655,4.610938,2.8033392,-5.211932,-6.6682153,on bike mount,cyclo cross,True,sett,intermediate
0cbef7ff-c055-4330-b11d-7108f5d00f4d,44920faa-0852-4887-9fc4-16496b627f77,0359f735-d922-4ad0-98ac-98ba30ca23c0,1632422352610,13.4272978,52.4964655,4.610938,4.0602536,-26.269323,6.4676685,on bike mount,cyclo cross,True,sett,intermediate
0cbef7ff-c055-4330-b11d-7108f5d00f4d,44920faa-0852-4887-9fc4-16496b627f77,1116cc86-ad5f-4b1a-8a50-17392ec018fe,1632422352676,13.4272978,52.4964655,4.610938,-13.354399,19.792961,1.0841045,on bike mount,cyclo cross,True,sett,intermediate
0cbef7ff-c055-4330-b11d-7108f5d00f4d,44920faa-0852-4887-9fc4-16496b627f77,563c1cd0-73d0-4ede-9767-ea74a97f09d8,1632422352743,13.4272978,52.4964655,4.610938,-0.68761635,-6.6917953,0.19419384,on bike mount,cyclo cross,True,sett,intermediate
