bike_activity_uid,bike_activity_sample_uid,bike_activity_measurement,bike_activity_measurement_timestamp,bike_activity_measurement_lon,bike_activity_measurement_lat,bike_activity_measurement_speed,bike_activity_measurement_accelerometer_x,bike_activity_measurement_accelerometer_y,bike_activity_measurement_accelerometer_z,bike_activity_phone_position,bike_activity_bike_type,bike_activity_flagged_lab_conditions,bike_activity_surface_type,bike_activity_smoothness_type
0d1414f3-d959-41d8-8349-dbe3481ba149,714e99dd-c8a3-47ec-aae7-be6681853c47,c3d0f13a-7ed3-485a-820a-58f96887e61a,1632238829402,13.3952267,52.4728445,7.7560964,-2.681657,16.700571,-3.8576376,on bike mount,cyclo cross,True,paving stones,intermediate
0d1414f3-d959-41d8-8349-dbe3481ba149,714e99dd-c8a3-47ec-aae7-be6681853c47,afab45d3-5779-403a-b404-97a54b9cf150,1632238829469,13.3952267,52.4728445,7.7560964,0.026327452,-0.67500854,-2.9997287,on bike mount,cyclo cross,True,paving stones,intermediate
0d1414f3-d959-41d8-8349-dbe3481ba149,714e99dd-c8a3-47ec-aae7-be6681853c47,7aad2739-631e-485c-9320-91a503f71065,1632238829536,13.3952267,52.4728445,7.7560964,-2.598074,-7.3080645,-3.5446692,on bike mount,cyclo cross,True,paving stones,intermediate
0d1414f3-d959-41d8-8349-dbe3481ba149,714e99dd-c8a3-47ec-aae7-be6681853c47,2b871f52-7eae-4e94-a18d-ab50db1c867d,1632238829602,13.3952267,52.4728445,7.7560964,-1.5270791,-0.24686003,-0.052362442,on bike mount,cyclo cross,True,paving stones,intermediate
0d1414f3-d959-41d8-8349-dbe3481ba149,714e99dd-c8a3-47ec-aae7-be6681853c47,6aa56a7d-e7be-496a-9298-3d2bc3724e17,1632238829652,13.3952267,52.4728445,7.7560964,-1.6461328,-1.4798592,-1.3395963,on bike mount,cyclo cross,True,paving stones,intermediate
0d1414f3-d959-41d8-8349-dbe3481ba149,714e99dd-c8a3-47ec-aae7-be6681853c47,42eb34cb-68ec-45e0-ac47-a0b5ed79d959,1632238829719,13.3952267,52.4728445,7.7560964,-0.54956955,4.826188,5.745516,on bike mount,cyclo cross,True,paving stones,intermediate
0d1414f3-d959-41d8-8349-dbe3481ba149,714e99dd-c8a3-47ec-aae7-be6681853c47,d956d612-b40d-4a8f-bc63-ac8f919e09c8,1632238829786,13.3952267,52.4728445,7.7560964,-1.5177953,5.867262,-5.326812,on bike mount,cyclo cross,True,paving stones,intermediate
0d1414f3-d959-41d8-8349-dbe3481ba149,714e99dd-c8a3-47ec-aae7-be6681853c47,fd06d65e-eb9c-45ea-b620-0b4518408277,1632238829853,13.3952267,52.4728445,7.7560964,-2.0198774,-1.0269868,-0.35138702,on bike mount,cyclo cross,True,paving stones,intermediate
0d1414f3-d959-41d8-8349-dbe3481ba149,714e99dd-c8a3-47ec-aae7-be6681853c47,2892047b-e76b-4278-ae29-9b5007274dae,1632238829920,13.3953411,52.4728476,7.611261,0.15610713,-6.409079,4.0034695,on bike mount,cyclo cross,True,paving stones,intermediate
0d1414f3-d959-41d8-8349-dbe3481ba149,714e99dd-c8a3-47ec-aae7-be6681853c47,ea089663-ba87-46fc-b983-a569fee6ca35,1632238829986,13.3953411,52.4728476,7.611261,-1.6572173,-1.1827519,-2.2643366,on bike mount,cyclo cross,True,paving stones,intermediate
0d1414f3-d959-41d8-8349-dbe3481ba149,714e99dd-c8a3-47ec-aae7-be6681853c47,40dcba5c-154b-413c-9159-0494da27c4c0,1632238830053,13.3953411,52.4728476,7.611261,2.0252378,-5.187505,3.6402578,on bike mount,cyclo cross,True,paving stones,intermediate
0d1414f3-d959-41d8-8349-dbe3481ba149,714e99dd-c8a3-47ec-aae7-be6681853c47,c03247a9-49f7-44cb-aa9b-5bfd406c852c,1632238830103,13.3953411,52.4728476,7.611261,-1.0876509,4.9981604,3.2829046,on bike mount,cyclo cross,True,paving stones,intermediate
0d1414f3-d959-41d8-8349-dbe3481ba149,714e99dd-c8a3-47ec-aae7-be6681853c47,e67d9a8c-0f65-4990-aadc-36bb06d7650b,1632238830153,13.3953411,52.4728476,7.611261,2.8421826,4.9762087,-2.9726582,on bike mount,cyclo cross,True,paving stones,intermediate
0d1414f3-d959-41d8-8349-dbe3481ba149,714e99dd-c8a3-47ec-aae7-be6681853c47,90ead289-f441-4e92-8d81-54b5e321c82c,1632238830203,13.3953411,52.4728476,7.611261,1.9370406,3.3530307,4.0285654,on bike mount,cyclo cross,True,paving stones,intermediate
0d1414f3-d959-41d8-8349-dbe3481ba149,714e99dd-c8a3-47ec-aae7-be6681853c47,e5e159ca-44e3-4558-b861-1b137ed81794,1632238830270,13.3953411,52.4728476,7.611261,-1.4846947,7.210123,-1.3125167,on bike mount,cyclo cross,True,paving stones,intermediate
0d1414f3-d959-41d8-8349-dbe3481ba149,714e99dd-c8a3-47ec-aae7-be6681853c47,8fcf1398-172d-4b3e-9447-4ad9cf4763b7,1632238830320,13.3953411,52.4728476,7.611261,-0.3795096,6.172921,-2.77022,on bike mount,cyclo cross,True,paving stones,intermediate
0d1414f3-d959-41d8-8349-dbe3481ba149,714e99dd-c8a3-47ec-aae7-be6681853c47,d1b6caad-ee51-48dc-8850-16871d7d2dc0,1632238830371,13.3953411,52.4728476,7.611261,1.5010391,-3.1336567,0.771718,on bike mount,cyclo cross,True,paving stones,intermediate
0d1414f3-d959-41d8-8349-dbe3481ba149,714e99dd-c8a3-47ec-aae7-be6681853c47,656b2b81-af5e-4731-bdeb-7ebadee6f7ba,1632238830437,13.3953411,52.4728476,7.611261,-1.2887422,9.3472595,4.883502,on bike mount,cyclo cross,True,paving stones,intermediate
0d1414f3-d959-41d8-8349-dbe3481ba149,714e99dd-c8a3-47ec-aae7-be6681853c47,8310a8a0-2e47-40ba-bed2-c2d3249d3ec3,1632238830487,13.3953411,52.4728476,7.611261,1.8793097,0.03464341,3.051834,on bike mount,cyclo cross,True,paving stones,intermediate
0d1414f3-d959-41d8-8349-dbe3481ba149,714e99dd-c8a3-47ec-aae7-be6681853c47,d6d6f7a6-931b-43aa-b179-4bfd5bb29e6b,1632238830538,13.3953411,52.4728476,7.611261,-3.245077,0.8803599,-1.3394818,on bike mount,cyclo cross,True,paving stones,intermediate
0d1414f3-d959-41d8-8349-dbe3481ba149,714e99dd-c8a3-47ec-aae7-be6681853c47,f65a2ae8-4bbf-4e8d-b913-c9a4148c808f,1632238830604,13.3953411,52.4728476,7.611261,-0.79017013,6.019596,4.570797,on bike mount,cyclo cross,True,paving stones,intermediate
0d1414f3-d959-41d8-8349-dbe3481ba149,714e99dd-c8a3-47ec-aae7-be6681853c47,ded493fb-fd72-4698-a01a-f181890553c5,1632238830655,13.3953411,52.4728476,7.611261,-0.4834,-2.195518,-2.9013133,on bike mount,cyclo cross,True,paving stones,intermediate
0d1414f3-d959-41d8-8349-dbe3481ba149,714e99dd-c8a3-47ec-aae7-be6681853c47,73ec601d-215d-4b89-a1e6-ba89dcb8242a,1632238830721,13.3953411,52.4728476,7.611261,-1.3080695,2.251895,-2.6701894,on bike mount,cyclo cross,True,paving stones,intermediate
0d1414f3-d959-41d8-8349-dbe3481ba149,714e99dd-c8a3-47ec-aae7-be6681853c47,974afb4e-f7a4-4522-9773-e9cedd578ebc,1632238830771,13.3953411,52.4728476,7.611261,0.28699756,9.000409,-2.188511,on bike mount,cyclo cross,True,paving stones,intermediate
0d1414f3-d959-41d8-8349-dbe3481ba149,714e99dd-c8a3-47ec-aae7-be6681853c47,5e83d750-4ebe-4fa5-a802-1d3fa916b8b5,1632238830822,13.3953411,52.4728476,7.611261,0.7187372,0.4745953,1.4192314,on bike mount,cyclo cross,True,paving stones,intermediate
0d1414f3-d959-41d8-8349-dbe3481ba149,714e99dd-c8a3-47ec-aae7-be6681853c47,67197863-773a-46c8-a63b-277c4ae793d8,1632238830888,13.3954537,52.4728463,7.6396513,-1.1087687,3.8387933,-3.2064571,on bike mount,cyclo cross,True,paving stones,intermediate
0d1414f3-d959-41d8-8349-dbe3481ba149,714e99dd-c8a3-47ec-aae7-be6681853c47,f1f1f93b-85ff-4e56-9a31-b23e0e4ad2c5,1632238830955,13.3954537,52.4728463,7.6396513,-2.707986,11.808556,-6.2958217,on bike mount,cyclo cross,True,paving stones,intermediate
0d1414f3-d959-41d8-8349-dbe3481ba149,714e99dd-c8a3-47ec-aae7-be6681853c47,c1ba05f5-fde9-49c2-92f6-bf733a30283d,1632238831022,13.3954537,52.4728463,7.6396513,1.4358823,-1.0928397,-4.8808246,on bike mount,cyclo cross,True,paving stones,intermediate
0d1414f3-d959-41d8-8349-dbe3481ba149,714e99dd-c8a3-47ec-aae7-be6681853c47,d7a4b191-51bd-4057-82c4-82b2fafae2ca,1632238831089,13.3954537,52.4728463,7.6396513,1.707403,-8.229004,-0.81973076,on bike mount,cyclo cross,True,paving stones,intermediate
0d1414f3-d959-41d8-8349-dbe3481ba149,714e99dd-c8a3-47ec-aae7-be6681853c47,494d751f-2e09-4704-be38-da99444cc42f,1632238831155,13.3954537,52.4728463,7.6396513,-2.0335548,5.604068,5.530162,on bike mount,cyclo cross,True,paving stones,intermediate
0d1414f3-d959-41d8-8349-dbe3481ba149,714e99dd-c8a3-47ec-aae7-be6681853c47,b99dcd0d-dc08-4def-a909-a65eac4a0ac5,1632238831222,13.3954537,52.4728463,7.6396513,2.5212562,-6.720008,1.0238066,on bike mount,cyclo cross,True,paving stones,intermediate
0d1414f3-d959-41d8-8349-dbe3481ba149,714e99dd-c8a3-47ec-aae7-be6681853c47,3364f8c4-6fa8-42c1-a29a-ae4ccb475e8a,1632238831272,13.3954537,52.4728463,7.6396513,-0.9455277,-0.22130418,2.840767,on bike mount,cyclo cross,True,paving stones,intermediate
0d1414f3-d959-41d8-8349-dbe3481ba149,714e99dd-c8a3-47ec-aae7-be6681853c47,417f2fb4-db8c-40d0-87ea-8590bc878483,1632238831322,13.3954537,52.4728463,7.6396513,-4.151595,5.0591106,4.4551277,on bike mount,cyclo cross,True,paving stones,intermediate
0d1414f3-d959-41d8-8349-dbe3481ba149,714e99dd-c8a3-47ec-aae7-be6681853c47,cee9e0c8-9d0c-4a49-8347-c9d5fc0ca127,1632238831389,13.3954537,52.4728463,7.6396513,-2.1657522,8.220676,-7.197083,on bike mount,cyclo cross,True,paving stones,intermediate
0d1414f3-d959-41d8-8349-dbe3481ba149,714e99dd-c8a3-47ec-aae7-be6681853c47,5f18a111-d6df-4f6f-b123-8cb96ebca63b,1632238831439,13.3954537,52.4728463,7.6396513,0.006104827,-2.8469477,-0.78288317,on bike mount,cyclo cross,True,paving stones,intermediate
0d1414f3-d959-41d8-8349-dbe3481ba149,714e99dd-c8a3-47ec-aae7-be6681853c47,24552548-c64c-4342-b0ac-5d7f05f00dcf,1632238831506,13.3954537,52.4728463,7.6396513,0.6998004,-2.8845556,6.8528385,on bike mount,cyclo cross,True,paving stones,intermediate
0d1414f3-d959-41d8-8349-dbe3481ba149,714e99dd-c8a3-47ec-aae7-be6681853c47,cd45ba4b-943a-49b6-8b96-2fbaeca11df3,1632238831556,13.3954537,52.4728463,7.6396513,0.31549248,-0.025826931,5.2065516,on bike mount,cyclo cross,True,paving stones,intermediate
0d1414f3-d959-41d8-8349-dbe3481ba149,714e99dd-c8a3-47ec-aae7-be6681853c47,9fe14f02-58b4-47f9-83c4-9c0b12b9b5d0,1632238831606,13.3954537,52.4728463,7.6396513,1.8231555,-0.39692783,1.7532883,on bike mount,cyclo cross,True,paving stones,intermediate
0d1414f3-d959-41d8-8349-dbe3481ba149,714e99dd-c8a3-47ec-aae7-be6681853c47,45ebbd3e-e716-48ca-a58d-7bfef9c215db,1632238831673,13.3954537,52.4728463,7.6396513,2.163801,-3.0376053,10.630313,on bike mount,cyclo cross,True,paving stones,intermediate
0d1414f3-d959-41d8-8349-dbe3481ba149,714e99dd-c8a3-47ec-aae7-be6681853c47,acaae129-9ae7-4e68-ac20-59dce2ead535,1632238831740,13.3954537,52.4728463,7.6396513,0.12953451,3.6243649,-7.397098,on bike mount,cyclo cross,True,paving stones,intermediate
0d1414f3-d959-41d8-8349-dbe3481ba149,714e99dd-c8a3-47ec-aae7-be6681853c47,965b12ca-18d5-4c69-98aa-a83d14acf35d,1632238831807,13.3954537,52.4728463,7.6396513,-0.09988187,7.3481274,-1.4921961,on bike mount,cyclo cross,True,paving stones,intermediate
0d1414f3-d959-41d8-8349-dbe3481ba149,714e99dd-c8a3-47ec-aae7-be6681853c47,4ba235ea-fd84-464f-8dbe-4f5d9bb767e2,1632238831874,13.3954537,52.4728463,7.6396513,-4.8945436,-2.8779066,-2.4371243,on bike mount,cyclo cross,True,paving stones,intermediate
0d1414f3-d959-41d8-8349-dbe3481ba149,714e99dd-c8a3-47ec-aae7-be6681853c47,abed791a-a627-45c3-8969-4caf2517d454,1632238831940,13.3955652,52.4728487,7.5112777,-0.96772003,-2.3554506,-3.2944758,on bike mount,cyclo cross,True,paving stones,intermediate
0d1414f3-d959-41d8-8349-dbe3481ba149,714e99dd-c8a3-47ec-aae7-be6681853c47,5768908a-339d-4d2b-84a7-f2b743d1d3c7,1632238832007,13.3955652,52.4728487,7.5112777,-0.95257175,0.92605305,-1.0872507,on bike mount,cyclo cross,True,paving stones,intermediate
0d1414f3-d959-41d8-8349-dbe3481ba149,714e99dd-c8a3-47ec-aae7-be6681853c47,df21cad3-b3d2-440c-8d30-a24952160b7a,1632238832057,13.3955652,52.4728487,7.5112777,-0.800865,-4.1287293,1.799345,on bike mount,cyclo cross,True,paving stones,intermediate
0d1414f3-d959-41d8-8349-dbe3481ba149,714e99dd-c8a3-47ec-aae7-be6681853c47,ac16ab5c-cad0-4741-80c1-b166bf05d0cd,1632238832107,13.3955652,52.4728487,7.5112777,-0.89794344,-3.0878687,3.5306044,on bike mount,cyclo cross,True,paving stones,intermediate
0d1414f3-d959-41d8-8349-dbe3481ba149,714e99dd-c8a3-47ec-aae7-be6681853c47,5f169b4a-10e2-4f69-9db0-7a44ac080e53,1632238832174,13.3955652,52.4728487,7.5112777,1.9314404,-7.3489275,-3.39749,on bike mount,cyclo cross,True,paving stones,intermediate
0d1414f3-d959-41d8-8349-dbe3481ba149,714e99dd-c8a3-47ec-aae7-be6681853c47,a1b4f5a1-bdcf-4856-a092-df6e39892905,1632238832224,13.3955652,52.4728487,7.5112777,1.0016979,1.7990918,6.3369474,on bike mount,cyclo cross,True,paving stones,intermediate
0d1414f3-d959-41d8-8349-dbe3481ba149,714e99dd-c8a3-47ec-aae7-be6681853c47,f8cba4fc-3976-41d5-9c27-18e351fe280b,1632238832274,13.3955652,52.4728487,7.5112777,-2.0689182,3.669468,0.6246586,on bike mount,cyclo cross,True,paving stones,intermediate
0d1414f3-d959-41d8-8349-dbe3481ba149,714e99dd-c8a3-47ec-aae7-be6681853c47,b536eaf4-9cd6-416a-8587-f24a4a24f4ea,1632238832324,13.3955652,52.4728487,7.5112777,1.9735589,1.7753434,-1.4628348,on bike mount,cyclo cross,True,paving stones,intermediate
0d1414f3-d959-41d8-8349-dbe3481ba149,714e99dd-c8a3-47ec-aae7-be6681853c47,97a8fc24-ee40-4993-94e9-c8021e714965,1632238832375,13.3955652,52.4728487,7.5112777,-0.24171075,-1.0392959,-8.896978,on bike mount,cyclo cross,True,paving stones,intermediate
0d1414f3-d959-41d8-8349-dbe3481ba149,714e99dd-c8a3-47ec-aae7-be6681853c47,bbb4e1f3-2b89-46c2-b779-c9dbff5d13cb,1632238832441,13.3955652,52.4728487,7.5112777,0.8111892,3.2433114,-7.2485933,on bike mount,cyclo cross,True,paving stones,intermediate
0d1414f3-d959-41d8-8349-dbe3481ba149,714e99dd-c8a3-47ec-aae7-be6681853c47,512c1a51-8308-4707-86c6-6d3305cdeb1e,1632238832491,13.3955652,52.4728487,7.5112777,-1.5983136,-10.089432,-3.8889723,on bike mount,cyclo cross,True,paving stones,intermediate
0d1414f3-d959-41d8-8349-dbe3481ba149,714e99dd-c8a3-47ec-aae7-be6681853c47,c739ddd2-7ff4-45ec-b90e-1422b2250671,1632238832541,13.3955652,52.4728487,7.5112777,0.1728456,2.9781213,-6.9950747,on bike mount,cyclo cross,True,paving stones,intermediate
0d1414f3-d959-41d8-8349-dbe3481ba149,714e99dd-c8a3-47ec-aae7-be6681853c47,962ead73-fa82-4392-9d21-ac0865dc8e51,1632238832608,13.3955652,52.4728487,7.5112777,-0.2863624,-4.5092816,7.5957184,on bike mount,cyclo cross,True,paving stones,intermediate
0d1414f3-d959-41d8-8349-dbe3481ba149,714e99dd-c8a3-47ec-aae7-be6681853c47,ffada4f3-bfec-40ab-8c18-488a8d6c39b0,1632238832658,13.3955652,52.4728487,7.5112777,-0.86339945,2.7943726,-2.4941921,on bike mount,cyclo cross,True,paving stones,intermediate
0d1414f3-d959-41d8-8349-dbe3481ba149,714e99dd-c8a3-47ec-aae7-be6681853c47,8ed514f2-03d5-42cf-ab08-90311b6c2868,1632238832708,13.3955652,52.4728487,7.5112777,0.89563537,-1.1956599,0.7672901,on bike mount,cyclo cross,True,paving stones,intermediate
0d1414f3-d959-41d8-8349-dbe3481ba149,714e99dd-c8a3-47ec-aae7-be6681853c47,962be9a2-72e2-4ea3-ad03-9b4755030edb,1632238832775,13.3955652,52.4728487,7.5112777,-2.4451985,1.9046645,4.9359913,on bike mount,cyclo cross,True,paving stones,intermediate
0d1414f3-d959-41d8-8349-dbe3481ba149,714e99dd-c8a3-47ec-aae7-be6681853c47,20a38805-16d1-43d1-bdfc-b54487514b4e,1632238832826,13.3955652,52.4728487,7.5112777,0.15773138,-0.3778422,8.335753,on bike mount,cyclo cross,True,paving stones,intermediate
0d1414f3-d959-41d8-8349-dbe3481ba149,714e99dd-c8a3-47ec-aae7-be6681853c47,dfa192b5-2003-42a2-a0b8-b99000d11f3c,1632238832892,13.3956743,52.4728547,7.698525,-0.8678457,-3.7573824,-2.6234016,on bike mount,cyclo cross,True,paving stones,intermediate
0d1414f3-d959-41d8-8349-dbe3481ba149,714e99dd-c8a3-47ec-aae7-be6681853c47,9af34955-41c0-4cde-801c-3ccc50bbbdb6,1632238832959,13.3956743,52.4728547,7.698525,0.45875958,1.414839,3.6218596,on bike mount,cyclo cross,True,paving stones,intermediate
0d1414f3-d959-41d8-8349-dbe3481ba149,714e99dd-c8a3-47ec-aae7-be6681853c47,756b790b-9a72-4ce6-a9fa-4fd43be58d20,1632238833026,13.3956743,52.4728547,7.698525,-0.41352385,-0.2173611,-4.111453,on bike mount,cyclo cross,True,paving stones,intermediate
0d1414f3-d959-41d8-8349-dbe3481ba149,714e99dd-c8a3-47ec-aae7-be6681853c47,615e6897-5e1a-45d7-a3b5-3de20ec104c3,1632238833093,13.3956743,52.4728547,7.698525,2.9755836,1.4124985,3.2228527,on bike mount,cyclo cross,True,paving stones,intermediate
0d1414f3-d959-41d8-8349-dbe3481ba149,714e99dd-c8a3-47ec-aae7-be6681853c47,6b7ed409-b2f4-40d3-8d9b-674b67c93fad,1632238833159,13.3956743,52.4728547,7.698525,0.7303024,-8.97173,3.432746,on bike mount,cyclo cross,True,paving stones,intermediate
0d1414f3-d959-41d8-8349-dbe3481ba149,714e99dd-c8a3-47ec-aae7-be6681853c47,8fe941b1-b62a-479e-bc4e-add6fb01044d,1632238833210,13.3956743,52.4728547,7.698525,-0.83736104,-2.9987192,7.7031307,on bike mount,cyclo cross,True,paving stones,intermediate
0d1414f3-d959-41d8-8349-dbe3481ba149,714e99dd-c8a3-47ec-aae7-be6681853c47,af507dd4-2328-4cb9-9d2e-38c43e6889c6,1632238833276,13.3956743,52.4728547,7.698525,-2.4897826,-1.6679573,7.803897,on bike mount,cyclo cross,True,paving stones,intermediate
0d1414f3-d959-41d8-8349-dbe3481ba149,714e99dd-c8a3-47ec-aae7-be6681853c47,31780c6f-3326-4521-9992-c8815cb0a8b3,1632238833326,13.3956743,52.4728547,7.698525,-2.1413677,3.4889488,-0.3332777,on bike mount,cyclo cross,True,paving stones,intermediate
0d1414f3-d959-41d8-8349-dbe3481ba149,714e99dd-c8a3-47ec-aae7-be6681853c47,d15d7047-d07f-44c9-b041-aca510b8c6c0,1632238833393,13.3956743,52.4728547,7.698525,-3.822761,7.2890186,-11.138305,on bike mount,cyclo cross,True,paving stones,intermediate
0d1414f3-d959-41d8-8349-dbe3481ba149,714e99dd-c8a3-47ec-aae7-be6681853c47,8468b580-2ba5-49a6-9e04-91a110f11211,1632238833443,13.3956743,52.4728547,7.698525,-0.966706,5.061253,5.7694473,on bike mount,cyclo cross,True,paving stones,intermediate
0d1414f3-d959-41d8-8349-dbe3481ba149,714e99dd-c8a3-47ec-aae7-be6681853c47,99b2120e-44d6-42e0-a4f3-2bb0e77a483c,1632238833493,13.3956743,52.4728547,7.698525,2.3006942,-14.37056,-0.29858494,on bike mount,cyclo cross,True,paving stones,intermediate
0d1414f3-d959-41d8-8349-dbe3481ba149,714e99dd-c8a3-47ec-aae7-be6681853c47,f85aa264-ba57-4e88-b96f-4075bf345dd2,1632238833544,13.3956743,52.4728547,7.698525,-2.3401153,5.96073,1.7268152,on bike mount,cyclo cross,True,paving stones,intermediate
0d1414f3-d959-41d8-8349-dbe3481ba149,714e99dd-c8a3-47ec-aae7-be6681853c47,1d2694f5-cab1-444f-97bc-fd26a0743482,1632238833610,13.3956743,52.4728547,7.698525,-0.05419025,-1.4458255,-0.4754753,on bike mount,cyclo cross,True,paving stones,intermediate
0d1414f3-d959-41d8-8349-dbe3481ba149,714e99dd-c8a3-47ec-aae7-be6681853c47,343d5743-b5bf-4d99-a295-1d65d20ff9f0,1632238833660,13.3956743,52.4728547,7.698525,-3.1174233,1.9362926,-2.5715103,on bike mount,cyclo cross,True,paving stones,intermediate
0d1414f3-d959-41d8-8349-dbe3481ba149,714e99dd-c8a3-47ec-aae7-be6681853c47,158667e6-681a-40a6-9879-a42c85e9882d,1632238833710,13.3956743,52.4728547,7.698525,1.2478807,9.214873,-2.1026473,on bike mount,cyclo cross,True,paving stones,intermediate
0d1414f3-d959-41d8-8349-dbe3481ba149,714e99dd-c8a3-47ec-aae7-be6681853c47,0494c173-59dc-4d5b-b6de-723ac511aaec,1632238833760,13.3956743,52.4728547,7.698525,1.1567731,-1.5238755,-0.52226543,on bike mount,cyclo cross,True,paving stones,intermediate
0d1414f3-d959-41d8-8349-dbe3481ba149,714e99dd-c8a3-47ec-aae7-be6681853c47,018d9388-fd55-40ee-8f45-e44441123058,1632238833827,13.3956743,52.4728547,7.698525,-2.0704994,2.8028264,9.097825,on bike mount,cyclo cross,True,paving stones,intermediate
0d1414f3-d959-41d8-8349-dbe3481ba149,714e99dd-c8a3-47ec-aae7-be6681853c47,e8da0e17-e730-45c3-821a-bd60249bb506,1632238833877,13.3957872,52.4728573,7.650364,1.245648,2.907867,-2.9539342,on bike mount,cyclo cross,True,paving stones,intermediate
0d1414f3-d959-41d8-8349-dbe3481ba149,714e99dd-c8a3-47ec-aae7-be6681853c47,9e6bf37a-5411-4d85-b243-7f0b2940fb01,1632238833927,13.3957872,52.4728573,7.650364,-0.77135015,-2.7059283,-5.884808,on bike mount,cyclo cross,True,paving stones,intermediate
0d1414f3-d959-41d8-8349-dbe3481ba149,714e99dd-c8a3-47ec-aae7-be6681853c47,2897f2bb-d776-4124-83ac-cfe3d97d6218,1632238833977,13.3957872,52.4728573,7.650364,-0.6302129,4.386813,-1.7998796,on bike mount,cyclo cross,True,paving stones,intermediate
0d1414f3-d959-41d8-8349-dbe3481ba149,714e99dd-c8a3-47ec-aae7-be6681853c47,c1734b60-6646-4ce5-ab73-d14240101ef4,1632238834044,13.3957872,52.4728573,7.650364,2.7881477,5.4757442,-1.8306208,on bike mount,cyclo cross,True,paving stones,intermediate
0d1414f3-d959-41d8-8349-dbe3481ba149,714e99dd-c8a3-47ec-aae7-be6681853c47,2d202cda-7def-4f42-a970-20381b0ee76c,1632238834111,13.3957872,52.4728573,7.650364,-0.828871,2.083005,-2.1369524,on bike mount,cyclo cross,True,paving stones,intermediate
0d1414f3-d959-41d8-8349-dbe3481ba149,714e99dd-c8a3-47ec-aae7-be6681853c47,9019b0ed-c4f5-4a69-92ab-272805f03f5e,1632238834161,13.3957872,52.4728573,7.650364,-0.8990406,3.050119,2.3926105,on bike mount,cyclo cross,True,paving stones,intermediate
0d1414f3-d959-41d8-8349-dbe3481ba149,714e99dd-c8a3-47ec-aae7-be6681853c47,c2f16603-03b7-4c7f-863d-5175d1aabb41,1632238834211,13.3957872,52.4728573,7.650364,-0.8839896,-2.4925454,-0.17641544,on bike mount,cyclo cross,True,paving stones,intermediate
0d1414f3-d959-41d8-8349-dbe3481ba149,714e99dd-c8a3-47ec-aae7-be6681853c47,5b227a54-f817-422b-a527-8ac87d996283,1632238834278,13.3957872,52.4728573,7.650364,1.599438,-6.7709484,-2.951058,on bike mount,cyclo cross,True,paving stones,intermediate
0d1414f3-d959-41d8-8349-dbe3481ba149,714e99dd-c8a3-47ec-aae7-be6681853c47,a873f86a-e09e-4e45-af9a-2c282be19de9,1632238834328,13.3957872,52.4728573,7.650364,1.8392211,-1.1687993,3.9257746,on bike mount,cyclo cross,True,paving stones,intermediate
0d1414f3-d959-41d8-8349-dbe3481ba149,714e99dd-c8a3-47ec-aae7-be6681853c47,d1cdd061-d05d-4ea3-bf64-cb6fcc6be0e9,1632238834378,13.3957872,52.4728573,7.650364,-0.49901924,2.4713798,-10.994239,on bike mount,cyclo cross,True,paving stones,intermediate
0d1414f3-d959-41d8-8349-dbe3481ba149,714e99dd-c8a3-47ec-aae7-be6681853c47,cb757757-857a-4dd6-a098-26b8c4dce738,1632238834428,13.3957872,52.4728573,7.650364,1.9779375,-0.61539984,-2.4377365,on bike mount,cyclo cross,True,paving stones,intermediate
0d1414f3-d959-41d8-8349-dbe3481ba149,714e99dd-c8a3-47ec-aae7-be6681853c47,131bf124-b674-4e9b-a061-410f7f438db4,1632238834495,13.3957872,52.4728573,7.650364,1.1020248,1.2938857,6.350415,on bike mount,cyclo cross,True,paving stones,intermediate
0d1414f3-d959-41d8-8349-dbe3481ba149,714e99dd-c8a3-47ec-aae7-be6681853c47,0d3b72fd-36b2-484e-822e-9731ac3f993a,1632238834545,13.3957872,52.4728573,7.650364,-1.2602229,-4.578237,-0.29435158,on bike mount,cyclo cross,True,paving stones,intermediate
0d1414f3-d959-41d8-8349-dbe3481ba149,714e99dd-c8a3-47ec-aae7-be6681853c47,238d7b8c-5cb6-4baf-a5b6-9c3ee5719568,1632238834612,13.3957872,52.4728573,7.650364,-1.4585156,8.350921,4.4146633,on bike mount,cyclo cross,True,paving stones,intermediate
0d1414f3-d959-41d8-8349-dbe3481ba149,714e99dd-c8a3-47ec-aae7-be6681853c47,c5b31511-4f4d-410f-90d2-60b7f171ee4e,1632238834662,13.3957872,52.4728573,7.650364,-1.6856964,-1.0831096,5.833933,on bike mount,cyclo cross,True,paving stones,intermediate
0d1414f3-d959-41d8-8349-dbe3481ba149,714e99dd-c8a3-47ec-aae7-be6681853c47,a0905e5f-d1b6-435d-99d1-e9cece4152e2,1632238834712,13.3957872,52.4728573,7.650364,-0.7069107,-10.189289,5.472376,on bike mount,cyclo cross,True,paving stones,intermediate
0d1414f3-d959-41d8-8349-dbe3481ba149,714e99dd-c8a3-47ec-aae7-be6681853c47,2b9cbb5d-c8ef-4577-aab4-f13be496c10b,1632238834779,13.3957872,52.4728573,7.650364,-1.3401848,-0.5652151,-3.1632223,on bike mount,cyclo cross,True,paving stones,intermediate
0d1414f3-d959-41d8-8349-dbe3481ba149,714e99dd-c8a3-47ec-aae7-be6681853c47,5eb87e94-a64b-4309-84bb-fcb647b390b7,1632238834846,13.3957872,52.4728573,7.650364,-0.36522472,2.694509,4.68019,on bike mount,cyclo cross,True,paving stones,intermediate
0d1414f3-d959-41d8-8349-dbe3481ba149,714e99dd-c8a3-47ec-aae7-be6681853c47,210bd2a1-f7fe-404e-806b-e9d986b67b6b,1632238834913,13.3958958,52.4728605,7.4214993,-0.955487,1.7325387,1.9337349,on bike mount,cyclo cross,True,paving stones,intermediate
0d1414f3-d959-41d8-8349-dbe3481ba149,714e99dd-c8a3-47ec-aae7-be6681853c47,3750aef0-2013-4824-af7e-84cae8d29861,1632238834980,13.3958958,52.4728605,7.4214993,1.892833,-2.383,3.1978836,on bike mount,cyclo cross,True,paving stones,intermediate
0d1414f3-d959-41d8-8349-dbe3481ba149,714e99dd-c8a3-47ec-aae7-be6681853c47,300d7694-ea73-4dbe-a570-893010db0963,1632238835046,13.3958958,52.4728605,7.4214993,0.17023975,-1.7907194,3.435381,on bike mount,cyclo cross,True,paving stones,intermediate
0d1414f3-d959-41d8-8349-dbe3481ba149,714e99dd-c8a3-47ec-aae7-be6681853c47,94217163-22be-4a5f-83f1-d986283d102e,1632238835113,13.3958958,52.4728605,7.4214993,0.5321456,2.2439795,-5.615344,on bike mount,cyclo cross,True,paving stones,intermediate
0d1414f3-d959-41d8-8349-dbe3481ba149,714e99dd-c8a3-47ec-aae7-be6681853c47,37a0deab-12a4-477b-b207-c949ebea9dfd,1632238835180,13.3958958,52.4728605,7.4214993,-0.8357494,3.6054764,0.25604248,on bike mount,cyclo cross,True,paving stones,intermediate
0d1414f3-d959-41d8-8349-dbe3481ba149,714e99dd-c8a3-47ec-aae7-be6681853c47,4100b4ae-549c-4ecc-99a8-958a58dc3643,1632238835247,13.3958958,52.4728605,7.4214993,1.3371216,1.8457799,-11.6050005,on bike mount,cyclo cross,True,paving stones,intermediate
0d1414f3-d959-41d8-8349-dbe3481ba149,714e99dd-c8a3-47ec-aae7-be6681853c47,cb045801-4412-4338-a733-ef60aee781c8,1632238835314,13.3958958,52.4728605,7.4214993,0.12196955,-0.817871,1.5332899,on bike mount,cyclo cross,True,paving stones,intermediate
0d1414f3-d959-41d8-8349-dbe3481ba149,714e99dd-c8a3-47ec-aae7-be6681853c47,b78c8bef-0568-435d-a7ce-8a4c72bff196,1632238835380,13.3958958,52.4728605,7.4214993,0.5869966,3.952537,0.43520927,on bike mount,cyclo cross,True,paving stones,intermediate
0d1414f3-d959-41d8-8349-dbe3481ba149,714e99dd-c8a3-47ec-aae7-be6681853c47,6e178667-0e15-4fd8-970f-32adda3b62c8,1632238835447,13.3958958,52.4728605,7.4214993,-1.6441355,-8.85139,-2.5608835,on bike mount,cyclo cross,True,paving stones,intermediate
0d1414f3-d959-41d8-8349-dbe3481ba149,714e99dd-c8a3-47ec-aae7-be6681853c47,4d13b43b-1bf4-45ff-b5cb-a195ff9c1268,1632238835497,13.3958958,52.4728605,7.4214993,0.74067646,6.5784388,1.2315502,on bike mount,cyclo cross,True,paving stones,intermediate
0d1414f3-d959-41d8-8349-dbe3481ba149,714e99dd-c8a3-47ec-aae7-be6681853c47,0508da95-6dab-471d-b4e1-5a8ccd5843bf,1632238835547,13.3958958,52.4728605,7.4214993,-1.8361795,3.9111443,-1.4668722,on bike mount,cyclo cross,True,paving stones,intermediate
0d1414f3-d959-41d8-8349-dbe3481ba149,714e99dd-c8a3-47ec-aae7-be6681853c47,a218a8b1-f4ca-4b0d-b9b4-466b6349e4bf,1632238835598,13.3958958,52.4728605,7.4214993,0.4771326,-14.200538,3.900055,on bike mount,cyclo cross,True,paving stones,intermediate
0d1414f3-d959-41d8-8349-dbe3481ba149,714e99dd-c8a3-47ec-aae7-be6681853c47,54ac350a-cdbe-451e-b042-31539a00d14a,1632238835665,13.3958958,52.4728605,7.4214993,-1.0130297,-1.6062671,4.4550104,on bike mount,cyclo cross,True,paving stones,intermediate
0d1414f3-d959-41d8-8349-dbe3481ba149,714e99dd-c8a3-47ec-aae7-be6681853c47,31855170-5966-471f-8e55-fcc88d7569a6,1632238835731,13.3958958,52.4728605,7.4214993,1.6321689,3.7020226,-3.096157,on bike mount,cyclo cross,True,paving stones,intermediate
0d1414f3-d959-41d8-8349-dbe3481ba149,714e99dd-c8a3-47ec-aae7-be6681853c47,407107f1-16bf-46d0-846b-f9ab79c51709,1632238835781,13.3958958,52.4728605,7.4214993,0.08060111,-6.9560905,-5.1349506,on bike mount,cyclo cross,True,paving stones,intermediate
0d1414f3-d959-41d8-8349-dbe3481ba149,714e99dd-c8a3-47ec-aae7-be6681853c47,563aecc4-8fb2-4c66-bb71-b578373e31fe,1632238835849,13.3958958,52.4728605,7.4214993,0.009666495,-0.34692788,3.726081,on bike mount,cyclo cross,True,paving stones,intermediate
0d1414f3-d959-41d8-8349-dbe3481ba149,714e99dd-c8a3-47ec-aae7-be6681853c47,33e3cd1d-e2af-4cc9-9ad0-ce67adae82ee,1632238835915,13.3960031,52.4728621,7.5689535,0.5766883,-7.2589564,3.111164,on bike mount,cyclo cross,True,paving stones,intermediate
0d1414f3-d959-41d8-8349-dbe3481ba149,714e99dd-c8a3-47ec-aae7-be6681853c47,04844c13-9aa6-4e50-a046-a073d0ccf844,1632238835981,13.3960031,52.4728621,7.5689535,2.087878,-2.0997016,6.3559647,on bike mount,cyclo cross,True,paving stones,intermediate
0d1414f3-d959-41d8-8349-dbe3481ba149,714e99dd-c8a3-47ec-aae7-be6681853c47,9d45dbf3-64b3-4cd2-a8f0-aa0bdff6f706,1632238836048,13.3960031,52.4728621,7.5689535,-0.99415714,-0.044297457,4.4173517,on bike mount,cyclo cross,True,paving stones,intermediate
0d1414f3-d959-41d8-8349-dbe3481ba149,714e99dd-c8a3-47ec-aae7-be6681853c47,03c52ea9-c9ee-4d8e-b77c-75c3dffba951,1632238836127,13.3960031,52.4728621,7.5689535,0.36059973,-6.212774,13.140576,on bike mount,cyclo cross,True,paving stones,intermediate
0d1414f3-d959-41d8-8349-dbe3481ba149,714e99dd-c8a3-47ec-aae7-be6681853c47,cc6a0063-73e8-4fe0-b21e-9947959d5e30,1632238836182,13.3960031,52.4728621,7.5689535,-3.0867746,8.559946,6.4726276,on bike mount,cyclo cross,True,paving stones,intermediate
0d1414f3-d959-41d8-8349-dbe3481ba149,714e99dd-c8a3-47ec-aae7-be6681853c47,48574660-31a2-4efe-b6f2-d52f0d2ec8f9,1632238836249,13.3960031,52.4728621,7.5689535,-0.4541763,-1.3551588,-5.3003855,on bike mount,cyclo cross,True,paving stones,intermediate
0d1414f3-d959-41d8-8349-dbe3481ba149,714e99dd-c8a3-47ec-aae7-be6681853c47,bd251eda-02b5-40cb-8179-57d79f1fc4bd,1632238836316,13.3960031,52.4728621,7.5689535,0.33212382,-5.600887,2.0745888,on bike mount,cyclo cross,True,paving stones,intermediate
0d1414f3-d959-41d8-8349-dbe3481ba149,714e99dd-c8a3-47ec-aae7-be6681853c47,03306b88-3786-496d-ba8e-19edb096e78b,1632238836382,13.3960031,52.4728621,7.5689535,-1.5624945,4.5583725,-2.3961992,on bike mount,cyclo cross,True,paving stones,intermediate
0d1414f3-d959-41d8-8349-dbe3481ba149,714e99dd-c8a3-47ec-aae7-be6681853c47,c884d84b-14b6-491d-8710-c9c36347cfef,1632238836433,13.3960031,52.4728621,7.5689535,0.15863805,2.7560105,-5.2873335,on bike mount,cyclo cross,True,paving stones,intermediate
0d1414f3-d959-41d8-8349-dbe3481ba149,714e99dd-c8a3-47ec-aae7-be6681853c47,e6677670-9de0-49e4-8848-be0b09811429,1632238836500,13.3960031,52.4728621,7.5689535,-0.7038239,2.5698571,9.504086,on bike mount,cyclo cross,True,paving stones,intermediate
0d1414f3-d959-41d8-8349-dbe3481ba149,714e99dd-c8a3-47ec-aae7-be6681853c47,f08fb3a2-499c-45bc-aabf-1924133c1ffb,1632238836566,13.3960031,52.4728621,7.5689535,-0.7870749,-0.12840605,-0.8473978,on bike mount,cyclo cross,True,paving stones,intermediate
0d1414f3-d959-41d8-8349-dbe3481ba149,714e99dd-c8a3-47ec-aae7-be6681853c47,1532f2f1-d34b-4510-8584-877e46027953,1632238836617,13.3960031,52.4728621,7.5689535,0.5020779,1.187402,-2.3021708,on bike mount,cyclo cross,True,paving stones,intermediate
0d1414f3-d959-41d8-8349-dbe3481ba149,714e99dd-c8a3-47ec-aae7-be6681853c47,4aaf4793-3f78-47d7-8040-59e996d52f2e,1632238836684,13.3960031,52.4728621,7.5689535,-1.0969297,-0.45166707,3.620963,on bike mount,cyclo cross,True,paving stones,intermediate
0d1414f3-d959-41d8-8349-dbe3481ba149,714e99dd-c8a3-47ec-aae7-be6681853c47,72b2863d-060d-4fdd-88cf-b2d667fdb1c7,1632238836750,13.3960031,52.4728621,7.5689535,0.9786045,-9.644974,0.052262306,on bike mount,cyclo cross,True,paving stones,intermediate
0d1414f3-d959-41d8-8349-dbe3481ba149,714e99dd-c8a3-47ec-aae7-be6681853c47,ee1392e8-f549-4a55-9e50-594d895f82f7,1632238836800,13.3960031,52.4728621,7.5689535,0.90223795,4.826175,-3.305976,on bike mount,cyclo cross,True,paving stones,intermediate
0d1414f3-d959-41d8-8349-dbe3481ba149,714e99dd-c8a3-47ec-aae7-be6681853c47,cc029edc-dfa5-4326-b4eb-074005d131f8,1632238836851,13.3960031,52.4728621,7.5689535,-1.8412343,-5.6374025,3.3630972,on bike mount,cyclo cross,True,paving stones,intermediate
0d1414f3-d959-41d8-8349-dbe3481ba149,714e99dd-c8a3-47ec-aae7-be6681853c47,ae3af86e-4526-4266-bd1a-bab009da6473,1632238836917,13.3961148,52.4728626,7.579174,1.7981937,-1.9231218,1.1187029,on bike mount,cyclo cross,True,paving stones,intermediate
0d1414f3-d959-41d8-8349-dbe3481ba149,714e99dd-c8a3-47ec-aae7-be6681853c47,3fc38098-71ea-4e3d-bcf6-7b0f2eac1bcf,1632238836984,13.3961148,52.4728626,7.579174,-1.3299204,1.4012315,4.3146152,on bike mount,cyclo cross,True,paving stones,intermediate
0d1414f3-d959-41d8-8349-dbe3481ba149,714e99dd-c8a3-47ec-aae7-be6681853c47,cceb17d9-fb73-43df-b331-af0be13687e3,1632238837051,13.3961148,52.4728626,7.579174,-0.5054402,-0.45018232,0.8819461,on bike mount,cyclo cross,True,paving stones,intermediate
0d1414f3-d959-41d8-8349-dbe3481ba149,714e99dd-c8a3-47ec-aae7-be6681853c47,56f23e0b-823f-456c-a9bb-1e51023a51ee,1632238837117,13.3961148,52.4728626,7.579174,1.3697667,9.785994,1.1345816,on bike mount,cyclo cross,True,paving stones,intermediate
0d1414f3-d959-41d8-8349-dbe3481ba149,714e99dd-c8a3-47ec-aae7-be6681853c47,3661b50b-0eff-45b5-9362-39daebb840a7,1632238837168,13.3961148,52.4728626,7.579174,-2.5875368,-5.245758,3.1890783,on bike mount,cyclo cross,True,paving stones,intermediate
0d1414f3-d959-41d8-8349-dbe3481ba149,714e99dd-c8a3-47ec-aae7-be6681853c47,eb3d9554-a43f-43bc-af15-a1995a3e2155,1632238837234,13.3961148,52.4728626,7.579174,0.10925922,-4.091014,-2.214315,on bike mount,cyclo cross,True,paving stones,intermediate
0d1414f3-d959-41d8-8349-dbe3481ba149,714e99dd-c8a3-47ec-aae7-be6681853c47,a7f3306b-2b75-45da-ade8-f29dcc45c5b7,1632238837284,13.3961148,52.4728626,7.579174,-2.4697926,-1.4703788,-3.1793323,on bike mount,cyclo cross,True,paving stones,intermediate
0d1414f3-d959-41d8-8349-dbe3481ba149,714e99dd-c8a3-47ec-aae7-be6681853c47,0f6bf22e-6e94-411d-8c62-f119237f6045,1632238837335,13.3961148,52.4728626,7.579174,-0.1506364,5.402325,-1.5676355,on bike mount,cyclo cross,True,paving stones,intermediate
0d1414f3-d959-41d8-8349-dbe3481ba149,714e99dd-c8a3-47ec-aae7-be6681853c47,4f97f8a2-837a-4291-aebd-42b3f4a03493,1632238837402,13.3961148,52.4728626,7.579174,0.6010672,-11.0400915,3.370634,on bike mount,cyclo cross,True,paving stones,intermediate
0d1414f3-d959-41d8-8349-dbe3481ba149,714e99dd-c8a3-47ec-aae7-be6681853c47,c197f13c-5000-48ea-b177-1954f4c0892a,1632238837468,13.3961148,52.4728626,7.579174,-1.155097,-6.7734313,9.746809,on bike mount,cyclo cross,True,paving stones,intermediate
0d1414f3-d959-41d8-8349-dbe3481ba149,714e99dd-c8a3-47ec-aae7-be6681853c47,4078db48-b15d-4b9d-9e21-09dc326c7431,1632238837518,13.3961148,52.4728626,7.579174,0.7791555,-2.4624338,2.1620731,on bike mount,cyclo cross,True,paving stones,intermediate
0d1414f3-d959-41d8-8349-dbe3481ba149,714e99dd-c8a3-47ec-aae7-be6681853c47,46cb1c66-08a8-499e-a869-063d2238a038,1632238837569,13.3961148,52.4728626,7.579174,1.0236645,-2.1087627,0.99922085,on bike mount,cyclo cross,True,paving stones,intermediate
0d1414f3-d959-41d8-8349-dbe3481ba149,714e99dd-c8a3-47ec-aae7-be6681853c47,61da9bec-829d-4ff0-a123-b493ea1482a1,1632238837635,13.3961148,52.4728626,7.579174,-0.6190362,-3.048106,4.500739,on bike mount,cyclo cross,True,paving stones,intermediate
0d1414f3-d959-41d8-8349-dbe3481ba149,714e99dd-c8a3-47ec-aae7-be6681853c47,7d3ac277-6bb9-44c1-9e63-51d97da20d68,1632238837686,13.3961148,52.4728626,7.579174,-0.16070816,1.5684881,5.8993435,on bike mount,cyclo cross,True,paving stones,intermediate
0d1414f3-d959-41d8-8349-dbe3481ba149,714e99dd-c8a3-47ec-aae7-be6681853c47,72109258-4b2e-47ea-b6a0-c8b7e0af2c7d,1632238837752,13.3961148,52.4728626,7.579174,-3.726776,-6.4848566,2.5161629,on bike mount,cyclo cross,True,paving stones,intermediate
0d1414f3-d959-41d8-8349-dbe3481ba149,714e99dd-c8a3-47ec-aae7-be6681853c47,4439c0a4-92fc-4416-a3be-ae8ea85188dd,1632238837819,13.3961148,52.4728626,7.579174,-1.5730326,7.0362563,-2.8276463,on bike mount,cyclo cross,True,paving stones,intermediate
0d1414f3-d959-41d8-8349-dbe3481ba149,714e99dd-c8a3-47ec-aae7-be6681853c47,8f55e99f-b1c7-4150-92aa-a4eabac504a9,1632238837885,13.3962271,52.4728608,7.450181,-2.2081635,1.7811694,-13.414526,on bike mount,cyclo cross,True,paving stones,intermediate
0d1414f3-d959-41d8-8349-dbe3481ba149,714e99dd-c8a3-47ec-aae7-be6681853c47,c9e49355-5764-4e5b-9c51-14d53732363c,1632238837936,13.3962271,52.4728608,7.450181,-2.206403,-1.3378849,1.9460039,on bike mount,cyclo cross,True,paving stones,intermediate
0d1414f3-d959-41d8-8349-dbe3481ba149,714e99dd-c8a3-47ec-aae7-be6681853c47,a9a1abb4-1f47-4145-a8de-321a7e158d89,1632238838002,13.3962271,52.4728608,7.450181,0.612121,4.1711016,3.7933865,on bike mount,cyclo cross,True,paving stones,intermediate
0d1414f3-d959-41d8-8349-dbe3481ba149,714e99dd-c8a3-47ec-aae7-be6681853c47,e393f240-41b6-4187-8b7a-3567178d35d2,1632238838053,13.3962271,52.4728608,7.450181,-0.78034854,-0.24823427,2.2291012,on bike mount,cyclo cross,True,paving stones,intermediate
0d1414f3-d959-41d8-8349-dbe3481ba149,714e99dd-c8a3-47ec-aae7-be6681853c47,63d9d523-bced-4e91-9138-6762523f9968,1632238838120,13.3962271,52.4728608,7.450181,-0.6216847,-4.0756645,-1.031488,on bike mount,cyclo cross,True,paving stones,intermediate
0d1414f3-d959-41d8-8349-dbe3481ba149,714e99dd-c8a3-47ec-aae7-be6681853c47,912967b8-b58d-4aad-a62a-cdf843cd9c68,1632238838187,13.3962271,52.4728608,7.450181,0.94915444,-6.1221585,-1.9461031,on bike mount,cyclo cross,True,paving stones,intermediate
0d1414f3-d959-41d8-8349-dbe3481ba149,714e99dd-c8a3-47ec-aae7-be6681853c47,4b99f717-bcaf-418d-bac4-894908fc3c7b,1632238838253,13.3962271,52.4728608,7.450181,-0.116992936,-5.1091957,3.4276714,on bike mount,cyclo cross,True,paving stones,intermediate
0d1414f3-d959-41d8-8349-dbe3481ba149,714e99dd-c8a3-47ec-aae7-be6681853c47,01a64677-133e-4a6b-96e2-1354b32af0e3,1632238838304,13.3962271,52.4728608,7.450181,-0.41367126,-3.8343186,2.8046646,on bike mount,cyclo cross,True,paving stones,intermediate
0d1414f3-d959-41d8-8349-dbe3481ba149,714e99dd-c8a3-47ec-aae7-be6681853c47,99325718-3f86-4275-877c-efc65507b210,1632238838370,13.3962271,52.4728608,7.450181,-1.3407125,-0.67490625,-2.8268342,on bike mount,cyclo cross,True,paving stones,intermediate
0d1414f3-d959-41d8-8349-dbe3481ba149,714e99dd-c8a3-47ec-aae7-be6681853c47,292eaaad-144d-42a1-b7f0-7eb2a3429550,1632238838437,13.3962271,52.4728608,7.450181,-2.727858,-5.934726,10.772903,on bike mount,cyclo cross,True,paving stones,intermediate
0d1414f3-d959-41d8-8349-dbe3481ba149,714e99dd-c8a3-47ec-aae7-be6681853c47,78665c2b-d3da-44e9-88f3-1e5265d672c6,1632238838487,13.3962271,52.4728608,7.450181,-0.38598645,3.1315222,5.128195,on bike mount,cyclo cross,True,paving stones,intermediate
0d1414f3-d959-41d8-8349-dbe3481ba149,714e99dd-c8a3-47ec-aae7-be6681853c47,46b4367e-1a68-45c1-9a83-b9c3eaa8d347,1632238838554,13.3962271,52.4728608,7.450181,-0.914181,-0.2101438,-3.4091203,on bike mount,cyclo cross,True,paving stones,intermediate
0d1414f3-d959-41d8-8349-dbe3481ba149,714e99dd-c8a3-47ec-aae7-be6681853c47,3f557596-0a7e-4233-83bd-0950659d2d4a,1632238838620,13.3962271,52.4728608,7.450181,1.9447489,3.0608754,-0.28565025,on bike mount,cyclo cross,True,paving stones,intermediate
0d1414f3-d959-41d8-8349-dbe3481ba149,714e99dd-c8a3-47ec-aae7-be6681853c47,494b75a4-1649-43d8-b8fb-d1ba11aa2d70,1632238838670,13.3962271,52.4728608,7.450181,-1.1766615,5.7099485,1.9708652,on bike mount,cyclo cross,True,paving stones,intermediate
0d1414f3-d959-41d8-8349-dbe3481ba149,714e99dd-c8a3-47ec-aae7-be6681853c47,64d26e00-5fcf-4c2b-9585-6ae9c19cc7e4,1632238838737,13.3962271,52.4728608,7.450181,1.4678179,0.6556785,-1.7111106,on bike mount,cyclo cross,True,paving stones,intermediate
0d1414f3-d959-41d8-8349-dbe3481ba149,714e99dd-c8a3-47ec-aae7-be6681853c47,941c750f-073a-4816-b904-ccd0844c1b94,1632238838787,13.3962271,52.4728608,7.450181,2.2684355,-0.28275228,-0.19439793,on bike mount,cyclo cross,True,paving stones,intermediate
0d1414f3-d959-41d8-8349-dbe3481ba149,714e99dd-c8a3-47ec-aae7-be6681853c47,031e7f02-9943-47aa-bb34-b8cd503468b3,1632238838854,13.3962271,52.4728608,7.450181,0.69450223,-4.856939,11.512762,on bike mount,cyclo cross,True,paving stones,intermediate
0d1414f3-d959-41d8-8349-dbe3481ba149,714e99dd-c8a3-47ec-aae7-be6681853c47,83e9fd17-19d1-449d-ad0f-a538da450cb6,1632238838921,13.3963368,52.4728619,7.4503636,-1.885138,4.422948,1.2548952,on bike mount,cyclo cross,True,paving stones,intermediate
0d1414f3-d959-41d8-8349-dbe3481ba149,714e99dd-c8a3-47ec-aae7-be6681853c47,ef21f628-e324-4e3e-9d74-c00dc3662bcf,1632238838988,13.3963368,52.4728619,7.4503636,-1.9573576,0.5491643,3.8049355,on bike mount,cyclo cross,True,paving stones,intermediate
0d1414f3-d959-41d8-8349-dbe3481ba149,714e99dd-c8a3-47ec-aae7-be6681853c47,84f68aba-68d8-4efe-90a3-0f78306a7505,1632238839055,13.3963368,52.4728619,7.4503636,-2.5865395,1.3086929,4.673874,on bike mount,cyclo cross,True,paving stones,intermediate
0d1414f3-d959-41d8-8349-dbe3481ba149,714e99dd-c8a3-47ec-aae7-be6681853c47,fbc3d03f-6d19-477d-9c97-a8127af1e282,1632238839121,13.3963368,52.4728619,7.4503636,1.7974911,3.291068,-13.242107,on bike mount,cyclo cross,True,paving stones,intermediate
0d1414f3-d959-41d8-8349-dbe3481ba149,714e99dd-c8a3-47ec-aae7-be6681853c47,d70b3e97-2577-4fef-a446-d623bca5dec2,1632238839188,13.3963368,52.4728619,7.4503636,0.38092268,-7.933689,5.995161,on bike mount,cyclo cross,True,paving stones,intermediate
0d1414f3-d959-41d8-8349-dbe3481ba149,714e99dd-c8a3-47ec-aae7-be6681853c47,25d4508f-4dc8-4f35-9dab-472097fcfbd4,1632238839238,13.3963368,52.4728619,7.4503636,-1.9396722,4.2948875,-8.138658,on bike mount,cyclo cross,True,paving stones,intermediate
0d1414f3-d959-41d8-8349-dbe3481ba149,714e99dd-c8a3-47ec-aae7-be6681853c47,9d10df54-5feb-4e2b-ae4e-8850cacf7cbc,1632238839288,13.3963368,52.4728619,7.4503636,0.8971401,3.5830073,0.43959713,on bike mount,cyclo cross,True,paving stones,intermediate
0d1414f3-d959-41d8-8349-dbe3481ba149,714e99dd-c8a3-47ec-aae7-be6681853c47,12af36bc-6f7a-4070-8bd1-5b62a390a414,1632238839339,13.3963368,52.4728619,7.4503636,-0.47899413,-0.766984,3.008976,on bike mount,cyclo cross,True,paving stones,intermediate
0d1414f3-d959-41d8-8349-dbe3481ba149,714e99dd-c8a3-47ec-aae7-be6681853c47,78f34f72-7961-44d9-84c7-fd58c46cfa4a,1632238839405,13.3963368,52.4728619,7.4503636,-0.7100706,-1.8657856,3.6565428,on bike mount,cyclo cross,True,paving stones,intermediate
0d1414f3-d959-41d8-8349-dbe3481ba149,714e99dd-c8a3-47ec-aae7-be6681853c47,466fbdf7-1ac7-41de-99e5-fa85ddacffdb,1632238839455,13.3963368,52.4728619,7.4503636,-1.2478904,5.959322,-1.4646406,on bike mount,cyclo cross,True,paving stones,intermediate
0d1414f3-d959-41d8-8349-dbe3481ba149,714e99dd-c8a3-47ec-aae7-be6681853c47,064beffc-8e98-4ca8-bfb8-89bad54621e1,1632238839506,13.3963368,52.4728619,7.4503636,-0.14303857,-6.1415954,2.899022,on bike mount,cyclo cross,True,paving stones,intermediate
0d1414f3-d959-41d8-8349-dbe3481ba149,714e99dd-c8a3-47ec-aae7-be6681853c47,a89da572-2980-4c9d-a283-14034dd17a14,1632238839572,13.3963368,52.4728619,7.4503636,-1.1225903,2.3599029,-3.544725,on bike mount,cyclo cross,True,paving stones,intermediate
0d1414f3-d959-41d8-8349-dbe3481ba149,714e99dd-c8a3-47ec-aae7-be6681853c47,f7e38c4c-b484-415a-991f-37c6255026c2,1632238839623,13.3963368,52.4728619,7.4503636,0.37923345,-5.0662103,-2.148724,on bike mount,cyclo cross,True,paving stones,intermediate
0d1414f3-d959-41d8-8349-dbe3481ba149,714e99dd-c8a3-47ec-aae7-be6681853c47,de9033bc-4702-48d7-a242-814384501c1e,1632238839689,13.3963368,52.4728619,7.4503636,-0.35029107,7.7372646,2.0248203,on bike mount,cyclo cross,True,paving stones,intermediate
0d1414f3-d959-41d8-8349-dbe3481ba149,714e99dd-c8a3-47ec-aae7-be6681853c47,02d8f599-b82d-4ff5-a413-e88cf7d78536,1632238839756,13.3963368,52.4728619,7.4503636,1.0908802,-6.1821475,-7.630478,on bike mount,cyclo cross,True,paving stones,intermediate
0d1414f3-d959-41d8-8349-dbe3481ba149,714e99dd-c8a3-47ec-aae7-be6681853c47,99b1a0b5-c906-4729-921f-0c0a05d9b02f,1632238839823,13.3963368,52.4728619,7.4503636,-0.4412681,3.6291294,5.640749,on bike mount,cyclo cross,True,paving stones,intermediate
0d1414f3-d959-41d8-8349-dbe3481ba149,714e99dd-c8a3-47ec-aae7-be6681853c47,48b9d2f0-41f5-42ef-a327-48c9f4a49207,1632238839890,13.396444,52.4728653,7.3525195,1.2240456,-0.2928965,0.46730518,on bike mount,cyclo cross,True,paving stones,intermediate
0d1414f3-d959-41d8-8349-dbe3481ba149,714e99dd-c8a3-47ec-aae7-be6681853c47,17dfa6a5-ae07-440a-aec7-e4dd878f113b,1632238839956,13.396444,52.4728653,7.3525195,-0.6216038,3.2878494,3.1034346,on bike mount,cyclo cross,True,paving stones,intermediate
0d1414f3-d959-41d8-8349-dbe3481ba149,714e99dd-c8a3-47ec-aae7-be6681853c47,380323b9-402e-44e0-b263-f219e9450407,1632238840023,13.396444,52.4728653,7.3525195,-0.375045,-3.872577,4.5460997,on bike mount,cyclo cross,True,paving stones,intermediate
0d1414f3-d959-41d8-8349-dbe3481ba149,714e99dd-c8a3-47ec-aae7-be6681853c47,b86b9a28-f33d-4569-9a45-58ca5e1a3cf1,1632238840073,13.396444,52.4728653,7.3525195,-0.61715174,-9.129254,4.259885,on bike mount,cyclo cross,True,paving stones,intermediate
0d1414f3-d959-41d8-8349-dbe3481ba149,714e99dd-c8a3-47ec-aae7-be6681853c47,ac2b4ac5-e1f3-422b-ba98-b08bbe1aef90,1632238840124,13.396444,52.4728653,7.3525195,-1.5040182,-6.077116,4.3740892,on bike mount,cyclo cross,True,paving stones,intermediate
0d1414f3-d959-41d8-8349-dbe3481ba149,714e99dd-c8a3-47ec-aae7-be6681853c47,51a62401-7984-4d40-8e5d-bf0296f62b65,1632238840190,13.396444,52.4728653,7.3525195,0.94516945,1.4285641,-6.806193,on bike mount,cyclo cross,True,paving stones,intermediate
0d1414f3-d959-41d8-8349-dbe3481ba149,714e99dd-c8a3-47ec-aae7-be6681853c47,7bdcada0-d8bc-41da-a06f-36b1cb51d9ba,1632238840240,13.396444,52.4728653,7.3525195,-1.4390252,-9.378727,8.176525,on bike mount,cyclo cross,True,paving stones,intermediate
0d1414f3-d959-41d8-8349-dbe3481ba149,714e99dd-c8a3-47ec-aae7-be6681853c47,d950d592-3890-4943-a94d-3a9a017bd0be,1632238840307,13.396444,52.4728653,7.3525195,1.6019313,1.0053024,-9.359903,on bike mount,cyclo cross,True,paving stones,intermediate
0d1414f3-d959-41d8-8349-dbe3481ba149,714e99dd-c8a3-47ec-aae7-be6681853c47,6d990a2a-03a1-493f-a3e3-856ea50a6dc3,1632238840374,13.396444,52.4728653,7.3525195,-0.07710868,4.076894,3.2523909,on bike mount,cyclo cross,True,paving stones,intermediate
0d1414f3-d959-41d8-8349-dbe3481ba149,714e99dd-c8a3-47ec-aae7-be6681853c47,92a8d3dc-62b8-4af9-b48d-3c0b9cbb1239,1632238840441,13.396444,52.4728653,7.3525195,1.2991853,-3.3086228,3.360323,on bike mount,cyclo cross,True,paving stones,intermediate
0d1414f3-d959-41d8-8349-dbe3481ba149,714e99dd-c8a3-47ec-aae7-be6681853c47,06f9e231-2ce6-4867-9d8f-6fc5a73231b9,1632238840508,13.396444,52.4728653,7.3525195,0.2617833,-1.6926825,-3.487002,on bike mount,cyclo cross,True,paving stones,intermediate
0d1414f3-d959-41d8-8349-dbe3481ba149,714e99dd-c8a3-47ec-aae7-be6681853c47,7543c826-ce64-4ace-b610-ae7a69a39ad2,1632238840574,13.396444,52.4728653,7.3525195,-1.495162,1.1583328,1.8945532,on bike mount,cyclo cross,True,paving stones,intermediate
0d1414f3-d959-41d8-8349-dbe3481ba149,714e99dd-c8a3-47ec-aae7-be6681853c47,b55e29c0-9530-4975-8e9b-e7341b944130,1632238840641,13.396444,52.4728653,7.3525195,-2.0310073,0.25474048,0.9571562,on bike mount,cyclo cross,True,paving stones,intermediate
0d1414f3-d959-41d8-8349-dbe3481ba149,714e99dd-c8a3-47ec-aae7-be6681853c47,44536535-8224-422f-aadd-b4d3c385e8fc,1632238840708,13.396444,52.4728653,7.3525195,1.8861315,5.5848475,-0.89505196,on bike mount,cyclo cross,True,paving stones,intermediate
0d1414f3-d959-41d8-8349-dbe3481ba149,714e99dd-c8a3-47ec-aae7-be6681853c47,cf487210-b856-48cb-be48-08716b415df7,1632238840775,13.396444,52.4728653,7.3525195,-0.6852225,0.6126497,0.044625282,on bike mount,cyclo cross,True,paving stones,intermediate
0d1414f3-d959-41d8-8349-dbe3481ba149,714e99dd-c8a3-47ec-aae7-be6681853c47,b1871c7c-43e0-407c-b795-f68d19b1d279,1632238840825,13.396444,52.4728653,7.3525195,1.0207088,-3.5670493,-1.128252,on bike mount,cyclo cross,True,paving stones,intermediate
0d1414f3-d959-41d8-8349-dbe3481ba149,714e99dd-c8a3-47ec-aae7-be6681853c47,0bef6f85-d414-4f7d-8a83-6eb663515bf0,1632238840874,13.396548,52.4728637,6.84947,-0.643715,2.6790776,0.7983904,on bike mount,cyclo cross,True,paving stones,intermediate
0d1414f3-d959-41d8-8349-dbe3481ba149,714e99dd-c8a3-47ec-aae7-be6681853c47,4ff8a770-0ce7-4fa0-8e4f-8d0e6cdad523,1632238840925,13.396548,52.4728637,6.84947,-0.21168104,-1.5653077,0.34203053,on bike mount,cyclo cross,True,paving stones,intermediate
0d1414f3-d959-41d8-8349-dbe3481ba149,714e99dd-c8a3-47ec-aae7-be6681853c47,223b9da2-85cd-47d1-877e-4f6ce67a8879,1632238840992,13.396548,52.4728637,6.84947,-0.69740355,0.8803301,1.1591806,on bike mount,cyclo cross,True,paving stones,intermediate
0d1414f3-d959-41d8-8349-dbe3481ba149,714e99dd-c8a3-47ec-aae7-be6681853c47,afea4bba-d000-499b-80db-ac4dc02d710d,1632238841059,13.396548,52.4728637,6.84947,-1.639322,4.3677135,4.151516,on bike mount,cyclo cross,True,paving stones,intermediate
0d1414f3-d959-41d8-8349-dbe3481ba149,714e99dd-c8a3-47ec-aae7-be6681853c47,247578d5-f35f-4681-82e6-dfee7c95bfc1,1632238841126,13.396548,52.4728637,6.84947,0.8657863,-5.794681,1.873023,on bike mount,cyclo cross,True,paving stones,intermediate
0d1414f3-d959-41d8-8349-dbe3481ba149,714e99dd-c8a3-47ec-aae7-be6681853c47,bf22ff5d-9b60-45b9-98cf-4cf6eccd5b99,1632238841192,13.396548,52.4728637,6.84947,-0.50274557,-0.028955698,-6.532881,on bike mount,cyclo cross,True,paving stones,intermediate
0d1414f3-d959-41d8-8349-dbe3481ba149,714e99dd-c8a3-47ec-aae7-be6681853c47,3b138abb-0708-4556-80ea-860e4ed066ca,1632238841243,13.396548,52.4728637,6.84947,-1.1688774,4.249769,6.033351,on bike mount,cyclo cross,True,paving stones,intermediate
0d1414f3-d959-41d8-8349-dbe3481ba149,714e99dd-c8a3-47ec-aae7-be6681853c47,046acc73-07c5-446e-8c8c-1d7244562ed1,1632238841310,13.396548,52.4728637,6.84947,-0.0669871,-1.8273275,2.176422,on bike mount,cyclo cross,True,paving stones,intermediate
0d1414f3-d959-41d8-8349-dbe3481ba149,714e99dd-c8a3-47ec-aae7-be6681853c47,47d47a7a-7885-41ed-9f04-8377580c3631,1632238841376,13.396548,52.4728637,6.84947,-1.4056698,3.1721864,-2.3407197,on bike mount,cyclo cross,True,paving stones,intermediate
0d1414f3-d959-41d8-8349-dbe3481ba149,64a4b344-4ead-4b2d-8b3e-7df458f3f589,b2f03a50-ce2c-4eec-b517-a1dc8afe6e96,1632238836066,13.3960031,52.4728621,7.5689535,-0.9988367,5.455243,-2.6822724,on bike mount,cyclo cross,True,paving stones,intermediate
0d1414f3-d959-41d8-8349-dbe3481ba149,64a4b344-4ead-4b2d-8b3e-7df458f3f589,2ff53d91-35f6-42f7-9d04-1b7be94da387,1632238836127,13.3960031,52.4728621,7.5689535,0.36059973,-6.212774,13.140576,on bike mount,cyclo cross,True,paving stones,intermediate
0d1414f3-d959-41d8-8349-dbe3481ba149,64a4b344-4ead-4b2d-8b3e-7df458f3f589,f3af92c2-aa01-46e5-9ee5-100a0785f91d,1632238836182,13.3960031,52.4728621,7.5689535,-3.0867746,8.559946,6.4726276,on bike mount,cyclo cross,True,paving stones,intermediate
0d1414f3-d959-41d8-8349-dbe3481ba149,64a4b344-4ead-4b2d-8b3e-7df458f3f589,4897f62f-f344-4f09-9d74-cd3b0c37a1c2,1632238836232,13.3960031,52.4728621,7.5689535,-0.36791682,4.3566747,0.51719666,on bike mount,cyclo cross,True,paving stones,intermediate
0d1414f3-d959-41d8-8349-dbe3481ba149,64a4b344-4ead-4b2d-8b3e-7df458f3f589,865f6f48-b6eb-4e65-8463-05908baf2f0e,1632238836299,13.3960031,52.4728621,7.5689535,1.792464,3.8509307,-1.4953222,on bike mount,cyclo cross,True,paving stones,intermediate
0d1414f3-d959-41d8-8349-dbe3481ba149,64a4b344-4ead-4b2d-8b3e-7df458f3f589,538ac114-d238-4c59-ac64-e73190dd5599,1632238836349,13.3960031,52.4728621,7.5689535,-0.59017444,9.65187,9.86732,on bike mount,cyclo cross,True,paving stones,intermediate
0d1414f3-d959-41d8-8349-dbe3481ba149,64a4b344-4ead-4b2d-8b3e-7df458f3f589,03119557-ec61-40c7-850d-912c994f03e4,1632238836416,13.3960031,52.4728621,7.5689535,-0.99241096,2.8109555,-5.695016,on bike mount,cyclo cross,True,paving stones,intermediate
0d1414f3-d959-41d8-8349-dbe3481ba149,64a4b344-4ead-4b2d-8b3e-7df458f3f589,50432143-0463-4f82-a2dc-c8a25674fc19,1632238836483,13.3960031,52.4728621,7.5689535,0.6501301,-2.7963274,5.5099363,on bike mount,cyclo cross,True,paving stones,intermediate
0d1414f3-d959-41d8-8349-dbe3481ba149,64a4b344-4ead-4b2d-8b3e-7df458f3f589,ec0262f1-5fb7-4861-9782-e57f2867b83d,1632238836550,13.3960031,52.4728621,7.5689535,2.5817142,-2.655271,-2.991232,on bike mount,cyclo cross,True,paving stones,intermediate
0d1414f3-d959-41d8-8349-dbe3481ba149,64a4b344-4ead-4b2d-8b3e-7df458f3f589,5cd62509-84f1-4db2-9d3e-b11173c9be7a,1632238836616,13.3960031,52.4728621,7.5689535,0.5020779,1.187402,-2.3021708,on bike mount,cyclo cross,True,paving stones,intermediate
0d1414f3-d959-41d8-8349-dbe3481ba149,64a4b344-4ead-4b2d-8b3e-7df458f3f589,fbfe1d43-3791-4d20-a2c1-f1bb0e9dbd40,1632238836683,13.3960031,52.4728621,7.5689535,-1.0969297,-0.45166707,3.620963,on bike mount,cyclo cross,True,paving stones,intermediate
0d1414f3-d959-41d8-8349-dbe3481ba149,64a4b344-4ead-4b2d-8b3e-7df458f3f589,0e9cc6ef-c66c-4bd2-b335-139c516103ce,1632238836750,13.3960031,52.4728621,7.5689535,0.9786045,-9.644974,0.052262306,on bike mount,cyclo cross,True,paving stones,intermediate
0d1414f3-d959-41d8-8349-dbe3481ba149,64a4b344-4ead-4b2d-8b3e-7df458f3f589,7d4c9891-7ade-4e69-b27b-41e24c69556f,1632238836817,13.3960031,52.4728621,7.5689535,-0.41287738,-2.8894176,5.9462156,on bike mount,cyclo cross,True,paving stones,intermediate
0d1414f3-d959-41d8-8349-dbe3481ba149,64a4b344-4ead-4b2d-8b3e-7df458f3f589,8db111bd-37ee-4c2a-a77f-a25a2a9ef4a3,1632238836883,13.3961148,52.4728626,7.579174,-1.5538098,2.7034178,0.21550798,on bike mount,cyclo cross,True,paving stones,intermediate
0d1414f3-d959-41d8-8349-dbe3481ba149,64a4b344-4ead-4b2d-8b3e-7df458f3f589,e92d625e-88ff-4f63-bdc0-0c836c63fb65,1632238836950,13.3961148,52.4728626,7.579174,0.35627502,0.41150117,-7.6464014,on bike mount,cyclo cross,True,paving stones,intermediate
0d1414f3-d959-41d8-8349-dbe3481ba149,64a4b344-4ead-4b2d-8b3e-7df458f3f589,6325cd30-50a2-4224-8b95-fd923f374756,1632238837017,13.3961148,52.4728626,7.579174,-0.75179446,-2.4418142,1.5783539,on bike mount,cyclo cross,True,paving stones,intermediate
0d1414f3-d959-41d8-8349-dbe3481ba149,64a4b344-4ead-4b2d-8b3e-7df458f3f589,459af11d-5ad9-4922-81dc-d572123f3d41,1632238837084,13.3961148,52.4728626,7.579174,1.2590204,-2.1756876,-4.7882957,on bike mount,cyclo cross,True,paving stones,intermediate
0d1414f3-d959-41d8-8349-dbe3481ba149,64a4b344-4ead-4b2d-8b3e-7df458f3f589,08908c0b-cdd5-452b-9ac5-42e9f63fc573,1632238837151,13.3961148,52.4728626,7.579174,0.03581518,1.2545891,-1.9110022,on bike mount,cyclo cross,True,paving stones,intermediate
0d1414f3-d959-41d8-8349-dbe3481ba149,64a4b344-4ead-4b2d-8b3e-7df458f3f589,88c4cc4b-750e-468b-8a4a-0d6e40f84564,1632238837217,13.3961148,52.4728626,7.579174,2.750506,-3.0044785,-0.968173,on bike mount,cyclo cross,True,paving stones,intermediate
0d1414f3-d959-41d8-8349-dbe3481ba149,64a4b344-4ead-4b2d-8b3e-7df458f3f589,db571405-337c-46aa-87ae-8670d76653ba,1632238837268,13.3961148,52.4728626,7.579174,-0.5268854,-1.290136,6.3783627,on bike mount,cyclo cross,True,paving stones,intermediate
0d1414f3-d959-41d8-8349-dbe3481ba149,64a4b344-4ead-4b2d-8b3e-7df458f3f589,8e015369-ae12-49d0-a267-fa5672ff4cdf,1632238837318,13.3961148,52.4728626,7.579174,0.3784041,-6.1862664,3.961647,on bike mount,cyclo cross,True,paving stones,intermediate
0d1414f3-d959-41d8-8349-dbe3481ba149,64a4b344-4ead-4b2d-8b3e-7df458f3f589,a1b74d2c-5a33-45ff-8c8f-854959e0a072,1632238837384,13.3961148,52.4728626,7.579174,0.21618134,0.040079117,-9.553102,on bike mount,cyclo cross,True,paving stones,intermediate
0d1414f3-d959-41d8-8349-dbe3481ba149,64a4b344-4ead-4b2d-8b3e-7df458f3f589,5e6e4c6c-50ea-48ce-b964-3ee6c3677991,1632238837451,13.3961148,52.4728626,7.579174,-1.501759,4.9233437,-7.1964126,on bike mount,cyclo cross,True,paving stones,intermediate
0d1414f3-d959-41d8-8349-dbe3481ba149,64a4b344-4ead-4b2d-8b3e-7df458f3f589,091a2dfd-2116-45c2-9f75-c12dcdd456aa,1632238837502,13.3961148,52.4728626,7.579174,0.9931079,4.1619062,6.4243717,on bike mount,cyclo cross,True,paving stones,intermediate
0d1414f3-d959-41d8-8349-dbe3481ba149,64a4b344-4ead-4b2d-8b3e-7df458f3f589,6d299fd4-f22f-48b1-9882-2cd056920075,1632238837568,13.3961148,52.4728626,7.579174,1.0236645,-2.1087627,0.99922085,on bike mount,cyclo cross,True,paving stones,intermediate
0d1414f3-d959-41d8-8349-dbe3481ba149,64a4b344-4ead-4b2d-8b3e-7df458f3f589,46303e6c-6d1f-4097-ae76-69157b50e4a0,1632238837618,13.3961148,52.4728626,7.579174,-1.5981555,4.943189,1.9345865,on bike mount,cyclo cross,True,paving stones,intermediate
0d1414f3-d959-41d8-8349-dbe3481ba149,64a4b344-4ead-4b2d-8b3e-7df458f3f589,ce03d2fb-1193-4e59-b8d0-1e9e7dbe305a,1632238837685,13.3961148,52.4728626,7.579174,-0.1751548,1.620796,0.99802494,on bike mount,cyclo cross,True,paving stones,intermediate
0d1414f3-d959-41d8-8349-dbe3481ba149,64a4b344-4ead-4b2d-8b3e-7df458f3f589,4f789f6d-0ed3-4feb-8ac3-5edfcbf700a3,1632238837735,13.3961148,52.4728626,7.579174,-0.9444751,-0.5953443,-5.2255287,on bike mount,cyclo cross,True,paving stones,intermediate
0d1414f3-d959-41d8-8349-dbe3481ba149,64a4b344-4ead-4b2d-8b3e-7df458f3f589,68db8c07-8d0d-4316-b667-622c96b54a61,1632238837786,13.3961148,52.4728626,7.579174,-2.8496552,-5.285038,1.2770147,on bike mount,cyclo cross,True,paving stones,intermediate
0d1414f3-d959-41d8-8349-dbe3481ba149,64a4b344-4ead-4b2d-8b3e-7df458f3f589,8248c149-010f-4911-8552-389b918034b2,1632238837852,13.3961148,52.4728626,7.579174,-2.559538,0.75648856,6.540822,on bike mount,cyclo cross,True,paving stones,intermediate
0d1414f3-d959-41d8-8349-dbe3481ba149,64a4b344-4ead-4b2d-8b3e-7df458f3f589,906e0bca-df51-47d8-adaa-df56e21fd57e,1632238837919,13.3962271,52.4728608,7.450181,-2.4178877,3.6430314,0.8781023,on bike mount,cyclo cross,True,paving stones,intermediate
0d1414f3-d959-41d8-8349-dbe3481ba149,64a4b344-4ead-4b2d-8b3e-7df458f3f589,640006c2-b79f-4840-8570-9cce89307972,1632238837986,13.3962271,52.4728608,7.450181,-3.773553,3.2597408,4.9978733,on bike mount,cyclo cross,True,paving stones,intermediate
0d1414f3-d959-41d8-8349-dbe3481ba149,64a4b344-4ead-4b2d-8b3e-7df458f3f589,b928e264-2258-4df5-864a-2c52a167b313,1632238838053,13.3962271,52.4728608,7.450181,-0.78034854,-0.24823427,2.2291012,on bike mount,cyclo cross,True,paving stones,intermediate
0d1414f3-d959-41d8-8349-dbe3481ba149,64a4b344-4ead-4b2d-8b3e-7df458f3f589,a224d992-2d6a-4817-9567-979c0d39a709,1632238838119,13.3962271,52.4728608,7.450181,-1.241434,-2.006453,5.2653112,on bike mount,cyclo cross,True,paving stones,intermediate
0d1414f3-d959-41d8-8349-dbe3481ba149,64a4b344-4ead-4b2d-8b3e-7df458f3f589,65a0045c-8ea9-4a6a-91e4-5e158de6bb45,1632238838186,13.3962271,52.4728608,7.450181,0.94915444,-6.1221585,-1.9461031,on bike mount,cyclo cross,True,paving stones,intermediate
0d1414f3-d959-41d8-8349-dbe3481ba149,64a4b344-4ead-4b2d-8b3e-7df458f3f589,58ffa56b-dfae-460d-9c4f-86f0746c4068,1632238838236,13.3962271,52.4728608,7.450181,-1.164737,0.91535425,-2.2385826,on bike mount,cyclo cross,True,paving stones,intermediate
0d1414f3-d959-41d8-8349-dbe3481ba149,64a4b344-4ead-4b2d-8b3e-7df458f3f589,63606a36-7bdd-41d3-8c19-349cf3c977f0,1632238838303,13.3962271,52.4728608,7.450181,-0.41367126,-3.8343186,2.8046646,on bike mount,cyclo cross,True,paving stones,intermediate
0d1414f3-d959-41d8-8349-dbe3481ba149,64a4b344-4ead-4b2d-8b3e-7df458f3f589,7d7e0994-672d-4e57-8486-8f4190d5a054,1632238838353,13.3962271,52.4728608,7.450181,0.7834871,-1.9689018,-0.9632287,on bike mount,cyclo cross,True,paving stones,intermediate
0d1414f3-d959-41d8-8349-dbe3481ba149,64a4b344-4ead-4b2d-8b3e-7df458f3f589,9c949618-0715-48d6-a677-70bb539f2996,1632238838403,13.3962271,52.4728608,7.450181,-0.46197265,0.4396634,-8.010327,on bike mount,cyclo cross,True,paving stones,intermediate
0d1414f3-d959-41d8-8349-dbe3481ba149,64a4b344-4ead-4b2d-8b3e-7df458f3f589,4cf90547-48a3-4a47-8256-29fe3a745457,1632238838470,13.3962271,52.4728608,7.450181,2.0078118,-3.0548346,5.8623924,on bike mount,cyclo cross,True,paving stones,intermediate
0d1414f3-d959-41d8-8349-dbe3481ba149,64a4b344-4ead-4b2d-8b3e-7df458f3f589,052d1173-1f73-44d1-b909-fe1a3f76aaea,1632238838520,13.3962271,52.4728608,7.450181,2.5780988,2.1354127,-1.4085832,on bike mount,cyclo cross,True,paving stones,intermediate
0d1414f3-d959-41d8-8349-dbe3481ba149,64a4b344-4ead-4b2d-8b3e-7df458f3f589,547390ad-c3ec-4665-884f-6282f896722a,1632238838570,13.3962271,52.4728608,7.450181,0.5473906,-5.6840687,1.8023653,on bike mount,cyclo cross,True,paving stones,intermediate
0d1414f3-d959-41d8-8349-dbe3481ba149,64a4b344-4ead-4b2d-8b3e-7df458f3f589,3bb2dc9f-163d-4828-bd48-867994cb217a,1632238838621,13.3962271,52.4728608,7.450181,1.9447489,3.0608754,-0.28565025,on bike mount,cyclo cross,True,paving stones,intermediate
0d1414f3-d959-41d8-8349-dbe3481ba149,64a4b344-4ead-4b2d-8b3e-7df458f3f589,9d387ebb-0ee8-44af-9423-64f916284db7,1632238838687,13.3962271,52.4728608,7.450181,2.9688,-6.3082333,-5.85089,on bike mount,cyclo cross,True,paving stones,intermediate
0d1414f3-d959-41d8-8349-dbe3481ba149,64a4b344-4ead-4b2d-8b3e-7df458f3f589,297aa9e5-3c86-4f7c-a743-bbf10af9ec84,1632238838754,13.3962271,52.4728608,7.450181,0.55343276,-3.2584536,8.070326,on bike mount,cyclo cross,True,paving stones,intermediate
0d1414f3-d959-41d8-8349-dbe3481ba149,64a4b344-4ead-4b2d-8b3e-7df458f3f589,3c80c234-769a-4439-9764-1a0d5c4a70d5,1632238838821,13.3962271,52.4728608,7.450181,0.26063377,-6.24941,-0.13833618,on bike mount,cyclo cross,True,paving stones,intermediate
0d1414f3-d959-41d8-8349-dbe3481ba149,64a4b344-4ead-4b2d-8b3e-7df458f3f589,9978d97e-4794-45e5-ae7c-f1055ea72ed0,1632238838887,13.3963368,52.4728619,7.4503636,1.7688949,-3.6099906,-1.629324,on bike mount,cyclo cross,True,paving stones,intermediate
0d1414f3-d959-41d8-8349-dbe3481ba149,64a4b344-4ead-4b2d-8b3e-7df458f3f589,16e7eef8-342f-4e4e-af86-1e1e3cb3873c,1632238838938,13.3963368,52.4728619,7.4503636,2.2719784,-11.497054,-7.4056168,on bike mount,cyclo cross,True,paving stones,intermediate
0d1414f3-d959-41d8-8349-dbe3481ba149,64a4b344-4ead-4b2d-8b3e-7df458f3f589,ffda2612-1eb2-4983-bee4-3138819add5b,1632238838988,13.3963368,52.4728619,7.4503636,-1.9573576,0.5491643,3.8049355,on bike mount,cyclo cross,True,paving stones,intermediate
0d1414f3-d959-41d8-8349-dbe3481ba149,64a4b344-4ead-4b2d-8b3e-7df458f3f589,a76be91f-4443-4f3c-94a3-6c4146dffb2b,1632238839055,13.3963368,52.4728619,7.4503636,-2.5865395,1.3086929,4.673874,on bike mount,cyclo cross,True,paving stones,intermediate
