bike_activity_uid,bike_activity_sample_uid,bike_activity_measurement,bike_activity_measurement_timestamp,bike_activity_measurement_lon,bike_activity_measurement_lat,bike_activity_measurement_speed,bike_activity_measurement_accelerometer_x,bike_activity_measurement_accelerometer_y,bike_activity_measurement_accelerometer_z,bike_activity_phone_position,bike_activity_bike_type,bike_activity_flagged_lab_conditions,bike_activity_surface_type,bike_activity_smoothness_type
0ddfce99-23f1-40a4-b539-f8ab0d235c1c,e234abed-a48a-4b41-a030-658436db1290,8eb22bbb-9b53-488c-8abe-4381e8d9b9ac,1626969447854,13.6568114,52.4682118,5.474511,-1.2383401,4.650695,1.9323816,on bike mount,road bicycle,False,grass,bad
0ddfce99-23f1-40a4-b539-f8ab0d235c1c,e234abed-a48a-4b41-a030-658436db1290,c2e7c94e-005d-411d-be22-f8fa8e4697b7,1626969447904,13.6568114,52.4682118,5.474511,-0.64970696,2.9825923,13.520823,on bike mount,road bicycle,False,grass,bad
0ddfce99-23f1-40a4-b539-f8ab0d235c1c,e234abed-a48a-4b41-a030-658436db1290,07e1a916-cdfc-4ab5-acf2-3045b3adf74b,1626969447954,13.6568114,52.4682118,5.474511,-1.33804,0.7224957,1.0838985,on bike mount,road bicycle,False,grass,bad
0ddfce99-23f1-40a4-b539-f8ab0d235c1c,e234abed-a48a-4b41-a030-658436db1290,381a4178-dfc0-41f1-911a-ed943c683968,1626969448004,13.6568114,52.4682118,5.474511,-2.5433216,-8.912631,-2.6037488,on bike mount,road bicycle,False,grass,bad
0ddfce99-23f1-40a4-b539-f8ab0d235c1c,e234abed-a48a-4b41-a030-658436db1290,8f92a9a2-7d99-43ab-86ab-0b27fc68313a,1626969448054,13.6568114,52.4682118,5.474511,0.99405146,-4.445207,-17.23404,on bike mount,road bicycle,False,grass,bad
0ddfce99-23f1-40a4-b539-f8ab0d235c1c,e234abed-a48a-4b41-a030-658436db1290,eb3e1d59-315e-43e7-af42-c5e2bea6a70c,1626969448104,13.6568114,52.4682118,5.474511,-4.386351,-4.4703574,6.2817383,on bike mount,road bicycle,False,grass,bad
0ddfce99-23f1-40a4-b539-f8ab0d235c1c,e234abed-a48a-4b41-a030-658436db1290,20ade604-ae93-4e2f-a354-a62295fb48e7,1626969448154,13.6567851,52.4681638,5.044154,1.2692091,-0.8614105,-13.856655,on bike mount,road bicycle,False,grass,bad
0ddfce99-23f1-40a4-b539-f8ab0d235c1c,e234abed-a48a-4b41-a030-658436db1290,b246e0dd-da70-40dd-8f15-4a553438960f,1626969448204,13.6567851,52.4681638,5.044154,1.3237731,4.9738865,5.931987,on bike mount,road bicycle,False,grass,bad
0ddfce99-23f1-40a4-b539-f8ab0d235c1c,e234abed-a48a-4b41-a030-658436db1290,2406ae01-3d89-4fc7-bffc-6e2704e66b78,1626969448254,13.6567851,52.4681638,5.044154,-3.2632737,-0.18699151,1.3681545,on bike mount,road bicycle,False,grass,bad
0ddfce99-23f1-40a4-b539-f8ab0d235c1c,e234abed-a48a-4b41-a030-658436db1290,3aa25dc7-b0f7-49a4-91dc-2924b331e640,1626969448305,13.6567851,52.4681638,5.044154,-5.119771,-3.549743,6.588688,on bike mount,road bicycle,False,grass,bad
0ddfce99-23f1-40a4-b539-f8ab0d235c1c,e234abed-a48a-4b41-a030-658436db1290,1900cdde-774d-4289-9097-21dfcfc415f6,1626969448356,13.6567851,52.4681638,5.044154,-2.1992922,-1.4106098,-4.950136,on bike mount,road bicycle,False,grass,bad
0ddfce99-23f1-40a4-b539-f8ab0d235c1c,e234abed-a48a-4b41-a030-658436db1290,87de8e25-ecd3-4ec6-9779-802ce5f7e8ea,1626969448407,13.6567851,52.4681638,5.044154,-1.2869092,-2.1075308,-6.875865,on bike mount,road bicycle,False,grass,bad
0ddfce99-23f1-40a4-b539-f8ab0d235c1c,e234abed-a48a-4b41-a030-658436db1290,95c9e1ab-d91e-4cfc-9d92-3b5ac28c60c3,1626969448457,13.6567851,52.4681638,5.044154,1.157733,3.6501737,0.9670267,on bike mount,road bicycle,False,grass,bad
0ddfce99-23f1-40a4-b539-f8ab0d235c1c,e234abed-a48a-4b41-a030-658436db1290,1efa351c-f67e-422d-8171-bc0b546f1f74,1626969448509,13.6567851,52.4681638,5.044154,3.4879677,-1.5372548,-2.6408057,on bike mount,road bicycle,False,grass,bad
0ddfce99-23f1-40a4-b539-f8ab0d235c1c,e234abed-a48a-4b41-a030-658436db1290,5492179a-afa1-4414-837b-7c8d85ff71a5,1626969448559,13.6567851,52.4681638,5.044154,-5.923581,-5.491843,-2.0540628,on bike mount,road bicycle,False,grass,bad
0ddfce99-23f1-40a4-b539-f8ab0d235c1c,e234abed-a48a-4b41-a030-658436db1290,9096f6a0-c11e-4e30-83f4-5aef9ecd5bcb,1626969448609,13.6567851,52.4681638,5.044154,0.6563058,0.9216244,-10.4944315,on bike mount,road bicycle,False,grass,bad
0ddfce99-23f1-40a4-b539-f8ab0d235c1c,e234abed-a48a-4b41-a030-658436db1290,161fdd7b-2fef-4df0-8cc0-8d1a39a1fc33,1626969448660,13.6567851,52.4681638,5.044154,-2.7281897,-3.7766316,7.073184,on bike mount,road bicycle,False,grass,bad
0ddfce99-23f1-40a4-b539-f8ab0d235c1c,e234abed-a48a-4b41-a030-658436db1290,662a9c85-90f3-4f7e-b7e0-8cd37ffaeada,1626969448710,13.6567851,52.4681638,5.044154,10.765875,7.130894,-19.896404,on bike mount,road bicycle,False,grass,bad
0ddfce99-23f1-40a4-b539-f8ab0d235c1c,e234abed-a48a-4b41-a030-658436db1290,3185436a-12f7-4c8d-8ab4-b3d7b2546271,1626969448761,13.6567851,52.4681638,5.044154,-0.8398406,-3.7625237,2.2136211,on bike mount,road bicycle,False,grass,bad
0ddfce99-23f1-40a4-b539-f8ab0d235c1c,e234abed-a48a-4b41-a030-658436db1290,53bff2bb-95f2-4743-85ab-58efa92381d2,1626969448812,13.6567851,52.4681638,5.044154,-0.070993885,-5.0818176,4.1104574,on bike mount,road bicycle,False,grass,bad
0ddfce99-23f1-40a4-b539-f8ab0d235c1c,e234abed-a48a-4b41-a030-658436db1290,a51dcd7f-5a2c-47c8-a766-0b68a61cbed9,1626969448863,13.6567851,52.4681638,5.044154,1.8471878,-4.7155986,-1.6858053,on bike mount,road bicycle,False,grass,bad
0ddfce99-23f1-40a4-b539-f8ab0d235c1c,e234abed-a48a-4b41-a030-658436db1290,6c21e586-a541-4875-a0c0-c7542543a622,1626969448914,13.6567851,52.4681638,5.044154,-1.1211636,11.794695,-4.263298,on bike mount,road bicycle,False,grass,bad
0ddfce99-23f1-40a4-b539-f8ab0d235c1c,e234abed-a48a-4b41-a030-658436db1290,5d25185b-17fb-485c-b245-f6c445d6a7bd,1626969448965,13.6567851,52.4681638,5.044154,-4.8340254,-6.646448,3.940359,on bike mount,road bicycle,False,grass,bad
0ddfce99-23f1-40a4-b539-f8ab0d235c1c,e234abed-a48a-4b41-a030-658436db1290,160f967a-7844-4454-afc7-2e344bb6ed5a,1626969449015,13.6567851,52.4681638,5.044154,-6.1506834,-1.4382195,16.826773,on bike mount,road bicycle,False,grass,bad
0ddfce99-23f1-40a4-b539-f8ab0d235c1c,e234abed-a48a-4b41-a030-658436db1290,935fcf84-6cfc-49a7-8b4f-e616d2fd5ba1,1626969449067,13.6567851,52.4681638,5.044154,-1.8949533,-2.0673735,-22.416548,on bike mount,road bicycle,False,grass,bad
0ddfce99-23f1-40a4-b539-f8ab0d235c1c,e234abed-a48a-4b41-a030-658436db1290,5d1d9eaa-0418-49bf-84a4-7f60ea2570b3,1626969449117,13.6567729,52.468113,5.4673843,5.262492,4.48243,15.131823,on bike mount,road bicycle,False,grass,bad
0ddfce99-23f1-40a4-b539-f8ab0d235c1c,e234abed-a48a-4b41-a030-658436db1290,f2db9ba6-f59c-4675-bb15-7640dfa56a79,1626969449167,13.6567729,52.468113,5.4673843,2.8802829,-6.2265778,3.360777,on bike mount,road bicycle,False,grass,bad
0ddfce99-23f1-40a4-b539-f8ab0d235c1c,e234abed-a48a-4b41-a030-658436db1290,864d31c3-b714-4190-be49-5808ef9050d2,1626969449217,13.6567729,52.468113,5.4673843,11.8196,-7.3119864,-40.344143,on bike mount,road bicycle,False,grass,bad
0ddfce99-23f1-40a4-b539-f8ab0d235c1c,e234abed-a48a-4b41-a030-658436db1290,ce463ed0-8a0a-4f8f-9046-a79996900346,1626969449267,13.6567729,52.468113,5.4673843,-1.2565576,-6.2754974,-2.987464,on bike mount,road bicycle,False,grass,bad
0ddfce99-23f1-40a4-b539-f8ab0d235c1c,e234abed-a48a-4b41-a030-658436db1290,2e9ba29d-f936-4ac7-8f32-e698e6402522,1626969449318,13.6567729,52.468113,5.4673843,-2.034268,-8.981753,41.6018,on bike mount,road bicycle,False,grass,bad
0ddfce99-23f1-40a4-b539-f8ab0d235c1c,e234abed-a48a-4b41-a030-658436db1290,a1ac9737-0e56-44ce-80c0-815a09a6affd,1626969449368,13.6567729,52.468113,5.4673843,-6.4712296,0.33653736,-11.607002,on bike mount,road bicycle,False,grass,bad
0ddfce99-23f1-40a4-b539-f8ab0d235c1c,e234abed-a48a-4b41-a030-658436db1290,53a99902-b73b-42b1-a110-45be613a44bd,1626969449419,13.6567729,52.468113,5.4673843,-10.066456,12.678957,36.495777,on bike mount,road bicycle,False,grass,bad
0ddfce99-23f1-40a4-b539-f8ab0d235c1c,e234abed-a48a-4b41-a030-658436db1290,a634d826-fa11-4905-a47b-56fbf7d4ee93,1626969449470,13.6567729,52.468113,5.4673843,-0.81237173,-3.7456393,-2.6212962,on bike mount,road bicycle,False,grass,bad
0ddfce99-23f1-40a4-b539-f8ab0d235c1c,e234abed-a48a-4b41-a030-658436db1290,99969695-015c-42bd-b363-2dc100465cec,1626969449520,13.6567729,52.468113,5.4673843,2.335015,2.0901208,-10.925631,on bike mount,road bicycle,False,grass,bad
0ddfce99-23f1-40a4-b539-f8ab0d235c1c,e234abed-a48a-4b41-a030-658436db1290,50268c13-09af-464c-9346-44f403a923fa,1626969449572,13.6567729,52.468113,5.4673843,-0.99626803,-1.8004438,-1.5428519,on bike mount,road bicycle,False,grass,bad
0ddfce99-23f1-40a4-b539-f8ab0d235c1c,e234abed-a48a-4b41-a030-658436db1290,5b12720c-09ab-456e-9dc0-1759aa954af1,1626969449623,13.6567729,52.468113,5.4673843,-6.1407638,-4.3108716,2.8945923,on bike mount,road bicycle,False,grass,bad
0ddfce99-23f1-40a4-b539-f8ab0d235c1c,e234abed-a48a-4b41-a030-658436db1290,c60734dc-3412-461f-929a-9e62e58d8372,1626969449673,13.6567729,52.468113,5.4673843,1.7771573,4.0626607,-10.390969,on bike mount,road bicycle,False,grass,bad
0ddfce99-23f1-40a4-b539-f8ab0d235c1c,e234abed-a48a-4b41-a030-658436db1290,a31251b2-832a-4014-8ad4-6d05599d04ec,1626969449724,13.6567729,52.468113,5.4673843,-0.39322615,-4.391888,11.608593,on bike mount,road bicycle,False,grass,bad
0ddfce99-23f1-40a4-b539-f8ab0d235c1c,e234abed-a48a-4b41-a030-658436db1290,a531cab4-2f6d-4361-b1e1-43d8cea7047f,1626969449774,13.6567729,52.468113,5.4673843,5.4165373,20.385536,-15.158619,on bike mount,road bicycle,False,grass,bad
0ddfce99-23f1-40a4-b539-f8ab0d235c1c,e234abed-a48a-4b41-a030-658436db1290,c96ac14e-a9dc-46b8-931a-5c55171698df,1626969449826,13.6567729,52.468113,5.4673843,0.9050875,-1.687508,4.9974937,on bike mount,road bicycle,False,grass,bad
0ddfce99-23f1-40a4-b539-f8ab0d235c1c,e234abed-a48a-4b41-a030-658436db1290,469c8349-50b5-4b8f-b1a0-01ee965abb93,1626969449876,13.6567729,52.468113,5.4673843,-2.6037822,9.565104,-11.521734,on bike mount,road bicycle,False,grass,bad
0ddfce99-23f1-40a4-b539-f8ab0d235c1c,e234abed-a48a-4b41-a030-658436db1290,82a563e2-ebd3-4366-9ec3-3051db8727cc,1626969449926,13.6567729,52.468113,5.4673843,14.090498,-1.9037107,0.8417845,on bike mount,road bicycle,False,grass,bad
0ddfce99-23f1-40a4-b539-f8ab0d235c1c,e234abed-a48a-4b41-a030-658436db1290,da414cca-0abf-40b7-9582-39dd95fcba38,1626969449977,13.6567729,52.468113,5.4673843,2.4840896,-1.4731752,-0.66422176,on bike mount,road bicycle,False,grass,bad
0ddfce99-23f1-40a4-b539-f8ab0d235c1c,e234abed-a48a-4b41-a030-658436db1290,b5451aea-b9e2-42c7-a5be-7b0e5426128b,1626969450027,13.6567729,52.468113,5.4673843,-1.303873,-1.6403707,-6.4693108,on bike mount,road bicycle,False,grass,bad
0ddfce99-23f1-40a4-b539-f8ab0d235c1c,e234abed-a48a-4b41-a030-658436db1290,524c4492-42f9-46c9-8ccd-5419ae482b24,1626969450077,13.6567729,52.468113,5.4673843,5.565605,-1.8106622,0.39519787,on bike mount,road bicycle,False,grass,bad
0ddfce99-23f1-40a4-b539-f8ab0d235c1c,e234abed-a48a-4b41-a030-658436db1290,1308b4b9-26b4-4794-a3f0-a1cef7c9d48b,1626969450128,13.6567705,52.4680568,5.710356,1.7289903,-0.10209705,18.179728,on bike mount,road bicycle,False,grass,bad
0ddfce99-23f1-40a4-b539-f8ab0d235c1c,e234abed-a48a-4b41-a030-658436db1290,fc528873-a74b-454b-b6e9-eaf7f1d4e7f2,1626969450179,13.6567705,52.4680568,5.710356,-0.47364408,-3.648645,11.72661,on bike mount,road bicycle,False,grass,bad
0ddfce99-23f1-40a4-b539-f8ab0d235c1c,e234abed-a48a-4b41-a030-658436db1290,aea5b4f5-3eec-4672-be11-2216e26800ca,1626969450229,13.6567705,52.4680568,5.710356,1.2188537,4.763262,-5.8892508,on bike mount,road bicycle,False,grass,bad
0ddfce99-23f1-40a4-b539-f8ab0d235c1c,e234abed-a48a-4b41-a030-658436db1290,89e1ff65-0d21-40f9-b418-bf8887642beb,1626969450280,13.6567705,52.4680568,5.710356,2.1174197,-6.339696,13.16864,on bike mount,road bicycle,False,grass,bad
0ddfce99-23f1-40a4-b539-f8ab0d235c1c,e234abed-a48a-4b41-a030-658436db1290,b4463852-3fed-4e5e-b8eb-1d522594831b,1626969450331,13.6567705,52.4680568,5.710356,4.5248694,13.212721,-26.860193,on bike mount,road bicycle,False,grass,bad
0ddfce99-23f1-40a4-b539-f8ab0d235c1c,e234abed-a48a-4b41-a030-658436db1290,849523d0-a06e-4334-b26d-529b6ac37856,1626969450383,13.6567705,52.4680568,5.710356,1.0618138,-4.378146,10.43125,on bike mount,road bicycle,False,grass,bad
0ddfce99-23f1-40a4-b539-f8ab0d235c1c,e234abed-a48a-4b41-a030-658436db1290,533dbf90-ef5b-47f9-ada6-0f7709bf8538,1626969450433,13.6567705,52.4680568,5.710356,0.10668051,1.9877536,-2.2346244,on bike mount,road bicycle,False,grass,bad
0ddfce99-23f1-40a4-b539-f8ab0d235c1c,e234abed-a48a-4b41-a030-658436db1290,d2d36556-f192-4103-905f-8fbb7f46ea6b,1626969450485,13.6567705,52.4680568,5.710356,10.147333,3.8055978,-24.906096,on bike mount,road bicycle,False,grass,bad
0ddfce99-23f1-40a4-b539-f8ab0d235c1c,e234abed-a48a-4b41-a030-658436db1290,7df8b59a-0dcb-4179-8328-68a249bfb147,1626969450535,13.6567705,52.4680568,5.710356,-0.31999665,-7.620573,19.69127,on bike mount,road bicycle,False,grass,bad
0ddfce99-23f1-40a4-b539-f8ab0d235c1c,e234abed-a48a-4b41-a030-658436db1290,8c0fd1dd-305f-4348-81c2-80478478ec5c,1626969450586,13.6567705,52.4680568,5.710356,-6.89349,1.4169712,1.0946212,on bike mount,road bicycle,False,grass,bad
0ddfce99-23f1-40a4-b539-f8ab0d235c1c,e234abed-a48a-4b41-a030-658436db1290,5abac45e-cbd8-4110-aef9-280468c019cf,1626969450637,13.6567705,52.4680568,5.710356,-1.0001305,-4.294835,-2.83599,on bike mount,road bicycle,False,grass,bad
0ddfce99-23f1-40a4-b539-f8ab0d235c1c,e234abed-a48a-4b41-a030-658436db1290,3c33e4f1-0473-42e8-8bc6-4deafe085a87,1626969450688,13.6567705,52.4680568,5.710356,2.6710815,3.0094838,7.448084,on bike mount,road bicycle,False,grass,bad
0ddfce99-23f1-40a4-b539-f8ab0d235c1c,e234abed-a48a-4b41-a030-658436db1290,22765005-4583-43a0-9593-891442947b93,1626969450739,13.6567705,52.4680568,5.710356,-1.2753859,-2.6082525,-6.224003,on bike mount,road bicycle,False,grass,bad
0ddfce99-23f1-40a4-b539-f8ab0d235c1c,e234abed-a48a-4b41-a030-658436db1290,dbe309fc-cb91-4d8d-a11a-181dba5c6587,1626969450789,13.6567705,52.4680568,5.710356,0.7329135,-2.7361064,0.35542583,on bike mount,road bicycle,False,grass,bad
0ddfce99-23f1-40a4-b539-f8ab0d235c1c,e234abed-a48a-4b41-a030-658436db1290,c41a22c8-7d4f-4610-a484-1547bddddd03,1626969450840,13.6567705,52.4680568,5.710356,1.9246287,1.481142,-10.00097,on bike mount,road bicycle,False,grass,bad
0ddfce99-23f1-40a4-b539-f8ab0d235c1c,e234abed-a48a-4b41-a030-658436db1290,406118cf-4a02-479b-9903-f38bfe915d54,1626969450891,13.6567705,52.4680568,5.710356,0.51158935,-4.913663,3.6617718,on bike mount,road bicycle,False,grass,bad
0ddfce99-23f1-40a4-b539-f8ab0d235c1c,e234abed-a48a-4b41-a030-658436db1290,a2d182a8-f673-406c-9424-2fba5ed85a77,1626969450942,13.6567705,52.4680568,5.710356,1.2122868,4.5621195,-13.541977,on bike mount,road bicycle,False,grass,bad
0ddfce99-23f1-40a4-b539-f8ab0d235c1c,e234abed-a48a-4b41-a030-658436db1290,43b16675-95ea-4e95-8f95-9dabed6a50aa,1626969450992,13.6567705,52.4680568,5.710356,1.138063,1.2479887,2.8882294,on bike mount,road bicycle,False,grass,bad
0ddfce99-23f1-40a4-b539-f8ab0d235c1c,e234abed-a48a-4b41-a030-658436db1290,87c39a28-b9be-4e71-b5b6-991a0c61b878,1626969451043,13.6567705,52.4680568,5.710356,1.091524,-0.9135717,8.903387,on bike mount,road bicycle,False,grass,bad
0ddfce99-23f1-40a4-b539-f8ab0d235c1c,e234abed-a48a-4b41-a030-658436db1290,1bbf9fa1-c73b-4478-b1fa-1e625bd7861f,1626969451093,13.6567705,52.4680568,5.710356,-0.0016986132,5.924695,-6.5539265,on bike mount,road bicycle,False,grass,bad
0ddfce99-23f1-40a4-b539-f8ab0d235c1c,e234abed-a48a-4b41-a030-658436db1290,b8d5e7b9-4854-4e4a-a3d6-279d47676d51,1626969451143,13.6567596,52.4680009,5.2442284,1.0813518,5.5332556,1.8077126,on bike mount,road bicycle,False,grass,bad
0ddfce99-23f1-40a4-b539-f8ab0d235c1c,e234abed-a48a-4b41-a030-658436db1290,1ee764cc-b80a-48fa-8998-9356b735f65f,1626969451193,13.6567596,52.4680009,5.2442284,2.8526022,0.4076228,8.794985,on bike mount,road bicycle,False,grass,bad
0ddfce99-23f1-40a4-b539-f8ab0d235c1c,e234abed-a48a-4b41-a030-658436db1290,999a5082-c256-4f06-bd0e-ff50091cb662,1626969451244,13.6567596,52.4680009,5.2442284,-2.1361527,-0.9625195,-8.680653,on bike mount,road bicycle,False,grass,bad
0ddfce99-23f1-40a4-b539-f8ab0d235c1c,e234abed-a48a-4b41-a030-658436db1290,e2e7de8b-520d-4da8-940c-3cb53e65867a,1626969451294,13.6567596,52.4680009,5.2442284,-10.962904,-10.466808,38.739216,on bike mount,road bicycle,False,grass,bad
0ddfce99-23f1-40a4-b539-f8ab0d235c1c,e234abed-a48a-4b41-a030-658436db1290,072a10a1-5c86-4d47-8997-9af594bdc388,1626969451346,13.6567596,52.4680009,5.2442284,-4.4482136,-6.7116356,-35.720802,on bike mount,road bicycle,False,grass,bad
0ddfce99-23f1-40a4-b539-f8ab0d235c1c,e234abed-a48a-4b41-a030-658436db1290,79658643-ffeb-48ea-94e3-45a89fe8d1e8,1626969451396,13.6567596,52.4680009,5.2442284,7.5598583,-2.465303,-0.6033144,on bike mount,road bicycle,False,grass,bad
0ddfce99-23f1-40a4-b539-f8ab0d235c1c,e234abed-a48a-4b41-a030-658436db1290,88cdeac9-a9ff-494a-a4e3-2b7327388385,1626969451447,13.6567596,52.4680009,5.2442284,-2.6900492,-5.1867676,4.648344,on bike mount,road bicycle,False,grass,bad
0ddfce99-23f1-40a4-b539-f8ab0d235c1c,e234abed-a48a-4b41-a030-658436db1290,8af34a42-61d1-47d9-a301-2cce18dfac1d,1626969451498,13.6567596,52.4680009,5.2442284,-1.000855,3.7847254,-2.7514186,on bike mount,road bicycle,False,grass,bad
0ddfce99-23f1-40a4-b539-f8ab0d235c1c,e234abed-a48a-4b41-a030-658436db1290,8a9ec5ee-ef9c-41be-a64f-eb51b80af52b,1626969451548,13.6567596,52.4680009,5.2442284,-2.676186,4.123317,40.44334,on bike mount,road bicycle,False,grass,bad
0ddfce99-23f1-40a4-b539-f8ab0d235c1c,e234abed-a48a-4b41-a030-658436db1290,21c6cea5-6e18-496a-81a9-329f5a54f449,1626969451599,13.6567596,52.4680009,5.2442284,0.7672986,5.860579,-22.58414,on bike mount,road bicycle,False,grass,bad
0ddfce99-23f1-40a4-b539-f8ab0d235c1c,e234abed-a48a-4b41-a030-658436db1290,f4ea8aed-c852-4c55-82dc-d82604ca1389,1626969451650,13.6567596,52.4680009,5.2442284,8.557138,-2.5529823,-5.940312,on bike mount,road bicycle,False,grass,bad
0ddfce99-23f1-40a4-b539-f8ab0d235c1c,e234abed-a48a-4b41-a030-658436db1290,c47c290b-bf8a-4899-b407-5c2e27037b48,1626969451700,13.6567596,52.4680009,5.2442284,5.2648215,4.7175508,4.266507,on bike mount,road bicycle,False,grass,bad
0ddfce99-23f1-40a4-b539-f8ab0d235c1c,e234abed-a48a-4b41-a030-658436db1290,955e37b2-773e-4f57-8c1a-78e8cd5e1284,1626969451751,13.6567596,52.4680009,5.2442284,-3.8586354,-2.134215,-6.061005,on bike mount,road bicycle,False,grass,bad
0ddfce99-23f1-40a4-b539-f8ab0d235c1c,e234abed-a48a-4b41-a030-658436db1290,43a7fe9d-9310-4e9d-859b-be92af362a18,1626969451801,13.6567596,52.4680009,5.2442284,-1.7558919,4.311759,-2.890149,on bike mount,road bicycle,False,grass,bad
0ddfce99-23f1-40a4-b539-f8ab0d235c1c,e234abed-a48a-4b41-a030-658436db1290,7a25e6fd-a123-449e-b93e-a95c4fdaccd6,1626969451852,13.6567596,52.4680009,5.2442284,0.00029964745,5.5572343,16.026953,on bike mount,road bicycle,False,grass,bad
0ddfce99-23f1-40a4-b539-f8ab0d235c1c,e234abed-a48a-4b41-a030-658436db1290,fee60018-73af-4f88-a29a-a63f922d4615,1626969451903,13.6567596,52.4680009,5.2442284,-0.3299012,-3.8935804,-18.008972,on bike mount,road bicycle,False,grass,bad
0ddfce99-23f1-40a4-b539-f8ab0d235c1c,e234abed-a48a-4b41-a030-658436db1290,52213d1f-080e-41ef-b94e-3baaa6312745,1626969451953,13.6567596,52.4680009,5.2442284,-2.482264,-4.601291,2.256175,on bike mount,road bicycle,False,grass,bad
0ddfce99-23f1-40a4-b539-f8ab0d235c1c,e234abed-a48a-4b41-a030-658436db1290,34adffa2-fa68-41d2-8579-8e736b841685,1626969452003,13.6567596,52.4680009,5.2442284,0.6834936,1.9960618,-9.8386755,on bike mount,road bicycle,False,grass,bad
0ddfce99-23f1-40a4-b539-f8ab0d235c1c,e234abed-a48a-4b41-a030-658436db1290,1a2f97c6-8c54-4e9e-bae4-920a5b373ce8,1626969452053,13.6567596,52.4680009,5.2442284,-0.055667758,-3.3212118,5.7470875,on bike mount,road bicycle,False,grass,bad
0ddfce99-23f1-40a4-b539-f8ab0d235c1c,e234abed-a48a-4b41-a030-658436db1290,b9b3ea9e-3272-435b-9524-08b9a562f67b,1626969452106,13.656744,52.4679529,5.555169,-6.3286624,3.5793903,12.087835,on bike mount,road bicycle,False,grass,bad
0ddfce99-23f1-40a4-b539-f8ab0d235c1c,e234abed-a48a-4b41-a030-658436db1290,1eda7799-c34b-4db6-9c5c-0ff0ea060ac9,1626969452157,13.656744,52.4679529,5.555169,0.36937714,1.0631578,-5.93942,on bike mount,road bicycle,False,grass,bad
0ddfce99-23f1-40a4-b539-f8ab0d235c1c,e234abed-a48a-4b41-a030-658436db1290,c648cde3-719f-420a-a561-975f3b691c47,1626969452207,13.656744,52.4679529,5.555169,3.4666264,3.6367311,7.189146,on bike mount,road bicycle,False,grass,bad
0ddfce99-23f1-40a4-b539-f8ab0d235c1c,e234abed-a48a-4b41-a030-658436db1290,15dade78-cd40-492c-9a4d-3eb269b32cdb,1626969452257,13.656744,52.4679529,5.555169,-2.0743232,-2.1293764,-7.4664803,on bike mount,road bicycle,False,grass,bad
0ddfce99-23f1-40a4-b539-f8ab0d235c1c,e234abed-a48a-4b41-a030-658436db1290,fad1b213-bc8b-4dfe-a4d9-cf50de59dfc1,1626969452307,13.656744,52.4679529,5.555169,-0.92844975,-2.189195,0.34421158,on bike mount,road bicycle,False,grass,bad
0ddfce99-23f1-40a4-b539-f8ab0d235c1c,e234abed-a48a-4b41-a030-658436db1290,e943e7ed-1899-44e3-8c66-b0c7cbfd48b1,1626969452358,13.656744,52.4679529,5.555169,-13.465328,-4.7378864,18.750196,on bike mount,road bicycle,False,grass,bad
0ddfce99-23f1-40a4-b539-f8ab0d235c1c,e234abed-a48a-4b41-a030-658436db1290,416950f0-da45-4d6b-8777-05687107c4e4,1626969452409,13.656744,52.4679529,5.555169,-5.1337867,-0.07676625,-2.2759027,on bike mount,road bicycle,False,grass,bad
0ddfce99-23f1-40a4-b539-f8ab0d235c1c,e234abed-a48a-4b41-a030-658436db1290,dc5f063d-91fd-41f5-947a-efa3c239fc29,1626969452460,13.656744,52.4679529,5.555169,14.959561,25.868382,-34.933975,on bike mount,road bicycle,False,grass,bad
0ddfce99-23f1-40a4-b539-f8ab0d235c1c,e234abed-a48a-4b41-a030-658436db1290,24d42da1-b21e-495d-9ef2-753bfc3f95fb,1626969452511,13.656744,52.4679529,5.555169,-1.1185212,-5.8063145,4.4384003,on bike mount,road bicycle,False,grass,bad
0ddfce99-23f1-40a4-b539-f8ab0d235c1c,e234abed-a48a-4b41-a030-658436db1290,4637255c-74d8-443c-834b-e7ba5c7aded3,1626969452562,13.656744,52.4679529,5.555169,4.829055,-31.656574,78.5999,on bike mount,road bicycle,False,grass,bad
0ddfce99-23f1-40a4-b539-f8ab0d235c1c,e234abed-a48a-4b41-a030-658436db1290,7a9d2a06-d842-4a6f-9b88-b2570682c528,1626969452612,13.656744,52.4679529,5.555169,-7.322417,1.5709503,-23.486992,on bike mount,road bicycle,False,grass,bad
0ddfce99-23f1-40a4-b539-f8ab0d235c1c,e234abed-a48a-4b41-a030-658436db1290,2e99dcdc-ab88-4468-8eac-c481ab9d1a9d,1626969452663,13.656744,52.4679529,5.555169,-1.842567,-6.9094653,1.4187794,on bike mount,road bicycle,False,grass,bad
0ddfce99-23f1-40a4-b539-f8ab0d235c1c,e234abed-a48a-4b41-a030-658436db1290,0c4489d2-b0d3-4285-9186-55c36f7551bf,1626969452714,13.656744,52.4679529,5.555169,-4.533531,-6.6098247,-9.87338,on bike mount,road bicycle,False,grass,bad
0ddfce99-23f1-40a4-b539-f8ab0d235c1c,e234abed-a48a-4b41-a030-658436db1290,f8655155-d907-47f4-ac1e-60987270240a,1626969452765,13.656744,52.4679529,5.555169,-5.070939,-3.3217702,3.5382538,on bike mount,road bicycle,False,grass,bad
0ddfce99-23f1-40a4-b539-f8ab0d235c1c,e234abed-a48a-4b41-a030-658436db1290,851023eb-774b-40b9-a8cd-878334772988,1626969452815,13.656744,52.4679529,5.555169,-4.4786167,2.1604333,-6.7810116,on bike mount,road bicycle,False,grass,bad
0ddfce99-23f1-40a4-b539-f8ab0d235c1c,e234abed-a48a-4b41-a030-658436db1290,4f52b8bc-1973-4945-92c2-c7b0a77a58f5,1626969452865,13.656744,52.4679529,5.555169,0.124442846,-3.8784368,-6.107503,on bike mount,road bicycle,False,grass,bad
0ddfce99-23f1-40a4-b539-f8ab0d235c1c,2403d453-c165-48b6-9c2e-bfa74bcaca4c,b7798ee2-56c8-40c7-9e71-ae7d476614b8,1626969452760,13.656744,52.4679529,5.555169,0.6269565,-4.5634537,4.440428,on bike mount,road bicycle,False,grass,bad
0ddfce99-23f1-40a4-b539-f8ab0d235c1c,2403d453-c165-48b6-9c2e-bfa74bcaca4c,c42834ee-7825-4a02-88dd-8412b6c355df,1626969452810,13.656744,52.4679529,5.555169,-4.323736,3.4743829,-3.947026,on bike mount,road bicycle,False,grass,bad
0ddfce99-23f1-40a4-b539-f8ab0d235c1c,2403d453-c165-48b6-9c2e-bfa74bcaca4c,9e27524b-af0c-42b4-beff-c6a1b4d43a88,1626969452861,13.656744,52.4679529,5.555169,2.6312337,-1.3307923,-2.8513904,on bike mount,road bicycle,False,grass,bad
0ddfce99-23f1-40a4-b539-f8ab0d235c1c,2403d453-c165-48b6-9c2e-bfa74bcaca4c,40d6e632-feb7-4a58-8739-a9d3ee53f1db,1626969452912,13.656744,52.4679529,5.555169,2.8760414,6.004609,-8.872998,on bike mount,road bicycle,False,grass,bad
0ddfce99-23f1-40a4-b539-f8ab0d235c1c,2403d453-c165-48b6-9c2e-bfa74bcaca4c,d1ace621-9cfe-4735-b612-7edaea8d337c,1626969452963,13.656744,52.4679529,5.555169,1.4109643,2.5136676,9.277473,on bike mount,road bicycle,False,grass,bad
0ddfce99-23f1-40a4-b539-f8ab0d235c1c,2403d453-c165-48b6-9c2e-bfa74bcaca4c,d6ec8531-eda2-471c-a28f-b426978cb322,1626969453014,13.656744,52.4679529,5.555169,-1.9560263,5.729004,-5.653224,on bike mount,road bicycle,False,grass,bad
0ddfce99-23f1-40a4-b539-f8ab0d235c1c,2403d453-c165-48b6-9c2e-bfa74bcaca4c,d3e4f33a-015f-464e-932c-4c294ec6aa4d,1626969453065,13.656744,52.4679529,5.555169,-0.2508412,-3.832007,-4.8080025,on bike mount,road bicycle,False,grass,bad
0ddfce99-23f1-40a4-b539-f8ab0d235c1c,2403d453-c165-48b6-9c2e-bfa74bcaca4c,c5394a2f-420a-48a1-9d3f-af1609e70898,1626969453115,13.6567221,52.4679053,5.6653233,-3.0365973,-9.429364,9.650419,on bike mount,road bicycle,False,grass,bad
0ddfce99-23f1-40a4-b539-f8ab0d235c1c,2403d453-c165-48b6-9c2e-bfa74bcaca4c,12c84696-942c-4ce2-b564-6e365ef0731e,1626969453167,13.6567221,52.4679053,5.6653233,1.6986113,0.5119494,-6.1127405,on bike mount,road bicycle,False,grass,bad
0ddfce99-23f1-40a4-b539-f8ab0d235c1c,2403d453-c165-48b6-9c2e-bfa74bcaca4c,9c90f4b1-f439-468f-895f-8156378325fa,1626969453216,13.6567221,52.4679053,5.6653233,8.026293,6.794463,-2.5064178,on bike mount,road bicycle,False,grass,bad
0ddfce99-23f1-40a4-b539-f8ab0d235c1c,2403d453-c165-48b6-9c2e-bfa74bcaca4c,db057667-2d17-450b-9744-e2ab77e3efef,1626969453267,13.6567221,52.4679053,5.6653233,-1.2611736,-3.5737906,0.28774166,on bike mount,road bicycle,False,grass,bad
0ddfce99-23f1-40a4-b539-f8ab0d235c1c,2403d453-c165-48b6-9c2e-bfa74bcaca4c,e299f072-9dae-47e9-8517-e965c5d04cb5,1626969453318,13.6567221,52.4679053,5.6653233,-4.1971,6.723861,-0.44455433,on bike mount,road bicycle,False,grass,bad
0ddfce99-23f1-40a4-b539-f8ab0d235c1c,2403d453-c165-48b6-9c2e-bfa74bcaca4c,5141d362-9740-4fe3-8586-44cc25938049,1626969453368,13.6567221,52.4679053,5.6653233,8.8901,9.873397,-1.0613708,on bike mount,road bicycle,False,grass,bad
0ddfce99-23f1-40a4-b539-f8ab0d235c1c,2403d453-c165-48b6-9c2e-bfa74bcaca4c,ac5016ce-5a84-4215-9a4b-e6153937edea,1626969453418,13.6567221,52.4679053,5.6653233,5.1720705,-1.675945,-16.832375,on bike mount,road bicycle,False,grass,bad
0ddfce99-23f1-40a4-b539-f8ab0d235c1c,2403d453-c165-48b6-9c2e-bfa74bcaca4c,8dc16072-934d-4985-95e3-9270e820891a,1626969453468,13.6567221,52.4679053,5.6653233,-1.0060486,-8.867839,7.0878735,on bike mount,road bicycle,False,grass,bad
0ddfce99-23f1-40a4-b539-f8ab0d235c1c,2403d453-c165-48b6-9c2e-bfa74bcaca4c,90aba688-c951-4384-866c-617f7b45ff89,1626969453519,13.6567221,52.4679053,5.6653233,-0.83977807,-5.648046,-0.8463745,on bike mount,road bicycle,False,grass,bad
0ddfce99-23f1-40a4-b539-f8ab0d235c1c,2403d453-c165-48b6-9c2e-bfa74bcaca4c,901ce1e7-c9aa-4978-a007-7f987ccc179d,1626969453569,13.6567221,52.4679053,5.6653233,-2.0267675,-5.402313,2.632452,on bike mount,road bicycle,False,grass,bad
0ddfce99-23f1-40a4-b539-f8ab0d235c1c,2403d453-c165-48b6-9c2e-bfa74bcaca4c,650853e3-b60c-4e99-9f80-3e66baa6befc,1626969453619,13.6567221,52.4679053,5.6653233,0.74013543,1.6368024,-0.80323887,on bike mount,road bicycle,False,grass,bad
0ddfce99-23f1-40a4-b539-f8ab0d235c1c,2403d453-c165-48b6-9c2e-bfa74bcaca4c,4bbbbfaa-fbac-446d-9b48-b7031a0bc63a,1626969453670,13.6567221,52.4679053,5.6653233,-2.291865,6.7390275,-0.123301506,on bike mount,road bicycle,False,grass,bad
0ddfce99-23f1-40a4-b539-f8ab0d235c1c,2403d453-c165-48b6-9c2e-bfa74bcaca4c,1427ea5b-ee14-4e0f-af26-24ae8a4575f8,1626969453720,13.6567221,52.4679053,5.6653233,-4.798893,4.5373235,2.7493067,on bike mount,road bicycle,False,grass,bad
0ddfce99-23f1-40a4-b539-f8ab0d235c1c,2403d453-c165-48b6-9c2e-bfa74bcaca4c,16ce4a6b-c786-47d8-8244-ca1c4226dc68,1626969453770,13.6567221,52.4679053,5.6653233,7.4751,-0.77699834,0.7018671,on bike mount,road bicycle,False,grass,bad
0ddfce99-23f1-40a4-b539-f8ab0d235c1c,2403d453-c165-48b6-9c2e-bfa74bcaca4c,d193e20c-8ed0-430d-952c-3eeefb32d2fb,1626969453820,13.6567221,52.4679053,5.6653233,-1.9222113,-5.1649837,-4.2563562,on bike mount,road bicycle,False,grass,bad
0ddfce99-23f1-40a4-b539-f8ab0d235c1c,2403d453-c165-48b6-9c2e-bfa74bcaca4c,2f1d8415-14e3-4678-a084-4d7b1ea677c1,1626969453871,13.6567221,52.4679053,5.6653233,-1.3164196,1.6750759,8.168846,on bike mount,road bicycle,False,grass,bad
0ddfce99-23f1-40a4-b539-f8ab0d235c1c,2403d453-c165-48b6-9c2e-bfa74bcaca4c,b7bcf638-72ad-4164-8624-64d1eb17ceaa,1626969453922,13.6567221,52.4679053,5.6653233,-6.0099497,-2.247949,11.260296,on bike mount,road bicycle,False,grass,bad
0ddfce99-23f1-40a4-b539-f8ab0d235c1c,2403d453-c165-48b6-9c2e-bfa74bcaca4c,ebf72c00-5cfe-4919-80e8-292e61e213cb,1626969453972,13.6567221,52.4679053,5.6653233,-1.9933983,0.913707,-9.303888,on bike mount,road bicycle,False,grass,bad
0ddfce99-23f1-40a4-b539-f8ab0d235c1c,2403d453-c165-48b6-9c2e-bfa74bcaca4c,513ea4f3-9659-46ba-9b99-bc231720c031,1626969454022,13.6567221,52.4679053,5.6653233,-1.0854392,-1.8715283,-2.0807533,on bike mount,road bicycle,False,grass,bad
0ddfce99-23f1-40a4-b539-f8ab0d235c1c,2403d453-c165-48b6-9c2e-bfa74bcaca4c,24886831-6654-401d-b58d-6aa4f69d8f9f,1626969454072,13.6567221,52.4679053,5.6653233,0.55100447,-1.0181262,-5.723219,on bike mount,road bicycle,False,grass,bad
0ddfce99-23f1-40a4-b539-f8ab0d235c1c,2403d453-c165-48b6-9c2e-bfa74bcaca4c,da321648-a1ea-4526-9275-f9daa3171cf8,1626969454123,13.6567073,52.4678564,5.565815,-0.59695923,3.785444,-7.8739333,on bike mount,road bicycle,False,grass,bad
0ddfce99-23f1-40a4-b539-f8ab0d235c1c,2403d453-c165-48b6-9c2e-bfa74bcaca4c,83d9a056-3d6a-432b-b1a6-c7aa1eb43d22,1626969454174,13.6567073,52.4678564,5.565815,6.8322697,0.45501184,5.1102505,on bike mount,road bicycle,False,grass,bad
0ddfce99-23f1-40a4-b539-f8ab0d235c1c,2403d453-c165-48b6-9c2e-bfa74bcaca4c,8d3385bc-2949-49ad-9995-920dacc5da47,1626969454226,13.6567073,52.4678564,5.565815,-6.8370256,-4.156272,18.904964,on bike mount,road bicycle,False,grass,bad
0ddfce99-23f1-40a4-b539-f8ab0d235c1c,2403d453-c165-48b6-9c2e-bfa74bcaca4c,c22d0370-57d7-40b9-94e6-122ad5558fd7,1626969454277,13.6567073,52.4678564,5.565815,1.8598356,1.7696888,-10.650543,on bike mount,road bicycle,False,grass,bad
0ddfce99-23f1-40a4-b539-f8ab0d235c1c,2403d453-c165-48b6-9c2e-bfa74bcaca4c,16a1b13d-8e22-422a-81dd-37ba7e11eba2,1626969454328,13.6567073,52.4678564,5.565815,0.6890128,5.7499323,12.528166,on bike mount,road bicycle,False,grass,bad
0ddfce99-23f1-40a4-b539-f8ab0d235c1c,2403d453-c165-48b6-9c2e-bfa74bcaca4c,5b887104-275e-4aee-89f3-3d8d9da2c7f2,1626969454378,13.6567073,52.4678564,5.565815,1.6363496,-1.6739984,0.8807373,on bike mount,road bicycle,False,grass,bad
0ddfce99-23f1-40a4-b539-f8ab0d235c1c,2403d453-c165-48b6-9c2e-bfa74bcaca4c,2e196f51-883c-4f99-b84a-4235a6f350e4,1626969454429,13.6567073,52.4678564,5.565815,-2.789444,5.569688,-1.6389594,on bike mount,road bicycle,False,grass,bad
0ddfce99-23f1-40a4-b539-f8ab0d235c1c,2403d453-c165-48b6-9c2e-bfa74bcaca4c,b4eaa7e1-4ae3-4a75-893f-a2acd3748665,1626969454479,13.6567073,52.4678564,5.565815,1.9344745,-6.6340256,-5.236977,on bike mount,road bicycle,False,grass,bad
0ddfce99-23f1-40a4-b539-f8ab0d235c1c,2403d453-c165-48b6-9c2e-bfa74bcaca4c,66ce9371-a548-4354-b508-3e72401bc413,1626969454530,13.6567073,52.4678564,5.565815,-2.8631222,4.6811194,1.7774258,on bike mount,road bicycle,False,grass,bad
0ddfce99-23f1-40a4-b539-f8ab0d235c1c,2403d453-c165-48b6-9c2e-bfa74bcaca4c,f7f70508-487c-4059-888f-c7faf85d3744,1626969454580,13.6567073,52.4678564,5.565815,-4.1004047,2.3918054,8.279498,on bike mount,road bicycle,False,grass,bad
0ddfce99-23f1-40a4-b539-f8ab0d235c1c,2403d453-c165-48b6-9c2e-bfa74bcaca4c,cb5b4a6c-ba7b-49b0-953e-6eb45f49facc,1626969454630,13.6567073,52.4678564,5.565815,3.5873725,-9.189843,-4.4552073,on bike mount,road bicycle,False,grass,bad
0ddfce99-23f1-40a4-b539-f8ab0d235c1c,2403d453-c165-48b6-9c2e-bfa74bcaca4c,99e745fb-248f-4791-bcbd-96a7483217ea,1626969454681,13.6567073,52.4678564,5.565815,8.158756,2.7873902,-16.248672,on bike mount,road bicycle,False,grass,bad
0ddfce99-23f1-40a4-b539-f8ab0d235c1c,2403d453-c165-48b6-9c2e-bfa74bcaca4c,e7c3cd82-6497-433d-812a-81d3d3dd9648,1626969454731,13.6567073,52.4678564,5.565815,-1.3234994,-4.526143,5.160242,on bike mount,road bicycle,False,grass,bad
0ddfce99-23f1-40a4-b539-f8ab0d235c1c,2403d453-c165-48b6-9c2e-bfa74bcaca4c,50d6ca88-432b-482d-aa58-543af6b37e58,1626969454782,13.6567073,52.4678564,5.565815,-1.1167552,-3.013716,-9.547798,on bike mount,road bicycle,False,grass,bad
0ddfce99-23f1-40a4-b539-f8ab0d235c1c,2403d453-c165-48b6-9c2e-bfa74bcaca4c,9b872a2e-870e-40b0-bef9-9e8f51ee1767,1626969454833,13.6567073,52.4678564,5.565815,-7.5608053,-14.896763,24.445858,on bike mount,road bicycle,False,grass,bad
0ddfce99-23f1-40a4-b539-f8ab0d235c1c,2403d453-c165-48b6-9c2e-bfa74bcaca4c,03b1ac52-eb73-49a3-bb39-9747cf18764c,1626969454883,13.6567073,52.4678564,5.565815,10.177403,2.511913,-32.280556,on bike mount,road bicycle,False,grass,bad
0ddfce99-23f1-40a4-b539-f8ab0d235c1c,2403d453-c165-48b6-9c2e-bfa74bcaca4c,36a61dc7-7db4-42cc-8e50-3fa9a3f80909,1626969454934,13.6567073,52.4678564,5.565815,-10.083144,-6.7327223,-2.8976917,on bike mount,road bicycle,False,grass,bad
0ddfce99-23f1-40a4-b539-f8ab0d235c1c,2403d453-c165-48b6-9c2e-bfa74bcaca4c,7245d969-1e56-4784-b229-5c996e3138d2,1626969454985,13.6567073,52.4678564,5.565815,-3.1209369,-6.579469,-1.5377727,on bike mount,road bicycle,False,grass,bad
0ddfce99-23f1-40a4-b539-f8ab0d235c1c,2403d453-c165-48b6-9c2e-bfa74bcaca4c,6bfc9042-c0b8-4628-8e63-44aaa9932c91,1626969455036,13.6567073,52.4678564,5.565815,-5.0518026,-5.389858,-8.344623,on bike mount,road bicycle,False,grass,bad
0ddfce99-23f1-40a4-b539-f8ab0d235c1c,2403d453-c165-48b6-9c2e-bfa74bcaca4c,53232ad1-3113-4a89-b1bc-2e6eb925f80a,1626969455087,13.6567073,52.4678564,5.565815,-1.3936089,0.5834771,-6.5935307,on bike mount,road bicycle,False,grass,bad
0ddfce99-23f1-40a4-b539-f8ab0d235c1c,2403d453-c165-48b6-9c2e-bfa74bcaca4c,6b8aa09d-0c3d-450a-bdc8-dfd7df8e3e76,1626969455137,13.656693,52.4678038,5.9152875,0.19051087,-4.0193043,17.80407,on bike mount,road bicycle,False,grass,bad
0ddfce99-23f1-40a4-b539-f8ab0d235c1c,2403d453-c165-48b6-9c2e-bfa74bcaca4c,fa1785c5-6178-40be-a1b6-07bce9de6b01,1626969455188,13.656693,52.4678038,5.9152875,4.0788803,2.5190895,-19.664669,on bike mount,road bicycle,False,grass,bad
0ddfce99-23f1-40a4-b539-f8ab0d235c1c,2403d453-c165-48b6-9c2e-bfa74bcaca4c,d4df2055-9ad1-4b10-9993-b2ce702c3640,1626969455238,13.656693,52.4678038,5.9152875,-6.032744,-5.289874,6.204771,on bike mount,road bicycle,False,grass,bad
0ddfce99-23f1-40a4-b539-f8ab0d235c1c,2403d453-c165-48b6-9c2e-bfa74bcaca4c,1478edc5-a35b-4a03-a19d-923d869fc007,1626969455289,13.656693,52.4678038,5.9152875,0.90152013,-2.8195968,-1.9114537,on bike mount,road bicycle,False,grass,bad
0ddfce99-23f1-40a4-b539-f8ab0d235c1c,2403d453-c165-48b6-9c2e-bfa74bcaca4c,33aa6d6a-0301-416b-ba3e-ad8df8c1fba3,1626969455340,13.656693,52.4678038,5.9152875,-5.7675858,1.3922905,-4.1978517,on bike mount,road bicycle,False,grass,bad
0ddfce99-23f1-40a4-b539-f8ab0d235c1c,2403d453-c165-48b6-9c2e-bfa74bcaca4c,af6afa58-6e15-4c38-8a93-c117307f05a3,1626969455390,13.656693,52.4678038,5.9152875,-0.9434662,3.5001824,-4.459741,on bike mount,road bicycle,False,grass,bad
0ddfce99-23f1-40a4-b539-f8ab0d235c1c,2403d453-c165-48b6-9c2e-bfa74bcaca4c,13c4843c-f856-480e-94ef-a45a1f93aa86,1626969455440,13.656693,52.4678038,5.9152875,2.509652,2.246645,1.8962936,on bike mount,road bicycle,False,grass,bad
0ddfce99-23f1-40a4-b539-f8ab0d235c1c,2403d453-c165-48b6-9c2e-bfa74bcaca4c,dd622526-10be-469b-9e29-5aeac80ecff0,1626969455492,13.656693,52.4678038,5.9152875,-1.4237186,-2.3683624,-5.868518,on bike mount,road bicycle,False,grass,bad
0ddfce99-23f1-40a4-b539-f8ab0d235c1c,2403d453-c165-48b6-9c2e-bfa74bcaca4c,b36c56be-b473-4961-86f1-eccdb6bccb0b,1626969455542,13.656693,52.4678038,5.9152875,-6.9930315,-8.122597,13.913303,on bike mount,road bicycle,False,grass,bad
0ddfce99-23f1-40a4-b539-f8ab0d235c1c,2403d453-c165-48b6-9c2e-bfa74bcaca4c,383a7312-1454-4413-88e2-4d2f30e269b6,1626969455593,13.656693,52.4678038,5.9152875,-1.6299345,2.4284866,-9.613574,on bike mount,road bicycle,False,grass,bad
0ddfce99-23f1-40a4-b539-f8ab0d235c1c,2403d453-c165-48b6-9c2e-bfa74bcaca4c,20b082f0-dd23-4b0b-a5c2-bfd6df26c93d,1626969455644,13.656693,52.4678038,5.9152875,-1.4573184,-7.1120634,6.9325275,on bike mount,road bicycle,False,grass,bad
0ddfce99-23f1-40a4-b539-f8ab0d235c1c,2403d453-c165-48b6-9c2e-bfa74bcaca4c,2edf2d3f-ac1d-407f-b32f-b03a7c2afbf7,1626969455694,13.656693,52.4678038,5.9152875,-3.9648533,-1.798305,-18.400768,on bike mount,road bicycle,False,grass,bad
0ddfce99-23f1-40a4-b539-f8ab0d235c1c,2403d453-c165-48b6-9c2e-bfa74bcaca4c,edd3f78c-a799-464e-94b5-4e95c79c7af7,1626969455746,13.656693,52.4678038,5.9152875,-0.7158432,-3.5772824,1.6964903,on bike mount,road bicycle,False,grass,bad
0ddfce99-23f1-40a4-b539-f8ab0d235c1c,2403d453-c165-48b6-9c2e-bfa74bcaca4c,77da3a31-a8b9-49ec-b20f-bf9e574f2f00,1626969455797,13.656693,52.4678038,5.9152875,-1.5355363,0.86026925,-5.2814345,on bike mount,road bicycle,False,grass,bad
0ddfce99-23f1-40a4-b539-f8ab0d235c1c,2403d453-c165-48b6-9c2e-bfa74bcaca4c,bf7f653b-fc7b-4948-b357-81b990a4bb1d,1626969455847,13.656693,52.4678038,5.9152875,2.001584,-2.858814,-31.96671,on bike mount,road bicycle,False,grass,bad
0ddfce99-23f1-40a4-b539-f8ab0d235c1c,2403d453-c165-48b6-9c2e-bfa74bcaca4c,ca7fc16b-2223-42f2-bcf6-48ffb961201f,1626969455898,13.656693,52.4678038,5.9152875,-4.3632236,0.8261549,2.3266945,on bike mount,road bicycle,False,grass,bad
0ddfce99-23f1-40a4-b539-f8ab0d235c1c,2403d453-c165-48b6-9c2e-bfa74bcaca4c,62c90192-96e4-45f2-95b9-9b0f528bdcd9,1626969455948,13.656693,52.4678038,5.9152875,6.2781305,-9.483454,41.99178,on bike mount,road bicycle,False,grass,bad
0ddfce99-23f1-40a4-b539-f8ab0d235c1c,2403d453-c165-48b6-9c2e-bfa74bcaca4c,5ff9e19b-6b86-4eba-b29c-57ba0f05c068,1626969455999,13.656693,52.4678038,5.9152875,-1.9425846,-4.5641375,-5.942431,on bike mount,road bicycle,False,grass,bad
0ddfce99-23f1-40a4-b539-f8ab0d235c1c,2403d453-c165-48b6-9c2e-bfa74bcaca4c,9349dedd-71be-487b-92db-a694d1991de3,1626969456050,13.656693,52.4678038,5.9152875,4.725566,-0.6758084,12.819657,on bike mount,road bicycle,False,grass,bad
0ddfce99-23f1-40a4-b539-f8ab0d235c1c,2403d453-c165-48b6-9c2e-bfa74bcaca4c,339524f1-db53-4ccd-ac4c-cc8e611d622b,1626969456100,13.6566876,52.4677423,5.956451,0.33723843,0.53492236,-11.670967,on bike mount,road bicycle,False,grass,bad
0ddfce99-23f1-40a4-b539-f8ab0d235c1c,2403d453-c165-48b6-9c2e-bfa74bcaca4c,2abe36cb-cc3a-4ada-9cd6-e6a23df82f9c,1626969456151,13.6566876,52.4677423,5.956451,-3.7626243,-5.102862,0.42153168,on bike mount,road bicycle,False,grass,bad
0ddfce99-23f1-40a4-b539-f8ab0d235c1c,2403d453-c165-48b6-9c2e-bfa74bcaca4c,5110ae79-3e64-4e3c-9d0e-afbec4ef3ac2,1626969456200,13.6566876,52.4677423,5.956451,-3.6540236,-3.003477,2.1151495,on bike mount,road bicycle,False,grass,bad
0ddfce99-23f1-40a4-b539-f8ab0d235c1c,2403d453-c165-48b6-9c2e-bfa74bcaca4c,978f1a50-f2a3-419f-98f7-9affdbb6c71f,1626969456250,13.6566876,52.4677423,5.956451,1.9545681,-2.3095965,-9.212608,on bike mount,road bicycle,False,grass,bad
0ddfce99-23f1-40a4-b539-f8ab0d235c1c,2403d453-c165-48b6-9c2e-bfa74bcaca4c,f3edb1bc-5ea7-4dce-89cd-d3e67b04a6b5,1626969456301,13.6566876,52.4677423,5.956451,-0.04954803,2.3487837,3.3865843,on bike mount,road bicycle,False,grass,bad
0ddfce99-23f1-40a4-b539-f8ab0d235c1c,2403d453-c165-48b6-9c2e-bfa74bcaca4c,887f925f-1b9d-4b95-b16f-791f443e5412,1626969456353,13.6566876,52.4677423,5.956451,0.39059836,3.051885,0.3198862,on bike mount,road bicycle,False,grass,bad
0ddfce99-23f1-40a4-b539-f8ab0d235c1c,2403d453-c165-48b6-9c2e-bfa74bcaca4c,48deca47-94d9-4067-afe4-4def9ce55860,1626969456403,13.6566876,52.4677423,5.956451,-3.8701758,3.2251282,1.1374674,on bike mount,road bicycle,False,grass,bad
0ddfce99-23f1-40a4-b539-f8ab0d235c1c,2403d453-c165-48b6-9c2e-bfa74bcaca4c,ee61d678-8960-4eec-a095-2c97a776606c,1626969456453,13.6566876,52.4677423,5.956451,6.2453365,-6.765218,18.06846,on bike mount,road bicycle,False,grass,bad
0ddfce99-23f1-40a4-b539-f8ab0d235c1c,2403d453-c165-48b6-9c2e-bfa74bcaca4c,f0a39c5c-e9cb-46cc-befc-ab99a9a6bb2f,1626969456504,13.6566876,52.4677423,5.956451,-0.51230156,-1.0121124,-16.669292,on bike mount,road bicycle,False,grass,bad
0ddfce99-23f1-40a4-b539-f8ab0d235c1c,2403d453-c165-48b6-9c2e-bfa74bcaca4c,230e4202-e61a-494f-8b81-c51a45b400c8,1626969456555,13.6566876,52.4677423,5.956451,1.5717554,-5.768224,8.23579,on bike mount,road bicycle,False,grass,bad
0ddfce99-23f1-40a4-b539-f8ab0d235c1c,2403d453-c165-48b6-9c2e-bfa74bcaca4c,d2f2471b-6e47-4031-9709-d366960e349e,1626969456605,13.6566876,52.4677423,5.956451,2.0114188,-2.7682476,-14.683792,on bike mount,road bicycle,False,grass,bad
0ddfce99-23f1-40a4-b539-f8ab0d235c1c,2403d453-c165-48b6-9c2e-bfa74bcaca4c,6061278c-15ed-4f22-9517-a8055496dd4d,1626969456657,13.6566876,52.4677423,5.956451,-0.44157422,-4.965621,-3.404333,on bike mount,road bicycle,False,grass,bad
0ddfce99-23f1-40a4-b539-f8ab0d235c1c,2403d453-c165-48b6-9c2e-bfa74bcaca4c,ae87faa3-6711-4fef-b711-8cb6157b43be,1626969456707,13.6566876,52.4677423,5.956451,2.30378,-3.3566575,-5.308008,on bike mount,road bicycle,False,grass,bad
0ddfce99-23f1-40a4-b539-f8ab0d235c1c,2403d453-c165-48b6-9c2e-bfa74bcaca4c,158d39d7-2e4a-437a-bdbb-38d83b4d2257,1626969456757,13.6566876,52.4677423,5.956451,-0.39914155,1.4620745,-7.0827045,on bike mount,road bicycle,False,grass,bad
0ddfce99-23f1-40a4-b539-f8ab0d235c1c,2403d453-c165-48b6-9c2e-bfa74bcaca4c,aa6a8caa-0952-47f1-bbda-643979a32ed3,1626969456808,13.6566876,52.4677423,5.956451,1.5153054,2.478637,-5.1297035,on bike mount,road bicycle,False,grass,bad
0ddfce99-23f1-40a4-b539-f8ab0d235c1c,2403d453-c165-48b6-9c2e-bfa74bcaca4c,449bf3fe-6b64-48e8-a3dc-84786fd372c6,1626969456859,13.6566876,52.4677423,5.956451,4.20335,-2.012013,13.4417095,on bike mount,road bicycle,False,grass,bad
0ddfce99-23f1-40a4-b539-f8ab0d235c1c,2403d453-c165-48b6-9c2e-bfa74bcaca4c,4c1bb0ba-1f92-43e3-9063-468d88db8f72,1626969456909,13.6566876,52.4677423,5.956451,0.14614041,1.5569277,-12.900131,on bike mount,road bicycle,False,grass,bad
0ddfce99-23f1-40a4-b539-f8ab0d235c1c,2403d453-c165-48b6-9c2e-bfa74bcaca4c,c6ca41e7-8a87-444b-bbaa-55cf7a78af93,1626969456959,13.6566876,52.4677423,5.956451,-1.8198404,-2.9606955,4.1555824,on bike mount,road bicycle,False,grass,bad
0ddfce99-23f1-40a4-b539-f8ab0d235c1c,2403d453-c165-48b6-9c2e-bfa74bcaca4c,d5b63b63-d372-4e34-9e6a-eab142c61a2e,1626969457009,13.6566876,52.4677423,5.956451,5.2205896,0.990183,-11.69946,on bike mount,road bicycle,False,grass,bad
0ddfce99-23f1-40a4-b539-f8ab0d235c1c,2403d453-c165-48b6-9c2e-bfa74bcaca4c,2f9ac11c-afd4-4ea9-977c-7756c537db3a,1626969457059,13.6566876,52.4677423,5.956451,-3.352474,0.60167813,6.301898,on bike mount,road bicycle,False,grass,bad
0ddfce99-23f1-40a4-b539-f8ab0d235c1c,2403d453-c165-48b6-9c2e-bfa74bcaca4c,9fafbda0-1e50-49f1-993b-3243fcf78ae3,1626969457109,13.6566862,52.4676824,5.7036505,2.3184118,-17.372562,6.9638433,on bike mount,road bicycle,False,grass,bad
0ddfce99-23f1-40a4-b539-f8ab0d235c1c,2403d453-c165-48b6-9c2e-bfa74bcaca4c,dd431e89-44ef-43c9-a316-5486b445c329,1626969457160,13.6566862,52.4676824,5.7036505,-2.3557363,-24.046963,17.490791,on bike mount,road bicycle,False,grass,bad
0ddfce99-23f1-40a4-b539-f8ab0d235c1c,2403d453-c165-48b6-9c2e-bfa74bcaca4c,a2459d4d-0c5c-4ca5-8aeb-a9b8d25a5712,1626969457210,13.6566862,52.4676824,5.7036505,6.812503,-7.1742754,-16.837914,on bike mount,road bicycle,False,grass,bad
0ddfce99-23f1-40a4-b539-f8ab0d235c1c,2403d453-c165-48b6-9c2e-bfa74bcaca4c,75f95178-06d0-4b9a-9ee8-a6d5103a615c,1626969457261,13.6566862,52.4676824,5.7036505,7.9028625,-4.6887074,1.8347425,on bike mount,road bicycle,False,grass,bad
0ddfce99-23f1-40a4-b539-f8ab0d235c1c,2403d453-c165-48b6-9c2e-bfa74bcaca4c,499b9a0b-539b-47f5-a798-dc76b86f8745,1626969457312,13.6566862,52.4676824,5.7036505,-0.117658764,-9.623001,-3.6889024,on bike mount,road bicycle,False,grass,bad
0ddfce99-23f1-40a4-b539-f8ab0d235c1c,2403d453-c165-48b6-9c2e-bfa74bcaca4c,c39fcb4d-067a-41a7-b7e3-4512947240f2,1626969457362,13.6566862,52.4676824,5.7036505,-7.0000696,-17.296167,-6.3297195,on bike mount,road bicycle,False,grass,bad
0ddfce99-23f1-40a4-b539-f8ab0d235c1c,2403d453-c165-48b6-9c2e-bfa74bcaca4c,d8304358-28f7-451e-89dd-f9d97080d0a2,1626969457413,13.6566862,52.4676824,5.7036505,-10.916696,-1.036191,-8.443743,on bike mount,road bicycle,False,grass,bad
0ddfce99-23f1-40a4-b539-f8ab0d235c1c,2403d453-c165-48b6-9c2e-bfa74bcaca4c,90631df0-2213-48f1-99db-2eb93a3cf184,1626969457463,13.6566862,52.4676824,5.7036505,-3.519174,-4.137317,-3.9620476,on bike mount,road bicycle,False,grass,bad
0ddfce99-23f1-40a4-b539-f8ab0d235c1c,2403d453-c165-48b6-9c2e-bfa74bcaca4c,c9a7945f-161e-41fe-b5ea-7d97d8141851,1626969457514,13.6566862,52.4676824,5.7036505,2.0903132,-5.3344355,-0.21157551,on bike mount,road bicycle,False,grass,bad
0ddfce99-23f1-40a4-b539-f8ab0d235c1c,2403d453-c165-48b6-9c2e-bfa74bcaca4c,d8fb4a09-0b3a-4ee2-98cc-0be5f6a1452d,1626969457564,13.6566862,52.4676824,5.7036505,-0.7178316,-6.384735,-24.1932,on bike mount,road bicycle,False,grass,bad
0ddfce99-23f1-40a4-b539-f8ab0d235c1c,2403d453-c165-48b6-9c2e-bfa74bcaca4c,cdf1074f-7c15-4954-b5b7-cb4e45386913,1626969457615,13.6566862,52.4676824,5.7036505,-1.5331471,-3.3753607,-2.7053413,on bike mount,road bicycle,False,grass,bad
0ddfce99-23f1-40a4-b539-f8ab0d235c1c,2403d453-c165-48b6-9c2e-bfa74bcaca4c,e63c38c1-05d5-4de3-bff5-e8522fbbc3ea,1626969457667,13.6566862,52.4676824,5.7036505,1.1286144,-5.422212,-5.781021,on bike mount,road bicycle,False,grass,bad
0ddfce99-23f1-40a4-b539-f8ab0d235c1c,2403d453-c165-48b6-9c2e-bfa74bcaca4c,c4d0139c-69af-49c6-83e6-f8cb1026f1dc,1626969457718,13.6566862,52.4676824,5.7036505,-3.1507306,-9.012717,0.34732914,on bike mount,road bicycle,False,grass,bad
0ddfce99-23f1-40a4-b539-f8ab0d235c1c,2403d453-c165-48b6-9c2e-bfa74bcaca4c,6979bc8d-1a53-430a-a482-f8cfe6ac1113,1626969457769,13.6566862,52.4676824,5.7036505,-1.162056,-2.1055658,-7.704088,on bike mount,road bicycle,False,grass,bad
0ddfce99-23f1-40a4-b539-f8ab0d235c1c,2403d453-c165-48b6-9c2e-bfa74bcaca4c,55489cd8-63ba-44f0-897a-42fbe6ede4d9,1626969457820,13.6566862,52.4676824,5.7036505,0.73042786,-3.7619061,-0.024723053,on bike mount,road bicycle,False,grass,bad
0ddfce99-23f1-40a4-b539-f8ab0d235c1c,2403d453-c165-48b6-9c2e-bfa74bcaca4c,1d3278a6-417d-4e58-bf8f-c81ff43337bc,1626969457870,13.6566862,52.4676824,5.7036505,-8.116755,-4.539524,-3.703267,on bike mount,road bicycle,False,grass,bad
0ddfce99-23f1-40a4-b539-f8ab0d235c1c,2403d453-c165-48b6-9c2e-bfa74bcaca4c,48e5c321-00b7-432f-afea-ebdbcf831840,1626969457921,13.6566862,52.4676824,5.7036505,2.71282,11.6542015,-8.730703,on bike mount,road bicycle,False,grass,bad
0ddfce99-23f1-40a4-b539-f8ab0d235c1c,2403d453-c165-48b6-9c2e-bfa74bcaca4c,7905bcd8-47a1-42e2-bfeb-5af93ea3f9a9,1626969457972,13.6566862,52.4676824,5.7036505,-7.3893604,8.29549,1.2712259,on bike mount,road bicycle,False,grass,bad
0ddfce99-23f1-40a4-b539-f8ab0d235c1c,2403d453-c165-48b6-9c2e-bfa74bcaca4c,f5b4e208-6033-4ad9-8d77-df9d46f1132c,1626969458023,13.6566862,52.4676824,5.7036505,-0.008571267,3.0756757,-0.3729229,on bike mount,road bicycle,False,grass,bad
0ddfce99-23f1-40a4-b539-f8ab0d235c1c,2403d453-c165-48b6-9c2e-bfa74bcaca4c,fc3cd8ad-be64-4ff0-9bd6-2eb3ce37429c,1626969458073,13.6566862,52.4676824,5.7036505,1.4271421,-3.5967953,-12.930665,on bike mount,road bicycle,False,grass,bad
0ddfce99-23f1-40a4-b539-f8ab0d235c1c,2403d453-c165-48b6-9c2e-bfa74bcaca4c,f3313124-1be5-47e5-96e1-08d6adc8b296,1626969458123,13.6566767,52.4676369,5.1587152,-7.4982743,-5.9231205,4.0136166,on bike mount,road bicycle,False,grass,bad
0ddfce99-23f1-40a4-b539-f8ab0d235c1c,2403d453-c165-48b6-9c2e-bfa74bcaca4c,4db7c27c-581c-4808-8000-f41347075353,1626969458173,13.6566767,52.4676369,5.1587152,9.158234,2.2150292,-19.10978,on bike mount,road bicycle,False,grass,bad
0ddfce99-23f1-40a4-b539-f8ab0d235c1c,2403d453-c165-48b6-9c2e-bfa74bcaca4c,e82fe3b5-220c-4fb8-bdc4-177b54f64b46,1626969458224,13.6566767,52.4676369,5.1587152,3.9227667,2.148219,18.49721,on bike mount,road bicycle,False,grass,bad
0ddfce99-23f1-40a4-b539-f8ab0d235c1c,2403d453-c165-48b6-9c2e-bfa74bcaca4c,76d16e7c-cc51-42dc-a761-ed48118afe4a,1626969458275,13.6566767,52.4676369,5.1587152,-0.62636304,-6.011727,0.061491966,on bike mount,road bicycle,False,grass,bad
0ddfce99-23f1-40a4-b539-f8ab0d235c1c,2403d453-c165-48b6-9c2e-bfa74bcaca4c,b9c0d6fc-8ded-4de1-8b3f-e4e8ee788b88,1626969458325,13.6566767,52.4676369,5.1587152,-1.8532145,4.890426,-9.020367,on bike mount,road bicycle,False,grass,bad
0ddfce99-23f1-40a4-b539-f8ab0d235c1c,2403d453-c165-48b6-9c2e-bfa74bcaca4c,c1a89f13-66eb-4cdf-b9af-0b0b3d699130,1626969458376,13.6566767,52.4676369,5.1587152,4.789435,6.455393,-16.726925,on bike mount,road bicycle,False,grass,bad
0ddfce99-23f1-40a4-b539-f8ab0d235c1c,2403d453-c165-48b6-9c2e-bfa74bcaca4c,e0301b14-acb8-49b1-b930-b47b4aca43a0,1626969458426,13.6566767,52.4676369,5.1587152,2.3131208,-11.806454,23.163383,on bike mount,road bicycle,False,grass,bad
0ddfce99-23f1-40a4-b539-f8ab0d235c1c,2403d453-c165-48b6-9c2e-bfa74bcaca4c,917831c9-336e-4658-b05e-7edc8cbd2e07,1626969458478,13.6566767,52.4676369,5.1587152,-5.5763826,3.4051325,-10.450344,on bike mount,road bicycle,False,grass,bad
0ddfce99-23f1-40a4-b539-f8ab0d235c1c,2403d453-c165-48b6-9c2e-bfa74bcaca4c,a0d34927-1cf9-477d-80fb-a9564b3234de,1626969458529,13.6566767,52.4676369,5.1587152,13.442971,3.8346744,-12.721302,on bike mount,road bicycle,False,grass,bad
0ddfce99-23f1-40a4-b539-f8ab0d235c1c,2403d453-c165-48b6-9c2e-bfa74bcaca4c,41b0ba0e-47d3-407d-a410-b6cd7e50d97e,1626969458580,13.6566767,52.4676369,5.1587152,2.9059944,4.2538815,6.17696,on bike mount,road bicycle,False,grass,bad
0ddfce99-23f1-40a4-b539-f8ab0d235c1c,2403d453-c165-48b6-9c2e-bfa74bcaca4c,95ec3a82-727e-450f-9385-5f8064f28b52,1626969458631,13.6566767,52.4676369,5.1587152,-5.4664326,1.4916124,-3.4190419,on bike mount,road bicycle,False,grass,bad
0ddfce99-23f1-40a4-b539-f8ab0d235c1c,2403d453-c165-48b6-9c2e-bfa74bcaca4c,de69ac4e-6bd3-4584-8084-09e88e425d73,1626969458681,13.6566767,52.4676369,5.1587152,9.883428,-2.9459362,-11.199547,on bike mount,road bicycle,False,grass,bad
0ddfce99-23f1-40a4-b539-f8ab0d235c1c,2403d453-c165-48b6-9c2e-bfa74bcaca4c,362ec0ad-8604-4e60-921e-b2ac6f728a64,1626969458732,13.6566767,52.4676369,5.1587152,-7.9980917,1.0465534,13.645063,on bike mount,road bicycle,False,grass,bad
0ddfce99-23f1-40a4-b539-f8ab0d235c1c,2403d453-c165-48b6-9c2e-bfa74bcaca4c,ca1fa2f2-644e-45b2-8cc4-9b6d3a1907c9,1626969458782,13.6566767,52.4676369,5.1587152,-1.1609089,-1.603403,1.5724669,on bike mount,road bicycle,False,grass,bad
0ddfce99-23f1-40a4-b539-f8ab0d235c1c,2403d453-c165-48b6-9c2e-bfa74bcaca4c,413d4a06-b0c2-4a8b-89b2-8e2a12ed8246,1626969458833,13.6566767,52.4676369,5.1587152,3.5100195,4.8001423,-14.114681,on bike mount,road bicycle,False,grass,bad
0ddfce99-23f1-40a4-b539-f8ab0d235c1c,2403d453-c165-48b6-9c2e-bfa74bcaca4c,5dc537f4-e0ed-4d36-a6db-305ed272dcba,1626969458883,13.6566767,52.4676369,5.1587152,4.8203573,-1.1558683,-4.324044,on bike mount,road bicycle,False,grass,bad
0ddfce99-23f1-40a4-b539-f8ab0d235c1c,2403d453-c165-48b6-9c2e-bfa74bcaca4c,fda5bbad-674b-42d2-b4cc-94002fc7ec60,1626969458934,13.6566767,52.4676369,5.1587152,4.847345,20.053938,7.32878,on bike mount,road bicycle,False,grass,bad
0ddfce99-23f1-40a4-b539-f8ab0d235c1c,2403d453-c165-48b6-9c2e-bfa74bcaca4c,3435f889-d501-45db-8d16-c433bc630d40,1626969458984,13.6566767,52.4676369,5.1587152,-4.3354473,-0.42350343,-1.4895401,on bike mount,road bicycle,False,grass,bad
0ddfce99-23f1-40a4-b539-f8ab0d235c1c,2403d453-c165-48b6-9c2e-bfa74bcaca4c,c2682495-a7e4-4912-afe7-9eb3d3377ce7,1626969459035,13.6566767,52.4676369,5.1587152,-6.781605,-4.947442,6.406866,on bike mount,road bicycle,False,grass,bad
0ddfce99-23f1-40a4-b539-f8ab0d235c1c,2403d453-c165-48b6-9c2e-bfa74bcaca4c,ebc8d364-ee8d-4243-9085-453eb7b730a6,1626969459086,13.6566767,52.4676369,5.1587152,-8.200848,15.738091,12.115591,on bike mount,road bicycle,False,grass,bad
0ddfce99-23f1-40a4-b539-f8ab0d235c1c,2403d453-c165-48b6-9c2e-bfa74bcaca4c,630d412e-59b4-4dd8-9c77-ea6d015ff415,1626969459138,13.6566636,52.4675946,3.2526574,-5.3788233,-8.589443,18.729803,on bike mount,road bicycle,False,grass,bad
0ddfce99-23f1-40a4-b539-f8ab0d235c1c,2403d453-c165-48b6-9c2e-bfa74bcaca4c,4b276cbd-8e73-477c-b166-eb421e006383,1626969459188,13.6566636,52.4675946,3.2526574,2.3185463,4.370739,-15.477118,on bike mount,road bicycle,False,grass,bad
0ddfce99-23f1-40a4-b539-f8ab0d235c1c,2403d453-c165-48b6-9c2e-bfa74bcaca4c,8a303541-533a-464f-95a5-805928259c5d,1626969459239,13.6566636,52.4675946,3.2526574,2.5253003,-1.3015778,6.0855103,on bike mount,road bicycle,False,grass,bad
0ddfce99-23f1-40a4-b539-f8ab0d235c1c,2403d453-c165-48b6-9c2e-bfa74bcaca4c,aba6a8ba-8ede-48bb-b911-49e887edf2ab,1626969459290,13.6566636,52.4675946,3.2526574,6.8298516,-2.281732,0.25248718,on bike mount,road bicycle,False,grass,bad
0ddfce99-23f1-40a4-b539-f8ab0d235c1c,2403d453-c165-48b6-9c2e-bfa74bcaca4c,85e9dd1a-9630-4617-84ea-37890bb320d6,1626969459341,13.6566636,52.4675946,3.2526574,-0.25657195,-2.9623706,-7.125676,on bike mount,road bicycle,False,grass,bad
0ddfce99-23f1-40a4-b539-f8ab0d235c1c,2403d453-c165-48b6-9c2e-bfa74bcaca4c,13ddafd0-1544-4b6d-9b34-baeb8acda1ac,1626969459391,13.6566636,52.4675946,3.2526574,-1.7867687,-1.0521932,4.1915693,on bike mount,road bicycle,False,grass,bad
0ddfce99-23f1-40a4-b539-f8ab0d235c1c,2403d453-c165-48b6-9c2e-bfa74bcaca4c,b0e363a4-4909-4ced-8a94-f4276d06236f,1626969459442,13.6566636,52.4675946,3.2526574,9.240717,-4.5480804,-17.838755,on bike mount,road bicycle,False,grass,bad
0ddfce99-23f1-40a4-b539-f8ab0d235c1c,2403d453-c165-48b6-9c2e-bfa74bcaca4c,b40d6fe0-60f8-4701-aa85-04db674dc633,1626969459492,13.6566636,52.4675946,3.2526574,6.263317,-11.317923,10.411491,on bike mount,road bicycle,False,grass,bad
0ddfce99-23f1-40a4-b539-f8ab0d235c1c,2403d453-c165-48b6-9c2e-bfa74bcaca4c,96c9484f-40ec-49d9-ab9b-fd57e33ecac9,1626969459542,13.6566636,52.4675946,3.2526574,-10.572401,7.668617,-9.208739,on bike mount,road bicycle,False,grass,bad
0ddfce99-23f1-40a4-b539-f8ab0d235c1c,2403d453-c165-48b6-9c2e-bfa74bcaca4c,a3c6239a-d0f9-4219-8ac0-8c036a3db855,1626969459593,13.6566636,52.4675946,3.2526574,-2.6836226,-5.1196485,1.8918018,on bike mount,road bicycle,False,grass,bad
0ddfce99-23f1-40a4-b539-f8ab0d235c1c,2403d453-c165-48b6-9c2e-bfa74bcaca4c,47c56a06-60fa-41b1-9b24-e684bd3efbba,1626969459644,13.6566636,52.4675946,3.2526574,2.8417234,-1.0628725,8.682601,on bike mount,road bicycle,False,grass,bad
0ddfce99-23f1-40a4-b539-f8ab0d235c1c,2403d453-c165-48b6-9c2e-bfa74bcaca4c,d6199826-24ae-4266-83bf-55cffebe1a13,1626969459695,13.6566636,52.4675946,3.2526574,-0.2423929,-5.1035037,1.2320938,on bike mount,road bicycle,False,grass,bad
0ddfce99-23f1-40a4-b539-f8ab0d235c1c,2403d453-c165-48b6-9c2e-bfa74bcaca4c,c9201d11-88f7-488a-9725-fb08a3b9fccf,1626969459745,13.6566636,52.4675946,3.2526574,2.7488542,-6.606436,-25.383232,on bike mount,road bicycle,False,grass,bad
0ddfce99-23f1-40a4-b539-f8ab0d235c1c,2403d453-c165-48b6-9c2e-bfa74bcaca4c,1775272d-e8df-4a11-98e9-4a6cdbe7b08b,1626969459796,13.6566636,52.4675946,3.2526574,8.253319,11.899197,2.9704618,on bike mount,road bicycle,False,grass,bad
0ddfce99-23f1-40a4-b539-f8ab0d235c1c,2403d453-c165-48b6-9c2e-bfa74bcaca4c,c7ea4f9d-4a0f-4032-aa46-51dbc037652c,1626969459846,13.6566636,52.4675946,3.2526574,13.230931,-12.746145,21.58374,on bike mount,road bicycle,False,grass,bad
0ddfce99-23f1-40a4-b539-f8ab0d235c1c,2403d453-c165-48b6-9c2e-bfa74bcaca4c,70da7a99-0e15-4539-961d-6577aebdd0e6,1626969459896,13.6566636,52.4675946,3.2526574,5.240791,-0.08828223,-8.958676,on bike mount,road bicycle,False,grass,bad
0ddfce99-23f1-40a4-b539-f8ab0d235c1c,2403d453-c165-48b6-9c2e-bfa74bcaca4c,e3966e05-e933-418f-8653-5eb882cc8e17,1626969459948,13.6566636,52.4675946,3.2526574,-4.2207,28.953465,13.901953,on bike mount,road bicycle,False,grass,bad
0ddfce99-23f1-40a4-b539-f8ab0d235c1c,2403d453-c165-48b6-9c2e-bfa74bcaca4c,a7c1b96d-7c16-49fa-af23-31d65b50b6cc,1626969459999,13.6566636,52.4675946,3.2526574,-5.619747,-12.233366,6.59927,on bike mount,road bicycle,False,grass,bad
0ddfce99-23f1-40a4-b539-f8ab0d235c1c,2403d453-c165-48b6-9c2e-bfa74bcaca4c,c7157fdd-e3ae-4e5e-9cf0-3ea71f540e96,1626969460049,13.6566636,52.4675946,3.2526574,-0.6674052,19.557257,-24.470825,on bike mount,road bicycle,False,grass,bad
0ddfce99-23f1-40a4-b539-f8ab0d235c1c,2403d453-c165-48b6-9c2e-bfa74bcaca4c,a8344caa-eda8-4090-97b4-c90ba38d883d,1626969460100,13.6566636,52.4675946,3.2526574,-1.8955977,-14.917228,32.649567,on bike mount,road bicycle,False,grass,bad
0ddfce99-23f1-40a4-b539-f8ab0d235c1c,2403d453-c165-48b6-9c2e-bfa74bcaca4c,be4539f0-c0bd-4788-ae5e-891667d78f8b,1626969460150,13.6566503,52.4675595,5.9656873,20.917038,-2.6161222,-31.557384,on bike mount,road bicycle,False,grass,bad
0ddfce99-23f1-40a4-b539-f8ab0d235c1c,2403d453-c165-48b6-9c2e-bfa74bcaca4c,8d98bc65-b4f3-43f5-9e6d-79897577794d,1626969460201,13.6566503,52.4675595,5.9656873,-1.4481584,-10.261858,10.62393,on bike mount,road bicycle,False,grass,bad
0ddfce99-23f1-40a4-b539-f8ab0d235c1c,2403d453-c165-48b6-9c2e-bfa74bcaca4c,75a99ddb-b7bf-4ef1-9edb-66d63139d9ef,1626969460252,13.6566503,52.4675595,5.9656873,-5.1837244,2.6843069,0.629405,on bike mount,road bicycle,False,grass,bad
0ddfce99-23f1-40a4-b539-f8ab0d235c1c,2403d453-c165-48b6-9c2e-bfa74bcaca4c,dd799c18-025f-43fc-adc6-cd84ccb9a20d,1626969460303,13.6566503,52.4675595,5.9656873,-2.8204913,-4.6794186,12.3366165,on bike mount,road bicycle,False,grass,bad
