bike_activity_uid,bike_activity_sample_uid,bike_activity_measurement,bike_activity_measurement_timestamp,bike_activity_measurement_lon,bike_activity_measurement_lat,bike_activity_measurement_speed,bike_activity_measurement_accelerometer_x,bike_activity_measurement_accelerometer_y,bike_activity_measurement_accelerometer_z,bike_activity_phone_position,bike_activity_bike_type,bike_activity_flagged_lab_conditions,bike_activity_surface_type,bike_activity_smoothness_type
15f5016a-c120-4b81-923d-38855d555615,549d4af0-dea3-4f06-8989-33a1459e6806,075f989d-0702-4177-a56d-001d68d656c0,1626012559410,13.6570967,52.3761037,0.12833668,0.056325793,-0.062430143,0.13452625,on bike mount,road bicycle,False,asphalt,intermediate
15f5016a-c120-4b81-923d-38855d555615,549d4af0-dea3-4f06-8989-33a1459e6806,bd98bfeb-b5d8-4f66-bb75-727ded61b6dc,1626012559460,13.6570967,52.3761037,0.12833668,0.05232835,-0.032299757,0.17867851,on bike mount,road bicycle,False,asphalt,intermediate
15f5016a-c120-4b81-923d-38855d555615,549d4af0-dea3-4f06-8989-33a1459e6806,c28e0299-9159-47bc-b010-4f7f70d9e02e,1626012559510,13.6570967,52.3761037,0.12833668,0.28947747,-0.15248966,0.55775833,on bike mount,road bicycle,False,asphalt,intermediate
15f5016a-c120-4b81-923d-38855d555615,549d4af0-dea3-4f06-8989-33a1459e6806,60be8ec4-e314-44ef-bec9-e23ab493d1d9,1626012559561,13.6570967,52.3761037,0.12833668,0.11962056,0.011127472,0.10859585,on bike mount,road bicycle,False,asphalt,intermediate
15f5016a-c120-4b81-923d-38855d555615,549d4af0-dea3-4f06-8989-33a1459e6806,8c1f25fb-ea80-4b3e-b71c-34e39b4652ab,1626012559612,13.6570967,52.3761037,0.12833668,0.059804797,0.052570105,0.117957115,on bike mount,road bicycle,False,asphalt,intermediate
15f5016a-c120-4b81-923d-38855d555615,549d4af0-dea3-4f06-8989-33a1459e6806,75dce38b-3484-4275-8b2a-bc0d7c30ed16,1626012559662,13.6570945,52.3761043,0.065291174,0.079904914,0.0979166,0.055610657,on bike mount,road bicycle,False,asphalt,intermediate
15f5016a-c120-4b81-923d-38855d555615,549d4af0-dea3-4f06-8989-33a1459e6806,24610409-4c39-4713-8fab-de9ea35b506b,1626012559713,13.6570945,52.3761043,0.065291174,0.06812954,0.06688237,0.12732315,on bike mount,road bicycle,False,asphalt,intermediate
15f5016a-c120-4b81-923d-38855d555615,549d4af0-dea3-4f06-8989-33a1459e6806,3ca90bcb-4163-45cb-9576-a6320a93d37a,1626012559763,13.6570945,52.3761043,0.065291174,0.021682382,0.047939062,0.13309097,on bike mount,road bicycle,False,asphalt,intermediate
15f5016a-c120-4b81-923d-38855d555615,549d4af0-dea3-4f06-8989-33a1459e6806,adee8cac-9288-46da-be75-b150be74a594,1626012559816,13.6570945,52.3761043,0.065291174,-0.007306993,0.031906128,0.08061123,on bike mount,road bicycle,False,asphalt,intermediate
15f5016a-c120-4b81-923d-38855d555615,549d4af0-dea3-4f06-8989-33a1459e6806,8d1755b3-3198-44a2-879b-ff8d23d621ca,1626012559867,13.6570945,52.3761043,0.065291174,-0.050199926,0.01193881,0.17843628,on bike mount,road bicycle,False,asphalt,intermediate
15f5016a-c120-4b81-923d-38855d555615,549d4af0-dea3-4f06-8989-33a1459e6806,e675a6a4-dd4c-4051-8403-2b0408607211,1626012559918,13.6570945,52.3761043,0.065291174,-0.0006722808,-0.0021984577,0.16534424,on bike mount,road bicycle,False,asphalt,intermediate
15f5016a-c120-4b81-923d-38855d555615,549d4af0-dea3-4f06-8989-33a1459e6806,a934befb-fb78-4e51-9b11-a7f4290c0298,1626012559969,13.6570945,52.3761043,0.065291174,-0.007616043,-0.013170481,0.12402153,on bike mount,road bicycle,False,asphalt,intermediate
15f5016a-c120-4b81-923d-38855d555615,549d4af0-dea3-4f06-8989-33a1459e6806,b0703959-2eb7-4c2a-bb2b-53a9dbca4dff,1626012560020,13.6570945,52.3761043,0.065291174,0.004841447,-0.025825977,0.13504791,on bike mount,road bicycle,False,asphalt,intermediate
15f5016a-c120-4b81-923d-38855d555615,549d4af0-dea3-4f06-8989-33a1459e6806,1a04cfd0-dbef-4aef-b996-aa0b7a9f796b,1626012560069,13.6570945,52.3761043,0.065291174,0.03036201,-0.035316706,0.16728687,on bike mount,road bicycle,False,asphalt,intermediate
15f5016a-c120-4b81-923d-38855d555615,549d4af0-dea3-4f06-8989-33a1459e6806,b3c10fb3-94de-4118-b2b5-4e8612369a50,1626012560119,13.6570945,52.3761043,0.065291174,0.031330824,-0.019942045,0.17015648,on bike mount,road bicycle,False,asphalt,intermediate
15f5016a-c120-4b81-923d-38855d555615,549d4af0-dea3-4f06-8989-33a1459e6806,46b2b654-f236-45c9-a7c0-38e465edf467,1626012560169,13.6570945,52.3761043,0.065291174,0.06323308,0.00395751,0.16414642,on bike mount,road bicycle,False,asphalt,intermediate
15f5016a-c120-4b81-923d-38855d555615,549d4af0-dea3-4f06-8989-33a1459e6806,9f49115b-f3da-4b2b-8796-b572c9fd5329,1626012560219,13.6570945,52.3761043,0.065291174,0.054379642,0.006457329,0.15708447,on bike mount,road bicycle,False,asphalt,intermediate
15f5016a-c120-4b81-923d-38855d555615,549d4af0-dea3-4f06-8989-33a1459e6806,7d247bc2-bbdb-4e5e-8341-dbffb3b49e5c,1626012560269,13.6570945,52.3761043,0.065291174,0.024374843,0.023993492,0.1750803,on bike mount,road bicycle,False,asphalt,intermediate
15f5016a-c120-4b81-923d-38855d555615,549d4af0-dea3-4f06-8989-33a1459e6806,0ddaf22f-eaad-4416-8842-f7a0b81c497e,1626012560319,13.6570945,52.3761043,0.065291174,-0.00188905,0.023705006,0.1644125,on bike mount,road bicycle,False,asphalt,intermediate
15f5016a-c120-4b81-923d-38855d555615,549d4af0-dea3-4f06-8989-33a1459e6806,04be37d0-5144-466d-abca-6a38cd0ac8cb,1626012560371,13.6570945,52.3761043,0.065291174,0.05447942,0.029291868,0.1626339,on bike mount,road bicycle,False,asphalt,intermediate
15f5016a-c120-4b81-923d-38855d555615,549d4af0-dea3-4f06-8989-33a1459e6806,d6d992ba-972c-4e6d-809e-eb6f870e60ae,1626012560421,13.6570945,52.3761043,0.065291174,0.0133087635,0.01814723,0.12612915,on bike mount,road bicycle,False,asphalt,intermediate
15f5016a-c120-4b81-923d-38855d555615,549d4af0-dea3-4f06-8989-33a1459e6806,0eaac33c-fb0d-4815-8a0e-25cb847c3601,1626012560470,13.6570945,52.3761043,0.065291174,-0.008262455,0.00040984154,0.13471031,on bike mount,road bicycle,False,asphalt,intermediate
15f5016a-c120-4b81-923d-38855d555615,549d4af0-dea3-4f06-8989-33a1459e6806,b5711b3d-eaca-494e-9471-4b8e55185084,1626012560520,13.6570945,52.3761043,0.065291174,-0.05068308,0.02583003,0.1567545,on bike mount,road bicycle,False,asphalt,intermediate
15f5016a-c120-4b81-923d-38855d555615,549d4af0-dea3-4f06-8989-33a1459e6806,8e723b08-36c9-4916-ace8-777a541b4a92,1626012560570,13.6570945,52.3761043,0.065291174,-0.09584004,0.040565014,0.14086628,on bike mount,road bicycle,False,asphalt,intermediate
15f5016a-c120-4b81-923d-38855d555615,549d4af0-dea3-4f06-8989-33a1459e6806,dcdaf31c-b57a-4318-ad32-ed853bc3ea4f,1626012560621,13.6570945,52.3761043,0.065291174,-0.080747426,0.014841795,0.1585598,on bike mount,road bicycle,False,asphalt,intermediate
15f5016a-c120-4b81-923d-38855d555615,549d4af0-dea3-4f06-8989-33a1459e6806,bb8a5af5-f9ea-4c6a-88a7-3807ff8d7d53,1626012560670,13.6570933,52.3761045,0.0010990327,-0.005439341,-0.017126799,0.16709232,on bike mount,road bicycle,False,asphalt,intermediate
15f5016a-c120-4b81-923d-38855d555615,549d4af0-dea3-4f06-8989-33a1459e6806,3f75b5ce-dc25-4c7a-a3ed-2e246b9a31bf,1626012560721,13.6570933,52.3761045,0.0010990327,0.063019514,-0.025564432,0.16217518,on bike mount,road bicycle,False,asphalt,intermediate
15f5016a-c120-4b81-923d-38855d555615,549d4af0-dea3-4f06-8989-33a1459e6806,29a14606-c9e6-4e20-8b99-1f7471d0f109,1626012560771,13.6570933,52.3761045,0.0010990327,0.020982325,-0.003327608,0.16365147,on bike mount,road bicycle,False,asphalt,intermediate
15f5016a-c120-4b81-923d-38855d555615,549d4af0-dea3-4f06-8989-33a1459e6806,d9817094-a656-4fd0-975c-1c72f1584553,1626012560821,13.6570933,52.3761045,0.0010990327,0.094317436,-0.0026352406,0.13084984,on bike mount,road bicycle,False,asphalt,intermediate
15f5016a-c120-4b81-923d-38855d555615,549d4af0-dea3-4f06-8989-33a1459e6806,145641d9-6096-47f2-82ed-00a88f43ff57,1626012560871,13.6570933,52.3761045,0.0010990327,0.12704039,-0.026201963,0.1772747,on bike mount,road bicycle,False,asphalt,intermediate
15f5016a-c120-4b81-923d-38855d555615,549d4af0-dea3-4f06-8989-33a1459e6806,dfcb7899-ac29-4174-8e39-2f7a8a95fdd9,1626012560921,13.6570933,52.3761045,0.0010990327,0.0036600232,0.01975894,0.15877342,on bike mount,road bicycle,False,asphalt,intermediate
15f5016a-c120-4b81-923d-38855d555615,549d4af0-dea3-4f06-8989-33a1459e6806,b941c2d2-31db-4cce-8872-ae585b1fb270,1626012560972,13.6570933,52.3761045,0.0010990327,-0.07695824,0.021855831,0.10686779,on bike mount,road bicycle,False,asphalt,intermediate
15f5016a-c120-4b81-923d-38855d555615,549d4af0-dea3-4f06-8989-33a1459e6806,5caad7f3-08e5-4430-93b4-b71841d0fb3c,1626012561021,13.6570933,52.3761045,0.0010990327,-0.11080873,0.010037661,0.13404274,on bike mount,road bicycle,False,asphalt,intermediate
15f5016a-c120-4b81-923d-38855d555615,549d4af0-dea3-4f06-8989-33a1459e6806,78d134f2-9cc8-4dc9-8373-9f6c9dd92960,1626012561071,13.6570933,52.3761045,0.0010990327,0.032431006,0.07131863,0.1025095,on bike mount,road bicycle,False,asphalt,intermediate
15f5016a-c120-4b81-923d-38855d555615,549d4af0-dea3-4f06-8989-33a1459e6806,6f2351cb-56c1-46a0-80b0-034b8d17b76d,1626012561122,13.6570933,52.3761045,0.0010990327,0.07248938,0.013542175,0.15358734,on bike mount,road bicycle,False,asphalt,intermediate
15f5016a-c120-4b81-923d-38855d555615,549d4af0-dea3-4f06-8989-33a1459e6806,9e2c9690-c8c9-473d-9600-4cc4ea5b0b1f,1626012561171,13.6570933,52.3761045,0.0010990327,0.15787208,-0.023355722,0.14143753,on bike mount,road bicycle,False,asphalt,intermediate
15f5016a-c120-4b81-923d-38855d555615,549d4af0-dea3-4f06-8989-33a1459e6806,6f9b5554-52cc-4e8e-bc94-c422dc2fb2aa,1626012561222,13.6570933,52.3761045,0.0010990327,0.06932044,0.0012042522,0.1165123,on bike mount,road bicycle,False,asphalt,intermediate
15f5016a-c120-4b81-923d-38855d555615,549d4af0-dea3-4f06-8989-33a1459e6806,f0401485-2965-4a24-8b8e-bc6444050b47,1626012561272,13.6570933,52.3761045,0.0010990327,0.07119882,-0.008524418,0.14827347,on bike mount,road bicycle,False,asphalt,intermediate
15f5016a-c120-4b81-923d-38855d555615,549d4af0-dea3-4f06-8989-33a1459e6806,3b189735-152d-4511-9407-047a8ba75623,1626012561322,13.6570933,52.3761045,0.0010990327,-0.10890329,0.08550763,0.09444332,on bike mount,road bicycle,False,asphalt,intermediate
15f5016a-c120-4b81-923d-38855d555615,549d4af0-dea3-4f06-8989-33a1459e6806,2750b317-222f-4570-b931-752affa17f16,1626012561372,13.6570933,52.3761045,0.0010990327,-0.04096049,0.049543142,0.18008423,on bike mount,road bicycle,False,asphalt,intermediate
15f5016a-c120-4b81-923d-38855d555615,549d4af0-dea3-4f06-8989-33a1459e6806,b7b16fb2-034b-46d6-9a1a-1887ffa5b4f3,1626012561422,13.6570933,52.3761045,0.0010990327,-0.019467235,0.008232117,0.114118576,on bike mount,road bicycle,False,asphalt,intermediate
15f5016a-c120-4b81-923d-38855d555615,549d4af0-dea3-4f06-8989-33a1459e6806,5a5a4cf8-a96f-49dc-ad75-0bc401cded9f,1626012561474,13.6570933,52.3761045,0.0010990327,-0.0048378706,-0.0010194778,0.094037056,on bike mount,road bicycle,False,asphalt,intermediate
15f5016a-c120-4b81-923d-38855d555615,549d4af0-dea3-4f06-8989-33a1459e6806,e082e7e7-50ff-492e-8c66-765a6cc180a8,1626012561525,13.6570933,52.3761045,0.0010990327,0.04316199,-0.011192322,0.07155037,on bike mount,road bicycle,False,asphalt,intermediate
15f5016a-c120-4b81-923d-38855d555615,549d4af0-dea3-4f06-8989-33a1459e6806,76447c02-122a-4d8f-b16f-ccb85320bab6,1626012561575,13.6570933,52.3761045,0.0010990327,0.13688743,0.026862383,0.0581522,on bike mount,road bicycle,False,asphalt,intermediate
15f5016a-c120-4b81-923d-38855d555615,549d4af0-dea3-4f06-8989-33a1459e6806,ab141d1b-7c20-4cdc-9cb9-7bc438d0c010,1626012561625,13.6570933,52.3761045,0.0010990327,0.16300178,-0.016138077,0.10628605,on bike mount,road bicycle,False,asphalt,intermediate
15f5016a-c120-4b81-923d-38855d555615,549d4af0-dea3-4f06-8989-33a1459e6806,3e3ecc73-b083-4c09-a37e-66a7ac27e382,1626012561676,13.6570931,52.3761043,0.0174677,0.034898996,-0.013212681,0.0939703,on bike mount,road bicycle,False,asphalt,intermediate
15f5016a-c120-4b81-923d-38855d555615,549d4af0-dea3-4f06-8989-33a1459e6806,c902a068-dc37-4b5b-863d-bd004b72ab89,1626012561726,13.6570931,52.3761043,0.0174677,0.018409908,-0.026532412,0.18500614,on bike mount,road bicycle,False,asphalt,intermediate
15f5016a-c120-4b81-923d-38855d555615,549d4af0-dea3-4f06-8989-33a1459e6806,6b14c613-6736-42e1-9dfb-e61f59510ef4,1626012561776,13.6570931,52.3761043,0.0174677,-0.03427756,0.03137088,0.099850655,on bike mount,road bicycle,False,asphalt,intermediate
15f5016a-c120-4b81-923d-38855d555615,549d4af0-dea3-4f06-8989-33a1459e6806,e7ebf32f-eb2e-4db3-8ee0-e7503320c82c,1626012561827,13.6570931,52.3761043,0.0174677,-0.063512444,-0.050866842,0.21364021,on bike mount,road bicycle,False,asphalt,intermediate
15f5016a-c120-4b81-923d-38855d555615,549d4af0-dea3-4f06-8989-33a1459e6806,85d38d5e-f1e9-4985-b6c0-a7f31bcc64cc,1626012561879,13.6570931,52.3761043,0.0174677,-0.007404804,0.0135746,0.16258049,on bike mount,road bicycle,False,asphalt,intermediate
15f5016a-c120-4b81-923d-38855d555615,549d4af0-dea3-4f06-8989-33a1459e6806,623dc48a-53c6-4d79-be32-a0cf6c5c7e3e,1626012561928,13.6570931,52.3761043,0.0174677,0.061896443,0.045434713,0.11999798,on bike mount,road bicycle,False,asphalt,intermediate
15f5016a-c120-4b81-923d-38855d555615,549d4af0-dea3-4f06-8989-33a1459e6806,86756c06-46d0-42a4-b773-28ceb6e73292,1626012561979,13.6570931,52.3761043,0.0174677,0.10112631,-0.021962643,0.15591908,on bike mount,road bicycle,False,asphalt,intermediate
15f5016a-c120-4b81-923d-38855d555615,549d4af0-dea3-4f06-8989-33a1459e6806,49a4a90e-ba51-4ea0-a6ee-b373f02b4984,1626012562029,13.6570931,52.3761043,0.0174677,0.04814434,-0.0090453625,0.13129997,on bike mount,road bicycle,False,asphalt,intermediate
15f5016a-c120-4b81-923d-38855d555615,549d4af0-dea3-4f06-8989-33a1459e6806,56f2fd38-04c7-4d3e-bc67-bcde572e651f,1626012562079,13.6570931,52.3761043,0.0174677,0.13904941,0.016491413,0.11374569,on bike mount,road bicycle,False,asphalt,intermediate
15f5016a-c120-4b81-923d-38855d555615,549d4af0-dea3-4f06-8989-33a1459e6806,3f32991f-cc33-4d3e-a561-4dce8eac00ca,1626012562130,13.6570931,52.3761043,0.0174677,0.07732189,0.01307416,0.12235832,on bike mount,road bicycle,False,asphalt,intermediate
15f5016a-c120-4b81-923d-38855d555615,549d4af0-dea3-4f06-8989-33a1459e6806,9c224dcf-c44b-44d8-8674-7ca7db8852fc,1626012562179,13.6570931,52.3761043,0.0174677,0.05516672,0.0013034344,0.10541248,on bike mount,road bicycle,False,asphalt,intermediate
15f5016a-c120-4b81-923d-38855d555615,549d4af0-dea3-4f06-8989-33a1459e6806,c794cb3f-d79c-4c3f-9c47-8e974f4812ba,1626012562229,13.6570931,52.3761043,0.0174677,0.024069369,-0.007984877,0.12845421,on bike mount,road bicycle,False,asphalt,intermediate
15f5016a-c120-4b81-923d-38855d555615,549d4af0-dea3-4f06-8989-33a1459e6806,4d8852b5-b7b6-4151-b165-b4ee165e7568,1626012562279,13.6570931,52.3761043,0.0174677,-0.024600804,0.008493185,0.11530876,on bike mount,road bicycle,False,asphalt,intermediate
15f5016a-c120-4b81-923d-38855d555615,549d4af0-dea3-4f06-8989-33a1459e6806,9b2623ad-2f6b-4878-b661-27f7c15468f5,1626012562329,13.6570931,52.3761043,0.0174677,-0.118294,0.09896469,0.10563946,on bike mount,road bicycle,False,asphalt,intermediate
15f5016a-c120-4b81-923d-38855d555615,549d4af0-dea3-4f06-8989-33a1459e6806,78ee75d2-9970-44ce-a88e-c27c5050c178,1626012562379,13.6570931,52.3761043,0.0174677,-0.06388551,0.0047442913,0.06674957,on bike mount,road bicycle,False,asphalt,intermediate
15f5016a-c120-4b81-923d-38855d555615,549d4af0-dea3-4f06-8989-33a1459e6806,5aff95e5-d4f5-4895-a0de-15458e393f2f,1626012562429,13.6570931,52.3761043,0.0174677,0.0087096095,-0.021218777,0.12472725,on bike mount,road bicycle,False,asphalt,intermediate
15f5016a-c120-4b81-923d-38855d555615,549d4af0-dea3-4f06-8989-33a1459e6806,b608e278-f5d8-407d-bf9a-1f4fe24fb850,1626012562479,13.6570931,52.3761043,0.0174677,0.058901608,0.0018231869,0.14051533,on bike mount,road bicycle,False,asphalt,intermediate
15f5016a-c120-4b81-923d-38855d555615,549d4af0-dea3-4f06-8989-33a1459e6806,823c6e14-34c0-4fa7-9975-6da0f1a17d60,1626012562530,13.6570931,52.3761043,0.0174677,0.11401725,-0.010451555,0.12644672,on bike mount,road bicycle,False,asphalt,intermediate
15f5016a-c120-4b81-923d-38855d555615,549d4af0-dea3-4f06-8989-33a1459e6806,fe39436e-18aa-4c1f-b36a-be7f8da363bc,1626012562580,13.6570931,52.3761043,0.0174677,-0.23511946,0.048449516,0.08325386,on bike mount,road bicycle,False,asphalt,intermediate
15f5016a-c120-4b81-923d-38855d555615,549d4af0-dea3-4f06-8989-33a1459e6806,bff11d62-dc1e-4595-a7a8-c8ed4f48bdef,1626012562632,13.6570931,52.3761043,0.0174677,0.031650603,0.061905146,0.04129982,on bike mount,road bicycle,False,asphalt,intermediate
15f5016a-c120-4b81-923d-38855d555615,549d4af0-dea3-4f06-8989-33a1459e6806,d987e59f-0a1d-43a3-99d5-9661c4b5d500,1626012562683,13.6570935,52.3761039,0.054155566,0.046459913,-0.027045727,0.09401512,on bike mount,road bicycle,False,asphalt,intermediate
15f5016a-c120-4b81-923d-38855d555615,549d4af0-dea3-4f06-8989-33a1459e6806,cf85e897-d415-41be-9d84-fe0e12e88f14,1626012562733,13.6570935,52.3761039,0.054155566,-0.05231166,-0.037445545,0.097138405,on bike mount,road bicycle,False,asphalt,intermediate
15f5016a-c120-4b81-923d-38855d555615,549d4af0-dea3-4f06-8989-33a1459e6806,afa4ad4c-8c45-4298-bfb4-7227bede1b0f,1626012562783,13.6570935,52.3761039,0.054155566,0.014266729,0.015594482,0.048693657,on bike mount,road bicycle,False,asphalt,intermediate
15f5016a-c120-4b81-923d-38855d555615,549d4af0-dea3-4f06-8989-33a1459e6806,3c733269-cb81-4db6-a10b-876a69c049f4,1626012562835,13.6570935,52.3761039,0.054155566,-0.09378636,0.020570517,0.0527668,on bike mount,road bicycle,False,asphalt,intermediate
15f5016a-c120-4b81-923d-38855d555615,549d4af0-dea3-4f06-8989-33a1459e6806,a4fec885-e1f9-45db-8e97-049e614e2759,1626012562889,13.6570935,52.3761039,0.054155566,-0.013155162,0.02803421,0.08856201,on bike mount,road bicycle,False,asphalt,intermediate
15f5016a-c120-4b81-923d-38855d555615,549d4af0-dea3-4f06-8989-33a1459e6806,338925ae-00d2-4d45-a509-aede387715bc,1626012562955,13.6570935,52.3761039,0.054155566,-0.10258168,-0.042357206,0.083444595,on bike mount,road bicycle,False,asphalt,intermediate
15f5016a-c120-4b81-923d-38855d555615,549d4af0-dea3-4f06-8989-33a1459e6806,f60157da-f101-47c5-b2b4-b0f9cecb79d1,1626012563006,13.6570935,52.3761039,0.054155566,-0.031285763,-0.01071167,0.117349625,on bike mount,road bicycle,False,asphalt,intermediate
15f5016a-c120-4b81-923d-38855d555615,549d4af0-dea3-4f06-8989-33a1459e6806,a766d7b5-e4bd-4dba-a184-80e0925b0dc8,1626012563057,13.6570935,52.3761039,0.054155566,0.081303835,0.070267916,0.07104015,on bike mount,road bicycle,False,asphalt,intermediate
15f5016a-c120-4b81-923d-38855d555615,549d4af0-dea3-4f06-8989-33a1459e6806,15f7a607-aa93-4396-9149-9a0658bad5e2,1626012563105,13.6570935,52.3761039,0.054155566,0.01910913,-0.0022873878,0.044495583,on bike mount,road bicycle,False,asphalt,intermediate
15f5016a-c120-4b81-923d-38855d555615,549d4af0-dea3-4f06-8989-33a1459e6806,ac54260b-614f-490b-b061-8a814998339f,1626012563155,13.6570935,52.3761039,0.054155566,0.024625361,-0.024063349,0.0795269,on bike mount,road bicycle,False,asphalt,intermediate
15f5016a-c120-4b81-923d-38855d555615,549d4af0-dea3-4f06-8989-33a1459e6806,f61cc22b-4899-402e-a36a-70f97732a43c,1626012563205,13.6570935,52.3761039,0.054155566,-0.45293635,-0.028712988,0.105755806,on bike mount,road bicycle,False,asphalt,intermediate
15f5016a-c120-4b81-923d-38855d555615,549d4af0-dea3-4f06-8989-33a1459e6806,b3d2df61-2693-4b0f-9452-7b09fd23a9ac,1626012563254,13.6570935,52.3761039,0.054155566,0.07190883,-0.00035881996,0.12399578,on bike mount,road bicycle,False,asphalt,intermediate
15f5016a-c120-4b81-923d-38855d555615,549d4af0-dea3-4f06-8989-33a1459e6806,b3d42e17-8ec5-4317-8931-2150b594192d,1626012563304,13.6570935,52.3761039,0.054155566,0.013320029,-0.012098789,0.08086872,on bike mount,road bicycle,False,asphalt,intermediate
15f5016a-c120-4b81-923d-38855d555615,549d4af0-dea3-4f06-8989-33a1459e6806,9833b7eb-0bba-43ba-9446-2ebea6c2f01b,1626012563354,13.6570935,52.3761039,0.054155566,0.049256265,-0.022702217,0.02871418,on bike mount,road bicycle,False,asphalt,intermediate
15f5016a-c120-4b81-923d-38855d555615,549d4af0-dea3-4f06-8989-33a1459e6806,bf7e0334-5e3e-42a6-af3f-e05c5bd895ca,1626012563406,13.6570935,52.3761039,0.054155566,0.15399432,-0.047002554,0.034593582,on bike mount,road bicycle,False,asphalt,intermediate
15f5016a-c120-4b81-923d-38855d555615,549d4af0-dea3-4f06-8989-33a1459e6806,bd5e29b6-eb07-461b-89c2-653983a587d3,1626012563457,13.6570935,52.3761039,0.054155566,0.14352453,0.016109943,0.10978985,on bike mount,road bicycle,False,asphalt,intermediate
15f5016a-c120-4b81-923d-38855d555615,549d4af0-dea3-4f06-8989-33a1459e6806,c4226331-71c5-497a-96dc-9f51b35499ae,1626012563507,13.6570935,52.3761039,0.054155566,0.037569284,-0.0149412155,0.06351566,on bike mount,road bicycle,False,asphalt,intermediate
15f5016a-c120-4b81-923d-38855d555615,549d4af0-dea3-4f06-8989-33a1459e6806,681b4fac-34d0-4041-8363-96b7e1ba4ffc,1626012563557,13.6570935,52.3761039,0.054155566,0.08818889,-0.05166626,0.091685295,on bike mount,road bicycle,False,asphalt,intermediate
15f5016a-c120-4b81-923d-38855d555615,549d4af0-dea3-4f06-8989-33a1459e6806,94fb7ce9-a132-4c9c-843c-02a8aa846d40,1626012563608,13.6570935,52.3761039,0.054155566,0.37915695,-0.024610281,0.1425705,on bike mount,road bicycle,False,asphalt,intermediate
15f5016a-c120-4b81-923d-38855d555615,549d4af0-dea3-4f06-8989-33a1459e6806,29def30f-ee2e-4465-b7cc-5a8a2805c53b,1626012563658,13.657095,52.3761035,0.021133458,0.030308604,-0.003522873,0.12443733,on bike mount,road bicycle,False,asphalt,intermediate
15f5016a-c120-4b81-923d-38855d555615,549d4af0-dea3-4f06-8989-33a1459e6806,9bfe2126-e055-4c6b-a123-2254d9d464cd,1626012563708,13.657095,52.3761035,0.021133458,-0.027355254,-0.030626059,0.12115955,on bike mount,road bicycle,False,asphalt,intermediate
15f5016a-c120-4b81-923d-38855d555615,549d4af0-dea3-4f06-8989-33a1459e6806,7e01c475-8371-4793-8c0e-3accefd2e282,1626012563757,13.657095,52.3761035,0.021133458,0.010484815,-0.057149887,0.086977005,on bike mount,road bicycle,False,asphalt,intermediate
15f5016a-c120-4b81-923d-38855d555615,549d4af0-dea3-4f06-8989-33a1459e6806,b43637c8-9d55-494e-8d3d-2eabade3bccd,1626012563806,13.657095,52.3761035,0.021133458,0.03646028,-0.017492294,0.10350323,on bike mount,road bicycle,False,asphalt,intermediate
15f5016a-c120-4b81-923d-38855d555615,549d4af0-dea3-4f06-8989-33a1459e6806,0cef9622-8d38-4206-9c27-771779b42a0b,1626012563855,13.657095,52.3761035,0.021133458,-0.12054342,0.021403313,0.03162384,on bike mount,road bicycle,False,asphalt,intermediate
15f5016a-c120-4b81-923d-38855d555615,549d4af0-dea3-4f06-8989-33a1459e6806,481f1be4-8d5d-497c-8cfa-dff13a003757,1626012563907,13.657095,52.3761035,0.021133458,0.006729543,0.035859823,0.09035778,on bike mount,road bicycle,False,asphalt,intermediate
15f5016a-c120-4b81-923d-38855d555615,549d4af0-dea3-4f06-8989-33a1459e6806,a1a99a6a-74d0-4b8b-a4e8-f5a688e8f803,1626012563958,13.657095,52.3761035,0.021133458,0.035222888,-0.012858391,0.06967735,on bike mount,road bicycle,False,asphalt,intermediate
15f5016a-c120-4b81-923d-38855d555615,549d4af0-dea3-4f06-8989-33a1459e6806,33d6104c-bd39-4069-8779-455226575232,1626012564012,13.657095,52.3761035,0.021133458,0.0885762,-0.0025424957,0.08487129,on bike mount,road bicycle,False,asphalt,intermediate
15f5016a-c120-4b81-923d-38855d555615,549d4af0-dea3-4f06-8989-33a1459e6806,a277ae40-9235-46c0-9c2e-117ecd42f9c6,1626012564063,13.657095,52.3761035,0.021133458,0.03311056,0.03200364,0.0706234,on bike mount,road bicycle,False,asphalt,intermediate
15f5016a-c120-4b81-923d-38855d555615,549d4af0-dea3-4f06-8989-33a1459e6806,bd9279f9-fb95-4eb3-bc40-e431916f4ea4,1626012564115,13.657095,52.3761035,0.021133458,0.002344966,0.013408899,0.037290573,on bike mount,road bicycle,False,asphalt,intermediate
15f5016a-c120-4b81-923d-38855d555615,549d4af0-dea3-4f06-8989-33a1459e6806,d6419d53-aaad-47c1-be90-5898529e694c,1626012564165,13.657095,52.3761035,0.021133458,0.0022117496,0.0020577908,0.04065609,on bike mount,road bicycle,False,asphalt,intermediate
15f5016a-c120-4b81-923d-38855d555615,549d4af0-dea3-4f06-8989-33a1459e6806,a7dbc9f8-db59-4a99-84ac-f938ed6be2c8,1626012564215,13.657095,52.3761035,0.021133458,0.005253315,0.015149593,0.019296646,on bike mount,road bicycle,False,asphalt,intermediate
15f5016a-c120-4b81-923d-38855d555615,549d4af0-dea3-4f06-8989-33a1459e6806,ae0496c2-85f5-4098-b7fd-93f7f0112bdf,1626012564266,13.657095,52.3761035,0.021133458,0.011503816,0.0051305294,0.02597332,on bike mount,road bicycle,False,asphalt,intermediate
15f5016a-c120-4b81-923d-38855d555615,549d4af0-dea3-4f06-8989-33a1459e6806,4e09c9b1-b879-49e1-9486-aa7322a5b0ae,1626012564315,13.657095,52.3761035,0.021133458,0.002069652,-0.00073337555,0.039613724,on bike mount,road bicycle,False,asphalt,intermediate
15f5016a-c120-4b81-923d-38855d555615,549d4af0-dea3-4f06-8989-33a1459e6806,ccb87c31-b273-4114-b303-82a11f9a985a,1626012564365,13.657095,52.3761035,0.021133458,0.0011752844,-0.008555651,0.037142754,on bike mount,road bicycle,False,asphalt,intermediate
15f5016a-c120-4b81-923d-38855d555615,549d4af0-dea3-4f06-8989-33a1459e6806,a944525e-b539-4f42-a312-32cb48842451,1626012564415,13.657095,52.3761035,0.021133458,0.015678942,-0.0008406639,0.041891098,on bike mount,road bicycle,False,asphalt,intermediate
15f5016a-c120-4b81-923d-38855d555615,549d4af0-dea3-4f06-8989-33a1459e6806,539ff55f-1d05-41ed-b215-12335d1ac34a,1626012564465,13.657095,52.3761035,0.021133458,0.004963398,0.002057314,0.04824829,on bike mount,road bicycle,False,asphalt,intermediate
15f5016a-c120-4b81-923d-38855d555615,549d4af0-dea3-4f06-8989-33a1459e6806,c9480142-4a42-4d64-80d6-d186ba04207f,1626012564516,13.657095,52.3761035,0.021133458,0.009208143,0.0068001747,0.03201866,on bike mount,road bicycle,False,asphalt,intermediate
15f5016a-c120-4b81-923d-38855d555615,549d4af0-dea3-4f06-8989-33a1459e6806,9d9eeeb3-5c25-4e06-bdea-e7041b404904,1626012564565,13.657095,52.3761035,0.021133458,0.010637164,0.014189482,0.026984215,on bike mount,road bicycle,False,asphalt,intermediate
15f5016a-c120-4b81-923d-38855d555615,549d4af0-dea3-4f06-8989-33a1459e6806,152f1ee1-c7a9-4b18-be9a-232f47ffb97e,1626012564615,13.657095,52.3761035,0.021133458,0.02151215,0.00016927719,0.032087326,on bike mount,road bicycle,False,asphalt,intermediate
15f5016a-c120-4b81-923d-38855d555615,549d4af0-dea3-4f06-8989-33a1459e6806,8f6531a9-9721-400d-a185-54d99e8282fb,1626012564664,13.657095,52.3761035,0.021133458,0.01140058,0.006928444,0.03829384,on bike mount,road bicycle,False,asphalt,intermediate
15f5016a-c120-4b81-923d-38855d555615,549d4af0-dea3-4f06-8989-33a1459e6806,d4107bd8-49bb-4606-9ac6-93db5fa1636d,1626012564714,13.6570968,52.3761031,0.018715566,0.0016129017,0.015660524,0.056851387,on bike mount,road bicycle,False,asphalt,intermediate
15f5016a-c120-4b81-923d-38855d555615,549d4af0-dea3-4f06-8989-33a1459e6806,6b0ec7c4-3775-42fa-934c-8aa4a29f687b,1626012564764,13.6570968,52.3761031,0.018715566,-0.0018565059,0.012457848,0.0452137,on bike mount,road bicycle,False,asphalt,intermediate
15f5016a-c120-4b81-923d-38855d555615,549d4af0-dea3-4f06-8989-33a1459e6806,de4f50f0-3cb3-492d-9a18-09c22449af0c,1626012564815,13.6570968,52.3761031,0.018715566,0.005841017,0.007973433,0.05623436,on bike mount,road bicycle,False,asphalt,intermediate
15f5016a-c120-4b81-923d-38855d555615,549d4af0-dea3-4f06-8989-33a1459e6806,a2b0bd4d-53ec-4995-a75e-a65b1e3d4670,1626012564865,13.6570968,52.3761031,0.018715566,0.011143684,0.00591588,0.04424095,on bike mount,road bicycle,False,asphalt,intermediate
15f5016a-c120-4b81-923d-38855d555615,549d4af0-dea3-4f06-8989-33a1459e6806,8790a754-173d-4dab-bad1-9ec04c0c38d3,1626012564916,13.6570968,52.3761031,0.018715566,0.01761794,-0.00035905838,0.018247604,on bike mount,road bicycle,False,asphalt,intermediate
15f5016a-c120-4b81-923d-38855d555615,549d4af0-dea3-4f06-8989-33a1459e6806,611c43ab-43c4-4491-96da-d012ecca3ccd,1626012564966,13.6570968,52.3761031,0.018715566,0.024365664,0.0009396076,0.032693863,on bike mount,road bicycle,False,asphalt,intermediate
15f5016a-c120-4b81-923d-38855d555615,549d4af0-dea3-4f06-8989-33a1459e6806,1bca6d14-111e-4411-b573-747dd66df4d3,1626012565016,13.6570968,52.3761031,0.018715566,0.013109684,0.0022342205,0.035601616,on bike mount,road bicycle,False,asphalt,intermediate
15f5016a-c120-4b81-923d-38855d555615,549d4af0-dea3-4f06-8989-33a1459e6806,b1ef0283-fc72-446c-9836-eb8df6a89c7b,1626012565065,13.6570968,52.3761031,0.018715566,0.008312941,0.007395506,0.025045395,on bike mount,road bicycle,False,asphalt,intermediate
15f5016a-c120-4b81-923d-38855d555615,549d4af0-dea3-4f06-8989-33a1459e6806,8b6c7075-a7e9-4378-ac51-293a55db37b4,1626012565115,13.6570968,52.3761031,0.018715566,0.011501551,0.007507801,0.033317566,on bike mount,road bicycle,False,asphalt,intermediate
15f5016a-c120-4b81-923d-38855d555615,549d4af0-dea3-4f06-8989-33a1459e6806,1891e648-196b-4ebd-939d-8da2e5f2e1a0,1626012565165,13.6570968,52.3761031,0.018715566,-0.02661401,0.004369974,0.027273178,on bike mount,road bicycle,False,asphalt,intermediate
15f5016a-c120-4b81-923d-38855d555615,549d4af0-dea3-4f06-8989-33a1459e6806,d097bd6b-532f-4911-abb5-ca9ca9a08cb2,1626012565215,13.6570968,52.3761031,0.018715566,-0.035423458,-0.0010888577,0.048830986,on bike mount,road bicycle,False,asphalt,intermediate
15f5016a-c120-4b81-923d-38855d555615,549d4af0-dea3-4f06-8989-33a1459e6806,150e971b-66c2-4e91-a122-f7c112e27f52,1626012565266,13.6570968,52.3761031,0.018715566,0.013641655,0.00035262108,0.08920002,on bike mount,road bicycle,False,asphalt,intermediate
15f5016a-c120-4b81-923d-38855d555615,549d4af0-dea3-4f06-8989-33a1459e6806,04ea7041-f7cb-468d-a1f2-84ac1e52cb4f,1626012565316,13.6570968,52.3761031,0.018715566,-0.0050735474,-0.01092577,0.041214943,on bike mount,road bicycle,False,asphalt,intermediate
15f5016a-c120-4b81-923d-38855d555615,549d4af0-dea3-4f06-8989-33a1459e6806,2c1fc24d-0895-43a5-8c11-829f6a1352cc,1626012565366,13.6570968,52.3761031,0.018715566,0.019356847,-0.07831001,0.10821724,on bike mount,road bicycle,False,asphalt,intermediate
15f5016a-c120-4b81-923d-38855d555615,549d4af0-dea3-4f06-8989-33a1459e6806,0864890d-2675-4d56-bd53-9b021c636b2f,1626012565416,13.6570968,52.3761031,0.018715566,0.27841926,0.03935504,0.06990814,on bike mount,road bicycle,False,asphalt,intermediate
15f5016a-c120-4b81-923d-38855d555615,549d4af0-dea3-4f06-8989-33a1459e6806,b9278f5a-35c3-413f-b357-f3ea560f409f,1626012565466,13.6570968,52.3761031,0.018715566,0.07970607,0.054769754,-0.001783371,on bike mount,road bicycle,False,asphalt,intermediate
15f5016a-c120-4b81-923d-38855d555615,549d4af0-dea3-4f06-8989-33a1459e6806,3077b88e-a23c-4fc1-ba77-46fd9b11f7b7,1626012565517,13.6570968,52.3761031,0.018715566,0.008323371,-0.001506567,0.033510208,on bike mount,road bicycle,False,asphalt,intermediate
15f5016a-c120-4b81-923d-38855d555615,549d4af0-dea3-4f06-8989-33a1459e6806,7ccd83ac-adf6-4297-9453-4163f14a187f,1626012565567,13.6570968,52.3761031,0.018715566,-0.05429828,0.013025522,0.039170265,on bike mount,road bicycle,False,asphalt,intermediate
15f5016a-c120-4b81-923d-38855d555615,549d4af0-dea3-4f06-8989-33a1459e6806,4de41b73-afc2-48ed-bc28-ce8f3136e2e7,1626012565618,13.6570968,52.3761031,0.018715566,-0.052336812,0.014018059,0.023119926,on bike mount,road bicycle,False,asphalt,intermediate
15f5016a-c120-4b81-923d-38855d555615,549d4af0-dea3-4f06-8989-33a1459e6806,e339e493-dd62-407d-bf56-4b7c68b26484,1626012565667,13.6570984,52.3761029,0.0080839945,-0.07900661,-0.0025393963,0.10505962,on bike mount,road bicycle,False,asphalt,intermediate
15f5016a-c120-4b81-923d-38855d555615,549d4af0-dea3-4f06-8989-33a1459e6806,e1b03278-e9f9-41fb-8be0-81a924d9d364,1626012565718,13.6570984,52.3761029,0.0080839945,0.0622347,-0.015188694,0.073246,on bike mount,road bicycle,False,asphalt,intermediate
15f5016a-c120-4b81-923d-38855d555615,549d4af0-dea3-4f06-8989-33a1459e6806,ccd202fd-91f0-4d87-a9e1-005317d2227a,1626012565768,13.6570984,52.3761029,0.0080839945,0.19801283,-0.06657243,0.099500656,on bike mount,road bicycle,False,asphalt,intermediate
15f5016a-c120-4b81-923d-38855d555615,549d4af0-dea3-4f06-8989-33a1459e6806,3ec1b80a-3ee4-40c4-ac1e-a4f922da4f5c,1626012565820,13.6570984,52.3761029,0.0080839945,0.1614461,-0.07351327,0.07338047,on bike mount,road bicycle,False,asphalt,intermediate
15f5016a-c120-4b81-923d-38855d555615,549d4af0-dea3-4f06-8989-33a1459e6806,36ebf2c4-13ea-4c88-a4df-51215389abbd,1626012565869,13.6570984,52.3761029,0.0080839945,0.072031856,0.016830683,0.03478813,on bike mount,road bicycle,False,asphalt,intermediate
15f5016a-c120-4b81-923d-38855d555615,549d4af0-dea3-4f06-8989-33a1459e6806,71e669a6-bc46-489e-8767-8e4252eebcf0,1626012565919,13.6570984,52.3761029,0.0080839945,-0.109166384,0.07320428,0.035632133,on bike mount,road bicycle,False,asphalt,intermediate
15f5016a-c120-4b81-923d-38855d555615,549d4af0-dea3-4f06-8989-33a1459e6806,4ec75ad8-6580-42b6-8f0a-c4dddb0aa4cd,1626012565969,13.6570984,52.3761029,0.0080839945,-0.3047343,0.09327245,0.048347473,on bike mount,road bicycle,False,asphalt,intermediate
15f5016a-c120-4b81-923d-38855d555615,549d4af0-dea3-4f06-8989-33a1459e6806,f6d9db31-b7ff-42cf-8251-82a678f847ed,1626012566018,13.6570984,52.3761029,0.0080839945,-0.16629949,0.033068895,0.017874718,on bike mount,road bicycle,False,asphalt,intermediate
15f5016a-c120-4b81-923d-38855d555615,549d4af0-dea3-4f06-8989-33a1459e6806,a57a044a-dbf4-4b52-a7d4-45c0606f50ee,1626012566069,13.6570984,52.3761029,0.0080839945,-0.141958,0.043277264,0.020086288,on bike mount,road bicycle,False,asphalt,intermediate
15f5016a-c120-4b81-923d-38855d555615,549d4af0-dea3-4f06-8989-33a1459e6806,bd6ea1b6-d5da-4148-a31e-94c4fb762f8c,1626012566118,13.6570984,52.3761029,0.0080839945,0.068918824,0.11103535,0.040682793,on bike mount,road bicycle,False,asphalt,intermediate
15f5016a-c120-4b81-923d-38855d555615,549d4af0-dea3-4f06-8989-33a1459e6806,f6330b7f-4c7e-4927-9799-3b2c5c166da7,1626012566169,13.6570984,52.3761029,0.0080839945,0.21786284,0.09881973,0.041539192,on bike mount,road bicycle,False,asphalt,intermediate
15f5016a-c120-4b81-923d-38855d555615,549d4af0-dea3-4f06-8989-33a1459e6806,6159d3f2-5b98-4c3d-9cc8-e4421fcef230,1626012566220,13.6570984,52.3761029,0.0080839945,0.29374993,0.016647339,0.07322216,on bike mount,road bicycle,False,asphalt,intermediate
15f5016a-c120-4b81-923d-38855d555615,549d4af0-dea3-4f06-8989-33a1459e6806,aab80f85-2b08-4b73-b9f7-fa7980ed946e,1626012566269,13.6570984,52.3761029,0.0080839945,0.09830749,-0.030127764,0.03161335,on bike mount,road bicycle,False,asphalt,intermediate
15f5016a-c120-4b81-923d-38855d555615,549d4af0-dea3-4f06-8989-33a1459e6806,ef6824ea-98e7-46d7-b2bc-1111022c8caa,1626012566320,13.6570984,52.3761029,0.0080839945,0.20202166,-0.057442665,0.08165169,on bike mount,road bicycle,False,asphalt,intermediate
15f5016a-c120-4b81-923d-38855d555615,549d4af0-dea3-4f06-8989-33a1459e6806,28731c3d-6680-49d6-bec4-1689202867bf,1626012566370,13.6570984,52.3761029,0.0080839945,0.034309745,0.03714633,0.042339325,on bike mount,road bicycle,False,asphalt,intermediate
15f5016a-c120-4b81-923d-38855d555615,549d4af0-dea3-4f06-8989-33a1459e6806,db613492-3935-4add-b5ee-11849933b4dc,1626012566421,13.6570984,52.3761029,0.0080839945,-0.027406633,0.10119057,0.018726349,on bike mount,road bicycle,False,asphalt,intermediate
15f5016a-c120-4b81-923d-38855d555615,549d4af0-dea3-4f06-8989-33a1459e6806,e1021c66-9062-433d-901f-1e4ba9530d3a,1626012566471,13.6570984,52.3761029,0.0080839945,-0.01787138,0.14730263,0.0575428,on bike mount,road bicycle,False,asphalt,intermediate
15f5016a-c120-4b81-923d-38855d555615,549d4af0-dea3-4f06-8989-33a1459e6806,7aa735f9-0617-424e-86de-549feee4488a,1626012566521,13.6570984,52.3761029,0.0080839945,-0.14504802,0.117805004,0.01621914,on bike mount,road bicycle,False,asphalt,intermediate
15f5016a-c120-4b81-923d-38855d555615,549d4af0-dea3-4f06-8989-33a1459e6806,6d47696e-7e60-45d9-9369-f7b25ec30150,1626012566571,13.6570984,52.3761029,0.0080839945,0.09521723,0.12732291,0.008692741,on bike mount,road bicycle,False,asphalt,intermediate
15f5016a-c120-4b81-923d-38855d555615,549d4af0-dea3-4f06-8989-33a1459e6806,3dc2a925-3b43-4991-9a99-7607587eafb9,1626012566621,13.6570984,52.3761029,0.0080839945,0.21241778,0.13791776,0.01887989,on bike mount,road bicycle,False,asphalt,intermediate
15f5016a-c120-4b81-923d-38855d555615,549d4af0-dea3-4f06-8989-33a1459e6806,4d467c7c-7ee5-4f61-880f-f4c78001cb34,1626012566669,13.6570994,52.3761024,0.026803318,0.10705936,0.116012335,0.04665947,on bike mount,road bicycle,False,asphalt,intermediate
15f5016a-c120-4b81-923d-38855d555615,549d4af0-dea3-4f06-8989-33a1459e6806,e4b9c044-feae-4dc1-9ef9-f3262f033198,1626012566719,13.6570994,52.3761024,0.026803318,0.060491443,0.051145077,0.07624054,on bike mount,road bicycle,False,asphalt,intermediate
15f5016a-c120-4b81-923d-38855d555615,549d4af0-dea3-4f06-8989-33a1459e6806,d7d37f2b-c646-455c-ab83-e4af4f614498,1626012566770,13.6570994,52.3761024,0.026803318,-0.031351358,0.018380404,0.09962845,on bike mount,road bicycle,False,asphalt,intermediate
15f5016a-c120-4b81-923d-38855d555615,549d4af0-dea3-4f06-8989-33a1459e6806,373036c3-cdda-4493-86de-8fb8b02c0463,1626012566820,13.6570994,52.3761024,0.026803318,-0.017449588,0.013103247,0.011940002,on bike mount,road bicycle,False,asphalt,intermediate
15f5016a-c120-4b81-923d-38855d555615,549d4af0-dea3-4f06-8989-33a1459e6806,fffb835e-6406-40d5-a29f-30f52a427773,1626012566870,13.6570994,52.3761024,0.026803318,-0.084870294,-0.018579483,0.027349472,on bike mount,road bicycle,False,asphalt,intermediate
15f5016a-c120-4b81-923d-38855d555615,549d4af0-dea3-4f06-8989-33a1459e6806,67e6eaa3-dc76-49a4-9f1d-52a666fc1e43,1626012566921,13.6570994,52.3761024,0.026803318,0.07563019,0.16026545,-0.009513855,on bike mount,road bicycle,False,asphalt,intermediate
15f5016a-c120-4b81-923d-38855d555615,549d4af0-dea3-4f06-8989-33a1459e6806,730a8633-59f1-45af-98eb-fb1af5cbab4c,1626012566972,13.6570994,52.3761024,0.026803318,0.34394324,0.41584802,0.0012922287,on bike mount,road bicycle,False,asphalt,intermediate
15f5016a-c120-4b81-923d-38855d555615,549d4af0-dea3-4f06-8989-33a1459e6806,0a68d5a4-3cb8-4d6b-a044-a4a3296c1ab1,1626012567023,13.6570994,52.3761024,0.026803318,0.0025280863,0.15983081,0.0967741,on bike mount,road bicycle,False,asphalt,intermediate
15f5016a-c120-4b81-923d-38855d555615,549d4af0-dea3-4f06-8989-33a1459e6806,a141a84b-c78f-4df3-b674-2fe5676989e8,1626012567071,13.6570994,52.3761024,0.026803318,-0.7621726,-0.050062895,0.014616013,on bike mount,road bicycle,False,asphalt,intermediate
15f5016a-c120-4b81-923d-38855d555615,549d4af0-dea3-4f06-8989-33a1459e6806,443c619e-5361-4047-a91b-50e215f6d2bb,1626012567121,13.6570994,52.3761024,0.026803318,-0.5559256,-0.16226554,0.20226097,on bike mount,road bicycle,False,asphalt,intermediate
15f5016a-c120-4b81-923d-38855d555615,549d4af0-dea3-4f06-8989-33a1459e6806,100eb820-f534-441f-aee9-54bb6b650f2d,1626012567172,13.6570994,52.3761024,0.026803318,-0.28268912,-0.12796378,0.12728405,on bike mount,road bicycle,False,asphalt,intermediate
15f5016a-c120-4b81-923d-38855d555615,549d4af0-dea3-4f06-8989-33a1459e6806,12076c37-e450-47a3-ae35-abe9ec6de8b8,1626012567223,13.6570994,52.3761024,0.026803318,-0.02741203,0.06940484,-0.008552551,on bike mount,road bicycle,False,asphalt,intermediate
15f5016a-c120-4b81-923d-38855d555615,549d4af0-dea3-4f06-8989-33a1459e6806,09b40a41-7797-4354-bd79-93cd9eaac020,1626012567273,13.6570994,52.3761024,0.026803318,0.17440757,0.12219477,0.096782684,on bike mount,road bicycle,False,asphalt,intermediate
15f5016a-c120-4b81-923d-38855d555615,549d4af0-dea3-4f06-8989-33a1459e6806,09d81b98-86f4-4532-b520-24db8d8ec068,1626012567323,13.6570994,52.3761024,0.026803318,0.08877841,0.029206038,0.020867348,on bike mount,road bicycle,False,asphalt,intermediate
15f5016a-c120-4b81-923d-38855d555615,549d4af0-dea3-4f06-8989-33a1459e6806,5de133ea-5cb8-4a9a-a989-771ed6181d61,1626012567373,13.6570994,52.3761024,0.026803318,0.046129078,0.036694765,0.026576042,on bike mount,road bicycle,False,asphalt,intermediate
15f5016a-c120-4b81-923d-38855d555615,549d4af0-dea3-4f06-8989-33a1459e6806,74ebc0b6-dc9e-4054-bffb-ef9d6eca0bf0,1626012567423,13.6570994,52.3761024,0.026803318,0.037937388,-0.011562586,0.08430195,on bike mount,road bicycle,False,asphalt,intermediate
15f5016a-c120-4b81-923d-38855d555615,549d4af0-dea3-4f06-8989-33a1459e6806,56cf4dfe-5737-48eb-8880-fd39e5b83eac,1626012567475,13.6570994,52.3761024,0.026803318,0.020233959,0.04625559,-0.019102097,on bike mount,road bicycle,False,asphalt,intermediate
15f5016a-c120-4b81-923d-38855d555615,549d4af0-dea3-4f06-8989-33a1459e6806,f430e20c-0757-4bf1-b3ff-0b4a9380065c,1626012567524,13.6570994,52.3761024,0.026803318,-0.014476765,0.074668884,0.09923935,on bike mount,road bicycle,False,asphalt,intermediate
15f5016a-c120-4b81-923d-38855d555615,549d4af0-dea3-4f06-8989-33a1459e6806,b3baba8b-bcdc-4947-b714-762c82792e33,1626012567574,13.6570994,52.3761024,0.026803318,-0.030127019,-0.07333994,0.019730568,on bike mount,road bicycle,False,asphalt,intermediate
15f5016a-c120-4b81-923d-38855d555615,549d4af0-dea3-4f06-8989-33a1459e6806,6fdbf9a0-ff5d-4451-aa76-26d59505bcbf,1626012567624,13.6571002,52.376102,0.09118402,-0.044013765,-0.30653715,-0.0006752014,on bike mount,road bicycle,False,asphalt,intermediate
15f5016a-c120-4b81-923d-38855d555615,549d4af0-dea3-4f06-8989-33a1459e6806,aaa61737-a165-4078-88dc-4fc54a4ff6b9,1626012567675,13.6571002,52.376102,0.09118402,-0.030498683,-0.59167504,1.008606,on bike mount,road bicycle,False,asphalt,intermediate
15f5016a-c120-4b81-923d-38855d555615,549d4af0-dea3-4f06-8989-33a1459e6806,dd1f1846-cf94-4235-8f0e-4be84da53413,1626012567724,13.6571002,52.376102,0.09118402,0.13359043,-0.16824746,0.3130932,on bike mount,road bicycle,False,asphalt,intermediate
15f5016a-c120-4b81-923d-38855d555615,549d4af0-dea3-4f06-8989-33a1459e6806,0daaf4b5-40d3-4b13-b0c0-93dfd33bb495,1626012567774,13.6571002,52.376102,0.09118402,-0.001418151,-0.4964435,0.23736095,on bike mount,road bicycle,False,asphalt,intermediate
15f5016a-c120-4b81-923d-38855d555615,549d4af0-dea3-4f06-8989-33a1459e6806,d57ed11a-eba4-4a9a-b244-1433599bd783,1626012567824,13.6571002,52.376102,0.09118402,0.0944694,-0.33799648,0.06989002,on bike mount,road bicycle,False,asphalt,intermediate
15f5016a-c120-4b81-923d-38855d555615,549d4af0-dea3-4f06-8989-33a1459e6806,83b8934e-4b90-4042-a9ec-d2b68dd2a5a0,1626012567874,13.6571002,52.376102,0.09118402,-0.095576584,-0.32294536,0.0685873,on bike mount,road bicycle,False,asphalt,intermediate
15f5016a-c120-4b81-923d-38855d555615,549d4af0-dea3-4f06-8989-33a1459e6806,0bae5480-6b2a-4c86-8072-1a6b45af8c06,1626012567924,13.6571002,52.376102,0.09118402,0.19813025,-0.33911562,0.4073887,on bike mount,road bicycle,False,asphalt,intermediate
15f5016a-c120-4b81-923d-38855d555615,549d4af0-dea3-4f06-8989-33a1459e6806,8f0f871d-7487-4f7d-a5ac-9d70d556912b,1626012567975,13.6571002,52.376102,0.09118402,0.01269272,-0.04120493,0.19676399,on bike mount,road bicycle,False,asphalt,intermediate
15f5016a-c120-4b81-923d-38855d555615,549d4af0-dea3-4f06-8989-33a1459e6806,e2d16bd0-8aef-4727-83df-d01ff90da423,1626012568026,13.6571002,52.376102,0.09118402,-0.18010801,-0.19435406,0.12410927,on bike mount,road bicycle,False,asphalt,intermediate
15f5016a-c120-4b81-923d-38855d555615,549d4af0-dea3-4f06-8989-33a1459e6806,4734ef3a-12ec-4786-8317-077bc5b4eb5d,1626012568076,13.6571002,52.376102,0.09118402,-0.06674826,-0.035267115,0.034190178,on bike mount,road bicycle,False,asphalt,intermediate
15f5016a-c120-4b81-923d-38855d555615,549d4af0-dea3-4f06-8989-33a1459e6806,72a3f30d-be50-4269-9ca3-7518cdb30fcf,1626012568127,13.6571002,52.376102,0.09118402,0.028513476,-0.09130001,0.13034058,on bike mount,road bicycle,False,asphalt,intermediate
15f5016a-c120-4b81-923d-38855d555615,549d4af0-dea3-4f06-8989-33a1459e6806,61241849-09fc-4634-b802-b3347364462b,1626012568177,13.6571002,52.376102,0.09118402,0.20447905,-0.13115239,0.092541695,on bike mount,road bicycle,False,asphalt,intermediate
15f5016a-c120-4b81-923d-38855d555615,549d4af0-dea3-4f06-8989-33a1459e6806,a83ea544-3fef-4b19-ac6c-939c27b4f107,1626012568227,13.6571002,52.376102,0.09118402,0.16611299,-0.06946564,0.14649582,on bike mount,road bicycle,False,asphalt,intermediate
15f5016a-c120-4b81-923d-38855d555615,549d4af0-dea3-4f06-8989-33a1459e6806,696f971d-8519-4fe7-8c07-7a66689839c5,1626012568278,13.6571002,52.376102,0.09118402,-0.01033821,0.102108955,-0.113396645,on bike mount,road bicycle,False,asphalt,intermediate
15f5016a-c120-4b81-923d-38855d555615,549d4af0-dea3-4f06-8989-33a1459e6806,69895e10-84f0-435b-8c28-5fb619686127,1626012568329,13.6571002,52.376102,0.09118402,-0.12034773,0.10030103,0.09380722,on bike mount,road bicycle,False,asphalt,intermediate
15f5016a-c120-4b81-923d-38855d555615,549d4af0-dea3-4f06-8989-33a1459e6806,e680fbfa-cd73-4d00-a6b3-506e42265dc6,1626012568380,13.6571002,52.376102,0.09118402,-0.037348036,0.10865641,0.10097408,on bike mount,road bicycle,False,asphalt,intermediate
15f5016a-c120-4b81-923d-38855d555615,549d4af0-dea3-4f06-8989-33a1459e6806,b1d61778-ad58-4eb0-871c-dd7288731613,1626012568430,13.6571002,52.376102,0.09118402,-0.1892061,0.063168526,-0.07121086,on bike mount,road bicycle,False,asphalt,intermediate
15f5016a-c120-4b81-923d-38855d555615,549d4af0-dea3-4f06-8989-33a1459e6806,23481680-ef69-48c6-ba5e-ff496a74d290,1626012568481,13.6571002,52.376102,0.09118402,-0.11138769,0.072224855,0.018204689,on bike mount,road bicycle,False,asphalt,intermediate
15f5016a-c120-4b81-923d-38855d555615,549d4af0-dea3-4f06-8989-33a1459e6806,d4e4aa42-8e18-455c-9b28-9e7d4a6fb227,1626012568531,13.6571002,52.376102,0.09118402,0.02968777,0.049898148,0.13225746,on bike mount,road bicycle,False,asphalt,intermediate
15f5016a-c120-4b81-923d-38855d555615,549d4af0-dea3-4f06-8989-33a1459e6806,ced5d1ef-eef4-40ce-9a10-ea328ee7d2d8,1626012568581,13.6571002,52.376102,0.09118402,0.055102132,-0.0031385422,0.088214874,on bike mount,road bicycle,False,asphalt,intermediate
15f5016a-c120-4b81-923d-38855d555615,549d4af0-dea3-4f06-8989-33a1459e6806,57d1b70b-9a67-4bbe-b563-60d8975be8a6,1626012568632,13.6571002,52.376102,0.09118402,0.060584128,0.049858093,0.018161774,on bike mount,road bicycle,False,asphalt,intermediate
15f5016a-c120-4b81-923d-38855d555615,549d4af0-dea3-4f06-8989-33a1459e6806,26d7cc06-20e3-4de5-b75c-eaa12da8b628,1626012568682,13.6571012,52.3761028,0.09538715,0.16682152,0.16350722,0.0481987,on bike mount,road bicycle,False,asphalt,intermediate
15f5016a-c120-4b81-923d-38855d555615,549d4af0-dea3-4f06-8989-33a1459e6806,35b49296-8aa0-48e6-a623-23efcc3e7994,1626012568731,13.6571012,52.3761028,0.09538715,0.32658434,0.33791876,0.04035759,on bike mount,road bicycle,False,asphalt,intermediate
15f5016a-c120-4b81-923d-38855d555615,549d4af0-dea3-4f06-8989-33a1459e6806,22fdbdbe-a020-467a-9da3-e936d387d4e8,1626012568781,13.6571012,52.3761028,0.09538715,0.10803948,0.26285648,-0.06329727,on bike mount,road bicycle,False,asphalt,intermediate
15f5016a-c120-4b81-923d-38855d555615,549d4af0-dea3-4f06-8989-33a1459e6806,6d205d47-1c95-42e7-adda-6bf2ccd41360,1626012568831,13.6571012,52.3761028,0.09538715,-0.31772238,0.16051817,-0.0070858,on bike mount,road bicycle,False,asphalt,intermediate
15f5016a-c120-4b81-923d-38855d555615,549d4af0-dea3-4f06-8989-33a1459e6806,438098cd-0b15-4ba0-9809-66ee95ebeef8,1626012568882,13.6571012,52.3761028,0.09538715,-0.38017607,0.049527407,-0.004078865,on bike mount,road bicycle,False,asphalt,intermediate
15f5016a-c120-4b81-923d-38855d555615,549d4af0-dea3-4f06-8989-33a1459e6806,79b8af13-54c9-4717-8913-2224d8347b7a,1626012568933,13.6571012,52.3761028,0.09538715,-0.23754457,0.022723198,0.05764103,on bike mount,road bicycle,False,asphalt,intermediate
15f5016a-c120-4b81-923d-38855d555615,549d4af0-dea3-4f06-8989-33a1459e6806,8c5e5655-6da7-47cb-b753-f21a004719ae,1626012568985,13.6571012,52.3761028,0.09538715,-0.13970013,0.032739162,0.010774612,on bike mount,road bicycle,False,asphalt,intermediate
15f5016a-c120-4b81-923d-38855d555615,549d4af0-dea3-4f06-8989-33a1459e6806,579269d9-ecf1-41ca-9149-00976af725c2,1626012569035,13.6571012,52.3761028,0.09538715,-0.023364646,0.011616945,0.0139865875,on bike mount,road bicycle,False,asphalt,intermediate
15f5016a-c120-4b81-923d-38855d555615,549d4af0-dea3-4f06-8989-33a1459e6806,af3195d0-d823-4b55-8f1b-71d3fa839a61,1626012569085,13.6571012,52.3761028,0.09538715,0.01872687,0.00040578842,0.05934906,on bike mount,road bicycle,False,asphalt,intermediate
15f5016a-c120-4b81-923d-38855d555615,549d4af0-dea3-4f06-8989-33a1459e6806,492ac304-687e-461a-80bd-36b22b70f626,1626012569134,13.6571012,52.3761028,0.09538715,0.047019944,-0.030748606,0.102148056,on bike mount,road bicycle,False,asphalt,intermediate
15f5016a-c120-4b81-923d-38855d555615,549d4af0-dea3-4f06-8989-33a1459e6806,e380ce74-6a96-4c57-8966-d5a5c511e381,1626012569185,13.6571012,52.3761028,0.09538715,0.044347808,-0.033987522,0.10149193,on bike mount,road bicycle,False,asphalt,intermediate
15f5016a-c120-4b81-923d-38855d555615,549d4af0-dea3-4f06-8989-33a1459e6806,581e1d4c-c91c-4dcc-b915-1799ffe59951,1626012569234,13.6571012,52.3761028,0.09538715,0.06192419,-0.023077011,0.04719448,on bike mount,road bicycle,False,asphalt,intermediate
15f5016a-c120-4b81-923d-38855d555615,549d4af0-dea3-4f06-8989-33a1459e6806,449777b6-b113-4756-918d-a48aa3597b3f,1626012569284,13.6571012,52.3761028,0.09538715,0.208157,0.010637999,0.11277676,on bike mount,road bicycle,False,asphalt,intermediate
15f5016a-c120-4b81-923d-38855d555615,549d4af0-dea3-4f06-8989-33a1459e6806,a21fa740-cfe4-4688-a115-b9f9eb4f7672,1626012569334,13.6571012,52.3761028,0.09538715,0.16590008,0.026157856,0.067355156,on bike mount,road bicycle,False,asphalt,intermediate
15f5016a-c120-4b81-923d-38855d555615,549d4af0-dea3-4f06-8989-33a1459e6806,6630e3e6-a97a-4508-a646-59c442ae6973,1626012569385,13.6571012,52.3761028,0.09538715,0.097488046,0.025917053,0.02179718,on bike mount,road bicycle,False,asphalt,intermediate
15f5016a-c120-4b81-923d-38855d555615,549d4af0-dea3-4f06-8989-33a1459e6806,0fbf0fce-4390-4ed5-b28a-7ff7fe1fcc81,1626012569435,13.6571012,52.3761028,0.09538715,0.07560867,0.020299673,-0.015792847,on bike mount,road bicycle,False,asphalt,intermediate
15f5016a-c120-4b81-923d-38855d555615,f304a5f2-9cfd-4b6c-a85a-16e06a807061,5b1087b0-af66-4622-8284-cb9ef186dc89,1626012569290,13.6571012,52.3761028,0.09538715,0.18346262,0.028841019,0.1149044,on bike mount,road bicycle,False,asphalt,intermediate
15f5016a-c120-4b81-923d-38855d555615,f304a5f2-9cfd-4b6c-a85a-16e06a807061,06ec09ce-432a-4af6-9ffd-d2dd48f27e4b,1626012569340,13.6571012,52.3761028,0.09538715,0.27363685,0.04479289,0.12826157,on bike mount,road bicycle,False,asphalt,intermediate
15f5016a-c120-4b81-923d-38855d555615,f304a5f2-9cfd-4b6c-a85a-16e06a807061,fac811f1-2025-4223-b53f-d631bb961ee2,1626012569390,13.6571012,52.3761028,0.09538715,0.25610304,0.05716014,0.06052208,on bike mount,road bicycle,False,asphalt,intermediate
15f5016a-c120-4b81-923d-38855d555615,f304a5f2-9cfd-4b6c-a85a-16e06a807061,7347335d-789c-4c37-a8e8-dc7773b30c68,1626012569441,13.6571012,52.3761028,0.09538715,0.1459682,0.039536953,0.0058317184,on bike mount,road bicycle,False,asphalt,intermediate
15f5016a-c120-4b81-923d-38855d555615,f304a5f2-9cfd-4b6c-a85a-16e06a807061,ff8549be-0773-44a9-9f5d-aa8cd6ae66f9,1626012569492,13.6571012,52.3761028,0.09538715,0.08063564,0.024124384,0.118961334,on bike mount,road bicycle,False,asphalt,intermediate
15f5016a-c120-4b81-923d-38855d555615,f304a5f2-9cfd-4b6c-a85a-16e06a807061,fa2f432e-b0d4-4f76-b23c-70c1dbe786a1,1626012569541,13.6571012,52.3761028,0.09538715,-0.00093355775,-0.014176369,0.103357315,on bike mount,road bicycle,False,asphalt,intermediate
15f5016a-c120-4b81-923d-38855d555615,f304a5f2-9cfd-4b6c-a85a-16e06a807061,ac5e0f59-655b-4296-a7fc-8f9e1e1bce29,1626012569591,13.6571012,52.3761028,0.09538715,0.04754089,-0.055567026,0.16696072,on bike mount,road bicycle,False,asphalt,intermediate
15f5016a-c120-4b81-923d-38855d555615,f304a5f2-9cfd-4b6c-a85a-16e06a807061,63447493-abff-43dc-8a15-b940132b6c78,1626012569642,13.657101,52.3761037,0.1149341,0.026826575,-0.10794592,0.1475153,on bike mount,road bicycle,False,asphalt,intermediate
15f5016a-c120-4b81-923d-38855d555615,f304a5f2-9cfd-4b6c-a85a-16e06a807061,47246a6e-9f3f-4db9-9bd4-6c9aadb55fb6,1626012569693,13.657101,52.3761037,0.1149341,0.056724682,-0.10571623,0.156847,on bike mount,road bicycle,False,asphalt,intermediate
15f5016a-c120-4b81-923d-38855d555615,f304a5f2-9cfd-4b6c-a85a-16e06a807061,c840473f-512f-4543-9838-1808c02622c4,1626012569743,13.657101,52.3761037,0.1149341,0.07596932,-0.0719645,0.12946129,on bike mount,road bicycle,False,asphalt,intermediate
15f5016a-c120-4b81-923d-38855d555615,f304a5f2-9cfd-4b6c-a85a-16e06a807061,49a0f0d4-c37e-4a04-a4e3-1227d3e0555a,1626012569792,13.657101,52.3761037,0.1149341,0.06045723,-0.03782153,0.10134411,on bike mount,road bicycle,False,asphalt,intermediate
15f5016a-c120-4b81-923d-38855d555615,f304a5f2-9cfd-4b6c-a85a-16e06a807061,d7177220-5921-4011-b0a6-0d5aef06fa74,1626012569843,13.657101,52.3761037,0.1149341,0.014961354,-0.06220913,0.09727669,on bike mount,road bicycle,False,asphalt,intermediate
15f5016a-c120-4b81-923d-38855d555615,f304a5f2-9cfd-4b6c-a85a-16e06a807061,fb2b9311-acfb-4c45-b893-4191b9f87c0c,1626012569893,13.657101,52.3761037,0.1149341,-0.024527188,-0.06943464,0.08374405,on bike mount,road bicycle,False,asphalt,intermediate
15f5016a-c120-4b81-923d-38855d555615,f304a5f2-9cfd-4b6c-a85a-16e06a807061,0cc0899f-3088-40b0-b1ae-8e1c2549e6f6,1626012569943,13.657101,52.3761037,0.1149341,-0.037102427,-0.06199932,0.0649271,on bike mount,road bicycle,False,asphalt,intermediate
15f5016a-c120-4b81-923d-38855d555615,f304a5f2-9cfd-4b6c-a85a-16e06a807061,0eb070b0-a7c1-49a4-baf5-ba4b81dcb845,1626012569992,13.657101,52.3761037,0.1149341,-0.10561007,-0.08350015,0.094922066,on bike mount,road bicycle,False,asphalt,intermediate
15f5016a-c120-4b81-923d-38855d555615,f304a5f2-9cfd-4b6c-a85a-16e06a807061,94ab9b7c-e23d-4a36-a08c-471d1cc62a02,1626012570046,13.657101,52.3761037,0.1149341,-0.09853405,-0.05088663,0.03482628,on bike mount,road bicycle,False,asphalt,intermediate
15f5016a-c120-4b81-923d-38855d555615,f304a5f2-9cfd-4b6c-a85a-16e06a807061,304977b0-a732-4d95-9467-e2e4d160d5d2,1626012570098,13.657101,52.3761037,0.1149341,-0.1763229,-0.1245873,0.1438713,on bike mount,road bicycle,False,asphalt,intermediate
15f5016a-c120-4b81-923d-38855d555615,f304a5f2-9cfd-4b6c-a85a-16e06a807061,325fa24e-2344-4706-bc72-e4f509edfb7d,1626012570148,13.657101,52.3761037,0.1149341,-0.28213638,-0.102170706,0.27239895,on bike mount,road bicycle,False,asphalt,intermediate
15f5016a-c120-4b81-923d-38855d555615,f304a5f2-9cfd-4b6c-a85a-16e06a807061,dd9155fb-3221-4feb-bb5b-5c16e932d007,1626012570199,13.657101,52.3761037,0.1149341,-0.13602585,-0.056621313,0.082323074,on bike mount,road bicycle,False,asphalt,intermediate
15f5016a-c120-4b81-923d-38855d555615,f304a5f2-9cfd-4b6c-a85a-16e06a807061,d54940dc-89cb-43d6-addb-81945247a62e,1626012570250,13.657101,52.3761037,0.1149341,-0.009044535,-0.01920414,0.09489727,on bike mount,road bicycle,False,asphalt,intermediate
15f5016a-c120-4b81-923d-38855d555615,f304a5f2-9cfd-4b6c-a85a-16e06a807061,9183a2ff-7f47-4732-ae85-222e581268c9,1626012570300,13.657101,52.3761037,0.1149341,0.01014471,-0.009117126,0.1395998,on bike mount,road bicycle,False,asphalt,intermediate
15f5016a-c120-4b81-923d-38855d555615,f304a5f2-9cfd-4b6c-a85a-16e06a807061,df16728e-0911-49e3-b236-7fd29771e8d9,1626012570349,13.657101,52.3761037,0.1149341,0.012834348,0.005031824,0.09767532,on bike mount,road bicycle,False,asphalt,intermediate
15f5016a-c120-4b81-923d-38855d555615,f304a5f2-9cfd-4b6c-a85a-16e06a807061,d1ce7fa8-a5e8-4eb6-b837-3c6f35ab1fd0,1626012570399,13.657101,52.3761037,0.1149341,-0.008103008,0.017993689,0.028417587,on bike mount,road bicycle,False,asphalt,intermediate
15f5016a-c120-4b81-923d-38855d555615,f304a5f2-9cfd-4b6c-a85a-16e06a807061,144495b7-573b-4a6e-97a9-55caf4770a8c,1626012570448,13.657101,52.3761037,0.1149341,0.10048807,0.068653345,0.09651756,on bike mount,road bicycle,False,asphalt,intermediate
15f5016a-c120-4b81-923d-38855d555615,f304a5f2-9cfd-4b6c-a85a-16e06a807061,e754c51a-8789-45da-b2b7-38f3fdc21afd,1626012570501,13.657101,52.3761037,0.1149341,0.07495667,0.042982817,0.10274124,on bike mount,road bicycle,False,asphalt,intermediate
15f5016a-c120-4b81-923d-38855d555615,f304a5f2-9cfd-4b6c-a85a-16e06a807061,f560931d-ed00-4350-85fa-012b1b26499a,1626012570551,13.657101,52.3761037,0.1149341,0.048616268,0.0063152313,0.08674908,on bike mount,road bicycle,False,asphalt,intermediate
15f5016a-c120-4b81-923d-38855d555615,f304a5f2-9cfd-4b6c-a85a-16e06a807061,01d47760-5247-4a41-a38a-64af0c291e08,1626012570601,13.657101,52.3761037,0.1149341,0.024886984,-0.009040117,0.069117546,on bike mount,road bicycle,False,asphalt,intermediate
15f5016a-c120-4b81-923d-38855d555615,f304a5f2-9cfd-4b6c-a85a-16e06a807061,b26854db-d51b-49de-885d-f4347d96e238,1626012570651,13.6570993,52.3761049,0.14794381,0.017484786,-0.04143238,0.08101559,on bike mount,road bicycle,False,asphalt,intermediate
15f5016a-c120-4b81-923d-38855d555615,f304a5f2-9cfd-4b6c-a85a-16e06a807061,3c6f48a7-b541-4432-9e6b-9ecb5dad4f5a,1626012570700,13.6570993,52.3761049,0.14794381,0.074090615,-0.039747477,0.1258316,on bike mount,road bicycle,False,asphalt,intermediate
15f5016a-c120-4b81-923d-38855d555615,f304a5f2-9cfd-4b6c-a85a-16e06a807061,3a09734f-22da-42e1-bb64-9a639d570120,1626012570751,13.6570993,52.3761049,0.14794381,0.024895849,-0.014573336,0.1179657,on bike mount,road bicycle,False,asphalt,intermediate
15f5016a-c120-4b81-923d-38855d555615,f304a5f2-9cfd-4b6c-a85a-16e06a807061,636d01b2-3afa-43c4-88d7-8d70b3345646,1626012570801,13.6570993,52.3761049,0.14794381,0.01721571,0.00985837,0.09222603,on bike mount,road bicycle,False,asphalt,intermediate
15f5016a-c120-4b81-923d-38855d555615,f304a5f2-9cfd-4b6c-a85a-16e06a807061,120a5f7f-382e-426b-9260-641b5cb6c983,1626012570850,13.6570993,52.3761049,0.14794381,-0.023753807,0.024374247,0.042470932,on bike mount,road bicycle,False,asphalt,intermediate
15f5016a-c120-4b81-923d-38855d555615,f304a5f2-9cfd-4b6c-a85a-16e06a807061,962cbeff-e3c2-4883-b662-10ae6f50d6f9,1626012570900,13.6570993,52.3761049,0.14794381,-0.0124973655,0.033018112,0.05487156,on bike mount,road bicycle,False,asphalt,intermediate
15f5016a-c120-4b81-923d-38855d555615,f304a5f2-9cfd-4b6c-a85a-16e06a807061,5467f150-2625-485e-aa4f-34897f84eab4,1626012570951,13.6570993,52.3761049,0.14794381,0.08572309,0.076291084,0.109565735,on bike mount,road bicycle,False,asphalt,intermediate
15f5016a-c120-4b81-923d-38855d555615,f304a5f2-9cfd-4b6c-a85a-16e06a807061,d2fcfcc4-2265-4de8-a217-3f713ba4f3c3,1626012571000,13.6570993,52.3761049,0.14794381,0.04726957,0.08569074,0.05309677,on bike mount,road bicycle,False,asphalt,intermediate
15f5016a-c120-4b81-923d-38855d555615,f304a5f2-9cfd-4b6c-a85a-16e06a807061,620b9d18-9731-4d64-bd40-66852b35c91e,1626012571050,13.6570993,52.3761049,0.14794381,-0.006762445,0.056802273,0.055802345,on bike mount,road bicycle,False,asphalt,intermediate
15f5016a-c120-4b81-923d-38855d555615,f304a5f2-9cfd-4b6c-a85a-16e06a807061,00f89ad4-fd42-420b-8f43-234ce78db936,1626012571100,13.6570993,52.3761049,0.14794381,-0.056836814,0.011767626,0.09729004,on bike mount,road bicycle,False,asphalt,intermediate
15f5016a-c120-4b81-923d-38855d555615,f304a5f2-9cfd-4b6c-a85a-16e06a807061,d4d8399e-a8ff-4261-a26e-ce175378e956,1626012571151,13.6570993,52.3761049,0.14794381,-0.084425464,0.00025343895,0.09971237,on bike mount,road bicycle,False,asphalt,intermediate
15f5016a-c120-4b81-923d-38855d555615,f304a5f2-9cfd-4b6c-a85a-16e06a807061,36ddc9af-a4f4-4b9b-9874-a8d8e80d2dc8,1626012571201,13.6570993,52.3761049,0.14794381,-0.09194352,-0.019860506,0.06302452,on bike mount,road bicycle,False,asphalt,intermediate
15f5016a-c120-4b81-923d-38855d555615,f304a5f2-9cfd-4b6c-a85a-16e06a807061,4743bb4d-0c9d-44a7-8415-8dc55a5ca410,1626012571251,13.6570993,52.3761049,0.14794381,-0.033121467,-0.018342733,0.07366371,on bike mount,road bicycle,False,asphalt,intermediate
15f5016a-c120-4b81-923d-38855d555615,f304a5f2-9cfd-4b6c-a85a-16e06a807061,a838c131-78aa-47c6-9b9d-8999124af597,1626012571301,13.6570993,52.3761049,0.14794381,0.03691178,0.0051960945,0.09165001,on bike mount,road bicycle,False,asphalt,intermediate
15f5016a-c120-4b81-923d-38855d555615,f304a5f2-9cfd-4b6c-a85a-16e06a807061,0a5c5f76-8af4-4487-9569-81c3f9f10c47,1626012571351,13.6570993,52.3761049,0.14794381,0.060664393,0.00085020065,0.1209383,on bike mount,road bicycle,False,asphalt,intermediate
15f5016a-c120-4b81-923d-38855d555615,f304a5f2-9cfd-4b6c-a85a-16e06a807061,4feeb472-b698-4d7e-bb7a-f654bfaf4876,1626012571401,13.6570993,52.3761049,0.14794381,-0.006856121,0.004072666,0.0732975,on bike mount,road bicycle,False,asphalt,intermediate
15f5016a-c120-4b81-923d-38855d555615,f304a5f2-9cfd-4b6c-a85a-16e06a807061,8b01fe7a-fae2-48f5-b9b0-385910fe6cc7,1626012571451,13.6570993,52.3761049,0.14794381,-0.056343034,-0.027915955,0.13191509,on bike mount,road bicycle,False,asphalt,intermediate
15f5016a-c120-4b81-923d-38855d555615,f304a5f2-9cfd-4b6c-a85a-16e06a807061,48d7c528-5eac-4702-b6e1-0106674b1a35,1626012571501,13.6570993,52.3761049,0.14794381,-0.05964023,-0.03041935,0.11955166,on bike mount,road bicycle,False,asphalt,intermediate
15f5016a-c120-4b81-923d-38855d555615,f304a5f2-9cfd-4b6c-a85a-16e06a807061,10c46fb6-2941-4c24-8ade-7270bce32048,1626012571552,13.6570993,52.3761049,0.14794381,0.034137174,-0.004404068,0.13482285,on bike mount,road bicycle,False,asphalt,intermediate
15f5016a-c120-4b81-923d-38855d555615,f304a5f2-9cfd-4b6c-a85a-16e06a807061,08e6d3b9-5775-4724-8012-4047a4a6bdcd,1626012571606,13.6570993,52.3761049,0.14794381,0.039479014,0.003881693,0.12407875,on bike mount,road bicycle,False,asphalt,intermediate
15f5016a-c120-4b81-923d-38855d555615,f304a5f2-9cfd-4b6c-a85a-16e06a807061,65a0e659-58b7-44ee-b067-6626dc9ac4be,1626012571656,13.6570984,52.3761066,0.09942845,0.011825532,0.007749319,0.058584213,on bike mount,road bicycle,False,asphalt,intermediate
15f5016a-c120-4b81-923d-38855d555615,f304a5f2-9cfd-4b6c-a85a-16e06a807061,e53ca2c2-e0ec-403a-b6a3-bbf2b0c1a615,1626012571706,13.6570984,52.3761066,0.09942845,0.045503933,0.007156372,0.114634514,on bike mount,road bicycle,False,asphalt,intermediate
15f5016a-c120-4b81-923d-38855d555615,f304a5f2-9cfd-4b6c-a85a-16e06a807061,c82f633e-18b1-43de-849e-7e3e1a9f8e45,1626012571758,13.6570984,52.3761066,0.09942845,0.09646235,0.054611206,0.11865425,on bike mount,road bicycle,False,asphalt,intermediate
