bike_activity_uid,bike_activity_sample_uid,bike_activity_measurement,bike_activity_measurement_timestamp,bike_activity_measurement_lon,bike_activity_measurement_lat,bike_activity_measurement_speed,bike_activity_measurement_accelerometer_x,bike_activity_measurement_accelerometer_y,bike_activity_measurement_accelerometer_z,bike_activity_phone_position,bike_activity_bike_type,bike_activity_flagged_lab_conditions,bike_activity_surface_type,bike_activity_smoothness_type
1fcf81f2-b692-47a9-9e31-e97c644fa9f6,f7855ff2-dbe7-43a6-ba2a-c59a0bdd9f68,2f64a7a9-3afd-480e-91ad-416687db29dc,1633859940818,13.4389913,52.4929998,5.786456,1.7682756,3.8442326,7.6308556,on bike mount,cyclo cross,True,sett,intermediate
1fcf81f2-b692-47a9-9e31-e97c644fa9f6,f7855ff2-dbe7-43a6-ba2a-c59a0bdd9f68,47266a31-6cae-425c-90f2-490ab2750c23,1633859940868,13.4389913,52.4929998,5.786456,8.925958,-18.202316,8.77211,on bike mount,cyclo cross,True,sett,intermediate
1fcf81f2-b692-47a9-9e31-e97c644fa9f6,f7855ff2-dbe7-43a6-ba2a-c59a0bdd9f68,e7318dca-2579-4e01-95d4-2371c722e848,1633859940934,13.439068,52.4929811,4.9550467,5.664937,15.111791,-1.4049702,on bike mount,cyclo cross,True,sett,intermediate
1fcf81f2-b692-47a9-9e31-e97c644fa9f6,f7855ff2-dbe7-43a6-ba2a-c59a0bdd9f68,e76b24da-de3d-4f08-9056-4904cff26c9b,1633859940985,13.439068,52.4929811,4.9550467,2.9300466,-19.489147,11.965159,on bike mount,cyclo cross,True,sett,intermediate
1fcf81f2-b692-47a9-9e31-e97c644fa9f6,f7855ff2-dbe7-43a6-ba2a-c59a0bdd9f68,0cbba1c2-a403-4fbe-a98b-4a3c879174ff,1633859941052,13.439068,52.4929811,4.9550467,-0.65152705,1.7455244,21.915873,on bike mount,cyclo cross,True,sett,intermediate
1fcf81f2-b692-47a9-9e31-e97c644fa9f6,f7855ff2-dbe7-43a6-ba2a-c59a0bdd9f68,4e59c3a1-3bf8-4a75-9cb2-9e1e7c72def5,1633859941102,13.439068,52.4929811,4.9550467,-7.9035454,8.449416,-24.930809,on bike mount,cyclo cross,True,sett,intermediate
1fcf81f2-b692-47a9-9e31-e97c644fa9f6,f7855ff2-dbe7-43a6-ba2a-c59a0bdd9f68,1092d3a2-8f71-4ddb-9faf-ba2a22b0e4d0,1633859941169,13.439068,52.4929811,4.9550467,1.3249099,-3.7394712,-0.4442854,on bike mount,cyclo cross,True,sett,intermediate
1fcf81f2-b692-47a9-9e31-e97c644fa9f6,f7855ff2-dbe7-43a6-ba2a-c59a0bdd9f68,daf5a021-f274-4013-9b05-035c6dfcf519,1633859941219,13.439068,52.4929811,4.9550467,1.4506929,3.2705789,-8.967978,on bike mount,cyclo cross,True,sett,intermediate
1fcf81f2-b692-47a9-9e31-e97c644fa9f6,f7855ff2-dbe7-43a6-ba2a-c59a0bdd9f68,30f7de93-7069-4271-aa3c-a191ec450465,1633859941285,13.439068,52.4929811,4.9550467,1.5994911,-6.7030697,-0.68967104,on bike mount,cyclo cross,True,sett,intermediate
1fcf81f2-b692-47a9-9e31-e97c644fa9f6,f7855ff2-dbe7-43a6-ba2a-c59a0bdd9f68,c3e14faf-90af-4cb1-a189-cfe5323e0770,1633859941336,13.439068,52.4929811,4.9550467,2.8793154,10.35153,-10.629322,on bike mount,cyclo cross,True,sett,intermediate
1fcf81f2-b692-47a9-9e31-e97c644fa9f6,f7855ff2-dbe7-43a6-ba2a-c59a0bdd9f68,c573333b-f87b-4228-8840-2585feef8fcc,1633859941385,13.439068,52.4929811,4.9550467,1.6222005,-3.589476,9.801104,on bike mount,cyclo cross,True,sett,intermediate
1fcf81f2-b692-47a9-9e31-e97c644fa9f6,f7855ff2-dbe7-43a6-ba2a-c59a0bdd9f68,523b4269-7f55-4f7f-8e49-dc7256510503,1633859941436,13.439068,52.4929811,4.9550467,-1.6173809,-2.2204826,8.505641,on bike mount,cyclo cross,True,sett,intermediate
1fcf81f2-b692-47a9-9e31-e97c644fa9f6,f7855ff2-dbe7-43a6-ba2a-c59a0bdd9f68,222e2ba8-d0aa-4a20-8afe-5ce215f895ef,1633859941486,13.439068,52.4929811,4.9550467,4.6644616,3.085423,-5.2506094,on bike mount,cyclo cross,True,sett,intermediate
1fcf81f2-b692-47a9-9e31-e97c644fa9f6,f7855ff2-dbe7-43a6-ba2a-c59a0bdd9f68,5a172432-dc6a-4e6a-bf14-00b71902057d,1633859941553,13.439068,52.4929811,4.9550467,-0.7026098,-19.232878,6.56666,on bike mount,cyclo cross,True,sett,intermediate
1fcf81f2-b692-47a9-9e31-e97c644fa9f6,f7855ff2-dbe7-43a6-ba2a-c59a0bdd9f68,3ac1f1a5-58f1-4aff-8d41-352358b01f85,1633859941619,13.439068,52.4929811,4.9550467,4.6456037,-14.0589285,13.739445,on bike mount,cyclo cross,True,sett,intermediate
1fcf81f2-b692-47a9-9e31-e97c644fa9f6,f7855ff2-dbe7-43a6-ba2a-c59a0bdd9f68,c7760e45-7042-4287-bbfe-9908ee814e82,1633859941669,13.439068,52.4929811,4.9550467,0.12606126,-13.10412,4.8632774,on bike mount,cyclo cross,True,sett,intermediate
1fcf81f2-b692-47a9-9e31-e97c644fa9f6,f7855ff2-dbe7-43a6-ba2a-c59a0bdd9f68,ff4b1be7-b16f-4dbe-86e8-760a86b07724,1633859941720,13.439068,52.4929811,4.9550467,-1.1989028,-3.1639898,7.990609,on bike mount,cyclo cross,True,sett,intermediate
1fcf81f2-b692-47a9-9e31-e97c644fa9f6,f7855ff2-dbe7-43a6-ba2a-c59a0bdd9f68,d8e5daa3-be04-48a8-b990-ac0c71dbf7d6,1633859941770,13.439068,52.4929811,4.9550467,3.3247614,-13.167965,11.250835,on bike mount,cyclo cross,True,sett,intermediate
1fcf81f2-b692-47a9-9e31-e97c644fa9f6,f7855ff2-dbe7-43a6-ba2a-c59a0bdd9f68,e8a742cb-b5ef-42f2-b36e-9ceb6c0e5ee4,1633859941837,13.439068,52.4929811,4.9550467,3.9706059,1.739182,3.881834,on bike mount,cyclo cross,True,sett,intermediate
1fcf81f2-b692-47a9-9e31-e97c644fa9f6,f7855ff2-dbe7-43a6-ba2a-c59a0bdd9f68,13e94ef6-7915-4772-ac77-71370dc74e6a,1633859941887,13.439068,52.4929811,4.9550467,1.9373888,-10.53339,-7.211203,on bike mount,cyclo cross,True,sett,intermediate
1fcf81f2-b692-47a9-9e31-e97c644fa9f6,f7855ff2-dbe7-43a6-ba2a-c59a0bdd9f68,1f739f27-2faa-49f5-b11b-74ab21e41a4a,1633859941953,13.4391228,52.4929713,5.2885966,1.2197684,-3.7282515,3.6133518,on bike mount,cyclo cross,True,sett,intermediate
1fcf81f2-b692-47a9-9e31-e97c644fa9f6,f7855ff2-dbe7-43a6-ba2a-c59a0bdd9f68,4b4c0dea-806e-49d8-b319-8daf3a08a3f6,1633859942020,13.4391228,52.4929713,5.2885966,0.82970846,-6.080272,19.092636,on bike mount,cyclo cross,True,sett,intermediate
1fcf81f2-b692-47a9-9e31-e97c644fa9f6,f7855ff2-dbe7-43a6-ba2a-c59a0bdd9f68,e501fd7f-fb46-4f9c-ba5a-d37d9f0e2610,1633859942070,13.4391228,52.4929713,5.2885966,-0.4671291,6.77682,-16.029655,on bike mount,cyclo cross,True,sett,intermediate
1fcf81f2-b692-47a9-9e31-e97c644fa9f6,f7855ff2-dbe7-43a6-ba2a-c59a0bdd9f68,9d2f44d0-2a13-428a-8b02-4542b817598c,1633859942121,13.4391228,52.4929713,5.2885966,2.931666,5.484541,-13.012775,on bike mount,cyclo cross,True,sett,intermediate
1fcf81f2-b692-47a9-9e31-e97c644fa9f6,f7855ff2-dbe7-43a6-ba2a-c59a0bdd9f68,033ac1fc-6c23-4984-ae2a-6dab8d06626b,1633859942171,13.4391228,52.4929713,5.2885966,3.6107607,-12.92124,9.235319,on bike mount,cyclo cross,True,sett,intermediate
1fcf81f2-b692-47a9-9e31-e97c644fa9f6,f7855ff2-dbe7-43a6-ba2a-c59a0bdd9f68,aa6dd684-9915-4cb5-bb05-102ac692f038,1633859942237,13.4391228,52.4929713,5.2885966,5.2639146,12.188284,-9.712458,on bike mount,cyclo cross,True,sett,intermediate
1fcf81f2-b692-47a9-9e31-e97c644fa9f6,f7855ff2-dbe7-43a6-ba2a-c59a0bdd9f68,b99f7b7c-628c-4098-82b2-fbb71b018690,1633859942288,13.4391228,52.4929713,5.2885966,-2.4730349,-6.6254883,15.91824,on bike mount,cyclo cross,True,sett,intermediate
1fcf81f2-b692-47a9-9e31-e97c644fa9f6,f7855ff2-dbe7-43a6-ba2a-c59a0bdd9f68,6e86bd93-0a4a-4fa2-ada0-cc7b4371e717,1633859942338,13.4391228,52.4929713,5.2885966,-1.6230989,3.4438815,-13.960129,on bike mount,cyclo cross,True,sett,intermediate
1fcf81f2-b692-47a9-9e31-e97c644fa9f6,f7855ff2-dbe7-43a6-ba2a-c59a0bdd9f68,9e1f68b9-bef6-47e0-90a0-071f715a5d4a,1633859942404,13.4391228,52.4929713,5.2885966,0.9213959,-1.9576261,11.032444,on bike mount,cyclo cross,True,sett,intermediate
1fcf81f2-b692-47a9-9e31-e97c644fa9f6,f7855ff2-dbe7-43a6-ba2a-c59a0bdd9f68,d5e9d24f-a945-49dc-8648-4f95092ab11f,1633859942454,13.4391228,52.4929713,5.2885966,0.6587318,-18.129463,-9.395908,on bike mount,cyclo cross,True,sett,intermediate
1fcf81f2-b692-47a9-9e31-e97c644fa9f6,f7855ff2-dbe7-43a6-ba2a-c59a0bdd9f68,27955d7f-9a1c-44e2-acd9-3f8d1fa0a45d,1633859942505,13.4391228,52.4929713,5.2885966,-2.8688617,-1.1163006,12.409175,on bike mount,cyclo cross,True,sett,intermediate
1fcf81f2-b692-47a9-9e31-e97c644fa9f6,f7855ff2-dbe7-43a6-ba2a-c59a0bdd9f68,23fde534-7283-4a6e-9791-5702f7b06f2c,1633859942555,13.4391228,52.4929713,5.2885966,-1.3902233,-23.668415,19.72002,on bike mount,cyclo cross,True,sett,intermediate
1fcf81f2-b692-47a9-9e31-e97c644fa9f6,f7855ff2-dbe7-43a6-ba2a-c59a0bdd9f68,83954f56-8338-49c7-9964-fe111feba6b1,1633859942621,13.4391228,52.4929713,5.2885966,-2.6685472,-12.707876,17.460535,on bike mount,cyclo cross,True,sett,intermediate
1fcf81f2-b692-47a9-9e31-e97c644fa9f6,f7855ff2-dbe7-43a6-ba2a-c59a0bdd9f68,b0767902-bee1-40c6-ba0f-b296c41bbf2a,1633859942672,13.4391228,52.4929713,5.2885966,3.8050559,-14.064781,27.331818,on bike mount,cyclo cross,True,sett,intermediate
1fcf81f2-b692-47a9-9e31-e97c644fa9f6,f7855ff2-dbe7-43a6-ba2a-c59a0bdd9f68,b2c8c08d-848f-45ee-a209-03ab82069a4b,1633859942738,13.4391228,52.4929713,5.2885966,-4.0125446,-0.62476826,9.749394,on bike mount,cyclo cross,True,sett,intermediate
1fcf81f2-b692-47a9-9e31-e97c644fa9f6,f7855ff2-dbe7-43a6-ba2a-c59a0bdd9f68,0ce58a12-dcf5-4077-9f24-c18642573a7e,1633859942789,13.4391228,52.4929713,5.2885966,-1.9897476,13.132266,-3.383624,on bike mount,cyclo cross,True,sett,intermediate
1fcf81f2-b692-47a9-9e31-e97c644fa9f6,f7855ff2-dbe7-43a6-ba2a-c59a0bdd9f68,eb167f0f-fb55-4d59-b4c8-b79451807e70,1633859942839,13.4391228,52.4929713,5.2885966,-2.4648647,-6.2497835,13.544808,on bike mount,cyclo cross,True,sett,intermediate
1fcf81f2-b692-47a9-9e31-e97c644fa9f6,f7855ff2-dbe7-43a6-ba2a-c59a0bdd9f68,a9a8f048-0634-4f42-b10f-337a2ee8bbdf,1633859942890,13.4391228,52.4929713,5.2885966,3.2059069,-6.9035826,-8.756567,on bike mount,cyclo cross,True,sett,intermediate
1fcf81f2-b692-47a9-9e31-e97c644fa9f6,f7855ff2-dbe7-43a6-ba2a-c59a0bdd9f68,004b3f50-84d7-470c-a4ff-ed06a04d67f9,1633859942956,13.4391986,52.4929435,5.6915207,1.633419,-14.297064,9.637543,on bike mount,cyclo cross,True,sett,intermediate
1fcf81f2-b692-47a9-9e31-e97c644fa9f6,f7855ff2-dbe7-43a6-ba2a-c59a0bdd9f68,34490a55-3260-4c04-abf5-ef5e0673bf9d,1633859943006,13.4391986,52.4929435,5.6915207,-3.0701902,-1.6274395,-5.6701655,on bike mount,cyclo cross,True,sett,intermediate
1fcf81f2-b692-47a9-9e31-e97c644fa9f6,f7855ff2-dbe7-43a6-ba2a-c59a0bdd9f68,4ad9c84b-20b8-4049-bce1-e138aac84a78,1633859943056,13.4391986,52.4929435,5.6915207,-1.1320536,7.285778,17.564474,on bike mount,cyclo cross,True,sett,intermediate
1fcf81f2-b692-47a9-9e31-e97c644fa9f6,f7855ff2-dbe7-43a6-ba2a-c59a0bdd9f68,68f807ad-7b22-40bd-8c7f-efead077bc55,1633859943123,13.4391986,52.4929435,5.6915207,-1.9180615,12.179621,15.489999,on bike mount,cyclo cross,True,sett,intermediate
1fcf81f2-b692-47a9-9e31-e97c644fa9f6,f7855ff2-dbe7-43a6-ba2a-c59a0bdd9f68,2bdb4f59-7820-4273-8007-51dc317a84de,1633859943173,13.4391986,52.4929435,5.6915207,-0.87616825,7.1557207,13.107391,on bike mount,cyclo cross,True,sett,intermediate
1fcf81f2-b692-47a9-9e31-e97c644fa9f6,f7855ff2-dbe7-43a6-ba2a-c59a0bdd9f68,9f506133-3401-4b3b-b56e-e8ee3a9c5664,1633859943240,13.4391986,52.4929435,5.6915207,-2.1965466,23.625334,-8.997022,on bike mount,cyclo cross,True,sett,intermediate
1fcf81f2-b692-47a9-9e31-e97c644fa9f6,f7855ff2-dbe7-43a6-ba2a-c59a0bdd9f68,3e60b01c-cfb4-4e72-8be2-21f1aeec6500,1633859943307,13.4391986,52.4929435,5.6915207,2.151525,13.47172,-16.902573,on bike mount,cyclo cross,True,sett,intermediate
1fcf81f2-b692-47a9-9e31-e97c644fa9f6,f7855ff2-dbe7-43a6-ba2a-c59a0bdd9f68,19f17cc5-a429-42fa-8d1d-0bb068e9195d,1633859943357,13.4391986,52.4929435,5.6915207,-0.9717795,-14.264374,24.976269,on bike mount,cyclo cross,True,sett,intermediate
1fcf81f2-b692-47a9-9e31-e97c644fa9f6,f7855ff2-dbe7-43a6-ba2a-c59a0bdd9f68,6d9bb012-39e6-47c2-8017-2da02b990434,1633859943407,13.4391986,52.4929435,5.6915207,-6.5768805,-9.548782,-11.510359,on bike mount,cyclo cross,True,sett,intermediate
1fcf81f2-b692-47a9-9e31-e97c644fa9f6,f7855ff2-dbe7-43a6-ba2a-c59a0bdd9f68,e80ca67b-724b-427e-9f4f-6e0c8ea5348f,1633859943457,13.4391986,52.4929435,5.6915207,1.0729432,2.9278417,9.466261,on bike mount,cyclo cross,True,sett,intermediate
1fcf81f2-b692-47a9-9e31-e97c644fa9f6,f7855ff2-dbe7-43a6-ba2a-c59a0bdd9f68,ecbe3e61-9b05-4efa-9925-a9309760df8a,1633859943524,13.4391986,52.4929435,5.6915207,1.8083439,4.5387373,-4.0953255,on bike mount,cyclo cross,True,sett,intermediate
1fcf81f2-b692-47a9-9e31-e97c644fa9f6,f7855ff2-dbe7-43a6-ba2a-c59a0bdd9f68,008fe7c0-ac78-4eaa-83ff-eb498ba228f8,1633859943574,13.4391986,52.4929435,5.6915207,-3.7177505,-4.344685,-17.41535,on bike mount,cyclo cross,True,sett,intermediate
1fcf81f2-b692-47a9-9e31-e97c644fa9f6,f7855ff2-dbe7-43a6-ba2a-c59a0bdd9f68,6c74de1b-7119-4999-af43-3dce75e8092e,1633859943640,13.4391986,52.4929435,5.6915207,2.3504715,8.769569,5.2096043,on bike mount,cyclo cross,True,sett,intermediate
1fcf81f2-b692-47a9-9e31-e97c644fa9f6,f7855ff2-dbe7-43a6-ba2a-c59a0bdd9f68,01c35a5f-5130-4756-a280-991a7215f9e2,1633859943691,13.4391986,52.4929435,5.6915207,2.702528,-16.95588,12.052691,on bike mount,cyclo cross,True,sett,intermediate
1fcf81f2-b692-47a9-9e31-e97c644fa9f6,f7855ff2-dbe7-43a6-ba2a-c59a0bdd9f68,adb34a13-cd3a-44f5-ad2b-88bc57f6359e,1633859943757,13.4391986,52.4929435,5.6915207,-3.2622757,-22.559622,29.050018,on bike mount,cyclo cross,True,sett,intermediate
1fcf81f2-b692-47a9-9e31-e97c644fa9f6,f7855ff2-dbe7-43a6-ba2a-c59a0bdd9f68,0b6ec5aa-cd01-4100-aafa-ed72100a4669,1633859943808,13.4391986,52.4929435,5.6915207,15.291738,27.063673,-9.061522,on bike mount,cyclo cross,True,sett,intermediate
1fcf81f2-b692-47a9-9e31-e97c644fa9f6,f7855ff2-dbe7-43a6-ba2a-c59a0bdd9f68,4fa17e46-46bc-42f6-8320-dc632bd6e9dd,1633859943874,13.4391986,52.4929435,5.6915207,4.4194574,-14.100662,30.931356,on bike mount,cyclo cross,True,sett,intermediate
1fcf81f2-b692-47a9-9e31-e97c644fa9f6,f7855ff2-dbe7-43a6-ba2a-c59a0bdd9f68,0bffb53d-64ec-4ab1-b58a-0797d3d47e74,1633859943924,13.4392803,52.4929135,5.760354,-1.093317,-10.007893,7.0464535,on bike mount,cyclo cross,True,sett,intermediate
1fcf81f2-b692-47a9-9e31-e97c644fa9f6,f7855ff2-dbe7-43a6-ba2a-c59a0bdd9f68,8c3497c9-505c-49ff-95ab-43e27a575fa8,1633859943991,13.4392803,52.4929135,5.760354,1.2973726,-10.196485,9.627427,on bike mount,cyclo cross,True,sett,intermediate
1fcf81f2-b692-47a9-9e31-e97c644fa9f6,f7855ff2-dbe7-43a6-ba2a-c59a0bdd9f68,97209b34-6c4a-4f71-b7ba-a08a60e4b315,1633859944058,13.4392803,52.4929135,5.760354,0.37734208,9.785285,4.753927,on bike mount,cyclo cross,True,sett,intermediate
1fcf81f2-b692-47a9-9e31-e97c644fa9f6,f7855ff2-dbe7-43a6-ba2a-c59a0bdd9f68,621a6d27-b0b0-4c68-9769-8c855819ac26,1633859944125,13.4392803,52.4929135,5.760354,-3.337703,5.451046,-17.739193,on bike mount,cyclo cross,True,sett,intermediate
1fcf81f2-b692-47a9-9e31-e97c644fa9f6,f7855ff2-dbe7-43a6-ba2a-c59a0bdd9f68,e16f1e35-646f-4c82-8c5e-bc42acd09e2a,1633859944192,13.4392803,52.4929135,5.760354,-0.88204944,28.96587,-20.659487,on bike mount,cyclo cross,True,sett,intermediate
1fcf81f2-b692-47a9-9e31-e97c644fa9f6,f7855ff2-dbe7-43a6-ba2a-c59a0bdd9f68,6d709840-e75d-4ba8-9b28-a1748e5d6ee0,1633859944259,13.4392803,52.4929135,5.760354,0.0055120587,-6.2472115,2.460164,on bike mount,cyclo cross,True,sett,intermediate
1fcf81f2-b692-47a9-9e31-e97c644fa9f6,f7855ff2-dbe7-43a6-ba2a-c59a0bdd9f68,9c68a7c7-f213-4edb-a05a-696b0e70181b,1633859944309,13.4392803,52.4929135,5.760354,-0.2933619,5.029957,9.876962,on bike mount,cyclo cross,True,sett,intermediate
1fcf81f2-b692-47a9-9e31-e97c644fa9f6,f7855ff2-dbe7-43a6-ba2a-c59a0bdd9f68,1e258bc2-a2a5-420b-9b89-dcfe43da69d0,1633859944376,13.4392803,52.4929135,5.760354,-0.43074077,-0.03007412,-11.74965,on bike mount,cyclo cross,True,sett,intermediate
1fcf81f2-b692-47a9-9e31-e97c644fa9f6,f7855ff2-dbe7-43a6-ba2a-c59a0bdd9f68,33b5ec3c-d655-446a-a1d5-94be02c723e5,1633859944426,13.4392803,52.4929135,5.760354,-2.3513362,-2.466133,5.1603565,on bike mount,cyclo cross,True,sett,intermediate
1fcf81f2-b692-47a9-9e31-e97c644fa9f6,f7855ff2-dbe7-43a6-ba2a-c59a0bdd9f68,ad3f7e89-7da2-47ab-9b7d-cc3e3ae71d81,1633859944476,13.4392803,52.4929135,5.760354,1.7167698,-11.796188,2.1438513,on bike mount,cyclo cross,True,sett,intermediate
1fcf81f2-b692-47a9-9e31-e97c644fa9f6,f7855ff2-dbe7-43a6-ba2a-c59a0bdd9f68,09f8c42e-932e-48c4-9ee3-46fdfbd9e739,1633859944526,13.4392803,52.4929135,5.760354,5.0056853,2.1208482,-6.778576,on bike mount,cyclo cross,True,sett,intermediate
1fcf81f2-b692-47a9-9e31-e97c644fa9f6,f7855ff2-dbe7-43a6-ba2a-c59a0bdd9f68,fd5629d8-acce-4a19-a70b-c88b5bb273fc,1633859944576,13.4392803,52.4929135,5.760354,0.3105039,0.26672363,12.705561,on bike mount,cyclo cross,True,sett,intermediate
1fcf81f2-b692-47a9-9e31-e97c644fa9f6,f7855ff2-dbe7-43a6-ba2a-c59a0bdd9f68,f7588d87-a44d-43d1-b7a8-2a0a9814ab8d,1633859944643,13.4392803,52.4929135,5.760354,0.34303072,3.1079388,1.3594456,on bike mount,cyclo cross,True,sett,intermediate
1fcf81f2-b692-47a9-9e31-e97c644fa9f6,f7855ff2-dbe7-43a6-ba2a-c59a0bdd9f68,d07d8041-b6e6-4657-ab61-8be3d974698d,1633859944710,13.4392803,52.4929135,5.760354,1.0161303,-0.5407939,-15.279247,on bike mount,cyclo cross,True,sett,intermediate
1fcf81f2-b692-47a9-9e31-e97c644fa9f6,f7855ff2-dbe7-43a6-ba2a-c59a0bdd9f68,1cd64b42-28c5-4625-b677-203bce26e3a2,1633859944759,13.4392803,52.4929135,5.760354,5.117967,-6.690674,11.474974,on bike mount,cyclo cross,True,sett,intermediate
1fcf81f2-b692-47a9-9e31-e97c644fa9f6,f7855ff2-dbe7-43a6-ba2a-c59a0bdd9f68,eb837502-004f-4000-9a21-4c77bf6fd129,1633859944810,13.4392803,52.4929135,5.760354,17.289845,-36.408558,5.069277,on bike mount,cyclo cross,True,sett,intermediate
1fcf81f2-b692-47a9-9e31-e97c644fa9f6,f7855ff2-dbe7-43a6-ba2a-c59a0bdd9f68,08da178b-23b9-43ec-9d34-762d90ed1cc3,1633859944877,13.4392803,52.4929135,5.760354,2.3112497,-10.084822,12.610186,on bike mount,cyclo cross,True,sett,intermediate
1fcf81f2-b692-47a9-9e31-e97c644fa9f6,f7855ff2-dbe7-43a6-ba2a-c59a0bdd9f68,c716f75e-d30f-4513-ace9-9b540572fe62,1633859944943,13.4393592,52.4928939,5.202421,0.35909703,-2.5103223,4.1742115,on bike mount,cyclo cross,True,sett,intermediate
1fcf81f2-b692-47a9-9e31-e97c644fa9f6,f7855ff2-dbe7-43a6-ba2a-c59a0bdd9f68,f191f2f7-4595-491f-be37-02652bac8f99,1633859945010,13.4393592,52.4928939,5.202421,-2.1472864,-1.1928961,-8.72228,on bike mount,cyclo cross,True,sett,intermediate
1fcf81f2-b692-47a9-9e31-e97c644fa9f6,f7855ff2-dbe7-43a6-ba2a-c59a0bdd9f68,b276f685-accc-43b5-831f-ad8c5510914c,1633859945077,13.4393592,52.4928939,5.202421,-2.2591383,10.544435,-13.688435,on bike mount,cyclo cross,True,sett,intermediate
1fcf81f2-b692-47a9-9e31-e97c644fa9f6,f7855ff2-dbe7-43a6-ba2a-c59a0bdd9f68,14433697-4289-4229-b63e-d462cb69dc50,1633859945144,13.4393592,52.4928939,5.202421,4.8018203,-28.975344,19.700235,on bike mount,cyclo cross,True,sett,intermediate
1fcf81f2-b692-47a9-9e31-e97c644fa9f6,f7855ff2-dbe7-43a6-ba2a-c59a0bdd9f68,c4301497-f227-473c-9e91-95dc34fdae12,1633859945211,13.4393592,52.4928939,5.202421,2.0011537,-10.137612,11.4345665,on bike mount,cyclo cross,True,sett,intermediate
1fcf81f2-b692-47a9-9e31-e97c644fa9f6,f7855ff2-dbe7-43a6-ba2a-c59a0bdd9f68,5a974693-a977-4d83-8d87-f19fb94987ab,1633859945261,13.4393592,52.4928939,5.202421,-4.747303,16.37705,-7.9944463,on bike mount,cyclo cross,True,sett,intermediate
1fcf81f2-b692-47a9-9e31-e97c644fa9f6,f7855ff2-dbe7-43a6-ba2a-c59a0bdd9f68,c39cd8d2-7207-47df-920a-55a8fe28c163,1633859945311,13.4393592,52.4928939,5.202421,-3.7934475,9.52474,10.507817,on bike mount,cyclo cross,True,sett,intermediate
1fcf81f2-b692-47a9-9e31-e97c644fa9f6,f7855ff2-dbe7-43a6-ba2a-c59a0bdd9f68,5aeef271-c0ce-4c2a-866d-7a6f7fa928b9,1633859945378,13.4393592,52.4928939,5.202421,-1.6770046,6.8203125,-11.285967,on bike mount,cyclo cross,True,sett,intermediate
1fcf81f2-b692-47a9-9e31-e97c644fa9f6,f7855ff2-dbe7-43a6-ba2a-c59a0bdd9f68,504e6e3e-409c-4007-a282-23312b31d0c5,1633859945445,13.4393592,52.4928939,5.202421,3.1446886,-1.3712261,15.635123,on bike mount,cyclo cross,True,sett,intermediate
1fcf81f2-b692-47a9-9e31-e97c644fa9f6,f7855ff2-dbe7-43a6-ba2a-c59a0bdd9f68,37bf6237-9dc2-4172-91f5-a0985ba1442e,1633859945495,13.4393592,52.4928939,5.202421,2.3523455,8.71886,-16.198898,on bike mount,cyclo cross,True,sett,intermediate
1fcf81f2-b692-47a9-9e31-e97c644fa9f6,f7855ff2-dbe7-43a6-ba2a-c59a0bdd9f68,501e2133-be26-4663-a4aa-4f38d6ef9d82,1633859945562,13.4393592,52.4928939,5.202421,-0.6916466,1.171237,-7.0746503,on bike mount,cyclo cross,True,sett,intermediate
1fcf81f2-b692-47a9-9e31-e97c644fa9f6,f7855ff2-dbe7-43a6-ba2a-c59a0bdd9f68,7fcbbe09-514c-4d0c-bda1-81541814aa8c,1633859945628,13.4393592,52.4928939,5.202421,1.6830277,3.5610304,9.336667,on bike mount,cyclo cross,True,sett,intermediate
1fcf81f2-b692-47a9-9e31-e97c644fa9f6,f7855ff2-dbe7-43a6-ba2a-c59a0bdd9f68,3f22a04b-851b-41c6-b8a2-1dc537d2ad9b,1633859945695,13.4393592,52.4928939,5.202421,-2.9999301,19.827753,-3.6006773,on bike mount,cyclo cross,True,sett,intermediate
1fcf81f2-b692-47a9-9e31-e97c644fa9f6,f7855ff2-dbe7-43a6-ba2a-c59a0bdd9f68,c3ac1e92-ccfc-47b6-b933-018fe7aeda9e,1633859945762,13.4393592,52.4928939,5.202421,-7.934997,18.179205,-16.091846,on bike mount,cyclo cross,True,sett,intermediate
1fcf81f2-b692-47a9-9e31-e97c644fa9f6,f7855ff2-dbe7-43a6-ba2a-c59a0bdd9f68,12f1c889-f2bd-4fa4-a589-e09b9a81b1f5,1633859945829,13.4393592,52.4928939,5.202421,3.858078,-1.1860621,0.82053566,on bike mount,cyclo cross,True,sett,intermediate
1fcf81f2-b692-47a9-9e31-e97c644fa9f6,f7855ff2-dbe7-43a6-ba2a-c59a0bdd9f68,2e09c427-1334-4f7f-84df-37a079cd9508,1633859945896,13.4393592,52.4928939,5.202421,1.2312311,-18.026264,20.353466,on bike mount,cyclo cross,True,sett,intermediate
1fcf81f2-b692-47a9-9e31-e97c644fa9f6,f7855ff2-dbe7-43a6-ba2a-c59a0bdd9f68,66ec9e4c-0744-431d-9d6c-2eb36f6861ef,1633859945945,13.4394339,52.4928813,5.1707454,8.651179,-28.576683,19.74642,on bike mount,cyclo cross,True,sett,intermediate
1fcf81f2-b692-47a9-9e31-e97c644fa9f6,f7855ff2-dbe7-43a6-ba2a-c59a0bdd9f68,e3127c53-c18c-4539-9bd4-92e97f70ab19,1633859945996,13.4394339,52.4928813,5.1707454,-0.7913634,1.2673001,12.03994,on bike mount,cyclo cross,True,sett,intermediate
1fcf81f2-b692-47a9-9e31-e97c644fa9f6,f7855ff2-dbe7-43a6-ba2a-c59a0bdd9f68,c240d858-f1b1-422f-b625-82012c8b74b0,1633859946046,13.4394339,52.4928813,5.1707454,-3.9709232,-2.152533,19.793228,on bike mount,cyclo cross,True,sett,intermediate
1fcf81f2-b692-47a9-9e31-e97c644fa9f6,f7855ff2-dbe7-43a6-ba2a-c59a0bdd9f68,73eefbf8-2caf-462a-8f49-810e778eaf89,1633859946113,13.4394339,52.4928813,5.1707454,5.357422,-5.454474,-0.97694683,on bike mount,cyclo cross,True,sett,intermediate
1fcf81f2-b692-47a9-9e31-e97c644fa9f6,f7855ff2-dbe7-43a6-ba2a-c59a0bdd9f68,99ddbea4-0ed8-44e4-9a27-812e80896684,1633859946179,13.4394339,52.4928813,5.1707454,0.8085873,16.594318,-15.095867,on bike mount,cyclo cross,True,sett,intermediate
1fcf81f2-b692-47a9-9e31-e97c644fa9f6,f7855ff2-dbe7-43a6-ba2a-c59a0bdd9f68,e252c9a0-6525-4857-b90a-cb8a27df459d,1633859946229,13.4394339,52.4928813,5.1707454,-0.018404514,1.6498489,-10.873242,on bike mount,cyclo cross,True,sett,intermediate
1fcf81f2-b692-47a9-9e31-e97c644fa9f6,f7855ff2-dbe7-43a6-ba2a-c59a0bdd9f68,06723732-d7bc-457f-99df-c363813d3589,1633859946280,13.4394339,52.4928813,5.1707454,-1.296302,5.750897,-27.212593,on bike mount,cyclo cross,True,sett,intermediate
1fcf81f2-b692-47a9-9e31-e97c644fa9f6,f7855ff2-dbe7-43a6-ba2a-c59a0bdd9f68,44340a74-35f4-4555-86e4-1003f1d7e5a8,1633859946346,13.4394339,52.4928813,5.1707454,5.6604795,-33.403328,13.32105,on bike mount,cyclo cross,True,sett,intermediate
1fcf81f2-b692-47a9-9e31-e97c644fa9f6,f7855ff2-dbe7-43a6-ba2a-c59a0bdd9f68,7ce7f2c2-12a9-47b9-a1c5-f62b7650b75c,1633859946396,13.4394339,52.4928813,5.1707454,6.2651186,-15.655959,19.392698,on bike mount,cyclo cross,True,sett,intermediate
1fcf81f2-b692-47a9-9e31-e97c644fa9f6,f7855ff2-dbe7-43a6-ba2a-c59a0bdd9f68,bd3de2bc-b890-4965-96ff-ab451ca9bcd3,1633859946446,13.4394339,52.4928813,5.1707454,-0.16792297,-31.373356,39.283665,on bike mount,cyclo cross,True,sett,intermediate
1fcf81f2-b692-47a9-9e31-e97c644fa9f6,f7855ff2-dbe7-43a6-ba2a-c59a0bdd9f68,38157839-380c-417b-912e-b10cd366b92f,1633859946497,13.4394339,52.4928813,5.1707454,-3.5274918,-24.609009,5.5443764,on bike mount,cyclo cross,True,sett,intermediate
1fcf81f2-b692-47a9-9e31-e97c644fa9f6,f7855ff2-dbe7-43a6-ba2a-c59a0bdd9f68,d7bc5b34-2cc2-40a3-a533-3350cee57498,1633859946563,13.4394339,52.4928813,5.1707454,3.1732006,7.998741,-8.794208,on bike mount,cyclo cross,True,sett,intermediate
1fcf81f2-b692-47a9-9e31-e97c644fa9f6,f7855ff2-dbe7-43a6-ba2a-c59a0bdd9f68,0c7850eb-72bc-41cb-b988-a976014c19f8,1633859946614,13.4394339,52.4928813,5.1707454,2.066467,-6.3908844,-14.819143,on bike mount,cyclo cross,True,sett,intermediate
1fcf81f2-b692-47a9-9e31-e97c644fa9f6,f7855ff2-dbe7-43a6-ba2a-c59a0bdd9f68,6663246e-a2d9-4086-ac5a-a8d4730236cd,1633859946664,13.4394339,52.4928813,5.1707454,3.47339,5.7073584,-22.324032,on bike mount,cyclo cross,True,sett,intermediate
1fcf81f2-b692-47a9-9e31-e97c644fa9f6,f7855ff2-dbe7-43a6-ba2a-c59a0bdd9f68,587f272e-0a01-4739-8173-72cf29b9ddc3,1633859946731,13.4394339,52.4928813,5.1707454,-2.1378708,11.362478,2.5428982,on bike mount,cyclo cross,True,sett,intermediate
1fcf81f2-b692-47a9-9e31-e97c644fa9f6,f7855ff2-dbe7-43a6-ba2a-c59a0bdd9f68,2dbd1c99-abcb-4213-961b-a502c1dd9075,1633859946781,13.4394339,52.4928813,5.1707454,-7.4959445,3.362679,-5.4914618,on bike mount,cyclo cross,True,sett,intermediate
1fcf81f2-b692-47a9-9e31-e97c644fa9f6,f7855ff2-dbe7-43a6-ba2a-c59a0bdd9f68,c647f83b-316b-443f-a210-cabc885b6c1a,1633859946848,13.4394339,52.4928813,5.1707454,-1.528755,-16.848427,32.367325,on bike mount,cyclo cross,True,sett,intermediate
1fcf81f2-b692-47a9-9e31-e97c644fa9f6,f7855ff2-dbe7-43a6-ba2a-c59a0bdd9f68,5a1ddfd9-c896-4c5d-8a60-767105b4ac32,1633859946914,13.4394339,52.4928813,5.1707454,-0.59151506,11.197168,-29.612812,on bike mount,cyclo cross,True,sett,intermediate
1fcf81f2-b692-47a9-9e31-e97c644fa9f6,f7855ff2-dbe7-43a6-ba2a-c59a0bdd9f68,840f9ffa-df90-407c-85bd-10abfeee8faf,1633859946981,13.439505,52.4928662,4.9732604,-9.100949,8.466184,-6.2847595,on bike mount,cyclo cross,True,sett,intermediate
1fcf81f2-b692-47a9-9e31-e97c644fa9f6,f7855ff2-dbe7-43a6-ba2a-c59a0bdd9f68,48a54dff-4bcd-4681-92eb-f01bcbc122da,1633859947048,13.439505,52.4928662,4.9732604,3.9839346,-19.72313,7.736923,on bike mount,cyclo cross,True,sett,intermediate
1fcf81f2-b692-47a9-9e31-e97c644fa9f6,f7855ff2-dbe7-43a6-ba2a-c59a0bdd9f68,6fa901a6-e85d-4a07-95fc-86906028c5df,1633859947115,13.439505,52.4928662,4.9732604,-6.1813784,6.870221,-13.097458,on bike mount,cyclo cross,True,sett,intermediate
1fcf81f2-b692-47a9-9e31-e97c644fa9f6,f7855ff2-dbe7-43a6-ba2a-c59a0bdd9f68,c9b0576c-2188-4f04-866d-fb0464dc7b0c,1633859947181,13.439505,52.4928662,4.9732604,1.4639556,0.33902454,-10.189573,on bike mount,cyclo cross,True,sett,intermediate
1fcf81f2-b692-47a9-9e31-e97c644fa9f6,f7855ff2-dbe7-43a6-ba2a-c59a0bdd9f68,4bc55e77-b8e4-4362-9095-feda452afde4,1633859947232,13.439505,52.4928662,4.9732604,-10.543442,7.6119566,-20.21142,on bike mount,cyclo cross,True,sett,intermediate
1fcf81f2-b692-47a9-9e31-e97c644fa9f6,f7855ff2-dbe7-43a6-ba2a-c59a0bdd9f68,15044bfe-e54a-426a-936f-86226f01cd6c,1633859947299,13.439505,52.4928662,4.9732604,1.1302092,-9.257519,27.831537,on bike mount,cyclo cross,True,sett,intermediate
1fcf81f2-b692-47a9-9e31-e97c644fa9f6,f7855ff2-dbe7-43a6-ba2a-c59a0bdd9f68,948156bc-5d25-457f-85d3-8028191907bf,1633859947365,13.439505,52.4928662,4.9732604,-3.2871273,-43.378345,10.642604,on bike mount,cyclo cross,True,sett,intermediate
1fcf81f2-b692-47a9-9e31-e97c644fa9f6,f7855ff2-dbe7-43a6-ba2a-c59a0bdd9f68,857b71a1-4997-407d-a4b0-4fcfe2eee69b,1633859947415,13.439505,52.4928662,4.9732604,-4.355397,-6.8127136,32.787605,on bike mount,cyclo cross,True,sett,intermediate
1fcf81f2-b692-47a9-9e31-e97c644fa9f6,f7855ff2-dbe7-43a6-ba2a-c59a0bdd9f68,a257d2ee-8dac-492c-beca-26017ab0bc16,1633859947482,13.439505,52.4928662,4.9732604,10.921043,7.6230555,-15.4186325,on bike mount,cyclo cross,True,sett,intermediate
1fcf81f2-b692-47a9-9e31-e97c644fa9f6,f7855ff2-dbe7-43a6-ba2a-c59a0bdd9f68,d998cc4c-a143-4453-a6f6-3694a039ca35,1633859947532,13.439505,52.4928662,4.9732604,-1.4708544,-3.8679848,2.1984606,on bike mount,cyclo cross,True,sett,intermediate
1fcf81f2-b692-47a9-9e31-e97c644fa9f6,f7855ff2-dbe7-43a6-ba2a-c59a0bdd9f68,c466de4f-4dd6-4273-90f7-ba2300d3094b,1633859947583,13.439505,52.4928662,4.9732604,0.49632514,-13.260768,-10.354776,on bike mount,cyclo cross,True,sett,intermediate
1fcf81f2-b692-47a9-9e31-e97c644fa9f6,f7855ff2-dbe7-43a6-ba2a-c59a0bdd9f68,ef31b622-0a70-4a0b-90e7-5ab108c2654c,1633859947649,13.439505,52.4928662,4.9732604,2.8869362,28.66025,-13.7572565,on bike mount,cyclo cross,True,sett,intermediate
1fcf81f2-b692-47a9-9e31-e97c644fa9f6,f7855ff2-dbe7-43a6-ba2a-c59a0bdd9f68,f1ccdae8-dd28-4240-a618-73fa5e352b97,1633859947699,13.439505,52.4928662,4.9732604,0.26542896,13.892485,23.620064,on bike mount,cyclo cross,True,sett,intermediate
1fcf81f2-b692-47a9-9e31-e97c644fa9f6,f7855ff2-dbe7-43a6-ba2a-c59a0bdd9f68,2a1bc66a-bd2b-47aa-bdfd-f7416b4568c9,1633859947750,13.439505,52.4928662,4.9732604,8.056099,2.042369,13.849653,on bike mount,cyclo cross,True,sett,intermediate
1fcf81f2-b692-47a9-9e31-e97c644fa9f6,f7855ff2-dbe7-43a6-ba2a-c59a0bdd9f68,cd872f94-34a2-445c-a8db-2e9e428e34d1,1633859947800,13.439505,52.4928662,4.9732604,12.675123,-27.231031,28.32153,on bike mount,cyclo cross,True,sett,intermediate
1fcf81f2-b692-47a9-9e31-e97c644fa9f6,f7855ff2-dbe7-43a6-ba2a-c59a0bdd9f68,460f166a-4f35-4e9e-bbed-85be20fa237c,1633859947850,13.439505,52.4928662,4.9732604,10.882816,-23.41468,34.590965,on bike mount,cyclo cross,True,sett,intermediate
1fcf81f2-b692-47a9-9e31-e97c644fa9f6,f7855ff2-dbe7-43a6-ba2a-c59a0bdd9f68,ff459dae-aa4d-4df4-9b44-fdf286b3e436,1633859947917,13.4395811,52.4928481,5.5134554,2.5819526,-29.847374,25.084553,on bike mount,cyclo cross,True,sett,intermediate
1fcf81f2-b692-47a9-9e31-e97c644fa9f6,f7855ff2-dbe7-43a6-ba2a-c59a0bdd9f68,55e99765-be6f-4208-b1b4-7a23a94a361d,1633859947983,13.4395811,52.4928481,5.5134554,3.683861,15.930094,-3.6857677,on bike mount,cyclo cross,True,sett,intermediate
1fcf81f2-b692-47a9-9e31-e97c644fa9f6,f7855ff2-dbe7-43a6-ba2a-c59a0bdd9f68,4a635ffa-a677-40ab-83ae-6c15aa485dce,1633859948050,13.4395811,52.4928481,5.5134554,-1.2672483,-5.8140683,-0.69507647,on bike mount,cyclo cross,True,sett,intermediate
1fcf81f2-b692-47a9-9e31-e97c644fa9f6,f7855ff2-dbe7-43a6-ba2a-c59a0bdd9f68,c62e27ca-d8d0-422c-a81d-de8abd5ec00e,1633859948117,13.4395811,52.4928481,5.5134554,-1.0880103,-7.193651,-12.303881,on bike mount,cyclo cross,True,sett,intermediate
1fcf81f2-b692-47a9-9e31-e97c644fa9f6,f7855ff2-dbe7-43a6-ba2a-c59a0bdd9f68,512f3afe-77e2-49b6-ae77-85d756802796,1633859948184,13.4395811,52.4928481,5.5134554,-2.167231,-15.225073,11.900461,on bike mount,cyclo cross,True,sett,intermediate
1fcf81f2-b692-47a9-9e31-e97c644fa9f6,f7855ff2-dbe7-43a6-ba2a-c59a0bdd9f68,8a0d7713-0317-49ca-b81a-3b7910457a7f,1633859948250,13.4395811,52.4928481,5.5134554,-3.9612906,9.62305,-5.680212,on bike mount,cyclo cross,True,sett,intermediate
1fcf81f2-b692-47a9-9e31-e97c644fa9f6,f7855ff2-dbe7-43a6-ba2a-c59a0bdd9f68,17789735-54eb-48a8-8b00-2d310e644222,1633859948300,13.4395811,52.4928481,5.5134554,2.3669634,-12.429403,30.180676,on bike mount,cyclo cross,True,sett,intermediate
1fcf81f2-b692-47a9-9e31-e97c644fa9f6,f7855ff2-dbe7-43a6-ba2a-c59a0bdd9f68,8f7a83bc-d432-47d7-b980-fee9bf4ecb50,1633859948351,13.4395811,52.4928481,5.5134554,1.7177387,-13.796714,17.488377,on bike mount,cyclo cross,True,sett,intermediate
1fcf81f2-b692-47a9-9e31-e97c644fa9f6,f7855ff2-dbe7-43a6-ba2a-c59a0bdd9f68,29dbeb60-de2b-48d2-965a-c96eed56e6d4,1633859948401,13.4395811,52.4928481,5.5134554,-0.4162971,-8.42993,15.729366,on bike mount,cyclo cross,True,sett,intermediate
1fcf81f2-b692-47a9-9e31-e97c644fa9f6,f7855ff2-dbe7-43a6-ba2a-c59a0bdd9f68,b01b800a-b6fa-4a93-acb1-9265cf27bec1,1633859948467,13.4395811,52.4928481,5.5134554,0.27153552,12.871788,4.1518526,on bike mount,cyclo cross,True,sett,intermediate
1fcf81f2-b692-47a9-9e31-e97c644fa9f6,f7855ff2-dbe7-43a6-ba2a-c59a0bdd9f68,666bba9f-c2e4-4a04-a28a-0001b377405b,1633859948518,13.4395811,52.4928481,5.5134554,2.3018816,1.2651739,-5.8738985,on bike mount,cyclo cross,True,sett,intermediate
1fcf81f2-b692-47a9-9e31-e97c644fa9f6,f7855ff2-dbe7-43a6-ba2a-c59a0bdd9f68,cd3a0c4b-bc1b-45ba-92ee-b045cd4b1518,1633859948585,13.4395811,52.4928481,5.5134554,3.1145613,17.88111,-8.409339,on bike mount,cyclo cross,True,sett,intermediate
1fcf81f2-b692-47a9-9e31-e97c644fa9f6,f7855ff2-dbe7-43a6-ba2a-c59a0bdd9f68,0fd5a3b1-f06a-4b19-bdfb-4b576e5057c5,1633859948635,13.4395811,52.4928481,5.5134554,-0.6047099,-7.265697,-8.919389,on bike mount,cyclo cross,True,sett,intermediate
1fcf81f2-b692-47a9-9e31-e97c644fa9f6,f7855ff2-dbe7-43a6-ba2a-c59a0bdd9f68,ed5734ba-d24d-4b7e-bf92-79c2c5ee6869,1633859948702,13.4395811,52.4928481,5.5134554,0.593529,-22.103676,12.239347,on bike mount,cyclo cross,True,sett,intermediate
1fcf81f2-b692-47a9-9e31-e97c644fa9f6,f7855ff2-dbe7-43a6-ba2a-c59a0bdd9f68,0aff55b9-e5d5-48db-93e8-4a25a5e139e9,1633859948752,13.4395811,52.4928481,5.5134554,-4.040919,-17.518328,26.564589,on bike mount,cyclo cross,True,sett,intermediate
1fcf81f2-b692-47a9-9e31-e97c644fa9f6,f7855ff2-dbe7-43a6-ba2a-c59a0bdd9f68,78f3e28e-53de-452b-a2f6-9a7ae65b8576,1633859948818,13.4395811,52.4928481,5.5134554,0.029164337,11.828664,45.948845,on bike mount,cyclo cross,True,sett,intermediate
1fcf81f2-b692-47a9-9e31-e97c644fa9f6,f7855ff2-dbe7-43a6-ba2a-c59a0bdd9f68,45f67f9e-4bfa-4773-8da9-09d3ead93937,1633859948868,13.4395811,52.4928481,5.5134554,14.188638,-44.678154,50.34842,on bike mount,cyclo cross,True,sett,intermediate
1fcf81f2-b692-47a9-9e31-e97c644fa9f6,f7855ff2-dbe7-43a6-ba2a-c59a0bdd9f68,dadb81d3-c59d-4a48-b5cd-ecdec70073b3,1633859948918,13.4396588,52.4928252,5.835191,9.314464,-2.3595088,29.404518,on bike mount,cyclo cross,True,sett,intermediate
1fcf81f2-b692-47a9-9e31-e97c644fa9f6,f7855ff2-dbe7-43a6-ba2a-c59a0bdd9f68,5f040848-cb8f-4aa2-8d94-1faa48a67c71,1633859948985,13.4396588,52.4928252,5.835191,3.8747334,13.663678,-20.089533,on bike mount,cyclo cross,True,sett,intermediate
1fcf81f2-b692-47a9-9e31-e97c644fa9f6,f7855ff2-dbe7-43a6-ba2a-c59a0bdd9f68,2997ef43-4c4b-4c67-ad33-2ed2e314de8a,1633859949036,13.4396588,52.4928252,5.835191,4.9074316,-30.176311,-19.03767,on bike mount,cyclo cross,True,sett,intermediate
1fcf81f2-b692-47a9-9e31-e97c644fa9f6,f7855ff2-dbe7-43a6-ba2a-c59a0bdd9f68,0cedcd0f-dcc4-470a-bd51-c31a6faae4eb,1633859949086,13.4396588,52.4928252,5.835191,-1.9101949,-3.6422029,-14.989971,on bike mount,cyclo cross,True,sett,intermediate
1fcf81f2-b692-47a9-9e31-e97c644fa9f6,f7855ff2-dbe7-43a6-ba2a-c59a0bdd9f68,4d18a4d2-058f-4201-b264-d9e638302988,1633859949136,13.4396588,52.4928252,5.835191,3.0503268,-10.544796,-15.22942,on bike mount,cyclo cross,True,sett,intermediate
1fcf81f2-b692-47a9-9e31-e97c644fa9f6,f7855ff2-dbe7-43a6-ba2a-c59a0bdd9f68,6e386233-722f-4aea-839f-bd1055d358ba,1633859949186,13.4396588,52.4928252,5.835191,2.6830895,14.89509,-14.148007,on bike mount,cyclo cross,True,sett,intermediate
1fcf81f2-b692-47a9-9e31-e97c644fa9f6,f7855ff2-dbe7-43a6-ba2a-c59a0bdd9f68,03dd7ed7-ec09-4600-ba86-1420b7fc5d66,1633859949253,13.4396588,52.4928252,5.835191,1.2892284,-20.370604,24.06485,on bike mount,cyclo cross,True,sett,intermediate
1fcf81f2-b692-47a9-9e31-e97c644fa9f6,f7855ff2-dbe7-43a6-ba2a-c59a0bdd9f68,afdfa62a-4d70-4432-91a4-ce6243918b82,1633859949303,13.4396588,52.4928252,5.835191,-1.0886163,-31.914288,-1.1943302,on bike mount,cyclo cross,True,sett,intermediate
1fcf81f2-b692-47a9-9e31-e97c644fa9f6,f7855ff2-dbe7-43a6-ba2a-c59a0bdd9f68,e814605b-a0e2-48b7-882a-4c4cca585190,1633859949353,13.4396588,52.4928252,5.835191,-0.9238053,-20.939741,15.91115,on bike mount,cyclo cross,True,sett,intermediate
1fcf81f2-b692-47a9-9e31-e97c644fa9f6,f7855ff2-dbe7-43a6-ba2a-c59a0bdd9f68,02e89f8d-e971-495e-8314-2386658c40af,1633859949419,13.4396588,52.4928252,5.835191,-2.4022694,21.86406,-0.3637519,on bike mount,cyclo cross,True,sett,intermediate
1fcf81f2-b692-47a9-9e31-e97c644fa9f6,f7855ff2-dbe7-43a6-ba2a-c59a0bdd9f68,b818a6f0-4f0d-4a02-bb4f-ef9a067f187c,1633859949470,13.4396588,52.4928252,5.835191,1.7395129,-15.113783,26.223598,on bike mount,cyclo cross,True,sett,intermediate
1fcf81f2-b692-47a9-9e31-e97c644fa9f6,f7855ff2-dbe7-43a6-ba2a-c59a0bdd9f68,0fbd6963-22ee-4251-aaa5-dd2339758ff7,1633859949520,13.4396588,52.4928252,5.835191,-1.755475,11.703533,-6.2935734,on bike mount,cyclo cross,True,sett,intermediate
1fcf81f2-b692-47a9-9e31-e97c644fa9f6,f7855ff2-dbe7-43a6-ba2a-c59a0bdd9f68,3c49ae21-1fbc-404f-b384-557a96e0fd56,1633859949570,13.4396588,52.4928252,5.835191,0.14986497,-4.120429,1.6752772,on bike mount,cyclo cross,True,sett,intermediate
1fcf81f2-b692-47a9-9e31-e97c644fa9f6,f7855ff2-dbe7-43a6-ba2a-c59a0bdd9f68,461507ea-5368-48e7-bd6a-479680dcdb39,1633859949637,13.4396588,52.4928252,5.835191,3.5792239,-0.06249714,-12.427197,on bike mount,cyclo cross,True,sett,intermediate
1fcf81f2-b692-47a9-9e31-e97c644fa9f6,f7855ff2-dbe7-43a6-ba2a-c59a0bdd9f68,07529264-98c0-409f-9608-d2910dedc964,1633859949687,13.4396588,52.4928252,5.835191,6.6028337,2.0957642,19.39507,on bike mount,cyclo cross,True,sett,intermediate
1fcf81f2-b692-47a9-9e31-e97c644fa9f6,f7855ff2-dbe7-43a6-ba2a-c59a0bdd9f68,49e0dafa-796f-4ed5-af50-8b54b1d733fa,1633859949754,13.4396588,52.4928252,5.835191,3.8088126,3.9346466,-24.80279,on bike mount,cyclo cross,True,sett,intermediate
1fcf81f2-b692-47a9-9e31-e97c644fa9f6,f7855ff2-dbe7-43a6-ba2a-c59a0bdd9f68,169d34d7-428f-4ef1-8e15-991d8da3581b,1633859949804,13.4396588,52.4928252,5.835191,-7.5250664,-15.128851,-1.7180963,on bike mount,cyclo cross,True,sett,intermediate
1fcf81f2-b692-47a9-9e31-e97c644fa9f6,f7855ff2-dbe7-43a6-ba2a-c59a0bdd9f68,4f6b2854-ebf2-4700-8309-db2037fd5a29,1633859949871,13.4396588,52.4928252,5.835191,-9.288662,-1.1018462,38.53434,on bike mount,cyclo cross,True,sett,intermediate
1fcf81f2-b692-47a9-9e31-e97c644fa9f6,f7855ff2-dbe7-43a6-ba2a-c59a0bdd9f68,e757dbc5-1757-41e7-8cff-9373ad0eae33,1633859949920,13.4397417,52.4928131,5.429795,8.703067,-13.970848,40.146053,on bike mount,cyclo cross,True,sett,intermediate
1fcf81f2-b692-47a9-9e31-e97c644fa9f6,f7855ff2-dbe7-43a6-ba2a-c59a0bdd9f68,0b960022-e551-44c9-b2cf-1e456421f68a,1633859949971,13.4397417,52.4928131,5.429795,6.0329533,-8.504652,8.131107,on bike mount,cyclo cross,True,sett,intermediate
1fcf81f2-b692-47a9-9e31-e97c644fa9f6,f7855ff2-dbe7-43a6-ba2a-c59a0bdd9f68,5b77dc8b-f44c-4ac5-bacd-8f7a9cdd1cd3,1633859950021,13.4397417,52.4928131,5.429795,7.6581416,-12.716878,17.11823,on bike mount,cyclo cross,True,sett,intermediate
1fcf81f2-b692-47a9-9e31-e97c644fa9f6,f7855ff2-dbe7-43a6-ba2a-c59a0bdd9f68,1d94023a-2a97-4388-9e6d-977757d668b5,1633859950087,13.4397417,52.4928131,5.429795,-0.8919643,-1.9693961,-4.222234,on bike mount,cyclo cross,True,sett,intermediate
1fcf81f2-b692-47a9-9e31-e97c644fa9f6,f7855ff2-dbe7-43a6-ba2a-c59a0bdd9f68,318bf55d-4292-4a67-a43c-422abee1b6d5,1633859950138,13.4397417,52.4928131,5.429795,-9.955676,10.724936,-7.8425374,on bike mount,cyclo cross,True,sett,intermediate
1fcf81f2-b692-47a9-9e31-e97c644fa9f6,f7855ff2-dbe7-43a6-ba2a-c59a0bdd9f68,9a66478b-47ea-41c8-8b3b-068e6c8de17d,1633859950204,13.4397417,52.4928131,5.429795,1.0581192,3.6419573,-33.476597,on bike mount,cyclo cross,True,sett,intermediate
1fcf81f2-b692-47a9-9e31-e97c644fa9f6,f7855ff2-dbe7-43a6-ba2a-c59a0bdd9f68,95b23d2c-f8fb-4c83-b059-0cf4434bb3d0,1633859950255,13.4397417,52.4928131,5.429795,-2.4757497,10.847042,-21.428944,on bike mount,cyclo cross,True,sett,intermediate
1fcf81f2-b692-47a9-9e31-e97c644fa9f6,f7855ff2-dbe7-43a6-ba2a-c59a0bdd9f68,4ad7e15f-6d61-4b32-a1e9-eb3a488fd666,1633859950321,13.4397417,52.4928131,5.429795,-1.4593235,-44.344147,-6.307803,on bike mount,cyclo cross,True,sett,intermediate
1fcf81f2-b692-47a9-9e31-e97c644fa9f6,f7855ff2-dbe7-43a6-ba2a-c59a0bdd9f68,e1fd39c2-63c6-44fe-b09e-d62e30cbfa95,1633859950372,13.4397417,52.4928131,5.429795,4.5754657,4.1847343,6.5814896,on bike mount,cyclo cross,True,sett,intermediate
1fcf81f2-b692-47a9-9e31-e97c644fa9f6,f7855ff2-dbe7-43a6-ba2a-c59a0bdd9f68,08f976c1-dc59-4403-bb5f-038882559d0f,1633859950438,13.4397417,52.4928131,5.429795,9.440848,-3.1286616,13.3575,on bike mount,cyclo cross,True,sett,intermediate
1fcf81f2-b692-47a9-9e31-e97c644fa9f6,f7855ff2-dbe7-43a6-ba2a-c59a0bdd9f68,7fcd32ef-b60b-4c4c-b82e-410c96e704d4,1633859950489,13.4397417,52.4928131,5.429795,9.888833,12.693167,12.182917,on bike mount,cyclo cross,True,sett,intermediate
1fcf81f2-b692-47a9-9e31-e97c644fa9f6,f7855ff2-dbe7-43a6-ba2a-c59a0bdd9f68,7c5879f4-0666-452b-b603-4443b0ef0f0b,1633859950539,13.4397417,52.4928131,5.429795,-0.21303093,-8.875108,10.609802,on bike mount,cyclo cross,True,sett,intermediate
1fcf81f2-b692-47a9-9e31-e97c644fa9f6,f7855ff2-dbe7-43a6-ba2a-c59a0bdd9f68,3fd8d746-ed58-4ab4-bb05-a82d2bca0034,1633859950589,13.4397417,52.4928131,5.429795,0.56374764,-2.8512654,-11.073906,on bike mount,cyclo cross,True,sett,intermediate
1fcf81f2-b692-47a9-9e31-e97c644fa9f6,f7855ff2-dbe7-43a6-ba2a-c59a0bdd9f68,d3675a54-a67e-4f32-a58c-217877d912d3,1633859950639,13.4397417,52.4928131,5.429795,1.2474707,-6.1829424,-18.714718,on bike mount,cyclo cross,True,sett,intermediate
1fcf81f2-b692-47a9-9e31-e97c644fa9f6,f7855ff2-dbe7-43a6-ba2a-c59a0bdd9f68,aeb3ef75-71ef-4d45-9b57-996aabe0af7c,1633859950706,13.4397417,52.4928131,5.429795,-5.1443396,-13.263424,11.983294,on bike mount,cyclo cross,True,sett,intermediate
1fcf81f2-b692-47a9-9e31-e97c644fa9f6,f7855ff2-dbe7-43a6-ba2a-c59a0bdd9f68,d4b247bb-3c28-46e8-b7bd-c7d0a902a537,1633859950773,13.4397417,52.4928131,5.429795,4.7311153,-27.590984,10.657126,on bike mount,cyclo cross,True,sett,intermediate
1fcf81f2-b692-47a9-9e31-e97c644fa9f6,f7855ff2-dbe7-43a6-ba2a-c59a0bdd9f68,a9ca4877-0c51-47d1-87e0-05e3b68c9245,1633859950823,13.4397417,52.4928131,5.429795,3.41017,-12.868765,17.638672,on bike mount,cyclo cross,True,sett,intermediate
1fcf81f2-b692-47a9-9e31-e97c644fa9f6,f7855ff2-dbe7-43a6-ba2a-c59a0bdd9f68,07bcaab6-7089-40e5-8c10-ba202277a6db,1633859950873,13.4397417,52.4928131,5.429795,-1.1140615,-31.548355,39.045662,on bike mount,cyclo cross,True,sett,intermediate
1fcf81f2-b692-47a9-9e31-e97c644fa9f6,f7855ff2-dbe7-43a6-ba2a-c59a0bdd9f68,e84ace81-6d79-4b01-986d-791eb259f095,1633859950939,13.439824,52.4927986,5.6082807,-4.212126,6.7764254,-24.969643,on bike mount,cyclo cross,True,sett,intermediate
1fcf81f2-b692-47a9-9e31-e97c644fa9f6,f7855ff2-dbe7-43a6-ba2a-c59a0bdd9f68,223c8d47-cfc1-4a80-9516-86c8f4d236a1,1633859950989,13.439824,52.4927986,5.6082807,18.280422,29.729599,-13.359905,on bike mount,cyclo cross,True,sett,intermediate
1fcf81f2-b692-47a9-9e31-e97c644fa9f6,f7855ff2-dbe7-43a6-ba2a-c59a0bdd9f68,481ae178-1590-434c-8116-3b004fdea932,1633859951040,13.439824,52.4927986,5.6082807,-4.743886,-12.412102,18.74801,on bike mount,cyclo cross,True,sett,intermediate
1fcf81f2-b692-47a9-9e31-e97c644fa9f6,f7855ff2-dbe7-43a6-ba2a-c59a0bdd9f68,bdf0c692-1362-41c6-87d1-d93a382c946d,1633859951106,13.439824,52.4927986,5.6082807,-2.0791435,-6.1630454,5.0227947,on bike mount,cyclo cross,True,sett,intermediate
1fcf81f2-b692-47a9-9e31-e97c644fa9f6,f7855ff2-dbe7-43a6-ba2a-c59a0bdd9f68,b15bd2ec-b4ce-4124-9243-b2c7c5bbe5d9,1633859951156,13.439824,52.4927986,5.6082807,6.095194,-34.70016,12.387882,on bike mount,cyclo cross,True,sett,intermediate
1fcf81f2-b692-47a9-9e31-e97c644fa9f6,f7855ff2-dbe7-43a6-ba2a-c59a0bdd9f68,7bd12886-549c-4b32-bfc9-e6141ba4eb04,1633859951207,13.439824,52.4927986,5.6082807,1.3158505,-35.751198,4.3401804,on bike mount,cyclo cross,True,sett,intermediate
1fcf81f2-b692-47a9-9e31-e97c644fa9f6,f7855ff2-dbe7-43a6-ba2a-c59a0bdd9f68,454d27da-1eb8-43dd-8ba7-c9cf54b5af69,1633859951257,13.439824,52.4927986,5.6082807,8.893501,-55.202408,14.983332,on bike mount,cyclo cross,True,sett,intermediate
1fcf81f2-b692-47a9-9e31-e97c644fa9f6,f7855ff2-dbe7-43a6-ba2a-c59a0bdd9f68,3a0f19c7-2235-4296-a47b-2cb7c17d84bf,1633859951324,13.439824,52.4927986,5.6082807,3.2044537,-14.953976,-5.760802,on bike mount,cyclo cross,True,sett,intermediate
1fcf81f2-b692-47a9-9e31-e97c644fa9f6,f7855ff2-dbe7-43a6-ba2a-c59a0bdd9f68,693bb0ef-8db7-4bf6-8b18-b5ce8fc127c7,1633859951374,13.439824,52.4927986,5.6082807,6.329235,7.0898724,-18.881897,on bike mount,cyclo cross,True,sett,intermediate
1fcf81f2-b692-47a9-9e31-e97c644fa9f6,f7855ff2-dbe7-43a6-ba2a-c59a0bdd9f68,0aaa4d26-46e6-46a4-8d45-b6091cb0b57e,1633859951441,13.439824,52.4927986,5.6082807,-3.3522701,2.8631372,5.36693,on bike mount,cyclo cross,True,sett,intermediate
1fcf81f2-b692-47a9-9e31-e97c644fa9f6,f7855ff2-dbe7-43a6-ba2a-c59a0bdd9f68,a9ac5802-95bc-4d5e-8b2e-6868961255bf,1633859951491,13.439824,52.4927986,5.6082807,1.7037492,0.8222828,10.634488,on bike mount,cyclo cross,True,sett,intermediate
1fcf81f2-b692-47a9-9e31-e97c644fa9f6,f7855ff2-dbe7-43a6-ba2a-c59a0bdd9f68,6ba8b0f2-7a77-4d5b-bcb8-5836c73113ba,1633859951557,13.439824,52.4927986,5.6082807,-11.056139,4.452498,20.210312,on bike mount,cyclo cross,True,sett,intermediate
1fcf81f2-b692-47a9-9e31-e97c644fa9f6,f7855ff2-dbe7-43a6-ba2a-c59a0bdd9f68,44c59890-591e-4c61-9c90-9ad1102bed47,1633859951608,13.439824,52.4927986,5.6082807,-0.257455,-1.7521195,-4.311207,on bike mount,cyclo cross,True,sett,intermediate
1fcf81f2-b692-47a9-9e31-e97c644fa9f6,f7855ff2-dbe7-43a6-ba2a-c59a0bdd9f68,9934a6b1-b320-4475-9808-a2ab29937767,1633859951658,13.439824,52.4927986,5.6082807,-0.012624979,2.518773,-4.7120037,on bike mount,cyclo cross,True,sett,intermediate
1fcf81f2-b692-47a9-9e31-e97c644fa9f6,f7855ff2-dbe7-43a6-ba2a-c59a0bdd9f68,3dc5438b-4d7f-4f18-b045-a50d12ae39a7,1633859951725,13.439824,52.4927986,5.6082807,-0.5984388,-4.1646433,-15.267354,on bike mount,cyclo cross,True,sett,intermediate
1fcf81f2-b692-47a9-9e31-e97c644fa9f6,f7855ff2-dbe7-43a6-ba2a-c59a0bdd9f68,dddbd69f-7009-43fa-8878-a43801581476,1633859951774,13.439824,52.4927986,5.6082807,2.9345908,-21.318527,-15.7406845,on bike mount,cyclo cross,True,sett,intermediate
1fcf81f2-b692-47a9-9e31-e97c644fa9f6,f7855ff2-dbe7-43a6-ba2a-c59a0bdd9f68,0b49984d-b79a-49a5-b890-25f9e0c5dd0f,1633859951825,13.439824,52.4927986,5.6082807,10.332456,28.517057,-34.405968,on bike mount,cyclo cross,True,sett,intermediate
1fcf81f2-b692-47a9-9e31-e97c644fa9f6,f7855ff2-dbe7-43a6-ba2a-c59a0bdd9f68,38a1ce08-9d2c-406d-b92c-0afee6940f5b,1633859951875,13.439824,52.4927986,5.6082807,-1.8135927,-10.91906,19.532476,on bike mount,cyclo cross,True,sett,intermediate
1fcf81f2-b692-47a9-9e31-e97c644fa9f6,f7855ff2-dbe7-43a6-ba2a-c59a0bdd9f68,6e4f7e65-a546-4f03-b36a-c972a9d65539,1633859951941,13.4399004,52.4927798,5.393274,-2.2525942,-3.701616,15.495543,on bike mount,cyclo cross,True,sett,intermediate
1fcf81f2-b692-47a9-9e31-e97c644fa9f6,f7855ff2-dbe7-43a6-ba2a-c59a0bdd9f68,88c80b8d-33bd-4658-bd54-94a892d1c0cf,1633859951992,13.4399004,52.4927798,5.393274,5.4231124,12.592316,6.2396564,on bike mount,cyclo cross,True,sett,intermediate
1fcf81f2-b692-47a9-9e31-e97c644fa9f6,f7855ff2-dbe7-43a6-ba2a-c59a0bdd9f68,e8d73fcd-abdb-4d34-bb94-6743b3ba6140,1633859952042,13.4399004,52.4927798,5.393274,-4.91019,-7.8821263,3.5995998,on bike mount,cyclo cross,True,sett,intermediate
1fcf81f2-b692-47a9-9e31-e97c644fa9f6,f7855ff2-dbe7-43a6-ba2a-c59a0bdd9f68,c7c16bda-a4b2-48bb-a682-733458f5de4b,1633859952109,13.4399004,52.4927798,5.393274,3.9288766,20.00424,-19.167929,on bike mount,cyclo cross,True,sett,intermediate
1fcf81f2-b692-47a9-9e31-e97c644fa9f6,f7855ff2-dbe7-43a6-ba2a-c59a0bdd9f68,cb823c59-42d1-4a8b-acef-2664fcf48a89,1633859952176,13.4399004,52.4927798,5.393274,0.6042285,-8.758643,1.2577457,on bike mount,cyclo cross,True,sett,intermediate
1fcf81f2-b692-47a9-9e31-e97c644fa9f6,f7855ff2-dbe7-43a6-ba2a-c59a0bdd9f68,6fce2764-20c0-4aa1-89ec-eb5c77c6c448,1633859952242,13.4399004,52.4927798,5.393274,-3.8099809,7.827448,-14.839362,on bike mount,cyclo cross,True,sett,intermediate
1fcf81f2-b692-47a9-9e31-e97c644fa9f6,f7855ff2-dbe7-43a6-ba2a-c59a0bdd9f68,5e55194d-5fc1-4979-8b93-a5a8e0dac624,1633859952293,13.4399004,52.4927798,5.393274,0.28661844,-4.09595,-1.4472308,on bike mount,cyclo cross,True,sett,intermediate
1fcf81f2-b692-47a9-9e31-e97c644fa9f6,f7855ff2-dbe7-43a6-ba2a-c59a0bdd9f68,38bf4796-365d-42fd-8069-91d5f1279bdb,1633859952359,13.4399004,52.4927798,5.393274,-5.4085846,35.408184,15.016853,on bike mount,cyclo cross,True,sett,intermediate
1fcf81f2-b692-47a9-9e31-e97c644fa9f6,f7855ff2-dbe7-43a6-ba2a-c59a0bdd9f68,6d5c7fdc-90d3-4026-a70c-b7c1924c1b9d,1633859952426,13.4399004,52.4927798,5.393274,9.306759,-3.836224,1.6195898,on bike mount,cyclo cross,True,sett,intermediate
1fcf81f2-b692-47a9-9e31-e97c644fa9f6,f7855ff2-dbe7-43a6-ba2a-c59a0bdd9f68,1378339f-8921-442f-a3fd-4b42e140741b,1633859952493,13.4399004,52.4927798,5.393274,11.029712,4.0588408,-7.894758,on bike mount,cyclo cross,True,sett,intermediate
1fcf81f2-b692-47a9-9e31-e97c644fa9f6,f7855ff2-dbe7-43a6-ba2a-c59a0bdd9f68,156da635-85ce-4f6a-a270-358fdb9e5a5c,1633859952560,13.4399004,52.4927798,5.393274,-0.37628257,-16.437952,2.0731726,on bike mount,cyclo cross,True,sett,intermediate
1fcf81f2-b692-47a9-9e31-e97c644fa9f6,f7855ff2-dbe7-43a6-ba2a-c59a0bdd9f68,1cc275f2-5c95-4559-9b60-4d044f840fb3,1633859952610,13.4399004,52.4927798,5.393274,-10.423851,1.7870569,14.26288,on bike mount,cyclo cross,True,sett,intermediate
1fcf81f2-b692-47a9-9e31-e97c644fa9f6,f7855ff2-dbe7-43a6-ba2a-c59a0bdd9f68,f7b1c04e-9ff8-4106-a226-d24ca4de1fbd,1633859952677,13.4399004,52.4927798,5.393274,23.675354,-47.957302,31.089724,on bike mount,cyclo cross,True,sett,intermediate
1fcf81f2-b692-47a9-9e31-e97c644fa9f6,f7855ff2-dbe7-43a6-ba2a-c59a0bdd9f68,d5a2b0df-5cc9-4edd-b5b7-1a6ff7f9a2bf,1633859952727,13.4399004,52.4927798,5.393274,1.1727457,-25.849442,31.623718,on bike mount,cyclo cross,True,sett,intermediate
1fcf81f2-b692-47a9-9e31-e97c644fa9f6,f7855ff2-dbe7-43a6-ba2a-c59a0bdd9f68,8a93b35d-2611-4c0b-b8ed-482ca1af5dd3,1633859952777,13.4399004,52.4927798,5.393274,-10.161636,-29.96709,31.506882,on bike mount,cyclo cross,True,sett,intermediate
1fcf81f2-b692-47a9-9e31-e97c644fa9f6,f7855ff2-dbe7-43a6-ba2a-c59a0bdd9f68,46227098-8411-429f-ab87-dfb5d21ba8ba,1633859952843,13.4399004,52.4927798,5.393274,-3.8532102,11.982336,-15.939463,on bike mount,cyclo cross,True,sett,intermediate
1fcf81f2-b692-47a9-9e31-e97c644fa9f6,f7855ff2-dbe7-43a6-ba2a-c59a0bdd9f68,8ba72d01-73e6-406d-9c7b-f7e56a11398b,1633859952894,13.4399004,52.4927798,5.393274,-4.1565776,14.060593,-18.742355,on bike mount,cyclo cross,True,sett,intermediate
1fcf81f2-b692-47a9-9e31-e97c644fa9f6,f7855ff2-dbe7-43a6-ba2a-c59a0bdd9f68,cd26f0fc-0e84-4b5b-bd7c-bc696d5fd0a6,1633859952960,13.4399756,52.4927537,6.1608114,-4.8388863,19.103697,-19.581703,on bike mount,cyclo cross,True,sett,intermediate
1fcf81f2-b692-47a9-9e31-e97c644fa9f6,f7855ff2-dbe7-43a6-ba2a-c59a0bdd9f68,2f0670b1-0c51-4e39-9f88-925a6c2c5132,1633859953010,13.4399756,52.4927537,6.1608114,1.6504737,20.789013,-34.802338,on bike mount,cyclo cross,True,sett,intermediate
1fcf81f2-b692-47a9-9e31-e97c644fa9f6,f7855ff2-dbe7-43a6-ba2a-c59a0bdd9f68,b98fe511-7e00-4f4a-9e56-ad0901545413,1633859953078,13.4399756,52.4927537,6.1608114,17.529943,-45.50835,28.55009,on bike mount,cyclo cross,True,sett,intermediate
1fcf81f2-b692-47a9-9e31-e97c644fa9f6,f7855ff2-dbe7-43a6-ba2a-c59a0bdd9f68,a3f184e9-f61f-4589-bd55-e27dd9c6a429,1633859953127,13.4399756,52.4927537,6.1608114,-3.877956,21.620514,9.925348,on bike mount,cyclo cross,True,sett,intermediate
1fcf81f2-b692-47a9-9e31-e97c644fa9f6,f7855ff2-dbe7-43a6-ba2a-c59a0bdd9f68,9c8cc847-f1d0-4adf-9244-f7924b8c5031,1633859953178,13.4399756,52.4927537,6.1608114,-7.5745363,4.167952,-2.4241471,on bike mount,cyclo cross,True,sett,intermediate
1fcf81f2-b692-47a9-9e31-e97c644fa9f6,f7855ff2-dbe7-43a6-ba2a-c59a0bdd9f68,10c958f9-cc50-41f9-b3f2-81fe628377ed,1633859953245,13.4399756,52.4927537,6.1608114,-8.477753,-25.668835,29.784561,on bike mount,cyclo cross,True,sett,intermediate
1fcf81f2-b692-47a9-9e31-e97c644fa9f6,f7855ff2-dbe7-43a6-ba2a-c59a0bdd9f68,504b7c82-c1ad-43fb-a8e8-0609cee13112,1633859953295,13.4399756,52.4927537,6.1608114,-3.2692795,-39.9541,13.485714,on bike mount,cyclo cross,True,sett,intermediate
1fcf81f2-b692-47a9-9e31-e97c644fa9f6,f7855ff2-dbe7-43a6-ba2a-c59a0bdd9f68,5504943c-e4c3-4232-8eab-3b4c3e8ac04f,1633859953345,13.4399756,52.4927537,6.1608114,-6.2502394,4.6770105,-14.761384,on bike mount,cyclo cross,True,sett,intermediate
1fcf81f2-b692-47a9-9e31-e97c644fa9f6,f7855ff2-dbe7-43a6-ba2a-c59a0bdd9f68,a7a6b83b-97ee-489b-8b38-a51e7998a4ec,1633859953412,13.4399756,52.4927537,6.1608114,-5.5339293,-22.812105,20.571785,on bike mount,cyclo cross,True,sett,intermediate
1fcf81f2-b692-47a9-9e31-e97c644fa9f6,f7855ff2-dbe7-43a6-ba2a-c59a0bdd9f68,57a09f40-f66c-4589-a488-efa3572b68c4,1633859953478,13.4399756,52.4927537,6.1608114,11.033954,16.41243,-16.397406,on bike mount,cyclo cross,True,sett,intermediate
1fcf81f2-b692-47a9-9e31-e97c644fa9f6,f7855ff2-dbe7-43a6-ba2a-c59a0bdd9f68,539f37db-d0a7-4fa8-afdb-88d7db5a0fd0,1633859953545,13.4399756,52.4927537,6.1608114,-6.203411,21.357616,-22.442562,on bike mount,cyclo cross,True,sett,intermediate
1fcf81f2-b692-47a9-9e31-e97c644fa9f6,f7855ff2-dbe7-43a6-ba2a-c59a0bdd9f68,d26e186e-8b76-4446-9e58-2e55ed691934,1633859953612,13.4399756,52.4927537,6.1608114,3.4459128,1.1200771,-5.95666,on bike mount,cyclo cross,True,sett,intermediate
1fcf81f2-b692-47a9-9e31-e97c644fa9f6,f7855ff2-dbe7-43a6-ba2a-c59a0bdd9f68,fb80e674-c113-417b-b342-aa318e38b48b,1633859953679,13.4399756,52.4927537,6.1608114,-8.4671135,-11.313772,35.677467,on bike mount,cyclo cross,True,sett,intermediate
1fcf81f2-b692-47a9-9e31-e97c644fa9f6,f7855ff2-dbe7-43a6-ba2a-c59a0bdd9f68,d6f63dd0-d304-4668-b658-a26a8e63b89c,1633859953746,13.4399756,52.4927537,6.1608114,6.215081,-12.07915,9.959121,on bike mount,cyclo cross,True,sett,intermediate
1fcf81f2-b692-47a9-9e31-e97c644fa9f6,f7855ff2-dbe7-43a6-ba2a-c59a0bdd9f68,0ae4c342-e296-4ba8-945c-f64137ad6b05,1633859953812,13.4399756,52.4927537,6.1608114,-17.034649,33.472763,-34.228214,on bike mount,cyclo cross,True,sett,intermediate
1fcf81f2-b692-47a9-9e31-e97c644fa9f6,f7855ff2-dbe7-43a6-ba2a-c59a0bdd9f68,9d191c0d-7c87-4b03-a99a-f4fd0bc8418f,1633859953862,13.4399756,52.4927537,6.1608114,1.0094881,28.103605,-12.572868,on bike mount,cyclo cross,True,sett,intermediate
1fcf81f2-b692-47a9-9e31-e97c644fa9f6,f7855ff2-dbe7-43a6-ba2a-c59a0bdd9f68,379b60be-4ed8-408a-b232-53d79a1bd86e,1633859953912,13.4400539,52.4927165,5.675505,4.3414764,7.0861716,4.146514,on bike mount,cyclo cross,True,sett,intermediate
1fcf81f2-b692-47a9-9e31-e97c644fa9f6,f7855ff2-dbe7-43a6-ba2a-c59a0bdd9f68,0c72fe8e-825d-4fd2-998f-3873671396d3,1633859953963,13.4400539,52.4927165,5.675505,3.7689292,4.7851906,4.2556496,on bike mount,cyclo cross,True,sett,intermediate
1fcf81f2-b692-47a9-9e31-e97c644fa9f6,f7855ff2-dbe7-43a6-ba2a-c59a0bdd9f68,5cf434fa-2e66-4b9d-a939-508cc19f2c02,1633859954029,13.4400539,52.4927165,5.675505,-3.266378,15.105403,-12.575131,on bike mount,cyclo cross,True,sett,intermediate
1fcf81f2-b692-47a9-9e31-e97c644fa9f6,f7855ff2-dbe7-43a6-ba2a-c59a0bdd9f68,6d226234-c086-4974-b0b8-d63b317c965c,1633859954080,13.4400539,52.4927165,5.675505,2.264852,-3.474034,-13.388344,on bike mount,cyclo cross,True,sett,intermediate
1fcf81f2-b692-47a9-9e31-e97c644fa9f6,f7855ff2-dbe7-43a6-ba2a-c59a0bdd9f68,5fba5f1d-cdfd-4050-8881-bacea6e49583,1633859954146,13.4400539,52.4927165,5.675505,-2.23934,-11.9158535,-4.3745303,on bike mount,cyclo cross,True,sett,intermediate
1fcf81f2-b692-47a9-9e31-e97c644fa9f6,f7855ff2-dbe7-43a6-ba2a-c59a0bdd9f68,35454775-3e0a-400a-be6a-6d70ee411908,1633859954197,13.4400539,52.4927165,5.675505,-1.6013407,-11.120746,-14.837346,on bike mount,cyclo cross,True,sett,intermediate
1fcf81f2-b692-47a9-9e31-e97c644fa9f6,f7855ff2-dbe7-43a6-ba2a-c59a0bdd9f68,6c989995-f3a2-4939-b2ee-700239e630f0,1633859954247,13.4400539,52.4927165,5.675505,-0.51784045,-11.438825,-24.555212,on bike mount,cyclo cross,True,sett,intermediate
1fcf81f2-b692-47a9-9e31-e97c644fa9f6,f7855ff2-dbe7-43a6-ba2a-c59a0bdd9f68,7fd39aa8-6c1b-4094-8708-a9db7f106764,1633859954313,13.4400539,52.4927165,5.675505,4.0467343,-25.74534,24.60104,on bike mount,cyclo cross,True,sett,intermediate
1fcf81f2-b692-47a9-9e31-e97c644fa9f6,f7855ff2-dbe7-43a6-ba2a-c59a0bdd9f68,56ee2520-0868-4cb7-865f-8bfed639e8e3,1633859954364,13.4400539,52.4927165,5.675505,-6.109429,-6.7792683,17.934048,on bike mount,cyclo cross,True,sett,intermediate
1fcf81f2-b692-47a9-9e31-e97c644fa9f6,f7855ff2-dbe7-43a6-ba2a-c59a0bdd9f68,d73f7044-826f-4fb3-bbb1-46d76849959a,1633859954414,13.4400539,52.4927165,5.675505,-2.59491,-21.338257,19.325588,on bike mount,cyclo cross,True,sett,intermediate
1fcf81f2-b692-47a9-9e31-e97c644fa9f6,f7855ff2-dbe7-43a6-ba2a-c59a0bdd9f68,0fa6ae14-ab3f-4a29-a299-5364ab172b95,1633859954480,13.4400539,52.4927165,5.675505,2.0910425,-14.36377,15.358742,on bike mount,cyclo cross,True,sett,intermediate
1fcf81f2-b692-47a9-9e31-e97c644fa9f6,f7855ff2-dbe7-43a6-ba2a-c59a0bdd9f68,be4b2f9e-e043-464f-bd92-b694b3347c67,1633859954531,13.4400539,52.4927165,5.675505,5.3721166,-42.08629,-3.1223173,on bike mount,cyclo cross,True,sett,intermediate
1fcf81f2-b692-47a9-9e31-e97c644fa9f6,f7855ff2-dbe7-43a6-ba2a-c59a0bdd9f68,06f77cf9-a421-4a51-9100-c329f2fbdd9e,1633859954581,13.4400539,52.4927165,5.675505,3.3591037,-33.082504,11.701302,on bike mount,cyclo cross,True,sett,intermediate
1fcf81f2-b692-47a9-9e31-e97c644fa9f6,f7855ff2-dbe7-43a6-ba2a-c59a0bdd9f68,7e660309-771a-48f1-a86d-eaf31558166f,1633859954631,13.4400539,52.4927165,5.675505,0.20237142,-26.545074,33.952435,on bike mount,cyclo cross,True,sett,intermediate
1fcf81f2-b692-47a9-9e31-e97c644fa9f6,f7855ff2-dbe7-43a6-ba2a-c59a0bdd9f68,3c012f6e-5acb-442e-969b-ef27bcbed9c9,1633859954698,13.4400539,52.4927165,5.675505,-8.59885,19.576843,-10.813915,on bike mount,cyclo cross,True,sett,intermediate
1fcf81f2-b692-47a9-9e31-e97c644fa9f6,f7855ff2-dbe7-43a6-ba2a-c59a0bdd9f68,55717d11-1555-4e90-8be5-d148e0649a2c,1633859954765,13.4400539,52.4927165,5.675505,4.389924,11.291134,-10.798634,on bike mount,cyclo cross,True,sett,intermediate
1fcf81f2-b692-47a9-9e31-e97c644fa9f6,f7855ff2-dbe7-43a6-ba2a-c59a0bdd9f68,922d1265-78a4-4870-88c2-8ba2bdb0969e,1633859954832,13.4400539,52.4927165,5.675505,0.9779198,4.5255404,3.375661,on bike mount,cyclo cross,True,sett,intermediate
1fcf81f2-b692-47a9-9e31-e97c644fa9f6,f7855ff2-dbe7-43a6-ba2a-c59a0bdd9f68,5abbc8b7-66b7-4dd4-8365-e8f1b58cae46,1633859954882,13.4400539,52.4927165,5.675505,-7.3245792,-7.7427087,-22.958538,on bike mount,cyclo cross,True,sett,intermediate
1fcf81f2-b692-47a9-9e31-e97c644fa9f6,f7855ff2-dbe7-43a6-ba2a-c59a0bdd9f68,f26ec3c3-1b70-4c29-8bd2-160ad35feee8,1633859954948,13.440133,52.4926932,5.526546,1.1188939,-23.763998,29.571836,on bike mount,cyclo cross,True,sett,intermediate
1fcf81f2-b692-47a9-9e31-e97c644fa9f6,f7855ff2-dbe7-43a6-ba2a-c59a0bdd9f68,ed04153b-55fc-4923-8931-34f97dc8553b,1633859955015,13.440133,52.4926932,5.526546,-3.812047,18.983986,1.2481356,on bike mount,cyclo cross,True,sett,intermediate
1fcf81f2-b692-47a9-9e31-e97c644fa9f6,f7855ff2-dbe7-43a6-ba2a-c59a0bdd9f68,0e2f6299-f0c8-4e0d-b029-78c45dc83b6d,1633859955082,13.440133,52.4926932,5.526546,1.1037315,-0.32950306,10.778919,on bike mount,cyclo cross,True,sett,intermediate
1fcf81f2-b692-47a9-9e31-e97c644fa9f6,f7855ff2-dbe7-43a6-ba2a-c59a0bdd9f68,f461cd52-975f-48f6-908d-7d03713d38a0,1633859955149,13.440133,52.4926932,5.526546,-6.6099234,18.064714,16.9459,on bike mount,cyclo cross,True,sett,intermediate
1fcf81f2-b692-47a9-9e31-e97c644fa9f6,f7855ff2-dbe7-43a6-ba2a-c59a0bdd9f68,9175343f-7f23-484d-a3a3-10437df8963c,1633859955199,13.440133,52.4926932,5.526546,-4.5268836,4.8507824,-0.65853786,on bike mount,cyclo cross,True,sett,intermediate
1fcf81f2-b692-47a9-9e31-e97c644fa9f6,f7855ff2-dbe7-43a6-ba2a-c59a0bdd9f68,f6c527b7-9e5b-4be5-9047-414c0bc12d78,1633859955249,13.440133,52.4926932,5.526546,3.2748904,11.734936,-4.822666,on bike mount,cyclo cross,True,sett,intermediate
