bike_activity_uid,bike_activity_sample_uid,bike_activity_measurement,bike_activity_measurement_timestamp,bike_activity_measurement_lon,bike_activity_measurement_lat,bike_activity_measurement_speed,bike_activity_measurement_accelerometer_x,bike_activity_measurement_accelerometer_y,bike_activity_measurement_accelerometer_z,bike_activity_phone_position,bike_activity_bike_type,bike_activity_flagged_lab_conditions,bike_activity_surface_type,bike_activity_smoothness_type
375cd3de-11ce-4a01-ad36-8ebc61cba6f9,85c28264-2789-4bb5-8308-8495b25daaa2,717166aa-0a04-44bc-9e25-478f38f047e4,1633625687059,13.4332173,52.4946749,4.98709,-2.903018,-30.503365,-0.7426586,on bike mount,cyclo cross,True,sett,intermediate
375cd3de-11ce-4a01-ad36-8ebc61cba6f9,85c28264-2789-4bb5-8308-8495b25daaa2,4f30ce9e-f186-4fd3-9a44-41616387207a,1633625687110,13.4332173,52.4946749,4.98709,-1.2020922,17.282608,16.769304,on bike mount,cyclo cross,True,sett,intermediate
375cd3de-11ce-4a01-ad36-8ebc61cba6f9,85c28264-2789-4bb5-8308-8495b25daaa2,4a296814-ff25-447f-b4ac-34932613db5e,1633625687175,13.4332173,52.4946749,4.98709,2.3133404,12.067581,10.971339,on bike mount,cyclo cross,True,sett,intermediate
375cd3de-11ce-4a01-ad36-8ebc61cba6f9,85c28264-2789-4bb5-8308-8495b25daaa2,94347403-9c4f-4a74-8ed6-313391cd112f,1633625687226,13.4332173,52.4946749,4.98709,-2.2737331,5.0554733,6.2466784,on bike mount,cyclo cross,True,sett,intermediate
375cd3de-11ce-4a01-ad36-8ebc61cba6f9,85c28264-2789-4bb5-8308-8495b25daaa2,79e0945c-156e-48ed-8ab1-75089c9cfadd,1633625687277,13.4332173,52.4946749,4.98709,-0.6352121,4.8615923,-7.146551,on bike mount,cyclo cross,True,sett,intermediate
375cd3de-11ce-4a01-ad36-8ebc61cba6f9,85c28264-2789-4bb5-8308-8495b25daaa2,41059909-9b03-41aa-b43b-db0969563bf3,1633625687326,13.4332173,52.4946749,4.98709,2.8710997,1.7022991,6.617758,on bike mount,cyclo cross,True,sett,intermediate
375cd3de-11ce-4a01-ad36-8ebc61cba6f9,85c28264-2789-4bb5-8308-8495b25daaa2,b36c48eb-780b-40ec-919c-6286be15dd7b,1633625687377,13.4332173,52.4946749,4.98709,-2.913474,19.559698,-14.726559,on bike mount,cyclo cross,True,sett,intermediate
375cd3de-11ce-4a01-ad36-8ebc61cba6f9,85c28264-2789-4bb5-8308-8495b25daaa2,bc2354da-b517-4284-95c3-4fb641e7b1d5,1633625687426,13.4332173,52.4946749,4.98709,-3.9953232,20.089533,-28.930756,on bike mount,cyclo cross,True,sett,intermediate
375cd3de-11ce-4a01-ad36-8ebc61cba6f9,85c28264-2789-4bb5-8308-8495b25daaa2,f2198f0c-4557-4800-9433-c40ba3bfdb7d,1633625687477,13.4332173,52.4946749,4.98709,0.80153465,-13.062312,35.11907,on bike mount,cyclo cross,True,sett,intermediate
375cd3de-11ce-4a01-ad36-8ebc61cba6f9,85c28264-2789-4bb5-8308-8495b25daaa2,c4947aa9-4cb2-4486-a1d8-95d75a979d93,1633625687528,13.4332173,52.4946749,4.98709,-5.2539134,-27.036743,-17.00459,on bike mount,cyclo cross,True,sett,intermediate
375cd3de-11ce-4a01-ad36-8ebc61cba6f9,85c28264-2789-4bb5-8308-8495b25daaa2,8ab19c30-d161-4b9f-8f9e-0cc69f2e78d7,1633625687579,13.4331505,52.4946953,4.9102836,-1.3259004,14.520563,-5.1973925,on bike mount,cyclo cross,True,sett,intermediate
375cd3de-11ce-4a01-ad36-8ebc61cba6f9,85c28264-2789-4bb5-8308-8495b25daaa2,105e7802-c25b-46c2-b619-91604a6bf56d,1633625687643,13.4331505,52.4946953,4.9102836,0.71704865,-15.872202,9.123757,on bike mount,cyclo cross,True,sett,intermediate
375cd3de-11ce-4a01-ad36-8ebc61cba6f9,85c28264-2789-4bb5-8308-8495b25daaa2,3c9ef79c-24b0-4656-95e2-c2dc0d729f67,1633625687694,13.4331505,52.4946953,4.9102836,0.06717038,-7.642645,-17.571068,on bike mount,cyclo cross,True,sett,intermediate
375cd3de-11ce-4a01-ad36-8ebc61cba6f9,85c28264-2789-4bb5-8308-8495b25daaa2,3f2160d4-9c4f-4038-8c6b-6709d50968dd,1633625687745,13.4331505,52.4946953,4.9102836,3.3324559,8.226153,4.6982784,on bike mount,cyclo cross,True,sett,intermediate
375cd3de-11ce-4a01-ad36-8ebc61cba6f9,85c28264-2789-4bb5-8308-8495b25daaa2,6e136459-f4bb-4f5c-a2dc-88ae7035c3c7,1633625687812,13.4331505,52.4946953,4.9102836,0.7222268,3.2937622,-14.503546,on bike mount,cyclo cross,True,sett,intermediate
375cd3de-11ce-4a01-ad36-8ebc61cba6f9,85c28264-2789-4bb5-8308-8495b25daaa2,555a3c97-dc69-4c9e-9b7e-84fb8fafc81e,1633625687877,13.4331505,52.4946953,4.9102836,-2.411342,-1.3775947,-2.10784,on bike mount,cyclo cross,True,sett,intermediate
375cd3de-11ce-4a01-ad36-8ebc61cba6f9,85c28264-2789-4bb5-8308-8495b25daaa2,10af1e05-dc44-4082-b042-63d9ab15da1d,1633625687928,13.4331505,52.4946953,4.9102836,1.3124602,0.46022463,-8.731572,on bike mount,cyclo cross,True,sett,intermediate
375cd3de-11ce-4a01-ad36-8ebc61cba6f9,85c28264-2789-4bb5-8308-8495b25daaa2,dde1b358-873f-4569-bb9e-86cc02221488,1633625687979,13.4331505,52.4946953,4.9102836,5.9036903,-31.564096,34.11454,on bike mount,cyclo cross,True,sett,intermediate
375cd3de-11ce-4a01-ad36-8ebc61cba6f9,85c28264-2789-4bb5-8308-8495b25daaa2,f7736ed9-a19a-470c-9071-30306edbb48b,1633625688029,13.4331505,52.4946953,4.9102836,2.810321,-40.137543,16.675426,on bike mount,cyclo cross,True,sett,intermediate
375cd3de-11ce-4a01-ad36-8ebc61cba6f9,85c28264-2789-4bb5-8308-8495b25daaa2,f02cbe26-67d0-4eeb-9537-405b4384ec31,1633625688079,13.4331505,52.4946953,4.9102836,0.40156496,-13.047629,-3.4815416,on bike mount,cyclo cross,True,sett,intermediate
375cd3de-11ce-4a01-ad36-8ebc61cba6f9,85c28264-2789-4bb5-8308-8495b25daaa2,a0e7345e-d370-4c09-81d7-aa9d65e465e4,1633625688129,13.4331323,52.4947049,4.171725,4.2747574,2.2623606,-6.7021346,on bike mount,cyclo cross,True,sett,intermediate
375cd3de-11ce-4a01-ad36-8ebc61cba6f9,85c28264-2789-4bb5-8308-8495b25daaa2,631a9cb8-824e-480e-9079-5d52d08d0490,1633625688179,13.4331323,52.4947049,4.171725,-3.412774,35.345955,-20.365934,on bike mount,cyclo cross,True,sett,intermediate
375cd3de-11ce-4a01-ad36-8ebc61cba6f9,85c28264-2789-4bb5-8308-8495b25daaa2,3720bc1a-9787-4d7e-a863-c1eafb62d76c,1633625688230,13.4331323,52.4947049,4.171725,-7.3924966,20.745644,4.617536,on bike mount,cyclo cross,True,sett,intermediate
375cd3de-11ce-4a01-ad36-8ebc61cba6f9,85c28264-2789-4bb5-8308-8495b25daaa2,821274c3-8363-448e-8617-db21bbbcaec3,1633625688295,13.4331323,52.4947049,4.171725,-4.5795565,30.34359,-9.974439,on bike mount,cyclo cross,True,sett,intermediate
375cd3de-11ce-4a01-ad36-8ebc61cba6f9,85c28264-2789-4bb5-8308-8495b25daaa2,f4b2b7ec-c5d9-4cdf-96dd-62d4e4420b7f,1633625688345,13.4331323,52.4947049,4.171725,-1.5093007,4.7592945,2.5355892,on bike mount,cyclo cross,True,sett,intermediate
375cd3de-11ce-4a01-ad36-8ebc61cba6f9,85c28264-2789-4bb5-8308-8495b25daaa2,4c3dca89-6a64-434a-97cf-f9a0fbe84082,1633625688395,13.4331323,52.4947049,4.171725,-1.0335792,3.076105,-2.658018,on bike mount,cyclo cross,True,sett,intermediate
375cd3de-11ce-4a01-ad36-8ebc61cba6f9,85c28264-2789-4bb5-8308-8495b25daaa2,576991df-277e-474e-92e8-98c9fbd94868,1633625688445,13.4331323,52.4947049,4.171725,0.28230274,-30.223097,1.122921,on bike mount,cyclo cross,True,sett,intermediate
375cd3de-11ce-4a01-ad36-8ebc61cba6f9,85c28264-2789-4bb5-8308-8495b25daaa2,e392bb99-66c8-4764-8154-5e5e637c5d15,1633625688495,13.4331323,52.4947049,4.171725,8.8889065,-15.37339,-13.485811,on bike mount,cyclo cross,True,sett,intermediate
375cd3de-11ce-4a01-ad36-8ebc61cba6f9,85c28264-2789-4bb5-8308-8495b25daaa2,11638499-e504-4399-92bd-4a7e58d7b14d,1633625688546,13.4331323,52.4947049,4.171725,-0.60180545,22.922832,3.580638,on bike mount,cyclo cross,True,sett,intermediate
375cd3de-11ce-4a01-ad36-8ebc61cba6f9,85c28264-2789-4bb5-8308-8495b25daaa2,ec3db65a-a5f1-4de8-9a45-2c06b8cac15c,1633625688612,13.4331323,52.4947049,4.171725,-5.3026304,13.932706,-23.37782,on bike mount,cyclo cross,True,sett,intermediate
375cd3de-11ce-4a01-ad36-8ebc61cba6f9,85c28264-2789-4bb5-8308-8495b25daaa2,b08a021b-5e85-4bef-b2b9-defcc7c8b913,1633625688663,13.4331323,52.4947049,4.171725,-0.42834294,-12.937553,18.18383,on bike mount,cyclo cross,True,sett,intermediate
375cd3de-11ce-4a01-ad36-8ebc61cba6f9,85c28264-2789-4bb5-8308-8495b25daaa2,e7c65113-63dc-48c0-8a5f-4eadb55f868f,1633625688714,13.4331323,52.4947049,4.171725,5.3568974,-22.3433,28.259226,on bike mount,cyclo cross,True,sett,intermediate
375cd3de-11ce-4a01-ad36-8ebc61cba6f9,85c28264-2789-4bb5-8308-8495b25daaa2,19dd507c-8bca-4fd3-b897-aa1817bb5ed4,1633625688764,13.4330845,52.4947199,4.2455635,-2.0909078,10.871484,0.8908472,on bike mount,cyclo cross,True,sett,intermediate
375cd3de-11ce-4a01-ad36-8ebc61cba6f9,85c28264-2789-4bb5-8308-8495b25daaa2,cd4eb843-d8e0-4a1b-8182-6018a761b6a1,1633625688813,13.4330845,52.4947199,4.2455635,2.009293,-1.1143064,14.064112,on bike mount,cyclo cross,True,sett,intermediate
375cd3de-11ce-4a01-ad36-8ebc61cba6f9,85c28264-2789-4bb5-8308-8495b25daaa2,8a05d02f-665a-42a7-b66d-3a133fa79f30,1633625688864,13.4330845,52.4947199,4.2455635,-3.1662264,9.173322,-17.811268,on bike mount,cyclo cross,True,sett,intermediate
375cd3de-11ce-4a01-ad36-8ebc61cba6f9,85c28264-2789-4bb5-8308-8495b25daaa2,d379c34a-13df-43b3-ac4f-255f38e0dea1,1633625688929,13.4330845,52.4947199,4.2455635,-2.8104184,-8.840843,-1.1570177,on bike mount,cyclo cross,True,sett,intermediate
375cd3de-11ce-4a01-ad36-8ebc61cba6f9,85c28264-2789-4bb5-8308-8495b25daaa2,29e842da-ae65-4074-a9cd-5f5277436c64,1633625688980,13.4330845,52.4947199,4.2455635,-14.883116,31.259487,-18.138016,on bike mount,cyclo cross,True,sett,intermediate
375cd3de-11ce-4a01-ad36-8ebc61cba6f9,85c28264-2789-4bb5-8308-8495b25daaa2,630aa6c9-5912-4782-b067-80667c140cab,1633625689031,13.4330845,52.4947199,4.2455635,-1.0489824,8.121899,0.2824688,on bike mount,cyclo cross,True,sett,intermediate
375cd3de-11ce-4a01-ad36-8ebc61cba6f9,85c28264-2789-4bb5-8308-8495b25daaa2,073e189d-e319-4e94-b1fe-35153a6e3f2d,1633625689082,13.4330845,52.4947199,4.2455635,0.8502779,-1.2395244,12.990861,on bike mount,cyclo cross,True,sett,intermediate
375cd3de-11ce-4a01-ad36-8ebc61cba6f9,85c28264-2789-4bb5-8308-8495b25daaa2,46e4801d-4a53-4fd1-81c7-fb8cd2ed1aae,1633625689149,13.4330845,52.4947199,4.2455635,-0.25403833,3.3272448,2.7436457,on bike mount,cyclo cross,True,sett,intermediate
375cd3de-11ce-4a01-ad36-8ebc61cba6f9,85c28264-2789-4bb5-8308-8495b25daaa2,5067e8f9-4afc-42d0-ac77-e99d4050429f,1633625689199,13.4330845,52.4947199,4.2455635,-2.564382,2.0440526,31.583635,on bike mount,cyclo cross,True,sett,intermediate
375cd3de-11ce-4a01-ad36-8ebc61cba6f9,85c28264-2789-4bb5-8308-8495b25daaa2,803e4c3b-7735-4c18-9629-f6fee5b78b62,1633625689249,13.4330845,52.4947199,4.2455635,-8.064786,1.7360044,-12.655725,on bike mount,cyclo cross,True,sett,intermediate
375cd3de-11ce-4a01-ad36-8ebc61cba6f9,85c28264-2789-4bb5-8308-8495b25daaa2,6ccbb2a6-e33d-4963-b0c1-d3985f2ebe91,1633625689299,13.4330845,52.4947199,4.2455635,2.304146,1.3710761,27.404633,on bike mount,cyclo cross,True,sett,intermediate
375cd3de-11ce-4a01-ad36-8ebc61cba6f9,85c28264-2789-4bb5-8308-8495b25daaa2,0aec31c4-e9ab-4722-8c3d-5a8e4cc5391c,1633625689365,13.4330845,52.4947199,4.2455635,0.93961394,-23.862669,10.113664,on bike mount,cyclo cross,True,sett,intermediate
375cd3de-11ce-4a01-ad36-8ebc61cba6f9,85c28264-2789-4bb5-8308-8495b25daaa2,9da00758-8181-4f69-b8cd-89c5adaa86f5,1633625689416,13.4330845,52.4947199,4.2455635,5.045963,19.121086,-14.955027,on bike mount,cyclo cross,True,sett,intermediate
375cd3de-11ce-4a01-ad36-8ebc61cba6f9,85c28264-2789-4bb5-8308-8495b25daaa2,105d8217-194a-4b98-ba5c-570ea1dcb0c7,1633625689482,13.4330845,52.4947199,4.2455635,9.102715,-23.898945,10.877773,on bike mount,cyclo cross,True,sett,intermediate
375cd3de-11ce-4a01-ad36-8ebc61cba6f9,85c28264-2789-4bb5-8308-8495b25daaa2,d93fdd09-106c-41d4-a0ac-d6a968079d46,1633625689532,13.4330845,52.4947199,4.2455635,4.3170643,-19.860847,3.8412495,on bike mount,cyclo cross,True,sett,intermediate
375cd3de-11ce-4a01-ad36-8ebc61cba6f9,85c28264-2789-4bb5-8308-8495b25daaa2,13d50e5a-98f6-4502-937e-1e2c14f070fe,1633625689582,13.433051,52.4947299,4.1889577,-4.548757,19.525671,-12.423112,on bike mount,cyclo cross,True,sett,intermediate
375cd3de-11ce-4a01-ad36-8ebc61cba6f9,85c28264-2789-4bb5-8308-8495b25daaa2,907fad54-433d-4291-b1b7-7c9f04aa93c1,1633625689632,13.433051,52.4947299,4.1889577,4.9815454,4.120665,-6.279478,on bike mount,cyclo cross,True,sett,intermediate
375cd3de-11ce-4a01-ad36-8ebc61cba6f9,85c28264-2789-4bb5-8308-8495b25daaa2,e75049e5-ad5a-4fbf-b0e4-c9ee98756abb,1633625689697,13.433051,52.4947299,4.1889577,-2.1392026,-3.1360765,-10.328241,on bike mount,cyclo cross,True,sett,intermediate
375cd3de-11ce-4a01-ad36-8ebc61cba6f9,85c28264-2789-4bb5-8308-8495b25daaa2,564a3add-5fd5-4245-9826-8b26570a5703,1633625689748,13.433051,52.4947299,4.1889577,-3.5624566,12.069098,-13.76833,on bike mount,cyclo cross,True,sett,intermediate
375cd3de-11ce-4a01-ad36-8ebc61cba6f9,85c28264-2789-4bb5-8308-8495b25daaa2,fccd5418-d135-4492-b813-bc9e09c5415a,1633625689799,13.433051,52.4947299,4.1889577,-0.101306766,-2.7779436,6.2524548,on bike mount,cyclo cross,True,sett,intermediate
375cd3de-11ce-4a01-ad36-8ebc61cba6f9,85c28264-2789-4bb5-8308-8495b25daaa2,5340e833-2ed7-4676-937d-dfdbe9ec4c7f,1633625689849,13.433051,52.4947299,4.1889577,2.37336,-8.634224,3.122694,on bike mount,cyclo cross,True,sett,intermediate
375cd3de-11ce-4a01-ad36-8ebc61cba6f9,85c28264-2789-4bb5-8308-8495b25daaa2,e9ae4571-991a-497d-9180-d8f8443545ac,1633625689899,13.433051,52.4947299,4.1889577,1.7244195,-3.9412453,5.244562,on bike mount,cyclo cross,True,sett,intermediate
375cd3de-11ce-4a01-ad36-8ebc61cba6f9,85c28264-2789-4bb5-8308-8495b25daaa2,4077c5a1-3562-4425-9584-7e5d2bd875f3,1633625689949,13.433051,52.4947299,4.1889577,2.6061358,-2.6997225,4.605673,on bike mount,cyclo cross,True,sett,intermediate
375cd3de-11ce-4a01-ad36-8ebc61cba6f9,85c28264-2789-4bb5-8308-8495b25daaa2,fb575d9b-8068-4852-b2ba-71a63f7169df,1633625690004,13.433051,52.4947299,4.1889577,5.5202003,-0.6253176,6.826236,on bike mount,cyclo cross,True,sett,intermediate
375cd3de-11ce-4a01-ad36-8ebc61cba6f9,85c28264-2789-4bb5-8308-8495b25daaa2,8a289712-d34a-49be-b18f-16f340a5671c,1633625690066,13.433051,52.4947299,4.1889577,-0.41742194,13.034945,-11.662405,on bike mount,cyclo cross,True,sett,intermediate
375cd3de-11ce-4a01-ad36-8ebc61cba6f9,85c28264-2789-4bb5-8308-8495b25daaa2,cc2697c8-650a-48ef-870b-424f9e072e3a,1633625690117,13.433051,52.4947299,4.1889577,7.3391304,7.0807247,-3.582729,on bike mount,cyclo cross,True,sett,intermediate
375cd3de-11ce-4a01-ad36-8ebc61cba6f9,85c28264-2789-4bb5-8308-8495b25daaa2,1262d238-66ea-4701-b3a0-04658d4b6b1e,1633625690182,13.433051,52.4947299,4.1889577,2.5020037,-2.6407642,4.433509,on bike mount,cyclo cross,True,sett,intermediate
375cd3de-11ce-4a01-ad36-8ebc61cba6f9,85c28264-2789-4bb5-8308-8495b25daaa2,01b161ab-2a18-415d-93b6-75829a40f2eb,1633625690232,13.433051,52.4947299,4.1889577,2.3727195,5.8293686,-0.8828831,on bike mount,cyclo cross,True,sett,intermediate
375cd3de-11ce-4a01-ad36-8ebc61cba6f9,85c28264-2789-4bb5-8308-8495b25daaa2,6755f5bc-bcda-46c0-8598-bdfccba93369,1633625690282,13.433051,52.4947299,4.1889577,-0.83930194,-12.799826,1.635335,on bike mount,cyclo cross,True,sett,intermediate
375cd3de-11ce-4a01-ad36-8ebc61cba6f9,85c28264-2789-4bb5-8308-8495b25daaa2,fda3b024-1d8c-4fc5-851e-7562a94ff5e2,1633625690334,13.433051,52.4947299,4.1889577,-1.139055,4.5869904,-8.01531,on bike mount,cyclo cross,True,sett,intermediate
375cd3de-11ce-4a01-ad36-8ebc61cba6f9,85c28264-2789-4bb5-8308-8495b25daaa2,01d32e70-7cbb-4f79-9655-b10019220625,1633625690384,13.433051,52.4947299,4.1889577,2.8001254,-4.7107954,8.080275,on bike mount,cyclo cross,True,sett,intermediate
375cd3de-11ce-4a01-ad36-8ebc61cba6f9,85c28264-2789-4bb5-8308-8495b25daaa2,cd3ee534-b1b1-41cb-92af-de0aa59b82bf,1633625690434,13.433051,52.4947299,4.1889577,-0.569682,4.194894,-13.562886,on bike mount,cyclo cross,True,sett,intermediate
375cd3de-11ce-4a01-ad36-8ebc61cba6f9,85c28264-2789-4bb5-8308-8495b25daaa2,bd9c023d-7716-4249-bfc3-53f3ed8fed2d,1633625690484,13.4330022,52.4947419,4.199534,1.50026,6.757284,4.7276154,on bike mount,cyclo cross,True,sett,intermediate
375cd3de-11ce-4a01-ad36-8ebc61cba6f9,85c28264-2789-4bb5-8308-8495b25daaa2,7666f9e1-e0d7-4fa6-b6a9-d978e2c6182b,1633625690534,13.4330022,52.4947419,4.199534,3.966799,-11.202338,11.972725,on bike mount,cyclo cross,True,sett,intermediate
375cd3de-11ce-4a01-ad36-8ebc61cba6f9,85c28264-2789-4bb5-8308-8495b25daaa2,357a4e3b-6a91-453a-be09-1df253680417,1633625690584,13.4330022,52.4947419,4.199534,-0.29546154,4.102708,-1.2940898,on bike mount,cyclo cross,True,sett,intermediate
375cd3de-11ce-4a01-ad36-8ebc61cba6f9,85c28264-2789-4bb5-8308-8495b25daaa2,8fca9067-677a-4efd-9222-7ab4d77d89d8,1633625690634,13.4330022,52.4947419,4.199534,2.108276,-8.529973,13.559376,on bike mount,cyclo cross,True,sett,intermediate
375cd3de-11ce-4a01-ad36-8ebc61cba6f9,85c28264-2789-4bb5-8308-8495b25daaa2,27ad0b8b-49aa-4358-a9b8-1b847534c61a,1633625690684,13.4330022,52.4947419,4.199534,-3.8356636,12.240364,-0.29094505,on bike mount,cyclo cross,True,sett,intermediate
375cd3de-11ce-4a01-ad36-8ebc61cba6f9,85c28264-2789-4bb5-8308-8495b25daaa2,4ad5ab81-8067-425a-b997-6f29d5cb274c,1633625690735,13.4330022,52.4947419,4.199534,7.765109,-15.168387,6.451725,on bike mount,cyclo cross,True,sett,intermediate
375cd3de-11ce-4a01-ad36-8ebc61cba6f9,85c28264-2789-4bb5-8308-8495b25daaa2,d1844871-1bd4-40eb-bb9f-33c8a67ee250,1633625690786,13.4330022,52.4947419,4.199534,-0.2830329,5.1737604,-2.0837803,on bike mount,cyclo cross,True,sett,intermediate
375cd3de-11ce-4a01-ad36-8ebc61cba6f9,85c28264-2789-4bb5-8308-8495b25daaa2,8fb75261-d50e-4ccf-8551-9814002b53ed,1633625690851,13.4330022,52.4947419,4.199534,-2.6829026,3.415275,2.9224482,on bike mount,cyclo cross,True,sett,intermediate
375cd3de-11ce-4a01-ad36-8ebc61cba6f9,85c28264-2789-4bb5-8308-8495b25daaa2,51f8de01-90c6-4538-9a68-0382c02c249d,1633625690902,13.4330022,52.4947419,4.199534,0.28663144,5.348295,-11.226215,on bike mount,cyclo cross,True,sett,intermediate
375cd3de-11ce-4a01-ad36-8ebc61cba6f9,85c28264-2789-4bb5-8308-8495b25daaa2,687e01dd-31e4-43ec-843b-7b19e0a99407,1633625690969,13.4330022,52.4947419,4.199534,0.50809914,-1.3478727,7.0640154,on bike mount,cyclo cross,True,sett,intermediate
375cd3de-11ce-4a01-ad36-8ebc61cba6f9,85c28264-2789-4bb5-8308-8495b25daaa2,63206e5e-179f-4acc-9cd4-6a9f31215865,1633625691019,13.4330022,52.4947419,4.199534,2.416297,-10.482891,6.580448,on bike mount,cyclo cross,True,sett,intermediate
375cd3de-11ce-4a01-ad36-8ebc61cba6f9,85c28264-2789-4bb5-8308-8495b25daaa2,f9d8979a-8611-4dca-85bc-131329e5e2d3,1633625691084,13.4330022,52.4947419,4.199534,-5.232438,2.8616872,3.0598001,on bike mount,cyclo cross,True,sett,intermediate
375cd3de-11ce-4a01-ad36-8ebc61cba6f9,85c28264-2789-4bb5-8308-8495b25daaa2,b18bd676-630e-4a67-a570-dd031dee2826,1633625691136,13.4330022,52.4947419,4.199534,0.09645882,4.444228,10.740921,on bike mount,cyclo cross,True,sett,intermediate
375cd3de-11ce-4a01-ad36-8ebc61cba6f9,85c28264-2789-4bb5-8308-8495b25daaa2,83c79666-0186-45b5-9382-8c3ef0e952de,1633625691186,13.4330022,52.4947419,4.199534,7.874077,4.7778635,-7.4672494,on bike mount,cyclo cross,True,sett,intermediate
375cd3de-11ce-4a01-ad36-8ebc61cba6f9,85c28264-2789-4bb5-8308-8495b25daaa2,a31b492b-40d5-4dfc-8abe-f0802126ec26,1633625691236,13.4330022,52.4947419,4.199534,-2.8500643,-5.765592,6.9874344,on bike mount,cyclo cross,True,sett,intermediate
375cd3de-11ce-4a01-ad36-8ebc61cba6f9,85c28264-2789-4bb5-8308-8495b25daaa2,2da7c856-02d3-475c-aeb0-1f31098bf252,1633625691286,13.4330022,52.4947419,4.199534,2.7776117,6.607012,-20.681211,on bike mount,cyclo cross,True,sett,intermediate
375cd3de-11ce-4a01-ad36-8ebc61cba6f9,85c28264-2789-4bb5-8308-8495b25daaa2,a8df81af-32d1-4de7-97a7-03fd197be14b,1633625691353,13.4330022,52.4947419,4.199534,-1.0727403,-1.2109594,11.400163,on bike mount,cyclo cross,True,sett,intermediate
375cd3de-11ce-4a01-ad36-8ebc61cba6f9,85c28264-2789-4bb5-8308-8495b25daaa2,38eb2309-29e2-4a0c-872a-d611208656ad,1633625691407,13.4329552,52.4947536,4.2132196,-1.1622944,-5.688195,-12.356676,on bike mount,cyclo cross,True,sett,intermediate
375cd3de-11ce-4a01-ad36-8ebc61cba6f9,85c28264-2789-4bb5-8308-8495b25daaa2,37a06894-b9aa-4780-b577-662b4db3edb3,1633625691469,13.4329552,52.4947536,4.2132196,0.49817657,10.51394,-8.98168,on bike mount,cyclo cross,True,sett,intermediate
375cd3de-11ce-4a01-ad36-8ebc61cba6f9,85c28264-2789-4bb5-8308-8495b25daaa2,74ddcc73-15f2-41c8-9175-f717b00f171f,1633625691519,13.4329552,52.4947536,4.2132196,0.7586584,19.486803,17.23925,on bike mount,cyclo cross,True,sett,intermediate
375cd3de-11ce-4a01-ad36-8ebc61cba6f9,85c28264-2789-4bb5-8308-8495b25daaa2,a74b53ed-5ecd-4dae-ae36-ece618c50579,1633625691569,13.4329552,52.4947536,4.2132196,-5.2744117,15.382481,-24.471743,on bike mount,cyclo cross,True,sett,intermediate
375cd3de-11ce-4a01-ad36-8ebc61cba6f9,85c28264-2789-4bb5-8308-8495b25daaa2,bd43a1af-6a8c-4130-9395-0f14abd6e52e,1633625691618,13.4329552,52.4947536,4.2132196,-2.6027355,-4.9941993,-11.699258,on bike mount,cyclo cross,True,sett,intermediate
375cd3de-11ce-4a01-ad36-8ebc61cba6f9,85c28264-2789-4bb5-8308-8495b25daaa2,2084dfe3-b378-4cd0-b63c-6608f130b493,1633625691669,13.4329552,52.4947536,4.2132196,-2.3237467,3.916935,-0.8859029,on bike mount,cyclo cross,True,sett,intermediate
375cd3de-11ce-4a01-ad36-8ebc61cba6f9,85c28264-2789-4bb5-8308-8495b25daaa2,f0b29bb3-383b-4819-8da0-e096685ab614,1633625691719,13.4329552,52.4947536,4.2132196,-3.0461934,-11.020933,-7.4510117,on bike mount,cyclo cross,True,sett,intermediate
375cd3de-11ce-4a01-ad36-8ebc61cba6f9,85c28264-2789-4bb5-8308-8495b25daaa2,23139b1e-fe06-4482-962f-baf17e48e323,1633625691769,13.4329552,52.4947536,4.2132196,0.31620717,-2.884993,3.6105728,on bike mount,cyclo cross,True,sett,intermediate
375cd3de-11ce-4a01-ad36-8ebc61cba6f9,85c28264-2789-4bb5-8308-8495b25daaa2,56572339-7d73-4b89-afc2-311af2a3252d,1633625691819,13.4329552,52.4947536,4.2132196,-10.508173,-8.615179,13.941914,on bike mount,cyclo cross,True,sett,intermediate
375cd3de-11ce-4a01-ad36-8ebc61cba6f9,85c28264-2789-4bb5-8308-8495b25daaa2,c305ba5c-4fdf-41b8-9304-5672d4deb5f9,1633625691871,13.4329552,52.4947536,4.2132196,3.4201212,-14.871138,-12.216844,on bike mount,cyclo cross,True,sett,intermediate
375cd3de-11ce-4a01-ad36-8ebc61cba6f9,85c28264-2789-4bb5-8308-8495b25daaa2,4728d18d-ecb4-4ede-a18f-abd6b32a80e4,1633625691921,13.4329552,52.4947536,4.2132196,-0.4766864,31.486908,-19.130566,on bike mount,cyclo cross,True,sett,intermediate
375cd3de-11ce-4a01-ad36-8ebc61cba6f9,85c28264-2789-4bb5-8308-8495b25daaa2,56cc41b6-d294-4816-b6bd-6f8c670dc6ba,1633625691987,13.4329552,52.4947536,4.2132196,1.1666739,-10.994429,-10.103254,on bike mount,cyclo cross,True,sett,intermediate
375cd3de-11ce-4a01-ad36-8ebc61cba6f9,85c28264-2789-4bb5-8308-8495b25daaa2,f8c37178-2805-4483-84b5-11648e7959ec,1633625692038,13.4329552,52.4947536,4.2132196,-2.3449733,-7.472368,15.88452,on bike mount,cyclo cross,True,sett,intermediate
375cd3de-11ce-4a01-ad36-8ebc61cba6f9,85c28264-2789-4bb5-8308-8495b25daaa2,6e4fe0fb-95db-4dcb-bb8c-2a106c610c42,1633625692088,13.4329552,52.4947536,4.2132196,-9.84967,7.91317,-1.2924013,on bike mount,cyclo cross,True,sett,intermediate
375cd3de-11ce-4a01-ad36-8ebc61cba6f9,85c28264-2789-4bb5-8308-8495b25daaa2,42834e20-6be6-4f86-99d2-b07eb00f3eb1,1633625692138,13.4329552,52.4947536,4.2132196,10.676854,-36.995148,9.133604,on bike mount,cyclo cross,True,sett,intermediate
375cd3de-11ce-4a01-ad36-8ebc61cba6f9,85c28264-2789-4bb5-8308-8495b25daaa2,bf257eff-77d4-41d0-b1ec-5843343f2b5d,1633625692189,13.4329552,52.4947536,4.2132196,10.15402,-14.957417,-0.46587944,on bike mount,cyclo cross,True,sett,intermediate
375cd3de-11ce-4a01-ad36-8ebc61cba6f9,85c28264-2789-4bb5-8308-8495b25daaa2,208880b3-e3d3-43e0-b011-cb47cf0eb3d8,1633625692253,13.4329552,52.4947536,4.2132196,4.8847013,-34.981445,-7.7782965,on bike mount,cyclo cross,True,sett,intermediate
375cd3de-11ce-4a01-ad36-8ebc61cba6f9,85c28264-2789-4bb5-8308-8495b25daaa2,60b6d112-bd14-42ba-a2f6-596cee63188f,1633625692304,13.4329552,52.4947536,4.2132196,2.9959357,-9.168226,9.785725,on bike mount,cyclo cross,True,sett,intermediate
375cd3de-11ce-4a01-ad36-8ebc61cba6f9,85c28264-2789-4bb5-8308-8495b25daaa2,40c36c27-4ba0-4b48-862b-cf025e759a1b,1633625692355,13.4329552,52.4947536,4.2132196,-2.661486,6.2916994,3.2784252,on bike mount,cyclo cross,True,sett,intermediate
375cd3de-11ce-4a01-ad36-8ebc61cba6f9,85c28264-2789-4bb5-8308-8495b25daaa2,3804a1e4-fab5-4b99-94a7-053395b4cd0d,1633625692406,13.4329552,52.4947536,4.2132196,1.2694592,-10.073613,5.9830523,on bike mount,cyclo cross,True,sett,intermediate
375cd3de-11ce-4a01-ad36-8ebc61cba6f9,85c28264-2789-4bb5-8308-8495b25daaa2,8b375cf1-7059-4c62-8574-8583fa9b5b78,1633625692472,13.4329552,52.4947536,4.2132196,2.9602556,-9.446043,-4.366643,on bike mount,cyclo cross,True,sett,intermediate
375cd3de-11ce-4a01-ad36-8ebc61cba6f9,85c28264-2789-4bb5-8308-8495b25daaa2,008c3874-ac1d-4f7d-a963-d69d39801080,1633625692523,13.4329552,52.4947536,4.2132196,-1.5029101,-10.121904,-20.988565,on bike mount,cyclo cross,True,sett,intermediate
375cd3de-11ce-4a01-ad36-8ebc61cba6f9,85c28264-2789-4bb5-8308-8495b25daaa2,b69668c9-ca68-405d-b255-13d5cb32db46,1633625692588,13.4328344,52.4947751,4.48766,3.0876336,-10.76053,12.531118,on bike mount,cyclo cross,True,sett,intermediate
375cd3de-11ce-4a01-ad36-8ebc61cba6f9,85c28264-2789-4bb5-8308-8495b25daaa2,efa3f2ba-ae00-43c5-8c02-27feaa3506c6,1633625692638,13.4328344,52.4947751,4.48766,-0.67689824,6.737705,-2.7224727,on bike mount,cyclo cross,True,sett,intermediate
375cd3de-11ce-4a01-ad36-8ebc61cba6f9,85c28264-2789-4bb5-8308-8495b25daaa2,05da446b-3b0e-4ce4-a7d0-e960bfc1c16c,1633625692689,13.4328344,52.4947751,4.48766,-2.999792,10.407323,-14.7397785,on bike mount,cyclo cross,True,sett,intermediate
375cd3de-11ce-4a01-ad36-8ebc61cba6f9,85c28264-2789-4bb5-8308-8495b25daaa2,4915cfb1-8c14-4bea-944f-736eee591dc5,1633625692738,13.4328344,52.4947751,4.48766,3.5731084,-0.1920681,18.761034,on bike mount,cyclo cross,True,sett,intermediate
375cd3de-11ce-4a01-ad36-8ebc61cba6f9,85c28264-2789-4bb5-8308-8495b25daaa2,5ec6d3e4-4186-40b1-b84c-de458ee29864,1633625692789,13.4328344,52.4947751,4.48766,-5.7215834,5.4417806,-19.623714,on bike mount,cyclo cross,True,sett,intermediate
375cd3de-11ce-4a01-ad36-8ebc61cba6f9,85c28264-2789-4bb5-8308-8495b25daaa2,20e202ad-0b8f-4d08-9963-c14012af70a4,1633625692839,13.4328344,52.4947751,4.48766,3.352039,-24.790802,-1.7921686,on bike mount,cyclo cross,True,sett,intermediate
375cd3de-11ce-4a01-ad36-8ebc61cba6f9,85c28264-2789-4bb5-8308-8495b25daaa2,c6992655-2d4e-48ce-b418-a726f2773402,1633625692889,13.4328344,52.4947751,4.48766,-1.3412458,-9.192589,-3.6042037,on bike mount,cyclo cross,True,sett,intermediate
375cd3de-11ce-4a01-ad36-8ebc61cba6f9,85c28264-2789-4bb5-8308-8495b25daaa2,ead04ae0-7c4f-4500-a337-f8b6a9c2079d,1633625692939,13.4328344,52.4947751,4.48766,-0.5435728,0.84760857,1.5921793,on bike mount,cyclo cross,True,sett,intermediate
375cd3de-11ce-4a01-ad36-8ebc61cba6f9,85c28264-2789-4bb5-8308-8495b25daaa2,968aac62-faf3-45c0-a579-bb3f52b1f67d,1633625692989,13.4328344,52.4947751,4.48766,-1.1338205,-6.2209024,-0.32327366,on bike mount,cyclo cross,True,sett,intermediate
375cd3de-11ce-4a01-ad36-8ebc61cba6f9,85c28264-2789-4bb5-8308-8495b25daaa2,359eda71-a9af-4f64-84e4-b1c4a6799ed9,1633625693041,13.4328344,52.4947751,4.48766,0.22442031,-8.230267,11.173637,on bike mount,cyclo cross,True,sett,intermediate
375cd3de-11ce-4a01-ad36-8ebc61cba6f9,85c28264-2789-4bb5-8308-8495b25daaa2,1a637baf-5c52-4d9f-a714-a6f281f4405b,1633625693090,13.4328344,52.4947751,4.48766,7.731085,10.232568,-23.894361,on bike mount,cyclo cross,True,sett,intermediate
375cd3de-11ce-4a01-ad36-8ebc61cba6f9,85c28264-2789-4bb5-8308-8495b25daaa2,88319ec4-6656-413e-979b-dcac4c6ac340,1633625693140,13.4328344,52.4947751,4.48766,-0.8690095,-2.844142,4.743039,on bike mount,cyclo cross,True,sett,intermediate
375cd3de-11ce-4a01-ad36-8ebc61cba6f9,85c28264-2789-4bb5-8308-8495b25daaa2,76c458a1-7f15-4c38-90be-ba481bed8c67,1633625693190,13.4328344,52.4947751,4.48766,10.63374,-10.566553,-27.332504,on bike mount,cyclo cross,True,sett,intermediate
375cd3de-11ce-4a01-ad36-8ebc61cba6f9,85c28264-2789-4bb5-8308-8495b25daaa2,53cf0fae-83ef-4b97-8b3b-ef1e9de649e2,1633625693255,13.4328344,52.4947751,4.48766,2.7709842,8.982418,-12.422596,on bike mount,cyclo cross,True,sett,intermediate
375cd3de-11ce-4a01-ad36-8ebc61cba6f9,85c28264-2789-4bb5-8308-8495b25daaa2,99e50933-cd21-4ed5-bb10-fc9b11177f01,1633625693306,13.4328344,52.4947751,4.48766,7.796132,19.268486,-15.178885,on bike mount,cyclo cross,True,sett,intermediate
375cd3de-11ce-4a01-ad36-8ebc61cba6f9,85c28264-2789-4bb5-8308-8495b25daaa2,52c2a546-0492-4d59-98fc-07a28767a933,1633625693357,13.4328344,52.4947751,4.48766,-1.548797,-4.4885855,-6.987839,on bike mount,cyclo cross,True,sett,intermediate
375cd3de-11ce-4a01-ad36-8ebc61cba6f9,85c28264-2789-4bb5-8308-8495b25daaa2,33559662-633a-46ea-90e1-3597f751c408,1633625693408,13.4328344,52.4947751,4.48766,-7.21624,9.019536,-18.108027,on bike mount,cyclo cross,True,sett,intermediate
375cd3de-11ce-4a01-ad36-8ebc61cba6f9,85c28264-2789-4bb5-8308-8495b25daaa2,846dbd89-2d68-4f83-8f8f-0562db4aad52,1633625693473,13.4328344,52.4947751,4.48766,1.316858,5.872465,-26.781797,on bike mount,cyclo cross,True,sett,intermediate
375cd3de-11ce-4a01-ad36-8ebc61cba6f9,85c28264-2789-4bb5-8308-8495b25daaa2,3ca66218-0f51-4949-8ac9-ba2cc198e71d,1633625693524,13.4328344,52.4947751,4.48766,-5.563563,24.594341,-19.335682,on bike mount,cyclo cross,True,sett,intermediate
375cd3de-11ce-4a01-ad36-8ebc61cba6f9,85c28264-2789-4bb5-8308-8495b25daaa2,5892a5b8-326c-4c4e-b08c-5e81e3cb4aef,1633625693575,13.4327647,52.4947981,4.6197295,-6.9031115,-0.55559635,-24.89463,on bike mount,cyclo cross,True,sett,intermediate
375cd3de-11ce-4a01-ad36-8ebc61cba6f9,85c28264-2789-4bb5-8308-8495b25daaa2,d32e26fd-df5f-42da-a42d-68c4bdb24740,1633625693640,13.4327647,52.4947981,4.6197295,-1.6498564,12.533642,-19.674006,on bike mount,cyclo cross,True,sett,intermediate
375cd3de-11ce-4a01-ad36-8ebc61cba6f9,85c28264-2789-4bb5-8308-8495b25daaa2,c71ad850-77b2-4a90-9847-b300c480f296,1633625693690,13.4327647,52.4947981,4.6197295,3.655506,-20.406857,25.478252,on bike mount,cyclo cross,True,sett,intermediate
375cd3de-11ce-4a01-ad36-8ebc61cba6f9,85c28264-2789-4bb5-8308-8495b25daaa2,9280ee7c-0b19-45d2-8fc9-1d787b39ad64,1633625693741,13.4327647,52.4947981,4.6197295,3.737162,37.774284,-8.324882,on bike mount,cyclo cross,True,sett,intermediate
375cd3de-11ce-4a01-ad36-8ebc61cba6f9,85c28264-2789-4bb5-8308-8495b25daaa2,ac71198b-203e-4f56-8137-b8483ee981f7,1633625693806,13.4327647,52.4947981,4.6197295,4.288338,11.653215,-10.02114,on bike mount,cyclo cross,True,sett,intermediate
375cd3de-11ce-4a01-ad36-8ebc61cba6f9,85c28264-2789-4bb5-8308-8495b25daaa2,6ce7cbd5-e99e-4436-9f69-1fe2242f4125,1633625693857,13.4327647,52.4947981,4.6197295,0.0631237,2.9329796,-0.33852768,on bike mount,cyclo cross,True,sett,intermediate
375cd3de-11ce-4a01-ad36-8ebc61cba6f9,85c28264-2789-4bb5-8308-8495b25daaa2,3f7e7ce5-1fce-44cf-877c-88070cc9e750,1633625693907,13.4327647,52.4947981,4.6197295,-2.4800622,-4.914844,-16.951283,on bike mount,cyclo cross,True,sett,intermediate
375cd3de-11ce-4a01-ad36-8ebc61cba6f9,85c28264-2789-4bb5-8308-8495b25daaa2,a7fefd51-ae0c-4caf-b169-b5cf5225d2ac,1633625693957,13.4327647,52.4947981,4.6197295,-4.1552935,-3.8235497,2.7240381,on bike mount,cyclo cross,True,sett,intermediate
375cd3de-11ce-4a01-ad36-8ebc61cba6f9,85c28264-2789-4bb5-8308-8495b25daaa2,7dc4cd58-52a9-43b2-bf5f-fe84c0f84642,1633625694008,13.4327647,52.4947981,4.6197295,5.20546,-23.80723,2.547923,on bike mount,cyclo cross,True,sett,intermediate
375cd3de-11ce-4a01-ad36-8ebc61cba6f9,85c28264-2789-4bb5-8308-8495b25daaa2,eb4872a1-58e0-44f2-a061-37d5a167f3ea,1633625694058,13.4327647,52.4947981,4.6197295,-1.3897314,8.614007,-5.5436273,on bike mount,cyclo cross,True,sett,intermediate
375cd3de-11ce-4a01-ad36-8ebc61cba6f9,85c28264-2789-4bb5-8308-8495b25daaa2,97b15522-eb37-4aa2-ae09-22e2a8570f62,1633625694109,13.4327647,52.4947981,4.6197295,1.1497281,-13.423773,4.3068266,on bike mount,cyclo cross,True,sett,intermediate
375cd3de-11ce-4a01-ad36-8ebc61cba6f9,85c28264-2789-4bb5-8308-8495b25daaa2,d340e558-f22d-43ab-baef-28ab22d042c4,1633625694160,13.4327647,52.4947981,4.6197295,2.1753647,-1.0272288,0.6969309,on bike mount,cyclo cross,True,sett,intermediate
375cd3de-11ce-4a01-ad36-8ebc61cba6f9,85c28264-2789-4bb5-8308-8495b25daaa2,72ff62ea-911f-4ccc-8480-c3245792cca4,1633625694210,13.4327647,52.4947981,4.6197295,-1.8606247,2.084127,-0.8520589,on bike mount,cyclo cross,True,sett,intermediate
375cd3de-11ce-4a01-ad36-8ebc61cba6f9,85c28264-2789-4bb5-8308-8495b25daaa2,4ee5c402-240e-4cfe-9d85-a981c6388033,1633625694275,13.4327647,52.4947981,4.6197295,-1.0550816,-4.1526656,2.886712,on bike mount,cyclo cross,True,sett,intermediate
375cd3de-11ce-4a01-ad36-8ebc61cba6f9,85c28264-2789-4bb5-8308-8495b25daaa2,a7c14b5d-f87e-461d-a4c0-98ee6927b7f2,1633625694326,13.4327647,52.4947981,4.6197295,-0.20014244,-0.3282671,-1.3388381,on bike mount,cyclo cross,True,sett,intermediate
375cd3de-11ce-4a01-ad36-8ebc61cba6f9,85c28264-2789-4bb5-8308-8495b25daaa2,05f69170-de0a-4dad-9623-7f07e056ce38,1633625694375,13.4327647,52.4947981,4.6197295,-0.69913465,-2.3523757,0.62317467,on bike mount,cyclo cross,True,sett,intermediate
375cd3de-11ce-4a01-ad36-8ebc61cba6f9,85c28264-2789-4bb5-8308-8495b25daaa2,5d417498-8a06-4539-9686-9ceeab321ddb,1633625694426,13.4327647,52.4947981,4.6197295,0.32430792,-0.77640104,-0.34586716,on bike mount,cyclo cross,True,sett,intermediate
375cd3de-11ce-4a01-ad36-8ebc61cba6f9,85c28264-2789-4bb5-8308-8495b25daaa2,e06d133f-f95e-4c3f-8f97-add4d8472bfb,1633625694477,13.4327647,52.4947981,4.6197295,0.49743325,-0.07467127,0.5645561,on bike mount,cyclo cross,True,sett,intermediate
375cd3de-11ce-4a01-ad36-8ebc61cba6f9,85c28264-2789-4bb5-8308-8495b25daaa2,ce97c034-569c-4894-b3d4-e9c4593d62b6,1633625694526,13.4327647,52.4947981,4.6197295,-0.15751874,-1.8910443,-1.4317575,on bike mount,cyclo cross,True,sett,intermediate
375cd3de-11ce-4a01-ad36-8ebc61cba6f9,85c28264-2789-4bb5-8308-8495b25daaa2,5807ad40-0c9b-44fb-9f1a-933d966bc05c,1633625694576,13.432693,52.4948233,4.6893063,0.674286,-0.43439603,0.82979584,on bike mount,cyclo cross,True,sett,intermediate
375cd3de-11ce-4a01-ad36-8ebc61cba6f9,85c28264-2789-4bb5-8308-8495b25daaa2,0d96af3d-4e15-4b38-90cf-6683fbd8d38e,1633625694627,13.432693,52.4948233,4.6893063,-0.21919465,-0.44465947,1.2126646,on bike mount,cyclo cross,True,sett,intermediate
375cd3de-11ce-4a01-ad36-8ebc61cba6f9,85c28264-2789-4bb5-8308-8495b25daaa2,ba989523-5b45-42de-ba1f-cec5e159d1a8,1633625694694,13.432693,52.4948233,4.6893063,-1.6143763,1.0585732,-0.491086,on bike mount,cyclo cross,True,sett,intermediate
375cd3de-11ce-4a01-ad36-8ebc61cba6f9,85c28264-2789-4bb5-8308-8495b25daaa2,58dc4291-9b37-425c-bb8e-66a5e5602d85,1633625694760,13.432693,52.4948233,4.6893063,0.06312421,1.9521537,-2.1195345,on bike mount,cyclo cross,True,sett,intermediate
375cd3de-11ce-4a01-ad36-8ebc61cba6f9,85c28264-2789-4bb5-8308-8495b25daaa2,eee4ec09-e051-4ecd-8e43-00b6e6cfdd38,1633625694810,13.432693,52.4948233,4.6893063,0.32423314,-0.3834591,2.426198,on bike mount,cyclo cross,True,sett,intermediate
375cd3de-11ce-4a01-ad36-8ebc61cba6f9,85c28264-2789-4bb5-8308-8495b25daaa2,dd36a9e3-2015-414b-8d64-412a04509181,1633625694860,13.432693,52.4948233,4.6893063,1.0248861,-0.5531695,3.806428,on bike mount,cyclo cross,True,sett,intermediate
375cd3de-11ce-4a01-ad36-8ebc61cba6f9,85c28264-2789-4bb5-8308-8495b25daaa2,9ac6e6d5-1210-4628-b2d2-d098be3b2c8b,1633625694910,13.432693,52.4948233,4.6893063,0.79744434,-1.2558115,-5.2786674,on bike mount,cyclo cross,True,sett,intermediate
375cd3de-11ce-4a01-ad36-8ebc61cba6f9,85c28264-2789-4bb5-8308-8495b25daaa2,b34b2866-613b-4593-921e-40d3697bbe9c,1633625694960,13.432693,52.4948233,4.6893063,2.1155925,9.157279,-10.990939,on bike mount,cyclo cross,True,sett,intermediate
375cd3de-11ce-4a01-ad36-8ebc61cba6f9,85c28264-2789-4bb5-8308-8495b25daaa2,7695b6a4-9ea0-4035-b3de-85697f60d4a6,1633625695010,13.432693,52.4948233,4.6893063,1.5508395,14.914821,-14.007756,on bike mount,cyclo cross,True,sett,intermediate
375cd3de-11ce-4a01-ad36-8ebc61cba6f9,85c28264-2789-4bb5-8308-8495b25daaa2,d5be1f0f-50f6-4aa1-8320-7d0f8f9003d9,1633625695060,13.432693,52.4948233,4.6893063,-1.0667486,-20.679953,32.656357,on bike mount,cyclo cross,True,sett,intermediate
375cd3de-11ce-4a01-ad36-8ebc61cba6f9,85c28264-2789-4bb5-8308-8495b25daaa2,f77c36c6-e83c-4ea7-83b7-5d2611fe31c1,1633625695112,13.432693,52.4948233,4.6893063,-0.7831936,8.956907,-11.665998,on bike mount,cyclo cross,True,sett,intermediate
375cd3de-11ce-4a01-ad36-8ebc61cba6f9,85c28264-2789-4bb5-8308-8495b25daaa2,0522b2a0-977e-4f69-8f95-10ef3ea1ccaf,1633625695162,13.432693,52.4948233,4.6893063,3.7983773,-5.254792,10.581202,on bike mount,cyclo cross,True,sett,intermediate
375cd3de-11ce-4a01-ad36-8ebc61cba6f9,85c28264-2789-4bb5-8308-8495b25daaa2,33f792c2-7732-4c11-98c4-7f50582d9252,1633625695227,13.432693,52.4948233,4.6893063,-0.65549713,2.065927,-11.478522,on bike mount,cyclo cross,True,sett,intermediate
375cd3de-11ce-4a01-ad36-8ebc61cba6f9,85c28264-2789-4bb5-8308-8495b25daaa2,d3056804-b5c5-435a-a18c-8952f555a877,1633625695277,13.432693,52.4948233,4.6893063,1.9272962,5.433126,-6.393581,on bike mount,cyclo cross,True,sett,intermediate
375cd3de-11ce-4a01-ad36-8ebc61cba6f9,85c28264-2789-4bb5-8308-8495b25daaa2,bd40da73-a9b7-4e13-99b6-3085088b63b5,1633625695328,13.432693,52.4948233,4.6893063,3.1976879,-9.0949,6.2275276,on bike mount,cyclo cross,True,sett,intermediate
375cd3de-11ce-4a01-ad36-8ebc61cba6f9,85c28264-2789-4bb5-8308-8495b25daaa2,0750625b-0d89-4fef-a8e4-c53db5704299,1633625695377,13.432693,52.4948233,4.6893063,3.8107858,-17.852148,20.827692,on bike mount,cyclo cross,True,sett,intermediate
375cd3de-11ce-4a01-ad36-8ebc61cba6f9,85c28264-2789-4bb5-8308-8495b25daaa2,9707b580-f888-4fd1-b8ba-86797c6fea98,1633625695428,13.432693,52.4948233,4.6893063,-2.3343477,-12.256927,-5.5133815,on bike mount,cyclo cross,True,sett,intermediate
375cd3de-11ce-4a01-ad36-8ebc61cba6f9,85c28264-2789-4bb5-8308-8495b25daaa2,cff57d32-6c84-4cba-94f2-65eb6c35b0f7,1633625695477,13.432693,52.4948233,4.6893063,-4.437468,12.153109,0.21540451,on bike mount,cyclo cross,True,sett,intermediate
375cd3de-11ce-4a01-ad36-8ebc61cba6f9,85c28264-2789-4bb5-8308-8495b25daaa2,3ad3d192-b9c0-460e-aaae-1a571de4117f,1633625695527,13.432693,52.4948233,4.6893063,3.98692,-25.735207,10.839371,on bike mount,cyclo cross,True,sett,intermediate
375cd3de-11ce-4a01-ad36-8ebc61cba6f9,85c28264-2789-4bb5-8308-8495b25daaa2,1751801c-b5bc-4c7a-b381-31f61dca79ab,1633625695579,13.4326411,52.4948538,4.7128987,-1.2030861,11.278655,0.617301,on bike mount,cyclo cross,True,sett,intermediate
375cd3de-11ce-4a01-ad36-8ebc61cba6f9,85c28264-2789-4bb5-8308-8495b25daaa2,e0cb911c-fb8d-477b-bfa2-ea3539b49f3f,1633625695645,13.4326411,52.4948538,4.7128987,2.1515725,5.037072,1.1585674,on bike mount,cyclo cross,True,sett,intermediate
375cd3de-11ce-4a01-ad36-8ebc61cba6f9,85c28264-2789-4bb5-8308-8495b25daaa2,fcf9289f-6f9f-456c-98bd-db9f596a52f4,1633625695696,13.4326411,52.4948538,4.7128987,2.4049907,4.044369,0.45676613,on bike mount,cyclo cross,True,sett,intermediate
375cd3de-11ce-4a01-ad36-8ebc61cba6f9,85c28264-2789-4bb5-8308-8495b25daaa2,26bb161c-11cd-4a69-8404-c5092e387352,1633625695762,13.4326411,52.4948538,4.7128987,-0.0033335686,-9.168778,27.818203,on bike mount,cyclo cross,True,sett,intermediate
375cd3de-11ce-4a01-ad36-8ebc61cba6f9,85c28264-2789-4bb5-8308-8495b25daaa2,04b87c66-3cb5-4660-8d09-93fe2595f16e,1633625695814,13.4326411,52.4948538,4.7128987,1.8828534,-3.63533,-20.044582,on bike mount,cyclo cross,True,sett,intermediate
375cd3de-11ce-4a01-ad36-8ebc61cba6f9,85c28264-2789-4bb5-8308-8495b25daaa2,57c91672-5eab-4517-b28c-6a22b8eb303a,1633625695878,13.4326411,52.4948538,4.7128987,3.8013053,-12.136344,-16.59471,on bike mount,cyclo cross,True,sett,intermediate
375cd3de-11ce-4a01-ad36-8ebc61cba6f9,85c28264-2789-4bb5-8308-8495b25daaa2,c635973f-7635-4f2c-8a6e-05ecc64029a6,1633625695929,13.4326411,52.4948538,4.7128987,2.485816,-8.454908,12.912356,on bike mount,cyclo cross,True,sett,intermediate
375cd3de-11ce-4a01-ad36-8ebc61cba6f9,85c28264-2789-4bb5-8308-8495b25daaa2,6eef77a0-6aa5-4824-910e-d5471bf7f34f,1633625695980,13.4326411,52.4948538,4.7128987,2.714421,-16.761372,17.71746,on bike mount,cyclo cross,True,sett,intermediate
375cd3de-11ce-4a01-ad36-8ebc61cba6f9,85c28264-2789-4bb5-8308-8495b25daaa2,9e24d8bf-ca97-4c1f-9caa-f83d2c6cd9d1,1633625696045,13.4326411,52.4948538,4.7128987,1.1495335,-5.3781366,11.286687,on bike mount,cyclo cross,True,sett,intermediate
375cd3de-11ce-4a01-ad36-8ebc61cba6f9,85c28264-2789-4bb5-8308-8495b25daaa2,4877e42b-772c-4b18-b720-cf6701a66fcc,1633625696097,13.4326411,52.4948538,4.7128987,-0.21678519,-14.028684,15.415796,on bike mount,cyclo cross,True,sett,intermediate
375cd3de-11ce-4a01-ad36-8ebc61cba6f9,85c28264-2789-4bb5-8308-8495b25daaa2,3973ffab-8440-4bb7-a18b-d86d04eeeb7e,1633625696164,13.4326411,52.4948538,4.7128987,3.2256262,-18.306578,22.819588,on bike mount,cyclo cross,True,sett,intermediate
375cd3de-11ce-4a01-ad36-8ebc61cba6f9,85c28264-2789-4bb5-8308-8495b25daaa2,2b64eaa6-8b01-4757-a800-29a8260e5c79,1633625696231,13.4326411,52.4948538,4.7128987,-4.2938952,14.23591,9.861547,on bike mount,cyclo cross,True,sett,intermediate
375cd3de-11ce-4a01-ad36-8ebc61cba6f9,85c28264-2789-4bb5-8308-8495b25daaa2,80552a10-c05d-49a3-aebf-50351bc3ca14,1633625696282,13.4326411,52.4948538,4.7128987,2.4366407,5.216544,21.196184,on bike mount,cyclo cross,True,sett,intermediate
375cd3de-11ce-4a01-ad36-8ebc61cba6f9,85c28264-2789-4bb5-8308-8495b25daaa2,7987ba2c-7c74-4fb3-a57f-c3441af7a2be,1633625696347,13.4326411,52.4948538,4.7128987,-0.16163957,20.082245,-10.116329,on bike mount,cyclo cross,True,sett,intermediate
375cd3de-11ce-4a01-ad36-8ebc61cba6f9,85c28264-2789-4bb5-8308-8495b25daaa2,a3936507-c6c0-490c-a040-d716c03c175b,1633625696414,13.4326411,52.4948538,4.7128987,3.247648,-11.615842,20.241896,on bike mount,cyclo cross,True,sett,intermediate
375cd3de-11ce-4a01-ad36-8ebc61cba6f9,85c28264-2789-4bb5-8308-8495b25daaa2,06e0829f-56e1-4ac0-aa68-f44cf85c9d9a,1633625696480,13.4326411,52.4948538,4.7128987,3.0631046,-9.702297,37.473183,on bike mount,cyclo cross,True,sett,intermediate
375cd3de-11ce-4a01-ad36-8ebc61cba6f9,85c28264-2789-4bb5-8308-8495b25daaa2,5517102e-5bc2-4a1d-8596-6a5616893731,1633625696530,13.4326411,52.4948538,4.7128987,-1.8224919,-16.148245,12.760473,on bike mount,cyclo cross,True,sett,intermediate
375cd3de-11ce-4a01-ad36-8ebc61cba6f9,85c28264-2789-4bb5-8308-8495b25daaa2,21dbc18b-5651-479c-be13-6341f4103f96,1633625696582,13.4325795,52.4948878,5.0865493,-2.314217,-19.779964,11.374142,on bike mount,cyclo cross,True,sett,intermediate
375cd3de-11ce-4a01-ad36-8ebc61cba6f9,85c28264-2789-4bb5-8308-8495b25daaa2,5b6b42db-871a-4a14-8452-1f99c7d26dd7,1633625696647,13.4325795,52.4948878,5.0865493,-2.5749288,18.614866,-7.208294,on bike mount,cyclo cross,True,sett,intermediate
375cd3de-11ce-4a01-ad36-8ebc61cba6f9,85c28264-2789-4bb5-8308-8495b25daaa2,89178269-b0af-4b8e-a79b-db72aa127f36,1633625696697,13.4325795,52.4948878,5.0865493,1.3119044,-13.194057,-7.4591327,on bike mount,cyclo cross,True,sett,intermediate
375cd3de-11ce-4a01-ad36-8ebc61cba6f9,85c28264-2789-4bb5-8308-8495b25daaa2,04482a91-61ac-45c6-b1c1-0b4f04b90212,1633625696747,13.4325795,52.4948878,5.0865493,-0.10477984,-13.1383095,-2.9018097,on bike mount,cyclo cross,True,sett,intermediate
375cd3de-11ce-4a01-ad36-8ebc61cba6f9,85c28264-2789-4bb5-8308-8495b25daaa2,8a3817a7-6642-4833-a707-c763488b70d2,1633625696796,13.4325795,52.4948878,5.0865493,0.8281166,-31.45895,0.72100925,on bike mount,cyclo cross,True,sett,intermediate
375cd3de-11ce-4a01-ad36-8ebc61cba6f9,85c28264-2789-4bb5-8308-8495b25daaa2,cb00ac0b-d284-4f6c-94df-8707ce7120ce,1633625696847,13.4325795,52.4948878,5.0865493,-6.1262503,32.43055,10.5972185,on bike mount,cyclo cross,True,sett,intermediate
375cd3de-11ce-4a01-ad36-8ebc61cba6f9,85c28264-2789-4bb5-8308-8495b25daaa2,0251418c-4cd8-45b7-bcdd-7f72a1fcc5be,1633625696899,13.4325795,52.4948878,5.0865493,-0.90526533,2.7550917,13.084089,on bike mount,cyclo cross,True,sett,intermediate
375cd3de-11ce-4a01-ad36-8ebc61cba6f9,85c28264-2789-4bb5-8308-8495b25daaa2,616ebb82-6437-41bf-a3b1-06fcd06f09cc,1633625696949,13.4325795,52.4948878,5.0865493,-8.064448,-3.4011111,-5.2789116,on bike mount,cyclo cross,True,sett,intermediate
375cd3de-11ce-4a01-ad36-8ebc61cba6f9,85c28264-2789-4bb5-8308-8495b25daaa2,c774efe2-b715-4ef8-ad9b-e4a07fe7792d,1633625697014,13.4325795,52.4948878,5.0865493,2.910252,-1.8403745,-7.6867485,on bike mount,cyclo cross,True,sett,intermediate
375cd3de-11ce-4a01-ad36-8ebc61cba6f9,85c28264-2789-4bb5-8308-8495b25daaa2,7330f118-2f62-43a4-84e3-4afc3d350ce7,1633625697065,13.4325795,52.4948878,5.0865493,-1.7641392,0.15896082,-2.4792385,on bike mount,cyclo cross,True,sett,intermediate
375cd3de-11ce-4a01-ad36-8ebc61cba6f9,85c28264-2789-4bb5-8308-8495b25daaa2,499db35b-7a2b-41ea-8c42-9f5e23c7ce48,1633625697116,13.4325795,52.4948878,5.0865493,0.59013444,24.963392,5.8054447,on bike mount,cyclo cross,True,sett,intermediate
375cd3de-11ce-4a01-ad36-8ebc61cba6f9,85c28264-2789-4bb5-8308-8495b25daaa2,14ef7d52-a369-4ac8-81be-15699dad75b8,1633625697166,13.4325795,52.4948878,5.0865493,3.1515303,-23.751202,-4.6117086,on bike mount,cyclo cross,True,sett,intermediate
375cd3de-11ce-4a01-ad36-8ebc61cba6f9,85c28264-2789-4bb5-8308-8495b25daaa2,93b90c59-d5d0-46e1-8cec-747667b1ba42,1633625697231,13.4325795,52.4948878,5.0865493,-6.3852396,20.35463,-6.285041,on bike mount,cyclo cross,True,sett,intermediate
375cd3de-11ce-4a01-ad36-8ebc61cba6f9,85c28264-2789-4bb5-8308-8495b25daaa2,4e1626d7-f7d0-47b3-9bbb-46388c1316ce,1633625697282,13.4325795,52.4948878,5.0865493,-1.6451807,4.609438,35.619476,on bike mount,cyclo cross,True,sett,intermediate
375cd3de-11ce-4a01-ad36-8ebc61cba6f9,85c28264-2789-4bb5-8308-8495b25daaa2,06bcef53-e158-4053-ba27-6b21e365598d,1633625697332,13.4325795,52.4948878,5.0865493,-11.610414,13.085832,12.387114,on bike mount,cyclo cross,True,sett,intermediate
375cd3de-11ce-4a01-ad36-8ebc61cba6f9,85c28264-2789-4bb5-8308-8495b25daaa2,2db662a8-e033-4983-af52-37ba1303362e,1633625697382,13.4325795,52.4948878,5.0865493,-1.6900296,27.07095,21.899513,on bike mount,cyclo cross,True,sett,intermediate
375cd3de-11ce-4a01-ad36-8ebc61cba6f9,85c28264-2789-4bb5-8308-8495b25daaa2,208cbbf8-a512-4985-83ad-522cfd76f926,1633625697433,13.4325795,52.4948878,5.0865493,1.1031786,-7.489485,8.700518,on bike mount,cyclo cross,True,sett,intermediate
375cd3de-11ce-4a01-ad36-8ebc61cba6f9,85c28264-2789-4bb5-8308-8495b25daaa2,fcacb0a0-7808-442f-af38-e7470e260839,1633625697484,13.4325795,52.4948878,5.0865493,0.85206306,6.596487,7.6032715,on bike mount,cyclo cross,True,sett,intermediate
375cd3de-11ce-4a01-ad36-8ebc61cba6f9,85c28264-2789-4bb5-8308-8495b25daaa2,864eb357-18ad-4c18-81d0-081dc4a06e14,1633625697538,13.4325795,52.4948878,5.0865493,1.414947,13.127663,27.032051,on bike mount,cyclo cross,True,sett,intermediate
375cd3de-11ce-4a01-ad36-8ebc61cba6f9,85c28264-2789-4bb5-8308-8495b25daaa2,4601acd6-a81c-484f-a348-3c4acf163630,1633625697599,13.4325215,52.4949249,5.2800894,-0.30012673,9.652598,20.946611,on bike mount,cyclo cross,True,sett,intermediate
375cd3de-11ce-4a01-ad36-8ebc61cba6f9,85c28264-2789-4bb5-8308-8495b25daaa2,97636481-0091-40d2-96e7-4de2a01ea570,1633625697666,13.4325215,52.4949249,5.2800894,-5.0287495,6.6434984,18.215717,on bike mount,cyclo cross,True,sett,intermediate
375cd3de-11ce-4a01-ad36-8ebc61cba6f9,85c28264-2789-4bb5-8308-8495b25daaa2,c94c6f57-d17b-4292-adb8-c6e39578f05b,1633625697716,13.4325215,52.4949249,5.2800894,0.16080289,7.3564873,-2.4298506,on bike mount,cyclo cross,True,sett,intermediate
375cd3de-11ce-4a01-ad36-8ebc61cba6f9,85c28264-2789-4bb5-8308-8495b25daaa2,fd85196b-fc51-4956-a00d-e5ac6cee4c37,1633625697766,13.4325215,52.4949249,5.2800894,-4.285125,23.740143,-31.64342,on bike mount,cyclo cross,True,sett,intermediate
375cd3de-11ce-4a01-ad36-8ebc61cba6f9,85c28264-2789-4bb5-8308-8495b25daaa2,ae4eef7c-678a-46f0-b188-4ef9d5d21a1d,1633625697816,13.4325215,52.4949249,5.2800894,-0.40534958,-26.649542,0.0029678345,on bike mount,cyclo cross,True,sett,intermediate
375cd3de-11ce-4a01-ad36-8ebc61cba6f9,85c28264-2789-4bb5-8308-8495b25daaa2,073e3724-ed65-46a0-9e71-6a822748d55b,1633625697866,13.4325215,52.4949249,5.2800894,9.346735,-20.658482,11.242985,on bike mount,cyclo cross,True,sett,intermediate
375cd3de-11ce-4a01-ad36-8ebc61cba6f9,85c28264-2789-4bb5-8308-8495b25daaa2,976ba55b-a014-4b98-adba-7e7be93c8160,1633625697917,13.4325215,52.4949249,5.2800894,1.8828299,27.875912,-31.326712,on bike mount,cyclo cross,True,sett,intermediate
375cd3de-11ce-4a01-ad36-8ebc61cba6f9,85c28264-2789-4bb5-8308-8495b25daaa2,73ce108b-eae6-49be-9bc9-974b40e1b6e4,1633625697968,13.4325215,52.4949249,5.2800894,-4.5108995,14.869839,-4.087319,on bike mount,cyclo cross,True,sett,intermediate
375cd3de-11ce-4a01-ad36-8ebc61cba6f9,85c28264-2789-4bb5-8308-8495b25daaa2,1ab560de-5ef4-45bc-9ec6-9f62c11f71e0,1633625698017,13.4325215,52.4949249,5.2800894,-14.252007,25.243467,-35.59252,on bike mount,cyclo cross,True,sett,intermediate
375cd3de-11ce-4a01-ad36-8ebc61cba6f9,85c28264-2789-4bb5-8308-8495b25daaa2,5aefa6ba-7e4f-485c-9940-a0fdc90c7a2e,1633625698068,13.4325215,52.4949249,5.2800894,4.146217,-0.13300419,-0.39882946,on bike mount,cyclo cross,True,sett,intermediate
375cd3de-11ce-4a01-ad36-8ebc61cba6f9,85c28264-2789-4bb5-8308-8495b25daaa2,3b927c5b-dda8-4e85-a7a3-98696011b5e5,1633625698133,13.4325215,52.4949249,5.2800894,1.2778933,-21.39841,10.134873,on bike mount,cyclo cross,True,sett,intermediate
375cd3de-11ce-4a01-ad36-8ebc61cba6f9,85c28264-2789-4bb5-8308-8495b25daaa2,1d8285b5-944d-4d24-8a2e-d3e0e1050523,1633625698184,13.4325215,52.4949249,5.2800894,4.9357815,13.752136,20.35438,on bike mount,cyclo cross,True,sett,intermediate
375cd3de-11ce-4a01-ad36-8ebc61cba6f9,85c28264-2789-4bb5-8308-8495b25daaa2,1e355d5f-d1c8-4f6e-9ef6-1018e8d53fd5,1633625698235,13.4325215,52.4949249,5.2800894,2.2014933,-21.69052,37.333015,on bike mount,cyclo cross,True,sett,intermediate
375cd3de-11ce-4a01-ad36-8ebc61cba6f9,85c28264-2789-4bb5-8308-8495b25daaa2,68648635-4fb2-4828-8586-d630be4e8444,1633625698301,13.4325215,52.4949249,5.2800894,1.2871759,-2.103688,4.694252,on bike mount,cyclo cross,True,sett,intermediate
375cd3de-11ce-4a01-ad36-8ebc61cba6f9,85c28264-2789-4bb5-8308-8495b25daaa2,9d660b07-135a-47f8-96cb-fa4e5d35305c,1633625698351,13.4325215,52.4949249,5.2800894,-0.96834695,-5.7258635,7.9727554,on bike mount,cyclo cross,True,sett,intermediate
375cd3de-11ce-4a01-ad36-8ebc61cba6f9,85c28264-2789-4bb5-8308-8495b25daaa2,404f0d3c-1d10-4afd-b5da-b8f8641af25b,1633625698418,13.4325215,52.4949249,5.2800894,3.1373003,-0.9869511,16.153978,on bike mount,cyclo cross,True,sett,intermediate
375cd3de-11ce-4a01-ad36-8ebc61cba6f9,85c28264-2789-4bb5-8308-8495b25daaa2,61863471-bc76-443a-82db-81791ce30ea8,1633625698467,13.4325215,52.4949249,5.2800894,-0.97308916,0.16846609,-5.647477,on bike mount,cyclo cross,True,sett,intermediate
375cd3de-11ce-4a01-ad36-8ebc61cba6f9,85c28264-2789-4bb5-8308-8495b25daaa2,0f3972ee-e9f5-4c5f-a634-23afbbcaf75b,1633625698518,13.4325215,52.4949249,5.2800894,-0.2676702,-12.5789795,6.937849,on bike mount,cyclo cross,True,sett,intermediate
375cd3de-11ce-4a01-ad36-8ebc61cba6f9,85c28264-2789-4bb5-8308-8495b25daaa2,188b786d-9db4-4dbf-a542-6ed4d0cf2a39,1633625698568,13.4324461,52.4949575,5.6441765,0.858511,-25.607147,20.75846,on bike mount,cyclo cross,True,sett,intermediate
375cd3de-11ce-4a01-ad36-8ebc61cba6f9,85c28264-2789-4bb5-8308-8495b25daaa2,e44f51f0-7215-4295-91ee-13191451c385,1633625698618,13.4324461,52.4949575,5.6441765,2.6288924,-7.5253677,19.678232,on bike mount,cyclo cross,True,sett,intermediate
375cd3de-11ce-4a01-ad36-8ebc61cba6f9,85c28264-2789-4bb5-8308-8495b25daaa2,99b30501-2405-4a32-b9f7-dc7a75403467,1633625698668,13.4324461,52.4949575,5.6441765,1.725006,-4.396555,5.860607,on bike mount,cyclo cross,True,sett,intermediate
375cd3de-11ce-4a01-ad36-8ebc61cba6f9,85c28264-2789-4bb5-8308-8495b25daaa2,62091b0f-8597-40f5-b171-93332e255422,1633625698719,13.4324461,52.4949575,5.6441765,0.46155697,0.6177168,5.5820503,on bike mount,cyclo cross,True,sett,intermediate
375cd3de-11ce-4a01-ad36-8ebc61cba6f9,85c28264-2789-4bb5-8308-8495b25daaa2,c3ad860f-cf35-495c-8c5a-4607fe9d08ab,1633625698768,13.4324461,52.4949575,5.6441765,-0.47650328,-4.714771,-36.177116,on bike mount,cyclo cross,True,sett,intermediate
375cd3de-11ce-4a01-ad36-8ebc61cba6f9,85c28264-2789-4bb5-8308-8495b25daaa2,960ae037-5200-49f8-8f25-d8949ff6f744,1633625698818,13.4324461,52.4949575,5.6441765,0.100993544,-20.045532,-13.253138,on bike mount,cyclo cross,True,sett,intermediate
375cd3de-11ce-4a01-ad36-8ebc61cba6f9,85c28264-2789-4bb5-8308-8495b25daaa2,ce0a6906-45c3-42cb-9141-4cadff77f6b9,1633625698869,13.4324461,52.4949575,5.6441765,-4.6175976,3.774167,-19.003426,on bike mount,cyclo cross,True,sett,intermediate
375cd3de-11ce-4a01-ad36-8ebc61cba6f9,85c28264-2789-4bb5-8308-8495b25daaa2,a081b253-77d5-4118-9747-c57cf5e29326,1633625698921,13.4324461,52.4949575,5.6441765,-0.020103663,-16.079151,0.25488663,on bike mount,cyclo cross,True,sett,intermediate
375cd3de-11ce-4a01-ad36-8ebc61cba6f9,85c28264-2789-4bb5-8308-8495b25daaa2,d0cb2707-0e3c-4b3a-9ea3-baa3a3fd6d7b,1633625698986,13.4324461,52.4949575,5.6441765,-2.7721794,-21.719202,-6.6155024,on bike mount,cyclo cross,True,sett,intermediate
375cd3de-11ce-4a01-ad36-8ebc61cba6f9,85c28264-2789-4bb5-8308-8495b25daaa2,0ddb6cbb-3efb-419a-a975-b6714d5cc97b,1633625699037,13.4324461,52.4949575,5.6441765,-5.073723,3.056138,14.178948,on bike mount,cyclo cross,True,sett,intermediate
375cd3de-11ce-4a01-ad36-8ebc61cba6f9,85c28264-2789-4bb5-8308-8495b25daaa2,66aaee94-21b8-445a-aa1c-35695fd497c2,1633625699102,13.4324461,52.4949575,5.6441765,-0.48674268,17.392843,-9.174477,on bike mount,cyclo cross,True,sett,intermediate
375cd3de-11ce-4a01-ad36-8ebc61cba6f9,85c28264-2789-4bb5-8308-8495b25daaa2,7ebe1d32-e57f-4699-8a38-cc94c6997372,1633625699153,13.4324461,52.4949575,5.6441765,-0.15907729,6.1944313,5.5627184,on bike mount,cyclo cross,True,sett,intermediate
375cd3de-11ce-4a01-ad36-8ebc61cba6f9,85c28264-2789-4bb5-8308-8495b25daaa2,5d90332d-8455-4c37-b234-64a8b9b82db8,1633625699219,13.4324461,52.4949575,5.6441765,-1.6405417,10.07074,2.845582,on bike mount,cyclo cross,True,sett,intermediate
375cd3de-11ce-4a01-ad36-8ebc61cba6f9,85c28264-2789-4bb5-8308-8495b25daaa2,58386250-b381-4bf6-9e69-84a6e0a11a3f,1633625699269,13.4324461,52.4949575,5.6441765,-0.75917184,4.76256,-10.627281,on bike mount,cyclo cross,True,sett,intermediate
375cd3de-11ce-4a01-ad36-8ebc61cba6f9,85c28264-2789-4bb5-8308-8495b25daaa2,866602d9-2a77-4e1e-8c61-50e3ac96d2cf,1633625699319,13.4324461,52.4949575,5.6441765,3.5105555,-3.8149385,-4.049011,on bike mount,cyclo cross,True,sett,intermediate
375cd3de-11ce-4a01-ad36-8ebc61cba6f9,85c28264-2789-4bb5-8308-8495b25daaa2,88c19d9c-5e65-49fc-b552-5dd29c9fac9f,1633625699369,13.4324461,52.4949575,5.6441765,-5.4126883,-23.058731,30.27691,on bike mount,cyclo cross,True,sett,intermediate
375cd3de-11ce-4a01-ad36-8ebc61cba6f9,85c28264-2789-4bb5-8308-8495b25daaa2,96c40dd4-1267-4d8f-927e-e87ae3a77f5d,1633625699419,13.4324461,52.4949575,5.6441765,3.1471002,15.43933,-17.055586,on bike mount,cyclo cross,True,sett,intermediate
375cd3de-11ce-4a01-ad36-8ebc61cba6f9,85c28264-2789-4bb5-8308-8495b25daaa2,694669bd-eb17-4fa0-806b-c6ac420789e2,1633625699469,13.4324461,52.4949575,5.6441765,1.5923865,-2.279911,-1.8964162,on bike mount,cyclo cross,True,sett,intermediate
375cd3de-11ce-4a01-ad36-8ebc61cba6f9,85c28264-2789-4bb5-8308-8495b25daaa2,26ef6097-25ef-46ef-bd2b-aa0baa483481,1633625699519,13.4324461,52.4949575,5.6441765,1.3907043,-13.921995,-6.6446147,on bike mount,cyclo cross,True,sett,intermediate
375cd3de-11ce-4a01-ad36-8ebc61cba6f9,85c28264-2789-4bb5-8308-8495b25daaa2,56f8174c-3e7d-453d-989b-0109b8efbb0e,1633625699571,13.4323737,52.4949849,5.606511,-5.056186,5.4127016,-2.8562732,on bike mount,cyclo cross,True,sett,intermediate
375cd3de-11ce-4a01-ad36-8ebc61cba6f9,85c28264-2789-4bb5-8308-8495b25daaa2,96917054-9c42-4e91-a202-235971787a4f,1633625699620,13.4323737,52.4949849,5.606511,-1.4021277,-20.32845,0.7514267,on bike mount,cyclo cross,True,sett,intermediate
375cd3de-11ce-4a01-ad36-8ebc61cba6f9,85c28264-2789-4bb5-8308-8495b25daaa2,cd876c03-e0c7-4f0f-ba70-47fa7e633f89,1633625699671,13.4323737,52.4949849,5.606511,2.4740658,4.7213216,-16.636024,on bike mount,cyclo cross,True,sett,intermediate
375cd3de-11ce-4a01-ad36-8ebc61cba6f9,85c28264-2789-4bb5-8308-8495b25daaa2,8fd5441f-504c-4fcf-bda9-4f6c62a953a2,1633625699721,13.4323737,52.4949849,5.606511,-0.85321516,-0.86512136,17.709818,on bike mount,cyclo cross,True,sett,intermediate
375cd3de-11ce-4a01-ad36-8ebc61cba6f9,85c28264-2789-4bb5-8308-8495b25daaa2,996c383c-ae00-4c0c-9885-099e6e6e1468,1633625699771,13.4323737,52.4949849,5.606511,-1.2806541,-2.1009343,6.7830086,on bike mount,cyclo cross,True,sett,intermediate
375cd3de-11ce-4a01-ad36-8ebc61cba6f9,85c28264-2789-4bb5-8308-8495b25daaa2,ea1df1e0-f95d-42d0-88a6-7c29e559d61c,1633625699837,13.4323737,52.4949849,5.606511,4.600495,-13.457048,27.871418,on bike mount,cyclo cross,True,sett,intermediate
375cd3de-11ce-4a01-ad36-8ebc61cba6f9,85c28264-2789-4bb5-8308-8495b25daaa2,5e9541fe-0ecb-4fcf-bb33-c69bcd2f426e,1633625699888,13.4323737,52.4949849,5.606511,-6.4556365,13.401495,5.4970865,on bike mount,cyclo cross,True,sett,intermediate
375cd3de-11ce-4a01-ad36-8ebc61cba6f9,85c28264-2789-4bb5-8308-8495b25daaa2,3eaafaa9-c9ea-4782-ade2-939a247c1c78,1633625699938,13.4323737,52.4949849,5.606511,1.5311604,-18.289497,18.315588,on bike mount,cyclo cross,True,sett,intermediate
375cd3de-11ce-4a01-ad36-8ebc61cba6f9,85c28264-2789-4bb5-8308-8495b25daaa2,91456f74-9907-4648-833e-1ed703de746d,1633625700004,13.4323737,52.4949849,5.606511,1.3235496,-6.389252,-12.3762665,on bike mount,cyclo cross,True,sett,intermediate
375cd3de-11ce-4a01-ad36-8ebc61cba6f9,85c28264-2789-4bb5-8308-8495b25daaa2,284fb2bc-7c11-4243-bb09-febc98f6d150,1633625700054,13.4323737,52.4949849,5.606511,-0.9447713,-3.428344,12.101673,on bike mount,cyclo cross,True,sett,intermediate
375cd3de-11ce-4a01-ad36-8ebc61cba6f9,85c28264-2789-4bb5-8308-8495b25daaa2,4fe8e1b8-f4f7-4395-b292-537d7f0bce6b,1633625700104,13.4323737,52.4949849,5.606511,0.70112836,12.453383,3.5978203,on bike mount,cyclo cross,True,sett,intermediate
375cd3de-11ce-4a01-ad36-8ebc61cba6f9,85c28264-2789-4bb5-8308-8495b25daaa2,853e6eaa-d14a-4683-aadb-7a131795ab62,1633625700155,13.4323737,52.4949849,5.606511,2.910077,-3.1321292,-19.90273,on bike mount,cyclo cross,True,sett,intermediate
375cd3de-11ce-4a01-ad36-8ebc61cba6f9,85c28264-2789-4bb5-8308-8495b25daaa2,92efff3b-2423-4309-874a-f0241f4a52f0,1633625700205,13.4323737,52.4949849,5.606511,-7.4391794,-2.750191,21.375788,on bike mount,cyclo cross,True,sett,intermediate
375cd3de-11ce-4a01-ad36-8ebc61cba6f9,85c28264-2789-4bb5-8308-8495b25daaa2,aa879752-aab0-4c52-9fac-2f7581b4f9b5,1633625700255,13.4323737,52.4949849,5.606511,1.3894818,3.259303,28.569954,on bike mount,cyclo cross,True,sett,intermediate
375cd3de-11ce-4a01-ad36-8ebc61cba6f9,85c28264-2789-4bb5-8308-8495b25daaa2,4f29baa0-5c32-45bd-a11e-f904a350e0d2,1633625700305,13.4323737,52.4949849,5.606511,14.151918,-22.42604,29.258947,on bike mount,cyclo cross,True,sett,intermediate
375cd3de-11ce-4a01-ad36-8ebc61cba6f9,85c28264-2789-4bb5-8308-8495b25daaa2,51a2fe87-8bb9-433f-8f9b-354c684af4b3,1633625700355,13.4323737,52.4949849,5.606511,10.5626,-8.900611,24.787498,on bike mount,cyclo cross,True,sett,intermediate
375cd3de-11ce-4a01-ad36-8ebc61cba6f9,85c28264-2789-4bb5-8308-8495b25daaa2,8baa40cf-bc11-4bf2-8763-3a55f31cf288,1633625700406,13.4323737,52.4949849,5.606511,-0.22118491,6.330409,-22.867208,on bike mount,cyclo cross,True,sett,intermediate
