bike_activity_uid,bike_activity_sample_uid,bike_activity_measurement,bike_activity_measurement_timestamp,bike_activity_measurement_lon,bike_activity_measurement_lat,bike_activity_measurement_speed,bike_activity_measurement_accelerometer_x,bike_activity_measurement_accelerometer_y,bike_activity_measurement_accelerometer_z,bike_activity_phone_position,bike_activity_bike_type,bike_activity_flagged_lab_conditions,bike_activity_surface_type,bike_activity_smoothness_type
3dac0a69-c190-48f3-bff8-b9ca65151940,4609b1c4-cf2f-4807-861e-4c5dfc0fc2ff,55d76c29-b1e6-4954-91dc-153ab8b8ddbd,1633098990341,13.4309256,52.4954287,6.079167,0.17924964,-34.557056,-7.288874,on bike mount,cyclo cross,True,sett,intermediate
3dac0a69-c190-48f3-bff8-b9ca65151940,4609b1c4-cf2f-4807-861e-4c5dfc0fc2ff,323d9def-8301-4875-a67e-18bb27ed793d,1633098990407,13.4309256,52.4954287,6.079167,-1.0200161,-2.6479585,18.884087,on bike mount,cyclo cross,True,sett,intermediate
3dac0a69-c190-48f3-bff8-b9ca65151940,4609b1c4-cf2f-4807-861e-4c5dfc0fc2ff,a5c9291f-9a06-4f94-b8da-4ad9abfa7fa7,1633098990457,13.4309256,52.4954287,6.079167,2.747254,19.460466,28.454618,on bike mount,cyclo cross,True,sett,intermediate
3dac0a69-c190-48f3-bff8-b9ca65151940,4609b1c4-cf2f-4807-861e-4c5dfc0fc2ff,a943b3cd-d68f-477a-81a6-93a2bebe3180,1633098990509,13.4309256,52.4954287,6.079167,-6.756806,10.185274,29.154266,on bike mount,cyclo cross,True,sett,intermediate
3dac0a69-c190-48f3-bff8-b9ca65151940,4609b1c4-cf2f-4807-861e-4c5dfc0fc2ff,22118de3-0d18-43c5-9530-bd12a90c40a9,1633098990573,13.4310081,52.4954116,5.7978926,0.17587256,11.642893,-29.283087,on bike mount,cyclo cross,True,sett,intermediate
3dac0a69-c190-48f3-bff8-b9ca65151940,4609b1c4-cf2f-4807-861e-4c5dfc0fc2ff,fe0a8705-37d0-4c17-986c-3a5d564d0d96,1633098990624,13.4310081,52.4954116,5.7978926,6.3801074,-4.2243853,-25.611805,on bike mount,cyclo cross,True,sett,intermediate
3dac0a69-c190-48f3-bff8-b9ca65151940,4609b1c4-cf2f-4807-861e-4c5dfc0fc2ff,76582146-c235-45a1-924b-92a635c34422,1633098990689,13.4310081,52.4954116,5.7978926,-1.9646424,11.017159,6.3508883,on bike mount,cyclo cross,True,sett,intermediate
3dac0a69-c190-48f3-bff8-b9ca65151940,4609b1c4-cf2f-4807-861e-4c5dfc0fc2ff,d97c1ba0-faa2-4fc2-a06c-ce39ee323d24,1633098990740,13.4310081,52.4954116,5.7978926,3.9835668,-3.9982166,-4.5276613,on bike mount,cyclo cross,True,sett,intermediate
3dac0a69-c190-48f3-bff8-b9ca65151940,4609b1c4-cf2f-4807-861e-4c5dfc0fc2ff,595bef7a-109a-4197-ae15-6e33fc11f803,1633098990791,13.4310081,52.4954116,5.7978926,0.053823814,1.4965377,-28.84888,on bike mount,cyclo cross,True,sett,intermediate
3dac0a69-c190-48f3-bff8-b9ca65151940,4609b1c4-cf2f-4807-861e-4c5dfc0fc2ff,7d28d096-5553-43ec-8400-75ff35889cc9,1633098990840,13.4310081,52.4954116,5.7978926,-0.23748457,0.8845053,-8.703598,on bike mount,cyclo cross,True,sett,intermediate
3dac0a69-c190-48f3-bff8-b9ca65151940,4609b1c4-cf2f-4807-861e-4c5dfc0fc2ff,85ddc640-4fdc-4705-81ce-c30676b84298,1633098990890,13.4310081,52.4954116,5.7978926,-1.2420249,26.216202,1.6308756,on bike mount,cyclo cross,True,sett,intermediate
3dac0a69-c190-48f3-bff8-b9ca65151940,4609b1c4-cf2f-4807-861e-4c5dfc0fc2ff,6f2aaf8f-a865-47f9-9320-01bd6571be25,1633098990941,13.4310081,52.4954116,5.7978926,1.4059862,46.21515,-8.720897,on bike mount,cyclo cross,True,sett,intermediate
3dac0a69-c190-48f3-bff8-b9ca65151940,4609b1c4-cf2f-4807-861e-4c5dfc0fc2ff,c9086b40-5cd5-4aa5-bb6f-78d04e71e3a8,1633098990991,13.4310081,52.4954116,5.7978926,-0.80280286,16.691465,20.00088,on bike mount,cyclo cross,True,sett,intermediate
3dac0a69-c190-48f3-bff8-b9ca65151940,4609b1c4-cf2f-4807-861e-4c5dfc0fc2ff,09dfae40-a454-419d-84d0-33def6a154c5,1633098991058,13.4310081,52.4954116,5.7978926,1.4438107,-7.432725,25.49589,on bike mount,cyclo cross,True,sett,intermediate
3dac0a69-c190-48f3-bff8-b9ca65151940,4609b1c4-cf2f-4807-861e-4c5dfc0fc2ff,011f3077-5528-4b36-a65f-f4c7464b4ce8,1633098991108,13.4310081,52.4954116,5.7978926,-9.782902,19.638641,8.326719,on bike mount,cyclo cross,True,sett,intermediate
3dac0a69-c190-48f3-bff8-b9ca65151940,4609b1c4-cf2f-4807-861e-4c5dfc0fc2ff,9fa3732e-8cd2-4bd2-9079-40dbc72ab88f,1633098991158,13.4310081,52.4954116,5.7978926,2.643281,6.6552734,-16.81215,on bike mount,cyclo cross,True,sett,intermediate
3dac0a69-c190-48f3-bff8-b9ca65151940,4609b1c4-cf2f-4807-861e-4c5dfc0fc2ff,ef4db0b5-d19c-4def-98e9-a630dabfbadc,1633098991209,13.4310081,52.4954116,5.7978926,1.5754379,-17.324966,7.9599323,on bike mount,cyclo cross,True,sett,intermediate
3dac0a69-c190-48f3-bff8-b9ca65151940,4609b1c4-cf2f-4807-861e-4c5dfc0fc2ff,d4aa6eb7-4c51-4015-86ac-c17733ae5f3e,1633098991274,13.4310081,52.4954116,5.7978926,-2.198788,2.4361129,-11.705815,on bike mount,cyclo cross,True,sett,intermediate
3dac0a69-c190-48f3-bff8-b9ca65151940,4609b1c4-cf2f-4807-861e-4c5dfc0fc2ff,b6acbc21-f787-4896-909c-35533c2449c2,1633098991341,13.4310081,52.4954116,5.7978926,7.2379074,-5.555992,2.80939,on bike mount,cyclo cross,True,sett,intermediate
3dac0a69-c190-48f3-bff8-b9ca65151940,4609b1c4-cf2f-4807-861e-4c5dfc0fc2ff,27b55b2f-8419-4115-bf3e-bb26cdf7d3f0,1633098991391,13.4310081,52.4954116,5.7978926,-2.749176,25.227528,-7.2879186,on bike mount,cyclo cross,True,sett,intermediate
3dac0a69-c190-48f3-bff8-b9ca65151940,4609b1c4-cf2f-4807-861e-4c5dfc0fc2ff,ae7f3fdb-2bc4-4516-88c0-a0b2361a7a29,1633098991441,13.4310081,52.4954116,5.7978926,-3.3903923,11.420685,-17.085922,on bike mount,cyclo cross,True,sett,intermediate
3dac0a69-c190-48f3-bff8-b9ca65151940,4609b1c4-cf2f-4807-861e-4c5dfc0fc2ff,b1cc8abf-1df7-41a1-a5b2-58d3aa68fe82,1633098991492,13.4310081,52.4954116,5.7978926,-5.815,-1.8533361,21.571966,on bike mount,cyclo cross,True,sett,intermediate
3dac0a69-c190-48f3-bff8-b9ca65151940,4609b1c4-cf2f-4807-861e-4c5dfc0fc2ff,e7abce27-f64f-482e-a702-6a1a6a8b316e,1633098991557,13.4310869,52.4953913,5.8274455,-0.7721633,26.08421,-43.499256,on bike mount,cyclo cross,True,sett,intermediate
3dac0a69-c190-48f3-bff8-b9ca65151940,4609b1c4-cf2f-4807-861e-4c5dfc0fc2ff,025027af-539f-4165-8de8-080be0137a53,1633098991607,13.4310869,52.4953913,5.8274455,-3.2527876,9.918627,7.212885,on bike mount,cyclo cross,True,sett,intermediate
3dac0a69-c190-48f3-bff8-b9ca65151940,4609b1c4-cf2f-4807-861e-4c5dfc0fc2ff,104804bd-70c3-41a6-9197-4e55c2a5b777,1633098991657,13.4310869,52.4953913,5.8274455,0.8204019,7.215064,-4.6733284,on bike mount,cyclo cross,True,sett,intermediate
3dac0a69-c190-48f3-bff8-b9ca65151940,4609b1c4-cf2f-4807-861e-4c5dfc0fc2ff,d0e5a0cc-d3b6-4b53-bbb5-157c61ac529f,1633098991708,13.4310869,52.4953913,5.8274455,5.171551,5.4356413,20.008867,on bike mount,cyclo cross,True,sett,intermediate
3dac0a69-c190-48f3-bff8-b9ca65151940,4609b1c4-cf2f-4807-861e-4c5dfc0fc2ff,b3d97a09-15b0-4203-b427-46585e02e4c8,1633098991759,13.4310869,52.4953913,5.8274455,-3.3848636,16.141533,-2.260543,on bike mount,cyclo cross,True,sett,intermediate
3dac0a69-c190-48f3-bff8-b9ca65151940,4609b1c4-cf2f-4807-861e-4c5dfc0fc2ff,f68c30ad-87ec-4a6d-8c87-14d7eb76158b,1633098991809,13.4310869,52.4953913,5.8274455,-3.5854511,2.0370288,-20.324707,on bike mount,cyclo cross,True,sett,intermediate
3dac0a69-c190-48f3-bff8-b9ca65151940,4609b1c4-cf2f-4807-861e-4c5dfc0fc2ff,e29ed442-2043-4184-93f6-8ea016dae0c3,1633098991859,13.4310869,52.4953913,5.8274455,-1.3906407,-18.946394,34.05337,on bike mount,cyclo cross,True,sett,intermediate
3dac0a69-c190-48f3-bff8-b9ca65151940,4609b1c4-cf2f-4807-861e-4c5dfc0fc2ff,52de3c38-18f2-47ea-b4ee-0bd0cf324bcb,1633098991909,13.4310869,52.4953913,5.8274455,-1.9835422,-24.607832,20.912584,on bike mount,cyclo cross,True,sett,intermediate
3dac0a69-c190-48f3-bff8-b9ca65151940,4609b1c4-cf2f-4807-861e-4c5dfc0fc2ff,9633bb05-4424-4df6-bc36-b07d15f89d13,1633098991975,13.4310869,52.4953913,5.8274455,-1.865644,0.9269681,-5.5417495,on bike mount,cyclo cross,True,sett,intermediate
3dac0a69-c190-48f3-bff8-b9ca65151940,4609b1c4-cf2f-4807-861e-4c5dfc0fc2ff,38d9fd17-037f-49a5-b458-e551bf7e5c94,1633098992025,13.4310869,52.4953913,5.8274455,2.0490408,4.5747404,13.586456,on bike mount,cyclo cross,True,sett,intermediate
3dac0a69-c190-48f3-bff8-b9ca65151940,4609b1c4-cf2f-4807-861e-4c5dfc0fc2ff,a9ee32f9-b2af-432a-918a-7a5ee080c893,1633098992075,13.4310869,52.4953913,5.8274455,-2.3348122,2.5142322,-1.3445458,on bike mount,cyclo cross,True,sett,intermediate
3dac0a69-c190-48f3-bff8-b9ca65151940,4609b1c4-cf2f-4807-861e-4c5dfc0fc2ff,a1bb8bc7-cbff-4076-bf77-fff5c80b0844,1633098992125,13.4310869,52.4953913,5.8274455,-0.25901234,-6.5626736,7.953333,on bike mount,cyclo cross,True,sett,intermediate
3dac0a69-c190-48f3-bff8-b9ca65151940,4609b1c4-cf2f-4807-861e-4c5dfc0fc2ff,fba1e9ee-c4d5-4299-b6e1-e8783e17784c,1633098992176,13.4310869,52.4953913,5.8274455,-2.8439407,-12.587955,3.0933475,on bike mount,cyclo cross,True,sett,intermediate
3dac0a69-c190-48f3-bff8-b9ca65151940,4609b1c4-cf2f-4807-861e-4c5dfc0fc2ff,c98a84c5-bc5d-47e2-ae9d-7ba762f9c855,1633098992226,13.4310869,52.4953913,5.8274455,-4.2880464,-0.59001064,22.720898,on bike mount,cyclo cross,True,sett,intermediate
3dac0a69-c190-48f3-bff8-b9ca65151940,4609b1c4-cf2f-4807-861e-4c5dfc0fc2ff,2642fdbd-7871-4cb9-94eb-ab4f2626a1c3,1633098992276,13.4310869,52.4953913,5.8274455,-5.986785,31.805588,-5.886142,on bike mount,cyclo cross,True,sett,intermediate
3dac0a69-c190-48f3-bff8-b9ca65151940,4609b1c4-cf2f-4807-861e-4c5dfc0fc2ff,d1abd5a7-cfac-4404-ab13-8ea9e58311c0,1633098992326,13.4310869,52.4953913,5.8274455,-4.325008,6.9281154,-26.77472,on bike mount,cyclo cross,True,sett,intermediate
3dac0a69-c190-48f3-bff8-b9ca65151940,4609b1c4-cf2f-4807-861e-4c5dfc0fc2ff,917ea349-2192-4eb9-9605-2e55f8d70b8d,1633098992392,13.4310869,52.4953913,5.8274455,-1.4902803,20.45205,5.026084,on bike mount,cyclo cross,True,sett,intermediate
3dac0a69-c190-48f3-bff8-b9ca65151940,4609b1c4-cf2f-4807-861e-4c5dfc0fc2ff,764de3b3-9d2f-4146-b447-3ba47ea5e645,1633098992442,13.4310869,52.4953913,5.8274455,0.6063374,17.773632,-24.016413,on bike mount,cyclo cross,True,sett,intermediate
3dac0a69-c190-48f3-bff8-b9ca65151940,4609b1c4-cf2f-4807-861e-4c5dfc0fc2ff,d766e3a0-afd3-4b09-aaa8-14f901cb6f53,1633098992495,13.4310869,52.4953913,5.8274455,3.2361448,-9.705313,24.727339,on bike mount,cyclo cross,True,sett,intermediate
3dac0a69-c190-48f3-bff8-b9ca65151940,4609b1c4-cf2f-4807-861e-4c5dfc0fc2ff,aece5e65-a210-4e2c-8d85-b806876475b8,1633098992543,13.4311638,52.4953686,5.7874174,0.3571669,-5.3637533,0.74718666,on bike mount,cyclo cross,True,sett,intermediate
3dac0a69-c190-48f3-bff8-b9ca65151940,4609b1c4-cf2f-4807-861e-4c5dfc0fc2ff,6ca6569a-4701-423d-8138-101840c490bc,1633098992609,13.4311638,52.4953686,5.7874174,0.7486559,9.638159,-8.717887,on bike mount,cyclo cross,True,sett,intermediate
3dac0a69-c190-48f3-bff8-b9ca65151940,4609b1c4-cf2f-4807-861e-4c5dfc0fc2ff,afb7d27b-d8b5-453b-8cee-c93d48317a26,1633098992659,13.4311638,52.4953686,5.7874174,-6.9331107,4.623706,-17.039934,on bike mount,cyclo cross,True,sett,intermediate
3dac0a69-c190-48f3-bff8-b9ca65151940,4609b1c4-cf2f-4807-861e-4c5dfc0fc2ff,c77f20ed-62b8-4e89-8fd4-151f82cb8226,1633098992710,13.4311638,52.4953686,5.7874174,2.1610541,4.515141,-9.005079,on bike mount,cyclo cross,True,sett,intermediate
3dac0a69-c190-48f3-bff8-b9ca65151940,4609b1c4-cf2f-4807-861e-4c5dfc0fc2ff,8c2a530e-fad3-428c-9d77-9696998df5ec,1633098992776,13.4311638,52.4953686,5.7874174,-0.3871255,10.236979,16.490433,on bike mount,cyclo cross,True,sett,intermediate
3dac0a69-c190-48f3-bff8-b9ca65151940,4609b1c4-cf2f-4807-861e-4c5dfc0fc2ff,6d1de2d4-a4ea-4269-ad7d-69f967cd7d18,1633098992827,13.4311638,52.4953686,5.7874174,1.2594159,16.37503,-19.346367,on bike mount,cyclo cross,True,sett,intermediate
3dac0a69-c190-48f3-bff8-b9ca65151940,4609b1c4-cf2f-4807-861e-4c5dfc0fc2ff,b82caa9f-90c9-47fe-b992-2e98a8e824af,1633098992892,13.4311638,52.4953686,5.7874174,-6.1776185,11.319052,-0.6765671,on bike mount,cyclo cross,True,sett,intermediate
3dac0a69-c190-48f3-bff8-b9ca65151940,4609b1c4-cf2f-4807-861e-4c5dfc0fc2ff,51255ad2-3d8b-4b1e-9dff-0df88c29e80a,1633098992943,13.4311638,52.4953686,5.7874174,4.698777,-43.8231,19.933338,on bike mount,cyclo cross,True,sett,intermediate
3dac0a69-c190-48f3-bff8-b9ca65151940,4609b1c4-cf2f-4807-861e-4c5dfc0fc2ff,058f3628-4d4e-4a61-a1cb-48f567751147,1633098993009,13.4311638,52.4953686,5.7874174,-9.2439,10.456638,2.940855,on bike mount,cyclo cross,True,sett,intermediate
3dac0a69-c190-48f3-bff8-b9ca65151940,4609b1c4-cf2f-4807-861e-4c5dfc0fc2ff,e3a45d4d-9ef6-4911-9702-b159284e5d89,1633098993061,13.4311638,52.4953686,5.7874174,-2.4509351,-3.0336022,-23.5848,on bike mount,cyclo cross,True,sett,intermediate
3dac0a69-c190-48f3-bff8-b9ca65151940,4609b1c4-cf2f-4807-861e-4c5dfc0fc2ff,df431e3a-a320-4e2b-a87b-1ab02de7452c,1633098993127,13.4311638,52.4953686,5.7874174,-7.7484956,49.022827,-9.372151,on bike mount,cyclo cross,True,sett,intermediate
3dac0a69-c190-48f3-bff8-b9ca65151940,4609b1c4-cf2f-4807-861e-4c5dfc0fc2ff,5a821816-ca21-4209-9a3a-8ccbc8249ea1,1633098993177,13.4311638,52.4953686,5.7874174,-1.5959282,19.499592,-19.965677,on bike mount,cyclo cross,True,sett,intermediate
3dac0a69-c190-48f3-bff8-b9ca65151940,4609b1c4-cf2f-4807-861e-4c5dfc0fc2ff,a497ccdb-cd1c-411b-ab20-e81e1f023fb0,1633098993227,13.4311638,52.4953686,5.7874174,-2.7977853,13.479408,-13.334982,on bike mount,cyclo cross,True,sett,intermediate
3dac0a69-c190-48f3-bff8-b9ca65151940,4609b1c4-cf2f-4807-861e-4c5dfc0fc2ff,50554bce-76b7-4e86-90dc-8727ab234a31,1633098993277,13.4311638,52.4953686,5.7874174,-4.7538443,1.4231973,-0.039369583,on bike mount,cyclo cross,True,sett,intermediate
3dac0a69-c190-48f3-bff8-b9ca65151940,4609b1c4-cf2f-4807-861e-4c5dfc0fc2ff,d42b1dc7-5224-4b94-9bb3-4f9568bc973a,1633098993327,13.4311638,52.4953686,5.7874174,2.3049033,-18.913181,5.4914417,on bike mount,cyclo cross,True,sett,intermediate
3dac0a69-c190-48f3-bff8-b9ca65151940,4609b1c4-cf2f-4807-861e-4c5dfc0fc2ff,adb37e7d-4b18-4f66-ab31-1381ce601cb6,1633098993377,13.4311638,52.4953686,5.7874174,-4.3478794,1.9531436,-12.022276,on bike mount,cyclo cross,True,sett,intermediate
3dac0a69-c190-48f3-bff8-b9ca65151940,4609b1c4-cf2f-4807-861e-4c5dfc0fc2ff,0b6a58b3-9db1-4a1c-97bd-2731f8f1e2c2,1633098993428,13.4311638,52.4953686,5.7874174,-1.7794006,-2.9787135,-11.1813965,on bike mount,cyclo cross,True,sett,intermediate
3dac0a69-c190-48f3-bff8-b9ca65151940,4609b1c4-cf2f-4807-861e-4c5dfc0fc2ff,fd4f80b9-40a9-4c49-95c5-7c69ea75821a,1633098993479,13.4311638,52.4953686,5.7874174,-1.1152284,-21.825119,9.925739,on bike mount,cyclo cross,True,sett,intermediate
3dac0a69-c190-48f3-bff8-b9ca65151940,4609b1c4-cf2f-4807-861e-4c5dfc0fc2ff,5307f4c2-6241-439b-8ff0-01e0d22b9478,1633098993544,13.4312335,52.495345,5.564138,-1.5495534,6.8654957,-11.47003,on bike mount,cyclo cross,True,sett,intermediate
3dac0a69-c190-48f3-bff8-b9ca65151940,4609b1c4-cf2f-4807-861e-4c5dfc0fc2ff,55a76675-f0f8-45ec-9465-e91ee9e9911b,1633098993595,13.4312335,52.495345,5.564138,2.9441292,-3.4699204,-16.521835,on bike mount,cyclo cross,True,sett,intermediate
3dac0a69-c190-48f3-bff8-b9ca65151940,4609b1c4-cf2f-4807-861e-4c5dfc0fc2ff,fc5b2b44-6b06-4054-a7e4-0e4b5a153dfe,1633098993646,13.4312335,52.495345,5.564138,-0.13829488,-20.85657,9.2681465,on bike mount,cyclo cross,True,sett,intermediate
3dac0a69-c190-48f3-bff8-b9ca65151940,4609b1c4-cf2f-4807-861e-4c5dfc0fc2ff,5c09b4ed-a9bb-4aa8-af11-aa7db91254d7,1633098993711,13.4312335,52.495345,5.564138,-2.3560474,-7.8384676,-9.257704,on bike mount,cyclo cross,True,sett,intermediate
3dac0a69-c190-48f3-bff8-b9ca65151940,4609b1c4-cf2f-4807-861e-4c5dfc0fc2ff,7624b13b-1900-4638-8feb-2e57507ff7b7,1633098993777,13.4312335,52.495345,5.564138,-0.7187625,13.50632,7.011423,on bike mount,cyclo cross,True,sett,intermediate
3dac0a69-c190-48f3-bff8-b9ca65151940,4609b1c4-cf2f-4807-861e-4c5dfc0fc2ff,ef978901-fb98-4af4-b616-b9e77f7e8f78,1633098993828,13.4312335,52.495345,5.564138,-2.456483,11.63508,2.6631336,on bike mount,cyclo cross,True,sett,intermediate
3dac0a69-c190-48f3-bff8-b9ca65151940,4609b1c4-cf2f-4807-861e-4c5dfc0fc2ff,2b2f58ab-889b-46cc-8ee6-94b8547215ea,1633098993894,13.4312335,52.495345,5.564138,4.4585376,-22.936636,3.8622456,on bike mount,cyclo cross,True,sett,intermediate
3dac0a69-c190-48f3-bff8-b9ca65151940,4609b1c4-cf2f-4807-861e-4c5dfc0fc2ff,f07bf8af-2881-48af-9892-730c522a8cfa,1633098993944,13.4312335,52.495345,5.564138,6.192691,4.9709325,-19.826206,on bike mount,cyclo cross,True,sett,intermediate
3dac0a69-c190-48f3-bff8-b9ca65151940,4609b1c4-cf2f-4807-861e-4c5dfc0fc2ff,99a5a821-8b58-4d18-8248-7b4e61a6e328,1633098993994,13.4312335,52.495345,5.564138,0.8314421,20.661785,0.5068722,on bike mount,cyclo cross,True,sett,intermediate
3dac0a69-c190-48f3-bff8-b9ca65151940,4609b1c4-cf2f-4807-861e-4c5dfc0fc2ff,7fc37d2a-6d00-4105-80b2-e6b2124480ce,1633098994044,13.4312335,52.495345,5.564138,-3.680886,-16.488583,15.473602,on bike mount,cyclo cross,True,sett,intermediate
3dac0a69-c190-48f3-bff8-b9ca65151940,4609b1c4-cf2f-4807-861e-4c5dfc0fc2ff,4925dee8-f24b-411c-9cdc-958f48aaf98d,1633098994095,13.4312335,52.495345,5.564138,-4.037608,-15.958442,4.9470625,on bike mount,cyclo cross,True,sett,intermediate
3dac0a69-c190-48f3-bff8-b9ca65151940,4609b1c4-cf2f-4807-861e-4c5dfc0fc2ff,05284edf-1644-4888-8fc9-b78070c4c7ac,1633098994144,13.4312335,52.495345,5.564138,-7.3683567,15.953363,-10.991778,on bike mount,cyclo cross,True,sett,intermediate
3dac0a69-c190-48f3-bff8-b9ca65151940,4609b1c4-cf2f-4807-861e-4c5dfc0fc2ff,05695055-f5db-48ed-9be5-7688efabf0a3,1633098994194,13.4312335,52.495345,5.564138,-0.021539927,-6.906596,0.6180439,on bike mount,cyclo cross,True,sett,intermediate
3dac0a69-c190-48f3-bff8-b9ca65151940,4609b1c4-cf2f-4807-861e-4c5dfc0fc2ff,1b00bf4f-90f9-49c3-841d-41e56ab168aa,1633098994245,13.4312335,52.495345,5.564138,2.0688558,3.7080169,-20.062748,on bike mount,cyclo cross,True,sett,intermediate
3dac0a69-c190-48f3-bff8-b9ca65151940,4609b1c4-cf2f-4807-861e-4c5dfc0fc2ff,d1cd479b-5157-42d9-acdb-2df5a4144e98,1633098994294,13.4312335,52.495345,5.564138,0.054953218,1.9630203,-17.855667,on bike mount,cyclo cross,True,sett,intermediate
3dac0a69-c190-48f3-bff8-b9ca65151940,4609b1c4-cf2f-4807-861e-4c5dfc0fc2ff,004718ae-fe97-4f0c-80b7-81c409ebef87,1633098994345,13.4312335,52.495345,5.564138,0.3863206,-10.294527,28.74682,on bike mount,cyclo cross,True,sett,intermediate
3dac0a69-c190-48f3-bff8-b9ca65151940,4609b1c4-cf2f-4807-861e-4c5dfc0fc2ff,39d61908-5fb0-41be-bfac-e22e135db871,1633098994395,13.4312335,52.495345,5.564138,-1.8533833,-28.335,21.885262,on bike mount,cyclo cross,True,sett,intermediate
3dac0a69-c190-48f3-bff8-b9ca65151940,4609b1c4-cf2f-4807-861e-4c5dfc0fc2ff,5d383036-1338-4a3e-b7d9-3aaf4d936f1b,1633098994444,13.4312335,52.495345,5.564138,-4.721418,26.88682,5.43923,on bike mount,cyclo cross,True,sett,intermediate
3dac0a69-c190-48f3-bff8-b9ca65151940,4609b1c4-cf2f-4807-861e-4c5dfc0fc2ff,8f185439-47a3-46fd-9099-dbd1d0c42ca4,1633098994494,13.4312335,52.495345,5.564138,-7.8762584,12.6713505,2.338461,on bike mount,cyclo cross,True,sett,intermediate
3dac0a69-c190-48f3-bff8-b9ca65151940,4609b1c4-cf2f-4807-861e-4c5dfc0fc2ff,13ab708a-6468-4fc6-b976-4dc1b60e1b8a,1633098994544,13.4313002,52.4953197,5.1515975,0.32608122,18.791601,-1.1848166,on bike mount,cyclo cross,True,sett,intermediate
3dac0a69-c190-48f3-bff8-b9ca65151940,4609b1c4-cf2f-4807-861e-4c5dfc0fc2ff,df6da917-7aff-4c78-b864-53c1d188971c,1633098994594,13.4313002,52.4953197,5.1515975,0.70921886,-1.7036855,-10.396982,on bike mount,cyclo cross,True,sett,intermediate
3dac0a69-c190-48f3-bff8-b9ca65151940,4609b1c4-cf2f-4807-861e-4c5dfc0fc2ff,ca264d2c-f895-4b85-8634-dbd32ebf22a2,1633098994644,13.4313002,52.4953197,5.1515975,-3.4241133,-36.462532,-2.4584475,on bike mount,cyclo cross,True,sett,intermediate
3dac0a69-c190-48f3-bff8-b9ca65151940,4609b1c4-cf2f-4807-861e-4c5dfc0fc2ff,7c048f12-af78-4f50-b398-015327349b1d,1633098994694,13.4313002,52.4953197,5.1515975,9.643497,2.1815195,-0.42277145,on bike mount,cyclo cross,True,sett,intermediate
3dac0a69-c190-48f3-bff8-b9ca65151940,4609b1c4-cf2f-4807-861e-4c5dfc0fc2ff,d1f6e710-96ef-4154-8738-a36ac6bd3afc,1633098994746,13.4313002,52.4953197,5.1515975,-6.146608,1.1104455,3.1756544,on bike mount,cyclo cross,True,sett,intermediate
3dac0a69-c190-48f3-bff8-b9ca65151940,4609b1c4-cf2f-4807-861e-4c5dfc0fc2ff,46153f32-5857-42ab-914b-3425e4562558,1633098994796,13.4313002,52.4953197,5.1515975,-7.9374857,11.527166,-8.643142,on bike mount,cyclo cross,True,sett,intermediate
3dac0a69-c190-48f3-bff8-b9ca65151940,4609b1c4-cf2f-4807-861e-4c5dfc0fc2ff,6f5c92b7-c7ed-4266-8c14-7b22058e1bbd,1633098994862,13.4313002,52.4953197,5.1515975,4.395979,-5.647047,-10.41017,on bike mount,cyclo cross,True,sett,intermediate
3dac0a69-c190-48f3-bff8-b9ca65151940,4609b1c4-cf2f-4807-861e-4c5dfc0fc2ff,37274da9-1c74-45ff-afc4-c1c09e86feac,1633098994912,13.4313002,52.4953197,5.1515975,-0.39876306,14.489197,-23.642122,on bike mount,cyclo cross,True,sett,intermediate
3dac0a69-c190-48f3-bff8-b9ca65151940,4609b1c4-cf2f-4807-861e-4c5dfc0fc2ff,56ec1492-730d-4da9-b51c-7b3102dc596d,1633098994962,13.4313002,52.4953197,5.1515975,4.452924,-25.617142,5.985222,on bike mount,cyclo cross,True,sett,intermediate
3dac0a69-c190-48f3-bff8-b9ca65151940,4609b1c4-cf2f-4807-861e-4c5dfc0fc2ff,0029b6c4-7904-47c3-b91f-d2af361e7a52,1633098995014,13.4313002,52.4953197,5.1515975,2.1118097,-4.2297435,0.994544,on bike mount,cyclo cross,True,sett,intermediate
3dac0a69-c190-48f3-bff8-b9ca65151940,4609b1c4-cf2f-4807-861e-4c5dfc0fc2ff,c51f1621-54ce-4938-8b74-05de646a63c0,1633098995064,13.4313002,52.4953197,5.1515975,-3.4367163,11.977564,-10.391879,on bike mount,cyclo cross,True,sett,intermediate
3dac0a69-c190-48f3-bff8-b9ca65151940,4609b1c4-cf2f-4807-861e-4c5dfc0fc2ff,21443007-83f7-4625-9681-5a2ea6ef8f16,1633098995114,13.4313002,52.4953197,5.1515975,-2.5476627,-2.5321372,-7.922882,on bike mount,cyclo cross,True,sett,intermediate
3dac0a69-c190-48f3-bff8-b9ca65151940,4609b1c4-cf2f-4807-861e-4c5dfc0fc2ff,0678c909-8b83-4fe2-8772-3188b97dc6bf,1633098995164,13.4313002,52.4953197,5.1515975,-5.42,-11.035494,7.0286636,on bike mount,cyclo cross,True,sett,intermediate
3dac0a69-c190-48f3-bff8-b9ca65151940,4609b1c4-cf2f-4807-861e-4c5dfc0fc2ff,7b87862e-3261-4729-93a0-2ddeca7b95b3,1633098995214,13.4313002,52.4953197,5.1515975,0.09015328,-24.31189,-11.067054,on bike mount,cyclo cross,True,sett,intermediate
3dac0a69-c190-48f3-bff8-b9ca65151940,4609b1c4-cf2f-4807-861e-4c5dfc0fc2ff,4a12f3d8-11af-45eb-8125-ef0389d02b37,1633098995279,13.4313002,52.4953197,5.1515975,3.2685924,8.552032,-12.250335,on bike mount,cyclo cross,True,sett,intermediate
3dac0a69-c190-48f3-bff8-b9ca65151940,4609b1c4-cf2f-4807-861e-4c5dfc0fc2ff,8f50fac0-758e-4ff2-8a9b-bd4c46333510,1633098995330,13.4313002,52.4953197,5.1515975,2.916675,1.6163168,-8.3117,on bike mount,cyclo cross,True,sett,intermediate
3dac0a69-c190-48f3-bff8-b9ca65151940,4609b1c4-cf2f-4807-861e-4c5dfc0fc2ff,8e29c210-bb26-4d8e-bf2f-7f0ee750bdae,1633098995380,13.4313002,52.4953197,5.1515975,3.7466207,-14.797279,-15.451021,on bike mount,cyclo cross,True,sett,intermediate
3dac0a69-c190-48f3-bff8-b9ca65151940,4609b1c4-cf2f-4807-861e-4c5dfc0fc2ff,15182655-a201-442a-8965-becc2c0b2ee4,1633098995430,13.4313002,52.4953197,5.1515975,-4.398257,-29.450333,28.483112,on bike mount,cyclo cross,True,sett,intermediate
3dac0a69-c190-48f3-bff8-b9ca65151940,4609b1c4-cf2f-4807-861e-4c5dfc0fc2ff,b81e4d25-dd0f-4138-97f7-e514ad6e9cd3,1633098995497,13.4313002,52.4953197,5.1515975,-2.8068047,-37.111553,14.129669,on bike mount,cyclo cross,True,sett,intermediate
3dac0a69-c190-48f3-bff8-b9ca65151940,4609b1c4-cf2f-4807-861e-4c5dfc0fc2ff,a8fed4d7-4e6b-4e2c-ba85-27184d7198c4,1633098995548,13.4313383,52.4953068,3.7999034,-3.3062367,1.0674994,0.58349323,on bike mount,cyclo cross,True,sett,intermediate
3dac0a69-c190-48f3-bff8-b9ca65151940,4609b1c4-cf2f-4807-861e-4c5dfc0fc2ff,6b7eaa6b-ede1-4e20-8383-23adc98fd68d,1633098995597,13.4313383,52.4953068,3.7999034,-2.0367584,-17.484955,7.680402,on bike mount,cyclo cross,True,sett,intermediate
3dac0a69-c190-48f3-bff8-b9ca65151940,4609b1c4-cf2f-4807-861e-4c5dfc0fc2ff,220301b2-2b08-45ff-8b98-ffbcd859f17f,1633098995647,13.4313383,52.4953068,3.7999034,-2.2436385,18.245995,1.2113743,on bike mount,cyclo cross,True,sett,intermediate
3dac0a69-c190-48f3-bff8-b9ca65151940,4609b1c4-cf2f-4807-861e-4c5dfc0fc2ff,9894f60a-6139-4042-a84f-1eaf46722520,1633098995698,13.4313383,52.4953068,3.7999034,-12.827543,12.780515,-4.6189966,on bike mount,cyclo cross,True,sett,intermediate
3dac0a69-c190-48f3-bff8-b9ca65151940,4609b1c4-cf2f-4807-861e-4c5dfc0fc2ff,2487855b-c2e4-4ed8-b661-f60f18cb03d1,1633098995764,13.4313383,52.4953068,3.7999034,1.5509548,-22.905273,-5.6905556,on bike mount,cyclo cross,True,sett,intermediate
3dac0a69-c190-48f3-bff8-b9ca65151940,4609b1c4-cf2f-4807-861e-4c5dfc0fc2ff,c28c1446-94b4-498f-9d8b-52a735a4c9cc,1633098995814,13.4313383,52.4953068,3.7999034,-0.6148831,-2.984729,13.236889,on bike mount,cyclo cross,True,sett,intermediate
3dac0a69-c190-48f3-bff8-b9ca65151940,4609b1c4-cf2f-4807-861e-4c5dfc0fc2ff,da4851eb-92fa-42fe-a170-449a4942cf15,1633098995863,13.4313383,52.4953068,3.7999034,2.1074553,-1.2024732,-5.2123423,on bike mount,cyclo cross,True,sett,intermediate
3dac0a69-c190-48f3-bff8-b9ca65151940,4609b1c4-cf2f-4807-861e-4c5dfc0fc2ff,54b47136-28a2-484f-847f-f24e210508cd,1633098995913,13.4313383,52.4953068,3.7999034,-3.2443438,7.9398556,2.2760534,on bike mount,cyclo cross,True,sett,intermediate
3dac0a69-c190-48f3-bff8-b9ca65151940,4609b1c4-cf2f-4807-861e-4c5dfc0fc2ff,953f752e-4a5e-4cb8-9329-d6e3f870036f,1633098995964,13.4313383,52.4953068,3.7999034,-3.7374184,12.434847,-5.231797,on bike mount,cyclo cross,True,sett,intermediate
3dac0a69-c190-48f3-bff8-b9ca65151940,4609b1c4-cf2f-4807-861e-4c5dfc0fc2ff,e6396d02-be7e-4055-b520-42d9a3e31329,1633098996015,13.4313383,52.4953068,3.7999034,-0.9243933,-7.337895,3.1947317,on bike mount,cyclo cross,True,sett,intermediate
3dac0a69-c190-48f3-bff8-b9ca65151940,4609b1c4-cf2f-4807-861e-4c5dfc0fc2ff,cb6ffe68-d282-4c66-b29a-e351be178e08,1633098996066,13.4313383,52.4953068,3.7999034,-3.3092253,-0.31131458,-1.1493125,on bike mount,cyclo cross,True,sett,intermediate
3dac0a69-c190-48f3-bff8-b9ca65151940,4609b1c4-cf2f-4807-861e-4c5dfc0fc2ff,8fd6b26a-8166-43f0-bab1-aa466e022fa6,1633098996131,13.4313383,52.4953068,3.7999034,0.6333772,-13.844813,8.47939,on bike mount,cyclo cross,True,sett,intermediate
3dac0a69-c190-48f3-bff8-b9ca65151940,4609b1c4-cf2f-4807-861e-4c5dfc0fc2ff,bff19187-1695-40bd-b2a3-537e14a6994c,1633098996181,13.4313383,52.4953068,3.7999034,4.7172146,-6.1297774,-1.9968424,on bike mount,cyclo cross,True,sett,intermediate
3dac0a69-c190-48f3-bff8-b9ca65151940,4609b1c4-cf2f-4807-861e-4c5dfc0fc2ff,91aee542-a0d4-4716-b92a-d0e20107d872,1633098996232,13.4313383,52.4953068,3.7999034,2.695042,-7.947573,17.110744,on bike mount,cyclo cross,True,sett,intermediate
3dac0a69-c190-48f3-bff8-b9ca65151940,4609b1c4-cf2f-4807-861e-4c5dfc0fc2ff,86f4b9da-ad8d-4bc0-af25-cba58440dc90,1633098996282,13.4313383,52.4953068,3.7999034,-3.46245,-7.862074,21.572418,on bike mount,cyclo cross,True,sett,intermediate
3dac0a69-c190-48f3-bff8-b9ca65151940,4609b1c4-cf2f-4807-861e-4c5dfc0fc2ff,b52473fd-7757-4e07-a634-44854068d839,1633098996332,13.4313383,52.4953068,3.7999034,-2.404621,4.9209104,6.503599,on bike mount,cyclo cross,True,sett,intermediate
3dac0a69-c190-48f3-bff8-b9ca65151940,4609b1c4-cf2f-4807-861e-4c5dfc0fc2ff,46f73698-c11f-4a64-8006-48e3e5013dd8,1633098996384,13.4313383,52.4953068,3.7999034,2.5816855,10.828512,28.565783,on bike mount,cyclo cross,True,sett,intermediate
3dac0a69-c190-48f3-bff8-b9ca65151940,4609b1c4-cf2f-4807-861e-4c5dfc0fc2ff,c65df304-e8ec-4250-9dd6-5d22b3056b3c,1633098996449,13.4313706,52.4952867,3.6285524,0.6514248,-3.8068829,-21.367645,on bike mount,cyclo cross,True,sett,intermediate
3dac0a69-c190-48f3-bff8-b9ca65151940,4609b1c4-cf2f-4807-861e-4c5dfc0fc2ff,88c67c90-d97c-4e57-8f30-f6dc36e7de1e,1633098996514,13.4313706,52.4952867,3.6285524,-2.2069902,0.5731683,-14.096928,on bike mount,cyclo cross,True,sett,intermediate
3dac0a69-c190-48f3-bff8-b9ca65151940,4609b1c4-cf2f-4807-861e-4c5dfc0fc2ff,d34c7d8e-4876-44de-8a6b-40a812f5faad,1633098996564,13.4313706,52.4952867,3.6285524,2.3035817,6.0583324,-25.973377,on bike mount,cyclo cross,True,sett,intermediate
3dac0a69-c190-48f3-bff8-b9ca65151940,4609b1c4-cf2f-4807-861e-4c5dfc0fc2ff,741b42de-1803-44ee-9443-ccf5ea537bad,1633098996614,13.4313706,52.4952867,3.6285524,-3.7675328,-25.694391,25.753534,on bike mount,cyclo cross,True,sett,intermediate
3dac0a69-c190-48f3-bff8-b9ca65151940,4609b1c4-cf2f-4807-861e-4c5dfc0fc2ff,6bcdbeeb-87f9-4f32-a6d9-c30151e64c85,1633098996664,13.4313706,52.4952867,3.6285524,5.6439424,-29.220413,10.547306,on bike mount,cyclo cross,True,sett,intermediate
3dac0a69-c190-48f3-bff8-b9ca65151940,4609b1c4-cf2f-4807-861e-4c5dfc0fc2ff,b451c06f-13ef-4018-b695-48de787d9f8c,1633098996714,13.4313706,52.4952867,3.6285524,-1.3268998,16.111076,11.647863,on bike mount,cyclo cross,True,sett,intermediate
3dac0a69-c190-48f3-bff8-b9ca65151940,4609b1c4-cf2f-4807-861e-4c5dfc0fc2ff,b6d8352e-6036-455d-9f30-1b217c8e72f9,1633098996764,13.4313706,52.4952867,3.6285524,-6.374671,-7.1409674,24.195568,on bike mount,cyclo cross,True,sett,intermediate
3dac0a69-c190-48f3-bff8-b9ca65151940,4609b1c4-cf2f-4807-861e-4c5dfc0fc2ff,61a538e9-a299-4200-bec4-5b5b0eeb8a50,1633098996814,13.4313706,52.4952867,3.6285524,-8.79724,5.272771,-10.632542,on bike mount,cyclo cross,True,sett,intermediate
3dac0a69-c190-48f3-bff8-b9ca65151940,4609b1c4-cf2f-4807-861e-4c5dfc0fc2ff,a67a718b-7c57-4396-be86-9038a4785244,1633098996865,13.4313706,52.4952867,3.6285524,0.33360538,-8.238058,-18.32926,on bike mount,cyclo cross,True,sett,intermediate
3dac0a69-c190-48f3-bff8-b9ca65151940,4609b1c4-cf2f-4807-861e-4c5dfc0fc2ff,1475d036-b6ec-485c-bb88-6c194b981682,1633098996916,13.4313706,52.4952867,3.6285524,-0.087039284,-35.14711,-3.5156002,on bike mount,cyclo cross,True,sett,intermediate
3dac0a69-c190-48f3-bff8-b9ca65151940,4609b1c4-cf2f-4807-861e-4c5dfc0fc2ff,ecf903e8-2ff9-4bc8-a8e3-a0ee0b59f08a,1633098996981,13.4313706,52.4952867,3.6285524,2.211955,2.4207006,6.3175306,on bike mount,cyclo cross,True,sett,intermediate
3dac0a69-c190-48f3-bff8-b9ca65151940,4609b1c4-cf2f-4807-861e-4c5dfc0fc2ff,439bf890-1eff-4d38-a3dd-2f6dbce192c3,1633098997033,13.4313706,52.4952867,3.6285524,0.9040682,0.41257596,2.6430235,on bike mount,cyclo cross,True,sett,intermediate
3dac0a69-c190-48f3-bff8-b9ca65151940,4609b1c4-cf2f-4807-861e-4c5dfc0fc2ff,b16d3aa3-8abe-4ffb-ac65-177b5f32852c,1633098997082,13.4313706,52.4952867,3.6285524,1.8723958,-16.613766,4.445071,on bike mount,cyclo cross,True,sett,intermediate
3dac0a69-c190-48f3-bff8-b9ca65151940,4609b1c4-cf2f-4807-861e-4c5dfc0fc2ff,ee00d2e5-182e-4ed6-98da-0abe852a4263,1633098997133,13.4313706,52.4952867,3.6285524,0.6427202,4.953658,17.063032,on bike mount,cyclo cross,True,sett,intermediate
3dac0a69-c190-48f3-bff8-b9ca65151940,4609b1c4-cf2f-4807-861e-4c5dfc0fc2ff,bbe2bf77-5160-4bf5-be40-fe449b8eee14,1633098997199,13.4313706,52.4952867,3.6285524,1.8678039,-21.74099,7.7256794,on bike mount,cyclo cross,True,sett,intermediate
3dac0a69-c190-48f3-bff8-b9ca65151940,4609b1c4-cf2f-4807-861e-4c5dfc0fc2ff,241e3e86-4dc0-49ce-aa7d-5ca4859d051c,1633098997249,13.4313706,52.4952867,3.6285524,-0.35257766,25.604364,-8.647977,on bike mount,cyclo cross,True,sett,intermediate
3dac0a69-c190-48f3-bff8-b9ca65151940,4609b1c4-cf2f-4807-861e-4c5dfc0fc2ff,6242e32b-bbba-4e02-a727-8aff86f4560e,1633098997299,13.4313706,52.4952867,3.6285524,-5.470358,12.74828,-0.011592388,on bike mount,cyclo cross,True,sett,intermediate
3dac0a69-c190-48f3-bff8-b9ca65151940,4609b1c4-cf2f-4807-861e-4c5dfc0fc2ff,7ab7a53e-db34-4301-a22b-743d6000684f,1633098997350,13.4313706,52.4952867,3.6285524,0.7419473,-4.218916,15.339371,on bike mount,cyclo cross,True,sett,intermediate
3dac0a69-c190-48f3-bff8-b9ca65151940,4609b1c4-cf2f-4807-861e-4c5dfc0fc2ff,22d84a8d-0ed1-4385-b71c-48cf34b92732,1633098997401,13.4313706,52.4952867,3.6285524,6.568239,-5.877744,-6.444461,on bike mount,cyclo cross,True,sett,intermediate
3dac0a69-c190-48f3-bff8-b9ca65151940,4609b1c4-cf2f-4807-861e-4c5dfc0fc2ff,2894c4b8-6722-4c41-81b4-f56fb6261cb8,1633098997450,13.4313706,52.4952867,3.6285524,0.04578726,46.364452,-27.484482,on bike mount,cyclo cross,True,sett,intermediate
3dac0a69-c190-48f3-bff8-b9ca65151940,4609b1c4-cf2f-4807-861e-4c5dfc0fc2ff,cad2e110-0ba0-465a-b4cc-c1a1fd7ba48b,1633098997505,13.4313706,52.4952867,3.6285524,1.4589934,-8.696397,-1.0865154,on bike mount,cyclo cross,True,sett,intermediate
3dac0a69-c190-48f3-bff8-b9ca65151940,4609b1c4-cf2f-4807-861e-4c5dfc0fc2ff,16478459-e6f2-470c-a096-5611043b6ccf,1633098997566,13.4315014,52.4952652,5.8426895,1.958783,-9.256471,-14.132678,on bike mount,cyclo cross,True,sett,intermediate
3dac0a69-c190-48f3-bff8-b9ca65151940,4609b1c4-cf2f-4807-861e-4c5dfc0fc2ff,92f1fa2d-a310-4cfb-ba6b-66a708ddbc0c,1633098997616,13.4315014,52.4952652,5.8426895,-1.0655673,19.091839,-19.08646,on bike mount,cyclo cross,True,sett,intermediate
3dac0a69-c190-48f3-bff8-b9ca65151940,4609b1c4-cf2f-4807-861e-4c5dfc0fc2ff,c1a56498-056c-46c7-b9ce-b816343c547b,1633098997666,13.4315014,52.4952652,5.8426895,1.1503447,5.885354,-18.558146,on bike mount,cyclo cross,True,sett,intermediate
3dac0a69-c190-48f3-bff8-b9ca65151940,4609b1c4-cf2f-4807-861e-4c5dfc0fc2ff,a4345447-543f-4b34-94bf-601a0b616d34,1633098997716,13.4315014,52.4952652,5.8426895,4.1633883,-30.300636,-2.1048956,on bike mount,cyclo cross,True,sett,intermediate
3dac0a69-c190-48f3-bff8-b9ca65151940,4609b1c4-cf2f-4807-861e-4c5dfc0fc2ff,0605ada6-7e36-4c58-966d-7a6f65bbd09b,1633098997766,13.4315014,52.4952652,5.8426895,-0.3002115,-9.591003,-18.663738,on bike mount,cyclo cross,True,sett,intermediate
3dac0a69-c190-48f3-bff8-b9ca65151940,4609b1c4-cf2f-4807-861e-4c5dfc0fc2ff,d8cf3590-79b6-4dbf-9705-063eacc64ec2,1633098997816,13.4315014,52.4952652,5.8426895,0.12787491,-9.539365,-6.877049,on bike mount,cyclo cross,True,sett,intermediate
3dac0a69-c190-48f3-bff8-b9ca65151940,4609b1c4-cf2f-4807-861e-4c5dfc0fc2ff,c4f47386-f1eb-4343-a554-b4816da430d6,1633098997867,13.4315014,52.4952652,5.8426895,0.58331686,-7.434124,20.995438,on bike mount,cyclo cross,True,sett,intermediate
3dac0a69-c190-48f3-bff8-b9ca65151940,4609b1c4-cf2f-4807-861e-4c5dfc0fc2ff,f8a72a23-f6e9-40e4-8c14-5f88d05af3e5,1633098997917,13.4315014,52.4952652,5.8426895,0.3589321,-1.0274019,22.518524,on bike mount,cyclo cross,True,sett,intermediate
3dac0a69-c190-48f3-bff8-b9ca65151940,4609b1c4-cf2f-4807-861e-4c5dfc0fc2ff,4fe801ee-d87d-4cdb-abfc-d5cffbf029a1,1633098997966,13.4315014,52.4952652,5.8426895,3.773945,-18.896334,24.329798,on bike mount,cyclo cross,True,sett,intermediate
3dac0a69-c190-48f3-bff8-b9ca65151940,4609b1c4-cf2f-4807-861e-4c5dfc0fc2ff,e547dacb-1336-47e8-9ae6-4246852f1fbc,1633098998016,13.4315014,52.4952652,5.8426895,3.3737504,-26.285841,29.49929,on bike mount,cyclo cross,True,sett,intermediate
3dac0a69-c190-48f3-bff8-b9ca65151940,4609b1c4-cf2f-4807-861e-4c5dfc0fc2ff,8b14b28a-91fb-444d-9a8f-79f00d1fa966,1633098998067,13.4315014,52.4952652,5.8426895,2.2560601,-29.877596,4.5818596,on bike mount,cyclo cross,True,sett,intermediate
3dac0a69-c190-48f3-bff8-b9ca65151940,4609b1c4-cf2f-4807-861e-4c5dfc0fc2ff,4f57f9cc-39b4-4646-8d70-a0a35945a4f3,1633098998117,13.4315014,52.4952652,5.8426895,1.947485,12.436414,-24.416447,on bike mount,cyclo cross,True,sett,intermediate
3dac0a69-c190-48f3-bff8-b9ca65151940,4609b1c4-cf2f-4807-861e-4c5dfc0fc2ff,12be80b6-e771-43f2-92b7-750aa1f33a43,1633098998168,13.4315014,52.4952652,5.8426895,-0.6034826,-6.667744,13.002005,on bike mount,cyclo cross,True,sett,intermediate
3dac0a69-c190-48f3-bff8-b9ca65151940,4609b1c4-cf2f-4807-861e-4c5dfc0fc2ff,0b58a6e7-1580-4fd9-8a7b-6aae59fdd59f,1633098998218,13.4315014,52.4952652,5.8426895,4.1434765,-15.646361,4.3818264,on bike mount,cyclo cross,True,sett,intermediate
3dac0a69-c190-48f3-bff8-b9ca65151940,4609b1c4-cf2f-4807-861e-4c5dfc0fc2ff,645aa8dc-4796-4120-8655-c978fe5337cc,1633098998268,13.4315014,52.4952652,5.8426895,-1.4118917,-0.37731647,-4.2752075,on bike mount,cyclo cross,True,sett,intermediate
3dac0a69-c190-48f3-bff8-b9ca65151940,4609b1c4-cf2f-4807-861e-4c5dfc0fc2ff,5a6ec279-a391-4d7e-a8fb-53929df0a79f,1633098998318,13.4315014,52.4952652,5.8426895,1.7636529,-15.375847,10.808544,on bike mount,cyclo cross,True,sett,intermediate
3dac0a69-c190-48f3-bff8-b9ca65151940,4609b1c4-cf2f-4807-861e-4c5dfc0fc2ff,a5897c33-e06a-4c90-937d-d25ade259d62,1633098998368,13.4315014,52.4952652,5.8426895,-4.4899096,8.954717,32.37619,on bike mount,cyclo cross,True,sett,intermediate
3dac0a69-c190-48f3-bff8-b9ca65151940,4609b1c4-cf2f-4807-861e-4c5dfc0fc2ff,2df6d2c7-da97-4a18-89bf-67ca8be6b8fd,1633098998418,13.4315014,52.4952652,5.8426895,-2.9770086,7.274192,-2.1133442,on bike mount,cyclo cross,True,sett,intermediate
3dac0a69-c190-48f3-bff8-b9ca65151940,4609b1c4-cf2f-4807-861e-4c5dfc0fc2ff,07b09d8d-9024-457b-adcf-f4be2a686f47,1633098998468,13.4315014,52.4952652,5.8426895,-2.0581677,5.058403,6.970929,on bike mount,cyclo cross,True,sett,intermediate
3dac0a69-c190-48f3-bff8-b9ca65151940,4609b1c4-cf2f-4807-861e-4c5dfc0fc2ff,c1a029c5-b663-41f4-9b05-bdf1d7350ece,1633098998518,13.4315855,52.4952423,6.147449,-2.899626,-9.406279,10.658133,on bike mount,cyclo cross,True,sett,intermediate
3dac0a69-c190-48f3-bff8-b9ca65151940,4609b1c4-cf2f-4807-861e-4c5dfc0fc2ff,1fbd1a18-a799-4bff-8078-ec88ca7929a2,1633098998568,13.4315855,52.4952423,6.147449,-0.86535645,2.6527593,-17.018267,on bike mount,cyclo cross,True,sett,intermediate
3dac0a69-c190-48f3-bff8-b9ca65151940,4609b1c4-cf2f-4807-861e-4c5dfc0fc2ff,7dc615dc-2ed9-44ac-80b2-902a5a871c3d,1633098998618,13.4315855,52.4952423,6.147449,-1.2360468,12.958282,21.919682,on bike mount,cyclo cross,True,sett,intermediate
3dac0a69-c190-48f3-bff8-b9ca65151940,4609b1c4-cf2f-4807-861e-4c5dfc0fc2ff,2b697305-ee55-4541-a2ac-fb9ae6498d31,1633098998668,13.4315855,52.4952423,6.147449,-5.5774193,0.7136493,-0.4900341,on bike mount,cyclo cross,True,sett,intermediate
3dac0a69-c190-48f3-bff8-b9ca65151940,4609b1c4-cf2f-4807-861e-4c5dfc0fc2ff,d502749a-e5ad-4df2-9a62-88f8c3e3c5ec,1633098998734,13.4315855,52.4952423,6.147449,6.4337416,-5.278845,0.4238577,on bike mount,cyclo cross,True,sett,intermediate
3dac0a69-c190-48f3-bff8-b9ca65151940,4609b1c4-cf2f-4807-861e-4c5dfc0fc2ff,20863298-be19-40fb-85cd-dea598cd6cac,1633098998784,13.4315855,52.4952423,6.147449,-5.9406366,-10.326364,9.043196,on bike mount,cyclo cross,True,sett,intermediate
3dac0a69-c190-48f3-bff8-b9ca65151940,4609b1c4-cf2f-4807-861e-4c5dfc0fc2ff,a28c0dc1-4b2e-45e7-8e26-5a8f2f1f236e,1633098998835,13.4315855,52.4952423,6.147449,1.8462927,14.296444,-3.5902448,on bike mount,cyclo cross,True,sett,intermediate
3dac0a69-c190-48f3-bff8-b9ca65151940,4609b1c4-cf2f-4807-861e-4c5dfc0fc2ff,83eac755-0a08-41cb-a7b6-1dedaf80e579,1633098998886,13.4315855,52.4952423,6.147449,-0.13876432,1.2346654,-3.6589289,on bike mount,cyclo cross,True,sett,intermediate
3dac0a69-c190-48f3-bff8-b9ca65151940,4609b1c4-cf2f-4807-861e-4c5dfc0fc2ff,b8781f0b-04ba-4231-a593-60bedaa4e3ea,1633098998936,13.4315855,52.4952423,6.147449,3.0275507,-11.980182,-8.305304,on bike mount,cyclo cross,True,sett,intermediate
3dac0a69-c190-48f3-bff8-b9ca65151940,4609b1c4-cf2f-4807-861e-4c5dfc0fc2ff,5e7c7dd2-18bb-4db5-9aca-2cd226d30a0f,1633098998986,13.4315855,52.4952423,6.147449,2.6427512,-2.8866222,13.561262,on bike mount,cyclo cross,True,sett,intermediate
3dac0a69-c190-48f3-bff8-b9ca65151940,4609b1c4-cf2f-4807-861e-4c5dfc0fc2ff,7573f083-27fe-4d46-a214-f11aa9ed8c13,1633098999051,13.4315855,52.4952423,6.147449,-0.11551291,16.329071,-12.672493,on bike mount,cyclo cross,True,sett,intermediate
3dac0a69-c190-48f3-bff8-b9ca65151940,4609b1c4-cf2f-4807-861e-4c5dfc0fc2ff,780e3908-845a-411e-be08-aff0b85567ec,1633098999101,13.4315855,52.4952423,6.147449,-0.53346455,14.71873,-16.188797,on bike mount,cyclo cross,True,sett,intermediate
3dac0a69-c190-48f3-bff8-b9ca65151940,4609b1c4-cf2f-4807-861e-4c5dfc0fc2ff,d74d7411-4964-4884-abfc-dfb5ff643928,1633098999153,13.4315855,52.4952423,6.147449,-7.496711,7.0842857,2.3774939,on bike mount,cyclo cross,True,sett,intermediate
3dac0a69-c190-48f3-bff8-b9ca65151940,4609b1c4-cf2f-4807-861e-4c5dfc0fc2ff,06382911-9900-4701-ad55-a39a28741414,1633098999203,13.4315855,52.4952423,6.147449,4.4827003,6.799799,-21.493214,on bike mount,cyclo cross,True,sett,intermediate
3dac0a69-c190-48f3-bff8-b9ca65151940,4609b1c4-cf2f-4807-861e-4c5dfc0fc2ff,cb1fe753-2162-42d2-a9fe-b19e454b3985,1633098999268,13.4315855,52.4952423,6.147449,3.4501457,0.32345986,7.290392,on bike mount,cyclo cross,True,sett,intermediate
3dac0a69-c190-48f3-bff8-b9ca65151940,4609b1c4-cf2f-4807-861e-4c5dfc0fc2ff,f7d3176a-6284-4d7c-af7f-aedfd46588df,1633098999319,13.4315855,52.4952423,6.147449,0.5621761,-15.530356,-20.268225,on bike mount,cyclo cross,True,sett,intermediate
3dac0a69-c190-48f3-bff8-b9ca65151940,4609b1c4-cf2f-4807-861e-4c5dfc0fc2ff,a4904b5c-5efe-476c-8d45-c3457cba12a3,1633098999369,13.4315855,52.4952423,6.147449,-3.7693374,1.0419588,10.56036,on bike mount,cyclo cross,True,sett,intermediate
3dac0a69-c190-48f3-bff8-b9ca65151940,4609b1c4-cf2f-4807-861e-4c5dfc0fc2ff,08bbaaf5-ae78-42e2-adbf-9c0d3e9efd8d,1633098999420,13.4315855,52.4952423,6.147449,-2.4818313,-12.925746,3.9435806,on bike mount,cyclo cross,True,sett,intermediate
3dac0a69-c190-48f3-bff8-b9ca65151940,4609b1c4-cf2f-4807-861e-4c5dfc0fc2ff,96910693-3fef-4809-be91-35531a0a19ed,1633098999489,13.4315855,52.4952423,6.147449,-1.7490466,-5.882901,3.165411,on bike mount,cyclo cross,True,sett,intermediate
3dac0a69-c190-48f3-bff8-b9ca65151940,4609b1c4-cf2f-4807-861e-4c5dfc0fc2ff,ecf5358c-6429-42d8-8380-20e73e24efea,1633098999552,13.431665,52.495212,6.4491153,5.8609037,-6.409283,1.6448889,on bike mount,cyclo cross,True,sett,intermediate
3dac0a69-c190-48f3-bff8-b9ca65151940,4609b1c4-cf2f-4807-861e-4c5dfc0fc2ff,16f9a4ea-cef9-4668-9400-24b01eed97af,1633098999603,13.431665,52.495212,6.4491153,-1.0267787,2.9757423,-2.6673014,on bike mount,cyclo cross,True,sett,intermediate
3dac0a69-c190-48f3-bff8-b9ca65151940,4609b1c4-cf2f-4807-861e-4c5dfc0fc2ff,a3c41301-0ea4-456d-9cde-b44742a64674,1633098999653,13.431665,52.495212,6.4491153,5.3137884,1.054925,15.423487,on bike mount,cyclo cross,True,sett,intermediate
3dac0a69-c190-48f3-bff8-b9ca65151940,4609b1c4-cf2f-4807-861e-4c5dfc0fc2ff,4232610c-e8ab-4a82-a6dd-a40f1253f93e,1633098999704,13.431665,52.495212,6.4491153,3.234921,4.6350207,-7.3426857,on bike mount,cyclo cross,True,sett,intermediate
3dac0a69-c190-48f3-bff8-b9ca65151940,4609b1c4-cf2f-4807-861e-4c5dfc0fc2ff,266bc173-c73e-4b29-abc9-07c950e914bd,1633098999753,13.431665,52.495212,6.4491153,3.928111,10.787185,16.538776,on bike mount,cyclo cross,True,sett,intermediate
3dac0a69-c190-48f3-bff8-b9ca65151940,4609b1c4-cf2f-4807-861e-4c5dfc0fc2ff,b345a7f5-639e-4121-9f89-ecfc708f48cb,1633098999819,13.431665,52.495212,6.4491153,-1.1609459,11.069942,-19.742123,on bike mount,cyclo cross,True,sett,intermediate
3dac0a69-c190-48f3-bff8-b9ca65151940,4609b1c4-cf2f-4807-861e-4c5dfc0fc2ff,6e553ca6-bc0f-48a0-b8ca-3f9a66e9da96,1633098999870,13.431665,52.495212,6.4491153,-1.2984749,-3.3487792,26.885056,on bike mount,cyclo cross,True,sett,intermediate
3dac0a69-c190-48f3-bff8-b9ca65151940,4609b1c4-cf2f-4807-861e-4c5dfc0fc2ff,48619fe0-7f7d-442c-9ed4-ee91632cdcdb,1633098999936,13.431665,52.495212,6.4491153,0.6324822,-0.9215534,35.823807,on bike mount,cyclo cross,True,sett,intermediate
3dac0a69-c190-48f3-bff8-b9ca65151940,4609b1c4-cf2f-4807-861e-4c5dfc0fc2ff,7c54b8e4-acaa-49d4-866f-28a125f39004,1633098999986,13.431665,52.495212,6.4491153,0.49641058,3.350521,-0.85917664,on bike mount,cyclo cross,True,sett,intermediate
3dac0a69-c190-48f3-bff8-b9ca65151940,4609b1c4-cf2f-4807-861e-4c5dfc0fc2ff,07b445fe-b98f-4dbb-ad7d-4b098a7be3af,1633099000037,13.431665,52.495212,6.4491153,-1.8467352,-13.951181,21.844387,on bike mount,cyclo cross,True,sett,intermediate
3dac0a69-c190-48f3-bff8-b9ca65151940,4609b1c4-cf2f-4807-861e-4c5dfc0fc2ff,0bb366b9-11eb-4a6f-85f0-a6997275dd1a,1633099000088,13.431665,52.495212,6.4491153,0.6960181,4.0548,-16.778345,on bike mount,cyclo cross,True,sett,intermediate
3dac0a69-c190-48f3-bff8-b9ca65151940,4609b1c4-cf2f-4807-861e-4c5dfc0fc2ff,522e3c29-b628-452b-adf5-bc4f4d9becb4,1633099000139,13.431665,52.495212,6.4491153,-3.0032096,20.459099,-16.23715,on bike mount,cyclo cross,True,sett,intermediate
3dac0a69-c190-48f3-bff8-b9ca65151940,4609b1c4-cf2f-4807-861e-4c5dfc0fc2ff,eb56ab8b-30cd-4f4d-9676-71c9aa8b10e3,1633099000204,13.431665,52.495212,6.4491153,-33.391018,28.211555,-1.0737286,on bike mount,cyclo cross,True,sett,intermediate
3dac0a69-c190-48f3-bff8-b9ca65151940,4609b1c4-cf2f-4807-861e-4c5dfc0fc2ff,5fbb7763-9d8f-4f03-8269-36b40bec1ce6,1633099000254,13.431665,52.495212,6.4491153,6.456346,-58.374325,67.26257,on bike mount,cyclo cross,True,sett,intermediate
3dac0a69-c190-48f3-bff8-b9ca65151940,4609b1c4-cf2f-4807-861e-4c5dfc0fc2ff,09b7b659-5edc-4396-a3bc-f02aae648949,1633099000321,13.431665,52.495212,6.4491153,-1.893083,-30.867079,-4.2674694,on bike mount,cyclo cross,True,sett,intermediate
3dac0a69-c190-48f3-bff8-b9ca65151940,4609b1c4-cf2f-4807-861e-4c5dfc0fc2ff,b5c0d269-3473-41f7-877e-a0837e8e45a0,1633099000388,13.431665,52.495212,6.4491153,12.241419,-35.97094,-1.3164921,on bike mount,cyclo cross,True,sett,intermediate
3dac0a69-c190-48f3-bff8-b9ca65151940,4609b1c4-cf2f-4807-861e-4c5dfc0fc2ff,3e4f3b62-12ed-4e48-87b5-4c92bec9aad2,1633099000436,13.431665,52.495212,6.4491153,-1.291312,-4.4572372,7.519541,on bike mount,cyclo cross,True,sett,intermediate
3dac0a69-c190-48f3-bff8-b9ca65151940,4609b1c4-cf2f-4807-861e-4c5dfc0fc2ff,1e5e498d-428c-4690-ad36-847e7d594b26,1633099000487,13.431665,52.495212,6.4491153,-4.0069494,-10.500515,14.754366,on bike mount,cyclo cross,True,sett,intermediate
3dac0a69-c190-48f3-bff8-b9ca65151940,4609b1c4-cf2f-4807-861e-4c5dfc0fc2ff,7d52476c-1fcf-4a13-9e90-74a793c853e4,1633099000536,13.4317449,52.4951779,6.642284,-0.52095795,20.937191,11.687729,on bike mount,cyclo cross,True,sett,intermediate
3dac0a69-c190-48f3-bff8-b9ca65151940,4609b1c4-cf2f-4807-861e-4c5dfc0fc2ff,d7ddc764-425a-4d4f-8b0c-afd9964b7f2b,1633099000587,13.4317449,52.4951779,6.642284,0.32577205,-3.5830538,-7.157667,on bike mount,cyclo cross,True,sett,intermediate
3dac0a69-c190-48f3-bff8-b9ca65151940,4609b1c4-cf2f-4807-861e-4c5dfc0fc2ff,55c29791-81e3-4a20-a791-911bca992562,1633099000638,13.4317449,52.4951779,6.642284,-5.9219,2.1812382,41.994465,on bike mount,cyclo cross,True,sett,intermediate
3dac0a69-c190-48f3-bff8-b9ca65151940,4609b1c4-cf2f-4807-861e-4c5dfc0fc2ff,7d779f23-38e8-42ba-8440-a95f25f9486e,1633099000688,13.4317449,52.4951779,6.642284,1.4774485,-21.552944,-6.703153,on bike mount,cyclo cross,True,sett,intermediate
3dac0a69-c190-48f3-bff8-b9ca65151940,4609b1c4-cf2f-4807-861e-4c5dfc0fc2ff,8f5236cd-c1c0-43c7-9409-cc1bf4abcdb9,1633099000754,13.4317449,52.4951779,6.642284,-4.26321,-18.629126,63.956577,on bike mount,cyclo cross,True,sett,intermediate
3dac0a69-c190-48f3-bff8-b9ca65151940,4609b1c4-cf2f-4807-861e-4c5dfc0fc2ff,2f512e00-d9a5-454e-a5e1-3ba6ef636eb3,1633099000805,13.4317449,52.4951779,6.642284,-20.589752,-7.427035,7.7791576,on bike mount,cyclo cross,True,sett,intermediate
3dac0a69-c190-48f3-bff8-b9ca65151940,4609b1c4-cf2f-4807-861e-4c5dfc0fc2ff,ed4007ed-140f-416e-9f1f-1c713978c0b0,1633099000854,13.4317449,52.4951779,6.642284,6.3884234,-41.527447,-7.0323906,on bike mount,cyclo cross,True,sett,intermediate
3dac0a69-c190-48f3-bff8-b9ca65151940,4609b1c4-cf2f-4807-861e-4c5dfc0fc2ff,7112c54f-6fc6-4b4d-a251-b49d57ef1841,1633099000905,13.4317449,52.4951779,6.642284,-10.33206,20.847843,-24.22402,on bike mount,cyclo cross,True,sett,intermediate
3dac0a69-c190-48f3-bff8-b9ca65151940,4609b1c4-cf2f-4807-861e-4c5dfc0fc2ff,688b35ae-5273-4a4b-9ab3-d52f94313741,1633099000955,13.4317449,52.4951779,6.642284,0.7119133,10.043905,3.030798,on bike mount,cyclo cross,True,sett,intermediate
3dac0a69-c190-48f3-bff8-b9ca65151940,4609b1c4-cf2f-4807-861e-4c5dfc0fc2ff,b5ed8408-de1d-4cc3-8bcd-6ce40805a655,1633099001005,13.4317449,52.4951779,6.642284,-8.861549,29.231392,-2.4671578,on bike mount,cyclo cross,True,sett,intermediate
3dac0a69-c190-48f3-bff8-b9ca65151940,4609b1c4-cf2f-4807-861e-4c5dfc0fc2ff,e78958ec-2771-4142-9fbf-f9aab7136eac,1633099001056,13.4317449,52.4951779,6.642284,-0.9662144,-15.453453,14.751312,on bike mount,cyclo cross,True,sett,intermediate
3dac0a69-c190-48f3-bff8-b9ca65151940,4609b1c4-cf2f-4807-861e-4c5dfc0fc2ff,3b586b88-e80f-4a74-a769-2715f845b094,1633099001121,13.4317449,52.4951779,6.642284,-3.5089402,17.405708,20.518997,on bike mount,cyclo cross,True,sett,intermediate
3dac0a69-c190-48f3-bff8-b9ca65151940,4609b1c4-cf2f-4807-861e-4c5dfc0fc2ff,5ad0e31b-da1b-4062-af0d-207df8a54125,1633099001171,13.4317449,52.4951779,6.642284,-9.515052,40.5697,21.511305,on bike mount,cyclo cross,True,sett,intermediate
3dac0a69-c190-48f3-bff8-b9ca65151940,4609b1c4-cf2f-4807-861e-4c5dfc0fc2ff,f47698c2-8b91-43d9-891e-d491a3438e3c,1633099001223,13.4317449,52.4951779,6.642284,-4.771947,1.1810522,-4.453255,on bike mount,cyclo cross,True,sett,intermediate
3dac0a69-c190-48f3-bff8-b9ca65151940,4609b1c4-cf2f-4807-861e-4c5dfc0fc2ff,c16e017f-7e95-47b9-8f4e-e1195d92ccb3,1633099001289,13.4317449,52.4951779,6.642284,-11.626396,-4.3489337,36.339493,on bike mount,cyclo cross,True,sett,intermediate
3dac0a69-c190-48f3-bff8-b9ca65151940,4609b1c4-cf2f-4807-861e-4c5dfc0fc2ff,a15be620-f6f0-4b87-9253-ba8db04fcc26,1633099001340,13.4317449,52.4951779,6.642284,-6.566912,-44.84847,3.4984388,on bike mount,cyclo cross,True,sett,intermediate
3dac0a69-c190-48f3-bff8-b9ca65151940,4609b1c4-cf2f-4807-861e-4c5dfc0fc2ff,69dad5a8-4029-4724-84da-041999f45a31,1633099001406,13.4317449,52.4951779,6.642284,6.617502,22.082754,-40.579475,on bike mount,cyclo cross,True,sett,intermediate
3dac0a69-c190-48f3-bff8-b9ca65151940,4609b1c4-cf2f-4807-861e-4c5dfc0fc2ff,491e257e-f3b6-4a28-8bf8-301f57dc0132,1633099001456,13.4317449,52.4951779,6.642284,-0.08383334,-73.056564,-4.241456,on bike mount,cyclo cross,True,sett,intermediate
3dac0a69-c190-48f3-bff8-b9ca65151940,4609b1c4-cf2f-4807-861e-4c5dfc0fc2ff,6bf65abf-f4ce-4152-9096-bea8fdd75dde,1633099001506,13.4318264,52.4951493,5.8159246,-12.767887,-5.0505757,-6.7579255,on bike mount,cyclo cross,True,sett,intermediate
3dac0a69-c190-48f3-bff8-b9ca65151940,4609b1c4-cf2f-4807-861e-4c5dfc0fc2ff,24820206-1035-4beb-be2f-27d987500c40,1633099001571,13.4318264,52.4951493,5.8159246,1.8900734,4.9978943,-2.6083088,on bike mount,cyclo cross,True,sett,intermediate
3dac0a69-c190-48f3-bff8-b9ca65151940,4609b1c4-cf2f-4807-861e-4c5dfc0fc2ff,b7b66087-af6b-4c92-84ed-fe98bd8816ee,1633099001622,13.4318264,52.4951493,5.8159246,5.9108443,-7.8376193,9.085363,on bike mount,cyclo cross,True,sett,intermediate
3dac0a69-c190-48f3-bff8-b9ca65151940,4609b1c4-cf2f-4807-861e-4c5dfc0fc2ff,59efdedc-5b5d-4b45-9a99-da36d6005efa,1633099001673,13.4318264,52.4951493,5.8159246,3.6098356,16.474247,-7.3031445,on bike mount,cyclo cross,True,sett,intermediate
3dac0a69-c190-48f3-bff8-b9ca65151940,4609b1c4-cf2f-4807-861e-4c5dfc0fc2ff,9ee1b93c-362f-4451-98e9-19885a856c83,1633099001722,13.4318264,52.4951493,5.8159246,-0.21757102,-6.561615,6.7777443,on bike mount,cyclo cross,True,sett,intermediate
3dac0a69-c190-48f3-bff8-b9ca65151940,4609b1c4-cf2f-4807-861e-4c5dfc0fc2ff,a0d0ea3f-de3f-4803-8cd9-4985d58e2b26,1633099001772,13.4318264,52.4951493,5.8159246,-8.608832,-21.029888,-2.5790796,on bike mount,cyclo cross,True,sett,intermediate
3dac0a69-c190-48f3-bff8-b9ca65151940,4609b1c4-cf2f-4807-861e-4c5dfc0fc2ff,9c243225-e2e3-495b-9565-4141e159acc6,1633099001823,13.4318264,52.4951493,5.8159246,4.181745,-0.5296478,0.84184504,on bike mount,cyclo cross,True,sett,intermediate
3dac0a69-c190-48f3-bff8-b9ca65151940,4609b1c4-cf2f-4807-861e-4c5dfc0fc2ff,29146fe2-c739-4971-acb3-f71f8d9bf42f,1633099001873,13.4318264,52.4951493,5.8159246,2.6611018,-2.2204404,-2.726149,on bike mount,cyclo cross,True,sett,intermediate
3dac0a69-c190-48f3-bff8-b9ca65151940,4609b1c4-cf2f-4807-861e-4c5dfc0fc2ff,cd84c4bd-8f56-4136-ade2-a8608fabcc70,1633099001925,13.4318264,52.4951493,5.8159246,0.5261757,1.2813787,24.549503,on bike mount,cyclo cross,True,sett,intermediate
3dac0a69-c190-48f3-bff8-b9ca65151940,4609b1c4-cf2f-4807-861e-4c5dfc0fc2ff,13113511-f6ed-4329-933c-b5713676c20d,1633099001990,13.4318264,52.4951493,5.8159246,-3.058797,0.9694214,22.261696,on bike mount,cyclo cross,True,sett,intermediate
3dac0a69-c190-48f3-bff8-b9ca65151940,4609b1c4-cf2f-4807-861e-4c5dfc0fc2ff,51c7acc7-e28e-4532-becb-f5469e2dbd0c,1633099002040,13.4318264,52.4951493,5.8159246,5.4544997,15.947052,-30.347511,on bike mount,cyclo cross,True,sett,intermediate
3dac0a69-c190-48f3-bff8-b9ca65151940,4609b1c4-cf2f-4807-861e-4c5dfc0fc2ff,35dfed8d-e4c4-4692-ab9f-ea837ffa42b9,1633099002090,13.4318264,52.4951493,5.8159246,3.0685122,14.204643,-50.34224,on bike mount,cyclo cross,True,sett,intermediate
3dac0a69-c190-48f3-bff8-b9ca65151940,4609b1c4-cf2f-4807-861e-4c5dfc0fc2ff,28a22fe1-2105-4f9f-a52c-22b3364d0b77,1633099002140,13.4318264,52.4951493,5.8159246,-0.3616767,-12.15571,3.1322994,on bike mount,cyclo cross,True,sett,intermediate
3dac0a69-c190-48f3-bff8-b9ca65151940,4609b1c4-cf2f-4807-861e-4c5dfc0fc2ff,792f19fb-2c55-4bca-8d87-7b6989512e23,1633099002190,13.4318264,52.4951493,5.8159246,-2.4657953,-22.618992,20.50035,on bike mount,cyclo cross,True,sett,intermediate
3dac0a69-c190-48f3-bff8-b9ca65151940,4609b1c4-cf2f-4807-861e-4c5dfc0fc2ff,86faa2e9-f16e-4a9d-80fd-57067b23f3d9,1633099002240,13.4318264,52.4951493,5.8159246,-2.939811,29.986526,-10.780058,on bike mount,cyclo cross,True,sett,intermediate
3dac0a69-c190-48f3-bff8-b9ca65151940,4609b1c4-cf2f-4807-861e-4c5dfc0fc2ff,da17ad75-a417-4d7a-a641-76c55ebba32e,1633099002307,13.4318264,52.4951493,5.8159246,-1.5832183,-11.577958,14.447962,on bike mount,cyclo cross,True,sett,intermediate
3dac0a69-c190-48f3-bff8-b9ca65151940,4609b1c4-cf2f-4807-861e-4c5dfc0fc2ff,5a6cc720-d86c-4b30-a128-50fe36431af4,1633099002358,13.4318264,52.4951493,5.8159246,-1.2397939,-8.809097,21.08953,on bike mount,cyclo cross,True,sett,intermediate
3dac0a69-c190-48f3-bff8-b9ca65151940,4609b1c4-cf2f-4807-861e-4c5dfc0fc2ff,b99d50dd-8213-4343-9a21-3fe62311fa48,1633099002408,13.4318264,52.4951493,5.8159246,2.9721177,11.756018,0.7025299,on bike mount,cyclo cross,True,sett,intermediate
3dac0a69-c190-48f3-bff8-b9ca65151940,4609b1c4-cf2f-4807-861e-4c5dfc0fc2ff,32d16d1f-67d7-4126-9df1-8de5dc1a3d88,1633099002473,13.4318264,52.4951493,5.8159246,0.3617952,-0.3411765,-14.912502,on bike mount,cyclo cross,True,sett,intermediate
3dac0a69-c190-48f3-bff8-b9ca65151940,4609b1c4-cf2f-4807-861e-4c5dfc0fc2ff,3d9ed3d7-bc08-4e0e-86cf-14396c304026,1633099002523,13.4318976,52.4951346,5.4792485,13.190826,9.293266,-42.7763,on bike mount,cyclo cross,True,sett,intermediate
3dac0a69-c190-48f3-bff8-b9ca65151940,4609b1c4-cf2f-4807-861e-4c5dfc0fc2ff,51cfd097-6bd5-46aa-bb90-f55db4940f1d,1633099002574,13.4318976,52.4951346,5.4792485,0.7246659,-4.7515025,-6.2821946,on bike mount,cyclo cross,True,sett,intermediate
3dac0a69-c190-48f3-bff8-b9ca65151940,4609b1c4-cf2f-4807-861e-4c5dfc0fc2ff,97c73a83-f478-4549-8257-5630f70990c8,1633099002625,13.4318976,52.4951346,5.4792485,1.5129817,-13.689197,5.910406,on bike mount,cyclo cross,True,sett,intermediate
3dac0a69-c190-48f3-bff8-b9ca65151940,4609b1c4-cf2f-4807-861e-4c5dfc0fc2ff,0f666000-51c4-4571-85af-70f5417e4668,1633099002691,13.4318976,52.4951346,5.4792485,-8.823693,39.383923,31.153728,on bike mount,cyclo cross,True,sett,intermediate
3dac0a69-c190-48f3-bff8-b9ca65151940,4609b1c4-cf2f-4807-861e-4c5dfc0fc2ff,f1a06383-d1a7-492f-a51d-192d489c0550,1633099002757,13.4318976,52.4951346,5.4792485,-1.4034696,1.1654305,-11.671155,on bike mount,cyclo cross,True,sett,intermediate
3dac0a69-c190-48f3-bff8-b9ca65151940,4609b1c4-cf2f-4807-861e-4c5dfc0fc2ff,1cd906d8-a255-40f1-9b6a-43384f96fb19,1633099002807,13.4318976,52.4951346,5.4792485,-0.39722943,0.8928156,8.228153,on bike mount,cyclo cross,True,sett,intermediate
3dac0a69-c190-48f3-bff8-b9ca65151940,4609b1c4-cf2f-4807-861e-4c5dfc0fc2ff,e217bad7-30dd-4c97-8e11-2fa24e7fa14e,1633099002873,13.4318976,52.4951346,5.4792485,-0.77947325,13.564911,-10.075221,on bike mount,cyclo cross,True,sett,intermediate
3dac0a69-c190-48f3-bff8-b9ca65151940,4609b1c4-cf2f-4807-861e-4c5dfc0fc2ff,00911cb6-f253-47c0-ae31-9d8b3e2d8e17,1633099002923,13.4318976,52.4951346,5.4792485,4.977484,9.471842,-13.641958,on bike mount,cyclo cross,True,sett,intermediate
3dac0a69-c190-48f3-bff8-b9ca65151940,4609b1c4-cf2f-4807-861e-4c5dfc0fc2ff,e2e4bac0-ed88-4bf9-b46e-1334762a269f,1633099002974,13.4318976,52.4951346,5.4792485,3.5245326,0.822278,28.765335,on bike mount,cyclo cross,True,sett,intermediate
3dac0a69-c190-48f3-bff8-b9ca65151940,4609b1c4-cf2f-4807-861e-4c5dfc0fc2ff,6afc01bc-34d1-46f2-a19a-2d4b54708f89,1633099003024,13.4318976,52.4951346,5.4792485,-2.7345939,12.680651,5.6870785,on bike mount,cyclo cross,True,sett,intermediate
3dac0a69-c190-48f3-bff8-b9ca65151940,4609b1c4-cf2f-4807-861e-4c5dfc0fc2ff,a5266143-dca0-4e67-84ce-a7ed06ebb1ff,1633099003073,13.4318976,52.4951346,5.4792485,-0.71388483,-4.771888,-7.6363277,on bike mount,cyclo cross,True,sett,intermediate
3dac0a69-c190-48f3-bff8-b9ca65151940,4609b1c4-cf2f-4807-861e-4c5dfc0fc2ff,80150acd-112e-456a-8d63-2d4c08684e54,1633099003124,13.4318976,52.4951346,5.4792485,0.9445102,3.7381392,-16.244621,on bike mount,cyclo cross,True,sett,intermediate
3dac0a69-c190-48f3-bff8-b9ca65151940,4609b1c4-cf2f-4807-861e-4c5dfc0fc2ff,0f4662b7-8bab-458b-88d4-19867b1bddb7,1633099003174,13.4318976,52.4951346,5.4792485,-3.9851077,-8.2755785,-12.674226,on bike mount,cyclo cross,True,sett,intermediate
3dac0a69-c190-48f3-bff8-b9ca65151940,4609b1c4-cf2f-4807-861e-4c5dfc0fc2ff,f6d143d7-bfc0-420f-bb97-7fab32099109,1633099003224,13.4318976,52.4951346,5.4792485,2.2845798,-25.550955,-13.499164,on bike mount,cyclo cross,True,sett,intermediate
3dac0a69-c190-48f3-bff8-b9ca65151940,4609b1c4-cf2f-4807-861e-4c5dfc0fc2ff,be329b03-85d5-4724-9de4-92fd0c005684,1633099003275,13.4318976,52.4951346,5.4792485,-1.6491368,-18.041275,1.5972986,on bike mount,cyclo cross,True,sett,intermediate
3dac0a69-c190-48f3-bff8-b9ca65151940,4609b1c4-cf2f-4807-861e-4c5dfc0fc2ff,3b9fe253-c146-4730-a193-e8e63c0a9be4,1633099003325,13.4318976,52.4951346,5.4792485,-8.686815,26.3941,-13.780243,on bike mount,cyclo cross,True,sett,intermediate
3dac0a69-c190-48f3-bff8-b9ca65151940,4609b1c4-cf2f-4807-861e-4c5dfc0fc2ff,267742a1-4974-4e54-bab3-87a9f2d10ff6,1633099003375,13.4318976,52.4951346,5.4792485,6.603649,-1.011122,-3.2231994,on bike mount,cyclo cross,True,sett,intermediate
3dac0a69-c190-48f3-bff8-b9ca65151940,4609b1c4-cf2f-4807-861e-4c5dfc0fc2ff,ab83c5c3-1175-4bcf-a420-6d82091827c4,1633099003425,13.4318976,52.4951346,5.4792485,2.607832,-1.1138387,-8.690615,on bike mount,cyclo cross,True,sett,intermediate
3dac0a69-c190-48f3-bff8-b9ca65151940,4609b1c4-cf2f-4807-861e-4c5dfc0fc2ff,c3ebacbc-be43-4c16-aafb-0555164d4995,1633099003475,13.4318976,52.4951346,5.4792485,-5.2642946,0.046835423,-3.9913356,on bike mount,cyclo cross,True,sett,intermediate
3dac0a69-c190-48f3-bff8-b9ca65151940,4609b1c4-cf2f-4807-861e-4c5dfc0fc2ff,81d04e5b-f752-485e-aba8-a1089f9cba06,1633099003541,13.4319744,52.4951238,5.4682164,-0.34011513,-7.8238297,-0.42502403,on bike mount,cyclo cross,True,sett,intermediate
3dac0a69-c190-48f3-bff8-b9ca65151940,4609b1c4-cf2f-4807-861e-4c5dfc0fc2ff,cdccec7b-0576-469c-812b-fef097bea72c,1633099003592,13.4319744,52.4951238,5.4682164,2.9173417,2.820262,-0.95153046,on bike mount,cyclo cross,True,sett,intermediate
3dac0a69-c190-48f3-bff8-b9ca65151940,4609b1c4-cf2f-4807-861e-4c5dfc0fc2ff,ca0039ed-9801-495e-9ba9-0f01b6396559,1633099003643,13.4319744,52.4951238,5.4682164,-4.9772215,-7.0897956,25.743893,on bike mount,cyclo cross,True,sett,intermediate
