bike_activity_uid,bike_activity_sample_uid,bike_activity_measurement,bike_activity_measurement_timestamp,bike_activity_measurement_lon,bike_activity_measurement_lat,bike_activity_measurement_speed,bike_activity_measurement_accelerometer_x,bike_activity_measurement_accelerometer_y,bike_activity_measurement_accelerometer_z,bike_activity_phone_position,bike_activity_bike_type,bike_activity_flagged_lab_conditions,bike_activity_surface_type,bike_activity_smoothness_type
435ed585-a5af-4478-b250-df7187c001e1,0f92d852-d96b-4c8d-94bb-a493308c51f2,9000f717-0821-4766-8f85-a8d64c0acbf8,1633254332083,14.4931872,52.1702806,8.427574,0.47968435,-1.441356,2.3292656,on bike mount,cyclo cross,True,asphalt,excellent
435ed585-a5af-4478-b250-df7187c001e1,0f92d852-d96b-4c8d-94bb-a493308c51f2,bd0979bd-3171-4642-bbac-62e233622960,1633254332133,14.493077,52.1703324,8.486675,-1.085765,-0.5419569,5.4107933,on bike mount,cyclo cross,True,asphalt,excellent
435ed585-a5af-4478-b250-df7187c001e1,0f92d852-d96b-4c8d-94bb-a493308c51f2,03eb2a90-5226-46eb-82e4-8b24dd9acf99,1633254332183,14.493077,52.1703324,8.486675,-0.4323615,-0.8688967,-0.8187885,on bike mount,cyclo cross,True,asphalt,excellent
435ed585-a5af-4478-b250-df7187c001e1,0f92d852-d96b-4c8d-94bb-a493308c51f2,f491d8e7-430a-48d8-9cfe-db0b7281dd13,1633254332233,14.493077,52.1703324,8.486675,0.12982184,-2.661624,-2.090992,on bike mount,cyclo cross,True,asphalt,excellent
435ed585-a5af-4478-b250-df7187c001e1,0f92d852-d96b-4c8d-94bb-a493308c51f2,74461ac5-c278-43c9-b665-0fef28d89ea7,1633254332283,14.493077,52.1703324,8.486675,-0.6154276,-1.1627636,-1.1147518,on bike mount,cyclo cross,True,asphalt,excellent
435ed585-a5af-4478-b250-df7187c001e1,0f92d852-d96b-4c8d-94bb-a493308c51f2,48a16ddd-f454-447e-b772-f3fe75e5d651,1633254332335,14.493077,52.1703324,8.486675,0.0632431,-0.79514134,-0.08889675,on bike mount,cyclo cross,True,asphalt,excellent
435ed585-a5af-4478-b250-df7187c001e1,0f92d852-d96b-4c8d-94bb-a493308c51f2,cd7b5391-08a9-4ec2-b098-a6ac5cdaa412,1633254332401,14.493077,52.1703324,8.486675,0.90486085,-0.6248667,0.16585541,on bike mount,cyclo cross,True,asphalt,excellent
435ed585-a5af-4478-b250-df7187c001e1,0f92d852-d96b-4c8d-94bb-a493308c51f2,dfd9fd59-7268-413e-afe6-3b79f22b3820,1633254332468,14.493077,52.1703324,8.486675,-0.4019817,1.3728096,2.498701,on bike mount,cyclo cross,True,asphalt,excellent
435ed585-a5af-4478-b250-df7187c001e1,0f92d852-d96b-4c8d-94bb-a493308c51f2,1f4f2692-80b9-428e-9f14-83e8b748e055,1633254332533,14.493077,52.1703324,8.486675,-1.0417731,1.1624918,-1.2360253,on bike mount,cyclo cross,True,asphalt,excellent
435ed585-a5af-4478-b250-df7187c001e1,0f92d852-d96b-4c8d-94bb-a493308c51f2,407f176a-8e9a-4226-86b9-2e805e0a27e3,1633254332585,14.493077,52.1703324,8.486675,1.0453932,2.1783433,-4.345517,on bike mount,cyclo cross,True,asphalt,excellent
435ed585-a5af-4478-b250-df7187c001e1,0f92d852-d96b-4c8d-94bb-a493308c51f2,e9715701-9172-4adf-b8e7-e6f33b3af663,1633254332635,14.493077,52.1703324,8.486675,-0.9442128,-0.3040576,1.0761242,on bike mount,cyclo cross,True,asphalt,excellent
435ed585-a5af-4478-b250-df7187c001e1,0f92d852-d96b-4c8d-94bb-a493308c51f2,fc6bd2a2-7725-4cf7-b36b-c0382dfc3c4d,1633254332686,14.493077,52.1703324,8.486675,-1.4834609,-0.35457134,-2.0967202,on bike mount,cyclo cross,True,asphalt,excellent
435ed585-a5af-4478-b250-df7187c001e1,0f92d852-d96b-4c8d-94bb-a493308c51f2,da4c2fff-56e8-44c9-8b4b-ed7d130c79fc,1633254332750,14.493077,52.1703324,8.486675,-0.28994343,-0.4748323,-1.16469,on bike mount,cyclo cross,True,asphalt,excellent
435ed585-a5af-4478-b250-df7187c001e1,0f92d852-d96b-4c8d-94bb-a493308c51f2,4af69820-a91b-497f-8d53-7f1165661c95,1633254332800,14.493077,52.1703324,8.486675,-0.01357371,0.67113066,-0.037218094,on bike mount,cyclo cross,True,asphalt,excellent
435ed585-a5af-4478-b250-df7187c001e1,0f92d852-d96b-4c8d-94bb-a493308c51f2,bb95de5b-8578-4a53-bc4e-10ab62a4b8a1,1633254332851,14.493077,52.1703324,8.486675,-0.67239517,-3.257956,0.75495815,on bike mount,cyclo cross,True,asphalt,excellent
435ed585-a5af-4478-b250-df7187c001e1,0f92d852-d96b-4c8d-94bb-a493308c51f2,2a9075b9-ff3e-47c0-bc8a-6beb038f86e0,1633254332901,14.493077,52.1703324,8.486675,0.030604966,-0.19632411,-1.4607339,on bike mount,cyclo cross,True,asphalt,excellent
435ed585-a5af-4478-b250-df7187c001e1,0f92d852-d96b-4c8d-94bb-a493308c51f2,bb746fa5-1ef1-43c7-871a-a206d7c0a195,1633254332950,14.493077,52.1703324,8.486675,-0.19168684,-0.31462455,-0.4161234,on bike mount,cyclo cross,True,asphalt,excellent
435ed585-a5af-4478-b250-df7187c001e1,0f92d852-d96b-4c8d-94bb-a493308c51f2,7088565d-ea0a-4e4c-901e-964a18d30e16,1633254333001,14.493077,52.1703324,8.486675,-0.92660624,0.43459487,1.5315037,on bike mount,cyclo cross,True,asphalt,excellent
435ed585-a5af-4478-b250-df7187c001e1,0f92d852-d96b-4c8d-94bb-a493308c51f2,a7ee4d8d-45c9-4563-9d6a-7725e5e2dc95,1633254333051,14.493077,52.1703324,8.486675,0.21861823,-1.9735374,2.0422812,on bike mount,cyclo cross,True,asphalt,excellent
435ed585-a5af-4478-b250-df7187c001e1,0f92d852-d96b-4c8d-94bb-a493308c51f2,07d680ce-a6d0-4df5-9b69-32ed5c61282e,1633254333101,14.493077,52.1703324,8.486675,0.48338997,-0.84381545,-0.3012905,on bike mount,cyclo cross,True,asphalt,excellent
435ed585-a5af-4478-b250-df7187c001e1,0f92d852-d96b-4c8d-94bb-a493308c51f2,4cef908c-4c75-414f-a021-9bf15649b9bb,1633254333151,14.4929739,52.1703795,8.480616,-0.935415,-1.7949661,2.8496847,on bike mount,cyclo cross,True,asphalt,excellent
435ed585-a5af-4478-b250-df7187c001e1,0f92d852-d96b-4c8d-94bb-a493308c51f2,2c1fc94e-a549-4651-9932-8e4ca2335c7d,1633254333201,14.4929739,52.1703795,8.480616,-0.40066552,-1.6251072,-0.6121187,on bike mount,cyclo cross,True,asphalt,excellent
435ed585-a5af-4478-b250-df7187c001e1,0f92d852-d96b-4c8d-94bb-a493308c51f2,f500aafc-7dd9-4721-aa02-3c02f2970e38,1633254333251,14.4929739,52.1703795,8.480616,-0.27121812,1.7149744,0.051959038,on bike mount,cyclo cross,True,asphalt,excellent
435ed585-a5af-4478-b250-df7187c001e1,0f92d852-d96b-4c8d-94bb-a493308c51f2,0a33034f-59ad-4c53-86a0-984087105066,1633254333301,14.4929739,52.1703795,8.480616,-0.534653,-1.1070687,1.3514299,on bike mount,cyclo cross,True,asphalt,excellent
435ed585-a5af-4478-b250-df7187c001e1,0f92d852-d96b-4c8d-94bb-a493308c51f2,b4197d4e-67a7-4a11-bc24-1816764a5ad6,1633254333351,14.4929739,52.1703795,8.480616,-1.1833309,-1.7561989,2.1644926,on bike mount,cyclo cross,True,asphalt,excellent
435ed585-a5af-4478-b250-df7187c001e1,0f92d852-d96b-4c8d-94bb-a493308c51f2,3217f227-866a-48c1-8b99-e0f6c5825c8b,1633254333402,14.4929739,52.1703795,8.480616,0.64610267,-0.42941284,-2.0147986,on bike mount,cyclo cross,True,asphalt,excellent
435ed585-a5af-4478-b250-df7187c001e1,0f92d852-d96b-4c8d-94bb-a493308c51f2,a95545cc-9544-4927-aad9-0c9b415dc7ca,1633254333452,14.4929739,52.1703795,8.480616,-0.54604936,-1.0575535,3.5607834,on bike mount,cyclo cross,True,asphalt,excellent
435ed585-a5af-4478-b250-df7187c001e1,0f92d852-d96b-4c8d-94bb-a493308c51f2,47a85f90-2ebe-43c8-a06d-722906de18b0,1633254333503,14.4929739,52.1703795,8.480616,-1.4612877,3.524857,1.1501713,on bike mount,cyclo cross,True,asphalt,excellent
435ed585-a5af-4478-b250-df7187c001e1,0f92d852-d96b-4c8d-94bb-a493308c51f2,00485713-456a-4f7f-818a-542acc83c34b,1633254333570,14.4929739,52.1703795,8.480616,-1.3413234,-1.7476009,-7.3634315,on bike mount,cyclo cross,True,asphalt,excellent
435ed585-a5af-4478-b250-df7187c001e1,0f92d852-d96b-4c8d-94bb-a493308c51f2,da99c27b-58ea-4401-8b60-6ff94877d736,1633254333621,14.4929739,52.1703795,8.480616,0.28311276,0.8336916,-0.8021488,on bike mount,cyclo cross,True,asphalt,excellent
435ed585-a5af-4478-b250-df7187c001e1,0f92d852-d96b-4c8d-94bb-a493308c51f2,f2a0797c-9dc6-438e-933d-3ca14d910296,1633254333671,14.4929739,52.1703795,8.480616,-0.90015984,-2.9386802,5.014673,on bike mount,cyclo cross,True,asphalt,excellent
435ed585-a5af-4478-b250-df7187c001e1,0f92d852-d96b-4c8d-94bb-a493308c51f2,450dc40f-5669-49db-8e79-bfe30a72e069,1633254333736,14.4929739,52.1703795,8.480616,0.16769108,0.7182863,-1.850678,on bike mount,cyclo cross,True,asphalt,excellent
435ed585-a5af-4478-b250-df7187c001e1,0f92d852-d96b-4c8d-94bb-a493308c51f2,efc99376-dc24-4bff-ace6-b6b1c25c2ce9,1633254333786,14.4929739,52.1703795,8.480616,-0.3519982,1.2251794,-1.4057813,on bike mount,cyclo cross,True,asphalt,excellent
435ed585-a5af-4478-b250-df7187c001e1,0f92d852-d96b-4c8d-94bb-a493308c51f2,f58119b6-fd64-46d5-84a3-f76bd7abd54f,1633254333838,14.4929739,52.1703795,8.480616,-0.9444392,-0.55008733,-1.5608048,on bike mount,cyclo cross,True,asphalt,excellent
435ed585-a5af-4478-b250-df7187c001e1,0f92d852-d96b-4c8d-94bb-a493308c51f2,3e912a93-0aea-417a-9077-997095a86455,1633254333887,14.4929739,52.1703795,8.480616,-0.097760335,1.4411314,3.7648,on bike mount,cyclo cross,True,asphalt,excellent
435ed585-a5af-4478-b250-df7187c001e1,0f92d852-d96b-4c8d-94bb-a493308c51f2,7d5c4015-078b-44c6-9023-00285e2cfd28,1633254333938,14.4929739,52.1703795,8.480616,0.23020872,1.1779242,-1.9596262,on bike mount,cyclo cross,True,asphalt,excellent
435ed585-a5af-4478-b250-df7187c001e1,0f92d852-d96b-4c8d-94bb-a493308c51f2,1e0411ce-c83f-4828-93b0-9e724a5af654,1633254333988,14.4929739,52.1703795,8.480616,7.2194347,1.2625463,11.457212,on bike mount,cyclo cross,True,asphalt,excellent
435ed585-a5af-4478-b250-df7187c001e1,0f92d852-d96b-4c8d-94bb-a493308c51f2,b8f52cce-6eef-4f50-aa40-952bd3631ae1,1633254334053,14.4929739,52.1703795,8.480616,-3.730201,0.97027206,-0.077895164,on bike mount,cyclo cross,True,asphalt,excellent
435ed585-a5af-4478-b250-df7187c001e1,0f92d852-d96b-4c8d-94bb-a493308c51f2,60a96885-6173-4094-9945-71f4b38b86d4,1633254334105,14.4928747,52.1704229,8.455641,0.5872209,9.174125,0.7580793,on bike mount,cyclo cross,True,asphalt,excellent
435ed585-a5af-4478-b250-df7187c001e1,0f92d852-d96b-4c8d-94bb-a493308c51f2,b91ace73-c3c6-409a-967d-d18bf4f7f425,1633254334172,14.4928747,52.1704229,8.455641,0.36914092,6.9591217,2.3510122,on bike mount,cyclo cross,True,asphalt,excellent
435ed585-a5af-4478-b250-df7187c001e1,0f92d852-d96b-4c8d-94bb-a493308c51f2,3d3ee906-834d-4ecc-b075-0443b04cf583,1633254334238,14.4928747,52.1704229,8.455641,-0.42310953,-0.16688967,-2.9169726,on bike mount,cyclo cross,True,asphalt,excellent
435ed585-a5af-4478-b250-df7187c001e1,0f92d852-d96b-4c8d-94bb-a493308c51f2,1c9b0ea0-fcb7-4c62-b7e8-5da9ae5ae635,1633254334288,14.4928747,52.1704229,8.455641,-1.6933856,-3.132287,3.77322,on bike mount,cyclo cross,True,asphalt,excellent
435ed585-a5af-4478-b250-df7187c001e1,0f92d852-d96b-4c8d-94bb-a493308c51f2,c3d52330-5006-4ce1-a3c0-af61b4f0b6b3,1633254334338,14.4928747,52.1704229,8.455641,1.713789,1.016073,-0.36320877,on bike mount,cyclo cross,True,asphalt,excellent
435ed585-a5af-4478-b250-df7187c001e1,0f92d852-d96b-4c8d-94bb-a493308c51f2,a2b4cbb6-d494-4ba7-853c-4c03478337b0,1633254334387,14.4928747,52.1704229,8.455641,0.65650386,-3.6688485,-1.4092698,on bike mount,cyclo cross,True,asphalt,excellent
435ed585-a5af-4478-b250-df7187c001e1,0f92d852-d96b-4c8d-94bb-a493308c51f2,6d3d8406-c745-49dc-8b4f-c7927690b7cf,1633254334438,14.4928747,52.1704229,8.455641,1.7324175,1.4814017,-8.485575,on bike mount,cyclo cross,True,asphalt,excellent
435ed585-a5af-4478-b250-df7187c001e1,0f92d852-d96b-4c8d-94bb-a493308c51f2,49dc577b-4bcf-4ed0-ac8e-22745468602f,1633254334487,14.4928747,52.1704229,8.455641,2.2955637,-2.8166177,3.797594,on bike mount,cyclo cross,True,asphalt,excellent
435ed585-a5af-4478-b250-df7187c001e1,0f92d852-d96b-4c8d-94bb-a493308c51f2,c70b9bcb-7912-4f39-ba1e-efd76f42206a,1633254334538,14.4928747,52.1704229,8.455641,1.6837509,0.9583523,0.8793669,on bike mount,cyclo cross,True,asphalt,excellent
435ed585-a5af-4478-b250-df7187c001e1,0f92d852-d96b-4c8d-94bb-a493308c51f2,d7f1217f-73da-4ad0-8ca8-e36b25a7bbba,1633254334588,14.4928747,52.1704229,8.455641,-0.8371268,4.58947,-3.405488,on bike mount,cyclo cross,True,asphalt,excellent
435ed585-a5af-4478-b250-df7187c001e1,0f92d852-d96b-4c8d-94bb-a493308c51f2,8daa6b41-05f8-4643-9e54-f8c8dd9e3863,1633254334639,14.4928747,52.1704229,8.455641,-0.24798709,-0.023670197,0.88212013,on bike mount,cyclo cross,True,asphalt,excellent
435ed585-a5af-4478-b250-df7187c001e1,0f92d852-d96b-4c8d-94bb-a493308c51f2,2b6ddf84-d71b-48c7-aad0-d5b45b00566a,1633254334689,14.4928747,52.1704229,8.455641,0.5774399,-0.40181303,0.358737,on bike mount,cyclo cross,True,asphalt,excellent
435ed585-a5af-4478-b250-df7187c001e1,0f92d852-d96b-4c8d-94bb-a493308c51f2,abdef7df-f826-44e3-9289-f37fcfaa3b07,1633254334740,14.4928747,52.1704229,8.455641,-0.7123043,0.23671222,-0.611454,on bike mount,cyclo cross,True,asphalt,excellent
435ed585-a5af-4478-b250-df7187c001e1,0f92d852-d96b-4c8d-94bb-a493308c51f2,e4326393-9a83-49ed-bf95-fb5521a0ac7a,1633254334790,14.4928747,52.1704229,8.455641,-0.17255473,-0.22610474,-0.07336521,on bike mount,cyclo cross,True,asphalt,excellent
435ed585-a5af-4478-b250-df7187c001e1,0f92d852-d96b-4c8d-94bb-a493308c51f2,74183be2-0e0c-4022-89c7-ca3822124b4a,1633254334855,14.4928747,52.1704229,8.455641,-0.73377395,0.7538376,2.3298244,on bike mount,cyclo cross,True,asphalt,excellent
435ed585-a5af-4478-b250-df7187c001e1,0f92d852-d96b-4c8d-94bb-a493308c51f2,46b2c740-566d-4bd8-a640-22af6880f75d,1633254334905,14.4928747,52.1704229,8.455641,-0.7579624,0.4004314,-0.20016861,on bike mount,cyclo cross,True,asphalt,excellent
435ed585-a5af-4478-b250-df7187c001e1,0f92d852-d96b-4c8d-94bb-a493308c51f2,5f040542-b321-442b-8656-9b72862ffa02,1633254334958,14.4928747,52.1704229,8.455641,0.23435444,-0.53556824,2.2639465,on bike mount,cyclo cross,True,asphalt,excellent
435ed585-a5af-4478-b250-df7187c001e1,0f92d852-d96b-4c8d-94bb-a493308c51f2,6a452286-aaa1-48d1-a03d-299f4194d986,1633254335008,14.4928747,52.1704229,8.455641,0.11566643,1.4626875,-2.033173,on bike mount,cyclo cross,True,asphalt,excellent
435ed585-a5af-4478-b250-df7187c001e1,0f92d852-d96b-4c8d-94bb-a493308c51f2,f5bc21b6-98fc-47b5-97b8-4927420355b8,1633254335071,14.4928747,52.1704229,8.455641,0.36702538,-2.7886987,1.6929302,on bike mount,cyclo cross,True,asphalt,excellent
435ed585-a5af-4478-b250-df7187c001e1,0f92d852-d96b-4c8d-94bb-a493308c51f2,7893d796-f8e9-4084-8721-2114925daa3f,1633254335122,14.4927812,52.1704703,8.459757,-0.5871134,-0.97694683,0.071196556,on bike mount,cyclo cross,True,asphalt,excellent
435ed585-a5af-4478-b250-df7187c001e1,0f92d852-d96b-4c8d-94bb-a493308c51f2,491b885a-0856-4779-8a94-8e8998f93634,1633254335172,14.4927812,52.1704703,8.459757,1.030375,-1.1970009,-0.99172735,on bike mount,cyclo cross,True,asphalt,excellent
435ed585-a5af-4478-b250-df7187c001e1,0f92d852-d96b-4c8d-94bb-a493308c51f2,11488ad4-bcff-43d6-89b1-2b28a340165f,1633254335222,14.4927812,52.1704703,8.459757,-0.92974865,0.3164692,1.1349096,on bike mount,cyclo cross,True,asphalt,excellent
435ed585-a5af-4478-b250-df7187c001e1,0f92d852-d96b-4c8d-94bb-a493308c51f2,fc8f0664-189c-4583-9bc4-2713f2fc97d0,1633254335273,14.4927812,52.1704703,8.459757,0.0420202,-1.9291931,-0.68562126,on bike mount,cyclo cross,True,asphalt,excellent
435ed585-a5af-4478-b250-df7187c001e1,0f92d852-d96b-4c8d-94bb-a493308c51f2,8aac0b83-8d7c-45ed-a395-964bb7d1f48c,1633254335322,14.4927812,52.1704703,8.459757,0.43510258,-1.6539918,2.3994188,on bike mount,cyclo cross,True,asphalt,excellent
435ed585-a5af-4478-b250-df7187c001e1,0f92d852-d96b-4c8d-94bb-a493308c51f2,5d748f74-0df2-474a-84af-b19900a5a2f2,1633254335373,14.4927812,52.1704703,8.459757,0.705868,1.1636226,-1.2972083,on bike mount,cyclo cross,True,asphalt,excellent
435ed585-a5af-4478-b250-df7187c001e1,0f92d852-d96b-4c8d-94bb-a493308c51f2,202ad61b-6b7f-4ce8-ad08-91abb20aa58f,1633254335426,14.4927812,52.1704703,8.459757,-0.021620192,-0.45619488,-0.60591793,on bike mount,cyclo cross,True,asphalt,excellent
435ed585-a5af-4478-b250-df7187c001e1,0f92d852-d96b-4c8d-94bb-a493308c51f2,fdbe0587-1a81-4a93-b65d-37bc0f5b89eb,1633254335490,14.4927812,52.1704703,8.459757,-0.031015843,-1.4657102,0.755188,on bike mount,cyclo cross,True,asphalt,excellent
435ed585-a5af-4478-b250-df7187c001e1,0f92d852-d96b-4c8d-94bb-a493308c51f2,5f7e0f26-fe76-4279-8e08-cbe67eadea40,1633254335558,14.4927812,52.1704703,8.459757,0.33168995,0.5288532,-0.70647955,on bike mount,cyclo cross,True,asphalt,excellent
435ed585-a5af-4478-b250-df7187c001e1,0f92d852-d96b-4c8d-94bb-a493308c51f2,193f2baf-19c8-4439-9f50-85f43eaf3dc0,1633254335609,14.4927812,52.1704703,8.459757,-0.70509994,0.42083073,0.744153,on bike mount,cyclo cross,True,asphalt,excellent
435ed585-a5af-4478-b250-df7187c001e1,0f92d852-d96b-4c8d-94bb-a493308c51f2,09441fb6-04ba-4d25-a696-c9e843669f9d,1633254335673,14.4927812,52.1704703,8.459757,0.48728502,-1.0133268,-2.3207035,on bike mount,cyclo cross,True,asphalt,excellent
435ed585-a5af-4478-b250-df7187c001e1,0f92d852-d96b-4c8d-94bb-a493308c51f2,50f48f41-f551-4f87-b4c9-d6b8dcda72e7,1633254335740,14.4927812,52.1704703,8.459757,-0.25748742,-0.90430045,1.6380873,on bike mount,cyclo cross,True,asphalt,excellent
435ed585-a5af-4478-b250-df7187c001e1,0f92d852-d96b-4c8d-94bb-a493308c51f2,28915f73-c187-4178-8b8e-f0eaa86e736f,1633254335806,14.4927812,52.1704703,8.459757,-0.1689387,0.044144154,1.7166309,on bike mount,cyclo cross,True,asphalt,excellent
435ed585-a5af-4478-b250-df7187c001e1,0f92d852-d96b-4c8d-94bb-a493308c51f2,a989dd18-9d7b-4a59-8813-2ffa937b6fb2,1633254335858,14.4927812,52.1704703,8.459757,0.32497105,-1.4611039,-0.40516853,on bike mount,cyclo cross,True,asphalt,excellent
435ed585-a5af-4478-b250-df7187c001e1,0f92d852-d96b-4c8d-94bb-a493308c51f2,cd82d9ce-78fe-41ea-ae3e-18bca2b943c9,1633254335910,14.4927812,52.1704703,8.459757,1.7607515,2.6375065,-2.08454,on bike mount,cyclo cross,True,asphalt,excellent
435ed585-a5af-4478-b250-df7187c001e1,0f92d852-d96b-4c8d-94bb-a493308c51f2,0da98620-badf-42be-b1a8-67d14ce4fac6,1633254335975,14.4927812,52.1704703,8.459757,-1.0171466,1.7744875,0.34498596,on bike mount,cyclo cross,True,asphalt,excellent
435ed585-a5af-4478-b250-df7187c001e1,0f92d852-d96b-4c8d-94bb-a493308c51f2,5c366687-d423-4377-af61-05a2fd2dea1c,1633254336039,14.4927812,52.1704703,8.459757,1.1281356,-1.7370219,0.45149612,on bike mount,cyclo cross,True,asphalt,excellent
435ed585-a5af-4478-b250-df7187c001e1,0f92d852-d96b-4c8d-94bb-a493308c51f2,8757eac9-4802-4416-9b8d-9471d1964fe3,1633254336100,14.4927812,52.1704703,8.459757,-0.3304928,0.46433377,0.25195312,on bike mount,cyclo cross,True,asphalt,excellent
435ed585-a5af-4478-b250-df7187c001e1,0f92d852-d96b-4c8d-94bb-a493308c51f2,a90dc3b0-34b3-4f0b-9b91-91beb9464265,1633254336158,14.4926816,52.1705158,8.463048,0.7501133,-1.6335052,0.21790981,on bike mount,cyclo cross,True,asphalt,excellent
435ed585-a5af-4478-b250-df7187c001e1,0f92d852-d96b-4c8d-94bb-a493308c51f2,66395f37-a541-43a3-9420-2e8b8db738bd,1633254336210,14.4926816,52.1705158,8.463048,0.661471,-0.941898,1.4158773,on bike mount,cyclo cross,True,asphalt,excellent
435ed585-a5af-4478-b250-df7187c001e1,0f92d852-d96b-4c8d-94bb-a493308c51f2,dce110ad-ede0-4858-a99c-c811fb2f35fe,1633254336274,14.4926816,52.1705158,8.463048,0.5947924,1.3212845,-0.67441654,on bike mount,cyclo cross,True,asphalt,excellent
435ed585-a5af-4478-b250-df7187c001e1,0f92d852-d96b-4c8d-94bb-a493308c51f2,f12d88b8-2d6c-4444-9f1c-c791b7c1acc6,1633254336324,14.4926816,52.1705158,8.463048,-0.26544878,-1.7400279,-1.28199,on bike mount,cyclo cross,True,asphalt,excellent
435ed585-a5af-4478-b250-df7187c001e1,0f92d852-d96b-4c8d-94bb-a493308c51f2,78d281a6-92f6-4b8b-9f80-63da61cdb40f,1633254336375,14.4926816,52.1705158,8.463048,-0.18957835,2.084383,-2.0589256,on bike mount,cyclo cross,True,asphalt,excellent
435ed585-a5af-4478-b250-df7187c001e1,0f92d852-d96b-4c8d-94bb-a493308c51f2,6ef0346d-fb68-4533-8f46-a10ea5b87a67,1633254336425,14.4926816,52.1705158,8.463048,0.771029,-1.7971942,1.3700199,on bike mount,cyclo cross,True,asphalt,excellent
435ed585-a5af-4478-b250-df7187c001e1,0f92d852-d96b-4c8d-94bb-a493308c51f2,c387dd51-8b62-45a8-8cae-2fc0143781fe,1633254336475,14.4926816,52.1705158,8.463048,-1.0996064,0.7127178,0.36117935,on bike mount,cyclo cross,True,asphalt,excellent
435ed585-a5af-4478-b250-df7187c001e1,0f92d852-d96b-4c8d-94bb-a493308c51f2,e45f2d6e-c289-462f-8d04-bf0233e39446,1633254336542,14.4926816,52.1705158,8.463048,-0.059158117,-1.7646593,2.5844727,on bike mount,cyclo cross,True,asphalt,excellent
435ed585-a5af-4478-b250-df7187c001e1,0f92d852-d96b-4c8d-94bb-a493308c51f2,f51b0d76-31c0-45f6-b45f-19f331b0652a,1633254336607,14.4926816,52.1705158,8.463048,0.08382133,-0.7985282,2.898962,on bike mount,cyclo cross,True,asphalt,excellent
435ed585-a5af-4478-b250-df7187c001e1,0f92d852-d96b-4c8d-94bb-a493308c51f2,aaf1d4fb-9a19-4080-814d-bfbf3298d853,1633254336658,14.4926816,52.1705158,8.463048,-0.49678165,1.1410587,-0.47334862,on bike mount,cyclo cross,True,asphalt,excellent
435ed585-a5af-4478-b250-df7187c001e1,0f92d852-d96b-4c8d-94bb-a493308c51f2,9d2ff979-f62e-4d19-900c-ac4b11cc4b6f,1633254336708,14.4926816,52.1705158,8.463048,-0.51184666,-1.2358344,1.3182678,on bike mount,cyclo cross,True,asphalt,excellent
435ed585-a5af-4478-b250-df7187c001e1,0f92d852-d96b-4c8d-94bb-a493308c51f2,43d091b5-ad1a-4756-96ce-e1cbff246494,1633254336759,14.4926816,52.1705158,8.463048,0.9659528,-0.5722766,-1.1376767,on bike mount,cyclo cross,True,asphalt,excellent
435ed585-a5af-4478-b250-df7187c001e1,0f92d852-d96b-4c8d-94bb-a493308c51f2,ff754b4b-4e47-4d79-9eea-f19c1b47b777,1633254336808,14.4926816,52.1705158,8.463048,-0.3564427,0.0022771358,-1.5370636,on bike mount,cyclo cross,True,asphalt,excellent
435ed585-a5af-4478-b250-df7187c001e1,0f92d852-d96b-4c8d-94bb-a493308c51f2,802b2156-f531-45ab-93aa-3f694c23fbfa,1633254336859,14.4926816,52.1705158,8.463048,-0.6927583,0.31000304,2.2288446,on bike mount,cyclo cross,True,asphalt,excellent
435ed585-a5af-4478-b250-df7187c001e1,0f92d852-d96b-4c8d-94bb-a493308c51f2,f3c726a2-93b9-4f5b-94ea-250474a72361,1633254336910,14.4926816,52.1705158,8.463048,0.82293236,1.469563,-4.285618,on bike mount,cyclo cross,True,asphalt,excellent
435ed585-a5af-4478-b250-df7187c001e1,0f92d852-d96b-4c8d-94bb-a493308c51f2,3a191195-b677-4008-adeb-6b04f71b549e,1633254336977,14.4926816,52.1705158,8.463048,-0.8859311,1.1070981,-0.7939558,on bike mount,cyclo cross,True,asphalt,excellent
435ed585-a5af-4478-b250-df7187c001e1,0f92d852-d96b-4c8d-94bb-a493308c51f2,c185dd26-3289-45b4-8989-2b6364e160bc,1633254337042,14.4926816,52.1705158,8.463048,-0.63146544,0.090614796,-1.0182586,on bike mount,cyclo cross,True,asphalt,excellent
435ed585-a5af-4478-b250-df7187c001e1,0f92d852-d96b-4c8d-94bb-a493308c51f2,f4eafe77-4f8b-4824-8cd6-967a1cbd1719,1633254337097,14.4926816,52.1705158,8.463048,0.097839795,-0.6933813,-1.4690795,on bike mount,cyclo cross,True,asphalt,excellent
435ed585-a5af-4478-b250-df7187c001e1,0f92d852-d96b-4c8d-94bb-a493308c51f2,4f597c7c-587d-49e9-b8e7-c7ad6bb0f891,1633254337160,14.4925797,52.1705618,8.4570465,0.9289436,1.9340124,-0.06344509,on bike mount,cyclo cross,True,asphalt,excellent
435ed585-a5af-4478-b250-df7187c001e1,0f92d852-d96b-4c8d-94bb-a493308c51f2,d638fc45-60ff-463c-b7c5-5ea3e56b6c2d,1633254337228,14.4925797,52.1705618,8.4570465,-1.3807627,3.0228338,-2.2162194,on bike mount,cyclo cross,True,asphalt,excellent
435ed585-a5af-4478-b250-df7187c001e1,0f92d852-d96b-4c8d-94bb-a493308c51f2,ed77fd88-0340-4356-8dd5-968a0678968e,1633254337279,14.4925797,52.1705618,8.4570465,-0.8799704,2.9447522,1.1871443,on bike mount,cyclo cross,True,asphalt,excellent
435ed585-a5af-4478-b250-df7187c001e1,0f92d852-d96b-4c8d-94bb-a493308c51f2,6dfe317b-59d6-441c-a989-e20757536212,1633254337342,14.4925797,52.1705618,8.4570465,1.4996305,-1.8968167,0.19408512,on bike mount,cyclo cross,True,asphalt,excellent
435ed585-a5af-4478-b250-df7187c001e1,0f92d852-d96b-4c8d-94bb-a493308c51f2,f9286fb0-589f-4bd6-9d66-17c90be9300a,1633254337392,14.4925797,52.1705618,8.4570465,1.1194749,-1.5160259,-2.5130482,on bike mount,cyclo cross,True,asphalt,excellent
435ed585-a5af-4478-b250-df7187c001e1,0f92d852-d96b-4c8d-94bb-a493308c51f2,0786f24b-81cb-41bb-93a6-c36349d3f2d6,1633254337442,14.4925797,52.1705618,8.4570465,0.23068368,1.3338795,-1.550067,on bike mount,cyclo cross,True,asphalt,excellent
435ed585-a5af-4478-b250-df7187c001e1,0f92d852-d96b-4c8d-94bb-a493308c51f2,c3073f10-3173-4957-aa38-05e0e214b99a,1633254337492,14.4925797,52.1705618,8.4570465,0.6410376,-1.5462552,-0.902215,on bike mount,cyclo cross,True,asphalt,excellent
435ed585-a5af-4478-b250-df7187c001e1,0f92d852-d96b-4c8d-94bb-a493308c51f2,d49a8f69-6275-49a4-8aae-0d56b6cb12de,1633254337542,14.4925797,52.1705618,8.4570465,0.4777465,0.66358495,-1.2876453,on bike mount,cyclo cross,True,asphalt,excellent
435ed585-a5af-4478-b250-df7187c001e1,0f92d852-d96b-4c8d-94bb-a493308c51f2,20a8ce3a-22f0-468c-be7e-c010fa85a79f,1633254337593,14.4925797,52.1705618,8.4570465,-0.2323386,-0.5605321,-3.5032825,on bike mount,cyclo cross,True,asphalt,excellent
435ed585-a5af-4478-b250-df7187c001e1,0f92d852-d96b-4c8d-94bb-a493308c51f2,48f73e38-abcb-41f8-9fd3-792fa5b090b3,1633254337643,14.4925797,52.1705618,8.4570465,-0.33865175,0.15857816,-0.86243343,on bike mount,cyclo cross,True,asphalt,excellent
435ed585-a5af-4478-b250-df7187c001e1,0f92d852-d96b-4c8d-94bb-a493308c51f2,3450e385-baed-4c8f-a2c1-280813802a7b,1633254337694,14.4925797,52.1705618,8.4570465,1.2818844,1.4192531,-0.9149194,on bike mount,cyclo cross,True,asphalt,excellent
435ed585-a5af-4478-b250-df7187c001e1,0f92d852-d96b-4c8d-94bb-a493308c51f2,bb31616e-5ae4-475a-ad45-a0d9190921d3,1633254337744,14.4925797,52.1705618,8.4570465,0.61144805,-0.5769744,0.8739748,on bike mount,cyclo cross,True,asphalt,excellent
435ed585-a5af-4478-b250-df7187c001e1,0f92d852-d96b-4c8d-94bb-a493308c51f2,51f1b8b6-f8f6-4e6f-b808-6840633717d3,1633254337794,14.4925797,52.1705618,8.4570465,0.13671184,0.95369625,-1.5068626,on bike mount,cyclo cross,True,asphalt,excellent
435ed585-a5af-4478-b250-df7187c001e1,0f92d852-d96b-4c8d-94bb-a493308c51f2,969bd6b7-3056-42e5-ba66-7547715ad3cf,1633254337861,14.4925797,52.1705618,8.4570465,0.01367753,-0.05744028,1.5914183,on bike mount,cyclo cross,True,asphalt,excellent
435ed585-a5af-4478-b250-df7187c001e1,0f92d852-d96b-4c8d-94bb-a493308c51f2,0626aec9-d527-4efb-92ae-dd50e088fe20,1633254337911,14.4925797,52.1705618,8.4570465,-0.28930554,-0.327044,-1.1484556,on bike mount,cyclo cross,True,asphalt,excellent
435ed585-a5af-4478-b250-df7187c001e1,0f92d852-d96b-4c8d-94bb-a493308c51f2,f1152081-3bca-4d37-b698-9d4ff739dd38,1633254337978,14.4925797,52.1705618,8.4570465,-1.1216098,-1.7327716,-1.7879605,on bike mount,cyclo cross,True,asphalt,excellent
435ed585-a5af-4478-b250-df7187c001e1,0f92d852-d96b-4c8d-94bb-a493308c51f2,ba96be52-0652-4a83-8acc-42870e9f40ef,1633254338029,14.4925797,52.1705618,8.4570465,0.5097291,-0.14011383,-0.58014965,on bike mount,cyclo cross,True,asphalt,excellent
435ed585-a5af-4478-b250-df7187c001e1,0f92d852-d96b-4c8d-94bb-a493308c51f2,34ff8343-bdd1-4199-93e5-ca88c104a519,1633254338080,14.4925797,52.1705618,8.4570465,0.15772928,-0.7885177,1.4429493,on bike mount,cyclo cross,True,asphalt,excellent
435ed585-a5af-4478-b250-df7187c001e1,0f92d852-d96b-4c8d-94bb-a493308c51f2,ac8a64bc-a820-4b8b-b7f6-28d690fc2137,1633254338143,14.492472,52.1706046,8.484465,-0.9657862,0.011604309,-0.5515537,on bike mount,cyclo cross,True,asphalt,excellent
435ed585-a5af-4478-b250-df7187c001e1,0f92d852-d96b-4c8d-94bb-a493308c51f2,bcc48094-8a22-407a-85e6-acc6c00696d6,1633254338194,14.492472,52.1706046,8.484465,0.2279515,1.3132696,-1.3863635,on bike mount,cyclo cross,True,asphalt,excellent
435ed585-a5af-4478-b250-df7187c001e1,0f92d852-d96b-4c8d-94bb-a493308c51f2,1a2fd334-b793-4b99-b5eb-05d1b3c82a69,1633254338244,14.492472,52.1706046,8.484465,0.37755597,1.0287983,0.11404514,on bike mount,cyclo cross,True,asphalt,excellent
435ed585-a5af-4478-b250-df7187c001e1,0f92d852-d96b-4c8d-94bb-a493308c51f2,ba4636a0-0b83-49fe-85d1-4b373d195b2b,1633254338294,14.492472,52.1706046,8.484465,-0.914263,-1.320931,-0.113892555,on bike mount,cyclo cross,True,asphalt,excellent
435ed585-a5af-4478-b250-df7187c001e1,0f92d852-d96b-4c8d-94bb-a493308c51f2,8ad526da-5717-4fac-bf95-53442c514e0f,1633254338344,14.492472,52.1706046,8.484465,0.35566124,-4.2173843,-2.426744,on bike mount,cyclo cross,True,asphalt,excellent
435ed585-a5af-4478-b250-df7187c001e1,0f92d852-d96b-4c8d-94bb-a493308c51f2,6e5b73cf-47f4-4b0a-9909-26fef0b710f8,1633254338394,14.492472,52.1706046,8.484465,0.1528511,0.53202844,0.41373062,on bike mount,cyclo cross,True,asphalt,excellent
435ed585-a5af-4478-b250-df7187c001e1,0f92d852-d96b-4c8d-94bb-a493308c51f2,7817292e-be90-406a-969d-3953b9bc9e99,1633254338444,14.492472,52.1706046,8.484465,-0.98456067,-0.17283392,-3.3320293,on bike mount,cyclo cross,True,asphalt,excellent
435ed585-a5af-4478-b250-df7187c001e1,0f92d852-d96b-4c8d-94bb-a493308c51f2,f8cf2b18-ab07-4dda-bca9-a3498f6fb833,1633254338494,14.492472,52.1706046,8.484465,0.15215766,-2.2371066,1.9752607,on bike mount,cyclo cross,True,asphalt,excellent
435ed585-a5af-4478-b250-df7187c001e1,0f92d852-d96b-4c8d-94bb-a493308c51f2,0802fb11-2eb2-4618-beb6-ed3b6e5cbb9d,1633254338544,14.492472,52.1706046,8.484465,0.5493537,-1.2163129,-1.6626325,on bike mount,cyclo cross,True,asphalt,excellent
435ed585-a5af-4478-b250-df7187c001e1,0f92d852-d96b-4c8d-94bb-a493308c51f2,2b252e77-3659-4229-9a4c-f43a6e73bcaa,1633254338594,14.492472,52.1706046,8.484465,2.8097727,1.2294297,-2.6612682,on bike mount,cyclo cross,True,asphalt,excellent
435ed585-a5af-4478-b250-df7187c001e1,0f92d852-d96b-4c8d-94bb-a493308c51f2,7d9f4be5-9f59-4837-841d-45c2f470de96,1633254338644,14.492472,52.1706046,8.484465,-2.0258007,1.2165895,3.2137537,on bike mount,cyclo cross,True,asphalt,excellent
435ed585-a5af-4478-b250-df7187c001e1,0f92d852-d96b-4c8d-94bb-a493308c51f2,a43c20f1-150a-4d3a-b26b-d471a3b93f3a,1633254338696,14.492472,52.1706046,8.484465,-0.07676917,-0.5934069,-2.0721989,on bike mount,cyclo cross,True,asphalt,excellent
435ed585-a5af-4478-b250-df7187c001e1,0f92d852-d96b-4c8d-94bb-a493308c51f2,b356398b-6be4-4313-852b-63735ef484c0,1633254338747,14.492472,52.1706046,8.484465,0.75597256,-0.43617558,5.422019,on bike mount,cyclo cross,True,asphalt,excellent
435ed585-a5af-4478-b250-df7187c001e1,0f92d852-d96b-4c8d-94bb-a493308c51f2,44e03f61-21a4-46ff-8d59-2aabd6570371,1633254338796,14.492472,52.1706046,8.484465,-2.1589682,-0.57894397,-1.9807863,on bike mount,cyclo cross,True,asphalt,excellent
435ed585-a5af-4478-b250-df7187c001e1,0f92d852-d96b-4c8d-94bb-a493308c51f2,42328094-4350-4985-a819-fd6374a763eb,1633254338865,14.492472,52.1706046,8.484465,0.51759326,-0.12810373,-2.1758776,on bike mount,cyclo cross,True,asphalt,excellent
435ed585-a5af-4478-b250-df7187c001e1,0f92d852-d96b-4c8d-94bb-a493308c51f2,20f67305-849e-45c2-bee3-5974f7257d34,1633254338928,14.492472,52.1706046,8.484465,-0.41384375,0.7395456,-0.8070631,on bike mount,cyclo cross,True,asphalt,excellent
435ed585-a5af-4478-b250-df7187c001e1,0f92d852-d96b-4c8d-94bb-a493308c51f2,3d69ff68-cc47-4c03-a5e5-75a3951801a9,1633254338978,14.492472,52.1706046,8.484465,0.23936448,-1.7472423,2.3824635,on bike mount,cyclo cross,True,asphalt,excellent
435ed585-a5af-4478-b250-df7187c001e1,0f92d852-d96b-4c8d-94bb-a493308c51f2,91159cfc-e498-4432-b1ac-20ba8ea5f509,1633254339028,14.492472,52.1706046,8.484465,0.4420172,0.8536415,-0.30413628,on bike mount,cyclo cross,True,asphalt,excellent
435ed585-a5af-4478-b250-df7187c001e1,0f92d852-d96b-4c8d-94bb-a493308c51f2,612b741b-dbb6-4de5-bd31-63b52fd479f5,1633254339079,14.492472,52.1706046,8.484465,1.1676433,-0.8782824,3.011036,on bike mount,cyclo cross,True,asphalt,excellent
435ed585-a5af-4478-b250-df7187c001e1,0f92d852-d96b-4c8d-94bb-a493308c51f2,0a399624-0d72-4d9a-8522-cc4db5888c1f,1633254339130,14.4923783,52.1706411,8.454303,-0.6193582,-1.1193254,0.7397604,on bike mount,cyclo cross,True,asphalt,excellent
435ed585-a5af-4478-b250-df7187c001e1,0f92d852-d96b-4c8d-94bb-a493308c51f2,03b8f507-8c29-4506-95b3-80f9c0f12dbc,1633254339182,14.4923783,52.1706411,8.454303,-0.49197257,-3.099133,7.445634,on bike mount,cyclo cross,True,asphalt,excellent
435ed585-a5af-4478-b250-df7187c001e1,0f92d852-d96b-4c8d-94bb-a493308c51f2,412f0963-6d74-4ce4-baf8-41db1bc7b9d5,1633254339246,14.4923783,52.1706411,8.454303,-0.50384146,-1.0337222,0.36272717,on bike mount,cyclo cross,True,asphalt,excellent
435ed585-a5af-4478-b250-df7187c001e1,0f92d852-d96b-4c8d-94bb-a493308c51f2,1e9c8b0a-e727-4ad1-a9f8-30a1635f8854,1633254339296,14.4923783,52.1706411,8.454303,0.91967607,-2.008295,3.550312,on bike mount,cyclo cross,True,asphalt,excellent
435ed585-a5af-4478-b250-df7187c001e1,0f92d852-d96b-4c8d-94bb-a493308c51f2,f7e9829e-fe12-4fdb-a81b-62586e0c25c3,1633254339346,14.4923783,52.1706411,8.454303,0.050061747,1.0446327,0.9452963,on bike mount,cyclo cross,True,asphalt,excellent
435ed585-a5af-4478-b250-df7187c001e1,0f92d852-d96b-4c8d-94bb-a493308c51f2,53f4e943-c48c-4ae5-a44e-fc9f15374070,1633254339399,14.4923783,52.1706411,8.454303,0.4643803,0.7454202,-0.7543278,on bike mount,cyclo cross,True,asphalt,excellent
435ed585-a5af-4478-b250-df7187c001e1,0f92d852-d96b-4c8d-94bb-a493308c51f2,91ec6533-e145-4d19-91d9-e5ee465dc32a,1633254339462,14.4923783,52.1706411,8.454303,-0.058629252,1.2558317,0.029872894,on bike mount,cyclo cross,True,asphalt,excellent
435ed585-a5af-4478-b250-df7187c001e1,0f92d852-d96b-4c8d-94bb-a493308c51f2,1c67f7da-872b-43ba-b3e5-ab10227c8075,1633254339512,14.4923783,52.1706411,8.454303,0.76993316,0.45353675,0.040387154,on bike mount,cyclo cross,True,asphalt,excellent
435ed585-a5af-4478-b250-df7187c001e1,0f92d852-d96b-4c8d-94bb-a493308c51f2,318df9e8-b02f-48f8-8681-08fe02f42ce0,1633254339564,14.4923783,52.1706411,8.454303,-1.0408576,0.20441985,-2.6988134,on bike mount,cyclo cross,True,asphalt,excellent
435ed585-a5af-4478-b250-df7187c001e1,0f92d852-d96b-4c8d-94bb-a493308c51f2,6152ddf1-41d7-44b8-85f3-39c4f0fa893d,1633254339616,14.4923783,52.1706411,8.454303,0.51446533,0.36013627,-0.47067738,on bike mount,cyclo cross,True,asphalt,excellent
435ed585-a5af-4478-b250-df7187c001e1,0f92d852-d96b-4c8d-94bb-a493308c51f2,41e06b6e-c1a1-45cd-b09d-14873413da02,1633254339682,14.4923783,52.1706411,8.454303,-0.04600369,-0.31599116,-1.1140842,on bike mount,cyclo cross,True,asphalt,excellent
435ed585-a5af-4478-b250-df7187c001e1,0f92d852-d96b-4c8d-94bb-a493308c51f2,853e5ccd-5fd0-4d16-a4b1-0162038a6029,1633254339731,14.4923783,52.1706411,8.454303,-0.8804665,-1.2613841,1.4206715,on bike mount,cyclo cross,True,asphalt,excellent
435ed585-a5af-4478-b250-df7187c001e1,0f92d852-d96b-4c8d-94bb-a493308c51f2,f5ef2063-f0d6-408e-aaba-ccf64a442353,1633254339796,14.4923783,52.1706411,8.454303,0.7608012,-1.1489812,2.0859394,on bike mount,cyclo cross,True,asphalt,excellent
435ed585-a5af-4478-b250-df7187c001e1,0f92d852-d96b-4c8d-94bb-a493308c51f2,bdf46b1e-4d51-4aa6-b9d0-cbb4bafdfc9a,1633254339848,14.4923783,52.1706411,8.454303,0.742354,1.8138103,0.8949995,on bike mount,cyclo cross,True,asphalt,excellent
435ed585-a5af-4478-b250-df7187c001e1,0f92d852-d96b-4c8d-94bb-a493308c51f2,9eee0e94-9ffc-4a89-bfcd-b8fd8245cbb0,1633254339913,14.4923783,52.1706411,8.454303,-1.3926371,0.3696146,-0.9365349,on bike mount,cyclo cross,True,asphalt,excellent
435ed585-a5af-4478-b250-df7187c001e1,0f92d852-d96b-4c8d-94bb-a493308c51f2,b9f20801-7976-4d7b-bede-7e3985273350,1633254339964,14.4923783,52.1706411,8.454303,0.3657753,0.13788414,-2.741571,on bike mount,cyclo cross,True,asphalt,excellent
435ed585-a5af-4478-b250-df7187c001e1,0f92d852-d96b-4c8d-94bb-a493308c51f2,5f3d90d6-6801-42b7-9c4a-755f9be46e01,1633254340015,14.4923783,52.1706411,8.454303,1.2653732,1.6664939,-0.47533035,on bike mount,cyclo cross,True,asphalt,excellent
435ed585-a5af-4478-b250-df7187c001e1,0f92d852-d96b-4c8d-94bb-a493308c51f2,3f61361e-2b09-4b05-a3af-cd2549286d02,1633254340066,14.4923783,52.1706411,8.454303,-0.6990082,1.2556205,-1.1294794,on bike mount,cyclo cross,True,asphalt,excellent
435ed585-a5af-4478-b250-df7187c001e1,0f92d852-d96b-4c8d-94bb-a493308c51f2,36709abf-71bc-43ae-a959-a968a859d09b,1633254340132,14.4922813,52.1706819,8.446654,0.7549924,-1.3278233,2.0842438,on bike mount,cyclo cross,True,asphalt,excellent
435ed585-a5af-4478-b250-df7187c001e1,0f92d852-d96b-4c8d-94bb-a493308c51f2,af7bd686-f5e6-4054-af65-cfc71e49a122,1633254340182,14.4922813,52.1706819,8.446654,0.43858993,0.7684164,0.4663,on bike mount,cyclo cross,True,asphalt,excellent
435ed585-a5af-4478-b250-df7187c001e1,0f92d852-d96b-4c8d-94bb-a493308c51f2,e221cf39-99ca-4e2e-adc0-0b6e73d510d1,1633254340232,14.4922813,52.1706819,8.446654,-0.40974274,-0.8009362,-1.169445,on bike mount,cyclo cross,True,asphalt,excellent
435ed585-a5af-4478-b250-df7187c001e1,0f92d852-d96b-4c8d-94bb-a493308c51f2,df60fe2f-50e6-40eb-9aa7-0e708c92ab96,1633254340283,14.4922813,52.1706819,8.446654,-0.40356955,0.20860147,2.1874113,on bike mount,cyclo cross,True,asphalt,excellent
435ed585-a5af-4478-b250-df7187c001e1,0f92d852-d96b-4c8d-94bb-a493308c51f2,0df37d9f-4560-4490-b2fa-161b689eecf1,1633254340333,14.4922813,52.1706819,8.446654,0.28187522,-0.036707878,-1.4043212,on bike mount,cyclo cross,True,asphalt,excellent
435ed585-a5af-4478-b250-df7187c001e1,0f92d852-d96b-4c8d-94bb-a493308c51f2,c657bc64-4169-45e9-9b02-363b7fafc254,1633254340383,14.4922813,52.1706819,8.446654,1.3450365,-0.7151818,-0.32693958,on bike mount,cyclo cross,True,asphalt,excellent
435ed585-a5af-4478-b250-df7187c001e1,0f92d852-d96b-4c8d-94bb-a493308c51f2,cb795581-de4f-47c1-8b0b-7858c700bea8,1633254340450,14.4922813,52.1706819,8.446654,0.37711865,-1.040022,2.3015547,on bike mount,cyclo cross,True,asphalt,excellent
435ed585-a5af-4478-b250-df7187c001e1,0f92d852-d96b-4c8d-94bb-a493308c51f2,7dfd8019-8ed3-4b4d-9206-7d44cd4ed10e,1633254340515,14.4922813,52.1706819,8.446654,0.9193456,-0.82588136,-0.28108597,on bike mount,cyclo cross,True,asphalt,excellent
435ed585-a5af-4478-b250-df7187c001e1,0f92d852-d96b-4c8d-94bb-a493308c51f2,c5b53569-b11c-4945-881d-f319f225aa5b,1633254340566,14.4922813,52.1706819,8.446654,0.13789134,0.32217526,-1.1232295,on bike mount,cyclo cross,True,asphalt,excellent
435ed585-a5af-4478-b250-df7187c001e1,0f92d852-d96b-4c8d-94bb-a493308c51f2,b66e8411-49fd-4af7-933b-dc8b18241d5e,1633254340615,14.4922813,52.1706819,8.446654,-0.44035125,0.8461509,-2.1827874,on bike mount,cyclo cross,True,asphalt,excellent
435ed585-a5af-4478-b250-df7187c001e1,0f92d852-d96b-4c8d-94bb-a493308c51f2,1ac0979f-b822-49be-ac88-fa8a6803c84f,1633254340666,14.4922813,52.1706819,8.446654,-0.0878236,1.6716735,2.6055508,on bike mount,cyclo cross,True,asphalt,excellent
435ed585-a5af-4478-b250-df7187c001e1,0f92d852-d96b-4c8d-94bb-a493308c51f2,ecc06019-f866-4e81-ba29-79a34bbf3805,1633254340716,14.4922813,52.1706819,8.446654,-1.0398645,-0.43778658,-0.79156494,on bike mount,cyclo cross,True,asphalt,excellent
435ed585-a5af-4478-b250-df7187c001e1,0f92d852-d96b-4c8d-94bb-a493308c51f2,c29e7b42-a7fb-4478-b409-cf865f63930d,1633254340765,14.4922813,52.1706819,8.446654,-1.7653481,-0.84776163,-0.4737444,on bike mount,cyclo cross,True,asphalt,excellent
435ed585-a5af-4478-b250-df7187c001e1,0f92d852-d96b-4c8d-94bb-a493308c51f2,8d130155-374d-410a-afc2-7ba4d3ff650d,1633254340815,14.4922813,52.1706819,8.446654,0.18643524,-1.7123983,-1.4584308,on bike mount,cyclo cross,True,asphalt,excellent
435ed585-a5af-4478-b250-df7187c001e1,0f92d852-d96b-4c8d-94bb-a493308c51f2,8e62a25e-dfd3-4a34-9ca7-9afa8227c109,1633254340866,14.4922813,52.1706819,8.446654,0.097633675,0.91941595,-1.2499809,on bike mount,cyclo cross,True,asphalt,excellent
435ed585-a5af-4478-b250-df7187c001e1,0f92d852-d96b-4c8d-94bb-a493308c51f2,aecf0761-1d1a-453e-805c-227564b925c8,1633254340916,14.4922813,52.1706819,8.446654,-1.3712564,-0.96478224,-0.3417158,on bike mount,cyclo cross,True,asphalt,excellent
435ed585-a5af-4478-b250-df7187c001e1,0f92d852-d96b-4c8d-94bb-a493308c51f2,3c2741fd-c7b1-41cd-84b7-34f3846206b4,1633254340966,14.4922813,52.1706819,8.446654,-0.53588676,-1.9603213,1.4846811,on bike mount,cyclo cross,True,asphalt,excellent
435ed585-a5af-4478-b250-df7187c001e1,0f92d852-d96b-4c8d-94bb-a493308c51f2,b5ec8af3-1da0-4f78-a070-23167c5e86ad,1633254341016,14.4922813,52.1706819,8.446654,0.9647964,-0.26330447,-0.074739456,on bike mount,cyclo cross,True,asphalt,excellent
435ed585-a5af-4478-b250-df7187c001e1,0f92d852-d96b-4c8d-94bb-a493308c51f2,7bfb7cea-5012-46a6-b285-834fcfb6c039,1633254341068,14.4922813,52.1706819,8.446654,-0.6917727,-1.1597928,1.105772,on bike mount,cyclo cross,True,asphalt,excellent
435ed585-a5af-4478-b250-df7187c001e1,0f92d852-d96b-4c8d-94bb-a493308c51f2,1b154075-1dec-4e4f-9936-f73214dfd9a7,1633254341134,14.4921795,52.1707252,8.474924,-0.038425,-0.84944725,-1.0776882,on bike mount,cyclo cross,True,asphalt,excellent
435ed585-a5af-4478-b250-df7187c001e1,0f92d852-d96b-4c8d-94bb-a493308c51f2,026a07ed-c673-4b3d-a551-5b6d9a6ef22b,1633254341185,14.4921795,52.1707252,8.474924,-0.69616854,1.3409052,1.3010864,on bike mount,cyclo cross,True,asphalt,excellent
435ed585-a5af-4478-b250-df7187c001e1,0f92d852-d96b-4c8d-94bb-a493308c51f2,3a1fbfd3-c320-4fda-9450-7bcce9f45b62,1633254341235,14.4921795,52.1707252,8.474924,-0.08715305,-0.40408385,0.14300346,on bike mount,cyclo cross,True,asphalt,excellent
435ed585-a5af-4478-b250-df7187c001e1,0f92d852-d96b-4c8d-94bb-a493308c51f2,28bf4bc5-ca83-47af-9f02-074e7a1bb896,1633254341299,14.4921795,52.1707252,8.474924,-0.18110436,0.8164964,-1.2774229,on bike mount,cyclo cross,True,asphalt,excellent
435ed585-a5af-4478-b250-df7187c001e1,0f92d852-d96b-4c8d-94bb-a493308c51f2,b88ff448-5c5f-443c-b192-6b22959907df,1633254341350,14.4921795,52.1707252,8.474924,1.7478788,-0.08571458,2.0561075,on bike mount,cyclo cross,True,asphalt,excellent
435ed585-a5af-4478-b250-df7187c001e1,0f92d852-d96b-4c8d-94bb-a493308c51f2,a4e91dcc-3199-4c52-8076-a42f307ed26a,1633254341400,14.4921795,52.1707252,8.474924,0.071573615,0.5451393,0.37189388,on bike mount,cyclo cross,True,asphalt,excellent
435ed585-a5af-4478-b250-df7187c001e1,0f92d852-d96b-4c8d-94bb-a493308c51f2,376c4b7c-7c5b-4905-a46c-be44741a14dd,1633254341451,14.4921795,52.1707252,8.474924,-0.33496803,-2.348618,0.4888382,on bike mount,cyclo cross,True,asphalt,excellent
435ed585-a5af-4478-b250-df7187c001e1,0f92d852-d96b-4c8d-94bb-a493308c51f2,47c90baf-395b-420d-9369-cfc0ce6b5b94,1633254341502,14.4921795,52.1707252,8.474924,1.4066042,-1.58042,1.647542,on bike mount,cyclo cross,True,asphalt,excellent
435ed585-a5af-4478-b250-df7187c001e1,0f92d852-d96b-4c8d-94bb-a493308c51f2,9797193d-f6a3-414f-a199-ea62fcf00378,1633254341556,14.4921795,52.1707252,8.474924,0.7853065,2.2522197,-0.79724026,on bike mount,cyclo cross,True,asphalt,excellent
435ed585-a5af-4478-b250-df7187c001e1,0f92d852-d96b-4c8d-94bb-a493308c51f2,78db494c-55bf-4c80-a449-d5debfe3435a,1633254341617,14.4921795,52.1707252,8.474924,-0.77686036,0.6942806,3.1459684,on bike mount,cyclo cross,True,asphalt,excellent
435ed585-a5af-4478-b250-df7187c001e1,0f92d852-d96b-4c8d-94bb-a493308c51f2,79d66f79-59d1-4ba5-9c11-0a2bfa1100f6,1633254341668,14.4921795,52.1707252,8.474924,0.17973858,0.11187744,0.28234577,on bike mount,cyclo cross,True,asphalt,excellent
435ed585-a5af-4478-b250-df7187c001e1,0f92d852-d96b-4c8d-94bb-a493308c51f2,5ced5848-fe34-45f0-a60e-185ff37e55f2,1633254341737,14.4921795,52.1707252,8.474924,1.1394457,1.3195825,-2.5543075,on bike mount,cyclo cross,True,asphalt,excellent
435ed585-a5af-4478-b250-df7187c001e1,0f92d852-d96b-4c8d-94bb-a493308c51f2,7ddd8be7-4015-4fb0-8a6f-917c393466ec,1633254341801,14.4921795,52.1707252,8.474924,-0.048381954,-0.7432327,1.7459288,on bike mount,cyclo cross,True,asphalt,excellent
435ed585-a5af-4478-b250-df7187c001e1,0f92d852-d96b-4c8d-94bb-a493308c51f2,5c99f049-607d-4f0a-8df9-9cb533e4c664,1633254341851,14.4921795,52.1707252,8.474924,0.9667132,-0.82444596,1.6382341,on bike mount,cyclo cross,True,asphalt,excellent
435ed585-a5af-4478-b250-df7187c001e1,0f92d852-d96b-4c8d-94bb-a493308c51f2,da4daf69-67df-4010-a1c6-1a5b30de520b,1633254341900,14.4921795,52.1707252,8.474924,0.312821,-1.9558625,-3.407792,on bike mount,cyclo cross,True,asphalt,excellent
435ed585-a5af-4478-b250-df7187c001e1,0f92d852-d96b-4c8d-94bb-a493308c51f2,95aca4df-7584-4f06-bdb4-66ac266dc44f,1633254341951,14.4921795,52.1707252,8.474924,-0.18826169,-1.9963279,-0.08618164,on bike mount,cyclo cross,True,asphalt,excellent
435ed585-a5af-4478-b250-df7187c001e1,0f92d852-d96b-4c8d-94bb-a493308c51f2,73d6c70d-f400-4ce8-b96b-a7d0b6d1fc23,1633254342001,14.4921795,52.1707252,8.474924,1.6369445,1.7742815,2.5924797,on bike mount,cyclo cross,True,asphalt,excellent
435ed585-a5af-4478-b250-df7187c001e1,0f92d852-d96b-4c8d-94bb-a493308c51f2,df02ed15-79bc-4fa7-b559-ce4629df52f3,1633254342051,14.4921795,52.1707252,8.474924,0.7503757,1.1527586,0.6343107,on bike mount,cyclo cross,True,asphalt,excellent
435ed585-a5af-4478-b250-df7187c001e1,0f92d852-d96b-4c8d-94bb-a493308c51f2,f98bd1df-a3c1-4c29-8bee-0f0c12b8ec98,1633254342102,14.4920855,52.1707664,8.454645,-2.1595967,0.38653946,4.9576454,on bike mount,cyclo cross,True,asphalt,excellent
435ed585-a5af-4478-b250-df7187c001e1,0f92d852-d96b-4c8d-94bb-a493308c51f2,e63c09b9-c680-41ad-b220-d98468523a65,1633254342151,14.4920855,52.1707664,8.454645,-0.17757502,-0.20028734,0.30901814,on bike mount,cyclo cross,True,asphalt,excellent
435ed585-a5af-4478-b250-df7187c001e1,0f92d852-d96b-4c8d-94bb-a493308c51f2,f11805c2-f1b9-48c3-a666-3a68ce0c3868,1633254342201,14.4920855,52.1707664,8.454645,-0.9793282,1.6217995,-1.421494,on bike mount,cyclo cross,True,asphalt,excellent
435ed585-a5af-4478-b250-df7187c001e1,0f92d852-d96b-4c8d-94bb-a493308c51f2,3d679df1-e0db-4bca-9576-19e41c8f181f,1633254342252,14.4920855,52.1707664,8.454645,0.0956524,-2.9407506,6.068866,on bike mount,cyclo cross,True,asphalt,excellent
435ed585-a5af-4478-b250-df7187c001e1,0f92d852-d96b-4c8d-94bb-a493308c51f2,a63a3d8f-2431-4165-8248-3b16fc78d7ca,1633254342302,14.4920855,52.1707664,8.454645,-0.50373775,1.458884,-0.07926369,on bike mount,cyclo cross,True,asphalt,excellent
435ed585-a5af-4478-b250-df7187c001e1,0f92d852-d96b-4c8d-94bb-a493308c51f2,ddd4dd7e-e9cd-4d52-b6d8-2ff075540440,1633254342352,14.4920855,52.1707664,8.454645,-0.1587205,0.47024155,-1.2517815,on bike mount,cyclo cross,True,asphalt,excellent
435ed585-a5af-4478-b250-df7187c001e1,0f92d852-d96b-4c8d-94bb-a493308c51f2,cae1d0a5-974a-4210-b435-50d6fec4f7e2,1633254342403,14.4920855,52.1707664,8.454645,1.0006424,0.020988464,-7.872826,on bike mount,cyclo cross,True,asphalt,excellent
435ed585-a5af-4478-b250-df7187c001e1,0f92d852-d96b-4c8d-94bb-a493308c51f2,4e3790cb-59ac-4a2c-8410-065c52ff471d,1633254342454,14.4920855,52.1707664,8.454645,0.73185843,1.1953919,-12.329033,on bike mount,cyclo cross,True,asphalt,excellent
435ed585-a5af-4478-b250-df7187c001e1,0f92d852-d96b-4c8d-94bb-a493308c51f2,696edfb6-8f92-4d96-a96b-5c6519bd7056,1633254342518,14.4920855,52.1707664,8.454645,-0.72387385,-2.7749312,-0.5139532,on bike mount,cyclo cross,True,asphalt,excellent
435ed585-a5af-4478-b250-df7187c001e1,0f92d852-d96b-4c8d-94bb-a493308c51f2,a0ceeacd-7355-480c-a229-284238419def,1633254342568,14.4920855,52.1707664,8.454645,2.2450583,-0.5376146,-1.3253984,on bike mount,cyclo cross,True,asphalt,excellent
435ed585-a5af-4478-b250-df7187c001e1,0f92d852-d96b-4c8d-94bb-a493308c51f2,e7b2b6b9-b5cb-423c-91cf-085bb3c0ce4b,1633254342622,14.4920855,52.1707664,8.454645,1.1986593,1.4929781,0.0026464462,on bike mount,cyclo cross,True,asphalt,excellent
435ed585-a5af-4478-b250-df7187c001e1,0f92d852-d96b-4c8d-94bb-a493308c51f2,c3fb114c-20ce-48d1-ab15-feba3f4a651f,1633254342687,14.4920855,52.1707664,8.454645,-0.21768108,0.6271353,-1.8670044,on bike mount,cyclo cross,True,asphalt,excellent
435ed585-a5af-4478-b250-df7187c001e1,0f92d852-d96b-4c8d-94bb-a493308c51f2,8aadfd8d-09f3-4f4b-9ffb-0fdc80d6b896,1633254342737,14.4920855,52.1707664,8.454645,0.37504786,-2.1646352,4.680661,on bike mount,cyclo cross,True,asphalt,excellent
435ed585-a5af-4478-b250-df7187c001e1,0f92d852-d96b-4c8d-94bb-a493308c51f2,56c7545d-3844-492c-88cf-637b1eb1057e,1633254342787,14.4920855,52.1707664,8.454645,0.62367326,-0.5628941,-2.6960802,on bike mount,cyclo cross,True,asphalt,excellent
435ed585-a5af-4478-b250-df7187c001e1,0f92d852-d96b-4c8d-94bb-a493308c51f2,fb0aa05b-8e49-43e4-b151-9b65dd7ed626,1633254342854,14.4920855,52.1707664,8.454645,-2.0794048,5.0018406,2.8599787,on bike mount,cyclo cross,True,asphalt,excellent
435ed585-a5af-4478-b250-df7187c001e1,0f92d852-d96b-4c8d-94bb-a493308c51f2,5f3a7db7-484f-4598-b5bc-45ce558848f4,1633254342905,14.4920855,52.1707664,8.454645,-0.4161352,1.9072871,-2.99405,on bike mount,cyclo cross,True,asphalt,excellent
435ed585-a5af-4478-b250-df7187c001e1,0f92d852-d96b-4c8d-94bb-a493308c51f2,2c4c550e-8b75-4cc0-9730-8ba86ce24658,1633254342954,14.4920855,52.1707664,8.454645,-0.84753597,2.897188,-3.5015388,on bike mount,cyclo cross,True,asphalt,excellent
435ed585-a5af-4478-b250-df7187c001e1,0f92d852-d96b-4c8d-94bb-a493308c51f2,d3765c74-b44c-4f17-970f-3c121bc4b37e,1633254343022,14.4920855,52.1707664,8.454645,1.5264406,-2.3519144,-1.0482702,on bike mount,cyclo cross,True,asphalt,excellent
435ed585-a5af-4478-b250-df7187c001e1,0f92d852-d96b-4c8d-94bb-a493308c51f2,d2c90fa7-0438-4a9a-8b6e-034b7b70662c,1633254343087,14.4920855,52.1707664,8.454645,-0.77852464,1.7900305,-1.2044835,on bike mount,cyclo cross,True,asphalt,excellent
435ed585-a5af-4478-b250-df7187c001e1,0f92d852-d96b-4c8d-94bb-a493308c51f2,550c728b-5700-4299-adaa-f41183594513,1633254343137,14.4919749,52.1708104,8.50456,0.45459267,-1.4399533,-0.2818098,on bike mount,cyclo cross,True,asphalt,excellent
435ed585-a5af-4478-b250-df7187c001e1,0f92d852-d96b-4c8d-94bb-a493308c51f2,f42514b6-e27c-4926-a75e-425625e4e70c,1633254343187,14.4919749,52.1708104,8.50456,-1.3630302,-0.49317884,4.560233,on bike mount,cyclo cross,True,asphalt,excellent
435ed585-a5af-4478-b250-df7187c001e1,0f92d852-d96b-4c8d-94bb-a493308c51f2,91866ff0-6eac-4d0c-a1b0-8b6c15248dae,1633254343237,14.4919749,52.1708104,8.50456,1.5376507,-0.49114108,3.6850538,on bike mount,cyclo cross,True,asphalt,excellent
435ed585-a5af-4478-b250-df7187c001e1,0f92d852-d96b-4c8d-94bb-a493308c51f2,817e416f-2213-4ddf-99aa-34daf8305299,1633254343287,14.4919749,52.1708104,8.50456,-0.8816582,-0.59471893,0.0824337,on bike mount,cyclo cross,True,asphalt,excellent
435ed585-a5af-4478-b250-df7187c001e1,0f92d852-d96b-4c8d-94bb-a493308c51f2,0f966650-2f0b-4978-8398-d36b6cb8553f,1633254343338,14.4919749,52.1708104,8.50456,-1.3457274,1.1381509,-0.4856844,on bike mount,cyclo cross,True,asphalt,excellent
435ed585-a5af-4478-b250-df7187c001e1,0f92d852-d96b-4c8d-94bb-a493308c51f2,ba192462-9ecb-4db8-b8af-c7f3c8549ef8,1633254343389,14.4919749,52.1708104,8.50456,1.1362982,-0.7211311,1.2081919,on bike mount,cyclo cross,True,asphalt,excellent
435ed585-a5af-4478-b250-df7187c001e1,0f92d852-d96b-4c8d-94bb-a493308c51f2,0ae7fe8d-e53b-49f3-9d9c-f0e5d7048365,1633254343455,14.4919749,52.1708104,8.50456,1.3195512,1.2434909,-8.876741,on bike mount,cyclo cross,True,asphalt,excellent
435ed585-a5af-4478-b250-df7187c001e1,0f92d852-d96b-4c8d-94bb-a493308c51f2,484a83b6-348d-4e57-abf0-849694ed42dc,1633254343521,14.4919749,52.1708104,8.50456,0.22679637,-1.2270417,-2.018683,on bike mount,cyclo cross,True,asphalt,excellent
435ed585-a5af-4478-b250-df7187c001e1,0f92d852-d96b-4c8d-94bb-a493308c51f2,9af67721-6640-4a02-a4a0-09c7c8ad9a5a,1633254343571,14.4919749,52.1708104,8.50456,-0.33453345,-0.25218225,-0.5616274,on bike mount,cyclo cross,True,asphalt,excellent
435ed585-a5af-4478-b250-df7187c001e1,0f92d852-d96b-4c8d-94bb-a493308c51f2,b792e852-d453-4067-bfbc-6714ffd16f37,1633254343620,14.4919749,52.1708104,8.50456,-1.5798624,2.8730185,0.29472923,on bike mount,cyclo cross,True,asphalt,excellent
435ed585-a5af-4478-b250-df7187c001e1,0f92d852-d96b-4c8d-94bb-a493308c51f2,f84bc57e-2d14-4ce1-bb52-a818818738ad,1633254343671,14.4919749,52.1708104,8.50456,-1.9920044,0.15181899,2.8969269,on bike mount,cyclo cross,True,asphalt,excellent
435ed585-a5af-4478-b250-df7187c001e1,0f92d852-d96b-4c8d-94bb-a493308c51f2,df0d5a8a-7da3-40d3-8562-94571a166348,1633254343721,14.4919749,52.1708104,8.50456,-0.7155262,1.0653884,-1.0188437,on bike mount,cyclo cross,True,asphalt,excellent
435ed585-a5af-4478-b250-df7187c001e1,0f92d852-d96b-4c8d-94bb-a493308c51f2,147d1118-77c7-4801-a20b-f15c7ce23c1b,1633254343771,14.4919749,52.1708104,8.50456,0.62894446,-2.4828742,-0.8275881,on bike mount,cyclo cross,True,asphalt,excellent
435ed585-a5af-4478-b250-df7187c001e1,0f92d852-d96b-4c8d-94bb-a493308c51f2,1334724f-4e3a-49e2-88f8-9835a930b2e1,1633254343821,14.4919749,52.1708104,8.50456,-0.45981473,0.18253589,-2.7742763,on bike mount,cyclo cross,True,asphalt,excellent
435ed585-a5af-4478-b250-df7187c001e1,0f92d852-d96b-4c8d-94bb-a493308c51f2,2e9f15d5-45a7-43b1-b0c6-21eaff1ee675,1633254343871,14.4919749,52.1708104,8.50456,-0.26313496,-1.3039894,2.2873726,on bike mount,cyclo cross,True,asphalt,excellent
435ed585-a5af-4478-b250-df7187c001e1,0f92d852-d96b-4c8d-94bb-a493308c51f2,d4829f6c-e449-492b-8b6e-bbc2562020ad,1633254343922,14.4919749,52.1708104,8.50456,1.4234319,-0.55260825,-3.7681003,on bike mount,cyclo cross,True,asphalt,excellent
435ed585-a5af-4478-b250-df7187c001e1,0f92d852-d96b-4c8d-94bb-a493308c51f2,b8ccf216-f80f-4edb-9e94-fc49bcb6854a,1633254343975,14.4919749,52.1708104,8.50456,-0.42197642,2.6724324,-3.3601894,on bike mount,cyclo cross,True,asphalt,excellent
435ed585-a5af-4478-b250-df7187c001e1,0f92d852-d96b-4c8d-94bb-a493308c51f2,cd8ee106-5b50-4335-8181-595dedc4a590,1633254344040,14.4919749,52.1708104,8.50456,-1.1483462,-0.159729,-0.94521475,on bike mount,cyclo cross,True,asphalt,excellent
435ed585-a5af-4478-b250-df7187c001e1,0f92d852-d96b-4c8d-94bb-a493308c51f2,6df23715-8fd4-4fb7-a272-7a2eef22b761,1633254344089,14.4919749,52.1708104,8.50456,1.6159511,-1.3613786,3.272421,on bike mount,cyclo cross,True,asphalt,excellent
435ed585-a5af-4478-b250-df7187c001e1,0f92d852-d96b-4c8d-94bb-a493308c51f2,704d8ec2-6776-4407-9d16-b28f0720c6fa,1633254344140,14.491861,52.1708553,8.561625,-0.007212449,0.19398665,0.053777695,on bike mount,cyclo cross,True,asphalt,excellent
435ed585-a5af-4478-b250-df7187c001e1,0f92d852-d96b-4c8d-94bb-a493308c51f2,dd72cd67-2f7a-4b1e-a189-2d2b74336d61,1633254344204,14.491861,52.1708553,8.561625,-2.4107037,-1.6402339,4.4326754,on bike mount,cyclo cross,True,asphalt,excellent
435ed585-a5af-4478-b250-df7187c001e1,0f92d852-d96b-4c8d-94bb-a493308c51f2,fb17aab3-d03e-4c1f-beab-509622e23e0d,1633254344257,14.491861,52.1708553,8.561625,0.18832712,-2.2532957,-0.092458725,on bike mount,cyclo cross,True,asphalt,excellent
435ed585-a5af-4478-b250-df7187c001e1,0f92d852-d96b-4c8d-94bb-a493308c51f2,3eb15d05-cc73-4a4f-84ce-0b1dcb5672cb,1633254344321,14.491861,52.1708553,8.561625,-0.39857802,1.9748292,-2.1649866,on bike mount,cyclo cross,True,asphalt,excellent
435ed585-a5af-4478-b250-df7187c001e1,0f92d852-d96b-4c8d-94bb-a493308c51f2,6b5952fd-b9f1-4acf-a4f6-bec4d5526c73,1633254344372,14.491861,52.1708553,8.561625,-0.9821952,-0.29946947,-0.24359894,on bike mount,cyclo cross,True,asphalt,excellent
435ed585-a5af-4478-b250-df7187c001e1,0f92d852-d96b-4c8d-94bb-a493308c51f2,335a740b-38b2-47d3-8a2e-c74735fde39b,1633254344422,14.491861,52.1708553,8.561625,0.886953,-1.0865395,0.59629345,on bike mount,cyclo cross,True,asphalt,excellent
435ed585-a5af-4478-b250-df7187c001e1,0f92d852-d96b-4c8d-94bb-a493308c51f2,66da6f88-5ead-4c19-9502-9b039dd01bed,1633254344472,14.491861,52.1708553,8.561625,-0.69717246,1.3727303,-1.0547991,on bike mount,cyclo cross,True,asphalt,excellent
435ed585-a5af-4478-b250-df7187c001e1,0f92d852-d96b-4c8d-94bb-a493308c51f2,532c73b5-1173-49b1-91a4-2a13ad79a549,1633254344523,14.491861,52.1708553,8.561625,-1.6721637,3.180489,2.1713371,on bike mount,cyclo cross,True,asphalt,excellent
435ed585-a5af-4478-b250-df7187c001e1,0f92d852-d96b-4c8d-94bb-a493308c51f2,e33d6919-b1d2-4452-9b73-2332bbde168f,1633254344573,14.491861,52.1708553,8.561625,-0.6657512,0.71806574,-0.30841923,on bike mount,cyclo cross,True,asphalt,excellent
435ed585-a5af-4478-b250-df7187c001e1,0f92d852-d96b-4c8d-94bb-a493308c51f2,b1666e9e-869d-4165-b6cc-000f354eaf1b,1633254344622,14.491861,52.1708553,8.561625,1.4505715,-0.34316325,0.42121983,on bike mount,cyclo cross,True,asphalt,excellent
435ed585-a5af-4478-b250-df7187c001e1,0f92d852-d96b-4c8d-94bb-a493308c51f2,b0a884a1-365f-4e8d-8a19-058f4a07085e,1633254344673,14.491861,52.1708553,8.561625,0.7068268,2.28847,-1.7814384,on bike mount,cyclo cross,True,asphalt,excellent
435ed585-a5af-4478-b250-df7187c001e1,0f92d852-d96b-4c8d-94bb-a493308c51f2,da298e41-74ea-46fc-826f-0367b988e9c8,1633254344723,14.491861,52.1708553,8.561625,-1.0346445,-0.2527411,2.45051,on bike mount,cyclo cross,True,asphalt,excellent
435ed585-a5af-4478-b250-df7187c001e1,0f92d852-d96b-4c8d-94bb-a493308c51f2,c639c0ec-0440-4bcf-89fe-b4e8e9eaec53,1633254344773,14.491861,52.1708553,8.561625,0.75487924,-0.12955332,-0.23321915,on bike mount,cyclo cross,True,asphalt,excellent
435ed585-a5af-4478-b250-df7187c001e1,0f92d852-d96b-4c8d-94bb-a493308c51f2,62bb867d-f016-4537-b061-df949e9cfb09,1633254344823,14.491861,52.1708553,8.561625,1.8347605,-1.0264002,1.101181,on bike mount,cyclo cross,True,asphalt,excellent
435ed585-a5af-4478-b250-df7187c001e1,0f92d852-d96b-4c8d-94bb-a493308c51f2,571152da-e50d-4064-b6aa-dd66e9af3b08,1633254344873,14.491861,52.1708553,8.561625,-0.5659158,-0.29076672,-0.14634609,on bike mount,cyclo cross,True,asphalt,excellent
435ed585-a5af-4478-b250-df7187c001e1,0f92d852-d96b-4c8d-94bb-a493308c51f2,9433672d-305b-4395-8431-98dd8ee02ec6,1633254344925,14.491861,52.1708553,8.561625,-0.5230432,-0.5068271,-1.1756749,on bike mount,cyclo cross,True,asphalt,excellent
435ed585-a5af-4478-b250-df7187c001e1,0f92d852-d96b-4c8d-94bb-a493308c51f2,6944bf95-39d8-48bf-a0be-26c1f5ac9dd5,1633254344975,14.491861,52.1708553,8.561625,0.6958619,0.5916927,2.0378685,on bike mount,cyclo cross,True,asphalt,excellent
435ed585-a5af-4478-b250-df7187c001e1,0f92d852-d96b-4c8d-94bb-a493308c51f2,c51913b2-06db-43a0-a39c-0588935e9e25,1633254345024,14.491861,52.1708553,8.561625,0.31111902,3.4553418,-1.5838113,on bike mount,cyclo cross,True,asphalt,excellent
435ed585-a5af-4478-b250-df7187c001e1,0f92d852-d96b-4c8d-94bb-a493308c51f2,d37d2de7-dbe0-452c-998d-40c4f93b15c3,1633254345074,14.491861,52.1708553,8.561625,-0.69541156,-0.68289113,0.77755547,on bike mount,cyclo cross,True,asphalt,excellent
435ed585-a5af-4478-b250-df7187c001e1,0f92d852-d96b-4c8d-94bb-a493308c51f2,06eeeacf-631f-411f-ad96-33719029d865,1633254345124,14.4917502,52.1709005,8.57464,0.68100053,-1.9239925,3.2228346,on bike mount,cyclo cross,True,asphalt,excellent
435ed585-a5af-4478-b250-df7187c001e1,0f92d852-d96b-4c8d-94bb-a493308c51f2,edcde0d1-081a-420a-af15-bd412b4825d8,1633254345175,14.4917502,52.1709005,8.57464,-0.46833032,-0.27899814,3.2203531,on bike mount,cyclo cross,True,asphalt,excellent
435ed585-a5af-4478-b250-df7187c001e1,0f92d852-d96b-4c8d-94bb-a493308c51f2,44ed00ba-41b6-4814-9d87-2a6a01cb94b5,1633254345227,14.4917502,52.1709005,8.57464,-0.31350312,1.3012922,-3.479075,on bike mount,cyclo cross,True,asphalt,excellent
435ed585-a5af-4478-b250-df7187c001e1,0f92d852-d96b-4c8d-94bb-a493308c51f2,5a10c5a2-6fce-455a-bb7c-a2c3cf77f9ee,1633254345293,14.4917502,52.1709005,8.57464,0.65386134,-0.32567525,1.6122532,on bike mount,cyclo cross,True,asphalt,excellent
435ed585-a5af-4478-b250-df7187c001e1,0f92d852-d96b-4c8d-94bb-a493308c51f2,6ac03d25-5395-4434-9c46-0c2c0fba588e,1633254345357,14.4917502,52.1709005,8.57464,0.18980849,-4.4346175,4.453082,on bike mount,cyclo cross,True,asphalt,excellent
435ed585-a5af-4478-b250-df7187c001e1,0f92d852-d96b-4c8d-94bb-a493308c51f2,6b505a08-aa02-475e-a440-8749ac064a7e,1633254345406,14.4917502,52.1709005,8.57464,0.0039663306,0.4841864,-2.9060779,on bike mount,cyclo cross,True,asphalt,excellent
435ed585-a5af-4478-b250-df7187c001e1,0f92d852-d96b-4c8d-94bb-a493308c51f2,036ea7fa-685b-4a8b-becc-9a87d88a9318,1633254345458,14.4917502,52.1709005,8.57464,0.65426105,1.662324,2.2939816,on bike mount,cyclo cross,True,asphalt,excellent
435ed585-a5af-4478-b250-df7187c001e1,0f92d852-d96b-4c8d-94bb-a493308c51f2,f6f22c0a-b766-4c2a-b8b3-7489e9e54383,1633254345508,14.4917502,52.1709005,8.57464,-0.754875,0.27235055,1.4169111,on bike mount,cyclo cross,True,asphalt,excellent
