bike_activity_uid,bike_activity_sample_uid,bike_activity_measurement,bike_activity_measurement_timestamp,bike_activity_measurement_lon,bike_activity_measurement_lat,bike_activity_measurement_speed,bike_activity_measurement_accelerometer_x,bike_activity_measurement_accelerometer_y,bike_activity_measurement_accelerometer_z,bike_activity_phone_position,bike_activity_bike_type,bike_activity_flagged_lab_conditions,bike_activity_surface_type,bike_activity_smoothness_type
483ee7a5-1d9c-4e43-b635-efe680ae580a,3eb1b978-baf0-454e-95aa-c1ce5755bfbc,65cc41ca-feff-4c55-92ab-f3a9deae7640,1643974391201,13.409809,52.4726181,6.156668,0.9289788,2.3303711,15.528572,on bike mount,cyclo cross,True,paving stones,good
483ee7a5-1d9c-4e43-b635-efe680ae580a,3eb1b978-baf0-454e-95aa-c1ce5755bfbc,027001ae-2aab-496f-b1cf-c3c5b654582f,1643974391258,13.409809,52.4726181,6.156668,-1.2128003,-1.5420015,-3.6583524,on bike mount,cyclo cross,True,paving stones,good
483ee7a5-1d9c-4e43-b635-efe680ae580a,3eb1b978-baf0-454e-95aa-c1ce5755bfbc,be478bd5-826d-4c9c-9128-18248a3781ee,1643974391309,13.409809,52.4726181,6.156668,-2.75883,-1.9894207,-5.6845975,on bike mount,cyclo cross,True,paving stones,good
483ee7a5-1d9c-4e43-b635-efe680ae580a,3eb1b978-baf0-454e-95aa-c1ce5755bfbc,5a201a4e-7018-40bb-a356-0075cad23c22,1643974391393,13.409809,52.4726181,6.156668,-1.114445,6.8934574,-14.359082,on bike mount,cyclo cross,True,paving stones,good
483ee7a5-1d9c-4e43-b635-efe680ae580a,3eb1b978-baf0-454e-95aa-c1ce5755bfbc,ef0c508d-e528-4979-82f4-3624d2cb68fa,1643974391446,13.409809,52.4726181,6.156668,-0.0111910105,-0.8356267,1.0702305,on bike mount,cyclo cross,True,paving stones,good
483ee7a5-1d9c-4e43-b635-efe680ae580a,3eb1b978-baf0-454e-95aa-c1ce5755bfbc,0aa8789a-76fb-462b-aa74-4a4137f3e8cf,1643974391520,13.4099016,52.4726214,6.1693935,-0.048563838,3.6461859,4.4412775,on bike mount,cyclo cross,True,paving stones,good
483ee7a5-1d9c-4e43-b635-efe680ae580a,3eb1b978-baf0-454e-95aa-c1ce5755bfbc,2a69e059-ecb7-456e-9545-d66143b30de4,1643974391574,13.4099016,52.4726214,6.1693935,0.55098057,-0.9569348,-1.053586,on bike mount,cyclo cross,True,paving stones,good
483ee7a5-1d9c-4e43-b635-efe680ae580a,3eb1b978-baf0-454e-95aa-c1ce5755bfbc,97ff1719-9a2a-401c-b5d8-a329469825f6,1643974391634,13.4099016,52.4726214,6.1693935,0.41504967,1.9262409,-11.662275,on bike mount,cyclo cross,True,paving stones,good
483ee7a5-1d9c-4e43-b635-efe680ae580a,3eb1b978-baf0-454e-95aa-c1ce5755bfbc,b75330a8-15be-4ac7-a6e0-9404184f9e02,1643974391686,13.4099016,52.4726214,6.1693935,-0.09409571,-4.9327126,-1.9971328,on bike mount,cyclo cross,True,paving stones,good
483ee7a5-1d9c-4e43-b635-efe680ae580a,3eb1b978-baf0-454e-95aa-c1ce5755bfbc,ad0293a9-8d13-466e-9dde-fcef49f527d1,1643974391747,13.4099016,52.4726214,6.1693935,-0.23579809,-1.5547968,26.567741,on bike mount,cyclo cross,True,paving stones,good
483ee7a5-1d9c-4e43-b635-efe680ae580a,3eb1b978-baf0-454e-95aa-c1ce5755bfbc,f37814a4-92cc-435f-aa03-6649b89da08b,1643974391824,13.4099016,52.4726214,6.1693935,-0.10036564,-5.813094,2.7558403,on bike mount,cyclo cross,True,paving stones,good
483ee7a5-1d9c-4e43-b635-efe680ae580a,3eb1b978-baf0-454e-95aa-c1ce5755bfbc,6971715d-d6cd-4881-9da5-de3ab88dd0c5,1643974391901,13.4099016,52.4726214,6.1693935,0.23527288,-0.6754636,7.2306824,on bike mount,cyclo cross,True,paving stones,good
483ee7a5-1d9c-4e43-b635-efe680ae580a,3eb1b978-baf0-454e-95aa-c1ce5755bfbc,f15be6c1-f032-4c9f-bdb9-0263ca443d5f,1643974391957,13.4099016,52.4726214,6.1693935,-1.7802444,1.2769184,-3.412617,on bike mount,cyclo cross,True,paving stones,good
483ee7a5-1d9c-4e43-b635-efe680ae580a,3eb1b978-baf0-454e-95aa-c1ce5755bfbc,e8296fcf-bcf3-42d8-8c8e-1e9592264cba,1643974392038,13.4099016,52.4726214,6.1693935,-3.4662027,3.367834,-8.420029,on bike mount,cyclo cross,True,paving stones,good
483ee7a5-1d9c-4e43-b635-efe680ae580a,3eb1b978-baf0-454e-95aa-c1ce5755bfbc,4cd0c10f-7342-47bf-91a0-0e7baf4cb5b7,1643974392096,13.4099016,52.4726214,6.1693935,-0.11028373,-3.9352803,10.089016,on bike mount,cyclo cross,True,paving stones,good
483ee7a5-1d9c-4e43-b635-efe680ae580a,3eb1b978-baf0-454e-95aa-c1ce5755bfbc,4f2a2047-8777-4ee5-8015-8903ecdd51aa,1643974392167,13.4099016,52.4726214,6.1693935,-0.53848606,0.55416036,-4.686127,on bike mount,cyclo cross,True,paving stones,good
483ee7a5-1d9c-4e43-b635-efe680ae580a,3eb1b978-baf0-454e-95aa-c1ce5755bfbc,365ef011-7172-4e67-b32f-1c5e3e01791e,1643974392225,13.4099016,52.4726214,6.1693935,-0.8561631,-3.8309398,7.5782413,on bike mount,cyclo cross,True,paving stones,good
483ee7a5-1d9c-4e43-b635-efe680ae580a,3eb1b978-baf0-454e-95aa-c1ce5755bfbc,21d14ad8-de94-478a-bf0a-c405e6880bb2,1643974392284,13.4099016,52.4726214,6.1693935,-0.97039896,2.6430655,-4.38196,on bike mount,cyclo cross,True,paving stones,good
483ee7a5-1d9c-4e43-b635-efe680ae580a,3eb1b978-baf0-454e-95aa-c1ce5755bfbc,f7152706-e4b8-43c1-9c26-2c01a1b1a6a9,1643974392366,13.4099016,52.4726214,6.1693935,0.09562981,2.8360515,-13.879739,on bike mount,cyclo cross,True,paving stones,good
483ee7a5-1d9c-4e43-b635-efe680ae580a,3eb1b978-baf0-454e-95aa-c1ce5755bfbc,9f407081-a277-46c2-8047-4ba379d62d1e,1643974392434,13.4099016,52.4726214,6.1693935,2.4931684,-2.5255933,9.233603,on bike mount,cyclo cross,True,paving stones,good
483ee7a5-1d9c-4e43-b635-efe680ae580a,3eb1b978-baf0-454e-95aa-c1ce5755bfbc,5dabef67-38c9-4f3a-885e-39151ff879b7,1643974392492,13.4099911,52.4726244,6.173457,0.4967668,3.3584757,1.0944996,on bike mount,cyclo cross,True,paving stones,good
483ee7a5-1d9c-4e43-b635-efe680ae580a,3eb1b978-baf0-454e-95aa-c1ce5755bfbc,d264641b-ae2f-4989-8660-e44d8151e68a,1643974392554,13.4099911,52.4726244,6.173457,1.3098009,0.28025126,11.244545,on bike mount,cyclo cross,True,paving stones,good
483ee7a5-1d9c-4e43-b635-efe680ae580a,3eb1b978-baf0-454e-95aa-c1ce5755bfbc,7483e0ad-e8bc-4001-9db0-22701156a32f,1643974392622,13.4099911,52.4726244,6.173457,0.396119,0.5320678,6.5835414,on bike mount,cyclo cross,True,paving stones,good
483ee7a5-1d9c-4e43-b635-efe680ae580a,3eb1b978-baf0-454e-95aa-c1ce5755bfbc,5e0a5874-1471-4b2a-a97e-8b91db0ec80c,1643974392687,13.4099911,52.4726244,6.173457,-1.7965996,-5.141416,-6.402106,on bike mount,cyclo cross,True,paving stones,good
483ee7a5-1d9c-4e43-b635-efe680ae580a,3eb1b978-baf0-454e-95aa-c1ce5755bfbc,bfcbdc80-3792-4970-951a-f47cb11a3fa1,1643974392744,13.4099911,52.4726244,6.173457,-2.0126803,-1.4513241,-3.9561877,on bike mount,cyclo cross,True,paving stones,good
483ee7a5-1d9c-4e43-b635-efe680ae580a,3eb1b978-baf0-454e-95aa-c1ce5755bfbc,cd6f4795-9ce8-47eb-a0b9-8ddb9e3c6338,1643974392794,13.4099911,52.4726244,6.173457,-1.513695,-3.733313,4.8879633,on bike mount,cyclo cross,True,paving stones,good
483ee7a5-1d9c-4e43-b635-efe680ae580a,3eb1b978-baf0-454e-95aa-c1ce5755bfbc,a4483bae-5179-4e03-93cd-7635868065b6,1643974392860,13.4099911,52.4726244,6.173457,-1.1980723,0.63031626,-1.83602,on bike mount,cyclo cross,True,paving stones,good
483ee7a5-1d9c-4e43-b635-efe680ae580a,3eb1b978-baf0-454e-95aa-c1ce5755bfbc,c31e0609-6515-4afd-bfb2-ae195853556d,1643974392926,13.4099911,52.4726244,6.173457,-0.51057994,-0.5238315,1.9191828,on bike mount,cyclo cross,True,paving stones,good
483ee7a5-1d9c-4e43-b635-efe680ae580a,3eb1b978-baf0-454e-95aa-c1ce5755bfbc,02be9620-9e7c-42c4-88e5-b143133619b4,1643974392987,13.4099911,52.4726244,6.173457,-0.11438459,-0.11996341,12.137231,on bike mount,cyclo cross,True,paving stones,good
483ee7a5-1d9c-4e43-b635-efe680ae580a,3eb1b978-baf0-454e-95aa-c1ce5755bfbc,bcf3f8a9-26ba-45ed-a7f4-4a6d09b40d83,1643974393063,13.4099911,52.4726244,6.173457,1.091877,4.7353687,-5.7490697,on bike mount,cyclo cross,True,paving stones,good
483ee7a5-1d9c-4e43-b635-efe680ae580a,3eb1b978-baf0-454e-95aa-c1ce5755bfbc,898a9e84-00c3-48e2-8276-aaa7b6a4e58b,1643974393127,13.4099911,52.4726244,6.173457,1.8572352,2.0894446,-4.621868,on bike mount,cyclo cross,True,paving stones,good
483ee7a5-1d9c-4e43-b635-efe680ae580a,3eb1b978-baf0-454e-95aa-c1ce5755bfbc,566bac0c-552d-4612-9d01-ea87b18edc30,1643974393177,13.4099911,52.4726244,6.173457,-0.110963404,-3.0632982,3.9607878,on bike mount,cyclo cross,True,paving stones,good
483ee7a5-1d9c-4e43-b635-efe680ae580a,3eb1b978-baf0-454e-95aa-c1ce5755bfbc,e1773ab6-359e-4f9d-8b10-eebd16595a1a,1643974393227,13.4099911,52.4726244,6.173457,0.36331138,-0.5220659,9.407408,on bike mount,cyclo cross,True,paving stones,good
483ee7a5-1d9c-4e43-b635-efe680ae580a,3eb1b978-baf0-454e-95aa-c1ce5755bfbc,190ba714-3ef1-42d7-a872-f3f2119ca6fc,1643974393280,13.4099911,52.4726244,6.173457,0.29480308,3.0873098,0.2716217,on bike mount,cyclo cross,True,paving stones,good
483ee7a5-1d9c-4e43-b635-efe680ae580a,3eb1b978-baf0-454e-95aa-c1ce5755bfbc,d044491b-7652-4335-93cf-9b25ff386691,1643974393337,13.4099911,52.4726244,6.173457,1.3452483,-3.084759,11.140936,on bike mount,cyclo cross,True,paving stones,good
483ee7a5-1d9c-4e43-b635-efe680ae580a,3eb1b978-baf0-454e-95aa-c1ce5755bfbc,359d90b4-b333-4881-98ee-cd5ef0ac38ea,1643974393393,13.4099911,52.4726244,6.173457,-1.3844663,0.58856726,-9.884371,on bike mount,cyclo cross,True,paving stones,good
483ee7a5-1d9c-4e43-b635-efe680ae580a,3eb1b978-baf0-454e-95aa-c1ce5755bfbc,c1fcde54-6579-4199-9c54-c7d1f406aabd,1643974393450,13.4099911,52.4726244,6.173457,-2.1721592,-1.4841554,-4.429572,on bike mount,cyclo cross,True,paving stones,good
483ee7a5-1d9c-4e43-b635-efe680ae580a,3eb1b978-baf0-454e-95aa-c1ce5755bfbc,7cb4fd0a-9832-49bb-80db-4ae74d0fcd78,1643974393519,13.4100834,52.4726274,6.205106,-0.9508443,-1.5975873,-3.1253011,on bike mount,cyclo cross,True,paving stones,good
483ee7a5-1d9c-4e43-b635-efe680ae580a,3eb1b978-baf0-454e-95aa-c1ce5755bfbc,34fd2251-07f0-4f56-8948-d5d8e5b33785,1643974393585,13.4100834,52.4726274,6.205106,-3.132564,1.3978372,-7.2183075,on bike mount,cyclo cross,True,paving stones,good
483ee7a5-1d9c-4e43-b635-efe680ae580a,3eb1b978-baf0-454e-95aa-c1ce5755bfbc,28cac422-075b-4b00-9974-3d76b2f0fdf8,1643974393642,13.4100834,52.4726274,6.205106,-0.8711282,-4.652842,5.322298,on bike mount,cyclo cross,True,paving stones,good
483ee7a5-1d9c-4e43-b635-efe680ae580a,3eb1b978-baf0-454e-95aa-c1ce5755bfbc,3e5efd45-fb2b-4ed1-ab76-ffd8149dcf85,1643974393700,13.4100834,52.4726274,6.205106,-1.2500871,-2.752561,-6.4604855,on bike mount,cyclo cross,True,paving stones,good
483ee7a5-1d9c-4e43-b635-efe680ae580a,3eb1b978-baf0-454e-95aa-c1ce5755bfbc,40fe2494-d47a-4f2c-8b0c-a18f22dcebbd,1643974393761,13.4100834,52.4726274,6.205106,-1.1533017,1.7703233,-0.4914508,on bike mount,cyclo cross,True,paving stones,good
483ee7a5-1d9c-4e43-b635-efe680ae580a,3eb1b978-baf0-454e-95aa-c1ce5755bfbc,b2650fc5-b49f-45aa-bcee-631aee646176,1643974393817,13.4100834,52.4726274,6.205106,-1.0635219,4.003066,3.0912151,on bike mount,cyclo cross,True,paving stones,good
483ee7a5-1d9c-4e43-b635-efe680ae580a,3eb1b978-baf0-454e-95aa-c1ce5755bfbc,f5fb4706-75b6-4927-bb75-cdafaa220524,1643974393878,13.4100834,52.4726274,6.205106,0.13832676,-0.6029569,-1.7976179,on bike mount,cyclo cross,True,paving stones,good
483ee7a5-1d9c-4e43-b635-efe680ae580a,3eb1b978-baf0-454e-95aa-c1ce5755bfbc,77016078-0cd1-41a0-b65d-1f57adc1692a,1643974393935,13.4100834,52.4726274,6.205106,-1.6019468,-0.304811,-4.6573257,on bike mount,cyclo cross,True,paving stones,good
483ee7a5-1d9c-4e43-b635-efe680ae580a,3eb1b978-baf0-454e-95aa-c1ce5755bfbc,1d5e89ef-01b0-4242-8ff5-c188d8490d03,1643974394008,13.4100834,52.4726274,6.205106,1.3674068,-3.0381143,5.8420944,on bike mount,cyclo cross,True,paving stones,good
483ee7a5-1d9c-4e43-b635-efe680ae580a,3eb1b978-baf0-454e-95aa-c1ce5755bfbc,9b40df7a-7709-4f59-8d9d-e1ba3df53287,1643974394072,13.4100834,52.4726274,6.205106,-1.5285113,-2.085353,-4.443739,on bike mount,cyclo cross,True,paving stones,good
483ee7a5-1d9c-4e43-b635-efe680ae580a,3eb1b978-baf0-454e-95aa-c1ce5755bfbc,168e0e71-4765-4f2e-aab9-9f46a35a2cb5,1643974394135,13.4100834,52.4726274,6.205106,-0.38495195,2.829443,-3.3460627,on bike mount,cyclo cross,True,paving stones,good
483ee7a5-1d9c-4e43-b635-efe680ae580a,3eb1b978-baf0-454e-95aa-c1ce5755bfbc,49b4ad65-5989-4224-9e06-83917f4619ee,1643974394216,13.4100834,52.4726274,6.205106,0.62118316,-2.0084755,13.771069,on bike mount,cyclo cross,True,paving stones,good
483ee7a5-1d9c-4e43-b635-efe680ae580a,3eb1b978-baf0-454e-95aa-c1ce5755bfbc,73967b1e-9080-43a0-823f-758d41f94114,1643974394283,13.4100834,52.4726274,6.205106,-1.5197369,1.9252489,9.885761,on bike mount,cyclo cross,True,paving stones,good
483ee7a5-1d9c-4e43-b635-efe680ae580a,3eb1b978-baf0-454e-95aa-c1ce5755bfbc,7fbb15e4-d9a4-4ef1-a621-50818a1db2ed,1643974394348,13.4100834,52.4726274,6.205106,-0.7409501,-0.63093495,3.4409819,on bike mount,cyclo cross,True,paving stones,good
483ee7a5-1d9c-4e43-b635-efe680ae580a,3eb1b978-baf0-454e-95aa-c1ce5755bfbc,d411db28-8981-46da-a4bf-b4b5313cde3b,1643974394398,13.4100834,52.4726274,6.205106,-0.63539046,1.5688,2.535739,on bike mount,cyclo cross,True,paving stones,good
483ee7a5-1d9c-4e43-b635-efe680ae580a,3eb1b978-baf0-454e-95aa-c1ce5755bfbc,0305a499-410b-4768-8590-9bfe961a9326,1643974394448,13.4100834,52.4726274,6.205106,0.8888778,2.843246,-0.75137615,on bike mount,cyclo cross,True,paving stones,good
483ee7a5-1d9c-4e43-b635-efe680ae580a,3eb1b978-baf0-454e-95aa-c1ce5755bfbc,6adeadd5-080a-47ec-b8a7-b3ed455ee7c5,1643974394506,13.4101745,52.4726305,6.2084723,1.2834507,-0.22152817,1.4811602,on bike mount,cyclo cross,True,paving stones,good
483ee7a5-1d9c-4e43-b635-efe680ae580a,3eb1b978-baf0-454e-95aa-c1ce5755bfbc,10ba466d-99cd-4a57-9e85-27417f9a04ae,1643974394565,13.4101745,52.4726305,6.2084723,-0.48641613,5.502895,-20.176743,on bike mount,cyclo cross,True,paving stones,good
483ee7a5-1d9c-4e43-b635-efe680ae580a,3eb1b978-baf0-454e-95aa-c1ce5755bfbc,6753eca5-73e5-4377-ac96-9c2ce608169d,1643974394622,13.4101745,52.4726305,6.2084723,-0.48030913,3.4962368,-8.854274,on bike mount,cyclo cross,True,paving stones,good
483ee7a5-1d9c-4e43-b635-efe680ae580a,3eb1b978-baf0-454e-95aa-c1ce5755bfbc,4dddeb07-3ee5-4eab-8e2d-8ad0f33c9df9,1643974394682,13.4101745,52.4726305,6.2084723,1.1290816,-6.071871,-3.6518888,on bike mount,cyclo cross,True,paving stones,good
483ee7a5-1d9c-4e43-b635-efe680ae580a,3eb1b978-baf0-454e-95aa-c1ce5755bfbc,3cfd3811-1f01-4182-9f81-204bab53f5dc,1643974394746,13.4101745,52.4726305,6.2084723,0.6403196,1.4355736,-3.1307287,on bike mount,cyclo cross,True,paving stones,good
483ee7a5-1d9c-4e43-b635-efe680ae580a,3eb1b978-baf0-454e-95aa-c1ce5755bfbc,24e4976c-fabd-41d5-ac39-0e962c6ca55e,1643974394796,13.4101745,52.4726305,6.2084723,0.53966117,-0.81427085,8.513046,on bike mount,cyclo cross,True,paving stones,good
483ee7a5-1d9c-4e43-b635-efe680ae580a,3eb1b978-baf0-454e-95aa-c1ce5755bfbc,5e171b8a-edf5-4716-80d8-ff12e82d3fdc,1643974394857,13.4101745,52.4726305,6.2084723,-1.2770647,6.601366,-9.556051,on bike mount,cyclo cross,True,paving stones,good
483ee7a5-1d9c-4e43-b635-efe680ae580a,3eb1b978-baf0-454e-95aa-c1ce5755bfbc,99c7e1a4-6531-4000-956c-d09115ca86fd,1643974394911,13.4101745,52.4726305,6.2084723,-1.2028056,-1.9899708,-3.3715687,on bike mount,cyclo cross,True,paving stones,good
483ee7a5-1d9c-4e43-b635-efe680ae580a,3eb1b978-baf0-454e-95aa-c1ce5755bfbc,27e27094-155c-49f4-b018-655f7808f36b,1643974394975,13.4101745,52.4726305,6.2084723,0.46601534,-2.837055,-2.521564,on bike mount,cyclo cross,True,paving stones,good
483ee7a5-1d9c-4e43-b635-efe680ae580a,3eb1b978-baf0-454e-95aa-c1ce5755bfbc,50ae37fd-543c-40f5-b91e-2aea550ba957,1643974395052,13.4101745,52.4726305,6.2084723,-0.489801,-0.7183268,3.384966,on bike mount,cyclo cross,True,paving stones,good
483ee7a5-1d9c-4e43-b635-efe680ae580a,3eb1b978-baf0-454e-95aa-c1ce5755bfbc,3b74b9f4-7de4-467c-8701-c8d103b82453,1643974395128,13.4101745,52.4726305,6.2084723,-1.1813,-0.39453888,0.55344296,on bike mount,cyclo cross,True,paving stones,good
483ee7a5-1d9c-4e43-b635-efe680ae580a,3eb1b978-baf0-454e-95aa-c1ce5755bfbc,89516938-b1ec-4472-99e1-012835267238,1643974395185,13.4101745,52.4726305,6.2084723,-0.5831699,1.436172,3.7052574,on bike mount,cyclo cross,True,paving stones,good
483ee7a5-1d9c-4e43-b635-efe680ae580a,3eb1b978-baf0-454e-95aa-c1ce5755bfbc,9d3851f3-5c54-4404-a3dd-ec8421ab5e13,1643974395258,13.4101745,52.4726305,6.2084723,-0.33226025,3.2701864,-3.0934896,on bike mount,cyclo cross,True,paving stones,good
483ee7a5-1d9c-4e43-b635-efe680ae580a,3eb1b978-baf0-454e-95aa-c1ce5755bfbc,8a3a72a0-90ed-4a92-bee6-d21577edf1bb,1643974395314,13.4101745,52.4726305,6.2084723,-0.9022138,-1.7896076,2.6797304,on bike mount,cyclo cross,True,paving stones,good
483ee7a5-1d9c-4e43-b635-efe680ae580a,3eb1b978-baf0-454e-95aa-c1ce5755bfbc,920fe638-277e-4427-9dfd-84e6bd1ff6bd,1643974395373,13.4101745,52.4726305,6.2084723,0.29403663,4.7056966,1.2443504,on bike mount,cyclo cross,True,paving stones,good
483ee7a5-1d9c-4e43-b635-efe680ae580a,3eb1b978-baf0-454e-95aa-c1ce5755bfbc,57e9d75c-2d1c-4d24-8cbe-7d15c8dace93,1643974395433,13.4101745,52.4726305,6.2084723,2.3074372,3.394933,15.365189,on bike mount,cyclo cross,True,paving stones,good
483ee7a5-1d9c-4e43-b635-efe680ae580a,3eb1b978-baf0-454e-95aa-c1ce5755bfbc,22390a6c-2436-42ad-b0a2-8bd3ffde1544,1643974395498,13.4102651,52.4726334,6.2020955,-0.7503519,-2.2960134,-0.3859353,on bike mount,cyclo cross,True,paving stones,good
483ee7a5-1d9c-4e43-b635-efe680ae580a,3eb1b978-baf0-454e-95aa-c1ce5755bfbc,78cdd32e-04ea-4c4e-b809-7121e6ad6130,1643974395559,13.4102651,52.4726334,6.2020955,1.2025666,-3.4091148,-7.5348806,on bike mount,cyclo cross,True,paving stones,good
483ee7a5-1d9c-4e43-b635-efe680ae580a,3eb1b978-baf0-454e-95aa-c1ce5755bfbc,358fe59b-870d-4a22-ad8d-0f7e2bfddc5a,1643974395611,13.4102651,52.4726334,6.2020955,-1.2256674,1.9812838,-14.565618,on bike mount,cyclo cross,True,paving stones,good
483ee7a5-1d9c-4e43-b635-efe680ae580a,3eb1b978-baf0-454e-95aa-c1ce5755bfbc,9a91194d-aa07-4040-9754-ef586cd3b805,1643974395666,13.4102651,52.4726334,6.2020955,-0.39056787,1.9457307,4.3218937,on bike mount,cyclo cross,True,paving stones,good
483ee7a5-1d9c-4e43-b635-efe680ae580a,3eb1b978-baf0-454e-95aa-c1ce5755bfbc,7ebd1526-7717-4b5b-aa2b-a9ae9298b799,1643974395716,13.4102651,52.4726334,6.2020955,-2.6954498,-2.4226942,-11.178843,on bike mount,cyclo cross,True,paving stones,good
483ee7a5-1d9c-4e43-b635-efe680ae580a,3eb1b978-baf0-454e-95aa-c1ce5755bfbc,124b31ba-aa6e-43ba-b82b-fca730179f43,1643974395776,13.4102651,52.4726334,6.2020955,0.4190644,-1.836332,3.320673,on bike mount,cyclo cross,True,paving stones,good
483ee7a5-1d9c-4e43-b635-efe680ae580a,3eb1b978-baf0-454e-95aa-c1ce5755bfbc,f1d85edc-803e-4d40-8763-41aaca3137e0,1643974395841,13.4102651,52.4726334,6.2020955,-1.265537,0.43841457,-2.4211888,on bike mount,cyclo cross,True,paving stones,good
483ee7a5-1d9c-4e43-b635-efe680ae580a,3eb1b978-baf0-454e-95aa-c1ce5755bfbc,1685711e-5580-4e73-a938-146575b7c4ef,1643974395900,13.4102651,52.4726334,6.2020955,-1.1527433,3.324247,-8.652278,on bike mount,cyclo cross,True,paving stones,good
483ee7a5-1d9c-4e43-b635-efe680ae580a,3eb1b978-baf0-454e-95aa-c1ce5755bfbc,1e10702f-3483-49ac-804f-a0c21d420018,1643974395980,13.4102651,52.4726334,6.2020955,-0.14062339,-0.30524993,8.652519,on bike mount,cyclo cross,True,paving stones,good
483ee7a5-1d9c-4e43-b635-efe680ae580a,3eb1b978-baf0-454e-95aa-c1ce5755bfbc,ca98a7ca-4a0e-4b74-9683-2e8f7e9052fe,1643974396044,13.4102651,52.4726334,6.2020955,1.7833636,1.056886,7.1087055,on bike mount,cyclo cross,True,paving stones,good
483ee7a5-1d9c-4e43-b635-efe680ae580a,3eb1b978-baf0-454e-95aa-c1ce5755bfbc,ec237f8c-cb5a-4e5d-8ed5-2b729cace83b,1643974396117,13.4102651,52.4726334,6.2020955,1.67097,2.0733728,0.9099636,on bike mount,cyclo cross,True,paving stones,good
483ee7a5-1d9c-4e43-b635-efe680ae580a,3eb1b978-baf0-454e-95aa-c1ce5755bfbc,ef51542b-85f5-4280-839d-d9e6f0c07b0f,1643974396169,13.4102651,52.4726334,6.2020955,0.566043,4.3968606,0.04320526,on bike mount,cyclo cross,True,paving stones,good
483ee7a5-1d9c-4e43-b635-efe680ae580a,3eb1b978-baf0-454e-95aa-c1ce5755bfbc,6cd1ba4f-682d-42e3-8288-9b4d28e8fdb4,1643974396221,13.4102651,52.4726334,6.2020955,0.6071328,0.5171976,-4.4169765,on bike mount,cyclo cross,True,paving stones,good
483ee7a5-1d9c-4e43-b635-efe680ae580a,3eb1b978-baf0-454e-95aa-c1ce5755bfbc,164b1322-690a-46fe-a569-9a8ad20432db,1643974396309,13.4102651,52.4726334,6.2020955,0.99214745,-4.8031077,0.2944088,on bike mount,cyclo cross,True,paving stones,good
483ee7a5-1d9c-4e43-b635-efe680ae580a,3eb1b978-baf0-454e-95aa-c1ce5755bfbc,52c74d4f-68d3-4cff-9a83-571a71902d89,1643974396367,13.4102651,52.4726334,6.2020955,0.7854482,3.896288,-4.2245293,on bike mount,cyclo cross,True,paving stones,good
483ee7a5-1d9c-4e43-b635-efe680ae580a,3eb1b978-baf0-454e-95aa-c1ce5755bfbc,b7162369-2d01-4643-aee8-0d36d7e21df7,1643974396421,13.4102651,52.4726334,6.2020955,-2.3133516,-0.013720989,-8.122342,on bike mount,cyclo cross,True,paving stones,good
483ee7a5-1d9c-4e43-b635-efe680ae580a,3eb1b978-baf0-454e-95aa-c1ce5755bfbc,1a6ccb74-725b-49e8-b014-40deaa1ad263,1643974396491,13.4103578,52.4726362,6.1927023,-0.7356651,0.7128453,-1.7547836,on bike mount,cyclo cross,True,paving stones,good
483ee7a5-1d9c-4e43-b635-efe680ae580a,3eb1b978-baf0-454e-95aa-c1ce5755bfbc,3fd5f434-a539-4f46-b3a6-f3d0d2997391,1643974396546,13.4103578,52.4726362,6.1927023,0.90031946,4.1944633,11.793129,on bike mount,cyclo cross,True,paving stones,good
483ee7a5-1d9c-4e43-b635-efe680ae580a,3eb1b978-baf0-454e-95aa-c1ce5755bfbc,5c9993da-4c51-419b-8cca-40b45e8e6e4b,1643974396599,13.4103578,52.4726362,6.1927023,-0.5217478,-0.8186757,11.950485,on bike mount,cyclo cross,True,paving stones,good
483ee7a5-1d9c-4e43-b635-efe680ae580a,3eb1b978-baf0-454e-95aa-c1ce5755bfbc,0068d7c5-7fd1-4e8b-b038-6968a1f59394,1643974396651,13.4103578,52.4726362,6.1927023,-2.5277102,2.6308513,-10.678875,on bike mount,cyclo cross,True,paving stones,good
483ee7a5-1d9c-4e43-b635-efe680ae580a,3eb1b978-baf0-454e-95aa-c1ce5755bfbc,1d959c13-d63d-4bb8-bd48-c1b762dcf750,1643974396703,13.4103578,52.4726362,6.1927023,-3.5194361,-1.8076158,2.4533167,on bike mount,cyclo cross,True,paving stones,good
483ee7a5-1d9c-4e43-b635-efe680ae580a,3eb1b978-baf0-454e-95aa-c1ce5755bfbc,095a80af-d38f-4c17-9685-fde7404d7b52,1643974396776,13.4103578,52.4726362,6.1927023,-2.225282,3.7842064,-10.538193,on bike mount,cyclo cross,True,paving stones,good
483ee7a5-1d9c-4e43-b635-efe680ae580a,3eb1b978-baf0-454e-95aa-c1ce5755bfbc,e7708954-ca80-4f87-b5b7-01fa1fbbd7d8,1643974396833,13.4103578,52.4726362,6.1927023,-2.1599765,3.049117,-14.115514,on bike mount,cyclo cross,True,paving stones,good
483ee7a5-1d9c-4e43-b635-efe680ae580a,3eb1b978-baf0-454e-95aa-c1ce5755bfbc,d021aec4-c052-43a0-ba8e-3e9b7873bf4f,1643974396890,13.4103578,52.4726362,6.1927023,-2.2007446,-5.65992,-1.0230808,on bike mount,cyclo cross,True,paving stones,good
483ee7a5-1d9c-4e43-b635-efe680ae580a,3eb1b978-baf0-454e-95aa-c1ce5755bfbc,6b6da5d5-1163-4aa1-b65b-dbb6111523df,1643974396955,13.4103578,52.4726362,6.1927023,1.7573128,-6.8591404,39.920395,on bike mount,cyclo cross,True,paving stones,good
483ee7a5-1d9c-4e43-b635-efe680ae580a,3eb1b978-baf0-454e-95aa-c1ce5755bfbc,dc2678fa-6486-41f6-96f5-1a7de5324cfc,1643974397027,13.4103578,52.4726362,6.1927023,2.7185292,4.9697905,18.611315,on bike mount,cyclo cross,True,paving stones,good
483ee7a5-1d9c-4e43-b635-efe680ae580a,3eb1b978-baf0-454e-95aa-c1ce5755bfbc,6c56293b-c262-442e-9121-73aeb517af3c,1643974397099,13.4103578,52.4726362,6.1927023,2.3763406,-4.356108,6.013878,on bike mount,cyclo cross,True,paving stones,good
483ee7a5-1d9c-4e43-b635-efe680ae580a,3eb1b978-baf0-454e-95aa-c1ce5755bfbc,5ed993b8-e2d5-4325-ba20-801a65fa5c68,1643974397166,13.4103578,52.4726362,6.1927023,-1.0933568,-1.607522,2.8536472,on bike mount,cyclo cross,True,paving stones,good
483ee7a5-1d9c-4e43-b635-efe680ae580a,3eb1b978-baf0-454e-95aa-c1ce5755bfbc,354dcbe3-a7f4-43d1-b2c1-1bf05f5cb460,1643974397227,13.4103578,52.4726362,6.1927023,-0.3587859,0.0018398762,4.032173,on bike mount,cyclo cross,True,paving stones,good
483ee7a5-1d9c-4e43-b635-efe680ae580a,3eb1b978-baf0-454e-95aa-c1ce5755bfbc,b2cf9003-2a86-445d-8e2f-12d47177ce5b,1643974397284,13.4103578,52.4726362,6.1927023,-0.80983794,-3.084425,-1.5640836,on bike mount,cyclo cross,True,paving stones,good
483ee7a5-1d9c-4e43-b635-efe680ae580a,3eb1b978-baf0-454e-95aa-c1ce5755bfbc,766f6ed8-0a39-4948-9b3b-54a83b3ec37c,1643974397336,13.4103578,52.4726362,6.1927023,-0.5066775,-1.2801213,-4.205544,on bike mount,cyclo cross,True,paving stones,good
483ee7a5-1d9c-4e43-b635-efe680ae580a,3eb1b978-baf0-454e-95aa-c1ce5755bfbc,d16d667b-04b0-467c-be65-f6d255e7707c,1643974397389,13.4103578,52.4726362,6.1927023,-0.807968,-5.0357084,7.3164186,on bike mount,cyclo cross,True,paving stones,good
483ee7a5-1d9c-4e43-b635-efe680ae580a,3eb1b978-baf0-454e-95aa-c1ce5755bfbc,bfca8fa6-16a5-4782-8709-85065c90a0d3,1643974397464,13.4103578,52.4726362,6.1927023,-1.7546065,1.3290792,-5.3687477,on bike mount,cyclo cross,True,paving stones,good
483ee7a5-1d9c-4e43-b635-efe680ae580a,3eb1b978-baf0-454e-95aa-c1ce5755bfbc,39ae79a1-dd76-4218-adb5-aee3f127e364,1643974397519,13.4104492,52.4726396,6.185054,-2.066094,-3.4684124,1.4408016,on bike mount,cyclo cross,True,paving stones,good
483ee7a5-1d9c-4e43-b635-efe680ae580a,3eb1b978-baf0-454e-95aa-c1ce5755bfbc,5a005cfb-7f4f-41bf-b33c-c9126d4a5082,1643974397574,13.4104492,52.4726396,6.185054,-0.63257027,1.759243,3.2043324,on bike mount,cyclo cross,True,paving stones,good
483ee7a5-1d9c-4e43-b635-efe680ae580a,3eb1b978-baf0-454e-95aa-c1ce5755bfbc,d280904b-df4c-4a15-b6a8-b5e40e4d4d57,1643974397653,13.4104492,52.4726396,6.185054,0.63793325,3.2906814,-5.1706057,on bike mount,cyclo cross,True,paving stones,good
483ee7a5-1d9c-4e43-b635-efe680ae580a,3eb1b978-baf0-454e-95aa-c1ce5755bfbc,d4c30da2-ccbd-4300-bc62-9737b1e2833c,1643974397704,13.4104492,52.4726396,6.185054,-0.59238946,-1.8106987,7.761757,on bike mount,cyclo cross,True,paving stones,good
483ee7a5-1d9c-4e43-b635-efe680ae580a,3eb1b978-baf0-454e-95aa-c1ce5755bfbc,c09741e5-e9e0-4f45-8971-73d20f1699c8,1643974397754,13.4104492,52.4726396,6.185054,-0.35616654,-4.6606474,17.72086,on bike mount,cyclo cross,True,paving stones,good
483ee7a5-1d9c-4e43-b635-efe680ae580a,3eb1b978-baf0-454e-95aa-c1ce5755bfbc,ea92b44b-2a46-4185-89b5-0c7cb716c42b,1643974397819,13.4104492,52.4726396,6.185054,0.6691425,-0.8758457,-5.994135,on bike mount,cyclo cross,True,paving stones,good
483ee7a5-1d9c-4e43-b635-efe680ae580a,3eb1b978-baf0-454e-95aa-c1ce5755bfbc,58b48d83-9d33-4ba7-b9f0-dc7221485da1,1643974397875,13.4104492,52.4726396,6.185054,-0.28257802,-1.8148317,1.6835184,on bike mount,cyclo cross,True,paving stones,good
483ee7a5-1d9c-4e43-b635-efe680ae580a,3eb1b978-baf0-454e-95aa-c1ce5755bfbc,f8aabecb-3b4a-4fd5-aa50-012a57de6988,1643974397931,13.4104492,52.4726396,6.185054,0.3558706,-0.7883922,3.081625,on bike mount,cyclo cross,True,paving stones,good
483ee7a5-1d9c-4e43-b635-efe680ae580a,3eb1b978-baf0-454e-95aa-c1ce5755bfbc,dc0f0777-bac1-408e-b8e1-c6d38ba2d4d2,1643974397984,13.4104492,52.4726396,6.185054,-0.29499516,4.9586825,-1.1887412,on bike mount,cyclo cross,True,paving stones,good
483ee7a5-1d9c-4e43-b635-efe680ae580a,3eb1b978-baf0-454e-95aa-c1ce5755bfbc,3310bbb2-028d-433a-9085-3756ddeed99e,1643974398049,13.4104492,52.4726396,6.185054,-0.6166366,-5.7690477,0.30345345,on bike mount,cyclo cross,True,paving stones,good
483ee7a5-1d9c-4e43-b635-efe680ae580a,3eb1b978-baf0-454e-95aa-c1ce5755bfbc,0cdbf19f-395d-4b3c-906e-4b8997ec13ff,1643974398099,13.4104492,52.4726396,6.185054,0.5104307,-0.19106358,10.926726,on bike mount,cyclo cross,True,paving stones,good
483ee7a5-1d9c-4e43-b635-efe680ae580a,3eb1b978-baf0-454e-95aa-c1ce5755bfbc,e2a448ff-5bfa-4ffc-8bd6-2ba403a69346,1643974398155,13.4104492,52.4726396,6.185054,-0.4217393,-0.14782643,-2.5669942,on bike mount,cyclo cross,True,paving stones,good
483ee7a5-1d9c-4e43-b635-efe680ae580a,3eb1b978-baf0-454e-95aa-c1ce5755bfbc,cb7d3862-8cf0-4935-a111-a4678ca4af4a,1643974398215,13.4104492,52.4726396,6.185054,-1.1224749,6.6436853,-9.092001,on bike mount,cyclo cross,True,paving stones,good
483ee7a5-1d9c-4e43-b635-efe680ae580a,3eb1b978-baf0-454e-95aa-c1ce5755bfbc,0db3f2af-9ab6-429b-b545-1e12829089a3,1643974398270,13.4104492,52.4726396,6.185054,-0.94085395,1.8951559,-6.5995064,on bike mount,cyclo cross,True,paving stones,good
483ee7a5-1d9c-4e43-b635-efe680ae580a,3eb1b978-baf0-454e-95aa-c1ce5755bfbc,915e95b7-f571-4658-ac63-49f8770e2dfe,1643974398322,13.4104492,52.4726396,6.185054,-2.1882539,-4.7188096,14.4929285,on bike mount,cyclo cross,True,paving stones,good
483ee7a5-1d9c-4e43-b635-efe680ae580a,3eb1b978-baf0-454e-95aa-c1ce5755bfbc,baa74bea-2f2a-4d98-999c-7089dcb3d07a,1643974398393,13.4104492,52.4726396,6.185054,-0.10393894,5.3440413,-6.5967073,on bike mount,cyclo cross,True,paving stones,good
483ee7a5-1d9c-4e43-b635-efe680ae580a,3eb1b978-baf0-454e-95aa-c1ce5755bfbc,3c58638b-0155-41c6-abfd-fd7e1ec1116d,1643974398451,13.4104492,52.4726396,6.185054,-0.32378393,-0.7453627,2.7640085,on bike mount,cyclo cross,True,paving stones,good
483ee7a5-1d9c-4e43-b635-efe680ae580a,3eb1b978-baf0-454e-95aa-c1ce5755bfbc,037d369e-632a-435e-81d1-fe048cdf4108,1643974398519,13.4105401,52.4726428,6.220913,-1.1730697,-1.0884155,-7.9997115,on bike mount,cyclo cross,True,paving stones,good
483ee7a5-1d9c-4e43-b635-efe680ae580a,3eb1b978-baf0-454e-95aa-c1ce5755bfbc,faed5ff2-00a8-48bc-aec3-aba1c742cc20,1643974398571,13.4105401,52.4726428,6.220913,-0.33860433,-2.3720758,5.4926395,on bike mount,cyclo cross,True,paving stones,good
483ee7a5-1d9c-4e43-b635-efe680ae580a,3eb1b978-baf0-454e-95aa-c1ce5755bfbc,539a6e22-6560-43ad-9bad-38b6ed2457dc,1643974398634,13.4105401,52.4726428,6.220913,-2.8795068,-2.202477,-4.08101,on bike mount,cyclo cross,True,paving stones,good
483ee7a5-1d9c-4e43-b635-efe680ae580a,3eb1b978-baf0-454e-95aa-c1ce5755bfbc,b6cc873d-c3e8-4fd6-86ca-5e477e8833b4,1643974398688,13.4105401,52.4726428,6.220913,0.05306846,-3.349142,5.5578213,on bike mount,cyclo cross,True,paving stones,good
483ee7a5-1d9c-4e43-b635-efe680ae580a,3eb1b978-baf0-454e-95aa-c1ce5755bfbc,42dad180-44c5-497f-9f88-55cd06e4a9a9,1643974398756,13.4105401,52.4726428,6.220913,-0.2970523,-2.1492507,10.06798,on bike mount,cyclo cross,True,paving stones,good
483ee7a5-1d9c-4e43-b635-efe680ae580a,3eb1b978-baf0-454e-95aa-c1ce5755bfbc,901bb6e3-b3dd-4eba-9a48-a0438ce0c75c,1643974398818,13.4105401,52.4726428,6.220913,-2.1975024,-0.99538255,-9.045341,on bike mount,cyclo cross,True,paving stones,good
483ee7a5-1d9c-4e43-b635-efe680ae580a,3eb1b978-baf0-454e-95aa-c1ce5755bfbc,4a99aa65-46b9-421a-9a96-852245645823,1643974398882,13.4105401,52.4726428,6.220913,-0.33818823,0.9529283,-7.790419,on bike mount,cyclo cross,True,paving stones,good
483ee7a5-1d9c-4e43-b635-efe680ae580a,3eb1b978-baf0-454e-95aa-c1ce5755bfbc,08e92bd1-12bd-48e4-9c25-2ab8ce553508,1643974398941,13.4105401,52.4726428,6.220913,-0.81205016,4.4187546,-7.369313,on bike mount,cyclo cross,True,paving stones,good
483ee7a5-1d9c-4e43-b635-efe680ae580a,3eb1b978-baf0-454e-95aa-c1ce5755bfbc,78c621db-6c58-4f43-9771-cc849a36b47a,1643974398995,13.4105401,52.4726428,6.220913,-1.5508976,-7.319297,10.491022,on bike mount,cyclo cross,True,paving stones,good
483ee7a5-1d9c-4e43-b635-efe680ae580a,3eb1b978-baf0-454e-95aa-c1ce5755bfbc,ba8b3c0a-f4d8-40fb-980d-4d5bbda3897a,1643974399064,13.4105401,52.4726428,6.220913,-1.5222219,-0.16160655,-0.4357643,on bike mount,cyclo cross,True,paving stones,good
483ee7a5-1d9c-4e43-b635-efe680ae580a,3eb1b978-baf0-454e-95aa-c1ce5755bfbc,da3756da-638e-4e31-907a-c72db688d1a3,1643974399136,13.4105401,52.4726428,6.220913,-0.112987876,-0.50203776,4.7965517,on bike mount,cyclo cross,True,paving stones,good
483ee7a5-1d9c-4e43-b635-efe680ae580a,3eb1b978-baf0-454e-95aa-c1ce5755bfbc,87f527eb-3798-4bd6-9e5f-345b13770b2f,1643974399198,13.4105401,52.4726428,6.220913,-2.0706975,-5.083727,-0.7404299,on bike mount,cyclo cross,True,paving stones,good
483ee7a5-1d9c-4e43-b635-efe680ae580a,3eb1b978-baf0-454e-95aa-c1ce5755bfbc,1952b3a1-9196-4d54-b6bd-2f8d12a77ac0,1643974399284,13.4105401,52.4726428,6.220913,-1.9721184,-5.7217035,6.9725323,on bike mount,cyclo cross,True,paving stones,good
483ee7a5-1d9c-4e43-b635-efe680ae580a,3eb1b978-baf0-454e-95aa-c1ce5755bfbc,82698b09-9c02-4bc7-98ce-646bea9877d1,1643974399335,13.4105401,52.4726428,6.220913,-1.049908,0.53850484,-11.393642,on bike mount,cyclo cross,True,paving stones,good
483ee7a5-1d9c-4e43-b635-efe680ae580a,3eb1b978-baf0-454e-95aa-c1ce5755bfbc,32dcd6a4-da97-4fb1-97bf-2eb4cca27694,1643974399400,13.4105401,52.4726428,6.220913,0.7779591,1.3046346,-2.1166458,on bike mount,cyclo cross,True,paving stones,good
483ee7a5-1d9c-4e43-b635-efe680ae580a,3eb1b978-baf0-454e-95aa-c1ce5755bfbc,3e88fca2-18a7-4ac4-9298-52c46c37703d,1643974399459,13.4106316,52.4726451,6.18961,-0.29564682,-0.8415468,-1.0266337,on bike mount,cyclo cross,True,paving stones,good
483ee7a5-1d9c-4e43-b635-efe680ae580a,3eb1b978-baf0-454e-95aa-c1ce5755bfbc,7b8dab85-2a7c-441d-b85e-f69a53308e82,1643974399510,13.4106316,52.4726451,6.18961,-0.00818032,-0.47671306,1.2703648,on bike mount,cyclo cross,True,paving stones,good
483ee7a5-1d9c-4e43-b635-efe680ae580a,3eb1b978-baf0-454e-95aa-c1ce5755bfbc,7bc4f07c-226b-46ba-895f-958fb9e9eee1,1643974399571,13.4106316,52.4726451,6.18961,0.23690334,-1.2397726,5.3648596,on bike mount,cyclo cross,True,paving stones,good
483ee7a5-1d9c-4e43-b635-efe680ae580a,3eb1b978-baf0-454e-95aa-c1ce5755bfbc,38241837-b077-46f4-8bea-cef32364c352,1643974399635,13.4106316,52.4726451,6.18961,-1.8489647,-0.31737614,-2.4687285,on bike mount,cyclo cross,True,paving stones,good
483ee7a5-1d9c-4e43-b635-efe680ae580a,3eb1b978-baf0-454e-95aa-c1ce5755bfbc,fdd59484-675a-47c4-af3e-2bda8c3efa8f,1643974399691,13.4106316,52.4726451,6.18961,0.5551628,3.8654861,6.609358,on bike mount,cyclo cross,True,paving stones,good
483ee7a5-1d9c-4e43-b635-efe680ae580a,3eb1b978-baf0-454e-95aa-c1ce5755bfbc,c4aca60d-cc36-49bc-929f-daf8c4f8ba07,1643974399741,13.4106316,52.4726451,6.18961,-1.584135,2.4248953,-4.8023467,on bike mount,cyclo cross,True,paving stones,good
483ee7a5-1d9c-4e43-b635-efe680ae580a,3eb1b978-baf0-454e-95aa-c1ce5755bfbc,c1387545-3c40-4452-95e6-5e98cf367ff7,1643974399800,13.4106316,52.4726451,6.18961,-0.48928002,-3.4421651,4.854143,on bike mount,cyclo cross,True,paving stones,good
483ee7a5-1d9c-4e43-b635-efe680ae580a,3eb1b978-baf0-454e-95aa-c1ce5755bfbc,bd1e18ad-b714-41a7-af64-2e8ac85b08ce,1643974399854,13.4106316,52.4726451,6.18961,0.23822129,1.11187,2.3970957,on bike mount,cyclo cross,True,paving stones,good
483ee7a5-1d9c-4e43-b635-efe680ae580a,3eb1b978-baf0-454e-95aa-c1ce5755bfbc,8fb4adbc-6728-4483-aed7-71c20c282f2d,1643974399908,13.4106316,52.4726451,6.18961,-1.1434524,-0.99421227,-4.73267,on bike mount,cyclo cross,True,paving stones,good
483ee7a5-1d9c-4e43-b635-efe680ae580a,3eb1b978-baf0-454e-95aa-c1ce5755bfbc,3d894879-8737-450c-9ee6-cced11d27e46,1643974399958,13.4106316,52.4726451,6.18961,-0.57117844,-0.105359316,0.6605816,on bike mount,cyclo cross,True,paving stones,good
483ee7a5-1d9c-4e43-b635-efe680ae580a,3eb1b978-baf0-454e-95aa-c1ce5755bfbc,3104073e-fa41-4c88-84ca-87fc0003f6d9,1643974400019,13.4106316,52.4726451,6.18961,-1.0651796,-2.6110182,-3.013524,on bike mount,cyclo cross,True,paving stones,good
483ee7a5-1d9c-4e43-b635-efe680ae580a,3eb1b978-baf0-454e-95aa-c1ce5755bfbc,4f530920-480b-4cd4-af4d-ce361615f0f1,1643974400073,13.4106316,52.4726451,6.18961,-1.2144561,-4.285412,2.8614836,on bike mount,cyclo cross,True,paving stones,good
483ee7a5-1d9c-4e43-b635-efe680ae580a,3eb1b978-baf0-454e-95aa-c1ce5755bfbc,ab7f0f76-cd16-4df0-8097-5b1a97457c44,1643974400137,13.4106316,52.4726451,6.18961,0.84877896,-1.0749257,-4.891244,on bike mount,cyclo cross,True,paving stones,good
483ee7a5-1d9c-4e43-b635-efe680ae580a,3eb1b978-baf0-454e-95aa-c1ce5755bfbc,6039ec3b-bfa9-487d-9227-7375bb35109d,1643974400206,13.4106316,52.4726451,6.18961,-2.7413812,-0.24951077,2.3903885,on bike mount,cyclo cross,True,paving stones,good
483ee7a5-1d9c-4e43-b635-efe680ae580a,3eb1b978-baf0-454e-95aa-c1ce5755bfbc,266269a7-3570-4a63-bdfc-8e94f061c8f9,1643974400263,13.4106316,52.4726451,6.18961,3.3502522,-0.14767027,10.000931,on bike mount,cyclo cross,True,paving stones,good
483ee7a5-1d9c-4e43-b635-efe680ae580a,3eb1b978-baf0-454e-95aa-c1ce5755bfbc,4ccb871d-1f1c-4416-b596-353deae16e92,1643974400325,13.4106316,52.4726451,6.18961,0.60083234,3.8959656,2.794426,on bike mount,cyclo cross,True,paving stones,good
483ee7a5-1d9c-4e43-b635-efe680ae580a,3eb1b978-baf0-454e-95aa-c1ce5755bfbc,fa843375-e2fa-4b7d-bda6-7b3b42556556,1643974400376,13.4106316,52.4726451,6.18961,1.2950687,-2.8540154,11.271545,on bike mount,cyclo cross,True,paving stones,good
483ee7a5-1d9c-4e43-b635-efe680ae580a,3eb1b978-baf0-454e-95aa-c1ce5755bfbc,e477fecc-85d1-4b5f-8797-91634cca243e,1643974400426,13.4106316,52.4726451,6.18961,-1.1162174,0.4703598,-5.433963,on bike mount,cyclo cross,True,paving stones,good
483ee7a5-1d9c-4e43-b635-efe680ae580a,3eb1b978-baf0-454e-95aa-c1ce5755bfbc,8b741e42-a62e-4ecb-b8f6-604e865b1d1b,1643974400486,13.4107211,52.4726477,6.17576,-0.8453455,-5.6910686,-0.6983452,on bike mount,cyclo cross,True,paving stones,good
483ee7a5-1d9c-4e43-b635-efe680ae580a,3eb1b978-baf0-454e-95aa-c1ce5755bfbc,7097a4e2-847b-4709-8189-4d0cb63e3b29,1643974400553,13.4107211,52.4726477,6.17576,-2.095491,1.4272275,-2.5931525,on bike mount,cyclo cross,True,paving stones,good
483ee7a5-1d9c-4e43-b635-efe680ae580a,3eb1b978-baf0-454e-95aa-c1ce5755bfbc,1843f5b9-c9b1-4ff3-afec-58d1a895c382,1643974400619,13.4107211,52.4726477,6.17576,-1.2697943,-0.72156024,-4.6693306,on bike mount,cyclo cross,True,paving stones,good
483ee7a5-1d9c-4e43-b635-efe680ae580a,3eb1b978-baf0-454e-95aa-c1ce5755bfbc,64764966-c719-446d-aa77-723d3c587182,1643974400675,13.4107211,52.4726477,6.17576,1.376094,4.4462914,0.95627594,on bike mount,cyclo cross,True,paving stones,good
483ee7a5-1d9c-4e43-b635-efe680ae580a,3eb1b978-baf0-454e-95aa-c1ce5755bfbc,c9d6969d-a0de-4077-89f7-a6f6bc531b96,1643974400727,13.4107211,52.4726477,6.17576,-0.7334093,-3.444231,-5.177477,on bike mount,cyclo cross,True,paving stones,good
483ee7a5-1d9c-4e43-b635-efe680ae580a,3eb1b978-baf0-454e-95aa-c1ce5755bfbc,fac454ec-a216-44c9-82a4-c12a0b864d29,1643974400787,13.4107211,52.4726477,6.17576,-0.92732066,1.7242172,9.819639,on bike mount,cyclo cross,True,paving stones,good
483ee7a5-1d9c-4e43-b635-efe680ae580a,3eb1b978-baf0-454e-95aa-c1ce5755bfbc,475adac1-84fb-4349-a104-6f788a40545c,1643974400846,13.4107211,52.4726477,6.17576,0.5091045,-3.8492126,11.743979,on bike mount,cyclo cross,True,paving stones,good
483ee7a5-1d9c-4e43-b635-efe680ae580a,3eb1b978-baf0-454e-95aa-c1ce5755bfbc,9ecef18c-c867-4ba9-8aa3-12d71ec18540,1643974400913,13.4107211,52.4726477,6.17576,0.33186507,-0.120504856,-3.5268893,on bike mount,cyclo cross,True,paving stones,good
483ee7a5-1d9c-4e43-b635-efe680ae580a,3eb1b978-baf0-454e-95aa-c1ce5755bfbc,ff4464ef-16dd-43bd-be48-b14920c0e866,1643974400980,13.4107211,52.4726477,6.17576,-1.5742214,2.269032,-5.5233955,on bike mount,cyclo cross,True,paving stones,good
483ee7a5-1d9c-4e43-b635-efe680ae580a,3eb1b978-baf0-454e-95aa-c1ce5755bfbc,aae0bcc1-c3f6-470b-a052-ecc0936a1bd3,1643974401039,13.4107211,52.4726477,6.17576,0.20063536,-1.0726962,7.2474995,on bike mount,cyclo cross,True,paving stones,good
483ee7a5-1d9c-4e43-b635-efe680ae580a,3eb1b978-baf0-454e-95aa-c1ce5755bfbc,17ae8032-dafc-4602-ac2c-b9e931486984,1643974401094,13.4107211,52.4726477,6.17576,-0.9119561,-6.0155063,-2.7616148,on bike mount,cyclo cross,True,paving stones,good
483ee7a5-1d9c-4e43-b635-efe680ae580a,3eb1b978-baf0-454e-95aa-c1ce5755bfbc,ceeadb8d-1d35-4bcf-8e5c-d586bc54b8b6,1643974401145,13.4107211,52.4726477,6.17576,0.7902459,-0.13882351,0.29598618,on bike mount,cyclo cross,True,paving stones,good
483ee7a5-1d9c-4e43-b635-efe680ae580a,3eb1b978-baf0-454e-95aa-c1ce5755bfbc,4721dc45-6ec4-48d6-8263-888952d44d2f,1643974401199,13.4107211,52.4726477,6.17576,-0.0997383,-0.5822531,7.3264885,on bike mount,cyclo cross,True,paving stones,good
483ee7a5-1d9c-4e43-b635-efe680ae580a,3eb1b978-baf0-454e-95aa-c1ce5755bfbc,eff4b770-0ecf-4b85-905c-0430b2a69328,1643974401266,13.4107211,52.4726477,6.17576,1.6381422,-4.57212,9.786015,on bike mount,cyclo cross,True,paving stones,good
483ee7a5-1d9c-4e43-b635-efe680ae580a,3eb1b978-baf0-454e-95aa-c1ce5755bfbc,345d8fff-0ff0-4038-9bcd-df1704176c53,1643974401338,13.4107211,52.4726477,6.17576,-2.0705175,-2.2796907,4.0268507,on bike mount,cyclo cross,True,paving stones,good
483ee7a5-1d9c-4e43-b635-efe680ae580a,3eb1b978-baf0-454e-95aa-c1ce5755bfbc,f0afd0fa-055e-4d64-b45e-e6fe59eb9338,1643974401412,13.4107211,52.4726477,6.17576,-1.6190724,-1.6888127,-3.2955828,on bike mount,cyclo cross,True,paving stones,good
483ee7a5-1d9c-4e43-b635-efe680ae580a,3eb1b978-baf0-454e-95aa-c1ce5755bfbc,6f6f94e5-8ea7-4da8-832f-681548422c15,1643974401465,13.4107211,52.4726477,6.17576,-1.2714937,-5.317561,1.5289173,on bike mount,cyclo cross,True,paving stones,good
483ee7a5-1d9c-4e43-b635-efe680ae580a,3eb1b978-baf0-454e-95aa-c1ce5755bfbc,bd18ed70-a3a1-4000-a224-5d1f9f6c5646,1643974401528,13.4108117,52.4726503,6.1651616,0.056355834,3.698534,-10.412303,on bike mount,cyclo cross,True,paving stones,good
483ee7a5-1d9c-4e43-b635-efe680ae580a,3eb1b978-baf0-454e-95aa-c1ce5755bfbc,462cbbe6-212b-4ba6-bc16-994a439ef876,1643974401578,13.4108117,52.4726503,6.1651616,-0.23569387,4.856045,-12.691638,on bike mount,cyclo cross,True,paving stones,good
483ee7a5-1d9c-4e43-b635-efe680ae580a,3eb1b978-baf0-454e-95aa-c1ce5755bfbc,c6f59fed-566c-482c-b32a-de3c90c93686,1643974401629,13.4108117,52.4726503,6.1651616,-0.26778406,1.9655337,-6.3780365,on bike mount,cyclo cross,True,paving stones,good
483ee7a5-1d9c-4e43-b635-efe680ae580a,3eb1b978-baf0-454e-95aa-c1ce5755bfbc,f3a46f81-3f2c-4b57-a512-f986265f18a5,1643974401686,13.4108117,52.4726503,6.1651616,-0.100556135,2.0749826,-7.155024,on bike mount,cyclo cross,True,paving stones,good
483ee7a5-1d9c-4e43-b635-efe680ae580a,3eb1b978-baf0-454e-95aa-c1ce5755bfbc,cd80bf97-da7a-442a-98cc-b448cc044bc4,1643974401743,13.4108117,52.4726503,6.1651616,1.9413233,-8.016133,6.234804,on bike mount,cyclo cross,True,paving stones,good
483ee7a5-1d9c-4e43-b635-efe680ae580a,3eb1b978-baf0-454e-95aa-c1ce5755bfbc,2a9422b5-b696-4411-ac25-3676a1ef24de,1643974401796,13.4108117,52.4726503,6.1651616,1.1551776,-2.2109373,1.3944492,on bike mount,cyclo cross,True,paving stones,good
483ee7a5-1d9c-4e43-b635-efe680ae580a,3eb1b978-baf0-454e-95aa-c1ce5755bfbc,c7b234ff-50a0-4064-9494-459b4d23be16,1643974401852,13.4108117,52.4726503,6.1651616,3.6953816,-1.9294112,9.497725,on bike mount,cyclo cross,True,paving stones,good
483ee7a5-1d9c-4e43-b635-efe680ae580a,3eb1b978-baf0-454e-95aa-c1ce5755bfbc,9b16a69e-98ac-427c-acb2-460870b500dc,1643974401921,13.4108117,52.4726503,6.1651616,-0.22190645,-1.805022,-5.1305995,on bike mount,cyclo cross,True,paving stones,good
483ee7a5-1d9c-4e43-b635-efe680ae580a,3eb1b978-baf0-454e-95aa-c1ce5755bfbc,1b73ad96-8bd8-4555-9310-934dc18fd791,1643974401979,13.4108117,52.4726503,6.1651616,-1.0653656,-0.34347105,-6.0217953,on bike mount,cyclo cross,True,paving stones,good
483ee7a5-1d9c-4e43-b635-efe680ae580a,3eb1b978-baf0-454e-95aa-c1ce5755bfbc,d2090605-baeb-4ae2-8339-c96485f5dac7,1643974402046,13.4108117,52.4726503,6.1651616,0.68770164,-0.7953799,10.569431,on bike mount,cyclo cross,True,paving stones,good
483ee7a5-1d9c-4e43-b635-efe680ae580a,3eb1b978-baf0-454e-95aa-c1ce5755bfbc,195ac78a-82c0-4180-aa0b-b6fd372f8283,1643974402115,13.4108117,52.4726503,6.1651616,-1.588124,3.6591125,-5.077371,on bike mount,cyclo cross,True,paving stones,good
483ee7a5-1d9c-4e43-b635-efe680ae580a,3eb1b978-baf0-454e-95aa-c1ce5755bfbc,e7964129-fe94-4206-a003-e54cdfafdd20,1643974402185,13.4108117,52.4726503,6.1651616,-2.65813,2.319266,6.7744455,on bike mount,cyclo cross,True,paving stones,good
483ee7a5-1d9c-4e43-b635-efe680ae580a,3eb1b978-baf0-454e-95aa-c1ce5755bfbc,6b694ed0-c01e-47b4-9275-5f60bcf5466f,1643974402246,13.4108117,52.4726503,6.1651616,-1.1519456,1.6793818,-0.85015297,on bike mount,cyclo cross,True,paving stones,good
483ee7a5-1d9c-4e43-b635-efe680ae580a,3eb1b978-baf0-454e-95aa-c1ce5755bfbc,cbbdd159-5f67-49aa-a9b0-5bf8d6ae9447,1643974402314,13.4108117,52.4726503,6.1651616,-0.9590597,2.8177752,-5.3083105,on bike mount,cyclo cross,True,paving stones,good
483ee7a5-1d9c-4e43-b635-efe680ae580a,3eb1b978-baf0-454e-95aa-c1ce5755bfbc,655d2413-2d99-46e5-876c-b056fb1b2504,1643974402365,13.4108117,52.4726503,6.1651616,-4.6662374,5.2108927,-12.889389,on bike mount,cyclo cross,True,paving stones,good
483ee7a5-1d9c-4e43-b635-efe680ae580a,3eb1b978-baf0-454e-95aa-c1ce5755bfbc,ecf2a157-c5f8-4560-a3d3-c8ebb037989c,1643974402429,13.4108117,52.4726503,6.1651616,-1.8714819,2.4121835,-8.320698,on bike mount,cyclo cross,True,paving stones,good
483ee7a5-1d9c-4e43-b635-efe680ae580a,3eb1b978-baf0-454e-95aa-c1ce5755bfbc,12587ebd-4115-4a98-8364-d9a4b2b6f787,1643974402487,13.4108117,52.4726503,6.1651616,-0.88294196,3.9249325,2.9510765,on bike mount,cyclo cross,True,paving stones,good
483ee7a5-1d9c-4e43-b635-efe680ae580a,3eb1b978-baf0-454e-95aa-c1ce5755bfbc,1a71bb38-5a75-40a8-aa6c-f2b9b19f18c8,1643974402558,13.4109026,52.4726537,6.1464458,2.0426521,-3.0979614,-3.323474,on bike mount,cyclo cross,True,paving stones,good
483ee7a5-1d9c-4e43-b635-efe680ae580a,3eb1b978-baf0-454e-95aa-c1ce5755bfbc,cd93c872-d4e2-4013-9f4b-76cd82c47de4,1643974402617,13.4109026,52.4726537,6.1464458,-3.4117215,3.120739,-0.29690838,on bike mount,cyclo cross,True,paving stones,good
483ee7a5-1d9c-4e43-b635-efe680ae580a,3eb1b978-baf0-454e-95aa-c1ce5755bfbc,362de7df-e7cb-4db3-913a-bb9476d40381,1643974402691,13.4109026,52.4726537,6.1464458,0.14498425,0.16366291,-7.6446457,on bike mount,cyclo cross,True,paving stones,good
483ee7a5-1d9c-4e43-b635-efe680ae580a,3eb1b978-baf0-454e-95aa-c1ce5755bfbc,6858d604-a47c-49a3-8a68-810100b8ec1c,1643974402748,13.4109026,52.4726537,6.1464458,0.58438396,-1.3901541,-2.7172818,on bike mount,cyclo cross,True,paving stones,good
483ee7a5-1d9c-4e43-b635-efe680ae580a,3eb1b978-baf0-454e-95aa-c1ce5755bfbc,89a97ea4-0328-470a-8cd4-7a4e9340011e,1643974402811,13.4109026,52.4726537,6.1464458,1.6955435,16.444706,-44.0826,on bike mount,cyclo cross,True,paving stones,good
483ee7a5-1d9c-4e43-b635-efe680ae580a,3eb1b978-baf0-454e-95aa-c1ce5755bfbc,1a0b9962-bb4a-461a-aebb-3f61aaab1a7f,1643974402877,13.4109026,52.4726537,6.1464458,-0.53043044,-0.42470336,-4.4523554,on bike mount,cyclo cross,True,paving stones,good
483ee7a5-1d9c-4e43-b635-efe680ae580a,3eb1b978-baf0-454e-95aa-c1ce5755bfbc,3f62fd0b-5d8b-40be-85c4-181736b346c4,1643974402943,13.4109026,52.4726537,6.1464458,-1.0074719,9.008795,-0.22192764,on bike mount,cyclo cross,True,paving stones,good
483ee7a5-1d9c-4e43-b635-efe680ae580a,3eb1b978-baf0-454e-95aa-c1ce5755bfbc,c7840308-b1f3-4702-b797-208370a5d506,1643974403012,13.4109026,52.4726537,6.1464458,-3.1759026,1.2499902,3.739256,on bike mount,cyclo cross,True,paving stones,good
483ee7a5-1d9c-4e43-b635-efe680ae580a,3eb1b978-baf0-454e-95aa-c1ce5755bfbc,7abbc423-886b-426b-a4a3-74373ceb8394,1643974403068,13.4109026,52.4726537,6.1464458,-0.9746816,-4.930755,12.409288,on bike mount,cyclo cross,True,paving stones,good
483ee7a5-1d9c-4e43-b635-efe680ae580a,3eb1b978-baf0-454e-95aa-c1ce5755bfbc,cd241778-9966-4f3b-b208-7a79bca7b037,1643974403126,13.4109026,52.4726537,6.1464458,0.34372944,-0.14581013,2.9697294,on bike mount,cyclo cross,True,paving stones,good
483ee7a5-1d9c-4e43-b635-efe680ae580a,3eb1b978-baf0-454e-95aa-c1ce5755bfbc,9b6ae3de-b380-40f7-b1d9-691c58429827,1643974403186,13.4109026,52.4726537,6.1464458,-2.2296078,-5.452759,-2.5270152,on bike mount,cyclo cross,True,paving stones,good
483ee7a5-1d9c-4e43-b635-efe680ae580a,3eb1b978-baf0-454e-95aa-c1ce5755bfbc,ebd55c85-0866-4fe0-8d72-1e6c4d7cb811,1643974403252,13.4109026,52.4726537,6.1464458,1.7727718,-0.20790052,1.8450203,on bike mount,cyclo cross,True,paving stones,good
483ee7a5-1d9c-4e43-b635-efe680ae580a,3eb1b978-baf0-454e-95aa-c1ce5755bfbc,a3d57a6f-8111-488b-8c12-21b03f8fb4eb,1643974403329,13.4109026,52.4726537,6.1464458,0.25622976,-0.1967839,0.531806,on bike mount,cyclo cross,True,paving stones,good
483ee7a5-1d9c-4e43-b635-efe680ae580a,3eb1b978-baf0-454e-95aa-c1ce5755bfbc,8dff0e60-5f47-46d5-9f5c-f0f4309d4dc5,1643974403384,13.4109026,52.4726537,6.1464458,0.088438034,-8.300909,29.005236,on bike mount,cyclo cross,True,paving stones,good
483ee7a5-1d9c-4e43-b635-efe680ae580a,3eb1b978-baf0-454e-95aa-c1ce5755bfbc,f47f3326-ff0e-4732-80cd-390287e2e757,1643974403458,13.4109899,52.4726555,6.148072,-0.9785054,3.3568935,-7.6120176,on bike mount,cyclo cross,True,paving stones,good
483ee7a5-1d9c-4e43-b635-efe680ae580a,3eb1b978-baf0-454e-95aa-c1ce5755bfbc,8b38bc60-b1a8-4023-b69e-d65fee80ff60,1643974403515,13.4109899,52.4726555,6.148072,0.8593496,0.10940266,-0.27951813,on bike mount,cyclo cross,True,paving stones,good
483ee7a5-1d9c-4e43-b635-efe680ae580a,3eb1b978-baf0-454e-95aa-c1ce5755bfbc,ecfde4f8-c97f-4877-95d1-64160af7e91c,1643974403582,13.4109899,52.4726555,6.148072,0.9615202,1.7868166,-6.549957,on bike mount,cyclo cross,True,paving stones,good
483ee7a5-1d9c-4e43-b635-efe680ae580a,3eb1b978-baf0-454e-95aa-c1ce5755bfbc,91a77cfb-1cbd-4c01-816d-a328477c3f09,1643974403633,13.4109899,52.4726555,6.148072,1.3672795,-2.5270655,18.251987,on bike mount,cyclo cross,True,paving stones,good
483ee7a5-1d9c-4e43-b635-efe680ae580a,3eb1b978-baf0-454e-95aa-c1ce5755bfbc,b93af9b5-7870-4dcf-96b3-e421550e076f,1643974403694,13.4109899,52.4726555,6.148072,-2.8371615,-12.991449,29.019577,on bike mount,cyclo cross,True,paving stones,good
483ee7a5-1d9c-4e43-b635-efe680ae580a,3eb1b978-baf0-454e-95aa-c1ce5755bfbc,1b14946b-4331-4f99-a08f-4d281576e039,1643974403766,13.4109899,52.4726555,6.148072,2.3216376,2.6828709,-18.603056,on bike mount,cyclo cross,True,paving stones,good
483ee7a5-1d9c-4e43-b635-efe680ae580a,3eb1b978-baf0-454e-95aa-c1ce5755bfbc,c8629891-0fd7-4a3b-a14f-b9feb58674e0,1643974403833,13.4109899,52.4726555,6.148072,-0.17501986,-3.1652536,12.871863,on bike mount,cyclo cross,True,paving stones,good
483ee7a5-1d9c-4e43-b635-efe680ae580a,3eb1b978-baf0-454e-95aa-c1ce5755bfbc,cd873e51-e0f3-43e7-af2d-dba6677ff9c5,1643974403906,13.4109899,52.4726555,6.148072,-0.359676,-8.707062,34.482723,on bike mount,cyclo cross,True,paving stones,good
483ee7a5-1d9c-4e43-b635-efe680ae580a,3eb1b978-baf0-454e-95aa-c1ce5755bfbc,394ba30d-8835-4f83-8d8e-1a58bbf59943,1643974403977,13.4109899,52.4726555,6.148072,1.4398167,1.2198348,13.300577,on bike mount,cyclo cross,True,paving stones,good
483ee7a5-1d9c-4e43-b635-efe680ae580a,3eb1b978-baf0-454e-95aa-c1ce5755bfbc,0683a3af-c674-492a-8c3d-0b6f3b329a6d,1643974404033,13.4109899,52.4726555,6.148072,-1.4101641,2.6167457,0.3611679,on bike mount,cyclo cross,True,paving stones,good
483ee7a5-1d9c-4e43-b635-efe680ae580a,3eb1b978-baf0-454e-95aa-c1ce5755bfbc,174d31ce-87d4-4d9b-aa18-8f01f1523ebf,1643974404088,13.4109899,52.4726555,6.148072,1.1453657,3.6306734,1.5805187,on bike mount,cyclo cross,True,paving stones,good
483ee7a5-1d9c-4e43-b635-efe680ae580a,3eb1b978-baf0-454e-95aa-c1ce5755bfbc,9d27b28c-b237-4dd5-bd38-8072da82868d,1643974404164,13.4109899,52.4726555,6.148072,0.38178658,-1.9260889,-7.7752686,on bike mount,cyclo cross,True,paving stones,good
483ee7a5-1d9c-4e43-b635-efe680ae580a,3eb1b978-baf0-454e-95aa-c1ce5755bfbc,5bd9a143-3b80-44be-a414-0eca5ce7ec2e,1643974404234,13.4109899,52.4726555,6.148072,-0.96199167,-4.6090508,5.7601166,on bike mount,cyclo cross,True,paving stones,good
483ee7a5-1d9c-4e43-b635-efe680ae580a,3eb1b978-baf0-454e-95aa-c1ce5755bfbc,0a44a4f8-9ccf-42a0-b531-c3776b6e06e8,1643974404294,13.4109899,52.4726555,6.148072,-1.5376847,15.723274,-20.791422,on bike mount,cyclo cross,True,paving stones,good
483ee7a5-1d9c-4e43-b635-efe680ae580a,3eb1b978-baf0-454e-95aa-c1ce5755bfbc,f5d79f95-ce8f-40b0-ab20-b8863f9bfc6d,1643974404359,13.4109899,52.4726555,6.148072,-1.7322613,-0.2543481,2.956459,on bike mount,cyclo cross,True,paving stones,good
483ee7a5-1d9c-4e43-b635-efe680ae580a,3eb1b978-baf0-454e-95aa-c1ce5755bfbc,f1aae9f2-074a-43cc-932a-18ef7cdafa92,1643974404417,13.4109899,52.4726555,6.148072,1.7289717,-4.3283257,10.6122055,on bike mount,cyclo cross,True,paving stones,good
483ee7a5-1d9c-4e43-b635-efe680ae580a,3eb1b978-baf0-454e-95aa-c1ce5755bfbc,c358fa1e-d189-49b0-81af-a6afa7aab620,1643974404466,13.4110829,52.4726566,6.1409545,-1.0944812,-6.9391713,-8.077646,on bike mount,cyclo cross,True,paving stones,good
483ee7a5-1d9c-4e43-b635-efe680ae580a,3eb1b978-baf0-454e-95aa-c1ce5755bfbc,daacef2f-ed41-4e4d-9aeb-423d31d01c76,1643974404516,13.4110829,52.4726566,6.1409545,-0.6940714,3.5355248,3.0010796,on bike mount,cyclo cross,True,paving stones,good
483ee7a5-1d9c-4e43-b635-efe680ae580a,3eb1b978-baf0-454e-95aa-c1ce5755bfbc,78ae77ec-9dbf-4251-9ab1-efca094c55ad,1643974404579,13.4110829,52.4726566,6.1409545,-1.7742329,-3.6961112,-1.8590114,on bike mount,cyclo cross,True,paving stones,good
483ee7a5-1d9c-4e43-b635-efe680ae580a,3eb1b978-baf0-454e-95aa-c1ce5755bfbc,968e196f-e983-49be-9770-5d9ca0aa0fce,1643974404648,13.4110829,52.4726566,6.1409545,2.271641,1.0438104,3.5544014,on bike mount,cyclo cross,True,paving stones,good
483ee7a5-1d9c-4e43-b635-efe680ae580a,3eb1b978-baf0-454e-95aa-c1ce5755bfbc,ee17a147-8e4c-47f3-97bb-823ee4c10072,1643974404703,13.4110829,52.4726566,6.1409545,-2.4771333,-2.2419245,-2.1925664,on bike mount,cyclo cross,True,paving stones,good
483ee7a5-1d9c-4e43-b635-efe680ae580a,3eb1b978-baf0-454e-95aa-c1ce5755bfbc,fea7af6c-3468-429a-bcb2-76665d2a2709,1643974404778,13.4110829,52.4726566,6.1409545,-3.9600542,-3.8145862,-2.8486717,on bike mount,cyclo cross,True,paving stones,good
483ee7a5-1d9c-4e43-b635-efe680ae580a,3eb1b978-baf0-454e-95aa-c1ce5755bfbc,d7ef0d55-b739-4501-8d0f-3a01394ac6df,1643974404834,13.4110829,52.4726566,6.1409545,1.1022586,1.6341407,12.210397,on bike mount,cyclo cross,True,paving stones,good
483ee7a5-1d9c-4e43-b635-efe680ae580a,3eb1b978-baf0-454e-95aa-c1ce5755bfbc,259db559-a727-4dfc-8b34-20ac63a8b226,1643974404896,13.4110829,52.4726566,6.1409545,-0.02020669,0.15705204,3.9663248,on bike mount,cyclo cross,True,paving stones,good
483ee7a5-1d9c-4e43-b635-efe680ae580a,3eb1b978-baf0-454e-95aa-c1ce5755bfbc,ef6db06b-38f3-47d4-a508-5d8e703cbb2d,1643974404949,13.4110829,52.4726566,6.1409545,-0.07207072,0.4549861,4.9789486,on bike mount,cyclo cross,True,paving stones,good
483ee7a5-1d9c-4e43-b635-efe680ae580a,3eb1b978-baf0-454e-95aa-c1ce5755bfbc,a6b166af-0f8d-4acf-b297-662c2288a58e,1643974405002,13.4110829,52.4726566,6.1409545,-1.0422249,5.1611404,-2.9297109,on bike mount,cyclo cross,True,paving stones,good
483ee7a5-1d9c-4e43-b635-efe680ae580a,3eb1b978-baf0-454e-95aa-c1ce5755bfbc,1be42a8b-24af-49bb-af8c-e0f0d6a949d0,1643974405063,13.4110829,52.4726566,6.1409545,0.93280995,8.55093,-14.3073,on bike mount,cyclo cross,True,paving stones,good
483ee7a5-1d9c-4e43-b635-efe680ae580a,3eb1b978-baf0-454e-95aa-c1ce5755bfbc,ec1317d2-0774-4ac9-b7cf-7f756ab31058,1643974405117,13.4110829,52.4726566,6.1409545,0.24273837,-2.9792573,4.3321066,on bike mount,cyclo cross,True,paving stones,good
483ee7a5-1d9c-4e43-b635-efe680ae580a,3eb1b978-baf0-454e-95aa-c1ce5755bfbc,69ac0d43-2721-4e27-9019-2154e8545949,1643974405190,13.4110829,52.4726566,6.1409545,1.194824,1.5739799,3.4160137,on bike mount,cyclo cross,True,paving stones,good
483ee7a5-1d9c-4e43-b635-efe680ae580a,3eb1b978-baf0-454e-95aa-c1ce5755bfbc,aade85b2-f1d6-4bdb-bc18-928ac300145c,1643974405246,13.4110829,52.4726566,6.1409545,-0.9936432,3.7955198,-6.9315405,on bike mount,cyclo cross,True,paving stones,good
483ee7a5-1d9c-4e43-b635-efe680ae580a,3eb1b978-baf0-454e-95aa-c1ce5755bfbc,4e54286a-140f-4271-97cf-2651cc6e07ca,1643974405315,13.4110829,52.4726566,6.1409545,0.15591532,2.5009537,-2.8870497,on bike mount,cyclo cross,True,paving stones,good
483ee7a5-1d9c-4e43-b635-efe680ae580a,3eb1b978-baf0-454e-95aa-c1ce5755bfbc,5c19a99e-8ac1-49f7-8ce3-0039a4ecdce7,1643974405377,13.4110829,52.4726566,6.1409545,-0.80741566,-0.66874063,3.5982676,on bike mount,cyclo cross,True,paving stones,good
483ee7a5-1d9c-4e43-b635-efe680ae580a,3eb1b978-baf0-454e-95aa-c1ce5755bfbc,9cbbf9a1-d933-4e5f-a302-5113169887ae,1643974405439,13.4110829,52.4726566,6.1409545,-4.106745,4.00095,-18.404205,on bike mount,cyclo cross,True,paving stones,good
483ee7a5-1d9c-4e43-b635-efe680ae580a,3eb1b978-baf0-454e-95aa-c1ce5755bfbc,ce80838f-45db-40ed-a10d-1dce4c6efe18,1643974405498,13.4111741,52.4726575,6.147399,-2.2577248,2.090167,-4.7438216,on bike mount,cyclo cross,True,paving stones,good
483ee7a5-1d9c-4e43-b635-efe680ae580a,3eb1b978-baf0-454e-95aa-c1ce5755bfbc,1ca3a85a-1672-46d6-9847-994d32d3eba0,1643974405568,13.4111741,52.4726575,6.147399,-0.018607259,6.6633205,-8.555233,on bike mount,cyclo cross,True,paving stones,good
483ee7a5-1d9c-4e43-b635-efe680ae580a,3eb1b978-baf0-454e-95aa-c1ce5755bfbc,53c372b3-0edc-4016-8b41-66cc127342ab,1643974405630,13.4111741,52.4726575,6.147399,1.1751938,-9.089455,5.6928964,on bike mount,cyclo cross,True,paving stones,good
483ee7a5-1d9c-4e43-b635-efe680ae580a,3eb1b978-baf0-454e-95aa-c1ce5755bfbc,727c98a5-cfc3-44dd-8496-3f53421870d3,1643974405698,13.4111741,52.4726575,6.147399,-4.3142467,-5.106022,-0.07249451,on bike mount,cyclo cross,True,paving stones,good
483ee7a5-1d9c-4e43-b635-efe680ae580a,3eb1b978-baf0-454e-95aa-c1ce5755bfbc,8bb715b4-27f3-4bbc-8ab1-278e6c66d871,1643974405753,13.4111741,52.4726575,6.147399,-2.9184384,-8.454313,-13.527561,on bike mount,cyclo cross,True,paving stones,good
483ee7a5-1d9c-4e43-b635-efe680ae580a,3eb1b978-baf0-454e-95aa-c1ce5755bfbc,457a51a9-858e-425d-8e7e-cb6cec965d9a,1643974405805,13.4111741,52.4726575,6.147399,2.018552,-7.744931,6.3844395,on bike mount,cyclo cross,True,paving stones,good
483ee7a5-1d9c-4e43-b635-efe680ae580a,3eb1b978-baf0-454e-95aa-c1ce5755bfbc,7247d577-5f32-4d0c-b842-8e5c0e994aea,1643974405870,13.4111741,52.4726575,6.147399,-1.4082303,-6.801418,4.2136097,on bike mount,cyclo cross,True,paving stones,good
483ee7a5-1d9c-4e43-b635-efe680ae580a,3eb1b978-baf0-454e-95aa-c1ce5755bfbc,f4e94da1-d750-481c-8db5-efdbcff7cf58,1643974405933,13.4111741,52.4726575,6.147399,-2.052926,3.2629871,-13.153715,on bike mount,cyclo cross,True,paving stones,good
483ee7a5-1d9c-4e43-b635-efe680ae580a,3eb1b978-baf0-454e-95aa-c1ce5755bfbc,f0cac121-a51b-427f-9e1b-7f00984150c7,1643974406004,13.4111741,52.4726575,6.147399,-5.135787,15.626694,-41.42478,on bike mount,cyclo cross,True,paving stones,good
483ee7a5-1d9c-4e43-b635-efe680ae580a,3eb1b978-baf0-454e-95aa-c1ce5755bfbc,8608dfc0-a78a-4594-8b51-352381b67a93,1643974406055,13.4111741,52.4726575,6.147399,-0.34968984,-4.507436,1.5681973,on bike mount,cyclo cross,True,paving stones,good
483ee7a5-1d9c-4e43-b635-efe680ae580a,3eb1b978-baf0-454e-95aa-c1ce5755bfbc,49ce8004-3d1b-406a-8808-3136b73095e6,1643974406115,13.4111741,52.4726575,6.147399,-0.79909086,3.757481,-4.9153047,on bike mount,cyclo cross,True,paving stones,good
483ee7a5-1d9c-4e43-b635-efe680ae580a,3eb1b978-baf0-454e-95aa-c1ce5755bfbc,3e8aaa3b-5e1c-4560-9e71-f14ab37a2d65,1643974406184,13.4111741,52.4726575,6.147399,-0.23349261,1.9158193,3.5181246,on bike mount,cyclo cross,True,paving stones,good
483ee7a5-1d9c-4e43-b635-efe680ae580a,3eb1b978-baf0-454e-95aa-c1ce5755bfbc,1770390e-c7c3-4620-8f9c-3ad14141444e,1643974406242,13.4111741,52.4726575,6.147399,1.6321385,2.7520695,2.58461,on bike mount,cyclo cross,True,paving stones,good
483ee7a5-1d9c-4e43-b635-efe680ae580a,3eb1b978-baf0-454e-95aa-c1ce5755bfbc,3504a86b-36eb-4051-a429-fbaee096a57c,1643974406304,13.4111741,52.4726575,6.147399,0.8815472,4.450619,-7.094436,on bike mount,cyclo cross,True,paving stones,good
483ee7a5-1d9c-4e43-b635-efe680ae580a,3eb1b978-baf0-454e-95aa-c1ce5755bfbc,6da5da6b-be9b-4394-937b-c281d31d295b,1643974406361,13.4111741,52.4726575,6.147399,0.24916041,0.5988442,7.616848,on bike mount,cyclo cross,True,paving stones,good
483ee7a5-1d9c-4e43-b635-efe680ae580a,3eb1b978-baf0-454e-95aa-c1ce5755bfbc,5940afa1-c134-4d91-b08a-442c43400890,1643974406411,13.4111741,52.4726575,6.147399,0.1946044,-0.04355049,-4.910789,on bike mount,cyclo cross,True,paving stones,good
483ee7a5-1d9c-4e43-b635-efe680ae580a,3eb1b978-baf0-454e-95aa-c1ce5755bfbc,898e24e5-744f-4841-a326-ee30a6b77982,1643974406479,13.4112614,52.4726587,6.14288,1.1491468,2.1514087,2.9836416,on bike mount,cyclo cross,True,paving stones,good
