bike_activity_uid,bike_activity_sample_uid,bike_activity_measurement,bike_activity_measurement_timestamp,bike_activity_measurement_lon,bike_activity_measurement_lat,bike_activity_measurement_speed,bike_activity_measurement_accelerometer_x,bike_activity_measurement_accelerometer_y,bike_activity_measurement_accelerometer_z,bike_activity_phone_position,bike_activity_bike_type,bike_activity_flagged_lab_conditions,bike_activity_surface_type,bike_activity_smoothness_type
57676c5a-d8bc-477b-9afe-cd54e0534cbf,e4add246-49c0-4d6c-ab9d-44fa292ed1d5,9142e307-2590-4e14-b4f7-cf2515f239af,1644072562389,13.4376664,52.4933783,5.5305133,-0.31892806,-7.9747996,8.563965,on bike mount,cyclo cross,True,sett,intermediate
57676c5a-d8bc-477b-9afe-cd54e0534cbf,e4add246-49c0-4d6c-ab9d-44fa292ed1d5,714a5d22-9d5f-446b-aabe-a4414a44a891,1644072562447,13.4376664,52.4933783,5.5305133,-2.7285743,0.6364212,-7.344507,on bike mount,cyclo cross,True,sett,intermediate
57676c5a-d8bc-477b-9afe-cd54e0534cbf,e4add246-49c0-4d6c-ab9d-44fa292ed1d5,e96db9d7-340b-412c-8132-71c5317afe0a,1644072562500,13.4377437,52.4933564,5.451397,2.7861621,-0.478405,-10.533604,on bike mount,cyclo cross,True,sett,intermediate
57676c5a-d8bc-477b-9afe-cd54e0534cbf,e4add246-49c0-4d6c-ab9d-44fa292ed1d5,461a2277-e363-46f0-b984-434f0f9934f7,1644072562555,13.4377437,52.4933564,5.451397,-0.571256,0.18392467,0.43941736,on bike mount,cyclo cross,True,sett,intermediate
57676c5a-d8bc-477b-9afe-cd54e0534cbf,e4add246-49c0-4d6c-ab9d-44fa292ed1d5,85f9ba87-fed6-4cdd-86b0-f9a601c3c672,1644072562612,13.4377437,52.4933564,5.451397,2.2341783,-7.2608814,3.1698275,on bike mount,cyclo cross,True,sett,intermediate
57676c5a-d8bc-477b-9afe-cd54e0534cbf,e4add246-49c0-4d6c-ab9d-44fa292ed1d5,4098592f-19b1-410a-bed2-9b0c1b85b9f2,1644072562667,13.4377437,52.4933564,5.451397,3.2686367,-14.2498455,10.960838,on bike mount,cyclo cross,True,sett,intermediate
57676c5a-d8bc-477b-9afe-cd54e0534cbf,e4add246-49c0-4d6c-ab9d-44fa292ed1d5,df5b8697-3134-455c-93f4-e0b02ca55fae,1644072562723,13.4377437,52.4933564,5.451397,0.07178652,1.2698684,-6.5536933,on bike mount,cyclo cross,True,sett,intermediate
57676c5a-d8bc-477b-9afe-cd54e0534cbf,e4add246-49c0-4d6c-ab9d-44fa292ed1d5,f96e46fb-9249-4f46-a644-ad91565d7e13,1644072562779,13.4377437,52.4933564,5.451397,0.09172982,-6.1977177,-10.141926,on bike mount,cyclo cross,True,sett,intermediate
57676c5a-d8bc-477b-9afe-cd54e0534cbf,e4add246-49c0-4d6c-ab9d-44fa292ed1d5,7eb3edc0-9ce1-4c9b-a944-e712ff178c7b,1644072562833,13.4377437,52.4933564,5.451397,0.9258854,4.432212,7.916731,on bike mount,cyclo cross,True,sett,intermediate
57676c5a-d8bc-477b-9afe-cd54e0534cbf,e4add246-49c0-4d6c-ab9d-44fa292ed1d5,023f3293-9f8e-457f-bfe2-27bafef9e054,1644072562888,13.4377437,52.4933564,5.451397,2.0236099,0.98034716,-8.30477,on bike mount,cyclo cross,True,sett,intermediate
57676c5a-d8bc-477b-9afe-cd54e0534cbf,e4add246-49c0-4d6c-ab9d-44fa292ed1d5,19aad9eb-6879-4868-b95f-a5b7f85c4214,1644072562944,13.4377437,52.4933564,5.451397,1.7270217,-2.3131387,11.8882265,on bike mount,cyclo cross,True,sett,intermediate
57676c5a-d8bc-477b-9afe-cd54e0534cbf,e4add246-49c0-4d6c-ab9d-44fa292ed1d5,c1e3fdd9-62bf-4d68-a412-8ed9af6337f5,1644072563001,13.4377437,52.4933564,5.451397,2.1725357,-0.4346571,-3.7408981,on bike mount,cyclo cross,True,sett,intermediate
57676c5a-d8bc-477b-9afe-cd54e0534cbf,e4add246-49c0-4d6c-ab9d-44fa292ed1d5,7bf0557b-e01c-4b45-b4ea-0c86f3dc6640,1644072563056,13.4377437,52.4933564,5.451397,-0.5295886,-2.3040972,-5.1300297,on bike mount,cyclo cross,True,sett,intermediate
57676c5a-d8bc-477b-9afe-cd54e0534cbf,e4add246-49c0-4d6c-ab9d-44fa292ed1d5,e81ac562-16cc-4c4d-bb6e-49d38569ff9a,1644072563114,13.4377437,52.4933564,5.451397,0.48429292,0.6007614,8.141217,on bike mount,cyclo cross,True,sett,intermediate
57676c5a-d8bc-477b-9afe-cd54e0534cbf,e4add246-49c0-4d6c-ab9d-44fa292ed1d5,1b7ac489-6bf2-4d32-ad98-7765dde9093e,1644072563168,13.4377437,52.4933564,5.451397,0.48184073,-0.78042483,1.1781921,on bike mount,cyclo cross,True,sett,intermediate
57676c5a-d8bc-477b-9afe-cd54e0534cbf,e4add246-49c0-4d6c-ab9d-44fa292ed1d5,15bd7a5c-36b8-46a9-81b7-e52a2eaa61eb,1644072563222,13.4377437,52.4933564,5.451397,1.2016765,0.34001923,-0.55232716,on bike mount,cyclo cross,True,sett,intermediate
57676c5a-d8bc-477b-9afe-cd54e0534cbf,e4add246-49c0-4d6c-ab9d-44fa292ed1d5,b868f086-8e83-46b0-abcb-08dcdd488626,1644072563278,13.4377437,52.4933564,5.451397,-0.6501726,4.7332106,-5.794607,on bike mount,cyclo cross,True,sett,intermediate
57676c5a-d8bc-477b-9afe-cd54e0534cbf,e4add246-49c0-4d6c-ab9d-44fa292ed1d5,c8d6ae8a-0bd3-4ee7-895e-a5d66660acf8,1644072563333,13.4377437,52.4933564,5.451397,3.66292,3.6408434,-10.043533,on bike mount,cyclo cross,True,sett,intermediate
57676c5a-d8bc-477b-9afe-cd54e0534cbf,e4add246-49c0-4d6c-ab9d-44fa292ed1d5,6e247260-c3ae-4bf0-a3cb-606f3dfc7943,1644072563388,13.4377437,52.4933564,5.451397,1.3679231,-4.3618436,-2.9640741,on bike mount,cyclo cross,True,sett,intermediate
57676c5a-d8bc-477b-9afe-cd54e0534cbf,e4add246-49c0-4d6c-ab9d-44fa292ed1d5,37683d54-d244-49ec-a3d8-17f2f38cffb4,1644072563445,13.4377437,52.4933564,5.451397,-0.069499075,3.695568,-5.925716,on bike mount,cyclo cross,True,sett,intermediate
57676c5a-d8bc-477b-9afe-cd54e0534cbf,e4add246-49c0-4d6c-ab9d-44fa292ed1d5,bac4a45f-7686-4025-87c1-5c48fad44aa8,1644072563499,13.4378209,52.4933336,5.506614,0.88466823,-0.85479,-1.0301509,on bike mount,cyclo cross,True,sett,intermediate
57676c5a-d8bc-477b-9afe-cd54e0534cbf,e4add246-49c0-4d6c-ab9d-44fa292ed1d5,cd35aaa2-8f2c-443b-afd9-186b01a1d0de,1644072563557,13.4378209,52.4933336,5.506614,0.7312154,-6.3533053,5.2768784,on bike mount,cyclo cross,True,sett,intermediate
57676c5a-d8bc-477b-9afe-cd54e0534cbf,e4add246-49c0-4d6c-ab9d-44fa292ed1d5,2012c2e3-128b-4b19-beb0-9ff3a14ae930,1644072563611,13.4378209,52.4933336,5.506614,-0.6287114,1.1486435,-5.601911,on bike mount,cyclo cross,True,sett,intermediate
57676c5a-d8bc-477b-9afe-cd54e0534cbf,e4add246-49c0-4d6c-ab9d-44fa292ed1d5,109149c6-4799-4175-974c-e2d122d15403,1644072563667,13.4378209,52.4933336,5.506614,0.07611233,-1.1984801,2.946352,on bike mount,cyclo cross,True,sett,intermediate
57676c5a-d8bc-477b-9afe-cd54e0534cbf,e4add246-49c0-4d6c-ab9d-44fa292ed1d5,b7669927-81b8-43e7-87b0-a39d5c5321ea,1644072563722,13.4378209,52.4933336,5.506614,1.1383154,0.32536793,6.433983,on bike mount,cyclo cross,True,sett,intermediate
57676c5a-d8bc-477b-9afe-cd54e0534cbf,e4add246-49c0-4d6c-ab9d-44fa292ed1d5,c1978c02-983f-44d5-95f3-e0f691405fdd,1644072563776,13.4378209,52.4933336,5.506614,-2.1301112,2.9410825,-9.908724,on bike mount,cyclo cross,True,sett,intermediate
57676c5a-d8bc-477b-9afe-cd54e0534cbf,e4add246-49c0-4d6c-ab9d-44fa292ed1d5,66c09823-705f-4afd-93d5-0ef10704ec2a,1644072563832,13.4378209,52.4933336,5.506614,1.3938439,-3.156464,1.997591,on bike mount,cyclo cross,True,sett,intermediate
57676c5a-d8bc-477b-9afe-cd54e0534cbf,e4add246-49c0-4d6c-ab9d-44fa292ed1d5,7205e6af-b37f-42d4-a638-e3a2e67da1ab,1644072563890,13.4378209,52.4933336,5.506614,2.2653,9.340169,-4.825206,on bike mount,cyclo cross,True,sett,intermediate
57676c5a-d8bc-477b-9afe-cd54e0534cbf,e4add246-49c0-4d6c-ab9d-44fa292ed1d5,7367d56f-d4a3-493d-bb02-16e5094584ec,1644072563943,13.4378209,52.4933336,5.506614,2.6511009,-2.4750383,8.079453,on bike mount,cyclo cross,True,sett,intermediate
57676c5a-d8bc-477b-9afe-cd54e0534cbf,e4add246-49c0-4d6c-ab9d-44fa292ed1d5,e85b5772-18c6-442e-89b3-6b5ce2208f3c,1644072563999,13.4378209,52.4933336,5.506614,2.201542,-2.416718,-0.05841732,on bike mount,cyclo cross,True,sett,intermediate
57676c5a-d8bc-477b-9afe-cd54e0534cbf,e4add246-49c0-4d6c-ab9d-44fa292ed1d5,aa21e98f-fb6e-430c-ad19-6c3330bf3141,1644072564054,13.4378209,52.4933336,5.506614,0.94114393,0.7663522,-1.2390451,on bike mount,cyclo cross,True,sett,intermediate
57676c5a-d8bc-477b-9afe-cd54e0534cbf,e4add246-49c0-4d6c-ab9d-44fa292ed1d5,39098fb3-622e-40f4-b1bf-3e96b72c4d50,1644072564110,13.4378209,52.4933336,5.506614,-0.0850023,-5.60125,12.576376,on bike mount,cyclo cross,True,sett,intermediate
57676c5a-d8bc-477b-9afe-cd54e0534cbf,e4add246-49c0-4d6c-ab9d-44fa292ed1d5,5d63dc32-ac84-4b68-8d0a-38831fc101a8,1644072564166,13.4378209,52.4933336,5.506614,-0.17037678,4.8389735,1.838191,on bike mount,cyclo cross,True,sett,intermediate
57676c5a-d8bc-477b-9afe-cd54e0534cbf,e4add246-49c0-4d6c-ab9d-44fa292ed1d5,d8204de5-6db9-46ca-b236-41fd2da04394,1644072564224,13.4378209,52.4933336,5.506614,2.75697,0.17898655,-8.14394,on bike mount,cyclo cross,True,sett,intermediate
57676c5a-d8bc-477b-9afe-cd54e0534cbf,e4add246-49c0-4d6c-ab9d-44fa292ed1d5,4faa8a8c-8f9f-4544-9c3a-fbe77cbcde1f,1644072564276,13.4378209,52.4933336,5.506614,0.985739,-6.3115315,5.023988,on bike mount,cyclo cross,True,sett,intermediate
57676c5a-d8bc-477b-9afe-cd54e0534cbf,e4add246-49c0-4d6c-ab9d-44fa292ed1d5,01eafaff-cf5a-4796-b9d6-c1d9a176daad,1644072564334,13.4378209,52.4933336,5.506614,0.24000841,5.679801,0.43107414,on bike mount,cyclo cross,True,sett,intermediate
57676c5a-d8bc-477b-9afe-cd54e0534cbf,e4add246-49c0-4d6c-ab9d-44fa292ed1d5,23a304d6-b7ea-4ad4-acc1-b11d8d78739d,1644072564389,13.4378209,52.4933336,5.506614,-0.3665952,-4.354013,8.33968,on bike mount,cyclo cross,True,sett,intermediate
57676c5a-d8bc-477b-9afe-cd54e0534cbf,e4add246-49c0-4d6c-ab9d-44fa292ed1d5,27de3af2-c5e6-47bb-a3b2-8ae315dd5a04,1644072564444,13.4378209,52.4933336,5.506614,-0.6037251,-1.9721066,2.5046806,on bike mount,cyclo cross,True,sett,intermediate
57676c5a-d8bc-477b-9afe-cd54e0534cbf,e4add246-49c0-4d6c-ab9d-44fa292ed1d5,45e52611-2446-41e0-9e94-a5df8baa49e3,1644072564498,13.4378988,52.4933099,5.3640027,-0.2158179,2.3333893,-6.4948735,on bike mount,cyclo cross,True,sett,intermediate
57676c5a-d8bc-477b-9afe-cd54e0534cbf,e4add246-49c0-4d6c-ab9d-44fa292ed1d5,d28508a1-2edd-4c29-86f8-d01f3efbb3f7,1644072564554,13.4378988,52.4933099,5.3640027,0.5291562,0.70401716,-0.6749301,on bike mount,cyclo cross,True,sett,intermediate
57676c5a-d8bc-477b-9afe-cd54e0534cbf,e4add246-49c0-4d6c-ab9d-44fa292ed1d5,079af912-eff9-47ad-8b60-8ce82a227b2f,1644072564610,13.4378988,52.4933099,5.3640027,2.874104,-3.8075855,1.9275713,on bike mount,cyclo cross,True,sett,intermediate
57676c5a-d8bc-477b-9afe-cd54e0534cbf,e4add246-49c0-4d6c-ab9d-44fa292ed1d5,659e5997-80e7-4e19-bd26-b4b8243adf0c,1644072564665,13.4378988,52.4933099,5.3640027,-0.77392066,0.8438077,-8.5485935,on bike mount,cyclo cross,True,sett,intermediate
57676c5a-d8bc-477b-9afe-cd54e0534cbf,e4add246-49c0-4d6c-ab9d-44fa292ed1d5,8014c229-8727-4147-84e6-8015ca33c68b,1644072564720,13.4378988,52.4933099,5.3640027,0.7810441,-3.5550961,2.3080015,on bike mount,cyclo cross,True,sett,intermediate
57676c5a-d8bc-477b-9afe-cd54e0534cbf,e4add246-49c0-4d6c-ab9d-44fa292ed1d5,aee5e093-e8d4-4dff-b054-003fe2281366,1644072564776,13.4378988,52.4933099,5.3640027,0.26368773,2.482407,-2.1480794,on bike mount,cyclo cross,True,sett,intermediate
57676c5a-d8bc-477b-9afe-cd54e0534cbf,e4add246-49c0-4d6c-ab9d-44fa292ed1d5,716a4de1-4b84-4b15-b6d1-66a853d5aab2,1644072564832,13.4378988,52.4933099,5.3640027,2.2278285,3.132094,2.141777,on bike mount,cyclo cross,True,sett,intermediate
57676c5a-d8bc-477b-9afe-cd54e0534cbf,e4add246-49c0-4d6c-ab9d-44fa292ed1d5,c06c0433-a448-4c5b-bc06-7b37e68a7796,1644072564887,13.4378988,52.4933099,5.3640027,-0.37847245,-2.2754178,-12.241717,on bike mount,cyclo cross,True,sett,intermediate
57676c5a-d8bc-477b-9afe-cd54e0534cbf,e4add246-49c0-4d6c-ab9d-44fa292ed1d5,00e8fd49-e4fe-4696-a22a-7eb7c93b6a3e,1644072564943,13.4378988,52.4933099,5.3640027,0.37798208,-4.10041,7.485897,on bike mount,cyclo cross,True,sett,intermediate
57676c5a-d8bc-477b-9afe-cd54e0534cbf,e4add246-49c0-4d6c-ab9d-44fa292ed1d5,8e958f0f-3589-4039-bee0-5071b8f4fef7,1644072564999,13.4378988,52.4933099,5.3640027,1.4703025,0.10925341,0.02218628,on bike mount,cyclo cross,True,sett,intermediate
57676c5a-d8bc-477b-9afe-cd54e0534cbf,e4add246-49c0-4d6c-ab9d-44fa292ed1d5,40f38179-fde2-438e-acbc-2c0db79942d3,1644072565054,13.4378988,52.4933099,5.3640027,1.6015425,-2.0164728,4.288348,on bike mount,cyclo cross,True,sett,intermediate
57676c5a-d8bc-477b-9afe-cd54e0534cbf,e4add246-49c0-4d6c-ab9d-44fa292ed1d5,988c0ee5-31b8-4ef7-914c-e0101e513159,1644072565110,13.4378988,52.4933099,5.3640027,-2.1644402,1.8478246,-12.286222,on bike mount,cyclo cross,True,sett,intermediate
57676c5a-d8bc-477b-9afe-cd54e0534cbf,e4add246-49c0-4d6c-ab9d-44fa292ed1d5,50d4faff-2595-4ba6-ac6f-4acc9945195b,1644072565167,13.4378988,52.4933099,5.3640027,1.5061672,-1.9166591,-2.807684,on bike mount,cyclo cross,True,sett,intermediate
57676c5a-d8bc-477b-9afe-cd54e0534cbf,e4add246-49c0-4d6c-ab9d-44fa292ed1d5,8cf8f751-cdbf-4d24-aef6-de88cc564b7d,1644072565221,13.4378988,52.4933099,5.3640027,1.3463637,0.06445265,4.303917,on bike mount,cyclo cross,True,sett,intermediate
57676c5a-d8bc-477b-9afe-cd54e0534cbf,e4add246-49c0-4d6c-ab9d-44fa292ed1d5,3f4cdb09-b9f7-4a19-8539-000ee21c8c33,1644072565276,13.4378988,52.4933099,5.3640027,-1.9383181,4.768258,-0.6073389,on bike mount,cyclo cross,True,sett,intermediate
57676c5a-d8bc-477b-9afe-cd54e0534cbf,e4add246-49c0-4d6c-ab9d-44fa292ed1d5,8c9226f1-f668-49e9-aeec-2be1df1ddcdd,1644072565332,13.4378988,52.4933099,5.3640027,0.0016060472,3.4810681,-5.35776,on bike mount,cyclo cross,True,sett,intermediate
57676c5a-d8bc-477b-9afe-cd54e0534cbf,e4add246-49c0-4d6c-ab9d-44fa292ed1d5,dc43f486-e524-4e1a-81f7-694f5f6ec072,1644072565386,13.4378988,52.4933099,5.3640027,1.8914797,1.2512035,9.003586,on bike mount,cyclo cross,True,sett,intermediate
57676c5a-d8bc-477b-9afe-cd54e0534cbf,e4add246-49c0-4d6c-ab9d-44fa292ed1d5,bb79ab7e-1fcf-46b4-837f-34aa16e3d65c,1644072565444,13.4378988,52.4933099,5.3640027,-1.7246971,2.901492,-2.1114445,on bike mount,cyclo cross,True,sett,intermediate
57676c5a-d8bc-477b-9afe-cd54e0534cbf,e4add246-49c0-4d6c-ab9d-44fa292ed1d5,172e69a8-8e20-4a65-b2ee-fac6765d4fd0,1644072565498,13.4379762,52.493288,5.2335134,0.32256395,-3.9677768,-7.151351,on bike mount,cyclo cross,True,sett,intermediate
57676c5a-d8bc-477b-9afe-cd54e0534cbf,e4add246-49c0-4d6c-ab9d-44fa292ed1d5,4f7294a8-f7b9-4268-ab63-d87ed9532fc1,1644072565554,13.4379762,52.493288,5.2335134,0.19015703,-0.23458242,2.1179209,on bike mount,cyclo cross,True,sett,intermediate
57676c5a-d8bc-477b-9afe-cd54e0534cbf,e4add246-49c0-4d6c-ab9d-44fa292ed1d5,d0e631d6-d2ff-4678-b769-175215577d1b,1644072565609,13.4379762,52.493288,5.2335134,-1.5270947,0.4008522,4.320982,on bike mount,cyclo cross,True,sett,intermediate
57676c5a-d8bc-477b-9afe-cd54e0534cbf,e4add246-49c0-4d6c-ab9d-44fa292ed1d5,66e34c59-740c-49ef-90b4-db09790042c2,1644072565665,13.4379762,52.493288,5.2335134,2.823854,-6.154329,4.802109,on bike mount,cyclo cross,True,sett,intermediate
57676c5a-d8bc-477b-9afe-cd54e0534cbf,e4add246-49c0-4d6c-ab9d-44fa292ed1d5,c796cb78-22bb-4599-9f52-4226ee98e1ac,1644072565720,13.4379762,52.493288,5.2335134,-1.5069108,-6.235749,1.9586315,on bike mount,cyclo cross,True,sett,intermediate
57676c5a-d8bc-477b-9afe-cd54e0534cbf,e4add246-49c0-4d6c-ab9d-44fa292ed1d5,0419b05c-56a0-4369-a8a3-88f017497912,1644072565776,13.4379762,52.493288,5.2335134,-0.5842817,10.550627,-10.55257,on bike mount,cyclo cross,True,sett,intermediate
57676c5a-d8bc-477b-9afe-cd54e0534cbf,e4add246-49c0-4d6c-ab9d-44fa292ed1d5,fc1cbca9-8544-4251-9317-351649f1fc2f,1644072565831,13.4379762,52.493288,5.2335134,0.357962,-6.9643984,8.390489,on bike mount,cyclo cross,True,sett,intermediate
57676c5a-d8bc-477b-9afe-cd54e0534cbf,e4add246-49c0-4d6c-ab9d-44fa292ed1d5,69845146-329d-446d-846b-b699ca9a226d,1644072565886,13.4379762,52.493288,5.2335134,-2.822387,2.1005602,-7.166923,on bike mount,cyclo cross,True,sett,intermediate
57676c5a-d8bc-477b-9afe-cd54e0534cbf,e4add246-49c0-4d6c-ab9d-44fa292ed1d5,363343a3-25d6-4861-96ae-8243b9e9fa25,1644072565942,13.4379762,52.493288,5.2335134,0.42729485,-7.077154,-3.0897903,on bike mount,cyclo cross,True,sett,intermediate
57676c5a-d8bc-477b-9afe-cd54e0534cbf,e4add246-49c0-4d6c-ab9d-44fa292ed1d5,c5c03523-442c-4925-b8cc-08a25582ab0c,1644072565997,13.4379762,52.493288,5.2335134,-1.2586515,0.4780879,-6.124426,on bike mount,cyclo cross,True,sett,intermediate
57676c5a-d8bc-477b-9afe-cd54e0534cbf,e4add246-49c0-4d6c-ab9d-44fa292ed1d5,183902db-85d5-4d93-a198-f430d494c06d,1644072566054,13.4379762,52.493288,5.2335134,0.49814254,-0.29959345,5.5296564,on bike mount,cyclo cross,True,sett,intermediate
57676c5a-d8bc-477b-9afe-cd54e0534cbf,e4add246-49c0-4d6c-ab9d-44fa292ed1d5,5b3d5aa9-67a3-4ffb-8467-71209a7cd313,1644072566109,13.4379762,52.493288,5.2335134,0.69608253,9.997135,-7.5547996,on bike mount,cyclo cross,True,sett,intermediate
57676c5a-d8bc-477b-9afe-cd54e0534cbf,e4add246-49c0-4d6c-ab9d-44fa292ed1d5,800610db-9531-493e-a2f0-c32f740eb0b2,1644072566164,13.4379762,52.493288,5.2335134,0.64911294,-6.7039557,2.116436,on bike mount,cyclo cross,True,sett,intermediate
57676c5a-d8bc-477b-9afe-cd54e0534cbf,e4add246-49c0-4d6c-ab9d-44fa292ed1d5,9f63ae4b-6e1d-4525-b1e9-be1d49051506,1644072566220,13.4379762,52.493288,5.2335134,2.505866,4.7152767,-6.828718,on bike mount,cyclo cross,True,sett,intermediate
57676c5a-d8bc-477b-9afe-cd54e0534cbf,e4add246-49c0-4d6c-ab9d-44fa292ed1d5,516f342b-7acd-49ab-b4f8-c23105c9ceae,1644072566276,13.4379762,52.493288,5.2335134,-0.12250534,-4.766961,-6.1147976,on bike mount,cyclo cross,True,sett,intermediate
57676c5a-d8bc-477b-9afe-cd54e0534cbf,e4add246-49c0-4d6c-ab9d-44fa292ed1d5,90e1a88d-8b16-497c-9041-cd46b2eabb15,1644072566330,13.4379762,52.493288,5.2335134,-0.1120155,-3.812159,2.1427898,on bike mount,cyclo cross,True,sett,intermediate
57676c5a-d8bc-477b-9afe-cd54e0534cbf,e4add246-49c0-4d6c-ab9d-44fa292ed1d5,8092cb38-75a8-4e38-b4a8-6611900052d1,1644072566387,13.4379762,52.493288,5.2335134,-0.3670375,-0.354743,-11.147761,on bike mount,cyclo cross,True,sett,intermediate
57676c5a-d8bc-477b-9afe-cd54e0534cbf,e4add246-49c0-4d6c-ab9d-44fa292ed1d5,f84d64b8-40af-4d93-a4ad-de67cbd552b0,1644072566443,13.4379762,52.493288,5.2335134,-0.3043372,-6.7626877,-0.56242085,on bike mount,cyclo cross,True,sett,intermediate
57676c5a-d8bc-477b-9afe-cd54e0534cbf,e4add246-49c0-4d6c-ab9d-44fa292ed1d5,78bada87-000c-497f-b06c-cce92fd62d15,1644072566498,13.4380556,52.4932655,5.5782137,0.808934,-2.3853464,4.5740585,on bike mount,cyclo cross,True,sett,intermediate
57676c5a-d8bc-477b-9afe-cd54e0534cbf,e4add246-49c0-4d6c-ab9d-44fa292ed1d5,e9f82cfa-8599-4efd-b824-769f2d35df75,1644072566553,13.4380556,52.4932655,5.5782137,-3.7493405,2.0311651,-1.583116,on bike mount,cyclo cross,True,sett,intermediate
57676c5a-d8bc-477b-9afe-cd54e0534cbf,e4add246-49c0-4d6c-ab9d-44fa292ed1d5,64f240b9-a03e-4cd2-8d71-7a866c043bff,1644072566609,13.4380556,52.4932655,5.5782137,2.469847,-7.9794493,13.902418,on bike mount,cyclo cross,True,sett,intermediate
57676c5a-d8bc-477b-9afe-cd54e0534cbf,e4add246-49c0-4d6c-ab9d-44fa292ed1d5,e06807ee-d60c-4cd6-9c23-3083fa86512e,1644072566663,13.4380556,52.4932655,5.5782137,-0.7395288,-4.7037325,12.292348,on bike mount,cyclo cross,True,sett,intermediate
57676c5a-d8bc-477b-9afe-cd54e0534cbf,e4add246-49c0-4d6c-ab9d-44fa292ed1d5,edf65226-dede-432c-9fa6-bd67c1f3e2b7,1644072566719,13.4380556,52.4932655,5.5782137,1.7253749,1.2002735,-1.0508046,on bike mount,cyclo cross,True,sett,intermediate
57676c5a-d8bc-477b-9afe-cd54e0534cbf,e4add246-49c0-4d6c-ab9d-44fa292ed1d5,2700f913-65d7-48be-90b0-3115b0091a83,1644072566774,13.4380556,52.4932655,5.5782137,-0.050423652,-0.5463102,10.894007,on bike mount,cyclo cross,True,sett,intermediate
57676c5a-d8bc-477b-9afe-cd54e0534cbf,e4add246-49c0-4d6c-ab9d-44fa292ed1d5,df5148c2-98ef-48aa-b849-3bdadb40cd9b,1644072566830,13.4380556,52.4932655,5.5782137,-1.7520282,2.017981,3.4815845,on bike mount,cyclo cross,True,sett,intermediate
57676c5a-d8bc-477b-9afe-cd54e0534cbf,e4add246-49c0-4d6c-ab9d-44fa292ed1d5,64415ea1-5459-48d2-a6b9-8a0a0a6a9bb7,1644072566887,13.4380556,52.4932655,5.5782137,1.1422818,-2.4271736,-0.1079855,on bike mount,cyclo cross,True,sett,intermediate
57676c5a-d8bc-477b-9afe-cd54e0534cbf,e4add246-49c0-4d6c-ab9d-44fa292ed1d5,ecd84a00-f5a2-4736-bed6-b5401c944a13,1644072566944,13.4380556,52.4932655,5.5782137,-1.519506,8.3058195,0.0025463104,on bike mount,cyclo cross,True,sett,intermediate
57676c5a-d8bc-477b-9afe-cd54e0534cbf,e4add246-49c0-4d6c-ab9d-44fa292ed1d5,a411cbef-c172-4ad5-a5ec-b207406665af,1644072566997,13.4380556,52.4932655,5.5782137,-1.7974794,-7.6712704,9.018245,on bike mount,cyclo cross,True,sett,intermediate
57676c5a-d8bc-477b-9afe-cd54e0534cbf,e4add246-49c0-4d6c-ab9d-44fa292ed1d5,79a4a999-1184-4df7-86f5-1f3f8bbac4ea,1644072567053,13.4380556,52.4932655,5.5782137,-0.3425833,1.3037214,1.8206701,on bike mount,cyclo cross,True,sett,intermediate
57676c5a-d8bc-477b-9afe-cd54e0534cbf,e4add246-49c0-4d6c-ab9d-44fa292ed1d5,154ccc2b-b55a-4b48-85ce-75ed78ce5cc3,1644072567108,13.4380556,52.4932655,5.5782137,-0.7876903,0.1955154,3.0591097,on bike mount,cyclo cross,True,sett,intermediate
57676c5a-d8bc-477b-9afe-cd54e0534cbf,e4add246-49c0-4d6c-ab9d-44fa292ed1d5,d4e4b39f-78f6-4d24-8728-564557d60642,1644072567163,13.4380556,52.4932655,5.5782137,0.42027658,3.568738,-0.74004126,on bike mount,cyclo cross,True,sett,intermediate
57676c5a-d8bc-477b-9afe-cd54e0534cbf,e4add246-49c0-4d6c-ab9d-44fa292ed1d5,df351f04-7e5f-4023-af0c-d02f27e596b0,1644072567219,13.4380556,52.4932655,5.5782137,-1.2612284,-2.2161684,-0.47695637,on bike mount,cyclo cross,True,sett,intermediate
57676c5a-d8bc-477b-9afe-cd54e0534cbf,e4add246-49c0-4d6c-ab9d-44fa292ed1d5,174924e8-9271-491c-8e86-51ca0ffcea4e,1644072567274,13.4380556,52.4932655,5.5782137,0.7885821,-2.4375048,-1.2605968,on bike mount,cyclo cross,True,sett,intermediate
57676c5a-d8bc-477b-9afe-cd54e0534cbf,e4add246-49c0-4d6c-ab9d-44fa292ed1d5,1d1832de-119c-41f0-a57d-bbe9c62260ad,1644072567332,13.4380556,52.4932655,5.5782137,-2.3265219,-0.7618418,8.676466,on bike mount,cyclo cross,True,sett,intermediate
57676c5a-d8bc-477b-9afe-cd54e0534cbf,e4add246-49c0-4d6c-ab9d-44fa292ed1d5,d2dd92af-e050-4abc-809e-68d90cfba59c,1644072567386,13.4380556,52.4932655,5.5782137,1.9874486,-7.6787014,5.886649,on bike mount,cyclo cross,True,sett,intermediate
57676c5a-d8bc-477b-9afe-cd54e0534cbf,e4add246-49c0-4d6c-ab9d-44fa292ed1d5,ede4af39-e0af-45c0-aeed-7c03fcdddb84,1644072567442,13.4380556,52.4932655,5.5782137,0.73757184,-2.9722857,9.101992,on bike mount,cyclo cross,True,sett,intermediate
57676c5a-d8bc-477b-9afe-cd54e0534cbf,e4add246-49c0-4d6c-ab9d-44fa292ed1d5,74ebd6a3-2a8e-42c7-b12a-123cde6afaad,1644072567496,13.438136,52.4932401,5.787852,-0.6592579,-0.50178933,-0.03705311,on bike mount,cyclo cross,True,sett,intermediate
57676c5a-d8bc-477b-9afe-cd54e0534cbf,e4add246-49c0-4d6c-ab9d-44fa292ed1d5,e42e8dcb-4966-4d4f-8c1b-4a40b11a455b,1644072567552,13.438136,52.4932401,5.787852,-2.4033089,-4.0019817,-4.9306006,on bike mount,cyclo cross,True,sett,intermediate
57676c5a-d8bc-477b-9afe-cd54e0534cbf,e4add246-49c0-4d6c-ab9d-44fa292ed1d5,decdb031-5386-4587-8428-51807cdbf93f,1644072567607,13.438136,52.4932401,5.787852,0.7252539,-1.4196103,7.947377,on bike mount,cyclo cross,True,sett,intermediate
57676c5a-d8bc-477b-9afe-cd54e0534cbf,e4add246-49c0-4d6c-ab9d-44fa292ed1d5,c92d8cb9-86e0-4c5b-aec0-9189efc34f3f,1644072567663,13.438136,52.4932401,5.787852,-1.5394884,2.061833,0.3300314,on bike mount,cyclo cross,True,sett,intermediate
57676c5a-d8bc-477b-9afe-cd54e0534cbf,e4add246-49c0-4d6c-ab9d-44fa292ed1d5,6b4d89d5-1f42-42f6-b4dc-6b76db93dcad,1644072567718,13.438136,52.4932401,5.787852,-0.95740986,-2.2799816,2.5005283,on bike mount,cyclo cross,True,sett,intermediate
57676c5a-d8bc-477b-9afe-cd54e0534cbf,e4add246-49c0-4d6c-ab9d-44fa292ed1d5,2575fe8d-fd48-480c-ab57-1b71be650d82,1644072567774,13.438136,52.4932401,5.787852,0.824164,-2.133583,1.151864,on bike mount,cyclo cross,True,sett,intermediate
57676c5a-d8bc-477b-9afe-cd54e0534cbf,e4add246-49c0-4d6c-ab9d-44fa292ed1d5,88485728-8373-4ff3-b56a-faa607c03d5e,1644072567829,13.438136,52.4932401,5.787852,0.84937394,0.59801435,-4.518898,on bike mount,cyclo cross,True,sett,intermediate
57676c5a-d8bc-477b-9afe-cd54e0534cbf,e4add246-49c0-4d6c-ab9d-44fa292ed1d5,6fde7943-9eff-448e-95ff-187e4069bc45,1644072567886,13.438136,52.4932401,5.787852,2.524436,6.0655947,-8.236322,on bike mount,cyclo cross,True,sett,intermediate
57676c5a-d8bc-477b-9afe-cd54e0534cbf,e4add246-49c0-4d6c-ab9d-44fa292ed1d5,1bd0e8dc-f61f-4262-b3da-2b783ee8ed8b,1644072567941,13.438136,52.4932401,5.787852,2.4521701,-0.8336408,-11.0333805,on bike mount,cyclo cross,True,sett,intermediate
57676c5a-d8bc-477b-9afe-cd54e0534cbf,e4add246-49c0-4d6c-ab9d-44fa292ed1d5,052c3558-530b-43b5-8396-193729b02343,1644072567996,13.438136,52.4932401,5.787852,-0.10488999,4.35417,-4.4477835,on bike mount,cyclo cross,True,sett,intermediate
57676c5a-d8bc-477b-9afe-cd54e0534cbf,e4add246-49c0-4d6c-ab9d-44fa292ed1d5,21438fbc-36e7-4ad1-81ed-71030997575c,1644072568052,13.438136,52.4932401,5.787852,-1.8719714,-2.2795043,8.984871,on bike mount,cyclo cross,True,sett,intermediate
57676c5a-d8bc-477b-9afe-cd54e0534cbf,e4add246-49c0-4d6c-ab9d-44fa292ed1d5,111b88fd-b766-4f1f-8890-f58fe6c99454,1644072568107,13.438136,52.4932401,5.787852,-2.236996,-0.32659006,-4.1950693,on bike mount,cyclo cross,True,sett,intermediate
57676c5a-d8bc-477b-9afe-cd54e0534cbf,e4add246-49c0-4d6c-ab9d-44fa292ed1d5,cd842273-7fdf-4e9d-8c96-ac11bfdd4e44,1644072568163,13.438136,52.4932401,5.787852,0.0018034428,-0.44280672,4.0941553,on bike mount,cyclo cross,True,sett,intermediate
57676c5a-d8bc-477b-9afe-cd54e0534cbf,e4add246-49c0-4d6c-ab9d-44fa292ed1d5,2fbe3c72-a2bd-4d61-849a-d6b7e0ce30cf,1644072568218,13.438136,52.4932401,5.787852,-1.1942674,3.282082,1.6670351,on bike mount,cyclo cross,True,sett,intermediate
57676c5a-d8bc-477b-9afe-cd54e0534cbf,e4add246-49c0-4d6c-ab9d-44fa292ed1d5,fe7358c4-72c2-4871-8f74-d18e9734cd1f,1644072568274,13.438136,52.4932401,5.787852,-2.3243358,-2.096808,5.702343,on bike mount,cyclo cross,True,sett,intermediate
57676c5a-d8bc-477b-9afe-cd54e0534cbf,e4add246-49c0-4d6c-ab9d-44fa292ed1d5,cef95585-395b-45a9-9e56-06128bfebf43,1644072568330,13.438136,52.4932401,5.787852,2.2085571,-5.214426,-2.2716794,on bike mount,cyclo cross,True,sett,intermediate
57676c5a-d8bc-477b-9afe-cd54e0534cbf,e4add246-49c0-4d6c-ab9d-44fa292ed1d5,3fd818fe-d6e2-4081-9577-b1abebd4a324,1644072568385,13.438136,52.4932401,5.787852,-2.2054021,1.410974,-3.7285347,on bike mount,cyclo cross,True,sett,intermediate
57676c5a-d8bc-477b-9afe-cd54e0534cbf,e4add246-49c0-4d6c-ab9d-44fa292ed1d5,d75d8040-e5ba-474a-bb64-2b7eccf1977e,1644072568441,13.438136,52.4932401,5.787852,-2.56126,13.090234,1.330575,on bike mount,cyclo cross,True,sett,intermediate
57676c5a-d8bc-477b-9afe-cd54e0534cbf,e4add246-49c0-4d6c-ab9d-44fa292ed1d5,8e7ea5e1-b37e-4244-954a-b436a2077fce,1644072568496,13.4382185,52.4932128,6.059825,-1.3176754,0.76404095,-7.1428385,on bike mount,cyclo cross,True,sett,intermediate
57676c5a-d8bc-477b-9afe-cd54e0534cbf,e4add246-49c0-4d6c-ab9d-44fa292ed1d5,407aafb7-0ef8-4c34-94f3-8e99ee9bb014,1644072568552,13.4382185,52.4932128,6.059825,-1.1193893,2.2844977,0.9496708,on bike mount,cyclo cross,True,sett,intermediate
57676c5a-d8bc-477b-9afe-cd54e0534cbf,e4add246-49c0-4d6c-ab9d-44fa292ed1d5,1d2bdde5-8d83-4181-8938-5e2de81303a8,1644072568607,13.4382185,52.4932128,6.059825,-0.62605435,-1.5226214,1.0836163,on bike mount,cyclo cross,True,sett,intermediate
57676c5a-d8bc-477b-9afe-cd54e0534cbf,e4add246-49c0-4d6c-ab9d-44fa292ed1d5,7e8e885c-000a-4c92-9321-7dd8d906cd54,1644072568662,13.4382185,52.4932128,6.059825,0.1561119,2.6823993,-2.6326756,on bike mount,cyclo cross,True,sett,intermediate
57676c5a-d8bc-477b-9afe-cd54e0534cbf,e4add246-49c0-4d6c-ab9d-44fa292ed1d5,3ec99ce7-43fc-4dcc-bb15-9fae7f1e2e35,1644072568717,13.4382185,52.4932128,6.059825,-0.57038933,-5.6412115,6.885748,on bike mount,cyclo cross,True,sett,intermediate
57676c5a-d8bc-477b-9afe-cd54e0534cbf,e4add246-49c0-4d6c-ab9d-44fa292ed1d5,f95d111e-5514-490f-97aa-0bb9ff0ca12f,1644072568774,13.4382185,52.4932128,6.059825,-0.36469758,-2.695207,2.4627628,on bike mount,cyclo cross,True,sett,intermediate
57676c5a-d8bc-477b-9afe-cd54e0534cbf,e4add246-49c0-4d6c-ab9d-44fa292ed1d5,822256e1-f312-4b51-9528-20dfdd11fac7,1644072568830,13.4382185,52.4932128,6.059825,0.3512257,1.333858,-4.616379,on bike mount,cyclo cross,True,sett,intermediate
57676c5a-d8bc-477b-9afe-cd54e0534cbf,e4add246-49c0-4d6c-ab9d-44fa292ed1d5,c5737410-ac54-4f0b-9587-fff06edcab41,1644072568885,13.4382185,52.4932128,6.059825,0.9570706,-2.0174334,-7.360117,on bike mount,cyclo cross,True,sett,intermediate
57676c5a-d8bc-477b-9afe-cd54e0534cbf,e4add246-49c0-4d6c-ab9d-44fa292ed1d5,1ec8195e-f690-4704-8028-9c5040cbb73b,1644072568940,13.4382185,52.4932128,6.059825,1.8990583,1.0390749,2.873166,on bike mount,cyclo cross,True,sett,intermediate
57676c5a-d8bc-477b-9afe-cd54e0534cbf,e4add246-49c0-4d6c-ab9d-44fa292ed1d5,1206f949-1a07-4bed-99ee-2b8fe9bbd58e,1644072568997,13.4382185,52.4932128,6.059825,-0.07829583,-5.5584,3.3074417,on bike mount,cyclo cross,True,sett,intermediate
57676c5a-d8bc-477b-9afe-cd54e0534cbf,e4add246-49c0-4d6c-ab9d-44fa292ed1d5,49fc68c3-587c-484b-888d-fb833cfe1fb1,1644072569050,13.4382185,52.4932128,6.059825,0.36559832,-5.2416224,-9.453896,on bike mount,cyclo cross,True,sett,intermediate
57676c5a-d8bc-477b-9afe-cd54e0534cbf,e4add246-49c0-4d6c-ab9d-44fa292ed1d5,ed5afbf5-a134-4835-a87d-7d154fc4d5d5,1644072569106,13.4382185,52.4932128,6.059825,-0.15685189,-3.2306108,3.293048,on bike mount,cyclo cross,True,sett,intermediate
57676c5a-d8bc-477b-9afe-cd54e0534cbf,e4add246-49c0-4d6c-ab9d-44fa292ed1d5,2cddba96-b06e-4231-aac7-ca2830b00980,1644072569161,13.4382185,52.4932128,6.059825,0.8799888,0.5242486,0.3770914,on bike mount,cyclo cross,True,sett,intermediate
57676c5a-d8bc-477b-9afe-cd54e0534cbf,e4add246-49c0-4d6c-ab9d-44fa292ed1d5,162be3e9-9b18-44f0-9b6c-4d8152d1953b,1644072569217,13.4382185,52.4932128,6.059825,-1.480011,2.3434525,3.2653804,on bike mount,cyclo cross,True,sett,intermediate
57676c5a-d8bc-477b-9afe-cd54e0534cbf,e4add246-49c0-4d6c-ab9d-44fa292ed1d5,31af4ee8-d6c6-4388-8cce-ab2130eac538,1644072569274,13.4382185,52.4932128,6.059825,-1.5394639,-2.2478733,-6.6606526,on bike mount,cyclo cross,True,sett,intermediate
57676c5a-d8bc-477b-9afe-cd54e0534cbf,e4add246-49c0-4d6c-ab9d-44fa292ed1d5,5f6e778e-3dde-41f1-be5b-262b4b5cddf5,1644072569329,13.4382185,52.4932128,6.059825,-1.1047784,0.4088354,7.310996,on bike mount,cyclo cross,True,sett,intermediate
57676c5a-d8bc-477b-9afe-cd54e0534cbf,e4add246-49c0-4d6c-ab9d-44fa292ed1d5,b5fe072d-6ece-41af-ab68-20645d9c0710,1644072569384,13.4382185,52.4932128,6.059825,0.25008166,1.6382809,-2.4787502,on bike mount,cyclo cross,True,sett,intermediate
57676c5a-d8bc-477b-9afe-cd54e0534cbf,e4add246-49c0-4d6c-ab9d-44fa292ed1d5,e42c34e0-f240-416b-b4d0-b75a538740ab,1644072569440,13.4382185,52.4932128,6.059825,1.1874657,-3.5438263,-4.6103435,on bike mount,cyclo cross,True,sett,intermediate
57676c5a-d8bc-477b-9afe-cd54e0534cbf,e4add246-49c0-4d6c-ab9d-44fa292ed1d5,8e9a3116-c81c-4c27-a0bc-4302cca093c9,1644072569497,13.4383102,52.4931856,6.1882834,0.47821003,-5.503166,5.6964483,on bike mount,cyclo cross,True,sett,intermediate
57676c5a-d8bc-477b-9afe-cd54e0534cbf,e4add246-49c0-4d6c-ab9d-44fa292ed1d5,aec7578c-105c-4040-87e1-80571e7f9ab9,1644072569550,13.4383102,52.4931856,6.1882834,-1.2614887,-2.2371964,-1.7022815,on bike mount,cyclo cross,True,sett,intermediate
57676c5a-d8bc-477b-9afe-cd54e0534cbf,e4add246-49c0-4d6c-ab9d-44fa292ed1d5,dfc5adf7-e773-45af-8ab1-64490ea6f972,1644072569606,13.4383102,52.4931856,6.1882834,3.9739442,-0.419868,-5.475335,on bike mount,cyclo cross,True,sett,intermediate
57676c5a-d8bc-477b-9afe-cd54e0534cbf,e4add246-49c0-4d6c-ab9d-44fa292ed1d5,1201f545-a2e0-4138-a870-876b2f958a4b,1644072569661,13.4383102,52.4931856,6.1882834,-1.4286575,4.4140115,1.6808262,on bike mount,cyclo cross,True,sett,intermediate
57676c5a-d8bc-477b-9afe-cd54e0534cbf,e4add246-49c0-4d6c-ab9d-44fa292ed1d5,83244660-da03-43b1-8065-3b78e5cbd58f,1644072569718,13.4383102,52.4931856,6.1882834,-3.6630425,-4.764454,10.38349,on bike mount,cyclo cross,True,sett,intermediate
57676c5a-d8bc-477b-9afe-cd54e0534cbf,e4add246-49c0-4d6c-ab9d-44fa292ed1d5,f1e4e4ea-13dc-4b5f-a328-b1b288132e48,1644072569773,13.4383102,52.4931856,6.1882834,-0.52470607,0.6544485,-0.6598053,on bike mount,cyclo cross,True,sett,intermediate
57676c5a-d8bc-477b-9afe-cd54e0534cbf,e4add246-49c0-4d6c-ab9d-44fa292ed1d5,7455125d-12e5-494d-8a82-779fec52741b,1644072569829,13.4383102,52.4931856,6.1882834,2.7313771,-6.9194813,12.271442,on bike mount,cyclo cross,True,sett,intermediate
57676c5a-d8bc-477b-9afe-cd54e0534cbf,e4add246-49c0-4d6c-ab9d-44fa292ed1d5,5bfe96a2-e3ae-4a04-9dcc-01bee2abaec7,1644072569884,13.4383102,52.4931856,6.1882834,-1.957615,-2.945476,0.1220026,on bike mount,cyclo cross,True,sett,intermediate
57676c5a-d8bc-477b-9afe-cd54e0534cbf,e4add246-49c0-4d6c-ab9d-44fa292ed1d5,5c97d31c-6b6e-407d-8e9b-6586ff5c7c9b,1644072569939,13.4383102,52.4931856,6.1882834,-0.5636735,2.2769938,2.7480707,on bike mount,cyclo cross,True,sett,intermediate
57676c5a-d8bc-477b-9afe-cd54e0534cbf,e4add246-49c0-4d6c-ab9d-44fa292ed1d5,94b2f9d4-54cb-4c96-85d8-fee849878a5a,1644072569994,13.4383102,52.4931856,6.1882834,0.6849872,3.8442297,-4.93756,on bike mount,cyclo cross,True,sett,intermediate
57676c5a-d8bc-477b-9afe-cd54e0534cbf,e4add246-49c0-4d6c-ab9d-44fa292ed1d5,67dd50f5-b4aa-4ceb-a3db-a09d67c5f87e,1644072570050,13.4383102,52.4931856,6.1882834,2.0763607,4.1843734,-1.3947792,on bike mount,cyclo cross,True,sett,intermediate
57676c5a-d8bc-477b-9afe-cd54e0534cbf,e4add246-49c0-4d6c-ab9d-44fa292ed1d5,02eeb056-6603-4e9d-9a50-e8a1743ef181,1644072570105,13.4383102,52.4931856,6.1882834,1.8150702,-1.8039505,11.19078,on bike mount,cyclo cross,True,sett,intermediate
57676c5a-d8bc-477b-9afe-cd54e0534cbf,e4add246-49c0-4d6c-ab9d-44fa292ed1d5,95a8c175-aecb-4f8e-b487-3af7161b81ee,1644072570162,13.4383102,52.4931856,6.1882834,0.6913722,-1.2124081,-1.1583118,on bike mount,cyclo cross,True,sett,intermediate
57676c5a-d8bc-477b-9afe-cd54e0534cbf,e4add246-49c0-4d6c-ab9d-44fa292ed1d5,c7ae8418-15c0-43cb-ad39-b90c062e6130,1644072570218,13.4383102,52.4931856,6.1882834,0.81165427,-4.103156,11.487648,on bike mount,cyclo cross,True,sett,intermediate
57676c5a-d8bc-477b-9afe-cd54e0534cbf,e4add246-49c0-4d6c-ab9d-44fa292ed1d5,6049bf75-f098-4ade-ac66-1b46c7f5ece9,1644072570273,13.4383102,52.4931856,6.1882834,2.1223464,4.624134,0.4909954,on bike mount,cyclo cross,True,sett,intermediate
57676c5a-d8bc-477b-9afe-cd54e0534cbf,e4add246-49c0-4d6c-ab9d-44fa292ed1d5,69ea7d7e-945b-4926-9ac7-34f17bff60f6,1644072570328,13.4383102,52.4931856,6.1882834,1.7842411,-7.816247,2.870469,on bike mount,cyclo cross,True,sett,intermediate
57676c5a-d8bc-477b-9afe-cd54e0534cbf,e4add246-49c0-4d6c-ab9d-44fa292ed1d5,8a05a666-9551-4d18-82e1-d249bc7d6c4a,1644072570384,13.4383102,52.4931856,6.1882834,-1.1217647,1.8519897,4.508256,on bike mount,cyclo cross,True,sett,intermediate
57676c5a-d8bc-477b-9afe-cd54e0534cbf,e4add246-49c0-4d6c-ab9d-44fa292ed1d5,dc9ce591-6147-40ad-9422-15c45dbd1014,1644072570439,13.4383102,52.4931856,6.1882834,0.33174956,-1.240092,-1.4155378,on bike mount,cyclo cross,True,sett,intermediate
57676c5a-d8bc-477b-9afe-cd54e0534cbf,e4add246-49c0-4d6c-ab9d-44fa292ed1d5,73cc89f3-42e3-4e3b-bec5-257e65376bb6,1644072570494,13.4384052,52.4931605,6.0361605,-0.36963516,-4.2390065,6.17041,on bike mount,cyclo cross,True,sett,intermediate
57676c5a-d8bc-477b-9afe-cd54e0534cbf,e4add246-49c0-4d6c-ab9d-44fa292ed1d5,5e041fc7-ee3e-46d4-a1e1-614de36307f6,1644072570551,13.4384052,52.4931605,6.0361605,-1.2442024,0.19909239,1.5620031,on bike mount,cyclo cross,True,sett,intermediate
57676c5a-d8bc-477b-9afe-cd54e0534cbf,e4add246-49c0-4d6c-ab9d-44fa292ed1d5,1cc7a036-a426-4509-86a9-a21e5a60a697,1644072570605,13.4384052,52.4931605,6.0361605,0.626889,0.80157995,-4.964566,on bike mount,cyclo cross,True,sett,intermediate
57676c5a-d8bc-477b-9afe-cd54e0534cbf,e4add246-49c0-4d6c-ab9d-44fa292ed1d5,16385ee6-8260-4f97-9659-1f296f3f3b0c,1644072570661,13.4384052,52.4931605,6.0361605,-0.65255725,-5.992153,12.63305,on bike mount,cyclo cross,True,sett,intermediate
57676c5a-d8bc-477b-9afe-cd54e0534cbf,e4add246-49c0-4d6c-ab9d-44fa292ed1d5,4e6ed3d2-a906-42b0-a604-572c929d91c8,1644072570717,13.4384052,52.4931605,6.0361605,-0.19957298,1.6973066,-3.9189224,on bike mount,cyclo cross,True,sett,intermediate
57676c5a-d8bc-477b-9afe-cd54e0534cbf,e4add246-49c0-4d6c-ab9d-44fa292ed1d5,38d526bd-49fd-407a-85ff-5a72f0bfd487,1644072570773,13.4384052,52.4931605,6.0361605,2.2690303,-0.97263455,-0.46503353,on bike mount,cyclo cross,True,sett,intermediate
57676c5a-d8bc-477b-9afe-cd54e0534cbf,e4add246-49c0-4d6c-ab9d-44fa292ed1d5,b50eb2f4-0fa2-4f76-8086-e59c15718f1e,1644072570828,13.4384052,52.4931605,6.0361605,-1.2152162,-2.2612648,-4.9626393,on bike mount,cyclo cross,True,sett,intermediate
57676c5a-d8bc-477b-9afe-cd54e0534cbf,e4add246-49c0-4d6c-ab9d-44fa292ed1d5,6ce7f092-a401-4bae-a43f-80f294c03bd2,1644072570883,13.4384052,52.4931605,6.0361605,1.0850241,2.0809913,-0.59885216,on bike mount,cyclo cross,True,sett,intermediate
57676c5a-d8bc-477b-9afe-cd54e0534cbf,e4add246-49c0-4d6c-ab9d-44fa292ed1d5,bb15af15-eb93-460a-967c-c85a09dbbb59,1644072570938,13.4384052,52.4931605,6.0361605,0.08470793,0.47058225,5.3052635,on bike mount,cyclo cross,True,sett,intermediate
57676c5a-d8bc-477b-9afe-cd54e0534cbf,e4add246-49c0-4d6c-ab9d-44fa292ed1d5,7d66f41c-7b5e-458e-98e0-c1b875c84aad,1644072570996,13.4384052,52.4931605,6.0361605,-1.400012,-0.44573164,2.236104,on bike mount,cyclo cross,True,sett,intermediate
57676c5a-d8bc-477b-9afe-cd54e0534cbf,e4add246-49c0-4d6c-ab9d-44fa292ed1d5,01d0c729-9235-4d80-8650-53ac1f159556,1644072571050,13.4384052,52.4931605,6.0361605,-0.2492683,-9.52588,12.932119,on bike mount,cyclo cross,True,sett,intermediate
57676c5a-d8bc-477b-9afe-cd54e0534cbf,e4add246-49c0-4d6c-ab9d-44fa292ed1d5,f0bc9746-bbaf-46f3-9b8b-71eb3819b450,1644072571106,13.4384052,52.4931605,6.0361605,1.3704085,-4.4810815,-4.504113,on bike mount,cyclo cross,True,sett,intermediate
57676c5a-d8bc-477b-9afe-cd54e0534cbf,e4add246-49c0-4d6c-ab9d-44fa292ed1d5,235e872e-d30b-4ea7-9f7d-83da1b692acc,1644072571161,13.4384052,52.4931605,6.0361605,0.5592281,-2.3349042,9.591347,on bike mount,cyclo cross,True,sett,intermediate
57676c5a-d8bc-477b-9afe-cd54e0534cbf,e4add246-49c0-4d6c-ab9d-44fa292ed1d5,f9fdaf4a-ff16-44ec-809e-90c9cd9abd24,1644072571217,13.4384052,52.4931605,6.0361605,0.33372924,2.233302,2.1865578,on bike mount,cyclo cross,True,sett,intermediate
57676c5a-d8bc-477b-9afe-cd54e0534cbf,e4add246-49c0-4d6c-ab9d-44fa292ed1d5,6655413c-272c-432d-a027-4b412510dd7d,1644072571272,13.4384052,52.4931605,6.0361605,-1.1571078,3.3014545,0.098254204,on bike mount,cyclo cross,True,sett,intermediate
57676c5a-d8bc-477b-9afe-cd54e0534cbf,e4add246-49c0-4d6c-ab9d-44fa292ed1d5,a93596d7-684a-480a-aed2-47364789a7a3,1644072571327,13.4384052,52.4931605,6.0361605,-0.2941693,-7.513221,3.78728,on bike mount,cyclo cross,True,sett,intermediate
57676c5a-d8bc-477b-9afe-cd54e0534cbf,e4add246-49c0-4d6c-ab9d-44fa292ed1d5,ffec76a0-2eb3-422c-96dc-3f5e9d02c3bf,1644072571382,13.4384052,52.4931605,6.0361605,0.23657703,1.2910428,3.8977928,on bike mount,cyclo cross,True,sett,intermediate
57676c5a-d8bc-477b-9afe-cd54e0534cbf,e4add246-49c0-4d6c-ab9d-44fa292ed1d5,e51736a8-3903-4764-93b0-794964878f41,1644072571438,13.4384052,52.4931605,6.0361605,1.07601,3.681531,1.3055992,on bike mount,cyclo cross,True,sett,intermediate
57676c5a-d8bc-477b-9afe-cd54e0534cbf,e4add246-49c0-4d6c-ab9d-44fa292ed1d5,1aabc284-cb56-43c6-ab2c-b90981561212,1644072571493,13.4384974,52.4931388,6.0078397,1.6711231,1.7532845,-0.3693266,on bike mount,cyclo cross,True,sett,intermediate
57676c5a-d8bc-477b-9afe-cd54e0534cbf,e4add246-49c0-4d6c-ab9d-44fa292ed1d5,c18e8f42-0260-44f9-a0bc-cfccfad9a19c,1644072571550,13.4384974,52.4931388,6.0078397,-0.68273216,-1.8169814,7.234562,on bike mount,cyclo cross,True,sett,intermediate
57676c5a-d8bc-477b-9afe-cd54e0534cbf,e4add246-49c0-4d6c-ab9d-44fa292ed1d5,0bd58437-aee1-4b83-878d-41f0e7af90d9,1644072571605,13.4384974,52.4931388,6.0078397,-0.77463794,3.7134,-0.7078619,on bike mount,cyclo cross,True,sett,intermediate
57676c5a-d8bc-477b-9afe-cd54e0534cbf,e4add246-49c0-4d6c-ab9d-44fa292ed1d5,7488b8ea-0679-4607-bdd9-5b11f9a7c865,1644072571661,13.4384974,52.4931388,6.0078397,-0.105480194,-0.083063126,7.689377,on bike mount,cyclo cross,True,sett,intermediate
57676c5a-d8bc-477b-9afe-cd54e0534cbf,e4add246-49c0-4d6c-ab9d-44fa292ed1d5,6c1dd70f-f4ff-4d7f-87ea-d86522acbb4d,1644072571716,13.4384974,52.4931388,6.0078397,0.6429237,-5.3078485,2.455965,on bike mount,cyclo cross,True,sett,intermediate
57676c5a-d8bc-477b-9afe-cd54e0534cbf,e4add246-49c0-4d6c-ab9d-44fa292ed1d5,0b4c805d-71d9-421f-a770-4a394731e2d3,1644072571773,13.4384974,52.4931388,6.0078397,0.084287,-1.3628572,-1.3989978,on bike mount,cyclo cross,True,sett,intermediate
57676c5a-d8bc-477b-9afe-cd54e0534cbf,e4add246-49c0-4d6c-ab9d-44fa292ed1d5,303bd90b-799b-49bc-8441-dde6222ead9e,1644072571827,13.4384974,52.4931388,6.0078397,-1.4116949,5.4855094,2.330039,on bike mount,cyclo cross,True,sett,intermediate
57676c5a-d8bc-477b-9afe-cd54e0534cbf,e4add246-49c0-4d6c-ab9d-44fa292ed1d5,ae4587a0-8138-44c8-91ee-92e7314af603,1644072571883,13.4384974,52.4931388,6.0078397,0.86133164,-0.12535858,-2.1213832,on bike mount,cyclo cross,True,sett,intermediate
57676c5a-d8bc-477b-9afe-cd54e0534cbf,e4add246-49c0-4d6c-ab9d-44fa292ed1d5,e66c9e64-8e8b-4177-ab93-fed593d207c2,1644072571937,13.4384974,52.4931388,6.0078397,0.2073902,-2.7430937,-0.7158079,on bike mount,cyclo cross,True,sett,intermediate
57676c5a-d8bc-477b-9afe-cd54e0534cbf,e4add246-49c0-4d6c-ab9d-44fa292ed1d5,9b96cf24-4635-44da-8b76-74357db51304,1644072571993,13.4384974,52.4931388,6.0078397,-0.9774073,-1.6997607,2.8331652,on bike mount,cyclo cross,True,sett,intermediate
57676c5a-d8bc-477b-9afe-cd54e0534cbf,e4add246-49c0-4d6c-ab9d-44fa292ed1d5,6da8f080-f3e6-4038-b1a2-9e792a28f4c6,1644072572051,13.4384974,52.4931388,6.0078397,1.9330604,0.3680086,-11.814815,on bike mount,cyclo cross,True,sett,intermediate
57676c5a-d8bc-477b-9afe-cd54e0534cbf,e4add246-49c0-4d6c-ab9d-44fa292ed1d5,2ffb11ae-ef07-4105-afd9-e3b67fe36768,1644072572105,13.4384974,52.4931388,6.0078397,1.5164378,1.5763001,3.177596,on bike mount,cyclo cross,True,sett,intermediate
57676c5a-d8bc-477b-9afe-cd54e0534cbf,e4add246-49c0-4d6c-ab9d-44fa292ed1d5,a75b16d5-48a1-4c22-a090-737ec3edbc05,1644072572160,13.4384974,52.4931388,6.0078397,-0.47253937,-2.247474,3.7939425,on bike mount,cyclo cross,True,sett,intermediate
57676c5a-d8bc-477b-9afe-cd54e0534cbf,e4add246-49c0-4d6c-ab9d-44fa292ed1d5,e5183e7d-730c-4945-a223-0b93e4f09067,1644072572211,13.4384974,52.4931388,6.0078397,-0.19604093,0.61840534,-1.3649764,on bike mount,cyclo cross,True,sett,intermediate
57676c5a-d8bc-477b-9afe-cd54e0534cbf,e4add246-49c0-4d6c-ab9d-44fa292ed1d5,34f6b428-facd-4c33-ab25-022e0a631540,1644072572261,13.4384974,52.4931388,6.0078397,1.3282567,1.9113784,-2.706276,on bike mount,cyclo cross,True,sett,intermediate
57676c5a-d8bc-477b-9afe-cd54e0534cbf,e4add246-49c0-4d6c-ab9d-44fa292ed1d5,54329ff8-b8ab-4b0f-ae80-4368b7080f1e,1644072572315,13.4384974,52.4931388,6.0078397,1.0725209,0.17139006,-7.4879274,on bike mount,cyclo cross,True,sett,intermediate
57676c5a-d8bc-477b-9afe-cd54e0534cbf,e4add246-49c0-4d6c-ab9d-44fa292ed1d5,a3107a28-1b97-49e9-8258-af411fc092e1,1644072572372,13.4384974,52.4931388,6.0078397,1.238168,3.5886002,-6.122402,on bike mount,cyclo cross,True,sett,intermediate
57676c5a-d8bc-477b-9afe-cd54e0534cbf,e4add246-49c0-4d6c-ab9d-44fa292ed1d5,1dffd6c9-b9d7-48e2-9b02-ab2bf4597ae5,1644072572427,13.4384974,52.4931388,6.0078397,-1.6443641,-4.701492,6.6091995,on bike mount,cyclo cross,True,sett,intermediate
57676c5a-d8bc-477b-9afe-cd54e0534cbf,e4add246-49c0-4d6c-ab9d-44fa292ed1d5,80b096df-5f78-4147-a4b4-01b0f46abfdb,1644072572483,13.4385862,52.4931167,5.97618,-0.44995236,-0.84690714,-3.6612425,on bike mount,cyclo cross,True,sett,intermediate
57676c5a-d8bc-477b-9afe-cd54e0534cbf,e4add246-49c0-4d6c-ab9d-44fa292ed1d5,06df6b42-eb45-4b37-a93e-4f69c6e86c73,1644072572538,13.4385862,52.4931167,5.97618,1.3648107,1.8853383,-6.6382866,on bike mount,cyclo cross,True,sett,intermediate
57676c5a-d8bc-477b-9afe-cd54e0534cbf,e4add246-49c0-4d6c-ab9d-44fa292ed1d5,e0b7b406-2523-4149-b3f3-8a6eb32cabc8,1644072572593,13.4385862,52.4931167,5.97618,-1.4107958,-4.352006,6.514784,on bike mount,cyclo cross,True,sett,intermediate
57676c5a-d8bc-477b-9afe-cd54e0534cbf,e4add246-49c0-4d6c-ab9d-44fa292ed1d5,cb3df881-eb4e-4787-9044-932092c5c5d1,1644072572649,13.4385862,52.4931167,5.97618,-2.0821893,2.3764591,-1.1102514,on bike mount,cyclo cross,True,sett,intermediate
57676c5a-d8bc-477b-9afe-cd54e0534cbf,e4add246-49c0-4d6c-ab9d-44fa292ed1d5,87b29bbd-2294-48b9-abd8-4b248561e1cb,1644072572704,13.4385862,52.4931167,5.97618,0.8551984,1.6244102,-6.341078,on bike mount,cyclo cross,True,sett,intermediate
57676c5a-d8bc-477b-9afe-cd54e0534cbf,e4add246-49c0-4d6c-ab9d-44fa292ed1d5,88d5b36e-a63a-4bea-b5b4-81ca83d12d3d,1644072572759,13.4385862,52.4931167,5.97618,-1.4214296,-5.3161564,8.467253,on bike mount,cyclo cross,True,sett,intermediate
57676c5a-d8bc-477b-9afe-cd54e0534cbf,e4add246-49c0-4d6c-ab9d-44fa292ed1d5,e8f63bac-e462-4580-8106-a63460d73fce,1644072572815,13.4385862,52.4931167,5.97618,-3.2976477,1.6152725,-6.4863195,on bike mount,cyclo cross,True,sett,intermediate
57676c5a-d8bc-477b-9afe-cd54e0534cbf,e4add246-49c0-4d6c-ab9d-44fa292ed1d5,a982074b-e4dc-4e5b-8058-0f38c9d5ddd1,1644072572871,13.4385862,52.4931167,5.97618,1.1820462,1.4048615,-3.214734,on bike mount,cyclo cross,True,sett,intermediate
57676c5a-d8bc-477b-9afe-cd54e0534cbf,e4add246-49c0-4d6c-ab9d-44fa292ed1d5,d19fc6a2-6662-4244-b828-e04d3a0beff2,1644072572926,13.4385862,52.4931167,5.97618,1.1887639,-8.934752,8.014164,on bike mount,cyclo cross,True,sett,intermediate
57676c5a-d8bc-477b-9afe-cd54e0534cbf,e4add246-49c0-4d6c-ab9d-44fa292ed1d5,67325f88-32dc-438b-ac18-8911bd84a0f8,1644072572983,13.4385862,52.4931167,5.97618,0.9482522,3.1423993,-1.8821216,on bike mount,cyclo cross,True,sett,intermediate
57676c5a-d8bc-477b-9afe-cd54e0534cbf,e4add246-49c0-4d6c-ab9d-44fa292ed1d5,17ca3d00-9be4-4752-bbd1-12749a1f9ad5,1644072573037,13.4385862,52.4931167,5.97618,3.2233312,-3.402206,-0.99899864,on bike mount,cyclo cross,True,sett,intermediate
57676c5a-d8bc-477b-9afe-cd54e0534cbf,e4add246-49c0-4d6c-ab9d-44fa292ed1d5,2fcf68a8-8515-4ce5-9361-74cc23ff9f9e,1644072573092,13.4385862,52.4931167,5.97618,-0.46098113,-0.36796808,-4.354139,on bike mount,cyclo cross,True,sett,intermediate
57676c5a-d8bc-477b-9afe-cd54e0534cbf,e4add246-49c0-4d6c-ab9d-44fa292ed1d5,084070e4-442f-47c9-9aca-4995848d78c2,1644072573148,13.4385862,52.4931167,5.97618,-1.9947186,1.3077192,-4.272569,on bike mount,cyclo cross,True,sett,intermediate
57676c5a-d8bc-477b-9afe-cd54e0534cbf,e4add246-49c0-4d6c-ab9d-44fa292ed1d5,fa7ee977-40b9-4037-8d11-012d77485c07,1644072573205,13.4385862,52.4931167,5.97618,-0.9105541,2.2263494,-5.277254,on bike mount,cyclo cross,True,sett,intermediate
57676c5a-d8bc-477b-9afe-cd54e0534cbf,e4add246-49c0-4d6c-ab9d-44fa292ed1d5,b67233ca-e028-402a-b23a-92b1729658fc,1644072573260,13.4385862,52.4931167,5.97618,-1.7410301,-0.16946554,6.478034,on bike mount,cyclo cross,True,sett,intermediate
57676c5a-d8bc-477b-9afe-cd54e0534cbf,e4add246-49c0-4d6c-ab9d-44fa292ed1d5,2da57cd3-de06-41f0-96ce-5e53ab3bdb8b,1644072573315,13.4385862,52.4931167,5.97618,-2.1828337,-2.4976926,-1.559298,on bike mount,cyclo cross,True,sett,intermediate
57676c5a-d8bc-477b-9afe-cd54e0534cbf,e4add246-49c0-4d6c-ab9d-44fa292ed1d5,e6d91aec-7ed2-4035-8eb6-75b62fcfa8f3,1644072573370,13.4385862,52.4931167,5.97618,1.3871225,0.83959055,-2.605626,on bike mount,cyclo cross,True,sett,intermediate
57676c5a-d8bc-477b-9afe-cd54e0534cbf,e4add246-49c0-4d6c-ab9d-44fa292ed1d5,e828ce63-ac09-46e2-bff2-2305c799cff5,1644072573426,13.4385862,52.4931167,5.97618,1.2669826,2.1820903,-6.959454,on bike mount,cyclo cross,True,sett,intermediate
57676c5a-d8bc-477b-9afe-cd54e0534cbf,e4add246-49c0-4d6c-ab9d-44fa292ed1d5,3d4fbafb-e750-407d-bbc5-f75b06711dfa,1644072573484,13.4386725,52.4930951,5.9250646,-0.6497486,-7.0211143,8.791578,on bike mount,cyclo cross,True,sett,intermediate
57676c5a-d8bc-477b-9afe-cd54e0534cbf,e4add246-49c0-4d6c-ab9d-44fa292ed1d5,00b9800d-151e-4706-a74e-1f6c38069f6f,1644072573537,13.4386725,52.4930951,5.9250646,1.3254786,-0.9596741,10.07984,on bike mount,cyclo cross,True,sett,intermediate
57676c5a-d8bc-477b-9afe-cd54e0534cbf,e4add246-49c0-4d6c-ab9d-44fa292ed1d5,918560e6-e0ec-45c3-bb92-528f33376881,1644072573592,13.4386725,52.4930951,5.9250646,-2.5866103,-2.4751027,6.7950277,on bike mount,cyclo cross,True,sett,intermediate
57676c5a-d8bc-477b-9afe-cd54e0534cbf,e4add246-49c0-4d6c-ab9d-44fa292ed1d5,9ac70d3e-b70b-40ba-bdcb-2178966702ab,1644072573649,13.4386725,52.4930951,5.9250646,1.4617602,1.8865833,2.3385258,on bike mount,cyclo cross,True,sett,intermediate
57676c5a-d8bc-477b-9afe-cd54e0534cbf,e4add246-49c0-4d6c-ab9d-44fa292ed1d5,cfcd3d25-d637-4da4-8122-79eb509a0df4,1644072573703,13.4386725,52.4930951,5.9250646,0.489047,-1.401993,-2.9031205,on bike mount,cyclo cross,True,sett,intermediate
57676c5a-d8bc-477b-9afe-cd54e0534cbf,e4add246-49c0-4d6c-ab9d-44fa292ed1d5,fcf947c2-8730-40e0-9449-0ed88ca49a93,1644072573759,13.4386725,52.4930951,5.9250646,-0.057234958,0.42861176,3.8827934,on bike mount,cyclo cross,True,sett,intermediate
57676c5a-d8bc-477b-9afe-cd54e0534cbf,e4add246-49c0-4d6c-ab9d-44fa292ed1d5,b22b1e32-cb3b-4bf4-beb9-3e5b79aa70d2,1644072573815,13.4386725,52.4930951,5.9250646,-1.4302745,5.890938,0.8137474,on bike mount,cyclo cross,True,sett,intermediate
57676c5a-d8bc-477b-9afe-cd54e0534cbf,e4add246-49c0-4d6c-ab9d-44fa292ed1d5,bfed2a41-9918-410b-8f9f-7a92bf5d888b,1644072573871,13.4386725,52.4930951,5.9250646,-0.8827103,-3.6722028,4.5031166,on bike mount,cyclo cross,True,sett,intermediate
57676c5a-d8bc-477b-9afe-cd54e0534cbf,e4add246-49c0-4d6c-ab9d-44fa292ed1d5,72e0bfe3-1aa3-4e9f-9672-cc20142b1ccd,1644072573925,13.4386725,52.4930951,5.9250646,-1.1940296,0.57505846,-5.3450475,on bike mount,cyclo cross,True,sett,intermediate
57676c5a-d8bc-477b-9afe-cd54e0534cbf,e4add246-49c0-4d6c-ab9d-44fa292ed1d5,22508e4d-828b-4901-ae7e-fcd92f7df983,1644072573981,13.4386725,52.4930951,5.9250646,0.29274732,1.713975,-4.7531157,on bike mount,cyclo cross,True,sett,intermediate
57676c5a-d8bc-477b-9afe-cd54e0534cbf,e4add246-49c0-4d6c-ab9d-44fa292ed1d5,d1908f33-a196-474a-b4cf-fe490ce12a5b,1644072574036,13.4386725,52.4930951,5.9250646,-2.7151453,-5.4781632,3.1810236,on bike mount,cyclo cross,True,sett,intermediate
57676c5a-d8bc-477b-9afe-cd54e0534cbf,e4add246-49c0-4d6c-ab9d-44fa292ed1d5,64c5bc89-4223-4f59-9ae6-3e2ce149c4eb,1644072574092,13.4386725,52.4930951,5.9250646,-1.4690919,3.281457,-12.951281,on bike mount,cyclo cross,True,sett,intermediate
57676c5a-d8bc-477b-9afe-cd54e0534cbf,e4add246-49c0-4d6c-ab9d-44fa292ed1d5,aa36d8c9-d79e-4b48-ae6b-3419faa2b3ad,1644072574149,13.4386725,52.4930951,5.9250646,-3.2165651,6.0772295,-14.116577,on bike mount,cyclo cross,True,sett,intermediate
57676c5a-d8bc-477b-9afe-cd54e0534cbf,e4add246-49c0-4d6c-ab9d-44fa292ed1d5,7ca3be48-bb30-4a75-8af7-87babc9b8aa5,1644072574204,13.4386725,52.4930951,5.9250646,-1.2502894,12.836304,0.709589,on bike mount,cyclo cross,True,sett,intermediate
57676c5a-d8bc-477b-9afe-cd54e0534cbf,e4add246-49c0-4d6c-ab9d-44fa292ed1d5,045c67db-a357-4181-921c-be99b69c8c6c,1644072574259,13.4386725,52.4930951,5.9250646,-0.12334067,-6.662002,-10.205778,on bike mount,cyclo cross,True,sett,intermediate
57676c5a-d8bc-477b-9afe-cd54e0534cbf,e4add246-49c0-4d6c-ab9d-44fa292ed1d5,45adbb1c-9832-4d29-898a-80643326630f,1644072574314,13.4386725,52.4930951,5.9250646,3.5994945,-0.1925838,5.423437,on bike mount,cyclo cross,True,sett,intermediate
57676c5a-d8bc-477b-9afe-cd54e0534cbf,e4add246-49c0-4d6c-ab9d-44fa292ed1d5,f66ff945-3418-4e85-9d40-afd31235b7b3,1644072574370,13.4386725,52.4930951,5.9250646,0.49418285,3.1604185,8.408396,on bike mount,cyclo cross,True,sett,intermediate
57676c5a-d8bc-477b-9afe-cd54e0534cbf,e4add246-49c0-4d6c-ab9d-44fa292ed1d5,55958e97-435a-4a77-a1d7-d1a7f162f46b,1644072574426,13.4386725,52.4930951,5.9250646,-2.1270428,-8.666029,2.2801733,on bike mount,cyclo cross,True,sett,intermediate
57676c5a-d8bc-477b-9afe-cd54e0534cbf,e4add246-49c0-4d6c-ab9d-44fa292ed1d5,67835c15-6337-419e-b7e9-493ac44e50c9,1644072574480,13.4387561,52.4930736,5.7743015,2.446563,1.302505,-0.48051167,on bike mount,cyclo cross,True,sett,intermediate
57676c5a-d8bc-477b-9afe-cd54e0534cbf,e4add246-49c0-4d6c-ab9d-44fa292ed1d5,8b0cfc45-0cf0-4ed5-aeb1-16704e21376d,1644072574536,13.4387561,52.4930736,5.7743015,0.6635512,7.923889,-5.1554956,on bike mount,cyclo cross,True,sett,intermediate
57676c5a-d8bc-477b-9afe-cd54e0534cbf,e4add246-49c0-4d6c-ab9d-44fa292ed1d5,4e90706f-a2bc-4eba-999f-8f2591dc30c9,1644072574592,13.4387561,52.4930736,5.7743015,-4.7941256,-4.2122283,8.285015,on bike mount,cyclo cross,True,sett,intermediate
57676c5a-d8bc-477b-9afe-cd54e0534cbf,e4add246-49c0-4d6c-ab9d-44fa292ed1d5,4a502677-f886-4042-a9f9-71d5621c6e87,1644072574647,13.4387561,52.4930736,5.7743015,-2.7360685,-0.32073927,0.24242592,on bike mount,cyclo cross,True,sett,intermediate
57676c5a-d8bc-477b-9afe-cd54e0534cbf,e4add246-49c0-4d6c-ab9d-44fa292ed1d5,4ebe995d-847a-4af4-af53-e2f87fc23331,1644072574704,13.4387561,52.4930736,5.7743015,2.1184824,0.1377244,-0.23777676,on bike mount,cyclo cross,True,sett,intermediate
57676c5a-d8bc-477b-9afe-cd54e0534cbf,e4add246-49c0-4d6c-ab9d-44fa292ed1d5,9f9751ce-09b7-4504-aa36-8ab0ee5d33e1,1644072574759,13.4387561,52.4930736,5.7743015,0.25387937,-1.9966899,-0.5758767,on bike mount,cyclo cross,True,sett,intermediate
57676c5a-d8bc-477b-9afe-cd54e0534cbf,e4add246-49c0-4d6c-ab9d-44fa292ed1d5,a144532a-23eb-46de-8906-0afb2c2720c7,1644072574815,13.4387561,52.4930736,5.7743015,-1.3883381,3.0339594,-6.093659,on bike mount,cyclo cross,True,sett,intermediate
57676c5a-d8bc-477b-9afe-cd54e0534cbf,6f6e8f78-6129-400b-9439-98699213b28d,19a4f069-94ab-49a0-bd11-acca2940ea58,1644072572106,13.4384974,52.4931388,6.0078397,1.5164378,1.5763001,3.177596,on bike mount,cyclo cross,True,sett,intermediate
57676c5a-d8bc-477b-9afe-cd54e0534cbf,6f6e8f78-6129-400b-9439-98699213b28d,7a6f0802-2aa3-4e85-87d3-38aaa6f73ece,1644072572160,13.4384974,52.4931388,6.0078397,-0.47253937,-2.247474,3.7939425,on bike mount,cyclo cross,True,sett,intermediate
57676c5a-d8bc-477b-9afe-cd54e0534cbf,6f6e8f78-6129-400b-9439-98699213b28d,e8315336-b90e-44c3-8b06-2ae57e27af5e,1644072572213,13.4384974,52.4931388,6.0078397,-0.13676782,2.4411507,5.679926,on bike mount,cyclo cross,True,sett,intermediate
57676c5a-d8bc-477b-9afe-cd54e0534cbf,6f6e8f78-6129-400b-9439-98699213b28d,d318155e-3a4a-45f0-a135-411184e3b43a,1644072572271,13.4384974,52.4931388,6.0078397,-0.67211854,-7.8144526,4.2522974,on bike mount,cyclo cross,True,sett,intermediate
57676c5a-d8bc-477b-9afe-cd54e0534cbf,6f6e8f78-6129-400b-9439-98699213b28d,c5d6006d-726c-4dcc-9c53-09836fee838d,1644072572329,13.4384974,52.4931388,6.0078397,0.7618944,1.1465735,-5.0337214,on bike mount,cyclo cross,True,sett,intermediate
57676c5a-d8bc-477b-9afe-cd54e0534cbf,6f6e8f78-6129-400b-9439-98699213b28d,c310800b-6abd-43d2-afaf-93f1e0d3eced,1644072572382,13.4384974,52.4931388,6.0078397,-1.012679,4.4179006,2.643797,on bike mount,cyclo cross,True,sett,intermediate
57676c5a-d8bc-477b-9afe-cd54e0534cbf,6f6e8f78-6129-400b-9439-98699213b28d,d870a84c-0e77-4fc7-a875-4b6d545e2997,1644072572438,13.4384974,52.4931388,6.0078397,-0.101277485,3.0967083,-0.24555969,on bike mount,cyclo cross,True,sett,intermediate
57676c5a-d8bc-477b-9afe-cd54e0534cbf,6f6e8f78-6129-400b-9439-98699213b28d,a39ea3e0-0a60-49d8-8b1b-b10231d983cd,1644072572493,13.4385862,52.4931167,5.97618,0.25738496,-0.8378508,6.1282167,on bike mount,cyclo cross,True,sett,intermediate
57676c5a-d8bc-477b-9afe-cd54e0534cbf,6f6e8f78-6129-400b-9439-98699213b28d,a68a5362-32e6-41ff-92cb-b242297ee552,1644072572549,13.4385862,52.4931167,5.97618,0.39366686,-0.82886696,-2.1034913,on bike mount,cyclo cross,True,sett,intermediate
57676c5a-d8bc-477b-9afe-cd54e0534cbf,6f6e8f78-6129-400b-9439-98699213b28d,15d9d087-d820-4a6a-99e5-e247b8992822,1644072572604,13.4385862,52.4931167,5.97618,-0.087978914,-0.42334318,-1.089592,on bike mount,cyclo cross,True,sett,intermediate
57676c5a-d8bc-477b-9afe-cd54e0534cbf,6f6e8f78-6129-400b-9439-98699213b28d,c7fe8cec-61d2-444d-b7aa-e8f32db88b94,1644072572660,13.4385862,52.4931167,5.97618,-1.819579,-1.3487818,3.176054,on bike mount,cyclo cross,True,sett,intermediate
57676c5a-d8bc-477b-9afe-cd54e0534cbf,6f6e8f78-6129-400b-9439-98699213b28d,2ab388d5-e34e-45a9-9628-2fb18a371153,1644072572715,13.4385862,52.4931167,5.97618,-1.6018488,2.032957,0.56744957,on bike mount,cyclo cross,True,sett,intermediate
57676c5a-d8bc-477b-9afe-cd54e0534cbf,6f6e8f78-6129-400b-9439-98699213b28d,92ed40c3-7737-45de-87d1-93c87d7636a2,1644072572772,13.4385862,52.4931167,5.97618,1.2986785,7.0042253,-13.890007,on bike mount,cyclo cross,True,sett,intermediate
57676c5a-d8bc-477b-9afe-cd54e0534cbf,6f6e8f78-6129-400b-9439-98699213b28d,e82c069f-573a-4253-b150-1025c024983f,1644072572826,13.4385862,52.4931167,5.97618,3.7668133,2.6941118,6.414613,on bike mount,cyclo cross,True,sett,intermediate
57676c5a-d8bc-477b-9afe-cd54e0534cbf,6f6e8f78-6129-400b-9439-98699213b28d,a644cb79-9775-4ced-aac9-bcce2787a6e2,1644072572883,13.4385862,52.4931167,5.97618,-3.778044,-5.314266,1.1662283,on bike mount,cyclo cross,True,sett,intermediate
57676c5a-d8bc-477b-9afe-cd54e0534cbf,6f6e8f78-6129-400b-9439-98699213b28d,5444c993-266b-4b2e-83c1-93a72ed0c600,1644072572939,13.4385862,52.4931167,5.97618,-1.569819,-2.1437273,2.2002716,on bike mount,cyclo cross,True,sett,intermediate
57676c5a-d8bc-477b-9afe-cd54e0534cbf,6f6e8f78-6129-400b-9439-98699213b28d,ff404d6c-276a-421a-ae75-126b2239a3bf,1644072572994,13.4385862,52.4931167,5.97618,-0.06311378,-9.070505,6.338579,on bike mount,cyclo cross,True,sett,intermediate
57676c5a-d8bc-477b-9afe-cd54e0534cbf,6f6e8f78-6129-400b-9439-98699213b28d,7e7bb85b-ceaf-4c14-a61f-966a59aa5718,1644072573048,13.4385862,52.4931167,5.97618,0.16214985,-0.52324796,-0.33251858,on bike mount,cyclo cross,True,sett,intermediate
57676c5a-d8bc-477b-9afe-cd54e0534cbf,6f6e8f78-6129-400b-9439-98699213b28d,e269183b-3dfb-4bf6-94dd-7f9beae05682,1644072573104,13.4385862,52.4931167,5.97618,-0.54261756,-0.33558297,-2.8470497,on bike mount,cyclo cross,True,sett,intermediate
57676c5a-d8bc-477b-9afe-cd54e0534cbf,6f6e8f78-6129-400b-9439-98699213b28d,426362c7-ce35-45a7-8983-097fe0879374,1644072573159,13.4385862,52.4931167,5.97618,-0.37008226,-5.4159727,2.1828928,on bike mount,cyclo cross,True,sett,intermediate
57676c5a-d8bc-477b-9afe-cd54e0534cbf,6f6e8f78-6129-400b-9439-98699213b28d,60fd58ff-db41-4291-8e7e-2f4163ab282d,1644072573214,13.4385862,52.4931167,5.97618,-2.080247,4.858179,1.9256983,on bike mount,cyclo cross,True,sett,intermediate
57676c5a-d8bc-477b-9afe-cd54e0534cbf,6f6e8f78-6129-400b-9439-98699213b28d,87fa05c2-5923-45cd-bffd-6c37719dff25,1644072573270,13.4385862,52.4931167,5.97618,2.421542,-0.610826,-7.5694127,on bike mount,cyclo cross,True,sett,intermediate
57676c5a-d8bc-477b-9afe-cd54e0534cbf,6f6e8f78-6129-400b-9439-98699213b28d,fe1bac07-6f5a-43bb-8e56-f2afb605e418,1644072573325,13.4385862,52.4931167,5.97618,-0.67959696,-2.152298,1.1856813,on bike mount,cyclo cross,True,sett,intermediate
57676c5a-d8bc-477b-9afe-cd54e0534cbf,6f6e8f78-6129-400b-9439-98699213b28d,18cddd4b-947e-4457-add9-36dc6a575880,1644072573382,13.4385862,52.4931167,5.97618,-1.4092398,0.8069782,-1.5303216,on bike mount,cyclo cross,True,sett,intermediate
57676c5a-d8bc-477b-9afe-cd54e0534cbf,6f6e8f78-6129-400b-9439-98699213b28d,e627133a-be65-43ac-ad8b-63cd8fff63a5,1644072573438,13.4385862,52.4931167,5.97618,-1.1637714,4.309536,-4.1269727,on bike mount,cyclo cross,True,sett,intermediate
