bike_activity_uid,bike_activity_sample_uid,bike_activity_measurement,bike_activity_measurement_timestamp,bike_activity_measurement_lon,bike_activity_measurement_lat,bike_activity_measurement_speed,bike_activity_measurement_accelerometer_x,bike_activity_measurement_accelerometer_y,bike_activity_measurement_accelerometer_z,bike_activity_phone_position,bike_activity_bike_type,bike_activity_flagged_lab_conditions,bike_activity_surface_type,bike_activity_smoothness_type
66691eed-5d7c-461a-aa3e-e36681782016,7348c99b-1988-4715-bbf7-fe3031c33e58,f94c7a92-b331-4713-8d72-9ab282392d10,1644074308711,13.4320855,52.4950495,5.086028,-1.4539816,2.5249472,1.1345387,on bike mount,cyclo cross,True,sett,intermediate
66691eed-5d7c-461a-aa3e-e36681782016,7348c99b-1988-4715-bbf7-fe3031c33e58,7316727f-2727-4a16-bab3-000d07879497,1644074308767,13.4320855,52.4950495,5.086028,-0.34353203,4.7447557,-2.36309,on bike mount,cyclo cross,True,sett,intermediate
66691eed-5d7c-461a-aa3e-e36681782016,7348c99b-1988-4715-bbf7-fe3031c33e58,6e782e62-0c54-4f26-a357-8d4023d158c5,1644074308822,13.4320855,52.4950495,5.086028,-2.5024078,-0.741488,3.3461857,on bike mount,cyclo cross,True,sett,intermediate
66691eed-5d7c-461a-aa3e-e36681782016,7348c99b-1988-4715-bbf7-fe3031c33e58,bd7441b9-5747-4bda-aad3-dae477c61e64,1644074308878,13.4320855,52.4950495,5.086028,-2.9205103,9.648219,-18.40068,on bike mount,cyclo cross,True,sett,intermediate
66691eed-5d7c-461a-aa3e-e36681782016,7348c99b-1988-4715-bbf7-fe3031c33e58,b88e75cd-bc44-4c7a-bd83-11add61329aa,1644074308932,13.4320855,52.4950495,5.086028,-0.8380928,2.5020761,-2.6439216,on bike mount,cyclo cross,True,sett,intermediate
66691eed-5d7c-461a-aa3e-e36681782016,7348c99b-1988-4715-bbf7-fe3031c33e58,b57cd0cf-20d7-46a1-91f2-7e45137a8e4f,1644074308989,13.4320855,52.4950495,5.086028,-2.6600876,-1.0661938,-7.289818,on bike mount,cyclo cross,True,sett,intermediate
66691eed-5d7c-461a-aa3e-e36681782016,7348c99b-1988-4715-bbf7-fe3031c33e58,8ae66350-237b-4972-bffa-e32d004a50c5,1644074309045,13.4320855,52.4950495,5.086028,0.20218751,-1.7199311,6.4447308,on bike mount,cyclo cross,True,sett,intermediate
66691eed-5d7c-461a-aa3e-e36681782016,7348c99b-1988-4715-bbf7-fe3031c33e58,ff9f5e0c-3400-4cbc-b356-57de6d917d78,1644074309100,13.4320855,52.4950495,5.086028,-0.85038626,3.953939,-8.486225,on bike mount,cyclo cross,True,sett,intermediate
66691eed-5d7c-461a-aa3e-e36681782016,7348c99b-1988-4715-bbf7-fe3031c33e58,d6204647-1b8e-4252-ad35-d4e7ffd29299,1644074309156,13.4320855,52.4950495,5.086028,-0.8372351,-12.101145,0.482749,on bike mount,cyclo cross,True,sett,intermediate
66691eed-5d7c-461a-aa3e-e36681782016,7348c99b-1988-4715-bbf7-fe3031c33e58,efab9be9-1089-4498-ba84-ff9d5411de1b,1644074309210,13.4320855,52.4950495,5.086028,0.31213918,0.6868763,-9.900336,on bike mount,cyclo cross,True,sett,intermediate
66691eed-5d7c-461a-aa3e-e36681782016,7348c99b-1988-4715-bbf7-fe3031c33e58,566657e4-9cd6-4c28-9a46-69d9563946b1,1644074309269,13.4320855,52.4950495,5.086028,-1.1058322,-5.3650174,0.5574007,on bike mount,cyclo cross,True,sett,intermediate
66691eed-5d7c-461a-aa3e-e36681782016,7348c99b-1988-4715-bbf7-fe3031c33e58,4ccad08c-096d-4bcb-b87c-35443c366b9b,1644074309322,13.4320855,52.4950495,5.086028,2.948671,-9.131966,1.7176247,on bike mount,cyclo cross,True,sett,intermediate
66691eed-5d7c-461a-aa3e-e36681782016,7348c99b-1988-4715-bbf7-fe3031c33e58,31d8aae2-fe0d-4d94-8156-9256eeda9320,1644074309381,13.4320855,52.4950495,5.086028,-0.4918461,0.38436413,-0.7252989,on bike mount,cyclo cross,True,sett,intermediate
66691eed-5d7c-461a-aa3e-e36681782016,7348c99b-1988-4715-bbf7-fe3031c33e58,19793f68-ac1b-42d2-bc86-141418337f96,1644074309434,13.4320855,52.4950495,5.086028,0.2601863,-11.218733,15.632063,on bike mount,cyclo cross,True,sett,intermediate
66691eed-5d7c-461a-aa3e-e36681782016,7348c99b-1988-4715-bbf7-fe3031c33e58,f8e78ed7-bcdb-45ad-bfe4-a63d0194bd3e,1644074309488,13.4320855,52.4950495,5.086028,3.2729485,1.8389082,1.4990444,on bike mount,cyclo cross,True,sett,intermediate
66691eed-5d7c-461a-aa3e-e36681782016,7348c99b-1988-4715-bbf7-fe3031c33e58,965255f4-e1be-4759-bdce-85969438e17b,1644074309544,13.4320085,52.4950748,5.2098875,0.18765512,3.3414521,12.738903,on bike mount,cyclo cross,True,sett,intermediate
66691eed-5d7c-461a-aa3e-e36681782016,7348c99b-1988-4715-bbf7-fe3031c33e58,d2a28595-2970-42f5-ad5b-99dd4d2a6d26,1644074309601,13.4320085,52.4950748,5.2098875,-0.21872127,2.0611959,0.15035343,on bike mount,cyclo cross,True,sett,intermediate
66691eed-5d7c-461a-aa3e-e36681782016,7348c99b-1988-4715-bbf7-fe3031c33e58,de6916ed-2c58-4dd0-9e44-84e935f2564a,1644074309657,13.4320085,52.4950748,5.2098875,-0.8798381,12.632755,-6.3918104,on bike mount,cyclo cross,True,sett,intermediate
66691eed-5d7c-461a-aa3e-e36681782016,7348c99b-1988-4715-bbf7-fe3031c33e58,2ca23f4e-6be3-44ce-ac0a-37a85f007db0,1644074309712,13.4320085,52.4950748,5.2098875,-2.362604,-3.5928175,-0.6517396,on bike mount,cyclo cross,True,sett,intermediate
66691eed-5d7c-461a-aa3e-e36681782016,7348c99b-1988-4715-bbf7-fe3031c33e58,84e80ff2-6f9a-4a0e-97e3-754be8da46c9,1644074309770,13.4320085,52.4950748,5.2098875,2.491125,-9.086599,-6.939269,on bike mount,cyclo cross,True,sett,intermediate
66691eed-5d7c-461a-aa3e-e36681782016,7348c99b-1988-4715-bbf7-fe3031c33e58,18feda8a-403f-4654-85f9-9c6b07caa6ef,1644074309823,13.4320085,52.4950748,5.2098875,-2.061695,3.4486566,-3.3484616,on bike mount,cyclo cross,True,sett,intermediate
66691eed-5d7c-461a-aa3e-e36681782016,7348c99b-1988-4715-bbf7-fe3031c33e58,19d0b447-952d-42ae-bec0-77e9c8db7b41,1644074309877,13.4320085,52.4950748,5.2098875,-0.3649497,5.17213,0.560771,on bike mount,cyclo cross,True,sett,intermediate
66691eed-5d7c-461a-aa3e-e36681782016,7348c99b-1988-4715-bbf7-fe3031c33e58,c093ce98-2c3e-4f83-a8a7-b355db5f9d9a,1644074309933,13.4320085,52.4950748,5.2098875,-0.016618133,-5.7795715,9.28439,on bike mount,cyclo cross,True,sett,intermediate
66691eed-5d7c-461a-aa3e-e36681782016,7348c99b-1988-4715-bbf7-fe3031c33e58,82986209-87e2-4294-98e3-df38f9929592,1644074309989,13.4320085,52.4950748,5.2098875,-0.44124377,-12.755196,1.6390114,on bike mount,cyclo cross,True,sett,intermediate
66691eed-5d7c-461a-aa3e-e36681782016,7348c99b-1988-4715-bbf7-fe3031c33e58,6b168ac6-b6eb-4871-9002-70aa9f101942,1644074310046,13.4320085,52.4950748,5.2098875,3.272286,2.7031193,1.5197873,on bike mount,cyclo cross,True,sett,intermediate
66691eed-5d7c-461a-aa3e-e36681782016,7348c99b-1988-4715-bbf7-fe3031c33e58,a8b0c768-854f-40cf-b378-9d4ff9423017,1644074310099,13.4320085,52.4950748,5.2098875,2.9370189,7.1776896,10.563623,on bike mount,cyclo cross,True,sett,intermediate
66691eed-5d7c-461a-aa3e-e36681782016,7348c99b-1988-4715-bbf7-fe3031c33e58,c0fd21b9-e1d8-4d68-9eb8-b3abf54df77a,1644074310156,13.4320085,52.4950748,5.2098875,0.6495012,2.6824808,4.962408,on bike mount,cyclo cross,True,sett,intermediate
66691eed-5d7c-461a-aa3e-e36681782016,7348c99b-1988-4715-bbf7-fe3031c33e58,4a8c653e-4edc-4d65-9db1-786352fd5127,1644074310212,13.4320085,52.4950748,5.2098875,2.7906265,10.430293,-5.371417,on bike mount,cyclo cross,True,sett,intermediate
66691eed-5d7c-461a-aa3e-e36681782016,7348c99b-1988-4715-bbf7-fe3031c33e58,50264bc0-5a41-43fd-b8f4-9044b4b7d0f3,1644074310267,13.4320085,52.4950748,5.2098875,-5.5362415,1.5372043,6.4044266,on bike mount,cyclo cross,True,sett,intermediate
66691eed-5d7c-461a-aa3e-e36681782016,7348c99b-1988-4715-bbf7-fe3031c33e58,b0a9c6b4-c930-4b61-a372-2d962009a0d6,1644074310323,13.4320085,52.4950748,5.2098875,-4.0387416,2.7867527,-1.301414,on bike mount,cyclo cross,True,sett,intermediate
66691eed-5d7c-461a-aa3e-e36681782016,7348c99b-1988-4715-bbf7-fe3031c33e58,4c40e04b-87c0-4943-b03c-9ef42cc23b11,1644074310377,13.4320085,52.4950748,5.2098875,0.53221744,3.0220404,-3.0505114,on bike mount,cyclo cross,True,sett,intermediate
66691eed-5d7c-461a-aa3e-e36681782016,7348c99b-1988-4715-bbf7-fe3031c33e58,0bec464c-7452-4bef-98bb-1d35c83be557,1644074310433,13.4320085,52.4950748,5.2098875,-0.77824694,-4.275734,5.1404667,on bike mount,cyclo cross,True,sett,intermediate
66691eed-5d7c-461a-aa3e-e36681782016,7348c99b-1988-4715-bbf7-fe3031c33e58,a324ed8c-8dac-4e7b-a878-583325c38970,1644074310492,13.4320085,52.4950748,5.2098875,-0.42897755,-8.204983,-4.977556,on bike mount,cyclo cross,True,sett,intermediate
66691eed-5d7c-461a-aa3e-e36681782016,7348c99b-1988-4715-bbf7-fe3031c33e58,e1b0a39f-7c33-41bd-a42c-b50bdb980990,1644074310544,13.4319311,52.4951007,5.310746,0.27016807,-1.095669,-8.141081,on bike mount,cyclo cross,True,sett,intermediate
66691eed-5d7c-461a-aa3e-e36681782016,7348c99b-1988-4715-bbf7-fe3031c33e58,da334460-2115-4c88-9ff5-49cb8eedd9b0,1644074310600,13.4319311,52.4951007,5.310746,-0.94012403,16.028572,-7.1442876,on bike mount,cyclo cross,True,sett,intermediate
66691eed-5d7c-461a-aa3e-e36681782016,7348c99b-1988-4715-bbf7-fe3031c33e58,1d1bee9b-b63f-4231-b093-83b8cb75bde7,1644074310656,13.4319311,52.4951007,5.310746,0.14004089,23.794207,-13.4574375,on bike mount,cyclo cross,True,sett,intermediate
66691eed-5d7c-461a-aa3e-e36681782016,7348c99b-1988-4715-bbf7-fe3031c33e58,0feba349-6858-4a04-863e-4b99ee507f6c,1644074310711,13.4319311,52.4951007,5.310746,-0.6618133,0.09849262,-7.25083,on bike mount,cyclo cross,True,sett,intermediate
66691eed-5d7c-461a-aa3e-e36681782016,7348c99b-1988-4715-bbf7-fe3031c33e58,ffb55bde-669f-41af-a054-496c76d95519,1644074310766,13.4319311,52.4951007,5.310746,-5.7151737,-13.956566,19.94867,on bike mount,cyclo cross,True,sett,intermediate
66691eed-5d7c-461a-aa3e-e36681782016,7348c99b-1988-4715-bbf7-fe3031c33e58,156c5c0f-e621-4b51-89ff-278811f91760,1644074310823,13.4319311,52.4951007,5.310746,-3.1194234,-15.077985,22.268005,on bike mount,cyclo cross,True,sett,intermediate
66691eed-5d7c-461a-aa3e-e36681782016,7348c99b-1988-4715-bbf7-fe3031c33e58,9f362f73-9454-4ef5-b48b-c1a71195c65f,1644074310877,13.4319311,52.4951007,5.310746,1.5223825,3.0560822,-11.223192,on bike mount,cyclo cross,True,sett,intermediate
66691eed-5d7c-461a-aa3e-e36681782016,7348c99b-1988-4715-bbf7-fe3031c33e58,00677262-a7f6-4f90-a4ff-2f5fce697a15,1644074310934,13.4319311,52.4951007,5.310746,-0.5567771,-2.945662,0.48378944,on bike mount,cyclo cross,True,sett,intermediate
66691eed-5d7c-461a-aa3e-e36681782016,7348c99b-1988-4715-bbf7-fe3031c33e58,b0dff86f-030f-45cb-9899-085c19a6778f,1644074310989,13.4319311,52.4951007,5.310746,0.24359639,-11.472632,-16.796541,on bike mount,cyclo cross,True,sett,intermediate
66691eed-5d7c-461a-aa3e-e36681782016,7348c99b-1988-4715-bbf7-fe3031c33e58,eb035970-bfe8-4a31-ad4b-3baebfba41ce,1644074311045,13.4319311,52.4951007,5.310746,-2.7883825,-7.9896584,-3.7304711,on bike mount,cyclo cross,True,sett,intermediate
66691eed-5d7c-461a-aa3e-e36681782016,7348c99b-1988-4715-bbf7-fe3031c33e58,4fcffb84-9d31-46d1-91a6-e15c43c0c7e3,1644074311104,13.4319311,52.4951007,5.310746,3.3279746,-10.954994,18.246964,on bike mount,cyclo cross,True,sett,intermediate
66691eed-5d7c-461a-aa3e-e36681782016,7348c99b-1988-4715-bbf7-fe3031c33e58,2db07801-f14c-48e7-be78-4afddaa4fb16,1644074311155,13.4319311,52.4951007,5.310746,-4.3646255,-2.552047,1.3625498,on bike mount,cyclo cross,True,sett,intermediate
66691eed-5d7c-461a-aa3e-e36681782016,7348c99b-1988-4715-bbf7-fe3031c33e58,9a0c5ea5-7c15-4bbc-aba9-6accbdbc2a7c,1644074311211,13.4319311,52.4951007,5.310746,-3.9903398,0.48598528,3.168305,on bike mount,cyclo cross,True,sett,intermediate
66691eed-5d7c-461a-aa3e-e36681782016,7348c99b-1988-4715-bbf7-fe3031c33e58,3b307042-a248-4b70-b50a-413f7d279472,1644074311267,13.4319311,52.4951007,5.310746,-0.08224628,-5.663726,-3.699367,on bike mount,cyclo cross,True,sett,intermediate
66691eed-5d7c-461a-aa3e-e36681782016,7348c99b-1988-4715-bbf7-fe3031c33e58,b0887931-72d8-4734-9b4c-992f09fd1562,1644074311321,13.4319311,52.4951007,5.310746,-3.237349,-20.620335,0.8744097,on bike mount,cyclo cross,True,sett,intermediate
66691eed-5d7c-461a-aa3e-e36681782016,7348c99b-1988-4715-bbf7-fe3031c33e58,b56d1818-42d6-4266-93e9-9df9565f868f,1644074311378,13.4319311,52.4951007,5.310746,1.0115372,-4.041048,3.551508,on bike mount,cyclo cross,True,sett,intermediate
66691eed-5d7c-461a-aa3e-e36681782016,7348c99b-1988-4715-bbf7-fe3031c33e58,218ca4d2-cad4-4d7d-b7de-b1c9cd3c6f3c,1644074311434,13.4319311,52.4951007,5.310746,-0.56646186,-13.499483,0.6975813,on bike mount,cyclo cross,True,sett,intermediate
66691eed-5d7c-461a-aa3e-e36681782016,7348c99b-1988-4715-bbf7-fe3031c33e58,13a952ae-44c6-47f4-965e-19ef69d5dc62,1644074311491,13.4319311,52.4951007,5.310746,-2.593064,12.479152,-2.395404,on bike mount,cyclo cross,True,sett,intermediate
66691eed-5d7c-461a-aa3e-e36681782016,7348c99b-1988-4715-bbf7-fe3031c33e58,911b3ac6-9955-420c-8721-d42c279b3d99,1644074311544,13.4318544,52.495129,5.354282,1.7026587,6.9950285,-9.457472,on bike mount,cyclo cross,True,sett,intermediate
66691eed-5d7c-461a-aa3e-e36681782016,7348c99b-1988-4715-bbf7-fe3031c33e58,ae2409f3-d9c9-4360-b0b2-cddebf6cd9d1,1644074311601,13.4318544,52.495129,5.354282,1.5438113,-31.350357,19.131245,on bike mount,cyclo cross,True,sett,intermediate
66691eed-5d7c-461a-aa3e-e36681782016,7348c99b-1988-4715-bbf7-fe3031c33e58,2698fc3e-1b40-4a37-8e28-44fcbf59ee99,1644074311655,13.4318544,52.495129,5.354282,1.6713024,3.146243,8.794794,on bike mount,cyclo cross,True,sett,intermediate
66691eed-5d7c-461a-aa3e-e36681782016,7348c99b-1988-4715-bbf7-fe3031c33e58,33c951d5-5e4d-41d1-b2a9-cb6c14527bc1,1644074311710,13.4318544,52.495129,5.354282,-3.136689,-3.8258774,-0.3998003,on bike mount,cyclo cross,True,sett,intermediate
66691eed-5d7c-461a-aa3e-e36681782016,7348c99b-1988-4715-bbf7-fe3031c33e58,b7cd5064-1e37-4d44-be47-e9637b636f1e,1644074311767,13.4318544,52.495129,5.354282,-2.033812,4.1033716,-7.501349,on bike mount,cyclo cross,True,sett,intermediate
66691eed-5d7c-461a-aa3e-e36681782016,7348c99b-1988-4715-bbf7-fe3031c33e58,65919fcf-36ba-43ba-93ca-0ec2b928baa0,1644074311822,13.4318544,52.495129,5.354282,-0.52020735,-8.41769,13.590366,on bike mount,cyclo cross,True,sett,intermediate
66691eed-5d7c-461a-aa3e-e36681782016,7348c99b-1988-4715-bbf7-fe3031c33e58,1bdc462a-b014-4cc6-8dcc-ff36d46eb142,1644074311877,13.4318544,52.495129,5.354282,3.8115864,0.5700855,-8.389772,on bike mount,cyclo cross,True,sett,intermediate
66691eed-5d7c-461a-aa3e-e36681782016,7348c99b-1988-4715-bbf7-fe3031c33e58,d5602638-f2e3-4abe-a40e-86643f3d8900,1644074311934,13.4318544,52.495129,5.354282,-0.92174244,-4.384904,-12.612424,on bike mount,cyclo cross,True,sett,intermediate
66691eed-5d7c-461a-aa3e-e36681782016,7348c99b-1988-4715-bbf7-fe3031c33e58,1fc71414-c2e4-4e1b-9ad6-debd08d3a267,1644074311989,13.4318544,52.495129,5.354282,-1.2620096,2.2588615,-6.7410684,on bike mount,cyclo cross,True,sett,intermediate
66691eed-5d7c-461a-aa3e-e36681782016,7348c99b-1988-4715-bbf7-fe3031c33e58,db1fd65a-8332-4391-a60d-7f64c4d2e3de,1644074312045,13.4318544,52.495129,5.354282,-1.9272196,10.414675,-18.922379,on bike mount,cyclo cross,True,sett,intermediate
66691eed-5d7c-461a-aa3e-e36681782016,7348c99b-1988-4715-bbf7-fe3031c33e58,d33f5040-f323-4f04-ada9-946e36e38c86,1644074312100,13.4318544,52.495129,5.354282,-8.058535,-0.18492603,-8.349154,on bike mount,cyclo cross,True,sett,intermediate
66691eed-5d7c-461a-aa3e-e36681782016,7348c99b-1988-4715-bbf7-fe3031c33e58,4ca45932-ef45-47ea-aa6a-0ac42dea8320,1644074312156,13.4318544,52.495129,5.354282,11.919811,-3.3120413,31.442486,on bike mount,cyclo cross,True,sett,intermediate
66691eed-5d7c-461a-aa3e-e36681782016,7348c99b-1988-4715-bbf7-fe3031c33e58,86f4ace7-16a6-4b1f-b93c-454cd39507e5,1644074312211,13.4318544,52.495129,5.354282,5.477809,1.539321,8.654432,on bike mount,cyclo cross,True,sett,intermediate
66691eed-5d7c-461a-aa3e-e36681782016,7348c99b-1988-4715-bbf7-fe3031c33e58,e6656b76-6387-4206-ad2a-dc0bf9c8dae1,1644074312266,13.4318544,52.495129,5.354282,1.2062409,-2.083489,12.889495,on bike mount,cyclo cross,True,sett,intermediate
66691eed-5d7c-461a-aa3e-e36681782016,7348c99b-1988-4715-bbf7-fe3031c33e58,76f6ea74-f57c-4481-9441-85ed950d70d7,1644074312322,13.4318544,52.495129,5.354282,0.5054944,12.009065,-12.909897,on bike mount,cyclo cross,True,sett,intermediate
66691eed-5d7c-461a-aa3e-e36681782016,7348c99b-1988-4715-bbf7-fe3031c33e58,32b4b8b9-3c68-4c6c-b131-c27ad9da169a,1644074312377,13.4318544,52.495129,5.354282,2.2090435,3.0652308,4.718048,on bike mount,cyclo cross,True,sett,intermediate
66691eed-5d7c-461a-aa3e-e36681782016,7348c99b-1988-4715-bbf7-fe3031c33e58,1e835ab4-7262-4a8c-8a91-9e649098c4a6,1644074312433,13.4318544,52.495129,5.354282,3.2018003,-6.7932673,-8.269863,on bike mount,cyclo cross,True,sett,intermediate
66691eed-5d7c-461a-aa3e-e36681782016,7348c99b-1988-4715-bbf7-fe3031c33e58,8c33ead1-8647-4f39-aafd-49144156a56e,1644074312490,13.4318544,52.495129,5.354282,-1.2382643,4.2317877,-19.676664,on bike mount,cyclo cross,True,sett,intermediate
66691eed-5d7c-461a-aa3e-e36681782016,7348c99b-1988-4715-bbf7-fe3031c33e58,b49d56f0-b1e8-4ee5-8388-f01184b7e126,1644074312544,13.4317782,52.4951549,5.4261885,-1.0487051,2.4859042,-5.4409666,on bike mount,cyclo cross,True,sett,intermediate
66691eed-5d7c-461a-aa3e-e36681782016,7348c99b-1988-4715-bbf7-fe3031c33e58,e9495f8f-1e97-493e-b718-6f755227b935,1644074312600,13.4317782,52.4951549,5.4261885,1.8790404,-1.3466904,6.8331194,on bike mount,cyclo cross,True,sett,intermediate
66691eed-5d7c-461a-aa3e-e36681782016,7348c99b-1988-4715-bbf7-fe3031c33e58,b0544533-9cdb-4168-a69b-a8f7a93ed75c,1644074312655,13.4317782,52.4951549,5.4261885,4.744655,0.19143271,3.929245,on bike mount,cyclo cross,True,sett,intermediate
66691eed-5d7c-461a-aa3e-e36681782016,7348c99b-1988-4715-bbf7-fe3031c33e58,d9ffe7d9-f8f9-41a4-a167-4d9b3288ef4f,1644074312711,13.4317782,52.4951549,5.4261885,0.7764256,1.2001691,-2.3000746,on bike mount,cyclo cross,True,sett,intermediate
66691eed-5d7c-461a-aa3e-e36681782016,7348c99b-1988-4715-bbf7-fe3031c33e58,af874dea-49e3-43f0-b4a2-8130f8aa9996,1644074312766,13.4317782,52.4951549,5.4261885,-1.9806983,-1.8302524,5.3205795,on bike mount,cyclo cross,True,sett,intermediate
66691eed-5d7c-461a-aa3e-e36681782016,7348c99b-1988-4715-bbf7-fe3031c33e58,26cfbbc1-00a8-4058-a54d-d89bb8aafc49,1644074312823,13.4317782,52.4951549,5.4261885,1.234733,1.6929955,17.801441,on bike mount,cyclo cross,True,sett,intermediate
66691eed-5d7c-461a-aa3e-e36681782016,7348c99b-1988-4715-bbf7-fe3031c33e58,7847ac01-6a10-463e-9dd1-e3c587b37015,1644074312878,13.4317782,52.4951549,5.4261885,-1.8998058,12.651649,-13.676118,on bike mount,cyclo cross,True,sett,intermediate
66691eed-5d7c-461a-aa3e-e36681782016,7348c99b-1988-4715-bbf7-fe3031c33e58,1a04be88-7e12-4fc5-8316-b4ddfbf1ac43,1644074312934,13.4317782,52.4951549,5.4261885,5.2334557,-1.3054132,1.4161758,on bike mount,cyclo cross,True,sett,intermediate
66691eed-5d7c-461a-aa3e-e36681782016,7348c99b-1988-4715-bbf7-fe3031c33e58,a15f8a45-d654-4316-9013-a6b633ef66f0,1644074312989,13.4317782,52.4951549,5.4261885,-0.7403185,17.517914,-8.737104,on bike mount,cyclo cross,True,sett,intermediate
66691eed-5d7c-461a-aa3e-e36681782016,7348c99b-1988-4715-bbf7-fe3031c33e58,3922b7a0-7f32-4037-8894-6b7b83c2d752,1644074313044,13.4317782,52.4951549,5.4261885,4.371805,5.033009,-26.261732,on bike mount,cyclo cross,True,sett,intermediate
66691eed-5d7c-461a-aa3e-e36681782016,7348c99b-1988-4715-bbf7-fe3031c33e58,04b50425-c338-4d64-9efe-931ebf441e62,1644074313099,13.4317782,52.4951549,5.4261885,-1.3658545,-5.1734095,27.356503,on bike mount,cyclo cross,True,sett,intermediate
66691eed-5d7c-461a-aa3e-e36681782016,7348c99b-1988-4715-bbf7-fe3031c33e58,f9e0899c-6648-4290-9cc9-2b5bd90a6e18,1644074313154,13.4317782,52.4951549,5.4261885,-4.2130265,1.9581046,2.695447,on bike mount,cyclo cross,True,sett,intermediate
66691eed-5d7c-461a-aa3e-e36681782016,7348c99b-1988-4715-bbf7-fe3031c33e58,12e59cd5-a8f2-4c7f-9b2f-edccb575e89c,1644074313210,13.4317782,52.4951549,5.4261885,5.721295,-6.2549906,5.3778687,on bike mount,cyclo cross,True,sett,intermediate
66691eed-5d7c-461a-aa3e-e36681782016,7348c99b-1988-4715-bbf7-fe3031c33e58,ed978e0b-7b36-45f5-b965-e25eb7d2e117,1644074313266,13.4317782,52.4951549,5.4261885,-8.000712,1.7564073,9.721994,on bike mount,cyclo cross,True,sett,intermediate
66691eed-5d7c-461a-aa3e-e36681782016,7348c99b-1988-4715-bbf7-fe3031c33e58,08e9cfe8-0f67-4052-a02f-a15e0335a3bc,1644074313323,13.4317782,52.4951549,5.4261885,1.7341388,-10.197609,-3.812601,on bike mount,cyclo cross,True,sett,intermediate
66691eed-5d7c-461a-aa3e-e36681782016,7348c99b-1988-4715-bbf7-fe3031c33e58,3faa9d38-fe75-48ad-b4a1-77df4d3f5b67,1644074313378,13.4317782,52.4951549,5.4261885,0.237952,7.6843634,-3.1434765,on bike mount,cyclo cross,True,sett,intermediate
66691eed-5d7c-461a-aa3e-e36681782016,7348c99b-1988-4715-bbf7-fe3031c33e58,6773c0af-31f5-4147-aa88-aea718c524ea,1644074313433,13.4317782,52.4951549,5.4261885,-5.349716,12.9582205,0.3760929,on bike mount,cyclo cross,True,sett,intermediate
66691eed-5d7c-461a-aa3e-e36681782016,7348c99b-1988-4715-bbf7-fe3031c33e58,fdcdded0-f7b6-41be-a1a3-8c10406d8ee8,1644074313491,13.4317782,52.4951549,5.4261885,3.0968895,0.7603016,-5.785552,on bike mount,cyclo cross,True,sett,intermediate
66691eed-5d7c-461a-aa3e-e36681782016,7348c99b-1988-4715-bbf7-fe3031c33e58,97ef33b6-1151-4b43-9e72-6d58ff697f0a,1644074313544,13.4317001,52.4951781,5.459799,-0.37693056,-1.4060967,5.8951893,on bike mount,cyclo cross,True,sett,intermediate
66691eed-5d7c-461a-aa3e-e36681782016,7348c99b-1988-4715-bbf7-fe3031c33e58,59de7cc0-f938-446c-9874-aea24cb1c87c,1644074313600,13.4317001,52.4951781,5.459799,-0.6393699,1.0975175,1.1876917,on bike mount,cyclo cross,True,sett,intermediate
66691eed-5d7c-461a-aa3e-e36681782016,7348c99b-1988-4715-bbf7-fe3031c33e58,ab320d1a-611d-47aa-a04c-dc85e75862b5,1644074313654,13.4317001,52.4951781,5.459799,-1.1487277,9.000191,-15.989368,on bike mount,cyclo cross,True,sett,intermediate
66691eed-5d7c-461a-aa3e-e36681782016,7348c99b-1988-4715-bbf7-fe3031c33e58,b6553641-638c-4814-bfcf-285f042281de,1644074313712,13.4317001,52.4951781,5.459799,3.1374803,-12.57022,15.359549,on bike mount,cyclo cross,True,sett,intermediate
66691eed-5d7c-461a-aa3e-e36681782016,7348c99b-1988-4715-bbf7-fe3031c33e58,8fd1680f-c4d5-4d83-8462-9d5a5372cb8a,1644074313771,13.4317001,52.4951781,5.459799,-1.8989551,-0.16533136,4.0657816,on bike mount,cyclo cross,True,sett,intermediate
66691eed-5d7c-461a-aa3e-e36681782016,7348c99b-1988-4715-bbf7-fe3031c33e58,e4a56c15-172b-4588-b365-afb59d71691b,1644074313822,13.4317001,52.4951781,5.459799,-3.450748,8.523804,-6.528569,on bike mount,cyclo cross,True,sett,intermediate
66691eed-5d7c-461a-aa3e-e36681782016,7348c99b-1988-4715-bbf7-fe3031c33e58,483c285f-2301-456b-ba16-ed6caa6fe463,1644074313877,13.4317001,52.4951781,5.459799,1.7692548,-12.6821575,-14.803333,on bike mount,cyclo cross,True,sett,intermediate
66691eed-5d7c-461a-aa3e-e36681782016,7348c99b-1988-4715-bbf7-fe3031c33e58,d00bf246-113a-4884-8d97-cc645a1fd52f,1644074313932,13.4317001,52.4951781,5.459799,0.6220602,-19.564247,9.581253,on bike mount,cyclo cross,True,sett,intermediate
66691eed-5d7c-461a-aa3e-e36681782016,7348c99b-1988-4715-bbf7-fe3031c33e58,e11f199b-6657-4cdb-bb45-8fdab6a2da36,1644074313988,13.4317001,52.4951781,5.459799,-2.9942732,-11.775497,5.217024,on bike mount,cyclo cross,True,sett,intermediate
66691eed-5d7c-461a-aa3e-e36681782016,7348c99b-1988-4715-bbf7-fe3031c33e58,47c0ffa6-320a-4bda-bebd-62356ef707e5,1644074314043,13.4317001,52.4951781,5.459799,-4.3726315,-3.1254437,-1.6028652,on bike mount,cyclo cross,True,sett,intermediate
66691eed-5d7c-461a-aa3e-e36681782016,7348c99b-1988-4715-bbf7-fe3031c33e58,6bbf2873-60a2-4091-b6c3-bc37d63a7160,1644074314100,13.4317001,52.4951781,5.459799,-0.71915144,0.51406837,10.076432,on bike mount,cyclo cross,True,sett,intermediate
66691eed-5d7c-461a-aa3e-e36681782016,7348c99b-1988-4715-bbf7-fe3031c33e58,a5c9f5ee-06c9-4a4d-b1fc-29392c9129d3,1644074314156,13.4317001,52.4951781,5.459799,-2.3018749,3.2320127,1.6670084,on bike mount,cyclo cross,True,sett,intermediate
66691eed-5d7c-461a-aa3e-e36681782016,7348c99b-1988-4715-bbf7-fe3031c33e58,56dfcb9b-7ad7-4137-83fe-08b0267a4d0b,1644074314211,13.4317001,52.4951781,5.459799,0.57764816,3.0706768,-10.083669,on bike mount,cyclo cross,True,sett,intermediate
66691eed-5d7c-461a-aa3e-e36681782016,7348c99b-1988-4715-bbf7-fe3031c33e58,cd6632ad-1b4a-4eb5-84f4-53ae44081648,1644074314266,13.4317001,52.4951781,5.459799,-0.5013767,6.4578342,-4.649214,on bike mount,cyclo cross,True,sett,intermediate
66691eed-5d7c-461a-aa3e-e36681782016,7348c99b-1988-4715-bbf7-fe3031c33e58,5c3ecd93-b3e3-4144-9241-920f59487b31,1644074314321,13.4317001,52.4951781,5.459799,1.4467175,-2.688094,-9.49482,on bike mount,cyclo cross,True,sett,intermediate
66691eed-5d7c-461a-aa3e-e36681782016,7348c99b-1988-4715-bbf7-fe3031c33e58,7721bbc2-e85d-43ae-a94f-98e68a43b463,1644074314379,13.4317001,52.4951781,5.459799,7.1430387,-6.4039145,-1.9989562,on bike mount,cyclo cross,True,sett,intermediate
66691eed-5d7c-461a-aa3e-e36681782016,7348c99b-1988-4715-bbf7-fe3031c33e58,872e90bd-7024-461e-8dd0-4e6d6ce04509,1644074314434,13.4317001,52.4951781,5.459799,0.23653284,-9.387054,16.741348,on bike mount,cyclo cross,True,sett,intermediate
66691eed-5d7c-461a-aa3e-e36681782016,7348c99b-1988-4715-bbf7-fe3031c33e58,bf983d4e-9e49-49fb-92f9-fe41421f364a,1644074314489,13.4317001,52.4951781,5.459799,-4.025852,-9.736803,2.173871,on bike mount,cyclo cross,True,sett,intermediate
66691eed-5d7c-461a-aa3e-e36681782016,7348c99b-1988-4715-bbf7-fe3031c33e58,94a9e7e9-94a6-4572-be9c-7e3a8305759d,1644074314547,13.4316209,52.495201,5.6048326,3.0566497,-10.621368,16.133123,on bike mount,cyclo cross,True,sett,intermediate
66691eed-5d7c-461a-aa3e-e36681782016,7348c99b-1988-4715-bbf7-fe3031c33e58,08976295-114f-4faf-9e21-76a6b4ec1c47,1644074314600,13.4316209,52.495201,5.6048326,0.9305156,7.1616173,-4.1515427,on bike mount,cyclo cross,True,sett,intermediate
66691eed-5d7c-461a-aa3e-e36681782016,7348c99b-1988-4715-bbf7-fe3031c33e58,c8fc71a8-1a1c-48ff-a90c-20f6641d0d7f,1644074314655,13.4316209,52.495201,5.6048326,-0.50023043,-1.8471513,-1.5949216,on bike mount,cyclo cross,True,sett,intermediate
66691eed-5d7c-461a-aa3e-e36681782016,7348c99b-1988-4715-bbf7-fe3031c33e58,f7887189-7461-48d6-a8fb-e3dac8cd7595,1644074314711,13.4316209,52.495201,5.6048326,-0.7770499,0.548542,-6.574885,on bike mount,cyclo cross,True,sett,intermediate
66691eed-5d7c-461a-aa3e-e36681782016,7348c99b-1988-4715-bbf7-fe3031c33e58,4622335b-90e8-418d-9609-6553ee4ee50e,1644074314766,13.4316209,52.495201,5.6048326,-1.4959242,-5.495651,4.310466,on bike mount,cyclo cross,True,sett,intermediate
66691eed-5d7c-461a-aa3e-e36681782016,7348c99b-1988-4715-bbf7-fe3031c33e58,4aa79a32-30d6-40a1-ae41-565b1dc59c28,1644074314822,13.4316209,52.495201,5.6048326,-1.918221,2.892179,-11.78207,on bike mount,cyclo cross,True,sett,intermediate
66691eed-5d7c-461a-aa3e-e36681782016,7348c99b-1988-4715-bbf7-fe3031c33e58,0277959b-682e-4c16-b6ac-ba78cb31593d,1644074314877,13.4316209,52.495201,5.6048326,0.5320032,-3.6301749,-2.9067492,on bike mount,cyclo cross,True,sett,intermediate
66691eed-5d7c-461a-aa3e-e36681782016,7348c99b-1988-4715-bbf7-fe3031c33e58,1c6f492a-3192-4dba-a66b-c16c8d483ff0,1644074314935,13.4316209,52.495201,5.6048326,-0.64670885,-2.9462957,8.116535,on bike mount,cyclo cross,True,sett,intermediate
66691eed-5d7c-461a-aa3e-e36681782016,7348c99b-1988-4715-bbf7-fe3031c33e58,e077766a-21d3-470d-82a5-5ca4eecc550f,1644074314989,13.4316209,52.495201,5.6048326,-1.2863057,2.7745614,-0.6581898,on bike mount,cyclo cross,True,sett,intermediate
66691eed-5d7c-461a-aa3e-e36681782016,7348c99b-1988-4715-bbf7-fe3031c33e58,73ab056c-aa5a-4adb-88f3-687f2cc409a3,1644074315043,13.4316209,52.495201,5.6048326,6.469551,-4.7794294,-0.3724451,on bike mount,cyclo cross,True,sett,intermediate
66691eed-5d7c-461a-aa3e-e36681782016,7348c99b-1988-4715-bbf7-fe3031c33e58,5126bbc7-d5f5-45fd-beb3-a9948ffe9301,1644074315101,13.4316209,52.495201,5.6048326,-0.47187603,-3.1905563,8.839098,on bike mount,cyclo cross,True,sett,intermediate
66691eed-5d7c-461a-aa3e-e36681782016,7348c99b-1988-4715-bbf7-fe3031c33e58,9bcd759a-37b1-466e-9765-2aa0bc357e3f,1644074315155,13.4316209,52.495201,5.6048326,-1.1561468,-1.7200515,-5.0044937,on bike mount,cyclo cross,True,sett,intermediate
66691eed-5d7c-461a-aa3e-e36681782016,7348c99b-1988-4715-bbf7-fe3031c33e58,4346411d-cf67-4c95-9046-b1327b14cdd8,1644074315211,13.4316209,52.495201,5.6048326,3.4273624,0.27969265,-2.0323858,on bike mount,cyclo cross,True,sett,intermediate
66691eed-5d7c-461a-aa3e-e36681782016,7348c99b-1988-4715-bbf7-fe3031c33e58,745a5454-64b7-4ce4-a9cb-16014ed6b5ff,1644074315266,13.4316209,52.495201,5.6048326,0.81684834,-3.2499216,1.6390343,on bike mount,cyclo cross,True,sett,intermediate
66691eed-5d7c-461a-aa3e-e36681782016,7348c99b-1988-4715-bbf7-fe3031c33e58,ed2b5949-0681-4f00-b81a-666fcf1c6ea0,1644074315324,13.4316209,52.495201,5.6048326,2.1150317,0.24917221,1.6583824,on bike mount,cyclo cross,True,sett,intermediate
66691eed-5d7c-461a-aa3e-e36681782016,7348c99b-1988-4715-bbf7-fe3031c33e58,2c54d357-42be-4718-bb89-8acf83be7863,1644074315380,13.4316209,52.495201,5.6048326,-3.1588693,5.722924,-9.0882,on bike mount,cyclo cross,True,sett,intermediate
66691eed-5d7c-461a-aa3e-e36681782016,7348c99b-1988-4715-bbf7-fe3031c33e58,98ad5056-9c9e-486d-b274-230c24dc2ef5,1644074315433,13.4316209,52.495201,5.6048326,-0.39261335,-0.4091835,-7.2298517,on bike mount,cyclo cross,True,sett,intermediate
66691eed-5d7c-461a-aa3e-e36681782016,7348c99b-1988-4715-bbf7-fe3031c33e58,2135336a-e5a5-42fa-b5c2-2f4fb2e90d62,1644074315490,13.4316209,52.495201,5.6048326,2.785128,-3.6738005,5.537529,on bike mount,cyclo cross,True,sett,intermediate
66691eed-5d7c-461a-aa3e-e36681782016,7348c99b-1988-4715-bbf7-fe3031c33e58,af21bd10-e4c3-4d80-be5e-203af2a7b489,1644074315543,13.4315395,52.4952237,5.6790733,-2.1645958,2.2806258,-0.048974037,on bike mount,cyclo cross,True,sett,intermediate
66691eed-5d7c-461a-aa3e-e36681782016,7348c99b-1988-4715-bbf7-fe3031c33e58,82f934e9-4b92-4095-a411-219918f50423,1644074315599,13.4315395,52.4952237,5.6790733,-1.2098571,1.0683856,2.8939934,on bike mount,cyclo cross,True,sett,intermediate
66691eed-5d7c-461a-aa3e-e36681782016,7348c99b-1988-4715-bbf7-fe3031c33e58,0c720740-3dc3-4711-baad-7b2bcaa3416e,1644074315656,13.4315395,52.4952237,5.6790733,0.1961832,1.1560488,1.4867792,on bike mount,cyclo cross,True,sett,intermediate
66691eed-5d7c-461a-aa3e-e36681782016,7348c99b-1988-4715-bbf7-fe3031c33e58,5d957cfb-49fb-46bd-8622-9a3816b7a5ec,1644074315711,13.4315395,52.4952237,5.6790733,2.6727269,-3.7928445,-0.36574888,on bike mount,cyclo cross,True,sett,intermediate
66691eed-5d7c-461a-aa3e-e36681782016,7348c99b-1988-4715-bbf7-fe3031c33e58,c1976fd0-b6e3-41e6-8ee6-838defeeacc8,1644074315766,13.4315395,52.4952237,5.6790733,-4.653167,-10.186527,3.2492485,on bike mount,cyclo cross,True,sett,intermediate
66691eed-5d7c-461a-aa3e-e36681782016,7348c99b-1988-4715-bbf7-fe3031c33e58,848c8cb2-8696-4190-9d3c-6d77ea70df43,1644074315821,13.4315395,52.4952237,5.6790733,-2.6688983,1.7367411,8.956598,on bike mount,cyclo cross,True,sett,intermediate
66691eed-5d7c-461a-aa3e-e36681782016,7348c99b-1988-4715-bbf7-fe3031c33e58,0b9c7cfa-922a-4b6d-951d-1f8aeb3e9cae,1644074315877,13.4315395,52.4952237,5.6790733,-2.0603595,6.795205,3.1892548,on bike mount,cyclo cross,True,sett,intermediate
66691eed-5d7c-461a-aa3e-e36681782016,7348c99b-1988-4715-bbf7-fe3031c33e58,9d3e2267-6407-4026-856e-51086c079c77,1644074315933,13.4315395,52.4952237,5.6790733,-1.0808395,3.8428197,4.5866823,on bike mount,cyclo cross,True,sett,intermediate
66691eed-5d7c-461a-aa3e-e36681782016,7348c99b-1988-4715-bbf7-fe3031c33e58,550e388a-1dec-4ac9-b291-52a1566bc870,1644074315988,13.4315395,52.4952237,5.6790733,1.884478,3.5573359,4.2734575,on bike mount,cyclo cross,True,sett,intermediate
66691eed-5d7c-461a-aa3e-e36681782016,7348c99b-1988-4715-bbf7-fe3031c33e58,4e6a0e3c-d68b-4f4c-981e-e3caac2cfa6b,1644074316044,13.4315395,52.4952237,5.6790733,3.2352562,-4.099522,-0.68365526,on bike mount,cyclo cross,True,sett,intermediate
66691eed-5d7c-461a-aa3e-e36681782016,7348c99b-1988-4715-bbf7-fe3031c33e58,cbdba151-07b6-4c9a-a24b-344eb99402b5,1644074316100,13.4315395,52.4952237,5.6790733,1.1120505,-2.0786154,7.854435,on bike mount,cyclo cross,True,sett,intermediate
66691eed-5d7c-461a-aa3e-e36681782016,7348c99b-1988-4715-bbf7-fe3031c33e58,4e8c64b4-8e80-41c9-acda-447603a98ac4,1644074316155,13.4315395,52.4952237,5.6790733,-2.6866164,1.4226246,1.6938906,on bike mount,cyclo cross,True,sett,intermediate
66691eed-5d7c-461a-aa3e-e36681782016,7348c99b-1988-4715-bbf7-fe3031c33e58,6a5912fc-feeb-4a3b-a593-694a4ed5f815,1644074316211,13.4315395,52.4952237,5.6790733,-4.1014977,2.1571407,-7.5051613,on bike mount,cyclo cross,True,sett,intermediate
66691eed-5d7c-461a-aa3e-e36681782016,7348c99b-1988-4715-bbf7-fe3031c33e58,946e4d90-39d2-468d-ba93-fd834c9de3c7,1644074316266,13.4315395,52.4952237,5.6790733,3.7128174,-14.917638,9.425232,on bike mount,cyclo cross,True,sett,intermediate
66691eed-5d7c-461a-aa3e-e36681782016,7348c99b-1988-4715-bbf7-fe3031c33e58,d173fd35-ff9a-49e4-91c2-e970d1cfb5c4,1644074316321,13.4315395,52.4952237,5.6790733,-1.190479,2.2417421,7.4822903,on bike mount,cyclo cross,True,sett,intermediate
66691eed-5d7c-461a-aa3e-e36681782016,7348c99b-1988-4715-bbf7-fe3031c33e58,86fcb5ae-42f0-4c3c-800f-7b58dc6de37a,1644074316378,13.4315395,52.4952237,5.6790733,-0.90453035,-0.60913086,-1.6134071,on bike mount,cyclo cross,True,sett,intermediate
66691eed-5d7c-461a-aa3e-e36681782016,7348c99b-1988-4715-bbf7-fe3031c33e58,9343ec1b-0984-49c7-b483-d31646ff20e5,1644074316433,13.4315395,52.4952237,5.6790733,0.31099308,-1.7843521,-2.5798812,on bike mount,cyclo cross,True,sett,intermediate
66691eed-5d7c-461a-aa3e-e36681782016,7348c99b-1988-4715-bbf7-fe3031c33e58,6d6f5c08-48b5-4c21-8a31-e9d1d08630ef,1644074316491,13.4315395,52.4952237,5.6790733,0.4718901,-3.0716417,5.4249954,on bike mount,cyclo cross,True,sett,intermediate
66691eed-5d7c-461a-aa3e-e36681782016,7348c99b-1988-4715-bbf7-fe3031c33e58,40af9a3b-8888-4c43-8118-83155431af86,1644074316544,13.4314589,52.4952468,5.6913753,3.462595,0.87255526,1.6812563,on bike mount,cyclo cross,True,sett,intermediate
66691eed-5d7c-461a-aa3e-e36681782016,7348c99b-1988-4715-bbf7-fe3031c33e58,0fecc6c0-bd01-43ca-9879-8b1ad99725ac,1644074316599,13.4314589,52.4952468,5.6913753,-0.58340335,-1.1647081,-7.28843,on bike mount,cyclo cross,True,sett,intermediate
66691eed-5d7c-461a-aa3e-e36681782016,7348c99b-1988-4715-bbf7-fe3031c33e58,17229065-cf03-427f-8dbf-5760e70383c1,1644074316655,13.4314589,52.4952468,5.6913753,0.8064115,-1.2626868,-7.2151694,on bike mount,cyclo cross,True,sett,intermediate
66691eed-5d7c-461a-aa3e-e36681782016,7348c99b-1988-4715-bbf7-fe3031c33e58,66598e55-b421-4eec-a0e3-3aa18066659c,1644074316710,13.4314589,52.4952468,5.6913753,2.424809,-1.0696843,-6.004456,on bike mount,cyclo cross,True,sett,intermediate
66691eed-5d7c-461a-aa3e-e36681782016,7348c99b-1988-4715-bbf7-fe3031c33e58,5d89f22e-21f3-497e-ad47-bd34c16d68be,1644074316767,13.4314589,52.4952468,5.6913753,2.127819,5.5654974,-7.362961,on bike mount,cyclo cross,True,sett,intermediate
66691eed-5d7c-461a-aa3e-e36681782016,7348c99b-1988-4715-bbf7-fe3031c33e58,df08e1fa-a212-4965-a35c-53429ef463ad,1644074316822,13.4314589,52.4952468,5.6913753,-1.2314339,-7.902836,4.042261,on bike mount,cyclo cross,True,sett,intermediate
66691eed-5d7c-461a-aa3e-e36681782016,7348c99b-1988-4715-bbf7-fe3031c33e58,f59d5624-6937-417f-8563-2e1830318963,1644074316878,13.4314589,52.4952468,5.6913753,-0.22197683,0.13783741,0.39434338,on bike mount,cyclo cross,True,sett,intermediate
66691eed-5d7c-461a-aa3e-e36681782016,7348c99b-1988-4715-bbf7-fe3031c33e58,ddd36a2e-8f94-48e3-ae5d-78e9ab8a7227,1644074316933,13.4314589,52.4952468,5.6913753,-1.1000698,-3.6746023,-8.273906,on bike mount,cyclo cross,True,sett,intermediate
66691eed-5d7c-461a-aa3e-e36681782016,7348c99b-1988-4715-bbf7-fe3031c33e58,d5d53108-0c85-4534-85cb-860ae69f962d,1644074316988,13.4314589,52.4952468,5.6913753,1.4136355,1.5615058,10.439987,on bike mount,cyclo cross,True,sett,intermediate
66691eed-5d7c-461a-aa3e-e36681782016,7348c99b-1988-4715-bbf7-fe3031c33e58,556086be-489d-4a50-8477-fef267ae5687,1644074317044,13.4314589,52.4952468,5.6913753,0.2784419,0.6977072,-1.695899,on bike mount,cyclo cross,True,sett,intermediate
66691eed-5d7c-461a-aa3e-e36681782016,7348c99b-1988-4715-bbf7-fe3031c33e58,952889b2-8125-4865-8973-8f492f2fb75d,1644074317099,13.4314589,52.4952468,5.6913753,0.1656208,-7.4244046,6.602392,on bike mount,cyclo cross,True,sett,intermediate
66691eed-5d7c-461a-aa3e-e36681782016,7348c99b-1988-4715-bbf7-fe3031c33e58,e1506891-502a-445e-8dd6-7ff1e4d01a58,1644074317154,13.4314589,52.4952468,5.6913753,0.8340759,-3.8215263,-0.8443303,on bike mount,cyclo cross,True,sett,intermediate
66691eed-5d7c-461a-aa3e-e36681782016,7348c99b-1988-4715-bbf7-fe3031c33e58,4858c3e9-9063-4776-8636-8871025c7d8c,1644074317211,13.4314589,52.4952468,5.6913753,0.676889,1.685894,4.97326,on bike mount,cyclo cross,True,sett,intermediate
66691eed-5d7c-461a-aa3e-e36681782016,7348c99b-1988-4715-bbf7-fe3031c33e58,0247bad8-90d9-4127-a763-7fba98966c51,1644074317266,13.4314589,52.4952468,5.6913753,-0.34420836,1.5038838,2.358963,on bike mount,cyclo cross,True,sett,intermediate
66691eed-5d7c-461a-aa3e-e36681782016,7348c99b-1988-4715-bbf7-fe3031c33e58,ad07ea35-8562-43f6-8564-4b81a9766c15,1644074317322,13.4314589,52.4952468,5.6913753,0.60732985,-4.3135624,2.3629904,on bike mount,cyclo cross,True,sett,intermediate
66691eed-5d7c-461a-aa3e-e36681782016,7348c99b-1988-4715-bbf7-fe3031c33e58,b03d1677-d569-47da-adef-e28da2b7a817,1644074317377,13.4314589,52.4952468,5.6913753,-0.18360436,-8.051947,2.2808838,on bike mount,cyclo cross,True,sett,intermediate
66691eed-5d7c-461a-aa3e-e36681782016,7348c99b-1988-4715-bbf7-fe3031c33e58,20ed8824-d900-4f05-b90f-20f221368ac3,1644074317432,13.4314589,52.4952468,5.6913753,-2.3506832,4.288072,3.5028114,on bike mount,cyclo cross,True,sett,intermediate
66691eed-5d7c-461a-aa3e-e36681782016,7348c99b-1988-4715-bbf7-fe3031c33e58,fd2c7197-55e8-4d82-a5b0-0923c94b7a2c,1644074317494,13.4314589,52.4952468,5.6913753,-4.5950737,-0.53074765,6.9815407,on bike mount,cyclo cross,True,sett,intermediate
66691eed-5d7c-461a-aa3e-e36681782016,7348c99b-1988-4715-bbf7-fe3031c33e58,99e8cbd5-c1d1-4ae4-b0f5-a3a02f7ceef3,1644074317544,13.4313762,52.4952732,5.7540574,-5.142955,-2.4558477,8.768878,on bike mount,cyclo cross,True,sett,intermediate
66691eed-5d7c-461a-aa3e-e36681782016,7348c99b-1988-4715-bbf7-fe3031c33e58,2136e0e8-217c-47c7-a193-f388e324539a,1644074317600,13.4313762,52.4952732,5.7540574,1.3201993,-10.532164,16.384993,on bike mount,cyclo cross,True,sett,intermediate
66691eed-5d7c-461a-aa3e-e36681782016,7348c99b-1988-4715-bbf7-fe3031c33e58,c6582934-7941-4a21-8174-05e7bf2fcbee,1644074317655,13.4313762,52.4952732,5.7540574,-5.9370604,-4.7222776,4.2212276,on bike mount,cyclo cross,True,sett,intermediate
66691eed-5d7c-461a-aa3e-e36681782016,7348c99b-1988-4715-bbf7-fe3031c33e58,eb3a6575-a89c-4775-878e-2bd513e306c0,1644074317710,13.4313762,52.4952732,5.7540574,0.54516524,3.9346347,3.0714397,on bike mount,cyclo cross,True,sett,intermediate
66691eed-5d7c-461a-aa3e-e36681782016,7348c99b-1988-4715-bbf7-fe3031c33e58,e937103f-aa75-4ad8-ad4c-3075f91c1c37,1644074317766,13.4313762,52.4952732,5.7540574,0.96121657,7.914263,-17.746786,on bike mount,cyclo cross,True,sett,intermediate
66691eed-5d7c-461a-aa3e-e36681782016,7348c99b-1988-4715-bbf7-fe3031c33e58,bec1a40d-b060-45cc-8f60-07dec3deb42b,1644074317821,13.4313762,52.4952732,5.7540574,-3.2232394,0.5694814,-4.1258745,on bike mount,cyclo cross,True,sett,intermediate
66691eed-5d7c-461a-aa3e-e36681782016,7348c99b-1988-4715-bbf7-fe3031c33e58,ba961b94-9b25-49d5-8be7-4e499f481913,1644074317877,13.4313762,52.4952732,5.7540574,-1.3583152,4.5889235,-3.9117277,on bike mount,cyclo cross,True,sett,intermediate
66691eed-5d7c-461a-aa3e-e36681782016,7348c99b-1988-4715-bbf7-fe3031c33e58,adebc393-d8e9-4380-a4b0-ab587356a618,1644074317932,13.4313762,52.4952732,5.7540574,1.9126401,-13.226647,14.647775,on bike mount,cyclo cross,True,sett,intermediate
66691eed-5d7c-461a-aa3e-e36681782016,7348c99b-1988-4715-bbf7-fe3031c33e58,01f3444e-145b-4d1e-adc1-87508d6aa510,1644074317989,13.4313762,52.4952732,5.7540574,4.1292005,1.9504571,-3.6781764,on bike mount,cyclo cross,True,sett,intermediate
66691eed-5d7c-461a-aa3e-e36681782016,7348c99b-1988-4715-bbf7-fe3031c33e58,78040a58-9c30-479d-8153-722458f2508a,1644074318044,13.4313762,52.4952732,5.7540574,-2.8985167,11.77886,2.2560368,on bike mount,cyclo cross,True,sett,intermediate
66691eed-5d7c-461a-aa3e-e36681782016,7348c99b-1988-4715-bbf7-fe3031c33e58,8813ca2b-c8d4-4c6e-a5d0-485eca02bcc5,1644074318100,13.4313762,52.4952732,5.7540574,-0.106300846,2.6018476,5.394703,on bike mount,cyclo cross,True,sett,intermediate
66691eed-5d7c-461a-aa3e-e36681782016,7348c99b-1988-4715-bbf7-fe3031c33e58,423c9f88-181f-40d4-9f53-2f2b31d176fe,1644074318155,13.4313762,52.4952732,5.7540574,1.3970356,-2.1614697,-1.4488955,on bike mount,cyclo cross,True,sett,intermediate
66691eed-5d7c-461a-aa3e-e36681782016,7348c99b-1988-4715-bbf7-fe3031c33e58,2e5ae2b7-6be2-4558-9b04-98458ab24fae,1644074318212,13.4313762,52.4952732,5.7540574,-2.045598,9.109121,2.4840155,on bike mount,cyclo cross,True,sett,intermediate
66691eed-5d7c-461a-aa3e-e36681782016,7348c99b-1988-4715-bbf7-fe3031c33e58,b50af151-ffa0-4d6d-927c-c351d90e8d5c,1644074318265,13.4313762,52.4952732,5.7540574,-5.810051,10.909298,-15.121014,on bike mount,cyclo cross,True,sett,intermediate
66691eed-5d7c-461a-aa3e-e36681782016,7348c99b-1988-4715-bbf7-fe3031c33e58,ff768d20-0d1d-4cb0-8e9b-e084e2065b35,1644074318322,13.4313762,52.4952732,5.7540574,-1.3726189,2.5523276,3.9827824,on bike mount,cyclo cross,True,sett,intermediate
66691eed-5d7c-461a-aa3e-e36681782016,7348c99b-1988-4715-bbf7-fe3031c33e58,18a9df18-5c47-4805-8dd1-575ad2986166,1644074318378,13.4313762,52.4952732,5.7540574,-1.7227737,-5.262407,-3.02978,on bike mount,cyclo cross,True,sett,intermediate
66691eed-5d7c-461a-aa3e-e36681782016,7348c99b-1988-4715-bbf7-fe3031c33e58,647b4c2e-b0a6-474b-9d5a-16bc0b5ebc90,1644074318433,13.4313762,52.4952732,5.7540574,0.08529574,14.298262,-5.399401,on bike mount,cyclo cross,True,sett,intermediate
66691eed-5d7c-461a-aa3e-e36681782016,7348c99b-1988-4715-bbf7-fe3031c33e58,14ddbca0-7f33-4b4f-9a0a-05ca2895f1cf,1644074318488,13.4313762,52.4952732,5.7540574,1.2010779,7.2601585,-16.25867,on bike mount,cyclo cross,True,sett,intermediate
66691eed-5d7c-461a-aa3e-e36681782016,7348c99b-1988-4715-bbf7-fe3031c33e58,e71753e0-f2ea-4f3f-ad4f-b20434a14abe,1644074318544,13.4312939,52.4953013,5.84919,-5.173261,-5.9761057,-8.854963,on bike mount,cyclo cross,True,sett,intermediate
66691eed-5d7c-461a-aa3e-e36681782016,7348c99b-1988-4715-bbf7-fe3031c33e58,35f43f32-23ef-4d3b-9804-02ab993abe99,1644074318599,13.4312939,52.4953013,5.84919,-5.7140727,-24.109768,22.727907,on bike mount,cyclo cross,True,sett,intermediate
66691eed-5d7c-461a-aa3e-e36681782016,7348c99b-1988-4715-bbf7-fe3031c33e58,1484818c-325b-40b7-a074-0d269b068e34,1644074318655,13.4312939,52.4953013,5.84919,-1.703696,-15.680935,8.247891,on bike mount,cyclo cross,True,sett,intermediate
66691eed-5d7c-461a-aa3e-e36681782016,7348c99b-1988-4715-bbf7-fe3031c33e58,fa06e0b9-b656-4135-9182-095fbffb2ef5,1644074318710,13.4312939,52.4953013,5.84919,2.5725107,-7.9368153,3.3520231,on bike mount,cyclo cross,True,sett,intermediate
66691eed-5d7c-461a-aa3e-e36681782016,7348c99b-1988-4715-bbf7-fe3031c33e58,60c32f78-85fa-4f81-92cb-21b030fec287,1644074318765,13.4312939,52.4953013,5.84919,-1.8141831,3.3899426,-1.8343344,on bike mount,cyclo cross,True,sett,intermediate
66691eed-5d7c-461a-aa3e-e36681782016,7348c99b-1988-4715-bbf7-fe3031c33e58,6620a489-a301-4ff8-9490-d8e988be3364,1644074318822,13.4312939,52.4953013,5.84919,6.7733445,13.88226,5.2114086,on bike mount,cyclo cross,True,sett,intermediate
66691eed-5d7c-461a-aa3e-e36681782016,7348c99b-1988-4715-bbf7-fe3031c33e58,dbced02f-5dad-4093-a18d-fc12b9f88146,1644074318878,13.4312939,52.4953013,5.84919,2.8264241,17.473202,-5.311681,on bike mount,cyclo cross,True,sett,intermediate
66691eed-5d7c-461a-aa3e-e36681782016,7348c99b-1988-4715-bbf7-fe3031c33e58,5f82fcbd-902e-462c-9c90-fa4dde7b4b74,1644074318933,13.4312939,52.4953013,5.84919,4.0186257,-2.196733,12.832254,on bike mount,cyclo cross,True,sett,intermediate
66691eed-5d7c-461a-aa3e-e36681782016,7348c99b-1988-4715-bbf7-fe3031c33e58,cac9154a-393c-4d87-89c3-2ec1a192dffa,1644074318988,13.4312939,52.4953013,5.84919,4.705578,1.7916336,0.10317898,on bike mount,cyclo cross,True,sett,intermediate
66691eed-5d7c-461a-aa3e-e36681782016,7348c99b-1988-4715-bbf7-fe3031c33e58,5d859606-f559-4d7e-9d7b-6739820fa0ec,1644074319045,13.4312939,52.4953013,5.84919,7.0587654,13.098528,-13.187748,on bike mount,cyclo cross,True,sett,intermediate
66691eed-5d7c-461a-aa3e-e36681782016,7348c99b-1988-4715-bbf7-fe3031c33e58,09467b27-2003-4189-8fd8-e1ff9a85719d,1644074319099,13.4312939,52.4953013,5.84919,-2.5877788,1.3270311,9.615925,on bike mount,cyclo cross,True,sett,intermediate
66691eed-5d7c-461a-aa3e-e36681782016,7348c99b-1988-4715-bbf7-fe3031c33e58,b9169890-27b8-4d73-945d-9012478ea913,1644074319154,13.4312939,52.4953013,5.84919,-5.5259385,-2.8478155,-6.5867147,on bike mount,cyclo cross,True,sett,intermediate
66691eed-5d7c-461a-aa3e-e36681782016,7348c99b-1988-4715-bbf7-fe3031c33e58,a9a8cb05-fea8-4d50-9465-9ed5977f026c,1644074319211,13.4312939,52.4953013,5.84919,0.33685935,-5.2522697,2.4533129,on bike mount,cyclo cross,True,sett,intermediate
66691eed-5d7c-461a-aa3e-e36681782016,7348c99b-1988-4715-bbf7-fe3031c33e58,9848ddfe-c530-420a-b865-2b49965803d8,1644074319266,13.4312939,52.4953013,5.84919,0.48535478,0.6256323,-3.376276,on bike mount,cyclo cross,True,sett,intermediate
66691eed-5d7c-461a-aa3e-e36681782016,7348c99b-1988-4715-bbf7-fe3031c33e58,764fe2f0-dc0e-41a7-b589-261c9c652732,1644074319321,13.4312939,52.4953013,5.84919,-6.7238626,-5.728247,10.895149,on bike mount,cyclo cross,True,sett,intermediate
66691eed-5d7c-461a-aa3e-e36681782016,7348c99b-1988-4715-bbf7-fe3031c33e58,f714e290-7549-43d1-95fa-c042f14faca6,1644074319376,13.4312939,52.4953013,5.84919,-7.332453,-10.236601,4.893424,on bike mount,cyclo cross,True,sett,intermediate
66691eed-5d7c-461a-aa3e-e36681782016,7348c99b-1988-4715-bbf7-fe3031c33e58,9df22dcd-dbca-422f-8ac8-b69f91587479,1644074319432,13.4312939,52.4953013,5.84919,-3.6640317,4.2350526,11.399691,on bike mount,cyclo cross,True,sett,intermediate
66691eed-5d7c-461a-aa3e-e36681782016,7348c99b-1988-4715-bbf7-fe3031c33e58,f454c10f-35f7-415a-9007-a099ef991c66,1644074319489,13.4312939,52.4953013,5.84919,5.5497823,-2.8796232,6.690526,on bike mount,cyclo cross,True,sett,intermediate
66691eed-5d7c-461a-aa3e-e36681782016,7348c99b-1988-4715-bbf7-fe3031c33e58,ac71bf79-2f17-4424-9df2-6584b52625c1,1644074319543,13.4312224,52.4953368,5.800571,1.3969254,2.3585935,-0.32922077,on bike mount,cyclo cross,True,sett,intermediate
66691eed-5d7c-461a-aa3e-e36681782016,7348c99b-1988-4715-bbf7-fe3031c33e58,fd98766f-2fbd-41b9-b34b-f7b692913b4f,1644074319600,13.4312224,52.4953368,5.800571,-0.15781122,0.4140067,-1.1212254,on bike mount,cyclo cross,True,sett,intermediate
66691eed-5d7c-461a-aa3e-e36681782016,7348c99b-1988-4715-bbf7-fe3031c33e58,5e69b988-c190-43d2-b5eb-fce5ec50b23b,1644074319655,13.4312224,52.4953368,5.800571,-2.3337507,0.43937778,-3.1819,on bike mount,cyclo cross,True,sett,intermediate
66691eed-5d7c-461a-aa3e-e36681782016,7348c99b-1988-4715-bbf7-fe3031c33e58,78f5eeea-4385-4492-aa7e-78cdb0656952,1644074319710,13.4312224,52.4953368,5.800571,-3.1214406,-0.2552514,0.2791958,on bike mount,cyclo cross,True,sett,intermediate
66691eed-5d7c-461a-aa3e-e36681782016,7348c99b-1988-4715-bbf7-fe3031c33e58,da237209-a958-46a4-bea8-09a640e32f61,1644074319766,13.4312224,52.4953368,5.800571,0.093655884,0.094117165,4.601062,on bike mount,cyclo cross,True,sett,intermediate
66691eed-5d7c-461a-aa3e-e36681782016,7348c99b-1988-4715-bbf7-fe3031c33e58,98db0bf3-d67e-4bb2-a8b2-d0cfcfb6c729,1644074319821,13.4312224,52.4953368,5.800571,-5.3659706,-1.392003,-0.53099537,on bike mount,cyclo cross,True,sett,intermediate
66691eed-5d7c-461a-aa3e-e36681782016,7348c99b-1988-4715-bbf7-fe3031c33e58,e5a26a60-766e-490b-bb47-37a9c640bd5e,1644074319878,13.4312224,52.4953368,5.800571,0.10612337,2.688674,-3.6113267,on bike mount,cyclo cross,True,sett,intermediate
66691eed-5d7c-461a-aa3e-e36681782016,7348c99b-1988-4715-bbf7-fe3031c33e58,f2cf5343-a117-4c93-81d5-c69ff37f65ae,1644074319933,13.4312224,52.4953368,5.800571,-1.0848682,-12.929929,11.802945,on bike mount,cyclo cross,True,sett,intermediate
66691eed-5d7c-461a-aa3e-e36681782016,7348c99b-1988-4715-bbf7-fe3031c33e58,45b14598-fc62-4858-b679-fa390033ca85,1644074319989,13.4312224,52.4953368,5.800571,0.007396981,-3.9170203,11.765277,on bike mount,cyclo cross,True,sett,intermediate
66691eed-5d7c-461a-aa3e-e36681782016,7348c99b-1988-4715-bbf7-fe3031c33e58,af0f5eca-c587-494b-bcc4-be0aa87b510b,1644074320044,13.4312224,52.4953368,5.800571,0.74575293,2.2824283,-7.838353,on bike mount,cyclo cross,True,sett,intermediate
66691eed-5d7c-461a-aa3e-e36681782016,7348c99b-1988-4715-bbf7-fe3031c33e58,3a87b50c-7c09-43c3-bff3-4031ebd79594,1644074320099,13.4312224,52.4953368,5.800571,-2.2963583,-7.085938,-6.603472,on bike mount,cyclo cross,True,sett,intermediate
66691eed-5d7c-461a-aa3e-e36681782016,7348c99b-1988-4715-bbf7-fe3031c33e58,7ffcc265-bcee-4edd-b864-047fc6da59e4,1644074320155,13.4312224,52.4953368,5.800571,2.196145,1.4170809,-9.981176,on bike mount,cyclo cross,True,sett,intermediate
66691eed-5d7c-461a-aa3e-e36681782016,7348c99b-1988-4715-bbf7-fe3031c33e58,6f069a7d-a5dc-4729-a1a8-0de09eccec77,1644074320211,13.4312224,52.4953368,5.800571,2.7513623,-9.415687,11.79545,on bike mount,cyclo cross,True,sett,intermediate
66691eed-5d7c-461a-aa3e-e36681782016,7348c99b-1988-4715-bbf7-fe3031c33e58,2460d840-1d9d-4f42-80ab-bc2adab93c5e,1644074320265,13.4312224,52.4953368,5.800571,-0.93544495,-0.5148349,13.724403,on bike mount,cyclo cross,True,sett,intermediate
66691eed-5d7c-461a-aa3e-e36681782016,7348c99b-1988-4715-bbf7-fe3031c33e58,7b356358-6d4f-4be8-ad9b-1b33d01ea568,1644074320321,13.4312224,52.4953368,5.800571,2.0445397,13.544695,-18.427109,on bike mount,cyclo cross,True,sett,intermediate
66691eed-5d7c-461a-aa3e-e36681782016,7348c99b-1988-4715-bbf7-fe3031c33e58,9f4e926d-5929-4972-b82c-e66b9b10ea51,1644074320377,13.4312224,52.4953368,5.800571,0.89921796,3.0089893,-14.536906,on bike mount,cyclo cross,True,sett,intermediate
66691eed-5d7c-461a-aa3e-e36681782016,7348c99b-1988-4715-bbf7-fe3031c33e58,8cb63e5e-14e9-48e9-b382-ce7daee0882e,1644074320433,13.4312224,52.4953368,5.800571,1.1095489,-9.973543,21.378746,on bike mount,cyclo cross,True,sett,intermediate
66691eed-5d7c-461a-aa3e-e36681782016,7348c99b-1988-4715-bbf7-fe3031c33e58,0863b413-2ec5-4239-bf31-b1339695ed9b,1644074320490,13.4312224,52.4953368,5.800571,0.4942478,2.8188367,-7.289338,on bike mount,cyclo cross,True,sett,intermediate
66691eed-5d7c-461a-aa3e-e36681782016,7348c99b-1988-4715-bbf7-fe3031c33e58,df2bee4b-2af9-4a17-ab03-0d32c819680b,1644074320543,13.4311448,52.495367,5.5645685,1.0500233,10.631517,-5.670807,on bike mount,cyclo cross,True,sett,intermediate
66691eed-5d7c-461a-aa3e-e36681782016,7348c99b-1988-4715-bbf7-fe3031c33e58,23bd4f7d-0dad-40f5-8414-716065e5ef0f,1644074320599,13.4311448,52.495367,5.5645685,-1.9962829,0.7636714,6.6825533,on bike mount,cyclo cross,True,sett,intermediate
66691eed-5d7c-461a-aa3e-e36681782016,7348c99b-1988-4715-bbf7-fe3031c33e58,ee03d631-d19b-436b-a1dc-331c67e71e90,1644074320654,13.4311448,52.495367,5.5645685,0.8283588,-6.1844935,14.673641,on bike mount,cyclo cross,True,sett,intermediate
66691eed-5d7c-461a-aa3e-e36681782016,7348c99b-1988-4715-bbf7-fe3031c33e58,fa214a28-8462-41f3-8020-0760b620ca0f,1644074320711,13.4311448,52.495367,5.5645685,-10.408931,30.207668,-45.335617,on bike mount,cyclo cross,True,sett,intermediate
66691eed-5d7c-461a-aa3e-e36681782016,7348c99b-1988-4715-bbf7-fe3031c33e58,59bf3001-7152-4f93-bcc5-00f3abe00bb1,1644074320766,13.4311448,52.495367,5.5645685,-3.0688777,17.307268,21.019104,on bike mount,cyclo cross,True,sett,intermediate
66691eed-5d7c-461a-aa3e-e36681782016,7348c99b-1988-4715-bbf7-fe3031c33e58,dbd0b89d-0779-478e-baf0-16631d1ccaab,1644074320821,13.4311448,52.495367,5.5645685,-4.284117,-1.9124593,-7.1635966,on bike mount,cyclo cross,True,sett,intermediate
66691eed-5d7c-461a-aa3e-e36681782016,7348c99b-1988-4715-bbf7-fe3031c33e58,573bcb59-0076-43f1-b1de-647fcd0c868d,1644074320877,13.4311448,52.495367,5.5645685,-1.6938245,-2.1604078,-5.5616264,on bike mount,cyclo cross,True,sett,intermediate
66691eed-5d7c-461a-aa3e-e36681782016,7348c99b-1988-4715-bbf7-fe3031c33e58,40cbb65f-7002-4123-97f0-7c1f7be60980,1644074320935,13.4311448,52.495367,5.5645685,-0.096791536,-11.294774,-10.170963,on bike mount,cyclo cross,True,sett,intermediate
66691eed-5d7c-461a-aa3e-e36681782016,7348c99b-1988-4715-bbf7-fe3031c33e58,c2bcd30b-d70e-4181-a5a1-654bcf8b87bf,1644074320988,13.4311448,52.495367,5.5645685,1.4793328,-20.086681,-0.5748186,on bike mount,cyclo cross,True,sett,intermediate
66691eed-5d7c-461a-aa3e-e36681782016,7348c99b-1988-4715-bbf7-fe3031c33e58,f3125a9b-d62e-452c-9493-567c542b234b,1644074321044,13.4311448,52.495367,5.5645685,-4.019692,0.5436888,-12.095269,on bike mount,cyclo cross,True,sett,intermediate
66691eed-5d7c-461a-aa3e-e36681782016,7348c99b-1988-4715-bbf7-fe3031c33e58,e3a67dd2-a805-43a9-8e12-c44e8b521efd,1644074321100,13.4311448,52.495367,5.5645685,1.5406294,-18.98912,10.571413,on bike mount,cyclo cross,True,sett,intermediate
66691eed-5d7c-461a-aa3e-e36681782016,7348c99b-1988-4715-bbf7-fe3031c33e58,f237fc7a-bd13-4c64-a825-adde6dd57279,1644074321155,13.4311448,52.495367,5.5645685,-3.9260585,8.600599,-9.049072,on bike mount,cyclo cross,True,sett,intermediate
66691eed-5d7c-461a-aa3e-e36681782016,7348c99b-1988-4715-bbf7-fe3031c33e58,d767e85a-fe39-41dc-bba9-d89d27a9e75e,1644074321210,13.4311448,52.495367,5.5645685,0.64041495,-6.807355,8.615367,on bike mount,cyclo cross,True,sett,intermediate
66691eed-5d7c-461a-aa3e-e36681782016,7348c99b-1988-4715-bbf7-fe3031c33e58,e6483a38-cd8e-454f-8778-ad28bfdfe0f5,1644074321268,13.4311448,52.495367,5.5645685,2.9156172,-0.65885425,8.586283,on bike mount,cyclo cross,True,sett,intermediate
66691eed-5d7c-461a-aa3e-e36681782016,7348c99b-1988-4715-bbf7-fe3031c33e58,3cc8a822-42dd-4457-93c6-29476da594b9,1644074321321,13.4311448,52.495367,5.5645685,-2.7122586,-6.45733,-11.506401,on bike mount,cyclo cross,True,sett,intermediate
66691eed-5d7c-461a-aa3e-e36681782016,7348c99b-1988-4715-bbf7-fe3031c33e58,6ef5ceaa-629d-4b8b-9474-fdc553866926,1644074321376,13.4311448,52.495367,5.5645685,4.2049475,3.1648912,-0.15347481,on bike mount,cyclo cross,True,sett,intermediate
66691eed-5d7c-461a-aa3e-e36681782016,7348c99b-1988-4715-bbf7-fe3031c33e58,dbfed025-2251-4de2-bfb7-42f84f219beb,1644074321433,13.4311448,52.495367,5.5645685,1.0962999,-10.728572,-2.4331603,on bike mount,cyclo cross,True,sett,intermediate
66691eed-5d7c-461a-aa3e-e36681782016,7348c99b-1988-4715-bbf7-fe3031c33e58,434451e0-9635-4986-ada0-542e6bee4888,1644074321488,13.4310691,52.4953911,5.1331477,-0.25335103,11.705746,5.6795645,on bike mount,cyclo cross,True,sett,intermediate
66691eed-5d7c-461a-aa3e-e36681782016,7348c99b-1988-4715-bbf7-fe3031c33e58,b9227d75-495c-4972-86c3-fdd5c2d5da23,1644074321543,13.4310691,52.4953911,5.1331477,-0.5127436,-19.252651,8.720562,on bike mount,cyclo cross,True,sett,intermediate
66691eed-5d7c-461a-aa3e-e36681782016,7348c99b-1988-4715-bbf7-fe3031c33e58,2c2ac5a8-18d2-43bd-84e1-ad1378974738,1644074321623,13.4310691,52.4953911,5.1331477,5.0297,-12.7828865,-0.29010296,on bike mount,cyclo cross,True,sett,intermediate
66691eed-5d7c-461a-aa3e-e36681782016,7348c99b-1988-4715-bbf7-fe3031c33e58,eeb09ed5-955d-4ba9-a842-a8b01c7d5bb9,1644074321676,13.4310691,52.4953911,5.1331477,2.527358,6.1264515,7.044155,on bike mount,cyclo cross,True,sett,intermediate
66691eed-5d7c-461a-aa3e-e36681782016,7348c99b-1988-4715-bbf7-fe3031c33e58,20a25e79-304d-4d82-9cf5-196b9faa7bcc,1644074321732,13.4310691,52.4953911,5.1331477,8.367627,16.6338,-4.8222656,on bike mount,cyclo cross,True,sett,intermediate
66691eed-5d7c-461a-aa3e-e36681782016,7348c99b-1988-4715-bbf7-fe3031c33e58,8f57ea71-7638-42f9-922d-3b097a8234ea,1644074321788,13.4310691,52.4953911,5.1331477,2.3835878,-0.38152695,-13.374826,on bike mount,cyclo cross,True,sett,intermediate
66691eed-5d7c-461a-aa3e-e36681782016,7348c99b-1988-4715-bbf7-fe3031c33e58,6649ee1d-99ee-444e-9c97-11ff125ff5a4,1644074321843,13.4310691,52.4953911,5.1331477,8.803601,5.432433,0.24849796,on bike mount,cyclo cross,True,sett,intermediate
66691eed-5d7c-461a-aa3e-e36681782016,7348c99b-1988-4715-bbf7-fe3031c33e58,23796138-5877-42b8-9f27-c992f10b055a,1644074321898,13.4310691,52.4953911,5.1331477,-8.178873,-9.750684,18.750317,on bike mount,cyclo cross,True,sett,intermediate
66691eed-5d7c-461a-aa3e-e36681782016,7348c99b-1988-4715-bbf7-fe3031c33e58,d86bb124-1c04-4842-8966-36a2b4f2067a,1644074321955,13.4310691,52.4953911,5.1331477,-0.32068884,-7.439626,-3.872448,on bike mount,cyclo cross,True,sett,intermediate
66691eed-5d7c-461a-aa3e-e36681782016,7348c99b-1988-4715-bbf7-fe3031c33e58,6770d9b2-9da0-41d2-ae37-79e04ea2e036,1644074322009,13.4310691,52.4953911,5.1331477,5.9849668,-5.037374,5.521571,on bike mount,cyclo cross,True,sett,intermediate
66691eed-5d7c-461a-aa3e-e36681782016,7348c99b-1988-4715-bbf7-fe3031c33e58,e36699e9-2581-49f4-a6d4-1054892a77f7,1644074322065,13.4310691,52.4953911,5.1331477,-2.8394852,-12.20667,18.371147,on bike mount,cyclo cross,True,sett,intermediate
66691eed-5d7c-461a-aa3e-e36681782016,7348c99b-1988-4715-bbf7-fe3031c33e58,88c3c7b7-1a3a-4e7a-967a-f6c0337b4423,1644074322122,13.4310691,52.4953911,5.1331477,4.303381,5.853039,-2.5218916,on bike mount,cyclo cross,True,sett,intermediate
66691eed-5d7c-461a-aa3e-e36681782016,7348c99b-1988-4715-bbf7-fe3031c33e58,3e2685a3-f817-40d8-b311-9bf28cdbd1fe,1644074322177,13.4310691,52.4953911,5.1331477,-1.932158,2.6630297,-8.820546,on bike mount,cyclo cross,True,sett,intermediate
66691eed-5d7c-461a-aa3e-e36681782016,7348c99b-1988-4715-bbf7-fe3031c33e58,cc8b47ef-3918-4463-ad25-683f60c82bc0,1644074322235,13.4310691,52.4953911,5.1331477,0.19446081,-6.514336,-7.433868,on bike mount,cyclo cross,True,sett,intermediate
66691eed-5d7c-461a-aa3e-e36681782016,7348c99b-1988-4715-bbf7-fe3031c33e58,a0e9cffd-095b-4128-ad15-9d76a6ea0adb,1644074322288,13.4310691,52.4953911,5.1331477,-0.1832987,-21.038353,20.972427,on bike mount,cyclo cross,True,sett,intermediate
66691eed-5d7c-461a-aa3e-e36681782016,7348c99b-1988-4715-bbf7-fe3031c33e58,83a82b3f-4af4-4d1c-a78b-ea5e79ca6fd5,1644074322343,13.4310691,52.4953911,5.1331477,6.620136,-6.2701035,0.53464985,on bike mount,cyclo cross,True,sett,intermediate
66691eed-5d7c-461a-aa3e-e36681782016,7348c99b-1988-4715-bbf7-fe3031c33e58,a5a17eae-ecb4-461f-85db-ecf7ef6cf96a,1644074322398,13.4310691,52.4953911,5.1331477,1.3296033,-2.2220736,-4.5894833,on bike mount,cyclo cross,True,sett,intermediate
66691eed-5d7c-461a-aa3e-e36681782016,7348c99b-1988-4715-bbf7-fe3031c33e58,458cce79-d3e3-4b8f-a89d-e58c7efa4b66,1644074322455,13.4310691,52.4953911,5.1331477,-0.9977915,-12.040596,9.45043,on bike mount,cyclo cross,True,sett,intermediate
66691eed-5d7c-461a-aa3e-e36681782016,7348c99b-1988-4715-bbf7-fe3031c33e58,8363859b-2dd5-4da9-b0eb-6aebc7295858,1644074322535,13.4309973,52.4954126,5.095323,-0.705011,-2.1695604,-5.0358763,on bike mount,cyclo cross,True,sett,intermediate
66691eed-5d7c-461a-aa3e-e36681782016,7348c99b-1988-4715-bbf7-fe3031c33e58,ac498658-8b89-4160-b10e-5a0ae1bfdb29,1644074322587,13.4309973,52.4954126,5.095323,1.9671011,-5.7605457,5.569481,on bike mount,cyclo cross,True,sett,intermediate
