bike_activity_uid,bike_activity_sample_uid,bike_activity_measurement,bike_activity_measurement_timestamp,bike_activity_measurement_lon,bike_activity_measurement_lat,bike_activity_measurement_speed,bike_activity_measurement_accelerometer_x,bike_activity_measurement_accelerometer_y,bike_activity_measurement_accelerometer_z,bike_activity_phone_position,bike_activity_bike_type,bike_activity_flagged_lab_conditions,bike_activity_surface_type,bike_activity_smoothness_type
6829de33-aa39-48ff-a809-5a8a92c2a471,6fa0e4da-44f3-4944-8f85-662ca00293e8,47414ae3-440e-40c5-b080-5667dd753d27,1633253691240,14.5203216,52.1426526,5.0037465,0.58568156,0.28433132,-0.13364506,on bike mount,cyclo cross,False,asphalt,excellent
6829de33-aa39-48ff-a809-5a8a92c2a471,6fa0e4da-44f3-4944-8f85-662ca00293e8,b8a299af-105e-4b17-931c-daf1f93364c3,1633253691291,14.5203216,52.1426526,5.0037465,1.8006285,1.461719,-1.5041966,on bike mount,cyclo cross,False,asphalt,excellent
6829de33-aa39-48ff-a809-5a8a92c2a471,6fa0e4da-44f3-4944-8f85-662ca00293e8,83c8a0d0-6c8e-4b92-81ec-67e905a52d12,1633253691357,14.5203216,52.1426526,5.0037465,0.7088496,-1.2527391,0.75312614,on bike mount,cyclo cross,False,asphalt,excellent
6829de33-aa39-48ff-a809-5a8a92c2a471,6fa0e4da-44f3-4944-8f85-662ca00293e8,89f34442-674d-4b41-9290-d0a2c59572fa,1633253691407,14.5203216,52.1426526,5.0037465,-0.4612726,-2.2092857,1.543889,on bike mount,cyclo cross,False,asphalt,excellent
6829de33-aa39-48ff-a809-5a8a92c2a471,6fa0e4da-44f3-4944-8f85-662ca00293e8,f78d2b7d-8542-425e-8131-7ab016af5a46,1633253691457,14.5203216,52.1426526,5.0037465,-0.21597224,-0.1600678,-0.8014355,on bike mount,cyclo cross,False,asphalt,excellent
6829de33-aa39-48ff-a809-5a8a92c2a471,6fa0e4da-44f3-4944-8f85-662ca00293e8,3f307798-6be5-479c-a3e3-10522b061ed7,1633253691507,14.5203216,52.1426526,5.0037465,0.06224174,-0.22863507,0.47543526,on bike mount,cyclo cross,False,asphalt,excellent
6829de33-aa39-48ff-a809-5a8a92c2a471,6fa0e4da-44f3-4944-8f85-662ca00293e8,e9e27414-5c67-4b3b-8252-69a53464ec40,1633253691557,14.5203216,52.1426526,5.0037465,0.43502274,1.3967249,0.62712765,on bike mount,cyclo cross,False,asphalt,excellent
6829de33-aa39-48ff-a809-5a8a92c2a471,6fa0e4da-44f3-4944-8f85-662ca00293e8,4d4ab826-2b39-46b7-8552-02525c268d82,1633253691607,14.5203216,52.1426526,5.0037465,-0.616945,-0.4559977,-0.1322527,on bike mount,cyclo cross,False,asphalt,excellent
6829de33-aa39-48ff-a809-5a8a92c2a471,6fa0e4da-44f3-4944-8f85-662ca00293e8,537307f1-1d8e-480b-b32e-0ca2d5a2e99b,1633253691657,14.5203216,52.1426526,5.0037465,0.06390295,0.11328483,-0.6271696,on bike mount,cyclo cross,False,asphalt,excellent
6829de33-aa39-48ff-a809-5a8a92c2a471,6fa0e4da-44f3-4944-8f85-662ca00293e8,1205b0e8-3b9f-480e-b183-ede9a6f582aa,1633253691708,14.5203216,52.1426526,5.0037465,-0.15785977,0.87448525,0.5082016,on bike mount,cyclo cross,False,asphalt,excellent
6829de33-aa39-48ff-a809-5a8a92c2a471,6fa0e4da-44f3-4944-8f85-662ca00293e8,0933e995-f62e-4dc4-a336-ff59f2c04f33,1633253691759,14.5203216,52.1426526,5.0037465,-0.24435312,0.8649583,-0.37083817,on bike mount,cyclo cross,False,asphalt,excellent
6829de33-aa39-48ff-a809-5a8a92c2a471,6fa0e4da-44f3-4944-8f85-662ca00293e8,6d5742a7-3f8e-4b3e-963f-c0e562616512,1633253691824,14.5203216,52.1426526,5.0037465,0.13123474,-0.301656,-1.482553,on bike mount,cyclo cross,False,asphalt,excellent
6829de33-aa39-48ff-a809-5a8a92c2a471,6fa0e4da-44f3-4944-8f85-662ca00293e8,88d1d42b-97bd-44d9-a042-c81695776e34,1633253691876,14.5203216,52.1426526,5.0037465,0.1584956,0.3372631,0.019893646,on bike mount,cyclo cross,False,asphalt,excellent
6829de33-aa39-48ff-a809-5a8a92c2a471,6fa0e4da-44f3-4944-8f85-662ca00293e8,7ada9187-a496-4a27-9ac5-410c095e1663,1633253691926,14.5203216,52.1426526,5.0037465,-0.8073666,0.22049642,-0.029985428,on bike mount,cyclo cross,False,asphalt,excellent
6829de33-aa39-48ff-a809-5a8a92c2a471,6fa0e4da-44f3-4944-8f85-662ca00293e8,7bca806b-ad2a-40cc-833d-9c6da2adf8fb,1633253691976,14.5203216,52.1426526,5.0037465,-0.1623661,0.74283004,0.9699125,on bike mount,cyclo cross,False,asphalt,excellent
6829de33-aa39-48ff-a809-5a8a92c2a471,6fa0e4da-44f3-4944-8f85-662ca00293e8,39afbad3-548c-412a-a7d8-2792039dda0c,1633253692042,14.5203216,52.1426526,5.0037465,-1.1980782,-0.92848563,1.0486345,on bike mount,cyclo cross,False,asphalt,excellent
6829de33-aa39-48ff-a809-5a8a92c2a471,6fa0e4da-44f3-4944-8f85-662ca00293e8,0365a352-eb6b-4732-a9eb-6c2f219ea5ea,1633253692092,14.5203216,52.1426526,5.0037465,1.031789,0.4233892,-0.46572304,on bike mount,cyclo cross,False,asphalt,excellent
6829de33-aa39-48ff-a809-5a8a92c2a471,6fa0e4da-44f3-4944-8f85-662ca00293e8,857200e6-f186-4846-8b30-265667934a49,1633253692158,14.5203947,52.1426569,4.9058733,-0.29266837,1.1069653,0.8019657,on bike mount,cyclo cross,False,asphalt,excellent
6829de33-aa39-48ff-a809-5a8a92c2a471,6fa0e4da-44f3-4944-8f85-662ca00293e8,88cf96f8-4854-4e25-9b8e-a1c296ca8d31,1633253692208,14.5203947,52.1426569,4.9058733,-0.08372897,2.7136579,1.0120449,on bike mount,cyclo cross,False,asphalt,excellent
6829de33-aa39-48ff-a809-5a8a92c2a471,6fa0e4da-44f3-4944-8f85-662ca00293e8,3a2090a1-8d19-4981-aa19-d7a365e1677b,1633253692259,14.5203947,52.1426569,4.9058733,1.24068,0.07108092,1.3496408,on bike mount,cyclo cross,False,asphalt,excellent
6829de33-aa39-48ff-a809-5a8a92c2a471,6fa0e4da-44f3-4944-8f85-662ca00293e8,23f5d7d2-d67f-4559-8c61-27cc2ab4a407,1633253692325,14.5203947,52.1426569,4.9058733,0.6543939,0.81476307,-0.23081875,on bike mount,cyclo cross,False,asphalt,excellent
6829de33-aa39-48ff-a809-5a8a92c2a471,6fa0e4da-44f3-4944-8f85-662ca00293e8,8ffe7d08-73b8-4d7f-bed1-77e4988f341a,1633253692376,14.5203947,52.1426569,4.9058733,-0.23650113,-0.48046207,0.7640972,on bike mount,cyclo cross,False,asphalt,excellent
6829de33-aa39-48ff-a809-5a8a92c2a471,6fa0e4da-44f3-4944-8f85-662ca00293e8,f3d63331-5186-458a-a12b-8a947a6a9b4d,1633253692442,14.5203947,52.1426569,4.9058733,-0.06314525,0.88075733,-0.45756912,on bike mount,cyclo cross,False,asphalt,excellent
6829de33-aa39-48ff-a809-5a8a92c2a471,6fa0e4da-44f3-4944-8f85-662ca00293e8,93ecef85-399f-4e15-8608-865c11d88234,1633253692493,14.5203947,52.1426569,4.9058733,0.2612346,0.071368456,0.5468588,on bike mount,cyclo cross,False,asphalt,excellent
6829de33-aa39-48ff-a809-5a8a92c2a471,6fa0e4da-44f3-4944-8f85-662ca00293e8,12c25df1-7233-4dd5-af0c-03ca86ca2534,1633253692558,14.5203947,52.1426569,4.9058733,-1.4548045,0.36233377,-1.5132036,on bike mount,cyclo cross,False,asphalt,excellent
6829de33-aa39-48ff-a809-5a8a92c2a471,6fa0e4da-44f3-4944-8f85-662ca00293e8,37c68f21-cd4d-42c7-afa2-4007202401fd,1633253692608,14.5203947,52.1426569,4.9058733,0.88003457,0.49290752,-0.4813738,on bike mount,cyclo cross,False,asphalt,excellent
6829de33-aa39-48ff-a809-5a8a92c2a471,6fa0e4da-44f3-4944-8f85-662ca00293e8,4c258002-48e2-4226-a8b6-0649e73f1277,1633253692659,14.5203947,52.1426569,4.9058733,1.170066,0.3329084,-0.41523457,on bike mount,cyclo cross,False,asphalt,excellent
6829de33-aa39-48ff-a809-5a8a92c2a471,6fa0e4da-44f3-4944-8f85-662ca00293e8,fbf128a7-356a-444c-8142-169bc707398a,1633253692710,14.5203947,52.1426569,4.9058733,-0.7931045,1.181653,0.40305805,on bike mount,cyclo cross,False,asphalt,excellent
6829de33-aa39-48ff-a809-5a8a92c2a471,6fa0e4da-44f3-4944-8f85-662ca00293e8,49b7c49d-ec2a-4ef6-874d-5baf6521b637,1633253692760,14.5203947,52.1426569,4.9058733,0.17628363,1.7305903,1.5677862,on bike mount,cyclo cross,False,asphalt,excellent
6829de33-aa39-48ff-a809-5a8a92c2a471,6fa0e4da-44f3-4944-8f85-662ca00293e8,2b667044-eb88-4c04-92bf-fb69e5c9c891,1633253692810,14.5203947,52.1426569,4.9058733,-0.033147603,-0.6212878,0.50912666,on bike mount,cyclo cross,False,asphalt,excellent
6829de33-aa39-48ff-a809-5a8a92c2a471,6fa0e4da-44f3-4944-8f85-662ca00293e8,96e6ee2a-1926-4d49-8838-44efe6a94e07,1633253692859,14.5203947,52.1426569,4.9058733,0.15407981,-0.36804438,1.4087286,on bike mount,cyclo cross,False,asphalt,excellent
6829de33-aa39-48ff-a809-5a8a92c2a471,6fa0e4da-44f3-4944-8f85-662ca00293e8,9640a417-7a50-4d40-9b7e-9436156d6f26,1633253692909,14.5203947,52.1426569,4.9058733,0.79679114,-0.31152916,-0.8755183,on bike mount,cyclo cross,False,asphalt,excellent
6829de33-aa39-48ff-a809-5a8a92c2a471,6fa0e4da-44f3-4944-8f85-662ca00293e8,62fdf711-4836-4bd2-bece-c73bea3148ea,1633253692959,14.5203947,52.1426569,4.9058733,0.93174136,0.50121427,1.0080757,on bike mount,cyclo cross,False,asphalt,excellent
6829de33-aa39-48ff-a809-5a8a92c2a471,6fa0e4da-44f3-4944-8f85-662ca00293e8,31542eac-5601-4661-af2a-dca5861740a3,1633253693010,14.5203947,52.1426569,4.9058733,-1.2673298,-0.4623084,-0.56981754,on bike mount,cyclo cross,False,asphalt,excellent
6829de33-aa39-48ff-a809-5a8a92c2a471,6fa0e4da-44f3-4944-8f85-662ca00293e8,c49d7825-1ac3-4cec-a339-b57a7ee7c5f2,1633253693060,14.5203947,52.1426569,4.9058733,0.014538407,0.8602419,-1.2669077,on bike mount,cyclo cross,False,asphalt,excellent
6829de33-aa39-48ff-a809-5a8a92c2a471,6fa0e4da-44f3-4944-8f85-662ca00293e8,ea4b6800-dab4-4bff-8f9d-aa2a846ced39,1633253693111,14.5203947,52.1426569,4.9058733,-0.24211046,-0.565644,-0.5014105,on bike mount,cyclo cross,False,asphalt,excellent
6829de33-aa39-48ff-a809-5a8a92c2a471,6fa0e4da-44f3-4944-8f85-662ca00293e8,20ea5e00-5f98-476a-bc0d-0167f91e0ea1,1633253693176,14.5204642,52.1426596,4.9552116,0.33611718,1.4155068,-1.1379318,on bike mount,cyclo cross,False,asphalt,excellent
6829de33-aa39-48ff-a809-5a8a92c2a471,6fa0e4da-44f3-4944-8f85-662ca00293e8,32664771-5716-4f8b-8420-288fe19f2a2d,1633253693227,14.5204642,52.1426596,4.9552116,-0.8249105,1.0346854,-0.99589443,on bike mount,cyclo cross,False,asphalt,excellent
6829de33-aa39-48ff-a809-5a8a92c2a471,6fa0e4da-44f3-4944-8f85-662ca00293e8,2ccb42c5-ce46-475f-8d5f-db98461900a5,1633253693277,14.5204642,52.1426596,4.9552116,0.17940395,-1.7570126,0.5099535,on bike mount,cyclo cross,False,asphalt,excellent
6829de33-aa39-48ff-a809-5a8a92c2a471,6fa0e4da-44f3-4944-8f85-662ca00293e8,c58d7394-c90f-4dcf-9c50-f79bd9d3e427,1633253693327,14.5204642,52.1426596,4.9552116,0.63087296,-0.48837113,-0.59930897,on bike mount,cyclo cross,False,asphalt,excellent
6829de33-aa39-48ff-a809-5a8a92c2a471,6fa0e4da-44f3-4944-8f85-662ca00293e8,b9db219d-ad81-42f4-85f5-821e373a05b4,1633253693378,14.5204642,52.1426596,4.9552116,-0.23716907,-0.16659427,1.8316784,on bike mount,cyclo cross,False,asphalt,excellent
6829de33-aa39-48ff-a809-5a8a92c2a471,6fa0e4da-44f3-4944-8f85-662ca00293e8,2cb9253a-ac90-4fff-8b2a-36b13ecc5e57,1633253693428,14.5204642,52.1426596,4.9552116,-0.589859,0.17580771,-0.68681526,on bike mount,cyclo cross,False,asphalt,excellent
6829de33-aa39-48ff-a809-5a8a92c2a471,6fa0e4da-44f3-4944-8f85-662ca00293e8,9ad49b51-6177-4d87-8062-2732504f9dfd,1633253693478,14.5204642,52.1426596,4.9552116,0.33894622,1.0667045,0.64271545,on bike mount,cyclo cross,False,asphalt,excellent
6829de33-aa39-48ff-a809-5a8a92c2a471,6fa0e4da-44f3-4944-8f85-662ca00293e8,cc3b83f7-c7d7-4be2-9e93-d8f6198ca4b7,1633253693528,14.5204642,52.1426596,4.9552116,-0.71046174,1.5163145,0.5377989,on bike mount,cyclo cross,False,asphalt,excellent
6829de33-aa39-48ff-a809-5a8a92c2a471,6fa0e4da-44f3-4944-8f85-662ca00293e8,b9d19f53-b138-4095-9972-53f05ddb0cf3,1633253693594,14.5204642,52.1426596,4.9552116,0.92374784,-0.26906085,-0.34426403,on bike mount,cyclo cross,False,asphalt,excellent
6829de33-aa39-48ff-a809-5a8a92c2a471,6fa0e4da-44f3-4944-8f85-662ca00293e8,c5a5196b-1ed6-4381-baf0-58df5685cb91,1633253693644,14.5204642,52.1426596,4.9552116,-0.29359585,0.99658704,0.27306366,on bike mount,cyclo cross,False,asphalt,excellent
6829de33-aa39-48ff-a809-5a8a92c2a471,6fa0e4da-44f3-4944-8f85-662ca00293e8,ba200363-1144-4319-b3f4-30b3e5827c7c,1633253693694,14.5204642,52.1426596,4.9552116,-0.61057186,0.70720863,0.32846832,on bike mount,cyclo cross,False,asphalt,excellent
6829de33-aa39-48ff-a809-5a8a92c2a471,6fa0e4da-44f3-4944-8f85-662ca00293e8,d672083f-5157-4cbc-a2db-d40fd9dade48,1633253693745,14.5204642,52.1426596,4.9552116,-0.08994205,-1.0783937,1.614686,on bike mount,cyclo cross,False,asphalt,excellent
6829de33-aa39-48ff-a809-5a8a92c2a471,6fa0e4da-44f3-4944-8f85-662ca00293e8,cbdf412a-6dcb-485a-aabf-d670f85657e9,1633253693795,14.5204642,52.1426596,4.9552116,0.08357552,-0.7926817,-1.0325832,on bike mount,cyclo cross,False,asphalt,excellent
6829de33-aa39-48ff-a809-5a8a92c2a471,6fa0e4da-44f3-4944-8f85-662ca00293e8,59de9076-d0a7-41e1-9b88-ea637d834011,1633253693845,14.5204642,52.1426596,4.9552116,0.21608795,-0.17643833,1.4586525,on bike mount,cyclo cross,False,asphalt,excellent
6829de33-aa39-48ff-a809-5a8a92c2a471,6fa0e4da-44f3-4944-8f85-662ca00293e8,d8b861b8-aef1-4d97-98b4-e59c8e22cb71,1633253693895,14.5204642,52.1426596,4.9552116,-0.43475765,0.15573525,0.38345814,on bike mount,cyclo cross,False,asphalt,excellent
6829de33-aa39-48ff-a809-5a8a92c2a471,6fa0e4da-44f3-4944-8f85-662ca00293e8,427e9ee9-6a03-46eb-9f75-6f183fed2904,1633253693962,14.5204642,52.1426596,4.9552116,-0.4153118,-0.7688222,-0.091340065,on bike mount,cyclo cross,False,asphalt,excellent
6829de33-aa39-48ff-a809-5a8a92c2a471,6fa0e4da-44f3-4944-8f85-662ca00293e8,705b1ff2-db1b-43d4-9236-946a8c9243fb,1633253694013,14.5204642,52.1426596,4.9552116,0.3692259,-0.26417112,-0.10958958,on bike mount,cyclo cross,False,asphalt,excellent
6829de33-aa39-48ff-a809-5a8a92c2a471,6fa0e4da-44f3-4944-8f85-662ca00293e8,6bd1f4ef-7f7f-46c9-94cd-f93b19ca75dc,1633253694063,14.5204642,52.1426596,4.9552116,0.72889984,-0.6572075,1.2514067,on bike mount,cyclo cross,False,asphalt,excellent
6829de33-aa39-48ff-a809-5a8a92c2a471,6fa0e4da-44f3-4944-8f85-662ca00293e8,35f14496-77ac-4cb3-8a3b-7e1f273d534b,1633253694128,14.5205367,52.1426621,4.8945894,0.62745243,1.3387423,-0.62087536,on bike mount,cyclo cross,False,asphalt,excellent
6829de33-aa39-48ff-a809-5a8a92c2a471,6fa0e4da-44f3-4944-8f85-662ca00293e8,cc6fbaf9-c4ef-4396-8037-e2aff403b93f,1633253694178,14.5205367,52.1426621,4.8945894,0.44772553,-0.23588252,1.1380129,on bike mount,cyclo cross,False,asphalt,excellent
6829de33-aa39-48ff-a809-5a8a92c2a471,6fa0e4da-44f3-4944-8f85-662ca00293e8,fee39508-44d7-4bc7-b6b7-c076bc6f9681,1633253694229,14.5205367,52.1426621,4.8945894,0.7771667,-0.821903,-0.555501,on bike mount,cyclo cross,False,asphalt,excellent
6829de33-aa39-48ff-a809-5a8a92c2a471,6fa0e4da-44f3-4944-8f85-662ca00293e8,2dae0c50-e331-44f2-ae9b-41a0325ae07d,1633253694280,14.5205367,52.1426621,4.8945894,0.7944855,1.3844032,0.29533195,on bike mount,cyclo cross,False,asphalt,excellent
6829de33-aa39-48ff-a809-5a8a92c2a471,6fa0e4da-44f3-4944-8f85-662ca00293e8,967a5735-444f-422e-bc15-9729d5adc3f1,1633253694345,14.5205367,52.1426621,4.8945894,-0.27174097,-0.37731194,0.9384613,on bike mount,cyclo cross,False,asphalt,excellent
6829de33-aa39-48ff-a809-5a8a92c2a471,6fa0e4da-44f3-4944-8f85-662ca00293e8,2e90612c-3e6c-44e2-8103-669e5b1edf05,1633253694396,14.5205367,52.1426621,4.8945894,0.3443929,-0.11694217,0.09753418,on bike mount,cyclo cross,False,asphalt,excellent
6829de33-aa39-48ff-a809-5a8a92c2a471,6fa0e4da-44f3-4944-8f85-662ca00293e8,5f551f04-3b8f-4843-b212-36c2605eff84,1633253694462,14.5205367,52.1426621,4.8945894,-0.13158368,0.65131855,-0.29107285,on bike mount,cyclo cross,False,asphalt,excellent
6829de33-aa39-48ff-a809-5a8a92c2a471,6fa0e4da-44f3-4944-8f85-662ca00293e8,cdaa8314-8f1d-4218-b128-f0f5a5dc39af,1633253694512,14.5205367,52.1426621,4.8945894,0.11084679,-1.8992239,0.5840273,on bike mount,cyclo cross,False,asphalt,excellent
6829de33-aa39-48ff-a809-5a8a92c2a471,6fa0e4da-44f3-4944-8f85-662ca00293e8,643ec342-31cf-4e5a-8e9d-0953c05653b9,1633253694563,14.5205367,52.1426621,4.8945894,-0.61777985,1.8562059,-0.5476532,on bike mount,cyclo cross,False,asphalt,excellent
6829de33-aa39-48ff-a809-5a8a92c2a471,6fa0e4da-44f3-4944-8f85-662ca00293e8,b2bcc83e-6c8f-4819-986a-d44ba80e352d,1633253694630,14.5205367,52.1426621,4.8945894,-0.1909878,0.2584579,0.4641857,on bike mount,cyclo cross,False,asphalt,excellent
6829de33-aa39-48ff-a809-5a8a92c2a471,6fa0e4da-44f3-4944-8f85-662ca00293e8,05f29a17-d856-4b4d-b25b-39b8bea33139,1633253694680,14.5205367,52.1426621,4.8945894,-0.8269089,-0.5045471,-1.3614259,on bike mount,cyclo cross,False,asphalt,excellent
6829de33-aa39-48ff-a809-5a8a92c2a471,6fa0e4da-44f3-4944-8f85-662ca00293e8,b9eb1470-eedf-49ac-ac17-9dc188f03f0c,1633253694730,14.5205367,52.1426621,4.8945894,-0.3667321,-0.16696954,1.6730442,on bike mount,cyclo cross,False,asphalt,excellent
6829de33-aa39-48ff-a809-5a8a92c2a471,6fa0e4da-44f3-4944-8f85-662ca00293e8,1be00d3b-a9dc-4dee-9d9c-d4f778998bd1,1633253694780,14.5205367,52.1426621,4.8945894,0.04068052,-1.6339905,0.17792416,on bike mount,cyclo cross,False,asphalt,excellent
6829de33-aa39-48ff-a809-5a8a92c2a471,6fa0e4da-44f3-4944-8f85-662ca00293e8,45f01f0c-c7b1-48f7-a07b-da1810593852,1633253694831,14.5205367,52.1426621,4.8945894,1.2299654,-0.19224882,0.4054041,on bike mount,cyclo cross,False,asphalt,excellent
6829de33-aa39-48ff-a809-5a8a92c2a471,6fa0e4da-44f3-4944-8f85-662ca00293e8,5b3e1446-8c9b-41f1-81ca-ad64c39a6970,1633253694881,14.5205367,52.1426621,4.8945894,-0.6455898,0.3905108,0.14471054,on bike mount,cyclo cross,False,asphalt,excellent
6829de33-aa39-48ff-a809-5a8a92c2a471,6fa0e4da-44f3-4944-8f85-662ca00293e8,39302437-1468-4cc1-99d6-80d58bd594a0,1633253694931,14.5205367,52.1426621,4.8945894,-0.50163674,-1.2935921,-0.19451714,on bike mount,cyclo cross,False,asphalt,excellent
6829de33-aa39-48ff-a809-5a8a92c2a471,6fa0e4da-44f3-4944-8f85-662ca00293e8,2a8ad88e-3657-4611-91c6-e959af100f39,1633253694981,14.5205367,52.1426621,4.8945894,-0.24384567,-0.86431074,1.643383,on bike mount,cyclo cross,False,asphalt,excellent
6829de33-aa39-48ff-a809-5a8a92c2a471,6fa0e4da-44f3-4944-8f85-662ca00293e8,e4e400ac-3557-4139-afc2-f445112383c0,1633253695047,14.5205367,52.1426621,4.8945894,-0.0086066425,-0.039695263,0.17925262,on bike mount,cyclo cross,False,asphalt,excellent
6829de33-aa39-48ff-a809-5a8a92c2a471,6fa0e4da-44f3-4944-8f85-662ca00293e8,569b8153-e3aa-4d39-8701-c0ee39f213fb,1633253695097,14.5205367,52.1426621,4.8945894,-1.1122245,0.4559574,0.25890923,on bike mount,cyclo cross,False,asphalt,excellent
6829de33-aa39-48ff-a809-5a8a92c2a471,6fa0e4da-44f3-4944-8f85-662ca00293e8,e8052527-8614-4960-8544-e45aa2f4e48c,1633253695147,14.5206093,52.1426637,5.001379,-0.45336878,1.1984258,-0.6633911,on bike mount,cyclo cross,False,asphalt,excellent
6829de33-aa39-48ff-a809-5a8a92c2a471,6fa0e4da-44f3-4944-8f85-662ca00293e8,f42267ba-8930-403a-8500-6c6c8b384f03,1633253695198,14.5206093,52.1426637,5.001379,0.56556547,0.49033093,-0.39972687,on bike mount,cyclo cross,False,asphalt,excellent
6829de33-aa39-48ff-a809-5a8a92c2a471,6fa0e4da-44f3-4944-8f85-662ca00293e8,3c6a2e32-153a-425a-a035-e0a4fef42e9a,1633253695263,14.5206093,52.1426637,5.001379,0.1343444,-0.04996562,1.1911268,on bike mount,cyclo cross,False,asphalt,excellent
6829de33-aa39-48ff-a809-5a8a92c2a471,6fa0e4da-44f3-4944-8f85-662ca00293e8,8fb9306a-1b24-4c59-897d-e463de791ec7,1633253695314,14.5206093,52.1426637,5.001379,-0.21787989,0.10819602,0.92900276,on bike mount,cyclo cross,False,asphalt,excellent
6829de33-aa39-48ff-a809-5a8a92c2a471,6fa0e4da-44f3-4944-8f85-662ca00293e8,194b3e10-5ac2-420c-87d6-c153c0e4c5be,1633253695364,14.5206093,52.1426637,5.001379,0.20954648,1.2845507,-0.47180367,on bike mount,cyclo cross,False,asphalt,excellent
6829de33-aa39-48ff-a809-5a8a92c2a471,6fa0e4da-44f3-4944-8f85-662ca00293e8,db8890ed-eb6d-44c3-b40a-f61719ecd272,1633253695415,14.5206093,52.1426637,5.001379,0.30558386,-0.11200714,0.8461571,on bike mount,cyclo cross,False,asphalt,excellent
6829de33-aa39-48ff-a809-5a8a92c2a471,6fa0e4da-44f3-4944-8f85-662ca00293e8,0afecc08-4643-46a7-b89f-5ffcad222694,1633253695481,14.5206093,52.1426637,5.001379,-0.51588917,-0.8779199,-0.5411854,on bike mount,cyclo cross,False,asphalt,excellent
6829de33-aa39-48ff-a809-5a8a92c2a471,6fa0e4da-44f3-4944-8f85-662ca00293e8,f068c756-971e-4695-97a9-d965bf86acce,1633253695531,14.5206093,52.1426637,5.001379,-0.3385624,0.26413321,0.5109329,on bike mount,cyclo cross,False,asphalt,excellent
6829de33-aa39-48ff-a809-5a8a92c2a471,6fa0e4da-44f3-4944-8f85-662ca00293e8,96f615a7-0568-4cd9-9f10-865a32fb3b8b,1633253695581,14.5206093,52.1426637,5.001379,0.5657407,-0.13256335,-0.43701077,on bike mount,cyclo cross,False,asphalt,excellent
6829de33-aa39-48ff-a809-5a8a92c2a471,6fa0e4da-44f3-4944-8f85-662ca00293e8,0056895e-3053-4b24-8a90-b2b1d51f9e82,1633253695631,14.5206093,52.1426637,5.001379,0.6897551,-0.1793251,-0.17391872,on bike mount,cyclo cross,False,asphalt,excellent
6829de33-aa39-48ff-a809-5a8a92c2a471,6fa0e4da-44f3-4944-8f85-662ca00293e8,60dc3461-fc5d-4dd9-93de-11e12fb59b53,1633253695682,14.5206093,52.1426637,5.001379,0.07549132,0.84896207,-0.5694256,on bike mount,cyclo cross,False,asphalt,excellent
6829de33-aa39-48ff-a809-5a8a92c2a471,6fa0e4da-44f3-4944-8f85-662ca00293e8,6eeaf9b3-891a-4448-b686-9c7f945dc3ad,1633253695733,14.5206093,52.1426637,5.001379,0.26998863,-0.9036361,1.4657288,on bike mount,cyclo cross,False,asphalt,excellent
6829de33-aa39-48ff-a809-5a8a92c2a471,6fa0e4da-44f3-4944-8f85-662ca00293e8,d5f1a80b-42ad-42e3-a68a-a6acc386c6cf,1633253695784,14.5206093,52.1426637,5.001379,0.46775067,-0.70010257,0.42052364,on bike mount,cyclo cross,False,asphalt,excellent
6829de33-aa39-48ff-a809-5a8a92c2a471,6fa0e4da-44f3-4944-8f85-662ca00293e8,062a61d5-f75c-4e1b-a75d-de1ddf9ecd39,1633253695833,14.5206093,52.1426637,5.001379,0.59723943,-0.2416184,0.39969254,on bike mount,cyclo cross,False,asphalt,excellent
6829de33-aa39-48ff-a809-5a8a92c2a471,6fa0e4da-44f3-4944-8f85-662ca00293e8,512b41dd-b2d8-4621-a9a5-fc68a9bb0d51,1633253695883,14.5206093,52.1426637,5.001379,-0.25785774,0.1874435,0.5537176,on bike mount,cyclo cross,False,asphalt,excellent
6829de33-aa39-48ff-a809-5a8a92c2a471,6fa0e4da-44f3-4944-8f85-662ca00293e8,fb11b275-1282-4233-a4b5-70595d4700fa,1633253695948,14.5206093,52.1426637,5.001379,1.0451033,-0.31638908,0.90487957,on bike mount,cyclo cross,False,asphalt,excellent
6829de33-aa39-48ff-a809-5a8a92c2a471,6fa0e4da-44f3-4944-8f85-662ca00293e8,ed524251-0277-43ae-b839-6c985fce42a8,1633253695998,14.5206093,52.1426637,5.001379,-0.19545299,-1.5547262,1.7933607,on bike mount,cyclo cross,False,asphalt,excellent
6829de33-aa39-48ff-a809-5a8a92c2a471,6fa0e4da-44f3-4944-8f85-662ca00293e8,02a76c74-bef3-4f61-85b6-f0c58f389290,1633253696049,14.5206093,52.1426637,5.001379,-0.4507861,0.8641119,1.8978682,on bike mount,cyclo cross,False,asphalt,excellent
6829de33-aa39-48ff-a809-5a8a92c2a471,6fa0e4da-44f3-4944-8f85-662ca00293e8,c19c1064-60a5-4400-9c86-ed1f5bdd4bbd,1633253696101,14.5206093,52.1426637,5.001379,-0.5910157,1.4570155,0.4621849,on bike mount,cyclo cross,False,asphalt,excellent
6829de33-aa39-48ff-a809-5a8a92c2a471,6fa0e4da-44f3-4944-8f85-662ca00293e8,cea01971-8633-4cc4-83b8-4e8bac51dc61,1633253696150,14.5206801,52.1426663,4.8797803,1.0887151,-0.58138967,-0.91640806,on bike mount,cyclo cross,False,asphalt,excellent
6829de33-aa39-48ff-a809-5a8a92c2a471,6fa0e4da-44f3-4944-8f85-662ca00293e8,6409611a-6b46-4e6a-ab8e-813894d58a8a,1633253696215,14.5206801,52.1426663,4.8797803,1.0843858,0.046466112,0.8602705,on bike mount,cyclo cross,False,asphalt,excellent
6829de33-aa39-48ff-a809-5a8a92c2a471,6fa0e4da-44f3-4944-8f85-662ca00293e8,4b33b62b-2820-4e59-83f0-2ef445ceaba1,1633253696265,14.5206801,52.1426663,4.8797803,0.3848887,1.260674,-0.2177,on bike mount,cyclo cross,False,asphalt,excellent
6829de33-aa39-48ff-a809-5a8a92c2a471,6fa0e4da-44f3-4944-8f85-662ca00293e8,f8673ddf-be3f-4f74-bade-8a448353aa2d,1633253696316,14.5206801,52.1426663,4.8797803,-0.3973673,-0.43564248,1.0310307,on bike mount,cyclo cross,False,asphalt,excellent
6829de33-aa39-48ff-a809-5a8a92c2a471,6fa0e4da-44f3-4944-8f85-662ca00293e8,db347f94-b6ac-4f5e-8bae-909b87ac9ad5,1633253696366,14.5206801,52.1426663,4.8797803,-0.35632008,-0.06098938,-0.86997795,on bike mount,cyclo cross,False,asphalt,excellent
6829de33-aa39-48ff-a809-5a8a92c2a471,6fa0e4da-44f3-4944-8f85-662ca00293e8,ed58acdb-9fdb-4dbd-9836-f339a549a37d,1633253696417,14.5206801,52.1426663,4.8797803,0.63130414,0.7339432,-1.1291409,on bike mount,cyclo cross,False,asphalt,excellent
6829de33-aa39-48ff-a809-5a8a92c2a471,6fa0e4da-44f3-4944-8f85-662ca00293e8,4e1864a4-a5c4-43b1-a161-6d07db3a2428,1633253696467,14.5206801,52.1426663,4.8797803,-0.25599557,0.19849873,0.08912277,on bike mount,cyclo cross,False,asphalt,excellent
6829de33-aa39-48ff-a809-5a8a92c2a471,6fa0e4da-44f3-4944-8f85-662ca00293e8,6c08b84c-e5e8-4c0c-aa8f-0a1d9da29e08,1633253696518,14.5206801,52.1426663,4.8797803,-0.649744,0.84885526,-0.320776,on bike mount,cyclo cross,False,asphalt,excellent
6829de33-aa39-48ff-a809-5a8a92c2a471,6fa0e4da-44f3-4944-8f85-662ca00293e8,81a21f59-c88e-44a2-b8ab-c89c930947b0,1633253696583,14.5206801,52.1426663,4.8797803,0.043464333,2.270545,-0.36973858,on bike mount,cyclo cross,False,asphalt,excellent
6829de33-aa39-48ff-a809-5a8a92c2a471,6fa0e4da-44f3-4944-8f85-662ca00293e8,801faddf-a4d4-4b3b-8e57-9bba61a340e0,1633253696649,14.5206801,52.1426663,4.8797803,0.42499876,-3.24904,1.4993572,on bike mount,cyclo cross,False,asphalt,excellent
6829de33-aa39-48ff-a809-5a8a92c2a471,6fa0e4da-44f3-4944-8f85-662ca00293e8,b1b51912-6a3c-4805-8a81-9b1824666e91,1633253696699,14.5206801,52.1426663,4.8797803,0.038831465,0.8333154,-1.0551705,on bike mount,cyclo cross,False,asphalt,excellent
6829de33-aa39-48ff-a809-5a8a92c2a471,6fa0e4da-44f3-4944-8f85-662ca00293e8,8dc8fbd7-03ca-4036-9dbf-09d5ca1e5761,1633253696749,14.5206801,52.1426663,4.8797803,-0.39105546,1.1110263,0.88920116,on bike mount,cyclo cross,False,asphalt,excellent
6829de33-aa39-48ff-a809-5a8a92c2a471,6fa0e4da-44f3-4944-8f85-662ca00293e8,a0c98505-111c-458e-b8a0-e2355451075c,1633253696799,14.5206801,52.1426663,4.8797803,0.25563183,0.57221293,-0.94168377,on bike mount,cyclo cross,False,asphalt,excellent
6829de33-aa39-48ff-a809-5a8a92c2a471,6fa0e4da-44f3-4944-8f85-662ca00293e8,86e056ad-6b14-4e50-93f9-b6004d6a5e68,1633253696849,14.5206801,52.1426663,4.8797803,0.37819368,-0.6846061,-0.07231045,on bike mount,cyclo cross,False,asphalt,excellent
6829de33-aa39-48ff-a809-5a8a92c2a471,6fa0e4da-44f3-4944-8f85-662ca00293e8,24e5caf2-2f3c-4930-9efc-834f69b139e9,1633253696901,14.5206801,52.1426663,4.8797803,-2.356431,1.022095,-1.5609751,on bike mount,cyclo cross,False,asphalt,excellent
6829de33-aa39-48ff-a809-5a8a92c2a471,6fa0e4da-44f3-4944-8f85-662ca00293e8,b3d8e477-40f4-4851-8f1c-5ae89d1fd821,1633253696966,14.5206801,52.1426663,4.8797803,0.9790348,-0.8326516,0.3850813,on bike mount,cyclo cross,False,asphalt,excellent
6829de33-aa39-48ff-a809-5a8a92c2a471,6fa0e4da-44f3-4944-8f85-662ca00293e8,f43a0227-f660-4bfb-8604-44afae8c7695,1633253697016,14.5206801,52.1426663,4.8797803,-0.59504944,1.4103024,-0.7721791,on bike mount,cyclo cross,False,asphalt,excellent
6829de33-aa39-48ff-a809-5a8a92c2a471,6fa0e4da-44f3-4944-8f85-662ca00293e8,0cfa6edb-8035-4a25-83ed-73c61feb5e46,1633253697066,14.5206801,52.1426663,4.8797803,-0.18468738,0.70261,0.45366573,on bike mount,cyclo cross,False,asphalt,excellent
6829de33-aa39-48ff-a809-5a8a92c2a471,6fa0e4da-44f3-4944-8f85-662ca00293e8,48c9d7af-234f-4a22-8434-bc6efc9e859f,1633253697117,14.5207492,52.1426696,4.8784604,0.99821234,-0.10212898,0.67111206,on bike mount,cyclo cross,False,asphalt,excellent
6829de33-aa39-48ff-a809-5a8a92c2a471,6fa0e4da-44f3-4944-8f85-662ca00293e8,2af2ae34-bcc1-4207-8669-98d40239fb6a,1633253697166,14.5207492,52.1426696,4.8784604,0.6285312,-1.0156842,0.794528,on bike mount,cyclo cross,False,asphalt,excellent
6829de33-aa39-48ff-a809-5a8a92c2a471,6fa0e4da-44f3-4944-8f85-662ca00293e8,93b17b52-4fbe-438f-8ded-cc967eca225f,1633253697217,14.5207492,52.1426696,4.8784604,-0.13059199,-0.79016936,-0.3493719,on bike mount,cyclo cross,False,asphalt,excellent
6829de33-aa39-48ff-a809-5a8a92c2a471,6fa0e4da-44f3-4944-8f85-662ca00293e8,6701d427-fe4a-4548-bcc6-f7ff66ecc206,1633253697267,14.5207492,52.1426696,4.8784604,-0.54596883,-0.8435943,0.26768017,on bike mount,cyclo cross,False,asphalt,excellent
6829de33-aa39-48ff-a809-5a8a92c2a471,6fa0e4da-44f3-4944-8f85-662ca00293e8,7e66d9c4-853e-4c1c-b718-d3c88b784c2f,1633253697317,14.5207492,52.1426696,4.8784604,0.005750984,-0.2653718,-0.3687048,on bike mount,cyclo cross,False,asphalt,excellent
6829de33-aa39-48ff-a809-5a8a92c2a471,6fa0e4da-44f3-4944-8f85-662ca00293e8,8c6ab5a3-42a3-4193-b149-f94f46d22915,1633253697366,14.5207492,52.1426696,4.8784604,0.45768458,-0.2021842,1.0938644,on bike mount,cyclo cross,False,asphalt,excellent
6829de33-aa39-48ff-a809-5a8a92c2a471,6fa0e4da-44f3-4944-8f85-662ca00293e8,fb269bde-613f-4ec8-9b25-5af75443a9a6,1633253697418,14.5207492,52.1426696,4.8784604,0.08589807,0.20794725,-0.5939617,on bike mount,cyclo cross,False,asphalt,excellent
6829de33-aa39-48ff-a809-5a8a92c2a471,6fa0e4da-44f3-4944-8f85-662ca00293e8,f1906863-1623-4a68-ae2b-0a4f540143c1,1633253697483,14.5207492,52.1426696,4.8784604,-0.08869317,0.7037885,1.5399075,on bike mount,cyclo cross,False,asphalt,excellent
6829de33-aa39-48ff-a809-5a8a92c2a471,6fa0e4da-44f3-4944-8f85-662ca00293e8,81cf64a8-57f8-4d36-9b29-2757273b483a,1633253697534,14.5207492,52.1426696,4.8784604,-0.9042506,-0.62750936,2.9050798,on bike mount,cyclo cross,False,asphalt,excellent
6829de33-aa39-48ff-a809-5a8a92c2a471,6fa0e4da-44f3-4944-8f85-662ca00293e8,f964d768-c870-46e5-9958-d581285bddd0,1633253697585,14.5207492,52.1426696,4.8784604,0.081564665,1.2505767,-0.95971584,on bike mount,cyclo cross,False,asphalt,excellent
6829de33-aa39-48ff-a809-5a8a92c2a471,6fa0e4da-44f3-4944-8f85-662ca00293e8,538decd1-b2b2-49bc-8408-7950db0c9ac6,1633253697635,14.5207492,52.1426696,4.8784604,-0.8149061,-0.50946593,0.92874813,on bike mount,cyclo cross,False,asphalt,excellent
6829de33-aa39-48ff-a809-5a8a92c2a471,6fa0e4da-44f3-4944-8f85-662ca00293e8,b3045c94-3477-4e40-83ed-83be8213dcb5,1633253697700,14.5207492,52.1426696,4.8784604,-0.31715426,-1.3464239,0.04891491,on bike mount,cyclo cross,False,asphalt,excellent
6829de33-aa39-48ff-a809-5a8a92c2a471,6fa0e4da-44f3-4944-8f85-662ca00293e8,7f78fbf2-0295-46a2-a092-4f85b8d56abf,1633253697751,14.5207492,52.1426696,4.8784604,1.3520969,0.13047814,1.324316,on bike mount,cyclo cross,False,asphalt,excellent
6829de33-aa39-48ff-a809-5a8a92c2a471,6fa0e4da-44f3-4944-8f85-662ca00293e8,cb178ab6-8485-469e-b017-de6ddd1a7396,1633253697802,14.5207492,52.1426696,4.8784604,-1.4027994,0.16075945,0.807457,on bike mount,cyclo cross,False,asphalt,excellent
6829de33-aa39-48ff-a809-5a8a92c2a471,6fa0e4da-44f3-4944-8f85-662ca00293e8,1e504c77-8143-4276-a274-5ba8cb6b8938,1633253697855,14.5207492,52.1426696,4.8784604,-0.90273017,0.05104661,0.37358475,on bike mount,cyclo cross,False,asphalt,excellent
6829de33-aa39-48ff-a809-5a8a92c2a471,6fa0e4da-44f3-4944-8f85-662ca00293e8,d6382742-c0d4-4da7-ba10-19744513eeea,1633253697917,14.5207492,52.1426696,4.8784604,1.142809,-0.54958296,0.88515186,on bike mount,cyclo cross,False,asphalt,excellent
6829de33-aa39-48ff-a809-5a8a92c2a471,6fa0e4da-44f3-4944-8f85-662ca00293e8,1cc829ae-77ba-4e04-baab-79a19cdcc252,1633253697968,14.5207492,52.1426696,4.8784604,-0.68117565,0.92366433,-0.46166897,on bike mount,cyclo cross,False,asphalt,excellent
6829de33-aa39-48ff-a809-5a8a92c2a471,6fa0e4da-44f3-4944-8f85-662ca00293e8,e9ff6cb1-23ea-4ca1-9825-7525cedf5eeb,1633253698019,14.5207492,52.1426696,4.8784604,-1.6669116,2.6298363,-0.49973774,on bike mount,cyclo cross,False,asphalt,excellent
6829de33-aa39-48ff-a809-5a8a92c2a471,6fa0e4da-44f3-4944-8f85-662ca00293e8,e5a03f21-9f5d-4006-91db-b6db1ec4b23a,1633253698069,14.5207492,52.1426696,4.8784604,0.59969676,-1.8563137,1.3537235,on bike mount,cyclo cross,False,asphalt,excellent
6829de33-aa39-48ff-a809-5a8a92c2a471,6fa0e4da-44f3-4944-8f85-662ca00293e8,8fff3a3c-7be0-47a5-ad5e-a5da0e3a2ed9,1633253698135,14.5208166,52.1426701,4.795814,0.59439635,1.4544301,-0.4458599,on bike mount,cyclo cross,False,asphalt,excellent
6829de33-aa39-48ff-a809-5a8a92c2a471,6fa0e4da-44f3-4944-8f85-662ca00293e8,c4646de3-3781-4edc-9fd4-43f6d27b8084,1633253698185,14.5208166,52.1426701,4.795814,-0.42610848,-0.3301623,-0.8112345,on bike mount,cyclo cross,False,asphalt,excellent
6829de33-aa39-48ff-a809-5a8a92c2a471,6fa0e4da-44f3-4944-8f85-662ca00293e8,09756d0e-a64c-4efb-beb0-3c75423140f5,1633253698235,14.5208166,52.1426701,4.795814,-0.10366084,0.4852848,0.27777672,on bike mount,cyclo cross,False,asphalt,excellent
6829de33-aa39-48ff-a809-5a8a92c2a471,6fa0e4da-44f3-4944-8f85-662ca00293e8,68ade21e-c712-40c7-be93-efb1ba9c7906,1633253698286,14.5208166,52.1426701,4.795814,-0.19792683,0.91737413,0.100421906,on bike mount,cyclo cross,False,asphalt,excellent
6829de33-aa39-48ff-a809-5a8a92c2a471,6fa0e4da-44f3-4944-8f85-662ca00293e8,0e28a383-5352-4d31-9116-c6f09b0dbf7c,1633253698336,14.5208166,52.1426701,4.795814,0.6028096,-0.45850825,1.4742994,on bike mount,cyclo cross,False,asphalt,excellent
6829de33-aa39-48ff-a809-5a8a92c2a471,6fa0e4da-44f3-4944-8f85-662ca00293e8,376f1189-6512-4303-ade6-da2e7034c2dd,1633253698385,14.5208166,52.1426701,4.795814,-0.6874937,-0.8864778,1.4316273,on bike mount,cyclo cross,False,asphalt,excellent
6829de33-aa39-48ff-a809-5a8a92c2a471,6fa0e4da-44f3-4944-8f85-662ca00293e8,8defe180-c7bf-44ad-92ad-272754cd037d,1633253698435,14.5208166,52.1426701,4.795814,0.436864,0.14860201,-0.43736362,on bike mount,cyclo cross,False,asphalt,excellent
6829de33-aa39-48ff-a809-5a8a92c2a471,6fa0e4da-44f3-4944-8f85-662ca00293e8,19e74eaf-c3a3-4e24-ba59-fea0268054b7,1633253698485,14.5208166,52.1426701,4.795814,-0.41688782,1.066699,-0.5275097,on bike mount,cyclo cross,False,asphalt,excellent
6829de33-aa39-48ff-a809-5a8a92c2a471,6fa0e4da-44f3-4944-8f85-662ca00293e8,343acc98-8b1c-4064-a3e8-9b08cb1d32cc,1633253698537,14.5208166,52.1426701,4.795814,0.33239388,-0.26284146,-0.54998875,on bike mount,cyclo cross,False,asphalt,excellent
6829de33-aa39-48ff-a809-5a8a92c2a471,6fa0e4da-44f3-4944-8f85-662ca00293e8,54b41448-48a9-4f85-bc1f-6b9959c0e005,1633253698587,14.5208166,52.1426701,4.795814,0.14703248,-0.5867455,1.0746288,on bike mount,cyclo cross,False,asphalt,excellent
6829de33-aa39-48ff-a809-5a8a92c2a471,6fa0e4da-44f3-4944-8f85-662ca00293e8,20bf2450-14cb-4d45-9b99-080d3f3ed0e6,1633253698637,14.5208166,52.1426701,4.795814,0.4949382,0.1295383,-0.9189248,on bike mount,cyclo cross,False,asphalt,excellent
6829de33-aa39-48ff-a809-5a8a92c2a471,6fa0e4da-44f3-4944-8f85-662ca00293e8,78990a8a-c010-441c-a0a1-782a11c76a34,1633253698688,14.5208166,52.1426701,4.795814,0.7002429,-0.016057491,-0.23208618,on bike mount,cyclo cross,False,asphalt,excellent
6829de33-aa39-48ff-a809-5a8a92c2a471,6fa0e4da-44f3-4944-8f85-662ca00293e8,3dfc0d62-0e7f-4847-bd0a-db3b1848bd00,1633253698738,14.5208166,52.1426701,4.795814,-1.3150961,0.48207116,0.5192814,on bike mount,cyclo cross,False,asphalt,excellent
6829de33-aa39-48ff-a809-5a8a92c2a471,6fa0e4da-44f3-4944-8f85-662ca00293e8,bac3c219-b0ee-4121-b927-5cdc21534a8c,1633253698788,14.5208166,52.1426701,4.795814,-0.7922284,0.29352307,0.46656895,on bike mount,cyclo cross,False,asphalt,excellent
6829de33-aa39-48ff-a809-5a8a92c2a471,6fa0e4da-44f3-4944-8f85-662ca00293e8,48b0b457-e774-47ac-a61c-3648fa9f1187,1633253698852,14.5208166,52.1426701,4.795814,0.32380292,0.93529344,-1.689837,on bike mount,cyclo cross,False,asphalt,excellent
6829de33-aa39-48ff-a809-5a8a92c2a471,6fa0e4da-44f3-4944-8f85-662ca00293e8,35947831-c197-4d1c-a07e-21bbfcf64b11,1633253698903,14.5208166,52.1426701,4.795814,-1.2163138,1.5353713,-1.7681274,on bike mount,cyclo cross,False,asphalt,excellent
6829de33-aa39-48ff-a809-5a8a92c2a471,6fa0e4da-44f3-4944-8f85-662ca00293e8,0e8382c3-4e03-4427-beb9-a96dee1a9d96,1633253698954,14.5208166,52.1426701,4.795814,0.8734244,-0.7085414,-0.01536274,on bike mount,cyclo cross,False,asphalt,excellent
6829de33-aa39-48ff-a809-5a8a92c2a471,6fa0e4da-44f3-4944-8f85-662ca00293e8,bd30d5f6-2fc5-42a6-84ac-1c0c84c140d6,1633253699006,14.5208166,52.1426701,4.795814,-0.0902041,-0.5919051,0.28376198,on bike mount,cyclo cross,False,asphalt,excellent
6829de33-aa39-48ff-a809-5a8a92c2a471,6fa0e4da-44f3-4944-8f85-662ca00293e8,f50a1f80-b565-4f8c-888a-09cf14ec527a,1633253699056,14.5208166,52.1426701,4.795814,0.5317926,-0.18001413,0.0809927,on bike mount,cyclo cross,False,asphalt,excellent
6829de33-aa39-48ff-a809-5a8a92c2a471,6fa0e4da-44f3-4944-8f85-662ca00293e8,bca262ca-4285-4390-8740-56661ccb54b4,1633253699105,14.5208166,52.1426701,4.795814,0.12354459,0.29435658,1.0750608,on bike mount,cyclo cross,False,asphalt,excellent
6829de33-aa39-48ff-a809-5a8a92c2a471,6fa0e4da-44f3-4944-8f85-662ca00293e8,3af6342f-8467-4bdb-8710-ab396f6b2825,1633253699170,14.5208911,52.1426689,5.255775,-0.039384753,0.12784219,-0.5545435,on bike mount,cyclo cross,False,asphalt,excellent
6829de33-aa39-48ff-a809-5a8a92c2a471,6fa0e4da-44f3-4944-8f85-662ca00293e8,c8267d7a-2264-4f6b-9e99-fdb76a940f7e,1633253699220,14.5208911,52.1426689,5.255775,-0.27089515,0.048565626,0.00746727,on bike mount,cyclo cross,False,asphalt,excellent
6829de33-aa39-48ff-a809-5a8a92c2a471,6fa0e4da-44f3-4944-8f85-662ca00293e8,31f1ed6a-0924-4390-9507-5b117f7ce883,1633253699270,14.5208911,52.1426689,5.255775,0.34024698,-0.029395819,0.37880135,on bike mount,cyclo cross,False,asphalt,excellent
6829de33-aa39-48ff-a809-5a8a92c2a471,6fa0e4da-44f3-4944-8f85-662ca00293e8,092e965d-786b-4c44-9277-e47780759e92,1633253699320,14.5208911,52.1426689,5.255775,-0.7249062,-0.4406395,-0.24130535,on bike mount,cyclo cross,False,asphalt,excellent
6829de33-aa39-48ff-a809-5a8a92c2a471,6fa0e4da-44f3-4944-8f85-662ca00293e8,94bcd323-341b-4852-bee5-e89bcbf5079d,1633253699371,14.5208911,52.1426689,5.255775,-0.97407734,-0.364985,-0.22866249,on bike mount,cyclo cross,False,asphalt,excellent
6829de33-aa39-48ff-a809-5a8a92c2a471,6fa0e4da-44f3-4944-8f85-662ca00293e8,c7ad0ec0-c33c-4d4c-acf4-f069ecde67be,1633253699420,14.5208911,52.1426689,5.255775,0.14353207,1.212343,-0.4439621,on bike mount,cyclo cross,False,asphalt,excellent
6829de33-aa39-48ff-a809-5a8a92c2a471,6fa0e4da-44f3-4944-8f85-662ca00293e8,95340c2d-2e0d-486c-8e28-60fd58544d6c,1633253699471,14.5208911,52.1426689,5.255775,0.45660537,-0.15425944,-1.1902456,on bike mount,cyclo cross,False,asphalt,excellent
6829de33-aa39-48ff-a809-5a8a92c2a471,6fa0e4da-44f3-4944-8f85-662ca00293e8,86e2cb8e-b7d0-419d-84a8-5529f14ac907,1633253699521,14.5208911,52.1426689,5.255775,0.3314699,-0.9867091,0.30897903,on bike mount,cyclo cross,False,asphalt,excellent
6829de33-aa39-48ff-a809-5a8a92c2a471,6fa0e4da-44f3-4944-8f85-662ca00293e8,cc8833b0-6ab3-4ac1-a184-7809d26d81af,1633253699572,14.5208911,52.1426689,5.255775,0.120728545,0.16618967,-0.1658907,on bike mount,cyclo cross,False,asphalt,excellent
6829de33-aa39-48ff-a809-5a8a92c2a471,6fa0e4da-44f3-4944-8f85-662ca00293e8,4f5ec828-2070-4ccb-8433-9ae05cde702d,1633253699622,14.5208911,52.1426689,5.255775,-0.35845512,-0.65009046,0.9359274,on bike mount,cyclo cross,False,asphalt,excellent
6829de33-aa39-48ff-a809-5a8a92c2a471,6fa0e4da-44f3-4944-8f85-662ca00293e8,e646de28-b67e-4d96-9303-bca81bd1784c,1633253699688,14.5208911,52.1426689,5.255775,0.0050041676,-0.28129053,-1.5805197,on bike mount,cyclo cross,False,asphalt,excellent
6829de33-aa39-48ff-a809-5a8a92c2a471,6fa0e4da-44f3-4944-8f85-662ca00293e8,07195ef3-d08d-4406-8298-9dc64c8af268,1633253699738,14.5208911,52.1426689,5.255775,0.7283623,-0.48008943,-0.53316784,on bike mount,cyclo cross,False,asphalt,excellent
6829de33-aa39-48ff-a809-5a8a92c2a471,6fa0e4da-44f3-4944-8f85-662ca00293e8,a11e6d14-da97-4d1b-bff0-2eddd8e43405,1633253699788,14.5208911,52.1426689,5.255775,0.7296325,0.86426044,-0.23498058,on bike mount,cyclo cross,False,asphalt,excellent
6829de33-aa39-48ff-a809-5a8a92c2a471,6fa0e4da-44f3-4944-8f85-662ca00293e8,ff9827b0-0ddc-42b3-a506-3ed4b7596609,1633253699839,14.5208911,52.1426689,5.255775,0.12471528,0.60015845,-1.4610229,on bike mount,cyclo cross,False,asphalt,excellent
6829de33-aa39-48ff-a809-5a8a92c2a471,6fa0e4da-44f3-4944-8f85-662ca00293e8,94715f58-9428-4526-9c2d-46798ab2f56c,1633253699888,14.5208911,52.1426689,5.255775,0.36387435,0.17574787,-0.6105013,on bike mount,cyclo cross,False,asphalt,excellent
6829de33-aa39-48ff-a809-5a8a92c2a471,6fa0e4da-44f3-4944-8f85-662ca00293e8,868ed7c6-54ad-42c2-a3fa-99eabc8235dc,1633253699938,14.5208911,52.1426689,5.255775,0.3616532,-0.70047283,1.2403126,on bike mount,cyclo cross,False,asphalt,excellent
6829de33-aa39-48ff-a809-5a8a92c2a471,6fa0e4da-44f3-4944-8f85-662ca00293e8,f39f00db-005f-4aa4-b0c8-d188cab13ecc,1633253699989,14.5208911,52.1426689,5.255775,0.27470535,0.41257882,-0.092121124,on bike mount,cyclo cross,False,asphalt,excellent
6829de33-aa39-48ff-a809-5a8a92c2a471,6fa0e4da-44f3-4944-8f85-662ca00293e8,5745a82e-402a-4bcf-868d-51f6d5ff875a,1633253700040,14.5208911,52.1426689,5.255775,-0.41535258,0.5181322,-0.15290737,on bike mount,cyclo cross,False,asphalt,excellent
6829de33-aa39-48ff-a809-5a8a92c2a471,6fa0e4da-44f3-4944-8f85-662ca00293e8,bff1a6f0-ce9e-4294-91a2-365a750ba194,1633253700093,14.5208911,52.1426689,5.255775,0.2968924,-1.4247216,1.3641891,on bike mount,cyclo cross,False,asphalt,excellent
6829de33-aa39-48ff-a809-5a8a92c2a471,6fa0e4da-44f3-4944-8f85-662ca00293e8,b4b4903a-98df-4793-a8e3-675f0658c2aa,1633253700155,14.5209701,52.1426681,5.2697864,-0.5042823,0.4470861,-0.22588634,on bike mount,cyclo cross,False,asphalt,excellent
6829de33-aa39-48ff-a809-5a8a92c2a471,6fa0e4da-44f3-4944-8f85-662ca00293e8,a5ca04d7-3a96-46fe-8ce0-4ba35fd9bc5f,1633253700205,14.5209701,52.1426681,5.2697864,0.31569898,0.7478788,-0.7521086,on bike mount,cyclo cross,False,asphalt,excellent
6829de33-aa39-48ff-a809-5a8a92c2a471,6fa0e4da-44f3-4944-8f85-662ca00293e8,46630031-51ef-408b-8265-62fccc4526aa,1633253700255,14.5209701,52.1426681,5.2697864,-0.92033535,1.1421661,-0.38772202,on bike mount,cyclo cross,False,asphalt,excellent
6829de33-aa39-48ff-a809-5a8a92c2a471,6fa0e4da-44f3-4944-8f85-662ca00293e8,15f4213d-44f8-42ca-ab9e-286bcbdb8836,1633253700305,14.5209701,52.1426681,5.2697864,-0.6952126,-0.27275753,-0.8347902,on bike mount,cyclo cross,False,asphalt,excellent
6829de33-aa39-48ff-a809-5a8a92c2a471,6fa0e4da-44f3-4944-8f85-662ca00293e8,639df37c-c3e7-4b77-8c52-256e490951de,1633253700357,14.5209701,52.1426681,5.2697864,0.3565924,-0.14382577,0.18272018,on bike mount,cyclo cross,False,asphalt,excellent
6829de33-aa39-48ff-a809-5a8a92c2a471,6fa0e4da-44f3-4944-8f85-662ca00293e8,29ebb161-41e7-4ea0-bc62-b836d0acc22f,1633253700407,14.5209701,52.1426681,5.2697864,-0.31663787,-0.053634167,0.30973625,on bike mount,cyclo cross,False,asphalt,excellent
6829de33-aa39-48ff-a809-5a8a92c2a471,6fa0e4da-44f3-4944-8f85-662ca00293e8,64c744ad-01e4-443b-8845-4996cc1f8a17,1633253700457,14.5209701,52.1426681,5.2697864,-0.74967295,-0.21025491,-0.3875265,on bike mount,cyclo cross,False,asphalt,excellent
6829de33-aa39-48ff-a809-5a8a92c2a471,6fa0e4da-44f3-4944-8f85-662ca00293e8,58e05692-fd7b-40a4-9143-811fdfa68a49,1633253700523,14.5209701,52.1426681,5.2697864,0.53136784,-0.44255805,0.36564255,on bike mount,cyclo cross,False,asphalt,excellent
6829de33-aa39-48ff-a809-5a8a92c2a471,6fa0e4da-44f3-4944-8f85-662ca00293e8,2d7c014e-f0ae-4317-9e47-947f03994cba,1633253700590,14.5209701,52.1426681,5.2697864,0.0106226355,-0.05723381,1.0272083,on bike mount,cyclo cross,False,asphalt,excellent
6829de33-aa39-48ff-a809-5a8a92c2a471,6fa0e4da-44f3-4944-8f85-662ca00293e8,42384983-fd18-40f0-81a1-6c22a81fe834,1633253700655,14.5209701,52.1426681,5.2697864,0.2307633,-0.6307392,0.052189827,on bike mount,cyclo cross,False,asphalt,excellent
6829de33-aa39-48ff-a809-5a8a92c2a471,6fa0e4da-44f3-4944-8f85-662ca00293e8,432c7b07-928a-4503-bb21-95d1eae47338,1633253700705,14.5209701,52.1426681,5.2697864,-0.34178138,-0.4046495,-0.6731672,on bike mount,cyclo cross,False,asphalt,excellent
6829de33-aa39-48ff-a809-5a8a92c2a471,6fa0e4da-44f3-4944-8f85-662ca00293e8,e599e61c-af31-41d8-9add-0c650bba9e1e,1633253700756,14.5209701,52.1426681,5.2697864,0.610487,-0.21461678,0.26805305,on bike mount,cyclo cross,False,asphalt,excellent
6829de33-aa39-48ff-a809-5a8a92c2a471,6fa0e4da-44f3-4944-8f85-662ca00293e8,5dcd75d8-08ca-48ab-8142-026b9d51231f,1633253700807,14.5209701,52.1426681,5.2697864,1.4990803,-0.020169735,-0.87013435,on bike mount,cyclo cross,False,asphalt,excellent
6829de33-aa39-48ff-a809-5a8a92c2a471,6fa0e4da-44f3-4944-8f85-662ca00293e8,8df3fdd3-b4f7-4099-b7af-e7a867c78f9a,1633253700857,14.5209701,52.1426681,5.2697864,0.33274648,-0.9573374,0.8268614,on bike mount,cyclo cross,False,asphalt,excellent
6829de33-aa39-48ff-a809-5a8a92c2a471,6fa0e4da-44f3-4944-8f85-662ca00293e8,4e3b3dd4-4edc-4e5c-8817-1fbf975adc2e,1633253700907,14.5209701,52.1426681,5.2697864,0.17232502,0.035479546,0.18452263,on bike mount,cyclo cross,False,asphalt,excellent
6829de33-aa39-48ff-a809-5a8a92c2a471,6fa0e4da-44f3-4944-8f85-662ca00293e8,4eef89c9-e9dd-4daf-9753-562a49a2fee3,1633253700957,14.5209701,52.1426681,5.2697864,-1.234401,-0.23163843,-1.2291422,on bike mount,cyclo cross,False,asphalt,excellent
6829de33-aa39-48ff-a809-5a8a92c2a471,6fa0e4da-44f3-4944-8f85-662ca00293e8,f7990f6b-70cc-452d-a5d9-c8c5300f15b4,1633253701007,14.5209701,52.1426681,5.2697864,-0.4312817,-0.5355985,0.5944462,on bike mount,cyclo cross,False,asphalt,excellent
6829de33-aa39-48ff-a809-5a8a92c2a471,6fa0e4da-44f3-4944-8f85-662ca00293e8,190ca69a-bf36-4cdb-8ab0-9d8a589b824c,1633253701058,14.5209701,52.1426681,5.2697864,-0.6732745,0.9721842,-0.63869,on bike mount,cyclo cross,False,asphalt,excellent
6829de33-aa39-48ff-a809-5a8a92c2a471,6fa0e4da-44f3-4944-8f85-662ca00293e8,39e58f14-a886-4ab8-8a1f-2c2c4c444e18,1633253701113,14.5209701,52.1426681,5.2697864,-0.20340285,-0.9725565,0.5090027,on bike mount,cyclo cross,False,asphalt,excellent
6829de33-aa39-48ff-a809-5a8a92c2a471,6fa0e4da-44f3-4944-8f85-662ca00293e8,26b03088-d213-4b04-a5a4-365ddcd8e326,1633253701173,14.5210439,52.1426697,4.703947,-0.31275433,-0.9041436,0.7378769,on bike mount,cyclo cross,False,asphalt,excellent
6829de33-aa39-48ff-a809-5a8a92c2a471,6fa0e4da-44f3-4944-8f85-662ca00293e8,6610de96-dc9f-45d2-b8ae-e015aff167e9,1633253701224,14.5210439,52.1426697,4.703947,-0.50397885,0.73919535,-0.44575882,on bike mount,cyclo cross,False,asphalt,excellent
6829de33-aa39-48ff-a809-5a8a92c2a471,6fa0e4da-44f3-4944-8f85-662ca00293e8,142a3a59-c3cd-405b-881a-1c0054a5af55,1633253701274,14.5210439,52.1426697,4.703947,0.09466471,0.44478106,0.8579502,on bike mount,cyclo cross,False,asphalt,excellent
6829de33-aa39-48ff-a809-5a8a92c2a471,6fa0e4da-44f3-4944-8f85-662ca00293e8,50fec0c2-4d54-4f9e-96e3-8018f2eac5aa,1633253701324,14.5210439,52.1426697,4.703947,0.13880908,0.13808703,1.1043959,on bike mount,cyclo cross,False,asphalt,excellent
6829de33-aa39-48ff-a809-5a8a92c2a471,6fa0e4da-44f3-4944-8f85-662ca00293e8,42df1441-522e-40f6-88df-f6de4d4ff337,1633253701374,14.5210439,52.1426697,4.703947,0.29003716,0.031431437,-0.15482998,on bike mount,cyclo cross,False,asphalt,excellent
6829de33-aa39-48ff-a809-5a8a92c2a471,6fa0e4da-44f3-4944-8f85-662ca00293e8,5f8c2141-2b87-448a-be38-2b22d5ff3270,1633253701425,14.5210439,52.1426697,4.703947,0.09622806,0.2653656,-0.06927395,on bike mount,cyclo cross,False,asphalt,excellent
6829de33-aa39-48ff-a809-5a8a92c2a471,6fa0e4da-44f3-4944-8f85-662ca00293e8,6ba2e8c7-bf8a-46c6-9629-a4a5b08edcf7,1633253701474,14.5210439,52.1426697,4.703947,0.33046806,0.05108118,-0.52215767,on bike mount,cyclo cross,False,asphalt,excellent
6829de33-aa39-48ff-a809-5a8a92c2a471,6fa0e4da-44f3-4944-8f85-662ca00293e8,0893401b-736c-4d6a-88bb-938bfd886b20,1633253701524,14.5210439,52.1426697,4.703947,-0.16220808,0.27750635,0.16118813,on bike mount,cyclo cross,False,asphalt,excellent
6829de33-aa39-48ff-a809-5a8a92c2a471,6fa0e4da-44f3-4944-8f85-662ca00293e8,b2473119-55b0-4dfc-88c7-b47e5b6618b3,1633253701575,14.5210439,52.1426697,4.703947,0.35918385,0.6445966,-1.0868292,on bike mount,cyclo cross,False,asphalt,excellent
6829de33-aa39-48ff-a809-5a8a92c2a471,6fa0e4da-44f3-4944-8f85-662ca00293e8,8a45a03d-7a82-4d23-94d6-4b2ab82c8802,1633253701641,14.5210439,52.1426697,4.703947,0.4692316,0.6380825,-0.2853775,on bike mount,cyclo cross,False,asphalt,excellent
6829de33-aa39-48ff-a809-5a8a92c2a471,6fa0e4da-44f3-4944-8f85-662ca00293e8,17451376-8f94-4720-8084-a9645d607915,1633253701692,14.5210439,52.1426697,4.703947,0.8626923,0.3892393,0.48429012,on bike mount,cyclo cross,False,asphalt,excellent
6829de33-aa39-48ff-a809-5a8a92c2a471,6fa0e4da-44f3-4944-8f85-662ca00293e8,94cb2439-7736-42ac-bfcc-a22b7a7db534,1633253701742,14.5210439,52.1426697,4.703947,0.14580783,-0.38260174,-0.58724403,on bike mount,cyclo cross,False,asphalt,excellent
6829de33-aa39-48ff-a809-5a8a92c2a471,6fa0e4da-44f3-4944-8f85-662ca00293e8,75793785-3dbc-4d36-848a-705a54e79979,1633253701792,14.5210439,52.1426697,4.703947,0.15021348,0.08437729,0.9679203,on bike mount,cyclo cross,False,asphalt,excellent
6829de33-aa39-48ff-a809-5a8a92c2a471,6fa0e4da-44f3-4944-8f85-662ca00293e8,a073897c-7119-41d6-af27-f8bd609aee10,1633253701842,14.5210439,52.1426697,4.703947,-0.25177556,-0.2345841,-0.5513153,on bike mount,cyclo cross,False,asphalt,excellent
6829de33-aa39-48ff-a809-5a8a92c2a471,6fa0e4da-44f3-4944-8f85-662ca00293e8,3c938518-2ee7-4d2e-83bf-3f30ff1fe4a7,1633253701893,14.5210439,52.1426697,4.703947,-0.39713398,-0.041654587,-1.6108241,on bike mount,cyclo cross,False,asphalt,excellent
6829de33-aa39-48ff-a809-5a8a92c2a471,6fa0e4da-44f3-4944-8f85-662ca00293e8,bbfb1783-7f90-4e17-93b2-ff523befc7ba,1633253701942,14.5210439,52.1426697,4.703947,0.40176007,-1.8445,-0.6767492,on bike mount,cyclo cross,False,asphalt,excellent
6829de33-aa39-48ff-a809-5a8a92c2a471,6fa0e4da-44f3-4944-8f85-662ca00293e8,9a9cd259-8bff-4fad-994b-52708ba3f637,1633253701991,14.5210439,52.1426697,4.703947,0.4944173,0.8546171,-1.0795641,on bike mount,cyclo cross,False,asphalt,excellent
6829de33-aa39-48ff-a809-5a8a92c2a471,6fa0e4da-44f3-4944-8f85-662ca00293e8,cc86da62-83c0-4adf-8673-74497a21efa4,1633253702041,14.5210439,52.1426697,4.703947,-0.035944417,-0.3994465,0.37024212,on bike mount,cyclo cross,False,asphalt,excellent
6829de33-aa39-48ff-a809-5a8a92c2a471,6fa0e4da-44f3-4944-8f85-662ca00293e8,2f24f720-1c43-4e98-a3ef-d6c3003b2e29,1633253702094,14.5210439,52.1426697,4.703947,-0.8070622,0.05236602,-0.4250641,on bike mount,cyclo cross,False,asphalt,excellent
6829de33-aa39-48ff-a809-5a8a92c2a471,6fa0e4da-44f3-4944-8f85-662ca00293e8,fb3abfca-0d4a-4c41-9357-e8ace0be2f22,1633253702157,14.5211174,52.1426728,5.167278,-0.31537622,0.8285899,-0.024271011,on bike mount,cyclo cross,False,asphalt,excellent
6829de33-aa39-48ff-a809-5a8a92c2a471,6fa0e4da-44f3-4944-8f85-662ca00293e8,3e558354-13b2-4b2d-b10a-db072323cc05,1633253702209,14.5211174,52.1426728,5.167278,0.6444665,-0.59208393,-0.7902355,on bike mount,cyclo cross,False,asphalt,excellent
6829de33-aa39-48ff-a809-5a8a92c2a471,6fa0e4da-44f3-4944-8f85-662ca00293e8,0471c2c8-d6ff-4929-8a1e-e077b4d9df13,1633253702259,14.5211174,52.1426728,5.167278,-0.450911,-0.7407534,0.60196114,on bike mount,cyclo cross,False,asphalt,excellent
6829de33-aa39-48ff-a809-5a8a92c2a471,6fa0e4da-44f3-4944-8f85-662ca00293e8,d65625dc-172e-42d4-ace5-37019f82fcab,1633253702310,14.5211174,52.1426728,5.167278,0.26652402,0.6107266,-1.3349996,on bike mount,cyclo cross,False,asphalt,excellent
6829de33-aa39-48ff-a809-5a8a92c2a471,6fa0e4da-44f3-4944-8f85-662ca00293e8,c7a7ba87-2622-4a75-bf9a-1e85592d53b3,1633253702375,14.5211174,52.1426728,5.167278,-0.095243156,-0.64161825,1.5845995,on bike mount,cyclo cross,False,asphalt,excellent
6829de33-aa39-48ff-a809-5a8a92c2a471,6fa0e4da-44f3-4944-8f85-662ca00293e8,3a4f5c83-905a-4bb0-ab51-16ba77d2a7aa,1633253702425,14.5211174,52.1426728,5.167278,-0.5677293,-0.8217881,-1.3841872,on bike mount,cyclo cross,False,asphalt,excellent
6829de33-aa39-48ff-a809-5a8a92c2a471,6fa0e4da-44f3-4944-8f85-662ca00293e8,c3da3ae9-7b37-4ac3-963f-7b716bde1f3d,1633253702475,14.5211174,52.1426728,5.167278,-1.3976879,1.4431064,0.31305122,on bike mount,cyclo cross,False,asphalt,excellent
6829de33-aa39-48ff-a809-5a8a92c2a471,6fa0e4da-44f3-4944-8f85-662ca00293e8,e99301c9-08b1-45bd-be2b-225a75ade3ba,1633253702525,14.5211174,52.1426728,5.167278,0.7526289,0.7843518,-1.1605058,on bike mount,cyclo cross,False,asphalt,excellent
6829de33-aa39-48ff-a809-5a8a92c2a471,6fa0e4da-44f3-4944-8f85-662ca00293e8,cf834b73-af0d-420e-8e59-32e35795c5da,1633253702575,14.5211174,52.1426728,5.167278,1.3130033,-0.5986433,-0.12571907,on bike mount,cyclo cross,False,asphalt,excellent
6829de33-aa39-48ff-a809-5a8a92c2a471,6fa0e4da-44f3-4944-8f85-662ca00293e8,32404a37-16d9-4867-b053-65d641cc9103,1633253702625,14.5211174,52.1426728,5.167278,-0.23383825,1.9388514,-0.8275032,on bike mount,cyclo cross,False,asphalt,excellent
6829de33-aa39-48ff-a809-5a8a92c2a471,6fa0e4da-44f3-4944-8f85-662ca00293e8,91f076c7-8f2e-4f00-8e28-feac6154a87e,1633253702675,14.5211174,52.1426728,5.167278,-0.19965816,-1.2912297,-0.44634914,on bike mount,cyclo cross,False,asphalt,excellent
6829de33-aa39-48ff-a809-5a8a92c2a471,6fa0e4da-44f3-4944-8f85-662ca00293e8,8f27fda5-15ed-4014-91c6-d26185e8079c,1633253702725,14.5211174,52.1426728,5.167278,0.29814216,-0.68930006,1.0363607,on bike mount,cyclo cross,False,asphalt,excellent
6829de33-aa39-48ff-a809-5a8a92c2a471,6fa0e4da-44f3-4944-8f85-662ca00293e8,c03e7a68-8a23-4fca-85d3-eacc537cdf45,1633253702776,14.5211174,52.1426728,5.167278,0.29484716,-0.41279602,-1.015605,on bike mount,cyclo cross,False,asphalt,excellent
6829de33-aa39-48ff-a809-5a8a92c2a471,6fa0e4da-44f3-4944-8f85-662ca00293e8,84be1597-9883-446f-bda3-61cfff924037,1633253702826,14.5211174,52.1426728,5.167278,-0.57868016,0.5396435,0.45846462,on bike mount,cyclo cross,False,asphalt,excellent
6829de33-aa39-48ff-a809-5a8a92c2a471,6fa0e4da-44f3-4944-8f85-662ca00293e8,d938f537-ceb1-49d5-a153-f1de69e0ead3,1633253702877,14.5211174,52.1426728,5.167278,1.1802999,-0.18856049,0.06508446,on bike mount,cyclo cross,False,asphalt,excellent
6829de33-aa39-48ff-a809-5a8a92c2a471,6fa0e4da-44f3-4944-8f85-662ca00293e8,e0b1bb90-29e9-4a2d-a304-b5687791cb85,1633253702926,14.5211174,52.1426728,5.167278,0.6135806,0.94208455,-0.308815,on bike mount,cyclo cross,False,asphalt,excellent
6829de33-aa39-48ff-a809-5a8a92c2a471,6fa0e4da-44f3-4944-8f85-662ca00293e8,75ad15e5-7c9b-4fc5-b65f-f7ec161c4327,1633253702977,14.5211174,52.1426728,5.167278,-0.34228748,0.058874846,0.07246208,on bike mount,cyclo cross,False,asphalt,excellent
6829de33-aa39-48ff-a809-5a8a92c2a471,6fa0e4da-44f3-4944-8f85-662ca00293e8,bf9df878-a896-4848-8748-13b9c5a570d5,1633253703027,14.5211174,52.1426728,5.167278,-0.65207785,-0.46419644,0.36554623,on bike mount,cyclo cross,False,asphalt,excellent
6829de33-aa39-48ff-a809-5a8a92c2a471,6fa0e4da-44f3-4944-8f85-662ca00293e8,880fd5bc-2a3f-46de-9016-247f098bed6f,1633253703077,14.5211174,52.1426728,5.167278,0.53467226,0.6093929,0.6067343,on bike mount,cyclo cross,False,asphalt,excellent
6829de33-aa39-48ff-a809-5a8a92c2a471,6fa0e4da-44f3-4944-8f85-662ca00293e8,433949fb-ee30-47c2-97ce-ade3edae3c67,1633253703128,14.5211913,52.1426752,5.074448,0.708264,0.97772837,-0.3101778,on bike mount,cyclo cross,False,asphalt,excellent
6829de33-aa39-48ff-a809-5a8a92c2a471,6fa0e4da-44f3-4944-8f85-662ca00293e8,d4a8b2a5-52a8-4f52-977e-37bcc86a0d38,1633253703179,14.5211913,52.1426752,5.074448,-0.00023019314,0.87819195,-0.077135086,on bike mount,cyclo cross,False,asphalt,excellent
6829de33-aa39-48ff-a809-5a8a92c2a471,6fa0e4da-44f3-4944-8f85-662ca00293e8,7438feff-4461-40ae-99db-91d2082de225,1633253703228,14.5211913,52.1426752,5.074448,-0.74206984,-1.0613757,0.9501705,on bike mount,cyclo cross,False,asphalt,excellent
6829de33-aa39-48ff-a809-5a8a92c2a471,6fa0e4da-44f3-4944-8f85-662ca00293e8,b9ca8867-0c11-4e87-a268-63323e1411f6,1633253703278,14.5211913,52.1426752,5.074448,0.7018646,0.34056687,-0.7556124,on bike mount,cyclo cross,False,asphalt,excellent
6829de33-aa39-48ff-a809-5a8a92c2a471,6fa0e4da-44f3-4944-8f85-662ca00293e8,9459d07a-e914-4aed-9334-5aee38e2028f,1633253703328,14.5211913,52.1426752,5.074448,-1.7066605,-1.2788638,0.35155392,on bike mount,cyclo cross,False,asphalt,excellent
6829de33-aa39-48ff-a809-5a8a92c2a471,6fa0e4da-44f3-4944-8f85-662ca00293e8,7ab87e50-8466-4185-b37a-c54933054e0b,1633253703379,14.5211913,52.1426752,5.074448,-0.36648798,0.56894565,0.2907362,on bike mount,cyclo cross,False,asphalt,excellent
6829de33-aa39-48ff-a809-5a8a92c2a471,6fa0e4da-44f3-4944-8f85-662ca00293e8,1fb8a54d-9d21-4988-a6fd-d41b5647af49,1633253703444,14.5211913,52.1426752,5.074448,0.44089234,-0.31501913,-0.2943716,on bike mount,cyclo cross,False,asphalt,excellent
6829de33-aa39-48ff-a809-5a8a92c2a471,6fa0e4da-44f3-4944-8f85-662ca00293e8,43ea0701-c53c-4f87-ad81-f9b25372265f,1633253703494,14.5211913,52.1426752,5.074448,0.06216389,-0.016422033,1.413147,on bike mount,cyclo cross,False,asphalt,excellent
6829de33-aa39-48ff-a809-5a8a92c2a471,6fa0e4da-44f3-4944-8f85-662ca00293e8,a2b2e366-c2c6-43c3-86df-952e6282459f,1633253703545,14.5211913,52.1426752,5.074448,0.88806325,1.8979254,0.7060051,on bike mount,cyclo cross,False,asphalt,excellent
6829de33-aa39-48ff-a809-5a8a92c2a471,6fa0e4da-44f3-4944-8f85-662ca00293e8,d380f3a1-1069-4aff-a9f7-6f8dd9731a75,1633253703596,14.5211913,52.1426752,5.074448,-0.06488854,-0.20427847,0.02024746,on bike mount,cyclo cross,False,asphalt,excellent
6829de33-aa39-48ff-a809-5a8a92c2a471,6fa0e4da-44f3-4944-8f85-662ca00293e8,cba6363a-26fd-4338-b83a-0553ebefcad1,1633253703662,14.5211913,52.1426752,5.074448,-0.05503449,0.85603,0.38537502,on bike mount,cyclo cross,False,asphalt,excellent
6829de33-aa39-48ff-a809-5a8a92c2a471,6fa0e4da-44f3-4944-8f85-662ca00293e8,2d74093e-ee75-412b-9f4e-2814c342a51f,1633253703712,14.5211913,52.1426752,5.074448,0.11596602,-0.16593647,2.0215015,on bike mount,cyclo cross,False,asphalt,excellent
6829de33-aa39-48ff-a809-5a8a92c2a471,6fa0e4da-44f3-4944-8f85-662ca00293e8,a5adace2-d04f-470e-967a-d066e3bf87fa,1633253703777,14.5211913,52.1426752,5.074448,0.01775816,-1.3897407,1.807291,on bike mount,cyclo cross,False,asphalt,excellent
6829de33-aa39-48ff-a809-5a8a92c2a471,6fa0e4da-44f3-4944-8f85-662ca00293e8,ceafce23-5222-4cf0-a89e-bc91a777b9fc,1633253703829,14.5211913,52.1426752,5.074448,0.09429464,-0.8355322,-0.47449398,on bike mount,cyclo cross,False,asphalt,excellent
6829de33-aa39-48ff-a809-5a8a92c2a471,6fa0e4da-44f3-4944-8f85-662ca00293e8,f876b534-7ac6-455f-b5dd-5acda14d9945,1633253703896,14.5211913,52.1426752,5.074448,-0.6696876,0.99630857,-0.07388592,on bike mount,cyclo cross,False,asphalt,excellent
6829de33-aa39-48ff-a809-5a8a92c2a471,6fa0e4da-44f3-4944-8f85-662ca00293e8,cbef6fde-f85e-4fc6-8d51-130efb58ed69,1633253703945,14.5211913,52.1426752,5.074448,-0.49513906,-0.88227105,0.26441288,on bike mount,cyclo cross,False,asphalt,excellent
6829de33-aa39-48ff-a809-5a8a92c2a471,6fa0e4da-44f3-4944-8f85-662ca00293e8,514d3453-3215-492a-98b2-55ab6279a247,1633253703995,14.5211913,52.1426752,5.074448,-0.21319178,-0.37634444,1.772255,on bike mount,cyclo cross,False,asphalt,excellent
6829de33-aa39-48ff-a809-5a8a92c2a471,6fa0e4da-44f3-4944-8f85-662ca00293e8,8ee186e4-6426-4464-9750-a4a913d0d87b,1633253704045,14.5211913,52.1426752,5.074448,-0.503477,0.78570867,-0.35001087,on bike mount,cyclo cross,False,asphalt,excellent
6829de33-aa39-48ff-a809-5a8a92c2a471,6fa0e4da-44f3-4944-8f85-662ca00293e8,820e7510-5bdf-49f0-9d87-349a15679c60,1633253704095,14.5211913,52.1426752,5.074448,0.2899105,-0.1511395,1.4868965,on bike mount,cyclo cross,False,asphalt,excellent
6829de33-aa39-48ff-a809-5a8a92c2a471,6fa0e4da-44f3-4944-8f85-662ca00293e8,4d9c82be-b095-42fb-9f9c-483837182c9b,1633253704145,14.5212667,52.14268,5.3565345,-0.15468302,0.7157893,-1.0519586,on bike mount,cyclo cross,False,asphalt,excellent
6829de33-aa39-48ff-a809-5a8a92c2a471,6fa0e4da-44f3-4944-8f85-662ca00293e8,85f28466-7adb-4a51-b76a-2b068e0b96d4,1633253704196,14.5212667,52.14268,5.3565345,0.07262803,-0.6681397,1.2755365,on bike mount,cyclo cross,False,asphalt,excellent
6829de33-aa39-48ff-a809-5a8a92c2a471,6fa0e4da-44f3-4944-8f85-662ca00293e8,10229015-4681-4160-bec9-08c9265db867,1633253704245,14.5212667,52.14268,5.3565345,0.6893029,1.0183825,-5.928507,on bike mount,cyclo cross,False,asphalt,excellent
6829de33-aa39-48ff-a809-5a8a92c2a471,6fa0e4da-44f3-4944-8f85-662ca00293e8,63dc41cb-f415-4811-a375-fcaa08a724e0,1633253704297,14.5212667,52.14268,5.3565345,-0.49623173,-1.1309305,1.676117,on bike mount,cyclo cross,False,asphalt,excellent
6829de33-aa39-48ff-a809-5a8a92c2a471,6fa0e4da-44f3-4944-8f85-662ca00293e8,144195b2-677a-452c-95c9-5dfcd3c0bdfb,1633253704362,14.5212667,52.14268,5.3565345,-0.90972763,1.1043401,-0.72114277,on bike mount,cyclo cross,False,asphalt,excellent
6829de33-aa39-48ff-a809-5a8a92c2a471,6fa0e4da-44f3-4944-8f85-662ca00293e8,76a49784-059c-4cf2-a505-5a518d1e6fc9,1633253704412,14.5212667,52.14268,5.3565345,0.5942177,-0.7040796,2.074318,on bike mount,cyclo cross,False,asphalt,excellent
