bike_activity_uid,bike_activity_sample_uid,bike_activity_measurement,bike_activity_measurement_timestamp,bike_activity_measurement_lon,bike_activity_measurement_lat,bike_activity_measurement_speed,bike_activity_measurement_accelerometer_x,bike_activity_measurement_accelerometer_y,bike_activity_measurement_accelerometer_z,bike_activity_phone_position,bike_activity_bike_type,bike_activity_flagged_lab_conditions,bike_activity_surface_type,bike_activity_smoothness_type
721a6d77-2f80-4736-a5bc-161e4f7ee520,e01dce0c-c54f-4a71-8e1c-21ee0f3c52d3,50822950-f36b-465f-a7e8-9cbdd35b86a3,1627405255302,13.4179707,52.4932033,5.417793,-1.735542,-7.4088593,-12.230642,on bike mount,cyclo cross,False,sett,intermediate
721a6d77-2f80-4736-a5bc-161e4f7ee520,e01dce0c-c54f-4a71-8e1c-21ee0f3c52d3,b08a4e5d-8e30-4632-8b21-1540f80db1ae,1627405255353,13.4179707,52.4932033,5.417793,-3.449574,-10.090367,-1.8301702,on bike mount,cyclo cross,False,sett,intermediate
721a6d77-2f80-4736-a5bc-161e4f7ee520,e01dce0c-c54f-4a71-8e1c-21ee0f3c52d3,c25927ea-3e99-48ba-a751-b44acd5778f1,1627405255403,13.4179707,52.4932033,5.417793,1.81135,-4.6622653,-0.45007372,on bike mount,cyclo cross,False,sett,intermediate
721a6d77-2f80-4736-a5bc-161e4f7ee520,e01dce0c-c54f-4a71-8e1c-21ee0f3c52d3,b6be7128-782d-4b76-8be7-4b54f13584a4,1627405255469,13.4179707,52.4932033,5.417793,-2.3710563,1.8630056,6.573183,on bike mount,cyclo cross,False,sett,intermediate
721a6d77-2f80-4736-a5bc-161e4f7ee520,e01dce0c-c54f-4a71-8e1c-21ee0f3c52d3,0d3b007b-aec7-40ce-88f1-168b7c9b21ca,1627405255519,13.4179707,52.4932033,5.417793,3.4978871,-7.436982,5.685257,on bike mount,cyclo cross,False,sett,intermediate
721a6d77-2f80-4736-a5bc-161e4f7ee520,e01dce0c-c54f-4a71-8e1c-21ee0f3c52d3,c6464eb6-f546-489a-b8de-4543bbf441c7,1627405255569,13.4179707,52.4932033,5.417793,-0.8713726,-4.2716026,9.916486,on bike mount,cyclo cross,False,sett,intermediate
721a6d77-2f80-4736-a5bc-161e4f7ee520,e01dce0c-c54f-4a71-8e1c-21ee0f3c52d3,2bd38f93-f1e5-4131-95d9-23d8592cd70a,1627405255619,13.4179707,52.4932033,5.417793,2.693438,-10.438895,23.473284,on bike mount,cyclo cross,False,sett,intermediate
721a6d77-2f80-4736-a5bc-161e4f7ee520,e01dce0c-c54f-4a71-8e1c-21ee0f3c52d3,491a0ebc-9cfb-4549-ab44-d3443449b816,1627405255670,13.4179707,52.4932033,5.417793,-1.3705862,-2.5540802,-0.2262249,on bike mount,cyclo cross,False,sett,intermediate
721a6d77-2f80-4736-a5bc-161e4f7ee520,e01dce0c-c54f-4a71-8e1c-21ee0f3c52d3,9d7149d6-4159-4434-be35-c434ac2b6c92,1627405255736,13.4179707,52.4932033,5.417793,-3.444963,8.389773,7.093459,on bike mount,cyclo cross,False,sett,intermediate
721a6d77-2f80-4736-a5bc-161e4f7ee520,e01dce0c-c54f-4a71-8e1c-21ee0f3c52d3,9b0ea997-5ecb-42f0-b02e-aaee59494bee,1627405255786,13.4179707,52.4932033,5.417793,1.3997895,-17.458035,13.723968,on bike mount,cyclo cross,False,sett,intermediate
721a6d77-2f80-4736-a5bc-161e4f7ee520,e01dce0c-c54f-4a71-8e1c-21ee0f3c52d3,5b877ee2-9131-4f3a-8f27-43e4f89126cc,1627405255837,13.4179707,52.4932033,5.417793,-3.02476,3.344666,-10.14418,on bike mount,cyclo cross,False,sett,intermediate
721a6d77-2f80-4736-a5bc-161e4f7ee520,e01dce0c-c54f-4a71-8e1c-21ee0f3c52d3,66dd0702-3598-41e7-8b78-9996acbc0d2f,1627405255886,13.4179707,52.4932033,5.417793,0.6175415,-4.4305706,-3.9579692,on bike mount,cyclo cross,False,sett,intermediate
721a6d77-2f80-4736-a5bc-161e4f7ee520,e01dce0c-c54f-4a71-8e1c-21ee0f3c52d3,418041ba-7f38-4cd4-83e1-a6e7671af225,1627405255937,13.4179707,52.4932033,5.417793,0.66213614,-11.905617,19.007137,on bike mount,cyclo cross,False,sett,intermediate
721a6d77-2f80-4736-a5bc-161e4f7ee520,e01dce0c-c54f-4a71-8e1c-21ee0f3c52d3,941db820-86df-4e9d-823d-449834dc0688,1627405256003,13.4179707,52.4932033,5.417793,1.7055211,11.2795515,-1.6756308,on bike mount,cyclo cross,False,sett,intermediate
721a6d77-2f80-4736-a5bc-161e4f7ee520,e01dce0c-c54f-4a71-8e1c-21ee0f3c52d3,11dff3e7-d13e-4fd5-8233-6b4f959cf448,1627405256053,13.4179707,52.4932033,5.417793,1.8711348,3.1067348,8.085102,on bike mount,cyclo cross,False,sett,intermediate
721a6d77-2f80-4736-a5bc-161e4f7ee520,e01dce0c-c54f-4a71-8e1c-21ee0f3c52d3,8689420c-2c97-4200-ac61-633308f64070,1627405256104,13.4180102,52.4932712,5.4922028,1.9817642,-0.8241503,-6.717597,on bike mount,cyclo cross,False,sett,intermediate
721a6d77-2f80-4736-a5bc-161e4f7ee520,e01dce0c-c54f-4a71-8e1c-21ee0f3c52d3,c15e2525-d03f-401f-8960-901841728fb7,1627405256170,13.4180102,52.4932712,5.4922028,-0.9363882,-3.1943645,9.083969,on bike mount,cyclo cross,False,sett,intermediate
721a6d77-2f80-4736-a5bc-161e4f7ee520,e01dce0c-c54f-4a71-8e1c-21ee0f3c52d3,51af5910-2701-433a-b894-51e679b16912,1627405256237,13.4180102,52.4932712,5.4922028,1.0777998,-13.778019,8.00304,on bike mount,cyclo cross,False,sett,intermediate
721a6d77-2f80-4736-a5bc-161e4f7ee520,e01dce0c-c54f-4a71-8e1c-21ee0f3c52d3,7a2f2b9b-267b-40f8-ae62-77ae736bd2c8,1627405256304,13.4180102,52.4932712,5.4922028,-0.10126054,4.8955946,-3.5622444,on bike mount,cyclo cross,False,sett,intermediate
721a6d77-2f80-4736-a5bc-161e4f7ee520,e01dce0c-c54f-4a71-8e1c-21ee0f3c52d3,5dfc9805-1ed3-4853-a98c-41d96fe74227,1627405256371,13.4180102,52.4932712,5.4922028,-0.32007843,-2.0543487,1.4163809,on bike mount,cyclo cross,False,sett,intermediate
721a6d77-2f80-4736-a5bc-161e4f7ee520,e01dce0c-c54f-4a71-8e1c-21ee0f3c52d3,857cb8ae-e44b-4c16-9f3e-c381d25eed68,1627405256437,13.4180102,52.4932712,5.4922028,-0.37529552,-0.29009724,3.6950274,on bike mount,cyclo cross,False,sett,intermediate
721a6d77-2f80-4736-a5bc-161e4f7ee520,e01dce0c-c54f-4a71-8e1c-21ee0f3c52d3,30a5309d-bd41-4dea-ae57-165f164d22e4,1627405256504,13.4180102,52.4932712,5.4922028,2.1010032,-2.5725482,-7.305245,on bike mount,cyclo cross,False,sett,intermediate
721a6d77-2f80-4736-a5bc-161e4f7ee520,e01dce0c-c54f-4a71-8e1c-21ee0f3c52d3,57bfd921-f05a-4594-95ee-bfbea4f4bec5,1627405256571,13.4180102,52.4932712,5.4922028,0.054993317,-3.8498847,14.5869255,on bike mount,cyclo cross,False,sett,intermediate
721a6d77-2f80-4736-a5bc-161e4f7ee520,e01dce0c-c54f-4a71-8e1c-21ee0f3c52d3,55da261f-e71b-45e8-aff8-69eb576857f1,1627405256638,13.4180102,52.4932712,5.4922028,-2.0261235,4.294758,3.87257,on bike mount,cyclo cross,False,sett,intermediate
721a6d77-2f80-4736-a5bc-161e4f7ee520,e01dce0c-c54f-4a71-8e1c-21ee0f3c52d3,5054ffe3-7cc3-464d-b487-078fb43af378,1627405256687,13.4180102,52.4932712,5.4922028,-1.694302,5.5064416,-5.525998,on bike mount,cyclo cross,False,sett,intermediate
721a6d77-2f80-4736-a5bc-161e4f7ee520,e01dce0c-c54f-4a71-8e1c-21ee0f3c52d3,ab87076a-7036-4469-8c63-9b9fbcca43f6,1627405256738,13.4180102,52.4932712,5.4922028,1.7979124,-12.002033,5.2022285,on bike mount,cyclo cross,False,sett,intermediate
721a6d77-2f80-4736-a5bc-161e4f7ee520,e01dce0c-c54f-4a71-8e1c-21ee0f3c52d3,c6287d94-ac47-4a20-882b-9badb27161c0,1627405256804,13.4180102,52.4932712,5.4922028,-2.458092,-0.37995625,-2.4845572,on bike mount,cyclo cross,False,sett,intermediate
721a6d77-2f80-4736-a5bc-161e4f7ee520,e01dce0c-c54f-4a71-8e1c-21ee0f3c52d3,7261dd4e-897f-4914-a85d-6a0c07843539,1627405256854,13.4180102,52.4932712,5.4922028,0.06878805,7.1423035,-10.036502,on bike mount,cyclo cross,False,sett,intermediate
721a6d77-2f80-4736-a5bc-161e4f7ee520,e01dce0c-c54f-4a71-8e1c-21ee0f3c52d3,2970b5f0-269b-4f38-b838-e1cd5a1b16f0,1627405256904,13.4180102,52.4932712,5.4922028,-1.6420636,-9.668833,1.3743973,on bike mount,cyclo cross,False,sett,intermediate
721a6d77-2f80-4736-a5bc-161e4f7ee520,e01dce0c-c54f-4a71-8e1c-21ee0f3c52d3,ab5bcd45-af7f-4b6f-a57c-29f287a7611c,1627405256955,13.4180102,52.4932712,5.4922028,-1.0756514,1.7859063,-10.453669,on bike mount,cyclo cross,False,sett,intermediate
721a6d77-2f80-4736-a5bc-161e4f7ee520,e01dce0c-c54f-4a71-8e1c-21ee0f3c52d3,67da146b-c0df-4183-95c1-53600a2442f1,1627405257005,13.4180102,52.4932712,5.4922028,-2.2444615,4.795106,-17.407616,on bike mount,cyclo cross,False,sett,intermediate
721a6d77-2f80-4736-a5bc-161e4f7ee520,e01dce0c-c54f-4a71-8e1c-21ee0f3c52d3,0ea9158d-f0f5-48e5-9a8c-27aa950fbb6c,1627405257072,13.4180102,52.4932712,5.4922028,0.6103015,3.44944,3.132926,on bike mount,cyclo cross,False,sett,intermediate
721a6d77-2f80-4736-a5bc-161e4f7ee520,e01dce0c-c54f-4a71-8e1c-21ee0f3c52d3,361a34b7-b951-4ce1-bc00-b2691e94e340,1627405257138,13.4180378,52.4933213,5.5994825,-0.6296876,6.4037366,-10.414467,on bike mount,cyclo cross,False,sett,intermediate
721a6d77-2f80-4736-a5bc-161e4f7ee520,e01dce0c-c54f-4a71-8e1c-21ee0f3c52d3,e19e5910-d693-40de-bfeb-8334c7434e42,1627405257205,13.4180378,52.4933213,5.5994825,4.4929695,-9.980048,1.1896544,on bike mount,cyclo cross,False,sett,intermediate
721a6d77-2f80-4736-a5bc-161e4f7ee520,e01dce0c-c54f-4a71-8e1c-21ee0f3c52d3,49537b0f-03ed-4b1e-a7d9-05ccca945dd0,1627405257272,13.4180378,52.4933213,5.5994825,2.1015518,-12.911829,-1.5212765,on bike mount,cyclo cross,False,sett,intermediate
721a6d77-2f80-4736-a5bc-161e4f7ee520,e01dce0c-c54f-4a71-8e1c-21ee0f3c52d3,5674dff9-bc35-4b60-a55e-2cbb3eb2953f,1627405257338,13.4180378,52.4933213,5.5994825,1.3369038,-9.173239,-2.4587383,on bike mount,cyclo cross,False,sett,intermediate
721a6d77-2f80-4736-a5bc-161e4f7ee520,e01dce0c-c54f-4a71-8e1c-21ee0f3c52d3,859b95df-8425-4d6b-97ca-a173210d7a1d,1627405257389,13.4180378,52.4933213,5.5994825,-1.4381678,-17.630318,3.6525307,on bike mount,cyclo cross,False,sett,intermediate
721a6d77-2f80-4736-a5bc-161e4f7ee520,e01dce0c-c54f-4a71-8e1c-21ee0f3c52d3,a22ab87e-e7f9-4382-964a-6db04e84e0d8,1627405257439,13.4180378,52.4933213,5.5994825,-1.8916469,-2.0842075,3.0779266,on bike mount,cyclo cross,False,sett,intermediate
721a6d77-2f80-4736-a5bc-161e4f7ee520,e01dce0c-c54f-4a71-8e1c-21ee0f3c52d3,a1849d4a-74ee-44f9-b772-67ea91f1864a,1627405257489,13.4180378,52.4933213,5.5994825,-1.2423911,-13.409121,6.117527,on bike mount,cyclo cross,False,sett,intermediate
721a6d77-2f80-4736-a5bc-161e4f7ee520,e01dce0c-c54f-4a71-8e1c-21ee0f3c52d3,2a057574-7401-4d66-9a68-114018851bb7,1627405257556,13.4180378,52.4933213,5.5994825,2.3593493,-1.3497005,-9.672619,on bike mount,cyclo cross,False,sett,intermediate
721a6d77-2f80-4736-a5bc-161e4f7ee520,e01dce0c-c54f-4a71-8e1c-21ee0f3c52d3,dd0edf0b-de2c-4b46-ba0c-b76430d1f0c7,1627405257622,13.4180378,52.4933213,5.5994825,-2.9583826,-0.85371923,-11.287983,on bike mount,cyclo cross,False,sett,intermediate
721a6d77-2f80-4736-a5bc-161e4f7ee520,e01dce0c-c54f-4a71-8e1c-21ee0f3c52d3,01585698-2211-41d2-a8e7-85b26c5f57d2,1627405257689,13.4180378,52.4933213,5.5994825,1.7119852,-8.133823,6.667531,on bike mount,cyclo cross,False,sett,intermediate
721a6d77-2f80-4736-a5bc-161e4f7ee520,e01dce0c-c54f-4a71-8e1c-21ee0f3c52d3,b9b643a7-73e3-47bb-8c15-3c4af204ba9f,1627405257755,13.4180378,52.4933213,5.5994825,1.0146897,17.503532,-14.6796465,on bike mount,cyclo cross,False,sett,intermediate
721a6d77-2f80-4736-a5bc-161e4f7ee520,e01dce0c-c54f-4a71-8e1c-21ee0f3c52d3,88f52ae7-0a6b-468e-a0d2-e794e3128a0e,1627405257806,13.4180378,52.4933213,5.5994825,-1.6826894,13.062454,-14.935729,on bike mount,cyclo cross,False,sett,intermediate
721a6d77-2f80-4736-a5bc-161e4f7ee520,e01dce0c-c54f-4a71-8e1c-21ee0f3c52d3,47c95e76-f3b0-437f-baf4-8b974db1ceb0,1627405257856,13.4180378,52.4933213,5.5994825,-0.5991176,17.432182,-16.260372,on bike mount,cyclo cross,False,sett,intermediate
721a6d77-2f80-4736-a5bc-161e4f7ee520,e01dce0c-c54f-4a71-8e1c-21ee0f3c52d3,84bd2282-06e5-4e93-a154-a25d82dc7865,1627405257922,13.4180378,52.4933213,5.5994825,-3.5188093,5.798844,-13.628565,on bike mount,cyclo cross,False,sett,intermediate
721a6d77-2f80-4736-a5bc-161e4f7ee520,e01dce0c-c54f-4a71-8e1c-21ee0f3c52d3,a6d02d8f-6cba-4122-a87c-54bcecc7517c,1627405257973,13.4180378,52.4933213,5.5994825,5.6476765,3.0298214,-9.077726,on bike mount,cyclo cross,False,sett,intermediate
721a6d77-2f80-4736-a5bc-161e4f7ee520,e01dce0c-c54f-4a71-8e1c-21ee0f3c52d3,ac198ec1-8537-4c9a-9d73-78f395059369,1627405258023,13.4180378,52.4933213,5.5994825,2.5038233,3.732808,7.4318256,on bike mount,cyclo cross,False,sett,intermediate
721a6d77-2f80-4736-a5bc-161e4f7ee520,e01dce0c-c54f-4a71-8e1c-21ee0f3c52d3,537c146b-ec68-4ec3-9055-cccae276b120,1627405258090,13.4180378,52.4933213,5.5994825,-3.4493997,9.545207,16.600878,on bike mount,cyclo cross,False,sett,intermediate
721a6d77-2f80-4736-a5bc-161e4f7ee520,e01dce0c-c54f-4a71-8e1c-21ee0f3c52d3,83949f09-2750-43f7-ba70-afcbab7b5dc3,1627405258156,13.4180659,52.4933752,5.6749,1.4204373,-0.13521242,-2.6746602,on bike mount,cyclo cross,False,sett,intermediate
721a6d77-2f80-4736-a5bc-161e4f7ee520,e01dce0c-c54f-4a71-8e1c-21ee0f3c52d3,458f5094-1cc8-4b12-8544-c13de6d0c337,1627405258222,13.4180659,52.4933752,5.6749,0.32052308,-11.804821,5.427823,on bike mount,cyclo cross,False,sett,intermediate
721a6d77-2f80-4736-a5bc-161e4f7ee520,e01dce0c-c54f-4a71-8e1c-21ee0f3c52d3,1b3089d5-ea10-416f-9a40-7596cf89d947,1627405258272,13.4180659,52.4933752,5.6749,-6.0799546,2.7147923,-19.960583,on bike mount,cyclo cross,False,sett,intermediate
721a6d77-2f80-4736-a5bc-161e4f7ee520,e01dce0c-c54f-4a71-8e1c-21ee0f3c52d3,683b6744-6087-4daf-b1dd-f205b5925996,1627405258339,13.4180659,52.4933752,5.6749,-7.6061935,7.267995,3.0933342,on bike mount,cyclo cross,False,sett,intermediate
721a6d77-2f80-4736-a5bc-161e4f7ee520,e01dce0c-c54f-4a71-8e1c-21ee0f3c52d3,1f9730de-e5e7-4861-85ed-a4a51a240aa3,1627405258389,13.4180659,52.4933752,5.6749,0.6459661,3.3434644,-5.447735,on bike mount,cyclo cross,False,sett,intermediate
721a6d77-2f80-4736-a5bc-161e4f7ee520,e01dce0c-c54f-4a71-8e1c-21ee0f3c52d3,056e6897-df5c-4342-8846-68bb0e6ecfa4,1627405258439,13.4180659,52.4933752,5.6749,0.052104414,-5.126466,4.6030674,on bike mount,cyclo cross,False,sett,intermediate
721a6d77-2f80-4736-a5bc-161e4f7ee520,e01dce0c-c54f-4a71-8e1c-21ee0f3c52d3,c30649dd-b5ae-4345-8ad3-2f51839f62c1,1627405258506,13.4180659,52.4933752,5.6749,-2.2486153,7.0103464,-1.9535213,on bike mount,cyclo cross,False,sett,intermediate
721a6d77-2f80-4736-a5bc-161e4f7ee520,e01dce0c-c54f-4a71-8e1c-21ee0f3c52d3,682cd0c2-36ae-4beb-a16b-586f26d1c444,1627405258557,13.4180659,52.4933752,5.6749,0.045303226,-5.4867363,-3.7398846,on bike mount,cyclo cross,False,sett,intermediate
721a6d77-2f80-4736-a5bc-161e4f7ee520,e01dce0c-c54f-4a71-8e1c-21ee0f3c52d3,ed9ce6d4-5bf6-407d-bd99-78024711f870,1627405258623,13.4180659,52.4933752,5.6749,-4.483404,-8.915887,19.784988,on bike mount,cyclo cross,False,sett,intermediate
721a6d77-2f80-4736-a5bc-161e4f7ee520,e01dce0c-c54f-4a71-8e1c-21ee0f3c52d3,5d2c73d7-52f2-41bd-80ce-805ce3a1d55c,1627405258673,13.4180659,52.4933752,5.6749,-6.2640915,-9.6099415,8.520712,on bike mount,cyclo cross,False,sett,intermediate
721a6d77-2f80-4736-a5bc-161e4f7ee520,e01dce0c-c54f-4a71-8e1c-21ee0f3c52d3,8fcbe668-8fe9-4119-83e3-3da9fbfd3672,1627405258724,13.4180659,52.4933752,5.6749,-3.8859463,2.4803228,4.259203,on bike mount,cyclo cross,False,sett,intermediate
721a6d77-2f80-4736-a5bc-161e4f7ee520,e01dce0c-c54f-4a71-8e1c-21ee0f3c52d3,5f258d7e-1474-45c8-9b7a-7e9d21239096,1627405258774,13.4180659,52.4933752,5.6749,-3.0924666,-0.3104868,12.898016,on bike mount,cyclo cross,False,sett,intermediate
721a6d77-2f80-4736-a5bc-161e4f7ee520,e01dce0c-c54f-4a71-8e1c-21ee0f3c52d3,db7d5a89-74a8-4034-81fb-3ba892514ed4,1627405258824,13.4180659,52.4933752,5.6749,0.29442632,-10.862491,0.9463682,on bike mount,cyclo cross,False,sett,intermediate
721a6d77-2f80-4736-a5bc-161e4f7ee520,e01dce0c-c54f-4a71-8e1c-21ee0f3c52d3,584100e4-0628-4148-84f4-de07567599ba,1627405258890,13.4180659,52.4933752,5.6749,-1.5581403,-7.6319914,0.16955185,on bike mount,cyclo cross,False,sett,intermediate
721a6d77-2f80-4736-a5bc-161e4f7ee520,e01dce0c-c54f-4a71-8e1c-21ee0f3c52d3,c0150a88-5197-4c20-9564-c893eb1e5f53,1627405258941,13.4180659,52.4933752,5.6749,-2.000448,-5.7980676,8.691732,on bike mount,cyclo cross,False,sett,intermediate
721a6d77-2f80-4736-a5bc-161e4f7ee520,e01dce0c-c54f-4a71-8e1c-21ee0f3c52d3,2827519e-f68a-47a5-9f1d-0a0767881042,1627405258991,13.4180659,52.4933752,5.6749,-4.42667,-2.4690254,15.9842,on bike mount,cyclo cross,False,sett,intermediate
721a6d77-2f80-4736-a5bc-161e4f7ee520,e01dce0c-c54f-4a71-8e1c-21ee0f3c52d3,c922c0ed-4aca-4357-9836-023f0a6aa254,1627405259041,13.4180659,52.4933752,5.6749,-4.092802,-5.321265,19.265568,on bike mount,cyclo cross,False,sett,intermediate
721a6d77-2f80-4736-a5bc-161e4f7ee520,e01dce0c-c54f-4a71-8e1c-21ee0f3c52d3,773b991c-f9ae-4ba7-8b8e-6451b70e9df2,1627405259108,13.4180659,52.4933752,5.6749,0.87786996,-2.0525498,1.483839,on bike mount,cyclo cross,False,sett,intermediate
721a6d77-2f80-4736-a5bc-161e4f7ee520,e01dce0c-c54f-4a71-8e1c-21ee0f3c52d3,606531ce-0797-446e-a10d-a5e6900f56a7,1627405259174,13.4180945,52.4934344,5.74331,3.6038299,6.3945646,-5.8346505,on bike mount,cyclo cross,False,sett,intermediate
721a6d77-2f80-4736-a5bc-161e4f7ee520,e01dce0c-c54f-4a71-8e1c-21ee0f3c52d3,69482ad0-70ce-4e35-9433-f2b7b2f14ca5,1627405259241,13.4180945,52.4934344,5.74331,5.996251,-5.195362,-15.190132,on bike mount,cyclo cross,False,sett,intermediate
721a6d77-2f80-4736-a5bc-161e4f7ee520,e01dce0c-c54f-4a71-8e1c-21ee0f3c52d3,1916126c-fa54-4c96-832d-7f7549f7fe4a,1627405259308,13.4180945,52.4934344,5.74331,-3.4488115,-5.8553066,22.021435,on bike mount,cyclo cross,False,sett,intermediate
721a6d77-2f80-4736-a5bc-161e4f7ee520,e01dce0c-c54f-4a71-8e1c-21ee0f3c52d3,ca147a9a-821a-4135-94db-cdfc6d0f6277,1627405259375,13.4180945,52.4934344,5.74331,-2.693244,5.5029564,-1.958035,on bike mount,cyclo cross,False,sett,intermediate
721a6d77-2f80-4736-a5bc-161e4f7ee520,e01dce0c-c54f-4a71-8e1c-21ee0f3c52d3,b0e0af99-95d3-4bf8-8fab-e6c9eb000620,1627405259425,13.4180945,52.4934344,5.74331,4.9377837,16.901827,-28.759087,on bike mount,cyclo cross,False,sett,intermediate
721a6d77-2f80-4736-a5bc-161e4f7ee520,e01dce0c-c54f-4a71-8e1c-21ee0f3c52d3,528f25c6-2545-444e-bf80-8601583cd4d6,1627405259491,13.4180945,52.4934344,5.74331,5.48553,1.5041347,-3.8206928,on bike mount,cyclo cross,False,sett,intermediate
721a6d77-2f80-4736-a5bc-161e4f7ee520,e01dce0c-c54f-4a71-8e1c-21ee0f3c52d3,a093c891-eb2f-4ae0-a168-e2468d0e82df,1627405259558,13.4180945,52.4934344,5.74331,2.3644795,-11.122022,9.039256,on bike mount,cyclo cross,False,sett,intermediate
721a6d77-2f80-4736-a5bc-161e4f7ee520,e01dce0c-c54f-4a71-8e1c-21ee0f3c52d3,cb59fbbf-37a8-45b7-9454-c42a54326c5a,1627405259625,13.4180945,52.4934344,5.74331,-0.25517815,-18.23716,8.204077,on bike mount,cyclo cross,False,sett,intermediate
721a6d77-2f80-4736-a5bc-161e4f7ee520,e01dce0c-c54f-4a71-8e1c-21ee0f3c52d3,20821f1c-47ae-4da5-a4df-0c96c9a5c796,1627405259691,13.4180945,52.4934344,5.74331,-3.8432393,14.239826,-10.501879,on bike mount,cyclo cross,False,sett,intermediate
721a6d77-2f80-4736-a5bc-161e4f7ee520,e01dce0c-c54f-4a71-8e1c-21ee0f3c52d3,0e712fb2-53a8-46f2-9dc7-70d92402c896,1627405259742,13.4180945,52.4934344,5.74331,-0.5400378,12.394857,-5.517945,on bike mount,cyclo cross,False,sett,intermediate
721a6d77-2f80-4736-a5bc-161e4f7ee520,e01dce0c-c54f-4a71-8e1c-21ee0f3c52d3,fd069735-d484-4a17-8860-78e468b3278b,1627405259808,13.4180945,52.4934344,5.74331,0.3812189,-4.890028,-0.40561533,on bike mount,cyclo cross,False,sett,intermediate
721a6d77-2f80-4736-a5bc-161e4f7ee520,e01dce0c-c54f-4a71-8e1c-21ee0f3c52d3,ba7c2d2a-3436-42eb-8c4e-8b63c0af3592,1627405259858,13.4180945,52.4934344,5.74331,3.7780204,-14.526686,8.466242,on bike mount,cyclo cross,False,sett,intermediate
721a6d77-2f80-4736-a5bc-161e4f7ee520,e01dce0c-c54f-4a71-8e1c-21ee0f3c52d3,86bfb60f-af94-4555-b05d-f512c17cb30e,1627405259908,13.4180945,52.4934344,5.74331,-0.20470372,5.0058885,-14.188533,on bike mount,cyclo cross,False,sett,intermediate
721a6d77-2f80-4736-a5bc-161e4f7ee520,e01dce0c-c54f-4a71-8e1c-21ee0f3c52d3,223d84b9-6bfc-4048-b1ca-6146941b7829,1627405259959,13.4180945,52.4934344,5.74331,0.8168421,-3.808597,-4.169943,on bike mount,cyclo cross,False,sett,intermediate
721a6d77-2f80-4736-a5bc-161e4f7ee520,e01dce0c-c54f-4a71-8e1c-21ee0f3c52d3,b8c2354e-1928-47c5-9c54-dc2b1932cb29,1627405260025,13.4180945,52.4934344,5.74331,-1.7836359,9.558563,-8.211882,on bike mount,cyclo cross,False,sett,intermediate
721a6d77-2f80-4736-a5bc-161e4f7ee520,e01dce0c-c54f-4a71-8e1c-21ee0f3c52d3,b9eb9eb1-c463-428f-b221-afa7ab32ed25,1627405260092,13.4180945,52.4934344,5.74331,-5.307829,5.064507,-9.461782,on bike mount,cyclo cross,False,sett,intermediate
721a6d77-2f80-4736-a5bc-161e4f7ee520,e01dce0c-c54f-4a71-8e1c-21ee0f3c52d3,bc564e14-1944-460f-951d-ed47c1cbbe38,1627405260158,13.4181312,52.4934872,5.777033,-0.061481833,-2.054433,2.5548706,on bike mount,cyclo cross,False,sett,intermediate
721a6d77-2f80-4736-a5bc-161e4f7ee520,e01dce0c-c54f-4a71-8e1c-21ee0f3c52d3,17ad295c-999f-45da-ba83-d03928238845,1627405260209,13.4181312,52.4934872,5.777033,2.9068997,-8.704771,5.3278255,on bike mount,cyclo cross,False,sett,intermediate
721a6d77-2f80-4736-a5bc-161e4f7ee520,e01dce0c-c54f-4a71-8e1c-21ee0f3c52d3,f374a78a-6b59-4ea2-a622-b8369d5e2dee,1627405260276,13.4181312,52.4934872,5.777033,2.989355,22.043062,-15.810677,on bike mount,cyclo cross,False,sett,intermediate
721a6d77-2f80-4736-a5bc-161e4f7ee520,e01dce0c-c54f-4a71-8e1c-21ee0f3c52d3,a05346d6-7327-48b2-b37e-4db823905713,1627405260342,13.4181312,52.4934872,5.777033,1.1683328,-2.1040468,16.926697,on bike mount,cyclo cross,False,sett,intermediate
721a6d77-2f80-4736-a5bc-161e4f7ee520,e01dce0c-c54f-4a71-8e1c-21ee0f3c52d3,45a6bb8e-2897-49a3-90ac-d6b977cce7b1,1627405260392,13.4181312,52.4934872,5.777033,0.1308527,-3.1226864,4.15534,on bike mount,cyclo cross,False,sett,intermediate
721a6d77-2f80-4736-a5bc-161e4f7ee520,e01dce0c-c54f-4a71-8e1c-21ee0f3c52d3,0fa1dd21-0fb7-45b8-bbae-a2bee3b56158,1627405260443,13.4181312,52.4934872,5.777033,0.2271918,3.2864065,-8.385246,on bike mount,cyclo cross,False,sett,intermediate
721a6d77-2f80-4736-a5bc-161e4f7ee520,e01dce0c-c54f-4a71-8e1c-21ee0f3c52d3,23c41b9b-e136-4dd4-ba2c-d4808ff66f5a,1627405260509,13.4181312,52.4934872,5.777033,-1.4310205,-17.937635,-1.2486973,on bike mount,cyclo cross,False,sett,intermediate
721a6d77-2f80-4736-a5bc-161e4f7ee520,e01dce0c-c54f-4a71-8e1c-21ee0f3c52d3,8e2273c1-9d3c-4fff-aead-afddd1e5eb88,1627405260576,13.4181312,52.4934872,5.777033,2.8614535,-2.250609,-0.9255471,on bike mount,cyclo cross,False,sett,intermediate
721a6d77-2f80-4736-a5bc-161e4f7ee520,e01dce0c-c54f-4a71-8e1c-21ee0f3c52d3,df5ed766-becf-4509-bd15-5ab19f8e0f30,1627405260643,13.4181312,52.4934872,5.777033,-2.3182354,-7.4346714,4.3203106,on bike mount,cyclo cross,False,sett,intermediate
721a6d77-2f80-4736-a5bc-161e4f7ee520,e01dce0c-c54f-4a71-8e1c-21ee0f3c52d3,c6ae7ad1-2050-4a5f-92ca-1edb4da4e189,1627405260709,13.4181312,52.4934872,5.777033,2.4859438,3.3172894,-1.9307575,on bike mount,cyclo cross,False,sett,intermediate
721a6d77-2f80-4736-a5bc-161e4f7ee520,e01dce0c-c54f-4a71-8e1c-21ee0f3c52d3,ca25f799-85eb-4e2b-9e9e-1f0cc683a4a9,1627405260759,13.4181312,52.4934872,5.777033,-5.037752,3.0507188,-12.387707,on bike mount,cyclo cross,False,sett,intermediate
721a6d77-2f80-4736-a5bc-161e4f7ee520,e01dce0c-c54f-4a71-8e1c-21ee0f3c52d3,75770bcc-9f95-475f-a459-03e402a6680d,1627405260810,13.4181312,52.4934872,5.777033,0.7661075,14.416243,-13.567151,on bike mount,cyclo cross,False,sett,intermediate
721a6d77-2f80-4736-a5bc-161e4f7ee520,e01dce0c-c54f-4a71-8e1c-21ee0f3c52d3,694332b0-d0d5-42ee-bb76-5e38f0c861e3,1627405260860,13.4181312,52.4934872,5.777033,1.8011289,-3.1817424,1.6088753,on bike mount,cyclo cross,False,sett,intermediate
721a6d77-2f80-4736-a5bc-161e4f7ee520,e01dce0c-c54f-4a71-8e1c-21ee0f3c52d3,4fff0d4a-00e7-44f2-9895-19bb7607fae2,1627405260927,13.4181312,52.4934872,5.777033,-2.125128,9.57331,-14.934654,on bike mount,cyclo cross,False,sett,intermediate
721a6d77-2f80-4736-a5bc-161e4f7ee520,e01dce0c-c54f-4a71-8e1c-21ee0f3c52d3,ee352114-29d5-4c9f-b4db-e6eb38154e57,1627405260993,13.4181312,52.4934872,5.777033,4.128687,1.917841,2.5668316,on bike mount,cyclo cross,False,sett,intermediate
721a6d77-2f80-4736-a5bc-161e4f7ee520,e01dce0c-c54f-4a71-8e1c-21ee0f3c52d3,40a1654e-c370-476e-9a7d-c6c7774c5680,1627405261060,13.4181312,52.4934872,5.777033,-1.9593904,-4.039883,-4.157072,on bike mount,cyclo cross,False,sett,intermediate
721a6d77-2f80-4736-a5bc-161e4f7ee520,e01dce0c-c54f-4a71-8e1c-21ee0f3c52d3,52833492-cc95-4109-9438-a442887f45db,1627405261126,13.41817,52.4935349,5.785732,6.8693213,-16.112106,-7.795835,on bike mount,cyclo cross,False,sett,intermediate
721a6d77-2f80-4736-a5bc-161e4f7ee520,e01dce0c-c54f-4a71-8e1c-21ee0f3c52d3,9426b7e2-ae7e-4d6d-bef1-32cd1613cb97,1627405261176,13.41817,52.4935349,5.785732,0.29650572,-8.843584,14.277447,on bike mount,cyclo cross,False,sett,intermediate
721a6d77-2f80-4736-a5bc-161e4f7ee520,e01dce0c-c54f-4a71-8e1c-21ee0f3c52d3,f780ae78-0f18-4907-b968-41c5cc1509b6,1627405261227,13.41817,52.4935349,5.785732,-2.2457738,-3.4984615,5.7607784,on bike mount,cyclo cross,False,sett,intermediate
721a6d77-2f80-4736-a5bc-161e4f7ee520,e01dce0c-c54f-4a71-8e1c-21ee0f3c52d3,3661a6a1-7997-47de-abda-a45e8064fe40,1627405261277,13.41817,52.4935349,5.785732,-1.1875417,-1.4816926,3.6936455,on bike mount,cyclo cross,False,sett,intermediate
721a6d77-2f80-4736-a5bc-161e4f7ee520,e01dce0c-c54f-4a71-8e1c-21ee0f3c52d3,1208e8a6-53f2-413b-a400-70edc1239d3c,1627405261344,13.41817,52.4935349,5.785732,0.31777352,11.436716,-8.627836,on bike mount,cyclo cross,False,sett,intermediate
721a6d77-2f80-4736-a5bc-161e4f7ee520,e01dce0c-c54f-4a71-8e1c-21ee0f3c52d3,aafca645-9e9b-4c35-a727-47c7fda390db,1627405261410,13.41817,52.4935349,5.785732,2.9343061,-10.29496,5.7907705,on bike mount,cyclo cross,False,sett,intermediate
721a6d77-2f80-4736-a5bc-161e4f7ee520,e01dce0c-c54f-4a71-8e1c-21ee0f3c52d3,68b46688-d6e4-47f3-8d4e-c9024965cd50,1627405261461,13.41817,52.4935349,5.785732,-2.117755,-3.1160524,9.18575,on bike mount,cyclo cross,False,sett,intermediate
721a6d77-2f80-4736-a5bc-161e4f7ee520,e01dce0c-c54f-4a71-8e1c-21ee0f3c52d3,ca9c5edd-a7b0-4d20-8ad0-785268d3a97e,1627405261511,13.41817,52.4935349,5.785732,-3.0743854,-18.850845,9.15576,on bike mount,cyclo cross,False,sett,intermediate
721a6d77-2f80-4736-a5bc-161e4f7ee520,e01dce0c-c54f-4a71-8e1c-21ee0f3c52d3,2c25d28b-7c79-4c58-8779-63220f717ac5,1627405261577,13.41817,52.4935349,5.785732,3.2783449,14.713229,-20.658632,on bike mount,cyclo cross,False,sett,intermediate
721a6d77-2f80-4736-a5bc-161e4f7ee520,e01dce0c-c54f-4a71-8e1c-21ee0f3c52d3,2346349e-f1c2-4aa7-aad9-62f210efd8b7,1627405261644,13.41817,52.4935349,5.785732,3.7466564,-8.875105,1.987545,on bike mount,cyclo cross,False,sett,intermediate
721a6d77-2f80-4736-a5bc-161e4f7ee520,e01dce0c-c54f-4a71-8e1c-21ee0f3c52d3,dfd65b79-5a29-4a59-8373-5ae9bc8300ce,1627405261711,13.41817,52.4935349,5.785732,-13.050442,14.547417,9.084909,on bike mount,cyclo cross,False,sett,intermediate
721a6d77-2f80-4736-a5bc-161e4f7ee520,e01dce0c-c54f-4a71-8e1c-21ee0f3c52d3,49bfc1e0-1fb7-4bad-9432-64756b82737b,1627405261778,13.41817,52.4935349,5.785732,-3.761003,-12.291342,9.706799,on bike mount,cyclo cross,False,sett,intermediate
721a6d77-2f80-4736-a5bc-161e4f7ee520,e01dce0c-c54f-4a71-8e1c-21ee0f3c52d3,aa3278ed-fa57-4d57-8105-1af87a327f77,1627405261828,13.41817,52.4935349,5.785732,-1.0936959,-10.420305,26.727177,on bike mount,cyclo cross,False,sett,intermediate
721a6d77-2f80-4736-a5bc-161e4f7ee520,e01dce0c-c54f-4a71-8e1c-21ee0f3c52d3,db977efa-40bf-4073-a6d5-5dac5be4295b,1627405261878,13.41817,52.4935349,5.785732,0.7587745,18.161154,-4.984872,on bike mount,cyclo cross,False,sett,intermediate
721a6d77-2f80-4736-a5bc-161e4f7ee520,e01dce0c-c54f-4a71-8e1c-21ee0f3c52d3,547117a0-f4f4-4e2e-909d-f3af6dff84c0,1627405261944,13.41817,52.4935349,5.785732,3.8032055,0.40043068,-17.716307,on bike mount,cyclo cross,False,sett,intermediate
721a6d77-2f80-4736-a5bc-161e4f7ee520,e01dce0c-c54f-4a71-8e1c-21ee0f3c52d3,4f662d59-4cd1-444e-b810-94858c9830a8,1627405261994,13.41817,52.4935349,5.785732,2.5676956,11.205772,-3.4103642,on bike mount,cyclo cross,False,sett,intermediate
721a6d77-2f80-4736-a5bc-161e4f7ee520,e01dce0c-c54f-4a71-8e1c-21ee0f3c52d3,9edf6475-cb2f-46a1-baa3-97422d0f47c1,1627405262045,13.41817,52.4935349,5.785732,-2.3867536,-16.499973,-6.5105796,on bike mount,cyclo cross,False,sett,intermediate
721a6d77-2f80-4736-a5bc-161e4f7ee520,e01dce0c-c54f-4a71-8e1c-21ee0f3c52d3,dbd6f917-ceb4-4166-b087-8a921858222f,1627405262111,13.41817,52.4935349,5.785732,4.8804474,-22.78645,21.830662,on bike mount,cyclo cross,False,sett,intermediate
721a6d77-2f80-4736-a5bc-161e4f7ee520,e01dce0c-c54f-4a71-8e1c-21ee0f3c52d3,5d518047-f51c-4946-b78e-d75e2fd21d4d,1627405262178,13.4182197,52.4935686,5.731174,0.63713366,10.092473,-20.479387,on bike mount,cyclo cross,False,sett,intermediate
721a6d77-2f80-4736-a5bc-161e4f7ee520,e01dce0c-c54f-4a71-8e1c-21ee0f3c52d3,bb7581f6-448e-48f5-9805-b261889bc43f,1627405262245,13.4182197,52.4935686,5.731174,-2.6378698,-26.434093,3.515933,on bike mount,cyclo cross,False,sett,intermediate
721a6d77-2f80-4736-a5bc-161e4f7ee520,e01dce0c-c54f-4a71-8e1c-21ee0f3c52d3,760bbeed-e9df-4343-90a6-8e772ec983bc,1627405262312,13.4182197,52.4935686,5.731174,-3.5268655,18.379126,-7.7492194,on bike mount,cyclo cross,False,sett,intermediate
721a6d77-2f80-4736-a5bc-161e4f7ee520,e01dce0c-c54f-4a71-8e1c-21ee0f3c52d3,73d82f75-6dc0-414a-bf25-8c77211d1ded,1627405262378,13.4182197,52.4935686,5.731174,-0.07165489,-2.714262,-17.314674,on bike mount,cyclo cross,False,sett,intermediate
721a6d77-2f80-4736-a5bc-161e4f7ee520,e01dce0c-c54f-4a71-8e1c-21ee0f3c52d3,b2a1e67f-9b5e-4c07-8feb-b6c9e12ceb2e,1627405262429,13.4182197,52.4935686,5.731174,-4.390752,-15.183115,11.019627,on bike mount,cyclo cross,False,sett,intermediate
721a6d77-2f80-4736-a5bc-161e4f7ee520,e01dce0c-c54f-4a71-8e1c-21ee0f3c52d3,c626dd16-bdbf-4306-a849-9e7af558dc9f,1627405262478,13.4182197,52.4935686,5.731174,-0.33912802,-20.145071,10.984812,on bike mount,cyclo cross,False,sett,intermediate
721a6d77-2f80-4736-a5bc-161e4f7ee520,e01dce0c-c54f-4a71-8e1c-21ee0f3c52d3,ce974459-36cb-403c-b5c6-1ab27baaef11,1627405262529,13.4182197,52.4935686,5.731174,-0.042393684,-7.9703307,-16.635458,on bike mount,cyclo cross,False,sett,intermediate
721a6d77-2f80-4736-a5bc-161e4f7ee520,e01dce0c-c54f-4a71-8e1c-21ee0f3c52d3,5f639d70-f0da-41ff-83fb-0945d9333778,1627405262595,13.4182197,52.4935686,5.731174,4.0879793,-19.098877,27.368996,on bike mount,cyclo cross,False,sett,intermediate
721a6d77-2f80-4736-a5bc-161e4f7ee520,e01dce0c-c54f-4a71-8e1c-21ee0f3c52d3,21c03185-7cc2-4315-b1d2-9e9bd4162fd0,1627405262662,13.4182197,52.4935686,5.731174,-6.97763,22.714731,-10.939127,on bike mount,cyclo cross,False,sett,intermediate
721a6d77-2f80-4736-a5bc-161e4f7ee520,e01dce0c-c54f-4a71-8e1c-21ee0f3c52d3,6d45ee64-c143-40f7-a9dc-934717e905f0,1627405262729,13.4182197,52.4935686,5.731174,0.88323534,7.988578,13.837828,on bike mount,cyclo cross,False,sett,intermediate
721a6d77-2f80-4736-a5bc-161e4f7ee520,e01dce0c-c54f-4a71-8e1c-21ee0f3c52d3,30eef5e0-6741-46b1-a720-6705627ca835,1627405262795,13.4182197,52.4935686,5.731174,-1.5279381,-4.9310017,49.8207,on bike mount,cyclo cross,False,sett,intermediate
721a6d77-2f80-4736-a5bc-161e4f7ee520,e01dce0c-c54f-4a71-8e1c-21ee0f3c52d3,76cff8a2-b096-4fcc-87c0-be1e77da219a,1627405262846,13.4182197,52.4935686,5.731174,-3.558529,3.0375867,-2.3910604,on bike mount,cyclo cross,False,sett,intermediate
721a6d77-2f80-4736-a5bc-161e4f7ee520,e01dce0c-c54f-4a71-8e1c-21ee0f3c52d3,72407dd2-f91c-4600-8f0b-1e91c0cedab4,1627405262912,13.4182197,52.4935686,5.731174,1.2241936,-1.9347935,9.315269,on bike mount,cyclo cross,False,sett,intermediate
721a6d77-2f80-4736-a5bc-161e4f7ee520,e01dce0c-c54f-4a71-8e1c-21ee0f3c52d3,7ffaaa32-42e2-4dc8-b17c-67bcdfdee301,1627405262962,13.4182197,52.4935686,5.731174,-1.980494,11.410567,-6.9532394,on bike mount,cyclo cross,False,sett,intermediate
721a6d77-2f80-4736-a5bc-161e4f7ee520,e01dce0c-c54f-4a71-8e1c-21ee0f3c52d3,35ebb058-dfbb-48b5-a17a-a063c7c1a3c1,1627405263013,13.4182197,52.4935686,5.731174,-1.3304975,13.888101,-34.99017,on bike mount,cyclo cross,False,sett,intermediate
721a6d77-2f80-4736-a5bc-161e4f7ee520,e01dce0c-c54f-4a71-8e1c-21ee0f3c52d3,0d2ffc70-01f1-472b-b540-4c7682a1ab1a,1627405263063,13.4182197,52.4935686,5.731174,1.8083012,-13.817369,-22.907612,on bike mount,cyclo cross,False,sett,intermediate
721a6d77-2f80-4736-a5bc-161e4f7ee520,e01dce0c-c54f-4a71-8e1c-21ee0f3c52d3,d2890aff-f1cb-4107-90d1-bab5023b7c63,1627405263129,13.4182679,52.4936039,5.716738,-1.0196574,-9.799362,10.085466,on bike mount,cyclo cross,False,sett,intermediate
721a6d77-2f80-4736-a5bc-161e4f7ee520,e01dce0c-c54f-4a71-8e1c-21ee0f3c52d3,170e6fd7-983d-4e66-b1f4-49689f8d44ad,1627405263196,13.4182679,52.4936039,5.716738,10.424373,-25.133553,21.315022,on bike mount,cyclo cross,False,sett,intermediate
721a6d77-2f80-4736-a5bc-161e4f7ee520,e01dce0c-c54f-4a71-8e1c-21ee0f3c52d3,d7282018-7fec-437d-b3d9-86c4c8a1788e,1627405263263,13.4182679,52.4936039,5.716738,-3.776358,7.312709,-35.966484,on bike mount,cyclo cross,False,sett,intermediate
721a6d77-2f80-4736-a5bc-161e4f7ee520,e01dce0c-c54f-4a71-8e1c-21ee0f3c52d3,62f69482-31f9-45be-9316-759ce37cd0c4,1627405263330,13.4182679,52.4936039,5.716738,0.60932326,17.701149,-4.3233285,on bike mount,cyclo cross,False,sett,intermediate
721a6d77-2f80-4736-a5bc-161e4f7ee520,e01dce0c-c54f-4a71-8e1c-21ee0f3c52d3,899515d2-b178-4abc-9961-6ccdb60e7a2d,1627405263380,13.4182679,52.4936039,5.716738,-0.98272127,8.453083,-29.323723,on bike mount,cyclo cross,False,sett,intermediate
721a6d77-2f80-4736-a5bc-161e4f7ee520,e01dce0c-c54f-4a71-8e1c-21ee0f3c52d3,acce844e-f9fa-4c42-af37-1e471ea10e06,1627405263447,13.4182679,52.4936039,5.716738,-5.0309677,-23.817232,9.498758,on bike mount,cyclo cross,False,sett,intermediate
721a6d77-2f80-4736-a5bc-161e4f7ee520,e01dce0c-c54f-4a71-8e1c-21ee0f3c52d3,d6733300-a8d8-45a9-8055-51b734c29a83,1627405263497,13.4182679,52.4936039,5.716738,0.9588302,-9.011946,10.308863,on bike mount,cyclo cross,False,sett,intermediate
721a6d77-2f80-4736-a5bc-161e4f7ee520,e01dce0c-c54f-4a71-8e1c-21ee0f3c52d3,978caf4f-b377-4624-81a5-c486f49faf1f,1627405263563,13.4182679,52.4936039,5.716738,-3.3439178,6.6793213,-18.54176,on bike mount,cyclo cross,False,sett,intermediate
721a6d77-2f80-4736-a5bc-161e4f7ee520,e01dce0c-c54f-4a71-8e1c-21ee0f3c52d3,8bdc4348-8f89-4854-b905-96bcd6843ca3,1627405263630,13.4182679,52.4936039,5.716738,2.3443341,-29.814438,12.105038,on bike mount,cyclo cross,False,sett,intermediate
721a6d77-2f80-4736-a5bc-161e4f7ee520,e01dce0c-c54f-4a71-8e1c-21ee0f3c52d3,5e2196b9-edca-4bfc-a279-bc65c78070c9,1627405263697,13.4182679,52.4936039,5.716738,-2.0937536,1.8644056,-3.851773,on bike mount,cyclo cross,False,sett,intermediate
721a6d77-2f80-4736-a5bc-161e4f7ee520,e01dce0c-c54f-4a71-8e1c-21ee0f3c52d3,720794bb-ad88-4c44-b8b5-27d9b6bf19f7,1627405263764,13.4182679,52.4936039,5.716738,-1.8298359,-9.214195,20.906864,on bike mount,cyclo cross,False,sett,intermediate
721a6d77-2f80-4736-a5bc-161e4f7ee520,e01dce0c-c54f-4a71-8e1c-21ee0f3c52d3,eeced12a-6acb-48ce-94de-0c8c41ead04c,1627405263814,13.4182679,52.4936039,5.716738,1.5030944,-25.32447,15.535564,on bike mount,cyclo cross,False,sett,intermediate
721a6d77-2f80-4736-a5bc-161e4f7ee520,e01dce0c-c54f-4a71-8e1c-21ee0f3c52d3,e48b3e3f-b78c-41e7-90fa-3dd9c3b30507,1627405263864,13.4182679,52.4936039,5.716738,-2.624846,-24.846195,27.075954,on bike mount,cyclo cross,False,sett,intermediate
721a6d77-2f80-4736-a5bc-161e4f7ee520,e01dce0c-c54f-4a71-8e1c-21ee0f3c52d3,6395c8b1-5315-4ddb-8461-95404d687609,1627405263930,13.4182679,52.4936039,5.716738,-5.666104,20.593937,-33.972927,on bike mount,cyclo cross,False,sett,intermediate
721a6d77-2f80-4736-a5bc-161e4f7ee520,e01dce0c-c54f-4a71-8e1c-21ee0f3c52d3,58456440-3c85-41e3-a13d-bfc4a098e6f1,1627405263981,13.4182679,52.4936039,5.716738,1.836259,4.5624256,-16.845577,on bike mount,cyclo cross,False,sett,intermediate
721a6d77-2f80-4736-a5bc-161e4f7ee520,e01dce0c-c54f-4a71-8e1c-21ee0f3c52d3,31ac897f-f51d-4e72-a9fb-c8cdab68b2e1,1627405264047,13.4182679,52.4936039,5.716738,-1.591201,-20.283535,22.609623,on bike mount,cyclo cross,False,sett,intermediate
721a6d77-2f80-4736-a5bc-161e4f7ee520,e01dce0c-c54f-4a71-8e1c-21ee0f3c52d3,623a7672-a381-460d-ab42-40b7f1a5772c,1627405264098,13.4182679,52.4936039,5.716738,-11.662253,-16.85797,17.312292,on bike mount,cyclo cross,False,sett,intermediate
721a6d77-2f80-4736-a5bc-161e4f7ee520,106a78bf-bae8-468f-88e2-b714802abff0,d5fd8021-4826-4b59-9698-6900de9cdbdf,1627405259826,13.4180945,52.4934344,5.74331,-2.7647238,-3.5101047,-2.347404,on bike mount,cyclo cross,False,sett,intermediate
721a6d77-2f80-4736-a5bc-161e4f7ee520,106a78bf-bae8-468f-88e2-b714802abff0,ba84cade-8a0c-4aba-8133-05830a847012,1627405259899,13.4180945,52.4934344,5.74331,-1.1266459,5.5714817,-1.9346733,on bike mount,cyclo cross,False,sett,intermediate
721a6d77-2f80-4736-a5bc-161e4f7ee520,106a78bf-bae8-468f-88e2-b714802abff0,0745b40c-2d1c-4a92-a68b-5697c946fbdd,1627405259958,13.4180945,52.4934344,5.74331,0.8168421,-3.808597,-4.169943,on bike mount,cyclo cross,False,sett,intermediate
721a6d77-2f80-4736-a5bc-161e4f7ee520,106a78bf-bae8-468f-88e2-b714802abff0,c85141df-7019-41ab-ace7-5bde7fc8ce2e,1627405260009,13.4180945,52.4934344,5.74331,0.44008422,-10.081179,17.602312,on bike mount,cyclo cross,False,sett,intermediate
721a6d77-2f80-4736-a5bc-161e4f7ee520,106a78bf-bae8-468f-88e2-b714802abff0,143af36a-0453-4039-aa70-ff381e1d578a,1627405260076,13.4180945,52.4934344,5.74331,-4.2992916,-6.674139,7.642808,on bike mount,cyclo cross,False,sett,intermediate
721a6d77-2f80-4736-a5bc-161e4f7ee520,106a78bf-bae8-468f-88e2-b714802abff0,b42a86e8-ed72-4483-b14c-76d137fe14a6,1627405260142,13.4181312,52.4934872,5.777033,1.9209993,12.524405,-10.234551,on bike mount,cyclo cross,False,sett,intermediate
721a6d77-2f80-4736-a5bc-161e4f7ee520,106a78bf-bae8-468f-88e2-b714802abff0,c22bdb71-e1d6-46e1-a015-c32f847e6831,1627405260209,13.4181312,52.4934872,5.777033,2.9068997,-8.704771,5.3278255,on bike mount,cyclo cross,False,sett,intermediate
721a6d77-2f80-4736-a5bc-161e4f7ee520,106a78bf-bae8-468f-88e2-b714802abff0,a0d8558d-347e-4949-ae52-3e1574998f2f,1627405260276,13.4181312,52.4934872,5.777033,2.989355,22.043062,-15.810677,on bike mount,cyclo cross,False,sett,intermediate
721a6d77-2f80-4736-a5bc-161e4f7ee520,106a78bf-bae8-468f-88e2-b714802abff0,79eca982-591f-461c-a738-f26f28677586,1627405260326,13.4181312,52.4934872,5.777033,-2.9117665,3.972495,0.3165245,on bike mount,cyclo cross,False,sett,intermediate
721a6d77-2f80-4736-a5bc-161e4f7ee520,106a78bf-bae8-468f-88e2-b714802abff0,56e39055-6d33-46e2-a325-128bfa896c3b,1627405260376,13.4181312,52.4934872,5.777033,-1.2455912,1.2405758,-10.903976,on bike mount,cyclo cross,False,sett,intermediate
721a6d77-2f80-4736-a5bc-161e4f7ee520,106a78bf-bae8-468f-88e2-b714802abff0,8d089d85-b2de-4b5b-8102-5842d2978122,1627405260442,13.4181312,52.4934872,5.777033,0.2271918,3.2864065,-8.385246,on bike mount,cyclo cross,False,sett,intermediate
721a6d77-2f80-4736-a5bc-161e4f7ee520,106a78bf-bae8-468f-88e2-b714802abff0,421fd85a-7155-4c73-bbe5-9252a13fb1e0,1627405260493,13.4181312,52.4934872,5.777033,3.1110022,21.242073,-16.528563,on bike mount,cyclo cross,False,sett,intermediate
721a6d77-2f80-4736-a5bc-161e4f7ee520,106a78bf-bae8-468f-88e2-b714802abff0,d93c925c-ae5b-45bc-8efe-a7cbf59aa941,1627405260543,13.4181312,52.4934872,5.777033,-1.2391739,-8.755578,-3.2598362,on bike mount,cyclo cross,False,sett,intermediate
721a6d77-2f80-4736-a5bc-161e4f7ee520,106a78bf-bae8-468f-88e2-b714802abff0,8a5e4c3a-4347-49f8-9b13-bad38996b6ff,1627405260593,13.4181312,52.4934872,5.777033,6.624884,4.087766,1.0832825,on bike mount,cyclo cross,False,sett,intermediate
721a6d77-2f80-4736-a5bc-161e4f7ee520,106a78bf-bae8-468f-88e2-b714802abff0,6d4fe23f-b953-4a2c-a477-49597df70e9e,1627405260643,13.4181312,52.4934872,5.777033,-2.3182354,-7.4346714,4.3203106,on bike mount,cyclo cross,False,sett,intermediate
721a6d77-2f80-4736-a5bc-161e4f7ee520,106a78bf-bae8-468f-88e2-b714802abff0,c4c2611b-903e-4b34-ae07-6fe11d61215f,1627405260710,13.4181312,52.4934872,5.777033,4.92161,-2.1253486,-3.3072228,on bike mount,cyclo cross,False,sett,intermediate
721a6d77-2f80-4736-a5bc-161e4f7ee520,106a78bf-bae8-468f-88e2-b714802abff0,370199a6-dbf2-44dd-8db1-0a3eeb0c04db,1627405260777,13.4181312,52.4934872,5.777033,0.073604524,1.2845106,16.491985,on bike mount,cyclo cross,False,sett,intermediate
721a6d77-2f80-4736-a5bc-161e4f7ee520,106a78bf-bae8-468f-88e2-b714802abff0,a35605ea-21a8-47c3-b30f-dec193693047,1627405260843,13.4181312,52.4934872,5.777033,-5.07158,10.626837,-6.432415,on bike mount,cyclo cross,False,sett,intermediate
721a6d77-2f80-4736-a5bc-161e4f7ee520,106a78bf-bae8-468f-88e2-b714802abff0,ed76f193-7553-4b35-8a6a-12e6475d90f8,1627405260910,13.4181312,52.4934872,5.777033,3.3387618,-5.5285764,5.168783,on bike mount,cyclo cross,False,sett,intermediate
721a6d77-2f80-4736-a5bc-161e4f7ee520,106a78bf-bae8-468f-88e2-b714802abff0,994090cd-9a35-4183-894b-d5c8a1c9bd8c,1627405260960,13.4181312,52.4934872,5.777033,-7.000073,22.397617,8.40357,on bike mount,cyclo cross,False,sett,intermediate
721a6d77-2f80-4736-a5bc-161e4f7ee520,106a78bf-bae8-468f-88e2-b714802abff0,2fe1a3e1-5e48-4d16-84e1-9247966a0bd7,1627405261026,13.4181312,52.4934872,5.777033,2.1433358,-9.498898,7.4129734,on bike mount,cyclo cross,False,sett,intermediate
721a6d77-2f80-4736-a5bc-161e4f7ee520,106a78bf-bae8-468f-88e2-b714802abff0,1e0f1115-6b84-4379-a715-30df82ff766e,1627405261078,13.4181312,52.4934872,5.777033,-0.9623214,0.44057608,0.18886757,on bike mount,cyclo cross,False,sett,intermediate
721a6d77-2f80-4736-a5bc-161e4f7ee520,106a78bf-bae8-468f-88e2-b714802abff0,a0cbeabc-f37b-4705-bb40-748a739c204a,1627405261143,13.41817,52.4935349,5.785732,1.0058589,-17.746725,13.717688,on bike mount,cyclo cross,False,sett,intermediate
721a6d77-2f80-4736-a5bc-161e4f7ee520,106a78bf-bae8-468f-88e2-b714802abff0,6a924c6e-c649-40f1-ac14-9f3afd262b8f,1627405261193,13.41817,52.4935349,5.785732,-8.749203,14.404565,11.368493,on bike mount,cyclo cross,False,sett,intermediate
721a6d77-2f80-4736-a5bc-161e4f7ee520,106a78bf-bae8-468f-88e2-b714802abff0,c0c86b0a-9516-4866-9651-dc7f98aa29a4,1627405261244,13.41817,52.4935349,5.785732,-1.9013432,1.3668256,-3.8472748,on bike mount,cyclo cross,False,sett,intermediate
721a6d77-2f80-4736-a5bc-161e4f7ee520,106a78bf-bae8-468f-88e2-b714802abff0,72587481-6df8-4fa6-a5cf-58484fd68608,1627405261310,13.41817,52.4935349,5.785732,-0.20100522,-2.5055556,-7.4010396,on bike mount,cyclo cross,False,sett,intermediate
721a6d77-2f80-4736-a5bc-161e4f7ee520,106a78bf-bae8-468f-88e2-b714802abff0,ab8704bf-e0b1-4ee7-bd7c-62a2e51b6189,1627405261377,13.41817,52.4935349,5.785732,-6.159258,-7.5764704,7.4981117,on bike mount,cyclo cross,False,sett,intermediate
721a6d77-2f80-4736-a5bc-161e4f7ee520,106a78bf-bae8-468f-88e2-b714802abff0,37088881-61aa-49d4-b0a3-ffdf318c4106,1627405261444,13.41817,52.4935349,5.785732,3.104569,1.4656515,2.6288643,on bike mount,cyclo cross,False,sett,intermediate
721a6d77-2f80-4736-a5bc-161e4f7ee520,106a78bf-bae8-468f-88e2-b714802abff0,b0694145-7813-4247-94d9-5e20c9a2f431,1627405261494,13.41817,52.4935349,5.785732,3.2672982,-5.3742676,-8.144119,on bike mount,cyclo cross,False,sett,intermediate
721a6d77-2f80-4736-a5bc-161e4f7ee520,106a78bf-bae8-468f-88e2-b714802abff0,d3ceea0c-711d-4690-b58a-1c3383942cf2,1627405261560,13.41817,52.4935349,5.785732,3.328478,-24.835596,29.884275,on bike mount,cyclo cross,False,sett,intermediate
721a6d77-2f80-4736-a5bc-161e4f7ee520,106a78bf-bae8-468f-88e2-b714802abff0,ac36351e-42e1-4738-b6d0-61957c3f951c,1627405261611,13.41817,52.4935349,5.785732,4.5105963,19.887325,10.61372,on bike mount,cyclo cross,False,sett,intermediate
721a6d77-2f80-4736-a5bc-161e4f7ee520,106a78bf-bae8-468f-88e2-b714802abff0,c370129d-0f50-48e9-97cf-db6cf3588c7f,1627405261661,13.41817,52.4935349,5.785732,0.8993574,-6.925239,5.1695385,on bike mount,cyclo cross,False,sett,intermediate
721a6d77-2f80-4736-a5bc-161e4f7ee520,106a78bf-bae8-468f-88e2-b714802abff0,9eb8a615-4ca2-4a80-a4fd-a4bc75a11ebb,1627405261728,13.41817,52.4935349,5.785732,5.818117,-3.822884,10.303019,on bike mount,cyclo cross,False,sett,intermediate
721a6d77-2f80-4736-a5bc-161e4f7ee520,106a78bf-bae8-468f-88e2-b714802abff0,415b09ae-434f-4624-9971-9378c453e974,1627405261778,13.41817,52.4935349,5.785732,-3.761003,-12.291342,9.706799,on bike mount,cyclo cross,False,sett,intermediate
721a6d77-2f80-4736-a5bc-161e4f7ee520,106a78bf-bae8-468f-88e2-b714802abff0,37d7c38c-74a0-458d-a188-e4b4b65e171b,1627405261845,13.41817,52.4935349,5.785732,-0.9309212,9.219587,-12.135359,on bike mount,cyclo cross,False,sett,intermediate
721a6d77-2f80-4736-a5bc-161e4f7ee520,106a78bf-bae8-468f-88e2-b714802abff0,a60c93ec-2244-4669-90b2-455a873017bb,1627405261911,13.41817,52.4935349,5.785732,-0.06331217,-15.283139,27.297474,on bike mount,cyclo cross,False,sett,intermediate
721a6d77-2f80-4736-a5bc-161e4f7ee520,106a78bf-bae8-468f-88e2-b714802abff0,11e316dd-2c1a-4b12-868d-0dec34f2da60,1627405261978,13.41817,52.4935349,5.785732,-3.1406255,16.319,5.711691,on bike mount,cyclo cross,False,sett,intermediate
721a6d77-2f80-4736-a5bc-161e4f7ee520,106a78bf-bae8-468f-88e2-b714802abff0,37c8173f-f11e-46b8-a1d4-d2dca768713d,1627405262044,13.41817,52.4935349,5.785732,-2.3867536,-16.499973,-6.5105796,on bike mount,cyclo cross,False,sett,intermediate
721a6d77-2f80-4736-a5bc-161e4f7ee520,106a78bf-bae8-468f-88e2-b714802abff0,b465f2e7-8f15-4df3-a802-576bb1939299,1627405262095,13.41817,52.4935349,5.785732,-0.15833998,-16.750645,-17.70879,on bike mount,cyclo cross,False,sett,intermediate
721a6d77-2f80-4736-a5bc-161e4f7ee520,106a78bf-bae8-468f-88e2-b714802abff0,d135a803-028a-44e8-85a7-20385f31a596,1627405262161,13.4182197,52.4935686,5.731174,-0.996026,-18.148277,19.714832,on bike mount,cyclo cross,False,sett,intermediate
721a6d77-2f80-4736-a5bc-161e4f7ee520,106a78bf-bae8-468f-88e2-b714802abff0,12842a1d-7e42-4d88-aee7-fe6d8e142143,1627405262228,13.4182197,52.4935686,5.731174,7.3190365,24.527721,-36.171036,on bike mount,cyclo cross,False,sett,intermediate
721a6d77-2f80-4736-a5bc-161e4f7ee520,106a78bf-bae8-468f-88e2-b714802abff0,55bbfccd-b5bc-475c-bf09-f38e6c21289d,1627405262295,13.4182197,52.4935686,5.731174,0.6255827,-13.947954,13.024805,on bike mount,cyclo cross,False,sett,intermediate
721a6d77-2f80-4736-a5bc-161e4f7ee520,106a78bf-bae8-468f-88e2-b714802abff0,6a47a81d-39d1-4727-bd28-1df0eaf6da22,1627405262362,13.4182197,52.4935686,5.731174,-0.70833814,12.561114,-7.5749044,on bike mount,cyclo cross,False,sett,intermediate
721a6d77-2f80-4736-a5bc-161e4f7ee520,106a78bf-bae8-468f-88e2-b714802abff0,c0bb7e19-ac87-4f93-a08e-f20061433fa7,1627405262411,13.4182197,52.4935686,5.731174,-4.2515955,20.873062,-20.67391,on bike mount,cyclo cross,False,sett,intermediate
721a6d77-2f80-4736-a5bc-161e4f7ee520,106a78bf-bae8-468f-88e2-b714802abff0,02dfdb63-4d94-496a-a87e-519f80d5f784,1627405262462,13.4182197,52.4935686,5.731174,-0.89520025,19.088812,-31.779594,on bike mount,cyclo cross,False,sett,intermediate
721a6d77-2f80-4736-a5bc-161e4f7ee520,106a78bf-bae8-468f-88e2-b714802abff0,d778fdf7-aa9a-43f4-a580-47f1151cb537,1627405262529,13.4182197,52.4935686,5.731174,-0.042393684,-7.9703307,-16.635458,on bike mount,cyclo cross,False,sett,intermediate
721a6d77-2f80-4736-a5bc-161e4f7ee520,106a78bf-bae8-468f-88e2-b714802abff0,7c78dd13-1487-4b65-bddd-58e4920e73a6,1627405262578,13.4182197,52.4935686,5.731174,-3.4406738,-0.47890282,-17.51818,on bike mount,cyclo cross,False,sett,intermediate
721a6d77-2f80-4736-a5bc-161e4f7ee520,106a78bf-bae8-468f-88e2-b714802abff0,7e185106-3471-4639-a8e1-85d1d3bb286f,1627405262629,13.4182197,52.4935686,5.731174,0.67734534,-3.4229689,-15.0427065,on bike mount,cyclo cross,False,sett,intermediate
721a6d77-2f80-4736-a5bc-161e4f7ee520,106a78bf-bae8-468f-88e2-b714802abff0,d8461485-1a48-49a2-93db-6740bd77e3d6,1627405262695,13.4182197,52.4935686,5.731174,-0.0806309,-24.451538,33.34,on bike mount,cyclo cross,False,sett,intermediate
721a6d77-2f80-4736-a5bc-161e4f7ee520,106a78bf-bae8-468f-88e2-b714802abff0,dd1ab859-4342-414d-b102-f0ecf0587629,1627405262746,13.4182197,52.4935686,5.731174,3.3150551,-17.946611,33.65499,on bike mount,cyclo cross,False,sett,intermediate
721a6d77-2f80-4736-a5bc-161e4f7ee520,106a78bf-bae8-468f-88e2-b714802abff0,d6957566-b6f6-4112-84e8-d7a1b041e34a,1627405262796,13.4182197,52.4935686,5.731174,-1.5279381,-4.9310017,49.8207,on bike mount,cyclo cross,False,sett,intermediate
721a6d77-2f80-4736-a5bc-161e4f7ee520,106a78bf-bae8-468f-88e2-b714802abff0,5ff19b16-0afd-4569-a658-a6fb0feb4417,1627405262863,13.4182197,52.4935686,5.731174,1.6159062,-9.511894,-4.096822,on bike mount,cyclo cross,False,sett,intermediate
721a6d77-2f80-4736-a5bc-161e4f7ee520,106a78bf-bae8-468f-88e2-b714802abff0,cbb82219-0581-44f3-9487-b575cd27fc82,1627405262929,13.4182197,52.4935686,5.731174,-1.0052304,-0.1603713,-2.7109013,on bike mount,cyclo cross,False,sett,intermediate
721a6d77-2f80-4736-a5bc-161e4f7ee520,106a78bf-bae8-468f-88e2-b714802abff0,05381f74-c180-4996-b7f6-9ae0f269e0df,1627405262996,13.4182197,52.4935686,5.731174,0.5055148,-0.069224834,9.850023,on bike mount,cyclo cross,False,sett,intermediate
721a6d77-2f80-4736-a5bc-161e4f7ee520,106a78bf-bae8-468f-88e2-b714802abff0,7217dd44-f8ec-41ed-9c75-daba2f1bf848,1627405263063,13.4182197,52.4935686,5.731174,1.8083012,-13.817369,-22.907612,on bike mount,cyclo cross,False,sett,intermediate
721a6d77-2f80-4736-a5bc-161e4f7ee520,106a78bf-bae8-468f-88e2-b714802abff0,c1c3f0e9-990a-4091-a50d-ebb87cc2d631,1627405263112,13.4182679,52.4936039,5.716738,-2.9046812,2.69795,15.810155,on bike mount,cyclo cross,False,sett,intermediate
721a6d77-2f80-4736-a5bc-161e4f7ee520,106a78bf-bae8-468f-88e2-b714802abff0,7dba5c61-52db-40f7-b09a-221a398d6fda,1627405263166,13.4182679,52.4936039,5.716738,1.1433375,-3.9115393,-1.3303237,on bike mount,cyclo cross,False,sett,intermediate
721a6d77-2f80-4736-a5bc-161e4f7ee520,106a78bf-bae8-468f-88e2-b714802abff0,da156f50-6b4d-4027-8869-3dea6ed8137b,1627405263229,13.4182679,52.4936039,5.716738,4.2486362,-8.063561,32.203037,on bike mount,cyclo cross,False,sett,intermediate
721a6d77-2f80-4736-a5bc-161e4f7ee520,106a78bf-bae8-468f-88e2-b714802abff0,615afb31-29db-4591-96e0-720339bb9b71,1627405263296,13.4182679,52.4936039,5.716738,-3.2521794,37.978043,-1.7031164,on bike mount,cyclo cross,False,sett,intermediate
721a6d77-2f80-4736-a5bc-161e4f7ee520,106a78bf-bae8-468f-88e2-b714802abff0,3f6dcdd5-a8ea-4ee2-bca6-6ec0f4a8ff13,1627405263363,13.4182679,52.4936039,5.716738,4.362731,-29.323494,22.171509,on bike mount,cyclo cross,False,sett,intermediate
721a6d77-2f80-4736-a5bc-161e4f7ee520,106a78bf-bae8-468f-88e2-b714802abff0,aefd1235-1dc0-45ba-b443-55e4896e84e5,1627405263430,13.4182679,52.4936039,5.716738,3.029254,3.2752151,-16.943554,on bike mount,cyclo cross,False,sett,intermediate
721a6d77-2f80-4736-a5bc-161e4f7ee520,106a78bf-bae8-468f-88e2-b714802abff0,27b9596c-737f-4877-a150-83bebc745515,1627405263496,13.4182679,52.4936039,5.716738,0.9588302,-9.011946,10.308863,on bike mount,cyclo cross,False,sett,intermediate
721a6d77-2f80-4736-a5bc-161e4f7ee520,106a78bf-bae8-468f-88e2-b714802abff0,0ece0420-d93b-4ab1-b9d1-ad6e3e7d4952,1627405263546,13.4182679,52.4936039,5.716738,4.0779314,-26.059265,23.583197,on bike mount,cyclo cross,False,sett,intermediate
721a6d77-2f80-4736-a5bc-161e4f7ee520,106a78bf-bae8-468f-88e2-b714802abff0,095273fb-d07d-4e06-bc32-0072a6f50fcd,1627405263597,13.4182679,52.4936039,5.716738,-1.7195491,-9.445445,12.494492,on bike mount,cyclo cross,False,sett,intermediate
721a6d77-2f80-4736-a5bc-161e4f7ee520,106a78bf-bae8-468f-88e2-b714802abff0,4499f76c-13c6-4a60-9faf-264fec19a7d4,1627405263647,13.4182679,52.4936039,5.716738,-5.367541,10.4290285,-11.028834,on bike mount,cyclo cross,False,sett,intermediate
721a6d77-2f80-4736-a5bc-161e4f7ee520,106a78bf-bae8-468f-88e2-b714802abff0,257debb5-b7ff-4648-9f64-21cb62fe7b82,1627405263713,13.4182679,52.4936039,5.716738,0.4001897,-12.368669,16.507113,on bike mount,cyclo cross,False,sett,intermediate
721a6d77-2f80-4736-a5bc-161e4f7ee520,106a78bf-bae8-468f-88e2-b714802abff0,fe10d1a0-e2e6-4e55-b16f-efda391aa0a8,1627405263764,13.4182679,52.4936039,5.716738,-1.8298359,-9.214195,20.906864,on bike mount,cyclo cross,False,sett,intermediate
721a6d77-2f80-4736-a5bc-161e4f7ee520,106a78bf-bae8-468f-88e2-b714802abff0,cf9b7d4c-a798-4e23-91a7-a57d0117ea55,1627405263830,13.4182679,52.4936039,5.716738,-0.32929748,0.7744684,-6.169141,on bike mount,cyclo cross,False,sett,intermediate
721a6d77-2f80-4736-a5bc-161e4f7ee520,106a78bf-bae8-468f-88e2-b714802abff0,ab2ce21c-2728-4923-bf11-e881cb612244,1627405263897,13.4182679,52.4936039,5.716738,6.088525,13.700292,-19.211758,on bike mount,cyclo cross,False,sett,intermediate
721a6d77-2f80-4736-a5bc-161e4f7ee520,106a78bf-bae8-468f-88e2-b714802abff0,0dfc7eb7-d67c-4510-8f36-10e002534c68,1627405263964,13.4182679,52.4936039,5.716738,3.734088,0.3143133,10.738613,on bike mount,cyclo cross,False,sett,intermediate
721a6d77-2f80-4736-a5bc-161e4f7ee520,106a78bf-bae8-468f-88e2-b714802abff0,bdb7e03e-b301-484a-8fb0-224035ac17e5,1627405264031,13.4182679,52.4936039,5.716738,1.7081814,15.922779,-25.7415,on bike mount,cyclo cross,False,sett,intermediate
721a6d77-2f80-4736-a5bc-161e4f7ee520,106a78bf-bae8-468f-88e2-b714802abff0,54b965e9-a506-44c2-9175-6827105bd0ef,1627405264081,13.4182679,52.4936039,5.716738,3.3591027,5.2912965,-13.885256,on bike mount,cyclo cross,False,sett,intermediate
721a6d77-2f80-4736-a5bc-161e4f7ee520,106a78bf-bae8-468f-88e2-b714802abff0,b56bc507-6e3c-446e-acec-d14b0ea2dca0,1627405264147,13.4183113,52.4936393,5.6863694,-1.1427947,-16.525402,4.581908,on bike mount,cyclo cross,False,sett,intermediate
721a6d77-2f80-4736-a5bc-161e4f7ee520,106a78bf-bae8-468f-88e2-b714802abff0,cff94c96-a9e3-44e5-8c3f-c27daeb34aa8,1627405264214,13.4183113,52.4936393,5.6863694,3.78365,6.725922,-10.206015,on bike mount,cyclo cross,False,sett,intermediate
721a6d77-2f80-4736-a5bc-161e4f7ee520,106a78bf-bae8-468f-88e2-b714802abff0,74e1bd31-a9ee-47db-9e02-9d091166331c,1627405264281,13.4183113,52.4936393,5.6863694,-1.295625,-25.980045,14.313248,on bike mount,cyclo cross,False,sett,intermediate
721a6d77-2f80-4736-a5bc-161e4f7ee520,106a78bf-bae8-468f-88e2-b714802abff0,8f552eb0-7d37-4fd2-8caa-d0df9e8d1e6c,1627405264347,13.4183113,52.4936393,5.6863694,1.9159759,-9.255798,2.695695,on bike mount,cyclo cross,False,sett,intermediate
721a6d77-2f80-4736-a5bc-161e4f7ee520,106a78bf-bae8-468f-88e2-b714802abff0,fbc01252-fc16-4ed2-9c2c-a37ec49ea926,1627405264398,13.4183113,52.4936393,5.6863694,-0.20147385,-5.5387864,2.9558907,on bike mount,cyclo cross,False,sett,intermediate
721a6d77-2f80-4736-a5bc-161e4f7ee520,106a78bf-bae8-468f-88e2-b714802abff0,77a5486d-a30c-4848-81a9-4df3b141e060,1627405264464,13.4183113,52.4936393,5.6863694,-4.6830077,2.193718,3.4345722,on bike mount,cyclo cross,False,sett,intermediate
721a6d77-2f80-4736-a5bc-161e4f7ee520,106a78bf-bae8-468f-88e2-b714802abff0,cb0f53dd-c039-46b6-a1c6-3622bcb48235,1627405264515,13.4183113,52.4936393,5.6863694,1.9503957,-10.336355,13.255018,on bike mount,cyclo cross,False,sett,intermediate
721a6d77-2f80-4736-a5bc-161e4f7ee520,106a78bf-bae8-468f-88e2-b714802abff0,84455136-1286-4a74-9b30-c5c5e487e235,1627405264565,13.4183113,52.4936393,5.6863694,1.9635892,10.658029,-6.5463448,on bike mount,cyclo cross,False,sett,intermediate
721a6d77-2f80-4736-a5bc-161e4f7ee520,106a78bf-bae8-468f-88e2-b714802abff0,01fa77dd-190b-4219-b363-f4ab40b4a156,1627405264615,13.4183113,52.4936393,5.6863694,-5.9458094,-23.227903,33.996635,on bike mount,cyclo cross,False,sett,intermediate
721a6d77-2f80-4736-a5bc-161e4f7ee520,106a78bf-bae8-468f-88e2-b714802abff0,c0e8e5ef-fdf9-49bf-b02c-3ca6427622ff,1627405264681,13.4183113,52.4936393,5.6863694,-0.017477512,11.738344,-5.5446544,on bike mount,cyclo cross,False,sett,intermediate
721a6d77-2f80-4736-a5bc-161e4f7ee520,106a78bf-bae8-468f-88e2-b714802abff0,8f9ce5e2-f4de-4264-84aa-b0a338e0187e,1627405264732,13.4183113,52.4936393,5.6863694,-1.8183985,-40.0742,31.685692,on bike mount,cyclo cross,False,sett,intermediate
721a6d77-2f80-4736-a5bc-161e4f7ee520,106a78bf-bae8-468f-88e2-b714802abff0,e73574bd-d6a6-42ff-8801-efea199835ba,1627405264782,13.4183113,52.4936393,5.6863694,2.318244,-7.2310343,-16.162487,on bike mount,cyclo cross,False,sett,intermediate
721a6d77-2f80-4736-a5bc-161e4f7ee520,106a78bf-bae8-468f-88e2-b714802abff0,3475a610-cda8-469d-a4ce-c6434aa97133,1627405264831,13.4183113,52.4936393,5.6863694,-4.5144906,14.39263,-4.5059066,on bike mount,cyclo cross,False,sett,intermediate
721a6d77-2f80-4736-a5bc-161e4f7ee520,106a78bf-bae8-468f-88e2-b714802abff0,7330e8ab-2fc2-41a1-bece-fbc45c7d704b,1627405264882,13.4183113,52.4936393,5.6863694,-1.521653,7.7104163,6.846998,on bike mount,cyclo cross,False,sett,intermediate
721a6d77-2f80-4736-a5bc-161e4f7ee520,106a78bf-bae8-468f-88e2-b714802abff0,c47d7ccf-86a5-404f-98d7-51354b4fa2cd,1627405264949,13.4183113,52.4936393,5.6863694,-3.502552,-9.815993,7.836815,on bike mount,cyclo cross,False,sett,intermediate
721a6d77-2f80-4736-a5bc-161e4f7ee520,106a78bf-bae8-468f-88e2-b714802abff0,941e1ef1-41e6-45bc-9b19-014c401942f1,1627405264998,13.4183113,52.4936393,5.6863694,-1.1251411,5.8807406,14.103884,on bike mount,cyclo cross,False,sett,intermediate
721a6d77-2f80-4736-a5bc-161e4f7ee520,106a78bf-bae8-468f-88e2-b714802abff0,2f05ecbb-4414-4c47-bd91-21371a74aed0,1627405265048,13.4183113,52.4936393,5.6863694,-2.1232865,2.0894575,9.480738,on bike mount,cyclo cross,False,sett,intermediate
721a6d77-2f80-4736-a5bc-161e4f7ee520,106a78bf-bae8-468f-88e2-b714802abff0,5c86010b-53aa-425a-bd20-f6259518d6ae,1627405265099,13.418346,52.4936843,5.7134247,3.4168632,-0.08084059,4.6447525,on bike mount,cyclo cross,False,sett,intermediate
721a6d77-2f80-4736-a5bc-161e4f7ee520,106a78bf-bae8-468f-88e2-b714802abff0,c04efc62-ff03-4ba0-a871-cdf136084f71,1627405265165,13.418346,52.4936843,5.7134247,-0.2742152,7.4086475,4.0006714,on bike mount,cyclo cross,False,sett,intermediate
721a6d77-2f80-4736-a5bc-161e4f7ee520,106a78bf-bae8-468f-88e2-b714802abff0,99c3e967-d6a4-4484-84cb-52ed4f5cc5fb,1627405265215,13.418346,52.4936843,5.7134247,-1.7474298,14.934323,-21.414223,on bike mount,cyclo cross,False,sett,intermediate
721a6d77-2f80-4736-a5bc-161e4f7ee520,106a78bf-bae8-468f-88e2-b714802abff0,af66a529-a5c6-4c7d-a98d-0af39fc4df08,1627405265266,13.418346,52.4936843,5.7134247,4.1540008,13.130436,-20.82071,on bike mount,cyclo cross,False,sett,intermediate
721a6d77-2f80-4736-a5bc-161e4f7ee520,106a78bf-bae8-468f-88e2-b714802abff0,bd1fa092-884f-48ba-881d-a54d38d64213,1627405265332,13.418346,52.4936843,5.7134247,-2.0204842,-14.156724,3.8682156,on bike mount,cyclo cross,False,sett,intermediate
721a6d77-2f80-4736-a5bc-161e4f7ee520,106a78bf-bae8-468f-88e2-b714802abff0,7a768894-1edf-4f14-ac18-03c431d7690a,1627405265399,13.418346,52.4936843,5.7134247,4.9736934,-1.917733,22.185373,on bike mount,cyclo cross,False,sett,intermediate
721a6d77-2f80-4736-a5bc-161e4f7ee520,106a78bf-bae8-468f-88e2-b714802abff0,7e676dd5-649e-40b3-966c-af4df52d019e,1627405265466,13.418346,52.4936843,5.7134247,13.483889,-9.108173,-10.967178,on bike mount,cyclo cross,False,sett,intermediate
721a6d77-2f80-4736-a5bc-161e4f7ee520,106a78bf-bae8-468f-88e2-b714802abff0,e7420633-20eb-4ba4-af7a-60e7b00946af,1627405265532,13.418346,52.4936843,5.7134247,-8.313245,-8.652216,18.444372,on bike mount,cyclo cross,False,sett,intermediate
721a6d77-2f80-4736-a5bc-161e4f7ee520,106a78bf-bae8-468f-88e2-b714802abff0,9fb54fc5-215a-42ea-947c-f3661c0e52ab,1627405265582,13.418346,52.4936843,5.7134247,-2.6912513,-5.0750294,-1.5606236,on bike mount,cyclo cross,False,sett,intermediate
721a6d77-2f80-4736-a5bc-161e4f7ee520,106a78bf-bae8-468f-88e2-b714802abff0,551e0335-61a4-4d84-9530-21f0ca5f2eb5,1627405265633,13.418346,52.4936843,5.7134247,-3.4097092,1.9915452,-2.720931,on bike mount,cyclo cross,False,sett,intermediate
721a6d77-2f80-4736-a5bc-161e4f7ee520,106a78bf-bae8-468f-88e2-b714802abff0,c85755e1-7cc1-4277-a678-22ce8152b325,1627405265683,13.418346,52.4936843,5.7134247,-0.4689941,-1.639916,1.4319439,on bike mount,cyclo cross,False,sett,intermediate
