bike_activity_uid,bike_activity_sample_uid,bike_activity_measurement,bike_activity_measurement_timestamp,bike_activity_measurement_lon,bike_activity_measurement_lat,bike_activity_measurement_speed,bike_activity_measurement_accelerometer_x,bike_activity_measurement_accelerometer_y,bike_activity_measurement_accelerometer_z,bike_activity_phone_position,bike_activity_bike_type,bike_activity_flagged_lab_conditions,bike_activity_surface_type,bike_activity_smoothness_type
737bf298-fc9f-4c5d-a018-7e86d780b049,90b1cf16-62cd-4af2-b457-cf7e4d39b823,ea937ab3-d30d-4d47-abb8-388d510a9e19,1633165172041,14.0882277,52.3547707,7.059192,1.4799109,-2.4366226,-1.1302071,on bike mount,cyclo cross,False,asphalt,excellent
737bf298-fc9f-4c5d-a018-7e86d780b049,90b1cf16-62cd-4af2-b457-cf7e4d39b823,7ffbe92d-1b4d-40a3-975a-1777778b367c,1633165172091,14.0882277,52.3547707,7.059192,1.4799109,-2.4366226,-1.1302071,on bike mount,cyclo cross,False,asphalt,excellent
737bf298-fc9f-4c5d-a018-7e86d780b049,90b1cf16-62cd-4af2-b457-cf7e4d39b823,1fb25054-20f9-46fb-99c9-3e6ac0f738a5,1633165172662,14.0882277,52.3547707,7.059192,1.4799109,-2.4366226,-1.1302071,on bike mount,cyclo cross,False,asphalt,excellent
737bf298-fc9f-4c5d-a018-7e86d780b049,90b1cf16-62cd-4af2-b457-cf7e4d39b823,adca8e91-b7fa-468d-aa5a-12a6960f6964,1633165172712,14.0882277,52.3547707,7.059192,0.36771113,2.2607374,4.278948,on bike mount,cyclo cross,False,asphalt,excellent
737bf298-fc9f-4c5d-a018-7e86d780b049,90b1cf16-62cd-4af2-b457-cf7e4d39b823,93f0c1f2-69a3-40cd-baca-d0359d85bcd8,1633165172762,14.0883384,52.3547629,7.3138266,-0.58136004,-5.578662,2.1037598,on bike mount,cyclo cross,False,asphalt,excellent
737bf298-fc9f-4c5d-a018-7e86d780b049,90b1cf16-62cd-4af2-b457-cf7e4d39b823,06de55e1-fb8f-4b89-8884-370a1b2b6ffb,1633165172813,14.0883384,52.3547629,7.3138266,-1.1276957,0.9941635,-2.1523333,on bike mount,cyclo cross,False,asphalt,excellent
737bf298-fc9f-4c5d-a018-7e86d780b049,90b1cf16-62cd-4af2-b457-cf7e4d39b823,c0b9877e-3c9c-4c83-be16-6f457a36ed1f,1633165173661,14.0883384,52.3547629,7.3138266,-1.1276957,0.9941635,-2.1523333,on bike mount,cyclo cross,False,asphalt,excellent
737bf298-fc9f-4c5d-a018-7e86d780b049,90b1cf16-62cd-4af2-b457-cf7e4d39b823,f528d98d-0bcb-4c48-bd3e-4e367757e039,1633165173713,14.0883384,52.3547629,7.3138266,1.7378974,-0.023849964,-2.8324108,on bike mount,cyclo cross,False,asphalt,excellent
737bf298-fc9f-4c5d-a018-7e86d780b049,90b1cf16-62cd-4af2-b457-cf7e4d39b823,4baf24bd-1996-475d-a1a4-b8fb643c6383,1633165173763,14.0884421,52.3547572,7.182886,-0.82549953,-3.2538352,4.8944216,on bike mount,cyclo cross,False,asphalt,excellent
737bf298-fc9f-4c5d-a018-7e86d780b049,90b1cf16-62cd-4af2-b457-cf7e4d39b823,794a5aa3-7ff7-47d7-a174-7aa8b7a3003c,1633165174658,14.0884421,52.3547572,7.182886,-1.0481697,0.9250636,-2.3046694,on bike mount,cyclo cross,False,asphalt,excellent
737bf298-fc9f-4c5d-a018-7e86d780b049,90b1cf16-62cd-4af2-b457-cf7e4d39b823,aa05ee21-5232-4192-8b50-944836e7a57d,1633165174708,14.0884421,52.3547572,7.182886,0.015799165,-1.0832417,-0.7251911,on bike mount,cyclo cross,False,asphalt,excellent
737bf298-fc9f-4c5d-a018-7e86d780b049,90b1cf16-62cd-4af2-b457-cf7e4d39b823,48beb8d7-60ca-43e0-aefa-5a0cc7b15042,1633165174758,14.088548,52.3547563,7.26652,0.7732153,1.4214554,-1.6060739,on bike mount,cyclo cross,False,asphalt,excellent
737bf298-fc9f-4c5d-a018-7e86d780b049,90b1cf16-62cd-4af2-b457-cf7e4d39b823,e3a70675-d29d-4758-88e5-0037df3d131e,1633165174808,14.088548,52.3547563,7.26652,-0.7484805,6.576371,-1.5669627,on bike mount,cyclo cross,False,asphalt,excellent
737bf298-fc9f-4c5d-a018-7e86d780b049,90b1cf16-62cd-4af2-b457-cf7e4d39b823,2929eade-402b-410a-9845-045736e5c4fb,1633165174929,14.088548,52.3547563,7.26652,-0.7484805,6.576371,-1.5669627,on bike mount,cyclo cross,False,asphalt,excellent
737bf298-fc9f-4c5d-a018-7e86d780b049,90b1cf16-62cd-4af2-b457-cf7e4d39b823,7eb63548-779d-40ef-b89f-739a909e37af,1633165174982,14.088548,52.3547563,7.26652,1.2593375,-3.344872,1.6572781,on bike mount,cyclo cross,False,asphalt,excellent
737bf298-fc9f-4c5d-a018-7e86d780b049,90b1cf16-62cd-4af2-b457-cf7e4d39b823,91df2dd3-e346-40a5-b1ad-b34d7e3f4418,1633165175032,14.088548,52.3547563,7.26652,0.67453563,0.39392424,1.9536695,on bike mount,cyclo cross,False,asphalt,excellent
737bf298-fc9f-4c5d-a018-7e86d780b049,90b1cf16-62cd-4af2-b457-cf7e4d39b823,b6b6c727-85f4-42f6-b910-1ba025ab7248,1633165175083,14.088548,52.3547563,7.26652,0.7829377,1.634655,2.3026695,on bike mount,cyclo cross,False,asphalt,excellent
737bf298-fc9f-4c5d-a018-7e86d780b049,90b1cf16-62cd-4af2-b457-cf7e4d39b823,e0ace983-b7f2-4e90-95c8-305857b780b1,1633165175134,14.088548,52.3547563,7.26652,1.7811229,-0.4596932,-0.52302456,on bike mount,cyclo cross,False,asphalt,excellent
737bf298-fc9f-4c5d-a018-7e86d780b049,90b1cf16-62cd-4af2-b457-cf7e4d39b823,6aa8907a-905e-41be-b59e-d74c9c33b740,1633165175184,14.088548,52.3547563,7.26652,0.6122058,3.7055793,-3.1070528,on bike mount,cyclo cross,False,asphalt,excellent
737bf298-fc9f-4c5d-a018-7e86d780b049,90b1cf16-62cd-4af2-b457-cf7e4d39b823,f5652bbd-9d91-406e-9f86-cd28b7adb419,1633165175235,14.088548,52.3547563,7.26652,1.0196557,8.19174,-1.713233,on bike mount,cyclo cross,False,asphalt,excellent
737bf298-fc9f-4c5d-a018-7e86d780b049,90b1cf16-62cd-4af2-b457-cf7e4d39b823,0eb3c02a-d4b3-468e-a14c-b3bf056b69ac,1633165175286,14.088548,52.3547563,7.26652,0.9924125,0.021241426,0.6148987,on bike mount,cyclo cross,False,asphalt,excellent
737bf298-fc9f-4c5d-a018-7e86d780b049,90b1cf16-62cd-4af2-b457-cf7e4d39b823,c9399ba9-9483-47f5-9b59-793445c03f50,1633165175336,14.088548,52.3547563,7.26652,0.9422986,-5.302495,2.2016115,on bike mount,cyclo cross,False,asphalt,excellent
737bf298-fc9f-4c5d-a018-7e86d780b049,90b1cf16-62cd-4af2-b457-cf7e4d39b823,02f9fe75-16fd-48eb-ba19-451639bce947,1633165175386,14.088548,52.3547563,7.26652,1.4355435,-0.7176676,0.51802826,on bike mount,cyclo cross,False,asphalt,excellent
737bf298-fc9f-4c5d-a018-7e86d780b049,90b1cf16-62cd-4af2-b457-cf7e4d39b823,42c30cbb-a8e8-43b9-84bf-90a523ce36d7,1633165175436,14.088548,52.3547563,7.26652,-0.6546334,1.1771061,-1.9373517,on bike mount,cyclo cross,False,asphalt,excellent
737bf298-fc9f-4c5d-a018-7e86d780b049,90b1cf16-62cd-4af2-b457-cf7e4d39b823,14b8e178-9e3a-416c-b00b-4e80fb8e8d32,1633165175486,14.088548,52.3547563,7.26652,1.0175244,1.4855821,-0.690115,on bike mount,cyclo cross,False,asphalt,excellent
737bf298-fc9f-4c5d-a018-7e86d780b049,90b1cf16-62cd-4af2-b457-cf7e4d39b823,611bee7d-bcf9-4a0e-abe6-a337e32537d8,1633165175536,14.088548,52.3547563,7.26652,-4.4544706,4.5325007,3.213254,on bike mount,cyclo cross,False,asphalt,excellent
737bf298-fc9f-4c5d-a018-7e86d780b049,90b1cf16-62cd-4af2-b457-cf7e4d39b823,8ff3c7a1-d974-4c3e-8d6e-6f5e400db825,1633165175586,14.088548,52.3547563,7.26652,3.36047,-4.359418,-3.3127728,on bike mount,cyclo cross,False,asphalt,excellent
737bf298-fc9f-4c5d-a018-7e86d780b049,90b1cf16-62cd-4af2-b457-cf7e4d39b823,8c53ebb1-5b74-4085-b42b-2091b9e898d8,1633165175639,14.088548,52.3547563,7.26652,0.6886767,-2.2420578,0.9883995,on bike mount,cyclo cross,False,asphalt,excellent
737bf298-fc9f-4c5d-a018-7e86d780b049,90b1cf16-62cd-4af2-b457-cf7e4d39b823,2c845ba1-82aa-448c-8b12-c087039772e6,1633165175689,14.0886493,52.3547625,7.0532684,0.56766117,2.4295034,-6.0081482e-05,on bike mount,cyclo cross,False,asphalt,excellent
737bf298-fc9f-4c5d-a018-7e86d780b049,90b1cf16-62cd-4af2-b457-cf7e4d39b823,d0941b3d-1cbe-4f5f-94f6-d3e4a106d7ce,1633165175740,14.0886493,52.3547625,7.0532684,-0.30973125,-2.739806,3.5100403,on bike mount,cyclo cross,False,asphalt,excellent
737bf298-fc9f-4c5d-a018-7e86d780b049,90b1cf16-62cd-4af2-b457-cf7e4d39b823,87e91176-1830-4360-98a2-36386bcca137,1633165175792,14.0886493,52.3547625,7.0532684,2.5538697,-0.44517875,-4.5271883,on bike mount,cyclo cross,False,asphalt,excellent
737bf298-fc9f-4c5d-a018-7e86d780b049,90b1cf16-62cd-4af2-b457-cf7e4d39b823,4ce17129-15f1-429a-b4d2-c5ae21ef69d5,1633165175842,14.0886493,52.3547625,7.0532684,0.37438384,1.17523,-2.7789068,on bike mount,cyclo cross,False,asphalt,excellent
737bf298-fc9f-4c5d-a018-7e86d780b049,90b1cf16-62cd-4af2-b457-cf7e4d39b823,0e23b74a-8bb1-4809-afc4-32f7c80e5aa3,1633165175892,14.0886493,52.3547625,7.0532684,0.013372064,2.281219,2.9057264,on bike mount,cyclo cross,False,asphalt,excellent
737bf298-fc9f-4c5d-a018-7e86d780b049,90b1cf16-62cd-4af2-b457-cf7e4d39b823,0847898e-b86e-4642-ae0e-57d006610e99,1633165175942,14.0886493,52.3547625,7.0532684,2.249089,-1.2462524,1.5413494,on bike mount,cyclo cross,False,asphalt,excellent
737bf298-fc9f-4c5d-a018-7e86d780b049,90b1cf16-62cd-4af2-b457-cf7e4d39b823,a8e968ca-2565-4ba3-9dae-ce092187834f,1633165175992,14.0886493,52.3547625,7.0532684,0.88989747,-0.7047293,-4.489112,on bike mount,cyclo cross,False,asphalt,excellent
737bf298-fc9f-4c5d-a018-7e86d780b049,90b1cf16-62cd-4af2-b457-cf7e4d39b823,ffaa5fbb-746a-4675-846a-44299bdf1005,1633165176042,14.0886493,52.3547625,7.0532684,0.49442977,-3.4671745,-1.0353522,on bike mount,cyclo cross,False,asphalt,excellent
737bf298-fc9f-4c5d-a018-7e86d780b049,90b1cf16-62cd-4af2-b457-cf7e4d39b823,30093373-c1ad-4141-9d92-faf03e272c53,1633165176092,14.0886493,52.3547625,7.0532684,2.1417077,-2.0777354,1.4331312,on bike mount,cyclo cross,False,asphalt,excellent
737bf298-fc9f-4c5d-a018-7e86d780b049,90b1cf16-62cd-4af2-b457-cf7e4d39b823,656e8f25-7233-40c5-a1e9-20d022e785ca,1633165176142,14.0886493,52.3547625,7.0532684,0.40041965,1.7716885,-2.339682,on bike mount,cyclo cross,False,asphalt,excellent
737bf298-fc9f-4c5d-a018-7e86d780b049,90b1cf16-62cd-4af2-b457-cf7e4d39b823,cfc2dc69-76ab-48e1-b12b-0efd1264d1e2,1633165176193,14.0886493,52.3547625,7.0532684,0.050778627,-2.1742108,3.4545155,on bike mount,cyclo cross,False,asphalt,excellent
737bf298-fc9f-4c5d-a018-7e86d780b049,90b1cf16-62cd-4af2-b457-cf7e4d39b823,9402f3e7-d085-4d98-b193-6a7b42635872,1633165176244,14.0886493,52.3547625,7.0532684,-4.8578825,1.9226074,0.88283443,on bike mount,cyclo cross,False,asphalt,excellent
737bf298-fc9f-4c5d-a018-7e86d780b049,90b1cf16-62cd-4af2-b457-cf7e4d39b823,6b754bb1-c995-48f8-afa1-fd125d6c7744,1633165176295,14.0886493,52.3547625,7.0532684,-1.1053798,-4.365595,2.1249924,on bike mount,cyclo cross,False,asphalt,excellent
737bf298-fc9f-4c5d-a018-7e86d780b049,90b1cf16-62cd-4af2-b457-cf7e4d39b823,5f770feb-092d-45e1-bb10-8107a059a2a0,1633165176346,14.0886493,52.3547625,7.0532684,0.13780895,-0.26692724,-3.7017012,on bike mount,cyclo cross,False,asphalt,excellent
737bf298-fc9f-4c5d-a018-7e86d780b049,90b1cf16-62cd-4af2-b457-cf7e4d39b823,43155333-c8dc-4c26-82de-1324ec1a1523,1633165176396,14.0886493,52.3547625,7.0532684,3.2344646,-2.7562973,-0.05100918,on bike mount,cyclo cross,False,asphalt,excellent
737bf298-fc9f-4c5d-a018-7e86d780b049,90b1cf16-62cd-4af2-b457-cf7e4d39b823,304185ed-5b57-453f-91cf-1a76eae4b4cf,1633165176446,14.0886493,52.3547625,7.0532684,-0.6936271,-0.18445301,1.2314968,on bike mount,cyclo cross,False,asphalt,excellent
737bf298-fc9f-4c5d-a018-7e86d780b049,90b1cf16-62cd-4af2-b457-cf7e4d39b823,c7f6c4e5-6f7f-4a9e-addf-3db736b3e2bc,1633165176496,14.0886493,52.3547625,7.0532684,-1.1371486,-1.301714,-1.8596215,on bike mount,cyclo cross,False,asphalt,excellent
737bf298-fc9f-4c5d-a018-7e86d780b049,90b1cf16-62cd-4af2-b457-cf7e4d39b823,1839c826-dd09-4699-931c-b15efc5b2482,1633165176547,14.0886493,52.3547625,7.0532684,-0.8588724,2.822586,-1.8942628,on bike mount,cyclo cross,False,asphalt,excellent
737bf298-fc9f-4c5d-a018-7e86d780b049,90b1cf16-62cd-4af2-b457-cf7e4d39b823,611976ae-e1d4-4f2b-be8a-1ccdb3191413,1633165176597,14.0886493,52.3547625,7.0532684,0.36663592,-0.69194794,1.9616499,on bike mount,cyclo cross,False,asphalt,excellent
737bf298-fc9f-4c5d-a018-7e86d780b049,90b1cf16-62cd-4af2-b457-cf7e4d39b823,ddd073ab-db3b-4096-b9ee-fb99d2636e7a,1633165176651,14.0886493,52.3547625,7.0532684,1.6314152,-0.11970997,-1.4821539,on bike mount,cyclo cross,False,asphalt,excellent
737bf298-fc9f-4c5d-a018-7e86d780b049,90b1cf16-62cd-4af2-b457-cf7e4d39b823,81d53e07-07d4-45c3-ad43-d08feb4572b6,1633165176702,14.0887503,52.3547719,7.179555,0.013237163,-3.0296452,0.20936966,on bike mount,cyclo cross,False,asphalt,excellent
737bf298-fc9f-4c5d-a018-7e86d780b049,90b1cf16-62cd-4af2-b457-cf7e4d39b823,da48e847-ae50-4b70-8d03-2ca47029a532,1633165176751,14.0887503,52.3547719,7.179555,0.1852602,0.50531745,3.1647682,on bike mount,cyclo cross,False,asphalt,excellent
737bf298-fc9f-4c5d-a018-7e86d780b049,90b1cf16-62cd-4af2-b457-cf7e4d39b823,5aba0ee0-f518-4910-85ca-10232e61acc8,1633165176801,14.0887503,52.3547719,7.179555,-0.7564349,-0.20123672,0.20685482,on bike mount,cyclo cross,False,asphalt,excellent
737bf298-fc9f-4c5d-a018-7e86d780b049,90b1cf16-62cd-4af2-b457-cf7e4d39b823,54fd55cf-a3f3-490f-bace-0a51a1849c0e,1633165176850,14.0887503,52.3547719,7.179555,-1.0878046,1.62777,-0.86682034,on bike mount,cyclo cross,False,asphalt,excellent
737bf298-fc9f-4c5d-a018-7e86d780b049,90b1cf16-62cd-4af2-b457-cf7e4d39b823,13997517-4011-4917-9dba-3131217281f3,1633165176900,14.0887503,52.3547719,7.179555,0.24046218,1.7595468,-1.5227566,on bike mount,cyclo cross,False,asphalt,excellent
737bf298-fc9f-4c5d-a018-7e86d780b049,90b1cf16-62cd-4af2-b457-cf7e4d39b823,66a5d26b-f034-4e43-a942-3ae401cfaf9c,1633165176950,14.0887503,52.3547719,7.179555,0.6007514,-1.3143708,-2.91237,on bike mount,cyclo cross,False,asphalt,excellent
737bf298-fc9f-4c5d-a018-7e86d780b049,90b1cf16-62cd-4af2-b457-cf7e4d39b823,c2202b6e-ba23-4f96-92ad-ea9a46572895,1633165177001,14.0887503,52.3547719,7.179555,0.00057795644,-0.3710804,-1.8430195,on bike mount,cyclo cross,False,asphalt,excellent
737bf298-fc9f-4c5d-a018-7e86d780b049,90b1cf16-62cd-4af2-b457-cf7e4d39b823,5398f7a4-0064-4cd4-b2b2-c77b6a332319,1633165177051,14.0887503,52.3547719,7.179555,0.7178117,-1.5127909,-0.37663937,on bike mount,cyclo cross,False,asphalt,excellent
737bf298-fc9f-4c5d-a018-7e86d780b049,90b1cf16-62cd-4af2-b457-cf7e4d39b823,fa20d608-8b89-4d7a-815a-94f17d520888,1633165177102,14.0887503,52.3547719,7.179555,-0.23556033,-3.829435,-1.8801394,on bike mount,cyclo cross,False,asphalt,excellent
737bf298-fc9f-4c5d-a018-7e86d780b049,90b1cf16-62cd-4af2-b457-cf7e4d39b823,93c5b56a-ee8d-404d-9e39-6009b20fb350,1633165177152,14.0887503,52.3547719,7.179555,-0.18642887,-0.79588914,-1.4728379,on bike mount,cyclo cross,False,asphalt,excellent
737bf298-fc9f-4c5d-a018-7e86d780b049,90b1cf16-62cd-4af2-b457-cf7e4d39b823,b902a353-99e3-46e1-a696-c25ba2795345,1633165177202,14.0887503,52.3547719,7.179555,0.03485176,2.5847049,2.836545,on bike mount,cyclo cross,False,asphalt,excellent
737bf298-fc9f-4c5d-a018-7e86d780b049,90b1cf16-62cd-4af2-b457-cf7e4d39b823,cfbdc17f-2bb0-4060-a89d-a4dd1ab7a688,1633165177252,14.0887503,52.3547719,7.179555,0.47377548,-0.14697695,1.4741974,on bike mount,cyclo cross,False,asphalt,excellent
737bf298-fc9f-4c5d-a018-7e86d780b049,90b1cf16-62cd-4af2-b457-cf7e4d39b823,8a7dd684-e30c-4c97-87bb-bb17b9d0a48a,1633165177303,14.0887503,52.3547719,7.179555,0.77957463,-0.505332,2.0516024,on bike mount,cyclo cross,False,asphalt,excellent
737bf298-fc9f-4c5d-a018-7e86d780b049,90b1cf16-62cd-4af2-b457-cf7e4d39b823,d1c815cb-a658-49f6-8105-66778349f47c,1633165177354,14.0887503,52.3547719,7.179555,-0.3750466,1.9687948,-1.0891047,on bike mount,cyclo cross,False,asphalt,excellent
737bf298-fc9f-4c5d-a018-7e86d780b049,90b1cf16-62cd-4af2-b457-cf7e4d39b823,785951d7-f570-4c0b-a7e9-dd1252b92510,1633165177403,14.0887503,52.3547719,7.179555,-1.6890904,-3.3281765,1.3923149,on bike mount,cyclo cross,False,asphalt,excellent
737bf298-fc9f-4c5d-a018-7e86d780b049,90b1cf16-62cd-4af2-b457-cf7e4d39b823,bd0b4f14-bc8f-4cb2-88bf-f2770787e9dd,1633165177454,14.0887503,52.3547719,7.179555,0.44431835,1.0322464,-1.7297139,on bike mount,cyclo cross,False,asphalt,excellent
737bf298-fc9f-4c5d-a018-7e86d780b049,90b1cf16-62cd-4af2-b457-cf7e4d39b823,2de66409-8f8f-4bd2-984c-c9401ad92817,1633165177505,14.0887503,52.3547719,7.179555,-0.328369,1.4452264,-3.799531,on bike mount,cyclo cross,False,asphalt,excellent
737bf298-fc9f-4c5d-a018-7e86d780b049,90b1cf16-62cd-4af2-b457-cf7e4d39b823,c801ddaf-2b49-4831-834e-6603d5e8f2ba,1633165177555,14.0887503,52.3547719,7.179555,-0.35016197,0.13768053,-0.70510674,on bike mount,cyclo cross,False,asphalt,excellent
737bf298-fc9f-4c5d-a018-7e86d780b049,90b1cf16-62cd-4af2-b457-cf7e4d39b823,a3251a7b-a02a-47d1-8caf-c59d0919df6a,1633165177606,14.0887503,52.3547719,7.179555,0.05992815,0.11979556,-2.1088476,on bike mount,cyclo cross,False,asphalt,excellent
737bf298-fc9f-4c5d-a018-7e86d780b049,90b1cf16-62cd-4af2-b457-cf7e4d39b823,065a59fe-e5e4-4258-b717-5d30a86b4841,1633165177656,14.0888555,52.3547629,7.110624,-0.87667656,-1.2181602,-0.46207047,on bike mount,cyclo cross,False,asphalt,excellent
737bf298-fc9f-4c5d-a018-7e86d780b049,90b1cf16-62cd-4af2-b457-cf7e4d39b823,04278edc-e237-4151-9962-f50a347b5e31,1633165177706,14.0888555,52.3547629,7.110624,0.58286333,-1.6631162,2.7060556,on bike mount,cyclo cross,False,asphalt,excellent
737bf298-fc9f-4c5d-a018-7e86d780b049,90b1cf16-62cd-4af2-b457-cf7e4d39b823,27ee9864-fa91-4fdb-a728-e27ef51ba25c,1633165178642,14.0888555,52.3547629,7.110624,0.58286333,-1.6631162,2.7060556,on bike mount,cyclo cross,False,asphalt,excellent
737bf298-fc9f-4c5d-a018-7e86d780b049,90b1cf16-62cd-4af2-b457-cf7e4d39b823,b7d3c3c7-f812-4691-bcc6-349dd0e4832f,1633165178692,14.0889648,52.3547577,7.3665986,1.7670921,-2.3687005,2.101593,on bike mount,cyclo cross,False,asphalt,excellent
737bf298-fc9f-4c5d-a018-7e86d780b049,90b1cf16-62cd-4af2-b457-cf7e4d39b823,522d9bc4-a35e-4f92-99df-3612b3c1e4e8,1633165178743,14.0889648,52.3547577,7.3665986,0.31157714,-0.768317,2.415452,on bike mount,cyclo cross,False,asphalt,excellent
737bf298-fc9f-4c5d-a018-7e86d780b049,90b1cf16-62cd-4af2-b457-cf7e4d39b823,438babe5-3655-4db3-99c0-7eef2f6ae6fa,1633165178793,14.0889648,52.3547577,7.3665986,0.83113,-1.111965,0.23032284,on bike mount,cyclo cross,False,asphalt,excellent
737bf298-fc9f-4c5d-a018-7e86d780b049,90b1cf16-62cd-4af2-b457-cf7e4d39b823,929a9fc9-5fb3-4653-ad29-5c9687cbb8b7,1633165179662,14.0889648,52.3547577,7.3665986,0.83113,-1.111965,0.23032284,on bike mount,cyclo cross,False,asphalt,excellent
737bf298-fc9f-4c5d-a018-7e86d780b049,90b1cf16-62cd-4af2-b457-cf7e4d39b823,8e5fa1ce-2c8f-4ca4-8d28-23c622633b0a,1633165179715,14.0890734,52.3547459,7.24012,-0.34575728,-0.08730245,-1.4327741,on bike mount,cyclo cross,False,asphalt,excellent
737bf298-fc9f-4c5d-a018-7e86d780b049,90b1cf16-62cd-4af2-b457-cf7e4d39b823,54fa0faf-b3e7-49cf-a698-6b601bbbe3c6,1633165179765,14.0890734,52.3547459,7.24012,-1.1532936,0.87699795,0.5425501,on bike mount,cyclo cross,False,asphalt,excellent
737bf298-fc9f-4c5d-a018-7e86d780b049,90b1cf16-62cd-4af2-b457-cf7e4d39b823,57d0aabe-d546-4879-81c4-d7175e3ac2f1,1633165180665,14.0890734,52.3547459,7.24012,-0.16483963,1.8608203,-1.1416259,on bike mount,cyclo cross,False,asphalt,excellent
737bf298-fc9f-4c5d-a018-7e86d780b049,90b1cf16-62cd-4af2-b457-cf7e4d39b823,2133b2c3-2811-42b5-80c8-1844c87a6b47,1633165180716,14.0890734,52.3547459,7.24012,1.421512,-2.322466,-3.8584328,on bike mount,cyclo cross,False,asphalt,excellent
737bf298-fc9f-4c5d-a018-7e86d780b049,90b1cf16-62cd-4af2-b457-cf7e4d39b823,d2e344fd-869c-45bf-9bc6-4044d6709daa,1633165180767,14.0891763,52.3547395,6.813421,-0.3653301,0.26756287,6.2915726,on bike mount,cyclo cross,False,asphalt,excellent
737bf298-fc9f-4c5d-a018-7e86d780b049,90b1cf16-62cd-4af2-b457-cf7e4d39b823,e535104f-dd0d-4144-9dd9-d59626f58721,1633165180818,14.0891763,52.3547395,6.813421,-0.67644846,0.95150423,-1.4784722,on bike mount,cyclo cross,False,asphalt,excellent
737bf298-fc9f-4c5d-a018-7e86d780b049,90b1cf16-62cd-4af2-b457-cf7e4d39b823,b54992df-8655-4a47-8ecb-9ac93c0ee9a4,1633165181650,14.0891763,52.3547395,6.813421,-0.67644846,0.95150423,-1.4784722,on bike mount,cyclo cross,False,asphalt,excellent
737bf298-fc9f-4c5d-a018-7e86d780b049,90b1cf16-62cd-4af2-b457-cf7e4d39b823,177e3809-e87b-43ea-96ce-1c13133a2d9d,1633165181706,14.0892721,52.3547365,7.1739016,-0.3501656,-1.7768857,4.408305,on bike mount,cyclo cross,False,asphalt,excellent
737bf298-fc9f-4c5d-a018-7e86d780b049,90b1cf16-62cd-4af2-b457-cf7e4d39b823,2374700c-f4f5-429e-a7c8-3f89aa764ee5,1633165181755,14.0892721,52.3547365,7.1739016,2.005472,3.0500312,-0.8621211,on bike mount,cyclo cross,False,asphalt,excellent
737bf298-fc9f-4c5d-a018-7e86d780b049,90b1cf16-62cd-4af2-b457-cf7e4d39b823,86935721-d16c-46a6-9e37-9e8ed820a0fe,1633165182655,14.0892721,52.3547365,7.1739016,0.028831244,-2.6349998,2.4089165,on bike mount,cyclo cross,False,asphalt,excellent
737bf298-fc9f-4c5d-a018-7e86d780b049,90b1cf16-62cd-4af2-b457-cf7e4d39b823,98891a7e-dab3-4616-916e-668ff630d83a,1633165182709,14.0892721,52.3547365,7.1739016,0.1407783,-5.175775,3.703843,on bike mount,cyclo cross,False,asphalt,excellent
737bf298-fc9f-4c5d-a018-7e86d780b049,90b1cf16-62cd-4af2-b457-cf7e4d39b823,f46e63b6-3ea9-442b-ade8-20664bd69ca2,1633165182758,14.0893713,52.3547144,7.8780394,0.17548752,-5.486733,1.9335699,on bike mount,cyclo cross,False,asphalt,excellent
737bf298-fc9f-4c5d-a018-7e86d780b049,90b1cf16-62cd-4af2-b457-cf7e4d39b823,8097ff9d-b11d-4369-8af1-c7b830c50da0,1633165183661,14.0893713,52.3547144,7.8780394,2.0535698,-3.2058434,-1.5171232,on bike mount,cyclo cross,False,asphalt,excellent
737bf298-fc9f-4c5d-a018-7e86d780b049,90b1cf16-62cd-4af2-b457-cf7e4d39b823,0b423cd1-4e0c-4982-89f8-9d8a3930915d,1633165183716,14.0894718,52.3546844,7.1121635,-1.1675671,-1.536535,-4.208231,on bike mount,cyclo cross,False,asphalt,excellent
737bf298-fc9f-4c5d-a018-7e86d780b049,90b1cf16-62cd-4af2-b457-cf7e4d39b823,c73650a9-cde3-4a05-aed9-f3f42ab53ab9,1633165183765,14.0894718,52.3546844,7.1121635,-0.6599075,0.9570439,1.2553921,on bike mount,cyclo cross,False,asphalt,excellent
737bf298-fc9f-4c5d-a018-7e86d780b049,90b1cf16-62cd-4af2-b457-cf7e4d39b823,4489b020-9d38-49b7-a476-10b3c2f925e7,1633165183816,14.0894718,52.3546844,7.1121635,-0.35139745,-1.3299851,-0.020364761,on bike mount,cyclo cross,False,asphalt,excellent
737bf298-fc9f-4c5d-a018-7e86d780b049,90b1cf16-62cd-4af2-b457-cf7e4d39b823,cb4d0ceb-513d-4a94-a0a4-a3ef196492cc,1633165184658,14.0894718,52.3546844,7.1121635,-0.35139745,-1.3299851,-0.020364761,on bike mount,cyclo cross,False,asphalt,excellent
737bf298-fc9f-4c5d-a018-7e86d780b049,90b1cf16-62cd-4af2-b457-cf7e4d39b823,9357ebcf-0e3c-4b18-9740-93171836beda,1633165184710,14.0895751,52.3546753,7.3076863,-1.7194157,-0.47784352,4.0341253,on bike mount,cyclo cross,False,asphalt,excellent
737bf298-fc9f-4c5d-a018-7e86d780b049,90b1cf16-62cd-4af2-b457-cf7e4d39b823,7eae0f3a-35ea-4e2d-839f-ac25aa460f93,1633165184759,14.0895751,52.3546753,7.3076863,1.4812305,1.6935878,-5.398709,on bike mount,cyclo cross,False,asphalt,excellent
737bf298-fc9f-4c5d-a018-7e86d780b049,90b1cf16-62cd-4af2-b457-cf7e4d39b823,33b45452-578c-44b7-889c-6bc8def357fe,1633165184809,14.0895751,52.3546753,7.3076863,1.1497158,2.6294427,-2.1357994,on bike mount,cyclo cross,False,asphalt,excellent
737bf298-fc9f-4c5d-a018-7e86d780b049,90b1cf16-62cd-4af2-b457-cf7e4d39b823,94953659-646f-47f4-8c84-6cf9f44b6f88,1633165185645,14.0895751,52.3546753,7.3076863,1.1497158,2.6294427,-2.1357994,on bike mount,cyclo cross,False,asphalt,excellent
737bf298-fc9f-4c5d-a018-7e86d780b049,90b1cf16-62cd-4af2-b457-cf7e4d39b823,773e9296-debb-4efb-bff3-b276cce97b3c,1633165185696,14.0896792,52.3546714,7.2002068,1.0445333,-3.4168787,0.8161659,on bike mount,cyclo cross,False,asphalt,excellent
737bf298-fc9f-4c5d-a018-7e86d780b049,90b1cf16-62cd-4af2-b457-cf7e4d39b823,30b797c0-0b1d-4c0d-939e-2cc2b63043e3,1633165185746,14.0896792,52.3546714,7.2002068,0.66180885,-2.131153,3.4855957,on bike mount,cyclo cross,False,asphalt,excellent
737bf298-fc9f-4c5d-a018-7e86d780b049,90b1cf16-62cd-4af2-b457-cf7e4d39b823,7418889f-2c4d-4b24-8f74-67789738ef58,1633165186656,14.0896792,52.3546714,7.2002068,4.028042,0.6243062,-1.890307,on bike mount,cyclo cross,False,asphalt,excellent
737bf298-fc9f-4c5d-a018-7e86d780b049,90b1cf16-62cd-4af2-b457-cf7e4d39b823,49ae828c-d258-4b1a-9d74-3b0d7b732cd6,1633165186706,14.0896792,52.3546714,7.2002068,0.2986231,-2.3733764,3.3528595,on bike mount,cyclo cross,False,asphalt,excellent
737bf298-fc9f-4c5d-a018-7e86d780b049,90b1cf16-62cd-4af2-b457-cf7e4d39b823,b7680816-091e-4064-b15a-0da4f2c79cb1,1633165186757,14.0897847,52.3546603,7.1746025,1.6227877,-4.406515,3.9922276,on bike mount,cyclo cross,False,asphalt,excellent
737bf298-fc9f-4c5d-a018-7e86d780b049,90b1cf16-62cd-4af2-b457-cf7e4d39b823,b975ae94-50ec-41a2-bdcb-f6a8323042e0,1633165186806,14.0897847,52.3546603,7.1746025,2.210471,-0.3578689,3.2069445,on bike mount,cyclo cross,False,asphalt,excellent
737bf298-fc9f-4c5d-a018-7e86d780b049,90b1cf16-62cd-4af2-b457-cf7e4d39b823,8f4002ed-66e5-49b2-9496-f4f3672ebb88,1633165187647,14.0897847,52.3546603,7.1746025,2.210471,-0.3578689,3.2069445,on bike mount,cyclo cross,False,asphalt,excellent
737bf298-fc9f-4c5d-a018-7e86d780b049,90b1cf16-62cd-4af2-b457-cf7e4d39b823,e5b93161-07b1-418e-bf05-7116085d30d4,1633165187701,14.0898877,52.3546479,7.293455,1.6059427,0.27121234,-1.2524557,on bike mount,cyclo cross,False,asphalt,excellent
737bf298-fc9f-4c5d-a018-7e86d780b049,90b1cf16-62cd-4af2-b457-cf7e4d39b823,8891534e-56d8-4851-85ba-a4fe64f31bd4,1633165187751,14.0898877,52.3546479,7.293455,-0.4491999,4.0365686,3.3392792,on bike mount,cyclo cross,False,asphalt,excellent
737bf298-fc9f-4c5d-a018-7e86d780b049,90b1cf16-62cd-4af2-b457-cf7e4d39b823,df60e3e7-7551-42d8-a504-c2af24995724,1633165187901,14.0898877,52.3546479,7.293455,-0.98855394,3.7151666,-0.56515455,on bike mount,cyclo cross,False,asphalt,excellent
737bf298-fc9f-4c5d-a018-7e86d780b049,90b1cf16-62cd-4af2-b457-cf7e4d39b823,5d1772f2-0708-4af4-bdd7-4408fd45b7c9,1633165187952,14.0898877,52.3546479,7.293455,0.40840438,-4.234001,-0.20647717,on bike mount,cyclo cross,False,asphalt,excellent
737bf298-fc9f-4c5d-a018-7e86d780b049,90b1cf16-62cd-4af2-b457-cf7e4d39b823,b1724ad5-1acc-4de5-b7ff-48e3b90905ef,1633165188003,14.0898877,52.3546479,7.293455,0.16573356,2.4645338,3.5597029,on bike mount,cyclo cross,False,asphalt,excellent
737bf298-fc9f-4c5d-a018-7e86d780b049,90b1cf16-62cd-4af2-b457-cf7e4d39b823,24bbcdb1-d473-4fed-8c2f-8aee06228cb6,1633165188053,14.0898877,52.3546479,7.293455,-0.664336,6.050231,6.4099245,on bike mount,cyclo cross,False,asphalt,excellent
737bf298-fc9f-4c5d-a018-7e86d780b049,90b1cf16-62cd-4af2-b457-cf7e4d39b823,bebc3217-6bea-4656-b3a1-3cc30652ecc7,1633165188104,14.0898877,52.3546479,7.293455,1.1118008,0.028923988,-1.1692843,on bike mount,cyclo cross,False,asphalt,excellent
737bf298-fc9f-4c5d-a018-7e86d780b049,90b1cf16-62cd-4af2-b457-cf7e4d39b823,7d785f36-782f-4b2d-846f-373572e61f84,1633165188154,14.0898877,52.3546479,7.293455,1.3078421,0.77612305,-3.421145,on bike mount,cyclo cross,False,asphalt,excellent
737bf298-fc9f-4c5d-a018-7e86d780b049,90b1cf16-62cd-4af2-b457-cf7e4d39b823,bd23cc9c-3e67-4c82-a35e-18f136c5b7fe,1633165188204,14.0898877,52.3546479,7.293455,0.056859583,0.38720536,-0.2724142,on bike mount,cyclo cross,False,asphalt,excellent
737bf298-fc9f-4c5d-a018-7e86d780b049,90b1cf16-62cd-4af2-b457-cf7e4d39b823,bf96cc2c-7146-46b9-9c37-2bc5a82acd53,1633165188253,14.0898877,52.3546479,7.293455,-0.7648821,-4.877884,13.407499,on bike mount,cyclo cross,False,asphalt,excellent
737bf298-fc9f-4c5d-a018-7e86d780b049,90b1cf16-62cd-4af2-b457-cf7e4d39b823,bd8f8410-6902-418e-8e60-3ec675da1ba2,1633165188302,14.0898877,52.3546479,7.293455,0.2918502,-2.3145485,-3.6926737,on bike mount,cyclo cross,False,asphalt,excellent
737bf298-fc9f-4c5d-a018-7e86d780b049,90b1cf16-62cd-4af2-b457-cf7e4d39b823,810adbf2-e68a-46d4-8173-0dbd8b1df3ae,1633165188353,14.0898877,52.3546479,7.293455,-0.90167,3.5570874,-0.16557312,on bike mount,cyclo cross,False,asphalt,excellent
737bf298-fc9f-4c5d-a018-7e86d780b049,90b1cf16-62cd-4af2-b457-cf7e4d39b823,2c8e79df-b796-4d93-b4c4-0a529cfa80bb,1633165188401,14.0898877,52.3546479,7.293455,-0.4639928,8.856682,3.4397306,on bike mount,cyclo cross,False,asphalt,excellent
737bf298-fc9f-4c5d-a018-7e86d780b049,90b1cf16-62cd-4af2-b457-cf7e4d39b823,491ce5ee-3130-4e24-bb33-4694248023c9,1633165188452,14.0898877,52.3546479,7.293455,-2.1498952,6.347418,-5.0118484,on bike mount,cyclo cross,False,asphalt,excellent
737bf298-fc9f-4c5d-a018-7e86d780b049,90b1cf16-62cd-4af2-b457-cf7e4d39b823,0b9451a8-7fe7-4c71-8309-3e08392540e5,1633165188503,14.0898877,52.3546479,7.293455,2.7214212,-7.8535595,-1.4052358,on bike mount,cyclo cross,False,asphalt,excellent
737bf298-fc9f-4c5d-a018-7e86d780b049,90b1cf16-62cd-4af2-b457-cf7e4d39b823,d89b61af-74bd-49da-a2f3-4075e280a086,1633165188554,14.0898877,52.3546479,7.293455,1.1635141,-3.4604225,0.48263073,on bike mount,cyclo cross,False,asphalt,excellent
737bf298-fc9f-4c5d-a018-7e86d780b049,90b1cf16-62cd-4af2-b457-cf7e4d39b823,c8f8863b-e71f-42cb-a383-a13592977b18,1633165188604,14.0898877,52.3546479,7.293455,1.0312742,-2.5627885,1.3613997,on bike mount,cyclo cross,False,asphalt,excellent
737bf298-fc9f-4c5d-a018-7e86d780b049,90b1cf16-62cd-4af2-b457-cf7e4d39b823,975ab3bd-54ab-454c-a172-3f8bed36f373,1633165188657,14.0899893,52.3546372,7.3342023,0.33804172,0.191396,-1.1664009,on bike mount,cyclo cross,False,asphalt,excellent
737bf298-fc9f-4c5d-a018-7e86d780b049,90b1cf16-62cd-4af2-b457-cf7e4d39b823,90fdb740-fe84-434b-9ed8-1d2c4c68660b,1633165188708,14.0899893,52.3546372,7.3342023,-0.80518407,0.23922467,2.7144098,on bike mount,cyclo cross,False,asphalt,excellent
737bf298-fc9f-4c5d-a018-7e86d780b049,90b1cf16-62cd-4af2-b457-cf7e4d39b823,33d4ee3c-e223-48aa-a0db-c076d48b1161,1633165188759,14.0899893,52.3546372,7.3342023,-0.4547767,-1.1670092,-1.6538043,on bike mount,cyclo cross,False,asphalt,excellent
737bf298-fc9f-4c5d-a018-7e86d780b049,90b1cf16-62cd-4af2-b457-cf7e4d39b823,7ffe3e3c-269c-42f5-99f5-d0f7c7392b96,1633165188810,14.0899893,52.3546372,7.3342023,0.07834976,-2.1700187,-0.33210945,on bike mount,cyclo cross,False,asphalt,excellent
737bf298-fc9f-4c5d-a018-7e86d780b049,90b1cf16-62cd-4af2-b457-cf7e4d39b823,740b1682-9aac-4ec5-8c4a-a3d87a669ed3,1633165188860,14.0899893,52.3546372,7.3342023,0.63775766,-1.7343222,-2.08049,on bike mount,cyclo cross,False,asphalt,excellent
737bf298-fc9f-4c5d-a018-7e86d780b049,90b1cf16-62cd-4af2-b457-cf7e4d39b823,bd995dc0-ccb1-443d-9f3e-9aba211d1902,1633165188910,14.0899893,52.3546372,7.3342023,-0.79053205,-3.5842907,0.53424263,on bike mount,cyclo cross,False,asphalt,excellent
737bf298-fc9f-4c5d-a018-7e86d780b049,90b1cf16-62cd-4af2-b457-cf7e4d39b823,15342d93-837e-4f67-9c69-3922d74831c7,1633165188961,14.0899893,52.3546372,7.3342023,2.355197,0.44108343,-0.5792732,on bike mount,cyclo cross,False,asphalt,excellent
737bf298-fc9f-4c5d-a018-7e86d780b049,90b1cf16-62cd-4af2-b457-cf7e4d39b823,7f7797d9-6675-4ba5-a261-ae0a115ce631,1633165189012,14.0899893,52.3546372,7.3342023,-0.72134453,-0.80296445,-3.7865055,on bike mount,cyclo cross,False,asphalt,excellent
737bf298-fc9f-4c5d-a018-7e86d780b049,90b1cf16-62cd-4af2-b457-cf7e4d39b823,c162632d-e2a8-436a-96e6-e765d5d071a4,1633165189062,14.0899893,52.3546372,7.3342023,1.216943,-4.633479,3.2774258,on bike mount,cyclo cross,False,asphalt,excellent
737bf298-fc9f-4c5d-a018-7e86d780b049,90b1cf16-62cd-4af2-b457-cf7e4d39b823,14464f3d-3fa3-42ae-a40e-b45b1e873f23,1633165189112,14.0899893,52.3546372,7.3342023,2.9272592,-2.0847864,-1.8283677,on bike mount,cyclo cross,False,asphalt,excellent
737bf298-fc9f-4c5d-a018-7e86d780b049,90b1cf16-62cd-4af2-b457-cf7e4d39b823,36e71d69-f9ca-43c4-9630-fc86beb49403,1633165189161,14.0899893,52.3546372,7.3342023,-0.16993868,0.86441636,-0.97155714,on bike mount,cyclo cross,False,asphalt,excellent
737bf298-fc9f-4c5d-a018-7e86d780b049,90b1cf16-62cd-4af2-b457-cf7e4d39b823,4edabaa7-d2c3-4aaf-8ec7-39ea8730d8e9,1633165189211,14.0899893,52.3546372,7.3342023,0.6929695,-1.4015135,-1.1945052,on bike mount,cyclo cross,False,asphalt,excellent
737bf298-fc9f-4c5d-a018-7e86d780b049,90b1cf16-62cd-4af2-b457-cf7e4d39b823,5cc4ae82-016c-490f-9fd6-9e6067af3777,1633165189260,14.0899893,52.3546372,7.3342023,-0.066461265,1.6112828,-4.495015,on bike mount,cyclo cross,False,asphalt,excellent
737bf298-fc9f-4c5d-a018-7e86d780b049,90b1cf16-62cd-4af2-b457-cf7e4d39b823,59a95671-3a06-40fa-9969-49902fe85695,1633165189311,14.0899893,52.3546372,7.3342023,0.53193253,-0.6691694,-0.128973,on bike mount,cyclo cross,False,asphalt,excellent
737bf298-fc9f-4c5d-a018-7e86d780b049,90b1cf16-62cd-4af2-b457-cf7e4d39b823,4a2358ef-5bdb-4d55-9b84-b21f088d23bb,1633165189361,14.0899893,52.3546372,7.3342023,-0.7541132,0.57343197,-0.875535,on bike mount,cyclo cross,False,asphalt,excellent
737bf298-fc9f-4c5d-a018-7e86d780b049,90b1cf16-62cd-4af2-b457-cf7e4d39b823,38121124-fa46-4eca-a945-92aa7010a596,1633165189412,14.0899893,52.3546372,7.3342023,-0.65337294,-3.7581415,2.177061,on bike mount,cyclo cross,False,asphalt,excellent
737bf298-fc9f-4c5d-a018-7e86d780b049,90b1cf16-62cd-4af2-b457-cf7e4d39b823,91b9eea8-968c-4f58-8a8e-841865e9b91e,1633165189462,14.0899893,52.3546372,7.3342023,-0.287183,-0.35465312,2.5012407,on bike mount,cyclo cross,False,asphalt,excellent
737bf298-fc9f-4c5d-a018-7e86d780b049,90b1cf16-62cd-4af2-b457-cf7e4d39b823,9ae69ad0-47c0-4406-bed6-242bf22eb3aa,1633165189511,14.0899893,52.3546372,7.3342023,0.74024665,1.988744,-5.1096706,on bike mount,cyclo cross,False,asphalt,excellent
737bf298-fc9f-4c5d-a018-7e86d780b049,90b1cf16-62cd-4af2-b457-cf7e4d39b823,99c0cfcd-ac3c-45a0-977c-2d55846d36b8,1633165189561,14.0899893,52.3546372,7.3342023,0.29932165,-1.4209862,-1.1897087,on bike mount,cyclo cross,False,asphalt,excellent
737bf298-fc9f-4c5d-a018-7e86d780b049,90b1cf16-62cd-4af2-b457-cf7e4d39b823,ddb6f7eb-ecf5-41e6-a4a2-14992e7241b8,1633165189612,14.0899893,52.3546372,7.3342023,-0.7782094,1.7880805,-0.3638153,on bike mount,cyclo cross,False,asphalt,excellent
737bf298-fc9f-4c5d-a018-7e86d780b049,90b1cf16-62cd-4af2-b457-cf7e4d39b823,611ae6f7-4913-4993-b6f6-933c4a2145a4,1633165189663,14.0900951,52.3546283,7.329161,-1.3177683,0.43361616,2.2814102,on bike mount,cyclo cross,False,asphalt,excellent
737bf298-fc9f-4c5d-a018-7e86d780b049,90b1cf16-62cd-4af2-b457-cf7e4d39b823,f9140c36-d5ad-4e10-9550-36ee56390f53,1633165189713,14.0900951,52.3546283,7.329161,-0.5790297,0.32603574,-1.0802112,on bike mount,cyclo cross,False,asphalt,excellent
737bf298-fc9f-4c5d-a018-7e86d780b049,90b1cf16-62cd-4af2-b457-cf7e4d39b823,6940a404-659b-4a4a-9a83-52545e2a26a1,1633165189763,14.0900951,52.3546283,7.329161,2.9799097,-9.103521,1.561986,on bike mount,cyclo cross,False,asphalt,excellent
737bf298-fc9f-4c5d-a018-7e86d780b049,90b1cf16-62cd-4af2-b457-cf7e4d39b823,64da208b-03d4-458b-a830-ffae3157e16d,1633165189813,14.0900951,52.3546283,7.329161,0.66051507,2.7450352,-2.239738,on bike mount,cyclo cross,False,asphalt,excellent
737bf298-fc9f-4c5d-a018-7e86d780b049,90b1cf16-62cd-4af2-b457-cf7e4d39b823,79c90c60-04b0-48a6-8088-b11871718b8c,1633165189863,14.0900951,52.3546283,7.329161,-0.15157352,-2.443852,3.3274536,on bike mount,cyclo cross,False,asphalt,excellent
737bf298-fc9f-4c5d-a018-7e86d780b049,90b1cf16-62cd-4af2-b457-cf7e4d39b823,f805404f-f015-46f4-a1cd-519e2ebfd861,1633165189914,14.0900951,52.3546283,7.329161,0.4054518,0.22073531,-1.9972091,on bike mount,cyclo cross,False,asphalt,excellent
737bf298-fc9f-4c5d-a018-7e86d780b049,90b1cf16-62cd-4af2-b457-cf7e4d39b823,01b168fd-f94d-4b14-b8c0-952c2915a261,1633165190658,14.0900951,52.3546283,7.329161,0.9740535,-0.6962912,0.008087158,on bike mount,cyclo cross,False,asphalt,excellent
737bf298-fc9f-4c5d-a018-7e86d780b049,90b1cf16-62cd-4af2-b457-cf7e4d39b823,da98b763-25a6-460c-9fda-6b4b569a1fb3,1633165190728,14.090204,52.3546197,7.2267876,0.32080626,-2.8629,3.2331066,on bike mount,cyclo cross,False,asphalt,excellent
737bf298-fc9f-4c5d-a018-7e86d780b049,90b1cf16-62cd-4af2-b457-cf7e4d39b823,37b9f8bc-148b-46eb-8570-75591048e5fb,1633165190778,14.090204,52.3546197,7.2267876,-0.8410889,-1.8238785,1.3024578,on bike mount,cyclo cross,False,asphalt,excellent
737bf298-fc9f-4c5d-a018-7e86d780b049,90b1cf16-62cd-4af2-b457-cf7e4d39b823,0442c46d-ec42-4317-a2e8-127381389fc1,1633165191652,14.090204,52.3546197,7.2267876,0.57057273,-1.4460917,1.2982903,on bike mount,cyclo cross,False,asphalt,excellent
737bf298-fc9f-4c5d-a018-7e86d780b049,90b1cf16-62cd-4af2-b457-cf7e4d39b823,cff7ee5f-09b2-48d7-b706-7d89c03c68bd,1633165191702,14.090305,52.3546113,7.3323817,-0.45767868,-0.54766583,-1.6299968,on bike mount,cyclo cross,False,asphalt,excellent
737bf298-fc9f-4c5d-a018-7e86d780b049,90b1cf16-62cd-4af2-b457-cf7e4d39b823,7b3bd978-0f17-423b-a2b9-118d5eda54a2,1633165191753,14.090305,52.3546113,7.3323817,-1.5198975,-0.45236087,-1.2914667,on bike mount,cyclo cross,False,asphalt,excellent
737bf298-fc9f-4c5d-a018-7e86d780b049,90b1cf16-62cd-4af2-b457-cf7e4d39b823,70a7a609-3672-4dc8-9482-0a3906218dc1,1633165191802,14.090305,52.3546113,7.3323817,-0.06451066,4.14546,-0.7005596,on bike mount,cyclo cross,False,asphalt,excellent
737bf298-fc9f-4c5d-a018-7e86d780b049,90b1cf16-62cd-4af2-b457-cf7e4d39b823,e09ff9d7-970d-478a-ac63-a3a956e67dc7,1633165192653,14.090305,52.3546113,7.3323817,-0.06451066,4.14546,-0.7005596,on bike mount,cyclo cross,False,asphalt,excellent
737bf298-fc9f-4c5d-a018-7e86d780b049,90b1cf16-62cd-4af2-b457-cf7e4d39b823,785eda5b-2b8b-4280-970b-17f5456eb3dd,1633165192703,14.090305,52.3546113,7.3323817,-1.7101519,-0.011528254,-0.70402575,on bike mount,cyclo cross,False,asphalt,excellent
737bf298-fc9f-4c5d-a018-7e86d780b049,90b1cf16-62cd-4af2-b457-cf7e4d39b823,61d22151-275e-47e0-a019-7eaaeb4a1835,1633165192755,14.090413,52.3546034,7.4599495,1.1507881,1.8267775,0.56731606,on bike mount,cyclo cross,False,asphalt,excellent
737bf298-fc9f-4c5d-a018-7e86d780b049,90b1cf16-62cd-4af2-b457-cf7e4d39b823,4d65f0f8-b455-41e7-a6f7-604720bbca46,1633165192804,14.090413,52.3546034,7.4599495,-0.5918576,0.9590695,6.205248,on bike mount,cyclo cross,False,asphalt,excellent
737bf298-fc9f-4c5d-a018-7e86d780b049,90b1cf16-62cd-4af2-b457-cf7e4d39b823,0f239aac-8b2b-40a3-a607-cc45de42e0c7,1633165193653,14.090413,52.3546034,7.4599495,-0.5918576,0.9590695,6.205248,on bike mount,cyclo cross,False,asphalt,excellent
737bf298-fc9f-4c5d-a018-7e86d780b049,90b1cf16-62cd-4af2-b457-cf7e4d39b823,4e894450-00e9-4ee1-9446-118186c2bca1,1633165193704,14.0905173,52.3545964,7.302925,1.9174321,2.5617723,-0.29849148,on bike mount,cyclo cross,False,asphalt,excellent
737bf298-fc9f-4c5d-a018-7e86d780b049,90b1cf16-62cd-4af2-b457-cf7e4d39b823,99657af1-cf8f-41ec-ba57-95d7ea949dbe,1633165193754,14.0905173,52.3545964,7.302925,0.046922326,0.0097568035,1.7479677,on bike mount,cyclo cross,False,asphalt,excellent
737bf298-fc9f-4c5d-a018-7e86d780b049,90b1cf16-62cd-4af2-b457-cf7e4d39b823,8a1bca8f-1956-4953-8bf3-0e9094c886bd,1633165193804,14.0905173,52.3545964,7.302925,-0.64800316,-0.011727095,-1.7265916,on bike mount,cyclo cross,False,asphalt,excellent
737bf298-fc9f-4c5d-a018-7e86d780b049,90b1cf16-62cd-4af2-b457-cf7e4d39b823,902a2069-ca68-4d60-8774-eb1e94cbe9d1,1633165194660,14.0905173,52.3545964,7.302925,-0.64800316,-0.011727095,-1.7265916,on bike mount,cyclo cross,False,asphalt,excellent
737bf298-fc9f-4c5d-a018-7e86d780b049,90b1cf16-62cd-4af2-b457-cf7e4d39b823,aaa552fe-d1d6-47eb-bade-13d2fb9ed092,1633165194710,14.0905173,52.3545964,7.302925,1.9133586,-4.270719,-3.028718,on bike mount,cyclo cross,False,asphalt,excellent
737bf298-fc9f-4c5d-a018-7e86d780b049,90b1cf16-62cd-4af2-b457-cf7e4d39b823,b7e3a39a-793b-47aa-aace-b82735399a83,1633165194761,14.0906235,52.3545838,7.4088235,-1.3971308,-2.256744,-1.9337339,on bike mount,cyclo cross,False,asphalt,excellent
737bf298-fc9f-4c5d-a018-7e86d780b049,90b1cf16-62cd-4af2-b457-cf7e4d39b823,2011286a-97e8-45b6-9ee9-bef5f8c13141,1633165195656,14.0906235,52.3545838,7.4088235,0.22708553,-1.2325761,0.9293337,on bike mount,cyclo cross,False,asphalt,excellent
737bf298-fc9f-4c5d-a018-7e86d780b049,90b1cf16-62cd-4af2-b457-cf7e4d39b823,1aefd80a-bd8f-4163-9afc-afe6cfeb865f,1633165195709,14.0906235,52.3545838,7.4088235,1.6636354,3.241428,0.32798958,on bike mount,cyclo cross,False,asphalt,excellent
737bf298-fc9f-4c5d-a018-7e86d780b049,90b1cf16-62cd-4af2-b457-cf7e4d39b823,18cd8766-4bae-4970-817e-53314c55bafe,1633165195759,14.0907297,52.354568,7.511421,0.0995217,-1.20509,6.0971575,on bike mount,cyclo cross,False,asphalt,excellent
737bf298-fc9f-4c5d-a018-7e86d780b049,90b1cf16-62cd-4af2-b457-cf7e4d39b823,c9d446e7-2fb9-4eda-a36e-66c3e39257d3,1633165195808,14.0907297,52.354568,7.511421,0.43779662,0.38808465,-1.2022486,on bike mount,cyclo cross,False,asphalt,excellent
737bf298-fc9f-4c5d-a018-7e86d780b049,90b1cf16-62cd-4af2-b457-cf7e4d39b823,b19b7710-28c4-43ac-a673-2946280f989e,1633165196658,14.0907297,52.354568,7.511421,0.43779662,0.38808465,-1.2022486,on bike mount,cyclo cross,False,asphalt,excellent
737bf298-fc9f-4c5d-a018-7e86d780b049,90b1cf16-62cd-4af2-b457-cf7e4d39b823,e0aecff0-839e-40a3-9b2f-61d8ef9b182d,1633165196711,14.0908399,52.3545503,7.552906,-0.35269725,-2.48522,4.8532267,on bike mount,cyclo cross,False,asphalt,excellent
737bf298-fc9f-4c5d-a018-7e86d780b049,90b1cf16-62cd-4af2-b457-cf7e4d39b823,2e202f31-8ac4-43fa-a38a-d6d5bd5f248a,1633165196761,14.0908399,52.3545503,7.552906,1.4347179,-5.5243564,-1.0336075,on bike mount,cyclo cross,False,asphalt,excellent
737bf298-fc9f-4c5d-a018-7e86d780b049,90b1cf16-62cd-4af2-b457-cf7e4d39b823,580affb4-425e-449e-8f65-0cabb2653238,1633165196923,14.0908399,52.3545503,7.552906,-0.104432195,0.5365484,-0.5485048,on bike mount,cyclo cross,False,asphalt,excellent
737bf298-fc9f-4c5d-a018-7e86d780b049,90b1cf16-62cd-4af2-b457-cf7e4d39b823,34ae6d36-23a5-4cd4-bc6d-1e99f4a57281,1633165196972,14.0908399,52.3545503,7.552906,1.6769603,-5.807797,5.4672413,on bike mount,cyclo cross,False,asphalt,excellent
737bf298-fc9f-4c5d-a018-7e86d780b049,90b1cf16-62cd-4af2-b457-cf7e4d39b823,1f48d88f-ca23-4fd2-bf91-16c5a775a068,1633165197022,14.0908399,52.3545503,7.552906,0.93133116,-1.3849672,1.4220581,on bike mount,cyclo cross,False,asphalt,excellent
737bf298-fc9f-4c5d-a018-7e86d780b049,90b1cf16-62cd-4af2-b457-cf7e4d39b823,08523b3a-470e-4cc3-862d-1f87a8f2c86b,1633165197073,14.0908399,52.3545503,7.552906,-1.9427214,-2.8685062,1.8999567,on bike mount,cyclo cross,False,asphalt,excellent
737bf298-fc9f-4c5d-a018-7e86d780b049,90b1cf16-62cd-4af2-b457-cf7e4d39b823,fd08ba12-3a60-477b-b437-59a3eeb55d97,1633165197123,14.0908399,52.3545503,7.552906,1.8173081,1.2219007,-1.5550237,on bike mount,cyclo cross,False,asphalt,excellent
737bf298-fc9f-4c5d-a018-7e86d780b049,90b1cf16-62cd-4af2-b457-cf7e4d39b823,b5284e68-77f5-4014-a88c-72aa09506b2b,1633165197173,14.0908399,52.3545503,7.552906,-1.4947343,1.1435809,0.20760727,on bike mount,cyclo cross,False,asphalt,excellent
737bf298-fc9f-4c5d-a018-7e86d780b049,90b1cf16-62cd-4af2-b457-cf7e4d39b823,249663d6-0901-479f-a700-84b697a87370,1633165197224,14.0908399,52.3545503,7.552906,-2.8302293,-0.8429601,3.2841854,on bike mount,cyclo cross,False,asphalt,excellent
737bf298-fc9f-4c5d-a018-7e86d780b049,90b1cf16-62cd-4af2-b457-cf7e4d39b823,e17f3e45-4420-4ff1-96d4-7939447af80e,1633165197274,14.0908399,52.3545503,7.552906,1.0604563,1.8140035,-2.1254597,on bike mount,cyclo cross,False,asphalt,excellent
737bf298-fc9f-4c5d-a018-7e86d780b049,90b1cf16-62cd-4af2-b457-cf7e4d39b823,be8fff40-f7f5-4469-bf48-3408d28c4209,1633165197323,14.0908399,52.3545503,7.552906,-0.14799207,-1.0733111,5.2121286,on bike mount,cyclo cross,False,asphalt,excellent
737bf298-fc9f-4c5d-a018-7e86d780b049,90b1cf16-62cd-4af2-b457-cf7e4d39b823,b7cd75a1-f239-4b3d-808e-d446e5716338,1633165197373,14.0908399,52.3545503,7.552906,-1.6347158,1.6518064,1.2043247,on bike mount,cyclo cross,False,asphalt,excellent
737bf298-fc9f-4c5d-a018-7e86d780b049,90b1cf16-62cd-4af2-b457-cf7e4d39b823,9d13ade2-031f-4506-8936-5fd2f9479608,1633165197423,14.0908399,52.3545503,7.552906,-0.58299834,0.28721094,0.5454893,on bike mount,cyclo cross,False,asphalt,excellent
737bf298-fc9f-4c5d-a018-7e86d780b049,90b1cf16-62cd-4af2-b457-cf7e4d39b823,989b4022-c3ce-4954-9798-8ab4195a45c6,1633165197473,14.0908399,52.3545503,7.552906,0.33020198,-1.8524878,-3.360567,on bike mount,cyclo cross,False,asphalt,excellent
737bf298-fc9f-4c5d-a018-7e86d780b049,90b1cf16-62cd-4af2-b457-cf7e4d39b823,6b278040-5663-499d-9149-377c1f6d1cc6,1633165197523,14.0908399,52.3545503,7.552906,-2.2102633,3.7406993,-6.6690273,on bike mount,cyclo cross,False,asphalt,excellent
737bf298-fc9f-4c5d-a018-7e86d780b049,90b1cf16-62cd-4af2-b457-cf7e4d39b823,99fd36be-0ef3-42f6-b77c-ee86d4f2e95d,1633165197573,14.0908399,52.3545503,7.552906,4.013151,-6.2645473,-1.2502489,on bike mount,cyclo cross,False,asphalt,excellent
737bf298-fc9f-4c5d-a018-7e86d780b049,90b1cf16-62cd-4af2-b457-cf7e4d39b823,10e9960a-cf0e-4d94-a588-e887f92c8e0b,1633165197623,14.0908399,52.3545503,7.552906,-0.8122283,-0.5029725,7.4648323,on bike mount,cyclo cross,False,asphalt,excellent
737bf298-fc9f-4c5d-a018-7e86d780b049,90b1cf16-62cd-4af2-b457-cf7e4d39b823,72c983c3-2474-401e-8edf-fc94dfce11c1,1633165197674,14.0909449,52.3545364,7.4877095,-0.07441042,-4.9359283,0.09704018,on bike mount,cyclo cross,False,asphalt,excellent
737bf298-fc9f-4c5d-a018-7e86d780b049,90b1cf16-62cd-4af2-b457-cf7e4d39b823,665807d5-86f7-41de-be40-dbbe8ef333a2,1633165197725,14.0909449,52.3545364,7.4877095,4.604398,-2.8374238,7.063113,on bike mount,cyclo cross,False,asphalt,excellent
737bf298-fc9f-4c5d-a018-7e86d780b049,90b1cf16-62cd-4af2-b457-cf7e4d39b823,8a20cb53-bddb-4d20-aac2-f5ae18687bd9,1633165197776,14.0909449,52.3545364,7.4877095,1.1763661,-3.514162,-4.71906,on bike mount,cyclo cross,False,asphalt,excellent
737bf298-fc9f-4c5d-a018-7e86d780b049,90b1cf16-62cd-4af2-b457-cf7e4d39b823,161bb83c-807f-43f1-b56d-7fe6858e34a0,1633165197826,14.0909449,52.3545364,7.4877095,-1.7430354,2.5459156,-1.5505352,on bike mount,cyclo cross,False,asphalt,excellent
737bf298-fc9f-4c5d-a018-7e86d780b049,90b1cf16-62cd-4af2-b457-cf7e4d39b823,539bd10c-42e7-451f-bc47-bc0e65365807,1633165197878,14.0909449,52.3545364,7.4877095,0.16386104,-8.252501,6.869646,on bike mount,cyclo cross,False,asphalt,excellent
737bf298-fc9f-4c5d-a018-7e86d780b049,90b1cf16-62cd-4af2-b457-cf7e4d39b823,664adc0e-8fb6-4581-acb3-8b4194aa5fb3,1633165197927,14.0909449,52.3545364,7.4877095,0.64940923,-0.8185961,6.661806,on bike mount,cyclo cross,False,asphalt,excellent
737bf298-fc9f-4c5d-a018-7e86d780b049,90b1cf16-62cd-4af2-b457-cf7e4d39b823,dd83a204-e7a3-49b1-b00e-0ba7a8484194,1633165197977,14.0909449,52.3545364,7.4877095,-0.52364177,2.8264546,2.761878,on bike mount,cyclo cross,False,asphalt,excellent
737bf298-fc9f-4c5d-a018-7e86d780b049,90b1cf16-62cd-4af2-b457-cf7e4d39b823,9e8d94cc-c719-427b-bbd5-1c6b5608dd0a,1633165198028,14.0909449,52.3545364,7.4877095,0.0066162646,7.050007,-3.8447924,on bike mount,cyclo cross,False,asphalt,excellent
737bf298-fc9f-4c5d-a018-7e86d780b049,90b1cf16-62cd-4af2-b457-cf7e4d39b823,6c20cf9d-16ee-4bb9-85b1-38e2a5fca91f,1633165198079,14.0909449,52.3545364,7.4877095,-1.8224347,-0.7569351,3.506732,on bike mount,cyclo cross,False,asphalt,excellent
737bf298-fc9f-4c5d-a018-7e86d780b049,90b1cf16-62cd-4af2-b457-cf7e4d39b823,b3045673-de19-4a61-b671-fee3de3e46e7,1633165198130,14.0909449,52.3545364,7.4877095,0.14099726,0.8293936,3.8116798,on bike mount,cyclo cross,False,asphalt,excellent
737bf298-fc9f-4c5d-a018-7e86d780b049,90b1cf16-62cd-4af2-b457-cf7e4d39b823,4d877eb6-3120-4b30-b75e-1e2c595d869a,1633165198180,14.0909449,52.3545364,7.4877095,-0.41700932,2.5756955,-4.7973943,on bike mount,cyclo cross,False,asphalt,excellent
737bf298-fc9f-4c5d-a018-7e86d780b049,90b1cf16-62cd-4af2-b457-cf7e4d39b823,201633eb-379a-4800-b0e7-d3c9af25c8d2,1633165198229,14.0909449,52.3545364,7.4877095,-0.2692613,4.8299875,-8.759907,on bike mount,cyclo cross,False,asphalt,excellent
737bf298-fc9f-4c5d-a018-7e86d780b049,90b1cf16-62cd-4af2-b457-cf7e4d39b823,7415ae35-3aeb-4585-8892-cd9caee74e6e,1633165198280,14.0909449,52.3545364,7.4877095,-0.94246876,2.0777402,2.3717842,on bike mount,cyclo cross,False,asphalt,excellent
737bf298-fc9f-4c5d-a018-7e86d780b049,90b1cf16-62cd-4af2-b457-cf7e4d39b823,3fb88fa0-6b19-4d7d-b87a-eb2c08a74151,1633165198330,14.0909449,52.3545364,7.4877095,0.66548246,-2.940549,5.147646,on bike mount,cyclo cross,False,asphalt,excellent
737bf298-fc9f-4c5d-a018-7e86d780b049,90b1cf16-62cd-4af2-b457-cf7e4d39b823,7f41011a-97ec-405b-92dc-6fce98b24362,1633165198381,14.0909449,52.3545364,7.4877095,0.73040617,-4.778951,-5.3843565,on bike mount,cyclo cross,False,asphalt,excellent
737bf298-fc9f-4c5d-a018-7e86d780b049,90b1cf16-62cd-4af2-b457-cf7e4d39b823,37cac5ba-74f5-4052-806f-d45e46c8abe6,1633165198430,14.0909449,52.3545364,7.4877095,1.4417944,-0.62995267,-0.28724957,on bike mount,cyclo cross,False,asphalt,excellent
737bf298-fc9f-4c5d-a018-7e86d780b049,90b1cf16-62cd-4af2-b457-cf7e4d39b823,cee8f9a8-8897-48bf-96b8-ccc4b0baf653,1633165198480,14.0909449,52.3545364,7.4877095,-1.3501077,-2.0611062,5.614649,on bike mount,cyclo cross,False,asphalt,excellent
737bf298-fc9f-4c5d-a018-7e86d780b049,90b1cf16-62cd-4af2-b457-cf7e4d39b823,82c5ff12-5067-4f15-9f3e-7c23916fa6d4,1633165198530,14.0909449,52.3545364,7.4877095,0.4254009,-3.9165826,4.4560146,on bike mount,cyclo cross,False,asphalt,excellent
737bf298-fc9f-4c5d-a018-7e86d780b049,90b1cf16-62cd-4af2-b457-cf7e4d39b823,c1970f44-7e3c-413e-be3a-03652bff2264,1633165198581,14.0909449,52.3545364,7.4877095,-0.07109365,-2.6795902,2.950163,on bike mount,cyclo cross,False,asphalt,excellent
737bf298-fc9f-4c5d-a018-7e86d780b049,90b1cf16-62cd-4af2-b457-cf7e4d39b823,3c1d85c4-4508-425d-96e4-0298874a7135,1633165198632,14.0909449,52.3545364,7.4877095,0.6485915,3.9710908,-2.3181486,on bike mount,cyclo cross,False,asphalt,excellent
737bf298-fc9f-4c5d-a018-7e86d780b049,90b1cf16-62cd-4af2-b457-cf7e4d39b823,b798d48a-6c9e-4172-88f3-de5b9bf09c19,1633165198692,14.0910557,52.3545231,7.548003,0.2565703,-2.3854048,3.162281,on bike mount,cyclo cross,False,asphalt,excellent
737bf298-fc9f-4c5d-a018-7e86d780b049,90b1cf16-62cd-4af2-b457-cf7e4d39b823,53b758e7-1216-46f9-943b-4ad3d7be4e63,1633165198741,14.0910557,52.3545231,7.548003,-1.8739823,0.21158099,-3.109253,on bike mount,cyclo cross,False,asphalt,excellent
737bf298-fc9f-4c5d-a018-7e86d780b049,90b1cf16-62cd-4af2-b457-cf7e4d39b823,afa71e4c-6705-4459-9029-1cb2a91442c3,1633165198791,14.0910557,52.3545231,7.548003,-1.2510998,-3.5987782,7.805025,on bike mount,cyclo cross,False,asphalt,excellent
737bf298-fc9f-4c5d-a018-7e86d780b049,90b1cf16-62cd-4af2-b457-cf7e4d39b823,6589757c-816e-487b-9b76-70015b8ea4a5,1633165198841,14.0910557,52.3545231,7.548003,1.6294549,-0.16698432,-0.16059685,on bike mount,cyclo cross,False,asphalt,excellent
737bf298-fc9f-4c5d-a018-7e86d780b049,90b1cf16-62cd-4af2-b457-cf7e4d39b823,d0ce5d4e-0d06-4dcd-9363-5778721d6732,1633165198891,14.0910557,52.3545231,7.548003,0.72841716,0.7115681,3.7986736,on bike mount,cyclo cross,False,asphalt,excellent
737bf298-fc9f-4c5d-a018-7e86d780b049,90b1cf16-62cd-4af2-b457-cf7e4d39b823,154a4af5-8859-4f13-8bd9-6aed508ca0e1,1633165198940,14.0910557,52.3545231,7.548003,0.17080544,2.4059935,1.0457382,on bike mount,cyclo cross,False,asphalt,excellent
737bf298-fc9f-4c5d-a018-7e86d780b049,90b1cf16-62cd-4af2-b457-cf7e4d39b823,efe581c5-e16c-41f6-809e-17ea7bc9339d,1633165198991,14.0910557,52.3545231,7.548003,-1.3798742,0.9802704,-1.9705038,on bike mount,cyclo cross,False,asphalt,excellent
737bf298-fc9f-4c5d-a018-7e86d780b049,90b1cf16-62cd-4af2-b457-cf7e4d39b823,d0d21386-1862-461c-a67f-59053e3b0f28,1633165199041,14.0910557,52.3545231,7.548003,-0.92687005,-0.39947963,3.8658018,on bike mount,cyclo cross,False,asphalt,excellent
737bf298-fc9f-4c5d-a018-7e86d780b049,90b1cf16-62cd-4af2-b457-cf7e4d39b823,f1749fad-5ca5-41a1-ad2d-a377bed9b273,1633165199090,14.0910557,52.3545231,7.548003,0.5890892,3.5194912,-1.6948543,on bike mount,cyclo cross,False,asphalt,excellent
737bf298-fc9f-4c5d-a018-7e86d780b049,90b1cf16-62cd-4af2-b457-cf7e4d39b823,3291b057-8068-479b-a710-7e7449cb15a7,1633165199140,14.0910557,52.3545231,7.548003,1.1806948,-0.8402953,-1.5552497,on bike mount,cyclo cross,False,asphalt,excellent
737bf298-fc9f-4c5d-a018-7e86d780b049,90b1cf16-62cd-4af2-b457-cf7e4d39b823,c7200b6c-5178-4512-a760-2d7a6ce7ef56,1633165199190,14.0910557,52.3545231,7.548003,0.9407581,-2.63961,6.4390984,on bike mount,cyclo cross,False,asphalt,excellent
737bf298-fc9f-4c5d-a018-7e86d780b049,90b1cf16-62cd-4af2-b457-cf7e4d39b823,3569f588-f8ce-48db-acc0-472a7776df25,1633165199240,14.0910557,52.3545231,7.548003,1.4437227,6.4578753,-4.2858014,on bike mount,cyclo cross,False,asphalt,excellent
737bf298-fc9f-4c5d-a018-7e86d780b049,90b1cf16-62cd-4af2-b457-cf7e4d39b823,0e66625e-4a27-4455-8b85-d62c32835d9d,1633165199290,14.0910557,52.3545231,7.548003,1.8111417,5.323247,-1.0070152,on bike mount,cyclo cross,False,asphalt,excellent
737bf298-fc9f-4c5d-a018-7e86d780b049,90b1cf16-62cd-4af2-b457-cf7e4d39b823,0342f6c4-d4b4-435c-af50-5dd218a4cd5f,1633165199340,14.0910557,52.3545231,7.548003,3.252078,0.38143873,3.3490467,on bike mount,cyclo cross,False,asphalt,excellent
737bf298-fc9f-4c5d-a018-7e86d780b049,90b1cf16-62cd-4af2-b457-cf7e4d39b823,c3fbadab-ac44-4182-bf61-710bda5240dc,1633165199390,14.0910557,52.3545231,7.548003,0.31820676,4.2829814,-7.094733,on bike mount,cyclo cross,False,asphalt,excellent
737bf298-fc9f-4c5d-a018-7e86d780b049,90b1cf16-62cd-4af2-b457-cf7e4d39b823,eae51ee7-4fed-4d88-b905-3febc67cef2b,1633165199439,14.0910557,52.3545231,7.548003,3.3369818,-9.36253,3.061245,on bike mount,cyclo cross,False,asphalt,excellent
737bf298-fc9f-4c5d-a018-7e86d780b049,90b1cf16-62cd-4af2-b457-cf7e4d39b823,9638f563-3e6e-448e-9d54-1a4506655240,1633165199488,14.0910557,52.3545231,7.548003,3.4804618,2.844049,-1.4465966,on bike mount,cyclo cross,False,asphalt,excellent
737bf298-fc9f-4c5d-a018-7e86d780b049,90b1cf16-62cd-4af2-b457-cf7e4d39b823,9499767a-e43c-41a8-b0e3-de81fa85b878,1633165199539,14.0910557,52.3545231,7.548003,-1.753959,-1.7559652,-0.5027008,on bike mount,cyclo cross,False,asphalt,excellent
737bf298-fc9f-4c5d-a018-7e86d780b049,90b1cf16-62cd-4af2-b457-cf7e4d39b823,1a67f5fb-a4b3-447b-96fa-4697215153a7,1633165199589,14.0910557,52.3545231,7.548003,-0.188505,-1.0062966,-0.67612743,on bike mount,cyclo cross,False,asphalt,excellent
737bf298-fc9f-4c5d-a018-7e86d780b049,90b1cf16-62cd-4af2-b457-cf7e4d39b823,c3e3376c-eef9-432a-8225-c42f8721eaa8,1633165199639,14.0910557,52.3545231,7.548003,0.11780763,-1.6891626,7.9347935,on bike mount,cyclo cross,False,asphalt,excellent
737bf298-fc9f-4c5d-a018-7e86d780b049,90b1cf16-62cd-4af2-b457-cf7e4d39b823,de4067f0-3ca8-48bf-acdd-0144b723ae99,1633165199689,14.091162,52.3545128,7.286716,-3.2636514,2.5789804,-1.6311445,on bike mount,cyclo cross,False,asphalt,excellent
737bf298-fc9f-4c5d-a018-7e86d780b049,90b1cf16-62cd-4af2-b457-cf7e4d39b823,239c3301-2c3c-4c39-a5cb-0d46f166aadc,1633165199739,14.091162,52.3545128,7.286716,-1.6493881,2.2266824,-2.5624104,on bike mount,cyclo cross,False,asphalt,excellent
737bf298-fc9f-4c5d-a018-7e86d780b049,90b1cf16-62cd-4af2-b457-cf7e4d39b823,af7deb1d-cbf6-4848-9645-0535f55ff337,1633165199789,14.091162,52.3545128,7.286716,0.17092669,6.619934,0.25469303,on bike mount,cyclo cross,False,asphalt,excellent
737bf298-fc9f-4c5d-a018-7e86d780b049,90b1cf16-62cd-4af2-b457-cf7e4d39b823,0a582631-7d89-4fc7-b7ee-c9898f11228e,1633165199839,14.091162,52.3545128,7.286716,-2.8352299,-2.6861553,-1.4927368,on bike mount,cyclo cross,False,asphalt,excellent
737bf298-fc9f-4c5d-a018-7e86d780b049,90b1cf16-62cd-4af2-b457-cf7e4d39b823,b452a6ad-1f73-4aff-97f9-2e42fb42cbf3,1633165199888,14.091162,52.3545128,7.286716,-1.7810178,6.0915694,-4.2216325,on bike mount,cyclo cross,False,asphalt,excellent
737bf298-fc9f-4c5d-a018-7e86d780b049,90b1cf16-62cd-4af2-b457-cf7e4d39b823,d7352f80-de60-4dd6-bbec-351f22d153fb,1633165199938,14.091162,52.3545128,7.286716,0.99806166,2.4578114,-0.5441961,on bike mount,cyclo cross,False,asphalt,excellent
737bf298-fc9f-4c5d-a018-7e86d780b049,90b1cf16-62cd-4af2-b457-cf7e4d39b823,dea3b66b-5652-4906-8736-615dea9cc88a,1633165199988,14.091162,52.3545128,7.286716,-1.4067421,-5.1298604,-4.665049,on bike mount,cyclo cross,False,asphalt,excellent
737bf298-fc9f-4c5d-a018-7e86d780b049,90b1cf16-62cd-4af2-b457-cf7e4d39b823,dc7cf5dc-d95b-407e-b99b-5f772dbfe615,1633165200039,14.091162,52.3545128,7.286716,-0.35810092,0.22808361,-3.629715,on bike mount,cyclo cross,False,asphalt,excellent
737bf298-fc9f-4c5d-a018-7e86d780b049,90b1cf16-62cd-4af2-b457-cf7e4d39b823,29b43bc2-3f23-46c7-b2d9-3ebd39490d91,1633165200089,14.091162,52.3545128,7.286716,0.14824784,-1.5012649,-4.282305,on bike mount,cyclo cross,False,asphalt,excellent
737bf298-fc9f-4c5d-a018-7e86d780b049,90b1cf16-62cd-4af2-b457-cf7e4d39b823,c6bc2ac1-2e7f-4c87-8894-fd2edf61d8d5,1633165200139,14.091162,52.3545128,7.286716,-0.4101085,-5.514636,-2.3179326,on bike mount,cyclo cross,False,asphalt,excellent
737bf298-fc9f-4c5d-a018-7e86d780b049,90b1cf16-62cd-4af2-b457-cf7e4d39b823,f60eb41d-04ee-45af-82c1-522d8b024445,1633165200189,14.091162,52.3545128,7.286716,1.7696303,-2.6739764,3.3994799,on bike mount,cyclo cross,False,asphalt,excellent
737bf298-fc9f-4c5d-a018-7e86d780b049,90b1cf16-62cd-4af2-b457-cf7e4d39b823,03b9662e-0589-4197-876f-09c9173e3408,1633165200239,14.091162,52.3545128,7.286716,0.3486346,-0.55875087,-4.2549834,on bike mount,cyclo cross,False,asphalt,excellent
737bf298-fc9f-4c5d-a018-7e86d780b049,90b1cf16-62cd-4af2-b457-cf7e4d39b823,71c74cc5-1267-415c-829e-4d07157cafb5,1633165200289,14.091162,52.3545128,7.286716,-1.2324657,-3.1377301,-3.5219026,on bike mount,cyclo cross,False,asphalt,excellent
737bf298-fc9f-4c5d-a018-7e86d780b049,90b1cf16-62cd-4af2-b457-cf7e4d39b823,d9416518-9b9e-4e84-9c9c-bd31b3490ae5,1633165200339,14.091162,52.3545128,7.286716,-1.0352864,-2.5665174,-5.230762,on bike mount,cyclo cross,False,asphalt,excellent
737bf298-fc9f-4c5d-a018-7e86d780b049,90b1cf16-62cd-4af2-b457-cf7e4d39b823,f81d60e3-c4fe-48bd-9ada-4fcc35cbb04b,1633165200389,14.091162,52.3545128,7.286716,1.4812696,-1.813576,-1.2697663,on bike mount,cyclo cross,False,asphalt,excellent
737bf298-fc9f-4c5d-a018-7e86d780b049,90b1cf16-62cd-4af2-b457-cf7e4d39b823,49b439b7-4301-4724-9f1f-00ad1a6074c8,1633165200439,14.091162,52.3545128,7.286716,-0.4858442,-4.658206,5.7400637,on bike mount,cyclo cross,False,asphalt,excellent
737bf298-fc9f-4c5d-a018-7e86d780b049,90b1cf16-62cd-4af2-b457-cf7e4d39b823,46c7b4da-7a5f-4554-96b9-93ab363e9cc9,1633165200490,14.091162,52.3545128,7.286716,-0.47209194,-0.7254809,-3.813654,on bike mount,cyclo cross,False,asphalt,excellent
737bf298-fc9f-4c5d-a018-7e86d780b049,90b1cf16-62cd-4af2-b457-cf7e4d39b823,2eef41c6-73a3-428c-9fa9-93eebcb9a49d,1633165200539,14.091162,52.3545128,7.286716,-1.6211808,-1.4263147,4.5271006,on bike mount,cyclo cross,False,asphalt,excellent
737bf298-fc9f-4c5d-a018-7e86d780b049,90b1cf16-62cd-4af2-b457-cf7e4d39b823,07ff5db9-2a67-48f4-b13e-94c598236b96,1633165200589,14.091162,52.3545128,7.286716,-0.44340712,3.5924406,0.7751112,on bike mount,cyclo cross,False,asphalt,excellent
737bf298-fc9f-4c5d-a018-7e86d780b049,90b1cf16-62cd-4af2-b457-cf7e4d39b823,9f5ae541-a3e6-4e67-9a3f-6d5131fc5d33,1633165200639,14.091162,52.3545128,7.286716,-1.5771064,-1.0911462,2.817152,on bike mount,cyclo cross,False,asphalt,excellent
737bf298-fc9f-4c5d-a018-7e86d780b049,90b1cf16-62cd-4af2-b457-cf7e4d39b823,3b6fd583-6949-4e0a-969a-53ea02abd36b,1633165200689,14.0912713,52.3545053,7.5318856,2.8764403,-2.9356804,5.8639336,on bike mount,cyclo cross,False,asphalt,excellent
737bf298-fc9f-4c5d-a018-7e86d780b049,90b1cf16-62cd-4af2-b457-cf7e4d39b823,37722703-b392-49ce-a229-cedae982413c,1633165200740,14.0912713,52.3545053,7.5318856,1.4760014,1.3214121,-0.15978432,on bike mount,cyclo cross,False,asphalt,excellent
737bf298-fc9f-4c5d-a018-7e86d780b049,90b1cf16-62cd-4af2-b457-cf7e4d39b823,b7c66a17-8c64-4d21-b17e-bd9cfadc6fce,1633165200789,14.0912713,52.3545053,7.5318856,0.35584795,-0.037107944,3.532116,on bike mount,cyclo cross,False,asphalt,excellent
737bf298-fc9f-4c5d-a018-7e86d780b049,90b1cf16-62cd-4af2-b457-cf7e4d39b823,141d9a61-0567-4091-be8d-6ba67a56f410,1633165200840,14.0912713,52.3545053,7.5318856,1.6094873,-1.2425735,-5.852642,on bike mount,cyclo cross,False,asphalt,excellent
737bf298-fc9f-4c5d-a018-7e86d780b049,90b1cf16-62cd-4af2-b457-cf7e4d39b823,95916308-df06-4195-9005-a8cd598ef451,1633165200890,14.0912713,52.3545053,7.5318856,-2.9161537,-3.4456618,1.9094954,on bike mount,cyclo cross,False,asphalt,excellent
