bike_activity_uid,bike_activity_sample_uid,bike_activity_measurement,bike_activity_measurement_timestamp,bike_activity_measurement_lon,bike_activity_measurement_lat,bike_activity_measurement_speed,bike_activity_measurement_accelerometer_x,bike_activity_measurement_accelerometer_y,bike_activity_measurement_accelerometer_z,bike_activity_phone_position,bike_activity_bike_type,bike_activity_flagged_lab_conditions,bike_activity_surface_type,bike_activity_smoothness_type
768543b5-6c7f-4de3-ac4c-5b219cdaeb8a,bc254810-bbf2-4a9c-ad1f-06f4197ec463,7e0dd74e-cbbe-467c-a31e-b607af872689,1643974067371,13.3976046,52.4726268,5.890106,1.0967032,1.8518295,-1.6707397,on bike mount,cyclo cross,True,paving stones,good
768543b5-6c7f-4de3-ac4c-5b219cdaeb8a,bc254810-bbf2-4a9c-ad1f-06f4197ec463,b57cc653-0d62-466c-8139-36af2e1bce79,1643974067425,13.3976046,52.4726268,5.890106,0.7777179,1.111639,-0.01796627,on bike mount,cyclo cross,True,paving stones,good
768543b5-6c7f-4de3-ac4c-5b219cdaeb8a,bc254810-bbf2-4a9c-ad1f-06f4197ec463,9044bd48-b564-41a8-a6d1-db1c6b6ab60a,1643974067481,13.3976046,52.4726268,5.890106,-0.55397177,0.09786463,-3.0640063,on bike mount,cyclo cross,True,paving stones,good
768543b5-6c7f-4de3-ac4c-5b219cdaeb8a,bc254810-bbf2-4a9c-ad1f-06f4197ec463,cd10d873-ae97-4c52-9673-77cb59094a13,1643974067536,13.3976046,52.4726268,5.890106,-0.14671889,2.2117257,-0.72258663,on bike mount,cyclo cross,True,paving stones,good
768543b5-6c7f-4de3-ac4c-5b219cdaeb8a,bc254810-bbf2-4a9c-ad1f-06f4197ec463,80eababb-f4f0-4b52-adff-38b72486ac24,1643974067591,13.3976046,52.4726268,5.890106,0.16542345,-2.20768,3.2339983,on bike mount,cyclo cross,True,paving stones,good
768543b5-6c7f-4de3-ac4c-5b219cdaeb8a,bc254810-bbf2-4a9c-ad1f-06f4197ec463,c6150a0b-0b90-45a7-8360-bda170f48941,1643974067647,13.3976046,52.4726268,5.890106,0.007383913,-1.5125443,-0.8021784,on bike mount,cyclo cross,True,paving stones,good
768543b5-6c7f-4de3-ac4c-5b219cdaeb8a,bc254810-bbf2-4a9c-ad1f-06f4197ec463,4ec62914-8cb7-47a5-ba06-fc7435b61041,1643974067702,13.3976046,52.4726268,5.890106,0.74496895,-1.0497804,1.64884,on bike mount,cyclo cross,True,paving stones,good
768543b5-6c7f-4de3-ac4c-5b219cdaeb8a,bc254810-bbf2-4a9c-ad1f-06f4197ec463,977e647f-4d86-4179-821a-cd9448d3caa0,1643974067759,13.3976046,52.4726268,5.890106,-1.4356122,-1.8054328,2.778264,on bike mount,cyclo cross,True,paving stones,good
768543b5-6c7f-4de3-ac4c-5b219cdaeb8a,bc254810-bbf2-4a9c-ad1f-06f4197ec463,4ee64d21-f6a4-4de9-8c40-b4232b37a2c7,1643974067817,13.3975358,52.4726581,5.7735925,0.53504264,0.29449153,-3.1989927,on bike mount,cyclo cross,True,paving stones,good
768543b5-6c7f-4de3-ac4c-5b219cdaeb8a,bc254810-bbf2-4a9c-ad1f-06f4197ec463,b6ea9f2e-1114-461a-9659-334928f02945,1643974067870,13.3975358,52.4726581,5.7735925,-0.5639284,-1.2276987,-0.093250275,on bike mount,cyclo cross,True,paving stones,good
768543b5-6c7f-4de3-ac4c-5b219cdaeb8a,bc254810-bbf2-4a9c-ad1f-06f4197ec463,ae25f393-f1bb-4c2e-8bf8-35b3dc7ec614,1643974067925,13.3975358,52.4726581,5.7735925,-0.14051282,2.338222,3.0457478,on bike mount,cyclo cross,True,paving stones,good
768543b5-6c7f-4de3-ac4c-5b219cdaeb8a,bc254810-bbf2-4a9c-ad1f-06f4197ec463,6b684eb9-e5ec-4f39-b2e2-87f6388a77a0,1643974067981,13.3975358,52.4726581,5.7735925,0.25220987,-0.01920247,-0.9042001,on bike mount,cyclo cross,True,paving stones,good
768543b5-6c7f-4de3-ac4c-5b219cdaeb8a,bc254810-bbf2-4a9c-ad1f-06f4197ec463,bdeed011-40aa-49a2-a0c5-a23ca0f41e1c,1643974068038,13.3975358,52.4726581,5.7735925,-0.28827855,-0.15775847,2.3912992,on bike mount,cyclo cross,True,paving stones,good
768543b5-6c7f-4de3-ac4c-5b219cdaeb8a,bc254810-bbf2-4a9c-ad1f-06f4197ec463,8a77a34a-707f-4aa3-ba99-3d005124299c,1643974068095,13.3975358,52.4726581,5.7735925,0.43995872,2.3423347,1.0376873,on bike mount,cyclo cross,True,paving stones,good
768543b5-6c7f-4de3-ac4c-5b219cdaeb8a,bc254810-bbf2-4a9c-ad1f-06f4197ec463,a36336e0-f6a3-4ab2-8b43-82fe05adce8a,1643974068148,13.3975358,52.4726581,5.7735925,0.8186688,-0.20297313,2.2931604,on bike mount,cyclo cross,True,paving stones,good
768543b5-6c7f-4de3-ac4c-5b219cdaeb8a,bc254810-bbf2-4a9c-ad1f-06f4197ec463,5153b69e-22b3-4360-a6c7-4110633f9908,1643974068202,13.3975358,52.4726581,5.7735925,0.013868471,-1.8207448,-0.49931812,on bike mount,cyclo cross,True,paving stones,good
768543b5-6c7f-4de3-ac4c-5b219cdaeb8a,bc254810-bbf2-4a9c-ad1f-06f4197ec463,c8fb32c1-d5aa-4f96-95df-078c2f6e36cd,1643974068259,13.3975358,52.4726581,5.7735925,0.6031325,-0.6858647,-0.7092562,on bike mount,cyclo cross,True,paving stones,good
768543b5-6c7f-4de3-ac4c-5b219cdaeb8a,bc254810-bbf2-4a9c-ad1f-06f4197ec463,1b49bd16-87b7-48cb-8234-0f87ad80565e,1643974068315,13.3975358,52.4726581,5.7735925,-0.28039607,0.23286676,-0.007119179,on bike mount,cyclo cross,True,paving stones,good
768543b5-6c7f-4de3-ac4c-5b219cdaeb8a,bc254810-bbf2-4a9c-ad1f-06f4197ec463,201c867a-94d6-452c-9114-32733ff5eb93,1643974068370,13.3975358,52.4726581,5.7735925,-0.90403575,-0.49295235,1.3265381,on bike mount,cyclo cross,True,paving stones,good
768543b5-6c7f-4de3-ac4c-5b219cdaeb8a,bc254810-bbf2-4a9c-ad1f-06f4197ec463,0d66f245-cd34-442a-afea-e1b932c38441,1643974068426,13.3975358,52.4726581,5.7735925,-0.15937752,-1.3342139,1.5289011,on bike mount,cyclo cross,True,paving stones,good
768543b5-6c7f-4de3-ac4c-5b219cdaeb8a,bc254810-bbf2-4a9c-ad1f-06f4197ec463,9fc768ad-345c-48fa-a57e-c970a8a798bb,1643974068480,13.3975358,52.4726581,5.7735925,-0.35174894,-0.5427561,1.9046125,on bike mount,cyclo cross,True,paving stones,good
768543b5-6c7f-4de3-ac4c-5b219cdaeb8a,bc254810-bbf2-4a9c-ad1f-06f4197ec463,5bd61551-051b-4baa-aabe-12194cc7a836,1643974068536,13.3975358,52.4726581,5.7735925,0.14267609,0.022377253,0.062145233,on bike mount,cyclo cross,True,paving stones,good
768543b5-6c7f-4de3-ac4c-5b219cdaeb8a,bc254810-bbf2-4a9c-ad1f-06f4197ec463,7880f540-1148-41c2-93e0-1e3a47dbaae9,1643974068591,13.3975358,52.4726581,5.7735925,0.02655831,-0.34869337,-0.98741245,on bike mount,cyclo cross,True,paving stones,good
768543b5-6c7f-4de3-ac4c-5b219cdaeb8a,bc254810-bbf2-4a9c-ad1f-06f4197ec463,5fa93899-c2ec-44fd-83ab-4153315b585f,1643974068652,13.3975358,52.4726581,5.7735925,0.846766,2.7194364,-4.9727755,on bike mount,cyclo cross,True,paving stones,good
768543b5-6c7f-4de3-ac4c-5b219cdaeb8a,bc254810-bbf2-4a9c-ad1f-06f4197ec463,c8b0402c-a437-4a45-9df3-cf2c557ef9c9,1643974068703,13.3975358,52.4726581,5.7735925,-0.6019625,-0.73947406,-0.010655403,on bike mount,cyclo cross,True,paving stones,good
768543b5-6c7f-4de3-ac4c-5b219cdaeb8a,bc254810-bbf2-4a9c-ad1f-06f4197ec463,48686408-3d34-4bc5-8dc5-27f387142bb3,1643974068758,13.3975358,52.4726581,5.7735925,-0.085308,-0.35644865,0.4019642,on bike mount,cyclo cross,True,paving stones,good
768543b5-6c7f-4de3-ac4c-5b219cdaeb8a,bc254810-bbf2-4a9c-ad1f-06f4197ec463,a3a83765-e6e5-41ce-9810-a39165563655,1643974068815,13.3974669,52.4726886,5.7600155,1.4129492,-4.259068,0.26963615,on bike mount,cyclo cross,True,paving stones,good
768543b5-6c7f-4de3-ac4c-5b219cdaeb8a,bc254810-bbf2-4a9c-ad1f-06f4197ec463,65a1b079-8c6e-45dc-83ca-e2ce5cfd3396,1643974068869,13.3974669,52.4726886,5.7600155,0.57003397,-0.3034308,2.0132418,on bike mount,cyclo cross,True,paving stones,good
768543b5-6c7f-4de3-ac4c-5b219cdaeb8a,bc254810-bbf2-4a9c-ad1f-06f4197ec463,9a341fb4-7358-4408-8c1b-3ce3e1cf6184,1643974068925,13.3974669,52.4726886,5.7600155,-0.087351754,0.5613513,1.116746,on bike mount,cyclo cross,True,paving stones,good
768543b5-6c7f-4de3-ac4c-5b219cdaeb8a,bc254810-bbf2-4a9c-ad1f-06f4197ec463,b19d5e50-751e-47a4-b67d-cfd03f5be361,1643974068981,13.3974669,52.4726886,5.7600155,1.0180676,-1.4203182,0.29455185,on bike mount,cyclo cross,True,paving stones,good
768543b5-6c7f-4de3-ac4c-5b219cdaeb8a,bc254810-bbf2-4a9c-ad1f-06f4197ec463,9fc17691-d4c1-42ce-b6d1-140d4dd4ecfc,1643974069036,13.3974669,52.4726886,5.7600155,-0.38623297,1.4929934,0.3033905,on bike mount,cyclo cross,True,paving stones,good
768543b5-6c7f-4de3-ac4c-5b219cdaeb8a,bc254810-bbf2-4a9c-ad1f-06f4197ec463,ae0b9409-e528-4048-b59b-1830a436e842,1643974069092,13.3974669,52.4726886,5.7600155,-1.924323,-1.9415972,-0.4224844,on bike mount,cyclo cross,True,paving stones,good
768543b5-6c7f-4de3-ac4c-5b219cdaeb8a,bc254810-bbf2-4a9c-ad1f-06f4197ec463,3d140970-4077-4cfc-89d0-293a036d71a0,1643974069149,13.3974669,52.4726886,5.7600155,0.42846602,1.1983261,4.687459,on bike mount,cyclo cross,True,paving stones,good
768543b5-6c7f-4de3-ac4c-5b219cdaeb8a,bc254810-bbf2-4a9c-ad1f-06f4197ec463,cb35af67-8efe-4eb2-8671-1561619fe95e,1643974069203,13.3974669,52.4726886,5.7600155,-0.75261533,-3.0960722,-2.2497249,on bike mount,cyclo cross,True,paving stones,good
768543b5-6c7f-4de3-ac4c-5b219cdaeb8a,bc254810-bbf2-4a9c-ad1f-06f4197ec463,f2d94783-dd09-41c9-b1d3-e09b35069851,1643974069258,13.3974669,52.4726886,5.7600155,0.5567781,-0.68232536,0.3618698,on bike mount,cyclo cross,True,paving stones,good
768543b5-6c7f-4de3-ac4c-5b219cdaeb8a,bc254810-bbf2-4a9c-ad1f-06f4197ec463,39b3bcf4-77b4-4ca3-9b64-ec0502683c2e,1643974069317,13.3974669,52.4726886,5.7600155,0.19539326,2.453805,-1.4392934,on bike mount,cyclo cross,True,paving stones,good
768543b5-6c7f-4de3-ac4c-5b219cdaeb8a,bc254810-bbf2-4a9c-ad1f-06f4197ec463,5a053ee1-ca3c-4aaa-8fed-210266024fbb,1643974069371,13.3974669,52.4726886,5.7600155,0.044915795,-0.78713393,-2.1788535,on bike mount,cyclo cross,True,paving stones,good
768543b5-6c7f-4de3-ac4c-5b219cdaeb8a,bc254810-bbf2-4a9c-ad1f-06f4197ec463,efd4188e-1cc5-4bd1-a043-e6db51d36dd2,1643974069425,13.3974669,52.4726886,5.7600155,0.743135,0.64128685,1.584466,on bike mount,cyclo cross,True,paving stones,good
768543b5-6c7f-4de3-ac4c-5b219cdaeb8a,bc254810-bbf2-4a9c-ad1f-06f4197ec463,c7fbedf7-4892-435b-893f-04d39cd35dc9,1643974069481,13.3974669,52.4726886,5.7600155,-0.8094482,1.788898,0.34501648,on bike mount,cyclo cross,True,paving stones,good
768543b5-6c7f-4de3-ac4c-5b219cdaeb8a,bc254810-bbf2-4a9c-ad1f-06f4197ec463,ebd31d1d-c8eb-46ce-960d-9e8b1cbef73e,1643974069537,13.3974669,52.4726886,5.7600155,-0.10658522,0.79791284,-2.0648985,on bike mount,cyclo cross,True,paving stones,good
768543b5-6c7f-4de3-ac4c-5b219cdaeb8a,bc254810-bbf2-4a9c-ad1f-06f4197ec463,7e9606c2-a1b1-407c-a2dc-79bafdb0ca3b,1643974069594,13.3974669,52.4726886,5.7600155,0.056980506,-1.5249287,1.3556957,on bike mount,cyclo cross,True,paving stones,good
768543b5-6c7f-4de3-ac4c-5b219cdaeb8a,bc254810-bbf2-4a9c-ad1f-06f4197ec463,d756d149-ecd9-4a5b-959c-27c476488ef8,1643974069649,13.3974669,52.4726886,5.7600155,0.41573578,-1.3995868,2.2019691,on bike mount,cyclo cross,True,paving stones,good
768543b5-6c7f-4de3-ac4c-5b219cdaeb8a,bc254810-bbf2-4a9c-ad1f-06f4197ec463,ff25d03a-d849-491c-9b48-33c99b9975cc,1643974069702,13.3974669,52.4726886,5.7600155,0.21241859,-3.4376683,-1.2497177,on bike mount,cyclo cross,True,paving stones,good
768543b5-6c7f-4de3-ac4c-5b219cdaeb8a,bc254810-bbf2-4a9c-ad1f-06f4197ec463,3dce34b4-5535-4ac0-b8b4-c1896f5f3d1b,1643974069759,13.3974669,52.4726886,5.7600155,0.7435946,-1.796575,-1.158658,on bike mount,cyclo cross,True,paving stones,good
768543b5-6c7f-4de3-ac4c-5b219cdaeb8a,bc254810-bbf2-4a9c-ad1f-06f4197ec463,600a4a58-d6af-4242-93da-81f72ae9e5a4,1643974069811,13.3973964,52.4727195,5.7817736,-0.85562587,1.9266019,0.65164375,on bike mount,cyclo cross,True,paving stones,good
768543b5-6c7f-4de3-ac4c-5b219cdaeb8a,bc254810-bbf2-4a9c-ad1f-06f4197ec463,0d575646-8680-4769-a733-645b22a66fd7,1643974069872,13.3973964,52.4727195,5.7817736,0.9108327,-0.63698196,1.3075409,on bike mount,cyclo cross,True,paving stones,good
768543b5-6c7f-4de3-ac4c-5b219cdaeb8a,bc254810-bbf2-4a9c-ad1f-06f4197ec463,117864d4-569e-4aef-9e55-2255477ea881,1643974069925,13.3973964,52.4727195,5.7817736,2.8007276,-0.894891,-0.18786049,on bike mount,cyclo cross,True,paving stones,good
768543b5-6c7f-4de3-ac4c-5b219cdaeb8a,bc254810-bbf2-4a9c-ad1f-06f4197ec463,94bd39ff-c35e-4ed0-b150-39635537e08c,1643974069980,13.3973964,52.4727195,5.7817736,-0.22765806,0.25577664,-0.7387886,on bike mount,cyclo cross,True,paving stones,good
768543b5-6c7f-4de3-ac4c-5b219cdaeb8a,bc254810-bbf2-4a9c-ad1f-06f4197ec463,c71b9a74-4113-4a2a-890c-8c629ec24b8e,1643974070037,13.3973964,52.4727195,5.7817736,-0.24400902,-3.8776042,-0.49780083,on bike mount,cyclo cross,True,paving stones,good
768543b5-6c7f-4de3-ac4c-5b219cdaeb8a,bc254810-bbf2-4a9c-ad1f-06f4197ec463,da5c23e5-c1c9-488b-ab27-28abd6a08362,1643974070092,13.3973964,52.4727195,5.7817736,0.43992835,-2.4114604,4.0789795,on bike mount,cyclo cross,True,paving stones,good
768543b5-6c7f-4de3-ac4c-5b219cdaeb8a,bc254810-bbf2-4a9c-ad1f-06f4197ec463,36299b07-ea35-4f3a-b490-d5ccba677db6,1643974070148,13.3973964,52.4727195,5.7817736,0.0084968805,0.61413264,0.16181183,on bike mount,cyclo cross,True,paving stones,good
768543b5-6c7f-4de3-ac4c-5b219cdaeb8a,bc254810-bbf2-4a9c-ad1f-06f4197ec463,8654b927-a352-47c1-92dd-a890a9319672,1643974070202,13.3973964,52.4727195,5.7817736,-0.2182046,1.032311,-0.66529465,on bike mount,cyclo cross,True,paving stones,good
768543b5-6c7f-4de3-ac4c-5b219cdaeb8a,bc254810-bbf2-4a9c-ad1f-06f4197ec463,f359fcea-809b-44bd-8fb4-958f657b4db5,1643974070260,13.3973964,52.4727195,5.7817736,0.8857457,3.0804808,0.5879698,on bike mount,cyclo cross,True,paving stones,good
768543b5-6c7f-4de3-ac4c-5b219cdaeb8a,bc254810-bbf2-4a9c-ad1f-06f4197ec463,59d95fe9-b13e-4b7b-bfb1-127078169930,1643974070314,13.3973964,52.4727195,5.7817736,-0.29305983,-2.9290044,-1.4160919,on bike mount,cyclo cross,True,paving stones,good
768543b5-6c7f-4de3-ac4c-5b219cdaeb8a,bc254810-bbf2-4a9c-ad1f-06f4197ec463,f87ab736-e28f-448e-9810-4a671d578852,1643974070369,13.3973964,52.4727195,5.7817736,-0.84651613,1.4454484,-1.5358706,on bike mount,cyclo cross,True,paving stones,good
768543b5-6c7f-4de3-ac4c-5b219cdaeb8a,bc254810-bbf2-4a9c-ad1f-06f4197ec463,f4bcf7bd-e8d8-45ac-bea3-21ced556a6ae,1643974070425,13.3973964,52.4727195,5.7817736,-1.2931454,-0.19375491,0.9328308,on bike mount,cyclo cross,True,paving stones,good
768543b5-6c7f-4de3-ac4c-5b219cdaeb8a,bc254810-bbf2-4a9c-ad1f-06f4197ec463,2158bd0a-57cc-4627-b3d7-dc2ae023754e,1643974070480,13.3973964,52.4727195,5.7817736,-0.44008088,-1.6062883,-0.020329475,on bike mount,cyclo cross,True,paving stones,good
768543b5-6c7f-4de3-ac4c-5b219cdaeb8a,bc254810-bbf2-4a9c-ad1f-06f4197ec463,55fed823-e3ef-4a13-885e-ccfda0522bbb,1643974070536,13.3973964,52.4727195,5.7817736,-0.7972485,-1.0531899,-0.04632759,on bike mount,cyclo cross,True,paving stones,good
768543b5-6c7f-4de3-ac4c-5b219cdaeb8a,bc254810-bbf2-4a9c-ad1f-06f4197ec463,3f5794f2-e716-4994-9f2b-9a220bbde57a,1643974070592,13.3973964,52.4727195,5.7817736,0.044050336,2.1516228,1.5575418,on bike mount,cyclo cross,True,paving stones,good
768543b5-6c7f-4de3-ac4c-5b219cdaeb8a,bc254810-bbf2-4a9c-ad1f-06f4197ec463,472cb488-acf6-4bc5-a839-c22a4564919b,1643974070650,13.3973964,52.4727195,5.7817736,1.2215672,1.4772053,-0.5938873,on bike mount,cyclo cross,True,paving stones,good
768543b5-6c7f-4de3-ac4c-5b219cdaeb8a,bc254810-bbf2-4a9c-ad1f-06f4197ec463,3923a3ce-5e0f-42cd-b5d3-f88f94a284b4,1643974070703,13.3973964,52.4727195,5.7817736,-1.1267018,-0.3010404,2.2708893,on bike mount,cyclo cross,True,paving stones,good
768543b5-6c7f-4de3-ac4c-5b219cdaeb8a,bc254810-bbf2-4a9c-ad1f-06f4197ec463,cf4b7d62-2ce0-4d4c-9209-f60061d52bbf,1643974070758,13.3973964,52.4727195,5.7817736,0.87741464,-0.3212664,-2.8932028,on bike mount,cyclo cross,True,paving stones,good
768543b5-6c7f-4de3-ac4c-5b219cdaeb8a,bc254810-bbf2-4a9c-ad1f-06f4197ec463,c8b3936c-a744-4e2e-b359-ed7d71849b76,1643974070817,13.3973259,52.4727508,5.8007417,0.44440895,-1.7029133,-0.7253885,on bike mount,cyclo cross,True,paving stones,good
768543b5-6c7f-4de3-ac4c-5b219cdaeb8a,bc254810-bbf2-4a9c-ad1f-06f4197ec463,bfc6f30a-6be8-4389-8e4a-a7e3a6bb63ae,1643974070870,13.3973259,52.4727508,5.8007417,-0.43734753,-0.11073661,4.191596,on bike mount,cyclo cross,True,paving stones,good
768543b5-6c7f-4de3-ac4c-5b219cdaeb8a,bc254810-bbf2-4a9c-ad1f-06f4197ec463,143e4daa-0efb-44e8-b442-b96f2ed5126b,1643974070926,13.3973259,52.4727508,5.8007417,-0.013029993,0.15198636,1.0982857,on bike mount,cyclo cross,True,paving stones,good
768543b5-6c7f-4de3-ac4c-5b219cdaeb8a,bc254810-bbf2-4a9c-ad1f-06f4197ec463,af288f35-439e-4df6-ab7a-cdfe7cf4380e,1643974070981,13.3973259,52.4727508,5.8007417,0.068641126,-0.29649472,1.4128714,on bike mount,cyclo cross,True,paving stones,good
768543b5-6c7f-4de3-ac4c-5b219cdaeb8a,bc254810-bbf2-4a9c-ad1f-06f4197ec463,bbbb018b-2ab9-4037-921e-a75db852f53d,1643974071038,13.3973259,52.4727508,5.8007417,-2.7556903,2.5008402,-2.449812,on bike mount,cyclo cross,True,paving stones,good
768543b5-6c7f-4de3-ac4c-5b219cdaeb8a,bc254810-bbf2-4a9c-ad1f-06f4197ec463,a9843ece-f965-4f3d-b134-1810d55f28e4,1643974071094,13.3973259,52.4727508,5.8007417,1.0220202,1.5987365,2.0573893,on bike mount,cyclo cross,True,paving stones,good
768543b5-6c7f-4de3-ac4c-5b219cdaeb8a,bc254810-bbf2-4a9c-ad1f-06f4197ec463,5e39fec4-4fe9-45ca-aa3a-7d8b2c35368c,1643974071149,13.3973259,52.4727508,5.8007417,1.7919905,-0.9779949,-1.3532162,on bike mount,cyclo cross,True,paving stones,good
768543b5-6c7f-4de3-ac4c-5b219cdaeb8a,bc254810-bbf2-4a9c-ad1f-06f4197ec463,ff0dd96f-8fc4-4861-a21d-19426aa69ac6,1643974071205,13.3973259,52.4727508,5.8007417,-0.83991724,-2.7429597,1.2410936,on bike mount,cyclo cross,True,paving stones,good
768543b5-6c7f-4de3-ac4c-5b219cdaeb8a,bc254810-bbf2-4a9c-ad1f-06f4197ec463,f1d467ff-67e0-4420-9e2b-3301ee6171f4,1643974071259,13.3973259,52.4727508,5.8007417,-3.3139489,3.3881845,-0.8089285,on bike mount,cyclo cross,True,paving stones,good
768543b5-6c7f-4de3-ac4c-5b219cdaeb8a,bc254810-bbf2-4a9c-ad1f-06f4197ec463,c13e9e96-c42c-4e57-bd0d-678b983fae7d,1643974071313,13.3973259,52.4727508,5.8007417,-1.5404902,-0.8412483,0.94353867,on bike mount,cyclo cross,True,paving stones,good
768543b5-6c7f-4de3-ac4c-5b219cdaeb8a,bc254810-bbf2-4a9c-ad1f-06f4197ec463,ecccf47f-fb7c-4f30-843f-6091027855f5,1643974071368,13.3973259,52.4727508,5.8007417,0.7505102,0.8253889,1.2053261,on bike mount,cyclo cross,True,paving stones,good
768543b5-6c7f-4de3-ac4c-5b219cdaeb8a,bc254810-bbf2-4a9c-ad1f-06f4197ec463,ca0fae91-daaa-4900-9f84-d150c114af37,1643974071426,13.3973259,52.4727508,5.8007417,-0.93895,-0.70588446,-0.5446377,on bike mount,cyclo cross,True,paving stones,good
768543b5-6c7f-4de3-ac4c-5b219cdaeb8a,bc254810-bbf2-4a9c-ad1f-06f4197ec463,dbbe64ef-3819-416c-8396-32cced81c268,1643974071480,13.3973259,52.4727508,5.8007417,-0.77897024,-1.4574604,0.011433601,on bike mount,cyclo cross,True,paving stones,good
768543b5-6c7f-4de3-ac4c-5b219cdaeb8a,bc254810-bbf2-4a9c-ad1f-06f4197ec463,22bb4ab1-797f-48fd-8ac5-ec23b269f9b3,1643974071539,13.3973259,52.4727508,5.8007417,0.83316207,-1.7435993,-0.57069397,on bike mount,cyclo cross,True,paving stones,good
768543b5-6c7f-4de3-ac4c-5b219cdaeb8a,bc254810-bbf2-4a9c-ad1f-06f4197ec463,dbbf0e10-7e39-411b-aa24-d4c847abfcd3,1643974071591,13.3973259,52.4727508,5.8007417,-0.785099,-1.2735808,2.8761988,on bike mount,cyclo cross,True,paving stones,good
768543b5-6c7f-4de3-ac4c-5b219cdaeb8a,bc254810-bbf2-4a9c-ad1f-06f4197ec463,4cc4663e-ded1-40f9-b116-2635b7617e35,1643974071648,13.3973259,52.4727508,5.8007417,0.76023054,2.4735613,1.1263027,on bike mount,cyclo cross,True,paving stones,good
768543b5-6c7f-4de3-ac4c-5b219cdaeb8a,bc254810-bbf2-4a9c-ad1f-06f4197ec463,38376aeb-f24e-46f0-b136-692daa8b8fa4,1643974071704,13.3973259,52.4727508,5.8007417,-0.18705757,-1.007563,-2.8133545,on bike mount,cyclo cross,True,paving stones,good
768543b5-6c7f-4de3-ac4c-5b219cdaeb8a,bc254810-bbf2-4a9c-ad1f-06f4197ec463,776d99e9-bc44-4f3e-8899-5e56311e57e1,1643974071759,13.3973259,52.4727508,5.8007417,-0.75210774,1.3475661,-0.16768742,on bike mount,cyclo cross,True,paving stones,good
768543b5-6c7f-4de3-ac4c-5b219cdaeb8a,bc254810-bbf2-4a9c-ad1f-06f4197ec463,c8c488af-ea12-4a6d-a84a-ac3431261753,1643974071817,13.3972563,52.4727814,5.77156,-0.28204674,4.519286,-5.790531,on bike mount,cyclo cross,True,paving stones,good
768543b5-6c7f-4de3-ac4c-5b219cdaeb8a,bc254810-bbf2-4a9c-ad1f-06f4197ec463,f1dd8201-d999-4446-b1cc-247e083d0e89,1643974071869,13.3972563,52.4727814,5.77156,0.5061254,-0.8753158,3.1762056,on bike mount,cyclo cross,True,paving stones,good
768543b5-6c7f-4de3-ac4c-5b219cdaeb8a,bc254810-bbf2-4a9c-ad1f-06f4197ec463,115232f6-2a15-4890-858a-f8771834d3ac,1643974071925,13.3972563,52.4727814,5.77156,0.17943001,-0.96422696,-4.9711246,on bike mount,cyclo cross,True,paving stones,good
768543b5-6c7f-4de3-ac4c-5b219cdaeb8a,bc254810-bbf2-4a9c-ad1f-06f4197ec463,4ed6e8e5-4282-4ea0-8c43-2c47b72bb220,1643974071980,13.3972563,52.4727814,5.77156,0.039010525,3.1315374,1.5744181,on bike mount,cyclo cross,True,paving stones,good
768543b5-6c7f-4de3-ac4c-5b219cdaeb8a,bc254810-bbf2-4a9c-ad1f-06f4197ec463,bd9dd94f-6445-419e-8f22-eaca5061ff72,1643974072035,13.3972563,52.4727814,5.77156,-0.31263846,3.3477836,3.5769987,on bike mount,cyclo cross,True,paving stones,good
768543b5-6c7f-4de3-ac4c-5b219cdaeb8a,bc254810-bbf2-4a9c-ad1f-06f4197ec463,d329bef2-12b9-48fe-ab7a-158f2ef4ea9a,1643974072093,13.3972563,52.4727814,5.77156,1.1632943,2.8099713,1.18326,on bike mount,cyclo cross,True,paving stones,good
768543b5-6c7f-4de3-ac4c-5b219cdaeb8a,bc254810-bbf2-4a9c-ad1f-06f4197ec463,73fe1649-4fbf-46de-9477-4a717a87da7e,1643974072148,13.3972563,52.4727814,5.77156,-0.66588426,3.251588,-0.7284107,on bike mount,cyclo cross,True,paving stones,good
768543b5-6c7f-4de3-ac4c-5b219cdaeb8a,bc254810-bbf2-4a9c-ad1f-06f4197ec463,aef42cfd-d602-4ce8-a8fe-61d93d6f3645,1643974072202,13.3972563,52.4727814,5.77156,-0.8111781,-0.3478577,0.555253,on bike mount,cyclo cross,True,paving stones,good
768543b5-6c7f-4de3-ac4c-5b219cdaeb8a,bc254810-bbf2-4a9c-ad1f-06f4197ec463,98ec9e66-6e79-4eb2-8140-a098cd6458f7,1643974072258,13.3972563,52.4727814,5.77156,-0.015227318,-1.4885995,-4.5778723,on bike mount,cyclo cross,True,paving stones,good
768543b5-6c7f-4de3-ac4c-5b219cdaeb8a,bc254810-bbf2-4a9c-ad1f-06f4197ec463,34f26571-a4d3-475a-8bb0-5603ef88731c,1643974072313,13.3972563,52.4727814,5.77156,-0.28475475,0.83613443,1.7350006,on bike mount,cyclo cross,True,paving stones,good
768543b5-6c7f-4de3-ac4c-5b219cdaeb8a,bc254810-bbf2-4a9c-ad1f-06f4197ec463,cd78844e-aee5-40d2-8094-c0f694bb841a,1643974072371,13.3972563,52.4727814,5.77156,0.019987822,-0.8378091,0.63075733,on bike mount,cyclo cross,True,paving stones,good
768543b5-6c7f-4de3-ac4c-5b219cdaeb8a,bc254810-bbf2-4a9c-ad1f-06f4197ec463,f1ad533d-7c0f-4b4a-afde-42288f61f8bf,1643974072426,13.3972563,52.4727814,5.77156,-0.14362144,-1.0681713,-0.1816473,on bike mount,cyclo cross,True,paving stones,good
768543b5-6c7f-4de3-ac4c-5b219cdaeb8a,bc254810-bbf2-4a9c-ad1f-06f4197ec463,b88fed33-37b5-4f7f-9f3b-576f3dda59e9,1643974072482,13.3972563,52.4727814,5.77156,-1.3887671,-0.67345476,8.000685,on bike mount,cyclo cross,True,paving stones,good
768543b5-6c7f-4de3-ac4c-5b219cdaeb8a,bc254810-bbf2-4a9c-ad1f-06f4197ec463,a20241ad-1a11-4892-8360-1096023114e3,1643974072535,13.3972563,52.4727814,5.77156,-2.63676,2.0948377,5.0620356,on bike mount,cyclo cross,True,paving stones,good
768543b5-6c7f-4de3-ac4c-5b219cdaeb8a,bc254810-bbf2-4a9c-ad1f-06f4197ec463,f884b31e-b047-4b45-91f7-c15b016011eb,1643974072591,13.3972563,52.4727814,5.77156,1.9743217,1.645704,-0.12709332,on bike mount,cyclo cross,True,paving stones,good
768543b5-6c7f-4de3-ac4c-5b219cdaeb8a,bc254810-bbf2-4a9c-ad1f-06f4197ec463,2835cd2a-6f98-481c-99fc-380b3b63c7d5,1643974072647,13.3972563,52.4727814,5.77156,1.2273629,4.092386,-1.7278967,on bike mount,cyclo cross,True,paving stones,good
768543b5-6c7f-4de3-ac4c-5b219cdaeb8a,bc254810-bbf2-4a9c-ad1f-06f4197ec463,ad3a16e7-70d9-4e80-99f8-1bfa24a10c00,1643974072703,13.3972563,52.4727814,5.77156,-2.4122107,3.1732202,-1.0281076,on bike mount,cyclo cross,True,paving stones,good
768543b5-6c7f-4de3-ac4c-5b219cdaeb8a,bc254810-bbf2-4a9c-ad1f-06f4197ec463,98ddead4-54df-446a-8070-249ae478634e,1643974072757,13.3972563,52.4727814,5.77156,-0.32051247,-0.63398194,0.19538021,on bike mount,cyclo cross,True,paving stones,good
768543b5-6c7f-4de3-ac4c-5b219cdaeb8a,bc254810-bbf2-4a9c-ad1f-06f4197ec463,26cc27dd-b8f3-421e-a6c8-38fb8a348d40,1643974072816,13.3971864,52.4728094,5.700209,-2.1599703,1.5121408,0.35111237,on bike mount,cyclo cross,True,paving stones,good
768543b5-6c7f-4de3-ac4c-5b219cdaeb8a,bc254810-bbf2-4a9c-ad1f-06f4197ec463,8f6e0cbf-c6cb-448a-a7b4-bacde4d1ccbe,1643974072869,13.3971864,52.4728094,5.700209,-1.8398926,-0.26977205,1.4371996,on bike mount,cyclo cross,True,paving stones,good
768543b5-6c7f-4de3-ac4c-5b219cdaeb8a,bc254810-bbf2-4a9c-ad1f-06f4197ec463,47283f60-a82f-4dc9-9ad8-99db99b32816,1643974072924,13.3971864,52.4728094,5.700209,0.5750631,-0.52113414,-1.7704558,on bike mount,cyclo cross,True,paving stones,good
768543b5-6c7f-4de3-ac4c-5b219cdaeb8a,bc254810-bbf2-4a9c-ad1f-06f4197ec463,cc080ef5-be4a-44a7-ba38-ebda946c4e62,1643974072980,13.3971864,52.4728094,5.700209,-0.12972724,-1.3497422,2.234418,on bike mount,cyclo cross,True,paving stones,good
768543b5-6c7f-4de3-ac4c-5b219cdaeb8a,bc254810-bbf2-4a9c-ad1f-06f4197ec463,b2c56b53-3c34-48ee-a782-1300d23a5699,1643974073035,13.3971864,52.4728094,5.700209,-1.1677183,3.292849,-0.28296757,on bike mount,cyclo cross,True,paving stones,good
768543b5-6c7f-4de3-ac4c-5b219cdaeb8a,bc254810-bbf2-4a9c-ad1f-06f4197ec463,1fa4baf0-9ebc-4276-8fc4-aa6416b079af,1643974073091,13.3971864,52.4728094,5.700209,0.33054525,-1.2643367,4.4836197,on bike mount,cyclo cross,True,paving stones,good
768543b5-6c7f-4de3-ac4c-5b219cdaeb8a,bc254810-bbf2-4a9c-ad1f-06f4197ec463,4c3ea0bd-19c1-418c-97c0-1dc61dcf11ab,1643974073147,13.3971864,52.4728094,5.700209,1.0084053,1.3104455,-7.6660905,on bike mount,cyclo cross,True,paving stones,good
768543b5-6c7f-4de3-ac4c-5b219cdaeb8a,bc254810-bbf2-4a9c-ad1f-06f4197ec463,56fb7502-6dc3-4079-ae95-cc75b2a6e499,1643974073202,13.3971864,52.4728094,5.700209,-1.2465308,-1.088522,-4.199236,on bike mount,cyclo cross,True,paving stones,good
768543b5-6c7f-4de3-ac4c-5b219cdaeb8a,bc254810-bbf2-4a9c-ad1f-06f4197ec463,784c322b-8a7e-4a94-8331-d22045735c20,1643974073257,13.3971864,52.4728094,5.700209,-1.3931324,0.55841327,-0.33638954,on bike mount,cyclo cross,True,paving stones,good
768543b5-6c7f-4de3-ac4c-5b219cdaeb8a,bc254810-bbf2-4a9c-ad1f-06f4197ec463,5fb7de2d-6ba5-439a-8b6c-ba4c61ad96ad,1643974073313,13.3971864,52.4728094,5.700209,1.0126534,-3.7398105,-0.5642462,on bike mount,cyclo cross,True,paving stones,good
768543b5-6c7f-4de3-ac4c-5b219cdaeb8a,bc254810-bbf2-4a9c-ad1f-06f4197ec463,53ec2db7-6744-4f5b-adf9-c97e16624dd7,1643974073368,13.3971864,52.4728094,5.700209,-2.275266,0.7579415,3.8090754,on bike mount,cyclo cross,True,paving stones,good
768543b5-6c7f-4de3-ac4c-5b219cdaeb8a,bc254810-bbf2-4a9c-ad1f-06f4197ec463,68d8a818-5ced-4bd0-bd75-93cc5108080a,1643974073423,13.3971864,52.4728094,5.700209,-0.70461386,-0.4833331,2.9474554,on bike mount,cyclo cross,True,paving stones,good
768543b5-6c7f-4de3-ac4c-5b219cdaeb8a,bc254810-bbf2-4a9c-ad1f-06f4197ec463,75d6cc67-665f-49fb-94b7-11e12962ae14,1643974073480,13.3971864,52.4728094,5.700209,0.6032916,0.55734277,-1.9536939,on bike mount,cyclo cross,True,paving stones,good
768543b5-6c7f-4de3-ac4c-5b219cdaeb8a,bc254810-bbf2-4a9c-ad1f-06f4197ec463,cf518970-9be8-4385-b5ef-773d288ecbbf,1643974073536,13.3971864,52.4728094,5.700209,-0.17770177,2.1017108,1.375473,on bike mount,cyclo cross,True,paving stones,good
768543b5-6c7f-4de3-ac4c-5b219cdaeb8a,bc254810-bbf2-4a9c-ad1f-06f4197ec463,3fd94702-3651-44a6-8e09-aa1da2342abe,1643974073591,13.3971864,52.4728094,5.700209,-0.64751613,-1.6048924,1.8122711,on bike mount,cyclo cross,True,paving stones,good
768543b5-6c7f-4de3-ac4c-5b219cdaeb8a,bc254810-bbf2-4a9c-ad1f-06f4197ec463,97cc7b12-a16c-4f8f-92d1-08f831b0aec6,1643974073646,13.3971864,52.4728094,5.700209,0.8482633,2.0819416,-1.6137486,on bike mount,cyclo cross,True,paving stones,good
768543b5-6c7f-4de3-ac4c-5b219cdaeb8a,bc254810-bbf2-4a9c-ad1f-06f4197ec463,347839f2-6b0a-45f6-991d-d3c1a3eef9f0,1643974073702,13.3971864,52.4728094,5.700209,0.025387704,-1.4798268,1.9206161,on bike mount,cyclo cross,True,paving stones,good
768543b5-6c7f-4de3-ac4c-5b219cdaeb8a,bc254810-bbf2-4a9c-ad1f-06f4197ec463,09804a59-be69-40b2-90a7-9badfc53f9c9,1643974073758,13.3971864,52.4728094,5.700209,0.56181306,-5.51937,9.759041,on bike mount,cyclo cross,True,paving stones,good
768543b5-6c7f-4de3-ac4c-5b219cdaeb8a,bc254810-bbf2-4a9c-ad1f-06f4197ec463,c44e6e50-96ce-4e64-8c7c-8d4c37ffaf14,1643974073814,13.3971133,52.472834,5.690375,-0.40590563,-0.03630638,-8.517338,on bike mount,cyclo cross,True,paving stones,good
768543b5-6c7f-4de3-ac4c-5b219cdaeb8a,bc254810-bbf2-4a9c-ad1f-06f4197ec463,e44fc48e-e932-4b83-aecc-b7e79b0a9955,1643974073869,13.3971133,52.472834,5.690375,-0.03267087,8.615996,-19.236115,on bike mount,cyclo cross,True,paving stones,good
768543b5-6c7f-4de3-ac4c-5b219cdaeb8a,bc254810-bbf2-4a9c-ad1f-06f4197ec463,e1ed27e6-60fc-469d-884b-f942ae875ecd,1643974073926,13.3971133,52.472834,5.690375,2.171382,1.0653746,-7.160059,on bike mount,cyclo cross,True,paving stones,good
768543b5-6c7f-4de3-ac4c-5b219cdaeb8a,bc254810-bbf2-4a9c-ad1f-06f4197ec463,63f6a100-e908-4b5f-8cab-5ef680e8e687,1643974073982,13.3971133,52.472834,5.690375,-3.4216032,1.4382086,3.1334991,on bike mount,cyclo cross,True,paving stones,good
768543b5-6c7f-4de3-ac4c-5b219cdaeb8a,bc254810-bbf2-4a9c-ad1f-06f4197ec463,ead38b03-6e3b-474e-8b1f-3d42c4afcea7,1643974074035,13.3971133,52.472834,5.690375,-0.4517931,-3.1829772,-1.2621183,on bike mount,cyclo cross,True,paving stones,good
768543b5-6c7f-4de3-ac4c-5b219cdaeb8a,bc254810-bbf2-4a9c-ad1f-06f4197ec463,9436f7bb-9c61-43b6-9a12-b39008eb5ea6,1643974074093,13.3971133,52.472834,5.690375,-1.0708681,-2.3319287,5.9573336,on bike mount,cyclo cross,True,paving stones,good
768543b5-6c7f-4de3-ac4c-5b219cdaeb8a,bc254810-bbf2-4a9c-ad1f-06f4197ec463,363af6c3-44cd-49c4-8029-875d127cae8e,1643974074146,13.3971133,52.472834,5.690375,3.5891902,1.1390324,8.710239,on bike mount,cyclo cross,True,paving stones,good
768543b5-6c7f-4de3-ac4c-5b219cdaeb8a,bc254810-bbf2-4a9c-ad1f-06f4197ec463,f945b944-f60b-4d64-baa7-b71b881b491a,1643974074202,13.3971133,52.472834,5.690375,-2.8649714,-2.0349786,10.245979,on bike mount,cyclo cross,True,paving stones,good
768543b5-6c7f-4de3-ac4c-5b219cdaeb8a,bc254810-bbf2-4a9c-ad1f-06f4197ec463,aea6805d-0eb6-4e29-9999-3e241688d607,1643974074257,13.3971133,52.472834,5.690375,0.18186545,4.2516165,-7.210196,on bike mount,cyclo cross,True,paving stones,good
768543b5-6c7f-4de3-ac4c-5b219cdaeb8a,bc254810-bbf2-4a9c-ad1f-06f4197ec463,004eb6cf-ccdd-4333-81b2-98faa7c08653,1643974074313,13.3971133,52.472834,5.690375,-0.33125556,0.19323826,-0.28801823,on bike mount,cyclo cross,True,paving stones,good
768543b5-6c7f-4de3-ac4c-5b219cdaeb8a,bc254810-bbf2-4a9c-ad1f-06f4197ec463,63d92065-0d20-4308-8d0c-b6523c6500e4,1643974074371,13.3971133,52.472834,5.690375,-1.5566471,-0.9305866,1.7758923,on bike mount,cyclo cross,True,paving stones,good
768543b5-6c7f-4de3-ac4c-5b219cdaeb8a,bc254810-bbf2-4a9c-ad1f-06f4197ec463,fb21e2c8-1cce-40f4-a257-59b77c85465e,1643974074424,13.3971133,52.472834,5.690375,-2.326567,-2.4541953,0.22860336,on bike mount,cyclo cross,True,paving stones,good
768543b5-6c7f-4de3-ac4c-5b219cdaeb8a,bc254810-bbf2-4a9c-ad1f-06f4197ec463,c789b4e6-b762-4578-b8f7-dfcbe2411575,1643974074479,13.3971133,52.472834,5.690375,-2.8468678,2.17307,0.9524021,on bike mount,cyclo cross,True,paving stones,good
768543b5-6c7f-4de3-ac4c-5b219cdaeb8a,bc254810-bbf2-4a9c-ad1f-06f4197ec463,6193a668-6cee-4879-8923-8ec3be7ac4dc,1643974074534,13.3971133,52.472834,5.690375,0.4251237,-0.18747401,-1.8903174,on bike mount,cyclo cross,True,paving stones,good
768543b5-6c7f-4de3-ac4c-5b219cdaeb8a,bc254810-bbf2-4a9c-ad1f-06f4197ec463,e19ad082-0c17-48b4-9427-1737bfcc927a,1643974074590,13.3971133,52.472834,5.690375,-0.56802166,-4.3676653,4.14806,on bike mount,cyclo cross,True,paving stones,good
768543b5-6c7f-4de3-ac4c-5b219cdaeb8a,bc254810-bbf2-4a9c-ad1f-06f4197ec463,77ea99a7-2a6e-4cac-b9cc-c6987c410626,1643974074645,13.3971133,52.472834,5.690375,-0.53426766,-1.1666263,1.3864813,on bike mount,cyclo cross,True,paving stones,good
768543b5-6c7f-4de3-ac4c-5b219cdaeb8a,bc254810-bbf2-4a9c-ad1f-06f4197ec463,2c9e5001-853d-462d-abba-e74585ac4606,1643974074703,13.3971133,52.472834,5.690375,1.0000336,-1.784663,-1.3844204,on bike mount,cyclo cross,True,paving stones,good
768543b5-6c7f-4de3-ac4c-5b219cdaeb8a,bc254810-bbf2-4a9c-ad1f-06f4197ec463,0dd478e6-2419-4477-8150-0ebf51070f92,1643974074758,13.3971133,52.472834,5.690375,1.3072703,2.6580865,-4.2430615,on bike mount,cyclo cross,True,paving stones,good
768543b5-6c7f-4de3-ac4c-5b219cdaeb8a,bc254810-bbf2-4a9c-ad1f-06f4197ec463,66ecd589-5462-4f8f-8940-e888504ba432,1643974074814,13.3970357,52.4728549,5.6883745,-1.62371,-2.4928303,6.043315,on bike mount,cyclo cross,True,paving stones,good
768543b5-6c7f-4de3-ac4c-5b219cdaeb8a,bc254810-bbf2-4a9c-ad1f-06f4197ec463,5f08394d-3b16-4923-b812-f64b5aba6bbf,1643974074870,13.3970357,52.4728549,5.6883745,-0.9727758,2.1960912,-0.6780729,on bike mount,cyclo cross,True,paving stones,good
768543b5-6c7f-4de3-ac4c-5b219cdaeb8a,bc254810-bbf2-4a9c-ad1f-06f4197ec463,d459973f-8263-41fb-925d-27c498039915,1643974074923,13.3970357,52.4728549,5.6883745,1.3981975,-1.1038501,1.5339289,on bike mount,cyclo cross,True,paving stones,good
768543b5-6c7f-4de3-ac4c-5b219cdaeb8a,bc254810-bbf2-4a9c-ad1f-06f4197ec463,2e305118-4248-476a-9b63-9d8544c49503,1643974074980,13.3970357,52.4728549,5.6883745,-2.26489,-1.4526192,-4.8457537,on bike mount,cyclo cross,True,paving stones,good
768543b5-6c7f-4de3-ac4c-5b219cdaeb8a,bc254810-bbf2-4a9c-ad1f-06f4197ec463,858352cd-3e95-46bc-b3e7-985437b38b72,1643974075036,13.3970357,52.4728549,5.6883745,0.8733839,3.0518541,8.933556,on bike mount,cyclo cross,True,paving stones,good
768543b5-6c7f-4de3-ac4c-5b219cdaeb8a,bc254810-bbf2-4a9c-ad1f-06f4197ec463,407111cc-57da-4189-8c54-4f86fbf4add4,1643974075093,13.3970357,52.4728549,5.6883745,1.6397719,7.6367674,-5.079371,on bike mount,cyclo cross,True,paving stones,good
768543b5-6c7f-4de3-ac4c-5b219cdaeb8a,bc254810-bbf2-4a9c-ad1f-06f4197ec463,76a3b998-9191-40f8-8a52-ccf94096cc49,1643974075153,13.3970357,52.4728549,5.6883745,-1.8111495,-3.3692799,8.00422,on bike mount,cyclo cross,True,paving stones,good
768543b5-6c7f-4de3-ac4c-5b219cdaeb8a,bc254810-bbf2-4a9c-ad1f-06f4197ec463,0afb0811-6259-4f6b-bc52-d73ef2cd5479,1643974075206,13.3970357,52.4728549,5.6883745,-4.91608,7.093106,-7.19865,on bike mount,cyclo cross,True,paving stones,good
768543b5-6c7f-4de3-ac4c-5b219cdaeb8a,bc254810-bbf2-4a9c-ad1f-06f4197ec463,33183c5a-ee29-46e6-be6b-b1c193a29863,1643974075266,13.3970357,52.4728549,5.6883745,-0.3964274,1.1028521,2.9539633,on bike mount,cyclo cross,True,paving stones,good
768543b5-6c7f-4de3-ac4c-5b219cdaeb8a,bc254810-bbf2-4a9c-ad1f-06f4197ec463,8fca3d95-7cfd-4a48-b1ff-18498fe7b747,1643974075317,13.3970357,52.4728549,5.6883745,1.8500266,1.906729,-1.8145642,on bike mount,cyclo cross,True,paving stones,good
768543b5-6c7f-4de3-ac4c-5b219cdaeb8a,bc254810-bbf2-4a9c-ad1f-06f4197ec463,4fd89af3-23a0-48f1-afb1-b2bdbd71c66d,1643974075368,13.3970357,52.4728549,5.6883745,-0.19401799,-4.622954,6.1080914,on bike mount,cyclo cross,True,paving stones,good
768543b5-6c7f-4de3-ac4c-5b219cdaeb8a,bc254810-bbf2-4a9c-ad1f-06f4197ec463,231e0d8c-55ab-4450-a76f-075ae92a43be,1643974075424,13.3970357,52.4728549,5.6883745,-1.7940586,-1.9333833,-8.439287,on bike mount,cyclo cross,True,paving stones,good
768543b5-6c7f-4de3-ac4c-5b219cdaeb8a,bc254810-bbf2-4a9c-ad1f-06f4197ec463,9fc67cd4-b792-47f3-bb86-5cd95e0a123c,1643974075481,13.3970357,52.4728549,5.6883745,-1.1286638,1.2350743,-4.2692204,on bike mount,cyclo cross,True,paving stones,good
768543b5-6c7f-4de3-ac4c-5b219cdaeb8a,bc254810-bbf2-4a9c-ad1f-06f4197ec463,fecd57d0-0735-4efb-bbd6-c742845e0c26,1643974075538,13.3970357,52.4728549,5.6883745,0.9674181,0.9175463,1.3309937,on bike mount,cyclo cross,True,paving stones,good
768543b5-6c7f-4de3-ac4c-5b219cdaeb8a,bc254810-bbf2-4a9c-ad1f-06f4197ec463,eed52222-4dcd-4773-b570-b9ad1df33efa,1643974075593,13.3970357,52.4728549,5.6883745,0.1371195,-3.3060048,-0.11269283,on bike mount,cyclo cross,True,paving stones,good
768543b5-6c7f-4de3-ac4c-5b219cdaeb8a,bc254810-bbf2-4a9c-ad1f-06f4197ec463,13fece71-96dc-40d8-a34c-f208ad0a9926,1643974075649,13.3970357,52.4728549,5.6883745,-0.051336408,-2.3834426,3.6818914,on bike mount,cyclo cross,True,paving stones,good
768543b5-6c7f-4de3-ac4c-5b219cdaeb8a,bc254810-bbf2-4a9c-ad1f-06f4197ec463,dae3bfdd-92f6-4b87-a5eb-fa172a3d0a74,1643974075704,13.3970357,52.4728549,5.6883745,0.0845916,1.9845109,3.0845013,on bike mount,cyclo cross,True,paving stones,good
768543b5-6c7f-4de3-ac4c-5b219cdaeb8a,bc254810-bbf2-4a9c-ad1f-06f4197ec463,141601c4-bf30-4792-a803-da1de8d74998,1643974075757,13.3970357,52.4728549,5.6883745,0.16180241,-0.7107451,1.7811899,on bike mount,cyclo cross,True,paving stones,good
768543b5-6c7f-4de3-ac4c-5b219cdaeb8a,bc254810-bbf2-4a9c-ad1f-06f4197ec463,6f109c09-ba34-41af-83e1-eebf3a2047ae,1643974075814,13.3969549,52.4728702,5.7667103,-0.32259443,1.4851704,-1.4889212,on bike mount,cyclo cross,True,paving stones,good
768543b5-6c7f-4de3-ac4c-5b219cdaeb8a,bc254810-bbf2-4a9c-ad1f-06f4197ec463,4707340e-5fb2-451c-b3ca-ce3ed0d0b378,1643974075869,13.3969549,52.4728702,5.7667103,-0.63794506,-2.499463,-0.8068204,on bike mount,cyclo cross,True,paving stones,good
768543b5-6c7f-4de3-ac4c-5b219cdaeb8a,bc254810-bbf2-4a9c-ad1f-06f4197ec463,f1a3ade9-b1bb-4ee1-b744-acd7a8408a6b,1643974075926,13.3969549,52.4728702,5.7667103,0.13070193,1.3896775,-3.232956,on bike mount,cyclo cross,True,paving stones,good
768543b5-6c7f-4de3-ac4c-5b219cdaeb8a,bc254810-bbf2-4a9c-ad1f-06f4197ec463,815a1387-2d2d-47e4-8aaf-721c0616c708,1643974075982,13.3969549,52.4728702,5.7667103,-1.9511057,-2.6139324,6.398267,on bike mount,cyclo cross,True,paving stones,good
768543b5-6c7f-4de3-ac4c-5b219cdaeb8a,bc254810-bbf2-4a9c-ad1f-06f4197ec463,f54a14dc-3bc2-4176-8865-8d24c28ed9d3,1643974076034,13.3969549,52.4728702,5.7667103,-3.0558972,-2.6730871,-1.2236481,on bike mount,cyclo cross,True,paving stones,good
768543b5-6c7f-4de3-ac4c-5b219cdaeb8a,bc254810-bbf2-4a9c-ad1f-06f4197ec463,4486afd0-8b6e-4728-af02-3951be2fd910,1643974076090,13.3969549,52.4728702,5.7667103,0.46178627,-1.0347048,-1.9644256,on bike mount,cyclo cross,True,paving stones,good
768543b5-6c7f-4de3-ac4c-5b219cdaeb8a,bc254810-bbf2-4a9c-ad1f-06f4197ec463,c2ccb206-a376-4674-955b-393b1fa5cf73,1643974076148,13.3969549,52.4728702,5.7667103,-1.2859459,1.6580553,1.7244072,on bike mount,cyclo cross,True,paving stones,good
768543b5-6c7f-4de3-ac4c-5b219cdaeb8a,bc254810-bbf2-4a9c-ad1f-06f4197ec463,10811760-b753-4482-b10c-6190dce8f396,1643974076204,13.3969549,52.4728702,5.7667103,1.739782,3.7635627,-0.7395134,on bike mount,cyclo cross,True,paving stones,good
768543b5-6c7f-4de3-ac4c-5b219cdaeb8a,bc254810-bbf2-4a9c-ad1f-06f4197ec463,e829408e-7de8-4af4-8003-185b96311df9,1643974076257,13.3969549,52.4728702,5.7667103,-0.29364848,-1.1732514,-0.02690506,on bike mount,cyclo cross,True,paving stones,good
768543b5-6c7f-4de3-ac4c-5b219cdaeb8a,bc254810-bbf2-4a9c-ad1f-06f4197ec463,28fbbf20-f881-4448-91fd-9fafe3b850e6,1643974076318,13.3969549,52.4728702,5.7667103,-1.6155682,3.2956424,0.98306656,on bike mount,cyclo cross,True,paving stones,good
768543b5-6c7f-4de3-ac4c-5b219cdaeb8a,bc254810-bbf2-4a9c-ad1f-06f4197ec463,820c6d0d-a25b-4a87-90fc-babe79de0661,1643974076373,13.3969549,52.4728702,5.7667103,-0.05057767,0.64310765,0.16265488,on bike mount,cyclo cross,True,paving stones,good
768543b5-6c7f-4de3-ac4c-5b219cdaeb8a,bc254810-bbf2-4a9c-ad1f-06f4197ec463,969b6783-91bb-49aa-bb79-9784ad5c0818,1643974076424,13.3969549,52.4728702,5.7667103,0.5892527,3.615265,-1.8686376,on bike mount,cyclo cross,True,paving stones,good
768543b5-6c7f-4de3-ac4c-5b219cdaeb8a,bc254810-bbf2-4a9c-ad1f-06f4197ec463,5c1a1447-bc71-444e-831f-ca14709652c0,1643974076479,13.3969549,52.4728702,5.7667103,-0.9143334,-1.1979346,-3.0343728,on bike mount,cyclo cross,True,paving stones,good
768543b5-6c7f-4de3-ac4c-5b219cdaeb8a,bc254810-bbf2-4a9c-ad1f-06f4197ec463,0535f65b-7ce4-4290-8c8f-99c4491cd66a,1643974076536,13.3969549,52.4728702,5.7667103,-0.087635756,-0.9080963,5.2755394,on bike mount,cyclo cross,True,paving stones,good
768543b5-6c7f-4de3-ac4c-5b219cdaeb8a,bc254810-bbf2-4a9c-ad1f-06f4197ec463,81d8ce62-e3e7-4a95-8a20-2c3d615837c6,1643974076592,13.3969549,52.4728702,5.7667103,-0.32963803,4.075987,-6.024785,on bike mount,cyclo cross,True,paving stones,good
768543b5-6c7f-4de3-ac4c-5b219cdaeb8a,bc254810-bbf2-4a9c-ad1f-06f4197ec463,0809d5b4-0b75-488b-b38e-95da567f03b9,1643974076647,13.3969549,52.4728702,5.7667103,-0.6943615,-1.8834174,6.9616184,on bike mount,cyclo cross,True,paving stones,good
768543b5-6c7f-4de3-ac4c-5b219cdaeb8a,bc254810-bbf2-4a9c-ad1f-06f4197ec463,fbc2c562-38d9-4b15-a924-f621d8fedf5d,1643974076702,13.3969549,52.4728702,5.7667103,1.1207993,3.5008793,-2.9891276,on bike mount,cyclo cross,True,paving stones,good
768543b5-6c7f-4de3-ac4c-5b219cdaeb8a,bc254810-bbf2-4a9c-ad1f-06f4197ec463,6864b2d6-5faa-473f-9eb4-2e4310f13807,1643974076759,13.3969549,52.4728702,5.7667103,2.9071202,-2.5229611,2.2398605,on bike mount,cyclo cross,True,paving stones,good
768543b5-6c7f-4de3-ac4c-5b219cdaeb8a,bc254810-bbf2-4a9c-ad1f-06f4197ec463,6435a2f1-9ddb-4c70-8c4d-83ab1fd81609,1643974076814,13.3968692,52.4728814,6.03609,0.7775116,-2.5291717,-2.9315062,on bike mount,cyclo cross,True,paving stones,good
768543b5-6c7f-4de3-ac4c-5b219cdaeb8a,bc254810-bbf2-4a9c-ad1f-06f4197ec463,b109ad9e-99aa-43c6-a116-256e2f2161e9,1643974076868,13.3968692,52.4728814,6.03609,0.3079644,-3.5278835,4.4944353,on bike mount,cyclo cross,True,paving stones,good
768543b5-6c7f-4de3-ac4c-5b219cdaeb8a,bc254810-bbf2-4a9c-ad1f-06f4197ec463,2b215ed8-645c-451a-905f-30f1112c3c7d,1643974076925,13.3968692,52.4728814,6.03609,-0.49865642,0.8232498,-0.6654196,on bike mount,cyclo cross,True,paving stones,good
768543b5-6c7f-4de3-ac4c-5b219cdaeb8a,bc254810-bbf2-4a9c-ad1f-06f4197ec463,a3cea020-e5f4-4086-b3c7-55a118131b7c,1643974076981,13.3968692,52.4728814,6.03609,0.7192651,2.1802993,-1.5344176,on bike mount,cyclo cross,True,paving stones,good
768543b5-6c7f-4de3-ac4c-5b219cdaeb8a,bc254810-bbf2-4a9c-ad1f-06f4197ec463,a7606161-7ee3-43c9-857b-f9470aaf989a,1643974077036,13.3968692,52.4728814,6.03609,2.2673888,2.2989974,4.14097,on bike mount,cyclo cross,True,paving stones,good
768543b5-6c7f-4de3-ac4c-5b219cdaeb8a,061ae5bf-10d3-4331-9303-c230bca7834d,49b58873-8675-412c-a99d-5e5ec00a5d04,1643974074325,13.3971133,52.472834,5.690375,1.3142166,-3.6895678,-8.310336,on bike mount,cyclo cross,True,paving stones,good
768543b5-6c7f-4de3-ac4c-5b219cdaeb8a,061ae5bf-10d3-4331-9303-c230bca7834d,57c732f1-5a6c-48c0-967e-f4fed769791a,1643974074379,13.3971133,52.472834,5.690375,-0.28342962,8.257633,-1.5430183,on bike mount,cyclo cross,True,paving stones,good
768543b5-6c7f-4de3-ac4c-5b219cdaeb8a,061ae5bf-10d3-4331-9303-c230bca7834d,c8d47ad9-64d5-42c4-826a-93257688bbec,1643974074435,13.3971133,52.472834,5.690375,-0.5593109,6.342886,2.672349,on bike mount,cyclo cross,True,paving stones,good
768543b5-6c7f-4de3-ac4c-5b219cdaeb8a,061ae5bf-10d3-4331-9303-c230bca7834d,fc5c9d2b-a2a8-46c1-b984-6111fc33ab9e,1643974074491,13.3971133,52.472834,5.690375,-2.17373,-2.2474794,3.4110966,on bike mount,cyclo cross,True,paving stones,good
768543b5-6c7f-4de3-ac4c-5b219cdaeb8a,061ae5bf-10d3-4331-9303-c230bca7834d,21e5d267-5fbe-409e-8d05-2f41bd315bba,1643974074550,13.3971133,52.472834,5.690375,-0.36758804,-0.5803628,-3.7454038,on bike mount,cyclo cross,True,paving stones,good
768543b5-6c7f-4de3-ac4c-5b219cdaeb8a,061ae5bf-10d3-4331-9303-c230bca7834d,2247be2d-d7fa-45e1-b481-f6560d375d82,1643974074601,13.3971133,52.472834,5.690375,-0.7069737,-0.56932473,1.0078764,on bike mount,cyclo cross,True,paving stones,good
768543b5-6c7f-4de3-ac4c-5b219cdaeb8a,061ae5bf-10d3-4331-9303-c230bca7834d,ca452745-d235-43bb-9506-bf85ff98409f,1643974074656,13.3971133,52.472834,5.690375,-1.5386524,1.9342628,2.1558475,on bike mount,cyclo cross,True,paving stones,good
768543b5-6c7f-4de3-ac4c-5b219cdaeb8a,061ae5bf-10d3-4331-9303-c230bca7834d,167301b5-5a8d-40dc-a04f-459fa25eecc9,1643974074713,13.3971133,52.472834,5.690375,0.8300915,-0.6810677,6.8405237,on bike mount,cyclo cross,True,paving stones,good
768543b5-6c7f-4de3-ac4c-5b219cdaeb8a,061ae5bf-10d3-4331-9303-c230bca7834d,abfbc6b8-8fd7-4dc0-bbd6-c85186e02c9b,1643974074769,13.3971133,52.472834,5.690375,1.4753232,0.33320355,-0.5378108,on bike mount,cyclo cross,True,paving stones,good
768543b5-6c7f-4de3-ac4c-5b219cdaeb8a,061ae5bf-10d3-4331-9303-c230bca7834d,2f5b4963-dca6-4b9e-a6ee-38aaa08c6272,1643974074825,13.3970357,52.4728549,5.6883745,-0.07993359,-0.517854,2.9085302,on bike mount,cyclo cross,True,paving stones,good
768543b5-6c7f-4de3-ac4c-5b219cdaeb8a,061ae5bf-10d3-4331-9303-c230bca7834d,e2816131-7b70-435e-a51f-4648bb5d9c30,1643974074882,13.3970357,52.4728549,5.6883745,-0.36444628,2.315325,1.2227373,on bike mount,cyclo cross,True,paving stones,good
768543b5-6c7f-4de3-ac4c-5b219cdaeb8a,061ae5bf-10d3-4331-9303-c230bca7834d,e28aeb7f-fa41-47ee-9534-1f4769685f5e,1643974074934,13.3970357,52.4728549,5.6883745,0.8070325,-1.3470701,-1.5552015,on bike mount,cyclo cross,True,paving stones,good
768543b5-6c7f-4de3-ac4c-5b219cdaeb8a,061ae5bf-10d3-4331-9303-c230bca7834d,a4e7e38d-cbc3-45c4-8b84-ee06a9f1292c,1643974074994,13.3970357,52.4728549,5.6883745,-2.2124522,1.5686574,-13.461298,on bike mount,cyclo cross,True,paving stones,good
768543b5-6c7f-4de3-ac4c-5b219cdaeb8a,061ae5bf-10d3-4331-9303-c230bca7834d,df655b60-97ef-4a78-b0e3-6286aec28a94,1643974075047,13.3970357,52.4728549,5.6883745,-0.38320562,2.7626033,-2.2399564,on bike mount,cyclo cross,True,paving stones,good
768543b5-6c7f-4de3-ac4c-5b219cdaeb8a,061ae5bf-10d3-4331-9303-c230bca7834d,d77b020b-bf4c-4972-93ed-bc52f25708d2,1643974075103,13.3970357,52.4728549,5.6883745,0.5576882,-5.6116014,-4.4350557,on bike mount,cyclo cross,True,paving stones,good
768543b5-6c7f-4de3-ac4c-5b219cdaeb8a,061ae5bf-10d3-4331-9303-c230bca7834d,6cd7bd7d-b5c9-4396-81ed-05cc6af74fe6,1643974075158,13.3970357,52.4728549,5.6883745,-1.6442138,-3.139387,2.1958456,on bike mount,cyclo cross,True,paving stones,good
768543b5-6c7f-4de3-ac4c-5b219cdaeb8a,061ae5bf-10d3-4331-9303-c230bca7834d,346ef2ee-2d82-4eda-9f3d-355a9ddd6d57,1643974075214,13.3970357,52.4728549,5.6883745,-2.42927,-4.779045,12.308777,on bike mount,cyclo cross,True,paving stones,good
768543b5-6c7f-4de3-ac4c-5b219cdaeb8a,061ae5bf-10d3-4331-9303-c230bca7834d,33a104d5-e78c-447f-9a3a-3610089f07f0,1643974075268,13.3970357,52.4728549,5.6883745,0.9709858,-12.532515,0.5581198,on bike mount,cyclo cross,True,paving stones,good
768543b5-6c7f-4de3-ac4c-5b219cdaeb8a,061ae5bf-10d3-4331-9303-c230bca7834d,1d74751e-5aa8-497a-a2a6-884631aa5516,1643974075333,13.3970357,52.4728549,5.6883745,0.55264086,5.9685497,-7.4208264,on bike mount,cyclo cross,True,paving stones,good
768543b5-6c7f-4de3-ac4c-5b219cdaeb8a,061ae5bf-10d3-4331-9303-c230bca7834d,ab1074b4-c5c0-4bbc-b015-295fbdac43e4,1643974075395,13.3970357,52.4728549,5.6883745,0.30345643,4.138485,2.4441118,on bike mount,cyclo cross,True,paving stones,good
768543b5-6c7f-4de3-ac4c-5b219cdaeb8a,061ae5bf-10d3-4331-9303-c230bca7834d,9729e524-0a5a-475a-b31b-fcedc7f10bff,1643974075450,13.3970357,52.4728549,5.6883745,-1.8533413,-3.2566156,8.563239,on bike mount,cyclo cross,True,paving stones,good
768543b5-6c7f-4de3-ac4c-5b219cdaeb8a,061ae5bf-10d3-4331-9303-c230bca7834d,2d81482b-a0ad-47d4-86fe-00e8b67887f1,1643974075503,13.3970357,52.4728549,5.6883745,-0.7590252,-2.39802,2.1206093,on bike mount,cyclo cross,True,paving stones,good
768543b5-6c7f-4de3-ac4c-5b219cdaeb8a,061ae5bf-10d3-4331-9303-c230bca7834d,998fb956-64c3-4693-838d-fe3519deb495,1643974075560,13.3970357,52.4728549,5.6883745,0.7209659,6.08592,-4.2774024,on bike mount,cyclo cross,True,paving stones,good
768543b5-6c7f-4de3-ac4c-5b219cdaeb8a,061ae5bf-10d3-4331-9303-c230bca7834d,e3f8f392-7bf2-4ab5-8bdd-f5b1c26909ae,1643974075614,13.3970357,52.4728549,5.6883745,-0.9406129,2.0576072,0.70713615,on bike mount,cyclo cross,True,paving stones,good
768543b5-6c7f-4de3-ac4c-5b219cdaeb8a,061ae5bf-10d3-4331-9303-c230bca7834d,dcaa9563-e12b-4fc7-b19b-23664d123797,1643974075668,13.3970357,52.4728549,5.6883745,-0.3613765,3.14015,-1.3863406,on bike mount,cyclo cross,True,paving stones,good
768543b5-6c7f-4de3-ac4c-5b219cdaeb8a,061ae5bf-10d3-4331-9303-c230bca7834d,9cf75493-fac5-43da-8391-532aec05e37c,1643974075724,13.3970357,52.4728549,5.6883745,-1.6514975,1.6985178,-5.6410904,on bike mount,cyclo cross,True,paving stones,good
768543b5-6c7f-4de3-ac4c-5b219cdaeb8a,061ae5bf-10d3-4331-9303-c230bca7834d,9bb3726b-edaa-468d-9bfd-7a0e0ac1f49f,1643974075781,13.3970357,52.4728549,5.6883745,1.4288558,-2.6713557,1.0245161,on bike mount,cyclo cross,True,paving stones,good
768543b5-6c7f-4de3-ac4c-5b219cdaeb8a,061ae5bf-10d3-4331-9303-c230bca7834d,821e6e6f-d5b8-469a-bfeb-706cfba3ad3c,1643974075835,13.3969549,52.4728702,5.7667103,-0.64093983,-1.0236163,9.844439,on bike mount,cyclo cross,True,paving stones,good
768543b5-6c7f-4de3-ac4c-5b219cdaeb8a,061ae5bf-10d3-4331-9303-c230bca7834d,35bd1db9-dc42-474c-9845-66cb907f90b1,1643974075890,13.3969549,52.4728702,5.7667103,-0.15190467,-2.1226385,-0.6289177,on bike mount,cyclo cross,True,paving stones,good
768543b5-6c7f-4de3-ac4c-5b219cdaeb8a,061ae5bf-10d3-4331-9303-c230bca7834d,0506c86a-df24-48f5-8d4e-5e15b16b3000,1643974075947,13.3969549,52.4728702,5.7667103,2.1959283,-1.5203297,-2.1009889,on bike mount,cyclo cross,True,paving stones,good
768543b5-6c7f-4de3-ac4c-5b219cdaeb8a,061ae5bf-10d3-4331-9303-c230bca7834d,6fc738ae-b8d1-4c68-b877-8a72a4c9622a,1643974076002,13.3969549,52.4728702,5.7667103,-1.045141,0.5851474,3.9524708,on bike mount,cyclo cross,True,paving stones,good
768543b5-6c7f-4de3-ac4c-5b219cdaeb8a,061ae5bf-10d3-4331-9303-c230bca7834d,6dc5dbdb-5ceb-4444-b525-66e0e5869324,1643974076060,13.3969549,52.4728702,5.7667103,-2.3030603,2.534131,3.6445808,on bike mount,cyclo cross,True,paving stones,good
768543b5-6c7f-4de3-ac4c-5b219cdaeb8a,061ae5bf-10d3-4331-9303-c230bca7834d,b8a0012a-3151-45a1-8e9c-9a57d39a3493,1643974076113,13.3969549,52.4728702,5.7667103,1.0688984,-0.63988733,-6.87398,on bike mount,cyclo cross,True,paving stones,good
768543b5-6c7f-4de3-ac4c-5b219cdaeb8a,061ae5bf-10d3-4331-9303-c230bca7834d,cc797828-0de6-4d0e-8b01-05962bf08eac,1643974076168,13.3969549,52.4728702,5.7667103,-0.025979877,0.96543026,-0.87929726,on bike mount,cyclo cross,True,paving stones,good
768543b5-6c7f-4de3-ac4c-5b219cdaeb8a,061ae5bf-10d3-4331-9303-c230bca7834d,663b4149-d2fc-47f6-88e0-70de8c6ea49a,1643974076226,13.3969549,52.4728702,5.7667103,-1.5005397,-0.8254976,7.682268,on bike mount,cyclo cross,True,paving stones,good
768543b5-6c7f-4de3-ac4c-5b219cdaeb8a,061ae5bf-10d3-4331-9303-c230bca7834d,f4eb2a9e-cab8-4d71-9672-f683e83dbc21,1643974076283,13.3969549,52.4728702,5.7667103,-2.2831893,0.013959408,2.130701,on bike mount,cyclo cross,True,paving stones,good
768543b5-6c7f-4de3-ac4c-5b219cdaeb8a,061ae5bf-10d3-4331-9303-c230bca7834d,ff1eaee2-6e77-467a-b7aa-c209fd3962a5,1643974076334,13.3969549,52.4728702,5.7667103,-1.9505956,1.6645513,1.6201849,on bike mount,cyclo cross,True,paving stones,good
768543b5-6c7f-4de3-ac4c-5b219cdaeb8a,061ae5bf-10d3-4331-9303-c230bca7834d,d7fb1ce1-76fa-4eca-a7d5-a3417075d011,1643974076391,13.3969549,52.4728702,5.7667103,-1.0578593,0.8409121,0.23316765,on bike mount,cyclo cross,True,paving stones,good
768543b5-6c7f-4de3-ac4c-5b219cdaeb8a,061ae5bf-10d3-4331-9303-c230bca7834d,6d1ff398-be21-4c8d-befa-7e84f5caaaf2,1643974076447,13.3969549,52.4728702,5.7667103,0.35995567,-1.0297377,-1.0485902,on bike mount,cyclo cross,True,paving stones,good
768543b5-6c7f-4de3-ac4c-5b219cdaeb8a,061ae5bf-10d3-4331-9303-c230bca7834d,2739ef28-9a1b-40ce-b8fd-a9a19044a5f3,1643974076502,13.3969549,52.4728702,5.7667103,-1.1435786,0.34209728,-2.3850222,on bike mount,cyclo cross,True,paving stones,good
768543b5-6c7f-4de3-ac4c-5b219cdaeb8a,061ae5bf-10d3-4331-9303-c230bca7834d,2bf1dada-d4d1-4e28-aceb-2f4e62498810,1643974076557,13.3969549,52.4728702,5.7667103,-0.45347762,1.3071404,2.7933273,on bike mount,cyclo cross,True,paving stones,good
768543b5-6c7f-4de3-ac4c-5b219cdaeb8a,061ae5bf-10d3-4331-9303-c230bca7834d,83770764-e64e-458e-8089-04b61780b849,1643974076615,13.3969549,52.4728702,5.7667103,0.08631796,1.0361564,-2.25205,on bike mount,cyclo cross,True,paving stones,good
768543b5-6c7f-4de3-ac4c-5b219cdaeb8a,061ae5bf-10d3-4331-9303-c230bca7834d,a5f68a9a-08e5-44a8-a759-b13013b3d959,1643974076668,13.3969549,52.4728702,5.7667103,0.2598611,2.0467162,-2.181672,on bike mount,cyclo cross,True,paving stones,good
768543b5-6c7f-4de3-ac4c-5b219cdaeb8a,061ae5bf-10d3-4331-9303-c230bca7834d,e1751f72-01aa-41cd-8809-67ddb7db7294,1643974076725,13.3969549,52.4728702,5.7667103,0.6340873,-3.4728458,3.9467201,on bike mount,cyclo cross,True,paving stones,good
768543b5-6c7f-4de3-ac4c-5b219cdaeb8a,061ae5bf-10d3-4331-9303-c230bca7834d,c154153f-63f0-4e71-b1db-0bb786242448,1643974076780,13.3969549,52.4728702,5.7667103,-1.1755161,1.4511089,-1.7566156,on bike mount,cyclo cross,True,paving stones,good
768543b5-6c7f-4de3-ac4c-5b219cdaeb8a,061ae5bf-10d3-4331-9303-c230bca7834d,ccc92693-4517-4130-9958-22bc49f035ff,1643974076836,13.3968692,52.4728814,6.03609,0.71192074,-2.8121428,4.041938,on bike mount,cyclo cross,True,paving stones,good
768543b5-6c7f-4de3-ac4c-5b219cdaeb8a,061ae5bf-10d3-4331-9303-c230bca7834d,32d0f8ef-fee1-4c20-8e2d-f85c79d8a1f5,1643974076891,13.3968692,52.4728814,6.03609,-1.5231857,-0.94768536,-1.6728239,on bike mount,cyclo cross,True,paving stones,good
768543b5-6c7f-4de3-ac4c-5b219cdaeb8a,061ae5bf-10d3-4331-9303-c230bca7834d,0245ed94-aceb-456e-b109-1e16eeba31af,1643974076946,13.3968692,52.4728814,6.03609,0.48550534,-0.22445416,0.92559624,on bike mount,cyclo cross,True,paving stones,good
768543b5-6c7f-4de3-ac4c-5b219cdaeb8a,061ae5bf-10d3-4331-9303-c230bca7834d,56db1347-3298-4c42-9790-22ca826ae6d9,1643974077001,13.3968692,52.4728814,6.03609,0.3499676,-1.6579132,0.4140749,on bike mount,cyclo cross,True,paving stones,good
768543b5-6c7f-4de3-ac4c-5b219cdaeb8a,061ae5bf-10d3-4331-9303-c230bca7834d,d0acc847-8ac2-41f6-9f31-a7182e6aa0ba,1643974077056,13.3968692,52.4728814,6.03609,0.46999025,2.2050157,-2.3470335,on bike mount,cyclo cross,True,paving stones,good
768543b5-6c7f-4de3-ac4c-5b219cdaeb8a,061ae5bf-10d3-4331-9303-c230bca7834d,5eb274d2-1d0a-48c4-bde1-261f2db898df,1643974077112,13.3968692,52.4728814,6.03609,-2.3246222,-1.030833,1.872549,on bike mount,cyclo cross,True,paving stones,good
768543b5-6c7f-4de3-ac4c-5b219cdaeb8a,061ae5bf-10d3-4331-9303-c230bca7834d,ff6ec833-8b16-4414-898c-a6792104b5d7,1643974077169,13.3968692,52.4728814,6.03609,1.1691754,-1.0875382,-1.3240643,on bike mount,cyclo cross,True,paving stones,good
768543b5-6c7f-4de3-ac4c-5b219cdaeb8a,061ae5bf-10d3-4331-9303-c230bca7834d,394b8a7d-2629-4b65-b659-7315294bbb74,1643974077224,13.3968692,52.4728814,6.03609,-0.36662364,-1.4731096,3.487193,on bike mount,cyclo cross,True,paving stones,good
768543b5-6c7f-4de3-ac4c-5b219cdaeb8a,061ae5bf-10d3-4331-9303-c230bca7834d,e98c9d5a-8a3b-4957-86b1-ee8b5b3d713b,1643974077280,13.3968692,52.4728814,6.03609,0.58647734,-1.231275,-1.6818976,on bike mount,cyclo cross,True,paving stones,good
768543b5-6c7f-4de3-ac4c-5b219cdaeb8a,061ae5bf-10d3-4331-9303-c230bca7834d,f1f21c10-8c67-43ac-8ddb-e2fa11fd17ca,1643974077335,13.3968692,52.4728814,6.03609,0.014097735,-0.46416235,2.0047884,on bike mount,cyclo cross,True,paving stones,good
768543b5-6c7f-4de3-ac4c-5b219cdaeb8a,061ae5bf-10d3-4331-9303-c230bca7834d,8b7f1ea5-656b-410c-b2a0-3a02d0b9d44a,1643974077390,13.3968692,52.4728814,6.03609,-0.666938,-1.0567455,-3.105894,on bike mount,cyclo cross,True,paving stones,good
768543b5-6c7f-4de3-ac4c-5b219cdaeb8a,061ae5bf-10d3-4331-9303-c230bca7834d,2729f72d-7ae3-440b-b76c-e78544eb6a3a,1643974077449,13.3968692,52.4728814,6.03609,-0.36335206,2.291883,-1.7073154,on bike mount,cyclo cross,True,paving stones,good
768543b5-6c7f-4de3-ac4c-5b219cdaeb8a,061ae5bf-10d3-4331-9303-c230bca7834d,d2d8c0c3-bd95-4abd-a787-30a3f4c24fe0,1643974077502,13.3968692,52.4728814,6.03609,0.3360197,0.031383038,-0.5065193,on bike mount,cyclo cross,True,paving stones,good
768543b5-6c7f-4de3-ac4c-5b219cdaeb8a,061ae5bf-10d3-4331-9303-c230bca7834d,1af5567a-c949-4aa5-b2d6-b4803afa0a57,1643974077558,13.3968692,52.4728814,6.03609,-0.040792838,-0.92039585,3.139677,on bike mount,cyclo cross,True,paving stones,good
768543b5-6c7f-4de3-ac4c-5b219cdaeb8a,061ae5bf-10d3-4331-9303-c230bca7834d,4b05fd8c-3dd0-46ed-821d-2a98b87125aa,1643974077613,13.3968692,52.4728814,6.03609,-0.5664216,0.8740697,0.603035,on bike mount,cyclo cross,True,paving stones,good
768543b5-6c7f-4de3-ac4c-5b219cdaeb8a,061ae5bf-10d3-4331-9303-c230bca7834d,926c8afd-14e3-484e-9a43-294ef71a2824,1643974077669,13.3968692,52.4728814,6.03609,0.31959802,-2.082756,-1.143012,on bike mount,cyclo cross,True,paving stones,good
768543b5-6c7f-4de3-ac4c-5b219cdaeb8a,061ae5bf-10d3-4331-9303-c230bca7834d,e737d27b-44d7-4529-b8e7-db2e83b645e9,1643974077726,13.3968692,52.4728814,6.03609,-0.19515455,1.2455752,-1.0270753,on bike mount,cyclo cross,True,paving stones,good
768543b5-6c7f-4de3-ac4c-5b219cdaeb8a,061ae5bf-10d3-4331-9303-c230bca7834d,20311e72-0195-4b13-9311-87ae19dc74d4,1643974077779,13.3968692,52.4728814,6.03609,-0.4392792,-0.46951222,-0.3474207,on bike mount,cyclo cross,True,paving stones,good
768543b5-6c7f-4de3-ac4c-5b219cdaeb8a,061ae5bf-10d3-4331-9303-c230bca7834d,f2458020-ef59-4ee5-a819-79afa57319a8,1643974077836,13.3967777,52.4728797,6.070273,0.62333715,2.427074,-0.057545662,on bike mount,cyclo cross,True,paving stones,good
768543b5-6c7f-4de3-ac4c-5b219cdaeb8a,061ae5bf-10d3-4331-9303-c230bca7834d,1dd5d1dd-d7f3-4bfc-8620-803158f759fa,1643974077890,13.3967777,52.4728797,6.070273,0.6919374,4.201458,-0.16703892,on bike mount,cyclo cross,True,paving stones,good
768543b5-6c7f-4de3-ac4c-5b219cdaeb8a,061ae5bf-10d3-4331-9303-c230bca7834d,e20eeaf1-098d-4a99-9806-99a9a1fd216e,1643974077946,13.3967777,52.4728797,6.070273,1.3467406,-0.9077828,0.18554688,on bike mount,cyclo cross,True,paving stones,good
768543b5-6c7f-4de3-ac4c-5b219cdaeb8a,061ae5bf-10d3-4331-9303-c230bca7834d,b172b3bc-2842-42a7-bf52-031ecf481275,1643974078002,13.3967777,52.4728797,6.070273,-0.14202899,1.6104155,2.6981325,on bike mount,cyclo cross,True,paving stones,good
768543b5-6c7f-4de3-ac4c-5b219cdaeb8a,061ae5bf-10d3-4331-9303-c230bca7834d,f46de98b-a559-40d6-bd9d-cad24e015aaf,1643974078057,13.3967777,52.4728797,6.070273,-0.6156156,-3.8659737,2.0295277,on bike mount,cyclo cross,True,paving stones,good
768543b5-6c7f-4de3-ac4c-5b219cdaeb8a,061ae5bf-10d3-4331-9303-c230bca7834d,61d26d95-3106-4c1f-83ed-d695b7be1407,1643974078113,13.3967777,52.4728797,6.070273,1.1720924,-0.7356689,3.3302622,on bike mount,cyclo cross,True,paving stones,good
768543b5-6c7f-4de3-ac4c-5b219cdaeb8a,061ae5bf-10d3-4331-9303-c230bca7834d,d1bc46db-c02a-4fb4-a341-faf6d907a741,1643974078168,13.3967777,52.4728797,6.070273,1.1873695,0.87420607,-3.0652928,on bike mount,cyclo cross,True,paving stones,good
768543b5-6c7f-4de3-ac4c-5b219cdaeb8a,061ae5bf-10d3-4331-9303-c230bca7834d,aa4e2c56-ff07-4c1d-9f03-fd2e6c964ae2,1643974078223,13.3967777,52.4728797,6.070273,-0.13631767,-0.75149894,-0.16487026,on bike mount,cyclo cross,True,paving stones,good
768543b5-6c7f-4de3-ac4c-5b219cdaeb8a,061ae5bf-10d3-4331-9303-c230bca7834d,94750868-ea44-48e5-bad4-6e3c81b0d815,1643974078278,13.3967777,52.4728797,6.070273,0.45667005,-0.29158497,-3.294838,on bike mount,cyclo cross,True,paving stones,good
768543b5-6c7f-4de3-ac4c-5b219cdaeb8a,061ae5bf-10d3-4331-9303-c230bca7834d,3a92f4b8-6cca-45b3-bd6b-bb6f51a1f68b,1643974078336,13.3967777,52.4728797,6.070273,0.33401668,-0.92207265,-1.3076029,on bike mount,cyclo cross,True,paving stones,good
768543b5-6c7f-4de3-ac4c-5b219cdaeb8a,061ae5bf-10d3-4331-9303-c230bca7834d,c2049974-965c-4d79-98ee-338d2280efc2,1643974078391,13.3967777,52.4728797,6.070273,1.2384801,-2.5703177,1.9883757,on bike mount,cyclo cross,True,paving stones,good
768543b5-6c7f-4de3-ac4c-5b219cdaeb8a,061ae5bf-10d3-4331-9303-c230bca7834d,80c23a98-d965-4c20-bea1-6f004f796178,1643974078446,13.3967777,52.4728797,6.070273,0.09641543,-0.84604645,0.19785213,on bike mount,cyclo cross,True,paving stones,good
