bike_activity_uid,bike_activity_sample_uid,bike_activity_measurement,bike_activity_measurement_timestamp,bike_activity_measurement_lon,bike_activity_measurement_lat,bike_activity_measurement_speed,bike_activity_measurement_accelerometer_x,bike_activity_measurement_accelerometer_y,bike_activity_measurement_accelerometer_z,bike_activity_phone_position,bike_activity_bike_type,bike_activity_flagged_lab_conditions,bike_activity_surface_type,bike_activity_smoothness_type
7959d0c7-6908-4a19-84f7-7bd0285a594f,4f99a40b-98e7-438c-b78d-240f4b63654b,6a417712-9892-41b0-bc58-857af4f6df78,1626708760803,13.5728139,52.4164543,3.0616875,5.271997,0.6605723,-2.7753382,on bike mount,road bicycle,False,ground,intermediate
7959d0c7-6908-4a19-84f7-7bd0285a594f,4f99a40b-98e7-438c-b78d-240f4b63654b,73eca374-a8df-43ec-8b9c-8591dcb17987,1626708760868,13.5728139,52.4164543,3.0616875,0.9885027,-1.8834188,-2.6494694,on bike mount,road bicycle,False,ground,intermediate
7959d0c7-6908-4a19-84f7-7bd0285a594f,4f99a40b-98e7-438c-b78d-240f4b63654b,52e231d8-2f26-4f88-ab73-83809b2fdc46,1626708760934,13.5728139,52.4164543,3.0616875,-1.0025674,1.0750676,-2.6034656,on bike mount,road bicycle,False,ground,intermediate
7959d0c7-6908-4a19-84f7-7bd0285a594f,4f99a40b-98e7-438c-b78d-240f4b63654b,9f615769-9993-49d4-b2c5-2b76a1e71c8b,1626708761001,13.5728139,52.4164543,3.0616875,-1.2421474,2.7330258,4.3451195,on bike mount,road bicycle,False,ground,intermediate
7959d0c7-6908-4a19-84f7-7bd0285a594f,4f99a40b-98e7-438c-b78d-240f4b63654b,6c85fd41-5641-4ecd-a16f-e217b29d0fdd,1626708761068,13.5728139,52.4164543,3.0616875,0.06367873,-0.8338041,-2.810583,on bike mount,road bicycle,False,ground,intermediate
7959d0c7-6908-4a19-84f7-7bd0285a594f,4f99a40b-98e7-438c-b78d-240f4b63654b,58c971f5-c632-482f-b152-f697b73d7d03,1626708761119,13.5728139,52.4164543,3.0616875,-4.5315933,0.58300936,5.586669,on bike mount,road bicycle,False,ground,intermediate
7959d0c7-6908-4a19-84f7-7bd0285a594f,4f99a40b-98e7-438c-b78d-240f4b63654b,951bcf43-7032-4858-9659-1e265ad86829,1626708761184,13.5728139,52.4164543,3.0616875,-3.0510666,1.0489235,-1.169311,on bike mount,road bicycle,False,ground,intermediate
7959d0c7-6908-4a19-84f7-7bd0285a594f,4f99a40b-98e7-438c-b78d-240f4b63654b,3b6cce29-5704-4430-8059-43885843fc62,1626708761251,13.5728139,52.4164543,3.0616875,1.0408063,-1.2909906,-4.521925,on bike mount,road bicycle,False,ground,intermediate
7959d0c7-6908-4a19-84f7-7bd0285a594f,4f99a40b-98e7-438c-b78d-240f4b63654b,2674f174-3020-4594-9840-d36264bb4310,1626708761318,13.5728139,52.4164543,3.0616875,0.2688182,-0.3540223,3.8625412,on bike mount,road bicycle,False,ground,intermediate
7959d0c7-6908-4a19-84f7-7bd0285a594f,4f99a40b-98e7-438c-b78d-240f4b63654b,3edd4595-0be5-4dc5-8f04-d386af401326,1626708761383,13.5728232,52.416476,3.8894758,0.1508578,-1.6068501,3.993844,on bike mount,road bicycle,False,ground,intermediate
7959d0c7-6908-4a19-84f7-7bd0285a594f,4f99a40b-98e7-438c-b78d-240f4b63654b,c1251736-fa37-4db4-94cb-8cb080faedeb,1626708761451,13.5728232,52.416476,3.8894758,3.7818718,1.9389051,-7.677437,on bike mount,road bicycle,False,ground,intermediate
7959d0c7-6908-4a19-84f7-7bd0285a594f,4f99a40b-98e7-438c-b78d-240f4b63654b,44334e47-7464-4a6c-bc3b-ff102f17e44d,1626708761517,13.5728232,52.416476,3.8894758,-0.9967036,3.1353407,-1.7209859,on bike mount,road bicycle,False,ground,intermediate
7959d0c7-6908-4a19-84f7-7bd0285a594f,4f99a40b-98e7-438c-b78d-240f4b63654b,d28219b0-fab2-4633-9203-38abfd5c87dc,1626708761584,13.5728232,52.416476,3.8894758,0.18082565,1.168083,-5.2245026,on bike mount,road bicycle,False,ground,intermediate
7959d0c7-6908-4a19-84f7-7bd0285a594f,4f99a40b-98e7-438c-b78d-240f4b63654b,78434eed-de9b-4f4f-b815-ec9d7f5469e0,1626708761649,13.5728232,52.416476,3.8894758,5.467526,-0.9536916,-0.6542673,on bike mount,road bicycle,False,ground,intermediate
7959d0c7-6908-4a19-84f7-7bd0285a594f,4f99a40b-98e7-438c-b78d-240f4b63654b,df835747-9dd2-4faf-9ebd-96b65f05fcb2,1626708761716,13.5728232,52.416476,3.8894758,-4.9115276,2.7166722,2.8075666,on bike mount,road bicycle,False,ground,intermediate
7959d0c7-6908-4a19-84f7-7bd0285a594f,4f99a40b-98e7-438c-b78d-240f4b63654b,031e2980-c331-488d-a84d-950848067a47,1626708761783,13.5728232,52.416476,3.8894758,-5.767822,-2.3781605,0.9290533,on bike mount,road bicycle,False,ground,intermediate
7959d0c7-6908-4a19-84f7-7bd0285a594f,4f99a40b-98e7-438c-b78d-240f4b63654b,99feba7b-3ba7-4443-bede-81059f5366dc,1626708761834,13.5728232,52.416476,3.8894758,1.7146338,-2.0089564,-6.130552,on bike mount,road bicycle,False,ground,intermediate
7959d0c7-6908-4a19-84f7-7bd0285a594f,4f99a40b-98e7-438c-b78d-240f4b63654b,85652e45-c0a5-41c3-98b8-17b5d6f22655,1626708761899,13.5728232,52.416476,3.8894758,-3.4316423,0.927021,-2.3096418,on bike mount,road bicycle,False,ground,intermediate
7959d0c7-6908-4a19-84f7-7bd0285a594f,4f99a40b-98e7-438c-b78d-240f4b63654b,7500d052-24d6-4cb8-b413-5828628d6648,1626708761966,13.5728232,52.416476,3.8894758,-0.2976297,-3.5863352,1.3816748,on bike mount,road bicycle,False,ground,intermediate
7959d0c7-6908-4a19-84f7-7bd0285a594f,4f99a40b-98e7-438c-b78d-240f4b63654b,6c2a92e6-de8d-4768-a843-998fad9e6f90,1626708762034,13.5728232,52.416476,3.8894758,-1.0009228,3.0052104,-0.25346947,on bike mount,road bicycle,False,ground,intermediate
7959d0c7-6908-4a19-84f7-7bd0285a594f,4f99a40b-98e7-438c-b78d-240f4b63654b,923fc493-243d-4fc6-bc41-3877606caa23,1626708762101,13.5728232,52.416476,3.8894758,4.324086,-2.9246294,3.889948,on bike mount,road bicycle,False,ground,intermediate
7959d0c7-6908-4a19-84f7-7bd0285a594f,4f99a40b-98e7-438c-b78d-240f4b63654b,eec33ec7-9049-42e5-b3c9-382ba346ea39,1626708762166,13.5728232,52.416476,3.8894758,2.7562706,-0.36644712,0.6675854,on bike mount,road bicycle,False,ground,intermediate
7959d0c7-6908-4a19-84f7-7bd0285a594f,4f99a40b-98e7-438c-b78d-240f4b63654b,23b05bb8-0713-493c-a1a9-c59ce3baba97,1626708762234,13.5728232,52.416476,3.8894758,-0.47905105,2.2497134,-2.4451046,on bike mount,road bicycle,False,ground,intermediate
7959d0c7-6908-4a19-84f7-7bd0285a594f,4f99a40b-98e7-438c-b78d-240f4b63654b,01b90221-5485-489c-9a09-a35082bcc349,1626708762300,13.5728232,52.416476,3.8894758,-0.43721458,0.69398236,-1.9009671,on bike mount,road bicycle,False,ground,intermediate
7959d0c7-6908-4a19-84f7-7bd0285a594f,4f99a40b-98e7-438c-b78d-240f4b63654b,ddd6f865-3715-474d-a0ca-3f6cb9f04d78,1626708762367,13.5728232,52.416476,3.8894758,1.070529,-0.5099862,1.988347,on bike mount,road bicycle,False,ground,intermediate
7959d0c7-6908-4a19-84f7-7bd0285a594f,4f99a40b-98e7-438c-b78d-240f4b63654b,41b2442f-8967-4e80-a6f6-ff897e217a3a,1626708762434,13.5728232,52.416476,3.8894758,-2.315532,0.50468814,-6.034465,on bike mount,road bicycle,False,ground,intermediate
7959d0c7-6908-4a19-84f7-7bd0285a594f,4f99a40b-98e7-438c-b78d-240f4b63654b,bc7b3b40-a943-4849-b61a-7fd5c3b371cb,1626708762499,13.5728232,52.416476,3.8894758,0.5090878,1.0530214,-4.546363,on bike mount,road bicycle,False,ground,intermediate
7959d0c7-6908-4a19-84f7-7bd0285a594f,4f99a40b-98e7-438c-b78d-240f4b63654b,63258595-f324-419d-a82d-2d51597f2a90,1626708762565,13.5728618,52.416515,3.7159586,1.1724398,-3.64821,0.27725124,on bike mount,road bicycle,False,ground,intermediate
7959d0c7-6908-4a19-84f7-7bd0285a594f,4f99a40b-98e7-438c-b78d-240f4b63654b,156307ff-adf5-483e-920b-75a993e0b705,1626708762631,13.5728618,52.416515,3.7159586,-2.582635,-0.6787027,-1.0572872,on bike mount,road bicycle,False,ground,intermediate
7959d0c7-6908-4a19-84f7-7bd0285a594f,4f99a40b-98e7-438c-b78d-240f4b63654b,1e04194f-0b3c-4241-946c-5856288725c6,1626708762698,13.5728618,52.416515,3.7159586,2.4393106,1.4508066,-1.7810488,on bike mount,road bicycle,False,ground,intermediate
7959d0c7-6908-4a19-84f7-7bd0285a594f,4f99a40b-98e7-438c-b78d-240f4b63654b,0a5ce6f5-b56e-4436-8bf6-65c3f37fa9e1,1626708762765,13.5728618,52.416515,3.7159586,-2.8087723,-2.6151469,5.4634132,on bike mount,road bicycle,False,ground,intermediate
7959d0c7-6908-4a19-84f7-7bd0285a594f,4f99a40b-98e7-438c-b78d-240f4b63654b,536acee1-1651-4318-af0b-83a11e321783,1626708762830,13.5728618,52.416515,3.7159586,0.82149535,1.8023989,-1.477243,on bike mount,road bicycle,False,ground,intermediate
7959d0c7-6908-4a19-84f7-7bd0285a594f,4f99a40b-98e7-438c-b78d-240f4b63654b,4105931b-5f11-4a73-ae7a-688ca18b6a15,1626708762897,13.5728618,52.416515,3.7159586,-0.9718888,-2.6180844,-0.28918457,on bike mount,road bicycle,False,ground,intermediate
7959d0c7-6908-4a19-84f7-7bd0285a594f,4f99a40b-98e7-438c-b78d-240f4b63654b,dedf6412-035b-4b19-825b-143e41cf6852,1626708762947,13.5728618,52.416515,3.7159586,-3.8398147,-3.092055,-2.196261,on bike mount,road bicycle,False,ground,intermediate
7959d0c7-6908-4a19-84f7-7bd0285a594f,4f99a40b-98e7-438c-b78d-240f4b63654b,028d9e94-dd63-41c8-a4ec-f2e541a4adbc,1626708763014,13.5728618,52.416515,3.7159586,0.35411894,-4.30706,-2.4647017,on bike mount,road bicycle,False,ground,intermediate
7959d0c7-6908-4a19-84f7-7bd0285a594f,4f99a40b-98e7-438c-b78d-240f4b63654b,7835791e-b94f-45be-995b-639b46d0e253,1626708763081,13.5728618,52.416515,3.7159586,0.8503374,-3.051714,-6.299335,on bike mount,road bicycle,False,ground,intermediate
7959d0c7-6908-4a19-84f7-7bd0285a594f,4f99a40b-98e7-438c-b78d-240f4b63654b,58fac644-769e-4940-8da7-71b5bbcee4d4,1626708763149,13.5728618,52.416515,3.7159586,1.4730803,3.0428872,-2.9979591,on bike mount,road bicycle,False,ground,intermediate
7959d0c7-6908-4a19-84f7-7bd0285a594f,4f99a40b-98e7-438c-b78d-240f4b63654b,c540b084-9062-4c97-a511-cc6e720cbb3d,1626708763214,13.5728547,52.41654,3.344405,1.2707719,1.4634969,2.7139435,on bike mount,road bicycle,False,ground,intermediate
7959d0c7-6908-4a19-84f7-7bd0285a594f,4f99a40b-98e7-438c-b78d-240f4b63654b,acccd5a4-8ff2-4dd7-97c8-8b0cd693dc09,1626708763281,13.5728547,52.41654,3.344405,-2.5175478,-0.9894079,3.5446243,on bike mount,road bicycle,False,ground,intermediate
7959d0c7-6908-4a19-84f7-7bd0285a594f,4f99a40b-98e7-438c-b78d-240f4b63654b,f2d6347b-2475-440b-aed4-525c33f9a262,1626708763348,13.5728547,52.41654,3.344405,-2.7184412,0.81744254,4.531082,on bike mount,road bicycle,False,ground,intermediate
7959d0c7-6908-4a19-84f7-7bd0285a594f,4f99a40b-98e7-438c-b78d-240f4b63654b,72019665-555b-409d-be33-69b797ffd165,1626708763415,13.5728547,52.41654,3.344405,0.32621416,-2.4991863,-6.1367245,on bike mount,road bicycle,False,ground,intermediate
7959d0c7-6908-4a19-84f7-7bd0285a594f,4f99a40b-98e7-438c-b78d-240f4b63654b,671db677-d16e-47e7-a662-3eac3fc7017f,1626708763481,13.5728547,52.41654,3.344405,0.63418937,2.0659406,0.5435724,on bike mount,road bicycle,False,ground,intermediate
7959d0c7-6908-4a19-84f7-7bd0285a594f,4f99a40b-98e7-438c-b78d-240f4b63654b,41551d92-537c-4aac-9bdb-b9a45e2cc6ae,1626708763532,13.5728547,52.41654,3.344405,0.90936756,-3.2991028,3.559473,on bike mount,road bicycle,False,ground,intermediate
7959d0c7-6908-4a19-84f7-7bd0285a594f,4f99a40b-98e7-438c-b78d-240f4b63654b,114125a9-7179-4130-a906-f29a748451ad,1626708763597,13.5728547,52.41654,3.344405,-0.22501712,-0.7613644,-6.4848013,on bike mount,road bicycle,False,ground,intermediate
7959d0c7-6908-4a19-84f7-7bd0285a594f,4f99a40b-98e7-438c-b78d-240f4b63654b,5650d9fc-951a-4cb5-a509-19570ae9653e,1626708763664,13.5728547,52.41654,3.344405,2.7508383,1.2263935,-0.8295984,on bike mount,road bicycle,False,ground,intermediate
7959d0c7-6908-4a19-84f7-7bd0285a594f,4f99a40b-98e7-438c-b78d-240f4b63654b,5b7faf6a-7646-455e-ae36-4108714cd47f,1626708763730,13.5728547,52.41654,3.344405,-2.4902635,-1.4950411,6.1598816,on bike mount,road bicycle,False,ground,intermediate
7959d0c7-6908-4a19-84f7-7bd0285a594f,4f99a40b-98e7-438c-b78d-240f4b63654b,9ff9924d-eafd-4262-9976-458e8c301816,1626708763797,13.5728547,52.41654,3.344405,-5.280187,-2.5574734,0.21909142,on bike mount,road bicycle,False,ground,intermediate
7959d0c7-6908-4a19-84f7-7bd0285a594f,4f99a40b-98e7-438c-b78d-240f4b63654b,5060d95d-36a0-438e-aed8-a6b8080a3898,1626708763866,13.5728547,52.41654,3.344405,0.08360374,3.2289991,-4.406102,on bike mount,road bicycle,False,ground,intermediate
7959d0c7-6908-4a19-84f7-7bd0285a594f,4f99a40b-98e7-438c-b78d-240f4b63654b,4d4ae8bb-1469-4869-8959-5631c930b100,1626708763932,13.5728547,52.41654,3.344405,-1.9279556,-3.6772003,0.6487913,on bike mount,road bicycle,False,ground,intermediate
7959d0c7-6908-4a19-84f7-7bd0285a594f,4f99a40b-98e7-438c-b78d-240f4b63654b,78fa64de-b5fb-4675-8f05-f9d427e2b390,1626708764001,13.5728547,52.41654,3.344405,4.1420245,-0.76250815,9.354195,on bike mount,road bicycle,False,ground,intermediate
7959d0c7-6908-4a19-84f7-7bd0285a594f,4f99a40b-98e7-438c-b78d-240f4b63654b,2ba1bdf3-7734-40ae-bfc3-e0734b73e28b,1626708764065,13.5728547,52.41654,3.344405,-3.8951697,-4.6647477,13.007398,on bike mount,road bicycle,False,ground,intermediate
7959d0c7-6908-4a19-84f7-7bd0285a594f,4f99a40b-98e7-438c-b78d-240f4b63654b,af2ca79b-4e5d-468b-978a-27b57bb8316c,1626708764132,13.5728547,52.41654,3.344405,-6.9495106,0.3153404,-4.520632,on bike mount,road bicycle,False,ground,intermediate
7959d0c7-6908-4a19-84f7-7bd0285a594f,4f99a40b-98e7-438c-b78d-240f4b63654b,92a8b479-137f-4999-8a22-fe015cafa91c,1626708764199,13.5728547,52.41654,3.344405,-1.4130247,3.7743192,-1.1211185,on bike mount,road bicycle,False,ground,intermediate
7959d0c7-6908-4a19-84f7-7bd0285a594f,4f99a40b-98e7-438c-b78d-240f4b63654b,79d549df-cf52-4598-bc46-49aceb1cc02c,1626708764264,13.5728547,52.41654,3.344405,-0.55797833,-3.2789721,1.1572018,on bike mount,road bicycle,False,ground,intermediate
7959d0c7-6908-4a19-84f7-7bd0285a594f,4f99a40b-98e7-438c-b78d-240f4b63654b,01b13f04-06d6-4b0f-b264-3e5e4eeadc80,1626708764333,13.5728547,52.41654,3.344405,1.014224,0.93095624,2.0543518,on bike mount,road bicycle,False,ground,intermediate
7959d0c7-6908-4a19-84f7-7bd0285a594f,4f99a40b-98e7-438c-b78d-240f4b63654b,b53cfa5e-d10b-48e7-914e-169a7baae93b,1626708764398,13.5728547,52.41654,3.344405,-0.8855518,-4.179188,-1.1690702,on bike mount,road bicycle,False,ground,intermediate
7959d0c7-6908-4a19-84f7-7bd0285a594f,4f99a40b-98e7-438c-b78d-240f4b63654b,a5814c65-a248-40f3-9db8-abe2b2c64161,1626708764464,13.5728547,52.41654,3.344405,-0.07699871,-1.2364311,3.062007,on bike mount,road bicycle,False,ground,intermediate
7959d0c7-6908-4a19-84f7-7bd0285a594f,4f99a40b-98e7-438c-b78d-240f4b63654b,d9f9b1df-1a61-4436-8809-99a50580a5f1,1626708764531,13.5728547,52.41654,3.344405,-5.0131006,4.907811,2.9522514,on bike mount,road bicycle,False,ground,intermediate
7959d0c7-6908-4a19-84f7-7bd0285a594f,4f99a40b-98e7-438c-b78d-240f4b63654b,0fbbdd8d-36af-461c-bdc4-b4fa52ddb0a4,1626708764596,13.5728547,52.41654,3.344405,6.0589156,1.894983,-0.83241844,on bike mount,road bicycle,False,ground,intermediate
7959d0c7-6908-4a19-84f7-7bd0285a594f,4f99a40b-98e7-438c-b78d-240f4b63654b,d4bd704d-3671-4346-8e56-699be960e16e,1626708764671,13.5727979,52.4166337,3.6105525,2.035907,-2.2841022,-11.831802,on bike mount,road bicycle,False,ground,intermediate
7959d0c7-6908-4a19-84f7-7bd0285a594f,4f99a40b-98e7-438c-b78d-240f4b63654b,6a393af4-40a6-4561-9697-a68a9e8608a3,1626708764739,13.5727979,52.4166337,3.6105525,-1.1493274,-2.465018,3.362029,on bike mount,road bicycle,False,ground,intermediate
7959d0c7-6908-4a19-84f7-7bd0285a594f,4f99a40b-98e7-438c-b78d-240f4b63654b,9a7aa147-e821-48ed-b3bc-fc816cb944e1,1626708764806,13.5727979,52.4166337,3.6105525,-3.2635145,-6.3815603,1.5621052,on bike mount,road bicycle,False,ground,intermediate
7959d0c7-6908-4a19-84f7-7bd0285a594f,4f99a40b-98e7-438c-b78d-240f4b63654b,502fa5bb-1ef2-4bd5-becb-89cc3ddc9c8c,1626708764874,13.5727979,52.4166337,3.6105525,0.7260728,-1.2530084,-0.33404636,on bike mount,road bicycle,False,ground,intermediate
7959d0c7-6908-4a19-84f7-7bd0285a594f,4f99a40b-98e7-438c-b78d-240f4b63654b,129dc732-dbab-4020-831d-29027c4bee8f,1626708764940,13.5727979,52.4166337,3.6105525,-1.3795147,-2.402833,-5.3610296,on bike mount,road bicycle,False,ground,intermediate
7959d0c7-6908-4a19-84f7-7bd0285a594f,4f99a40b-98e7-438c-b78d-240f4b63654b,2e28ebd9-79bf-4f43-8153-7703ff2c35e2,1626708765007,13.5727979,52.4166337,3.6105525,6.998576,4.3038363,-5.471694,on bike mount,road bicycle,False,ground,intermediate
7959d0c7-6908-4a19-84f7-7bd0285a594f,4f99a40b-98e7-438c-b78d-240f4b63654b,0047dd37-c551-423c-8938-14fc988d6ade,1626708765072,13.5727979,52.4166337,3.6105525,4.157115,-5.2071047,8.086035,on bike mount,road bicycle,False,ground,intermediate
7959d0c7-6908-4a19-84f7-7bd0285a594f,4f99a40b-98e7-438c-b78d-240f4b63654b,eaada7e4-3a04-40b9-8c59-0156fbc1694e,1626708765138,13.5727979,52.4166337,3.6105525,1.3090888,0.4714322,3.915676,on bike mount,road bicycle,False,ground,intermediate
7959d0c7-6908-4a19-84f7-7bd0285a594f,4f99a40b-98e7-438c-b78d-240f4b63654b,c288d5c7-279f-4013-ac97-a32088cdbccb,1626708765206,13.5727979,52.4166337,3.6105525,-7.438381,2.1180463,5.4832716,on bike mount,road bicycle,False,ground,intermediate
7959d0c7-6908-4a19-84f7-7bd0285a594f,4f99a40b-98e7-438c-b78d-240f4b63654b,f2b23378-82b3-4b8c-b94b-234c04d4f5c9,1626708765273,13.5727979,52.4166337,3.6105525,0.90358174,11.648465,-1.5435739,on bike mount,road bicycle,False,ground,intermediate
7959d0c7-6908-4a19-84f7-7bd0285a594f,4f99a40b-98e7-438c-b78d-240f4b63654b,022fe607-a374-44a3-8659-c13eb8955990,1626708765340,13.5727979,52.4166337,3.6105525,-0.003009528,2.0162272,-1.6499681,on bike mount,road bicycle,False,ground,intermediate
7959d0c7-6908-4a19-84f7-7bd0285a594f,4f99a40b-98e7-438c-b78d-240f4b63654b,83e4f81a-549b-47d2-b0a6-6c76dcd2a8b0,1626708765406,13.5727979,52.4166337,3.6105525,-1.3031254,-0.67397475,-9.641228,on bike mount,road bicycle,False,ground,intermediate
7959d0c7-6908-4a19-84f7-7bd0285a594f,4f99a40b-98e7-438c-b78d-240f4b63654b,0f497a32-3e48-4bef-98e1-ff3e39e3317a,1626708765470,13.5728044,52.4166601,4.105656,-5.7324758,-9.16696,15.953667,on bike mount,road bicycle,False,ground,intermediate
7959d0c7-6908-4a19-84f7-7bd0285a594f,4f99a40b-98e7-438c-b78d-240f4b63654b,868bb075-3fdd-40f0-b49a-c976ccd8b00d,1626708765539,13.5728044,52.4166601,4.105656,-2.905017,-2.772946,2.4561024,on bike mount,road bicycle,False,ground,intermediate
7959d0c7-6908-4a19-84f7-7bd0285a594f,4f99a40b-98e7-438c-b78d-240f4b63654b,fbcacdd1-9e30-4e7a-8c5c-ced0a1d76a70,1626708765602,13.5728044,52.4166601,4.105656,4.2000456,-5.0222225,-10.355581,on bike mount,road bicycle,False,ground,intermediate
7959d0c7-6908-4a19-84f7-7bd0285a594f,4f99a40b-98e7-438c-b78d-240f4b63654b,f253c1a7-6bb6-4057-a973-8bcb9a7db506,1626708765670,13.5728044,52.4166601,4.105656,0.5119703,-2.3215027,-12.385241,on bike mount,road bicycle,False,ground,intermediate
7959d0c7-6908-4a19-84f7-7bd0285a594f,4f99a40b-98e7-438c-b78d-240f4b63654b,fb2e5708-3785-4830-8db0-075cb06842f3,1626708765739,13.5728044,52.4166601,4.105656,5.226781,5.889394,-2.564104,on bike mount,road bicycle,False,ground,intermediate
7959d0c7-6908-4a19-84f7-7bd0285a594f,4f99a40b-98e7-438c-b78d-240f4b63654b,b9faa5b2-1f09-4e6e-8e05-dfb382c121b3,1626708765806,13.5728044,52.4166601,4.105656,-1.4933805,-0.00327909,-2.0862508,on bike mount,road bicycle,False,ground,intermediate
7959d0c7-6908-4a19-84f7-7bd0285a594f,4f99a40b-98e7-438c-b78d-240f4b63654b,99258566-ad04-47fb-a40a-e10aef5b0de1,1626708765872,13.5728044,52.4166601,4.105656,-1.7098885,-2.2227173,9.768196,on bike mount,road bicycle,False,ground,intermediate
7959d0c7-6908-4a19-84f7-7bd0285a594f,4f99a40b-98e7-438c-b78d-240f4b63654b,54fe878d-cfaa-4fd9-9fc7-41579d1ca0b9,1626708765940,13.5728044,52.4166601,4.105656,-6.999922,3.36627,6.5587454,on bike mount,road bicycle,False,ground,intermediate
7959d0c7-6908-4a19-84f7-7bd0285a594f,4f99a40b-98e7-438c-b78d-240f4b63654b,e4aecbf1-6330-46bd-aa76-db3d5d3240a7,1626708766006,13.5728044,52.4166601,4.105656,-0.19333619,-3.6758034,-0.0819397,on bike mount,road bicycle,False,ground,intermediate
7959d0c7-6908-4a19-84f7-7bd0285a594f,4f99a40b-98e7-438c-b78d-240f4b63654b,afd85518-b821-4f9f-93a7-660ea14989d9,1626708766073,13.5728044,52.4166601,4.105656,-4.169941,0.78655934,0.7800102,on bike mount,road bicycle,False,ground,intermediate
7959d0c7-6908-4a19-84f7-7bd0285a594f,4f99a40b-98e7-438c-b78d-240f4b63654b,f7f65b8f-1822-462e-905c-b7002b824c6f,1626708766140,13.5728044,52.4166601,4.105656,2.8499796,-3.4897149,-4.8990946,on bike mount,road bicycle,False,ground,intermediate
7959d0c7-6908-4a19-84f7-7bd0285a594f,4f99a40b-98e7-438c-b78d-240f4b63654b,d27df242-dc8f-4629-891e-266c67a9a7e1,1626708766202,13.5728044,52.4166601,4.105656,1.2454383,3.0877187,-1.4376717,on bike mount,road bicycle,False,ground,intermediate
7959d0c7-6908-4a19-84f7-7bd0285a594f,4f99a40b-98e7-438c-b78d-240f4b63654b,c8062f0f-379d-4b37-b023-8db3c689baa7,1626708766272,13.5728044,52.4166601,4.105656,0.43034828,-0.5871941,6.8035183,on bike mount,road bicycle,False,ground,intermediate
7959d0c7-6908-4a19-84f7-7bd0285a594f,4f99a40b-98e7-438c-b78d-240f4b63654b,14ab8d3f-6f0e-420e-8e16-ce5ab4f952a5,1626708766340,13.5728044,52.4166601,4.105656,2.0186982,-2.720785,-5.7349086,on bike mount,road bicycle,False,ground,intermediate
7959d0c7-6908-4a19-84f7-7bd0285a594f,4f99a40b-98e7-438c-b78d-240f4b63654b,d24f699d-a156-4511-bcab-1867314768c0,1626708766405,13.5728044,52.4166601,4.105656,1.8050184,-6.149146,-0.40334988,on bike mount,road bicycle,False,ground,intermediate
7959d0c7-6908-4a19-84f7-7bd0285a594f,4f99a40b-98e7-438c-b78d-240f4b63654b,75cab91f-9466-43b8-a8da-f9ac30e8b089,1626708766471,13.5728044,52.4166601,4.105656,-5.560709,5.219674,-4.9310174,on bike mount,road bicycle,False,ground,intermediate
7959d0c7-6908-4a19-84f7-7bd0285a594f,4f99a40b-98e7-438c-b78d-240f4b63654b,94029be5-fb3c-4297-ad6a-859d09ae1b62,1626708766538,13.5728044,52.4166601,4.105656,2.592329,-1.9760921,-4.2156653,on bike mount,road bicycle,False,ground,intermediate
7959d0c7-6908-4a19-84f7-7bd0285a594f,4f99a40b-98e7-438c-b78d-240f4b63654b,6ab15515-abc7-482f-b2b6-1cc0f9a7ce04,1626708766602,13.5727325,52.4167564,5.09065,-2.3875203,0.055706024,4.965728,on bike mount,road bicycle,False,ground,intermediate
7959d0c7-6908-4a19-84f7-7bd0285a594f,4f99a40b-98e7-438c-b78d-240f4b63654b,bc86fa10-611e-435a-8608-760823ccd452,1626708766669,13.5727325,52.4167564,5.09065,1.3886398,1.0541389,-3.6509147,on bike mount,road bicycle,False,ground,intermediate
7959d0c7-6908-4a19-84f7-7bd0285a594f,4f99a40b-98e7-438c-b78d-240f4b63654b,362b79bc-5f01-4402-959e-d56f5129a994,1626708766739,13.5727325,52.4167564,5.09065,-0.2598897,-4.166319,-5.603789,on bike mount,road bicycle,False,ground,intermediate
7959d0c7-6908-4a19-84f7-7bd0285a594f,4f99a40b-98e7-438c-b78d-240f4b63654b,4fb0d651-1370-4edc-8aef-178bb5bb5be4,1626708766806,13.5727325,52.4167564,5.09065,-2.0199623,-0.47311854,-1.8699379,on bike mount,road bicycle,False,ground,intermediate
7959d0c7-6908-4a19-84f7-7bd0285a594f,4f99a40b-98e7-438c-b78d-240f4b63654b,87918b0e-1f73-4e06-80a3-9010d5d3f9bd,1626708766873,13.5727325,52.4167564,5.09065,0.22462535,1.670154,-4.5128555,on bike mount,road bicycle,False,ground,intermediate
7959d0c7-6908-4a19-84f7-7bd0285a594f,4f99a40b-98e7-438c-b78d-240f4b63654b,6ebe1a05-f724-4fd3-a3da-a61bd7a6d9d3,1626708766939,13.5727325,52.4167564,5.09065,-5.642113,0.71114707,10.558472,on bike mount,road bicycle,False,ground,intermediate
7959d0c7-6908-4a19-84f7-7bd0285a594f,4f99a40b-98e7-438c-b78d-240f4b63654b,6c09ac40-bc5b-45d3-b22f-55acdb2a0a2f,1626708767004,13.5727325,52.4167564,5.09065,-4.3013625,0.942601,2.6974096,on bike mount,road bicycle,False,ground,intermediate
7959d0c7-6908-4a19-84f7-7bd0285a594f,4f99a40b-98e7-438c-b78d-240f4b63654b,5f423f56-ac14-4fd1-bfb7-3fab4bbfe35c,1626708767071,13.5727325,52.4167564,5.09065,-0.01793015,3.6632524,-2.4992533,on bike mount,road bicycle,False,ground,intermediate
7959d0c7-6908-4a19-84f7-7bd0285a594f,4f99a40b-98e7-438c-b78d-240f4b63654b,b8e93827-504d-452f-a26c-f280850ebe7e,1626708767138,13.5727325,52.4167564,5.09065,1.552699,1.1627018,5.576956,on bike mount,road bicycle,False,ground,intermediate
7959d0c7-6908-4a19-84f7-7bd0285a594f,4f99a40b-98e7-438c-b78d-240f4b63654b,38e22042-9f04-446d-b180-fd52d8c4c5dc,1626708767204,13.5727325,52.4167564,5.09065,3.7873564,-0.88220084,7.2557774,on bike mount,road bicycle,False,ground,intermediate
7959d0c7-6908-4a19-84f7-7bd0285a594f,4f99a40b-98e7-438c-b78d-240f4b63654b,4cdaaad0-c11a-4946-a09b-da0cc7c31ffa,1626708767269,13.5727325,52.4167564,5.09065,1.9745556,-4.4974813,1.8746166,on bike mount,road bicycle,False,ground,intermediate
7959d0c7-6908-4a19-84f7-7bd0285a594f,4f99a40b-98e7-438c-b78d-240f4b63654b,bf945561-a4e5-4e8f-ba99-24562cf32068,1626708767338,13.5727325,52.4167564,5.09065,-0.61692286,-1.7700593,-11.229559,on bike mount,road bicycle,False,ground,intermediate
7959d0c7-6908-4a19-84f7-7bd0285a594f,0cc6def8-02e1-4219-a150-5399ce669856,8120e50c-9190-4496-9151-911e94676863,1626708763467,13.5728547,52.41654,3.344405,1.2204652,-4.139744,0.5281019,on bike mount,road bicycle,False,ground,intermediate
7959d0c7-6908-4a19-84f7-7bd0285a594f,0cc6def8-02e1-4219-a150-5399ce669856,53de5812-eeec-40b9-b9c4-b97c512a0521,1626708763532,13.5728547,52.41654,3.344405,0.90936756,-3.2991028,3.559473,on bike mount,road bicycle,False,ground,intermediate
7959d0c7-6908-4a19-84f7-7bd0285a594f,0cc6def8-02e1-4219-a150-5399ce669856,c3445b59-0081-4383-b6d6-e370846c6cbb,1626708763597,13.5728547,52.41654,3.344405,-0.22501712,-0.7613644,-6.4848013,on bike mount,road bicycle,False,ground,intermediate
7959d0c7-6908-4a19-84f7-7bd0285a594f,0cc6def8-02e1-4219-a150-5399ce669856,aa1d362a-bd5c-4f9f-bc68-5ce90195c5d9,1626708763663,13.5728547,52.41654,3.344405,2.3809202,2.51046,-1.014864,on bike mount,road bicycle,False,ground,intermediate
7959d0c7-6908-4a19-84f7-7bd0285a594f,0cc6def8-02e1-4219-a150-5399ce669856,579b6431-e741-4dc1-acff-cad248f67c59,1626708763730,13.5728547,52.41654,3.344405,-3.3275852,-2.9371967,10.260771,on bike mount,road bicycle,False,ground,intermediate
7959d0c7-6908-4a19-84f7-7bd0285a594f,0cc6def8-02e1-4219-a150-5399ce669856,ed3c515c-2b6d-48ab-8fef-1af01f02b98f,1626708763797,13.5728547,52.41654,3.344405,-5.280187,-2.5574734,0.21909142,on bike mount,road bicycle,False,ground,intermediate
7959d0c7-6908-4a19-84f7-7bd0285a594f,0cc6def8-02e1-4219-a150-5399ce669856,e05b1c56-485f-4254-888c-5df85311d851,1626708763865,13.5728547,52.41654,3.344405,0.08360374,3.2289991,-4.406102,on bike mount,road bicycle,False,ground,intermediate
7959d0c7-6908-4a19-84f7-7bd0285a594f,0cc6def8-02e1-4219-a150-5399ce669856,67a04dbb-75bc-40e3-b745-3ffc29c3de90,1626708763932,13.5728547,52.41654,3.344405,-1.9279556,-3.6772003,0.6487913,on bike mount,road bicycle,False,ground,intermediate
7959d0c7-6908-4a19-84f7-7bd0285a594f,0cc6def8-02e1-4219-a150-5399ce669856,c73f03b8-7856-409f-b5f3-80e63890aee6,1626708764000,13.5728547,52.41654,3.344405,-0.13872302,-0.022925317,8.115474,on bike mount,road bicycle,False,ground,intermediate
7959d0c7-6908-4a19-84f7-7bd0285a594f,0cc6def8-02e1-4219-a150-5399ce669856,4744c36e-c8a5-455b-a5c5-9e77c437b1f3,1626708764065,13.5728547,52.41654,3.344405,-3.8951697,-4.6647477,13.007398,on bike mount,road bicycle,False,ground,intermediate
7959d0c7-6908-4a19-84f7-7bd0285a594f,0cc6def8-02e1-4219-a150-5399ce669856,facfd4d2-6e14-47cc-be53-537664a964f4,1626708764132,13.5728547,52.41654,3.344405,-6.9495106,0.3153404,-4.520632,on bike mount,road bicycle,False,ground,intermediate
7959d0c7-6908-4a19-84f7-7bd0285a594f,0cc6def8-02e1-4219-a150-5399ce669856,2ebb1042-05bf-42c0-ade2-44c93a2bf185,1626708764198,13.5728547,52.41654,3.344405,-1.4130247,3.7743192,-1.1211185,on bike mount,road bicycle,False,ground,intermediate
7959d0c7-6908-4a19-84f7-7bd0285a594f,0cc6def8-02e1-4219-a150-5399ce669856,9f07fe24-2cce-412e-8ce8-d3beb5ae328e,1626708764263,13.5728547,52.41654,3.344405,-0.55797833,-3.2789721,1.1572018,on bike mount,road bicycle,False,ground,intermediate
7959d0c7-6908-4a19-84f7-7bd0285a594f,0cc6def8-02e1-4219-a150-5399ce669856,47133187-4186-4d52-b4a0-cbf4426e22ad,1626708764332,13.5728547,52.41654,3.344405,1.014224,0.93095624,2.0543518,on bike mount,road bicycle,False,ground,intermediate
7959d0c7-6908-4a19-84f7-7bd0285a594f,0cc6def8-02e1-4219-a150-5399ce669856,c85d0db6-6175-4707-8e9d-7c78bcdd8df0,1626708764397,13.5728547,52.41654,3.344405,-0.8855518,-4.179188,-1.1690702,on bike mount,road bicycle,False,ground,intermediate
7959d0c7-6908-4a19-84f7-7bd0285a594f,0cc6def8-02e1-4219-a150-5399ce669856,937a300b-6ff3-465c-b514-827f68a056cd,1626708764464,13.5728547,52.41654,3.344405,-0.07699871,-1.2364311,3.062007,on bike mount,road bicycle,False,ground,intermediate
7959d0c7-6908-4a19-84f7-7bd0285a594f,0cc6def8-02e1-4219-a150-5399ce669856,76cd4b16-478f-45f7-834b-e974c5a0fe19,1626708764515,13.5728547,52.41654,3.344405,-4.7219057,3.3476443,-0.07166481,on bike mount,road bicycle,False,ground,intermediate
7959d0c7-6908-4a19-84f7-7bd0285a594f,0cc6def8-02e1-4219-a150-5399ce669856,10f43b7b-e3ac-4382-add3-4f63793f73a6,1626708764581,13.5728547,52.41654,3.344405,-5.9612675,-9.49257,16.903625,on bike mount,road bicycle,False,ground,intermediate
7959d0c7-6908-4a19-84f7-7bd0285a594f,0cc6def8-02e1-4219-a150-5399ce669856,2cc07415-66fb-4238-be9b-9e4d3300763e,1626708764646,13.5727979,52.4166337,3.6105525,2.035907,-2.2841022,-11.831802,on bike mount,road bicycle,False,ground,intermediate
7959d0c7-6908-4a19-84f7-7bd0285a594f,0cc6def8-02e1-4219-a150-5399ce669856,3a744c21-ea9e-4bd0-b904-45b50ceed33b,1626708764720,13.5727979,52.4166337,3.6105525,-1.5217737,2.7228096,-2.2531805,on bike mount,road bicycle,False,ground,intermediate
7959d0c7-6908-4a19-84f7-7bd0285a594f,0cc6def8-02e1-4219-a150-5399ce669856,99630a1c-b5ba-4919-9df8-1a5e528e2002,1626708764789,13.5727979,52.4166337,3.6105525,3.996081,-3.601713,-11.38441,on bike mount,road bicycle,False,ground,intermediate
7959d0c7-6908-4a19-84f7-7bd0285a594f,0cc6def8-02e1-4219-a150-5399ce669856,50ecf131-1bff-46be-8a7a-4cb5f0706b2a,1626708764857,13.5727979,52.4166337,3.6105525,1.3470387,2.936232,0.4016857,on bike mount,road bicycle,False,ground,intermediate
7959d0c7-6908-4a19-84f7-7bd0285a594f,0cc6def8-02e1-4219-a150-5399ce669856,b38e57c7-1395-44f1-8163-6a1c09a0aa6a,1626708764924,13.5727979,52.4166337,3.6105525,-0.9824114,3.6861587,0.6669493,on bike mount,road bicycle,False,ground,intermediate
7959d0c7-6908-4a19-84f7-7bd0285a594f,0cc6def8-02e1-4219-a150-5399ce669856,fce97646-0e49-4fb6-bab4-c6d123483da6,1626708764991,13.5727979,52.4166337,3.6105525,-1.8465943,-4.364147,3.216919,on bike mount,road bicycle,False,ground,intermediate
7959d0c7-6908-4a19-84f7-7bd0285a594f,0cc6def8-02e1-4219-a150-5399ce669856,b0069e23-ebc1-474a-ac12-c52fef252c55,1626708765057,13.5727979,52.4166337,3.6105525,1.7932684,-1.8617511,3.53761,on bike mount,road bicycle,False,ground,intermediate
7959d0c7-6908-4a19-84f7-7bd0285a594f,0cc6def8-02e1-4219-a150-5399ce669856,22867a34-564e-4c12-832f-b3be12445360,1626708765121,13.5727979,52.4166337,3.6105525,-1.3153821,-0.33445805,6.9372616,on bike mount,road bicycle,False,ground,intermediate
7959d0c7-6908-4a19-84f7-7bd0285a594f,0cc6def8-02e1-4219-a150-5399ce669856,a28b6b9a-e780-43c8-abc6-dfba8a3d37c7,1626708765188,13.5727979,52.4166337,3.6105525,1.8304098,-4.584571,-2.6504855,on bike mount,road bicycle,False,ground,intermediate
7959d0c7-6908-4a19-84f7-7bd0285a594f,0cc6def8-02e1-4219-a150-5399ce669856,deff2c2f-fb86-4262-9608-3c9f9e28ffb8,1626708765256,13.5727979,52.4166337,3.6105525,0.9622197,5.985246,-8.938056,on bike mount,road bicycle,False,ground,intermediate
7959d0c7-6908-4a19-84f7-7bd0285a594f,0cc6def8-02e1-4219-a150-5399ce669856,af2aab5c-499c-40db-9bfb-b6320a6ed668,1626708765324,13.5727979,52.4166337,3.6105525,3.562499,-1.7994069,-10.982256,on bike mount,road bicycle,False,ground,intermediate
7959d0c7-6908-4a19-84f7-7bd0285a594f,0cc6def8-02e1-4219-a150-5399ce669856,0d5f1cf4-9009-4e4f-8f29-ec7504fad545,1626708765391,13.5727979,52.4166337,3.6105525,5.573634,0.18616372,0.84432316,on bike mount,road bicycle,False,ground,intermediate
7959d0c7-6908-4a19-84f7-7bd0285a594f,0cc6def8-02e1-4219-a150-5399ce669856,4bd132a3-a353-41a1-8321-7e4b9d985edb,1626708765454,13.5728044,52.4166601,4.105656,6.7865777,4.6889915,2.3734837,on bike mount,road bicycle,False,ground,intermediate
7959d0c7-6908-4a19-84f7-7bd0285a594f,0cc6def8-02e1-4219-a150-5399ce669856,3764f082-6446-4f7e-9b04-65156063e397,1626708765523,13.5728044,52.4166601,4.105656,3.2569058,-1.8934182,-10.027985,on bike mount,road bicycle,False,ground,intermediate
7959d0c7-6908-4a19-84f7-7bd0285a594f,0cc6def8-02e1-4219-a150-5399ce669856,e5337176-8eac-439c-a3b7-6395c01f536b,1626708765587,13.5728044,52.4166601,4.105656,-1.869165,-1.9083325,-6.536184,on bike mount,road bicycle,False,ground,intermediate
7959d0c7-6908-4a19-84f7-7bd0285a594f,0cc6def8-02e1-4219-a150-5399ce669856,ea1303a8-9a5c-42b5-a71e-b4a3f0571b5d,1626708765653,13.5728044,52.4166601,4.105656,2.6966825,-1.2164078,-3.5875244,on bike mount,road bicycle,False,ground,intermediate
7959d0c7-6908-4a19-84f7-7bd0285a594f,0cc6def8-02e1-4219-a150-5399ce669856,ebfc5fcd-376b-4986-8180-9551d8a3a6c7,1626708765722,13.5728044,52.4166601,4.105656,-3.7493968,1.5441115,9.480734,on bike mount,road bicycle,False,ground,intermediate
7959d0c7-6908-4a19-84f7-7bd0285a594f,0cc6def8-02e1-4219-a150-5399ce669856,073d49fa-6f95-48a5-9ac7-682c93dea709,1626708765791,13.5728044,52.4166601,4.105656,-0.47961187,-2.5614724,11.20211,on bike mount,road bicycle,False,ground,intermediate
7959d0c7-6908-4a19-84f7-7bd0285a594f,0cc6def8-02e1-4219-a150-5399ce669856,f507d6bb-0baf-4b57-8bc0-24255ed13d62,1626708765856,13.5728044,52.4166601,4.105656,-2.6513028,-2.0549285,-3.0359364,on bike mount,road bicycle,False,ground,intermediate
7959d0c7-6908-4a19-84f7-7bd0285a594f,0cc6def8-02e1-4219-a150-5399ce669856,fd936427-9377-4f06-a91b-4aaddf8f048b,1626708765924,13.5728044,52.4166601,4.105656,1.5578407,2.6851068,-2.2544985,on bike mount,road bicycle,False,ground,intermediate
7959d0c7-6908-4a19-84f7-7bd0285a594f,0cc6def8-02e1-4219-a150-5399ce669856,3186220a-99cc-4b57-b29d-069bce6804df,1626708765990,13.5728044,52.4166601,4.105656,-0.071180105,-0.59691906,-5.5813737,on bike mount,road bicycle,False,ground,intermediate
7959d0c7-6908-4a19-84f7-7bd0285a594f,0cc6def8-02e1-4219-a150-5399ce669856,31e755e1-bc51-4a72-9460-010952596bab,1626708766055,13.5728044,52.4166601,4.105656,1.1864061,0.6241253,-4.014089,on bike mount,road bicycle,False,ground,intermediate
7959d0c7-6908-4a19-84f7-7bd0285a594f,0cc6def8-02e1-4219-a150-5399ce669856,3718e7f5-b8c4-49ef-85ce-a569c8b2649a,1626708766123,13.5728044,52.4166601,4.105656,-0.37718847,1.094154,-5.912419,on bike mount,road bicycle,False,ground,intermediate
7959d0c7-6908-4a19-84f7-7bd0285a594f,0cc6def8-02e1-4219-a150-5399ce669856,1d04b36f-4636-4437-8859-6b39d1dc3460,1626708766189,13.5728044,52.4166601,4.105656,5.3556595,-3.5258045,0.6494379,on bike mount,road bicycle,False,ground,intermediate
7959d0c7-6908-4a19-84f7-7bd0285a594f,0cc6def8-02e1-4219-a150-5399ce669856,d7585443-fa9c-46bd-b931-33537bb36fab,1626708766254,13.5728044,52.4166601,4.105656,-1.9386464,1.7232232,4.0556355,on bike mount,road bicycle,False,ground,intermediate
7959d0c7-6908-4a19-84f7-7bd0285a594f,0cc6def8-02e1-4219-a150-5399ce669856,abb3bc8b-0105-4774-9241-8bf5c2531764,1626708766324,13.5728044,52.4166601,4.105656,-1.7066884,5.3771048,-3.4594855,on bike mount,road bicycle,False,ground,intermediate
7959d0c7-6908-4a19-84f7-7bd0285a594f,0cc6def8-02e1-4219-a150-5399ce669856,17c0070f-9928-40d6-9198-08c5fdbc40c5,1626708766390,13.5728044,52.4166601,4.105656,-0.47269642,-5.719936,0.9445257,on bike mount,road bicycle,False,ground,intermediate
7959d0c7-6908-4a19-84f7-7bd0285a594f,0cc6def8-02e1-4219-a150-5399ce669856,30155e75-c4cd-4ae7-8bfd-db743c47de5f,1626708766456,13.5728044,52.4166601,4.105656,4.0888066,1.4930013,-8.43751,on bike mount,road bicycle,False,ground,intermediate
7959d0c7-6908-4a19-84f7-7bd0285a594f,0cc6def8-02e1-4219-a150-5399ce669856,882bab5c-7cda-4f02-b689-734e3b7bab68,1626708766523,13.5728044,52.4166601,4.105656,-3.7208695,5.551495,4.923786,on bike mount,road bicycle,False,ground,intermediate
7959d0c7-6908-4a19-84f7-7bd0285a594f,0cc6def8-02e1-4219-a150-5399ce669856,939222e9-5715-44d9-95b8-875da31d0627,1626708766586,13.5728044,52.4166601,4.105656,1.2714176,-4.970516,3.2558823,on bike mount,road bicycle,False,ground,intermediate
7959d0c7-6908-4a19-84f7-7bd0285a594f,0cc6def8-02e1-4219-a150-5399ce669856,a31697ee-3353-4adb-870e-398e74beb234,1626708766652,13.5727325,52.4167564,5.09065,2.448284,-2.4805794,-3.0015564,on bike mount,road bicycle,False,ground,intermediate
7959d0c7-6908-4a19-84f7-7bd0285a594f,0cc6def8-02e1-4219-a150-5399ce669856,6d194e02-8976-4a6f-9a3a-84d10ae51d74,1626708766722,13.5727325,52.4167564,5.09065,5.71694,-2.4776182,9.412192,on bike mount,road bicycle,False,ground,intermediate
7959d0c7-6908-4a19-84f7-7bd0285a594f,0cc6def8-02e1-4219-a150-5399ce669856,db1f1976-e6dc-478f-ad54-94c0e813cfab,1626708766789,13.5727325,52.4167564,5.09065,1.3644042,-0.70917237,-4.709727,on bike mount,road bicycle,False,ground,intermediate
7959d0c7-6908-4a19-84f7-7bd0285a594f,0cc6def8-02e1-4219-a150-5399ce669856,155a381b-2088-4a3d-ac7c-b58cc24d30b1,1626708766854,13.5727325,52.4167564,5.09065,-0.5141524,-1.486804,-8.597594,on bike mount,road bicycle,False,ground,intermediate
7959d0c7-6908-4a19-84f7-7bd0285a594f,0cc6def8-02e1-4219-a150-5399ce669856,5bdaba34-6e72-41c8-8011-6c4cd59e006c,1626708766922,13.5727325,52.4167564,5.09065,2.926637,-4.298381,-4.634651,on bike mount,road bicycle,False,ground,intermediate
7959d0c7-6908-4a19-84f7-7bd0285a594f,0cc6def8-02e1-4219-a150-5399ce669856,8469aed2-ad02-4e53-9fba-c8cd0fe3dd39,1626708766989,13.5727325,52.4167564,5.09065,4.26982,-1.6741855,-8.317192,on bike mount,road bicycle,False,ground,intermediate
7959d0c7-6908-4a19-84f7-7bd0285a594f,0cc6def8-02e1-4219-a150-5399ce669856,fe1abf7a-c1ce-4279-80d0-9c52c430fbcf,1626708767054,13.5727325,52.4167564,5.09065,-5.877367,0.9557316,1.501462,on bike mount,road bicycle,False,ground,intermediate
7959d0c7-6908-4a19-84f7-7bd0285a594f,0cc6def8-02e1-4219-a150-5399ce669856,5461fecf-b253-4a4a-ba69-fb846e840330,1626708767121,13.5727325,52.4167564,5.09065,-0.77950996,-3.2452335,4.037616,on bike mount,road bicycle,False,ground,intermediate
7959d0c7-6908-4a19-84f7-7bd0285a594f,0cc6def8-02e1-4219-a150-5399ce669856,a3aec6cd-bc55-43a6-9bcf-25a3c39419e9,1626708767188,13.5727325,52.4167564,5.09065,-6.4104776,-1.8615979,12.115967,on bike mount,road bicycle,False,ground,intermediate
7959d0c7-6908-4a19-84f7-7bd0285a594f,0cc6def8-02e1-4219-a150-5399ce669856,d2c3a791-dd9b-482b-919a-3cb7d0e2560e,1626708767254,13.5727325,52.4167564,5.09065,-2.283051,3.7441082,-6.229429,on bike mount,road bicycle,False,ground,intermediate
7959d0c7-6908-4a19-84f7-7bd0285a594f,0cc6def8-02e1-4219-a150-5399ce669856,1adbc832-7c30-4c4c-9517-027d6e57dfb7,1626708767322,13.5727325,52.4167564,5.09065,2.3269086,4.912609,-9.679531,on bike mount,road bicycle,False,ground,intermediate
7959d0c7-6908-4a19-84f7-7bd0285a594f,0cc6def8-02e1-4219-a150-5399ce669856,29b03f34-c1b6-4409-af1e-3a4c04e8700e,1626708767388,13.5727325,52.4167564,5.09065,3.982261,-0.8128084,2.3726635,on bike mount,road bicycle,False,ground,intermediate
7959d0c7-6908-4a19-84f7-7bd0285a594f,0cc6def8-02e1-4219-a150-5399ce669856,aae1d8f8-8c32-497b-83db-22e63ad8c530,1626708767455,13.5727325,52.4167564,5.09065,1.955333,-2.429379,6.82594,on bike mount,road bicycle,False,ground,intermediate
7959d0c7-6908-4a19-84f7-7bd0285a594f,0cc6def8-02e1-4219-a150-5399ce669856,dd792e20-3159-4539-b3db-fc160df96601,1626708767521,13.5727325,52.4167564,5.09065,-1.2257682,-3.9967723,-4.0536985,on bike mount,road bicycle,False,ground,intermediate
7959d0c7-6908-4a19-84f7-7bd0285a594f,0cc6def8-02e1-4219-a150-5399ce669856,4dbc8fd7-9c2f-4cce-9105-72118ed4aeac,1626708767586,13.5727325,52.4167564,5.09065,-1.0985179,5.065727,-2.1257038,on bike mount,road bicycle,False,ground,intermediate
7959d0c7-6908-4a19-84f7-7bd0285a594f,0cc6def8-02e1-4219-a150-5399ce669856,dfe18c10-d836-49e9-b7b9-99823772e0f8,1626708767650,13.5727038,52.4168138,5.5369616,-4.501388,-2.8858771,9.0539,on bike mount,road bicycle,False,ground,intermediate
7959d0c7-6908-4a19-84f7-7bd0285a594f,0cc6def8-02e1-4219-a150-5399ce669856,6f61ba91-68b5-4703-b653-f3bc6a5f4898,1626708767721,13.5727038,52.4168138,5.5369616,-3.8228874,1.8981802,1.1577435,on bike mount,road bicycle,False,ground,intermediate
7959d0c7-6908-4a19-84f7-7bd0285a594f,0cc6def8-02e1-4219-a150-5399ce669856,c711cba0-a5f8-4c0f-bfff-b576a90960bb,1626708767787,13.5727038,52.4168138,5.5369616,-2.2390127,0.14136404,-2.2396932,on bike mount,road bicycle,False,ground,intermediate
7959d0c7-6908-4a19-84f7-7bd0285a594f,0cc6def8-02e1-4219-a150-5399ce669856,d3b274cf-aa08-46cd-97d5-4fd2d1253bb2,1626708767855,13.5727038,52.4168138,5.5369616,0.47167087,3.089461,-0.81725407,on bike mount,road bicycle,False,ground,intermediate
7959d0c7-6908-4a19-84f7-7bd0285a594f,0cc6def8-02e1-4219-a150-5399ce669856,3cf10cfd-8f48-4784-9ff3-f86fd4feca30,1626708767921,13.5727038,52.4168138,5.5369616,1.8460944,2.4680953,6.4301243,on bike mount,road bicycle,False,ground,intermediate
7959d0c7-6908-4a19-84f7-7bd0285a594f,0cc6def8-02e1-4219-a150-5399ce669856,33b876ca-bf07-407a-a0a8-b3b8684d7130,1626708767988,13.5727038,52.4168138,5.5369616,-2.72421,1.3163786,-0.5270777,on bike mount,road bicycle,False,ground,intermediate
7959d0c7-6908-4a19-84f7-7bd0285a594f,0cc6def8-02e1-4219-a150-5399ce669856,a9fa28b3-adc9-467a-8c71-2fb4bf5f7fd1,1626708768055,13.5727038,52.4168138,5.5369616,4.3681345,0.44500533,2.956357,on bike mount,road bicycle,False,ground,intermediate
7959d0c7-6908-4a19-84f7-7bd0285a594f,0cc6def8-02e1-4219-a150-5399ce669856,603b874f-77a2-408a-9220-1c325e446677,1626708768119,13.5727038,52.4168138,5.5369616,0.90652514,-2.3237555,1.5794563,on bike mount,road bicycle,False,ground,intermediate
7959d0c7-6908-4a19-84f7-7bd0285a594f,0cc6def8-02e1-4219-a150-5399ce669856,1e684a4d-1eaa-4985-9c56-c477155cd57c,1626708768186,13.5727038,52.4168138,5.5369616,-1.9805906,3.1372101,2.8904257,on bike mount,road bicycle,False,ground,intermediate
7959d0c7-6908-4a19-84f7-7bd0285a594f,0cc6def8-02e1-4219-a150-5399ce669856,0dddb3a0-9b96-46df-9a5c-d7e978e34f10,1626708768253,13.5727038,52.4168138,5.5369616,0.72922266,-2.7097,-6.7313704,on bike mount,road bicycle,False,ground,intermediate
7959d0c7-6908-4a19-84f7-7bd0285a594f,0cc6def8-02e1-4219-a150-5399ce669856,169472e6-fc45-4a29-a9f0-a20dde374ed1,1626708768321,13.5727038,52.4168138,5.5369616,3.2380748,2.0205097,-1.9027743,on bike mount,road bicycle,False,ground,intermediate
7959d0c7-6908-4a19-84f7-7bd0285a594f,0cc6def8-02e1-4219-a150-5399ce669856,e36d83b3-7f80-4b84-b271-8d173d574a77,1626708768387,13.5727038,52.4168138,5.5369616,-5.5538735,-4.0751753,7.742216,on bike mount,road bicycle,False,ground,intermediate
7959d0c7-6908-4a19-84f7-7bd0285a594f,0cc6def8-02e1-4219-a150-5399ce669856,bf254e85-658f-4866-a155-41e2df7a30d7,1626708768454,13.5727038,52.4168138,5.5369616,-0.7443857,-3.1256645,-3.9315124,on bike mount,road bicycle,False,ground,intermediate
7959d0c7-6908-4a19-84f7-7bd0285a594f,0cc6def8-02e1-4219-a150-5399ce669856,fb6439c8-0462-402d-8bf3-118ff6c33dd2,1626708768520,13.5727038,52.4168138,5.5369616,3.5090566,3.7399132,-6.427265,on bike mount,road bicycle,False,ground,intermediate
7959d0c7-6908-4a19-84f7-7bd0285a594f,0cc6def8-02e1-4219-a150-5399ce669856,f44ae861-a631-4fc7-8ba7-19909fdb9c1c,1626708768585,13.5727038,52.4168138,5.5369616,3.6957219,4.735594,-5.3526516,on bike mount,road bicycle,False,ground,intermediate
7959d0c7-6908-4a19-84f7-7bd0285a594f,0cc6def8-02e1-4219-a150-5399ce669856,3bc4128a-45e7-48e7-9482-b727fb9b14d1,1626708768649,13.5726848,52.4168621,4.916479,0.63917273,-2.6171222,-0.109004974,on bike mount,road bicycle,False,ground,intermediate
7959d0c7-6908-4a19-84f7-7bd0285a594f,0cc6def8-02e1-4219-a150-5399ce669856,49530f21-a420-44ba-bb8d-9ff01d32b919,1626708768716,13.5726848,52.4168621,4.916479,0.22126368,-2.5143085,-2.7550669,on bike mount,road bicycle,False,ground,intermediate
7959d0c7-6908-4a19-84f7-7bd0285a594f,0cc6def8-02e1-4219-a150-5399ce669856,c20d1d43-274e-4ab6-b4ce-368ce826ea80,1626708768786,13.5726848,52.4168621,4.916479,-4.58099,-6.5198097,18.311853,on bike mount,road bicycle,False,ground,intermediate
7959d0c7-6908-4a19-84f7-7bd0285a594f,0cc6def8-02e1-4219-a150-5399ce669856,d7b95a03-65d6-43a6-a737-aac3724d229a,1626708768853,13.5726848,52.4168621,4.916479,-0.378155,2.3715832,-11.103462,on bike mount,road bicycle,False,ground,intermediate
7959d0c7-6908-4a19-84f7-7bd0285a594f,0cc6def8-02e1-4219-a150-5399ce669856,12eb75fa-afc6-4f59-8e91-214d739379e4,1626708768919,13.5726848,52.4168621,4.916479,0.008310512,1.5996509,-2.3100152,on bike mount,road bicycle,False,ground,intermediate
7959d0c7-6908-4a19-84f7-7bd0285a594f,0cc6def8-02e1-4219-a150-5399ce669856,b91baffc-1a82-4855-a96b-fe92bd441e3f,1626708768986,13.5726848,52.4168621,4.916479,-3.1636822,-8.228876,14.020817,on bike mount,road bicycle,False,ground,intermediate
7959d0c7-6908-4a19-84f7-7bd0285a594f,0cc6def8-02e1-4219-a150-5399ce669856,42fda51f-536c-419d-9202-b75f0e6f20a0,1626708769051,13.5726848,52.4168621,4.916479,-0.9005059,-1.9113073,-4.0297976,on bike mount,road bicycle,False,ground,intermediate
7959d0c7-6908-4a19-84f7-7bd0285a594f,0cc6def8-02e1-4219-a150-5399ce669856,eb6f52ee-43f5-4e4f-a4db-22fa55452abd,1626708769118,13.5726848,52.4168621,4.916479,4.8787374,0.37760842,-16.27163,on bike mount,road bicycle,False,ground,intermediate
7959d0c7-6908-4a19-84f7-7bd0285a594f,0cc6def8-02e1-4219-a150-5399ce669856,ac101ef5-bf11-4f4d-ae27-8caaef0605c2,1626708769185,13.5726848,52.4168621,4.916479,1.537332,1.3707308,-1.8575516,on bike mount,road bicycle,False,ground,intermediate
7959d0c7-6908-4a19-84f7-7bd0285a594f,0cc6def8-02e1-4219-a150-5399ce669856,080041b7-1f80-4a19-af7f-751f133a4563,1626708769252,13.5726848,52.4168621,4.916479,2.7612894,-1.4917603,4.254282,on bike mount,road bicycle,False,ground,intermediate
7959d0c7-6908-4a19-84f7-7bd0285a594f,0cc6def8-02e1-4219-a150-5399ce669856,174d2ef5-9a1f-4035-9093-93af8b73b7c5,1626708769319,13.5726848,52.4168621,4.916479,1.7529597,3.0086417,-8.624981,on bike mount,road bicycle,False,ground,intermediate
7959d0c7-6908-4a19-84f7-7bd0285a594f,0cc6def8-02e1-4219-a150-5399ce669856,ff26107e-756a-4e58-ad90-e2c31fe5d530,1626708769386,13.5726848,52.4168621,4.916479,0.498439,0.9209379,-13.335991,on bike mount,road bicycle,False,ground,intermediate
7959d0c7-6908-4a19-84f7-7bd0285a594f,0cc6def8-02e1-4219-a150-5399ce669856,2ba0784e-a866-4fe1-8969-db0a973f2b0d,1626708769452,13.5726848,52.4168621,4.916479,2.038949,5.792655,-13.627658,on bike mount,road bicycle,False,ground,intermediate
7959d0c7-6908-4a19-84f7-7bd0285a594f,0cc6def8-02e1-4219-a150-5399ce669856,f0028140-1f01-418c-8599-1d3f372670ef,1626708769518,13.5726848,52.4168621,4.916479,4.2941375,-5.090963,-2.0198512,on bike mount,road bicycle,False,ground,intermediate
7959d0c7-6908-4a19-84f7-7bd0285a594f,0cc6def8-02e1-4219-a150-5399ce669856,3b0cf7c1-f06a-494a-a9c7-e8d15c2d16ea,1626708769584,13.5726848,52.4168621,4.916479,2.0260482,-2.83798,-0.8107929,on bike mount,road bicycle,False,ground,intermediate
7959d0c7-6908-4a19-84f7-7bd0285a594f,0cc6def8-02e1-4219-a150-5399ce669856,71a6734a-54ab-487b-b350-e0a0e3c1821a,1626708769648,13.5726466,52.4168871,2.954304,-0.94180846,-7.546213,-0.9913111,on bike mount,road bicycle,False,ground,intermediate
7959d0c7-6908-4a19-84f7-7bd0285a594f,0cc6def8-02e1-4219-a150-5399ce669856,edfc69aa-be36-48cd-b968-7ec682a44ca4,1626708769717,13.5726466,52.4168871,2.954304,0.15953863,-3.2759361,-14.338869,on bike mount,road bicycle,False,ground,intermediate
7959d0c7-6908-4a19-84f7-7bd0285a594f,0cc6def8-02e1-4219-a150-5399ce669856,052cd106-6fe8-4700-8c9e-0c57cba170c9,1626708769783,13.5726466,52.4168871,2.954304,-1.0680177,-6.5352,-12.268414,on bike mount,road bicycle,False,ground,intermediate
7959d0c7-6908-4a19-84f7-7bd0285a594f,0cc6def8-02e1-4219-a150-5399ce669856,c2e2e35c-4966-4d18-ac5d-8baad2dbc02a,1626708769850,13.5726466,52.4168871,2.954304,2.4015622,2.7200553,-22.578531,on bike mount,road bicycle,False,ground,intermediate
7959d0c7-6908-4a19-84f7-7bd0285a594f,0cc6def8-02e1-4219-a150-5399ce669856,75ebaba6-db75-4581-89b6-9df5445ff95a,1626708769919,13.5726466,52.4168871,2.954304,-1.1747652,1.6620739,1.6309786,on bike mount,road bicycle,False,ground,intermediate
7959d0c7-6908-4a19-84f7-7bd0285a594f,0cc6def8-02e1-4219-a150-5399ce669856,c4022e3a-7559-40c0-a129-d7fe7b05db36,1626708769985,13.5726466,52.4168871,2.954304,-2.7303565,3.7415767,0.0072574615,on bike mount,road bicycle,False,ground,intermediate
7959d0c7-6908-4a19-84f7-7bd0285a594f,0cc6def8-02e1-4219-a150-5399ce669856,a5d8b803-fad9-4577-9ee6-c5f1567bfc30,1626708770050,13.5726466,52.4168871,2.954304,-2.2289567,-5.7131443,0.82643795,on bike mount,road bicycle,False,ground,intermediate
7959d0c7-6908-4a19-84f7-7bd0285a594f,0cc6def8-02e1-4219-a150-5399ce669856,c974300c-550e-44f2-8410-d9b148df4d2a,1626708770116,13.5726466,52.4168871,2.954304,-0.7142771,-0.93661225,-5.111068,on bike mount,road bicycle,False,ground,intermediate
7959d0c7-6908-4a19-84f7-7bd0285a594f,0cc6def8-02e1-4219-a150-5399ce669856,7488399a-d8f1-47db-8512-67b90b4f2868,1626708770184,13.5726466,52.4168871,2.954304,-3.3112433,-1.0572926,-3.119584,on bike mount,road bicycle,False,ground,intermediate
7959d0c7-6908-4a19-84f7-7bd0285a594f,0cc6def8-02e1-4219-a150-5399ce669856,383a3734-f992-41ea-8bc6-6908eb6917bf,1626708770248,13.5726466,52.4168871,2.954304,-4.310665,2.1238236,-0.19765186,on bike mount,road bicycle,False,ground,intermediate
7959d0c7-6908-4a19-84f7-7bd0285a594f,0cc6def8-02e1-4219-a150-5399ce669856,89b0e51a-8663-44a9-8452-2b72d4f440a4,1626708770314,13.5726283,52.4169051,3.3296137,-1.971415,3.6295698,4.362665,on bike mount,road bicycle,False,ground,intermediate
7959d0c7-6908-4a19-84f7-7bd0285a594f,0cc6def8-02e1-4219-a150-5399ce669856,af55b7b5-92ed-4691-9556-566c969cc57e,1626708770383,13.5726283,52.4169051,3.3296137,-3.8629298,-2.275533,6.2835617,on bike mount,road bicycle,False,ground,intermediate
7959d0c7-6908-4a19-84f7-7bd0285a594f,0cc6def8-02e1-4219-a150-5399ce669856,53c454f0-a2b6-4706-9066-57fc3df7a443,1626708770452,13.5726283,52.4169051,3.3296137,-2.1092658,-2.9749625,6.6739025,on bike mount,road bicycle,False,ground,intermediate
7959d0c7-6908-4a19-84f7-7bd0285a594f,0cc6def8-02e1-4219-a150-5399ce669856,54848de3-b1c0-4383-a5db-87e1dd2abceb,1626708770516,13.5726283,52.4169051,3.3296137,4.1908064,-4.1762266,-17.38821,on bike mount,road bicycle,False,ground,intermediate
7959d0c7-6908-4a19-84f7-7bd0285a594f,0cc6def8-02e1-4219-a150-5399ce669856,376dae5a-e73d-404f-b186-24f03b3df74b,1626708770582,13.5726283,52.4169051,3.3296137,0.86938477,1.5199053,-7.983938,on bike mount,road bicycle,False,ground,intermediate
7959d0c7-6908-4a19-84f7-7bd0285a594f,0cc6def8-02e1-4219-a150-5399ce669856,5a72f9a3-dc9d-4d4d-895e-332f0c42fae0,1626708770649,13.5726283,52.4169051,3.3296137,2.1112185,3.2270288,3.8258057,on bike mount,road bicycle,False,ground,intermediate
7959d0c7-6908-4a19-84f7-7bd0285a594f,0cc6def8-02e1-4219-a150-5399ce669856,b90a3244-36bc-461b-9788-320533cb681d,1626708770718,13.5726283,52.4169051,3.3296137,-3.8985655,0.4623242,3.7418327,on bike mount,road bicycle,False,ground,intermediate
7959d0c7-6908-4a19-84f7-7bd0285a594f,0cc6def8-02e1-4219-a150-5399ce669856,f6852270-4f4f-48f4-bc11-ebe32b2d2ecf,1626708770785,13.5726283,52.4169051,3.3296137,-3.8214796,1.2997332,9.000111,on bike mount,road bicycle,False,ground,intermediate
7959d0c7-6908-4a19-84f7-7bd0285a594f,0cc6def8-02e1-4219-a150-5399ce669856,a71889c7-50be-422d-bec0-d12fcf22f163,1626708770850,13.5726283,52.4169051,3.3296137,-2.1765563,-16.106693,28.343382,on bike mount,road bicycle,False,ground,intermediate
7959d0c7-6908-4a19-84f7-7bd0285a594f,0cc6def8-02e1-4219-a150-5399ce669856,6d64682c-307c-4f67-a719-5e53d326a5c7,1626708770917,13.5726283,52.4169051,3.3296137,0.68683004,1.9573908,-4.852701,on bike mount,road bicycle,False,ground,intermediate
7959d0c7-6908-4a19-84f7-7bd0285a594f,0cc6def8-02e1-4219-a150-5399ce669856,55bc63f1-baa7-4023-a871-4f91e4cb6c5c,1626708770983,13.5726283,52.4169051,3.3296137,2.336722,-1.2896541,-4.340969,on bike mount,road bicycle,False,ground,intermediate
7959d0c7-6908-4a19-84f7-7bd0285a594f,0cc6def8-02e1-4219-a150-5399ce669856,76ebcc0b-bcbc-4b3b-bc7d-a2b7b4021122,1626708771049,13.5726283,52.4169051,3.3296137,1.2898413,5.9798126,2.3617344,on bike mount,road bicycle,False,ground,intermediate
7959d0c7-6908-4a19-84f7-7bd0285a594f,0cc6def8-02e1-4219-a150-5399ce669856,b53e9b6a-7f42-43f8-ab0f-ef3db8981a7c,1626708771115,13.5726283,52.4169051,3.3296137,-0.24183124,-4.3724937,0.72297096,on bike mount,road bicycle,False,ground,intermediate
7959d0c7-6908-4a19-84f7-7bd0285a594f,0cc6def8-02e1-4219-a150-5399ce669856,fa9d5b56-e408-4ee1-8699-b7dcc7933290,1626708771182,13.5726283,52.4169051,3.3296137,4.826498,1.9005761,-3.3157945,on bike mount,road bicycle,False,ground,intermediate
7959d0c7-6908-4a19-84f7-7bd0285a594f,0cc6def8-02e1-4219-a150-5399ce669856,37ecb3d4-4824-478e-82ec-9d150fb21ca9,1626708771249,13.5726283,52.4169051,3.3296137,-2.5342588,-1.6861624,-2.1441603,on bike mount,road bicycle,False,ground,intermediate
7959d0c7-6908-4a19-84f7-7bd0285a594f,0cc6def8-02e1-4219-a150-5399ce669856,5faf0ffd-fa52-42b3-bd87-a896fdfc8095,1626708771315,13.5726283,52.4169051,3.3296137,-3.5975542,1.4245225,2.518425,on bike mount,road bicycle,False,ground,intermediate
7959d0c7-6908-4a19-84f7-7bd0285a594f,0cc6def8-02e1-4219-a150-5399ce669856,e2fd6acc-2adc-4724-b071-d10b687d305f,1626708771381,13.5726226,52.416939,4.723459,0.91400814,7.921008,1.7161665,on bike mount,road bicycle,False,ground,intermediate
7959d0c7-6908-4a19-84f7-7bd0285a594f,0cc6def8-02e1-4219-a150-5399ce669856,0c2d7120-e065-4aad-98ae-b19e3952bc36,1626708771448,13.5726226,52.416939,4.723459,-1.1246986,-7.4305086,6.801403,on bike mount,road bicycle,False,ground,intermediate
7959d0c7-6908-4a19-84f7-7bd0285a594f,0cc6def8-02e1-4219-a150-5399ce669856,26bd7268-078c-4d3d-a8b2-f8fd55a48b66,1626708771515,13.5726226,52.416939,4.723459,-1.3545191,-3.429635,10.177563,on bike mount,road bicycle,False,ground,intermediate
7959d0c7-6908-4a19-84f7-7bd0285a594f,0cc6def8-02e1-4219-a150-5399ce669856,46c36beb-c86a-4dd1-9031-0ba7231ae0bf,1626708771581,13.5726226,52.416939,4.723459,-1.0564466,1.6933018,0.7125282,on bike mount,road bicycle,False,ground,intermediate
7959d0c7-6908-4a19-84f7-7bd0285a594f,0cc6def8-02e1-4219-a150-5399ce669856,3077861b-10e7-47c7-86d8-0d3d0e11633f,1626708771648,13.5726226,52.416939,4.723459,-1.0490065,0.75168085,-2.523107,on bike mount,road bicycle,False,ground,intermediate
7959d0c7-6908-4a19-84f7-7bd0285a594f,0cc6def8-02e1-4219-a150-5399ce669856,5e800a1a-a584-4a12-beae-03171e5b4e0e,1626708771702,13.5726226,52.416939,4.723459,2.1381419,-3.6373498,2.1288595,on bike mount,road bicycle,False,ground,intermediate
7959d0c7-6908-4a19-84f7-7bd0285a594f,0cc6def8-02e1-4219-a150-5399ce669856,cafbc980-07a1-493b-b0da-f65ab217e633,1626708771765,13.5726226,52.416939,4.723459,-1.0040307,-2.75237,-3.3949652,on bike mount,road bicycle,False,ground,intermediate
7959d0c7-6908-4a19-84f7-7bd0285a594f,0cc6def8-02e1-4219-a150-5399ce669856,dcfc6acf-1d5f-4b68-be0c-8276d9f0d5e0,1626708771833,13.5726226,52.416939,4.723459,-0.22433087,-2.764727,-4.9963503,on bike mount,road bicycle,False,ground,intermediate
7959d0c7-6908-4a19-84f7-7bd0285a594f,0cc6def8-02e1-4219-a150-5399ce669856,a9188045-ecb9-4a85-bee9-a1337ea875d8,1626708771900,13.5726226,52.416939,4.723459,-3.9697042,-4.7646117,1.4101954,on bike mount,road bicycle,False,ground,intermediate
7959d0c7-6908-4a19-84f7-7bd0285a594f,0cc6def8-02e1-4219-a150-5399ce669856,9999bbf2-353f-430c-a4de-ec7bf1f368fb,1626708771966,13.5726226,52.416939,4.723459,-5.513187,6.4857407,12.71778,on bike mount,road bicycle,False,ground,intermediate
7959d0c7-6908-4a19-84f7-7bd0285a594f,0cc6def8-02e1-4219-a150-5399ce669856,2dff7245-3bb4-49f4-a0c1-463bb12a5eb5,1626708772033,13.5726226,52.416939,4.723459,0.5660224,3.1097927,2.853304,on bike mount,road bicycle,False,ground,intermediate
7959d0c7-6908-4a19-84f7-7bd0285a594f,0cc6def8-02e1-4219-a150-5399ce669856,0cedd9ad-d717-4f19-b9d1-b122fee48a2c,1626708772098,13.5726226,52.416939,4.723459,-2.0834045,-6.793808,2.3486557,on bike mount,road bicycle,False,ground,intermediate
7959d0c7-6908-4a19-84f7-7bd0285a594f,0cc6def8-02e1-4219-a150-5399ce669856,f34ba879-d49d-42d7-b1bf-61db3279e8b0,1626708772164,13.5726226,52.416939,4.723459,4.966258,-0.4554203,-12.099157,on bike mount,road bicycle,False,ground,intermediate
7959d0c7-6908-4a19-84f7-7bd0285a594f,0cc6def8-02e1-4219-a150-5399ce669856,03f8eb21-77a2-4b16-8234-c6275de9f491,1626708772232,13.5726226,52.416939,4.723459,1.6924773,-1.6854483,-5.4112244,on bike mount,road bicycle,False,ground,intermediate
7959d0c7-6908-4a19-84f7-7bd0285a594f,0cc6def8-02e1-4219-a150-5399ce669856,bca00b55-796d-4aa6-9b2f-f50581dfe6f8,1626708772298,13.5726226,52.416939,4.723459,0.41106427,0.2270695,5.3785954,on bike mount,road bicycle,False,ground,intermediate
7959d0c7-6908-4a19-84f7-7bd0285a594f,0cc6def8-02e1-4219-a150-5399ce669856,b6144240-7294-4ca4-b4bd-d6a6cc9c5fab,1626708772366,13.5726226,52.416939,4.723459,2.2315745,4.42861,7.418041,on bike mount,road bicycle,False,ground,intermediate
7959d0c7-6908-4a19-84f7-7bd0285a594f,0cc6def8-02e1-4219-a150-5399ce669856,1553d29c-d673-4126-bef3-cb230b205a5d,1626708772432,13.5726226,52.416939,4.723459,0.4315859,-4.964847,5.903723,on bike mount,road bicycle,False,ground,intermediate
7959d0c7-6908-4a19-84f7-7bd0285a594f,0cc6def8-02e1-4219-a150-5399ce669856,6f32b3e5-6b03-4e36-aff9-fa4a23e0316a,1626708772499,13.5726226,52.416939,4.723459,-3.9007735,3.8016863,6.778843,on bike mount,road bicycle,False,ground,intermediate
7959d0c7-6908-4a19-84f7-7bd0285a594f,0cc6def8-02e1-4219-a150-5399ce669856,2a4d0ae8-591f-4c68-b110-695014bb3fdc,1626708772564,13.5726226,52.416939,4.723459,2.3035736,-2.5195148,0.27622128,on bike mount,road bicycle,False,ground,intermediate
7959d0c7-6908-4a19-84f7-7bd0285a594f,0cc6def8-02e1-4219-a150-5399ce669856,37a2197d-b7b8-467d-bd8e-ece104f3094e,1626708772628,13.5725888,52.4170273,5.200631,-6.448063,-1.4808062,2.592021,on bike mount,road bicycle,False,ground,intermediate
7959d0c7-6908-4a19-84f7-7bd0285a594f,0cc6def8-02e1-4219-a150-5399ce669856,8691943e-a2bc-4df0-a1df-8b4c2a279f4e,1626708772697,13.5725888,52.4170273,5.200631,-3.082829,-0.6057534,-3.4771056,on bike mount,road bicycle,False,ground,intermediate
7959d0c7-6908-4a19-84f7-7bd0285a594f,0cc6def8-02e1-4219-a150-5399ce669856,e7fad0b9-2331-43cd-b1ed-2976cc9adb83,1626708772764,13.5725888,52.4170273,5.200631,-0.24304324,-5.4362383,3.3933315,on bike mount,road bicycle,False,ground,intermediate
7959d0c7-6908-4a19-84f7-7bd0285a594f,0cc6def8-02e1-4219-a150-5399ce669856,31c207a2-7480-4729-8f87-9543ec07ba1b,1626708772832,13.5725888,52.4170273,5.200631,2.2509649,-3.5854805,0.3808117,on bike mount,road bicycle,False,ground,intermediate
7959d0c7-6908-4a19-84f7-7bd0285a594f,0cc6def8-02e1-4219-a150-5399ce669856,f8b112ef-4e22-4250-8e56-bb3fa2cb277c,1626708772898,13.5725888,52.4170273,5.200631,0.2256859,-2.531379,0.92623425,on bike mount,road bicycle,False,ground,intermediate
7959d0c7-6908-4a19-84f7-7bd0285a594f,0cc6def8-02e1-4219-a150-5399ce669856,9a766a2a-fc33-4c5a-9467-ab653e8f7e4f,1626708772965,13.5725888,52.4170273,5.200631,1.1844796,-2.853435,-2.8129754,on bike mount,road bicycle,False,ground,intermediate
7959d0c7-6908-4a19-84f7-7bd0285a594f,0cc6def8-02e1-4219-a150-5399ce669856,01696efd-823c-4dc2-98f1-4db530770c05,1626708773031,13.5725888,52.4170273,5.200631,-6.3668056,-4.750523,0.6886616,on bike mount,road bicycle,False,ground,intermediate
7959d0c7-6908-4a19-84f7-7bd0285a594f,0cc6def8-02e1-4219-a150-5399ce669856,37fbfbc6-edc8-4844-93a5-8df94495074b,1626708773097,13.5725888,52.4170273,5.200631,0.1429205,2.6242142,-3.7202175,on bike mount,road bicycle,False,ground,intermediate
7959d0c7-6908-4a19-84f7-7bd0285a594f,0cc6def8-02e1-4219-a150-5399ce669856,66e6366a-6504-477f-8a59-b0f36a5268cd,1626708773163,13.5725888,52.4170273,5.200631,-3.02115,0.76043344,-0.2174406,on bike mount,road bicycle,False,ground,intermediate
7959d0c7-6908-4a19-84f7-7bd0285a594f,0cc6def8-02e1-4219-a150-5399ce669856,07c25637-297a-4197-a577-ec4d77fa84ba,1626708773231,13.5725888,52.4170273,5.200631,2.1517963,-2.6198685,-10.42782,on bike mount,road bicycle,False,ground,intermediate
7959d0c7-6908-4a19-84f7-7bd0285a594f,0cc6def8-02e1-4219-a150-5399ce669856,e35f161a-d617-49c1-bc0f-45be680177b6,1626708773297,13.5725888,52.4170273,5.200631,0.56272435,3.2687614,-2.0648618,on bike mount,road bicycle,False,ground,intermediate
7959d0c7-6908-4a19-84f7-7bd0285a594f,0cc6def8-02e1-4219-a150-5399ce669856,fb3f1c9f-2988-4bad-9fc7-852d40050257,1626708773365,13.5725888,52.4170273,5.200631,5.7264585,8.382059,-3.9932456,on bike mount,road bicycle,False,ground,intermediate
