bike_activity_uid,bike_activity_sample_uid,bike_activity_measurement,bike_activity_measurement_timestamp,bike_activity_measurement_lon,bike_activity_measurement_lat,bike_activity_measurement_speed,bike_activity_measurement_accelerometer_x,bike_activity_measurement_accelerometer_y,bike_activity_measurement_accelerometer_z,bike_activity_phone_position,bike_activity_bike_type,bike_activity_flagged_lab_conditions,bike_activity_surface_type,bike_activity_smoothness_type
8709a578-7c36-4f62-ac57-925fbd1789fe,1c57b865-e14a-45e6-a57a-62a60841923b,1f1fa8fd-b29f-43bb-801a-15d9831fa385,1643973161531,13.392931,52.472836,6.1512995,-0.079661965,-0.051832676,2.1356688,on bike mount,cyclo cross,True,paving stones,good
8709a578-7c36-4f62-ac57-925fbd1789fe,1c57b865-e14a-45e6-a57a-62a60841923b,b7437038-da86-4bbb-bc55-3bae7a646679,1643973161586,13.392931,52.472836,6.1512995,1.4066842,-0.3058598,0.9373169,on bike mount,cyclo cross,True,paving stones,good
8709a578-7c36-4f62-ac57-925fbd1789fe,1c57b865-e14a-45e6-a57a-62a60841923b,cbd4402d-bce5-4955-bb5a-6aec23634d38,1643973161642,13.392931,52.472836,6.1512995,0.22449318,3.07552,-2.4423842,on bike mount,cyclo cross,True,paving stones,good
8709a578-7c36-4f62-ac57-925fbd1789fe,1c57b865-e14a-45e6-a57a-62a60841923b,3aa7b9f6-721f-47d9-9f88-4c3203053835,1643973161698,13.392931,52.472836,6.1512995,0.5377514,-0.012730598,4.110653,on bike mount,cyclo cross,True,paving stones,good
8709a578-7c36-4f62-ac57-925fbd1789fe,1c57b865-e14a-45e6-a57a-62a60841923b,d8ef5909-a5a2-4d55-a14b-5c15fd09528d,1643973161753,13.392931,52.472836,6.1512995,-1.2782675,0.8491857,0.6381979,on bike mount,cyclo cross,True,paving stones,good
8709a578-7c36-4f62-ac57-925fbd1789fe,1c57b865-e14a-45e6-a57a-62a60841923b,5b1cfae2-84f3-437d-a712-7dc30043f94e,1643973161808,13.3930222,52.4728374,6.1227994,0.70623606,-2.500958,3.2437468,on bike mount,cyclo cross,True,paving stones,good
8709a578-7c36-4f62-ac57-925fbd1789fe,1c57b865-e14a-45e6-a57a-62a60841923b,b9291d4c-9d08-4c25-b386-700f9e918080,1643973161865,13.3930222,52.4728374,6.1227994,-0.8911927,0.39527655,-3.102786,on bike mount,cyclo cross,True,paving stones,good
8709a578-7c36-4f62-ac57-925fbd1789fe,1c57b865-e14a-45e6-a57a-62a60841923b,360b505f-3603-4007-a22e-da4f7a61e3b4,1643973161919,13.3930222,52.4728374,6.1227994,-0.43876243,2.7874904,-0.85164165,on bike mount,cyclo cross,True,paving stones,good
8709a578-7c36-4f62-ac57-925fbd1789fe,1c57b865-e14a-45e6-a57a-62a60841923b,e4dd0dd5-9176-4fca-b813-ad9360bf88e6,1643973161975,13.3930222,52.4728374,6.1227994,0.5013253,-3.12495,-3.947011,on bike mount,cyclo cross,True,paving stones,good
8709a578-7c36-4f62-ac57-925fbd1789fe,1c57b865-e14a-45e6-a57a-62a60841923b,74d1ba05-1249-4dee-954b-8e31dde8b614,1643973162031,13.3930222,52.4728374,6.1227994,1.1639587,0.7578471,-2.3923216,on bike mount,cyclo cross,True,paving stones,good
8709a578-7c36-4f62-ac57-925fbd1789fe,1c57b865-e14a-45e6-a57a-62a60841923b,9dbd3ed1-a633-4fe2-b468-94ebf1df55fa,1643973162086,13.3930222,52.4728374,6.1227994,-0.3359994,2.9960074,-1.8554206,on bike mount,cyclo cross,True,paving stones,good
8709a578-7c36-4f62-ac57-925fbd1789fe,1c57b865-e14a-45e6-a57a-62a60841923b,373ef90b-075c-41e8-bfc8-14ddd08cb197,1643973162141,13.3930222,52.4728374,6.1227994,-0.043020517,-2.9177854,-0.9678488,on bike mount,cyclo cross,True,paving stones,good
8709a578-7c36-4f62-ac57-925fbd1789fe,1c57b865-e14a-45e6-a57a-62a60841923b,37e3302b-6d08-43bc-85dd-117802686616,1643973162197,13.3930222,52.4728374,6.1227994,0.6416367,2.0264053,-2.9241085,on bike mount,cyclo cross,True,paving stones,good
8709a578-7c36-4f62-ac57-925fbd1789fe,1c57b865-e14a-45e6-a57a-62a60841923b,ebb136ce-9e28-4031-a673-30212570ceab,1643973162254,13.3930222,52.4728374,6.1227994,-0.60904324,-0.45138836,3.3863678,on bike mount,cyclo cross,True,paving stones,good
8709a578-7c36-4f62-ac57-925fbd1789fe,1c57b865-e14a-45e6-a57a-62a60841923b,66fffdef-eb11-4f20-9036-cdcba659da0b,1643973162311,13.3930222,52.4728374,6.1227994,1.3687099,-1.0692816,2.2754383,on bike mount,cyclo cross,True,paving stones,good
8709a578-7c36-4f62-ac57-925fbd1789fe,1c57b865-e14a-45e6-a57a-62a60841923b,aaec0437-f7c6-4e79-bdd2-b9d68ed33e0c,1643973162364,13.3930222,52.4728374,6.1227994,1.9947028,-3.6632156,-4.336894,on bike mount,cyclo cross,True,paving stones,good
8709a578-7c36-4f62-ac57-925fbd1789fe,1c57b865-e14a-45e6-a57a-62a60841923b,93e3bcef-f6d0-4848-9b5c-225fe07d9d8f,1643973162420,13.3930222,52.4728374,6.1227994,0.18096355,-3.554358,11.1022835,on bike mount,cyclo cross,True,paving stones,good
8709a578-7c36-4f62-ac57-925fbd1789fe,1c57b865-e14a-45e6-a57a-62a60841923b,53503a33-3b81-4a8b-8515-4966cb96ebb5,1643973162475,13.3930222,52.4728374,6.1227994,0.5084528,-0.617991,-1.3836555,on bike mount,cyclo cross,True,paving stones,good
8709a578-7c36-4f62-ac57-925fbd1789fe,1c57b865-e14a-45e6-a57a-62a60841923b,79bd097f-3c17-40cb-af92-958ea1f7bc36,1643973162532,13.3930222,52.4728374,6.1227994,-0.86014014,-4.558766,-0.7360287,on bike mount,cyclo cross,True,paving stones,good
8709a578-7c36-4f62-ac57-925fbd1789fe,1c57b865-e14a-45e6-a57a-62a60841923b,10d77501-fe23-4718-afb2-64e698af6acd,1643973162587,13.3930222,52.4728374,6.1227994,-1.6843637,2.3280258,-0.5174408,on bike mount,cyclo cross,True,paving stones,good
8709a578-7c36-4f62-ac57-925fbd1789fe,1c57b865-e14a-45e6-a57a-62a60841923b,4fdae8c6-9fbb-4a3b-829a-91431039aa9c,1643973162642,13.3930222,52.4728374,6.1227994,2.2114353,0.118947506,-2.125001,on bike mount,cyclo cross,True,paving stones,good
8709a578-7c36-4f62-ac57-925fbd1789fe,1c57b865-e14a-45e6-a57a-62a60841923b,a39c0414-52a4-46d7-bed5-bff24db64d83,1643973162698,13.3930222,52.4728374,6.1227994,-2.4126616,-2.117907,-2.7781124,on bike mount,cyclo cross,True,paving stones,good
8709a578-7c36-4f62-ac57-925fbd1789fe,1c57b865-e14a-45e6-a57a-62a60841923b,79dc30aa-109b-44df-9bd2-38c7cd98056b,1643973162753,13.3930222,52.4728374,6.1227994,-0.30623037,0.7718525,-2.6135092,on bike mount,cyclo cross,True,paving stones,good
8709a578-7c36-4f62-ac57-925fbd1789fe,1c57b865-e14a-45e6-a57a-62a60841923b,35b66a45-ff9d-4bde-8ce2-ff339b4a2cbd,1643973162809,13.3931128,52.4728378,6.11494,1.5783937,-1.2405102,0.6509247,on bike mount,cyclo cross,True,paving stones,good
8709a578-7c36-4f62-ac57-925fbd1789fe,1c57b865-e14a-45e6-a57a-62a60841923b,2bc888d6-5d6f-40ad-85e7-2795b0040681,1643973162866,13.3931128,52.4728378,6.11494,-0.6376837,0.041847944,1.3314924,on bike mount,cyclo cross,True,paving stones,good
8709a578-7c36-4f62-ac57-925fbd1789fe,1c57b865-e14a-45e6-a57a-62a60841923b,c15fa4b8-2fda-4086-ae51-147a53e77d3f,1643973162922,13.3931128,52.4728378,6.11494,-0.011351138,1.1769419,4.264742,on bike mount,cyclo cross,True,paving stones,good
8709a578-7c36-4f62-ac57-925fbd1789fe,1c57b865-e14a-45e6-a57a-62a60841923b,f3f88026-bd18-44a2-b54e-1f406ac31723,1643973162976,13.3931128,52.4728378,6.11494,-0.88296795,2.8434281,1.5473328,on bike mount,cyclo cross,True,paving stones,good
8709a578-7c36-4f62-ac57-925fbd1789fe,1c57b865-e14a-45e6-a57a-62a60841923b,dad13430-adfe-4661-bbf2-bfe388957477,1643973163033,13.3931128,52.4728378,6.11494,-0.4602186,0.62877846,-0.3218012,on bike mount,cyclo cross,True,paving stones,good
8709a578-7c36-4f62-ac57-925fbd1789fe,1c57b865-e14a-45e6-a57a-62a60841923b,b43f5130-ef52-4b6f-9b72-54a6b98108e2,1643973163087,13.3931128,52.4728378,6.11494,0.10281743,0.33253503,-0.17591667,on bike mount,cyclo cross,True,paving stones,good
8709a578-7c36-4f62-ac57-925fbd1789fe,1c57b865-e14a-45e6-a57a-62a60841923b,b3b0a353-a58b-4f2a-b63c-723600d99110,1643973163143,13.3931128,52.4728378,6.11494,1.4010599,-1.0671537,-2.9475904,on bike mount,cyclo cross,True,paving stones,good
8709a578-7c36-4f62-ac57-925fbd1789fe,1c57b865-e14a-45e6-a57a-62a60841923b,e97870de-7e26-47dc-8fe9-4c838fd91e97,1643973163200,13.3931128,52.4728378,6.11494,-0.648495,-1.348306,0.99127865,on bike mount,cyclo cross,True,paving stones,good
8709a578-7c36-4f62-ac57-925fbd1789fe,1c57b865-e14a-45e6-a57a-62a60841923b,5d75d3e5-b92a-4b88-88ae-b959a50b6fd4,1643973163253,13.3931128,52.4728378,6.11494,-1.2535777,0.25297308,0.09426117,on bike mount,cyclo cross,True,paving stones,good
8709a578-7c36-4f62-ac57-925fbd1789fe,1c57b865-e14a-45e6-a57a-62a60841923b,27f7c60e-798b-44ae-9c59-338e31c85c5a,1643973163308,13.3931128,52.4728378,6.11494,0.0028504133,-0.804327,0.77041817,on bike mount,cyclo cross,True,paving stones,good
8709a578-7c36-4f62-ac57-925fbd1789fe,1c57b865-e14a-45e6-a57a-62a60841923b,bff0b441-07b5-454b-9d4e-15ceb68555a5,1643973163365,13.3931128,52.4728378,6.11494,0.21000992,0.18190885,-3.5126543,on bike mount,cyclo cross,True,paving stones,good
8709a578-7c36-4f62-ac57-925fbd1789fe,1c57b865-e14a-45e6-a57a-62a60841923b,f0986613-8660-4d50-8da5-d598e1b3f7c8,1643973163421,13.3931128,52.4728378,6.11494,-0.69215506,0.38985682,1.8026505,on bike mount,cyclo cross,True,paving stones,good
8709a578-7c36-4f62-ac57-925fbd1789fe,1c57b865-e14a-45e6-a57a-62a60841923b,6c5cd859-e675-40bb-82dc-68c244f141bd,1643973163476,13.3931128,52.4728378,6.11494,-0.14196485,-0.6313758,2.0323725,on bike mount,cyclo cross,True,paving stones,good
8709a578-7c36-4f62-ac57-925fbd1789fe,1c57b865-e14a-45e6-a57a-62a60841923b,609fe6a7-65a6-4fc4-aa42-f27e5da534d1,1643973163531,13.3931128,52.4728378,6.11494,-1.1976955,-2.4114583,0.16608334,on bike mount,cyclo cross,True,paving stones,good
8709a578-7c36-4f62-ac57-925fbd1789fe,1c57b865-e14a-45e6-a57a-62a60841923b,dcc3def4-9c94-4bfe-a41c-85dcac83349b,1643973163586,13.3931128,52.4728378,6.11494,0.2025342,-3.5607245,-1.1555452,on bike mount,cyclo cross,True,paving stones,good
8709a578-7c36-4f62-ac57-925fbd1789fe,1c57b865-e14a-45e6-a57a-62a60841923b,6eb0959c-7f72-414d-9f42-f4ad660e0734,1643973163644,13.3931128,52.4728378,6.11494,0.11370571,0.050997734,0.68982124,on bike mount,cyclo cross,True,paving stones,good
8709a578-7c36-4f62-ac57-925fbd1789fe,1c57b865-e14a-45e6-a57a-62a60841923b,8da02f4f-4ab8-4fec-a7bb-89882bba1d4f,1643973163698,13.3931128,52.4728378,6.11494,0.82227856,3.9461756,-0.011964798,on bike mount,cyclo cross,True,paving stones,good
8709a578-7c36-4f62-ac57-925fbd1789fe,1c57b865-e14a-45e6-a57a-62a60841923b,6917cda8-f153-471e-b364-a819f915374d,1643973163755,13.3931128,52.4728378,6.11494,-1.9429237,-1.827459,-0.16076946,on bike mount,cyclo cross,True,paving stones,good
8709a578-7c36-4f62-ac57-925fbd1789fe,1c57b865-e14a-45e6-a57a-62a60841923b,674d8e3a-32e6-4dc3-aa9e-69bcaa504b52,1643973163809,13.393204,52.4728375,6.127478,1.8654311,1.6321216,-2.541625,on bike mount,cyclo cross,True,paving stones,good
8709a578-7c36-4f62-ac57-925fbd1789fe,1c57b865-e14a-45e6-a57a-62a60841923b,052f9feb-28af-461f-887a-cc224bbf0f9c,1643973163865,13.393204,52.4728375,6.127478,0.97469884,-1.8404727,-1.6752539,on bike mount,cyclo cross,True,paving stones,good
8709a578-7c36-4f62-ac57-925fbd1789fe,1c57b865-e14a-45e6-a57a-62a60841923b,c7e1b74c-b616-4874-9d31-406f0786261a,1643973163920,13.393204,52.4728375,6.127478,0.09688129,-2.1845744,2.0524168,on bike mount,cyclo cross,True,paving stones,good
8709a578-7c36-4f62-ac57-925fbd1789fe,1c57b865-e14a-45e6-a57a-62a60841923b,97f467fb-b2b7-4866-b542-d15f6161ec84,1643973163976,13.393204,52.4728375,6.127478,0.07530499,-1.0631359,-2.971147,on bike mount,cyclo cross,True,paving stones,good
8709a578-7c36-4f62-ac57-925fbd1789fe,1c57b865-e14a-45e6-a57a-62a60841923b,beb3d76e-24cc-452b-bddd-fe7f925e7887,1643973164035,13.393204,52.4728375,6.127478,-0.20569581,-0.28700352,-0.18771362,on bike mount,cyclo cross,True,paving stones,good
8709a578-7c36-4f62-ac57-925fbd1789fe,1c57b865-e14a-45e6-a57a-62a60841923b,7b9dceb2-ff39-4324-8f25-93b364cb8e8f,1643973164087,13.393204,52.4728375,6.127478,-1.0539811,-4.815797,0.5126982,on bike mount,cyclo cross,True,paving stones,good
8709a578-7c36-4f62-ac57-925fbd1789fe,1c57b865-e14a-45e6-a57a-62a60841923b,96eb824a-63ab-42f8-9b89-c52436d95dbe,1643973164145,13.393204,52.4728375,6.127478,0.13295823,-0.40002894,-1.5575418,on bike mount,cyclo cross,True,paving stones,good
8709a578-7c36-4f62-ac57-925fbd1789fe,1c57b865-e14a-45e6-a57a-62a60841923b,5d6a99eb-c7a6-428c-a540-df4410903b00,1643973164198,13.393204,52.4728375,6.127478,-0.21018165,-1.3446174,-0.11092949,on bike mount,cyclo cross,True,paving stones,good
8709a578-7c36-4f62-ac57-925fbd1789fe,1c57b865-e14a-45e6-a57a-62a60841923b,d3da0f70-ec2e-479b-8794-4cac592e8ccd,1643973164254,13.393204,52.4728375,6.127478,0.35760513,-1.0815239,4.1134377,on bike mount,cyclo cross,True,paving stones,good
8709a578-7c36-4f62-ac57-925fbd1789fe,1c57b865-e14a-45e6-a57a-62a60841923b,a3ec2bcb-c0a9-4cf5-9249-9f17fbf43db8,1643973164309,13.393204,52.4728375,6.127478,-1.2504013,-0.9003701,4.485955,on bike mount,cyclo cross,True,paving stones,good
8709a578-7c36-4f62-ac57-925fbd1789fe,1c57b865-e14a-45e6-a57a-62a60841923b,27529a18-9a55-46b7-9c75-1a385b6ce44c,1643973164364,13.393204,52.4728375,6.127478,-0.77863026,-0.14707375,1.4842186,on bike mount,cyclo cross,True,paving stones,good
8709a578-7c36-4f62-ac57-925fbd1789fe,1c57b865-e14a-45e6-a57a-62a60841923b,d4c46dcb-365d-476a-b769-968543e358e1,1643973164421,13.393204,52.4728375,6.127478,0.25683543,2.1827064,-2.5234709,on bike mount,cyclo cross,True,paving stones,good
8709a578-7c36-4f62-ac57-925fbd1789fe,1c57b865-e14a-45e6-a57a-62a60841923b,ca68504f-a6ec-4888-a888-8e6e69a9a4be,1643973164482,13.393204,52.4728375,6.127478,1.5847341,1.0010848,2.9631634,on bike mount,cyclo cross,True,paving stones,good
8709a578-7c36-4f62-ac57-925fbd1789fe,1c57b865-e14a-45e6-a57a-62a60841923b,8594ea91-58ca-4884-8d47-eaccf0d7b4eb,1643973164532,13.393204,52.4728375,6.127478,-1.7704761,-0.46040463,-1.62219,on bike mount,cyclo cross,True,paving stones,good
8709a578-7c36-4f62-ac57-925fbd1789fe,1c57b865-e14a-45e6-a57a-62a60841923b,f7c01b25-d19a-4fd2-ae89-76ea342c45ff,1643973164588,13.393204,52.4728375,6.127478,-0.090497315,-1.6553082,-1.6169338,on bike mount,cyclo cross,True,paving stones,good
8709a578-7c36-4f62-ac57-925fbd1789fe,1c57b865-e14a-45e6-a57a-62a60841923b,ab90e809-26c9-4817-bcd9-1660553626d5,1643973164645,13.393204,52.4728375,6.127478,-0.21523748,0.39281607,-0.26157284,on bike mount,cyclo cross,True,paving stones,good
8709a578-7c36-4f62-ac57-925fbd1789fe,1c57b865-e14a-45e6-a57a-62a60841923b,accc3e75-12c5-4954-9b68-aa916a7b1270,1643973164698,13.393204,52.4728375,6.127478,-1.5757532,-0.45395207,2.2375593,on bike mount,cyclo cross,True,paving stones,good
8709a578-7c36-4f62-ac57-925fbd1789fe,1c57b865-e14a-45e6-a57a-62a60841923b,18f6103e-084a-492a-bf29-6e82fd3010ab,1643973164754,13.393204,52.4728375,6.127478,-0.029642984,-1.8814894,5.788005,on bike mount,cyclo cross,True,paving stones,good
8709a578-7c36-4f62-ac57-925fbd1789fe,1c57b865-e14a-45e6-a57a-62a60841923b,c7ebc94a-8b4a-4493-a0ef-9e2826b198f1,1643973164809,13.3932943,52.4728389,6.1806483,0.049503803,-1.8139522,0.85548973,on bike mount,cyclo cross,True,paving stones,good
8709a578-7c36-4f62-ac57-925fbd1789fe,1c57b865-e14a-45e6-a57a-62a60841923b,50485b3a-2459-4d7f-957e-1ee883bf56f5,1643973164867,13.3932943,52.4728389,6.1806483,-1.2939613,2.1197176,2.3924665,on bike mount,cyclo cross,True,paving stones,good
8709a578-7c36-4f62-ac57-925fbd1789fe,1c57b865-e14a-45e6-a57a-62a60841923b,970038d4-871b-43b9-8e93-b3c063e3c0d4,1643973164921,13.3932943,52.4728389,6.1806483,-0.32272783,0.28855753,0.09238243,on bike mount,cyclo cross,True,paving stones,good
8709a578-7c36-4f62-ac57-925fbd1789fe,1c57b865-e14a-45e6-a57a-62a60841923b,15befbf1-198e-4730-b407-2f744f782957,1643973164977,13.3932943,52.4728389,6.1806483,1.8361146,-2.3534746,-1.541606,on bike mount,cyclo cross,True,paving stones,good
8709a578-7c36-4f62-ac57-925fbd1789fe,1c57b865-e14a-45e6-a57a-62a60841923b,2546518c-b09b-4123-ad81-de5a8a335c06,1643973165032,13.3932943,52.4728389,6.1806483,0.37942997,3.2661548,0.86725235,on bike mount,cyclo cross,True,paving stones,good
8709a578-7c36-4f62-ac57-925fbd1789fe,1c57b865-e14a-45e6-a57a-62a60841923b,2632038e-bbee-4e81-9a2a-826f67564006,1643973165089,13.3932943,52.4728389,6.1806483,-1.0079138,-4.0522423,-0.2531767,on bike mount,cyclo cross,True,paving stones,good
8709a578-7c36-4f62-ac57-925fbd1789fe,1c57b865-e14a-45e6-a57a-62a60841923b,6c6166db-62ab-4f55-9a7b-7a8e3c3474b9,1643973165145,13.3932943,52.4728389,6.1806483,0.53355014,1.1796341,-1.426527,on bike mount,cyclo cross,True,paving stones,good
8709a578-7c36-4f62-ac57-925fbd1789fe,1c57b865-e14a-45e6-a57a-62a60841923b,e6f4e5ac-3eaf-4f1b-b527-f22b7aa73fdf,1643973165199,13.3932943,52.4728389,6.1806483,-2.1067944,0.21930408,3.6608553,on bike mount,cyclo cross,True,paving stones,good
8709a578-7c36-4f62-ac57-925fbd1789fe,1c57b865-e14a-45e6-a57a-62a60841923b,f5b718d0-5476-4a7f-b3a8-ab8ecdaab852,1643973165255,13.3932943,52.4728389,6.1806483,1.0140834,-0.23263836,6.5579147,on bike mount,cyclo cross,True,paving stones,good
8709a578-7c36-4f62-ac57-925fbd1789fe,1c57b865-e14a-45e6-a57a-62a60841923b,53b9c03c-c91b-4985-9711-d998fae953be,1643973165311,13.3932943,52.4728389,6.1806483,-1.239299,-0.9690528,-1.4040923,on bike mount,cyclo cross,True,paving stones,good
8709a578-7c36-4f62-ac57-925fbd1789fe,1c57b865-e14a-45e6-a57a-62a60841923b,5f9194c4-c62f-4f84-9cd3-828a66a7e1be,1643973165365,13.3932943,52.4728389,6.1806483,0.7236164,-1.7317003,-1.0784378,on bike mount,cyclo cross,True,paving stones,good
8709a578-7c36-4f62-ac57-925fbd1789fe,1c57b865-e14a-45e6-a57a-62a60841923b,8399a7eb-581c-4d0e-87c2-f41a71ad290a,1643973165421,13.3932943,52.4728389,6.1806483,0.2425308,-0.22028685,2.6013136,on bike mount,cyclo cross,True,paving stones,good
8709a578-7c36-4f62-ac57-925fbd1789fe,1c57b865-e14a-45e6-a57a-62a60841923b,3fe56287-1130-45e3-a4e8-0f702923ef3d,1643973165478,13.3932943,52.4728389,6.1806483,-0.11001292,-4.586997,2.6101341,on bike mount,cyclo cross,True,paving stones,good
8709a578-7c36-4f62-ac57-925fbd1789fe,1c57b865-e14a-45e6-a57a-62a60841923b,6d0ff395-e715-4cd0-aca7-12229b23ff91,1643973165533,13.3932943,52.4728389,6.1806483,-0.039047837,0.62716556,-5.1978855,on bike mount,cyclo cross,True,paving stones,good
8709a578-7c36-4f62-ac57-925fbd1789fe,1c57b865-e14a-45e6-a57a-62a60841923b,9531907f-707d-4c9b-9243-5ba72a5fc38a,1643973165589,13.3932943,52.4728389,6.1806483,-0.9365829,-1.4893432,7.848242,on bike mount,cyclo cross,True,paving stones,good
8709a578-7c36-4f62-ac57-925fbd1789fe,1c57b865-e14a-45e6-a57a-62a60841923b,bff1d7ac-0b48-4a9d-971a-5e21093f01ff,1643973165646,13.3932943,52.4728389,6.1806483,0.6661758,1.3332229,-0.8921046,on bike mount,cyclo cross,True,paving stones,good
8709a578-7c36-4f62-ac57-925fbd1789fe,1c57b865-e14a-45e6-a57a-62a60841923b,94809376-f36f-4f6a-b8fb-f3a4445205d8,1643973165701,13.3932943,52.4728389,6.1806483,0.18368724,2.170136,-0.22219849,on bike mount,cyclo cross,True,paving stones,good
8709a578-7c36-4f62-ac57-925fbd1789fe,1c57b865-e14a-45e6-a57a-62a60841923b,e3639834-c945-4221-a520-5fb56e2971d4,1643973165754,13.3932943,52.4728389,6.1806483,-0.52461743,-5.2415447,-0.12249756,on bike mount,cyclo cross,True,paving stones,good
8709a578-7c36-4f62-ac57-925fbd1789fe,1c57b865-e14a-45e6-a57a-62a60841923b,9470b73c-7241-4eba-a5c4-6c355e480910,1643973165810,13.3933843,52.4728408,6.257838,0.25549477,-2.214189,-0.59118843,on bike mount,cyclo cross,True,paving stones,good
8709a578-7c36-4f62-ac57-925fbd1789fe,1c57b865-e14a-45e6-a57a-62a60841923b,15371591-c399-4c18-b19c-f31bfc4d2869,1643973165866,13.3933843,52.4728408,6.257838,-0.6318507,-0.49924803,6.1657543,on bike mount,cyclo cross,True,paving stones,good
8709a578-7c36-4f62-ac57-925fbd1789fe,1c57b865-e14a-45e6-a57a-62a60841923b,4f813f9b-6e12-4a85-8eff-a381b49b8e68,1643973165921,13.3933843,52.4728408,6.257838,0.08963567,-1.4534605,-1.8904772,on bike mount,cyclo cross,True,paving stones,good
8709a578-7c36-4f62-ac57-925fbd1789fe,1c57b865-e14a-45e6-a57a-62a60841923b,a4d39741-0da6-4c9b-b71b-38c1272baff6,1643973165977,13.3933843,52.4728408,6.257838,-0.4329834,0.43680263,-1.2648134,on bike mount,cyclo cross,True,paving stones,good
8709a578-7c36-4f62-ac57-925fbd1789fe,1c57b865-e14a-45e6-a57a-62a60841923b,c3395de7-8f55-420a-8386-6e1dbe8e88bf,1643973166032,13.3933843,52.4728408,6.257838,0.64083827,-0.90747213,-1.5209618,on bike mount,cyclo cross,True,paving stones,good
8709a578-7c36-4f62-ac57-925fbd1789fe,1c57b865-e14a-45e6-a57a-62a60841923b,77986329-f162-4f3f-8ac3-275ce1177467,1643973166088,13.3933843,52.4728408,6.257838,-0.24971189,0.23648453,-2.968625,on bike mount,cyclo cross,True,paving stones,good
8709a578-7c36-4f62-ac57-925fbd1789fe,1c57b865-e14a-45e6-a57a-62a60841923b,7b1cbcb7-369a-46b1-b643-b23ec117b695,1643973166144,13.3933843,52.4728408,6.257838,-0.08817595,-0.43154573,-2.5461292,on bike mount,cyclo cross,True,paving stones,good
8709a578-7c36-4f62-ac57-925fbd1789fe,1c57b865-e14a-45e6-a57a-62a60841923b,d5bc3272-037c-457b-8e12-5c81d80edd1e,1643973166200,13.3933843,52.4728408,6.257838,0.38466758,0.3419037,2.1721363,on bike mount,cyclo cross,True,paving stones,good
8709a578-7c36-4f62-ac57-925fbd1789fe,1c57b865-e14a-45e6-a57a-62a60841923b,615de604-5237-4e7f-b9b4-e4e41aba2d5c,1643973166256,13.3933843,52.4728408,6.257838,-0.9192405,-0.3144176,-0.28930092,on bike mount,cyclo cross,True,paving stones,good
8709a578-7c36-4f62-ac57-925fbd1789fe,1c57b865-e14a-45e6-a57a-62a60841923b,90efa1c3-0509-46bc-911b-25677d39e1e3,1643973166311,13.3933843,52.4728408,6.257838,0.4392184,-0.60634637,-1.6669416,on bike mount,cyclo cross,True,paving stones,good
8709a578-7c36-4f62-ac57-925fbd1789fe,1c57b865-e14a-45e6-a57a-62a60841923b,f8e90610-b2c7-488a-a948-10fe91aa0d13,1643973166367,13.3933843,52.4728408,6.257838,-1.2137895,-2.2701478,2.9427118,on bike mount,cyclo cross,True,paving stones,good
8709a578-7c36-4f62-ac57-925fbd1789fe,1c57b865-e14a-45e6-a57a-62a60841923b,bb8814f6-144a-4011-9c84-49b78529afd3,1643973166421,13.3933843,52.4728408,6.257838,-0.49433303,0.29027534,-3.1751313,on bike mount,cyclo cross,True,paving stones,good
8709a578-7c36-4f62-ac57-925fbd1789fe,1c57b865-e14a-45e6-a57a-62a60841923b,ee175f2d-38f5-42cc-8711-acea6688c798,1643973166477,13.3933843,52.4728408,6.257838,0.3598184,-1.3865578,1.0913563,on bike mount,cyclo cross,True,paving stones,good
8709a578-7c36-4f62-ac57-925fbd1789fe,1c57b865-e14a-45e6-a57a-62a60841923b,feb0b7b7-d912-4e9f-99e5-9d850d5d776a,1643973166532,13.3933843,52.4728408,6.257838,0.36764273,-1.7010087,-0.1583929,on bike mount,cyclo cross,True,paving stones,good
8709a578-7c36-4f62-ac57-925fbd1789fe,1c57b865-e14a-45e6-a57a-62a60841923b,808686f9-371c-499e-a0d3-5e86507cb656,1643973166589,13.3933843,52.4728408,6.257838,0.15766248,0.9866595,6.088646,on bike mount,cyclo cross,True,paving stones,good
8709a578-7c36-4f62-ac57-925fbd1789fe,1c57b865-e14a-45e6-a57a-62a60841923b,d8a6638f-7ef7-48c0-88f9-7dcda5af3201,1643973166644,13.3933843,52.4728408,6.257838,0.343507,1.6734185,-0.17139149,on bike mount,cyclo cross,True,paving stones,good
8709a578-7c36-4f62-ac57-925fbd1789fe,1c57b865-e14a-45e6-a57a-62a60841923b,690d1feb-9e1e-4d07-a064-760acee60abf,1643973166700,13.3933843,52.4728408,6.257838,-1.3400596,-0.5271447,-1.5719657,on bike mount,cyclo cross,True,paving stones,good
8709a578-7c36-4f62-ac57-925fbd1789fe,1c57b865-e14a-45e6-a57a-62a60841923b,64e7397b-22ab-4855-9572-387bf7b78655,1643973166755,13.3933843,52.4728408,6.257838,0.4491495,-0.69923365,-0.4493189,on bike mount,cyclo cross,True,paving stones,good
8709a578-7c36-4f62-ac57-925fbd1789fe,1c57b865-e14a-45e6-a57a-62a60841923b,69a9588a-37ec-46de-aacd-d8192f454949,1643973166810,13.3934778,52.4728405,6.411699,-0.14195359,0.5837934,1.1479111,on bike mount,cyclo cross,True,paving stones,good
8709a578-7c36-4f62-ac57-925fbd1789fe,1c57b865-e14a-45e6-a57a-62a60841923b,b6964bf8-3d10-4b3b-9afd-14c9e7b947e8,1643973166868,13.3934778,52.4728405,6.411699,-1.1896751,3.0933323,-2.4453182,on bike mount,cyclo cross,True,paving stones,good
8709a578-7c36-4f62-ac57-925fbd1789fe,1c57b865-e14a-45e6-a57a-62a60841923b,0a09faab-c0a3-4d1c-80b8-c35812596f22,1643973166922,13.3934778,52.4728405,6.411699,2.2515764,-1.8925816,0.23999023,on bike mount,cyclo cross,True,paving stones,good
8709a578-7c36-4f62-ac57-925fbd1789fe,1c57b865-e14a-45e6-a57a-62a60841923b,531c4b60-af1d-4b8e-98ff-bcdb935a30e4,1643973166978,13.3934778,52.4728405,6.411699,1.0473819,1.2349763,-0.837574,on bike mount,cyclo cross,True,paving stones,good
8709a578-7c36-4f62-ac57-925fbd1789fe,1c57b865-e14a-45e6-a57a-62a60841923b,2b013287-400e-4a69-89d5-7b41d091a998,1643973167036,13.3934778,52.4728405,6.411699,0.7390157,-0.23776388,2.9646368,on bike mount,cyclo cross,True,paving stones,good
8709a578-7c36-4f62-ac57-925fbd1789fe,1c57b865-e14a-45e6-a57a-62a60841923b,4f7ef1e7-bccf-45a2-9daa-ef1672e57fc6,1643973167091,13.3934778,52.4728405,6.411699,1.0242437,0.16612935,-2.2344837,on bike mount,cyclo cross,True,paving stones,good
8709a578-7c36-4f62-ac57-925fbd1789fe,1c57b865-e14a-45e6-a57a-62a60841923b,5075a6b8-cca9-450c-905c-fa124dfd906e,1643973167146,13.3934778,52.4728405,6.411699,0.24309221,0.5320585,0.07705021,on bike mount,cyclo cross,True,paving stones,good
8709a578-7c36-4f62-ac57-925fbd1789fe,1c57b865-e14a-45e6-a57a-62a60841923b,dc500b4a-e502-4dd5-bf78-1cb89bf92781,1643973167199,13.3934778,52.4728405,6.411699,-0.8995446,1.6224844,-2.1986027,on bike mount,cyclo cross,True,paving stones,good
8709a578-7c36-4f62-ac57-925fbd1789fe,1c57b865-e14a-45e6-a57a-62a60841923b,4619a4a8-0865-44a3-985f-d2747ebcbbae,1643973167257,13.3934778,52.4728405,6.411699,0.6644736,-1.8962007,0.9920101,on bike mount,cyclo cross,True,paving stones,good
8709a578-7c36-4f62-ac57-925fbd1789fe,1c57b865-e14a-45e6-a57a-62a60841923b,f6f138c9-26f4-425f-8229-edc72b9b848e,1643973167312,13.3934778,52.4728405,6.411699,0.41763875,0.9193599,-0.6578045,on bike mount,cyclo cross,True,paving stones,good
8709a578-7c36-4f62-ac57-925fbd1789fe,1c57b865-e14a-45e6-a57a-62a60841923b,5d647305-761c-4f8e-8ce7-e1ed9981ebc0,1643973167369,13.3934778,52.4728405,6.411699,-1.1104537,-1.1364121,1.1127949,on bike mount,cyclo cross,True,paving stones,good
8709a578-7c36-4f62-ac57-925fbd1789fe,1c57b865-e14a-45e6-a57a-62a60841923b,ec15a04c-09f9-46fb-a5fe-6d232dd10490,1643973167422,13.3934778,52.4728405,6.411699,2.1238508,-0.96827793,0.8530359,on bike mount,cyclo cross,True,paving stones,good
8709a578-7c36-4f62-ac57-925fbd1789fe,1c57b865-e14a-45e6-a57a-62a60841923b,9f1fe873-d604-42b2-b292-b3fb38de74a1,1643973167477,13.3934778,52.4728405,6.411699,-1.3516102,-0.8204062,-0.3554945,on bike mount,cyclo cross,True,paving stones,good
8709a578-7c36-4f62-ac57-925fbd1789fe,1c57b865-e14a-45e6-a57a-62a60841923b,d20907ea-e474-43ba-8c2a-13d38cd8abd7,1643973167533,13.3934778,52.4728405,6.411699,-0.3856805,-0.81773984,2.0731287,on bike mount,cyclo cross,True,paving stones,good
8709a578-7c36-4f62-ac57-925fbd1789fe,1c57b865-e14a-45e6-a57a-62a60841923b,da564085-fb76-4673-8af3-9afcde6db90b,1643973167588,13.3934778,52.4728405,6.411699,-1.303234,-0.42969656,-2.1253347,on bike mount,cyclo cross,True,paving stones,good
8709a578-7c36-4f62-ac57-925fbd1789fe,1c57b865-e14a-45e6-a57a-62a60841923b,0f223501-69ba-48d6-b92a-3a5ff4742b84,1643973167644,13.3934778,52.4728405,6.411699,0.5446522,1.0640402,-0.094537735,on bike mount,cyclo cross,True,paving stones,good
8709a578-7c36-4f62-ac57-925fbd1789fe,1c57b865-e14a-45e6-a57a-62a60841923b,9f80da21-bbb8-4538-972c-b7e5b87ad007,1643973167701,13.3934778,52.4728405,6.411699,-0.53646654,2.755084,-3.3587308,on bike mount,cyclo cross,True,paving stones,good
8709a578-7c36-4f62-ac57-925fbd1789fe,1c57b865-e14a-45e6-a57a-62a60841923b,5a8cdcd6-ebee-47c3-8dc5-d2eeaa7579d5,1643973167756,13.3934778,52.4728405,6.411699,1.2174227,2.419104,-0.27978992,on bike mount,cyclo cross,True,paving stones,good
8709a578-7c36-4f62-ac57-925fbd1789fe,1c57b865-e14a-45e6-a57a-62a60841923b,a8ab2894-f310-45ed-8107-c68c05ace736,1643973167811,13.3935723,52.4728383,6.3074827,-1.1600229,-3.6924,2.7584705,on bike mount,cyclo cross,True,paving stones,good
8709a578-7c36-4f62-ac57-925fbd1789fe,1c57b865-e14a-45e6-a57a-62a60841923b,65fa769c-c8b8-4f55-91c4-ebfee9ecc766,1643973167867,13.3935723,52.4728383,6.3074827,-0.12493046,0.104521275,-0.66305923,on bike mount,cyclo cross,True,paving stones,good
8709a578-7c36-4f62-ac57-925fbd1789fe,1c57b865-e14a-45e6-a57a-62a60841923b,6aeebdf6-85bd-43f5-98b7-f59699f26018,1643973167921,13.3935723,52.4728383,6.3074827,0.32612517,-3.5805583,3.6134682,on bike mount,cyclo cross,True,paving stones,good
8709a578-7c36-4f62-ac57-925fbd1789fe,1c57b865-e14a-45e6-a57a-62a60841923b,8c65f058-b57c-4d59-839b-e6d1edee588a,1643973167979,13.3935723,52.4728383,6.3074827,-0.5234009,0.61956906,-1.5417676,on bike mount,cyclo cross,True,paving stones,good
8709a578-7c36-4f62-ac57-925fbd1789fe,1c57b865-e14a-45e6-a57a-62a60841923b,42b7ff60-deea-4cd5-ba0c-8c69a5e11aa2,1643973168035,13.3935723,52.4728383,6.3074827,1.681855,0.41779423,2.7572384,on bike mount,cyclo cross,True,paving stones,good
8709a578-7c36-4f62-ac57-925fbd1789fe,1c57b865-e14a-45e6-a57a-62a60841923b,92c7305b-5950-4cc6-850e-a5a6edc6f91d,1643973168090,13.3935723,52.4728383,6.3074827,0.36522588,-1.8470695,-0.8813276,on bike mount,cyclo cross,True,paving stones,good
8709a578-7c36-4f62-ac57-925fbd1789fe,1c57b865-e14a-45e6-a57a-62a60841923b,a96ff57b-e214-410f-a9ad-ad6a167c041d,1643973168145,13.3935723,52.4728383,6.3074827,-0.20112735,-0.13427138,-1.99192,on bike mount,cyclo cross,True,paving stones,good
8709a578-7c36-4f62-ac57-925fbd1789fe,1c57b865-e14a-45e6-a57a-62a60841923b,09cf1258-8444-4dde-ae5c-1dcae6785da5,1643973168200,13.3935723,52.4728383,6.3074827,0.3215567,-1.6033697,-1.0626998,on bike mount,cyclo cross,True,paving stones,good
8709a578-7c36-4f62-ac57-925fbd1789fe,1c57b865-e14a-45e6-a57a-62a60841923b,26f177e7-f24e-4d82-ab21-8b6212f190c9,1643973168256,13.3935723,52.4728383,6.3074827,0.94727105,-0.85036683,-2.8190522,on bike mount,cyclo cross,True,paving stones,good
8709a578-7c36-4f62-ac57-925fbd1789fe,1c57b865-e14a-45e6-a57a-62a60841923b,d46743d5-8229-495f-b7e3-495c5c3beb05,1643973168311,13.3935723,52.4728383,6.3074827,0.13426304,0.78595495,2.2515259,on bike mount,cyclo cross,True,paving stones,good
8709a578-7c36-4f62-ac57-925fbd1789fe,1c57b865-e14a-45e6-a57a-62a60841923b,7b82e367-63a1-42f9-99cc-c5ba5829c797,1643973168366,13.3935723,52.4728383,6.3074827,-0.6417379,-0.9838562,0.34101772,on bike mount,cyclo cross,True,paving stones,good
8709a578-7c36-4f62-ac57-925fbd1789fe,1c57b865-e14a-45e6-a57a-62a60841923b,8174a44d-4774-4e47-bfac-6301c1b6a9ba,1643973168423,13.3935723,52.4728383,6.3074827,0.20382252,0.16328406,-2.6858244,on bike mount,cyclo cross,True,paving stones,good
8709a578-7c36-4f62-ac57-925fbd1789fe,f37c6d90-601d-4764-9174-9b57a48b4e20,c9102853-ad2e-4258-b913-f0d0c652e4bb,1643973165667,13.3932943,52.4728389,6.1806483,0.23156431,1.4885442,2.2948284,on bike mount,cyclo cross,True,paving stones,good
8709a578-7c36-4f62-ac57-925fbd1789fe,f37c6d90-601d-4764-9174-9b57a48b4e20,c85e98d3-b8d4-4dd2-8aeb-7b03d1dea51e,1643973165721,13.3932943,52.4728389,6.1806483,-0.07585201,0.70761275,-3.0262012,on bike mount,cyclo cross,True,paving stones,good
8709a578-7c36-4f62-ac57-925fbd1789fe,f37c6d90-601d-4764-9174-9b57a48b4e20,fdbb16ac-30ea-4832-a172-deffa55f7aa1,1643973165779,13.3933843,52.4728408,6.257838,0.2971692,-0.5146775,0.90406704,on bike mount,cyclo cross,True,paving stones,good
8709a578-7c36-4f62-ac57-925fbd1789fe,f37c6d90-601d-4764-9174-9b57a48b4e20,a3a7b006-a124-41bd-a1c6-39ddd56b4964,1643973165835,13.3933843,52.4728408,6.257838,0.3305791,-2.635717,-2.3439627,on bike mount,cyclo cross,True,paving stones,good
8709a578-7c36-4f62-ac57-925fbd1789fe,f37c6d90-601d-4764-9174-9b57a48b4e20,6498e963-29cc-47f8-8ded-ad5f3f9c4a71,1643973165888,13.3933843,52.4728408,6.257838,-0.6998285,-0.5492163,-0.6475115,on bike mount,cyclo cross,True,paving stones,good
8709a578-7c36-4f62-ac57-925fbd1789fe,f37c6d90-601d-4764-9174-9b57a48b4e20,8d2adb5c-3fac-4130-b6df-a4ee714e8c3a,1643973165944,13.3933843,52.4728408,6.257838,1.338331,0.9371393,0.5115795,on bike mount,cyclo cross,True,paving stones,good
8709a578-7c36-4f62-ac57-925fbd1789fe,f37c6d90-601d-4764-9174-9b57a48b4e20,d54b2829-8c77-4634-a2bb-52d0560e2529,1643973165999,13.3933843,52.4728408,6.257838,-1.6105343,1.0677509,-3.2662072,on bike mount,cyclo cross,True,paving stones,good
8709a578-7c36-4f62-ac57-925fbd1789fe,f37c6d90-601d-4764-9174-9b57a48b4e20,f33d4ca0-2c74-4802-8ee7-1906ef5081b7,1643973166058,13.3933843,52.4728408,6.257838,0.38300675,1.1686199,4.999365,on bike mount,cyclo cross,True,paving stones,good
8709a578-7c36-4f62-ac57-925fbd1789fe,f37c6d90-601d-4764-9174-9b57a48b4e20,872fb7ce-2ce7-4dcf-9cc9-99641b5bba43,1643973166110,13.3933843,52.4728408,6.257838,1.0102775,-1.3253049,2.530614,on bike mount,cyclo cross,True,paving stones,good
8709a578-7c36-4f62-ac57-925fbd1789fe,f37c6d90-601d-4764-9174-9b57a48b4e20,a2ab996c-82e6-4292-bb35-ea25232ea997,1643973166166,13.3933843,52.4728408,6.257838,-0.002580583,-1.6805736,-2.0203838,on bike mount,cyclo cross,True,paving stones,good
8709a578-7c36-4f62-ac57-925fbd1789fe,f37c6d90-601d-4764-9174-9b57a48b4e20,419618df-8d0f-4b52-8bc9-20a9903bc13a,1643973166221,13.3933843,52.4728408,6.257838,1.5811112,-3.0700972,-0.5349016,on bike mount,cyclo cross,True,paving stones,good
8709a578-7c36-4f62-ac57-925fbd1789fe,f37c6d90-601d-4764-9174-9b57a48b4e20,eed29f21-f17a-41f4-a0c8-7c1d26700e48,1643973166277,13.3933843,52.4728408,6.257838,0.33282247,1.8168836,1.8740654,on bike mount,cyclo cross,True,paving stones,good
8709a578-7c36-4f62-ac57-925fbd1789fe,f37c6d90-601d-4764-9174-9b57a48b4e20,e9dbf739-a8e0-4dd2-9ce2-06542c081d78,1643973166332,13.3933843,52.4728408,6.257838,-0.24208462,-1.3503193,0.50271225,on bike mount,cyclo cross,True,paving stones,good
8709a578-7c36-4f62-ac57-925fbd1789fe,f37c6d90-601d-4764-9174-9b57a48b4e20,4f2aec6c-bae5-4889-b75c-776fccf89408,1643973166389,13.3933843,52.4728408,6.257838,0.7044959,0.3314333,-1.9746485,on bike mount,cyclo cross,True,paving stones,good
8709a578-7c36-4f62-ac57-925fbd1789fe,f37c6d90-601d-4764-9174-9b57a48b4e20,3b433da6-17cd-4690-a3ca-8e96ce38b2e8,1643973166444,13.3933843,52.4728408,6.257838,-0.8413671,2.397687,0.9351692,on bike mount,cyclo cross,True,paving stones,good
8709a578-7c36-4f62-ac57-925fbd1789fe,f37c6d90-601d-4764-9174-9b57a48b4e20,b573f110-cd65-4462-a4a6-989f34e60e47,1643973166501,13.3933843,52.4728408,6.257838,-0.44955862,3.592579,-0.547102,on bike mount,cyclo cross,True,paving stones,good
8709a578-7c36-4f62-ac57-925fbd1789fe,f37c6d90-601d-4764-9174-9b57a48b4e20,2e2e66a9-eb20-4d43-b975-5ec712367e03,1643973166555,13.3933843,52.4728408,6.257838,-0.7171905,0.44137454,0.23831654,on bike mount,cyclo cross,True,paving stones,good
8709a578-7c36-4f62-ac57-925fbd1789fe,f37c6d90-601d-4764-9174-9b57a48b4e20,a16fd063-d84a-4a93-8202-d9658784654e,1643973166610,13.3933843,52.4728408,6.257838,0.51059616,-0.41012597,0.96676826,on bike mount,cyclo cross,True,paving stones,good
8709a578-7c36-4f62-ac57-925fbd1789fe,f37c6d90-601d-4764-9174-9b57a48b4e20,e13d9d52-4d79-4757-8693-0f7a71de5e84,1643973166666,13.3933843,52.4728408,6.257838,-0.6592235,-3.2488835,1.1802197,on bike mount,cyclo cross,True,paving stones,good
8709a578-7c36-4f62-ac57-925fbd1789fe,f37c6d90-601d-4764-9174-9b57a48b4e20,23275b68-2a43-42ca-a139-2fb23a72591c,1643973166722,13.3933843,52.4728408,6.257838,-0.682755,1.8245654,-0.9634099,on bike mount,cyclo cross,True,paving stones,good
8709a578-7c36-4f62-ac57-925fbd1789fe,f37c6d90-601d-4764-9174-9b57a48b4e20,ab248ee6-a186-4024-820f-334ffdad0ea6,1643973166778,13.3933843,52.4728408,6.257838,0.5025847,-3.4866543,1.5005035,on bike mount,cyclo cross,True,paving stones,good
8709a578-7c36-4f62-ac57-925fbd1789fe,f37c6d90-601d-4764-9174-9b57a48b4e20,2f098e18-3c26-4d9e-8fa0-c9e19df32ed2,1643973166833,13.3934778,52.4728405,6.411699,-0.55395555,-0.10506821,-2.65198,on bike mount,cyclo cross,True,paving stones,good
8709a578-7c36-4f62-ac57-925fbd1789fe,f37c6d90-601d-4764-9174-9b57a48b4e20,9b7c302e-da0e-4973-9e5a-9dc6c24e908b,1643973166891,13.3934778,52.4728405,6.411699,-0.36888522,-1.2162718,4.192582,on bike mount,cyclo cross,True,paving stones,good
8709a578-7c36-4f62-ac57-925fbd1789fe,f37c6d90-601d-4764-9174-9b57a48b4e20,f1397184-a36d-4638-9386-7f280b8a5450,1643973166946,13.3934778,52.4728405,6.411699,-0.9467438,3.0036206,-1.8247461,on bike mount,cyclo cross,True,paving stones,good
8709a578-7c36-4f62-ac57-925fbd1789fe,f37c6d90-601d-4764-9174-9b57a48b4e20,63fe4b77-7c06-47c2-b921-79d47ebc3fce,1643973166999,13.3934778,52.4728405,6.411699,-0.6063947,0.26158,0.7058563,on bike mount,cyclo cross,True,paving stones,good
8709a578-7c36-4f62-ac57-925fbd1789fe,f37c6d90-601d-4764-9174-9b57a48b4e20,df502b93-258e-4611-b778-ade2c710e56c,1643973167055,13.3934778,52.4728405,6.411699,0.69187295,0.30373502,1.5356331,on bike mount,cyclo cross,True,paving stones,good
8709a578-7c36-4f62-ac57-925fbd1789fe,f37c6d90-601d-4764-9174-9b57a48b4e20,fedee371-c00f-485d-8d1b-b6ac06b34165,1643973167111,13.3934778,52.4728405,6.411699,0.8493039,-0.10201073,-0.8804426,on bike mount,cyclo cross,True,paving stones,good
8709a578-7c36-4f62-ac57-925fbd1789fe,f37c6d90-601d-4764-9174-9b57a48b4e20,4fc37d03-4881-48ef-9d44-d7f808a8c22d,1643973167167,13.3934778,52.4728405,6.411699,0.02465558,-3.0555995,0.98587036,on bike mount,cyclo cross,True,paving stones,good
8709a578-7c36-4f62-ac57-925fbd1789fe,f37c6d90-601d-4764-9174-9b57a48b4e20,9085deb6-9970-4e94-975a-9f96edee3f96,1643973167225,13.3934778,52.4728405,6.411699,0.5804075,1.1410453,1.204011,on bike mount,cyclo cross,True,paving stones,good
8709a578-7c36-4f62-ac57-925fbd1789fe,f37c6d90-601d-4764-9174-9b57a48b4e20,7a0caf01-ecf2-4822-b0fb-b0b102bcae1d,1643973167279,13.3934778,52.4728405,6.411699,0.06924328,0.4376874,3.0303726,on bike mount,cyclo cross,True,paving stones,good
8709a578-7c36-4f62-ac57-925fbd1789fe,f37c6d90-601d-4764-9174-9b57a48b4e20,0de05ad7-9772-4879-a4d6-35ecbee299a5,1643973167332,13.3934778,52.4728405,6.411699,-0.8173239,1.6494405,1.5458412,on bike mount,cyclo cross,True,paving stones,good
8709a578-7c36-4f62-ac57-925fbd1789fe,f37c6d90-601d-4764-9174-9b57a48b4e20,89743217-1f44-4685-ac8a-76b4d3eb2c8f,1643973167389,13.3934778,52.4728405,6.411699,0.9131212,-5.5450387,-2.099235,on bike mount,cyclo cross,True,paving stones,good
8709a578-7c36-4f62-ac57-925fbd1789fe,f37c6d90-601d-4764-9174-9b57a48b4e20,2a4c23e2-9b14-4001-8a24-4b742c9e21bf,1643973167443,13.3934778,52.4728405,6.411699,1.1493834,-1.1046029,0.17861271,on bike mount,cyclo cross,True,paving stones,good
8709a578-7c36-4f62-ac57-925fbd1789fe,f37c6d90-601d-4764-9174-9b57a48b4e20,e8241774-8043-4a43-8c24-c3ad23086223,1643973167501,13.3934778,52.4728405,6.411699,-0.06285089,0.610888,3.172656,on bike mount,cyclo cross,True,paving stones,good
8709a578-7c36-4f62-ac57-925fbd1789fe,f37c6d90-601d-4764-9174-9b57a48b4e20,1f9399c7-e3e7-404e-bd20-dc1e3ca76911,1643973167562,13.3934778,52.4728405,6.411699,0.21598825,1.4681802,0.1556654,on bike mount,cyclo cross,True,paving stones,good
8709a578-7c36-4f62-ac57-925fbd1789fe,f37c6d90-601d-4764-9174-9b57a48b4e20,d55e20e3-3b05-435c-9908-59ace6af503c,1643973167612,13.3934778,52.4728405,6.411699,-1.1637464,-2.912848,-0.8590574,on bike mount,cyclo cross,True,paving stones,good
8709a578-7c36-4f62-ac57-925fbd1789fe,f37c6d90-601d-4764-9174-9b57a48b4e20,0466807f-309b-4391-a109-867de5e6a051,1643973167668,13.3934778,52.4728405,6.411699,-1.1222574,-0.4943335,-0.7604065,on bike mount,cyclo cross,True,paving stones,good
8709a578-7c36-4f62-ac57-925fbd1789fe,f37c6d90-601d-4764-9174-9b57a48b4e20,22dc299d-0210-4e20-9d4a-3101acc439aa,1643973167721,13.3934778,52.4728405,6.411699,0.44071564,-2.414073,-0.30073357,on bike mount,cyclo cross,True,paving stones,good
8709a578-7c36-4f62-ac57-925fbd1789fe,f37c6d90-601d-4764-9174-9b57a48b4e20,2f45aa45-56c7-4878-87fc-4fb0782360a6,1643973167777,13.3934778,52.4728405,6.411699,0.10776332,0.7354779,0.20899963,on bike mount,cyclo cross,True,paving stones,good
8709a578-7c36-4f62-ac57-925fbd1789fe,f37c6d90-601d-4764-9174-9b57a48b4e20,6532bb7c-3d9f-45cb-a622-f10ee5d82a8e,1643973167834,13.3935723,52.4728383,6.3074827,-0.17866418,-1.4332237,2.548479,on bike mount,cyclo cross,True,paving stones,good
8709a578-7c36-4f62-ac57-925fbd1789fe,f37c6d90-601d-4764-9174-9b57a48b4e20,91303f78-d768-49a2-8f1c-cc0f1a3ad033,1643973167889,13.3935723,52.4728383,6.3074827,-0.221715,3.2513232,1.1904297,on bike mount,cyclo cross,True,paving stones,good
8709a578-7c36-4f62-ac57-925fbd1789fe,f37c6d90-601d-4764-9174-9b57a48b4e20,6a857921-1c43-43e4-bc71-88940eccdcbf,1643973167945,13.3935723,52.4728383,6.3074827,-0.313407,3.2280526,-1.0304799,on bike mount,cyclo cross,True,paving stones,good
8709a578-7c36-4f62-ac57-925fbd1789fe,f37c6d90-601d-4764-9174-9b57a48b4e20,663abe39-1d95-4765-9aca-d1122d7fc8fb,1643973168000,13.3935723,52.4728383,6.3074827,1.1947241,-1.1130748,1.6714315,on bike mount,cyclo cross,True,paving stones,good
8709a578-7c36-4f62-ac57-925fbd1789fe,f37c6d90-601d-4764-9174-9b57a48b4e20,5d7837f3-16d5-4c07-8807-185bf9a5b668,1643973168058,13.3935723,52.4728383,6.3074827,0.66529226,-1.7883624,4.448743,on bike mount,cyclo cross,True,paving stones,good
8709a578-7c36-4f62-ac57-925fbd1789fe,f37c6d90-601d-4764-9174-9b57a48b4e20,a3edc2d9-b9d2-48c2-b1d1-f9c7e083d1f0,1643973168110,13.3935723,52.4728383,6.3074827,0.14628027,1.7645645,1.1247749,on bike mount,cyclo cross,True,paving stones,good
8709a578-7c36-4f62-ac57-925fbd1789fe,f37c6d90-601d-4764-9174-9b57a48b4e20,3be728f0-2314-494f-87ef-b09bc60e77c6,1643973168166,13.3935723,52.4728383,6.3074827,0.20961937,0.9463792,-2.5770288,on bike mount,cyclo cross,True,paving stones,good
8709a578-7c36-4f62-ac57-925fbd1789fe,f37c6d90-601d-4764-9174-9b57a48b4e20,1c6cd023-ab5f-4816-b477-94ac57f63e63,1643973168221,13.3935723,52.4728383,6.3074827,-0.97362244,2.1759405,-0.84800243,on bike mount,cyclo cross,True,paving stones,good
8709a578-7c36-4f62-ac57-925fbd1789fe,f37c6d90-601d-4764-9174-9b57a48b4e20,06def6ac-d087-4603-be13-5211edcfe3dd,1643973168278,13.3935723,52.4728383,6.3074827,0.18803078,-4.2163944,3.81783,on bike mount,cyclo cross,True,paving stones,good
8709a578-7c36-4f62-ac57-925fbd1789fe,f37c6d90-601d-4764-9174-9b57a48b4e20,2bfd3ce5-e48a-44fa-b90e-672e575c0c9b,1643973168333,13.3935723,52.4728383,6.3074827,-0.31734484,-1.4070503,-0.5583935,on bike mount,cyclo cross,True,paving stones,good
8709a578-7c36-4f62-ac57-925fbd1789fe,f37c6d90-601d-4764-9174-9b57a48b4e20,002fb21a-096b-4c1f-894b-3c8eb6a73938,1643973168389,13.3935723,52.4728383,6.3074827,0.60833114,-2.8529832,0.84607124,on bike mount,cyclo cross,True,paving stones,good
8709a578-7c36-4f62-ac57-925fbd1789fe,f37c6d90-601d-4764-9174-9b57a48b4e20,e1f158c0-8f5c-4a10-b280-aec6eca5ee9d,1643973168444,13.3935723,52.4728383,6.3074827,-0.97408414,1.3522234,-2.703205,on bike mount,cyclo cross,True,paving stones,good
8709a578-7c36-4f62-ac57-925fbd1789fe,f37c6d90-601d-4764-9174-9b57a48b4e20,e9ec016d-0cf4-45b8-80da-9680ed431df8,1643973168499,13.3935723,52.4728383,6.3074827,0.16344395,1.3558562,-3.0244942,on bike mount,cyclo cross,True,paving stones,good
8709a578-7c36-4f62-ac57-925fbd1789fe,f37c6d90-601d-4764-9174-9b57a48b4e20,cdcae282-5c1c-4572-add4-7d2b6fc4156e,1643973168555,13.3935723,52.4728383,6.3074827,2.577924,0.9761343,-0.800189,on bike mount,cyclo cross,True,paving stones,good
8709a578-7c36-4f62-ac57-925fbd1789fe,f37c6d90-601d-4764-9174-9b57a48b4e20,1da8e37b-15c0-4613-9437-90ea5cc0d54a,1643973168612,13.3935723,52.4728383,6.3074827,-1.4413555,0.16236997,-4.203306,on bike mount,cyclo cross,True,paving stones,good
8709a578-7c36-4f62-ac57-925fbd1789fe,f37c6d90-601d-4764-9174-9b57a48b4e20,7d88335d-e048-49ef-9dc1-fe59cf5b5e31,1643973168667,13.3935723,52.4728383,6.3074827,-0.53350437,6.3025627,-1.8776588,on bike mount,cyclo cross,True,paving stones,good
8709a578-7c36-4f62-ac57-925fbd1789fe,f37c6d90-601d-4764-9174-9b57a48b4e20,d62fe1bd-00ed-4480-9614-753e5e5b1210,1643973168723,13.3935723,52.4728383,6.3074827,-0.46552268,-4.068872,-1.3909268,on bike mount,cyclo cross,True,paving stones,good
8709a578-7c36-4f62-ac57-925fbd1789fe,f37c6d90-601d-4764-9174-9b57a48b4e20,5852d15a-fb65-490e-be19-0f78bf23bbba,1643973168778,13.3935723,52.4728383,6.3074827,-0.6546377,-2.0720246,-4.108442,on bike mount,cyclo cross,True,paving stones,good
8709a578-7c36-4f62-ac57-925fbd1789fe,f37c6d90-601d-4764-9174-9b57a48b4e20,ba5c3864-3214-489b-9224-56947ee38788,1643973168833,13.393665,52.4728382,6.2329807,-0.03361246,-4.1984653,2.3411684,on bike mount,cyclo cross,True,paving stones,good
8709a578-7c36-4f62-ac57-925fbd1789fe,f37c6d90-601d-4764-9174-9b57a48b4e20,ea0e723d-83f6-4d4e-a14e-feeddeb65b24,1643973168889,13.393665,52.4728382,6.2329807,0.5651038,0.09254503,-1.8860178,on bike mount,cyclo cross,True,paving stones,good
8709a578-7c36-4f62-ac57-925fbd1789fe,f37c6d90-601d-4764-9174-9b57a48b4e20,b26a372f-37d8-4799-b3c9-8876a6e8f81b,1643973168945,13.393665,52.4728382,6.2329807,-0.44977692,1.6495495,-3.5902085,on bike mount,cyclo cross,True,paving stones,good
8709a578-7c36-4f62-ac57-925fbd1789fe,f37c6d90-601d-4764-9174-9b57a48b4e20,32fa8369-1bf3-4c17-9045-0dadfe4ce51b,1643973169001,13.393665,52.4728382,6.2329807,-0.6302054,-1.5006783,-0.8165531,on bike mount,cyclo cross,True,paving stones,good
8709a578-7c36-4f62-ac57-925fbd1789fe,f37c6d90-601d-4764-9174-9b57a48b4e20,3c8cd179-1ce1-46e4-ba70-f5e879c757eb,1643973169056,13.393665,52.4728382,6.2329807,0.6048467,0.15159655,2.158225,on bike mount,cyclo cross,True,paving stones,good
8709a578-7c36-4f62-ac57-925fbd1789fe,f37c6d90-601d-4764-9174-9b57a48b4e20,6eb774ca-6e78-442e-af4e-ad1f0844604c,1643973169111,13.393665,52.4728382,6.2329807,-0.90958965,-0.6351421,1.976943,on bike mount,cyclo cross,True,paving stones,good
8709a578-7c36-4f62-ac57-925fbd1789fe,f37c6d90-601d-4764-9174-9b57a48b4e20,f88f88e6-4135-4525-b3d7-fcc98336ab49,1643973169167,13.393665,52.4728382,6.2329807,-1.1720419,-1.5251263,-0.8940058,on bike mount,cyclo cross,True,paving stones,good
8709a578-7c36-4f62-ac57-925fbd1789fe,f37c6d90-601d-4764-9174-9b57a48b4e20,9dd5a3b0-434e-43d2-babd-e3be989f210d,1643973169224,13.393665,52.4728382,6.2329807,0.7146561,1.1024241,-0.21547222,on bike mount,cyclo cross,True,paving stones,good
8709a578-7c36-4f62-ac57-925fbd1789fe,f37c6d90-601d-4764-9174-9b57a48b4e20,113657a4-0a00-400d-9d3c-4370a2238d42,1643973169277,13.393665,52.4728382,6.2329807,-0.2767734,-1.3989494,2.4595642,on bike mount,cyclo cross,True,paving stones,good
8709a578-7c36-4f62-ac57-925fbd1789fe,f37c6d90-601d-4764-9174-9b57a48b4e20,b27c12fc-f751-48d2-9947-0f7c31603cb8,1643973169335,13.393665,52.4728382,6.2329807,0.0025527775,-4.663047,-0.55793667,on bike mount,cyclo cross,True,paving stones,good
8709a578-7c36-4f62-ac57-925fbd1789fe,f37c6d90-601d-4764-9174-9b57a48b4e20,9837f190-d81a-46c8-bf42-f64f37fc55a6,1643973169388,13.393665,52.4728382,6.2329807,-1.6614194,-1.9467065,3.3378344,on bike mount,cyclo cross,True,paving stones,good
8709a578-7c36-4f62-ac57-925fbd1789fe,f37c6d90-601d-4764-9174-9b57a48b4e20,3ed9893e-e713-4c1f-830a-544c8244ae99,1643973169444,13.393665,52.4728382,6.2329807,2.4810948,3.0307546,1.2581663,on bike mount,cyclo cross,True,paving stones,good
8709a578-7c36-4f62-ac57-925fbd1789fe,f37c6d90-601d-4764-9174-9b57a48b4e20,83890aab-921a-487d-94dc-fc9082291476,1643973169501,13.393665,52.4728382,6.2329807,-0.20597844,0.2651322,-0.58913517,on bike mount,cyclo cross,True,paving stones,good
8709a578-7c36-4f62-ac57-925fbd1789fe,f37c6d90-601d-4764-9174-9b57a48b4e20,e918e9f5-25db-47ec-b307-202e5057b4fb,1643973169557,13.393665,52.4728382,6.2329807,0.25451827,0.696965,0.4335022,on bike mount,cyclo cross,True,paving stones,good
8709a578-7c36-4f62-ac57-925fbd1789fe,f37c6d90-601d-4764-9174-9b57a48b4e20,e2aa5113-7a3a-4e4b-969d-8e87a20ff40f,1643973169611,13.393665,52.4728382,6.2329807,0.40366092,-2.864306,2.9068012,on bike mount,cyclo cross,True,paving stones,good
8709a578-7c36-4f62-ac57-925fbd1789fe,f37c6d90-601d-4764-9174-9b57a48b4e20,e4991afe-439e-4347-94df-995318b7bfa5,1643973169667,13.393665,52.4728382,6.2329807,0.29165238,0.38306642,-1.5201383,on bike mount,cyclo cross,True,paving stones,good
8709a578-7c36-4f62-ac57-925fbd1789fe,f37c6d90-601d-4764-9174-9b57a48b4e20,96680296-3fff-4897-a80a-afa6d8e6ecca,1643973169722,13.393665,52.4728382,6.2329807,-0.94991434,-1.1014372,-1.5049858,on bike mount,cyclo cross,True,paving stones,good
8709a578-7c36-4f62-ac57-925fbd1789fe,f37c6d90-601d-4764-9174-9b57a48b4e20,c2c8b4d7-0a59-4a37-a417-85ac16608686,1643973169772,13.393665,52.4728382,6.2329807,-1.6800883,5.690428,-2.678431,on bike mount,cyclo cross,True,paving stones,good
8709a578-7c36-4f62-ac57-925fbd1789fe,f37c6d90-601d-4764-9174-9b57a48b4e20,020a63aa-95e6-4d3a-9e9e-c37401ed60c9,1643973169823,13.3937574,52.4728384,6.270776,0.75757766,-1.5780562,-0.4161253,on bike mount,cyclo cross,True,paving stones,good
8709a578-7c36-4f62-ac57-925fbd1789fe,f37c6d90-601d-4764-9174-9b57a48b4e20,dff6cb37-08ef-422c-9e0a-ced8438f5316,1643973169879,13.3937574,52.4728384,6.270776,0.112354234,-0.055425406,4.355219,on bike mount,cyclo cross,True,paving stones,good
8709a578-7c36-4f62-ac57-925fbd1789fe,f37c6d90-601d-4764-9174-9b57a48b4e20,6460c01e-4bfd-405e-893e-a3bc2a5cf0c8,1643973169933,13.3937574,52.4728384,6.270776,-0.542141,-2.2473104,3.8633833,on bike mount,cyclo cross,True,paving stones,good
8709a578-7c36-4f62-ac57-925fbd1789fe,f37c6d90-601d-4764-9174-9b57a48b4e20,98d3cc77-29e6-450f-b327-411c18b02c92,1643973169988,13.3937574,52.4728384,6.270776,-2.1993952,-0.2025652,0.19526577,on bike mount,cyclo cross,True,paving stones,good
8709a578-7c36-4f62-ac57-925fbd1789fe,f37c6d90-601d-4764-9174-9b57a48b4e20,bba45f69-471a-4577-b4cf-56ab33f647fa,1643973170045,13.3937574,52.4728384,6.270776,0.7647183,0.063922405,-0.30850697,on bike mount,cyclo cross,True,paving stones,good
8709a578-7c36-4f62-ac57-925fbd1789fe,f37c6d90-601d-4764-9174-9b57a48b4e20,a3a2e4be-9d3c-4765-a6db-f471d6cdd87e,1643973170101,13.3937574,52.4728384,6.270776,-2.3058643,-1.1559684,1.1923895,on bike mount,cyclo cross,True,paving stones,good
8709a578-7c36-4f62-ac57-925fbd1789fe,f37c6d90-601d-4764-9174-9b57a48b4e20,4379aca0-a690-41e7-8a10-701e70b19dd2,1643973170159,13.3937574,52.4728384,6.270776,0.28994367,-2.2005067,0.35496998,on bike mount,cyclo cross,True,paving stones,good
8709a578-7c36-4f62-ac57-925fbd1789fe,f37c6d90-601d-4764-9174-9b57a48b4e20,ab44e912-1593-48e1-b07d-6177e752294e,1643973170211,13.3937574,52.4728384,6.270776,0.41200578,2.8203387,-2.1959996,on bike mount,cyclo cross,True,paving stones,good
8709a578-7c36-4f62-ac57-925fbd1789fe,f37c6d90-601d-4764-9174-9b57a48b4e20,4a7c1435-a936-435e-9093-f66620ca0b77,1643973170266,13.3937574,52.4728384,6.270776,-0.37942457,-1.8573579,7.726288,on bike mount,cyclo cross,True,paving stones,good
8709a578-7c36-4f62-ac57-925fbd1789fe,f37c6d90-601d-4764-9174-9b57a48b4e20,8c25e495-429b-478f-9927-08a15f25aeee,1643973170322,13.3937574,52.4728384,6.270776,-0.88404775,-0.7215469,-4.636924,on bike mount,cyclo cross,True,paving stones,good
8709a578-7c36-4f62-ac57-925fbd1789fe,f37c6d90-601d-4764-9174-9b57a48b4e20,c5efd4ae-69e3-4359-87ec-d913c1b6d5f3,1643973170379,13.3937574,52.4728384,6.270776,0.2020399,1.5914712,-1.3133473,on bike mount,cyclo cross,True,paving stones,good
8709a578-7c36-4f62-ac57-925fbd1789fe,f37c6d90-601d-4764-9174-9b57a48b4e20,5e16dd1f-51a6-457d-8191-6a80d42a27fd,1643973170434,13.3937574,52.4728384,6.270776,0.01142019,1.9728642,-3.4282947,on bike mount,cyclo cross,True,paving stones,good
8709a578-7c36-4f62-ac57-925fbd1789fe,f37c6d90-601d-4764-9174-9b57a48b4e20,8ae49671-1e72-4f9e-a7e9-a8aaf999c458,1643973170490,13.3937574,52.4728384,6.270776,-0.06920111,2.696103,0.11835575,on bike mount,cyclo cross,True,paving stones,good
8709a578-7c36-4f62-ac57-925fbd1789fe,f37c6d90-601d-4764-9174-9b57a48b4e20,2bcb66cf-f113-427d-a1a1-8318d1a99266,1643973170547,13.3937574,52.4728384,6.270776,-0.8282576,-2.111462,1.2521877,on bike mount,cyclo cross,True,paving stones,good
8709a578-7c36-4f62-ac57-925fbd1789fe,f37c6d90-601d-4764-9174-9b57a48b4e20,df65c40c-cf78-4297-af76-d33077c1a578,1643973170602,13.3937574,52.4728384,6.270776,0.37283304,-0.06776285,-2.186925,on bike mount,cyclo cross,True,paving stones,good
8709a578-7c36-4f62-ac57-925fbd1789fe,f37c6d90-601d-4764-9174-9b57a48b4e20,8c9e811d-93ce-4146-815d-ea4936d9602d,1643973170656,13.3937574,52.4728384,6.270776,-2.3424792,1.8198514,-1.4149961,on bike mount,cyclo cross,True,paving stones,good
8709a578-7c36-4f62-ac57-925fbd1789fe,f37c6d90-601d-4764-9174-9b57a48b4e20,fbac030c-5de5-442a-bd14-2a55c4d56aa2,1643973170711,13.3937574,52.4728384,6.270776,1.579219,-9.09848,9.705425,on bike mount,cyclo cross,True,paving stones,good
8709a578-7c36-4f62-ac57-925fbd1789fe,f37c6d90-601d-4764-9174-9b57a48b4e20,e9702862-d666-41e5-a81e-1e5cbf0159bc,1643973170773,13.3937574,52.4728384,6.270776,-2.8047423,3.7373095,-3.6467059,on bike mount,cyclo cross,True,paving stones,good
8709a578-7c36-4f62-ac57-925fbd1789fe,f37c6d90-601d-4764-9174-9b57a48b4e20,f8a97621-a6b3-49dc-bb9c-9a9ee6813d30,1643973170823,13.393849,52.4728389,6.2462645,-0.04035591,1.1705031,6.8800154,on bike mount,cyclo cross,True,paving stones,good
8709a578-7c36-4f62-ac57-925fbd1789fe,f37c6d90-601d-4764-9174-9b57a48b4e20,0147770c-49e0-40bd-bb5e-e4af7396b973,1643973170879,13.393849,52.4728389,6.2462645,1.1416553,3.7264137,-0.67475796,on bike mount,cyclo cross,True,paving stones,good
8709a578-7c36-4f62-ac57-925fbd1789fe,f37c6d90-601d-4764-9174-9b57a48b4e20,0e2a08b7-beec-4f49-a83f-085209a58757,1643973170936,13.393849,52.4728389,6.2462645,-1.750353,-4.185728,-0.40313148,on bike mount,cyclo cross,True,paving stones,good
8709a578-7c36-4f62-ac57-925fbd1789fe,f37c6d90-601d-4764-9174-9b57a48b4e20,32e67d55-8e35-4772-a9bd-6ab76c8aee38,1643973170989,13.393849,52.4728389,6.2462645,-0.23748071,-8.290217,4.398287,on bike mount,cyclo cross,True,paving stones,good
8709a578-7c36-4f62-ac57-925fbd1789fe,f37c6d90-601d-4764-9174-9b57a48b4e20,a2dcc35a-177a-4b6d-a9a6-ce3d363dc6fb,1643973171045,13.393849,52.4728389,6.2462645,2.252723,-1.5495996,1.7991724,on bike mount,cyclo cross,True,paving stones,good
8709a578-7c36-4f62-ac57-925fbd1789fe,f37c6d90-601d-4764-9174-9b57a48b4e20,28603492-d0ed-4c38-ada5-0a377858ea84,1643973171102,13.393849,52.4728389,6.2462645,-0.7787222,-0.92610645,-0.33360958,on bike mount,cyclo cross,True,paving stones,good
8709a578-7c36-4f62-ac57-925fbd1789fe,f37c6d90-601d-4764-9174-9b57a48b4e20,79f7ce9c-7f90-4518-8414-ba5fff327a1e,1643973171157,13.393849,52.4728389,6.2462645,-1.3682603,-0.22254658,2.5499477,on bike mount,cyclo cross,True,paving stones,good
8709a578-7c36-4f62-ac57-925fbd1789fe,f37c6d90-601d-4764-9174-9b57a48b4e20,14eb6f35-5338-4a28-9144-0254ba863e70,1643973171212,13.393849,52.4728389,6.2462645,-1.5790217,0.63028145,-2.425939,on bike mount,cyclo cross,True,paving stones,good
8709a578-7c36-4f62-ac57-925fbd1789fe,f37c6d90-601d-4764-9174-9b57a48b4e20,3ba741e6-c203-4c4e-adc9-123f0b944655,1643973171268,13.393849,52.4728389,6.2462645,-1.0155009,-2.198727,5.6616726,on bike mount,cyclo cross,True,paving stones,good
8709a578-7c36-4f62-ac57-925fbd1789fe,f37c6d90-601d-4764-9174-9b57a48b4e20,7ede94f0-00e5-4feb-a532-812dd55258d7,1643973171327,13.393849,52.4728389,6.2462645,-0.12688851,0.5575843,0.16841412,on bike mount,cyclo cross,True,paving stones,good
8709a578-7c36-4f62-ac57-925fbd1789fe,f37c6d90-601d-4764-9174-9b57a48b4e20,01ebaa47-70c3-495a-8941-9477131dc883,1643973171378,13.393849,52.4728389,6.2462645,0.655149,1.1330302,-1.0402055,on bike mount,cyclo cross,True,paving stones,good
8709a578-7c36-4f62-ac57-925fbd1789fe,f37c6d90-601d-4764-9174-9b57a48b4e20,d7ff56f4-1703-40da-865f-153de9cd10d7,1643973171436,13.393849,52.4728389,6.2462645,-0.15357202,-5.14154,4.277853,on bike mount,cyclo cross,True,paving stones,good
8709a578-7c36-4f62-ac57-925fbd1789fe,f37c6d90-601d-4764-9174-9b57a48b4e20,5c05765c-0f70-4e5d-a578-aaec55f9691a,1643973171491,13.393849,52.4728389,6.2462645,-3.6497226,4.7799196,0.9394703,on bike mount,cyclo cross,True,paving stones,good
8709a578-7c36-4f62-ac57-925fbd1789fe,f37c6d90-601d-4764-9174-9b57a48b4e20,d2990d8f-7c64-4aea-8968-3f05d2015a74,1643973171546,13.393849,52.4728389,6.2462645,2.4458365,-1.0910304,0.22989273,on bike mount,cyclo cross,True,paving stones,good
8709a578-7c36-4f62-ac57-925fbd1789fe,f37c6d90-601d-4764-9174-9b57a48b4e20,b5546aad-04b3-4988-8166-848d4c69775f,1643973171601,13.393849,52.4728389,6.2462645,-1.7820342,0.0473938,-7.286854,on bike mount,cyclo cross,True,paving stones,good
8709a578-7c36-4f62-ac57-925fbd1789fe,f37c6d90-601d-4764-9174-9b57a48b4e20,180271ac-aa12-47d4-a9b1-688584fc3ac6,1643973171659,13.393849,52.4728389,6.2462645,1.6451373,-8.066425,5.7197075,on bike mount,cyclo cross,True,paving stones,good
8709a578-7c36-4f62-ac57-925fbd1789fe,f37c6d90-601d-4764-9174-9b57a48b4e20,f4624189-a994-4f26-becf-f2d36977d4ed,1643973171715,13.393849,52.4728389,6.2462645,-1.1084526,5.451756,1.626483,on bike mount,cyclo cross,True,paving stones,good
8709a578-7c36-4f62-ac57-925fbd1789fe,f37c6d90-601d-4764-9174-9b57a48b4e20,6d873a53-b49d-4c7a-98aa-e3cbd4fce1c9,1643973171767,13.393849,52.4728389,6.2462645,-3.0712976,-0.7181182,2.077221,on bike mount,cyclo cross,True,paving stones,good
8709a578-7c36-4f62-ac57-925fbd1789fe,f37c6d90-601d-4764-9174-9b57a48b4e20,87897fd4-4ba7-45d1-a5c5-4fbc53227ebc,1643973171824,13.3939408,52.4728396,6.2745895,1.6279022,3.6579132,-1.3341298,on bike mount,cyclo cross,True,paving stones,good
8709a578-7c36-4f62-ac57-925fbd1789fe,f37c6d90-601d-4764-9174-9b57a48b4e20,2d8feaba-a11d-4606-80d1-42167c5c4282,1643973171877,13.3939408,52.4728396,6.2745895,1.277285,-2.3207653,1.8768759,on bike mount,cyclo cross,True,paving stones,good
8709a578-7c36-4f62-ac57-925fbd1789fe,f37c6d90-601d-4764-9174-9b57a48b4e20,4a9df4e9-e7a6-4640-94b9-c9d5e1e8b5eb,1643973171935,13.3939408,52.4728396,6.2745895,-1.6523793,-0.56900907,1.0704222,on bike mount,cyclo cross,True,paving stones,good
8709a578-7c36-4f62-ac57-925fbd1789fe,f37c6d90-601d-4764-9174-9b57a48b4e20,216acc71-1e4a-440f-92be-66d3d76c26d0,1643973171989,13.3939408,52.4728396,6.2745895,-0.34837648,-2.1517768,-0.11402893,on bike mount,cyclo cross,True,paving stones,good
8709a578-7c36-4f62-ac57-925fbd1789fe,f37c6d90-601d-4764-9174-9b57a48b4e20,fd43b0ff-25ad-40d6-8d5b-c3f2f75e5bd9,1643973172045,13.3939408,52.4728396,6.2745895,-0.27410412,-2.1824822,1.670147,on bike mount,cyclo cross,True,paving stones,good
8709a578-7c36-4f62-ac57-925fbd1789fe,f37c6d90-601d-4764-9174-9b57a48b4e20,ad0b9479-6b1b-47ef-a830-305b6e7c8217,1643973172103,13.3939408,52.4728396,6.2745895,-0.1552634,-1.660074,-1.1124263,on bike mount,cyclo cross,True,paving stones,good
8709a578-7c36-4f62-ac57-925fbd1789fe,f37c6d90-601d-4764-9174-9b57a48b4e20,9192752d-16f0-4f2c-9565-df0440a8508b,1643973172158,13.3939408,52.4728396,6.2745895,1.5981021,-0.024340153,1.9976902,on bike mount,cyclo cross,True,paving stones,good
8709a578-7c36-4f62-ac57-925fbd1789fe,f37c6d90-601d-4764-9174-9b57a48b4e20,4c46a91a-1348-4f05-bef4-c115f1ae8155,1643973172212,13.3939408,52.4728396,6.2745895,-0.41464987,2.7360916,-0.05910778,on bike mount,cyclo cross,True,paving stones,good
8709a578-7c36-4f62-ac57-925fbd1789fe,f37c6d90-601d-4764-9174-9b57a48b4e20,b0287cc7-59c9-4b65-957a-e9778e8fd44b,1643973172266,13.3939408,52.4728396,6.2745895,0.2122688,-1.3000172,-1.1232743,on bike mount,cyclo cross,True,paving stones,good
8709a578-7c36-4f62-ac57-925fbd1789fe,f37c6d90-601d-4764-9174-9b57a48b4e20,7b3a88b8-5b18-4097-b739-a851afbe7ca5,1643973172322,13.3939408,52.4728396,6.2745895,1.3065002,1.6063881,1.9827576,on bike mount,cyclo cross,True,paving stones,good
8709a578-7c36-4f62-ac57-925fbd1789fe,f37c6d90-601d-4764-9174-9b57a48b4e20,57d35c17-6cac-4cbb-9823-f0e4c0f83c93,1643973172378,13.3939408,52.4728396,6.2745895,0.48478177,1.0403345,-0.36056805,on bike mount,cyclo cross,True,paving stones,good
8709a578-7c36-4f62-ac57-925fbd1789fe,f37c6d90-601d-4764-9174-9b57a48b4e20,1abe1347-d0be-4315-b73e-47b0ae32333b,1643973172434,13.3939408,52.4728396,6.2745895,-0.53340465,-0.42278266,-2.3559089,on bike mount,cyclo cross,True,paving stones,good
8709a578-7c36-4f62-ac57-925fbd1789fe,f37c6d90-601d-4764-9174-9b57a48b4e20,c96f905a-84b1-4ce5-9a23-3b05b7af44a7,1643973172489,13.3939408,52.4728396,6.2745895,1.1053061,-0.95972013,1.1460028,on bike mount,cyclo cross,True,paving stones,good
8709a578-7c36-4f62-ac57-925fbd1789fe,f37c6d90-601d-4764-9174-9b57a48b4e20,34cfad8a-88af-4b51-8b7e-15aa43778fc1,1643973172545,13.3939408,52.4728396,6.2745895,-1.1371717,2.937029,0.84590244,on bike mount,cyclo cross,True,paving stones,good
