bike_activity_uid,bike_activity_sample_uid,bike_activity_measurement,bike_activity_measurement_timestamp,bike_activity_measurement_lon,bike_activity_measurement_lat,bike_activity_measurement_speed,bike_activity_measurement_accelerometer_x,bike_activity_measurement_accelerometer_y,bike_activity_measurement_accelerometer_z,bike_activity_phone_position,bike_activity_bike_type,bike_activity_flagged_lab_conditions,bike_activity_surface_type,bike_activity_smoothness_type
916b09cf-fd2e-456a-be81-c2ef0128c01e,c996081a-6bbd-4a15-b162-ad6f5eb2bd58,899e5873-b3f6-4271-95bc-3184f77370f1,1627366407840,13.3854799,52.4660244,5.8994956,-1.1098833,0.93462515,-0.9618273,on bike mount,cyclo cross,False,mixed,mixed
916b09cf-fd2e-456a-be81-c2ef0128c01e,c996081a-6bbd-4a15-b162-ad6f5eb2bd58,c33701a8-8040-4b12-a47c-6e17f59120e8,1627366407907,13.3854799,52.4660244,5.8994956,-0.059677184,1.0150363,-0.25713253,on bike mount,cyclo cross,False,mixed,mixed
916b09cf-fd2e-456a-be81-c2ef0128c01e,c996081a-6bbd-4a15-b162-ad6f5eb2bd58,a3c95bbe-4318-4dc4-b1f8-83f8f285c17f,1627366407974,13.3854799,52.4660244,5.8994956,0.5780475,2.3146644,0.9847641,on bike mount,cyclo cross,False,mixed,mixed
916b09cf-fd2e-456a-be81-c2ef0128c01e,c996081a-6bbd-4a15-b162-ad6f5eb2bd58,5d973c7f-bf20-449d-adfe-515c56930a72,1627366408040,13.3854799,52.4660244,5.8994956,-0.1654233,-0.6683148,3.5705805,on bike mount,cyclo cross,False,mixed,mixed
916b09cf-fd2e-456a-be81-c2ef0128c01e,c996081a-6bbd-4a15-b162-ad6f5eb2bd58,a6b9f4fa-b6e7-44b4-829d-ea942b5e12ea,1627366408091,13.3854758,52.4659691,6.134028,0.3429258,-0.14565802,-0.8366165,on bike mount,cyclo cross,False,mixed,mixed
916b09cf-fd2e-456a-be81-c2ef0128c01e,c996081a-6bbd-4a15-b162-ad6f5eb2bd58,f9e65c3e-1d2c-4bf1-8694-fea1e01740b3,1627366408157,13.3854758,52.4659691,6.134028,0.30009317,-2.5195816,-0.13827229,on bike mount,cyclo cross,False,mixed,mixed
916b09cf-fd2e-456a-be81-c2ef0128c01e,c996081a-6bbd-4a15-b162-ad6f5eb2bd58,43444805-9681-4936-99c3-b8c7fe41bf38,1627366408224,13.3854758,52.4659691,6.134028,0.27751583,-0.25149536,-1.2206898,on bike mount,cyclo cross,False,mixed,mixed
916b09cf-fd2e-456a-be81-c2ef0128c01e,c996081a-6bbd-4a15-b162-ad6f5eb2bd58,eb6e39c1-d642-4a1a-b6a3-ef0e6f82921d,1627366408291,13.3854758,52.4659691,6.134028,0.20669886,-2.4962304,-0.8179455,on bike mount,cyclo cross,False,mixed,mixed
916b09cf-fd2e-456a-be81-c2ef0128c01e,c996081a-6bbd-4a15-b162-ad6f5eb2bd58,f0c23833-66c9-4c29-8d67-42183f0c742c,1627366408357,13.3854758,52.4659691,6.134028,-0.11412118,0.79514503,1.097022,on bike mount,cyclo cross,False,mixed,mixed
916b09cf-fd2e-456a-be81-c2ef0128c01e,c996081a-6bbd-4a15-b162-ad6f5eb2bd58,decd28dd-2358-4c4e-aabe-f5233db701ee,1627366408408,13.3854758,52.4659691,6.134028,0.21389058,-0.6996808,-1.3524146,on bike mount,cyclo cross,False,mixed,mixed
916b09cf-fd2e-456a-be81-c2ef0128c01e,c996081a-6bbd-4a15-b162-ad6f5eb2bd58,2236282e-c608-49b6-a950-bc33230fbcac,1627366408458,13.3854758,52.4659691,6.134028,-0.18704227,0.27360916,-0.42014885,on bike mount,cyclo cross,False,mixed,mixed
916b09cf-fd2e-456a-be81-c2ef0128c01e,c996081a-6bbd-4a15-b162-ad6f5eb2bd58,a4a04899-957d-4ab1-a655-a0e9f86709d4,1627366408525,13.3854758,52.4659691,6.134028,-0.79715097,-1.5237062,0.9951067,on bike mount,cyclo cross,False,mixed,mixed
916b09cf-fd2e-456a-be81-c2ef0128c01e,c996081a-6bbd-4a15-b162-ad6f5eb2bd58,3d47db65-fb10-49ab-be29-13c6de1f2d05,1627366408591,13.3854758,52.4659691,6.134028,-0.0588307,1.5134072,2.006711,on bike mount,cyclo cross,False,mixed,mixed
916b09cf-fd2e-456a-be81-c2ef0128c01e,c996081a-6bbd-4a15-b162-ad6f5eb2bd58,e90216f9-0354-4b05-83fb-58964a46b2da,1627366408658,13.3854758,52.4659691,6.134028,-0.6046955,-1.7150815,0.34836292,on bike mount,cyclo cross,False,mixed,mixed
916b09cf-fd2e-456a-be81-c2ef0128c01e,c996081a-6bbd-4a15-b162-ad6f5eb2bd58,a27d85cc-6619-4bf5-b712-5a56157f5147,1627366408725,13.3854758,52.4659691,6.134028,0.21513721,-3.0231276,-0.28853607,on bike mount,cyclo cross,False,mixed,mixed
916b09cf-fd2e-456a-be81-c2ef0128c01e,c996081a-6bbd-4a15-b162-ad6f5eb2bd58,61047a6d-7ea3-4c6b-81e7-c74e8b9193f3,1627366408792,13.3854758,52.4659691,6.134028,-0.5324303,0.3070581,1.8191652,on bike mount,cyclo cross,False,mixed,mixed
916b09cf-fd2e-456a-be81-c2ef0128c01e,c996081a-6bbd-4a15-b162-ad6f5eb2bd58,233ea304-4352-47f4-ac41-260f8e4e28ad,1627366408858,13.3854758,52.4659691,6.134028,-1.4712481,2.0620189,-2.8807354,on bike mount,cyclo cross,False,mixed,mixed
916b09cf-fd2e-456a-be81-c2ef0128c01e,c996081a-6bbd-4a15-b162-ad6f5eb2bd58,ea558f80-084b-475d-b0e4-b8a76d2672c7,1627366408925,13.3854758,52.4659691,6.134028,-0.48273832,2.4513764,-0.25445652,on bike mount,cyclo cross,False,mixed,mixed
916b09cf-fd2e-456a-be81-c2ef0128c01e,c996081a-6bbd-4a15-b162-ad6f5eb2bd58,faf959cc-f1c0-4a64-aea4-8166713dfeb1,1627366408992,13.3854758,52.4659691,6.134028,1.0561218,-1.7477264,0.08978462,on bike mount,cyclo cross,False,mixed,mixed
916b09cf-fd2e-456a-be81-c2ef0128c01e,c996081a-6bbd-4a15-b162-ad6f5eb2bd58,36523628-4dfd-4843-bf35-5afd92668f6c,1627366409059,13.3854758,52.4659691,6.134028,0.15369985,0.768759,-2.7462144,on bike mount,cyclo cross,False,mixed,mixed
916b09cf-fd2e-456a-be81-c2ef0128c01e,c996081a-6bbd-4a15-b162-ad6f5eb2bd58,987f1e47-65a4-40cd-a938-88c7d38eb851,1627366409108,13.3854755,52.4659141,6.2997503,-0.6987345,0.5342088,0.8737211,on bike mount,cyclo cross,False,mixed,mixed
916b09cf-fd2e-456a-be81-c2ef0128c01e,c996081a-6bbd-4a15-b162-ad6f5eb2bd58,031d325b-4382-4b8d-b01f-d627ed999ff1,1627366409175,13.3854755,52.4659141,6.2997503,0.27230018,0.84992146,-0.6624346,on bike mount,cyclo cross,False,mixed,mixed
916b09cf-fd2e-456a-be81-c2ef0128c01e,c996081a-6bbd-4a15-b162-ad6f5eb2bd58,3750146b-5e13-4568-b547-27e94659e8b6,1627366409242,13.3854755,52.4659141,6.2997503,0.4182827,-1.7526565,-0.12530708,on bike mount,cyclo cross,False,mixed,mixed
916b09cf-fd2e-456a-be81-c2ef0128c01e,c996081a-6bbd-4a15-b162-ad6f5eb2bd58,be6e4f35-462c-4fa0-b023-9aa55589ba42,1627366409309,13.3854755,52.4659141,6.2997503,-0.1767552,1.6230726,2.8324757,on bike mount,cyclo cross,False,mixed,mixed
916b09cf-fd2e-456a-be81-c2ef0128c01e,c996081a-6bbd-4a15-b162-ad6f5eb2bd58,1466e83c-e18a-455d-84b7-214aa39ecd25,1627366409375,13.3854755,52.4659141,6.2997503,-0.25286907,0.9924145,0.08178234,on bike mount,cyclo cross,False,mixed,mixed
916b09cf-fd2e-456a-be81-c2ef0128c01e,c996081a-6bbd-4a15-b162-ad6f5eb2bd58,00479d40-264b-4cef-843b-e05bf625bac2,1627366409426,13.3854755,52.4659141,6.2997503,-0.8478029,-1.4454288,-2.7149544,on bike mount,cyclo cross,False,mixed,mixed
916b09cf-fd2e-456a-be81-c2ef0128c01e,c996081a-6bbd-4a15-b162-ad6f5eb2bd58,13b1d5a6-3730-4dcc-8f42-a1ae3aba58aa,1627366409476,13.3854755,52.4659141,6.2997503,0.20710981,0.30730653,0.25041294,on bike mount,cyclo cross,False,mixed,mixed
916b09cf-fd2e-456a-be81-c2ef0128c01e,c996081a-6bbd-4a15-b162-ad6f5eb2bd58,9cc571d0-af7e-426a-8a42-a4c88f18a820,1627366409526,13.3854755,52.4659141,6.2997503,0.057512455,1.2681961,-3.0156074,on bike mount,cyclo cross,False,mixed,mixed
916b09cf-fd2e-456a-be81-c2ef0128c01e,c996081a-6bbd-4a15-b162-ad6f5eb2bd58,5e399680-a707-43f7-8581-7f7482395184,1627366409592,13.3854755,52.4659141,6.2997503,-1.2010264,0.5103648,-2.5047646,on bike mount,cyclo cross,False,mixed,mixed
916b09cf-fd2e-456a-be81-c2ef0128c01e,c996081a-6bbd-4a15-b162-ad6f5eb2bd58,1f133ef5-1529-45e8-87b4-dceb2223cadf,1627366409643,13.3854755,52.4659141,6.2997503,-0.62096983,-2.0771012,-1.0595455,on bike mount,cyclo cross,False,mixed,mixed
916b09cf-fd2e-456a-be81-c2ef0128c01e,c996081a-6bbd-4a15-b162-ad6f5eb2bd58,64990bf7-da96-40b8-9c15-76fcdbcce67d,1627366409693,13.3854755,52.4659141,6.2997503,-0.001298897,-0.6047225,-0.94553566,on bike mount,cyclo cross,False,mixed,mixed
916b09cf-fd2e-456a-be81-c2ef0128c01e,c996081a-6bbd-4a15-b162-ad6f5eb2bd58,80b9adfc-ef71-44a0-958a-6529c36f1b2e,1627366409743,13.3854755,52.4659141,6.2997503,-0.2299251,-0.050930023,-1.3434587,on bike mount,cyclo cross,False,mixed,mixed
916b09cf-fd2e-456a-be81-c2ef0128c01e,c996081a-6bbd-4a15-b162-ad6f5eb2bd58,475abd17-9d2e-4000-a241-7e68791abf20,1627366409809,13.3854755,52.4659141,6.2997503,-1.0856926,0.15615797,0.85519314,on bike mount,cyclo cross,False,mixed,mixed
916b09cf-fd2e-456a-be81-c2ef0128c01e,c996081a-6bbd-4a15-b162-ad6f5eb2bd58,56275b11-fda9-4694-89d1-5a4ceff97dac,1627366409860,13.3854755,52.4659141,6.2997503,0.52587897,-1.3265086,0.43509388,on bike mount,cyclo cross,False,mixed,mixed
916b09cf-fd2e-456a-be81-c2ef0128c01e,c996081a-6bbd-4a15-b162-ad6f5eb2bd58,74af71f0-b066-42f2-a86d-773e2fe53d7a,1627366409926,13.3854755,52.4659141,6.2997503,0.22026065,-1.6416608,0.31142902,on bike mount,cyclo cross,False,mixed,mixed
916b09cf-fd2e-456a-be81-c2ef0128c01e,c996081a-6bbd-4a15-b162-ad6f5eb2bd58,46a86a02-4cfc-4ad2-965c-2869e244f75a,1627366409993,13.3854755,52.4659141,6.2997503,-0.70788866,-0.7036631,1.2289114,on bike mount,cyclo cross,False,mixed,mixed
916b09cf-fd2e-456a-be81-c2ef0128c01e,c996081a-6bbd-4a15-b162-ad6f5eb2bd58,b51592e5-d88c-48f8-b8b4-86b2b19873b5,1627366410060,13.3854755,52.4659141,6.2997503,-0.986588,0.63913393,-1.8867893,on bike mount,cyclo cross,False,mixed,mixed
916b09cf-fd2e-456a-be81-c2ef0128c01e,c996081a-6bbd-4a15-b162-ad6f5eb2bd58,944193d4-9035-4451-967a-0701b61608f8,1627366410126,13.385475,52.4658591,6.201454,1.2267516,-1.7963197,0.74682426,on bike mount,cyclo cross,False,mixed,mixed
916b09cf-fd2e-456a-be81-c2ef0128c01e,c996081a-6bbd-4a15-b162-ad6f5eb2bd58,a26fdb30-7751-4997-aa74-1db5e50cce95,1627366410192,13.385475,52.4658591,6.201454,-1.6189096,0.59515524,2.4088087,on bike mount,cyclo cross,False,mixed,mixed
916b09cf-fd2e-456a-be81-c2ef0128c01e,c996081a-6bbd-4a15-b162-ad6f5eb2bd58,2449c513-1cdc-456f-a2bd-5f841c75b0c2,1627366410243,13.385475,52.4658591,6.201454,1.0441169,-2.2433417,-0.05781269,on bike mount,cyclo cross,False,mixed,mixed
916b09cf-fd2e-456a-be81-c2ef0128c01e,c996081a-6bbd-4a15-b162-ad6f5eb2bd58,29d9c820-4ef9-4eae-9f9e-2853933085a1,1627366410309,13.385475,52.4658591,6.201454,0.1596911,-0.24471164,-0.7358885,on bike mount,cyclo cross,False,mixed,mixed
916b09cf-fd2e-456a-be81-c2ef0128c01e,c996081a-6bbd-4a15-b162-ad6f5eb2bd58,b8eb5922-cd6c-422f-9b20-9c16997dd659,1627366410376,13.385475,52.4658591,6.201454,-0.6931444,-2.4691875,-1.1167502,on bike mount,cyclo cross,False,mixed,mixed
916b09cf-fd2e-456a-be81-c2ef0128c01e,c996081a-6bbd-4a15-b162-ad6f5eb2bd58,bdef2ab5-dad8-4ac1-a61d-72e766ec37cf,1627366410426,13.385475,52.4658591,6.201454,0.72303087,-3.361805,1.7092276,on bike mount,cyclo cross,False,mixed,mixed
916b09cf-fd2e-456a-be81-c2ef0128c01e,c996081a-6bbd-4a15-b162-ad6f5eb2bd58,2e2fc41b-9e75-435c-943c-cf6b42081c40,1627366410476,13.385475,52.4658591,6.201454,-0.38732004,-1.2083876,-0.8515768,on bike mount,cyclo cross,False,mixed,mixed
916b09cf-fd2e-456a-be81-c2ef0128c01e,c996081a-6bbd-4a15-b162-ad6f5eb2bd58,a41664ae-4b7f-46e0-b32e-bdc3bbbccd27,1627366410527,13.385475,52.4658591,6.201454,-0.3880724,-1.0867133,2.9436064,on bike mount,cyclo cross,False,mixed,mixed
916b09cf-fd2e-456a-be81-c2ef0128c01e,c996081a-6bbd-4a15-b162-ad6f5eb2bd58,1b8f898f-28b6-4de2-9366-bd7b2b5669e8,1627366410594,13.385475,52.4658591,6.201454,1.0071143,-1.283681,-0.15383625,on bike mount,cyclo cross,False,mixed,mixed
916b09cf-fd2e-456a-be81-c2ef0128c01e,c996081a-6bbd-4a15-b162-ad6f5eb2bd58,c8194349-4edf-4af6-8017-06243ebc46e9,1627366410660,13.385475,52.4658591,6.201454,1.270457,-2.7585633,3.4078312,on bike mount,cyclo cross,False,mixed,mixed
916b09cf-fd2e-456a-be81-c2ef0128c01e,c996081a-6bbd-4a15-b162-ad6f5eb2bd58,f0501938-2231-4422-b67a-5e8be1876664,1627366410711,13.385475,52.4658591,6.201454,0.84729004,2.5502806,-2.0723133,on bike mount,cyclo cross,False,mixed,mixed
916b09cf-fd2e-456a-be81-c2ef0128c01e,c996081a-6bbd-4a15-b162-ad6f5eb2bd58,c6c9e080-d39a-401d-87be-42adea3bff07,1627366410777,13.385475,52.4658591,6.201454,-0.324762,-0.86808884,-1.0407963,on bike mount,cyclo cross,False,mixed,mixed
916b09cf-fd2e-456a-be81-c2ef0128c01e,c996081a-6bbd-4a15-b162-ad6f5eb2bd58,c88aa8a1-e0e6-4290-b9f0-c503c45682f0,1627366410844,13.385475,52.4658591,6.201454,-0.07608837,0.49952888,0.15887356,on bike mount,cyclo cross,False,mixed,mixed
916b09cf-fd2e-456a-be81-c2ef0128c01e,c996081a-6bbd-4a15-b162-ad6f5eb2bd58,7cf368a8-ac63-4320-970b-7812712d640a,1627366410911,13.385475,52.4658591,6.201454,-0.7050557,0.4779508,-0.42577934,on bike mount,cyclo cross,False,mixed,mixed
916b09cf-fd2e-456a-be81-c2ef0128c01e,c996081a-6bbd-4a15-b162-ad6f5eb2bd58,1285be66-c07e-42b4-9394-f2e0dfe79b0a,1627366410978,13.385475,52.4658591,6.201454,1.7219111,-4.1349497,3.8656788,on bike mount,cyclo cross,False,mixed,mixed
916b09cf-fd2e-456a-be81-c2ef0128c01e,c996081a-6bbd-4a15-b162-ad6f5eb2bd58,9ad95f06-b160-48c4-9df6-9d723dec40a4,1627366411044,13.385475,52.4658591,6.201454,0.3863063,0.50559735,-0.7909403,on bike mount,cyclo cross,False,mixed,mixed
916b09cf-fd2e-456a-be81-c2ef0128c01e,c996081a-6bbd-4a15-b162-ad6f5eb2bd58,2c63c77d-8434-4eeb-86a8-abac2426c5cb,1627366411095,13.3854765,52.4658067,5.5394096,-0.6131133,0.16776514,-2.034204,on bike mount,cyclo cross,False,mixed,mixed
916b09cf-fd2e-456a-be81-c2ef0128c01e,c996081a-6bbd-4a15-b162-ad6f5eb2bd58,e6e616dd-269e-4953-ae3e-79e89e0c20ae,1627366411161,13.3854765,52.4658067,5.5394096,-1.7577903,2.6036773,-1.4116855,on bike mount,cyclo cross,False,mixed,mixed
916b09cf-fd2e-456a-be81-c2ef0128c01e,c996081a-6bbd-4a15-b162-ad6f5eb2bd58,cc7ff943-b264-4654-9b17-811875786e4e,1627366411228,13.3854765,52.4658067,5.5394096,-1.5006146,-1.0181115,0.41613102,on bike mount,cyclo cross,False,mixed,mixed
916b09cf-fd2e-456a-be81-c2ef0128c01e,c996081a-6bbd-4a15-b162-ad6f5eb2bd58,77cbe28e-0c22-47a8-a706-7aee9ca0b3ed,1627366411295,13.3854765,52.4658067,5.5394096,-1.6528982,0.47977448,1.0022316,on bike mount,cyclo cross,False,mixed,mixed
916b09cf-fd2e-456a-be81-c2ef0128c01e,c996081a-6bbd-4a15-b162-ad6f5eb2bd58,c5b49704-a579-4c79-9b53-d22a97729409,1627366411345,13.3854765,52.4658067,5.5394096,-0.2971916,0.9278302,2.2148829,on bike mount,cyclo cross,False,mixed,mixed
916b09cf-fd2e-456a-be81-c2ef0128c01e,c996081a-6bbd-4a15-b162-ad6f5eb2bd58,77ef7d63-c5ae-40cd-a2c5-0267da1628dc,1627366411411,13.3854765,52.4658067,5.5394096,-1.6917355,-0.2963817,2.244442,on bike mount,cyclo cross,False,mixed,mixed
916b09cf-fd2e-456a-be81-c2ef0128c01e,c996081a-6bbd-4a15-b162-ad6f5eb2bd58,517f9000-e991-4642-ad29-5f3b51349ec1,1627366411478,13.3854765,52.4658067,5.5394096,-0.047214925,0.8460326,-1.3203506,on bike mount,cyclo cross,False,mixed,mixed
916b09cf-fd2e-456a-be81-c2ef0128c01e,c996081a-6bbd-4a15-b162-ad6f5eb2bd58,29a2f48e-9e3d-4f53-b916-e4d109a12524,1627366411545,13.3854765,52.4658067,5.5394096,-0.06552757,1.0853043,-4.453354,on bike mount,cyclo cross,False,mixed,mixed
916b09cf-fd2e-456a-be81-c2ef0128c01e,c996081a-6bbd-4a15-b162-ad6f5eb2bd58,94cb8fd6-c94b-4d7c-a405-5256bd944bf3,1627366411612,13.3854765,52.4658067,5.5394096,0.35114038,-3.5036411,1.2736883,on bike mount,cyclo cross,False,mixed,mixed
916b09cf-fd2e-456a-be81-c2ef0128c01e,c996081a-6bbd-4a15-b162-ad6f5eb2bd58,320d46c8-abfd-4248-8180-56b22e40aa28,1627366411662,13.3854765,52.4658067,5.5394096,-0.026918247,1.7683573,-0.5491295,on bike mount,cyclo cross,False,mixed,mixed
916b09cf-fd2e-456a-be81-c2ef0128c01e,c996081a-6bbd-4a15-b162-ad6f5eb2bd58,52dc3ff9-23e3-4dd8-a545-d692eeb981c6,1627366411729,13.3854765,52.4658067,5.5394096,1.3104968,-2.0266192,-1.4270954,on bike mount,cyclo cross,False,mixed,mixed
916b09cf-fd2e-456a-be81-c2ef0128c01e,c996081a-6bbd-4a15-b162-ad6f5eb2bd58,5276128b-c1c6-4670-8910-3d5bf5d851a9,1627366411779,13.3854765,52.4658067,5.5394096,-0.035346586,-0.36536694,0.03148842,on bike mount,cyclo cross,False,mixed,mixed
916b09cf-fd2e-456a-be81-c2ef0128c01e,c996081a-6bbd-4a15-b162-ad6f5eb2bd58,cf8d800c-0380-41f4-8a7a-5767b0f06356,1627366411845,13.3854765,52.4658067,5.5394096,-0.7401135,-0.4956963,1.5328474,on bike mount,cyclo cross,False,mixed,mixed
916b09cf-fd2e-456a-be81-c2ef0128c01e,c996081a-6bbd-4a15-b162-ad6f5eb2bd58,7bb70bff-b278-4dda-811e-f6a9d3372d92,1627366411912,13.3854765,52.4658067,5.5394096,0.53326184,-1.3482964,-0.3565607,on bike mount,cyclo cross,False,mixed,mixed
916b09cf-fd2e-456a-be81-c2ef0128c01e,c996081a-6bbd-4a15-b162-ad6f5eb2bd58,268ba990-e524-40a2-9c28-5d4feb2769e9,1627366411979,13.3854765,52.4658067,5.5394096,0.11604912,0.6485634,1.6138859,on bike mount,cyclo cross,False,mixed,mixed
916b09cf-fd2e-456a-be81-c2ef0128c01e,c996081a-6bbd-4a15-b162-ad6f5eb2bd58,60715c68-76fd-45b0-88b4-3d5935d97a18,1627366412046,13.3854765,52.4658067,5.5394096,0.8156954,-0.02889371,0.5738268,on bike mount,cyclo cross,False,mixed,mixed
916b09cf-fd2e-456a-be81-c2ef0128c01e,c996081a-6bbd-4a15-b162-ad6f5eb2bd58,3e889b53-1dba-4b55-a3c7-f62db3895314,1627366412096,13.3854823,52.4657587,5.578909,0.52761626,0.9784832,-0.54635525,on bike mount,cyclo cross,False,mixed,mixed
916b09cf-fd2e-456a-be81-c2ef0128c01e,c996081a-6bbd-4a15-b162-ad6f5eb2bd58,2d10959b-ec92-4622-95c2-001b20a473d3,1627366412162,13.3854823,52.4657587,5.578909,-0.2723645,-0.59034896,-0.49391842,on bike mount,cyclo cross,False,mixed,mixed
916b09cf-fd2e-456a-be81-c2ef0128c01e,c996081a-6bbd-4a15-b162-ad6f5eb2bd58,e4a8cc8a-24ab-4339-bf52-b2a6f4d5fbf5,1627366412213,13.3854823,52.4657587,5.578909,-0.10757571,-0.7395191,0.68145084,on bike mount,cyclo cross,False,mixed,mixed
916b09cf-fd2e-456a-be81-c2ef0128c01e,c996081a-6bbd-4a15-b162-ad6f5eb2bd58,56496862-d26a-487d-98f4-e30d083cfa0a,1627366412279,13.3854823,52.4657587,5.578909,-0.07499228,-0.88489246,1.2205648,on bike mount,cyclo cross,False,mixed,mixed
916b09cf-fd2e-456a-be81-c2ef0128c01e,c996081a-6bbd-4a15-b162-ad6f5eb2bd58,e7a027c0-a3ea-4a4a-b52e-1958cdc4f63e,1627366412346,13.3854823,52.4657587,5.578909,0.11181466,-0.57916784,-0.22775555,on bike mount,cyclo cross,False,mixed,mixed
916b09cf-fd2e-456a-be81-c2ef0128c01e,c996081a-6bbd-4a15-b162-ad6f5eb2bd58,358fd09c-c4fc-4428-8de5-9a6833c0e0fc,1627366412413,13.3854823,52.4657587,5.578909,-0.53687936,-1.0975755,0.26403046,on bike mount,cyclo cross,False,mixed,mixed
916b09cf-fd2e-456a-be81-c2ef0128c01e,c996081a-6bbd-4a15-b162-ad6f5eb2bd58,6fcb5074-280d-40b6-9a5d-9c696adb3787,1627366412480,13.3854823,52.4657587,5.578909,-0.16484943,2.0828962,-1.0726442,on bike mount,cyclo cross,False,mixed,mixed
916b09cf-fd2e-456a-be81-c2ef0128c01e,c996081a-6bbd-4a15-b162-ad6f5eb2bd58,f54c5eba-41df-474f-92dc-05965b1ba227,1627366412546,13.3854823,52.4657587,5.578909,0.17668585,-0.6369178,0.41871357,on bike mount,cyclo cross,False,mixed,mixed
916b09cf-fd2e-456a-be81-c2ef0128c01e,c996081a-6bbd-4a15-b162-ad6f5eb2bd58,91794a7d-555a-4a48-8de0-32f1ecbb2451,1627366412613,13.3854823,52.4657587,5.578909,-0.21474078,-0.47766566,-2.2243323,on bike mount,cyclo cross,False,mixed,mixed
916b09cf-fd2e-456a-be81-c2ef0128c01e,c996081a-6bbd-4a15-b162-ad6f5eb2bd58,6f241a2e-aab5-4a89-854b-ce1c59f9a500,1627366412680,13.3854823,52.4657587,5.578909,-0.8617538,0.71048164,-1.1989017,on bike mount,cyclo cross,False,mixed,mixed
916b09cf-fd2e-456a-be81-c2ef0128c01e,c996081a-6bbd-4a15-b162-ad6f5eb2bd58,22727e83-c7f5-4914-8555-5eeab82ba8e6,1627366412747,13.3854823,52.4657587,5.578909,-0.22466367,0.08464861,2.8721886,on bike mount,cyclo cross,False,mixed,mixed
916b09cf-fd2e-456a-be81-c2ef0128c01e,c996081a-6bbd-4a15-b162-ad6f5eb2bd58,5ff5be90-8ef6-4cfc-9b60-e0ce38a7abf6,1627366412813,13.3854823,52.4657587,5.578909,-1.1293932,-1.5549557,0.905632,on bike mount,cyclo cross,False,mixed,mixed
916b09cf-fd2e-456a-be81-c2ef0128c01e,c996081a-6bbd-4a15-b162-ad6f5eb2bd58,4c264e7b-0156-4c3a-82a8-d325f0e25f1e,1627366412880,13.3854823,52.4657587,5.578909,-0.03496563,0.6610489,-0.72723293,on bike mount,cyclo cross,False,mixed,mixed
916b09cf-fd2e-456a-be81-c2ef0128c01e,c996081a-6bbd-4a15-b162-ad6f5eb2bd58,394bea78-e64b-4a5d-a5f9-badaebe8ed07,1627366412947,13.3854823,52.4657587,5.578909,0.16885632,-0.5331111,0.52316,on bike mount,cyclo cross,False,mixed,mixed
916b09cf-fd2e-456a-be81-c2ef0128c01e,c996081a-6bbd-4a15-b162-ad6f5eb2bd58,444b2938-564b-4284-80b9-aba18c593df7,1627366413014,13.3854823,52.4657587,5.578909,-0.16624631,0.15677834,1.846425,on bike mount,cyclo cross,False,mixed,mixed
916b09cf-fd2e-456a-be81-c2ef0128c01e,c996081a-6bbd-4a15-b162-ad6f5eb2bd58,684cd124-3da2-4b6b-b826-23950ff790b3,1627366413081,13.3854823,52.4657587,5.578909,0.10240639,-0.28002715,0.30653763,on bike mount,cyclo cross,False,mixed,mixed
916b09cf-fd2e-456a-be81-c2ef0128c01e,c996081a-6bbd-4a15-b162-ad6f5eb2bd58,72fd47b0-2d09-40e2-94dc-8e152f4b19e9,1627366413147,13.385487,52.4657113,5.3516154,0.01523941,-0.27539444,-0.6497097,on bike mount,cyclo cross,False,mixed,mixed
916b09cf-fd2e-456a-be81-c2ef0128c01e,c996081a-6bbd-4a15-b162-ad6f5eb2bd58,ddd8d857-ece7-4143-a999-9704e154031f,1627366413214,13.385487,52.4657113,5.3516154,-0.20551547,-0.472862,1.4072323,on bike mount,cyclo cross,False,mixed,mixed
916b09cf-fd2e-456a-be81-c2ef0128c01e,c996081a-6bbd-4a15-b162-ad6f5eb2bd58,d2ecb695-ac49-486c-b2b2-f9fec424c058,1627366413280,13.385487,52.4657113,5.3516154,0.3586591,0.4871657,0.28607368,on bike mount,cyclo cross,False,mixed,mixed
916b09cf-fd2e-456a-be81-c2ef0128c01e,c996081a-6bbd-4a15-b162-ad6f5eb2bd58,427605a0-0a15-4d02-8935-1b794f460901,1627366413347,13.385487,52.4657113,5.3516154,0.20284507,-0.39471292,-1.9403062,on bike mount,cyclo cross,False,mixed,mixed
916b09cf-fd2e-456a-be81-c2ef0128c01e,c996081a-6bbd-4a15-b162-ad6f5eb2bd58,8ea7dbbc-cf6d-4978-8ddb-f59cc58c5100,1627366413414,13.385487,52.4657113,5.3516154,0.1308977,-0.27457356,-0.16082478,on bike mount,cyclo cross,False,mixed,mixed
916b09cf-fd2e-456a-be81-c2ef0128c01e,c996081a-6bbd-4a15-b162-ad6f5eb2bd58,bcf3d118-a80b-4d61-b17f-fa0bbe93540f,1627366413481,13.385487,52.4657113,5.3516154,-0.043870717,-1.257272,1.5050402,on bike mount,cyclo cross,False,mixed,mixed
916b09cf-fd2e-456a-be81-c2ef0128c01e,c996081a-6bbd-4a15-b162-ad6f5eb2bd58,682b1d26-6fac-4ed3-aea0-4038bc810672,1627366413547,13.385487,52.4657113,5.3516154,-1.4180055,0.8478353,1.0119095,on bike mount,cyclo cross,False,mixed,mixed
916b09cf-fd2e-456a-be81-c2ef0128c01e,c996081a-6bbd-4a15-b162-ad6f5eb2bd58,cecf8923-6c52-433a-ae22-8502d4a25a9f,1627366413614,13.385487,52.4657113,5.3516154,-0.14699209,-1.0331461,-1.5622759,on bike mount,cyclo cross,False,mixed,mixed
916b09cf-fd2e-456a-be81-c2ef0128c01e,c996081a-6bbd-4a15-b162-ad6f5eb2bd58,a2d46462-3648-429f-aa14-bdac8337870a,1627366413681,13.385487,52.4657113,5.3516154,0.48508993,0.4751613,1.0327206,on bike mount,cyclo cross,False,mixed,mixed
916b09cf-fd2e-456a-be81-c2ef0128c01e,c996081a-6bbd-4a15-b162-ad6f5eb2bd58,7fbe1ee3-733c-4516-b474-ea79c941687f,1627366413748,13.385487,52.4657113,5.3516154,1.0123717,0.29069853,1.1725655,on bike mount,cyclo cross,False,mixed,mixed
916b09cf-fd2e-456a-be81-c2ef0128c01e,c996081a-6bbd-4a15-b162-ad6f5eb2bd58,51d33276-5c3d-4ddd-8b9c-be7c2d1e9743,1627366413814,13.385487,52.4657113,5.3516154,0.040907353,-1.1167316,-0.99817276,on bike mount,cyclo cross,False,mixed,mixed
916b09cf-fd2e-456a-be81-c2ef0128c01e,c996081a-6bbd-4a15-b162-ad6f5eb2bd58,3a17eb34-ea2f-45df-9e05-070e1aac52ae,1627366413881,13.385487,52.4657113,5.3516154,-0.05502145,0.526901,-0.81624985,on bike mount,cyclo cross,False,mixed,mixed
916b09cf-fd2e-456a-be81-c2ef0128c01e,c996081a-6bbd-4a15-b162-ad6f5eb2bd58,e81ff5c0-d771-4cdc-b664-c9cd5e8c5992,1627366413948,13.385487,52.4657113,5.3516154,-1.13494,0.9487641,-2.2255812,on bike mount,cyclo cross,False,mixed,mixed
916b09cf-fd2e-456a-be81-c2ef0128c01e,c996081a-6bbd-4a15-b162-ad6f5eb2bd58,5b7670b5-c097-4ef0-8bf0-d8e338caf1c8,1627366414015,13.385487,52.4657113,5.3516154,-0.66419035,0.6165836,-1.0982952,on bike mount,cyclo cross,False,mixed,mixed
916b09cf-fd2e-456a-be81-c2ef0128c01e,c996081a-6bbd-4a15-b162-ad6f5eb2bd58,e3f8804d-58ff-4d0a-a3cd-414652d73db9,1627366414082,13.385487,52.4657113,5.3516154,0.07190048,0.32692766,0.3531723,on bike mount,cyclo cross,False,mixed,mixed
916b09cf-fd2e-456a-be81-c2ef0128c01e,c996081a-6bbd-4a15-b162-ad6f5eb2bd58,d67fa0fa-3c68-4dbc-bc15-9be114873a69,1627366414148,13.3854943,52.4656646,5.16779,0.22223778,0.23881102,0.13628292,on bike mount,cyclo cross,False,mixed,mixed
916b09cf-fd2e-456a-be81-c2ef0128c01e,c996081a-6bbd-4a15-b162-ad6f5eb2bd58,8df3917f-2492-4f9f-a5ca-7263d6639e28,1627366414215,13.3854943,52.4656646,5.16779,0.25207943,-0.69891644,0.5244999,on bike mount,cyclo cross,False,mixed,mixed
916b09cf-fd2e-456a-be81-c2ef0128c01e,c996081a-6bbd-4a15-b162-ad6f5eb2bd58,1d984dd8-8b26-4674-89bc-31361981ff6f,1627366414282,13.3854943,52.4656646,5.16779,0.2558217,0.9212208,0.61338997,on bike mount,cyclo cross,False,mixed,mixed
916b09cf-fd2e-456a-be81-c2ef0128c01e,c996081a-6bbd-4a15-b162-ad6f5eb2bd58,ed5c0327-6db7-4576-8aaf-d0e846594aba,1627366414348,13.3854943,52.4656646,5.16779,0.47507298,-1.0112407,-4.311142,on bike mount,cyclo cross,False,mixed,mixed
916b09cf-fd2e-456a-be81-c2ef0128c01e,c996081a-6bbd-4a15-b162-ad6f5eb2bd58,9a0b74bc-6e04-431d-b929-18ecda864c69,1627366414399,13.3854943,52.4656646,5.16779,-2.0850945,4.716568,0.87545586,on bike mount,cyclo cross,False,mixed,mixed
916b09cf-fd2e-456a-be81-c2ef0128c01e,c996081a-6bbd-4a15-b162-ad6f5eb2bd58,6ece7f1b-01c2-4431-b94b-71e21439827f,1627366414465,13.3854943,52.4656646,5.16779,0.5113091,-0.34702134,-2.0361667,on bike mount,cyclo cross,False,mixed,mixed
916b09cf-fd2e-456a-be81-c2ef0128c01e,c996081a-6bbd-4a15-b162-ad6f5eb2bd58,afbe8e6d-bea5-4fc7-89d2-07165551ac6a,1627366414532,13.3854943,52.4656646,5.16779,0.256175,-2.5493295,-0.17115211,on bike mount,cyclo cross,False,mixed,mixed
916b09cf-fd2e-456a-be81-c2ef0128c01e,c996081a-6bbd-4a15-b162-ad6f5eb2bd58,ecbf2377-0719-405a-a9e0-869560201542,1627366414599,13.3854943,52.4656646,5.16779,0.5865228,1.4914718,2.468811,on bike mount,cyclo cross,False,mixed,mixed
916b09cf-fd2e-456a-be81-c2ef0128c01e,c996081a-6bbd-4a15-b162-ad6f5eb2bd58,d20014e9-f947-45dd-b03a-8f4ded5b8317,1627366414666,13.3854943,52.4656646,5.16779,-0.9352011,0.95801497,3.2980661,on bike mount,cyclo cross,False,mixed,mixed
916b09cf-fd2e-456a-be81-c2ef0128c01e,c996081a-6bbd-4a15-b162-ad6f5eb2bd58,eefc2af8-683b-42b1-a2c5-f4de9688ea16,1627366414716,13.3854943,52.4656646,5.16779,0.9175812,-0.38015318,1.041565,on bike mount,cyclo cross,False,mixed,mixed
916b09cf-fd2e-456a-be81-c2ef0128c01e,c996081a-6bbd-4a15-b162-ad6f5eb2bd58,3c802837-eb40-4193-95a9-12649297e548,1627366414766,13.3854943,52.4656646,5.16779,-2.5154955,5.315689,-4.0172367,on bike mount,cyclo cross,False,mixed,mixed
916b09cf-fd2e-456a-be81-c2ef0128c01e,c996081a-6bbd-4a15-b162-ad6f5eb2bd58,7fc18a34-51a2-43ae-8e2b-600934ab6d54,1627366414832,13.3854943,52.4656646,5.16779,1.2691214,-1.2468731,-1.4911098,on bike mount,cyclo cross,False,mixed,mixed
916b09cf-fd2e-456a-be81-c2ef0128c01e,c996081a-6bbd-4a15-b162-ad6f5eb2bd58,caebf269-f30e-4f96-acab-1a71c657d444,1627366414899,13.3854943,52.4656646,5.16779,-0.08750376,0.14495993,1.3276815,on bike mount,cyclo cross,False,mixed,mixed
916b09cf-fd2e-456a-be81-c2ef0128c01e,c996081a-6bbd-4a15-b162-ad6f5eb2bd58,93c2cb35-f80f-451f-bf3c-4d152aa9767d,1627366414966,13.3854943,52.4656646,5.16779,-0.158054,-4.4256086,1.1377869,on bike mount,cyclo cross,False,mixed,mixed
916b09cf-fd2e-456a-be81-c2ef0128c01e,c996081a-6bbd-4a15-b162-ad6f5eb2bd58,6ce33012-7a85-4108-9207-0fa6099af93b,1627366415033,13.3854943,52.4656646,5.16779,0.15445736,-4.141137,1.9254475,on bike mount,cyclo cross,False,mixed,mixed
916b09cf-fd2e-456a-be81-c2ef0128c01e,c996081a-6bbd-4a15-b162-ad6f5eb2bd58,f6809ac9-8196-4720-b98a-aeefcbe55ac8,1627366415099,13.3854998,52.4656194,5.4173026,0.5334633,2.4060125,0.43786907,on bike mount,cyclo cross,False,mixed,mixed
916b09cf-fd2e-456a-be81-c2ef0128c01e,c996081a-6bbd-4a15-b162-ad6f5eb2bd58,6ad120dd-f5b6-46ff-8600-793adee806eb,1627366415166,13.3854998,52.4656194,5.4173026,0.5864353,0.35238242,-1.0836139,on bike mount,cyclo cross,False,mixed,mixed
916b09cf-fd2e-456a-be81-c2ef0128c01e,c996081a-6bbd-4a15-b162-ad6f5eb2bd58,7e3eb2db-e059-43d5-8a69-e918991753ff,1627366415233,13.3854998,52.4656194,5.4173026,0.5276718,2.6035442,-0.9674673,on bike mount,cyclo cross,False,mixed,mixed
916b09cf-fd2e-456a-be81-c2ef0128c01e,c996081a-6bbd-4a15-b162-ad6f5eb2bd58,8fd53384-af80-46ae-b0bf-6c37c3ab1f5c,1627366415300,13.3854998,52.4656194,5.4173026,-0.6812002,1.4021177,-0.97622204,on bike mount,cyclo cross,False,mixed,mixed
916b09cf-fd2e-456a-be81-c2ef0128c01e,c996081a-6bbd-4a15-b162-ad6f5eb2bd58,332207a7-f7a2-4ceb-96ad-f2aa036ab4a0,1627366415367,13.3854998,52.4656194,5.4173026,6.361408,14.380604,-22.88375,on bike mount,cyclo cross,False,mixed,mixed
916b09cf-fd2e-456a-be81-c2ef0128c01e,c996081a-6bbd-4a15-b162-ad6f5eb2bd58,40cd6cf9-c078-4ecb-bebf-a7d4ad8a22b8,1627366415433,13.3854998,52.4656194,5.4173026,1.7066692,-4.778137,-3.4511561,on bike mount,cyclo cross,False,mixed,mixed
916b09cf-fd2e-456a-be81-c2ef0128c01e,c996081a-6bbd-4a15-b162-ad6f5eb2bd58,7f86e154-1df7-4e04-9b8c-38b253ba451d,1627366415500,13.3854998,52.4656194,5.4173026,-2.3344734,3.7282267,-2.4417348,on bike mount,cyclo cross,False,mixed,mixed
916b09cf-fd2e-456a-be81-c2ef0128c01e,c996081a-6bbd-4a15-b162-ad6f5eb2bd58,18e2f72e-bff1-4d35-9ab6-a824d55b58c4,1627366415567,13.3854998,52.4656194,5.4173026,0.39316615,4.822908,-8.664586,on bike mount,cyclo cross,False,mixed,mixed
916b09cf-fd2e-456a-be81-c2ef0128c01e,c996081a-6bbd-4a15-b162-ad6f5eb2bd58,e538eed9-ab5a-47a2-b637-7a20a25f7c56,1627366415617,13.3854998,52.4656194,5.4173026,0.46622753,1.3433697,-6.7963095,on bike mount,cyclo cross,False,mixed,mixed
916b09cf-fd2e-456a-be81-c2ef0128c01e,c996081a-6bbd-4a15-b162-ad6f5eb2bd58,15a1d569-8812-4633-b344-cfa8ad739d86,1627366415684,13.3854998,52.4656194,5.4173026,-1.6748004,-3.2258985,2.1402302,on bike mount,cyclo cross,False,mixed,mixed
916b09cf-fd2e-456a-be81-c2ef0128c01e,c996081a-6bbd-4a15-b162-ad6f5eb2bd58,05d01d16-07ff-43cc-b3e1-a94ec511f20a,1627366415750,13.3854998,52.4656194,5.4173026,0.24081996,3.3652575,-0.50333786,on bike mount,cyclo cross,False,mixed,mixed
916b09cf-fd2e-456a-be81-c2ef0128c01e,c996081a-6bbd-4a15-b162-ad6f5eb2bd58,3481d973-868e-4883-8373-c293df42bbd2,1627366415817,13.3854998,52.4656194,5.4173026,-2.0128982,-0.33213258,-0.5473709,on bike mount,cyclo cross,False,mixed,mixed
916b09cf-fd2e-456a-be81-c2ef0128c01e,c996081a-6bbd-4a15-b162-ad6f5eb2bd58,d4351f48-d700-481d-a670-6e4e303ffec3,1627366415884,13.3854998,52.4656194,5.4173026,-0.5249618,-0.098176,-2.6254058,on bike mount,cyclo cross,False,mixed,mixed
916b09cf-fd2e-456a-be81-c2ef0128c01e,c996081a-6bbd-4a15-b162-ad6f5eb2bd58,7e2c0073-a048-4c2a-94ff-b2db9644d070,1627366415951,13.3854998,52.4656194,5.4173026,-0.45202148,-0.16180968,1.8076267,on bike mount,cyclo cross,False,mixed,mixed
916b09cf-fd2e-456a-be81-c2ef0128c01e,c996081a-6bbd-4a15-b162-ad6f5eb2bd58,830784ae-a67f-41aa-8b15-fb70a8a732ba,1627366416017,13.3854998,52.4656194,5.4173026,0.5186824,-1.4479947,-0.8363886,on bike mount,cyclo cross,False,mixed,mixed
916b09cf-fd2e-456a-be81-c2ef0128c01e,c996081a-6bbd-4a15-b162-ad6f5eb2bd58,cf721a36-20fe-4306-802b-bbc4e7cccb9b,1627366416084,13.3854998,52.4656194,5.4173026,1.2436115,0.5077863,-0.66096973,on bike mount,cyclo cross,False,mixed,mixed
916b09cf-fd2e-456a-be81-c2ef0128c01e,c996081a-6bbd-4a15-b162-ad6f5eb2bd58,57c19ed2-bb58-4949-8558-92c7e8cb708c,1627366416151,13.3855066,52.4655692,5.8406506,-0.6935909,1.0564668,2.87494,on bike mount,cyclo cross,False,mixed,mixed
916b09cf-fd2e-456a-be81-c2ef0128c01e,c996081a-6bbd-4a15-b162-ad6f5eb2bd58,638f1479-aaa2-4624-917d-6fe7fee19424,1627366416217,13.3855066,52.4655692,5.8406506,-0.21146515,-1.3968341,3.1420984,on bike mount,cyclo cross,False,mixed,mixed
916b09cf-fd2e-456a-be81-c2ef0128c01e,c996081a-6bbd-4a15-b162-ad6f5eb2bd58,f2924e02-49da-4fec-8a73-8ace3d257af0,1627366416285,13.3855066,52.4655692,5.8406506,-1.4063461,6.54716,-6.309442,on bike mount,cyclo cross,False,mixed,mixed
916b09cf-fd2e-456a-be81-c2ef0128c01e,c996081a-6bbd-4a15-b162-ad6f5eb2bd58,c6841496-b537-472e-8509-0ea8c350bbd6,1627366416351,13.3855066,52.4655692,5.8406506,1.1646541,-0.4443071,-2.5985627,on bike mount,cyclo cross,False,mixed,mixed
916b09cf-fd2e-456a-be81-c2ef0128c01e,c996081a-6bbd-4a15-b162-ad6f5eb2bd58,b6f5d8c8-1859-4285-9ea9-efe777ccc394,1627366416418,13.3855066,52.4655692,5.8406506,-1.3550596,0.9330125,2.1759157,on bike mount,cyclo cross,False,mixed,mixed
916b09cf-fd2e-456a-be81-c2ef0128c01e,c996081a-6bbd-4a15-b162-ad6f5eb2bd58,b2820727-daa4-4dfb-8d4b-a10bd4c31a8f,1627366416484,13.3855066,52.4655692,5.8406506,2.0189295,-2.5160725,4.0128593,on bike mount,cyclo cross,False,mixed,mixed
916b09cf-fd2e-456a-be81-c2ef0128c01e,c996081a-6bbd-4a15-b162-ad6f5eb2bd58,bbb2816b-2d5d-48dc-9280-7d0ed91f919e,1627366416535,13.3855066,52.4655692,5.8406506,-3.5489216,0.849401,-5.1806583,on bike mount,cyclo cross,False,mixed,mixed
916b09cf-fd2e-456a-be81-c2ef0128c01e,c996081a-6bbd-4a15-b162-ad6f5eb2bd58,477d3365-36a1-4c23-9aab-db654104ee53,1627366416601,13.3855066,52.4655692,5.8406506,1.3795431,2.855823,-6.7610397,on bike mount,cyclo cross,False,mixed,mixed
916b09cf-fd2e-456a-be81-c2ef0128c01e,c996081a-6bbd-4a15-b162-ad6f5eb2bd58,dcdbd879-5286-470a-936d-d2e2a735e708,1627366416668,13.3855066,52.4655692,5.8406506,0.37015817,5.287055,-0.3268137,on bike mount,cyclo cross,False,mixed,mixed
916b09cf-fd2e-456a-be81-c2ef0128c01e,c996081a-6bbd-4a15-b162-ad6f5eb2bd58,d0300fd0-cb3a-40d6-8d3f-3c1bce4f7417,1627366416735,13.3855066,52.4655692,5.8406506,0.5922814,3.8565254,-1.9353142,on bike mount,cyclo cross,False,mixed,mixed
916b09cf-fd2e-456a-be81-c2ef0128c01e,c996081a-6bbd-4a15-b162-ad6f5eb2bd58,01a65721-d358-4390-a070-454d03ab2700,1627366416802,13.3855066,52.4655692,5.8406506,-0.89126694,2.479525,2.4576483,on bike mount,cyclo cross,False,mixed,mixed
916b09cf-fd2e-456a-be81-c2ef0128c01e,c996081a-6bbd-4a15-b162-ad6f5eb2bd58,ab999fe8-90aa-43ec-afa7-7aa06848584d,1627366416852,13.3855066,52.4655692,5.8406506,0.07107085,-0.8124654,1.5696936,on bike mount,cyclo cross,False,mixed,mixed
916b09cf-fd2e-456a-be81-c2ef0128c01e,c996081a-6bbd-4a15-b162-ad6f5eb2bd58,b06b6653-93f2-42d7-bd5f-f249769e9df1,1627366416918,13.3855066,52.4655692,5.8406506,-1.1311303,0.014588594,2.7009697,on bike mount,cyclo cross,False,mixed,mixed
916b09cf-fd2e-456a-be81-c2ef0128c01e,c996081a-6bbd-4a15-b162-ad6f5eb2bd58,d826edb9-8876-4f9c-b83d-56f8268e26cc,1627366416985,13.3855066,52.4655692,5.8406506,1.0215304,-3.0761762,3.3711119,on bike mount,cyclo cross,False,mixed,mixed
916b09cf-fd2e-456a-be81-c2ef0128c01e,c996081a-6bbd-4a15-b162-ad6f5eb2bd58,68235d16-14c2-4cb7-9f59-a1f6e5cfaef9,1627366417052,13.3855066,52.4655692,5.8406506,-0.009370737,-4.508134,2.303896,on bike mount,cyclo cross,False,mixed,mixed
916b09cf-fd2e-456a-be81-c2ef0128c01e,c996081a-6bbd-4a15-b162-ad6f5eb2bd58,36a6e90e-0ec3-4406-a5bc-b3733fc26c67,1627366417119,13.3855108,52.4655143,6.126125,0.59751904,-2.646886,-2.5697203,on bike mount,cyclo cross,False,mixed,mixed
916b09cf-fd2e-456a-be81-c2ef0128c01e,c996081a-6bbd-4a15-b162-ad6f5eb2bd58,bd233a4b-32b0-465b-8c96-65caed8c6cec,1627366417185,13.3855108,52.4655143,6.126125,0.99958915,-2.2505703,-0.06741524,on bike mount,cyclo cross,False,mixed,mixed
916b09cf-fd2e-456a-be81-c2ef0128c01e,c996081a-6bbd-4a15-b162-ad6f5eb2bd58,0b137521-0683-49e2-9eb1-93efd2b7d133,1627366417252,13.3855108,52.4655143,6.126125,1.3741907,3.2137103,3.3278008,on bike mount,cyclo cross,False,mixed,mixed
916b09cf-fd2e-456a-be81-c2ef0128c01e,c996081a-6bbd-4a15-b162-ad6f5eb2bd58,db80d7bd-da54-44c7-8c4c-d012d0a7a480,1627366417319,13.3855108,52.4655143,6.126125,2.4871144,-3.7850666,2.005539,on bike mount,cyclo cross,False,mixed,mixed
916b09cf-fd2e-456a-be81-c2ef0128c01e,c996081a-6bbd-4a15-b162-ad6f5eb2bd58,61d416f1-e6ef-400a-8f76-e71ac26b8122,1627366417386,13.3855108,52.4655143,6.126125,-0.3580197,-4.5414114,6.7638664,on bike mount,cyclo cross,False,mixed,mixed
916b09cf-fd2e-456a-be81-c2ef0128c01e,c996081a-6bbd-4a15-b162-ad6f5eb2bd58,3b436090-b5f7-4209-b7a9-34bdaf03af5d,1627366417436,13.3855108,52.4655143,6.126125,-0.8903127,-6.3025637,0.45549774,on bike mount,cyclo cross,False,mixed,mixed
916b09cf-fd2e-456a-be81-c2ef0128c01e,c996081a-6bbd-4a15-b162-ad6f5eb2bd58,194d89ec-9974-49b5-8eb5-055d23d0ca53,1627366417503,13.3855108,52.4655143,6.126125,-1.3986642,4.2161636,-5.2525063,on bike mount,cyclo cross,False,mixed,mixed
916b09cf-fd2e-456a-be81-c2ef0128c01e,c996081a-6bbd-4a15-b162-ad6f5eb2bd58,6b467970-88eb-40ca-bf9f-344bb5a57998,1627366417569,13.3855108,52.4655143,6.126125,0.95979923,-3.7702303,3.9326134,on bike mount,cyclo cross,False,mixed,mixed
916b09cf-fd2e-456a-be81-c2ef0128c01e,c996081a-6bbd-4a15-b162-ad6f5eb2bd58,9915b7e6-ad1b-40f5-a3c4-9388b95c273f,1627366417636,13.3855108,52.4655143,6.126125,-0.83050096,-1.4161785,3.9217396,on bike mount,cyclo cross,False,mixed,mixed
916b09cf-fd2e-456a-be81-c2ef0128c01e,c996081a-6bbd-4a15-b162-ad6f5eb2bd58,f65d58fc-8a0f-4384-b1ed-dc261f0907a0,1627366417703,13.3855108,52.4655143,6.126125,1.3953309,-1.8310767,-1.0544906,on bike mount,cyclo cross,False,mixed,mixed
916b09cf-fd2e-456a-be81-c2ef0128c01e,c996081a-6bbd-4a15-b162-ad6f5eb2bd58,0dfec424-27a0-4a70-928b-90e21c4a4419,1627366417770,13.3855108,52.4655143,6.126125,-3.253093,2.2822914,-6.6053505,on bike mount,cyclo cross,False,mixed,mixed
916b09cf-fd2e-456a-be81-c2ef0128c01e,c996081a-6bbd-4a15-b162-ad6f5eb2bd58,cb6b7333-1f3e-4e87-a9bd-ade0f8f5e50b,1627366417836,13.3855108,52.4655143,6.126125,0.98608226,-6.3909883,3.3868113,on bike mount,cyclo cross,False,mixed,mixed
916b09cf-fd2e-456a-be81-c2ef0128c01e,c996081a-6bbd-4a15-b162-ad6f5eb2bd58,1c80b617-c280-41f7-9367-c3198401e9f9,1627366417903,13.3855108,52.4655143,6.126125,2.1732688,-4.1537733,-1.8193502,on bike mount,cyclo cross,False,mixed,mixed
916b09cf-fd2e-456a-be81-c2ef0128c01e,c996081a-6bbd-4a15-b162-ad6f5eb2bd58,0a408e6f-8732-4f75-bdfc-c566037278a1,1627366417970,13.3855108,52.4655143,6.126125,-1.883912,-0.63095975,-3.4936576,on bike mount,cyclo cross,False,mixed,mixed
916b09cf-fd2e-456a-be81-c2ef0128c01e,c996081a-6bbd-4a15-b162-ad6f5eb2bd58,f5d97984-6dfd-44e2-b24d-68aac71528e0,1627366418020,13.3855108,52.4655143,6.126125,-1.2845075,-0.79445636,-1.3201761,on bike mount,cyclo cross,False,mixed,mixed
916b09cf-fd2e-456a-be81-c2ef0128c01e,c996081a-6bbd-4a15-b162-ad6f5eb2bd58,c6969579-026b-455f-8b81-5b8e43458e35,1627366418087,13.3855108,52.4655143,6.126125,0.48981482,4.503565,1.158021,on bike mount,cyclo cross,False,mixed,mixed
916b09cf-fd2e-456a-be81-c2ef0128c01e,c996081a-6bbd-4a15-b162-ad6f5eb2bd58,f4a332ca-dc17-46d4-9c92-ea44a2e64653,1627366418153,13.385516,52.4654565,6.5894184,0.99245405,-0.118970156,3.2255535,on bike mount,cyclo cross,False,mixed,mixed
916b09cf-fd2e-456a-be81-c2ef0128c01e,c996081a-6bbd-4a15-b162-ad6f5eb2bd58,77e18051-9666-4745-9b31-16d7bc3932ad,1627366418220,13.385516,52.4654565,6.5894184,0.00021415949,0.20649505,1.6825714,on bike mount,cyclo cross,False,mixed,mixed
916b09cf-fd2e-456a-be81-c2ef0128c01e,c996081a-6bbd-4a15-b162-ad6f5eb2bd58,a1abd4db-7c3c-4efd-9ce6-3fd87c0ead3b,1627366418287,13.385516,52.4654565,6.5894184,-0.868865,-0.24229932,-3.335517,on bike mount,cyclo cross,False,mixed,mixed
916b09cf-fd2e-456a-be81-c2ef0128c01e,c996081a-6bbd-4a15-b162-ad6f5eb2bd58,5c3e9e6a-e74c-497b-9e0a-1e92b1244c92,1627366418337,13.385516,52.4654565,6.5894184,-0.26222384,0.23035073,-1.336484,on bike mount,cyclo cross,False,mixed,mixed
916b09cf-fd2e-456a-be81-c2ef0128c01e,c996081a-6bbd-4a15-b162-ad6f5eb2bd58,2a8a231c-3035-43cb-bbdc-8d543c9ad980,1627366418404,13.385516,52.4654565,6.5894184,-1.49208,2.6416535,-1.557622,on bike mount,cyclo cross,False,mixed,mixed
916b09cf-fd2e-456a-be81-c2ef0128c01e,c996081a-6bbd-4a15-b162-ad6f5eb2bd58,950a4090-441f-4710-bf46-f69058d38bd2,1627366418454,13.385516,52.4654565,6.5894184,0.50697947,1.3922415,-1.2764993,on bike mount,cyclo cross,False,mixed,mixed
916b09cf-fd2e-456a-be81-c2ef0128c01e,c996081a-6bbd-4a15-b162-ad6f5eb2bd58,1298bee4-3846-4ad7-ab4d-2ffe96705d50,1627366418504,13.385516,52.4654565,6.5894184,0.23049626,1.326726,-0.7891927,on bike mount,cyclo cross,False,mixed,mixed
916b09cf-fd2e-456a-be81-c2ef0128c01e,c996081a-6bbd-4a15-b162-ad6f5eb2bd58,296c74e4-5dd5-4ebc-ba9e-61b7f3ed2faf,1627366418571,13.385516,52.4654565,6.5894184,0.46042794,1.3371205,1.9259605,on bike mount,cyclo cross,False,mixed,mixed
916b09cf-fd2e-456a-be81-c2ef0128c01e,c996081a-6bbd-4a15-b162-ad6f5eb2bd58,1f3635dc-9253-44e2-b24d-94d56ac8e722,1627366418637,13.385516,52.4654565,6.5894184,-3.1365895,-1.1366855,2.1702461,on bike mount,cyclo cross,False,mixed,mixed
916b09cf-fd2e-456a-be81-c2ef0128c01e,c996081a-6bbd-4a15-b162-ad6f5eb2bd58,7b63d66e-2a75-4ec7-954e-54cd9d0cad18,1627366418704,13.385516,52.4654565,6.5894184,-0.70344263,-2.6918101,3.4327116,on bike mount,cyclo cross,False,mixed,mixed
916b09cf-fd2e-456a-be81-c2ef0128c01e,c996081a-6bbd-4a15-b162-ad6f5eb2bd58,708b1428-dcb5-46a6-bef9-2f43c5100b62,1627366418771,13.385516,52.4654565,6.5894184,0.04693666,-2.7943752,2.5760832,on bike mount,cyclo cross,False,mixed,mixed
916b09cf-fd2e-456a-be81-c2ef0128c01e,c996081a-6bbd-4a15-b162-ad6f5eb2bd58,225b930c-e299-4fc8-a3ab-467295c39b9b,1627366418838,13.385516,52.4654565,6.5894184,-0.52899677,-2.5773637,-0.7051573,on bike mount,cyclo cross,False,mixed,mixed
916b09cf-fd2e-456a-be81-c2ef0128c01e,c996081a-6bbd-4a15-b162-ad6f5eb2bd58,af38b9b3-b054-4a94-9bbf-cd705a540e42,1627366418888,13.385516,52.4654565,6.5894184,-3.1446404,2.2133408,-1.0771341,on bike mount,cyclo cross,False,mixed,mixed
916b09cf-fd2e-456a-be81-c2ef0128c01e,c996081a-6bbd-4a15-b162-ad6f5eb2bd58,e49392a2-55bf-4cd5-9451-b08ad8626bf1,1627366418954,13.385516,52.4654565,6.5894184,0.3873906,2.6681395,-1.2495823,on bike mount,cyclo cross,False,mixed,mixed
916b09cf-fd2e-456a-be81-c2ef0128c01e,c996081a-6bbd-4a15-b162-ad6f5eb2bd58,622019d4-80a6-4717-af65-75a71099fbe3,1627366419021,13.385516,52.4654565,6.5894184,0.6400478,-1.930662,0.34274483,on bike mount,cyclo cross,False,mixed,mixed
916b09cf-fd2e-456a-be81-c2ef0128c01e,c996081a-6bbd-4a15-b162-ad6f5eb2bd58,2d259b0d-eee7-466b-8a23-d48741de23b3,1627366419089,13.385516,52.4654565,6.5894184,3.0286932,1.3703437,2.4554281,on bike mount,cyclo cross,False,mixed,mixed
916b09cf-fd2e-456a-be81-c2ef0128c01e,c996081a-6bbd-4a15-b162-ad6f5eb2bd58,79e0d2eb-2da8-48e3-b3f8-6350bfb8000c,1627366419154,13.3855186,52.4653927,7.1719327,1.5910215,0.7116995,0.88274574,on bike mount,cyclo cross,False,mixed,mixed
916b09cf-fd2e-456a-be81-c2ef0128c01e,c996081a-6bbd-4a15-b162-ad6f5eb2bd58,093dd518-583c-4e01-9c80-1394e19305ff,1627366419222,13.3855186,52.4653927,7.1719327,1.2413121,-3.0335858,1.701952,on bike mount,cyclo cross,False,mixed,mixed
916b09cf-fd2e-456a-be81-c2ef0128c01e,c996081a-6bbd-4a15-b162-ad6f5eb2bd58,c1fc1ed4-43f2-4356-933d-aaf44bf376cd,1627366419288,13.3855186,52.4653927,7.1719327,-2.6080232,3.8592649,-0.932456,on bike mount,cyclo cross,False,mixed,mixed
916b09cf-fd2e-456a-be81-c2ef0128c01e,c996081a-6bbd-4a15-b162-ad6f5eb2bd58,64b88154-b1b9-4b36-9567-c2f2672c8220,1627366419355,13.3855186,52.4653927,7.1719327,0.3686295,-0.10250831,0.42609215,on bike mount,cyclo cross,False,mixed,mixed
916b09cf-fd2e-456a-be81-c2ef0128c01e,c996081a-6bbd-4a15-b162-ad6f5eb2bd58,e17038bb-ef2a-49da-b80f-6c5ec0d5a749,1627366419422,13.3855186,52.4653927,7.1719327,-0.13021517,-0.7732742,1.9386702,on bike mount,cyclo cross,False,mixed,mixed
916b09cf-fd2e-456a-be81-c2ef0128c01e,c996081a-6bbd-4a15-b162-ad6f5eb2bd58,bb37a38a-7e2e-4809-b0ec-3019d0315dc4,1627366419471,13.3855186,52.4653927,7.1719327,-0.38676,-1.1032954,-0.35229206,on bike mount,cyclo cross,False,mixed,mixed
916b09cf-fd2e-456a-be81-c2ef0128c01e,c996081a-6bbd-4a15-b162-ad6f5eb2bd58,e94b7af3-f823-4efc-bd8f-b93d242b0987,1627366419522,13.3855186,52.4653927,7.1719327,-0.42919832,1.2085862,-0.35612297,on bike mount,cyclo cross,False,mixed,mixed
916b09cf-fd2e-456a-be81-c2ef0128c01e,c996081a-6bbd-4a15-b162-ad6f5eb2bd58,d9193274-eb48-4ebe-bffe-211677f8e7a9,1627366419588,13.3855186,52.4653927,7.1719327,-0.27312535,-1.9491901,-0.0028743744,on bike mount,cyclo cross,False,mixed,mixed
916b09cf-fd2e-456a-be81-c2ef0128c01e,c996081a-6bbd-4a15-b162-ad6f5eb2bd58,f514b864-59e7-462e-aefa-7b8e8259c80c,1627366419639,13.3855186,52.4653927,7.1719327,0.05330281,1.3036971,-0.8668189,on bike mount,cyclo cross,False,mixed,mixed
916b09cf-fd2e-456a-be81-c2ef0128c01e,c996081a-6bbd-4a15-b162-ad6f5eb2bd58,15d70eae-3b8a-480f-8f70-2f8d159cbedf,1627366419705,13.3855186,52.4653927,7.1719327,-0.6801617,-0.10307503,0.23613548,on bike mount,cyclo cross,False,mixed,mixed
916b09cf-fd2e-456a-be81-c2ef0128c01e,c996081a-6bbd-4a15-b162-ad6f5eb2bd58,d5e0dd9a-c3c4-4570-b75e-23b09c9b247a,1627366419772,13.3855186,52.4653927,7.1719327,1.2506338,-0.7463114,1.168869,on bike mount,cyclo cross,False,mixed,mixed
916b09cf-fd2e-456a-be81-c2ef0128c01e,c996081a-6bbd-4a15-b162-ad6f5eb2bd58,62deff66-1951-410e-93ae-1cd95301ad1f,1627366419839,13.3855186,52.4653927,7.1719327,1.3339618,-2.1570473,2.9976234,on bike mount,cyclo cross,False,mixed,mixed
916b09cf-fd2e-456a-be81-c2ef0128c01e,c996081a-6bbd-4a15-b162-ad6f5eb2bd58,22ee29f8-d368-4a91-8722-c289fb884e54,1627366419905,13.3855186,52.4653927,7.1719327,2.18405,-2.1924272,2.6548758,on bike mount,cyclo cross,False,mixed,mixed
916b09cf-fd2e-456a-be81-c2ef0128c01e,c996081a-6bbd-4a15-b162-ad6f5eb2bd58,704d568f-717d-4164-8f9a-55bd5a9da1d1,1627366419972,13.3855186,52.4653927,7.1719327,-2.444696,7.022278,-1.1533389,on bike mount,cyclo cross,False,mixed,mixed
916b09cf-fd2e-456a-be81-c2ef0128c01e,c996081a-6bbd-4a15-b162-ad6f5eb2bd58,cc845636-f218-4e8e-aea2-492d8d3943f6,1627366420039,13.3855186,52.4653927,7.1719327,0.947304,-3.889264,-2.4358401,on bike mount,cyclo cross,False,mixed,mixed
916b09cf-fd2e-456a-be81-c2ef0128c01e,c996081a-6bbd-4a15-b162-ad6f5eb2bd58,898d64bb-70f1-4294-8c1e-64b7c9be3845,1627366420106,13.3855236,52.4653271,6.965158,-1.4128937,7.4212284,-1.5286045,on bike mount,cyclo cross,False,mixed,mixed
916b09cf-fd2e-456a-be81-c2ef0128c01e,c996081a-6bbd-4a15-b162-ad6f5eb2bd58,5038256c-0130-44ac-b0b8-bf1e9bf88a4c,1627366420172,13.3855236,52.4653271,6.965158,-0.39050406,-3.8332949,3.5180988,on bike mount,cyclo cross,False,mixed,mixed
916b09cf-fd2e-456a-be81-c2ef0128c01e,c996081a-6bbd-4a15-b162-ad6f5eb2bd58,736e9495-9559-4bb3-9cfc-f545adc1a350,1627366420239,13.3855236,52.4653271,6.965158,1.3881602,-0.3152175,-2.6702614,on bike mount,cyclo cross,False,mixed,mixed
916b09cf-fd2e-456a-be81-c2ef0128c01e,c996081a-6bbd-4a15-b162-ad6f5eb2bd58,7083d0e9-0649-47f9-8333-7d5872060d24,1627366420306,13.3855236,52.4653271,6.965158,0.46660295,3.3803334,-1.0236144,on bike mount,cyclo cross,False,mixed,mixed
916b09cf-fd2e-456a-be81-c2ef0128c01e,c996081a-6bbd-4a15-b162-ad6f5eb2bd58,26765f45-aad9-4c94-802e-8fe1a1df6360,1627366420373,13.3855236,52.4653271,6.965158,-0.062351577,-0.4873457,-0.31922245,on bike mount,cyclo cross,False,mixed,mixed
916b09cf-fd2e-456a-be81-c2ef0128c01e,c996081a-6bbd-4a15-b162-ad6f5eb2bd58,fbfa9dc7-c43e-4f08-a378-b49282a34ed4,1627366420423,13.3855236,52.4653271,6.965158,-0.29394376,0.77525306,-0.7216883,on bike mount,cyclo cross,False,mixed,mixed
916b09cf-fd2e-456a-be81-c2ef0128c01e,c996081a-6bbd-4a15-b162-ad6f5eb2bd58,bfb6bf59-7b90-4361-98f9-40aedd3147a2,1627366420490,13.3855236,52.4653271,6.965158,0.6116642,-0.7432053,-1.1341367,on bike mount,cyclo cross,False,mixed,mixed
916b09cf-fd2e-456a-be81-c2ef0128c01e,c996081a-6bbd-4a15-b162-ad6f5eb2bd58,c4a6a45f-b996-4b5a-913d-258045d226ea,1627366420556,13.3855236,52.4653271,6.965158,2.1113133,-0.046060562,-1.456181,on bike mount,cyclo cross,False,mixed,mixed
916b09cf-fd2e-456a-be81-c2ef0128c01e,c996081a-6bbd-4a15-b162-ad6f5eb2bd58,a191117d-1aaf-4d6b-b1cd-2a50e9a1dc8a,1627366420623,13.3855236,52.4653271,6.965158,0.8844581,1.1365297,1.2475863,on bike mount,cyclo cross,False,mixed,mixed
916b09cf-fd2e-456a-be81-c2ef0128c01e,c996081a-6bbd-4a15-b162-ad6f5eb2bd58,93061d7f-4608-466a-b8a8-99de60088f82,1627366420690,13.3855236,52.4653271,6.965158,-0.099704385,-1.481045,0.39753246,on bike mount,cyclo cross,False,mixed,mixed
916b09cf-fd2e-456a-be81-c2ef0128c01e,c996081a-6bbd-4a15-b162-ad6f5eb2bd58,dc06ca09-fd33-4b98-9c96-1912701ca8a8,1627366420757,13.3855236,52.4653271,6.965158,0.015010126,-2.203105,0.6310568,on bike mount,cyclo cross,False,mixed,mixed
916b09cf-fd2e-456a-be81-c2ef0128c01e,c996081a-6bbd-4a15-b162-ad6f5eb2bd58,ae7cf0e9-c8fd-48ae-9c62-b199764ba282,1627366420823,13.3855236,52.4653271,6.965158,-0.5982671,0.32773757,1.04251,on bike mount,cyclo cross,False,mixed,mixed
916b09cf-fd2e-456a-be81-c2ef0128c01e,c996081a-6bbd-4a15-b162-ad6f5eb2bd58,e277edd2-278b-425f-af4d-0e4e841f2891,1627366420890,13.3855236,52.4653271,6.965158,0.45167732,-0.07456446,-1.1054425,on bike mount,cyclo cross,False,mixed,mixed
916b09cf-fd2e-456a-be81-c2ef0128c01e,c996081a-6bbd-4a15-b162-ad6f5eb2bd58,94f90264-2e25-40d0-ac72-2d58f29f18a3,1627366420957,13.3855236,52.4653271,6.965158,-1.0462478,1.7037227,-3.3226032,on bike mount,cyclo cross,False,mixed,mixed
916b09cf-fd2e-456a-be81-c2ef0128c01e,c996081a-6bbd-4a15-b162-ad6f5eb2bd58,53bceece-f41c-4e9a-a50a-b51655f98205,1627366421024,13.3855236,52.4653271,6.965158,-3.0356226,0.5371547,-1.6944313,on bike mount,cyclo cross,False,mixed,mixed
916b09cf-fd2e-456a-be81-c2ef0128c01e,c996081a-6bbd-4a15-b162-ad6f5eb2bd58,247ab169-86a7-4af2-86ce-537d2a29fcf6,1627366421091,13.3855236,52.4653271,6.965158,2.1590483,0.32877994,-0.6172128,on bike mount,cyclo cross,False,mixed,mixed
916b09cf-fd2e-456a-be81-c2ef0128c01e,c996081a-6bbd-4a15-b162-ad6f5eb2bd58,d3865301-4d0a-4930-bf66-669c106ce156,1627366421157,13.3855324,52.4652609,7.365332,-1.3894545,5.449611,-1.9977312,on bike mount,cyclo cross,False,mixed,mixed
916b09cf-fd2e-456a-be81-c2ef0128c01e,c996081a-6bbd-4a15-b162-ad6f5eb2bd58,72d2dfaa-2048-4692-8f95-4342c17273aa,1627366421224,13.3855324,52.4652609,7.365332,0.17745575,-2.4620926,1.1058378,on bike mount,cyclo cross,False,mixed,mixed
916b09cf-fd2e-456a-be81-c2ef0128c01e,c996081a-6bbd-4a15-b162-ad6f5eb2bd58,f0934e34-2c1f-4aa2-9f9d-56e53a7897ef,1627366421274,13.3855324,52.4652609,7.365332,-1.5104567,-1.7451384,-2.6089172,on bike mount,cyclo cross,False,mixed,mixed
916b09cf-fd2e-456a-be81-c2ef0128c01e,c996081a-6bbd-4a15-b162-ad6f5eb2bd58,877ef12f-35b1-48e2-b374-5bfefabfd668,1627366421341,13.3855324,52.4652609,7.365332,-0.8349035,-1.215333,2.7143612,on bike mount,cyclo cross,False,mixed,mixed
916b09cf-fd2e-456a-be81-c2ef0128c01e,c996081a-6bbd-4a15-b162-ad6f5eb2bd58,3afd6222-07f5-4148-baa2-baa27d7bc47f,1627366421391,13.3855324,52.4652609,7.365332,2.816424,-2.6897423,-0.0610857,on bike mount,cyclo cross,False,mixed,mixed
916b09cf-fd2e-456a-be81-c2ef0128c01e,c996081a-6bbd-4a15-b162-ad6f5eb2bd58,37a8e682-6641-465b-b9d2-c2256aaa1d8a,1627366421457,13.3855324,52.4652609,7.365332,-1.5958637,-0.16173434,0.69535446,on bike mount,cyclo cross,False,mixed,mixed
916b09cf-fd2e-456a-be81-c2ef0128c01e,c996081a-6bbd-4a15-b162-ad6f5eb2bd58,04d1a572-a495-4cf7-ac3f-7bbf8791cfec,1627366421508,13.3855324,52.4652609,7.365332,0.35131556,0.45661306,-1.7097192,on bike mount,cyclo cross,False,mixed,mixed
916b09cf-fd2e-456a-be81-c2ef0128c01e,c996081a-6bbd-4a15-b162-ad6f5eb2bd58,3b54c9c0-f695-4861-940d-3ec85224521c,1627366421574,13.3855324,52.4652609,7.365332,-0.07639873,-0.22427297,0.17543697,on bike mount,cyclo cross,False,mixed,mixed
916b09cf-fd2e-456a-be81-c2ef0128c01e,c996081a-6bbd-4a15-b162-ad6f5eb2bd58,d03c1607-4431-4221-a509-4beb99475803,1627366421641,13.3855324,52.4652609,7.365332,0.87374747,-1.5950634,0.91272926,on bike mount,cyclo cross,False,mixed,mixed
916b09cf-fd2e-456a-be81-c2ef0128c01e,c996081a-6bbd-4a15-b162-ad6f5eb2bd58,9f06294c-a808-4762-a129-1514984f4d15,1627366421708,13.3855324,52.4652609,7.365332,-0.8719979,7.397247,-1.2305694,on bike mount,cyclo cross,False,mixed,mixed
916b09cf-fd2e-456a-be81-c2ef0128c01e,c996081a-6bbd-4a15-b162-ad6f5eb2bd58,131e79be-252a-4a9d-9789-d30d8baf4cc6,1627366421775,13.3855324,52.4652609,7.365332,-0.43448532,2.42985,-2.1800113,on bike mount,cyclo cross,False,mixed,mixed
916b09cf-fd2e-456a-be81-c2ef0128c01e,c996081a-6bbd-4a15-b162-ad6f5eb2bd58,81eeb4a0-ce5c-47b9-9356-af06e21e6176,1627366421825,13.3855324,52.4652609,7.365332,0.32686317,3.743209,3.2977562,on bike mount,cyclo cross,False,mixed,mixed
916b09cf-fd2e-456a-be81-c2ef0128c01e,c996081a-6bbd-4a15-b162-ad6f5eb2bd58,1520e403-22e3-4472-8012-362045d126c7,1627366421892,13.3855324,52.4652609,7.365332,-0.23682803,3.3448153,0.9015398,on bike mount,cyclo cross,False,mixed,mixed
916b09cf-fd2e-456a-be81-c2ef0128c01e,c996081a-6bbd-4a15-b162-ad6f5eb2bd58,cea74ed9-27b1-434a-8fca-ab92e0bdaccc,1627366421958,13.3855324,52.4652609,7.365332,-1.7508042,-0.7174461,-0.8153429,on bike mount,cyclo cross,False,mixed,mixed
916b09cf-fd2e-456a-be81-c2ef0128c01e,c996081a-6bbd-4a15-b162-ad6f5eb2bd58,77b30a56-4707-4558-9f64-5f769d012e92,1627366422025,13.3855324,52.4652609,7.365332,-0.02536577,-4.125617,4.8234005,on bike mount,cyclo cross,False,mixed,mixed
916b09cf-fd2e-456a-be81-c2ef0128c01e,c996081a-6bbd-4a15-b162-ad6f5eb2bd58,fe094640-01d0-4aaf-bd36-3b0a04ae68b9,1627366422092,13.3855324,52.4652609,7.365332,0.4273785,2.0481734,-1.208303,on bike mount,cyclo cross,False,mixed,mixed
916b09cf-fd2e-456a-be81-c2ef0128c01e,c996081a-6bbd-4a15-b162-ad6f5eb2bd58,f5ba924a-0a82-4386-9019-d41a3e5c3031,1627366422158,13.3855366,52.4651924,7.4779577,1.2553225,0.73380923,-0.108777046,on bike mount,cyclo cross,False,mixed,mixed
916b09cf-fd2e-456a-be81-c2ef0128c01e,c996081a-6bbd-4a15-b162-ad6f5eb2bd58,162d9cd0-4428-48d3-b7ea-c9886492e49a,1627366422225,13.3855366,52.4651924,7.4779577,-0.21555951,1.9885387,-0.34887505,on bike mount,cyclo cross,False,mixed,mixed
916b09cf-fd2e-456a-be81-c2ef0128c01e,c996081a-6bbd-4a15-b162-ad6f5eb2bd58,f84a8644-be29-4f2f-b12c-2c5fd9776cd1,1627366422292,13.3855366,52.4651924,7.4779577,0.3047936,-0.6408138,0.039844513,on bike mount,cyclo cross,False,mixed,mixed
916b09cf-fd2e-456a-be81-c2ef0128c01e,c996081a-6bbd-4a15-b162-ad6f5eb2bd58,93e7f248-2333-4cf5-adaa-e2c4d30a4538,1627366422359,13.3855366,52.4651924,7.4779577,0.6389049,-1.9935124,-0.6045542,on bike mount,cyclo cross,False,mixed,mixed
916b09cf-fd2e-456a-be81-c2ef0128c01e,c996081a-6bbd-4a15-b162-ad6f5eb2bd58,7d249609-7fe1-42cb-b9ed-39f2797074c7,1627366422409,13.3855366,52.4651924,7.4779577,-1.0766908,-2.1072102,1.3167791,on bike mount,cyclo cross,False,mixed,mixed
916b09cf-fd2e-456a-be81-c2ef0128c01e,c996081a-6bbd-4a15-b162-ad6f5eb2bd58,ae95129d-951b-4c13-a9b1-9059abfa78a7,1627366422475,13.3855366,52.4651924,7.4779577,0.5562525,0.79402256,-1.2270446,on bike mount,cyclo cross,False,mixed,mixed
916b09cf-fd2e-456a-be81-c2ef0128c01e,c996081a-6bbd-4a15-b162-ad6f5eb2bd58,f1ac1bf0-ba47-476d-88ea-164142184ec1,1627366422526,13.3855366,52.4651924,7.4779577,0.34153917,2.2701511,0.68501854,on bike mount,cyclo cross,False,mixed,mixed
916b09cf-fd2e-456a-be81-c2ef0128c01e,c996081a-6bbd-4a15-b162-ad6f5eb2bd58,57fc85d6-1a5b-4ef5-914c-31f7babc6456,1627366422592,13.3855366,52.4651924,7.4779577,-2.3945951,0.613662,0.8549223,on bike mount,cyclo cross,False,mixed,mixed
916b09cf-fd2e-456a-be81-c2ef0128c01e,c996081a-6bbd-4a15-b162-ad6f5eb2bd58,ad6ae10c-7ac8-4c5c-9dd5-a13d6a37b3e7,1627366422659,13.3855366,52.4651924,7.4779577,0.4751238,0.91271734,-2.10391,on bike mount,cyclo cross,False,mixed,mixed
916b09cf-fd2e-456a-be81-c2ef0128c01e,c996081a-6bbd-4a15-b162-ad6f5eb2bd58,31e2445a-3d9d-4359-88a4-15a093f892ab,1627366422726,13.3855366,52.4651924,7.4779577,-1.8769977,1.0550258,0.7217722,on bike mount,cyclo cross,False,mixed,mixed
916b09cf-fd2e-456a-be81-c2ef0128c01e,c996081a-6bbd-4a15-b162-ad6f5eb2bd58,c052a840-ce86-4a76-b737-eae8853e699d,1627366422776,13.3855366,52.4651924,7.4779577,1.7607867,1.9494517,-1.5829401,on bike mount,cyclo cross,False,mixed,mixed
916b09cf-fd2e-456a-be81-c2ef0128c01e,c996081a-6bbd-4a15-b162-ad6f5eb2bd58,4a20a662-a2ee-4667-8028-7dae8994acf9,1627366422842,13.3855366,52.4651924,7.4779577,0.2743156,1.9564385,-0.87077475,on bike mount,cyclo cross,False,mixed,mixed
916b09cf-fd2e-456a-be81-c2ef0128c01e,c996081a-6bbd-4a15-b162-ad6f5eb2bd58,ffc2ebb1-f568-48a3-9f61-6b04dd01bb7d,1627366422893,13.3855366,52.4651924,7.4779577,0.26849097,3.4553838,-2.9196115,on bike mount,cyclo cross,False,mixed,mixed
916b09cf-fd2e-456a-be81-c2ef0128c01e,c996081a-6bbd-4a15-b162-ad6f5eb2bd58,12f5d27f-5082-4a56-81d5-fa39b18d036a,1627366422943,13.3855366,52.4651924,7.4779577,0.525452,-0.8659823,1.7891407,on bike mount,cyclo cross,False,mixed,mixed
916b09cf-fd2e-456a-be81-c2ef0128c01e,c996081a-6bbd-4a15-b162-ad6f5eb2bd58,4894fe7a-05df-47cd-ad14-5a0da04724ef,1627366423010,13.3855366,52.4651924,7.4779577,-0.55886364,0.54960537,0.265666,on bike mount,cyclo cross,False,mixed,mixed
916b09cf-fd2e-456a-be81-c2ef0128c01e,c996081a-6bbd-4a15-b162-ad6f5eb2bd58,264d34da-a26b-4492-838e-ed875c17c88f,1627366423060,13.3855366,52.4651924,7.4779577,1.1182265,-1.6644143,2.2531185,on bike mount,cyclo cross,False,mixed,mixed
916b09cf-fd2e-456a-be81-c2ef0128c01e,c996081a-6bbd-4a15-b162-ad6f5eb2bd58,2556e5e6-4b38-4fc7-bd92-bd81c374a103,1627366423126,13.3855417,52.4651224,7.3412304,-2.3784962,4.30196,-1.49856,on bike mount,cyclo cross,False,mixed,mixed
916b09cf-fd2e-456a-be81-c2ef0128c01e,c996081a-6bbd-4a15-b162-ad6f5eb2bd58,569e3105-4b64-4523-bbc5-582c5ef82dc5,1627366423193,13.3855417,52.4651224,7.3412304,0.8818121,0.3920653,-0.68488646,on bike mount,cyclo cross,False,mixed,mixed
916b09cf-fd2e-456a-be81-c2ef0128c01e,c996081a-6bbd-4a15-b162-ad6f5eb2bd58,fda76729-05dd-4d48-9a0e-f69e70791579,1627366423260,13.3855417,52.4651224,7.3412304,0.14785498,-1.1713862,0.10209465,on bike mount,cyclo cross,False,mixed,mixed
916b09cf-fd2e-456a-be81-c2ef0128c01e,c996081a-6bbd-4a15-b162-ad6f5eb2bd58,251d96b9-aede-4f4a-b01a-b60f23b93052,1627366423326,13.3855417,52.4651224,7.3412304,-1.0604026,1.0907729,-3.498187,on bike mount,cyclo cross,False,mixed,mixed
916b09cf-fd2e-456a-be81-c2ef0128c01e,c996081a-6bbd-4a15-b162-ad6f5eb2bd58,5dd8a7e3-b7e8-478b-b0de-b4a5ec2dbed2,1627366423377,13.3855417,52.4651224,7.3412304,0.4423498,0.81477904,-0.40872097,on bike mount,cyclo cross,False,mixed,mixed
916b09cf-fd2e-456a-be81-c2ef0128c01e,c996081a-6bbd-4a15-b162-ad6f5eb2bd58,a3f826bb-4099-40fb-9235-9114643e7170,1627366423443,13.3855417,52.4651224,7.3412304,1.2891779,1.8381433,-0.045755386,on bike mount,cyclo cross,False,mixed,mixed
916b09cf-fd2e-456a-be81-c2ef0128c01e,c996081a-6bbd-4a15-b162-ad6f5eb2bd58,13d334c8-59a7-47f1-b2ed-40e2c41ef4d9,1627366423510,13.3855417,52.4651224,7.3412304,-0.9626243,-2.6280801,0.31224346,on bike mount,cyclo cross,False,mixed,mixed
916b09cf-fd2e-456a-be81-c2ef0128c01e,c996081a-6bbd-4a15-b162-ad6f5eb2bd58,54095585-44ba-4d7a-937a-f436e1d75928,1627366423577,13.3855417,52.4651224,7.3412304,-0.29605442,-2.308504,1.8598795,on bike mount,cyclo cross,False,mixed,mixed
916b09cf-fd2e-456a-be81-c2ef0128c01e,c996081a-6bbd-4a15-b162-ad6f5eb2bd58,4c23932b-f2eb-4611-a8fa-31cdd00b9204,1627366423643,13.3855417,52.4651224,7.3412304,-2.0437765,3.7758336,-1.6514349,on bike mount,cyclo cross,False,mixed,mixed
