bike_activity_uid,bike_activity_sample_uid,bike_activity_measurement,bike_activity_measurement_timestamp,bike_activity_measurement_lon,bike_activity_measurement_lat,bike_activity_measurement_speed,bike_activity_measurement_accelerometer_x,bike_activity_measurement_accelerometer_y,bike_activity_measurement_accelerometer_z,bike_activity_phone_position,bike_activity_bike_type,bike_activity_flagged_lab_conditions,bike_activity_surface_type,bike_activity_smoothness_type
9f7be42c-d051-49df-93eb-2b10526cf822,6cf02c86-3c92-4539-8c28-a576fbc0d7b0,297f557c-660c-4107-aed4-7703aa310297,1636127247664,13.3926434,52.4728247,5.700824,0.5145519,-1.5309869,-0.98283386,on bike mount,cyclo cross,True,paving stones,good
9f7be42c-d051-49df-93eb-2b10526cf822,6cf02c86-3c92-4539-8c28-a576fbc0d7b0,9f6e72a0-5dfd-4dba-99bf-09f9d63badfe,1636127247714,13.3926434,52.4728247,5.700824,-0.86366296,2.1602068,-5.398942,on bike mount,cyclo cross,True,paving stones,good
9f7be42c-d051-49df-93eb-2b10526cf822,6cf02c86-3c92-4539-8c28-a576fbc0d7b0,5dc63242-20e8-4b37-8633-1642c037a5fa,1636127247764,13.3926434,52.4728247,5.700824,-1.3273543,-3.8740623,-5.230485,on bike mount,cyclo cross,True,paving stones,good
9f7be42c-d051-49df-93eb-2b10526cf822,6cf02c86-3c92-4539-8c28-a576fbc0d7b0,28029d53-f164-43c1-860c-7a76221e8311,1636127247814,13.3926434,52.4728247,5.700824,0.42621824,-0.8907616,-8.54201,on bike mount,cyclo cross,True,paving stones,good
9f7be42c-d051-49df-93eb-2b10526cf822,6cf02c86-3c92-4539-8c28-a576fbc0d7b0,5a7581fb-29c9-4832-bd5b-624759e49705,1636127247864,13.3926434,52.4728247,5.700824,0.9304688,2.3283238,-2.81428,on bike mount,cyclo cross,True,paving stones,good
9f7be42c-d051-49df-93eb-2b10526cf822,6cf02c86-3c92-4539-8c28-a576fbc0d7b0,e7bd4965-1ef5-493f-993c-c49f8eac91df,1636127247917,13.3926434,52.4728247,5.700824,0.41643676,0.88697815,-2.9847364,on bike mount,cyclo cross,True,paving stones,good
9f7be42c-d051-49df-93eb-2b10526cf822,6cf02c86-3c92-4539-8c28-a576fbc0d7b0,b82d158c-22f5-44f1-a5c6-7ec1b160376b,1636127247982,13.3926434,52.4728247,5.700824,0.092797995,-3.271403,3.59828,on bike mount,cyclo cross,True,paving stones,good
9f7be42c-d051-49df-93eb-2b10526cf822,6cf02c86-3c92-4539-8c28-a576fbc0d7b0,fe5815fb-af17-47f5-befc-9ee705598609,1636127248047,13.3926434,52.4728247,5.700824,-0.9677838,3.6313286,0.09965706,on bike mount,cyclo cross,True,paving stones,good
9f7be42c-d051-49df-93eb-2b10526cf822,6cf02c86-3c92-4539-8c28-a576fbc0d7b0,cf6bb3c3-70bf-4654-9fdb-105ebe0f4f1e,1636127248099,13.3926434,52.4728247,5.700824,-1.4243119,2.3557887,3.3248854,on bike mount,cyclo cross,True,paving stones,good
9f7be42c-d051-49df-93eb-2b10526cf822,6cf02c86-3c92-4539-8c28-a576fbc0d7b0,73a0f0e1-65d7-4aa9-abad-04babca07523,1636127248149,13.3926434,52.4728247,5.700824,-2.0459185,0.93902683,0.8744354,on bike mount,cyclo cross,True,paving stones,good
9f7be42c-d051-49df-93eb-2b10526cf822,6cf02c86-3c92-4539-8c28-a576fbc0d7b0,23680ec8-b477-4748-b571-bbb597db26a0,1636127248216,13.3926434,52.4728247,5.700824,-1.2356262,3.612732,-0.6033392,on bike mount,cyclo cross,True,paving stones,good
9f7be42c-d051-49df-93eb-2b10526cf822,6cf02c86-3c92-4539-8c28-a576fbc0d7b0,fc495e6f-5688-42dc-9f89-62d3c7f9db35,1636127248282,13.3926434,52.4728247,5.700824,1.8292776,0.14294791,-1.7849402,on bike mount,cyclo cross,True,paving stones,good
9f7be42c-d051-49df-93eb-2b10526cf822,6cf02c86-3c92-4539-8c28-a576fbc0d7b0,f274454a-b15b-4579-b9ae-c989af9711f1,1636127248332,13.3926434,52.4728247,5.700824,0.61140966,-1.9229116,0.3282175,on bike mount,cyclo cross,True,paving stones,good
9f7be42c-d051-49df-93eb-2b10526cf822,6cf02c86-3c92-4539-8c28-a576fbc0d7b0,6d461ccb-d6f0-4c19-a838-ebed83f469ed,1636127248382,13.3926434,52.4728247,5.700824,-0.58643365,0.10043907,-3.6086235,on bike mount,cyclo cross,True,paving stones,good
9f7be42c-d051-49df-93eb-2b10526cf822,6cf02c86-3c92-4539-8c28-a576fbc0d7b0,4b310dd6-d09d-4503-860e-cc288d334bb4,1636127248432,13.3926434,52.4728247,5.700824,0.5126893,-1.0986122,-0.992815,on bike mount,cyclo cross,True,paving stones,good
9f7be42c-d051-49df-93eb-2b10526cf822,6cf02c86-3c92-4539-8c28-a576fbc0d7b0,f7fcf204-97c3-4d61-9c08-d2ced22f5ad8,1636127248482,13.3926434,52.4728247,5.700824,-0.031476177,-0.44115138,-0.31462002,on bike mount,cyclo cross,True,paving stones,good
9f7be42c-d051-49df-93eb-2b10526cf822,6cf02c86-3c92-4539-8c28-a576fbc0d7b0,b4a78462-4cd6-40a1-a241-8506ac117bdb,1636127248532,13.3925609,52.4728285,5.689806,-1.5925736,-0.8303931,-2.3522024,on bike mount,cyclo cross,True,paving stones,good
9f7be42c-d051-49df-93eb-2b10526cf822,6cf02c86-3c92-4539-8c28-a576fbc0d7b0,70007032-40b0-4710-ba0b-8125cedf0d24,1636127248584,13.3925609,52.4728285,5.689806,-0.4955802,-4.6775947,0.18447685,on bike mount,cyclo cross,True,paving stones,good
9f7be42c-d051-49df-93eb-2b10526cf822,6cf02c86-3c92-4539-8c28-a576fbc0d7b0,2b8fbca9-76cd-4662-81ce-35905925b04d,1636127248634,13.3925609,52.4728285,5.689806,2.8276472,-0.5672476,-1.5020566,on bike mount,cyclo cross,True,paving stones,good
9f7be42c-d051-49df-93eb-2b10526cf822,6cf02c86-3c92-4539-8c28-a576fbc0d7b0,08502b4f-94be-4bd3-82d2-73a9504f8e66,1636127248684,13.3925609,52.4728285,5.689806,0.56467444,-0.58030725,-5.0045424,on bike mount,cyclo cross,True,paving stones,good
9f7be42c-d051-49df-93eb-2b10526cf822,6cf02c86-3c92-4539-8c28-a576fbc0d7b0,75d22adc-3c63-46dc-9565-4cf60d8da9af,1636127248750,13.3925609,52.4728285,5.689806,-1.3076034,-4.942565,-0.7400112,on bike mount,cyclo cross,True,paving stones,good
9f7be42c-d051-49df-93eb-2b10526cf822,6cf02c86-3c92-4539-8c28-a576fbc0d7b0,18c3c998-318b-43ea-ac6e-d1d79355ae97,1636127248801,13.3925609,52.4728285,5.689806,-1.4636356,2.0044727,3.3379927,on bike mount,cyclo cross,True,paving stones,good
9f7be42c-d051-49df-93eb-2b10526cf822,6cf02c86-3c92-4539-8c28-a576fbc0d7b0,e03b471e-a9aa-45d5-9b00-55670327a26e,1636127248851,13.3925609,52.4728285,5.689806,-0.7311237,0.7194259,-0.23548603,on bike mount,cyclo cross,True,paving stones,good
9f7be42c-d051-49df-93eb-2b10526cf822,6cf02c86-3c92-4539-8c28-a576fbc0d7b0,7cb68fb6-89cd-43a2-ae5e-813b936d00ed,1636127248901,13.3925609,52.4728285,5.689806,-0.3217646,-2.3993726,1.9572592,on bike mount,cyclo cross,True,paving stones,good
9f7be42c-d051-49df-93eb-2b10526cf822,6cf02c86-3c92-4539-8c28-a576fbc0d7b0,6833bcc7-9e35-4df7-b63e-fc7121d913a7,1636127248951,13.3925609,52.4728285,5.689806,0.32011318,-2.242177,-0.39484215,on bike mount,cyclo cross,True,paving stones,good
9f7be42c-d051-49df-93eb-2b10526cf822,6cf02c86-3c92-4539-8c28-a576fbc0d7b0,d3dd5841-d53f-43a1-ad25-262522e3fce5,1636127249001,13.3925609,52.4728285,5.689806,-0.1665985,-2.0410895,-0.6736269,on bike mount,cyclo cross,True,paving stones,good
9f7be42c-d051-49df-93eb-2b10526cf822,6cf02c86-3c92-4539-8c28-a576fbc0d7b0,cadbd82f-979d-40ec-a155-040280b9470c,1636127249052,13.3925609,52.4728285,5.689806,-1.2707393,-1.5401193,-2.6271243,on bike mount,cyclo cross,True,paving stones,good
9f7be42c-d051-49df-93eb-2b10526cf822,6cf02c86-3c92-4539-8c28-a576fbc0d7b0,5ea51677-29a5-44ca-85e5-6923b8ba5a68,1636127249103,13.3925609,52.4728285,5.689806,1.5193938,-9.631969,3.8990984,on bike mount,cyclo cross,True,paving stones,good
9f7be42c-d051-49df-93eb-2b10526cf822,6cf02c86-3c92-4539-8c28-a576fbc0d7b0,ebdd9cbb-ccda-4d25-8aae-de45078b111c,1636127249154,13.3925609,52.4728285,5.689806,-0.25238904,1.9293127,-4.4140973,on bike mount,cyclo cross,True,paving stones,good
9f7be42c-d051-49df-93eb-2b10526cf822,6cf02c86-3c92-4539-8c28-a576fbc0d7b0,116c3d97-77eb-4555-a5b5-81de9bf6886c,1636127249218,13.3925609,52.4728285,5.689806,0.10132104,1.5052276,2.1258707,on bike mount,cyclo cross,True,paving stones,good
9f7be42c-d051-49df-93eb-2b10526cf822,6cf02c86-3c92-4539-8c28-a576fbc0d7b0,ccd99cc5-fde2-4548-ad42-396102466256,1636127249268,13.3925609,52.4728285,5.689806,1.0180702,1.927146,1.3903332,on bike mount,cyclo cross,True,paving stones,good
9f7be42c-d051-49df-93eb-2b10526cf822,6cf02c86-3c92-4539-8c28-a576fbc0d7b0,2f9231cf-fdac-47e9-847b-c9c694dc4640,1636127249318,13.3925609,52.4728285,5.689806,0.6272168,0.5928154,3.625023,on bike mount,cyclo cross,True,paving stones,good
9f7be42c-d051-49df-93eb-2b10526cf822,6cf02c86-3c92-4539-8c28-a576fbc0d7b0,18b87bbc-8a87-45fd-a605-2658823f5a41,1636127249370,13.3925609,52.4728285,5.689806,1.448546,-0.065452814,-6.7482214,on bike mount,cyclo cross,True,paving stones,good
9f7be42c-d051-49df-93eb-2b10526cf822,6cf02c86-3c92-4539-8c28-a576fbc0d7b0,a1119e87-65cf-4ed8-bd1c-3dc850f09072,1636127249420,13.3925609,52.4728285,5.689806,0.2588111,3.0614762,0.0077266693,on bike mount,cyclo cross,True,paving stones,good
9f7be42c-d051-49df-93eb-2b10526cf822,6cf02c86-3c92-4539-8c28-a576fbc0d7b0,51e3c579-ea5f-47e0-9102-708851f64d24,1636127249472,13.3925609,52.4728285,5.689806,-0.4968077,1.479145,-0.3165655,on bike mount,cyclo cross,True,paving stones,good
9f7be42c-d051-49df-93eb-2b10526cf822,6cf02c86-3c92-4539-8c28-a576fbc0d7b0,9b3a4ef1-acec-4de6-a712-35bdb825033e,1636127249535,13.3924771,52.4728254,5.6304035,-0.4231267,0.28348613,1.7773542,on bike mount,cyclo cross,True,paving stones,good
9f7be42c-d051-49df-93eb-2b10526cf822,6cf02c86-3c92-4539-8c28-a576fbc0d7b0,a58ff754-61c9-4331-ad51-fe605a9445db,1636127249586,13.3924771,52.4728254,5.6304035,-0.22042608,-1.9035639,-0.37181568,on bike mount,cyclo cross,True,paving stones,good
9f7be42c-d051-49df-93eb-2b10526cf822,6cf02c86-3c92-4539-8c28-a576fbc0d7b0,54287868-8272-4e0d-ad6f-4c5f48999cc5,1636127249635,13.3924771,52.4728254,5.6304035,0.7055541,-0.03209567,1.4040203,on bike mount,cyclo cross,True,paving stones,good
9f7be42c-d051-49df-93eb-2b10526cf822,6cf02c86-3c92-4539-8c28-a576fbc0d7b0,cc3d6594-360a-4eb6-aba2-8b666099e9f3,1636127249686,13.3924771,52.4728254,5.6304035,-0.23821008,1.7621932,-1.167675,on bike mount,cyclo cross,True,paving stones,good
9f7be42c-d051-49df-93eb-2b10526cf822,6cf02c86-3c92-4539-8c28-a576fbc0d7b0,34c4c46a-3235-49fa-9865-b030e787b6ac,1636127249736,13.3924771,52.4728254,5.6304035,-0.75705296,2.0952616,0.55501556,on bike mount,cyclo cross,True,paving stones,good
9f7be42c-d051-49df-93eb-2b10526cf822,6cf02c86-3c92-4539-8c28-a576fbc0d7b0,4c2b9f8e-b303-4cb1-9232-75edadf343f5,1636127249787,13.3924771,52.4728254,5.6304035,1.2925265,-8.8702545,0.8748493,on bike mount,cyclo cross,True,paving stones,good
9f7be42c-d051-49df-93eb-2b10526cf822,6cf02c86-3c92-4539-8c28-a576fbc0d7b0,83a99651-cbba-468e-bd65-f53ccdb0d8e5,1636127249837,13.3924771,52.4728254,5.6304035,1.4844086,1.8448486,-1.6421123,on bike mount,cyclo cross,True,paving stones,good
9f7be42c-d051-49df-93eb-2b10526cf822,6cf02c86-3c92-4539-8c28-a576fbc0d7b0,50138cd0-9bf8-4b84-a298-6cf08d1d1267,1636127249888,13.3924771,52.4728254,5.6304035,0.5360405,0.608917,0.88700676,on bike mount,cyclo cross,True,paving stones,good
9f7be42c-d051-49df-93eb-2b10526cf822,6cf02c86-3c92-4539-8c28-a576fbc0d7b0,acb753d5-c14f-4d53-a062-9db74ac9ad92,1636127249955,13.3924771,52.4728254,5.6304035,-1.6875486,0.82647777,-1.1649594,on bike mount,cyclo cross,True,paving stones,good
9f7be42c-d051-49df-93eb-2b10526cf822,6cf02c86-3c92-4539-8c28-a576fbc0d7b0,d3d73615-769c-4972-aa44-9f5dec72b65f,1636127250006,13.3924771,52.4728254,5.6304035,-0.13504547,5.758615,2.9811296,on bike mount,cyclo cross,True,paving stones,good
9f7be42c-d051-49df-93eb-2b10526cf822,6cf02c86-3c92-4539-8c28-a576fbc0d7b0,01a6d6e1-c056-4311-baa2-968521191044,1636127250072,13.3924771,52.4728254,5.6304035,0.5832714,1.759439,-5.593704,on bike mount,cyclo cross,True,paving stones,good
9f7be42c-d051-49df-93eb-2b10526cf822,6cf02c86-3c92-4539-8c28-a576fbc0d7b0,6c79452a-0f26-454d-b1cb-ca096333f534,1636127250122,13.3924771,52.4728254,5.6304035,1.2199638,1.7950168,-0.16291809,on bike mount,cyclo cross,True,paving stones,good
9f7be42c-d051-49df-93eb-2b10526cf822,6cf02c86-3c92-4539-8c28-a576fbc0d7b0,a2968c53-fd62-475b-9190-2cf2939f705a,1636127250173,13.3924771,52.4728254,5.6304035,0.5933223,0.31889296,2.185031,on bike mount,cyclo cross,True,paving stones,good
9f7be42c-d051-49df-93eb-2b10526cf822,6cf02c86-3c92-4539-8c28-a576fbc0d7b0,5168146a-5c35-4b0b-b192-6153cdab631c,1636127250238,13.3924771,52.4728254,5.6304035,-0.95037556,-3.5599408,1.8927269,on bike mount,cyclo cross,True,paving stones,good
9f7be42c-d051-49df-93eb-2b10526cf822,6cf02c86-3c92-4539-8c28-a576fbc0d7b0,1baab9f2-d64c-4b87-9743-6168b16435d9,1636127250289,13.3924771,52.4728254,5.6304035,0.7486457,-3.71726,2.897747,on bike mount,cyclo cross,True,paving stones,good
9f7be42c-d051-49df-93eb-2b10526cf822,6cf02c86-3c92-4539-8c28-a576fbc0d7b0,14490a02-b328-4388-978f-2ae0e910a6ce,1636127250340,13.3924771,52.4728254,5.6304035,0.8654702,1.3343635,-0.09436989,on bike mount,cyclo cross,True,paving stones,good
9f7be42c-d051-49df-93eb-2b10526cf822,6cf02c86-3c92-4539-8c28-a576fbc0d7b0,769d05d7-eeb0-42f8-a5fc-5479e5616b44,1636127250389,13.3924771,52.4728254,5.6304035,-2.3906763,1.5836887,3.1348982,on bike mount,cyclo cross,True,paving stones,good
9f7be42c-d051-49df-93eb-2b10526cf822,6cf02c86-3c92-4539-8c28-a576fbc0d7b0,fab5f755-aaa0-4f8f-82c8-72195210a6a1,1636127250440,13.3924771,52.4728254,5.6304035,-0.75914174,2.1277814,2.1552382,on bike mount,cyclo cross,True,paving stones,good
9f7be42c-d051-49df-93eb-2b10526cf822,6cf02c86-3c92-4539-8c28-a576fbc0d7b0,7327baa7-e908-42f1-8c09-c0891982705c,1636127250501,13.3924771,52.4728254,5.6304035,0.25317127,-1.401422,1.6669979,on bike mount,cyclo cross,True,paving stones,good
9f7be42c-d051-49df-93eb-2b10526cf822,6cf02c86-3c92-4539-8c28-a576fbc0d7b0,953420be-9c5a-4832-b376-7f28231c10ce,1636127250555,13.3923944,52.4728263,5.6299753,-0.19037423,3.8491907,-4.2924104,on bike mount,cyclo cross,True,paving stones,good
9f7be42c-d051-49df-93eb-2b10526cf822,6cf02c86-3c92-4539-8c28-a576fbc0d7b0,21070abf-ca9f-4cea-b7b4-c204acdc6eb6,1636127250606,13.3923944,52.4728263,5.6299753,0.9940078,-0.38051105,-2.5652218,on bike mount,cyclo cross,True,paving stones,good
9f7be42c-d051-49df-93eb-2b10526cf822,6cf02c86-3c92-4539-8c28-a576fbc0d7b0,3281c764-46d4-4063-a314-6f625a91582c,1636127250657,13.3923944,52.4728263,5.6299753,0.8201591,0.6069262,-1.4897437,on bike mount,cyclo cross,True,paving stones,good
9f7be42c-d051-49df-93eb-2b10526cf822,6cf02c86-3c92-4539-8c28-a576fbc0d7b0,378d8b8b-6ee2-471a-a7f6-1b2c5bda17d3,1636127250707,13.3923944,52.4728263,5.6299753,-0.77867866,-0.80608535,2.2348585,on bike mount,cyclo cross,True,paving stones,good
9f7be42c-d051-49df-93eb-2b10526cf822,6cf02c86-3c92-4539-8c28-a576fbc0d7b0,06264d45-6250-440b-95ed-e61d6d17fb21,1636127250757,13.3923944,52.4728263,5.6299753,-0.19816154,-1.7738001,-0.6021786,on bike mount,cyclo cross,True,paving stones,good
9f7be42c-d051-49df-93eb-2b10526cf822,6cf02c86-3c92-4539-8c28-a576fbc0d7b0,5e1782a9-2d2d-49ae-9367-10dc7e543da8,1636127250808,13.3923944,52.4728263,5.6299753,0.12990206,-1.9429076,-2.3465834,on bike mount,cyclo cross,True,paving stones,good
9f7be42c-d051-49df-93eb-2b10526cf822,6cf02c86-3c92-4539-8c28-a576fbc0d7b0,bffa4ab8-7c67-48a9-b983-3670cee47d40,1636127250873,13.3923944,52.4728263,5.6299753,-0.7611338,1.3956795,1.5025215,on bike mount,cyclo cross,True,paving stones,good
9f7be42c-d051-49df-93eb-2b10526cf822,6cf02c86-3c92-4539-8c28-a576fbc0d7b0,6098e7b0-f95a-41d1-9595-ab8388534dd5,1636127250923,13.3923944,52.4728263,5.6299753,-1.6508315,0.8404808,-0.35720634,on bike mount,cyclo cross,True,paving stones,good
9f7be42c-d051-49df-93eb-2b10526cf822,6cf02c86-3c92-4539-8c28-a576fbc0d7b0,059547ee-3813-47d7-8c91-c1d63094fc8c,1636127250975,13.3923944,52.4728263,5.6299753,-0.090601265,0.32563686,0.35736275,on bike mount,cyclo cross,True,paving stones,good
9f7be42c-d051-49df-93eb-2b10526cf822,6cf02c86-3c92-4539-8c28-a576fbc0d7b0,1659259a-a560-4698-bad5-78c3a22a93bf,1636127251040,13.3923944,52.4728263,5.6299753,-0.44154567,-3.8756826,-2.6190028,on bike mount,cyclo cross,True,paving stones,good
9f7be42c-d051-49df-93eb-2b10526cf822,6cf02c86-3c92-4539-8c28-a576fbc0d7b0,48f4469f-5363-4e9a-a046-d01ccb10bfb4,1636127251090,13.3923944,52.4728263,5.6299753,-0.61343265,-1.9439309,-1.6870198,on bike mount,cyclo cross,True,paving stones,good
9f7be42c-d051-49df-93eb-2b10526cf822,6cf02c86-3c92-4539-8c28-a576fbc0d7b0,5cfc0fdf-1390-4b12-8cb0-2b6249961523,1636127251142,13.3923944,52.4728263,5.6299753,-0.30411234,-1.1322219,-1.4210544,on bike mount,cyclo cross,True,paving stones,good
9f7be42c-d051-49df-93eb-2b10526cf822,6cf02c86-3c92-4539-8c28-a576fbc0d7b0,1b8fe6f2-9196-4691-b919-e2384be04a7f,1636127251192,13.3923944,52.4728263,5.6299753,0.3596841,0.10284066,-1.5439897,on bike mount,cyclo cross,True,paving stones,good
9f7be42c-d051-49df-93eb-2b10526cf822,6cf02c86-3c92-4539-8c28-a576fbc0d7b0,ea9a6718-f2cf-41dc-9d5e-5b15513ff823,1636127251242,13.3923944,52.4728263,5.6299753,0.3847589,-2.405807,-1.725543,on bike mount,cyclo cross,True,paving stones,good
9f7be42c-d051-49df-93eb-2b10526cf822,6cf02c86-3c92-4539-8c28-a576fbc0d7b0,ac05f24e-e749-4cac-a1fe-853af67b0c45,1636127251292,13.3923944,52.4728263,5.6299753,-0.881846,-1.337773,2.6270323,on bike mount,cyclo cross,True,paving stones,good
9f7be42c-d051-49df-93eb-2b10526cf822,6cf02c86-3c92-4539-8c28-a576fbc0d7b0,4931c411-b123-41f8-be57-24c96e0be080,1636127251342,13.3923944,52.4728263,5.6299753,-0.83477515,-0.023981333,1.6539631,on bike mount,cyclo cross,True,paving stones,good
9f7be42c-d051-49df-93eb-2b10526cf822,6cf02c86-3c92-4539-8c28-a576fbc0d7b0,281d543a-a610-4bfd-9406-be59036080f5,1636127251392,13.3923944,52.4728263,5.6299753,0.35325485,-1.0699811,-0.047002792,on bike mount,cyclo cross,True,paving stones,good
9f7be42c-d051-49df-93eb-2b10526cf822,6cf02c86-3c92-4539-8c28-a576fbc0d7b0,e2f8fc01-4dbf-47c1-84f2-664738f10356,1636127251442,13.3923944,52.4728263,5.6299753,-0.41906965,-1.3865671,-2.9444437,on bike mount,cyclo cross,True,paving stones,good
9f7be42c-d051-49df-93eb-2b10526cf822,6cf02c86-3c92-4539-8c28-a576fbc0d7b0,b1e9346d-374a-4bde-b8e1-15996fd1305b,1636127251494,13.3923121,52.4728288,5.271251,0.07226443,0.4382174,1.4772863,on bike mount,cyclo cross,True,paving stones,good
9f7be42c-d051-49df-93eb-2b10526cf822,6cf02c86-3c92-4539-8c28-a576fbc0d7b0,e22405f8-35dd-49f1-826b-113e1b8ab9e7,1636127251559,13.3923121,52.4728288,5.271251,1.0786889,-0.2637956,-4.300898,on bike mount,cyclo cross,True,paving stones,good
9f7be42c-d051-49df-93eb-2b10526cf822,6cf02c86-3c92-4539-8c28-a576fbc0d7b0,789afe13-5e2d-4fd3-94e5-a903b62edf3d,1636127251611,13.3923121,52.4728288,5.271251,0.20088664,1.0779891,-0.965786,on bike mount,cyclo cross,True,paving stones,good
9f7be42c-d051-49df-93eb-2b10526cf822,6cf02c86-3c92-4539-8c28-a576fbc0d7b0,ecb904f6-d569-4a3c-aa16-da29e7765cbe,1636127251675,13.3923121,52.4728288,5.271251,0.72177184,1.2584844,2.8342123,on bike mount,cyclo cross,True,paving stones,good
9f7be42c-d051-49df-93eb-2b10526cf822,6cf02c86-3c92-4539-8c28-a576fbc0d7b0,9a8104e4-6aeb-4576-9fb5-b5ba18bb1be2,1636127251725,13.3923121,52.4728288,5.271251,-0.4328342,0.24315333,-0.9142542,on bike mount,cyclo cross,True,paving stones,good
9f7be42c-d051-49df-93eb-2b10526cf822,6cf02c86-3c92-4539-8c28-a576fbc0d7b0,2c13f773-8ec7-40f2-8892-ed0cd4a655ac,1636127251777,13.3923121,52.4728288,5.271251,-0.1679692,3.2680337,0.14701462,on bike mount,cyclo cross,True,paving stones,good
9f7be42c-d051-49df-93eb-2b10526cf822,6cf02c86-3c92-4539-8c28-a576fbc0d7b0,ecd04ccd-bcea-4747-86c5-de5f604d7c79,1636127251843,13.3923121,52.4728288,5.271251,-0.53270537,-2.5224707,-0.29836845,on bike mount,cyclo cross,True,paving stones,good
9f7be42c-d051-49df-93eb-2b10526cf822,6cf02c86-3c92-4539-8c28-a576fbc0d7b0,0392d37c-d9d0-4b18-84db-29d89f04d0ac,1636127251894,13.3923121,52.4728288,5.271251,0.46348506,-2.7509747,0.8056936,on bike mount,cyclo cross,True,paving stones,good
9f7be42c-d051-49df-93eb-2b10526cf822,6cf02c86-3c92-4539-8c28-a576fbc0d7b0,bba6c984-ce3e-4188-b0b2-3b666c18ebed,1636127251944,13.3923121,52.4728288,5.271251,1.0724006,1.4841357,1.6677227,on bike mount,cyclo cross,True,paving stones,good
9f7be42c-d051-49df-93eb-2b10526cf822,6cf02c86-3c92-4539-8c28-a576fbc0d7b0,60f4409b-6ed2-48cd-b938-f72f8f31fe69,1636127251994,13.3923121,52.4728288,5.271251,-0.5584787,0.20425034,2.4165087,on bike mount,cyclo cross,True,paving stones,good
9f7be42c-d051-49df-93eb-2b10526cf822,6cf02c86-3c92-4539-8c28-a576fbc0d7b0,b83760bf-2cc2-4059-b3a2-7ead13e14849,1636127252045,13.3923121,52.4728288,5.271251,1.5287646,-2.6758344,-1.8931017,on bike mount,cyclo cross,True,paving stones,good
9f7be42c-d051-49df-93eb-2b10526cf822,6cf02c86-3c92-4539-8c28-a576fbc0d7b0,4cb2d9f6-54f6-4e0d-b45c-cbedac95ddbe,1636127252095,13.3923121,52.4728288,5.271251,-1.1465992,-2.4260983,-0.99408436,on bike mount,cyclo cross,True,paving stones,good
9f7be42c-d051-49df-93eb-2b10526cf822,6cf02c86-3c92-4539-8c28-a576fbc0d7b0,693d0250-7b46-49be-a0ff-cf3a4f16c24b,1636127252145,13.3923121,52.4728288,5.271251,0.12811235,-0.0025978088,1.5637169,on bike mount,cyclo cross,True,paving stones,good
9f7be42c-d051-49df-93eb-2b10526cf822,6cf02c86-3c92-4539-8c28-a576fbc0d7b0,4e1abeaf-3ff2-44d2-b35d-d4af6b1e0189,1636127252195,13.3923121,52.4728288,5.271251,0.7960999,1.1431994,-1.5504823,on bike mount,cyclo cross,True,paving stones,good
9f7be42c-d051-49df-93eb-2b10526cf822,6cf02c86-3c92-4539-8c28-a576fbc0d7b0,e2c146ab-1f6a-4061-a878-65b5719b5b9b,1636127252262,13.3923121,52.4728288,5.271251,-0.92151904,-1.1131622,-0.23330879,on bike mount,cyclo cross,True,paving stones,good
9f7be42c-d051-49df-93eb-2b10526cf822,6cf02c86-3c92-4539-8c28-a576fbc0d7b0,3ab6428e-5db7-4b8f-b1e4-f237bfaadac9,1636127252312,13.3923121,52.4728288,5.271251,0.47068524,-1.224774,-5.9901304,on bike mount,cyclo cross,True,paving stones,good
9f7be42c-d051-49df-93eb-2b10526cf822,6cf02c86-3c92-4539-8c28-a576fbc0d7b0,402ec0c7-bd97-48ab-aef4-caf221577bd4,1636127252379,13.3923121,52.4728288,5.271251,1.2766006,-1.3793367,1.7357798,on bike mount,cyclo cross,True,paving stones,good
9f7be42c-d051-49df-93eb-2b10526cf822,6cf02c86-3c92-4539-8c28-a576fbc0d7b0,037605e1-9cdf-403f-8374-89315a6c62bb,1636127252429,13.3923121,52.4728288,5.271251,0.7481473,-0.0714879,-0.33314037,on bike mount,cyclo cross,True,paving stones,good
9f7be42c-d051-49df-93eb-2b10526cf822,6cf02c86-3c92-4539-8c28-a576fbc0d7b0,e3de3959-5e01-4f8b-b98a-a00531c52927,1636127252480,13.3923121,52.4728288,5.271251,1.4655622,0.112891436,2.5948,on bike mount,cyclo cross,True,paving stones,good
9f7be42c-d051-49df-93eb-2b10526cf822,6cf02c86-3c92-4539-8c28-a576fbc0d7b0,c6187670-14a1-4b01-8638-5eb8bc89e3b5,1636127252544,13.3922344,52.4728258,5.2701564,0.0026200414,-3.189455,-2.644322,on bike mount,cyclo cross,True,paving stones,good
9f7be42c-d051-49df-93eb-2b10526cf822,6cf02c86-3c92-4539-8c28-a576fbc0d7b0,ecfdc875-33bc-4301-acf2-5fbd595c342e,1636127252595,13.3922344,52.4728258,5.2701564,0.65008986,-2.0827472,3.423727,on bike mount,cyclo cross,True,paving stones,good
9f7be42c-d051-49df-93eb-2b10526cf822,6cf02c86-3c92-4539-8c28-a576fbc0d7b0,8209e867-65f4-4cab-890a-8600f2041492,1636127252645,13.3922344,52.4728258,5.2701564,-0.2911259,1.7523475,1.9434643,on bike mount,cyclo cross,True,paving stones,good
9f7be42c-d051-49df-93eb-2b10526cf822,6cf02c86-3c92-4539-8c28-a576fbc0d7b0,be74bbcb-34b3-4fb5-9ee7-de2d2c1bf291,1636127252696,13.3922344,52.4728258,5.2701564,-0.9888685,1.6994476,0.25041485,on bike mount,cyclo cross,True,paving stones,good
9f7be42c-d051-49df-93eb-2b10526cf822,6cf02c86-3c92-4539-8c28-a576fbc0d7b0,5923bd72-bb60-43e2-a3b6-63f87f249774,1636127252746,13.3922344,52.4728258,5.2701564,-0.98395514,1.6809044,3.1109133,on bike mount,cyclo cross,True,paving stones,good
9f7be42c-d051-49df-93eb-2b10526cf822,6cf02c86-3c92-4539-8c28-a576fbc0d7b0,ec4e149a-52b0-40b1-8d77-d609245d0f38,1636127252796,13.3922344,52.4728258,5.2701564,-0.2936958,0.98738194,-2.217918,on bike mount,cyclo cross,True,paving stones,good
9f7be42c-d051-49df-93eb-2b10526cf822,6cf02c86-3c92-4539-8c28-a576fbc0d7b0,6935a105-7a7e-436b-aefa-f4aa9340856e,1636127252847,13.3922344,52.4728258,5.2701564,-2.939342,-1.7820364,1.2110233,on bike mount,cyclo cross,True,paving stones,good
9f7be42c-d051-49df-93eb-2b10526cf822,6cf02c86-3c92-4539-8c28-a576fbc0d7b0,138c6bdb-3201-43f2-88b7-55617520e0fb,1636127252896,13.3922344,52.4728258,5.2701564,-3.0759606,0.3367772,-0.17974567,on bike mount,cyclo cross,True,paving stones,good
9f7be42c-d051-49df-93eb-2b10526cf822,6cf02c86-3c92-4539-8c28-a576fbc0d7b0,be78c6c9-edf0-46ac-a081-a75cd969dcf2,1636127252946,13.3922344,52.4728258,5.2701564,-2.3067472,2.6505375,-0.2560215,on bike mount,cyclo cross,True,paving stones,good
9f7be42c-d051-49df-93eb-2b10526cf822,6cf02c86-3c92-4539-8c28-a576fbc0d7b0,2565bd13-08b2-4ea9-86bd-f9f15bb23f24,1636127252996,13.3922344,52.4728258,5.2701564,-1.9952298,2.6102214,-3.8021674,on bike mount,cyclo cross,True,paving stones,good
9f7be42c-d051-49df-93eb-2b10526cf822,6cf02c86-3c92-4539-8c28-a576fbc0d7b0,1d220401-fff4-4b40-9287-5647b997f510,1636127253047,13.3922344,52.4728258,5.2701564,-0.7185098,1.1676917,1.1055593,on bike mount,cyclo cross,True,paving stones,good
9f7be42c-d051-49df-93eb-2b10526cf822,6cf02c86-3c92-4539-8c28-a576fbc0d7b0,719e8062-919d-4e9a-9b84-58d005f68489,1636127253098,13.3922344,52.4728258,5.2701564,-0.27013332,-0.537158,-2.222692,on bike mount,cyclo cross,True,paving stones,good
9f7be42c-d051-49df-93eb-2b10526cf822,6cf02c86-3c92-4539-8c28-a576fbc0d7b0,e5b7af94-23e8-44ab-9284-9f81ac57e6c9,1636127253149,13.3922344,52.4728258,5.2701564,0.54832315,-0.9801167,-5.51643,on bike mount,cyclo cross,True,paving stones,good
9f7be42c-d051-49df-93eb-2b10526cf822,6cf02c86-3c92-4539-8c28-a576fbc0d7b0,94673efc-cb18-406e-b662-e39030526258,1636127253215,13.3922344,52.4728258,5.2701564,-1.4429792,3.2879624,-1.8634572,on bike mount,cyclo cross,True,paving stones,good
9f7be42c-d051-49df-93eb-2b10526cf822,6cf02c86-3c92-4539-8c28-a576fbc0d7b0,b7d06163-73ee-4ee1-b8b8-21a58e8837e6,1636127253265,13.3922344,52.4728258,5.2701564,-0.8220936,0.64600515,0.2884388,on bike mount,cyclo cross,True,paving stones,good
9f7be42c-d051-49df-93eb-2b10526cf822,6cf02c86-3c92-4539-8c28-a576fbc0d7b0,05a79310-5ad6-4023-9eea-5d8a11416968,1636127253316,13.3922344,52.4728258,5.2701564,0.28476048,-2.4195344,-0.033590317,on bike mount,cyclo cross,True,paving stones,good
9f7be42c-d051-49df-93eb-2b10526cf822,6cf02c86-3c92-4539-8c28-a576fbc0d7b0,dc0f14c8-7aef-4cd4-bb57-81c0670f3bee,1636127253366,13.3922344,52.4728258,5.2701564,1.094204,4.8511553,1.1266975,on bike mount,cyclo cross,True,paving stones,good
9f7be42c-d051-49df-93eb-2b10526cf822,6cf02c86-3c92-4539-8c28-a576fbc0d7b0,e226c034-765f-491e-8b5a-ebfe64872d73,1636127253431,13.3922344,52.4728258,5.2701564,0.071839,-1.77403,1.4824,on bike mount,cyclo cross,True,paving stones,good
9f7be42c-d051-49df-93eb-2b10526cf822,6cf02c86-3c92-4539-8c28-a576fbc0d7b0,df72a63e-02e7-4414-8416-72699b8ae1cd,1636127253482,13.3922344,52.4728258,5.2701564,-0.7071381,-1.2843503,0.99339676,on bike mount,cyclo cross,True,paving stones,good
9f7be42c-d051-49df-93eb-2b10526cf822,6cf02c86-3c92-4539-8c28-a576fbc0d7b0,5d6f050b-3c55-4862-a50a-955ab03cafd4,1636127253532,13.3921561,52.472824,5.52657,0.332225,-0.27980614,0.79013634,on bike mount,cyclo cross,True,paving stones,good
9f7be42c-d051-49df-93eb-2b10526cf822,6cf02c86-3c92-4539-8c28-a576fbc0d7b0,b395fab3-e25a-4e2b-8c02-f5de56c44897,1636127253583,13.3921561,52.472824,5.52657,1.58373,-1.8439981,1.240983,on bike mount,cyclo cross,True,paving stones,good
9f7be42c-d051-49df-93eb-2b10526cf822,6cf02c86-3c92-4539-8c28-a576fbc0d7b0,c69c9a38-de67-43b8-9b42-c34ebb8e7a81,1636127253634,13.3921561,52.472824,5.52657,1.5664846,-1.3806009,3.0418167,on bike mount,cyclo cross,True,paving stones,good
9f7be42c-d051-49df-93eb-2b10526cf822,6cf02c86-3c92-4539-8c28-a576fbc0d7b0,dcd4488b-fc9e-4b92-810b-d4aa286f83dc,1636127253683,13.3921561,52.472824,5.52657,0.67275584,-1.350017,1.3314667,on bike mount,cyclo cross,True,paving stones,good
9f7be42c-d051-49df-93eb-2b10526cf822,6cf02c86-3c92-4539-8c28-a576fbc0d7b0,14235790-0971-4825-af44-c10521c72819,1636127253733,13.3921561,52.472824,5.52657,0.40735853,0.5621369,3.9857693,on bike mount,cyclo cross,True,paving stones,good
9f7be42c-d051-49df-93eb-2b10526cf822,6cf02c86-3c92-4539-8c28-a576fbc0d7b0,6d30e7f9-35b2-453d-9397-f9cade24fc66,1636127253799,13.3921561,52.472824,5.52657,-0.46320498,1.8624976,-2.8890858,on bike mount,cyclo cross,True,paving stones,good
9f7be42c-d051-49df-93eb-2b10526cf822,6cf02c86-3c92-4539-8c28-a576fbc0d7b0,f2fdc126-88d7-4471-b6c8-374768821db0,1636127253849,13.3921561,52.472824,5.52657,-0.40317777,3.463265,-5.390454,on bike mount,cyclo cross,True,paving stones,good
9f7be42c-d051-49df-93eb-2b10526cf822,6cf02c86-3c92-4539-8c28-a576fbc0d7b0,c8b47529-8f91-440d-96c6-73e94e0d2254,1636127253899,13.3921561,52.472824,5.52657,0.07127878,-0.81781447,-2.5112052,on bike mount,cyclo cross,True,paving stones,good
9f7be42c-d051-49df-93eb-2b10526cf822,6cf02c86-3c92-4539-8c28-a576fbc0d7b0,0d9c5d70-acea-4e6e-85c9-64248dce8048,1636127253949,13.3921561,52.472824,5.52657,1.535907,-0.3271004,-3.8631344,on bike mount,cyclo cross,True,paving stones,good
9f7be42c-d051-49df-93eb-2b10526cf822,6cf02c86-3c92-4539-8c28-a576fbc0d7b0,4bd1c6d2-07bb-4293-8dc6-33068e561152,1636127254001,13.3921561,52.472824,5.52657,-0.1734331,-0.17325878,-2.5903916,on bike mount,cyclo cross,True,paving stones,good
9f7be42c-d051-49df-93eb-2b10526cf822,6cf02c86-3c92-4539-8c28-a576fbc0d7b0,305a5a12-ef46-4dbe-af30-41e7c55dcf91,1636127254051,13.3921561,52.472824,5.52657,-0.21331197,-3.223348,1.6744652,on bike mount,cyclo cross,True,paving stones,good
9f7be42c-d051-49df-93eb-2b10526cf822,6cf02c86-3c92-4539-8c28-a576fbc0d7b0,93c1febe-9c7e-49b3-a97d-0660e27ffe4a,1636127254116,13.3921561,52.472824,5.52657,0.5934521,2.7305975,0.51676655,on bike mount,cyclo cross,True,paving stones,good
9f7be42c-d051-49df-93eb-2b10526cf822,6cf02c86-3c92-4539-8c28-a576fbc0d7b0,c0c947ab-7b0e-4e87-a87c-c56b9dd8f7e5,1636127254167,13.3921561,52.472824,5.52657,1.1226838,3.1716805,0.019807816,on bike mount,cyclo cross,True,paving stones,good
9f7be42c-d051-49df-93eb-2b10526cf822,6cf02c86-3c92-4539-8c28-a576fbc0d7b0,a8c65aa6-ce4d-47fd-bcf5-981eec31745a,1636127254217,13.3921561,52.472824,5.52657,0.44399405,1.5321825,-0.11356926,on bike mount,cyclo cross,True,paving stones,good
9f7be42c-d051-49df-93eb-2b10526cf822,6cf02c86-3c92-4539-8c28-a576fbc0d7b0,0df4d868-e73f-45be-b458-efe07a39a8fd,1636127254268,13.3921561,52.472824,5.52657,0.8288782,1.233588,2.0116758,on bike mount,cyclo cross,True,paving stones,good
9f7be42c-d051-49df-93eb-2b10526cf822,6cf02c86-3c92-4539-8c28-a576fbc0d7b0,fb2a37fe-f384-4b26-801a-313f5d8f20ba,1636127254335,13.3921561,52.472824,5.52657,-0.8884389,0.90377426,-3.6780272,on bike mount,cyclo cross,True,paving stones,good
9f7be42c-d051-49df-93eb-2b10526cf822,6cf02c86-3c92-4539-8c28-a576fbc0d7b0,8a2f3681-d2f9-42a0-966f-071a070981da,1636127254385,13.3921561,52.472824,5.52657,-0.7875664,-1.5233791,1.7839289,on bike mount,cyclo cross,True,paving stones,good
9f7be42c-d051-49df-93eb-2b10526cf822,6cf02c86-3c92-4539-8c28-a576fbc0d7b0,eced6c65-cf12-4a2e-b0c6-c03b2cd8d87d,1636127254435,13.3921561,52.472824,5.52657,-0.6337617,-0.7187319,1.8758545,on bike mount,cyclo cross,True,paving stones,good
9f7be42c-d051-49df-93eb-2b10526cf822,6cf02c86-3c92-4539-8c28-a576fbc0d7b0,f1f723ef-1391-4f41-a1ae-0e5874ef7993,1636127254486,13.3921561,52.472824,5.52657,-0.39607403,4.498213,1.2909918,on bike mount,cyclo cross,True,paving stones,good
9f7be42c-d051-49df-93eb-2b10526cf822,6cf02c86-3c92-4539-8c28-a576fbc0d7b0,89948a80-10a0-4d3f-8f74-a4eeade6c193,1636127254535,13.3920745,52.4728245,5.4233274,-0.2927056,-5.323913,-0.80455303,on bike mount,cyclo cross,True,paving stones,good
9f7be42c-d051-49df-93eb-2b10526cf822,6cf02c86-3c92-4539-8c28-a576fbc0d7b0,7f1e7dd7-22bc-4100-bfec-53b6910832b9,1636127254585,13.3920745,52.4728245,5.4233274,-0.69495666,3.6656566,-1.899786,on bike mount,cyclo cross,True,paving stones,good
9f7be42c-d051-49df-93eb-2b10526cf822,6cf02c86-3c92-4539-8c28-a576fbc0d7b0,bf7c581c-eb49-47bc-a051-bd27e67593b0,1636127254636,13.3920745,52.4728245,5.4233274,-0.19938482,6.2923694,-4.057632,on bike mount,cyclo cross,True,paving stones,good
9f7be42c-d051-49df-93eb-2b10526cf822,6cf02c86-3c92-4539-8c28-a576fbc0d7b0,bda2692f-860a-4ccd-bfc5-b6c56b09ebf6,1636127254686,13.3920745,52.4728245,5.4233274,-0.5658511,3.0969167,1.4103346,on bike mount,cyclo cross,True,paving stones,good
9f7be42c-d051-49df-93eb-2b10526cf822,6cf02c86-3c92-4539-8c28-a576fbc0d7b0,4bd24540-ab4d-4bce-a1d7-6500a6dce103,1636127254737,13.3920745,52.4728245,5.4233274,0.85548246,0.43013144,0.5230646,on bike mount,cyclo cross,True,paving stones,good
9f7be42c-d051-49df-93eb-2b10526cf822,6cf02c86-3c92-4539-8c28-a576fbc0d7b0,6ea869b7-ed18-4320-b7a4-77b88af61cae,1636127254803,13.3920745,52.4728245,5.4233274,-0.10660872,-0.71470714,-0.971838,on bike mount,cyclo cross,True,paving stones,good
9f7be42c-d051-49df-93eb-2b10526cf822,6cf02c86-3c92-4539-8c28-a576fbc0d7b0,e4121f08-d0a5-4972-afa9-7383d574a9fd,1636127254852,13.3920745,52.4728245,5.4233274,0.12334862,1.5689473,3.5072937,on bike mount,cyclo cross,True,paving stones,good
9f7be42c-d051-49df-93eb-2b10526cf822,6cf02c86-3c92-4539-8c28-a576fbc0d7b0,52b80261-d5b7-47c0-a4ad-9a0f45d4b99f,1636127254903,13.3920745,52.4728245,5.4233274,0.16018102,-2.5817962,-0.65468884,on bike mount,cyclo cross,True,paving stones,good
9f7be42c-d051-49df-93eb-2b10526cf822,6cf02c86-3c92-4539-8c28-a576fbc0d7b0,ca9f884b-220c-4f63-be05-bced184b3923,1636127254953,13.3920745,52.4728245,5.4233274,1.0103321,-1.8831654,1.7138023,on bike mount,cyclo cross,True,paving stones,good
9f7be42c-d051-49df-93eb-2b10526cf822,6cf02c86-3c92-4539-8c28-a576fbc0d7b0,d19c2b5b-0c06-4180-a4f5-0fd15ff7efbe,1636127255004,13.3920745,52.4728245,5.4233274,0.027193308,-3.5341704,1.0203657,on bike mount,cyclo cross,True,paving stones,good
9f7be42c-d051-49df-93eb-2b10526cf822,6cf02c86-3c92-4539-8c28-a576fbc0d7b0,022e0cc2-85db-4a09-8ff4-03fb61ca973b,1636127255055,13.3920745,52.4728245,5.4233274,0.9979334,-4.3881536,-0.9342518,on bike mount,cyclo cross,True,paving stones,good
9f7be42c-d051-49df-93eb-2b10526cf822,6cf02c86-3c92-4539-8c28-a576fbc0d7b0,db9006ab-3533-48e9-8c4b-4449f629069b,1636127255120,13.3920745,52.4728245,5.4233274,-0.54822385,0.9925525,1.7617235,on bike mount,cyclo cross,True,paving stones,good
9f7be42c-d051-49df-93eb-2b10526cf822,6cf02c86-3c92-4539-8c28-a576fbc0d7b0,75bf766c-6881-49c1-833a-52c9ba7c3b26,1636127255171,13.3920745,52.4728245,5.4233274,-0.66046005,-1.1914653,-4.2803535,on bike mount,cyclo cross,True,paving stones,good
9f7be42c-d051-49df-93eb-2b10526cf822,6cf02c86-3c92-4539-8c28-a576fbc0d7b0,5a4df238-1df9-4cbe-be1d-4679f8fb3919,1636127255220,13.3920745,52.4728245,5.4233274,0.8279549,-1.570198,-0.39493752,on bike mount,cyclo cross,True,paving stones,good
9f7be42c-d051-49df-93eb-2b10526cf822,6cf02c86-3c92-4539-8c28-a576fbc0d7b0,f85befcc-457f-401e-91b5-6b90c0a3e3d0,1636127255271,13.3920745,52.4728245,5.4233274,-0.69468135,0.3257866,-1.1641135,on bike mount,cyclo cross,True,paving stones,good
9f7be42c-d051-49df-93eb-2b10526cf822,6cf02c86-3c92-4539-8c28-a576fbc0d7b0,44819e5e-5ed9-4a79-99ed-5a406e566376,1636127255322,13.3920745,52.4728245,5.4233274,-0.79620004,1.1921692,0.20806599,on bike mount,cyclo cross,True,paving stones,good
9f7be42c-d051-49df-93eb-2b10526cf822,6cf02c86-3c92-4539-8c28-a576fbc0d7b0,ca41465f-6bfd-41f4-a08c-a08b7c9fdd9a,1636127255372,13.3920745,52.4728245,5.4233274,0.6613245,-3.0198436,-1.1762319,on bike mount,cyclo cross,True,paving stones,good
9f7be42c-d051-49df-93eb-2b10526cf822,6cf02c86-3c92-4539-8c28-a576fbc0d7b0,1740f940-5590-44b6-8353-5cafa87b68c4,1636127255438,13.3920745,52.4728245,5.4233274,-0.20656814,4.4630914,-1.629684,on bike mount,cyclo cross,True,paving stones,good
9f7be42c-d051-49df-93eb-2b10526cf822,6cf02c86-3c92-4539-8c28-a576fbc0d7b0,bdc20456-70b7-4364-80fc-bbed4cdd5e60,1636127255489,13.3920745,52.4728245,5.4233274,-0.92150086,3.604895,2.6147451,on bike mount,cyclo cross,True,paving stones,good
9f7be42c-d051-49df-93eb-2b10526cf822,6cf02c86-3c92-4539-8c28-a576fbc0d7b0,54f599f1-6084-47a1-9f46-8ae61ee5e782,1636127255540,13.391994,52.4728245,5.4101276,-0.27403536,2.00918,-0.47288895,on bike mount,cyclo cross,True,paving stones,good
9f7be42c-d051-49df-93eb-2b10526cf822,6cf02c86-3c92-4539-8c28-a576fbc0d7b0,8f22665a-f2c7-4062-9a0c-6aa138c7f048,1636127255605,13.391994,52.4728245,5.4101276,1.1499231,-0.6312158,-0.7655487,on bike mount,cyclo cross,True,paving stones,good
9f7be42c-d051-49df-93eb-2b10526cf822,6cf02c86-3c92-4539-8c28-a576fbc0d7b0,aa81f9ad-470d-44c9-812e-689f8fd3608c,1636127255655,13.391994,52.4728245,5.4101276,-0.6276225,3.123773,-2.8456469,on bike mount,cyclo cross,True,paving stones,good
9f7be42c-d051-49df-93eb-2b10526cf822,6cf02c86-3c92-4539-8c28-a576fbc0d7b0,01ba74e2-9ad3-4b52-80eb-0b07a2e32159,1636127255705,13.391994,52.4728245,5.4101276,-0.24189349,-4.640198,-0.6402559,on bike mount,cyclo cross,True,paving stones,good
9f7be42c-d051-49df-93eb-2b10526cf822,6cf02c86-3c92-4539-8c28-a576fbc0d7b0,6f093d06-a605-4393-96c3-e32d23ef4ec7,1636127255755,13.391994,52.4728245,5.4101276,-0.43311158,0.97626805,0.67127323,on bike mount,cyclo cross,True,paving stones,good
9f7be42c-d051-49df-93eb-2b10526cf822,6cf02c86-3c92-4539-8c28-a576fbc0d7b0,51f9e10b-61fb-4320-8b17-344fa6e2777b,1636127255806,13.391994,52.4728245,5.4101276,0.7243823,2.387974,0.94706535,on bike mount,cyclo cross,True,paving stones,good
9f7be42c-d051-49df-93eb-2b10526cf822,6cf02c86-3c92-4539-8c28-a576fbc0d7b0,5790eb33-562d-40e6-9e72-caad216926c7,1636127255855,13.391994,52.4728245,5.4101276,-1.246062,1.1233962,0.27729225,on bike mount,cyclo cross,True,paving stones,good
9f7be42c-d051-49df-93eb-2b10526cf822,6cf02c86-3c92-4539-8c28-a576fbc0d7b0,7d99f811-7436-4225-aa96-2e0e7c96ec98,1636127255905,13.391994,52.4728245,5.4101276,-0.73426074,1.8896751,2.6925697,on bike mount,cyclo cross,True,paving stones,good
9f7be42c-d051-49df-93eb-2b10526cf822,6cf02c86-3c92-4539-8c28-a576fbc0d7b0,a8f2b4d5-4c89-4120-8a5e-7b409c50e830,1636127255955,13.391994,52.4728245,5.4101276,-0.5304331,3.626267,-1.0657291,on bike mount,cyclo cross,True,paving stones,good
9f7be42c-d051-49df-93eb-2b10526cf822,6cf02c86-3c92-4539-8c28-a576fbc0d7b0,d2c59639-d666-4c09-8eeb-24587c59e6fa,1636127256006,13.391994,52.4728245,5.4101276,-0.15894358,1.8483968,0.8946209,on bike mount,cyclo cross,True,paving stones,good
9f7be42c-d051-49df-93eb-2b10526cf822,6cf02c86-3c92-4539-8c28-a576fbc0d7b0,696097e2-bbb3-4ef1-8c46-3994e0f4a747,1636127256057,13.391994,52.4728245,5.4101276,1.2880919,-2.3953466,1.7450781,on bike mount,cyclo cross,True,paving stones,good
9f7be42c-d051-49df-93eb-2b10526cf822,6cf02c86-3c92-4539-8c28-a576fbc0d7b0,bc9c8663-21f8-40e7-b6de-d294ad8a2ae7,1636127256107,13.391994,52.4728245,5.4101276,-2.0228124,1.1971474,-2.0306458,on bike mount,cyclo cross,True,paving stones,good
9f7be42c-d051-49df-93eb-2b10526cf822,6cf02c86-3c92-4539-8c28-a576fbc0d7b0,c4c17395-53f4-425f-b7f1-1b349d4443e9,1636127256173,13.391994,52.4728245,5.4101276,0.5922133,-0.03386116,-2.0830922,on bike mount,cyclo cross,True,paving stones,good
9f7be42c-d051-49df-93eb-2b10526cf822,6cf02c86-3c92-4539-8c28-a576fbc0d7b0,433fd83a-c0dd-4aee-a257-ac00f4b504d3,1636127256223,13.391994,52.4728245,5.4101276,1.2227712,-0.34020758,2.5904322,on bike mount,cyclo cross,True,paving stones,good
9f7be42c-d051-49df-93eb-2b10526cf822,6cf02c86-3c92-4539-8c28-a576fbc0d7b0,52fcd146-5ba6-4b73-873f-bda38eb24b48,1636127256273,13.391994,52.4728245,5.4101276,0.08219088,3.614537,-3.0668192,on bike mount,cyclo cross,True,paving stones,good
9f7be42c-d051-49df-93eb-2b10526cf822,6cf02c86-3c92-4539-8c28-a576fbc0d7b0,f07de416-f0d9-4c59-ad86-bcb9c8c5def9,1636127256324,13.391994,52.4728245,5.4101276,0.1742835,-0.12456775,3.1076412,on bike mount,cyclo cross,True,paving stones,good
9f7be42c-d051-49df-93eb-2b10526cf822,6cf02c86-3c92-4539-8c28-a576fbc0d7b0,c44c6197-3167-4dec-adb8-9da80bd71c44,1636127256375,13.391994,52.4728245,5.4101276,1.6945891,-1.086383,0.31507397,on bike mount,cyclo cross,True,paving stones,good
9f7be42c-d051-49df-93eb-2b10526cf822,6cf02c86-3c92-4539-8c28-a576fbc0d7b0,6c5f89f7-2d1a-47d6-846f-c123be67b228,1636127256425,13.391994,52.4728245,5.4101276,-0.108764306,1.1826453,-7.792816,on bike mount,cyclo cross,True,paving stones,good
9f7be42c-d051-49df-93eb-2b10526cf822,6cf02c86-3c92-4539-8c28-a576fbc0d7b0,094a0601-55ad-4de6-a6a1-961c33c4690e,1636127256477,13.391994,52.4728245,5.4101276,-0.5937089,1.5289073,0.7633095,on bike mount,cyclo cross,True,paving stones,good
9f7be42c-d051-49df-93eb-2b10526cf822,6cf02c86-3c92-4539-8c28-a576fbc0d7b0,46f619b0-6bdc-41b6-a09e-3210ae7324fd,1636127256542,13.391914,52.4728264,5.390063,1.3132567,-3.1110759,0.1555748,on bike mount,cyclo cross,True,paving stones,good
9f7be42c-d051-49df-93eb-2b10526cf822,6cf02c86-3c92-4539-8c28-a576fbc0d7b0,450b1264-8aad-4a39-9dbe-2d8f8e36580d,1636127256592,13.391914,52.4728264,5.390063,-0.4137125,-2.4991705,-0.12728977,on bike mount,cyclo cross,True,paving stones,good
9f7be42c-d051-49df-93eb-2b10526cf822,6cf02c86-3c92-4539-8c28-a576fbc0d7b0,61a9c603-adaa-47ba-b3be-a87f38e03f36,1636127256641,13.391914,52.4728264,5.390063,-0.33667827,0.96149826,1.8459902,on bike mount,cyclo cross,True,paving stones,good
9f7be42c-d051-49df-93eb-2b10526cf822,6cf02c86-3c92-4539-8c28-a576fbc0d7b0,e070a0a9-21c2-4767-ba30-5aae38213d7c,1636127256692,13.391914,52.4728264,5.390063,0.09618024,-1.472163,1.4908018,on bike mount,cyclo cross,True,paving stones,good
9f7be42c-d051-49df-93eb-2b10526cf822,6cf02c86-3c92-4539-8c28-a576fbc0d7b0,2dd3786d-1f3f-4139-b211-ad0ba95b063c,1636127256742,13.391914,52.4728264,5.390063,0.30988443,0.8041179,2.3944244,on bike mount,cyclo cross,True,paving stones,good
9f7be42c-d051-49df-93eb-2b10526cf822,6cf02c86-3c92-4539-8c28-a576fbc0d7b0,8fb5395d-3ef6-45fc-b757-b4867b803e98,1636127256792,13.391914,52.4728264,5.390063,0.977707,-0.3312142,1.2771263,on bike mount,cyclo cross,True,paving stones,good
9f7be42c-d051-49df-93eb-2b10526cf822,6cf02c86-3c92-4539-8c28-a576fbc0d7b0,752e39c6-e391-4fac-86b0-8b4aa3f4bd17,1636127256842,13.391914,52.4728264,5.390063,-0.1696972,0.4506886,-1.8209095,on bike mount,cyclo cross,True,paving stones,good
9f7be42c-d051-49df-93eb-2b10526cf822,6cf02c86-3c92-4539-8c28-a576fbc0d7b0,23111c1d-ce4c-4935-ac16-b662c38654aa,1636127256892,13.391914,52.4728264,5.390063,-0.1657793,0.4748242,-3.8768077,on bike mount,cyclo cross,True,paving stones,good
9f7be42c-d051-49df-93eb-2b10526cf822,6cf02c86-3c92-4539-8c28-a576fbc0d7b0,226566e2-6631-471c-b3ff-1587d12daaa8,1636127256942,13.391914,52.4728264,5.390063,0.33220834,-0.539958,-0.5470104,on bike mount,cyclo cross,True,paving stones,good
9f7be42c-d051-49df-93eb-2b10526cf822,6cf02c86-3c92-4539-8c28-a576fbc0d7b0,bc578996-af36-47c5-bcba-0b5f959b53f5,1636127256992,13.391914,52.4728264,5.390063,0.705177,-2.5583866,2.5740414,on bike mount,cyclo cross,True,paving stones,good
9f7be42c-d051-49df-93eb-2b10526cf822,6cf02c86-3c92-4539-8c28-a576fbc0d7b0,7a5e6c3c-8bc6-4983-bae6-d5ead297a7a3,1636127257042,13.391914,52.4728264,5.390063,-0.08434242,1.002516,-1.1261849,on bike mount,cyclo cross,True,paving stones,good
9f7be42c-d051-49df-93eb-2b10526cf822,6cf02c86-3c92-4539-8c28-a576fbc0d7b0,21570433-571c-4465-ad62-10acbbe5b43e,1636127257092,13.391914,52.4728264,5.390063,-1.9476435,-2.7281468,1.6633968,on bike mount,cyclo cross,True,paving stones,good
9f7be42c-d051-49df-93eb-2b10526cf822,6cf02c86-3c92-4539-8c28-a576fbc0d7b0,ce36ced4-56e1-4f12-bd50-33aacb1c54f7,1636127257143,13.391914,52.4728264,5.390063,3.151232,-5.094038,-1.9216976,on bike mount,cyclo cross,True,paving stones,good
9f7be42c-d051-49df-93eb-2b10526cf822,6cf02c86-3c92-4539-8c28-a576fbc0d7b0,0d8e1a7d-6602-42d1-ae0d-c450dd482435,1636127257193,13.391914,52.4728264,5.390063,1.4258205,-1.7932059,3.4974117,on bike mount,cyclo cross,True,paving stones,good
9f7be42c-d051-49df-93eb-2b10526cf822,6cf02c86-3c92-4539-8c28-a576fbc0d7b0,75319a38-f104-4452-83d6-62a4c2798d65,1636127257243,13.391914,52.4728264,5.390063,0.4350483,1.2543573,2.5871477,on bike mount,cyclo cross,True,paving stones,good
9f7be42c-d051-49df-93eb-2b10526cf822,6cf02c86-3c92-4539-8c28-a576fbc0d7b0,1a1833c9-4d20-425a-b4e3-bc3de49b5787,1636127257294,13.391914,52.4728264,5.390063,2.5476298,6.193813,-3.1670814,on bike mount,cyclo cross,True,paving stones,good
9f7be42c-d051-49df-93eb-2b10526cf822,6cf02c86-3c92-4539-8c28-a576fbc0d7b0,7cf985b5-af42-4b6f-82f3-1d287c79f40b,1636127257344,13.391914,52.4728264,5.390063,2.425344,0.9728532,-2.6426296,on bike mount,cyclo cross,True,paving stones,good
9f7be42c-d051-49df-93eb-2b10526cf822,6cf02c86-3c92-4539-8c28-a576fbc0d7b0,0aa6c461-ab2d-4034-b57d-123ce0193d18,1636127257394,13.391914,52.4728264,5.390063,0.7025026,0.21131992,-0.0868454,on bike mount,cyclo cross,True,paving stones,good
9f7be42c-d051-49df-93eb-2b10526cf822,6cf02c86-3c92-4539-8c28-a576fbc0d7b0,3b423ef1-e103-4d10-bad7-4d181bef8d37,1636127257444,13.391914,52.4728264,5.390063,0.25125834,-3.8606997,-3.4898047,on bike mount,cyclo cross,True,paving stones,good
9f7be42c-d051-49df-93eb-2b10526cf822,6cf02c86-3c92-4539-8c28-a576fbc0d7b0,357f5d32-db7c-489b-a04c-c5ae700324b2,1636127257499,13.3918339,52.4728284,5.3600836,0.06433856,-2.0476785,-1.2771139,on bike mount,cyclo cross,True,paving stones,good
9f7be42c-d051-49df-93eb-2b10526cf822,6cf02c86-3c92-4539-8c28-a576fbc0d7b0,366b43a5-9177-4dfe-bcdb-19c0b531bc33,1636127257560,13.3918339,52.4728284,5.3600836,-0.73427284,5.156925,-3.2474036,on bike mount,cyclo cross,True,paving stones,good
9f7be42c-d051-49df-93eb-2b10526cf822,6cf02c86-3c92-4539-8c28-a576fbc0d7b0,8ffd078d-030a-4242-9b65-6bbc1e9e8fd7,1636127257612,13.3918339,52.4728284,5.3600836,-2.9862049,2.0106993,-3.8622384,on bike mount,cyclo cross,True,paving stones,good
9f7be42c-d051-49df-93eb-2b10526cf822,6cf02c86-3c92-4539-8c28-a576fbc0d7b0,16aa8104-a15a-47cb-8483-6a053ad782c4,1636127257661,13.3918339,52.4728284,5.3600836,0.39415035,-0.37583113,-0.49109268,on bike mount,cyclo cross,True,paving stones,good
9f7be42c-d051-49df-93eb-2b10526cf822,6cf02c86-3c92-4539-8c28-a576fbc0d7b0,e1ab5a94-61bd-4652-8b6d-7cd42a03ea2f,1636127257712,13.3918339,52.4728284,5.3600836,0.92116344,-3.489286,-0.95408344,on bike mount,cyclo cross,True,paving stones,good
9f7be42c-d051-49df-93eb-2b10526cf822,6cf02c86-3c92-4539-8c28-a576fbc0d7b0,855a41f0-0c62-497a-8180-1e7225ab3332,1636127257762,13.3918339,52.4728284,5.3600836,-0.3750534,-0.7483249,1.117835,on bike mount,cyclo cross,True,paving stones,good
9f7be42c-d051-49df-93eb-2b10526cf822,6cf02c86-3c92-4539-8c28-a576fbc0d7b0,1b4215bb-bed0-4267-a4d0-202b365b4a08,1636127257812,13.3918339,52.4728284,5.3600836,1.4058583,1.2888036,0.22466183,on bike mount,cyclo cross,True,paving stones,good
9f7be42c-d051-49df-93eb-2b10526cf822,6cf02c86-3c92-4539-8c28-a576fbc0d7b0,18e041e5-1ebf-4ac8-9650-97c103fc964c,1636127257863,13.3918339,52.4728284,5.3600836,-0.3266729,-0.9623085,-1.3674264,on bike mount,cyclo cross,True,paving stones,good
9f7be42c-d051-49df-93eb-2b10526cf822,6cf02c86-3c92-4539-8c28-a576fbc0d7b0,d5013039-b5b2-4995-b071-b189a44a1dd0,1636127257914,13.3918339,52.4728284,5.3600836,-1.4333532,0.25583577,-0.8949051,on bike mount,cyclo cross,True,paving stones,good
9f7be42c-d051-49df-93eb-2b10526cf822,6cf02c86-3c92-4539-8c28-a576fbc0d7b0,607c31be-606e-459d-956a-01ec82e90c64,1636127257979,13.3918339,52.4728284,5.3600836,0.9590822,-1.7430714,-1.4512129,on bike mount,cyclo cross,True,paving stones,good
9f7be42c-d051-49df-93eb-2b10526cf822,6cf02c86-3c92-4539-8c28-a576fbc0d7b0,e31b1e2b-2faa-417c-91ad-593e2e4e9b1f,1636127258030,13.3918339,52.4728284,5.3600836,-0.9334109,-0.46288896,-2.6920342,on bike mount,cyclo cross,True,paving stones,good
9f7be42c-d051-49df-93eb-2b10526cf822,6cf02c86-3c92-4539-8c28-a576fbc0d7b0,88c19822-6691-4677-8f17-944a8d9a3d26,1636127258096,13.3918339,52.4728284,5.3600836,-0.48295736,-3.7099872,4.3344145,on bike mount,cyclo cross,True,paving stones,good
9f7be42c-d051-49df-93eb-2b10526cf822,6cf02c86-3c92-4539-8c28-a576fbc0d7b0,32b3fe69-3894-4c38-85d9-975894fbb921,1636127258147,13.3918339,52.4728284,5.3600836,0.7848469,0.9594655,5.6319036,on bike mount,cyclo cross,True,paving stones,good
9f7be42c-d051-49df-93eb-2b10526cf822,6cf02c86-3c92-4539-8c28-a576fbc0d7b0,b008151d-be8c-4aa0-b6a2-cd67f3c10abf,1636127258198,13.3918339,52.4728284,5.3600836,1.0019939,1.1167173,4.2287655,on bike mount,cyclo cross,True,paving stones,good
9f7be42c-d051-49df-93eb-2b10526cf822,6cf02c86-3c92-4539-8c28-a576fbc0d7b0,84819da9-dc1c-4541-bceb-8e6ae53cebc6,1636127258248,13.3918339,52.4728284,5.3600836,0.74740255,-1.2487537,-2.3672342,on bike mount,cyclo cross,True,paving stones,good
9f7be42c-d051-49df-93eb-2b10526cf822,6cf02c86-3c92-4539-8c28-a576fbc0d7b0,7de4fbc2-7d35-4507-bc07-86ec84ee2f92,1636127258298,13.3918339,52.4728284,5.3600836,0.5798289,-0.8327775,0.22966766,on bike mount,cyclo cross,True,paving stones,good
9f7be42c-d051-49df-93eb-2b10526cf822,6cf02c86-3c92-4539-8c28-a576fbc0d7b0,da72dba0-14a9-491a-be52-fd70c49618af,1636127258365,13.3918339,52.4728284,5.3600836,-0.8140241,1.1591663,2.8370905,on bike mount,cyclo cross,True,paving stones,good
9f7be42c-d051-49df-93eb-2b10526cf822,6cf02c86-3c92-4539-8c28-a576fbc0d7b0,7ea6f5d0-a57f-46e0-8099-161b9fc9d232,1636127258430,13.3918339,52.4728284,5.3600836,0.041354477,-2.5962732,1.066721,on bike mount,cyclo cross,True,paving stones,good
9f7be42c-d051-49df-93eb-2b10526cf822,6cf02c86-3c92-4539-8c28-a576fbc0d7b0,60b0a17d-d512-47b5-a837-a348c03b69d6,1636127258481,13.3918339,52.4728284,5.3600836,0.19771647,-1.0976275,-1.0725932,on bike mount,cyclo cross,True,paving stones,good
9f7be42c-d051-49df-93eb-2b10526cf822,6cf02c86-3c92-4539-8c28-a576fbc0d7b0,b4649976-3025-4050-9f79-d9017e2fb21b,1636127258531,13.3917543,52.4728303,5.2003984,0.2140871,-1.5361388,1.5112095,on bike mount,cyclo cross,True,paving stones,good
9f7be42c-d051-49df-93eb-2b10526cf822,6cf02c86-3c92-4539-8c28-a576fbc0d7b0,dd4620a2-5a77-4dee-9fa8-4d22d99bcdea,1636127258583,13.3917543,52.4728303,5.2003984,-0.1301709,-3.5995498,-1.9081368,on bike mount,cyclo cross,True,paving stones,good
9f7be42c-d051-49df-93eb-2b10526cf822,6cf02c86-3c92-4539-8c28-a576fbc0d7b0,d0aff063-dd66-4185-8de9-da53af470d9e,1636127258647,13.3917543,52.4728303,5.2003984,0.06035261,1.4913638,-0.107584,on bike mount,cyclo cross,True,paving stones,good
9f7be42c-d051-49df-93eb-2b10526cf822,6cf02c86-3c92-4539-8c28-a576fbc0d7b0,238d143e-2190-4079-8235-5d9f0c0de47f,1636127258698,13.3917543,52.4728303,5.2003984,0.23629074,0.91199493,-4.015764,on bike mount,cyclo cross,True,paving stones,good
9f7be42c-d051-49df-93eb-2b10526cf822,6cf02c86-3c92-4539-8c28-a576fbc0d7b0,a6ea938d-d79a-4c86-abda-cda3f4e1f83b,1636127258749,13.3917543,52.4728303,5.2003984,-0.6232614,-1.0815657,-0.2015934,on bike mount,cyclo cross,True,paving stones,good
9f7be42c-d051-49df-93eb-2b10526cf822,6cf02c86-3c92-4539-8c28-a576fbc0d7b0,7017dde7-bcde-4ba3-ba24-1be3117eefeb,1636127258800,13.3917543,52.4728303,5.2003984,0.20111227,-2.6905122,0.85896015,on bike mount,cyclo cross,True,paving stones,good
9f7be42c-d051-49df-93eb-2b10526cf822,6cf02c86-3c92-4539-8c28-a576fbc0d7b0,b3cf2f90-548e-434d-9dcd-719bd4744da2,1636127258865,13.3917543,52.4728303,5.2003984,-0.7956717,1.3066936,0.51627636,on bike mount,cyclo cross,True,paving stones,good
9f7be42c-d051-49df-93eb-2b10526cf822,6cf02c86-3c92-4539-8c28-a576fbc0d7b0,f969f705-77db-4fb0-8990-77df79a53f74,1636127258916,13.3917543,52.4728303,5.2003984,-0.005795151,-1.9683205,-5.121353,on bike mount,cyclo cross,True,paving stones,good
9f7be42c-d051-49df-93eb-2b10526cf822,6cf02c86-3c92-4539-8c28-a576fbc0d7b0,cd46bc34-127c-42c2-979d-8108e07c392b,1636127258966,13.3917543,52.4728303,5.2003984,0.1478369,-0.84142125,0.23302174,on bike mount,cyclo cross,True,paving stones,good
9f7be42c-d051-49df-93eb-2b10526cf822,6cf02c86-3c92-4539-8c28-a576fbc0d7b0,3d860884-3eef-46cb-b943-e7f0df24f3e0,1636127259017,13.3917543,52.4728303,5.2003984,-3.0750875,-1.5094607,0.6342144,on bike mount,cyclo cross,True,paving stones,good
9f7be42c-d051-49df-93eb-2b10526cf822,6cf02c86-3c92-4539-8c28-a576fbc0d7b0,4b996a56-48a7-403d-a2bc-20f9480d3a58,1636127259067,13.3917543,52.4728303,5.2003984,1.3458523,-3.880178,-0.33913898,on bike mount,cyclo cross,True,paving stones,good
9f7be42c-d051-49df-93eb-2b10526cf822,6cf02c86-3c92-4539-8c28-a576fbc0d7b0,47621a62-7bf8-4268-be07-414a8425998d,1636127259117,13.3917543,52.4728303,5.2003984,1.6146207,-2.050654,-0.760623,on bike mount,cyclo cross,True,paving stones,good
9f7be42c-d051-49df-93eb-2b10526cf822,6cf02c86-3c92-4539-8c28-a576fbc0d7b0,74506105-e5fc-4593-a79f-aad9328bfb40,1636127259168,13.3917543,52.4728303,5.2003984,-2.7094758,-0.63723636,4.1103535,on bike mount,cyclo cross,True,paving stones,good
9f7be42c-d051-49df-93eb-2b10526cf822,6cf02c86-3c92-4539-8c28-a576fbc0d7b0,c7a056d9-de77-40da-a474-298b5d41ad61,1636127259233,13.3917543,52.4728303,5.2003984,-1.2961318,-2.93685,0.40716267,on bike mount,cyclo cross,True,paving stones,good
9f7be42c-d051-49df-93eb-2b10526cf822,6cf02c86-3c92-4539-8c28-a576fbc0d7b0,bdb0f6e9-bdcf-4253-85a5-2782cf0dea25,1636127259283,13.3917543,52.4728303,5.2003984,0.44068798,0.9924021,1.822732,on bike mount,cyclo cross,True,paving stones,good
9f7be42c-d051-49df-93eb-2b10526cf822,6cf02c86-3c92-4539-8c28-a576fbc0d7b0,29641e37-0df7-4740-8a90-5cc1ce94e09f,1636127259333,13.3917543,52.4728303,5.2003984,-1.0506265,-2.1655872,-1.9151897,on bike mount,cyclo cross,True,paving stones,good
9f7be42c-d051-49df-93eb-2b10526cf822,6cf02c86-3c92-4539-8c28-a576fbc0d7b0,30afc40d-5026-4395-83b1-72abd32850de,1636127259383,13.3917543,52.4728303,5.2003984,-1.3815672,6.253771,-2.1285129,on bike mount,cyclo cross,True,paving stones,good
9f7be42c-d051-49df-93eb-2b10526cf822,6cf02c86-3c92-4539-8c28-a576fbc0d7b0,9e4eafd0-b754-46ff-9a8f-535066f7b8ff,1636127259434,13.3917543,52.4728303,5.2003984,-2.5588875,2.5622017,-2.5394535,on bike mount,cyclo cross,True,paving stones,good
9f7be42c-d051-49df-93eb-2b10526cf822,6cf02c86-3c92-4539-8c28-a576fbc0d7b0,8c06fbe6-be5c-4820-8904-3134092c3154,1636127259484,13.3917543,52.4728303,5.2003984,-2.04212,1.3028724,-0.16677761,on bike mount,cyclo cross,True,paving stones,good
9f7be42c-d051-49df-93eb-2b10526cf822,6cf02c86-3c92-4539-8c28-a576fbc0d7b0,f5282f00-7f1d-44b7-8740-3211d9338345,1636127259535,13.3916769,52.4728319,5.319605,-1.178615,-1.1257046,-1.2454638,on bike mount,cyclo cross,True,paving stones,good
9f7be42c-d051-49df-93eb-2b10526cf822,6cf02c86-3c92-4539-8c28-a576fbc0d7b0,52475e7f-b05b-4af1-9e00-b2d4bf05245a,1636127259600,13.3916769,52.4728319,5.319605,-0.92093265,2.521844,-1.8015065,on bike mount,cyclo cross,True,paving stones,good
9f7be42c-d051-49df-93eb-2b10526cf822,6cf02c86-3c92-4539-8c28-a576fbc0d7b0,a8dd3d84-ef35-449e-9eac-76a6ed21ad4d,1636127259651,13.3916769,52.4728319,5.319605,-0.60645986,2.6111693,1.8361235,on bike mount,cyclo cross,True,paving stones,good
9f7be42c-d051-49df-93eb-2b10526cf822,6cf02c86-3c92-4539-8c28-a576fbc0d7b0,13dd00b1-7f63-49ec-95e8-f7c48cd258dd,1636127259701,13.3916769,52.4728319,5.319605,0.67875195,-0.4585395,-2.578848,on bike mount,cyclo cross,True,paving stones,good
9f7be42c-d051-49df-93eb-2b10526cf822,6cf02c86-3c92-4539-8c28-a576fbc0d7b0,d29d8f36-8ce1-421a-8567-8c67f4c37e79,1636127259751,13.3916769,52.4728319,5.319605,-1.0080396,0.07127142,-3.581985,on bike mount,cyclo cross,True,paving stones,good
9f7be42c-d051-49df-93eb-2b10526cf822,6cf02c86-3c92-4539-8c28-a576fbc0d7b0,c4db319a-3dac-4d8d-bff3-27cb6c116a08,1636127259802,13.3916769,52.4728319,5.319605,0.5248173,-2.210546,-1.379828,on bike mount,cyclo cross,True,paving stones,good
9f7be42c-d051-49df-93eb-2b10526cf822,6cf02c86-3c92-4539-8c28-a576fbc0d7b0,2b66a92f-3446-4729-a806-6db7a8d477f3,1636127259852,13.3916769,52.4728319,5.319605,0.043193225,0.21917725,0.29551506,on bike mount,cyclo cross,True,paving stones,good
9f7be42c-d051-49df-93eb-2b10526cf822,6cf02c86-3c92-4539-8c28-a576fbc0d7b0,0783bf7b-3d0b-4f93-98ba-6b2b8a9d4c22,1636127259903,13.3916769,52.4728319,5.319605,0.18950894,0.6626053,2.1506357,on bike mount,cyclo cross,True,paving stones,good
9f7be42c-d051-49df-93eb-2b10526cf822,6cf02c86-3c92-4539-8c28-a576fbc0d7b0,04692974-b6c4-4a00-8435-b410c09c7da1,1636127259968,13.3916769,52.4728319,5.319605,-0.82357883,1.5607758,-3.2268467,on bike mount,cyclo cross,True,paving stones,good
9f7be42c-d051-49df-93eb-2b10526cf822,6cf02c86-3c92-4539-8c28-a576fbc0d7b0,04f20b6e-b91a-48a7-9d91-55f7b84140c4,1636127260020,13.3916769,52.4728319,5.319605,-0.8253538,0.3836162,-4.6996956,on bike mount,cyclo cross,True,paving stones,good
9f7be42c-d051-49df-93eb-2b10526cf822,6cf02c86-3c92-4539-8c28-a576fbc0d7b0,bf2cc2a3-92d1-4c51-a072-d51a0e008890,1636127260070,13.3916769,52.4728319,5.319605,1.9995059,-0.94361424,-3.17458,on bike mount,cyclo cross,True,paving stones,good
9f7be42c-d051-49df-93eb-2b10526cf822,6cf02c86-3c92-4539-8c28-a576fbc0d7b0,824c6e5b-b805-49e2-8f78-0c650fb35aab,1636127260136,13.3916769,52.4728319,5.319605,3.3034759,4.352833,-8.586956,on bike mount,cyclo cross,True,paving stones,good
9f7be42c-d051-49df-93eb-2b10526cf822,6cf02c86-3c92-4539-8c28-a576fbc0d7b0,dd8f3955-06a2-4b46-91d3-f7762e79aa06,1636127260185,13.3916769,52.4728319,5.319605,1.3373286,0.18799186,3.0664625,on bike mount,cyclo cross,True,paving stones,good
9f7be42c-d051-49df-93eb-2b10526cf822,6cf02c86-3c92-4539-8c28-a576fbc0d7b0,2f1d335e-75e4-4eab-a598-5bd56d4c755f,1636127260236,13.3916769,52.4728319,5.319605,0.7180896,-4.0004435,-1.5348377,on bike mount,cyclo cross,True,paving stones,good
9f7be42c-d051-49df-93eb-2b10526cf822,6cf02c86-3c92-4539-8c28-a576fbc0d7b0,ff27cf9f-2e7f-40f2-86b7-7f7616dce940,1636127260288,13.3916769,52.4728319,5.319605,0.00409469,-1.7233999,-2.7397504,on bike mount,cyclo cross,True,paving stones,good
9f7be42c-d051-49df-93eb-2b10526cf822,6cf02c86-3c92-4539-8c28-a576fbc0d7b0,ef008024-e51f-411b-a012-33bd2ad37fca,1636127260353,13.3916769,52.4728319,5.319605,-0.72698283,-0.7287116,0.2992735,on bike mount,cyclo cross,True,paving stones,good
9f7be42c-d051-49df-93eb-2b10526cf822,6cf02c86-3c92-4539-8c28-a576fbc0d7b0,8126fda6-b8a7-4a2d-b56b-fdadc3b40809,1636127260404,13.3916769,52.4728319,5.319605,2.5226476,-0.9795128,-2.2833362,on bike mount,cyclo cross,True,paving stones,good
9f7be42c-d051-49df-93eb-2b10526cf822,6cf02c86-3c92-4539-8c28-a576fbc0d7b0,c87354c2-da39-4050-8a07-03c9d0392eb1,1636127260454,13.3916769,52.4728319,5.319605,-0.5282476,-0.5342481,-2.0902061,on bike mount,cyclo cross,True,paving stones,good
9f7be42c-d051-49df-93eb-2b10526cf822,6cf02c86-3c92-4539-8c28-a576fbc0d7b0,807895f5-a323-4d5b-ab3a-391771a16f1b,1636127260505,13.3915988,52.4728317,5.100691,-3.5213397,3.3413935,1.9898729,on bike mount,cyclo cross,True,paving stones,good
9f7be42c-d051-49df-93eb-2b10526cf822,6cf02c86-3c92-4539-8c28-a576fbc0d7b0,1e05fd4c-2a6c-4d5b-a59c-380a7ec10f98,1636127260571,13.3915988,52.4728317,5.100691,2.2924352,-2.3736014,4.76431,on bike mount,cyclo cross,True,paving stones,good
9f7be42c-d051-49df-93eb-2b10526cf822,6cf02c86-3c92-4539-8c28-a576fbc0d7b0,e0aea362-7376-46ba-b8f5-4c5460de22c7,1636127260620,13.3915988,52.4728317,5.100691,-0.43943268,-0.5558324,4.111017,on bike mount,cyclo cross,True,paving stones,good
9f7be42c-d051-49df-93eb-2b10526cf822,6cf02c86-3c92-4539-8c28-a576fbc0d7b0,32a16ced-b920-4084-8e32-9eb30759eccb,1636127260671,13.3915988,52.4728317,5.100691,1.4769456,-7.1158066,0.2506199,on bike mount,cyclo cross,True,paving stones,good
9f7be42c-d051-49df-93eb-2b10526cf822,6cf02c86-3c92-4539-8c28-a576fbc0d7b0,2ff6c1b9-a4b5-4834-b970-0285560a0c31,1636127260720,13.3915988,52.4728317,5.100691,1.3563231,-2.7653742,2.2111835,on bike mount,cyclo cross,True,paving stones,good
9f7be42c-d051-49df-93eb-2b10526cf822,6cf02c86-3c92-4539-8c28-a576fbc0d7b0,3e8246ee-f2b4-4f0f-8220-c3cfdbcc2fbf,1636127260771,13.3915988,52.4728317,5.100691,-0.44487602,1.2392669,3.214425,on bike mount,cyclo cross,True,paving stones,good
9f7be42c-d051-49df-93eb-2b10526cf822,6cf02c86-3c92-4539-8c28-a576fbc0d7b0,721fd90b-eaaf-41ad-92e5-ec4b6596014d,1636127260822,13.3915988,52.4728317,5.100691,-0.67398655,0.85610366,3.2242422,on bike mount,cyclo cross,True,paving stones,good
9f7be42c-d051-49df-93eb-2b10526cf822,6cf02c86-3c92-4539-8c28-a576fbc0d7b0,4f8e9466-6b9e-49b1-8caa-03da4cb859cb,1636127260872,13.3915988,52.4728317,5.100691,0.75047076,1.3656461,-4.898955,on bike mount,cyclo cross,True,paving stones,good
