bike_activity_uid,bike_activity_sample_uid,bike_activity_measurement,bike_activity_measurement_timestamp,bike_activity_measurement_lon,bike_activity_measurement_lat,bike_activity_measurement_speed,bike_activity_measurement_accelerometer_x,bike_activity_measurement_accelerometer_y,bike_activity_measurement_accelerometer_z,bike_activity_phone_position,bike_activity_bike_type,bike_activity_flagged_lab_conditions,bike_activity_surface_type,bike_activity_smoothness_type
a96b5a89-73b3-47d2-ba91-3e06bdcd6feb,f390ff9e-658b-4601-be4c-f2930ef65782,acae9ed0-2b15-4568-86f2-39825c47585f,1632651030392,13.4367138,52.4936857,5.248582,-3.57239,-26.029139,-8.027998,on bike mount,cyclo cross,True,sett,intermediate
a96b5a89-73b3-47d2-ba91-3e06bdcd6feb,f390ff9e-658b-4601-be4c-f2930ef65782,264929fb-1ecf-4b46-bb90-4d545580832f,1632651030459,13.4367138,52.4936857,5.248582,0.07898551,-7.570971,22.163303,on bike mount,cyclo cross,True,sett,intermediate
a96b5a89-73b3-47d2-ba91-3e06bdcd6feb,f390ff9e-658b-4601-be4c-f2930ef65782,dac694a6-6118-4404-a19a-141533db3526,1632651030526,13.4367138,52.4936857,5.248582,4.5877686,-6.1771526,17.91601,on bike mount,cyclo cross,True,sett,intermediate
a96b5a89-73b3-47d2-ba91-3e06bdcd6feb,f390ff9e-658b-4601-be4c-f2930ef65782,9404a561-fc6e-4a56-8c96-2035ce4915ab,1632651030592,13.4367138,52.4936857,5.248582,0.5856745,11.720728,6.8591604,on bike mount,cyclo cross,True,sett,intermediate
a96b5a89-73b3-47d2-ba91-3e06bdcd6feb,f390ff9e-658b-4601-be4c-f2930ef65782,3a62cab3-9872-48b1-af0f-cc489406350d,1632651030659,13.4367138,52.4936857,5.248582,1.171926,23.178265,-14.805913,on bike mount,cyclo cross,True,sett,intermediate
a96b5a89-73b3-47d2-ba91-3e06bdcd6feb,f390ff9e-658b-4601-be4c-f2930ef65782,575a961a-8f2b-4717-bae1-691a9d69a964,1632651030726,13.4367138,52.4936857,5.248582,-2.6774163,27.806461,-26.671803,on bike mount,cyclo cross,True,sett,intermediate
a96b5a89-73b3-47d2-ba91-3e06bdcd6feb,f390ff9e-658b-4601-be4c-f2930ef65782,482cf001-b440-4061-ab8f-f038ec083eb9,1632651030792,13.4367138,52.4936857,5.248582,-2.530982,12.955251,-11.250556,on bike mount,cyclo cross,True,sett,intermediate
a96b5a89-73b3-47d2-ba91-3e06bdcd6feb,f390ff9e-658b-4601-be4c-f2930ef65782,102d631a-d914-4dc3-975c-efe0afa2399e,1632651030842,13.4367138,52.4936857,5.248582,1.0354302,9.383457,22.258766,on bike mount,cyclo cross,True,sett,intermediate
a96b5a89-73b3-47d2-ba91-3e06bdcd6feb,f390ff9e-658b-4601-be4c-f2930ef65782,01264b73-a242-42a6-bb00-dc3cbc708930,1632651030893,13.4367138,52.4936857,5.248582,-0.78751177,-8.383794,-8.357482,on bike mount,cyclo cross,True,sett,intermediate
a96b5a89-73b3-47d2-ba91-3e06bdcd6feb,f390ff9e-658b-4601-be4c-f2930ef65782,e3b0c3f7-dfe5-4923-b0f5-f56ddf60a411,1632651030959,13.4367138,52.4936857,5.248582,-0.3030106,-25.441582,-8.42897,on bike mount,cyclo cross,True,sett,intermediate
a96b5a89-73b3-47d2-ba91-3e06bdcd6feb,f390ff9e-658b-4601-be4c-f2930ef65782,80dd79f0-34a1-48d0-b5f6-23523dd802b0,1632651031009,13.4367138,52.4936857,5.248582,-8.7948265,13.506454,-14.5590105,on bike mount,cyclo cross,True,sett,intermediate
a96b5a89-73b3-47d2-ba91-3e06bdcd6feb,f390ff9e-658b-4601-be4c-f2930ef65782,61475a0b-58b0-44f5-bb94-5eefc42a0cdb,1632651031059,13.4367138,52.4936857,5.248582,0.18574926,-6.4052563,16.598972,on bike mount,cyclo cross,True,sett,intermediate
a96b5a89-73b3-47d2-ba91-3e06bdcd6feb,f390ff9e-658b-4601-be4c-f2930ef65782,808df30f-f700-4d09-be4b-647f25cc8613,1632651031109,13.4366398,52.4937071,6.2254815,-0.32673487,-30.398531,-22.976284,on bike mount,cyclo cross,True,sett,intermediate
a96b5a89-73b3-47d2-ba91-3e06bdcd6feb,f390ff9e-658b-4601-be4c-f2930ef65782,ae7b26ba-738f-4e03-ad4f-d5be53496b03,1632651031159,13.4366398,52.4937071,6.2254815,3.0423074,-10.5994835,9.908958,on bike mount,cyclo cross,True,sett,intermediate
a96b5a89-73b3-47d2-ba91-3e06bdcd6feb,f390ff9e-658b-4601-be4c-f2930ef65782,934c1492-5c76-44b1-bfc5-2b2264fc4043,1632651031210,13.4366398,52.4937071,6.2254815,-3.289587,-7.4755774,9.298677,on bike mount,cyclo cross,True,sett,intermediate
a96b5a89-73b3-47d2-ba91-3e06bdcd6feb,f390ff9e-658b-4601-be4c-f2930ef65782,92f65aba-68ee-4efb-aca8-a913b9e2b0dd,1632651031276,13.4366398,52.4937071,6.2254815,-0.7066686,-15.050701,18.23067,on bike mount,cyclo cross,True,sett,intermediate
a96b5a89-73b3-47d2-ba91-3e06bdcd6feb,f390ff9e-658b-4601-be4c-f2930ef65782,27cb2754-ca3a-4bc0-92c6-127153675fdd,1632651031326,13.4366398,52.4937071,6.2254815,5.64046,6.06997,-4.1793795,on bike mount,cyclo cross,True,sett,intermediate
a96b5a89-73b3-47d2-ba91-3e06bdcd6feb,f390ff9e-658b-4601-be4c-f2930ef65782,d0110a7b-c7c4-46af-a1fd-db0d2904c316,1632651031393,13.4366398,52.4937071,6.2254815,-4.3009906,-33.65407,15.593477,on bike mount,cyclo cross,True,sett,intermediate
a96b5a89-73b3-47d2-ba91-3e06bdcd6feb,f390ff9e-658b-4601-be4c-f2930ef65782,8f84ac09-61bf-4ebf-86af-ec0c46be4cd9,1632651031443,13.4366398,52.4937071,6.2254815,-1.7174602,20.577263,-19.778027,on bike mount,cyclo cross,True,sett,intermediate
a96b5a89-73b3-47d2-ba91-3e06bdcd6feb,f390ff9e-658b-4601-be4c-f2930ef65782,513f227d-4f5b-4af2-b6dd-54a5e7acdb18,1632651031510,13.4366398,52.4937071,6.2254815,-0.047122985,-31.179037,-9.012564,on bike mount,cyclo cross,True,sett,intermediate
a96b5a89-73b3-47d2-ba91-3e06bdcd6feb,f390ff9e-658b-4601-be4c-f2930ef65782,e3bd2679-5e59-45ae-acfc-f294114170a3,1632651031577,13.4366398,52.4937071,6.2254815,2.495051,0.6581435,3.845417,on bike mount,cyclo cross,True,sett,intermediate
a96b5a89-73b3-47d2-ba91-3e06bdcd6feb,f390ff9e-658b-4601-be4c-f2930ef65782,3998eec5-ed1e-4434-8e84-4abe04bae016,1632651031644,13.4366398,52.4937071,6.2254815,-0.94473195,12.150936,-2.4369383,on bike mount,cyclo cross,True,sett,intermediate
a96b5a89-73b3-47d2-ba91-3e06bdcd6feb,f390ff9e-658b-4601-be4c-f2930ef65782,fcb24e71-deaa-42cc-85b1-fc032ce1254d,1632651031710,13.4366398,52.4937071,6.2254815,-2.5547793,-30.809555,8.602637,on bike mount,cyclo cross,True,sett,intermediate
a96b5a89-73b3-47d2-ba91-3e06bdcd6feb,f390ff9e-658b-4601-be4c-f2930ef65782,02faac46-bccd-463f-ab7e-398d49080fcc,1632651031760,13.4366398,52.4937071,6.2254815,-6.7969866,-0.8117695,4.343277,on bike mount,cyclo cross,True,sett,intermediate
a96b5a89-73b3-47d2-ba91-3e06bdcd6feb,f390ff9e-658b-4601-be4c-f2930ef65782,027b4402-7b35-4642-a031-541e6391825c,1632651031810,13.4366398,52.4937071,6.2254815,-5.474114,-6.73946,25.939468,on bike mount,cyclo cross,True,sett,intermediate
a96b5a89-73b3-47d2-ba91-3e06bdcd6feb,f390ff9e-658b-4601-be4c-f2930ef65782,37040e16-c55d-4e01-98b1-b93aed0ff1b9,1632651031861,13.4366398,52.4937071,6.2254815,-2.0737166,-6.223475,-8.385534,on bike mount,cyclo cross,True,sett,intermediate
a96b5a89-73b3-47d2-ba91-3e06bdcd6feb,f390ff9e-658b-4601-be4c-f2930ef65782,661feb5a-3a11-47f6-809a-e69b439e1e9f,1632651031927,13.4366398,52.4937071,6.2254815,-2.8199177,12.526512,3.403349,on bike mount,cyclo cross,True,sett,intermediate
a96b5a89-73b3-47d2-ba91-3e06bdcd6feb,f390ff9e-658b-4601-be4c-f2930ef65782,6aff1928-3239-4c36-b545-f905e4cb9d34,1632651031977,13.4366398,52.4937071,6.2254815,0.1497969,-54.53492,-1.5595646,on bike mount,cyclo cross,True,sett,intermediate
a96b5a89-73b3-47d2-ba91-3e06bdcd6feb,f390ff9e-658b-4601-be4c-f2930ef65782,bcef7428-48f2-4ce3-bfa6-569d4656c261,1632651032027,13.4366398,52.4937071,6.2254815,-1.751142,16.769018,7.788601,on bike mount,cyclo cross,True,sett,intermediate
a96b5a89-73b3-47d2-ba91-3e06bdcd6feb,f390ff9e-658b-4601-be4c-f2930ef65782,0cb85557-5103-4151-ab57-95be535073d4,1632651032078,13.4366398,52.4937071,6.2254815,-3.7829783,-19.526108,18.7378,on bike mount,cyclo cross,True,sett,intermediate
a96b5a89-73b3-47d2-ba91-3e06bdcd6feb,f390ff9e-658b-4601-be4c-f2930ef65782,f88aff45-5085-49e7-93d8-2a4049e40ab5,1632651032144,13.4365593,52.4937337,5.620323,2.9280596,15.007616,20.871283,on bike mount,cyclo cross,True,sett,intermediate
a96b5a89-73b3-47d2-ba91-3e06bdcd6feb,f390ff9e-658b-4601-be4c-f2930ef65782,3006b406-da3b-4f62-8189-18379f5e0b55,1632651032211,13.4365593,52.4937337,5.620323,-0.4331292,1.3401203,-11.018623,on bike mount,cyclo cross,True,sett,intermediate
a96b5a89-73b3-47d2-ba91-3e06bdcd6feb,f390ff9e-658b-4601-be4c-f2930ef65782,5f2acc83-1b08-452a-bc0d-f3c322b05afe,1632651032261,13.4365593,52.4937337,5.620323,3.1458602,1.6400867,-4.6612015,on bike mount,cyclo cross,True,sett,intermediate
a96b5a89-73b3-47d2-ba91-3e06bdcd6feb,f390ff9e-658b-4601-be4c-f2930ef65782,b6ab6ee6-2b83-4323-a10a-050328a7faed,1632651032328,13.4365593,52.4937337,5.620323,2.7485068,21.177847,-9.478917,on bike mount,cyclo cross,True,sett,intermediate
a96b5a89-73b3-47d2-ba91-3e06bdcd6feb,f390ff9e-658b-4601-be4c-f2930ef65782,49c08ad7-d158-4557-913c-c412eb9d2797,1632651032395,13.4365593,52.4937337,5.620323,-2.2342098,-10.327736,40.048607,on bike mount,cyclo cross,True,sett,intermediate
a96b5a89-73b3-47d2-ba91-3e06bdcd6feb,f390ff9e-658b-4601-be4c-f2930ef65782,0a5deda5-db26-4ae1-9b51-d58ef76f89e6,1632651032461,13.4365593,52.4937337,5.620323,-4.5209465,9.407892,-4.0972853,on bike mount,cyclo cross,True,sett,intermediate
a96b5a89-73b3-47d2-ba91-3e06bdcd6feb,f390ff9e-658b-4601-be4c-f2930ef65782,dc455642-f750-4f2b-aeca-1551b8fb221c,1632651032511,13.4365593,52.4937337,5.620323,0.056644022,-8.289508,-3.7037706,on bike mount,cyclo cross,True,sett,intermediate
a96b5a89-73b3-47d2-ba91-3e06bdcd6feb,f390ff9e-658b-4601-be4c-f2930ef65782,19642d63-7305-4274-b97e-cb2b71f1a8bf,1632651032561,13.4365593,52.4937337,5.620323,2.600564,8.808253,-4.444828,on bike mount,cyclo cross,True,sett,intermediate
a96b5a89-73b3-47d2-ba91-3e06bdcd6feb,f390ff9e-658b-4601-be4c-f2930ef65782,e3b12927-305b-467d-8246-268187b9dea2,1632651032612,13.4365593,52.4937337,5.620323,3.0645173,8.514958,0.5220475,on bike mount,cyclo cross,True,sett,intermediate
a96b5a89-73b3-47d2-ba91-3e06bdcd6feb,f390ff9e-658b-4601-be4c-f2930ef65782,6c977c3e-6e08-42ae-a004-74bcac52e2b6,1632651032678,13.4365593,52.4937337,5.620323,-2.378828,22.245325,-24.408623,on bike mount,cyclo cross,True,sett,intermediate
a96b5a89-73b3-47d2-ba91-3e06bdcd6feb,f390ff9e-658b-4601-be4c-f2930ef65782,d8bc318c-437f-400f-a9bf-8c72b39ec53a,1632651032728,13.4365593,52.4937337,5.620323,1.658567,-6.7375903,1.3310432,on bike mount,cyclo cross,True,sett,intermediate
a96b5a89-73b3-47d2-ba91-3e06bdcd6feb,f390ff9e-658b-4601-be4c-f2930ef65782,e53e4dcf-dd37-4bb7-8391-adeb8aac79a3,1632651032779,13.4365593,52.4937337,5.620323,0.5663996,-11.300053,-12.53113,on bike mount,cyclo cross,True,sett,intermediate
a96b5a89-73b3-47d2-ba91-3e06bdcd6feb,f390ff9e-658b-4601-be4c-f2930ef65782,542ca1ff-2f9c-4dcd-87f2-0ec7f4b23a75,1632651032845,13.4365593,52.4937337,5.620323,-2.815051,8.967531,-6.589839,on bike mount,cyclo cross,True,sett,intermediate
a96b5a89-73b3-47d2-ba91-3e06bdcd6feb,f390ff9e-658b-4601-be4c-f2930ef65782,5f6beeb0-3bf3-4c69-ab81-8f78a5fafa1b,1632651032896,13.4365593,52.4937337,5.620323,-2.5140944,-36.619728,12.238684,on bike mount,cyclo cross,True,sett,intermediate
a96b5a89-73b3-47d2-ba91-3e06bdcd6feb,f390ff9e-658b-4601-be4c-f2930ef65782,a59b5617-96b5-46d8-abc6-61c5c1ecaf6b,1632651032962,13.4365593,52.4937337,5.620323,0.8150872,-0.38880634,-3.2164145,on bike mount,cyclo cross,True,sett,intermediate
a96b5a89-73b3-47d2-ba91-3e06bdcd6feb,f390ff9e-658b-4601-be4c-f2930ef65782,725123a2-42e7-4797-885c-d16a72cde36f,1632651033012,13.4365593,52.4937337,5.620323,6.96035,-22.683989,0.31069946,on bike mount,cyclo cross,True,sett,intermediate
a96b5a89-73b3-47d2-ba91-3e06bdcd6feb,f390ff9e-658b-4601-be4c-f2930ef65782,981540c2-b74b-45df-9603-94990c0939c8,1632651033063,13.4365593,52.4937337,5.620323,-2.974572,-14.480106,33.303955,on bike mount,cyclo cross,True,sett,intermediate
a96b5a89-73b3-47d2-ba91-3e06bdcd6feb,f390ff9e-658b-4601-be4c-f2930ef65782,df504597-5f89-46f8-b870-9e94127a77ea,1632651033129,13.4364858,52.4937594,5.9383454,-1.3072424,5.2473307,5.67144,on bike mount,cyclo cross,True,sett,intermediate
a96b5a89-73b3-47d2-ba91-3e06bdcd6feb,f390ff9e-658b-4601-be4c-f2930ef65782,22c02e43-bdd4-4ba0-9c9d-60dbc819fff3,1632651033196,13.4364858,52.4937594,5.9383454,-5.0239153,27.442852,-1.6159849,on bike mount,cyclo cross,True,sett,intermediate
a96b5a89-73b3-47d2-ba91-3e06bdcd6feb,f390ff9e-658b-4601-be4c-f2930ef65782,68593aca-e624-4598-94e3-d53bc288192f,1632651033263,13.4364858,52.4937594,5.9383454,6.535065,-14.407856,-1.9478264,on bike mount,cyclo cross,True,sett,intermediate
a96b5a89-73b3-47d2-ba91-3e06bdcd6feb,f390ff9e-658b-4601-be4c-f2930ef65782,1c238950-9a73-4176-ab2f-c0137e09084f,1632651033329,13.4364858,52.4937594,5.9383454,2.2963526,-0.80003405,-5.883577,on bike mount,cyclo cross,True,sett,intermediate
a96b5a89-73b3-47d2-ba91-3e06bdcd6feb,f390ff9e-658b-4601-be4c-f2930ef65782,b3e8f4ab-3832-4f9e-9f09-85ff3e7fd254,1632651033396,13.4364858,52.4937594,5.9383454,2.3757324,4.553816,-13.003256,on bike mount,cyclo cross,True,sett,intermediate
a96b5a89-73b3-47d2-ba91-3e06bdcd6feb,f390ff9e-658b-4601-be4c-f2930ef65782,368c029b-824f-4f72-a5e3-2428efd32238,1632651033447,13.4364858,52.4937594,5.9383454,3.3986797,-8.838279,-18.00765,on bike mount,cyclo cross,True,sett,intermediate
a96b5a89-73b3-47d2-ba91-3e06bdcd6feb,f390ff9e-658b-4601-be4c-f2930ef65782,b0c1f966-efc6-42e9-88d1-73e3e248b42b,1632651033513,13.4364858,52.4937594,5.9383454,3.90834,6.6848054,-6.4000263,on bike mount,cyclo cross,True,sett,intermediate
a96b5a89-73b3-47d2-ba91-3e06bdcd6feb,f390ff9e-658b-4601-be4c-f2930ef65782,54357bfe-fd38-493a-8fbd-c32ce6fa324d,1632651033580,13.4364858,52.4937594,5.9383454,11.003119,-23.128166,20.126667,on bike mount,cyclo cross,True,sett,intermediate
a96b5a89-73b3-47d2-ba91-3e06bdcd6feb,f390ff9e-658b-4601-be4c-f2930ef65782,bb89ee1a-3fc9-4138-9ac5-8bc1df294d1b,1632651033647,13.4364858,52.4937594,5.9383454,2.1084847,33.116592,-9.374018,on bike mount,cyclo cross,True,sett,intermediate
a96b5a89-73b3-47d2-ba91-3e06bdcd6feb,f390ff9e-658b-4601-be4c-f2930ef65782,fa1e590b-aee8-43d5-bffb-fbb37a1544e5,1632651033713,13.4364858,52.4937594,5.9383454,2.744578,13.031524,-19.809807,on bike mount,cyclo cross,True,sett,intermediate
a96b5a89-73b3-47d2-ba91-3e06bdcd6feb,f390ff9e-658b-4601-be4c-f2930ef65782,192aeb97-0137-4f18-8afa-5130ab816381,1632651033763,13.4364858,52.4937594,5.9383454,-0.49341494,-34.182297,35.573135,on bike mount,cyclo cross,True,sett,intermediate
a96b5a89-73b3-47d2-ba91-3e06bdcd6feb,f390ff9e-658b-4601-be4c-f2930ef65782,9414436b-a6e8-41db-a7d1-cfdfe1907ab9,1632651033813,13.4364858,52.4937594,5.9383454,-1.4225942,7.114622,-28.262579,on bike mount,cyclo cross,True,sett,intermediate
a96b5a89-73b3-47d2-ba91-3e06bdcd6feb,f390ff9e-658b-4601-be4c-f2930ef65782,31d98698-07a5-4e1c-b39c-857acc8601cc,1632651033863,13.4364858,52.4937594,5.9383454,1.3196754,-2.181037,4.8283787,on bike mount,cyclo cross,True,sett,intermediate
a96b5a89-73b3-47d2-ba91-3e06bdcd6feb,f390ff9e-658b-4601-be4c-f2930ef65782,f8f79863-96f0-4afb-a159-a6c9a09dac30,1632651033914,13.4364858,52.4937594,5.9383454,-6.0063286,12.216923,-9.138962,on bike mount,cyclo cross,True,sett,intermediate
a96b5a89-73b3-47d2-ba91-3e06bdcd6feb,f390ff9e-658b-4601-be4c-f2930ef65782,5c7d29bc-1a41-47d3-97ee-4336b2721564,1632651033980,13.4364858,52.4937594,5.9383454,-1.8310535,-15.148466,32.85557,on bike mount,cyclo cross,True,sett,intermediate
a96b5a89-73b3-47d2-ba91-3e06bdcd6feb,f390ff9e-658b-4601-be4c-f2930ef65782,1e421845-9dc5-42b6-a6ea-50af38fc4c2b,1632651034030,13.4364858,52.4937594,5.9383454,0.32110122,1.467031,-30.020298,on bike mount,cyclo cross,True,sett,intermediate
a96b5a89-73b3-47d2-ba91-3e06bdcd6feb,f390ff9e-658b-4601-be4c-f2930ef65782,5bb8fb00-6492-494d-8b8f-a641d58cd5eb,1632651034081,13.4364858,52.4937594,5.9383454,1.549653,16.935394,-2.9183187,on bike mount,cyclo cross,True,sett,intermediate
a96b5a89-73b3-47d2-ba91-3e06bdcd6feb,f390ff9e-658b-4601-be4c-f2930ef65782,206939de-d277-43cc-b5af-db12af6fe6bb,1632651034147,13.4364059,52.493786,5.841643,3.9116738,1.1744833,13.106167,on bike mount,cyclo cross,True,sett,intermediate
a96b5a89-73b3-47d2-ba91-3e06bdcd6feb,f390ff9e-658b-4601-be4c-f2930ef65782,ceaccb11-584e-4534-9f5a-6dfb54847efa,1632651034197,13.4364059,52.493786,5.841643,0.38159943,-13.738764,3.0058088,on bike mount,cyclo cross,True,sett,intermediate
a96b5a89-73b3-47d2-ba91-3e06bdcd6feb,f390ff9e-658b-4601-be4c-f2930ef65782,3d4ab30c-374b-4eec-9531-f070deaa68b3,1632651034248,13.4364059,52.493786,5.841643,-1.1164461,16.012295,-17.283646,on bike mount,cyclo cross,True,sett,intermediate
a96b5a89-73b3-47d2-ba91-3e06bdcd6feb,f390ff9e-658b-4601-be4c-f2930ef65782,534bdef8-8d3f-4062-8554-6187a37ce6c0,1632651034314,13.4364059,52.493786,5.841643,2.6466918,3.7476435,-27.778858,on bike mount,cyclo cross,True,sett,intermediate
a96b5a89-73b3-47d2-ba91-3e06bdcd6feb,f390ff9e-658b-4601-be4c-f2930ef65782,b16fd9cb-0e78-4a06-b7cd-d1a90a471e00,1632651034381,13.4364059,52.493786,5.841643,-3.5446413,-8.639288,-19.748516,on bike mount,cyclo cross,True,sett,intermediate
a96b5a89-73b3-47d2-ba91-3e06bdcd6feb,f390ff9e-658b-4601-be4c-f2930ef65782,a9cf924f-b573-4b69-bf72-18ad7951b135,1632651034448,13.4364059,52.493786,5.841643,-0.33631957,12.834398,1.9431887,on bike mount,cyclo cross,True,sett,intermediate
a96b5a89-73b3-47d2-ba91-3e06bdcd6feb,f390ff9e-658b-4601-be4c-f2930ef65782,195443e4-3a75-4240-9ada-c633802c9d03,1632651034514,13.4364059,52.493786,5.841643,-6.3040977,26.482256,-3.2147415,on bike mount,cyclo cross,True,sett,intermediate
a96b5a89-73b3-47d2-ba91-3e06bdcd6feb,f390ff9e-658b-4601-be4c-f2930ef65782,be2ead62-c087-4bc8-beec-b74f3bf85763,1632651034581,13.4364059,52.493786,5.841643,7.55468,-34.560753,-0.6159396,on bike mount,cyclo cross,True,sett,intermediate
a96b5a89-73b3-47d2-ba91-3e06bdcd6feb,f390ff9e-658b-4601-be4c-f2930ef65782,df8806d0-d31c-43c2-9a5b-59a140f2e9a5,1632651034631,13.4364059,52.493786,5.841643,0.47905505,1.5009174,8.927604,on bike mount,cyclo cross,True,sett,intermediate
a96b5a89-73b3-47d2-ba91-3e06bdcd6feb,f390ff9e-658b-4601-be4c-f2930ef65782,3b9bff21-301e-4944-8afb-c932af305108,1632651034681,13.4364059,52.493786,5.841643,1.3380809,2.6071672,-10.495194,on bike mount,cyclo cross,True,sett,intermediate
a96b5a89-73b3-47d2-ba91-3e06bdcd6feb,f390ff9e-658b-4601-be4c-f2930ef65782,1b387b39-0d14-41ec-a604-c171836e700c,1632651034748,13.4364059,52.493786,5.841643,-4.2969956,25.186874,-6.8466444,on bike mount,cyclo cross,True,sett,intermediate
a96b5a89-73b3-47d2-ba91-3e06bdcd6feb,f390ff9e-658b-4601-be4c-f2930ef65782,16323e14-b38f-4b30-a73e-9fba352db06f,1632651034815,13.4364059,52.493786,5.841643,0.07963568,-8.4338455,-7.9324274,on bike mount,cyclo cross,True,sett,intermediate
a96b5a89-73b3-47d2-ba91-3e06bdcd6feb,f390ff9e-658b-4601-be4c-f2930ef65782,5071df55-f199-4ccd-beb8-d3360246a389,1632651034882,13.4364059,52.493786,5.841643,-0.24033988,-2.0288882,1.9274797,on bike mount,cyclo cross,True,sett,intermediate
a96b5a89-73b3-47d2-ba91-3e06bdcd6feb,f390ff9e-658b-4601-be4c-f2930ef65782,759aaadc-3c50-4d0d-b503-3200cf0c54aa,1632651034948,13.4364059,52.493786,5.841643,3.8057718,-24.029503,-5.7904234,on bike mount,cyclo cross,True,sett,intermediate
a96b5a89-73b3-47d2-ba91-3e06bdcd6feb,f390ff9e-658b-4601-be4c-f2930ef65782,e79bb7f0-2781-4750-b958-9480dc6d3a41,1632651034999,13.4364059,52.493786,5.841643,-3.882436,12.11413,-26.478468,on bike mount,cyclo cross,True,sett,intermediate
a96b5a89-73b3-47d2-ba91-3e06bdcd6feb,f390ff9e-658b-4601-be4c-f2930ef65782,ec9f63c5-634f-4224-aaed-190a5b1e2302,1632651035065,13.4364059,52.493786,5.841643,-9.809653,21.57683,-20.094105,on bike mount,cyclo cross,True,sett,intermediate
a96b5a89-73b3-47d2-ba91-3e06bdcd6feb,f390ff9e-658b-4601-be4c-f2930ef65782,43120199-279a-433e-b884-929cd9538877,1632651035132,13.4363292,52.4938106,5.9977546,3.1203687,8.267935,-30.067425,on bike mount,cyclo cross,True,sett,intermediate
a96b5a89-73b3-47d2-ba91-3e06bdcd6feb,f390ff9e-658b-4601-be4c-f2930ef65782,5debc1a8-d8f7-45c9-b4a2-c6b0328c1bf3,1632651035199,13.4363292,52.4938106,5.9977546,-1.5126506,-5.021905,-10.854151,on bike mount,cyclo cross,True,sett,intermediate
a96b5a89-73b3-47d2-ba91-3e06bdcd6feb,f390ff9e-658b-4601-be4c-f2930ef65782,766d96d9-3dfa-4a6e-828b-a5992126286b,1632651035265,13.4363292,52.4938106,5.9977546,-1.691544,25.388468,-3.873216,on bike mount,cyclo cross,True,sett,intermediate
a96b5a89-73b3-47d2-ba91-3e06bdcd6feb,f390ff9e-658b-4601-be4c-f2930ef65782,4190a045-66a4-40bf-a835-f08d025f8d49,1632651035332,13.4363292,52.4938106,5.9977546,-1.890825,3.5463514,2.2239485,on bike mount,cyclo cross,True,sett,intermediate
a96b5a89-73b3-47d2-ba91-3e06bdcd6feb,f390ff9e-658b-4601-be4c-f2930ef65782,f1657cda-7bd7-483c-a5d2-0c9d74eb2684,1632651035383,13.4363292,52.4938106,5.9977546,-1.8207258,12.068888,-4.0327744,on bike mount,cyclo cross,True,sett,intermediate
a96b5a89-73b3-47d2-ba91-3e06bdcd6feb,f390ff9e-658b-4601-be4c-f2930ef65782,53b005de-b5cc-42f5-8073-a306ace814d8,1632651035449,13.4363292,52.4938106,5.9977546,-0.020692468,-4.84328,-0.50359774,on bike mount,cyclo cross,True,sett,intermediate
a96b5a89-73b3-47d2-ba91-3e06bdcd6feb,f390ff9e-658b-4601-be4c-f2930ef65782,cb3a9d0b-8b5d-449c-aa34-f7bebf2ec3f3,1632651035500,13.4363292,52.4938106,5.9977546,1.9189593,-22.464397,1.0117025,on bike mount,cyclo cross,True,sett,intermediate
a96b5a89-73b3-47d2-ba91-3e06bdcd6feb,f390ff9e-658b-4601-be4c-f2930ef65782,cfae4af9-a53c-4704-9156-28e5b67ea6d9,1632651035566,13.4363292,52.4938106,5.9977546,3.287383,-4.868285,2.2360277,on bike mount,cyclo cross,True,sett,intermediate
a96b5a89-73b3-47d2-ba91-3e06bdcd6feb,f390ff9e-658b-4601-be4c-f2930ef65782,ffc35345-fe07-4bf0-a3cb-0a8beb4ea5ef,1632651035633,13.4363292,52.4938106,5.9977546,-3.931776,-5.625594,22.640203,on bike mount,cyclo cross,True,sett,intermediate
a96b5a89-73b3-47d2-ba91-3e06bdcd6feb,f390ff9e-658b-4601-be4c-f2930ef65782,12f50a3d-14e2-4984-8178-0261323f2b0e,1632651035700,13.4363292,52.4938106,5.9977546,2.5535915,-1.2259421,-13.549774,on bike mount,cyclo cross,True,sett,intermediate
a96b5a89-73b3-47d2-ba91-3e06bdcd6feb,f390ff9e-658b-4601-be4c-f2930ef65782,3dbcff53-982c-47fd-8c69-39835624f398,1632651035766,13.4363292,52.4938106,5.9977546,2.8247213,2.5357504,-24.169096,on bike mount,cyclo cross,True,sett,intermediate
a96b5a89-73b3-47d2-ba91-3e06bdcd6feb,f390ff9e-658b-4601-be4c-f2930ef65782,2210045f-c997-48ae-af6b-d114596ea4bd,1632651035833,13.4363292,52.4938106,5.9977546,-9.553196,-3.5986483,-7.3791704,on bike mount,cyclo cross,True,sett,intermediate
a96b5a89-73b3-47d2-ba91-3e06bdcd6feb,f390ff9e-658b-4601-be4c-f2930ef65782,1b1b710d-b4d2-4114-8330-27ebda2d60c1,1632651035883,13.4363292,52.4938106,5.9977546,11.570992,-9.123156,12.579245,on bike mount,cyclo cross,True,sett,intermediate
a96b5a89-73b3-47d2-ba91-3e06bdcd6feb,f390ff9e-658b-4601-be4c-f2930ef65782,37337164-8be5-46b3-a5d9-2ec8be02ecdf,1632651035933,13.4363292,52.4938106,5.9977546,-7.5663013,7.415286,-19.112831,on bike mount,cyclo cross,True,sett,intermediate
a96b5a89-73b3-47d2-ba91-3e06bdcd6feb,f390ff9e-658b-4601-be4c-f2930ef65782,6120a7d5-32bf-4167-930a-73d1b5cbe90a,1632651035983,13.4363292,52.4938106,5.9977546,13.357736,16.336063,-2.6124716,on bike mount,cyclo cross,True,sett,intermediate
a96b5a89-73b3-47d2-ba91-3e06bdcd6feb,f390ff9e-658b-4601-be4c-f2930ef65782,f4494cf8-bc44-400b-9b2e-fdbfceeda935,1632651036033,13.4363292,52.4938106,5.9977546,5.8472195,-28.242447,27.745483,on bike mount,cyclo cross,True,sett,intermediate
a96b5a89-73b3-47d2-ba91-3e06bdcd6feb,f390ff9e-658b-4601-be4c-f2930ef65782,240b0b5f-b325-47f7-a97e-22dd2f763a66,1632651036100,13.4363292,52.4938106,5.9977546,5.0838957,10.363428,3.4254475,on bike mount,cyclo cross,True,sett,intermediate
a96b5a89-73b3-47d2-ba91-3e06bdcd6feb,f390ff9e-658b-4601-be4c-f2930ef65782,573a426e-e163-4310-bb79-a0f5f836ab86,1632651036167,13.4362514,52.4938403,6.2482686,17.846973,7.6422596,4.3268423,on bike mount,cyclo cross,True,sett,intermediate
a96b5a89-73b3-47d2-ba91-3e06bdcd6feb,f390ff9e-658b-4601-be4c-f2930ef65782,ae417b64-104d-4d23-80ba-451e81552639,1632651036234,13.4362514,52.4938403,6.2482686,-2.0763984,-2.1538455,-5.5756154,on bike mount,cyclo cross,True,sett,intermediate
a96b5a89-73b3-47d2-ba91-3e06bdcd6feb,f390ff9e-658b-4601-be4c-f2930ef65782,c074ec63-99ae-4f99-bc66-4b78da8bb0e2,1632651036300,13.4362514,52.4938403,6.2482686,-5.303249,-3.1001801,-7.9174294,on bike mount,cyclo cross,True,sett,intermediate
a96b5a89-73b3-47d2-ba91-3e06bdcd6feb,f390ff9e-658b-4601-be4c-f2930ef65782,2e549558-5e6f-4238-ad9d-9f06a6b2990b,1632651036350,13.4362514,52.4938403,6.2482686,-4.3648376,-7.7009225,27.817524,on bike mount,cyclo cross,True,sett,intermediate
a96b5a89-73b3-47d2-ba91-3e06bdcd6feb,f390ff9e-658b-4601-be4c-f2930ef65782,0dd51770-c5c2-4ab4-86f4-2294c20f79ac,1632651036400,13.4362514,52.4938403,6.2482686,6.191878,-14.336838,-7.2078905,on bike mount,cyclo cross,True,sett,intermediate
a96b5a89-73b3-47d2-ba91-3e06bdcd6feb,f390ff9e-658b-4601-be4c-f2930ef65782,8e1db6d5-8b3c-4b40-9249-4a3fbc1e6611,1632651036467,13.4362514,52.4938403,6.2482686,1.7451786,-11.481839,-3.9856563,on bike mount,cyclo cross,True,sett,intermediate
a96b5a89-73b3-47d2-ba91-3e06bdcd6feb,f390ff9e-658b-4601-be4c-f2930ef65782,6fc6727f-519c-4dbc-928e-441c9895e135,1632651036518,13.4362514,52.4938403,6.2482686,8.041412,17.768497,-27.742922,on bike mount,cyclo cross,True,sett,intermediate
a96b5a89-73b3-47d2-ba91-3e06bdcd6feb,f390ff9e-658b-4601-be4c-f2930ef65782,2845bcc8-b5bf-4c7d-8cb8-70b734cd4f16,1632651036584,13.4362514,52.4938403,6.2482686,-11.736941,28.351557,22.221205,on bike mount,cyclo cross,True,sett,intermediate
a96b5a89-73b3-47d2-ba91-3e06bdcd6feb,f390ff9e-658b-4601-be4c-f2930ef65782,f65c2dcc-8e31-4e35-bf5d-5b4b2d83536d,1632651036635,13.4362514,52.4938403,6.2482686,-0.80778754,-28.979736,28.356136,on bike mount,cyclo cross,True,sett,intermediate
a96b5a89-73b3-47d2-ba91-3e06bdcd6feb,f390ff9e-658b-4601-be4c-f2930ef65782,98984863-9ac0-4cc9-83a7-c52bf509d460,1632651036701,13.4362514,52.4938403,6.2482686,10.1381445,-12.45944,20.162622,on bike mount,cyclo cross,True,sett,intermediate
a96b5a89-73b3-47d2-ba91-3e06bdcd6feb,f390ff9e-658b-4601-be4c-f2930ef65782,bdc7a3c2-e024-42f7-a0f1-4ca0fd13bb2b,1632651036751,13.4362514,52.4938403,6.2482686,-3.1018064,0.16590166,-10.122526,on bike mount,cyclo cross,True,sett,intermediate
a96b5a89-73b3-47d2-ba91-3e06bdcd6feb,f390ff9e-658b-4601-be4c-f2930ef65782,f366eb32-e85d-4706-9704-d575298e5666,1632651036801,13.4362514,52.4938403,6.2482686,13.325352,7.965099,-10.863507,on bike mount,cyclo cross,True,sett,intermediate
a96b5a89-73b3-47d2-ba91-3e06bdcd6feb,f390ff9e-658b-4601-be4c-f2930ef65782,eeca0a24-d3e9-499a-b7ab-35ffa3a2e171,1632651036851,13.4362514,52.4938403,6.2482686,-11.195725,16.225681,-24.909245,on bike mount,cyclo cross,True,sett,intermediate
a96b5a89-73b3-47d2-ba91-3e06bdcd6feb,f390ff9e-658b-4601-be4c-f2930ef65782,7e885ec8-f4c9-4b45-8166-bb609e4da2c7,1632651036901,13.4362514,52.4938403,6.2482686,-2.335362,-29.900787,-0.782495,on bike mount,cyclo cross,True,sett,intermediate
a96b5a89-73b3-47d2-ba91-3e06bdcd6feb,f390ff9e-658b-4601-be4c-f2930ef65782,d7b0525a-433d-4685-bbc6-1b88d96a6b54,1632651036951,13.4362514,52.4938403,6.2482686,4.1787214,-2.2391171,-2.4895244,on bike mount,cyclo cross,True,sett,intermediate
a96b5a89-73b3-47d2-ba91-3e06bdcd6feb,f390ff9e-658b-4601-be4c-f2930ef65782,7f888268-c78e-48ad-9316-db16c51c6af9,1632651037002,13.4362514,52.4938403,6.2482686,4.440813,14.480912,-12.760241,on bike mount,cyclo cross,True,sett,intermediate
a96b5a89-73b3-47d2-ba91-3e06bdcd6feb,f390ff9e-658b-4601-be4c-f2930ef65782,5cf4ad75-8d73-440f-9cb0-f5602ec125b5,1632651037069,13.4362514,52.4938403,6.2482686,2.3115792,-6.7968664,-10.488838,on bike mount,cyclo cross,True,sett,intermediate
a96b5a89-73b3-47d2-ba91-3e06bdcd6feb,f390ff9e-658b-4601-be4c-f2930ef65782,e7aac79a-35ff-4b41-8e77-d55620d1dd9e,1632651037135,13.4361778,52.4938752,6.3772206,-0.6521634,-30.746317,-14.138194,on bike mount,cyclo cross,True,sett,intermediate
a96b5a89-73b3-47d2-ba91-3e06bdcd6feb,f390ff9e-658b-4601-be4c-f2930ef65782,40270014-8afc-460d-8134-47fa63c1fd09,1632651037202,13.4361778,52.4938752,6.3772206,-4.7291346,6.0284944,-1.4825153,on bike mount,cyclo cross,True,sett,intermediate
a96b5a89-73b3-47d2-ba91-3e06bdcd6feb,f390ff9e-658b-4601-be4c-f2930ef65782,f9afd891-005d-434b-8e67-93bc4cc9a8fe,1632651037268,13.4361778,52.4938752,6.3772206,0.093298554,-15.801907,-12.090956,on bike mount,cyclo cross,True,sett,intermediate
a96b5a89-73b3-47d2-ba91-3e06bdcd6feb,f390ff9e-658b-4601-be4c-f2930ef65782,ea66b4c7-fd79-4f17-bcf1-b0bb69b5a680,1632651037335,13.4361778,52.4938752,6.3772206,2.954905,19.452034,-5.199976,on bike mount,cyclo cross,True,sett,intermediate
a96b5a89-73b3-47d2-ba91-3e06bdcd6feb,f390ff9e-658b-4601-be4c-f2930ef65782,88d644e9-7ab5-4db2-8f92-176c5bf3d917,1632651037385,13.4361778,52.4938752,6.3772206,-1.9539824,8.082098,-5.2606316,on bike mount,cyclo cross,True,sett,intermediate
a96b5a89-73b3-47d2-ba91-3e06bdcd6feb,f390ff9e-658b-4601-be4c-f2930ef65782,4d0b359c-d5e0-45e7-a442-e74a8be723b0,1632651037435,13.4361778,52.4938752,6.3772206,2.2839596,-35.55966,-3.133492,on bike mount,cyclo cross,True,sett,intermediate
a96b5a89-73b3-47d2-ba91-3e06bdcd6feb,f390ff9e-658b-4601-be4c-f2930ef65782,dfdf14f0-dcf9-4cc3-9810-aa65d5869d70,1632651037485,13.4361778,52.4938752,6.3772206,4.3336563,12.506978,-11.764473,on bike mount,cyclo cross,True,sett,intermediate
a96b5a89-73b3-47d2-ba91-3e06bdcd6feb,f390ff9e-658b-4601-be4c-f2930ef65782,141a06b7-f5e0-4544-8770-13d4485797b1,1632651037552,13.4361778,52.4938752,6.3772206,-5.9519405,-2.5424757,23.371197,on bike mount,cyclo cross,True,sett,intermediate
a96b5a89-73b3-47d2-ba91-3e06bdcd6feb,f390ff9e-658b-4601-be4c-f2930ef65782,1ad841ec-0643-44cb-9e1e-010320da6930,1632651037603,13.4361778,52.4938752,6.3772206,17.589132,-3.7787707,-1.314601,on bike mount,cyclo cross,True,sett,intermediate
a96b5a89-73b3-47d2-ba91-3e06bdcd6feb,f390ff9e-658b-4601-be4c-f2930ef65782,b3003af6-16b7-4a9e-b73c-e657b9c33f3f,1632651037669,13.4361778,52.4938752,6.3772206,-5.8033943,11.514723,-22.406868,on bike mount,cyclo cross,True,sett,intermediate
a96b5a89-73b3-47d2-ba91-3e06bdcd6feb,f390ff9e-658b-4601-be4c-f2930ef65782,f43513fa-2e0c-4151-877b-15ca3753cb2b,1632651037719,13.4361778,52.4938752,6.3772206,-0.8184112,4.773247,-3.2845917,on bike mount,cyclo cross,True,sett,intermediate
a96b5a89-73b3-47d2-ba91-3e06bdcd6feb,f390ff9e-658b-4601-be4c-f2930ef65782,8c3f0052-8925-43d2-9610-46308dfcf963,1632651037769,13.4361778,52.4938752,6.3772206,0.5925734,-13.341967,-18.92166,on bike mount,cyclo cross,True,sett,intermediate
a96b5a89-73b3-47d2-ba91-3e06bdcd6feb,f390ff9e-658b-4601-be4c-f2930ef65782,f3c8d443-6caf-40bc-8b5d-6eece5e56b67,1632651037819,13.4361778,52.4938752,6.3772206,-1.1723588,7.6912646,-9.693974,on bike mount,cyclo cross,True,sett,intermediate
a96b5a89-73b3-47d2-ba91-3e06bdcd6feb,f390ff9e-658b-4601-be4c-f2930ef65782,4acff935-810b-4bc5-a049-84b46471336a,1632651037869,13.4361778,52.4938752,6.3772206,1.6113584,0.84087276,25.481354,on bike mount,cyclo cross,True,sett,intermediate
a96b5a89-73b3-47d2-ba91-3e06bdcd6feb,f390ff9e-658b-4601-be4c-f2930ef65782,a6a94928-70ca-4ca1-9f66-7c2458ec1ebb,1632651037920,13.4361778,52.4938752,6.3772206,-3.0908976,-7.3282223,13.658162,on bike mount,cyclo cross,True,sett,intermediate
a96b5a89-73b3-47d2-ba91-3e06bdcd6feb,f390ff9e-658b-4601-be4c-f2930ef65782,a57adda0-3fbb-4dc8-a73e-9d086dc7e05f,1632651037987,13.4361778,52.4938752,6.3772206,-7.7617574,-42.09422,-1.350316,on bike mount,cyclo cross,True,sett,intermediate
a96b5a89-73b3-47d2-ba91-3e06bdcd6feb,f390ff9e-658b-4601-be4c-f2930ef65782,8833db8f-ce89-4a66-a8de-aa6a47d4fcd2,1632651038053,13.4361778,52.4938752,6.3772206,3.3490038,-61.03811,15.371958,on bike mount,cyclo cross,True,sett,intermediate
a96b5a89-73b3-47d2-ba91-3e06bdcd6feb,f390ff9e-658b-4601-be4c-f2930ef65782,dc37a0e9-3635-4c4c-b942-51446db76842,1632651038103,13.4360886,52.4939031,6.7275343,9.726597,23.306318,-15.429815,on bike mount,cyclo cross,True,sett,intermediate
a96b5a89-73b3-47d2-ba91-3e06bdcd6feb,f390ff9e-658b-4601-be4c-f2930ef65782,811c0364-e53d-4248-b7fe-a4df53863502,1632651038153,13.4360886,52.4939031,6.7275343,0.91254324,-6.3309827,2.352149,on bike mount,cyclo cross,True,sett,intermediate
a96b5a89-73b3-47d2-ba91-3e06bdcd6feb,f390ff9e-658b-4601-be4c-f2930ef65782,4e6c577e-3bbb-4b08-af00-9e74472d50c7,1632651038220,13.4360886,52.4939031,6.7275343,4.1720357,17.01335,-2.5752263,on bike mount,cyclo cross,True,sett,intermediate
a96b5a89-73b3-47d2-ba91-3e06bdcd6feb,f390ff9e-658b-4601-be4c-f2930ef65782,cb377446-e307-4e4d-84a8-75ed41a244fa,1632651038287,13.4360886,52.4939031,6.7275343,-2.7271116,-6.164303,-11.792633,on bike mount,cyclo cross,True,sett,intermediate
a96b5a89-73b3-47d2-ba91-3e06bdcd6feb,f390ff9e-658b-4601-be4c-f2930ef65782,9f468f37-0163-4312-8d46-9f60d100ab38,1632651038354,13.4360886,52.4939031,6.7275343,-5.429682,8.225986,-24.640335,on bike mount,cyclo cross,True,sett,intermediate
a96b5a89-73b3-47d2-ba91-3e06bdcd6feb,f390ff9e-658b-4601-be4c-f2930ef65782,8bfde9d2-db8d-4038-9772-9713eb23855f,1632651038404,13.4360886,52.4939031,6.7275343,5.680516,10.766443,-10.402418,on bike mount,cyclo cross,True,sett,intermediate
a96b5a89-73b3-47d2-ba91-3e06bdcd6feb,f390ff9e-658b-4601-be4c-f2930ef65782,c6d909cb-300c-4ac3-a243-dccbd52aaf48,1632651038470,13.4360886,52.4939031,6.7275343,5.3274136,2.8547535,-9.527664,on bike mount,cyclo cross,True,sett,intermediate
a96b5a89-73b3-47d2-ba91-3e06bdcd6feb,f390ff9e-658b-4601-be4c-f2930ef65782,b0815de9-4ff5-454f-b62d-a8d4db1b9fa9,1632651038520,13.4360886,52.4939031,6.7275343,2.9166784,-21.426653,44.7222,on bike mount,cyclo cross,True,sett,intermediate
a96b5a89-73b3-47d2-ba91-3e06bdcd6feb,f390ff9e-658b-4601-be4c-f2930ef65782,a0ef9a9b-7a59-4071-b3ee-50b20044e0d4,1632651038570,13.4360886,52.4939031,6.7275343,-0.2573605,-28.582054,36.00382,on bike mount,cyclo cross,True,sett,intermediate
a96b5a89-73b3-47d2-ba91-3e06bdcd6feb,f390ff9e-658b-4601-be4c-f2930ef65782,e3295aec-6158-4f1d-b744-5ae305a72cd7,1632651038637,13.4360886,52.4939031,6.7275343,-7.346667,-30.739975,40.149796,on bike mount,cyclo cross,True,sett,intermediate
a96b5a89-73b3-47d2-ba91-3e06bdcd6feb,f390ff9e-658b-4601-be4c-f2930ef65782,30dc0cef-64ff-4dff-b761-f229bf95170c,1632651038687,13.4360886,52.4939031,6.7275343,-0.44261968,-24.378994,-50.183224,on bike mount,cyclo cross,True,sett,intermediate
a96b5a89-73b3-47d2-ba91-3e06bdcd6feb,f390ff9e-658b-4601-be4c-f2930ef65782,4bd840a1-8e8f-42d5-a437-f2777a7c77b5,1632651038737,13.4360886,52.4939031,6.7275343,-5.6588964,19.255453,9.87187,on bike mount,cyclo cross,True,sett,intermediate
a96b5a89-73b3-47d2-ba91-3e06bdcd6feb,f390ff9e-658b-4601-be4c-f2930ef65782,a9227ae7-db29-42fe-8a09-f5122589625f,1632651038787,13.4360886,52.4939031,6.7275343,-3.237278,-8.520483,-8.601119,on bike mount,cyclo cross,True,sett,intermediate
a96b5a89-73b3-47d2-ba91-3e06bdcd6feb,f390ff9e-658b-4601-be4c-f2930ef65782,7f65c529-c61c-4ef4-958d-c3c736dc2aa4,1632651038837,13.4360886,52.4939031,6.7275343,6.6316447,-73.784584,45.58352,on bike mount,cyclo cross,True,sett,intermediate
a96b5a89-73b3-47d2-ba91-3e06bdcd6feb,f390ff9e-658b-4601-be4c-f2930ef65782,78e843f1-0508-4ca4-aa38-f7b65d1721b7,1632651038888,13.4360886,52.4939031,6.7275343,8.459238,11.014989,-21.272411,on bike mount,cyclo cross,True,sett,intermediate
a96b5a89-73b3-47d2-ba91-3e06bdcd6feb,f390ff9e-658b-4601-be4c-f2930ef65782,3e46f0d5-8c9c-4335-b451-79b8c2573624,1632651038954,13.4360886,52.4939031,6.7275343,-2.6540153,1.6655383,17.434753,on bike mount,cyclo cross,True,sett,intermediate
a96b5a89-73b3-47d2-ba91-3e06bdcd6feb,f390ff9e-658b-4601-be4c-f2930ef65782,156c2082-5d54-4447-b933-8ac109c6b431,1632651039005,13.4360886,52.4939031,6.7275343,-2.205668,30.948195,-27.321358,on bike mount,cyclo cross,True,sett,intermediate
a96b5a89-73b3-47d2-ba91-3e06bdcd6feb,f390ff9e-658b-4601-be4c-f2930ef65782,9e998543-7784-4648-bd42-065c4cb811e6,1632651039072,13.4360886,52.4939031,6.7275343,2.857679,8.77306,-23.493446,on bike mount,cyclo cross,True,sett,intermediate
a96b5a89-73b3-47d2-ba91-3e06bdcd6feb,f390ff9e-658b-4601-be4c-f2930ef65782,5fa78f7e-fe10-42c9-9d57-5f4de3083b07,1632651039138,13.4359959,52.4939263,6.398621,8.9557495,7.526943,-27.975117,on bike mount,cyclo cross,True,sett,intermediate
a96b5a89-73b3-47d2-ba91-3e06bdcd6feb,f390ff9e-658b-4601-be4c-f2930ef65782,cd216fe8-bd69-4c2e-b7f0-48461b147336,1632651039205,13.4359959,52.4939263,6.398621,-2.1083026,19.962782,-26.373426,on bike mount,cyclo cross,True,sett,intermediate
a96b5a89-73b3-47d2-ba91-3e06bdcd6feb,f390ff9e-658b-4601-be4c-f2930ef65782,4e69ab54-2ad6-478b-8135-2c74848137e5,1632651039271,13.4359959,52.4939263,6.398621,1.1135651,-11.997654,28.249487,on bike mount,cyclo cross,True,sett,intermediate
a96b5a89-73b3-47d2-ba91-3e06bdcd6feb,f390ff9e-658b-4601-be4c-f2930ef65782,6a0082ec-b789-44bb-8ca0-622d15b90f07,1632651039338,13.4359959,52.4939263,6.398621,-6.199231,2.2440434,12.007899,on bike mount,cyclo cross,True,sett,intermediate
a96b5a89-73b3-47d2-ba91-3e06bdcd6feb,f390ff9e-658b-4601-be4c-f2930ef65782,4c9fc4f6-83e5-49ed-8dda-6ca76c77b41f,1632651039389,13.4359959,52.4939263,6.398621,6.5542297,-3.9492013,19.514845,on bike mount,cyclo cross,True,sett,intermediate
a96b5a89-73b3-47d2-ba91-3e06bdcd6feb,f390ff9e-658b-4601-be4c-f2930ef65782,646acc3a-72be-4be3-9404-6c811153beb2,1632651039455,13.4359959,52.4939263,6.398621,-1.5412233,-60.237835,-2.8119092,on bike mount,cyclo cross,True,sett,intermediate
a96b5a89-73b3-47d2-ba91-3e06bdcd6feb,f390ff9e-658b-4601-be4c-f2930ef65782,c92d8699-1b6a-4239-b5cd-f0e71db11a70,1632651039505,13.4359959,52.4939263,6.398621,-9.432952,22.07938,-26.456327,on bike mount,cyclo cross,True,sett,intermediate
a96b5a89-73b3-47d2-ba91-3e06bdcd6feb,f390ff9e-658b-4601-be4c-f2930ef65782,ca9a727e-12f7-49a2-8eef-d43c706445bb,1632651039556,13.4359959,52.4939263,6.398621,-2.2786884,16.670214,-27.530691,on bike mount,cyclo cross,True,sett,intermediate
a96b5a89-73b3-47d2-ba91-3e06bdcd6feb,f390ff9e-658b-4601-be4c-f2930ef65782,0fd3d794-e6c4-449e-9f29-0d353f90521c,1632651039622,13.4359959,52.4939263,6.398621,3.254527,19.133442,-9.246447,on bike mount,cyclo cross,True,sett,intermediate
a96b5a89-73b3-47d2-ba91-3e06bdcd6feb,f390ff9e-658b-4601-be4c-f2930ef65782,adbed508-076e-417f-aff3-4f6c20a8a6f2,1632651039672,13.4359959,52.4939263,6.398621,1.9748024,-17.794933,-36.73364,on bike mount,cyclo cross,True,sett,intermediate
a96b5a89-73b3-47d2-ba91-3e06bdcd6feb,f390ff9e-658b-4601-be4c-f2930ef65782,e34aa436-b535-44f8-b2a2-74d8a7372a69,1632651039722,13.4359959,52.4939263,6.398621,3.9854164,-47.44899,9.535972,on bike mount,cyclo cross,True,sett,intermediate
a96b5a89-73b3-47d2-ba91-3e06bdcd6feb,f390ff9e-658b-4601-be4c-f2930ef65782,5300cb4e-52d5-4da3-9fac-e7ac06a8e0c8,1632651039789,13.4359959,52.4939263,6.398621,13.790924,-25.53149,27.95185,on bike mount,cyclo cross,True,sett,intermediate
a96b5a89-73b3-47d2-ba91-3e06bdcd6feb,f390ff9e-658b-4601-be4c-f2930ef65782,bf63945e-bffe-49b1-b447-19b28614fcd4,1632651039856,13.4359959,52.4939263,6.398621,0.8252221,-0.26440668,3.2671728,on bike mount,cyclo cross,True,sett,intermediate
a96b5a89-73b3-47d2-ba91-3e06bdcd6feb,f390ff9e-658b-4601-be4c-f2930ef65782,3c98f78f-d414-4796-806e-4a84466b86dc,1632651039923,13.4359959,52.4939263,6.398621,-0.5080768,-26.545458,-0.83502865,on bike mount,cyclo cross,True,sett,intermediate
a96b5a89-73b3-47d2-ba91-3e06bdcd6feb,f390ff9e-658b-4601-be4c-f2930ef65782,74a1576d-05e1-45e8-b7d0-d7531fb857ec,1632651039989,13.4359959,52.4939263,6.398621,7.3393126,-8.7468605,2.194848,on bike mount,cyclo cross,True,sett,intermediate
a96b5a89-73b3-47d2-ba91-3e06bdcd6feb,f390ff9e-658b-4601-be4c-f2930ef65782,36862526-12f6-49b7-8abb-c39435ddf17f,1632651040039,13.4359959,52.4939263,6.398621,7.375652,-9.951043,4.963022,on bike mount,cyclo cross,True,sett,intermediate
a96b5a89-73b3-47d2-ba91-3e06bdcd6feb,f390ff9e-658b-4601-be4c-f2930ef65782,9e62198f-ac1a-4f4a-972c-b20fd6b20989,1632651040094,13.4359122,52.4939565,6.5362215,-0.48757175,11.189168,7.0705256,on bike mount,cyclo cross,True,sett,intermediate
a96b5a89-73b3-47d2-ba91-3e06bdcd6feb,f390ff9e-658b-4601-be4c-f2930ef65782,17e17823-111b-45ad-aff7-09373f523e04,1632651040156,13.4359122,52.4939565,6.5362215,2.0367038,14.49762,-25.814182,on bike mount,cyclo cross,True,sett,intermediate
a96b5a89-73b3-47d2-ba91-3e06bdcd6feb,f390ff9e-658b-4601-be4c-f2930ef65782,05a22039-6a5d-4110-aa73-4d301aecfc48,1632651040223,13.4359122,52.4939565,6.5362215,7.54895,3.7622142,-11.264389,on bike mount,cyclo cross,True,sett,intermediate
a96b5a89-73b3-47d2-ba91-3e06bdcd6feb,f390ff9e-658b-4601-be4c-f2930ef65782,1df44f2f-c79c-4012-bc87-1e329e5dfff8,1632651040290,13.4359122,52.4939565,6.5362215,2.0060608,8.003093,-24.216272,on bike mount,cyclo cross,True,sett,intermediate
a96b5a89-73b3-47d2-ba91-3e06bdcd6feb,f390ff9e-658b-4601-be4c-f2930ef65782,c9dd7f5b-ac00-421c-87c7-8146f96769b5,1632651040357,13.4359122,52.4939565,6.5362215,6.511154,0.6281109,-3.3829334,on bike mount,cyclo cross,True,sett,intermediate
a96b5a89-73b3-47d2-ba91-3e06bdcd6feb,f390ff9e-658b-4601-be4c-f2930ef65782,684a4244-00dc-4614-84a0-5b9fa3ceb764,1632651040423,13.4359122,52.4939565,6.5362215,-6.8157077,26.894238,17.98967,on bike mount,cyclo cross,True,sett,intermediate
a96b5a89-73b3-47d2-ba91-3e06bdcd6feb,f390ff9e-658b-4601-be4c-f2930ef65782,e46c64eb-9513-451a-8c25-e46a3f058c13,1632651040474,13.4359122,52.4939565,6.5362215,0.79973835,-14.986668,7.1715775,on bike mount,cyclo cross,True,sett,intermediate
a96b5a89-73b3-47d2-ba91-3e06bdcd6feb,f390ff9e-658b-4601-be4c-f2930ef65782,86a121fc-3035-4a41-8c0d-114b58d39e0c,1632651040540,13.4359122,52.4939565,6.5362215,1.0553437,-37.68756,5.535986,on bike mount,cyclo cross,True,sett,intermediate
a96b5a89-73b3-47d2-ba91-3e06bdcd6feb,f390ff9e-658b-4601-be4c-f2930ef65782,094fe76a-b059-44d2-aba7-2a813061f933,1632651040590,13.4359122,52.4939565,6.5362215,-2.4686174,-8.610449,13.552185,on bike mount,cyclo cross,True,sett,intermediate
a96b5a89-73b3-47d2-ba91-3e06bdcd6feb,f390ff9e-658b-4601-be4c-f2930ef65782,733c7a2c-79e8-4f13-b42d-5308c9c722ee,1632651040640,13.4359122,52.4939565,6.5362215,-4.834225,3.3835363,15.751825,on bike mount,cyclo cross,True,sett,intermediate
a96b5a89-73b3-47d2-ba91-3e06bdcd6feb,f390ff9e-658b-4601-be4c-f2930ef65782,b00394b1-3938-4c6b-bf40-35f66083f681,1632651040691,13.4359122,52.4939565,6.5362215,-0.33115557,-17.483051,7.232869,on bike mount,cyclo cross,True,sett,intermediate
a96b5a89-73b3-47d2-ba91-3e06bdcd6feb,f390ff9e-658b-4601-be4c-f2930ef65782,b1ae8e6e-ee9c-4e80-ba76-01d1bb15c382,1632651040757,13.4359122,52.4939565,6.5362215,-0.38113135,19.09927,2.7557487,on bike mount,cyclo cross,True,sett,intermediate
a96b5a89-73b3-47d2-ba91-3e06bdcd6feb,f390ff9e-658b-4601-be4c-f2930ef65782,1dd51021-7a0d-49bf-8f61-5c55160fb2ce,1632651040807,13.4359122,52.4939565,6.5362215,-2.3640394,-11.564817,0.37275314,on bike mount,cyclo cross,True,sett,intermediate
a96b5a89-73b3-47d2-ba91-3e06bdcd6feb,f390ff9e-658b-4601-be4c-f2930ef65782,f890cae5-aa72-4548-8efd-7b8861876be3,1632651040857,13.4359122,52.4939565,6.5362215,-6.8716807,23.532879,-15.331327,on bike mount,cyclo cross,True,sett,intermediate
a96b5a89-73b3-47d2-ba91-3e06bdcd6feb,f390ff9e-658b-4601-be4c-f2930ef65782,75eeb884-75ef-42d7-9064-34f26da90c30,1632651040907,13.4359122,52.4939565,6.5362215,0.15951294,26.062454,-17.190266,on bike mount,cyclo cross,True,sett,intermediate
a96b5a89-73b3-47d2-ba91-3e06bdcd6feb,f390ff9e-658b-4601-be4c-f2930ef65782,aa0aba19-629e-488f-bdb8-90beb3e3414c,1632651040958,13.4359122,52.4939565,6.5362215,0.34009272,-15.605571,-10.879849,on bike mount,cyclo cross,True,sett,intermediate
a96b5a89-73b3-47d2-ba91-3e06bdcd6feb,f390ff9e-658b-4601-be4c-f2930ef65782,3ad01534-c150-41ee-a879-783a5c20e343,1632651041024,13.4359122,52.4939565,6.5362215,-1.0896327,-0.99735117,9.769279,on bike mount,cyclo cross,True,sett,intermediate
a96b5a89-73b3-47d2-ba91-3e06bdcd6feb,f390ff9e-658b-4601-be4c-f2930ef65782,eab3fa68-abd8-43f5-ac96-ffac55717774,1632651041075,13.4359122,52.4939565,6.5362215,2.2067974,-3.0939162,27.706984,on bike mount,cyclo cross,True,sett,intermediate
a96b5a89-73b3-47d2-ba91-3e06bdcd6feb,f390ff9e-658b-4601-be4c-f2930ef65782,ed24b3c9-1476-47bd-95c0-1870a194d475,1632651041141,13.4358357,52.4939893,6.106068,-0.8114108,4.2625055,0.3953619,on bike mount,cyclo cross,True,sett,intermediate
a96b5a89-73b3-47d2-ba91-3e06bdcd6feb,f390ff9e-658b-4601-be4c-f2930ef65782,9e60b345-8a66-441a-b049-d35c22e58921,1632651041191,13.4358357,52.4939893,6.106068,0.76804316,-0.32638168,-12.067673,on bike mount,cyclo cross,True,sett,intermediate
a96b5a89-73b3-47d2-ba91-3e06bdcd6feb,f390ff9e-658b-4601-be4c-f2930ef65782,34542c87-2279-4a81-b542-3989e225080a,1632651041242,13.4358357,52.4939893,6.106068,1.4130375,10.1691265,-4.6732273,on bike mount,cyclo cross,True,sett,intermediate
a96b5a89-73b3-47d2-ba91-3e06bdcd6feb,f390ff9e-658b-4601-be4c-f2930ef65782,ad9479d9-3330-4ffb-a0ac-f8476b279df6,1632651041308,13.4358357,52.4939893,6.106068,7.1505613,1.8711615,-10.375105,on bike mount,cyclo cross,True,sett,intermediate
a96b5a89-73b3-47d2-ba91-3e06bdcd6feb,f390ff9e-658b-4601-be4c-f2930ef65782,02a1acbe-8fab-436c-8668-28fa91139b2c,1632651041358,13.4358357,52.4939893,6.106068,-1.4990819,-1.0870099,16.416807,on bike mount,cyclo cross,True,sett,intermediate
a96b5a89-73b3-47d2-ba91-3e06bdcd6feb,f390ff9e-658b-4601-be4c-f2930ef65782,2aef443d-6375-4d28-a521-86ef5b0b3e4c,1632651041408,13.4358357,52.4939893,6.106068,5.061511,-10.210463,23.034065,on bike mount,cyclo cross,True,sett,intermediate
a96b5a89-73b3-47d2-ba91-3e06bdcd6feb,f390ff9e-658b-4601-be4c-f2930ef65782,5d79cf2a-5987-4294-9e04-8b9aebba81cc,1632651041458,13.4358357,52.4939893,6.106068,-5.839303,36.672203,-8.629224,on bike mount,cyclo cross,True,sett,intermediate
a96b5a89-73b3-47d2-ba91-3e06bdcd6feb,f390ff9e-658b-4601-be4c-f2930ef65782,0151c8f0-987f-43a2-95e0-f28d2a5c4781,1632651041509,13.4358357,52.4939893,6.106068,-7.15065,8.039858,-8.083199,on bike mount,cyclo cross,True,sett,intermediate
a96b5a89-73b3-47d2-ba91-3e06bdcd6feb,f390ff9e-658b-4601-be4c-f2930ef65782,13f7aaa5-735d-4d9a-9153-8283cc44c399,1632651041575,13.4358357,52.4939893,6.106068,-1.2297469,8.066769,-8.845597,on bike mount,cyclo cross,True,sett,intermediate
a96b5a89-73b3-47d2-ba91-3e06bdcd6feb,f390ff9e-658b-4601-be4c-f2930ef65782,e3147e72-412d-455a-93e1-d972c78b1089,1632651041642,13.4358357,52.4939893,6.106068,-5.6200805,14.573526,5.5432625,on bike mount,cyclo cross,True,sett,intermediate
a96b5a89-73b3-47d2-ba91-3e06bdcd6feb,f390ff9e-658b-4601-be4c-f2930ef65782,a0e6da31-519a-4f11-8b2d-ddbe648d7ca7,1632651041692,13.4358357,52.4939893,6.106068,3.3055189,-16.728048,30.216436,on bike mount,cyclo cross,True,sett,intermediate
a96b5a89-73b3-47d2-ba91-3e06bdcd6feb,f390ff9e-658b-4601-be4c-f2930ef65782,bd05a845-a3c7-4313-b756-1723942c5cd1,1632651041759,13.4358357,52.4939893,6.106068,1.5883329,-15.204954,25.00767,on bike mount,cyclo cross,True,sett,intermediate
a96b5a89-73b3-47d2-ba91-3e06bdcd6feb,f390ff9e-658b-4601-be4c-f2930ef65782,c596334a-5caa-4ecd-86fe-5cff3c862747,1632651041826,13.4358357,52.4939893,6.106068,0.0051306486,5.372154,-0.93324375,on bike mount,cyclo cross,True,sett,intermediate
a96b5a89-73b3-47d2-ba91-3e06bdcd6feb,f390ff9e-658b-4601-be4c-f2930ef65782,aadcd4ca-7cf0-4f3b-954d-b0b61bdd7ef6,1632651041893,13.4358357,52.4939893,6.106068,-6.4358726,-0.59292793,8.321287,on bike mount,cyclo cross,True,sett,intermediate
a96b5a89-73b3-47d2-ba91-3e06bdcd6feb,f390ff9e-658b-4601-be4c-f2930ef65782,ad364f62-238f-47a7-8b08-5344d431b1f7,1632651041959,13.4358357,52.4939893,6.106068,0.8371884,-0.9403181,17.641027,on bike mount,cyclo cross,True,sett,intermediate
a96b5a89-73b3-47d2-ba91-3e06bdcd6feb,f390ff9e-658b-4601-be4c-f2930ef65782,688c2c50-2355-4ebf-bb49-4dad48f2d96a,1632651042009,13.4358357,52.4939893,6.106068,-8.495079,-1.906996,17.650326,on bike mount,cyclo cross,True,sett,intermediate
a96b5a89-73b3-47d2-ba91-3e06bdcd6feb,f390ff9e-658b-4601-be4c-f2930ef65782,8f561060-53cb-4bde-a0d2-079936cfd4df,1632651042059,13.4358357,52.4939893,6.106068,1.7528471,9.360134,-9.78401,on bike mount,cyclo cross,True,sett,intermediate
a96b5a89-73b3-47d2-ba91-3e06bdcd6feb,f390ff9e-658b-4601-be4c-f2930ef65782,bd9b98cf-240d-41b7-b6f5-ca3a5ca0d578,1632651042126,13.4357547,52.4940082,5.612104,0.19910048,-4.8888655,-4.282083,on bike mount,cyclo cross,True,sett,intermediate
a96b5a89-73b3-47d2-ba91-3e06bdcd6feb,f390ff9e-658b-4601-be4c-f2930ef65782,c28defaf-2bcc-4a8c-a13e-62661c23d7e5,1632651042193,13.4357547,52.4940082,5.612104,0.29605368,-13.862566,20.052416,on bike mount,cyclo cross,True,sett,intermediate
a96b5a89-73b3-47d2-ba91-3e06bdcd6feb,f390ff9e-658b-4601-be4c-f2930ef65782,62836fe6-dc2e-42a5-bc7b-93c7d5c35769,1632651042259,13.4357547,52.4940082,5.612104,-1.5756156,3.443427,5.5935497,on bike mount,cyclo cross,True,sett,intermediate
a96b5a89-73b3-47d2-ba91-3e06bdcd6feb,f390ff9e-658b-4601-be4c-f2930ef65782,0f683eed-a1fa-43aa-b93a-7fef28aca47a,1632651042310,13.4357547,52.4940082,5.612104,0.1933077,10.005186,1.0121069,on bike mount,cyclo cross,True,sett,intermediate
a96b5a89-73b3-47d2-ba91-3e06bdcd6feb,f390ff9e-658b-4601-be4c-f2930ef65782,59d2812c-6c4d-4a18-b84b-fa1d417db0b8,1632651042376,13.4357547,52.4940082,5.612104,11.299813,18.96827,11.152588,on bike mount,cyclo cross,True,sett,intermediate
a96b5a89-73b3-47d2-ba91-3e06bdcd6feb,f390ff9e-658b-4601-be4c-f2930ef65782,0af36797-c11b-400e-a670-08044a74b74f,1632651042426,13.4357547,52.4940082,5.612104,0.57956374,16.298916,15.986509,on bike mount,cyclo cross,True,sett,intermediate
a96b5a89-73b3-47d2-ba91-3e06bdcd6feb,f390ff9e-658b-4601-be4c-f2930ef65782,2a702220-8b12-4f26-be4b-18fa730920b1,1632651042477,13.4357547,52.4940082,5.612104,-1.7585735,-8.451034,27.528801,on bike mount,cyclo cross,True,sett,intermediate
a96b5a89-73b3-47d2-ba91-3e06bdcd6feb,f390ff9e-658b-4601-be4c-f2930ef65782,b9a93af0-7151-44e3-87bb-a110fa6abc7b,1632651042543,13.4357547,52.4940082,5.612104,-10.402601,29.587233,20.97305,on bike mount,cyclo cross,True,sett,intermediate
a96b5a89-73b3-47d2-ba91-3e06bdcd6feb,f390ff9e-658b-4601-be4c-f2930ef65782,1d9f1b0d-d3ba-4f9e-a605-b53c61fac2a4,1632651042594,13.4357547,52.4940082,5.612104,-0.66719896,-1.8809083,16.417843,on bike mount,cyclo cross,True,sett,intermediate
a96b5a89-73b3-47d2-ba91-3e06bdcd6feb,f390ff9e-658b-4601-be4c-f2930ef65782,c9bf0450-7443-447f-bd56-3bece492af1e,1632651042660,13.4357547,52.4940082,5.612104,2.8451383,6.539113,-22.692448,on bike mount,cyclo cross,True,sett,intermediate
a96b5a89-73b3-47d2-ba91-3e06bdcd6feb,f390ff9e-658b-4601-be4c-f2930ef65782,2b6ec7b9-73d6-4a63-a909-74a2bf0ef4dd,1632651042727,13.4357547,52.4940082,5.612104,4.742988,11.163692,-17.546772,on bike mount,cyclo cross,True,sett,intermediate
a96b5a89-73b3-47d2-ba91-3e06bdcd6feb,f390ff9e-658b-4601-be4c-f2930ef65782,4f52716a-3e9b-4d7b-aee8-ae07f479c369,1632651042794,13.4357547,52.4940082,5.612104,1.1697872,-14.845793,29.754816,on bike mount,cyclo cross,True,sett,intermediate
a96b5a89-73b3-47d2-ba91-3e06bdcd6feb,f390ff9e-658b-4601-be4c-f2930ef65782,ee4c16b7-f335-44ad-b7e8-9513baeab8e1,1632651042860,13.4357547,52.4940082,5.612104,-19.59553,-10.331212,48.80059,on bike mount,cyclo cross,True,sett,intermediate
a96b5a89-73b3-47d2-ba91-3e06bdcd6feb,f390ff9e-658b-4601-be4c-f2930ef65782,58f6b83a-3e77-4372-b0de-f8daa3b284dd,1632651042911,13.4357547,52.4940082,5.612104,-2.8537343,-22.772146,-26.408825,on bike mount,cyclo cross,True,sett,intermediate
a96b5a89-73b3-47d2-ba91-3e06bdcd6feb,f390ff9e-658b-4601-be4c-f2930ef65782,887f13ac-5c56-4125-9745-fad21a700ecb,1632651042977,13.4357547,52.4940082,5.612104,2.813922,13.093302,-10.696419,on bike mount,cyclo cross,True,sett,intermediate
a96b5a89-73b3-47d2-ba91-3e06bdcd6feb,f390ff9e-658b-4601-be4c-f2930ef65782,f2f575bc-5c29-40a5-b436-48efe1187cd1,1632651043027,13.4357547,52.4940082,5.612104,4.674448,-16.14468,31.726389,on bike mount,cyclo cross,True,sett,intermediate
a96b5a89-73b3-47d2-ba91-3e06bdcd6feb,f390ff9e-658b-4601-be4c-f2930ef65782,1262fba8-94de-4270-aad9-1d2adf502c00,1632651043078,13.4357547,52.4940082,5.612104,5.7250514,-38.23805,-1.9301424,on bike mount,cyclo cross,True,sett,intermediate
a96b5a89-73b3-47d2-ba91-3e06bdcd6feb,f390ff9e-658b-4601-be4c-f2930ef65782,bb8f7f5f-a09c-493a-a883-bda0c5df83bf,1632651043144,13.4356753,52.4940312,6.0234337,6.284023,-20.0874,36.277664,on bike mount,cyclo cross,True,sett,intermediate
a96b5a89-73b3-47d2-ba91-3e06bdcd6feb,f390ff9e-658b-4601-be4c-f2930ef65782,48acff9c-1718-4b2a-a5cd-f4eb6ea4e680,1632651043193,13.4356753,52.4940312,6.0234337,4.607867,5.778663,-14.097221,on bike mount,cyclo cross,True,sett,intermediate
a96b5a89-73b3-47d2-ba91-3e06bdcd6feb,f390ff9e-658b-4601-be4c-f2930ef65782,37ad9e3a-0f66-4509-999d-9b642ce05588,1632651043244,13.4356753,52.4940312,6.0234337,1.8377539,-5.4028993,18.259066,on bike mount,cyclo cross,True,sett,intermediate
a96b5a89-73b3-47d2-ba91-3e06bdcd6feb,f390ff9e-658b-4601-be4c-f2930ef65782,ade97b1a-cff1-400a-99ea-578fe4759e1e,1632651043311,13.4356753,52.4940312,6.0234337,-5.1929293,7.286478,-0.90709496,on bike mount,cyclo cross,True,sett,intermediate
a96b5a89-73b3-47d2-ba91-3e06bdcd6feb,f390ff9e-658b-4601-be4c-f2930ef65782,0efa25d9-f524-4eaf-814a-09693124ccca,1632651043378,13.4356753,52.4940312,6.0234337,6.9360533,15.341405,4.0934105,on bike mount,cyclo cross,True,sett,intermediate
a96b5a89-73b3-47d2-ba91-3e06bdcd6feb,f390ff9e-658b-4601-be4c-f2930ef65782,82d27195-bd23-4cc3-85cb-cad0e57ef662,1632651043445,13.4356753,52.4940312,6.0234337,1.1789236,-31.746208,18.271221,on bike mount,cyclo cross,True,sett,intermediate
a96b5a89-73b3-47d2-ba91-3e06bdcd6feb,f390ff9e-658b-4601-be4c-f2930ef65782,009a7856-b93c-47fd-aa8b-7a805c618de0,1632651043511,13.4356753,52.4940312,6.0234337,6.7511005,-20.157986,23.777855,on bike mount,cyclo cross,True,sett,intermediate
a96b5a89-73b3-47d2-ba91-3e06bdcd6feb,f390ff9e-658b-4601-be4c-f2930ef65782,f0e9c7bd-6401-4623-b583-9f6e110a27e4,1632651043578,13.4356753,52.4940312,6.0234337,0.77312434,-31.49158,46.265392,on bike mount,cyclo cross,True,sett,intermediate
a96b5a89-73b3-47d2-ba91-3e06bdcd6feb,f390ff9e-658b-4601-be4c-f2930ef65782,f7bc5a08-5c81-49c0-b858-4111be8eba7c,1632651043628,13.4356753,52.4940312,6.0234337,1.2915093,8.839804,1.5460625,on bike mount,cyclo cross,True,sett,intermediate
a96b5a89-73b3-47d2-ba91-3e06bdcd6feb,f390ff9e-658b-4601-be4c-f2930ef65782,f9e0ed7d-3551-40bb-a4c5-600e92475051,1632651043679,13.4356753,52.4940312,6.0234337,2.203977,-3.0688636,-19.842892,on bike mount,cyclo cross,True,sett,intermediate
a96b5a89-73b3-47d2-ba91-3e06bdcd6feb,f390ff9e-658b-4601-be4c-f2930ef65782,40176bff-b201-404a-bbf3-3e2b8f5c24a9,1632651043745,13.4356753,52.4940312,6.0234337,-4.724921,-1.1383123,-16.819477,on bike mount,cyclo cross,True,sett,intermediate
a96b5a89-73b3-47d2-ba91-3e06bdcd6feb,f390ff9e-658b-4601-be4c-f2930ef65782,e61e6692-8665-410e-8b50-8a4956116bb1,1632651043812,13.4356753,52.4940312,6.0234337,-5.122557,17.505703,1.5166816,on bike mount,cyclo cross,True,sett,intermediate
a96b5a89-73b3-47d2-ba91-3e06bdcd6feb,f390ff9e-658b-4601-be4c-f2930ef65782,d0b6d434-013c-41ed-a66f-7e9160737ade,1632651043879,13.4356753,52.4940312,6.0234337,-5.269777,11.140518,-10.832877,on bike mount,cyclo cross,True,sett,intermediate
a96b5a89-73b3-47d2-ba91-3e06bdcd6feb,f390ff9e-658b-4601-be4c-f2930ef65782,96040e70-c2a0-4f16-8d55-e4073b3a8634,1632651043945,13.4356753,52.4940312,6.0234337,-5.1701045,15.059757,-19.261234,on bike mount,cyclo cross,True,sett,intermediate
a96b5a89-73b3-47d2-ba91-3e06bdcd6feb,f390ff9e-658b-4601-be4c-f2930ef65782,a2e71245-0d3f-416f-8e41-c183db171a3b,1632651044012,13.4356753,52.4940312,6.0234337,-2.7169118,1.41188,-14.08513,on bike mount,cyclo cross,True,sett,intermediate
a96b5a89-73b3-47d2-ba91-3e06bdcd6feb,f390ff9e-658b-4601-be4c-f2930ef65782,dbcdab8c-c990-40e7-9d00-03f552c7a482,1632651044080,13.4356753,52.4940312,6.0234337,0.2680242,17.916508,-6.816193,on bike mount,cyclo cross,True,sett,intermediate
a96b5a89-73b3-47d2-ba91-3e06bdcd6feb,f390ff9e-658b-4601-be4c-f2930ef65782,7f539b46-8755-411e-b8e2-7670ce8d52df,1632651044146,13.4355901,52.4940529,5.69073,8.228773,19.3642,-4.024821,on bike mount,cyclo cross,True,sett,intermediate
a96b5a89-73b3-47d2-ba91-3e06bdcd6feb,f390ff9e-658b-4601-be4c-f2930ef65782,fbacb8df-153b-4500-afb6-5c364c0fd919,1632651044213,13.4355901,52.4940529,5.69073,-0.1573214,-19.646955,3.9283485,on bike mount,cyclo cross,True,sett,intermediate
a96b5a89-73b3-47d2-ba91-3e06bdcd6feb,f390ff9e-658b-4601-be4c-f2930ef65782,ce426aff-30da-4dd3-a57c-be130ac2ac94,1632651044279,13.4355901,52.4940529,5.69073,0.2880457,-7.526626,-21.508894,on bike mount,cyclo cross,True,sett,intermediate
a96b5a89-73b3-47d2-ba91-3e06bdcd6feb,f390ff9e-658b-4601-be4c-f2930ef65782,b3ae3cad-6b6b-4e80-8ed5-81110db89832,1632651044346,13.4355901,52.4940529,5.69073,8.980542,1.0486565,-33.85824,on bike mount,cyclo cross,True,sett,intermediate
a96b5a89-73b3-47d2-ba91-3e06bdcd6feb,f390ff9e-658b-4601-be4c-f2930ef65782,cc301b26-58d9-4246-ae2d-c6c3ba097ab9,1632651044396,13.4355901,52.4940529,5.69073,-9.681235,6.919936,16.644192,on bike mount,cyclo cross,True,sett,intermediate
a96b5a89-73b3-47d2-ba91-3e06bdcd6feb,f390ff9e-658b-4601-be4c-f2930ef65782,caf5c0fd-be62-4eb1-8b64-0c2312df4caa,1632651044447,13.4355901,52.4940529,5.69073,3.4079273,-31.137856,14.603659,on bike mount,cyclo cross,True,sett,intermediate
a96b5a89-73b3-47d2-ba91-3e06bdcd6feb,f390ff9e-658b-4601-be4c-f2930ef65782,00132176-4ee7-4a85-b8ca-220151a0e086,1632651044513,13.4355901,52.4940529,5.69073,1.8688632,-10.704478,-17.34331,on bike mount,cyclo cross,True,sett,intermediate
a96b5a89-73b3-47d2-ba91-3e06bdcd6feb,f390ff9e-658b-4601-be4c-f2930ef65782,d57f1273-0041-4166-aad8-951a73c9e7d7,1632651044580,13.4355901,52.4940529,5.69073,2.6708734,9.127159,-16.974823,on bike mount,cyclo cross,True,sett,intermediate
a96b5a89-73b3-47d2-ba91-3e06bdcd6feb,f390ff9e-658b-4601-be4c-f2930ef65782,725c4439-d270-462c-9e77-137258e610ec,1632651044647,13.4355901,52.4940529,5.69073,-3.8115711,23.864561,-4.622038,on bike mount,cyclo cross,True,sett,intermediate
a96b5a89-73b3-47d2-ba91-3e06bdcd6feb,f390ff9e-658b-4601-be4c-f2930ef65782,f99d341d-7c61-4a1e-8c33-75460dae59c9,1632651044713,13.4355901,52.4940529,5.69073,-4.0291924,9.2180195,-12.654274,on bike mount,cyclo cross,True,sett,intermediate
a96b5a89-73b3-47d2-ba91-3e06bdcd6feb,f390ff9e-658b-4601-be4c-f2930ef65782,ab4dd727-2b83-4a59-89e0-36b1b9a342d4,1632651044763,13.4355901,52.4940529,5.69073,2.715242,-5.8176017,-16.685455,on bike mount,cyclo cross,True,sett,intermediate
a96b5a89-73b3-47d2-ba91-3e06bdcd6feb,f390ff9e-658b-4601-be4c-f2930ef65782,01a50e0b-3d05-4346-96e0-b381b7d40986,1632651044813,13.4355901,52.4940529,5.69073,2.1182256,-21.846062,22.145905,on bike mount,cyclo cross,True,sett,intermediate
a96b5a89-73b3-47d2-ba91-3e06bdcd6feb,f390ff9e-658b-4601-be4c-f2930ef65782,f96f8895-734b-466d-9783-612155bcd907,1632651044864,13.4355901,52.4940529,5.69073,-13.436488,9.603376,-5.3561597,on bike mount,cyclo cross,True,sett,intermediate
a96b5a89-73b3-47d2-ba91-3e06bdcd6feb,f390ff9e-658b-4601-be4c-f2930ef65782,2f72156e-da44-46dc-ad5a-2222fc330504,1632651044930,13.4355901,52.4940529,5.69073,3.564746,-2.803278,-1.8545451,on bike mount,cyclo cross,True,sett,intermediate
a96b5a89-73b3-47d2-ba91-3e06bdcd6feb,f390ff9e-658b-4601-be4c-f2930ef65782,2691cb4e-e6c7-44ce-99d1-389172ad9d18,1632651044980,13.4355901,52.4940529,5.69073,-0.14862299,-5.3617716,25.828745,on bike mount,cyclo cross,True,sett,intermediate
a96b5a89-73b3-47d2-ba91-3e06bdcd6feb,f390ff9e-658b-4601-be4c-f2930ef65782,20933773-c8a4-4604-836a-bb6a6d197ff1,1632651045031,13.4355901,52.4940529,5.69073,-2.0204997,15.19986,18.18687,on bike mount,cyclo cross,True,sett,intermediate
a96b5a89-73b3-47d2-ba91-3e06bdcd6feb,f390ff9e-658b-4601-be4c-f2930ef65782,e498d7dc-3cb4-4d0d-baa7-81f45c6a49c6,1632651045098,13.4355901,52.4940529,5.69073,2.882481,8.029457,-10.935088,on bike mount,cyclo cross,True,sett,intermediate
