bike_activity_uid,bike_activity_sample_uid,bike_activity_measurement,bike_activity_measurement_timestamp,bike_activity_measurement_lon,bike_activity_measurement_lat,bike_activity_measurement_speed,bike_activity_measurement_accelerometer_x,bike_activity_measurement_accelerometer_y,bike_activity_measurement_accelerometer_z,bike_activity_phone_position,bike_activity_bike_type,bike_activity_flagged_lab_conditions,bike_activity_surface_type,bike_activity_smoothness_type
ad6b8960-356d-40df-b594-e9ef53e88d2e,18ed8160-cd60-4277-a163-0245213ddefc,ac002561-a30f-4e8a-8eb2-fe5c4f2324d7,1633159741954,13.7259275,52.4306737,7.1592,-0.23970453,-1.5266926,1.8512774,on bike mount,cyclo cross,True,asphalt,excellent
ad6b8960-356d-40df-b594-e9ef53e88d2e,18ed8160-cd60-4277-a163-0245213ddefc,b1541f1f-e002-4e8e-9567-26d18037f363,1633159742020,13.7259275,52.4306737,7.1592,0.5474657,-0.8328339,-0.32158184,on bike mount,cyclo cross,True,asphalt,excellent
ad6b8960-356d-40df-b594-e9ef53e88d2e,18ed8160-cd60-4277-a163-0245213ddefc,141bfe13-ab91-42c3-8e54-4ea9264cbc67,1633159742069,13.7259275,52.4306737,7.1592,0.23156479,-1.0069305,1.3060312,on bike mount,cyclo cross,True,asphalt,excellent
ad6b8960-356d-40df-b594-e9ef53e88d2e,18ed8160-cd60-4277-a163-0245213ddefc,f15bb789-2baa-44b0-ae22-4729be029c48,1633159742120,13.7259275,52.4306737,7.1592,0.91231585,-0.7326765,-0.6143694,on bike mount,cyclo cross,True,asphalt,excellent
ad6b8960-356d-40df-b594-e9ef53e88d2e,18ed8160-cd60-4277-a163-0245213ddefc,afecb6e5-45dc-4e66-9cd2-a41cce301348,1633159742169,13.7259275,52.4306737,7.1592,-0.6402304,1.0442123,-2.1055517,on bike mount,cyclo cross,True,asphalt,excellent
ad6b8960-356d-40df-b594-e9ef53e88d2e,18ed8160-cd60-4277-a163-0245213ddefc,a0b4ca0c-fdf8-4d6d-90fe-ba342bd99a79,1633159742220,13.7259275,52.4306737,7.1592,1.6175957,3.1246097,-0.6411133,on bike mount,cyclo cross,True,asphalt,excellent
ad6b8960-356d-40df-b594-e9ef53e88d2e,18ed8160-cd60-4277-a163-0245213ddefc,5b329d2a-954b-4df9-b3ff-32dff315c8db,1633159742270,13.7259275,52.4306737,7.1592,0.5696936,0.61138225,-1.6683269,on bike mount,cyclo cross,True,asphalt,excellent
ad6b8960-356d-40df-b594-e9ef53e88d2e,18ed8160-cd60-4277-a163-0245213ddefc,ff4fdd0e-c809-42e3-98bd-9edd4526da6d,1633159742336,13.7259275,52.4306737,7.1592,0.19176568,0.51936126,-0.21657848,on bike mount,cyclo cross,True,asphalt,excellent
ad6b8960-356d-40df-b594-e9ef53e88d2e,18ed8160-cd60-4277-a163-0245213ddefc,637c4030-02c8-49bf-95c1-bad5db78c8d2,1633159742386,13.7259275,52.4306737,7.1592,0.36543855,-1.1400815,1.5440063,on bike mount,cyclo cross,True,asphalt,excellent
ad6b8960-356d-40df-b594-e9ef53e88d2e,18ed8160-cd60-4277-a163-0245213ddefc,b4dc14fe-0b63-48e2-87fc-1951d47885bd,1633159742437,13.7259275,52.4306737,7.1592,0.571288,-0.5691438,1.0787706,on bike mount,cyclo cross,True,asphalt,excellent
ad6b8960-356d-40df-b594-e9ef53e88d2e,18ed8160-cd60-4277-a163-0245213ddefc,76df7a13-fc1b-49b6-b008-71114e083eea,1633159742487,13.7259275,52.4306737,7.1592,0.07652816,-1.119008,-0.5633755,on bike mount,cyclo cross,True,asphalt,excellent
ad6b8960-356d-40df-b594-e9ef53e88d2e,18ed8160-cd60-4277-a163-0245213ddefc,92a2792e-1d66-440e-9246-507020c54bdf,1633159742537,13.7259275,52.4306737,7.1592,0.276467,0.8419318,-0.36192513,on bike mount,cyclo cross,True,asphalt,excellent
ad6b8960-356d-40df-b594-e9ef53e88d2e,18ed8160-cd60-4277-a163-0245213ddefc,7daaba55-0fe5-4a10-8c32-6f8fdfe4911b,1633159742587,13.7259275,52.4306737,7.1592,0.27438653,1.993393,-0.03310585,on bike mount,cyclo cross,True,asphalt,excellent
ad6b8960-356d-40df-b594-e9ef53e88d2e,18ed8160-cd60-4277-a163-0245213ddefc,e964b9e7-dd43-4b32-acc7-c02ff2c0af1c,1633159742660,13.7260333,52.4306653,7.322006,-0.7817248,-0.8645365,1.8365946,on bike mount,cyclo cross,True,asphalt,excellent
ad6b8960-356d-40df-b594-e9ef53e88d2e,18ed8160-cd60-4277-a163-0245213ddefc,5bc61fc0-b9aa-41b5-87f7-e4665d84f3c8,1633159742721,13.7260333,52.4306653,7.322006,-0.28532746,-0.7155824,-0.654912,on bike mount,cyclo cross,True,asphalt,excellent
ad6b8960-356d-40df-b594-e9ef53e88d2e,18ed8160-cd60-4277-a163-0245213ddefc,85566d40-71c8-4a54-a67b-138fbcff1a27,1633159742771,13.7260333,52.4306653,7.322006,-0.68124545,-0.6989002,1.0009708,on bike mount,cyclo cross,True,asphalt,excellent
ad6b8960-356d-40df-b594-e9ef53e88d2e,18ed8160-cd60-4277-a163-0245213ddefc,0b7c914e-4a01-4ba9-8897-a0099b12a00e,1633159742821,13.7260333,52.4306653,7.322006,0.5434806,-0.29668736,0.19719982,on bike mount,cyclo cross,True,asphalt,excellent
ad6b8960-356d-40df-b594-e9ef53e88d2e,18ed8160-cd60-4277-a163-0245213ddefc,189ceedf-0a8e-4a26-ba12-55050bf96d84,1633159742872,13.7260333,52.4306653,7.322006,-1.0719596,1.2305694,-7.736083,on bike mount,cyclo cross,True,asphalt,excellent
ad6b8960-356d-40df-b594-e9ef53e88d2e,18ed8160-cd60-4277-a163-0245213ddefc,f4235254-9ec7-4ec7-9094-4931f8d283e8,1633159742923,13.7260333,52.4306653,7.322006,-0.69713855,0.100293875,4.3669863,on bike mount,cyclo cross,True,asphalt,excellent
ad6b8960-356d-40df-b594-e9ef53e88d2e,18ed8160-cd60-4277-a163-0245213ddefc,83845ed5-d3f4-4247-b83d-7c869922cb14,1633159742989,13.7260333,52.4306653,7.322006,-0.5692614,-3.14715,-1.2222586,on bike mount,cyclo cross,True,asphalt,excellent
ad6b8960-356d-40df-b594-e9ef53e88d2e,18ed8160-cd60-4277-a163-0245213ddefc,4901afab-7744-431b-8953-29f2803a7ccb,1633159743039,13.7260333,52.4306653,7.322006,0.24437784,-0.32038927,-0.68306065,on bike mount,cyclo cross,True,asphalt,excellent
ad6b8960-356d-40df-b594-e9ef53e88d2e,18ed8160-cd60-4277-a163-0245213ddefc,98a360af-0e82-4c3f-a7c6-9929f64ef1b2,1633159743089,13.7260333,52.4306653,7.322006,0.7769,0.63484335,0.31663418,on bike mount,cyclo cross,True,asphalt,excellent
ad6b8960-356d-40df-b594-e9ef53e88d2e,18ed8160-cd60-4277-a163-0245213ddefc,27bbd83d-41a0-4e1d-ab3a-ffe946d2cf82,1633159743139,13.7260333,52.4306653,7.322006,-0.117886044,-0.4852314,1.891139,on bike mount,cyclo cross,True,asphalt,excellent
ad6b8960-356d-40df-b594-e9ef53e88d2e,18ed8160-cd60-4277-a163-0245213ddefc,4f1399da-5228-43d8-8170-5eaefae57b41,1633159743189,13.7260333,52.4306653,7.322006,0.086391136,-0.6169903,0.10877514,on bike mount,cyclo cross,True,asphalt,excellent
ad6b8960-356d-40df-b594-e9ef53e88d2e,18ed8160-cd60-4277-a163-0245213ddefc,c668838a-dccd-4b31-9bba-8c8dcfa99521,1633159743239,13.7260333,52.4306653,7.322006,-0.1616951,-0.8296803,0.2880869,on bike mount,cyclo cross,True,asphalt,excellent
ad6b8960-356d-40df-b594-e9ef53e88d2e,18ed8160-cd60-4277-a163-0245213ddefc,74c3aebb-660d-4846-b1f2-adfbd6b69454,1633159743289,13.7260333,52.4306653,7.322006,0.18842167,1.2554622,-1.1059041,on bike mount,cyclo cross,True,asphalt,excellent
ad6b8960-356d-40df-b594-e9ef53e88d2e,18ed8160-cd60-4277-a163-0245213ddefc,db655d4d-f78b-4798-86d2-6656a8ecc519,1633159743341,13.7260333,52.4306653,7.322006,-0.4196119,0.2746129,-1.2400541,on bike mount,cyclo cross,True,asphalt,excellent
ad6b8960-356d-40df-b594-e9ef53e88d2e,18ed8160-cd60-4277-a163-0245213ddefc,ec09586b-b4bb-452c-87f3-1185b230f551,1633159743406,13.7260333,52.4306653,7.322006,0.628904,2.1231756,1.025816,on bike mount,cyclo cross,True,asphalt,excellent
ad6b8960-356d-40df-b594-e9ef53e88d2e,18ed8160-cd60-4277-a163-0245213ddefc,5d3a602d-49fe-4518-b69d-ae452178f777,1633159743457,13.7260333,52.4306653,7.322006,-0.8617733,0.5400524,0.16745472,on bike mount,cyclo cross,True,asphalt,excellent
ad6b8960-356d-40df-b594-e9ef53e88d2e,18ed8160-cd60-4277-a163-0245213ddefc,3ceabde3-0185-4d76-b4bf-28b5c33a1bc3,1633159743523,13.7260333,52.4306653,7.322006,-0.28247273,-1.8605309,1.6724949,on bike mount,cyclo cross,True,asphalt,excellent
ad6b8960-356d-40df-b594-e9ef53e88d2e,18ed8160-cd60-4277-a163-0245213ddefc,53cd7e82-13df-4d12-ab58-547ad127d382,1633159743573,13.7260333,52.4306653,7.322006,-0.22806981,-0.20997953,-0.632493,on bike mount,cyclo cross,True,asphalt,excellent
ad6b8960-356d-40df-b594-e9ef53e88d2e,18ed8160-cd60-4277-a163-0245213ddefc,abba5844-dec0-42ad-95f7-83a1815cdf71,1633159743631,13.7260333,52.4306653,7.322006,-0.6790946,0.49461365,0.15318298,on bike mount,cyclo cross,True,asphalt,excellent
ad6b8960-356d-40df-b594-e9ef53e88d2e,18ed8160-cd60-4277-a163-0245213ddefc,9b51cc0b-3a02-4ef1-98c1-bf76d3ea1d20,1633159743689,13.7261358,52.4306603,7.170082,0.8815919,-2.1555457,-1.4387789,on bike mount,cyclo cross,True,asphalt,excellent
ad6b8960-356d-40df-b594-e9ef53e88d2e,18ed8160-cd60-4277-a163-0245213ddefc,daa4c117-d60e-4e7f-979a-9f9b101c98fe,1633159743741,13.7261358,52.4306603,7.170082,0.5111407,0.4832008,0.4230566,on bike mount,cyclo cross,True,asphalt,excellent
ad6b8960-356d-40df-b594-e9ef53e88d2e,18ed8160-cd60-4277-a163-0245213ddefc,cb8171c0-deff-4df0-a67d-f7575d2eceb3,1633159743808,13.7261358,52.4306603,7.170082,-1.6058464,-1.087113,-0.40127087,on bike mount,cyclo cross,True,asphalt,excellent
ad6b8960-356d-40df-b594-e9ef53e88d2e,18ed8160-cd60-4277-a163-0245213ddefc,fe3516d6-641e-482d-a65d-e9ca67ac914c,1633159743859,13.7261358,52.4306603,7.170082,2.1974256,-0.59272885,1.5728521,on bike mount,cyclo cross,True,asphalt,excellent
ad6b8960-356d-40df-b594-e9ef53e88d2e,18ed8160-cd60-4277-a163-0245213ddefc,e14064a0-f7f8-4193-88a2-581278e8e690,1633159743924,13.7261358,52.4306603,7.170082,-1.076858,0.5133059,-0.7825079,on bike mount,cyclo cross,True,asphalt,excellent
ad6b8960-356d-40df-b594-e9ef53e88d2e,18ed8160-cd60-4277-a163-0245213ddefc,3fb8888a-d15d-463f-96d6-32b14d1ec321,1633159743974,13.7261358,52.4306603,7.170082,1.4872758,-0.15508151,-0.41112328,on bike mount,cyclo cross,True,asphalt,excellent
ad6b8960-356d-40df-b594-e9ef53e88d2e,18ed8160-cd60-4277-a163-0245213ddefc,002c4fc8-62fa-46d6-a8b8-59dffc71031f,1633159744026,13.7261358,52.4306603,7.170082,1.2618763,-0.24522352,-0.27377892,on bike mount,cyclo cross,True,asphalt,excellent
ad6b8960-356d-40df-b594-e9ef53e88d2e,18ed8160-cd60-4277-a163-0245213ddefc,84b7297b-398d-4636-ba59-2a689671beff,1633159744076,13.7261358,52.4306603,7.170082,-0.74542356,-1.694581,0.04648018,on bike mount,cyclo cross,True,asphalt,excellent
ad6b8960-356d-40df-b594-e9ef53e88d2e,18ed8160-cd60-4277-a163-0245213ddefc,5d30310f-924a-4499-abad-cdba039ef9be,1633159744142,13.7261358,52.4306603,7.170082,0.24968863,0.52535653,-0.9252534,on bike mount,cyclo cross,True,asphalt,excellent
ad6b8960-356d-40df-b594-e9ef53e88d2e,18ed8160-cd60-4277-a163-0245213ddefc,d37f756f-b834-4212-a1a8-78e98bef59a0,1633159744193,13.7261358,52.4306603,7.170082,0.13881552,0.6993644,-0.34482574,on bike mount,cyclo cross,True,asphalt,excellent
ad6b8960-356d-40df-b594-e9ef53e88d2e,18ed8160-cd60-4277-a163-0245213ddefc,b623e3a4-0aea-4b9f-9cae-d8265b251b0e,1633159744243,13.7261358,52.4306603,7.170082,-1.0636612,-1.2233,-0.8323393,on bike mount,cyclo cross,True,asphalt,excellent
ad6b8960-356d-40df-b594-e9ef53e88d2e,18ed8160-cd60-4277-a163-0245213ddefc,a7180407-d573-4c63-8f93-4da1532a2da9,1633159744309,13.7261358,52.4306603,7.170082,0.22260429,-1.0067105,3.350175,on bike mount,cyclo cross,True,asphalt,excellent
ad6b8960-356d-40df-b594-e9ef53e88d2e,18ed8160-cd60-4277-a163-0245213ddefc,87356431-7217-443c-9874-82c896f3aee7,1633159744359,13.7261358,52.4306603,7.170082,1.3252474,0.18012595,-1.7599716,on bike mount,cyclo cross,True,asphalt,excellent
ad6b8960-356d-40df-b594-e9ef53e88d2e,18ed8160-cd60-4277-a163-0245213ddefc,c8ea23af-a3d0-447b-b698-33a1a27a1309,1633159744410,13.7261358,52.4306603,7.170082,-0.7468957,-1.2357862,1.6351843,on bike mount,cyclo cross,True,asphalt,excellent
ad6b8960-356d-40df-b594-e9ef53e88d2e,18ed8160-cd60-4277-a163-0245213ddefc,dc87e532-94b5-4612-895b-c7ea67789a00,1633159744460,13.7261358,52.4306603,7.170082,1.3912979,-0.77059937,1.9550295,on bike mount,cyclo cross,True,asphalt,excellent
ad6b8960-356d-40df-b594-e9ef53e88d2e,18ed8160-cd60-4277-a163-0245213ddefc,2276b071-1fed-4c45-a6be-18745af5e12c,1633159744510,13.7261358,52.4306603,7.170082,0.16010861,0.18883896,-1.6744356,on bike mount,cyclo cross,True,asphalt,excellent
ad6b8960-356d-40df-b594-e9ef53e88d2e,18ed8160-cd60-4277-a163-0245213ddefc,4977be07-685c-4947-87d1-aa9a74edd26e,1633159744560,13.7261358,52.4306603,7.170082,-2.516347,2.9947114,-5.204416,on bike mount,cyclo cross,True,asphalt,excellent
ad6b8960-356d-40df-b594-e9ef53e88d2e,18ed8160-cd60-4277-a163-0245213ddefc,0d763362-8d01-4420-acf2-26c3f3394e00,1633159744611,13.7261358,52.4306603,7.170082,-0.2063399,-0.23453832,-0.87510204,on bike mount,cyclo cross,True,asphalt,excellent
ad6b8960-356d-40df-b594-e9ef53e88d2e,18ed8160-cd60-4277-a163-0245213ddefc,95e4b5ed-eec8-4ee3-9d3e-2c8b85847156,1633159744676,13.7262386,52.4306535,7.2444077,0.8815599,-0.24503803,-0.4113903,on bike mount,cyclo cross,True,asphalt,excellent
ad6b8960-356d-40df-b594-e9ef53e88d2e,18ed8160-cd60-4277-a163-0245213ddefc,0e32e6fa-fa95-4374-a9dc-721b3870c890,1633159744727,13.7262386,52.4306535,7.2444077,-0.26788777,2.0682561,-0.34797287,on bike mount,cyclo cross,True,asphalt,excellent
ad6b8960-356d-40df-b594-e9ef53e88d2e,18ed8160-cd60-4277-a163-0245213ddefc,668e08ea-ae8d-4986-8db5-139380aab1a1,1633159744778,13.7262386,52.4306535,7.2444077,0.20139748,0.99397326,-0.5399494,on bike mount,cyclo cross,True,asphalt,excellent
ad6b8960-356d-40df-b594-e9ef53e88d2e,18ed8160-cd60-4277-a163-0245213ddefc,76e3bcd0-8050-4f6e-b3a6-d9352fdcb24a,1633159744843,13.7262386,52.4306535,7.2444077,0.07210672,-0.07666659,0.71153545,on bike mount,cyclo cross,True,asphalt,excellent
ad6b8960-356d-40df-b594-e9ef53e88d2e,18ed8160-cd60-4277-a163-0245213ddefc,2bf58fae-4130-42f3-8268-5cbfd841185f,1633159744896,13.7262386,52.4306535,7.2444077,0.6745157,-2.6776295,1.9456682,on bike mount,cyclo cross,True,asphalt,excellent
ad6b8960-356d-40df-b594-e9ef53e88d2e,18ed8160-cd60-4277-a163-0245213ddefc,f778854f-5dde-4283-8db9-7cb29377032f,1633159744960,13.7262386,52.4306535,7.2444077,-0.09214199,1.5284979,0.37394238,on bike mount,cyclo cross,True,asphalt,excellent
ad6b8960-356d-40df-b594-e9ef53e88d2e,18ed8160-cd60-4277-a163-0245213ddefc,a1e24560-6417-42f6-848a-6e52345d1a6c,1633159745010,13.7262386,52.4306535,7.2444077,-0.1579365,1.0145283,-0.16286469,on bike mount,cyclo cross,True,asphalt,excellent
ad6b8960-356d-40df-b594-e9ef53e88d2e,18ed8160-cd60-4277-a163-0245213ddefc,a12f8591-c14f-4168-8607-eca074e549d8,1633159745061,13.7262386,52.4306535,7.2444077,0.04013063,-0.3953421,-0.69069004,on bike mount,cyclo cross,True,asphalt,excellent
ad6b8960-356d-40df-b594-e9ef53e88d2e,18ed8160-cd60-4277-a163-0245213ddefc,4d75c905-522c-4bfb-99a3-3008d5015813,1633159745111,13.7262386,52.4306535,7.2444077,-0.7010801,0.37185717,1.0253305,on bike mount,cyclo cross,True,asphalt,excellent
ad6b8960-356d-40df-b594-e9ef53e88d2e,18ed8160-cd60-4277-a163-0245213ddefc,f6c3a37e-f2e2-4df5-9116-47d5f27c9b92,1633159745161,13.7262386,52.4306535,7.2444077,0.020258754,0.5273559,2.5816183,on bike mount,cyclo cross,True,asphalt,excellent
ad6b8960-356d-40df-b594-e9ef53e88d2e,18ed8160-cd60-4277-a163-0245213ddefc,856c9532-c6bd-479b-ae2a-3b4d6a504ab1,1633159745212,13.7262386,52.4306535,7.2444077,0.1984106,0.21063328,-2.3575025,on bike mount,cyclo cross,True,asphalt,excellent
ad6b8960-356d-40df-b594-e9ef53e88d2e,18ed8160-cd60-4277-a163-0245213ddefc,1d0a1624-23d6-4f71-a3c9-7c0cc51a5cbb,1633159745261,13.7262386,52.4306535,7.2444077,0.42221797,1.4304638,-1.0817556,on bike mount,cyclo cross,True,asphalt,excellent
ad6b8960-356d-40df-b594-e9ef53e88d2e,18ed8160-cd60-4277-a163-0245213ddefc,35884558-eb97-44b1-a5c2-a8f2671f5565,1633159745311,13.7262386,52.4306535,7.2444077,0.19003928,-1.6178758,-0.20377445,on bike mount,cyclo cross,True,asphalt,excellent
ad6b8960-356d-40df-b594-e9ef53e88d2e,18ed8160-cd60-4277-a163-0245213ddefc,f9b5680b-76a1-4558-a4d2-eac37c7178d0,1633159745362,13.7262386,52.4306535,7.2444077,-0.4393314,0.18895793,1.0892162,on bike mount,cyclo cross,True,asphalt,excellent
ad6b8960-356d-40df-b594-e9ef53e88d2e,18ed8160-cd60-4277-a163-0245213ddefc,dde6d52d-1d9d-4e96-81ed-a357e37413a0,1633159745412,13.7262386,52.4306535,7.2444077,0.44525486,-0.5909934,-0.35370636,on bike mount,cyclo cross,True,asphalt,excellent
ad6b8960-356d-40df-b594-e9ef53e88d2e,18ed8160-cd60-4277-a163-0245213ddefc,ef9690e7-8e3d-467c-843c-b7daf4af1360,1633159745463,13.7262386,52.4306535,7.2444077,1.398906,-2.3614187,-0.9718914,on bike mount,cyclo cross,True,asphalt,excellent
ad6b8960-356d-40df-b594-e9ef53e88d2e,18ed8160-cd60-4277-a163-0245213ddefc,c63a252c-19e7-48db-bb46-fe041061e56a,1633159745513,13.7262386,52.4306535,7.2444077,-0.0654988,0.2836089,-1.6580033,on bike mount,cyclo cross,True,asphalt,excellent
ad6b8960-356d-40df-b594-e9ef53e88d2e,18ed8160-cd60-4277-a163-0245213ddefc,915a10a6-9592-407e-aa15-d8e21b310642,1633159745563,13.7262386,52.4306535,7.2444077,0.97469956,0.42711854,1.3657274,on bike mount,cyclo cross,True,asphalt,excellent
ad6b8960-356d-40df-b594-e9ef53e88d2e,18ed8160-cd60-4277-a163-0245213ddefc,a0f60e09-b863-42ff-ac11-b1ec26c3dffb,1633159745616,13.7262386,52.4306535,7.2444077,1.8924639,-0.64009047,1.2178745,on bike mount,cyclo cross,True,asphalt,excellent
ad6b8960-356d-40df-b594-e9ef53e88d2e,18ed8160-cd60-4277-a163-0245213ddefc,0169720e-57e5-4a33-bdae-c646eb93ded7,1633159745679,13.7263463,52.4306429,7.31508,-0.6273094,-0.64259386,0.60440063,on bike mount,cyclo cross,True,asphalt,excellent
ad6b8960-356d-40df-b594-e9ef53e88d2e,18ed8160-cd60-4277-a163-0245213ddefc,72a4334e-d00e-4afb-be72-849e59239859,1633159745730,13.7263463,52.4306429,7.31508,0.5038084,2.151589,0.5531845,on bike mount,cyclo cross,True,asphalt,excellent
ad6b8960-356d-40df-b594-e9ef53e88d2e,18ed8160-cd60-4277-a163-0245213ddefc,6b258db8-a62a-4a2d-aae7-42a328ffe9d2,1633159745795,13.7263463,52.4306429,7.31508,-0.71307164,-0.5229542,0.9895506,on bike mount,cyclo cross,True,asphalt,excellent
ad6b8960-356d-40df-b594-e9ef53e88d2e,18ed8160-cd60-4277-a163-0245213ddefc,6148fb25-b812-4350-a940-3d613a379f05,1633159745847,13.7263463,52.4306429,7.31508,0.50305253,2.2200954,-0.029981613,on bike mount,cyclo cross,True,asphalt,excellent
ad6b8960-356d-40df-b594-e9ef53e88d2e,18ed8160-cd60-4277-a163-0245213ddefc,89f1d535-14d9-462c-80e7-806b27bc65a8,1633159745897,13.7263463,52.4306429,7.31508,0.6823634,0.85541916,2.1467028,on bike mount,cyclo cross,True,asphalt,excellent
ad6b8960-356d-40df-b594-e9ef53e88d2e,18ed8160-cd60-4277-a163-0245213ddefc,acad68dc-0201-4eee-9edf-680d365cec36,1633159745947,13.7263463,52.4306429,7.31508,0.22005449,-1.6711674,-0.82773876,on bike mount,cyclo cross,True,asphalt,excellent
ad6b8960-356d-40df-b594-e9ef53e88d2e,18ed8160-cd60-4277-a163-0245213ddefc,a0111037-6ff8-4828-89e7-b746f97af278,1633159745998,13.7263463,52.4306429,7.31508,-0.3919223,0.4572816,-1.9043765,on bike mount,cyclo cross,True,asphalt,excellent
ad6b8960-356d-40df-b594-e9ef53e88d2e,18ed8160-cd60-4277-a163-0245213ddefc,2d756b9f-7727-430f-b1e6-6fa31328ad14,1633159746065,13.7263463,52.4306429,7.31508,0.04763707,-0.29431987,0.8589649,on bike mount,cyclo cross,True,asphalt,excellent
ad6b8960-356d-40df-b594-e9ef53e88d2e,18ed8160-cd60-4277-a163-0245213ddefc,4883138c-4209-42d7-9bb3-34b7c4d7a745,1633159746115,13.7263463,52.4306429,7.31508,0.18594569,-0.7550602,0.112659454,on bike mount,cyclo cross,True,asphalt,excellent
ad6b8960-356d-40df-b594-e9ef53e88d2e,18ed8160-cd60-4277-a163-0245213ddefc,85ec89d5-1201-4f50-ba49-31ec25e5905a,1633159746180,13.7263463,52.4306429,7.31508,-0.62386394,1.0071983,2.120616,on bike mount,cyclo cross,True,asphalt,excellent
ad6b8960-356d-40df-b594-e9ef53e88d2e,18ed8160-cd60-4277-a163-0245213ddefc,589950a7-9215-4866-bd73-ba5f6c0ef523,1633159746231,13.7263463,52.4306429,7.31508,0.8102208,1.3409901,0.78050804,on bike mount,cyclo cross,True,asphalt,excellent
ad6b8960-356d-40df-b594-e9ef53e88d2e,18ed8160-cd60-4277-a163-0245213ddefc,518689c0-fdeb-401b-bb0a-b1e095c8b2f0,1633159746281,13.7263463,52.4306429,7.31508,0.026529003,-0.13258529,-0.05219364,on bike mount,cyclo cross,True,asphalt,excellent
ad6b8960-356d-40df-b594-e9ef53e88d2e,18ed8160-cd60-4277-a163-0245213ddefc,04550e59-c6f2-4e65-8f49-e0024eb18892,1633159746332,13.7263463,52.4306429,7.31508,-0.11755805,-1.9227583,-0.55387497,on bike mount,cyclo cross,True,asphalt,excellent
ad6b8960-356d-40df-b594-e9ef53e88d2e,18ed8160-cd60-4277-a163-0245213ddefc,ec70b4a1-0b24-40c5-a64e-594b0693e7f9,1633159746382,13.7263463,52.4306429,7.31508,-0.49692497,1.1462238,-1.8119545,on bike mount,cyclo cross,True,asphalt,excellent
ad6b8960-356d-40df-b594-e9ef53e88d2e,18ed8160-cd60-4277-a163-0245213ddefc,1caebb35-af50-4d44-b98c-ea90c6483aff,1633159746449,13.7263463,52.4306429,7.31508,-0.77014184,-0.7323375,-0.6154556,on bike mount,cyclo cross,True,asphalt,excellent
ad6b8960-356d-40df-b594-e9ef53e88d2e,18ed8160-cd60-4277-a163-0245213ddefc,20deb605-0012-45c6-8173-ef3ccb01307f,1633159746499,13.7263463,52.4306429,7.31508,-0.0014619641,-0.78828,0.4724245,on bike mount,cyclo cross,True,asphalt,excellent
ad6b8960-356d-40df-b594-e9ef53e88d2e,18ed8160-cd60-4277-a163-0245213ddefc,990c30ca-d148-448d-90e9-d20d22b3898e,1633159746549,13.7263463,52.4306429,7.31508,0.66031796,-0.263422,0.101540565,on bike mount,cyclo cross,True,asphalt,excellent
ad6b8960-356d-40df-b594-e9ef53e88d2e,18ed8160-cd60-4277-a163-0245213ddefc,5af4c6d8-816c-4693-82dd-9f94c1c8c6ff,1633159746600,13.7263463,52.4306429,7.31508,-0.48305362,1.3726206,-0.5286808,on bike mount,cyclo cross,True,asphalt,excellent
ad6b8960-356d-40df-b594-e9ef53e88d2e,18ed8160-cd60-4277-a163-0245213ddefc,6acddc18-d228-42d3-a283-eea7a9a6e983,1633159746664,13.7264545,52.4306315,7.3563237,0.6374197,0.81831646,-1.438035,on bike mount,cyclo cross,True,asphalt,excellent
ad6b8960-356d-40df-b594-e9ef53e88d2e,18ed8160-cd60-4277-a163-0245213ddefc,3c8cda9c-a800-47dd-b02e-22dc802c7bdc,1633159746715,13.7264545,52.4306315,7.3563237,0.09865012,-0.97316825,1.7688417,on bike mount,cyclo cross,True,asphalt,excellent
ad6b8960-356d-40df-b594-e9ef53e88d2e,18ed8160-cd60-4277-a163-0245213ddefc,0d492df5-7574-4846-8bf1-84f5b06a6830,1633159746766,13.7264545,52.4306315,7.3563237,0.13649854,-1.8790975,-1.222094,on bike mount,cyclo cross,True,asphalt,excellent
ad6b8960-356d-40df-b594-e9ef53e88d2e,18ed8160-cd60-4277-a163-0245213ddefc,cc01e9d2-3dee-492f-abfe-5c452839f84d,1633159746817,13.7264545,52.4306315,7.3563237,-0.48117858,0.46504903,-0.38946438,on bike mount,cyclo cross,True,asphalt,excellent
ad6b8960-356d-40df-b594-e9ef53e88d2e,18ed8160-cd60-4277-a163-0245213ddefc,a8fb568c-f457-4d74-b848-ad78c9bded18,1633159746867,13.7264545,52.4306315,7.3563237,0.78291655,0.011785269,1.2553635,on bike mount,cyclo cross,True,asphalt,excellent
ad6b8960-356d-40df-b594-e9ef53e88d2e,18ed8160-cd60-4277-a163-0245213ddefc,fac294fe-0eb3-4248-a18a-676160ec8155,1633159746934,13.7264545,52.4306315,7.3563237,-0.6463921,1.4191265,0.5739603,on bike mount,cyclo cross,True,asphalt,excellent
ad6b8960-356d-40df-b594-e9ef53e88d2e,18ed8160-cd60-4277-a163-0245213ddefc,de290db3-b1bd-4872-918e-62e4c1c12257,1633159746985,13.7264545,52.4306315,7.3563237,-0.4751359,0.25113058,0.9642801,on bike mount,cyclo cross,True,asphalt,excellent
ad6b8960-356d-40df-b594-e9ef53e88d2e,18ed8160-cd60-4277-a163-0245213ddefc,ccdcd7f3-db0a-4d49-9447-c9231545c8e1,1633159747050,13.7264545,52.4306315,7.3563237,1.6250454,-0.65415263,2.5717115,on bike mount,cyclo cross,True,asphalt,excellent
ad6b8960-356d-40df-b594-e9ef53e88d2e,18ed8160-cd60-4277-a163-0245213ddefc,afc86df5-bbe7-463f-b155-15bd1cb365f0,1633159747100,13.7264545,52.4306315,7.3563237,-1.2979867,-1.3057756,-1.1690598,on bike mount,cyclo cross,True,asphalt,excellent
ad6b8960-356d-40df-b594-e9ef53e88d2e,18ed8160-cd60-4277-a163-0245213ddefc,7f389d28-f30f-4cfe-96df-f5043c4679f9,1633159747152,13.7264545,52.4306315,7.3563237,-0.52092063,-0.0771544,0.3501749,on bike mount,cyclo cross,True,asphalt,excellent
ad6b8960-356d-40df-b594-e9ef53e88d2e,18ed8160-cd60-4277-a163-0245213ddefc,7dc8cca8-d700-4830-996e-74398ed4a62c,1633159747217,13.7264545,52.4306315,7.3563237,-0.084454834,-0.14557862,-0.32951927,on bike mount,cyclo cross,True,asphalt,excellent
ad6b8960-356d-40df-b594-e9ef53e88d2e,18ed8160-cd60-4277-a163-0245213ddefc,805b1769-bba9-495d-8d1c-890a6deae4e9,1633159747267,13.7264545,52.4306315,7.3563237,0.20668292,-1.2166029,1.2370195,on bike mount,cyclo cross,True,asphalt,excellent
ad6b8960-356d-40df-b594-e9ef53e88d2e,18ed8160-cd60-4277-a163-0245213ddefc,1a272a27-97c8-4b26-aac9-56168c6618db,1633159747317,13.7264545,52.4306315,7.3563237,0.10106787,-1.1318073,2.7579746,on bike mount,cyclo cross,True,asphalt,excellent
ad6b8960-356d-40df-b594-e9ef53e88d2e,18ed8160-cd60-4277-a163-0245213ddefc,167c38a2-5ab5-44ec-8446-5ac04e3a5daf,1633159747368,13.7264545,52.4306315,7.3563237,0.030994102,0.9030976,0.455966,on bike mount,cyclo cross,True,asphalt,excellent
ad6b8960-356d-40df-b594-e9ef53e88d2e,18ed8160-cd60-4277-a163-0245213ddefc,054bf088-d882-470f-9894-a2fd108c5da8,1633159747418,13.7264545,52.4306315,7.3563237,0.6479945,-0.15318608,-0.2847557,on bike mount,cyclo cross,True,asphalt,excellent
ad6b8960-356d-40df-b594-e9ef53e88d2e,18ed8160-cd60-4277-a163-0245213ddefc,fe3ea201-853c-452e-a2eb-d6fa9d29d1e1,1633159747469,13.7264545,52.4306315,7.3563237,-0.087519065,-0.10698724,-1.6205068,on bike mount,cyclo cross,True,asphalt,excellent
ad6b8960-356d-40df-b594-e9ef53e88d2e,18ed8160-cd60-4277-a163-0245213ddefc,cee11e17-39c4-439b-bcb2-d61ca281e40f,1633159747519,13.7264545,52.4306315,7.3563237,-0.62394834,-0.14455914,-0.91810226,on bike mount,cyclo cross,True,asphalt,excellent
ad6b8960-356d-40df-b594-e9ef53e88d2e,18ed8160-cd60-4277-a163-0245213ddefc,db210e66-af16-46b2-b19a-08d495ad9cc9,1633159747585,13.7264545,52.4306315,7.3563237,-0.62602854,-0.43540478,-1.111402,on bike mount,cyclo cross,True,asphalt,excellent
ad6b8960-356d-40df-b594-e9ef53e88d2e,18ed8160-cd60-4277-a163-0245213ddefc,bebb62a2-af79-4acf-9335-052f2fc8344e,1633159747635,13.7265618,52.4306229,7.2367797,0.14042942,0.60836077,-0.7640934,on bike mount,cyclo cross,True,asphalt,excellent
ad6b8960-356d-40df-b594-e9ef53e88d2e,18ed8160-cd60-4277-a163-0245213ddefc,44a8af9f-f907-48b1-8888-b98b6030befc,1633159747684,13.7265618,52.4306229,7.2367797,-0.18517,-0.9809277,0.23347569,on bike mount,cyclo cross,True,asphalt,excellent
ad6b8960-356d-40df-b594-e9ef53e88d2e,18ed8160-cd60-4277-a163-0245213ddefc,5e460928-a63f-47c7-9318-b82c253b1e1b,1633159747734,13.7265618,52.4306229,7.2367797,-0.588487,1.3704343,-0.7004795,on bike mount,cyclo cross,True,asphalt,excellent
ad6b8960-356d-40df-b594-e9ef53e88d2e,18ed8160-cd60-4277-a163-0245213ddefc,381e7030-0b2e-44d3-b1bd-b84753b7fd8b,1633159747784,13.7265618,52.4306229,7.2367797,0.4001611,-0.55373836,0.80023766,on bike mount,cyclo cross,True,asphalt,excellent
ad6b8960-356d-40df-b594-e9ef53e88d2e,18ed8160-cd60-4277-a163-0245213ddefc,c9dcf98a-f364-4caa-a341-c90fafb5e365,1633159747834,13.7265618,52.4306229,7.2367797,0.1467503,0.099716425,-0.17873478,on bike mount,cyclo cross,True,asphalt,excellent
ad6b8960-356d-40df-b594-e9ef53e88d2e,18ed8160-cd60-4277-a163-0245213ddefc,99793670-4230-4dfe-9005-ceb78eec2e0b,1633159747886,13.7265618,52.4306229,7.2367797,0.016147569,-0.15570664,-0.10224438,on bike mount,cyclo cross,True,asphalt,excellent
ad6b8960-356d-40df-b594-e9ef53e88d2e,18ed8160-cd60-4277-a163-0245213ddefc,ff427f37-4d70-4bcb-b208-31c4d9e7a812,1633159747935,13.7265618,52.4306229,7.2367797,-1.0902574,-1.2389466,1.3912582,on bike mount,cyclo cross,True,asphalt,excellent
ad6b8960-356d-40df-b594-e9ef53e88d2e,18ed8160-cd60-4277-a163-0245213ddefc,b96dd996-d23d-45b2-a7d6-8eeaa3d82909,1633159747985,13.7265618,52.4306229,7.2367797,0.21339396,-0.46955085,0.22318363,on bike mount,cyclo cross,True,asphalt,excellent
ad6b8960-356d-40df-b594-e9ef53e88d2e,18ed8160-cd60-4277-a163-0245213ddefc,0f84c156-0719-41aa-9d1d-d11aaa90fd6b,1633159748035,13.7265618,52.4306229,7.2367797,0.7606485,0.3835547,-0.055513382,on bike mount,cyclo cross,True,asphalt,excellent
ad6b8960-356d-40df-b594-e9ef53e88d2e,18ed8160-cd60-4277-a163-0245213ddefc,a1167800-6946-42f5-8d81-998fa4d796ca,1633159748086,13.7265618,52.4306229,7.2367797,0.5143478,-0.47239017,0.62049675,on bike mount,cyclo cross,True,asphalt,excellent
ad6b8960-356d-40df-b594-e9ef53e88d2e,18ed8160-cd60-4277-a163-0245213ddefc,651535cf-37ca-45d1-bbe5-638c5295ed77,1633159748136,13.7265618,52.4306229,7.2367797,0.056438103,0.847126,-2.9072866,on bike mount,cyclo cross,True,asphalt,excellent
ad6b8960-356d-40df-b594-e9ef53e88d2e,18ed8160-cd60-4277-a163-0245213ddefc,7ee7b0db-f08a-4d1b-bce0-a7b488d39221,1633159748186,13.7265618,52.4306229,7.2367797,-0.77400124,1.713356,0.835309,on bike mount,cyclo cross,True,asphalt,excellent
ad6b8960-356d-40df-b594-e9ef53e88d2e,18ed8160-cd60-4277-a163-0245213ddefc,4ab7e84d-5603-45a8-850d-1ab09f3f45a7,1633159748237,13.7265618,52.4306229,7.2367797,-0.34878296,-0.685689,-0.46923923,on bike mount,cyclo cross,True,asphalt,excellent
ad6b8960-356d-40df-b594-e9ef53e88d2e,18ed8160-cd60-4277-a163-0245213ddefc,6a836e08-fa21-490d-b57f-5a7011402e23,1633159748288,13.7265618,52.4306229,7.2367797,0.103101134,-0.4133141,-1.1564755,on bike mount,cyclo cross,True,asphalt,excellent
ad6b8960-356d-40df-b594-e9ef53e88d2e,18ed8160-cd60-4277-a163-0245213ddefc,d5168538-0cd1-4fbf-906a-059e124463a9,1633159748354,13.7265618,52.4306229,7.2367797,-0.8899835,-0.85303557,-0.6772804,on bike mount,cyclo cross,True,asphalt,excellent
ad6b8960-356d-40df-b594-e9ef53e88d2e,18ed8160-cd60-4277-a163-0245213ddefc,f39d54dc-ae8b-4eb6-9ec6-c791d1a705ae,1633159748404,13.7265618,52.4306229,7.2367797,0.019617833,-1.5862249,-0.97182846,on bike mount,cyclo cross,True,asphalt,excellent
ad6b8960-356d-40df-b594-e9ef53e88d2e,18ed8160-cd60-4277-a163-0245213ddefc,b6a8d600-1590-4509-9481-3d91df4f77d0,1633159748454,13.7265618,52.4306229,7.2367797,0.96902204,0.019472599,0.5932188,on bike mount,cyclo cross,True,asphalt,excellent
ad6b8960-356d-40df-b594-e9ef53e88d2e,18ed8160-cd60-4277-a163-0245213ddefc,63f10d09-304d-416f-affc-d76efafd5aa9,1633159748504,13.7265618,52.4306229,7.2367797,-0.7520138,1.3173363,0.9375725,on bike mount,cyclo cross,True,asphalt,excellent
ad6b8960-356d-40df-b594-e9ef53e88d2e,18ed8160-cd60-4277-a163-0245213ddefc,a63a8824-6ffe-477f-b513-4ccd32859b82,1633159748555,13.7265618,52.4306229,7.2367797,-0.99575055,0.023705244,1.235692,on bike mount,cyclo cross,True,asphalt,excellent
ad6b8960-356d-40df-b594-e9ef53e88d2e,18ed8160-cd60-4277-a163-0245213ddefc,8b045c39-5b46-480f-91e5-c75edf7d05c8,1633159748612,13.7265618,52.4306229,7.2367797,2.233466,0.7917361,0.7052765,on bike mount,cyclo cross,True,asphalt,excellent
ad6b8960-356d-40df-b594-e9ef53e88d2e,18ed8160-cd60-4277-a163-0245213ddefc,5e689c20-e1c4-49fc-bddc-3af41de40a93,1633159748671,13.7266725,52.4306183,7.354231,-0.6248975,-0.42683005,-0.74464226,on bike mount,cyclo cross,True,asphalt,excellent
ad6b8960-356d-40df-b594-e9ef53e88d2e,18ed8160-cd60-4277-a163-0245213ddefc,47dca134-deda-4071-889a-0eec22fa02f2,1633159748721,13.7266725,52.4306183,7.354231,-0.6180773,-1.1064613,0.0988245,on bike mount,cyclo cross,True,asphalt,excellent
ad6b8960-356d-40df-b594-e9ef53e88d2e,18ed8160-cd60-4277-a163-0245213ddefc,55b37ed7-ea13-4f82-914d-729d72e599b6,1633159748771,13.7266725,52.4306183,7.354231,0.79619586,-0.21931434,-1.5490103,on bike mount,cyclo cross,True,asphalt,excellent
ad6b8960-356d-40df-b594-e9ef53e88d2e,18ed8160-cd60-4277-a163-0245213ddefc,45ac2e79-4c90-4717-8e69-83e6394c0270,1633159748822,13.7266725,52.4306183,7.354231,0.9840584,-1.137025,0.11134052,on bike mount,cyclo cross,True,asphalt,excellent
ad6b8960-356d-40df-b594-e9ef53e88d2e,18ed8160-cd60-4277-a163-0245213ddefc,31b21964-42a4-4336-a8e5-b4820e66074f,1633159748872,13.7266725,52.4306183,7.354231,-0.5663605,0.28731322,-0.8532591,on bike mount,cyclo cross,True,asphalt,excellent
ad6b8960-356d-40df-b594-e9ef53e88d2e,18ed8160-cd60-4277-a163-0245213ddefc,3b83750e-daef-4aca-8c6a-200181cc4714,1633159748923,13.7266725,52.4306183,7.354231,0.12948012,0.062161684,0.2926159,on bike mount,cyclo cross,True,asphalt,excellent
ad6b8960-356d-40df-b594-e9ef53e88d2e,18ed8160-cd60-4277-a163-0245213ddefc,b571b0a9-79db-4e04-a66d-456ac468094d,1633159748973,13.7266725,52.4306183,7.354231,-0.11270273,1.2190053,-0.43244457,on bike mount,cyclo cross,True,asphalt,excellent
ad6b8960-356d-40df-b594-e9ef53e88d2e,18ed8160-cd60-4277-a163-0245213ddefc,6659bb90-6f9b-4d4d-a544-71f311a26905,1633159749023,13.7266725,52.4306183,7.354231,-0.4144978,-0.39084816,1.9472389,on bike mount,cyclo cross,True,asphalt,excellent
ad6b8960-356d-40df-b594-e9ef53e88d2e,18ed8160-cd60-4277-a163-0245213ddefc,2efe0625-c28b-402d-87cc-10c771f33eb5,1633159749073,13.7266725,52.4306183,7.354231,1.0379314,-2.7786415,-0.8276634,on bike mount,cyclo cross,True,asphalt,excellent
ad6b8960-356d-40df-b594-e9ef53e88d2e,18ed8160-cd60-4277-a163-0245213ddefc,1e73d1e8-613c-4f1b-b0fb-09fb0c9b88e1,1633159749139,13.7266725,52.4306183,7.354231,-0.47692826,-0.12885714,0.34036827,on bike mount,cyclo cross,True,asphalt,excellent
ad6b8960-356d-40df-b594-e9ef53e88d2e,18ed8160-cd60-4277-a163-0245213ddefc,9e30ea81-5375-4095-8683-1c3ff6a47928,1633159749189,13.7266725,52.4306183,7.354231,0.097081065,-0.31979108,1.4233427,on bike mount,cyclo cross,True,asphalt,excellent
ad6b8960-356d-40df-b594-e9ef53e88d2e,18ed8160-cd60-4277-a163-0245213ddefc,ca3b5d49-2d0f-49a5-86ee-b37619d6c130,1633159749239,13.7266725,52.4306183,7.354231,-0.19239394,1.9247625,1.7432098,on bike mount,cyclo cross,True,asphalt,excellent
ad6b8960-356d-40df-b594-e9ef53e88d2e,18ed8160-cd60-4277-a163-0245213ddefc,706db4b9-c829-4746-94bd-bdbc4f3f5414,1633159749289,13.7266725,52.4306183,7.354231,-0.07947561,-0.49339986,-2.4196267,on bike mount,cyclo cross,True,asphalt,excellent
ad6b8960-356d-40df-b594-e9ef53e88d2e,18ed8160-cd60-4277-a163-0245213ddefc,0e07d42d-1023-473e-92a3-f446931e7f94,1633159749340,13.7266725,52.4306183,7.354231,-0.6125361,0.0716598,1.384264,on bike mount,cyclo cross,True,asphalt,excellent
ad6b8960-356d-40df-b594-e9ef53e88d2e,18ed8160-cd60-4277-a163-0245213ddefc,a166e031-0197-48ed-81f3-e42fecdf3fa4,1633159749391,13.7266725,52.4306183,7.354231,0.08623722,0.33082986,1.6009369,on bike mount,cyclo cross,True,asphalt,excellent
ad6b8960-356d-40df-b594-e9ef53e88d2e,18ed8160-cd60-4277-a163-0245213ddefc,ae3353d4-88c4-444f-b761-7b0b6432b6ef,1633159749457,13.7266725,52.4306183,7.354231,0.6380619,-0.99211085,-1.5683212,on bike mount,cyclo cross,True,asphalt,excellent
ad6b8960-356d-40df-b594-e9ef53e88d2e,18ed8160-cd60-4277-a163-0245213ddefc,0c790d21-7c15-4a40-98a1-9cd4868f6f57,1633159749508,13.7266725,52.4306183,7.354231,-0.40238035,-0.24032855,-0.74515057,on bike mount,cyclo cross,True,asphalt,excellent
ad6b8960-356d-40df-b594-e9ef53e88d2e,18ed8160-cd60-4277-a163-0245213ddefc,b6208ac2-acfb-4ceb-a8e8-6fc40f6ea422,1633159749558,13.7266725,52.4306183,7.354231,0.7482078,-0.8126714,0.9938469,on bike mount,cyclo cross,True,asphalt,excellent
ad6b8960-356d-40df-b594-e9ef53e88d2e,18ed8160-cd60-4277-a163-0245213ddefc,353111fa-c6eb-4815-8f4c-6fe9ef87e219,1633159749623,13.7266725,52.4306183,7.354231,0.3103285,0.25935483,0.2680273,on bike mount,cyclo cross,True,asphalt,excellent
ad6b8960-356d-40df-b594-e9ef53e88d2e,18ed8160-cd60-4277-a163-0245213ddefc,9b4d519d-fa35-4d02-8271-527435997480,1633159749673,13.7267755,52.4306081,7.324487,0.0070350915,-2.03085,1.7446432,on bike mount,cyclo cross,True,asphalt,excellent
ad6b8960-356d-40df-b594-e9ef53e88d2e,18ed8160-cd60-4277-a163-0245213ddefc,15f48a14-615b-4921-a64f-593ea0010028,1633159749723,13.7267755,52.4306081,7.324487,-0.33380634,0.13483334,-0.1681366,on bike mount,cyclo cross,True,asphalt,excellent
ad6b8960-356d-40df-b594-e9ef53e88d2e,18ed8160-cd60-4277-a163-0245213ddefc,d09f5450-7bc5-4b31-866a-970632750bf2,1633159749773,13.7267755,52.4306081,7.324487,-0.35620973,1.3667867,0.31589508,on bike mount,cyclo cross,True,asphalt,excellent
ad6b8960-356d-40df-b594-e9ef53e88d2e,18ed8160-cd60-4277-a163-0245213ddefc,c04c20cc-afbe-4a9a-a0c2-1d9963f25985,1633159749823,13.7267755,52.4306081,7.324487,-0.8468896,-1.6016845,3.0619383,on bike mount,cyclo cross,True,asphalt,excellent
ad6b8960-356d-40df-b594-e9ef53e88d2e,18ed8160-cd60-4277-a163-0245213ddefc,1f9f61d4-664d-41b7-bcd1-ea8ef75c89d5,1633159749873,13.7267755,52.4306081,7.324487,-0.2468739,-1.0083668,0.6440296,on bike mount,cyclo cross,True,asphalt,excellent
ad6b8960-356d-40df-b594-e9ef53e88d2e,18ed8160-cd60-4277-a163-0245213ddefc,75a06b48-910e-4280-aa1e-ee32121e2435,1633159749923,13.7267755,52.4306081,7.324487,0.19412671,-0.28563428,0.42934322,on bike mount,cyclo cross,True,asphalt,excellent
ad6b8960-356d-40df-b594-e9ef53e88d2e,18ed8160-cd60-4277-a163-0245213ddefc,48a9bc5f-528c-49fe-834d-af2b50dfd6a4,1633159749974,13.7267755,52.4306081,7.324487,0.16371366,0.6172085,1.8119287,on bike mount,cyclo cross,True,asphalt,excellent
ad6b8960-356d-40df-b594-e9ef53e88d2e,18ed8160-cd60-4277-a163-0245213ddefc,06c7ef50-41c6-45bd-8ca5-b4af5a401806,1633159750024,13.7267755,52.4306081,7.324487,-0.4147154,-0.4660411,0.061419487,on bike mount,cyclo cross,True,asphalt,excellent
ad6b8960-356d-40df-b594-e9ef53e88d2e,18ed8160-cd60-4277-a163-0245213ddefc,74476999-08c6-4f1e-99dd-26233abc82fb,1633159750076,13.7267755,52.4306081,7.324487,0.65696853,0.7353642,-0.6346464,on bike mount,cyclo cross,True,asphalt,excellent
ad6b8960-356d-40df-b594-e9ef53e88d2e,18ed8160-cd60-4277-a163-0245213ddefc,2239c281-0f41-4df9-a7df-5070a8be7536,1633159750143,13.7267755,52.4306081,7.324487,-1.5393292,4.870818,-1.5070205,on bike mount,cyclo cross,True,asphalt,excellent
ad6b8960-356d-40df-b594-e9ef53e88d2e,18ed8160-cd60-4277-a163-0245213ddefc,f6729e12-cdfe-4497-a320-e783a5aa8d44,1633159750192,13.7267755,52.4306081,7.324487,1.1706848,-0.29235744,-0.9234896,on bike mount,cyclo cross,True,asphalt,excellent
ad6b8960-356d-40df-b594-e9ef53e88d2e,18ed8160-cd60-4277-a163-0245213ddefc,1571f062-ece6-40bb-9c5d-da5690160a0a,1633159750243,13.7267755,52.4306081,7.324487,0.34823486,-0.43969345,-0.50202084,on bike mount,cyclo cross,True,asphalt,excellent
ad6b8960-356d-40df-b594-e9ef53e88d2e,18ed8160-cd60-4277-a163-0245213ddefc,8776b26c-31cb-4b08-b0c8-371fc8cb103f,1633159750292,13.7267755,52.4306081,7.324487,-0.4917177,0.68995166,-1.3712511,on bike mount,cyclo cross,True,asphalt,excellent
ad6b8960-356d-40df-b594-e9ef53e88d2e,18ed8160-cd60-4277-a163-0245213ddefc,b4520b8b-be6d-41a5-990d-8456fde80937,1633159750343,13.7267755,52.4306081,7.324487,0.8704276,-1.4431772,-0.89288425,on bike mount,cyclo cross,True,asphalt,excellent
ad6b8960-356d-40df-b594-e9ef53e88d2e,18ed8160-cd60-4277-a163-0245213ddefc,442c9a54-7329-4a4a-b7c4-2f7fd8a8df24,1633159750411,13.7267755,52.4306081,7.324487,-0.18949403,0.013986349,-1.3319454,on bike mount,cyclo cross,True,asphalt,excellent
ad6b8960-356d-40df-b594-e9ef53e88d2e,18ed8160-cd60-4277-a163-0245213ddefc,00d25c3d-938f-44dd-a9ff-f464ae793b14,1633159750476,13.7267755,52.4306081,7.324487,0.8887024,-0.7507484,0.49382687,on bike mount,cyclo cross,True,asphalt,excellent
ad6b8960-356d-40df-b594-e9ef53e88d2e,18ed8160-cd60-4277-a163-0245213ddefc,0d7a4dae-84a6-470f-9513-199d60f32b31,1633159750526,13.7267755,52.4306081,7.324487,0.44343194,1.785111,0.056282043,on bike mount,cyclo cross,True,asphalt,excellent
ad6b8960-356d-40df-b594-e9ef53e88d2e,18ed8160-cd60-4277-a163-0245213ddefc,83e9b06a-9928-4acc-9e36-23259e84be74,1633159750577,13.7267755,52.4306081,7.324487,-0.75680244,1.2133851,-0.78176403,on bike mount,cyclo cross,True,asphalt,excellent
ad6b8960-356d-40df-b594-e9ef53e88d2e,18ed8160-cd60-4277-a163-0245213ddefc,044a2c66-5824-4f1e-b262-53dba1f89f68,1633159750634,13.7268824,52.4305931,7.3084717,0.06264365,0.9935055,-0.13058853,on bike mount,cyclo cross,True,asphalt,excellent
ad6b8960-356d-40df-b594-e9ef53e88d2e,18ed8160-cd60-4277-a163-0245213ddefc,833c9683-2c36-4cfb-bb90-aed9c920659b,1633159750693,13.7268824,52.4305931,7.3084717,0.9530603,0.61235166,1.6065207,on bike mount,cyclo cross,True,asphalt,excellent
ad6b8960-356d-40df-b594-e9ef53e88d2e,18ed8160-cd60-4277-a163-0245213ddefc,9f74fadc-b22d-4143-998c-2bd1e1654b98,1633159750743,13.7268824,52.4305931,7.3084717,-0.12681511,-0.62582684,0.4766121,on bike mount,cyclo cross,True,asphalt,excellent
ad6b8960-356d-40df-b594-e9ef53e88d2e,18ed8160-cd60-4277-a163-0245213ddefc,e9556de7-25a0-470a-83c3-fe5c883c3c65,1633159750794,13.7268824,52.4305931,7.3084717,0.25399184,-2.093251,-0.62088966,on bike mount,cyclo cross,True,asphalt,excellent
ad6b8960-356d-40df-b594-e9ef53e88d2e,18ed8160-cd60-4277-a163-0245213ddefc,f9bd7519-6db4-4216-8ea8-6e4fc52db1f6,1633159750860,13.7268824,52.4305931,7.3084717,1.419495,-1.5656133,0.57993317,on bike mount,cyclo cross,True,asphalt,excellent
ad6b8960-356d-40df-b594-e9ef53e88d2e,18ed8160-cd60-4277-a163-0245213ddefc,5030f63b-c212-4ff1-b55d-2962af3c8f19,1633159750911,13.7268824,52.4305931,7.3084717,-1.7825841,1.9244523,-2.8368711,on bike mount,cyclo cross,True,asphalt,excellent
ad6b8960-356d-40df-b594-e9ef53e88d2e,18ed8160-cd60-4277-a163-0245213ddefc,4e0c8db4-8492-4895-b779-fd0414620460,1633159750977,13.7268824,52.4305931,7.3084717,1.4288039,-2.261028,0.36879635,on bike mount,cyclo cross,True,asphalt,excellent
ad6b8960-356d-40df-b594-e9ef53e88d2e,18ed8160-cd60-4277-a163-0245213ddefc,09959d85-f2aa-4eba-b679-552de7161cd4,1633159751028,13.7268824,52.4305931,7.3084717,1.7584083,1.0500803,0.79965115,on bike mount,cyclo cross,True,asphalt,excellent
ad6b8960-356d-40df-b594-e9ef53e88d2e,18ed8160-cd60-4277-a163-0245213ddefc,4af9e38c-d9d6-46b7-96c0-3a747b017fbc,1633159751078,13.7268824,52.4305931,7.3084717,-0.28403836,-0.75619125,-0.03233242,on bike mount,cyclo cross,True,asphalt,excellent
ad6b8960-356d-40df-b594-e9ef53e88d2e,18ed8160-cd60-4277-a163-0245213ddefc,4b6e2c9b-d09d-4318-bbe3-3b802e8e1016,1633159751129,13.7268824,52.4305931,7.3084717,1.2340748,-0.8323984,1.1421623,on bike mount,cyclo cross,True,asphalt,excellent
ad6b8960-356d-40df-b594-e9ef53e88d2e,18ed8160-cd60-4277-a163-0245213ddefc,9836dbd1-0ada-459c-bd5b-d5f47c1811ce,1633159751179,13.7268824,52.4305931,7.3084717,0.8770204,-0.34418106,-0.9373951,on bike mount,cyclo cross,True,asphalt,excellent
ad6b8960-356d-40df-b594-e9ef53e88d2e,18ed8160-cd60-4277-a163-0245213ddefc,763c5ebf-1fa7-4725-9ed2-5c94c99605ee,1633159751245,13.7268824,52.4305931,7.3084717,0.0072088093,-0.9937918,0.23229218,on bike mount,cyclo cross,True,asphalt,excellent
ad6b8960-356d-40df-b594-e9ef53e88d2e,18ed8160-cd60-4277-a163-0245213ddefc,18c2da70-70db-48e4-b837-dbc0083cce4f,1633159751296,13.7268824,52.4305931,7.3084717,0.46625254,-1.3814611,-0.62450314,on bike mount,cyclo cross,True,asphalt,excellent
ad6b8960-356d-40df-b594-e9ef53e88d2e,18ed8160-cd60-4277-a163-0245213ddefc,18738d06-6d66-4ccf-bb01-4d77b97dba42,1633159751362,13.7268824,52.4305931,7.3084717,-0.009113863,0.047771215,-1.3916249,on bike mount,cyclo cross,True,asphalt,excellent
ad6b8960-356d-40df-b594-e9ef53e88d2e,18ed8160-cd60-4277-a163-0245213ddefc,43c9c46f-6901-43af-9de0-3b830a4499f5,1633159751412,13.7268824,52.4305931,7.3084717,-0.07433714,0.7109802,-0.1354742,on bike mount,cyclo cross,True,asphalt,excellent
ad6b8960-356d-40df-b594-e9ef53e88d2e,18ed8160-cd60-4277-a163-0245213ddefc,bf642432-2579-4ec8-ad4a-200110f32293,1633159751462,13.7268824,52.4305931,7.3084717,-0.26193622,-1.4515967,0.5375147,on bike mount,cyclo cross,True,asphalt,excellent
ad6b8960-356d-40df-b594-e9ef53e88d2e,18ed8160-cd60-4277-a163-0245213ddefc,1bd42195-5e0e-4306-ad10-247ecd12b2ac,1633159751529,13.7268824,52.4305931,7.3084717,-0.42855054,0.6892159,-0.767684,on bike mount,cyclo cross,True,asphalt,excellent
ad6b8960-356d-40df-b594-e9ef53e88d2e,18ed8160-cd60-4277-a163-0245213ddefc,afe98431-034e-4c82-99ed-1fd0b35353cc,1633159751580,13.7268824,52.4305931,7.3084717,0.29240093,-0.22270823,1.033783,on bike mount,cyclo cross,True,asphalt,excellent
ad6b8960-356d-40df-b594-e9ef53e88d2e,18ed8160-cd60-4277-a163-0245213ddefc,bd3cd94d-2aef-4438-b92b-94167206ffcd,1633159751635,13.7268824,52.4305931,7.3084717,-0.37399343,-0.31509948,-1.2034593,on bike mount,cyclo cross,True,asphalt,excellent
ad6b8960-356d-40df-b594-e9ef53e88d2e,18ed8160-cd60-4277-a163-0245213ddefc,c07d786b-6f42-4412-b143-ee5f4496001f,1633159751695,13.7269875,52.4305724,7.269547,-0.13015084,-1.1055771,-1.0115242,on bike mount,cyclo cross,True,asphalt,excellent
ad6b8960-356d-40df-b594-e9ef53e88d2e,18ed8160-cd60-4277-a163-0245213ddefc,2a9e4095-e204-425f-9830-b1695a8c8436,1633159751745,13.7269875,52.4305724,7.269547,-1.7748609,-0.35361576,0.33029652,on bike mount,cyclo cross,True,asphalt,excellent
ad6b8960-356d-40df-b594-e9ef53e88d2e,18ed8160-cd60-4277-a163-0245213ddefc,dd172eac-35e6-42c5-8b36-3c37d79bdbf4,1633159751795,13.7269875,52.4305724,7.269547,1.9208637,0.26043057,-1.4813251,on bike mount,cyclo cross,True,asphalt,excellent
ad6b8960-356d-40df-b594-e9ef53e88d2e,18ed8160-cd60-4277-a163-0245213ddefc,350845cf-1a39-480f-b2cf-1876da011982,1633159751846,13.7269875,52.4305724,7.269547,-0.9708013,1.3547106,0.5340252,on bike mount,cyclo cross,True,asphalt,excellent
ad6b8960-356d-40df-b594-e9ef53e88d2e,18ed8160-cd60-4277-a163-0245213ddefc,fd53e0b2-b254-4181-bd1e-a943aa3a1419,1633159751897,13.7269875,52.4305724,7.269547,0.17298529,0.8763566,1.7706013,on bike mount,cyclo cross,True,asphalt,excellent
ad6b8960-356d-40df-b594-e9ef53e88d2e,18ed8160-cd60-4277-a163-0245213ddefc,2cba3616-38ca-4dfc-a410-a329e8bf7c49,1633159751947,13.7269875,52.4305724,7.269547,0.15048632,-2.6167166,-0.63515186,on bike mount,cyclo cross,True,asphalt,excellent
ad6b8960-356d-40df-b594-e9ef53e88d2e,18ed8160-cd60-4277-a163-0245213ddefc,2cd0f722-ff74-4ccf-a969-a59ff0d62c8c,1633159752013,13.7269875,52.4305724,7.269547,1.2220508,-0.84970725,1.350852,on bike mount,cyclo cross,True,asphalt,excellent
ad6b8960-356d-40df-b594-e9ef53e88d2e,18ed8160-cd60-4277-a163-0245213ddefc,e9c1acbe-5cda-468f-a8bd-d157a8f04257,1633159752063,13.7269875,52.4305724,7.269547,-0.19671857,-0.15496373,0.42662334,on bike mount,cyclo cross,True,asphalt,excellent
ad6b8960-356d-40df-b594-e9ef53e88d2e,18ed8160-cd60-4277-a163-0245213ddefc,11cb7502-6939-4e16-8884-0b53f0794f53,1633159752113,13.7269875,52.4305724,7.269547,0.3506872,-0.2537079,-0.4732914,on bike mount,cyclo cross,True,asphalt,excellent
ad6b8960-356d-40df-b594-e9ef53e88d2e,18ed8160-cd60-4277-a163-0245213ddefc,43f1ec2d-026b-495c-8bf7-237c8f90c7ea,1633159752164,13.7269875,52.4305724,7.269547,-0.69571143,-0.45380902,1.1831541,on bike mount,cyclo cross,True,asphalt,excellent
ad6b8960-356d-40df-b594-e9ef53e88d2e,18ed8160-cd60-4277-a163-0245213ddefc,49c74d42-6400-4ce9-8779-b76bae691795,1633159752214,13.7269875,52.4305724,7.269547,0.025157802,0.3792112,1.12745,on bike mount,cyclo cross,True,asphalt,excellent
ad6b8960-356d-40df-b594-e9ef53e88d2e,18ed8160-cd60-4277-a163-0245213ddefc,ba69b47b-aa5d-442c-8656-6b1d52e72e14,1633159752265,13.7269875,52.4305724,7.269547,0.15978071,0.035602093,0.70956516,on bike mount,cyclo cross,True,asphalt,excellent
ad6b8960-356d-40df-b594-e9ef53e88d2e,18ed8160-cd60-4277-a163-0245213ddefc,f8b95755-f40c-4844-9f5d-fb216270e65e,1633159752314,13.7269875,52.4305724,7.269547,0.1291638,1.453666,-0.31940365,on bike mount,cyclo cross,True,asphalt,excellent
ad6b8960-356d-40df-b594-e9ef53e88d2e,18ed8160-cd60-4277-a163-0245213ddefc,fd064ca0-d37d-469f-b36f-b476eefc140f,1633159752364,13.7269875,52.4305724,7.269547,-0.8999086,-1.0858103,1.2852068,on bike mount,cyclo cross,True,asphalt,excellent
ad6b8960-356d-40df-b594-e9ef53e88d2e,18ed8160-cd60-4277-a163-0245213ddefc,2bdd1fc8-57ba-4353-98cd-d0720bac981b,1633159752415,13.7269875,52.4305724,7.269547,-0.074180424,-0.46910238,0.047431946,on bike mount,cyclo cross,True,asphalt,excellent
ad6b8960-356d-40df-b594-e9ef53e88d2e,18ed8160-cd60-4277-a163-0245213ddefc,7d12b922-d4c2-4e34-a01e-93d4a0c4c0c6,1633159752465,13.7269875,52.4305724,7.269547,0.22069675,-0.39563966,-0.36131954,on bike mount,cyclo cross,True,asphalt,excellent
ad6b8960-356d-40df-b594-e9ef53e88d2e,18ed8160-cd60-4277-a163-0245213ddefc,efdeef28-6dff-466a-8b95-f2a56ea188c4,1633159752515,13.7269875,52.4305724,7.269547,-0.31510407,2.681601,-0.5074091,on bike mount,cyclo cross,True,asphalt,excellent
ad6b8960-356d-40df-b594-e9ef53e88d2e,18ed8160-cd60-4277-a163-0245213ddefc,7f8b9e0c-1c1e-4f48-92c2-d6ca31a7992f,1633159752566,13.7269875,52.4305724,7.269547,-0.65783083,-1.6463735,2.0699234,on bike mount,cyclo cross,True,asphalt,excellent
ad6b8960-356d-40df-b594-e9ef53e88d2e,18ed8160-cd60-4277-a163-0245213ddefc,fec9ac67-f00a-4217-b1a4-0a9e947801b6,1633159752617,13.7269875,52.4305724,7.269547,1.7819295,-0.38202453,-1.9282465,on bike mount,cyclo cross,True,asphalt,excellent
ad6b8960-356d-40df-b594-e9ef53e88d2e,18ed8160-cd60-4277-a163-0245213ddefc,1725f201-c71e-446c-9873-566196c7633a,1633159752683,13.7270923,52.4305611,7.269386,-0.5401175,0.28713894,-1.2913313,on bike mount,cyclo cross,True,asphalt,excellent
ad6b8960-356d-40df-b594-e9ef53e88d2e,18ed8160-cd60-4277-a163-0245213ddefc,acd6f4ce-b0a4-4e5c-b771-15734169591b,1633159752733,13.7270923,52.4305611,7.269386,-0.43935,2.1436234,-0.8392358,on bike mount,cyclo cross,True,asphalt,excellent
ad6b8960-356d-40df-b594-e9ef53e88d2e,18ed8160-cd60-4277-a163-0245213ddefc,637b00ef-f6e8-42e5-8fd3-9ea85d14289d,1633159752784,13.7270923,52.4305611,7.269386,0.12628408,2.473394,0.16763878,on bike mount,cyclo cross,True,asphalt,excellent
ad6b8960-356d-40df-b594-e9ef53e88d2e,18ed8160-cd60-4277-a163-0245213ddefc,80cecb05-1f99-4682-a78b-c19730a66658,1633159752834,13.7270923,52.4305611,7.269386,0.49125084,-0.10801029,-0.15754318,on bike mount,cyclo cross,True,asphalt,excellent
ad6b8960-356d-40df-b594-e9ef53e88d2e,18ed8160-cd60-4277-a163-0245213ddefc,50ca8485-3911-482b-b8db-1a3394c8f3c0,1633159752900,13.7270923,52.4305611,7.269386,0.14781499,0.18837762,-0.7697706,on bike mount,cyclo cross,True,asphalt,excellent
ad6b8960-356d-40df-b594-e9ef53e88d2e,18ed8160-cd60-4277-a163-0245213ddefc,1bc1ba33-cba7-4dd2-9986-d9c81ecd6ed5,1633159752950,13.7270923,52.4305611,7.269386,-0.43497828,-1.9606164,0.26194954,on bike mount,cyclo cross,True,asphalt,excellent
ad6b8960-356d-40df-b594-e9ef53e88d2e,18ed8160-cd60-4277-a163-0245213ddefc,f8014e31-ba72-47b4-a2cc-15e0fde92516,1633159753000,13.7270923,52.4305611,7.269386,-0.006793648,2.0111332,1.2030954,on bike mount,cyclo cross,True,asphalt,excellent
ad6b8960-356d-40df-b594-e9ef53e88d2e,18ed8160-cd60-4277-a163-0245213ddefc,e058f316-d12e-4294-b232-518916dd704d,1633159753051,13.7270923,52.4305611,7.269386,-0.22195955,-0.3284402,-0.91992474,on bike mount,cyclo cross,True,asphalt,excellent
ad6b8960-356d-40df-b594-e9ef53e88d2e,18ed8160-cd60-4277-a163-0245213ddefc,ad8dfaf8-dcab-4487-a16a-0403056cdee1,1633159753101,13.7270923,52.4305611,7.269386,0.052992806,-0.35793257,-1.0394468,on bike mount,cyclo cross,True,asphalt,excellent
ad6b8960-356d-40df-b594-e9ef53e88d2e,18ed8160-cd60-4277-a163-0245213ddefc,605175f4-e670-4574-a97a-fc6e4acb0488,1633159753151,13.7270923,52.4305611,7.269386,-0.076249376,1.3159704,-2.591505,on bike mount,cyclo cross,True,asphalt,excellent
ad6b8960-356d-40df-b594-e9ef53e88d2e,18ed8160-cd60-4277-a163-0245213ddefc,17e05bb1-8f49-42c2-8aad-3eee23ea389f,1633159753219,13.7270923,52.4305611,7.269386,-0.24942757,-0.06075883,-0.5581875,on bike mount,cyclo cross,True,asphalt,excellent
ad6b8960-356d-40df-b594-e9ef53e88d2e,18ed8160-cd60-4277-a163-0245213ddefc,01a1cfd9-4480-43ee-880c-4e54440001a4,1633159753284,13.7270923,52.4305611,7.269386,0.118925184,0.6252136,0.85555935,on bike mount,cyclo cross,True,asphalt,excellent
ad6b8960-356d-40df-b594-e9ef53e88d2e,18ed8160-cd60-4277-a163-0245213ddefc,56527e09-899c-4e58-9a5b-84c54e334891,1633159753334,13.7270923,52.4305611,7.269386,-1.4816892,3.6559572,-1.578062,on bike mount,cyclo cross,True,asphalt,excellent
ad6b8960-356d-40df-b594-e9ef53e88d2e,18ed8160-cd60-4277-a163-0245213ddefc,94e6a59e-e7cd-4d54-a94d-aee9663707d4,1633159753384,13.7270923,52.4305611,7.269386,1.4270974,0.92098475,1.530179,on bike mount,cyclo cross,True,asphalt,excellent
ad6b8960-356d-40df-b594-e9ef53e88d2e,18ed8160-cd60-4277-a163-0245213ddefc,5b9e84dc-ca30-4f18-96a9-da89fe6afd4d,1633159753434,13.7270923,52.4305611,7.269386,0.72852176,-0.75695896,0.018884659,on bike mount,cyclo cross,True,asphalt,excellent
ad6b8960-356d-40df-b594-e9ef53e88d2e,18ed8160-cd60-4277-a163-0245213ddefc,a89d2e60-b0dc-4e26-819e-b64f5a23c495,1633159753484,13.7270923,52.4305611,7.269386,-0.6584142,-0.98394656,1.0471029,on bike mount,cyclo cross,True,asphalt,excellent
ad6b8960-356d-40df-b594-e9ef53e88d2e,18ed8160-cd60-4277-a163-0245213ddefc,c9d6e7c9-df1e-415f-b1b9-44681e7fcc6c,1633159753535,13.7270923,52.4305611,7.269386,0.021300986,-1.7131183,1.6039877,on bike mount,cyclo cross,True,asphalt,excellent
ad6b8960-356d-40df-b594-e9ef53e88d2e,18ed8160-cd60-4277-a163-0245213ddefc,2df43691-41c9-4d22-b740-7367b4be228c,1633159753604,13.7270923,52.4305611,7.269386,1.266726,-1.9301567,0.72653484,on bike mount,cyclo cross,True,asphalt,excellent
ad6b8960-356d-40df-b594-e9ef53e88d2e,18ed8160-cd60-4277-a163-0245213ddefc,9ed956b2-cf35-44e7-ac03-3f7bc34d9e37,1633159753667,13.7271957,52.4305523,7.2386584,0.41961098,1.0852184,-0.056315422,on bike mount,cyclo cross,True,asphalt,excellent
ad6b8960-356d-40df-b594-e9ef53e88d2e,18ed8160-cd60-4277-a163-0245213ddefc,9c50acfb-0830-4269-b5bc-665dd0ef3f41,1633159753717,13.7271957,52.4305523,7.2386584,0.36031324,-0.6434059,0.7195463,on bike mount,cyclo cross,True,asphalt,excellent
ad6b8960-356d-40df-b594-e9ef53e88d2e,18ed8160-cd60-4277-a163-0245213ddefc,bf2a8c84-d302-41ae-a6e6-4a3bda44cc6e,1633159753768,13.7271957,52.4305523,7.2386584,-0.6320653,-1.0809206,-0.58248425,on bike mount,cyclo cross,True,asphalt,excellent
ad6b8960-356d-40df-b594-e9ef53e88d2e,18ed8160-cd60-4277-a163-0245213ddefc,58706494-5cf3-4a22-bc9a-2f27e84f3698,1633159753819,13.7271957,52.4305523,7.2386584,0.9010756,1.6412172,-0.7357149,on bike mount,cyclo cross,True,asphalt,excellent
ad6b8960-356d-40df-b594-e9ef53e88d2e,18ed8160-cd60-4277-a163-0245213ddefc,08530c59-a1cc-4e59-ac0a-af3b6ac27fda,1633159753869,13.7271957,52.4305523,7.2386584,0.13552289,0.22978568,0.23820782,on bike mount,cyclo cross,True,asphalt,excellent
ad6b8960-356d-40df-b594-e9ef53e88d2e,18ed8160-cd60-4277-a163-0245213ddefc,c7632034-7d0d-4a53-9df9-3e22f8053c5b,1633159753919,13.7271957,52.4305523,7.2386584,-0.015701354,0.64738894,1.5562887,on bike mount,cyclo cross,True,asphalt,excellent
ad6b8960-356d-40df-b594-e9ef53e88d2e,18ed8160-cd60-4277-a163-0245213ddefc,dd9d11e9-8523-46ad-a0c7-c82988af651f,1633159753969,13.7271957,52.4305523,7.2386584,-0.5933357,0.23025513,-0.9561024,on bike mount,cyclo cross,True,asphalt,excellent
ad6b8960-356d-40df-b594-e9ef53e88d2e,18ed8160-cd60-4277-a163-0245213ddefc,69e1b127-bb2d-4e9a-a195-a1bc7b55e865,1633159754019,13.7271957,52.4305523,7.2386584,-0.22112432,-1.82758,3.3742647,on bike mount,cyclo cross,True,asphalt,excellent
ad6b8960-356d-40df-b594-e9ef53e88d2e,18ed8160-cd60-4277-a163-0245213ddefc,1d6f896f-e863-4a1c-adf4-c35923aecdeb,1633159754070,13.7271957,52.4305523,7.2386584,0.1539729,0.5289314,-2.3344288,on bike mount,cyclo cross,True,asphalt,excellent
ad6b8960-356d-40df-b594-e9ef53e88d2e,18ed8160-cd60-4277-a163-0245213ddefc,1e2d081e-0f70-45cd-ac84-41b5fdb37d03,1633159754136,13.7271957,52.4305523,7.2386584,-0.8336312,0.8622875,0.5698004,on bike mount,cyclo cross,True,asphalt,excellent
ad6b8960-356d-40df-b594-e9ef53e88d2e,18ed8160-cd60-4277-a163-0245213ddefc,a99ddfb6-025d-450a-9912-2ee62a283d39,1633159754186,13.7271957,52.4305523,7.2386584,0.79749244,-1.5302193,1.8951893,on bike mount,cyclo cross,True,asphalt,excellent
ad6b8960-356d-40df-b594-e9ef53e88d2e,18ed8160-cd60-4277-a163-0245213ddefc,8fbc8e4b-0755-427c-bbe0-e66fa3abcd67,1633159754236,13.7271957,52.4305523,7.2386584,-0.0668564,0.5846145,-1.7433262,on bike mount,cyclo cross,True,asphalt,excellent
ad6b8960-356d-40df-b594-e9ef53e88d2e,18ed8160-cd60-4277-a163-0245213ddefc,b932daba-7b43-494f-b7fd-aa94e929f6d6,1633159754286,13.7271957,52.4305523,7.2386584,0.5754709,-0.87198603,0.24694824,on bike mount,cyclo cross,True,asphalt,excellent
ad6b8960-356d-40df-b594-e9ef53e88d2e,18ed8160-cd60-4277-a163-0245213ddefc,83f3f5ce-7871-44d1-8300-2df329687fea,1633159754337,13.7271957,52.4305523,7.2386584,0.2652334,-0.2737589,-1.0102296,on bike mount,cyclo cross,True,asphalt,excellent
ad6b8960-356d-40df-b594-e9ef53e88d2e,18ed8160-cd60-4277-a163-0245213ddefc,e92d2dba-bb9b-4ed2-862c-f6610bd12f07,1633159754388,13.7271957,52.4305523,7.2386584,0.040693328,1.0093579,-2.3316755,on bike mount,cyclo cross,True,asphalt,excellent
ad6b8960-356d-40df-b594-e9ef53e88d2e,18ed8160-cd60-4277-a163-0245213ddefc,c0e7c5fb-ee6d-4285-8772-b6a041f1b3db,1633159754438,13.7271957,52.4305523,7.2386584,-0.7497155,0.6077976,-1.6174493,on bike mount,cyclo cross,True,asphalt,excellent
ad6b8960-356d-40df-b594-e9ef53e88d2e,18ed8160-cd60-4277-a163-0245213ddefc,2f720129-8937-415a-ae5b-d9c77bf08558,1633159754503,13.7271957,52.4305523,7.2386584,0.31627357,1.8573184,8.637465,on bike mount,cyclo cross,True,asphalt,excellent
ad6b8960-356d-40df-b594-e9ef53e88d2e,18ed8160-cd60-4277-a163-0245213ddefc,ff7dc81a-f3b7-45ac-8892-dbd967ea60ab,1633159754554,13.7271957,52.4305523,7.2386584,-0.93044984,0.3485124,0.33896923,on bike mount,cyclo cross,True,asphalt,excellent
ad6b8960-356d-40df-b594-e9ef53e88d2e,18ed8160-cd60-4277-a163-0245213ddefc,5269ea48-dfa7-4868-9aa8-cfce1ca91aa4,1633159754607,13.7271957,52.4305523,7.2386584,-0.31266108,0.09573531,3.1732054,on bike mount,cyclo cross,True,asphalt,excellent
ad6b8960-356d-40df-b594-e9ef53e88d2e,18ed8160-cd60-4277-a163-0245213ddefc,1e4cf57d-ba15-4f4f-9120-18a8c9982890,1633159754671,13.7273011,52.4305432,7.229744,0.64511675,2.8107836,0.48583698,on bike mount,cyclo cross,True,asphalt,excellent
ad6b8960-356d-40df-b594-e9ef53e88d2e,18ed8160-cd60-4277-a163-0245213ddefc,09fba1ab-a4b4-445d-b1a8-08393a3ba29b,1633159754722,13.7273011,52.4305432,7.229744,-0.38141823,-0.5189471,-0.3249035,on bike mount,cyclo cross,True,asphalt,excellent
ad6b8960-356d-40df-b594-e9ef53e88d2e,18ed8160-cd60-4277-a163-0245213ddefc,ae86b3c0-aec3-4937-8f5a-7227d33d09a8,1633159754773,13.7273011,52.4305432,7.229744,-0.6026107,-0.7783797,-1.0203018,on bike mount,cyclo cross,True,asphalt,excellent
ad6b8960-356d-40df-b594-e9ef53e88d2e,18ed8160-cd60-4277-a163-0245213ddefc,02b967ce-90ee-41d7-82f5-9a76f7924d97,1633159754823,13.7273011,52.4305432,7.229744,0.100401685,0.007990837,1.3241997,on bike mount,cyclo cross,True,asphalt,excellent
ad6b8960-356d-40df-b594-e9ef53e88d2e,18ed8160-cd60-4277-a163-0245213ddefc,4e85fed3-d640-428b-ab9e-4cacf8c6d15b,1633159754873,13.7273011,52.4305432,7.229744,-0.3139058,-2.811865,0.70361614,on bike mount,cyclo cross,True,asphalt,excellent
ad6b8960-356d-40df-b594-e9ef53e88d2e,18ed8160-cd60-4277-a163-0245213ddefc,be003420-b0e4-48e4-85ff-79cbac920ba1,1633159754938,13.7273011,52.4305432,7.229744,-1.5479537,0.47945285,-0.75796604,on bike mount,cyclo cross,True,asphalt,excellent
ad6b8960-356d-40df-b594-e9ef53e88d2e,18ed8160-cd60-4277-a163-0245213ddefc,043225e7-4c9d-4406-a29e-3c12e232b1a6,1633159754989,13.7273011,52.4305432,7.229744,1.9453516,-2.0080636,-0.32635307,on bike mount,cyclo cross,True,asphalt,excellent
ad6b8960-356d-40df-b594-e9ef53e88d2e,18ed8160-cd60-4277-a163-0245213ddefc,e90b8ab8-016d-4b51-aa2f-89956aaf63be,1633159755039,13.7273011,52.4305432,7.229744,-0.15382929,1.1562514,-0.27180958,on bike mount,cyclo cross,True,asphalt,excellent
ad6b8960-356d-40df-b594-e9ef53e88d2e,18ed8160-cd60-4277-a163-0245213ddefc,1fa734a9-6cda-479a-981e-ec168d64f95d,1633159755089,13.7273011,52.4305432,7.229744,-0.884786,-1.4109598,0.46658707,on bike mount,cyclo cross,True,asphalt,excellent
ad6b8960-356d-40df-b594-e9ef53e88d2e,18ed8160-cd60-4277-a163-0245213ddefc,2874004b-e27b-4ee2-b1e3-260887b379f7,1633159755139,13.7273011,52.4305432,7.229744,0.4777614,-0.08417249,0.78761864,on bike mount,cyclo cross,True,asphalt,excellent
ad6b8960-356d-40df-b594-e9ef53e88d2e,18ed8160-cd60-4277-a163-0245213ddefc,275430f4-48ad-46bf-aa4d-2008b527aba0,1633159755190,13.7273011,52.4305432,7.229744,0.95540607,-0.054709196,1.0759706,on bike mount,cyclo cross,True,asphalt,excellent
ad6b8960-356d-40df-b594-e9ef53e88d2e,18ed8160-cd60-4277-a163-0245213ddefc,a269a248-834d-43ec-bf95-832615506b09,1633159755240,13.7273011,52.4305432,7.229744,0.770265,0.07687068,-1.1738186,on bike mount,cyclo cross,True,asphalt,excellent
ad6b8960-356d-40df-b594-e9ef53e88d2e,18ed8160-cd60-4277-a163-0245213ddefc,5a13817b-47c6-4226-919a-6f12a20abecf,1633159755306,13.7273011,52.4305432,7.229744,-0.73331,-1.2311554,1.6987143,on bike mount,cyclo cross,True,asphalt,excellent
