bike_activity_uid,bike_activity_sample_uid,bike_activity_measurement,bike_activity_measurement_timestamp,bike_activity_measurement_lon,bike_activity_measurement_lat,bike_activity_measurement_speed,bike_activity_measurement_accelerometer_x,bike_activity_measurement_accelerometer_y,bike_activity_measurement_accelerometer_z,bike_activity_phone_position,bike_activity_bike_type,bike_activity_flagged_lab_conditions,bike_activity_surface_type,bike_activity_smoothness_type
be0312cd-89ed-446d-936d-19e028e3cd45,0ad3c45a-a953-4e38-8885-71d38a8fefb0,1ecb74c3-bdcb-40b9-a03f-b5149bcad60c,1633162618783,13.9357854,52.3942082,7.2784266,0.388209,-4.3672953,4.3677692,on bike mount,cyclo cross,True,asphalt,excellent
be0312cd-89ed-446d-936d-19e028e3cd45,0ad3c45a-a953-4e38-8885-71d38a8fefb0,1cb2aea8-53c5-474e-af45-ecb97aef3ac9,1633162618850,13.9357854,52.3942082,7.2784266,-0.35452044,0.046158075,-1.128933,on bike mount,cyclo cross,True,asphalt,excellent
be0312cd-89ed-446d-936d-19e028e3cd45,0ad3c45a-a953-4e38-8885-71d38a8fefb0,d821eb24-b857-444f-b451-710f9a336371,1633162618916,13.9357854,52.3942082,7.2784266,0.3812416,-2.2263913,1.2744398,on bike mount,cyclo cross,True,asphalt,excellent
be0312cd-89ed-446d-936d-19e028e3cd45,0ad3c45a-a953-4e38-8885-71d38a8fefb0,3b71c932-d130-476d-9bd9-0718003ec93d,1633162618967,13.9357854,52.3942082,7.2784266,1.1056361,1.3956909,1.4885101,on bike mount,cyclo cross,True,asphalt,excellent
be0312cd-89ed-446d-936d-19e028e3cd45,0ad3c45a-a953-4e38-8885-71d38a8fefb0,22b549a7-f0f1-4939-b148-9dd7f855d61c,1633162619033,13.9357854,52.3942082,7.2784266,0.823679,-2.1763108,1.4722099,on bike mount,cyclo cross,True,asphalt,excellent
be0312cd-89ed-446d-936d-19e028e3cd45,0ad3c45a-a953-4e38-8885-71d38a8fefb0,807d11d6-9d50-487b-aafd-f8ec9067f964,1633162619100,13.9357854,52.3942082,7.2784266,0.25293294,0.93698454,-0.08456993,on bike mount,cyclo cross,True,asphalt,excellent
be0312cd-89ed-446d-936d-19e028e3cd45,0ad3c45a-a953-4e38-8885-71d38a8fefb0,2b053331-95a2-47ff-8cb1-ec0c551b3afb,1633162619150,13.9357854,52.3942082,7.2784266,-0.76376265,-0.13737798,0.529377,on bike mount,cyclo cross,True,asphalt,excellent
be0312cd-89ed-446d-936d-19e028e3cd45,0ad3c45a-a953-4e38-8885-71d38a8fefb0,b07a3fa2-175a-4ad7-80b0-a142b12cc2ca,1633162619200,13.9357854,52.3942082,7.2784266,0.906299,-0.44606018,1.8814621,on bike mount,cyclo cross,True,asphalt,excellent
be0312cd-89ed-446d-936d-19e028e3cd45,0ad3c45a-a953-4e38-8885-71d38a8fefb0,f0e3ae01-e940-461b-bd96-523f6e825e36,1633162619251,13.9357854,52.3942082,7.2784266,1.0912923,0.81333375,2.4021397,on bike mount,cyclo cross,True,asphalt,excellent
be0312cd-89ed-446d-936d-19e028e3cd45,0ad3c45a-a953-4e38-8885-71d38a8fefb0,24ffd998-8495-451b-9163-d880a95ed84e,1633162619318,13.9357854,52.3942082,7.2784266,-0.8480814,-0.114355326,0.6210737,on bike mount,cyclo cross,True,asphalt,excellent
be0312cd-89ed-446d-936d-19e028e3cd45,0ad3c45a-a953-4e38-8885-71d38a8fefb0,a9aad952-3a17-495b-bac0-f96ccfd440a9,1633162619385,13.9357854,52.3942082,7.2784266,0.5310445,-1.0350835,3.0609188,on bike mount,cyclo cross,True,asphalt,excellent
be0312cd-89ed-446d-936d-19e028e3cd45,0ad3c45a-a953-4e38-8885-71d38a8fefb0,664dd028-5d4a-4ac0-a058-d46ef92ffb49,1633162619451,13.9357854,52.3942082,7.2784266,0.33353186,-2.700868,2.7883787,on bike mount,cyclo cross,True,asphalt,excellent
be0312cd-89ed-446d-936d-19e028e3cd45,0ad3c45a-a953-4e38-8885-71d38a8fefb0,c3292162-d2d0-49a4-8a99-9f230fb51af8,1633162619501,13.9357854,52.3942082,7.2784266,0.22421609,0.28371072,0.15772247,on bike mount,cyclo cross,True,asphalt,excellent
be0312cd-89ed-446d-936d-19e028e3cd45,0ad3c45a-a953-4e38-8885-71d38a8fefb0,ec4e41cf-1109-4885-9737-cc864ccf40c3,1633162619552,13.9357854,52.3942082,7.2784266,-0.3349995,0.23457694,-2.392552,on bike mount,cyclo cross,True,asphalt,excellent
be0312cd-89ed-446d-936d-19e028e3cd45,0ad3c45a-a953-4e38-8885-71d38a8fefb0,97f6cdb9-39c5-4470-97f5-04352a5c571e,1633162619619,13.9357854,52.3942082,7.2784266,0.2380516,0.0025303364,0.52702045,on bike mount,cyclo cross,True,asphalt,excellent
be0312cd-89ed-446d-936d-19e028e3cd45,0ad3c45a-a953-4e38-8885-71d38a8fefb0,34d9055a-ff52-4324-940a-8ae108791e50,1633162619686,13.9358973,52.3942002,7.310568,-0.32566634,0.7537172,-0.3065195,on bike mount,cyclo cross,True,asphalt,excellent
be0312cd-89ed-446d-936d-19e028e3cd45,0ad3c45a-a953-4e38-8885-71d38a8fefb0,5db5cdba-2ad3-4e26-8c8e-33ffc04ce9c3,1633162619752,13.9358973,52.3942002,7.310568,0.8068578,0.097307205,0.119029045,on bike mount,cyclo cross,True,asphalt,excellent
be0312cd-89ed-446d-936d-19e028e3cd45,0ad3c45a-a953-4e38-8885-71d38a8fefb0,e638b2af-8b53-4057-b694-d8d6f1f8fff6,1633162619818,13.9358973,52.3942002,7.310568,-0.7939453,-1.0206723,-1.6216621,on bike mount,cyclo cross,True,asphalt,excellent
be0312cd-89ed-446d-936d-19e028e3cd45,0ad3c45a-a953-4e38-8885-71d38a8fefb0,bfd0cfdf-29e3-49ba-9748-0d8409852322,1633162619886,13.9358973,52.3942002,7.310568,-1.4128551,0.55197287,3.0613852,on bike mount,cyclo cross,True,asphalt,excellent
be0312cd-89ed-446d-936d-19e028e3cd45,0ad3c45a-a953-4e38-8885-71d38a8fefb0,093f29c5-95d6-4d89-a71b-bc34992dd57e,1633162619952,13.9358973,52.3942002,7.310568,-0.05882658,0.6412754,-2.3031392,on bike mount,cyclo cross,True,asphalt,excellent
be0312cd-89ed-446d-936d-19e028e3cd45,0ad3c45a-a953-4e38-8885-71d38a8fefb0,14427f9e-785f-4bdf-ac33-502a215c9732,1633162620003,13.9358973,52.3942002,7.310568,1.5831966,-2.4513798,-0.06557369,on bike mount,cyclo cross,True,asphalt,excellent
be0312cd-89ed-446d-936d-19e028e3cd45,0ad3c45a-a953-4e38-8885-71d38a8fefb0,1a61ea62-925a-4b48-9d88-5bfaa5040b65,1633162620069,13.9358973,52.3942002,7.310568,-0.24025327,-2.6208518,-1.4561205,on bike mount,cyclo cross,True,asphalt,excellent
be0312cd-89ed-446d-936d-19e028e3cd45,0ad3c45a-a953-4e38-8885-71d38a8fefb0,015a24db-ffd0-481f-ab63-feaa33267e2d,1633162620120,13.9358973,52.3942002,7.310568,-0.12553269,-3.7588346,0.5036535,on bike mount,cyclo cross,True,asphalt,excellent
be0312cd-89ed-446d-936d-19e028e3cd45,0ad3c45a-a953-4e38-8885-71d38a8fefb0,13342a58-3135-4b64-95c3-9fa838d54936,1633162620186,13.9358973,52.3942002,7.310568,0.65395474,-2.2701867,6.6051035,on bike mount,cyclo cross,True,asphalt,excellent
be0312cd-89ed-446d-936d-19e028e3cd45,0ad3c45a-a953-4e38-8885-71d38a8fefb0,45c433f7-9c1a-498e-a157-d3b5bcbeb7c0,1633162620236,13.9358973,52.3942002,7.310568,-0.5370147,-0.38042712,-0.9613514,on bike mount,cyclo cross,True,asphalt,excellent
be0312cd-89ed-446d-936d-19e028e3cd45,0ad3c45a-a953-4e38-8885-71d38a8fefb0,7e7249b5-629f-435e-9ef1-35444f304f33,1633162620287,13.9358973,52.3942002,7.310568,-0.34114376,-2.0569346,0.3717308,on bike mount,cyclo cross,True,asphalt,excellent
be0312cd-89ed-446d-936d-19e028e3cd45,0ad3c45a-a953-4e38-8885-71d38a8fefb0,e3d04a77-aaec-428d-bd3d-e14a6f5ff33e,1633162620353,13.9358973,52.3942002,7.310568,0.30226707,0.5218806,-0.5917692,on bike mount,cyclo cross,True,asphalt,excellent
be0312cd-89ed-446d-936d-19e028e3cd45,0ad3c45a-a953-4e38-8885-71d38a8fefb0,496f2555-40f1-480a-9422-f769b717d85f,1633162620404,13.9358973,52.3942002,7.310568,-0.39031607,-2.3971517,0.6633787,on bike mount,cyclo cross,True,asphalt,excellent
be0312cd-89ed-446d-936d-19e028e3cd45,0ad3c45a-a953-4e38-8885-71d38a8fefb0,6a7b5147-b194-4e2e-aaf7-448fc7e40479,1633162620471,13.9358973,52.3942002,7.310568,-1.9850179,0.9785538,-2.8527431,on bike mount,cyclo cross,True,asphalt,excellent
be0312cd-89ed-446d-936d-19e028e3cd45,0ad3c45a-a953-4e38-8885-71d38a8fefb0,21565930-2154-4c51-ae9b-f61af569b2cf,1633162620537,13.9358973,52.3942002,7.310568,0.8441218,-0.46010518,-1.0452776,on bike mount,cyclo cross,True,asphalt,excellent
be0312cd-89ed-446d-936d-19e028e3cd45,0ad3c45a-a953-4e38-8885-71d38a8fefb0,4ad48e55-ad56-46bf-b838-ab808f5fd913,1633162620587,13.9358973,52.3942002,7.310568,-1.87939,3.0812364,-2.1241074,on bike mount,cyclo cross,True,asphalt,excellent
be0312cd-89ed-446d-936d-19e028e3cd45,0ad3c45a-a953-4e38-8885-71d38a8fefb0,ce3c0a90-33ef-4c6a-bb7e-9cb83efa29da,1633162620653,13.9360103,52.3941934,7.335078,-0.4188355,1.5275073,-2.004026,on bike mount,cyclo cross,True,asphalt,excellent
be0312cd-89ed-446d-936d-19e028e3cd45,0ad3c45a-a953-4e38-8885-71d38a8fefb0,53e4f72d-8392-4fc3-bd01-2d50fac8b473,1633162620720,13.9360103,52.3941934,7.335078,0.6342147,-2.8745728,0.83726597,on bike mount,cyclo cross,True,asphalt,excellent
be0312cd-89ed-446d-936d-19e028e3cd45,0ad3c45a-a953-4e38-8885-71d38a8fefb0,b28083bd-b5fd-4a03-a135-8403e7ba4a70,1633162620788,13.9360103,52.3941934,7.335078,-0.16850291,1.8464713,-1.9837971,on bike mount,cyclo cross,True,asphalt,excellent
be0312cd-89ed-446d-936d-19e028e3cd45,0ad3c45a-a953-4e38-8885-71d38a8fefb0,ff2097f9-d33e-4d35-8f59-9c8503fc6f37,1633162620854,13.9360103,52.3941934,7.335078,0.68903005,-2.6760054,0.7156048,on bike mount,cyclo cross,True,asphalt,excellent
be0312cd-89ed-446d-936d-19e028e3cd45,0ad3c45a-a953-4e38-8885-71d38a8fefb0,b2d06934-7d1e-482b-a289-2a3b836d1a35,1633162620905,13.9360103,52.3941934,7.335078,-0.0050611347,1.4737902,-3.1188931,on bike mount,cyclo cross,True,asphalt,excellent
be0312cd-89ed-446d-936d-19e028e3cd45,0ad3c45a-a953-4e38-8885-71d38a8fefb0,73501873-c20f-469c-99fa-6fa655e231e1,1633162620971,13.9360103,52.3941934,7.335078,-0.10743071,-2.1039014,4.9715633,on bike mount,cyclo cross,True,asphalt,excellent
be0312cd-89ed-446d-936d-19e028e3cd45,0ad3c45a-a953-4e38-8885-71d38a8fefb0,9dbce199-f905-495d-ba50-deb8689cf257,1633162621021,13.9360103,52.3941934,7.335078,0.21144669,-0.62673163,-4.3756046,on bike mount,cyclo cross,True,asphalt,excellent
be0312cd-89ed-446d-936d-19e028e3cd45,0ad3c45a-a953-4e38-8885-71d38a8fefb0,e5dc8a39-feab-4bfe-9029-f32de7926cd2,1633162621072,13.9360103,52.3941934,7.335078,-0.48417896,3.072569,-1.3998837,on bike mount,cyclo cross,True,asphalt,excellent
be0312cd-89ed-446d-936d-19e028e3cd45,0ad3c45a-a953-4e38-8885-71d38a8fefb0,a53fa736-bb31-42d7-a129-953648400392,1633162621139,13.9360103,52.3941934,7.335078,1.9684119,-2.2485702,5.646283,on bike mount,cyclo cross,True,asphalt,excellent
be0312cd-89ed-446d-936d-19e028e3cd45,0ad3c45a-a953-4e38-8885-71d38a8fefb0,19cca68c-dd4f-4aef-8251-075e605bcd10,1633162621206,13.9360103,52.3941934,7.335078,-0.9088391,0.51807237,-2.60461,on bike mount,cyclo cross,True,asphalt,excellent
be0312cd-89ed-446d-936d-19e028e3cd45,0ad3c45a-a953-4e38-8885-71d38a8fefb0,1bddddc1-087a-42c2-8692-b19c1a3ed999,1633162621272,13.9360103,52.3941934,7.335078,-0.634757,0.36736727,-1.3923221,on bike mount,cyclo cross,True,asphalt,excellent
be0312cd-89ed-446d-936d-19e028e3cd45,0ad3c45a-a953-4e38-8885-71d38a8fefb0,ca977a80-563b-4d9a-982a-a8f0e4687f7d,1633162621323,13.9360103,52.3941934,7.335078,1.1851264,-5.229656,-1.4031224,on bike mount,cyclo cross,True,asphalt,excellent
be0312cd-89ed-446d-936d-19e028e3cd45,0ad3c45a-a953-4e38-8885-71d38a8fefb0,9c6c9096-0b65-4137-bb35-87eb75863e86,1633162621389,13.9360103,52.3941934,7.335078,-0.72953546,-2.7716677,0.019126892,on bike mount,cyclo cross,True,asphalt,excellent
be0312cd-89ed-446d-936d-19e028e3cd45,0ad3c45a-a953-4e38-8885-71d38a8fefb0,0f647310-fa6f-4657-9b1b-179521dea4e4,1633162621456,13.9360103,52.3941934,7.335078,0.62327075,3.6686487,5.7410164,on bike mount,cyclo cross,True,asphalt,excellent
be0312cd-89ed-446d-936d-19e028e3cd45,0ad3c45a-a953-4e38-8885-71d38a8fefb0,b9cb7ea7-5a8a-4f19-9785-96f5d57fc92e,1633162621523,13.9360103,52.3941934,7.335078,0.021407723,-0.47102284,1.023613,on bike mount,cyclo cross,True,asphalt,excellent
be0312cd-89ed-446d-936d-19e028e3cd45,0ad3c45a-a953-4e38-8885-71d38a8fefb0,f4bc0072-0310-470f-a316-e5d9fb24a2fc,1633162621589,13.9360103,52.3941934,7.335078,-0.62686634,1.6408672,-3.531304,on bike mount,cyclo cross,True,asphalt,excellent
be0312cd-89ed-446d-936d-19e028e3cd45,0ad3c45a-a953-4e38-8885-71d38a8fefb0,5e5cc58a-0ed7-4912-a62a-9eb87af0e89d,1633162621640,13.9360103,52.3941934,7.335078,-0.7666595,0.77127504,4.8939962,on bike mount,cyclo cross,True,asphalt,excellent
be0312cd-89ed-446d-936d-19e028e3cd45,0ad3c45a-a953-4e38-8885-71d38a8fefb0,ad6f226b-07bb-4530-b07c-e5c14eea0cc5,1633162621707,13.9361189,52.3941881,7.3445044,0.06601398,-0.09395599,-1.7362242,on bike mount,cyclo cross,True,asphalt,excellent
be0312cd-89ed-446d-936d-19e028e3cd45,0ad3c45a-a953-4e38-8885-71d38a8fefb0,303860f2-5cf3-4023-914b-acdf26f870c5,1633162621757,13.9361189,52.3941881,7.3445044,-0.14277908,3.0016217,3.1565704,on bike mount,cyclo cross,True,asphalt,excellent
be0312cd-89ed-446d-936d-19e028e3cd45,0ad3c45a-a953-4e38-8885-71d38a8fefb0,7746d14d-e329-4395-9475-0c02a96b2f33,1633162621824,13.9361189,52.3941881,7.3445044,0.25937855,0.44686675,2.984889,on bike mount,cyclo cross,True,asphalt,excellent
be0312cd-89ed-446d-936d-19e028e3cd45,0ad3c45a-a953-4e38-8885-71d38a8fefb0,f29fe0f6-f777-4e57-98ff-72d8b76b4ad2,1633162621891,13.9361189,52.3941881,7.3445044,0.57903296,-1.706497,0.90663815,on bike mount,cyclo cross,True,asphalt,excellent
be0312cd-89ed-446d-936d-19e028e3cd45,0ad3c45a-a953-4e38-8885-71d38a8fefb0,831ec517-3ceb-4d13-b77b-a0528d142c78,1633162621957,13.9361189,52.3941881,7.3445044,-4.011841,2.8440351,0.594244,on bike mount,cyclo cross,True,asphalt,excellent
be0312cd-89ed-446d-936d-19e028e3cd45,0ad3c45a-a953-4e38-8885-71d38a8fefb0,8c17f71f-85b1-49a2-a51a-f45a8a343ea9,1633162622008,13.9361189,52.3941881,7.3445044,0.47785002,-2.720173,-2.6009946,on bike mount,cyclo cross,True,asphalt,excellent
be0312cd-89ed-446d-936d-19e028e3cd45,0ad3c45a-a953-4e38-8885-71d38a8fefb0,9cfaec70-fc1c-444e-a540-88f8ba027cc4,1633162622074,13.9361189,52.3941881,7.3445044,1.002996,2.622675,3.5673208,on bike mount,cyclo cross,True,asphalt,excellent
be0312cd-89ed-446d-936d-19e028e3cd45,0ad3c45a-a953-4e38-8885-71d38a8fefb0,796b6e4a-1a55-4af7-9d5d-f7336176127c,1633162622124,13.9361189,52.3941881,7.3445044,-1.205544,-0.7986338,-0.70871353,on bike mount,cyclo cross,True,asphalt,excellent
be0312cd-89ed-446d-936d-19e028e3cd45,0ad3c45a-a953-4e38-8885-71d38a8fefb0,a31813b5-e239-4690-82a5-32475e1eac9f,1633162622174,13.9361189,52.3941881,7.3445044,0.23745972,0.72556686,-0.60767937,on bike mount,cyclo cross,True,asphalt,excellent
be0312cd-89ed-446d-936d-19e028e3cd45,0ad3c45a-a953-4e38-8885-71d38a8fefb0,81dddc40-ae8b-4569-b23b-0cb6d523565b,1633162622225,13.9361189,52.3941881,7.3445044,-0.17499506,-0.6215875,-4.158277,on bike mount,cyclo cross,True,asphalt,excellent
be0312cd-89ed-446d-936d-19e028e3cd45,0ad3c45a-a953-4e38-8885-71d38a8fefb0,3bb67841-bd49-4e64-b461-45bbb8a827d6,1633162622292,13.9361189,52.3941881,7.3445044,0.09470901,-1.5215033,-1.2823024,on bike mount,cyclo cross,True,asphalt,excellent
be0312cd-89ed-446d-936d-19e028e3cd45,0ad3c45a-a953-4e38-8885-71d38a8fefb0,dd540567-797d-41a0-ad10-53d8439b08a1,1633162622358,13.9361189,52.3941881,7.3445044,-1.5639949,2.6045551,-1.4849858,on bike mount,cyclo cross,True,asphalt,excellent
be0312cd-89ed-446d-936d-19e028e3cd45,0ad3c45a-a953-4e38-8885-71d38a8fefb0,0399f230-0c92-4fa4-9a5a-f16c259c4401,1633162622408,13.9361189,52.3941881,7.3445044,-0.105632566,0.27460933,-1.2448907,on bike mount,cyclo cross,True,asphalt,excellent
be0312cd-89ed-446d-936d-19e028e3cd45,0ad3c45a-a953-4e38-8885-71d38a8fefb0,8305f537-1afc-4826-9fe5-87cc92dc9874,1633162622475,13.9361189,52.3941881,7.3445044,-0.020910665,-1.7882127,-4.460253,on bike mount,cyclo cross,True,asphalt,excellent
be0312cd-89ed-446d-936d-19e028e3cd45,0ad3c45a-a953-4e38-8885-71d38a8fefb0,ae5bb8d4-1208-4151-ae6f-87de77ce4cc5,1633162622542,13.9361189,52.3941881,7.3445044,0.23509046,-2.1286864,0.3516407,on bike mount,cyclo cross,True,asphalt,excellent
be0312cd-89ed-446d-936d-19e028e3cd45,0ad3c45a-a953-4e38-8885-71d38a8fefb0,5a5b4fd0-5659-4db1-babc-fbc1420c8973,1633162622592,13.9361189,52.3941881,7.3445044,-0.52258974,2.0408564,-0.6307206,on bike mount,cyclo cross,True,asphalt,excellent
be0312cd-89ed-446d-936d-19e028e3cd45,0ad3c45a-a953-4e38-8885-71d38a8fefb0,4347ba2e-9835-4f3f-901d-ea2e116add29,1633162622645,13.9362313,52.3941827,7.3637123,-1.2674167,0.32181263,4.0737753,on bike mount,cyclo cross,True,asphalt,excellent
be0312cd-89ed-446d-936d-19e028e3cd45,0ad3c45a-a953-4e38-8885-71d38a8fefb0,90fb2580-9a10-402f-9135-0ed82ec82f6d,1633162622709,13.9362313,52.3941827,7.3637123,0.25124174,0.7015114,-0.4095106,on bike mount,cyclo cross,True,asphalt,excellent
be0312cd-89ed-446d-936d-19e028e3cd45,0ad3c45a-a953-4e38-8885-71d38a8fefb0,0a83f2f6-202a-40b8-add4-dd79befb14ab,1633162622776,13.9362313,52.3941827,7.3637123,-1.1623534,2.2052062,-3.8926063,on bike mount,cyclo cross,True,asphalt,excellent
be0312cd-89ed-446d-936d-19e028e3cd45,0ad3c45a-a953-4e38-8885-71d38a8fefb0,915fd915-739b-46d9-8f71-d776d41966bf,1633162622843,13.9362313,52.3941827,7.3637123,1.7455689,1.3112845,-3.2210498,on bike mount,cyclo cross,True,asphalt,excellent
be0312cd-89ed-446d-936d-19e028e3cd45,0ad3c45a-a953-4e38-8885-71d38a8fefb0,0b354984-ba2d-4aeb-8beb-d4b4da15151a,1633162622909,13.9362313,52.3941827,7.3637123,1.499304,-2.4531972,1.5115414,on bike mount,cyclo cross,True,asphalt,excellent
be0312cd-89ed-446d-936d-19e028e3cd45,0ad3c45a-a953-4e38-8885-71d38a8fefb0,7c18e734-5d35-4ed2-a93a-491efb7243df,1633162622960,13.9362313,52.3941827,7.3637123,-0.7413754,0.9321549,-5.5612626,on bike mount,cyclo cross,True,asphalt,excellent
be0312cd-89ed-446d-936d-19e028e3cd45,0ad3c45a-a953-4e38-8885-71d38a8fefb0,f0d588d8-df7b-4274-84d4-74a30d6e6e8c,1633162623026,13.9362313,52.3941827,7.3637123,-0.14135614,-1.8232663,-1.5128922,on bike mount,cyclo cross,True,asphalt,excellent
be0312cd-89ed-446d-936d-19e028e3cd45,0ad3c45a-a953-4e38-8885-71d38a8fefb0,1ecf5efc-cbab-48d9-8e15-9ce7de26a914,1633162623076,13.9362313,52.3941827,7.3637123,1.4974625,-2.4725072,1.6923256,on bike mount,cyclo cross,True,asphalt,excellent
be0312cd-89ed-446d-936d-19e028e3cd45,0ad3c45a-a953-4e38-8885-71d38a8fefb0,9d067731-b342-4264-9591-25cd64f67e4e,1633162623144,13.9362313,52.3941827,7.3637123,0.15092129,-2.855609,1.6846371,on bike mount,cyclo cross,True,asphalt,excellent
be0312cd-89ed-446d-936d-19e028e3cd45,0ad3c45a-a953-4e38-8885-71d38a8fefb0,c0bfa6ea-d4de-4172-8421-2d67dd92ecff,1633162623210,13.9362313,52.3941827,7.3637123,-0.8222679,1.0444479,-1.1317391,on bike mount,cyclo cross,True,asphalt,excellent
be0312cd-89ed-446d-936d-19e028e3cd45,0ad3c45a-a953-4e38-8885-71d38a8fefb0,1bc60273-59d0-4c2d-8364-483a794b9203,1633162623260,13.9362313,52.3941827,7.3637123,1.4980518,0.2525897,1.0103817,on bike mount,cyclo cross,True,asphalt,excellent
be0312cd-89ed-446d-936d-19e028e3cd45,0ad3c45a-a953-4e38-8885-71d38a8fefb0,a3b2afae-4f02-48ee-8d35-9a88b09cd139,1633162623311,13.9362313,52.3941827,7.3637123,1.2858202,-1.678556,5.1505737,on bike mount,cyclo cross,True,asphalt,excellent
be0312cd-89ed-446d-936d-19e028e3cd45,0ad3c45a-a953-4e38-8885-71d38a8fefb0,74dd58e9-5b2e-4ad4-b54a-3a28be64824a,1633162623377,13.9362313,52.3941827,7.3637123,-0.5554315,-0.3028257,-2.0380354,on bike mount,cyclo cross,True,asphalt,excellent
be0312cd-89ed-446d-936d-19e028e3cd45,0ad3c45a-a953-4e38-8885-71d38a8fefb0,68a9aaaa-ea1d-4a91-b1a9-c51d6183e520,1633162623444,13.9362313,52.3941827,7.3637123,1.2580937,-1.4615285,-2.746943,on bike mount,cyclo cross,True,asphalt,excellent
be0312cd-89ed-446d-936d-19e028e3cd45,0ad3c45a-a953-4e38-8885-71d38a8fefb0,a6b36219-56bd-48e4-ad99-32e501ad3984,1633162623511,13.9362313,52.3941827,7.3637123,-1.1678792,1.5616374,-1.8991055,on bike mount,cyclo cross,True,asphalt,excellent
be0312cd-89ed-446d-936d-19e028e3cd45,0ad3c45a-a953-4e38-8885-71d38a8fefb0,cb929f71-c6be-41cd-b2a5-b5b0e74d4efd,1633162623561,13.9362313,52.3941827,7.3637123,-1.1689935,-0.60392404,-1.2556276,on bike mount,cyclo cross,True,asphalt,excellent
be0312cd-89ed-446d-936d-19e028e3cd45,0ad3c45a-a953-4e38-8885-71d38a8fefb0,8a67d2a4-e536-4486-a36e-4553bfa21999,1633162623611,13.9362313,52.3941827,7.3637123,-0.55029565,-0.47841382,-0.098587036,on bike mount,cyclo cross,True,asphalt,excellent
be0312cd-89ed-446d-936d-19e028e3cd45,0ad3c45a-a953-4e38-8885-71d38a8fefb0,f8d97dcb-371b-41e2-8d47-618c4e5c4dab,1633162623678,13.936339,52.3941766,7.361608,1.3305188,-1.3545411,-0.16802216,on bike mount,cyclo cross,True,asphalt,excellent
be0312cd-89ed-446d-936d-19e028e3cd45,0ad3c45a-a953-4e38-8885-71d38a8fefb0,ea27bd8a-6a20-4d48-ae39-4334c30acd66,1633162623744,13.936339,52.3941766,7.361608,-0.31178057,-1.6880568,4.095359,on bike mount,cyclo cross,True,asphalt,excellent
be0312cd-89ed-446d-936d-19e028e3cd45,0ad3c45a-a953-4e38-8885-71d38a8fefb0,e2c2397f-5d3b-4a83-b4f6-5a6c2e249e9d,1633162623795,13.936339,52.3941766,7.361608,1.4832271,-2.5099826,-4.845664,on bike mount,cyclo cross,True,asphalt,excellent
be0312cd-89ed-446d-936d-19e028e3cd45,0ad3c45a-a953-4e38-8885-71d38a8fefb0,448a0bef-bd00-4dcc-b4ef-a9d24115dfb3,1633162623862,13.936339,52.3941766,7.361608,1.705884,-2.9333482,-4.048315,on bike mount,cyclo cross,True,asphalt,excellent
be0312cd-89ed-446d-936d-19e028e3cd45,0ad3c45a-a953-4e38-8885-71d38a8fefb0,47c67d0f-f952-4b05-ac36-008a15e4ef91,1633162623929,13.936339,52.3941766,7.361608,-1.7741673,3.216541,-0.2868662,on bike mount,cyclo cross,True,asphalt,excellent
be0312cd-89ed-446d-936d-19e028e3cd45,0ad3c45a-a953-4e38-8885-71d38a8fefb0,b319f4f0-6bd7-4163-ae9b-075e66d6b982,1633162623995,13.936339,52.3941766,7.361608,0.4777701,-0.46867585,-0.695632,on bike mount,cyclo cross,True,asphalt,excellent
be0312cd-89ed-446d-936d-19e028e3cd45,0ad3c45a-a953-4e38-8885-71d38a8fefb0,a8a4919b-6834-4f56-9b9b-82e4863af0b2,1633162624045,13.936339,52.3941766,7.361608,-0.2573557,0.44567156,2.4464998,on bike mount,cyclo cross,True,asphalt,excellent
be0312cd-89ed-446d-936d-19e028e3cd45,0ad3c45a-a953-4e38-8885-71d38a8fefb0,38e54841-1120-4b7c-96a2-05e4d921d8ad,1633162624096,13.936339,52.3941766,7.361608,-1.6469358,0.16993427,0.07431984,on bike mount,cyclo cross,True,asphalt,excellent
be0312cd-89ed-446d-936d-19e028e3cd45,0ad3c45a-a953-4e38-8885-71d38a8fefb0,aed10089-adcf-493b-9209-5f2b91b9ff76,1633162624162,13.936339,52.3941766,7.361608,0.09108727,-0.43693352,0.5756264,on bike mount,cyclo cross,True,asphalt,excellent
be0312cd-89ed-446d-936d-19e028e3cd45,0ad3c45a-a953-4e38-8885-71d38a8fefb0,3af23bf7-ded7-4d99-b2ce-0afa8fc80273,1633162624229,13.936339,52.3941766,7.361608,0.2621535,-0.035102606,-0.70822525,on bike mount,cyclo cross,True,asphalt,excellent
be0312cd-89ed-446d-936d-19e028e3cd45,0ad3c45a-a953-4e38-8885-71d38a8fefb0,419509b3-9788-47c2-b09e-fbd944416816,1633162624279,13.936339,52.3941766,7.361608,-0.7467067,-0.7630696,1.8673496,on bike mount,cyclo cross,True,asphalt,excellent
be0312cd-89ed-446d-936d-19e028e3cd45,0ad3c45a-a953-4e38-8885-71d38a8fefb0,2bb30a94-1fee-4bdc-9d74-fc9a3b00fcc6,1633162624329,13.936339,52.3941766,7.361608,-1.0717986,1.6335745,-2.2071652,on bike mount,cyclo cross,True,asphalt,excellent
be0312cd-89ed-446d-936d-19e028e3cd45,0ad3c45a-a953-4e38-8885-71d38a8fefb0,186fed2b-5f28-40f3-b33d-ff21dfbc1094,1633162624396,13.936339,52.3941766,7.361608,1.1258852,0.97103834,-3.2774777,on bike mount,cyclo cross,True,asphalt,excellent
be0312cd-89ed-446d-936d-19e028e3cd45,0ad3c45a-a953-4e38-8885-71d38a8fefb0,cd646ee1-4b5a-4c48-ad61-68d96b7c5ca9,1633162624446,13.936339,52.3941766,7.361608,-0.12841953,2.8124032,-0.42009687,on bike mount,cyclo cross,True,asphalt,excellent
be0312cd-89ed-446d-936d-19e028e3cd45,0ad3c45a-a953-4e38-8885-71d38a8fefb0,e2d62791-4ba9-48ba-b5d6-3644496d6864,1633162624497,13.936339,52.3941766,7.361608,-1.0918611,-0.6325166,0.041208267,on bike mount,cyclo cross,True,asphalt,excellent
be0312cd-89ed-446d-936d-19e028e3cd45,0ad3c45a-a953-4e38-8885-71d38a8fefb0,cc45f257-1860-43a4-b393-4643951af0ab,1633162624564,13.936339,52.3941766,7.361608,0.9139063,-1.0818018,0.17090702,on bike mount,cyclo cross,True,asphalt,excellent
be0312cd-89ed-446d-936d-19e028e3cd45,0ad3c45a-a953-4e38-8885-71d38a8fefb0,b403f0d3-37e3-43a7-945d-94616b418f6f,1633162624631,13.936339,52.3941766,7.361608,-0.38838476,-1.0537279,-0.3784008,on bike mount,cyclo cross,True,asphalt,excellent
be0312cd-89ed-446d-936d-19e028e3cd45,0ad3c45a-a953-4e38-8885-71d38a8fefb0,abdb1fb5-7c8d-47a8-863f-ee90562b97d0,1633162624697,13.9364461,52.3941685,7.356908,0.9785124,-2.2926023,0.841342,on bike mount,cyclo cross,True,asphalt,excellent
be0312cd-89ed-446d-936d-19e028e3cd45,0ad3c45a-a953-4e38-8885-71d38a8fefb0,243b251f-a042-43ea-a928-f30ade1bc088,1633162624764,13.9364461,52.3941685,7.356908,-0.48462227,0.9796519,1.7119322,on bike mount,cyclo cross,True,asphalt,excellent
be0312cd-89ed-446d-936d-19e028e3cd45,0ad3c45a-a953-4e38-8885-71d38a8fefb0,ff63a037-6526-414f-9109-1b1a7f8d3eba,1633162624831,13.9364461,52.3941685,7.356908,-0.167017,-0.8248539,1.7771664,on bike mount,cyclo cross,True,asphalt,excellent
be0312cd-89ed-446d-936d-19e028e3cd45,0ad3c45a-a953-4e38-8885-71d38a8fefb0,69be9448-7110-4fff-b5f5-7e036d34c984,1633162624898,13.9364461,52.3941685,7.356908,-0.32712296,-0.5154321,-0.716629,on bike mount,cyclo cross,True,asphalt,excellent
be0312cd-89ed-446d-936d-19e028e3cd45,0ad3c45a-a953-4e38-8885-71d38a8fefb0,3fdd2fd1-117b-42da-b51e-6df38b3262bb,1633162624964,13.9364461,52.3941685,7.356908,-0.8519783,-1.630986,-0.9262047,on bike mount,cyclo cross,True,asphalt,excellent
be0312cd-89ed-446d-936d-19e028e3cd45,0ad3c45a-a953-4e38-8885-71d38a8fefb0,3a4aa76b-8005-4718-9acc-6fbb9c77e326,1633162625031,13.9364461,52.3941685,7.356908,0.7319908,-0.9858217,1.3271322,on bike mount,cyclo cross,True,asphalt,excellent
be0312cd-89ed-446d-936d-19e028e3cd45,0ad3c45a-a953-4e38-8885-71d38a8fefb0,aa6fd559-e46a-4d60-9d21-76b6887a06c5,1633162625082,13.9364461,52.3941685,7.356908,0.625226,0.6516895,-1.7665639,on bike mount,cyclo cross,True,asphalt,excellent
be0312cd-89ed-446d-936d-19e028e3cd45,0ad3c45a-a953-4e38-8885-71d38a8fefb0,c49362d8-bc72-4d4a-a265-8754c878cd4f,1633162625148,13.9364461,52.3941685,7.356908,0.23506048,-0.54814076,0.28402424,on bike mount,cyclo cross,True,asphalt,excellent
be0312cd-89ed-446d-936d-19e028e3cd45,0ad3c45a-a953-4e38-8885-71d38a8fefb0,1971344c-a212-491a-a5c1-488e474d6179,1633162625215,13.9364461,52.3941685,7.356908,0.061857957,1.9438338,-2.8383784,on bike mount,cyclo cross,True,asphalt,excellent
be0312cd-89ed-446d-936d-19e028e3cd45,0ad3c45a-a953-4e38-8885-71d38a8fefb0,4557a005-200b-4e43-9dd4-ee2c8ff9ae31,1633162625282,13.9364461,52.3941685,7.356908,-1.6343362,0.08759737,-2.343955,on bike mount,cyclo cross,True,asphalt,excellent
be0312cd-89ed-446d-936d-19e028e3cd45,0ad3c45a-a953-4e38-8885-71d38a8fefb0,871fb1c2-8aa2-4669-b6e6-cd0089858c4c,1633162625349,13.9364461,52.3941685,7.356908,1.0869384,-0.062995434,3.3102694,on bike mount,cyclo cross,True,asphalt,excellent
be0312cd-89ed-446d-936d-19e028e3cd45,0ad3c45a-a953-4e38-8885-71d38a8fefb0,7d8be7b8-ad47-433b-a1ad-48a546d26ea6,1633162625415,13.9364461,52.3941685,7.356908,0.20273796,-1.7952056,2.799037,on bike mount,cyclo cross,True,asphalt,excellent
be0312cd-89ed-446d-936d-19e028e3cd45,0ad3c45a-a953-4e38-8885-71d38a8fefb0,c0ed727a-83d9-4ac2-b592-2b18f880bf27,1633162625482,13.9364461,52.3941685,7.356908,0.90318614,0.15319562,-1.4806013,on bike mount,cyclo cross,True,asphalt,excellent
be0312cd-89ed-446d-936d-19e028e3cd45,0ad3c45a-a953-4e38-8885-71d38a8fefb0,71e24056-ea6e-46c7-a1ab-0c179063adc3,1633162625549,13.9364461,52.3941685,7.356908,-0.9802811,0.8157127,-0.38313103,on bike mount,cyclo cross,True,asphalt,excellent
be0312cd-89ed-446d-936d-19e028e3cd45,0ad3c45a-a953-4e38-8885-71d38a8fefb0,54fe8be0-b766-4591-bf1a-a61cde32e673,1633162625599,13.9364461,52.3941685,7.356908,-0.5416964,-0.37075353,-0.7819147,on bike mount,cyclo cross,True,asphalt,excellent
be0312cd-89ed-446d-936d-19e028e3cd45,0ad3c45a-a953-4e38-8885-71d38a8fefb0,ebb0d9ee-753c-43d1-9b02-eb26cd7afb9a,1633162625653,13.9365526,52.394157,7.3507323,0.009979084,-2.3761446,-0.96957016,on bike mount,cyclo cross,True,asphalt,excellent
be0312cd-89ed-446d-936d-19e028e3cd45,0ad3c45a-a953-4e38-8885-71d38a8fefb0,fb865440-b692-4865-bcae-1346b8eaa9be,1633162625716,13.9365526,52.394157,7.3507323,-0.74969673,-1.8094506,-2.000791,on bike mount,cyclo cross,True,asphalt,excellent
be0312cd-89ed-446d-936d-19e028e3cd45,0ad3c45a-a953-4e38-8885-71d38a8fefb0,3a24e7e5-7e7a-471a-a0e6-36724e9e7e33,1633162625766,13.9365526,52.394157,7.3507323,-0.09528354,1.1445565,-4.770488,on bike mount,cyclo cross,True,asphalt,excellent
be0312cd-89ed-446d-936d-19e028e3cd45,0ad3c45a-a953-4e38-8885-71d38a8fefb0,0ce878ee-5b4d-4fe7-853f-afb0cd51cad2,1633162625816,13.9365526,52.394157,7.3507323,-0.10333922,0.2579491,-0.70974255,on bike mount,cyclo cross,True,asphalt,excellent
be0312cd-89ed-446d-936d-19e028e3cd45,0ad3c45a-a953-4e38-8885-71d38a8fefb0,f5d42fa4-69d8-49d3-8526-b349df62ce4f,1633162625883,13.9365526,52.394157,7.3507323,0.53739923,1.4196053,0.59347725,on bike mount,cyclo cross,True,asphalt,excellent
be0312cd-89ed-446d-936d-19e028e3cd45,0ad3c45a-a953-4e38-8885-71d38a8fefb0,7bb8c044-6541-4482-8500-9c882fde9827,1633162625934,13.9365526,52.394157,7.3507323,-0.7064656,-0.33660817,-0.7995243,on bike mount,cyclo cross,True,asphalt,excellent
be0312cd-89ed-446d-936d-19e028e3cd45,0ad3c45a-a953-4e38-8885-71d38a8fefb0,1b779804-a510-4a0d-8aad-4047136f9764,1633162626000,13.9365526,52.394157,7.3507323,0.4850825,2.0836945,-0.6846762,on bike mount,cyclo cross,True,asphalt,excellent
be0312cd-89ed-446d-936d-19e028e3cd45,0ad3c45a-a953-4e38-8885-71d38a8fefb0,445316a7-915b-4038-92e8-13eb07e34e1d,1633162626050,13.9365526,52.394157,7.3507323,-0.9501133,-0.7662566,1.6620665,on bike mount,cyclo cross,True,asphalt,excellent
be0312cd-89ed-446d-936d-19e028e3cd45,0ad3c45a-a953-4e38-8885-71d38a8fefb0,071f3529-679b-467c-bdc0-db0d14fdcad5,1633162626100,13.9365526,52.394157,7.3507323,0.11307028,-1.9224464,-2.5695615,on bike mount,cyclo cross,True,asphalt,excellent
be0312cd-89ed-446d-936d-19e028e3cd45,0ad3c45a-a953-4e38-8885-71d38a8fefb0,1fcf2557-55ff-42e8-9058-6ee1c68f794f,1633162626151,13.9365526,52.394157,7.3507323,0.14718731,0.9877672,-0.85618305,on bike mount,cyclo cross,True,asphalt,excellent
be0312cd-89ed-446d-936d-19e028e3cd45,0ad3c45a-a953-4e38-8885-71d38a8fefb0,9380d9be-9225-422e-9d8d-d7f3978f6309,1633162626218,13.9365526,52.394157,7.3507323,-1.0152847,3.2189758,2.194644,on bike mount,cyclo cross,True,asphalt,excellent
be0312cd-89ed-446d-936d-19e028e3cd45,0ad3c45a-a953-4e38-8885-71d38a8fefb0,223995ec-cdbd-420a-81bc-e2810fd87ad7,1633162626284,13.9365526,52.394157,7.3507323,-0.04141082,1.5855026,0.5010462,on bike mount,cyclo cross,True,asphalt,excellent
be0312cd-89ed-446d-936d-19e028e3cd45,0ad3c45a-a953-4e38-8885-71d38a8fefb0,dd4f57c8-9580-4b6d-b855-84e581b026ce,1633162626334,13.9365526,52.394157,7.3507323,1.0482553,-3.6749449,-3.1548977,on bike mount,cyclo cross,True,asphalt,excellent
be0312cd-89ed-446d-936d-19e028e3cd45,0ad3c45a-a953-4e38-8885-71d38a8fefb0,add6d2e1-c1fd-43d5-9c97-dbfdbffd8f90,1633162626384,13.9365526,52.394157,7.3507323,-0.8093433,1.30074,1.5782747,on bike mount,cyclo cross,True,asphalt,excellent
be0312cd-89ed-446d-936d-19e028e3cd45,0ad3c45a-a953-4e38-8885-71d38a8fefb0,4497b0cb-1714-47bd-9f71-5214cd7256b9,1633162626435,13.9365526,52.394157,7.3507323,1.0994823,-3.8673472,0.32211018,on bike mount,cyclo cross,True,asphalt,excellent
be0312cd-89ed-446d-936d-19e028e3cd45,0ad3c45a-a953-4e38-8885-71d38a8fefb0,22fe8e06-17a9-4491-b33e-86265e191a5e,1633162626502,13.9365526,52.394157,7.3507323,0.4529097,1.270056,-2.349701,on bike mount,cyclo cross,True,asphalt,excellent
be0312cd-89ed-446d-936d-19e028e3cd45,0ad3c45a-a953-4e38-8885-71d38a8fefb0,ef289c2b-a0cc-42c8-9d9e-85faa8648d3f,1633162626568,13.9365526,52.394157,7.3507323,-0.81745946,0.77811265,-1.3044648,on bike mount,cyclo cross,True,asphalt,excellent
be0312cd-89ed-446d-936d-19e028e3cd45,0ad3c45a-a953-4e38-8885-71d38a8fefb0,dba57093-bf7b-461a-8e31-71713356e5ae,1633162626635,13.9365526,52.394157,7.3507323,-0.41542688,-1.9822729,-1.5583668,on bike mount,cyclo cross,True,asphalt,excellent
be0312cd-89ed-446d-936d-19e028e3cd45,0ad3c45a-a953-4e38-8885-71d38a8fefb0,5881df76-58d3-4191-aec6-f0ac229b51b0,1633162626685,13.936658,52.394141,7.3495183,-0.11272097,-2.8239665,0.58168125,on bike mount,cyclo cross,True,asphalt,excellent
be0312cd-89ed-446d-936d-19e028e3cd45,0ad3c45a-a953-4e38-8885-71d38a8fefb0,5d45c64a-2631-4b1d-8804-cb850b5c9ba1,1633162626752,13.936658,52.394141,7.3495183,-0.5869658,0.6843314,-2.0980225,on bike mount,cyclo cross,True,asphalt,excellent
be0312cd-89ed-446d-936d-19e028e3cd45,0ad3c45a-a953-4e38-8885-71d38a8fefb0,051713a5-39a3-4269-b959-1dc9a8c0a673,1633162626818,13.936658,52.394141,7.3495183,1.2393075,2.4829044,-0.9092722,on bike mount,cyclo cross,True,asphalt,excellent
be0312cd-89ed-446d-936d-19e028e3cd45,0ad3c45a-a953-4e38-8885-71d38a8fefb0,c0ffc9ee-4c4e-4ee9-a662-c37d94389aa2,1633162626869,13.936658,52.394141,7.3495183,0.12839665,-1.1852771,3.8343964,on bike mount,cyclo cross,True,asphalt,excellent
be0312cd-89ed-446d-936d-19e028e3cd45,0ad3c45a-a953-4e38-8885-71d38a8fefb0,d76a01ef-8a08-4007-a302-e61c9d59112d,1633162626936,13.936658,52.394141,7.3495183,0.2644801,2.466778,-0.5889573,on bike mount,cyclo cross,True,asphalt,excellent
be0312cd-89ed-446d-936d-19e028e3cd45,0ad3c45a-a953-4e38-8885-71d38a8fefb0,21e85155-913b-4c66-b12e-1328dc489c1d,1633162627003,13.936658,52.394141,7.3495183,2.3435209,-1.8681401,-2.418262,on bike mount,cyclo cross,True,asphalt,excellent
be0312cd-89ed-446d-936d-19e028e3cd45,0ad3c45a-a953-4e38-8885-71d38a8fefb0,32008d2d-b0bd-43f4-9756-d0580587f072,1633162627069,13.936658,52.394141,7.3495183,1.0042075,-3.078403,-2.8792024,on bike mount,cyclo cross,True,asphalt,excellent
be0312cd-89ed-446d-936d-19e028e3cd45,0ad3c45a-a953-4e38-8885-71d38a8fefb0,4a26cfdc-da0b-4e5a-83d9-bf7bdbf87ef1,1633162627119,13.936658,52.394141,7.3495183,0.02664712,-4.860033,2.5993042,on bike mount,cyclo cross,True,asphalt,excellent
be0312cd-89ed-446d-936d-19e028e3cd45,0ad3c45a-a953-4e38-8885-71d38a8fefb0,255cef97-0cc4-4faa-b53f-31148b09404d,1633162627170,13.936658,52.394141,7.3495183,0.18905893,3.150659,-6.108877,on bike mount,cyclo cross,True,asphalt,excellent
be0312cd-89ed-446d-936d-19e028e3cd45,0ad3c45a-a953-4e38-8885-71d38a8fefb0,ac05e27c-a157-49a5-b528-4009efb957e2,1633162627237,13.936658,52.394141,7.3495183,-0.1876038,-2.4491003,0.8744049,on bike mount,cyclo cross,True,asphalt,excellent
be0312cd-89ed-446d-936d-19e028e3cd45,0ad3c45a-a953-4e38-8885-71d38a8fefb0,c59b09da-64f2-4586-99c0-52f9dc9e4279,1633162627303,13.936658,52.394141,7.3495183,-0.18552846,-2.5029016,4.050556,on bike mount,cyclo cross,True,asphalt,excellent
be0312cd-89ed-446d-936d-19e028e3cd45,0ad3c45a-a953-4e38-8885-71d38a8fefb0,5db4186f-d720-40ff-a743-8d3f918afa45,1633162627353,13.936658,52.394141,7.3495183,0.4112685,-2.6832995,0.7287712,on bike mount,cyclo cross,True,asphalt,excellent
be0312cd-89ed-446d-936d-19e028e3cd45,0ad3c45a-a953-4e38-8885-71d38a8fefb0,ac3c97ae-e3fb-4bbe-bcc5-1535979e017d,1633162627404,13.936658,52.394141,7.3495183,-1.4858239,1.4027648,-4.1499543,on bike mount,cyclo cross,True,asphalt,excellent
be0312cd-89ed-446d-936d-19e028e3cd45,0ad3c45a-a953-4e38-8885-71d38a8fefb0,a82a4616-2fe7-42e6-b752-1f3158aa91de,1633162627470,13.936658,52.394141,7.3495183,0.37715876,2.0737252,-2.503377,on bike mount,cyclo cross,True,asphalt,excellent
be0312cd-89ed-446d-936d-19e028e3cd45,0ad3c45a-a953-4e38-8885-71d38a8fefb0,4325eed0-f584-4767-9469-839d0e07925c,1633162627521,13.936658,52.394141,7.3495183,0.58388805,-0.1579647,3.8007126,on bike mount,cyclo cross,True,asphalt,excellent
be0312cd-89ed-446d-936d-19e028e3cd45,0ad3c45a-a953-4e38-8885-71d38a8fefb0,4120f8ae-a3da-445e-9b92-50edb29eed80,1633162627587,13.936658,52.394141,7.3495183,1.9172335,0.35625458,-0.9074507,on bike mount,cyclo cross,True,asphalt,excellent
be0312cd-89ed-446d-936d-19e028e3cd45,0ad3c45a-a953-4e38-8885-71d38a8fefb0,83553128-0cdf-4545-8ce2-8f3b79c639da,1633162627642,13.936658,52.394141,7.3495183,0.67648035,-1.9846394,0.76043224,on bike mount,cyclo cross,True,asphalt,excellent
be0312cd-89ed-446d-936d-19e028e3cd45,0ad3c45a-a953-4e38-8885-71d38a8fefb0,f0d122fc-3605-492e-8315-25f5cfa0fce4,1633162627704,13.9367648,52.3941273,7.352398,0.6858226,1.2254207,-3.953137,on bike mount,cyclo cross,True,asphalt,excellent
be0312cd-89ed-446d-936d-19e028e3cd45,0ad3c45a-a953-4e38-8885-71d38a8fefb0,b8ef7746-d54a-435d-be2e-35b3a740b265,1633162627754,13.9367648,52.3941273,7.352398,-0.9035796,-0.57212996,0.57571316,on bike mount,cyclo cross,True,asphalt,excellent
be0312cd-89ed-446d-936d-19e028e3cd45,0ad3c45a-a953-4e38-8885-71d38a8fefb0,f7e0e9b6-f49a-4d0c-949a-a1cc104de089,1633162627804,13.9367648,52.3941273,7.352398,-0.6442528,0.3134656,-1.4629698,on bike mount,cyclo cross,True,asphalt,excellent
be0312cd-89ed-446d-936d-19e028e3cd45,0ad3c45a-a953-4e38-8885-71d38a8fefb0,331d8f18-47aa-417f-a530-509d3f154e4d,1633162627872,13.9367648,52.3941273,7.352398,0.15790728,-1.1355437,-0.18239594,on bike mount,cyclo cross,True,asphalt,excellent
be0312cd-89ed-446d-936d-19e028e3cd45,0ad3c45a-a953-4e38-8885-71d38a8fefb0,f37b5b00-f777-4bcc-8185-e82571d1ba3f,1633162627938,13.9367648,52.3941273,7.352398,-2.0235262,-0.62122464,0.5380554,on bike mount,cyclo cross,True,asphalt,excellent
be0312cd-89ed-446d-936d-19e028e3cd45,0ad3c45a-a953-4e38-8885-71d38a8fefb0,1dd9342d-b158-4439-a1d5-443a7e0cd6dc,1633162627988,13.9367648,52.3941273,7.352398,0.93547034,1.2033391,-1.8916264,on bike mount,cyclo cross,True,asphalt,excellent
be0312cd-89ed-446d-936d-19e028e3cd45,0ad3c45a-a953-4e38-8885-71d38a8fefb0,f03cad40-78bf-4e79-b018-51f59293b361,1633162628038,13.9367648,52.3941273,7.352398,-0.7323326,-1.2809151,8.6972885,on bike mount,cyclo cross,True,asphalt,excellent
be0312cd-89ed-446d-936d-19e028e3cd45,0ad3c45a-a953-4e38-8885-71d38a8fefb0,c1969507-c633-4beb-b03e-ff8faed4a858,1633162628088,13.9367648,52.3941273,7.352398,0.03302209,1.9204693,1.972621,on bike mount,cyclo cross,True,asphalt,excellent
be0312cd-89ed-446d-936d-19e028e3cd45,0ad3c45a-a953-4e38-8885-71d38a8fefb0,1737dd4a-176c-456a-94d4-5b443e63834b,1633162628139,13.9367648,52.3941273,7.352398,-0.71107125,-0.53434587,4.3720474,on bike mount,cyclo cross,True,asphalt,excellent
be0312cd-89ed-446d-936d-19e028e3cd45,0ad3c45a-a953-4e38-8885-71d38a8fefb0,f0ad4550-1678-4b6c-ab40-e5d0c6d0f7b2,1633162628206,13.9367648,52.3941273,7.352398,-0.020148534,-2.0790012,-1.6426535,on bike mount,cyclo cross,True,asphalt,excellent
be0312cd-89ed-446d-936d-19e028e3cd45,0ad3c45a-a953-4e38-8885-71d38a8fefb0,d6b9fe10-b537-42d2-9fe9-ee0817639134,1633162628272,13.9367648,52.3941273,7.352398,-0.60794073,1.4384506,0.056962967,on bike mount,cyclo cross,True,asphalt,excellent
be0312cd-89ed-446d-936d-19e028e3cd45,0ad3c45a-a953-4e38-8885-71d38a8fefb0,3fa5932b-2878-4665-a278-9bdb7ecd0780,1633162628323,13.9367648,52.3941273,7.352398,0.15593539,0.2500782,3.5886173,on bike mount,cyclo cross,True,asphalt,excellent
be0312cd-89ed-446d-936d-19e028e3cd45,0ad3c45a-a953-4e38-8885-71d38a8fefb0,be50e8ad-7050-4cdd-a7f8-7368696308e1,1633162628389,13.9367648,52.3941273,7.352398,0.3875696,-2.50695,-4.7424173,on bike mount,cyclo cross,True,asphalt,excellent
be0312cd-89ed-446d-936d-19e028e3cd45,0ad3c45a-a953-4e38-8885-71d38a8fefb0,84098ec4-9a9f-4a5e-bc0e-d936fc6f404e,1633162628439,13.9367648,52.3941273,7.352398,-1.1926785,0.37976456,-2.0158505,on bike mount,cyclo cross,True,asphalt,excellent
be0312cd-89ed-446d-936d-19e028e3cd45,0ad3c45a-a953-4e38-8885-71d38a8fefb0,14a59b46-79b7-4734-84ad-ddf1b36ba919,1633162628490,13.9367648,52.3941273,7.352398,0.33251643,-1.9637173,2.996891,on bike mount,cyclo cross,True,asphalt,excellent
be0312cd-89ed-446d-936d-19e028e3cd45,0ad3c45a-a953-4e38-8885-71d38a8fefb0,51453629-fdb3-4578-adc2-1aa1e24a2960,1633162628556,13.9367648,52.3941273,7.352398,-0.048070006,0.6133921,3.2144632,on bike mount,cyclo cross,True,asphalt,excellent
be0312cd-89ed-446d-936d-19e028e3cd45,0ad3c45a-a953-4e38-8885-71d38a8fefb0,827a6f20-a280-4cb5-a183-8caeb9333470,1633162628624,13.9367648,52.3941273,7.352398,-1.1270542,-0.65867424,-6.461474,on bike mount,cyclo cross,True,asphalt,excellent
be0312cd-89ed-446d-936d-19e028e3cd45,0ad3c45a-a953-4e38-8885-71d38a8fefb0,8faf2fa1-69c1-4713-9ee8-d788a708d851,1633162628690,13.9368703,52.3941124,7.373253,0.8212694,-3.9604359,-4.5819044,on bike mount,cyclo cross,True,asphalt,excellent
be0312cd-89ed-446d-936d-19e028e3cd45,0ad3c45a-a953-4e38-8885-71d38a8fefb0,136e889e-f775-470e-9fc7-bc34f537bb27,1633162628740,13.9368703,52.3941124,7.373253,-1.4051285,2.2796082,-2.8266492,on bike mount,cyclo cross,True,asphalt,excellent
be0312cd-89ed-446d-936d-19e028e3cd45,0ad3c45a-a953-4e38-8885-71d38a8fefb0,cdc3bb94-4ed1-48bf-9c39-2c8deb78d1e4,1633162628790,13.9368703,52.3941124,7.373253,-0.7103715,-1.944,0.92697906,on bike mount,cyclo cross,True,asphalt,excellent
be0312cd-89ed-446d-936d-19e028e3cd45,0ad3c45a-a953-4e38-8885-71d38a8fefb0,d442c5a0-950e-4bf3-a30b-67acd4749939,1633162628841,13.9368703,52.3941124,7.373253,0.026394218,1.727346,3.8300295,on bike mount,cyclo cross,True,asphalt,excellent
be0312cd-89ed-446d-936d-19e028e3cd45,0ad3c45a-a953-4e38-8885-71d38a8fefb0,155e8766-ec34-4f55-81b1-b32f5ba9e60b,1633162628907,13.9368703,52.3941124,7.373253,-0.13663058,-2.5476224,1.6012745,on bike mount,cyclo cross,True,asphalt,excellent
be0312cd-89ed-446d-936d-19e028e3cd45,0ad3c45a-a953-4e38-8885-71d38a8fefb0,1e492343-4fa9-4b5a-a0a1-cf39d78ca188,1633162628957,13.9368703,52.3941124,7.373253,0.64850396,-0.6325033,-0.2950611,on bike mount,cyclo cross,True,asphalt,excellent
be0312cd-89ed-446d-936d-19e028e3cd45,0ad3c45a-a953-4e38-8885-71d38a8fefb0,46cea83d-94d4-4645-bf9c-bab6921ec5cb,1633162629008,13.9368703,52.3941124,7.373253,0.12905121,-1.9396253,0.6202831,on bike mount,cyclo cross,True,asphalt,excellent
be0312cd-89ed-446d-936d-19e028e3cd45,0ad3c45a-a953-4e38-8885-71d38a8fefb0,223a24f4-9ae2-461d-b83f-9629f43854dc,1633162629074,13.9368703,52.3941124,7.373253,-0.41833925,-1.0569738,1.3089514,on bike mount,cyclo cross,True,asphalt,excellent
be0312cd-89ed-446d-936d-19e028e3cd45,0ad3c45a-a953-4e38-8885-71d38a8fefb0,a45100eb-d84c-4a44-9ec0-f98da147b359,1633162629141,13.9368703,52.3941124,7.373253,2.3257294,2.6208668,-1.1226525,on bike mount,cyclo cross,True,asphalt,excellent
be0312cd-89ed-446d-936d-19e028e3cd45,0ad3c45a-a953-4e38-8885-71d38a8fefb0,741d3040-a8e5-44f2-a7c5-3e86543b9e9d,1633162629208,13.9368703,52.3941124,7.373253,-2.062678,0.8024869,-1.7782121,on bike mount,cyclo cross,True,asphalt,excellent
be0312cd-89ed-446d-936d-19e028e3cd45,0ad3c45a-a953-4e38-8885-71d38a8fefb0,419270b1-750c-419a-943b-379dd1be7718,1633162629275,13.9368703,52.3941124,7.373253,0.25223914,-2.6400495,-0.009508133,on bike mount,cyclo cross,True,asphalt,excellent
be0312cd-89ed-446d-936d-19e028e3cd45,0ad3c45a-a953-4e38-8885-71d38a8fefb0,e10efd34-d28e-4546-b7fd-d8c40cf57714,1633162629342,13.9368703,52.3941124,7.373253,-1.4417195,0.04159975,-0.77766323,on bike mount,cyclo cross,True,asphalt,excellent
be0312cd-89ed-446d-936d-19e028e3cd45,0ad3c45a-a953-4e38-8885-71d38a8fefb0,014a5f12-358f-4684-b33d-ca10fbfe5e7b,1633162629409,13.9368703,52.3941124,7.373253,0.8059523,0.12576294,-1.2270632,on bike mount,cyclo cross,True,asphalt,excellent
be0312cd-89ed-446d-936d-19e028e3cd45,0ad3c45a-a953-4e38-8885-71d38a8fefb0,9c8d907a-e404-4bc9-b0a6-70e1c5c7e924,1633162629475,13.9368703,52.3941124,7.373253,0.27926856,-1.8389486,1.6502209,on bike mount,cyclo cross,True,asphalt,excellent
be0312cd-89ed-446d-936d-19e028e3cd45,0ad3c45a-a953-4e38-8885-71d38a8fefb0,71d46f28-ae3a-4776-89bc-6e29ec97027e,1633162629525,13.9368703,52.3941124,7.373253,-0.34421897,1.2326496,-1.2224269,on bike mount,cyclo cross,True,asphalt,excellent
be0312cd-89ed-446d-936d-19e028e3cd45,0ad3c45a-a953-4e38-8885-71d38a8fefb0,1c9faddc-5190-477d-8308-0e795534f8ff,1633162629592,13.9368703,52.3941124,7.373253,-0.7576833,-0.41951036,1.044733,on bike mount,cyclo cross,True,asphalt,excellent
be0312cd-89ed-446d-936d-19e028e3cd45,0ad3c45a-a953-4e38-8885-71d38a8fefb0,c983f018-59d7-47c3-b795-30df2e701008,1633162629643,13.9368703,52.3941124,7.373253,0.14003682,0.79255486,-4.208189,on bike mount,cyclo cross,True,asphalt,excellent
be0312cd-89ed-446d-936d-19e028e3cd45,0ad3c45a-a953-4e38-8885-71d38a8fefb0,f70f7c81-e446-4f5a-89a8-18e68cf4f3d8,1633162629709,13.9369766,52.3941001,7.385919,0.20126724,-0.024378061,0.5514517,on bike mount,cyclo cross,True,asphalt,excellent
be0312cd-89ed-446d-936d-19e028e3cd45,0ad3c45a-a953-4e38-8885-71d38a8fefb0,74ccc3b1-5655-43b0-b3af-66bb57d9fb75,1633162629759,13.9369766,52.3941001,7.385919,-0.25556475,-1.0141544,1.7008915,on bike mount,cyclo cross,True,asphalt,excellent
be0312cd-89ed-446d-936d-19e028e3cd45,0ad3c45a-a953-4e38-8885-71d38a8fefb0,662fa445-ae26-4d0f-9579-3aad0c5dc7df,1633162629809,13.9369766,52.3941001,7.385919,0.43259156,-1.5005693,0.8859787,on bike mount,cyclo cross,True,asphalt,excellent
be0312cd-89ed-446d-936d-19e028e3cd45,0ad3c45a-a953-4e38-8885-71d38a8fefb0,c5aca6f4-a933-434f-9fc8-12ffd0ce3ebf,1633162629876,13.9369766,52.3941001,7.385919,0.6381382,-2.8806825,-1.2177887,on bike mount,cyclo cross,True,asphalt,excellent
be0312cd-89ed-446d-936d-19e028e3cd45,0ad3c45a-a953-4e38-8885-71d38a8fefb0,763ed168-390f-43ca-a74e-2d4e3327c143,1633162629926,13.9369766,52.3941001,7.385919,1.9874617,-0.6594367,0.9256458,on bike mount,cyclo cross,True,asphalt,excellent
be0312cd-89ed-446d-936d-19e028e3cd45,0ad3c45a-a953-4e38-8885-71d38a8fefb0,ecbd14b3-81fe-4e48-a803-45a94a677852,1633162629976,13.9369766,52.3941001,7.385919,-0.47247875,2.8719826,-0.87664795,on bike mount,cyclo cross,True,asphalt,excellent
be0312cd-89ed-446d-936d-19e028e3cd45,0ad3c45a-a953-4e38-8885-71d38a8fefb0,ba34164c-efbc-405d-8a28-67be0edc5687,1633162630043,13.9369766,52.3941001,7.385919,0.37687647,-0.54735374,1.6021233,on bike mount,cyclo cross,True,asphalt,excellent
be0312cd-89ed-446d-936d-19e028e3cd45,0ad3c45a-a953-4e38-8885-71d38a8fefb0,c1df6fab-8a97-4991-b6f1-02da54ca668f,1633162630093,13.9369766,52.3941001,7.385919,0.25508136,0.0595088,1.1555748,on bike mount,cyclo cross,True,asphalt,excellent
be0312cd-89ed-446d-936d-19e028e3cd45,0ad3c45a-a953-4e38-8885-71d38a8fefb0,06d662c5-1422-49fb-940e-0379fa0b239f,1633162630160,13.9369766,52.3941001,7.385919,-0.43367767,-0.54698896,0.23352432,on bike mount,cyclo cross,True,asphalt,excellent
be0312cd-89ed-446d-936d-19e028e3cd45,0ad3c45a-a953-4e38-8885-71d38a8fefb0,2233c5e0-e91d-477c-94fa-5b09cc5f993f,1633162630210,13.9369766,52.3941001,7.385919,0.6079466,0.5795555,-1.2835336,on bike mount,cyclo cross,True,asphalt,excellent
be0312cd-89ed-446d-936d-19e028e3cd45,0ad3c45a-a953-4e38-8885-71d38a8fefb0,d1cc23a4-8807-43a9-af7b-19cef7bff3fa,1633162630261,13.9369766,52.3941001,7.385919,-0.71281284,3.063026,-1.5052505,on bike mount,cyclo cross,True,asphalt,excellent
be0312cd-89ed-446d-936d-19e028e3cd45,0ad3c45a-a953-4e38-8885-71d38a8fefb0,3f223eb3-349c-4e0a-acda-22545dce42bc,1633162630327,13.9369766,52.3941001,7.385919,0.38796294,0.3609712,-3.248189,on bike mount,cyclo cross,True,asphalt,excellent
be0312cd-89ed-446d-936d-19e028e3cd45,0ad3c45a-a953-4e38-8885-71d38a8fefb0,3fca5620-b099-48e1-b7be-ed7998699394,1633162630394,13.9369766,52.3941001,7.385919,-0.3630261,0.068501234,-3.1234293,on bike mount,cyclo cross,True,asphalt,excellent
be0312cd-89ed-446d-936d-19e028e3cd45,0ad3c45a-a953-4e38-8885-71d38a8fefb0,ac100489-d64e-4c78-838d-257043375d43,1633162630444,13.9369766,52.3941001,7.385919,0.57249546,0.27502775,-0.6889715,on bike mount,cyclo cross,True,asphalt,excellent
be0312cd-89ed-446d-936d-19e028e3cd45,0ad3c45a-a953-4e38-8885-71d38a8fefb0,9bbbd9d8-46db-45b7-8c13-17898503c696,1633162630511,13.9369766,52.3941001,7.385919,0.87408215,0.720768,-0.90377855,on bike mount,cyclo cross,True,asphalt,excellent
be0312cd-89ed-446d-936d-19e028e3cd45,0ad3c45a-a953-4e38-8885-71d38a8fefb0,b0b4c9a6-3d60-4b8a-8e91-7762c9500e55,1633162630562,13.9369766,52.3941001,7.385919,-0.7379411,0.44105196,-0.7850313,on bike mount,cyclo cross,True,asphalt,excellent
be0312cd-89ed-446d-936d-19e028e3cd45,0ad3c45a-a953-4e38-8885-71d38a8fefb0,99a699e6-56fa-4be9-9554-e1afd355d2e6,1633162630629,13.9369766,52.3941001,7.385919,-1.0200477,-0.018442154,0.88495255,on bike mount,cyclo cross,True,asphalt,excellent
be0312cd-89ed-446d-936d-19e028e3cd45,0ad3c45a-a953-4e38-8885-71d38a8fefb0,fcf15e49-1de9-42c3-b9e0-c4f373afa220,1633162630695,13.9370835,52.3940845,7.410811,1.821232,1.314825,0.041589737,on bike mount,cyclo cross,True,asphalt,excellent
be0312cd-89ed-446d-936d-19e028e3cd45,0ad3c45a-a953-4e38-8885-71d38a8fefb0,67531648-26c7-4a7b-a6b1-0b405d455879,1633162630762,13.9370835,52.3940845,7.410811,0.45179555,-1.529434,-0.21790504,on bike mount,cyclo cross,True,asphalt,excellent
be0312cd-89ed-446d-936d-19e028e3cd45,0ad3c45a-a953-4e38-8885-71d38a8fefb0,f6711643-0462-423f-96c1-bcbf6f0812f5,1633162630812,13.9370835,52.3940845,7.410811,0.77074754,-3.1199636,4.747217,on bike mount,cyclo cross,True,asphalt,excellent
be0312cd-89ed-446d-936d-19e028e3cd45,0ad3c45a-a953-4e38-8885-71d38a8fefb0,54e7cb24-0f84-4fb6-8ff3-d7c715dabc3e,1633162630879,13.9370835,52.3940845,7.410811,0.062050685,-1.0124253,-1.0384607,on bike mount,cyclo cross,True,asphalt,excellent
be0312cd-89ed-446d-936d-19e028e3cd45,0ad3c45a-a953-4e38-8885-71d38a8fefb0,ff70518c-ec16-4f4a-a435-7fbd9177cb76,1633162630946,13.9370835,52.3940845,7.410811,0.8965863,-1.278101,-1.8018909,on bike mount,cyclo cross,True,asphalt,excellent
be0312cd-89ed-446d-936d-19e028e3cd45,0ad3c45a-a953-4e38-8885-71d38a8fefb0,7ca4598d-7157-44d6-ae28-c959642e78c6,1633162631012,13.9370835,52.3940845,7.410811,0.7814004,1.2933159,-0.01798153,on bike mount,cyclo cross,True,asphalt,excellent
be0312cd-89ed-446d-936d-19e028e3cd45,0ad3c45a-a953-4e38-8885-71d38a8fefb0,e2ec2ef0-838d-4992-860a-d500de392787,1633162631079,13.9370835,52.3940845,7.410811,-0.35424358,-0.25896335,-0.660449,on bike mount,cyclo cross,True,asphalt,excellent
be0312cd-89ed-446d-936d-19e028e3cd45,0ad3c45a-a953-4e38-8885-71d38a8fefb0,b1446f05-2885-4d5e-a402-a24f7b1d6ca9,1633162631129,13.9370835,52.3940845,7.410811,-0.8355903,1.1383042,-0.20227337,on bike mount,cyclo cross,True,asphalt,excellent
be0312cd-89ed-446d-936d-19e028e3cd45,0ad3c45a-a953-4e38-8885-71d38a8fefb0,a7bc7578-1c80-4973-ab9e-9652e2216696,1633162631179,13.9370835,52.3940845,7.410811,0.28198513,-0.76069117,0.14709854,on bike mount,cyclo cross,True,asphalt,excellent
be0312cd-89ed-446d-936d-19e028e3cd45,0ad3c45a-a953-4e38-8885-71d38a8fefb0,541bdfcc-1c47-4718-b13c-4e7532b2c99a,1633162631229,13.9370835,52.3940845,7.410811,-0.32484353,0.5102098,2.9363537,on bike mount,cyclo cross,True,asphalt,excellent
be0312cd-89ed-446d-936d-19e028e3cd45,0ad3c45a-a953-4e38-8885-71d38a8fefb0,0f707d99-d3c0-435f-b718-c26ca0545553,1633162631280,13.9370835,52.3940845,7.410811,0.41776258,-0.0959177,-2.6974216,on bike mount,cyclo cross,True,asphalt,excellent
be0312cd-89ed-446d-936d-19e028e3cd45,0ad3c45a-a953-4e38-8885-71d38a8fefb0,c1fa792f-4106-4820-a000-cd421a27251a,1633162631347,13.9370835,52.3940845,7.410811,-0.4487556,2.1140428,-4.6201687,on bike mount,cyclo cross,True,asphalt,excellent
be0312cd-89ed-446d-936d-19e028e3cd45,0ad3c45a-a953-4e38-8885-71d38a8fefb0,65b4e07c-393f-460b-817f-f1df9f41fa3f,1633162631413,13.9370835,52.3940845,7.410811,-1.118253,0.4089136,-0.96062374,on bike mount,cyclo cross,True,asphalt,excellent
be0312cd-89ed-446d-936d-19e028e3cd45,0ad3c45a-a953-4e38-8885-71d38a8fefb0,ce102190-41ef-4608-810f-03d6a1b7ac16,1633162631464,13.9370835,52.3940845,7.410811,1.274192,-0.016097784,-0.51881886,on bike mount,cyclo cross,True,asphalt,excellent
be0312cd-89ed-446d-936d-19e028e3cd45,0ad3c45a-a953-4e38-8885-71d38a8fefb0,43a97e3a-db03-437b-865a-6e818eb29402,1633162631530,13.9370835,52.3940845,7.410811,-1.1026125,3.754807,0.04507923,on bike mount,cyclo cross,True,asphalt,excellent
be0312cd-89ed-446d-936d-19e028e3cd45,0ad3c45a-a953-4e38-8885-71d38a8fefb0,72215310-213d-4780-ac9a-79f8ed665ee2,1633162631597,13.9370835,52.3940845,7.410811,-0.011417925,-1.6994956,-1.7710834,on bike mount,cyclo cross,True,asphalt,excellent
be0312cd-89ed-446d-936d-19e028e3cd45,0ad3c45a-a953-4e38-8885-71d38a8fefb0,cc0d690f-1a1c-48d1-bfda-1823fcb1075c,1633162631651,13.9371908,52.3940685,7.4252224,0.1507353,-0.23241615,-1.0558329,on bike mount,cyclo cross,True,asphalt,excellent
be0312cd-89ed-446d-936d-19e028e3cd45,0ad3c45a-a953-4e38-8885-71d38a8fefb0,740a4357-ef10-416b-a6fb-55c827c61de2,1633162631714,13.9371908,52.3940685,7.4252224,-0.81143934,-0.20626044,0.11246014,on bike mount,cyclo cross,True,asphalt,excellent
be0312cd-89ed-446d-936d-19e028e3cd45,0ad3c45a-a953-4e38-8885-71d38a8fefb0,b1e99818-308f-47f2-b9d3-b1b391bace3e,1633162631764,13.9371908,52.3940685,7.4252224,0.5102113,-3.0542893,3.2213917,on bike mount,cyclo cross,True,asphalt,excellent
be0312cd-89ed-446d-936d-19e028e3cd45,0ad3c45a-a953-4e38-8885-71d38a8fefb0,fc89c26d-7fc5-4c45-b941-45f13bf0d8e5,1633162631814,13.9371908,52.3940685,7.4252224,0.0074370652,-1.1040537,1.0343742,on bike mount,cyclo cross,True,asphalt,excellent
be0312cd-89ed-446d-936d-19e028e3cd45,0ad3c45a-a953-4e38-8885-71d38a8fefb0,c0d1d508-2e29-4b05-a388-175b2a65debe,1633162631865,13.9371908,52.3940685,7.4252224,-0.25223252,-0.12913227,2.074563,on bike mount,cyclo cross,True,asphalt,excellent
be0312cd-89ed-446d-936d-19e028e3cd45,0ad3c45a-a953-4e38-8885-71d38a8fefb0,dd8dd578-0f26-40e4-b7a5-98d71cd5ce7d,1633162631931,13.9371908,52.3940685,7.4252224,0.352907,-0.65785384,-1.4576015,on bike mount,cyclo cross,True,asphalt,excellent
be0312cd-89ed-446d-936d-19e028e3cd45,0ad3c45a-a953-4e38-8885-71d38a8fefb0,894c947b-d05e-4c37-8e2c-7cc601f508d3,1633162631998,13.9371908,52.3940685,7.4252224,0.030361712,2.7259889,-0.98431635,on bike mount,cyclo cross,True,asphalt,excellent
be0312cd-89ed-446d-936d-19e028e3cd45,0ad3c45a-a953-4e38-8885-71d38a8fefb0,0c76ea69-f8c0-4501-8301-c546e98f3b61,1633162632049,13.9371908,52.3940685,7.4252224,0.08098295,-0.89546394,2.4197454,on bike mount,cyclo cross,True,asphalt,excellent
be0312cd-89ed-446d-936d-19e028e3cd45,0ad3c45a-a953-4e38-8885-71d38a8fefb0,392d2941-2a04-4a10-90e9-d21e82cd0923,1633162632115,13.9371908,52.3940685,7.4252224,-0.40374923,-1.3105106,1.6389141,on bike mount,cyclo cross,True,asphalt,excellent
be0312cd-89ed-446d-936d-19e028e3cd45,0ad3c45a-a953-4e38-8885-71d38a8fefb0,36706e93-d9c4-4ed9-ad9e-53580cf8bfd3,1633162632182,13.9371908,52.3940685,7.4252224,0.19294101,2.078722,-3.0608773,on bike mount,cyclo cross,True,asphalt,excellent
be0312cd-89ed-446d-936d-19e028e3cd45,0ad3c45a-a953-4e38-8885-71d38a8fefb0,74b8df1f-3526-4227-9c7f-79acf4fe80fe,1633162632249,13.9371908,52.3940685,7.4252224,1.9276226,1.3006058,-0.36076164,on bike mount,cyclo cross,True,asphalt,excellent
be0312cd-89ed-446d-936d-19e028e3cd45,0ad3c45a-a953-4e38-8885-71d38a8fefb0,fae7dfaf-8912-49b1-b176-b4c8d0a0023a,1633162632315,13.9371908,52.3940685,7.4252224,-0.031823978,2.2888286,0.107852936,on bike mount,cyclo cross,True,asphalt,excellent
be0312cd-89ed-446d-936d-19e028e3cd45,0ad3c45a-a953-4e38-8885-71d38a8fefb0,04c940ab-5bf2-43ca-a7a0-7d59a480e523,1633162632366,13.9371908,52.3940685,7.4252224,1.0400939,-0.7585454,3.6342173,on bike mount,cyclo cross,True,asphalt,excellent
be0312cd-89ed-446d-936d-19e028e3cd45,0ad3c45a-a953-4e38-8885-71d38a8fefb0,cc35e5d2-7ccf-4831-b335-4e759fe2fc4c,1633162632432,13.9371908,52.3940685,7.4252224,-0.46860936,-0.8525275,-4.666459,on bike mount,cyclo cross,True,asphalt,excellent
be0312cd-89ed-446d-936d-19e028e3cd45,0ad3c45a-a953-4e38-8885-71d38a8fefb0,f6e54a72-012e-4b27-bc64-0f990a1514a9,1633162632499,13.9371908,52.3940685,7.4252224,0.2009843,1.7243979,-1.3818536,on bike mount,cyclo cross,True,asphalt,excellent
be0312cd-89ed-446d-936d-19e028e3cd45,0ad3c45a-a953-4e38-8885-71d38a8fefb0,2678e3ac-31e5-40c6-87f4-bab0fb8d507e,1633162632549,13.9371908,52.3940685,7.4252224,-0.2840425,0.35950756,-1.7315912,on bike mount,cyclo cross,True,asphalt,excellent
be0312cd-89ed-446d-936d-19e028e3cd45,0ad3c45a-a953-4e38-8885-71d38a8fefb0,e7928073-e17f-49d7-b418-16d72eca9191,1633162632617,13.9371908,52.3940685,7.4252224,-0.43777025,0.83928585,-1.9749475,on bike mount,cyclo cross,True,asphalt,excellent
be0312cd-89ed-446d-936d-19e028e3cd45,0ad3c45a-a953-4e38-8885-71d38a8fefb0,b2ad413d-80a7-45a0-90c2-ed1881d31062,1633162632683,13.9372969,52.3940512,7.4288063,0.11423454,0.4057424,-0.6093426,on bike mount,cyclo cross,True,asphalt,excellent
be0312cd-89ed-446d-936d-19e028e3cd45,0ad3c45a-a953-4e38-8885-71d38a8fefb0,1dc5315c-06f1-422f-941d-aa296f9eb219,1633162632750,13.9372969,52.3940512,7.4288063,0.444363,-1.0682095,5.2848616,on bike mount,cyclo cross,True,asphalt,excellent
be0312cd-89ed-446d-936d-19e028e3cd45,0ad3c45a-a953-4e38-8885-71d38a8fefb0,252e2b9a-417e-414e-9c5a-3cdefdfdc664,1633162632800,13.9372969,52.3940512,7.4288063,-0.1992389,-0.15236759,-4.0027423,on bike mount,cyclo cross,True,asphalt,excellent
be0312cd-89ed-446d-936d-19e028e3cd45,0ad3c45a-a953-4e38-8885-71d38a8fefb0,78f396ac-077a-4093-97c3-1cfcda97b11b,1633162632850,13.9372969,52.3940512,7.4288063,0.3016212,-1.5829374,0.21298027,on bike mount,cyclo cross,True,asphalt,excellent
be0312cd-89ed-446d-936d-19e028e3cd45,0ad3c45a-a953-4e38-8885-71d38a8fefb0,6f9bb641-7ad3-42d2-8abe-eff650d2c53b,1633162632900,13.9372969,52.3940512,7.4288063,0.4357177,1.8754306,-2.7721796,on bike mount,cyclo cross,True,asphalt,excellent
be0312cd-89ed-446d-936d-19e028e3cd45,0ad3c45a-a953-4e38-8885-71d38a8fefb0,eee05778-82d3-4325-8131-44d0f8875c89,1633162632951,13.9372969,52.3940512,7.4288063,-0.8539512,1.539691,0.8704443,on bike mount,cyclo cross,True,asphalt,excellent
be0312cd-89ed-446d-936d-19e028e3cd45,0ad3c45a-a953-4e38-8885-71d38a8fefb0,a004cc27-b0f8-413c-b022-35dccdb11221,1633162633017,13.9372969,52.3940512,7.4288063,1.8569059,0.948807,-0.79680157,on bike mount,cyclo cross,True,asphalt,excellent
be0312cd-89ed-446d-936d-19e028e3cd45,0ad3c45a-a953-4e38-8885-71d38a8fefb0,01d641ca-3387-49d9-b235-14756b1ba313,1633162633068,13.9372969,52.3940512,7.4288063,0.071041405,1.0812235,3.3411427,on bike mount,cyclo cross,True,asphalt,excellent
be0312cd-89ed-446d-936d-19e028e3cd45,0ad3c45a-a953-4e38-8885-71d38a8fefb0,70ab4a08-928d-49df-beb2-aa0532b11081,1633162633134,13.9372969,52.3940512,7.4288063,-1.3896508,0.40359807,-4.877284,on bike mount,cyclo cross,True,asphalt,excellent
be0312cd-89ed-446d-936d-19e028e3cd45,0ad3c45a-a953-4e38-8885-71d38a8fefb0,c27e31e9-d57c-406a-a57c-9b441f3809b5,1633162633184,13.9372969,52.3940512,7.4288063,0.70776594,-0.21073794,-0.33910465,on bike mount,cyclo cross,True,asphalt,excellent
be0312cd-89ed-446d-936d-19e028e3cd45,0ad3c45a-a953-4e38-8885-71d38a8fefb0,5194176b-adcc-4eac-8700-127d65c290d4,1633162633234,13.9372969,52.3940512,7.4288063,0.6746411,-2.2047572,1.7930393,on bike mount,cyclo cross,True,asphalt,excellent
be0312cd-89ed-446d-936d-19e028e3cd45,0ad3c45a-a953-4e38-8885-71d38a8fefb0,d0315310-eaf3-4ef1-88c5-dab1263bb9e9,1633162633284,13.9372969,52.3940512,7.4288063,-0.0045045093,2.122297,-2.6446428,on bike mount,cyclo cross,True,asphalt,excellent
be0312cd-89ed-446d-936d-19e028e3cd45,0ad3c45a-a953-4e38-8885-71d38a8fefb0,c2b52f3d-e7c3-497a-9110-1a28a0400620,1633162633335,13.9372969,52.3940512,7.4288063,0.16772619,-1.6076624,0.9975519,on bike mount,cyclo cross,True,asphalt,excellent
be0312cd-89ed-446d-936d-19e028e3cd45,0ad3c45a-a953-4e38-8885-71d38a8fefb0,31e10683-9fcf-4e0e-ba57-3ca02507cf89,1633162633401,13.9372969,52.3940512,7.4288063,0.46225363,0.6859615,-3.3768306,on bike mount,cyclo cross,True,asphalt,excellent
be0312cd-89ed-446d-936d-19e028e3cd45,0ad3c45a-a953-4e38-8885-71d38a8fefb0,f205ac1b-f812-4d20-9cfe-38e8734a2b09,1633162633452,13.9372969,52.3940512,7.4288063,-1.5235674,4.1102037,-2.1168656,on bike mount,cyclo cross,True,asphalt,excellent
be0312cd-89ed-446d-936d-19e028e3cd45,0ad3c45a-a953-4e38-8885-71d38a8fefb0,8227ce18-90be-4362-8166-0b06e09081d7,1633162633518,13.9372969,52.3940512,7.4288063,0.44878018,-2.025319,1.0883474,on bike mount,cyclo cross,True,asphalt,excellent
be0312cd-89ed-446d-936d-19e028e3cd45,0ad3c45a-a953-4e38-8885-71d38a8fefb0,4c0ee4d8-df83-4433-8ce3-1b3e26790e98,1633162633569,13.9372969,52.3940512,7.4288063,0.88233334,-0.80128133,0.17836857,on bike mount,cyclo cross,True,asphalt,excellent
be0312cd-89ed-446d-936d-19e028e3cd45,0ad3c45a-a953-4e38-8885-71d38a8fefb0,03ae45ad-a68b-438c-a8d8-b7b6cf92c9b2,1633162633636,13.9372969,52.3940512,7.4288063,0.013139006,-3.2353306,2.7358456,on bike mount,cyclo cross,True,asphalt,excellent
