bike_activity_uid,bike_activity_sample_uid,bike_activity_measurement,bike_activity_measurement_timestamp,bike_activity_measurement_lon,bike_activity_measurement_lat,bike_activity_measurement_speed,bike_activity_measurement_accelerometer_x,bike_activity_measurement_accelerometer_y,bike_activity_measurement_accelerometer_z,bike_activity_phone_position,bike_activity_bike_type,bike_activity_flagged_lab_conditions,bike_activity_surface_type,bike_activity_smoothness_type
c788515a-89a8-42a5-9546-82bc5a7be065,6e37b520-9504-45a4-b770-bfd8365b127e,39b33d70-84fd-49ec-a955-bbdd8fa31b78,1625681431051,13.4240925,52.4966213,0.8661847,0.06806052,0.024085999,-0.11784935,in backpack,cyclo cross,False,mixed,mixed
c788515a-89a8-42a5-9546-82bc5a7be065,6e37b520-9504-45a4-b770-bfd8365b127e,cb20b64e-1e49-4de1-809c-7aa14730867c,1625681431101,13.4240925,52.4966213,0.8661847,0.088651896,0.014545441,0.076646805,in backpack,cyclo cross,False,mixed,mixed
c788515a-89a8-42a5-9546-82bc5a7be065,6e37b520-9504-45a4-b770-bfd8365b127e,c3266255-ed9a-4177-88cd-a740a2cd4abf,1625681431151,13.4240925,52.4966213,0.8661847,0.035391927,-0.053105116,0.02803135,in backpack,cyclo cross,False,mixed,mixed
c788515a-89a8-42a5-9546-82bc5a7be065,6e37b520-9504-45a4-b770-bfd8365b127e,ce411fd9-485c-4365-84dd-ee29afdf0e0a,1625681431201,13.4240925,52.4966213,0.8661847,-0.12454665,0.10173917,-0.1769619,in backpack,cyclo cross,False,mixed,mixed
c788515a-89a8-42a5-9546-82bc5a7be065,6e37b520-9504-45a4-b770-bfd8365b127e,0828235d-c8b2-4d1a-adb8-8b57492051dc,1625681431251,13.4240925,52.4966213,0.8661847,0.01731193,-0.047560215,0.16596317,in backpack,cyclo cross,False,mixed,mixed
c788515a-89a8-42a5-9546-82bc5a7be065,6e37b520-9504-45a4-b770-bfd8365b127e,e6c62665-beaf-481a-ab78-ac78fb2b0c99,1625681431302,13.4240925,52.4966213,0.8661847,-0.010038614,0.011931419,0.00992012,in backpack,cyclo cross,False,mixed,mixed
c788515a-89a8-42a5-9546-82bc5a7be065,6e37b520-9504-45a4-b770-bfd8365b127e,4e2a2522-821a-419e-9a83-7ccb8c37d6c0,1625681431352,13.4240925,52.4966213,0.8661847,-0.06099391,-0.01606679,-0.037882805,in backpack,cyclo cross,False,mixed,mixed
c788515a-89a8-42a5-9546-82bc5a7be065,6e37b520-9504-45a4-b770-bfd8365b127e,55b6d657-adff-4912-8533-46c9afe9f3f4,1625681431402,13.4240734,52.4966485,1.4198921,0.009616375,0.06908417,0.036844254,in backpack,cyclo cross,False,mixed,mixed
c788515a-89a8-42a5-9546-82bc5a7be065,6e37b520-9504-45a4-b770-bfd8365b127e,39ffee4d-fd34-49e5-9fc2-fa03d574b334,1625681431451,13.4240734,52.4966485,1.4198921,0.05928421,-0.004706621,-0.058260918,in backpack,cyclo cross,False,mixed,mixed
c788515a-89a8-42a5-9546-82bc5a7be065,6e37b520-9504-45a4-b770-bfd8365b127e,5aaa5919-54a8-4e08-b9e5-b4abbac96382,1625681431502,13.4240734,52.4966485,1.4198921,0.014705658,0.06768751,0.03737259,in backpack,cyclo cross,False,mixed,mixed
c788515a-89a8-42a5-9546-82bc5a7be065,6e37b520-9504-45a4-b770-bfd8365b127e,8f8d0671-4b6c-4fa4-b0a8-1d34e117a6ea,1625681431551,13.4240734,52.4966485,1.4198921,-0.033356667,0.078216076,0.0049448013,in backpack,cyclo cross,False,mixed,mixed
c788515a-89a8-42a5-9546-82bc5a7be065,6e37b520-9504-45a4-b770-bfd8365b127e,182ce71c-07bc-42c5-b0c1-1d9bddd0ea59,1625681431602,13.4240734,52.4966485,1.4198921,-0.00349164,0.072009325,0.06890583,in backpack,cyclo cross,False,mixed,mixed
c788515a-89a8-42a5-9546-82bc5a7be065,6e37b520-9504-45a4-b770-bfd8365b127e,256beabd-16ed-4dff-9e11-07fd14599d07,1625681431652,13.4240734,52.4966485,1.4198921,-0.048154593,0.04255557,-0.14588356,in backpack,cyclo cross,False,mixed,mixed
c788515a-89a8-42a5-9546-82bc5a7be065,6e37b520-9504-45a4-b770-bfd8365b127e,3f2f250f-d0af-401f-8013-4638beb5230f,1625681431702,13.4240734,52.4966485,1.4198921,0.008903861,-0.080209255,0.04427433,in backpack,cyclo cross,False,mixed,mixed
c788515a-89a8-42a5-9546-82bc5a7be065,6e37b520-9504-45a4-b770-bfd8365b127e,e79b73db-3487-4c27-a9d3-7c67a20c1355,1625681431752,13.4240734,52.4966485,1.4198921,-0.04847157,0.16312218,-0.06055355,in backpack,cyclo cross,False,mixed,mixed
c788515a-89a8-42a5-9546-82bc5a7be065,6e37b520-9504-45a4-b770-bfd8365b127e,55bbb8af-0ebf-4b31-89da-5c48d37ab133,1625681431802,13.4240734,52.4966485,1.4198921,0.09666479,-0.1540587,0.14343452,in backpack,cyclo cross,False,mixed,mixed
c788515a-89a8-42a5-9546-82bc5a7be065,6e37b520-9504-45a4-b770-bfd8365b127e,f40beb58-23a5-4998-a157-f5f3314ddfd1,1625681431852,13.4240734,52.4966485,1.4198921,0.035385966,0.07317281,-0.05269432,in backpack,cyclo cross,False,mixed,mixed
c788515a-89a8-42a5-9546-82bc5a7be065,6e37b520-9504-45a4-b770-bfd8365b127e,b3abc351-9827-40cb-85a5-5b02302d6538,1625681431902,13.4240734,52.4966485,1.4198921,0.050801277,-0.012320757,0.00078487396,in backpack,cyclo cross,False,mixed,mixed
c788515a-89a8-42a5-9546-82bc5a7be065,6e37b520-9504-45a4-b770-bfd8365b127e,a5531fe1-a6d6-4e25-9c66-a6f72701964a,1625681431952,13.4240734,52.4966485,1.4198921,0.06220448,-0.102449894,-0.07796383,in backpack,cyclo cross,False,mixed,mixed
c788515a-89a8-42a5-9546-82bc5a7be065,6e37b520-9504-45a4-b770-bfd8365b127e,491fb800-1f15-4a33-ae3a-008d2b02872d,1625681432002,13.4240734,52.4966485,1.4198921,0.01162684,0.020511389,0.03007698,in backpack,cyclo cross,False,mixed,mixed
c788515a-89a8-42a5-9546-82bc5a7be065,6e37b520-9504-45a4-b770-bfd8365b127e,94c69302-04e1-4d99-98ee-ee883244fad7,1625681432052,13.4240734,52.4966485,1.4198921,-0.0391984,0.10217214,-0.07912159,in backpack,cyclo cross,False,mixed,mixed
c788515a-89a8-42a5-9546-82bc5a7be065,6e37b520-9504-45a4-b770-bfd8365b127e,e2a283ab-ac33-4a96-90f0-43eaeb9dc4a7,1625681432102,13.4240734,52.4966485,1.4198921,-0.0032001734,0.0025742054,0.06507397,in backpack,cyclo cross,False,mixed,mixed
c788515a-89a8-42a5-9546-82bc5a7be065,6e37b520-9504-45a4-b770-bfd8365b127e,1f70271a-73cf-4cda-bd4f-170b9a5d5ad2,1625681432152,13.4240734,52.4966485,1.4198921,-0.06962156,0.02570343,-0.02200222,in backpack,cyclo cross,False,mixed,mixed
c788515a-89a8-42a5-9546-82bc5a7be065,6e37b520-9504-45a4-b770-bfd8365b127e,5b7b5d31-2f57-49e9-9572-443da4fa72ed,1625681432202,13.4240734,52.4966485,1.4198921,0.034606576,0.035021067,0.14211273,in backpack,cyclo cross,False,mixed,mixed
c788515a-89a8-42a5-9546-82bc5a7be065,6e37b520-9504-45a4-b770-bfd8365b127e,51890b46-8bed-4c77-b928-a5f4a072fd4a,1625681432252,13.4240734,52.4966485,1.4198921,-0.01663518,-0.03961563,-0.13596916,in backpack,cyclo cross,False,mixed,mixed
c788515a-89a8-42a5-9546-82bc5a7be065,6e37b520-9504-45a4-b770-bfd8365b127e,ccd36696-7f42-43d0-b2f4-a5929a274218,1625681432302,13.4240734,52.4966485,1.4198921,-0.0030069351,-0.04106903,-0.034757614,in backpack,cyclo cross,False,mixed,mixed
c788515a-89a8-42a5-9546-82bc5a7be065,6e37b520-9504-45a4-b770-bfd8365b127e,669f3b4b-045f-4b95-a736-5effbb502bef,1625681432352,13.4240734,52.4966485,1.4198921,0.0342474,-0.07313013,-0.12462139,in backpack,cyclo cross,False,mixed,mixed
c788515a-89a8-42a5-9546-82bc5a7be065,6e37b520-9504-45a4-b770-bfd8365b127e,e437fa71-884c-4982-8f14-083a51c90c61,1625681432402,13.4240724,52.4966751,2.0110307,0.049770117,0.0856154,0.03556633,in backpack,cyclo cross,False,mixed,mixed
c788515a-89a8-42a5-9546-82bc5a7be065,6e37b520-9504-45a4-b770-bfd8365b127e,c7749ea9-8cd3-483d-a62b-1db8c1b952b8,1625681432452,13.4240724,52.4966751,2.0110307,0.055567384,-0.022396803,-0.023778915,in backpack,cyclo cross,False,mixed,mixed
c788515a-89a8-42a5-9546-82bc5a7be065,6e37b520-9504-45a4-b770-bfd8365b127e,a1759913-ae62-4020-8003-42fedbf6f323,1625681432503,13.4240724,52.4966751,2.0110307,0.07868004,0.007122755,0.10167599,in backpack,cyclo cross,False,mixed,mixed
c788515a-89a8-42a5-9546-82bc5a7be065,6e37b520-9504-45a4-b770-bfd8365b127e,9f22cfbf-5cca-40fb-a9f9-3db619ff7034,1625681432553,13.4240724,52.4966751,2.0110307,-0.012858748,-0.06890845,-0.049162865,in backpack,cyclo cross,False,mixed,mixed
c788515a-89a8-42a5-9546-82bc5a7be065,6e37b520-9504-45a4-b770-bfd8365b127e,56c83050-b7d2-4cc0-8ec1-c64a03902fa0,1625681432603,13.4240724,52.4966751,2.0110307,-0.12914777,-0.012886763,-0.15879536,in backpack,cyclo cross,False,mixed,mixed
c788515a-89a8-42a5-9546-82bc5a7be065,6e37b520-9504-45a4-b770-bfd8365b127e,0396da18-3846-4422-9dc7-ceb9f55faada,1625681432653,13.4240724,52.4966751,2.0110307,-0.083287954,-0.09137344,0.11616802,in backpack,cyclo cross,False,mixed,mixed
c788515a-89a8-42a5-9546-82bc5a7be065,6e37b520-9504-45a4-b770-bfd8365b127e,810d6d8b-a20f-406c-95d9-7ce76a7d624f,1625681432703,13.4240724,52.4966751,2.0110307,-0.0021163225,-0.013671637,0.068489075,in backpack,cyclo cross,False,mixed,mixed
c788515a-89a8-42a5-9546-82bc5a7be065,6e37b520-9504-45a4-b770-bfd8365b127e,e5f7feaf-d8cb-48bd-a454-e2f28d3a6d74,1625681432753,13.4240724,52.4966751,2.0110307,0.04292226,-0.018328428,-0.0020399094,in backpack,cyclo cross,False,mixed,mixed
c788515a-89a8-42a5-9546-82bc5a7be065,6e37b520-9504-45a4-b770-bfd8365b127e,2c48f30c-6e5d-40bd-a99a-fa55c4d1d4e5,1625681432803,13.4240724,52.4966751,2.0110307,-0.022541404,0.1931591,-0.04067707,in backpack,cyclo cross,False,mixed,mixed
c788515a-89a8-42a5-9546-82bc5a7be065,6e37b520-9504-45a4-b770-bfd8365b127e,16994d9e-b266-4daf-91f4-c7e966b9ff54,1625681432853,13.4240724,52.4966751,2.0110307,0.12738514,-0.16302514,0.24972248,in backpack,cyclo cross,False,mixed,mixed
c788515a-89a8-42a5-9546-82bc5a7be065,6e37b520-9504-45a4-b770-bfd8365b127e,f78d8d90-16be-4054-a7f6-b44c9260764f,1625681432903,13.4240724,52.4966751,2.0110307,0.034199834,0.019618273,-0.07058048,in backpack,cyclo cross,False,mixed,mixed
c788515a-89a8-42a5-9546-82bc5a7be065,6e37b520-9504-45a4-b770-bfd8365b127e,13992c20-3464-41b1-9fba-f2572a84c2eb,1625681432953,13.4240724,52.4966751,2.0110307,0.030779481,-0.021467447,-0.06861973,in backpack,cyclo cross,False,mixed,mixed
c788515a-89a8-42a5-9546-82bc5a7be065,6e37b520-9504-45a4-b770-bfd8365b127e,72d250cb-979c-45da-864d-896d74a539ef,1625681433003,13.4240724,52.4966751,2.0110307,-0.0017334223,-0.041422844,0.026346207,in backpack,cyclo cross,False,mixed,mixed
c788515a-89a8-42a5-9546-82bc5a7be065,6e37b520-9504-45a4-b770-bfd8365b127e,0fbb00ad-bac9-474b-b093-3b3f83ed347f,1625681433052,13.4240724,52.4966751,2.0110307,0.042777896,-0.057356834,0.02712822,in backpack,cyclo cross,False,mixed,mixed
c788515a-89a8-42a5-9546-82bc5a7be065,6e37b520-9504-45a4-b770-bfd8365b127e,d23c15de-4621-4762-82f0-c7db578ce8e6,1625681433102,13.4240724,52.4966751,2.0110307,-0.0047980547,0.032627583,0.033667564,in backpack,cyclo cross,False,mixed,mixed
c788515a-89a8-42a5-9546-82bc5a7be065,6e37b520-9504-45a4-b770-bfd8365b127e,6ff5f945-1310-45e5-844b-10eb8e6fd6c7,1625681433152,13.4240724,52.4966751,2.0110307,-0.008360863,0.025664568,-0.0659008,in backpack,cyclo cross,False,mixed,mixed
c788515a-89a8-42a5-9546-82bc5a7be065,6e37b520-9504-45a4-b770-bfd8365b127e,b11c264e-36e5-4ae9-a397-e31b4bc446a6,1625681433203,13.4240724,52.4966751,2.0110307,0.022995234,-0.021222353,-0.0059919357,in backpack,cyclo cross,False,mixed,mixed
c788515a-89a8-42a5-9546-82bc5a7be065,6e37b520-9504-45a4-b770-bfd8365b127e,da8d0198-2474-4e45-80f9-0e44f42a8761,1625681433252,13.4240724,52.4966751,2.0110307,-0.04498267,0.033848763,-0.047322273,in backpack,cyclo cross,False,mixed,mixed
c788515a-89a8-42a5-9546-82bc5a7be065,6e37b520-9504-45a4-b770-bfd8365b127e,2898f799-799a-44a7-94ba-65dc1391b4f2,1625681433302,13.4240724,52.4966751,2.0110307,-0.08512521,-0.0069196224,-0.12609005,in backpack,cyclo cross,False,mixed,mixed
c788515a-89a8-42a5-9546-82bc5a7be065,6e37b520-9504-45a4-b770-bfd8365b127e,9accbcff-9d71-486e-a642-6ed2e18f59ff,1625681433352,13.4240724,52.4966751,2.0110307,-0.05048585,0.0509243,0.10451794,in backpack,cyclo cross,False,mixed,mixed
c788515a-89a8-42a5-9546-82bc5a7be065,6e37b520-9504-45a4-b770-bfd8365b127e,6377d973-eec9-4b84-8537-97b598317b2c,1625681433402,13.4240721,52.4966982,2.2493868,0.013675928,-0.05697131,0.021231651,in backpack,cyclo cross,False,mixed,mixed
c788515a-89a8-42a5-9546-82bc5a7be065,6e37b520-9504-45a4-b770-bfd8365b127e,697fa316-2155-4d63-995c-a676b25a1edb,1625681433452,13.4240721,52.4966982,2.2493868,0.02281034,0.008899689,-0.04321289,in backpack,cyclo cross,False,mixed,mixed
c788515a-89a8-42a5-9546-82bc5a7be065,6e37b520-9504-45a4-b770-bfd8365b127e,47baf6d1-bdfa-4a99-9808-4036ce973be3,1625681433502,13.4240721,52.4966982,2.2493868,0.00058341026,0.034939766,-0.12759495,in backpack,cyclo cross,False,mixed,mixed
c788515a-89a8-42a5-9546-82bc5a7be065,6e37b520-9504-45a4-b770-bfd8365b127e,4e61d4f8-412c-4e76-8c28-0479fc8a6999,1625681433552,13.4240721,52.4966982,2.2493868,0.08177185,-0.021744967,0.12578487,in backpack,cyclo cross,False,mixed,mixed
c788515a-89a8-42a5-9546-82bc5a7be065,6e37b520-9504-45a4-b770-bfd8365b127e,511651fd-30b3-4243-b3da-b4e3e3d8d7e3,1625681433602,13.4240721,52.4966982,2.2493868,0.031421185,-0.05133295,0.11830807,in backpack,cyclo cross,False,mixed,mixed
c788515a-89a8-42a5-9546-82bc5a7be065,6e37b520-9504-45a4-b770-bfd8365b127e,4f4caa98-0943-4cf8-8fd4-7a7941f93348,1625681433652,13.4240721,52.4966982,2.2493868,0.011832356,0.11642933,-0.048012733,in backpack,cyclo cross,False,mixed,mixed
c788515a-89a8-42a5-9546-82bc5a7be065,6e37b520-9504-45a4-b770-bfd8365b127e,a18a2e83-139f-47cf-8159-7c20aeed319f,1625681433702,13.4240721,52.4966982,2.2493868,-0.004125595,0.067145824,-0.12739658,in backpack,cyclo cross,False,mixed,mixed
c788515a-89a8-42a5-9546-82bc5a7be065,6e37b520-9504-45a4-b770-bfd8365b127e,fd215515-ac32-48a9-aa7a-826f36daa58e,1625681433752,13.4240721,52.4966982,2.2493868,-0.034472704,0.27962208,-0.30903816,in backpack,cyclo cross,False,mixed,mixed
c788515a-89a8-42a5-9546-82bc5a7be065,6e37b520-9504-45a4-b770-bfd8365b127e,ff0f5ba7-6f42-422a-85f6-1651235308c6,1625681433802,13.4240721,52.4966982,2.2493868,0.23894316,-0.3437128,0.17059803,in backpack,cyclo cross,False,mixed,mixed
c788515a-89a8-42a5-9546-82bc5a7be065,6e37b520-9504-45a4-b770-bfd8365b127e,1acc4588-0fdf-4b03-8c20-97f76f12e19f,1625681433852,13.4240721,52.4966982,2.2493868,-0.05375433,0.07259154,-0.15801048,in backpack,cyclo cross,False,mixed,mixed
c788515a-89a8-42a5-9546-82bc5a7be065,6e37b520-9504-45a4-b770-bfd8365b127e,c12095a2-2c29-4bee-9fed-9252eeffca1f,1625681433902,13.4240721,52.4966982,2.2493868,-0.03739488,0.15424967,0.08270073,in backpack,cyclo cross,False,mixed,mixed
c788515a-89a8-42a5-9546-82bc5a7be065,6e37b520-9504-45a4-b770-bfd8365b127e,429aa21e-ddeb-4f40-a5fc-84a94478dc61,1625681433952,13.4240721,52.4966982,2.2493868,0.06967574,-0.14731717,0.34665108,in backpack,cyclo cross,False,mixed,mixed
c788515a-89a8-42a5-9546-82bc5a7be065,6e37b520-9504-45a4-b770-bfd8365b127e,200ad7ff-7c07-4c9b-8877-e93be9533367,1625681434003,13.4240721,52.4966982,2.2493868,-0.079845786,0.07640028,-0.11438465,in backpack,cyclo cross,False,mixed,mixed
c788515a-89a8-42a5-9546-82bc5a7be065,6e37b520-9504-45a4-b770-bfd8365b127e,12d6cf6a-052e-4704-92f5-e9bcb4ef02df,1625681434052,13.4240721,52.4966982,2.2493868,-0.018699288,-0.032367945,0.01570797,in backpack,cyclo cross,False,mixed,mixed
c788515a-89a8-42a5-9546-82bc5a7be065,6e37b520-9504-45a4-b770-bfd8365b127e,a79c45b4-029b-4bda-94b1-3b6621eb649a,1625681434102,13.4240721,52.4966982,2.2493868,-0.05479586,-0.033774137,-0.13531303,in backpack,cyclo cross,False,mixed,mixed
c788515a-89a8-42a5-9546-82bc5a7be065,6e37b520-9504-45a4-b770-bfd8365b127e,2e4acc51-7033-4cb5-be43-ee04ad6ab6fd,1625681434163,13.4240721,52.4966982,2.2493868,-0.27902138,-0.14194179,-0.4916649,in backpack,cyclo cross,False,mixed,mixed
c788515a-89a8-42a5-9546-82bc5a7be065,6e37b520-9504-45a4-b770-bfd8365b127e,b4861ea5-2696-48c2-9087-62627fc60de2,1625681434213,13.4240721,52.4966982,2.2493868,-0.09289491,0.010603905,0.011807442,in backpack,cyclo cross,False,mixed,mixed
c788515a-89a8-42a5-9546-82bc5a7be065,6e37b520-9504-45a4-b770-bfd8365b127e,f05ce3ad-ce4b-4d6f-bb2e-6704b3e59b61,1625681434264,13.4240721,52.4966982,2.2493868,-0.05653715,0.046296597,0.11083889,in backpack,cyclo cross,False,mixed,mixed
c788515a-89a8-42a5-9546-82bc5a7be065,6e37b520-9504-45a4-b770-bfd8365b127e,7dd6ef44-eeb4-46c1-b19b-54215ea767c9,1625681434313,13.4240721,52.4966982,2.2493868,-0.026482582,-0.13819647,0.2987194,in backpack,cyclo cross,False,mixed,mixed
c788515a-89a8-42a5-9546-82bc5a7be065,6e37b520-9504-45a4-b770-bfd8365b127e,b3a3ef6e-aff0-4198-982c-7135e9851f7e,1625681434363,13.4240721,52.4966982,2.2493868,0.113586426,-0.25544333,0.04419422,in backpack,cyclo cross,False,mixed,mixed
c788515a-89a8-42a5-9546-82bc5a7be065,6e37b520-9504-45a4-b770-bfd8365b127e,9a3672b3-1e26-4aac-9a26-683487d9059a,1625681434413,13.4240761,52.4967046,1.5218397,0.113422155,0.086214066,-0.40229225,in backpack,cyclo cross,False,mixed,mixed
c788515a-89a8-42a5-9546-82bc5a7be065,6e37b520-9504-45a4-b770-bfd8365b127e,570d26fa-a78a-4550-a16f-01e3e23fa088,1625681434464,13.4240761,52.4967046,1.5218397,0.09404099,-0.12614179,0.15391064,in backpack,cyclo cross,False,mixed,mixed
c788515a-89a8-42a5-9546-82bc5a7be065,6e37b520-9504-45a4-b770-bfd8365b127e,67f63b1d-ca5a-4f12-879d-067f3ca0cb2b,1625681434513,13.4240761,52.4967046,1.5218397,0.04509294,-0.2447691,-0.11320686,in backpack,cyclo cross,False,mixed,mixed
c788515a-89a8-42a5-9546-82bc5a7be065,6e37b520-9504-45a4-b770-bfd8365b127e,87658fcf-72f5-4a5c-a00a-f31174696efc,1625681434564,13.4240761,52.4967046,1.5218397,0.090284824,0.20938158,-0.14492226,in backpack,cyclo cross,False,mixed,mixed
c788515a-89a8-42a5-9546-82bc5a7be065,6e37b520-9504-45a4-b770-bfd8365b127e,2f43f9a6-372a-4e53-b602-826287d81ac7,1625681434614,13.4240761,52.4967046,1.5218397,0.035854816,0.2673633,-0.01515007,in backpack,cyclo cross,False,mixed,mixed
c788515a-89a8-42a5-9546-82bc5a7be065,6e37b520-9504-45a4-b770-bfd8365b127e,fc00a4e3-c85b-476b-8cbe-74bffa78fc71,1625681434664,13.4240761,52.4967046,1.5218397,0.07381773,0.36757898,0.08298683,in backpack,cyclo cross,False,mixed,mixed
c788515a-89a8-42a5-9546-82bc5a7be065,6e37b520-9504-45a4-b770-bfd8365b127e,39304003-45c4-4140-9a36-ae987bf62e38,1625681434714,13.4240761,52.4967046,1.5218397,0.13513374,0.1310947,0.19963455,in backpack,cyclo cross,False,mixed,mixed
c788515a-89a8-42a5-9546-82bc5a7be065,6e37b520-9504-45a4-b770-bfd8365b127e,b7358c39-f632-4054-b098-048c95505f69,1625681434764,13.4240761,52.4967046,1.5218397,0.18337822,-0.17032385,0.057972908,in backpack,cyclo cross,False,mixed,mixed
c788515a-89a8-42a5-9546-82bc5a7be065,6e37b520-9504-45a4-b770-bfd8365b127e,e91a5646-280d-4af0-b902-577d653117cf,1625681434814,13.4240761,52.4967046,1.5218397,-0.04268813,0.02858615,-0.009875298,in backpack,cyclo cross,False,mixed,mixed
c788515a-89a8-42a5-9546-82bc5a7be065,6e37b520-9504-45a4-b770-bfd8365b127e,a68cac9d-e84c-49be-b2cc-ae6c908eb6f8,1625681434865,13.4240761,52.4967046,1.5218397,-0.1185143,-0.048907757,-0.36004734,in backpack,cyclo cross,False,mixed,mixed
c788515a-89a8-42a5-9546-82bc5a7be065,6e37b520-9504-45a4-b770-bfd8365b127e,72f0b141-d3ed-4b3a-bdac-b41b20c4035f,1625681434916,13.4240761,52.4967046,1.5218397,0.0016433,-0.08675027,-0.032209396,in backpack,cyclo cross,False,mixed,mixed
c788515a-89a8-42a5-9546-82bc5a7be065,6e37b520-9504-45a4-b770-bfd8365b127e,3f59f346-e51e-4ecd-a3a0-7d9e72430976,1625681434965,13.4240761,52.4967046,1.5218397,-0.019595265,0.086152315,-0.12858486,in backpack,cyclo cross,False,mixed,mixed
c788515a-89a8-42a5-9546-82bc5a7be065,6e37b520-9504-45a4-b770-bfd8365b127e,bb1bd63a-50d4-4c90-bb20-8b2be482b446,1625681435016,13.4240761,52.4967046,1.5218397,0.12720132,0.030272245,0.1998539,in backpack,cyclo cross,False,mixed,mixed
c788515a-89a8-42a5-9546-82bc5a7be065,6e37b520-9504-45a4-b770-bfd8365b127e,f6101fc9-0c34-4b6b-9d3f-47383aa37734,1625681435065,13.4240761,52.4967046,1.5218397,0.052862704,-0.05484748,0.11711979,in backpack,cyclo cross,False,mixed,mixed
c788515a-89a8-42a5-9546-82bc5a7be065,6e37b520-9504-45a4-b770-bfd8365b127e,59f39628-a5b1-49c1-bbc7-22f16a0f2302,1625681435114,13.4240761,52.4967046,1.5218397,-0.07515073,-0.077926874,-0.07304573,in backpack,cyclo cross,False,mixed,mixed
c788515a-89a8-42a5-9546-82bc5a7be065,6e37b520-9504-45a4-b770-bfd8365b127e,231ae85d-2156-4020-97cb-ba5ecefac002,1625681435165,13.4240761,52.4967046,1.5218397,0.027336836,-0.061713457,-0.12628841,in backpack,cyclo cross,False,mixed,mixed
c788515a-89a8-42a5-9546-82bc5a7be065,6e37b520-9504-45a4-b770-bfd8365b127e,f5321167-141f-4921-8450-fefcc4c2f96f,1625681435216,13.4240761,52.4967046,1.5218397,0.019018412,-0.1516025,-0.07852936,in backpack,cyclo cross,False,mixed,mixed
c788515a-89a8-42a5-9546-82bc5a7be065,6e37b520-9504-45a4-b770-bfd8365b127e,c451bf25-a53e-442c-aaca-1cd39251f440,1625681435265,13.4240761,52.4967046,1.5218397,0.098288774,0.05828023,0.15528584,in backpack,cyclo cross,False,mixed,mixed
c788515a-89a8-42a5-9546-82bc5a7be065,6e37b520-9504-45a4-b770-bfd8365b127e,9d33b333-f688-4176-9b01-bdb44e0e4317,1625681435316,13.4240761,52.4967046,1.5218397,0.12323493,0.013746977,0.006702423,in backpack,cyclo cross,False,mixed,mixed
c788515a-89a8-42a5-9546-82bc5a7be065,6e37b520-9504-45a4-b770-bfd8365b127e,4e8105b6-5a07-4c59-9e67-da38f49e7fea,1625681435365,13.4240761,52.4967046,1.5218397,-0.068484545,0.019574165,0.08773899,in backpack,cyclo cross,False,mixed,mixed
c788515a-89a8-42a5-9546-82bc5a7be065,6e37b520-9504-45a4-b770-bfd8365b127e,20a6475e-bcb4-446d-b25a-f01cf334b9dc,1625681435415,13.4240812,52.4967018,0.71819717,-0.08683729,0.08155465,0.02649784,in backpack,cyclo cross,False,mixed,mixed
c788515a-89a8-42a5-9546-82bc5a7be065,6e37b520-9504-45a4-b770-bfd8365b127e,bb016d1c-1769-4374-abf4-21388f34c8f1,1625681435465,13.4240812,52.4967018,0.71819717,0.104025126,0.08833337,0.20811081,in backpack,cyclo cross,False,mixed,mixed
c788515a-89a8-42a5-9546-82bc5a7be065,6e37b520-9504-45a4-b770-bfd8365b127e,bd3e692d-6352-48db-a01d-fe9411362057,1625681435516,13.4240812,52.4967018,0.71819717,-0.059186578,0.03148651,-0.27395535,in backpack,cyclo cross,False,mixed,mixed
c788515a-89a8-42a5-9546-82bc5a7be065,6e37b520-9504-45a4-b770-bfd8365b127e,5f0a99da-9672-4ea9-ba76-c27441a6178b,1625681435565,13.4240812,52.4967018,0.71819717,-0.02581799,0.04265499,0.13711452,in backpack,cyclo cross,False,mixed,mixed
c788515a-89a8-42a5-9546-82bc5a7be065,6e37b520-9504-45a4-b770-bfd8365b127e,ca2ed841-5254-4da8-ae03-da1478f7bd04,1625681435616,13.4240812,52.4967018,0.71819717,0.06968957,-0.0593884,-0.12899685,in backpack,cyclo cross,False,mixed,mixed
c788515a-89a8-42a5-9546-82bc5a7be065,6e37b520-9504-45a4-b770-bfd8365b127e,e8550c4d-b24d-4238-9a1a-11746bbebde3,1625681435665,13.4240812,52.4967018,0.71819717,0.072154224,0.07507706,-0.034023285,in backpack,cyclo cross,False,mixed,mixed
c788515a-89a8-42a5-9546-82bc5a7be065,6e37b520-9504-45a4-b770-bfd8365b127e,1da98de1-9d1f-4ac5-9a14-1b9b5ac8b34b,1625681435716,13.4240812,52.4967018,0.71819717,-0.07240558,0.047923565,0.069200516,in backpack,cyclo cross,False,mixed,mixed
c788515a-89a8-42a5-9546-82bc5a7be065,6e37b520-9504-45a4-b770-bfd8365b127e,4c11408a-c6a8-42c9-aa1a-1fd5521de81c,1625681435765,13.4240812,52.4967018,0.71819717,-0.055972338,0.024371862,0.031449318,in backpack,cyclo cross,False,mixed,mixed
c788515a-89a8-42a5-9546-82bc5a7be065,6e37b520-9504-45a4-b770-bfd8365b127e,934e48bd-9c6f-4f31-a088-547bbe028a53,1625681435815,13.4240812,52.4967018,0.71819717,-0.009166479,-0.007475376,-0.120607376,in backpack,cyclo cross,False,mixed,mixed
c788515a-89a8-42a5-9546-82bc5a7be065,6e37b520-9504-45a4-b770-bfd8365b127e,8f2058c9-83a8-417a-b8fa-a31acd52b68b,1625681435865,13.4240812,52.4967018,0.71819717,-0.0930599,-0.053970814,-0.0979023,in backpack,cyclo cross,False,mixed,mixed
c788515a-89a8-42a5-9546-82bc5a7be065,6e37b520-9504-45a4-b770-bfd8365b127e,6259b6bf-dee9-41f0-8013-fdc372a84617,1625681435916,13.4240812,52.4967018,0.71819717,-0.004799485,-0.03827405,0.18819809,in backpack,cyclo cross,False,mixed,mixed
c788515a-89a8-42a5-9546-82bc5a7be065,6e37b520-9504-45a4-b770-bfd8365b127e,ef73fe5e-9019-4872-8598-cb2bb5739f8e,1625681435966,13.4240812,52.4967018,0.71819717,0.016739547,-0.0007972717,-0.029683113,in backpack,cyclo cross,False,mixed,mixed
c788515a-89a8-42a5-9546-82bc5a7be065,6e37b520-9504-45a4-b770-bfd8365b127e,282a6aa6-d523-4ae6-be81-5abd2ea53e41,1625681436016,13.4240812,52.4967018,0.71819717,0.038071036,0.06346893,-0.049570084,in backpack,cyclo cross,False,mixed,mixed
c788515a-89a8-42a5-9546-82bc5a7be065,6e37b520-9504-45a4-b770-bfd8365b127e,fe8251d4-dadf-4f03-9f5b-8bc9e29bd7da,1625681436065,13.4240812,52.4967018,0.71819717,-0.025134087,0.0028865337,-0.12549019,in backpack,cyclo cross,False,mixed,mixed
c788515a-89a8-42a5-9546-82bc5a7be065,6e37b520-9504-45a4-b770-bfd8365b127e,6ca3d2e6-ad9a-44ab-9ed6-947a69e3ee07,1625681436116,13.4240812,52.4967018,0.71819717,-0.09673655,0.09511042,0.19684792,in backpack,cyclo cross,False,mixed,mixed
c788515a-89a8-42a5-9546-82bc5a7be065,6e37b520-9504-45a4-b770-bfd8365b127e,85346b42-d858-45ad-af08-d395a15c7da4,1625681436166,13.4240812,52.4967018,0.71819717,0.05726868,-0.10409379,-0.014930725,in backpack,cyclo cross,False,mixed,mixed
c788515a-89a8-42a5-9546-82bc5a7be065,6e37b520-9504-45a4-b770-bfd8365b127e,79f18789-bc93-4bc7-8690-68a735cce6d5,1625681436217,13.4240812,52.4967018,0.71819717,-0.01699239,-0.0019304752,-0.044187546,in backpack,cyclo cross,False,mixed,mixed
c788515a-89a8-42a5-9546-82bc5a7be065,6e37b520-9504-45a4-b770-bfd8365b127e,f4902cc0-8803-4429-9d9e-014c36d5642c,1625681436268,13.4240812,52.4967018,0.71819717,-0.030498743,-0.010791063,0.09343243,in backpack,cyclo cross,False,mixed,mixed
c788515a-89a8-42a5-9546-82bc5a7be065,6e37b520-9504-45a4-b770-bfd8365b127e,242c1f13-254c-43d1-ba9e-f91d0b475ef4,1625681436330,13.4240812,52.4967018,0.71819717,0.049835265,-0.02207303,-0.04316044,in backpack,cyclo cross,False,mixed,mixed
c788515a-89a8-42a5-9546-82bc5a7be065,6e37b520-9504-45a4-b770-bfd8365b127e,853898aa-a95f-45b0-b07e-74248fd29b92,1625681436381,13.4240848,52.4967,0.3803526,-0.021378636,-0.009035349,-0.12211895,in backpack,cyclo cross,False,mixed,mixed
c788515a-89a8-42a5-9546-82bc5a7be065,6e37b520-9504-45a4-b770-bfd8365b127e,3f5718c3-f04d-4698-84ca-0c613f96e0f5,1625681436431,13.4240848,52.4967,0.3803526,-0.024276018,-0.04433441,0.11809635,in backpack,cyclo cross,False,mixed,mixed
c788515a-89a8-42a5-9546-82bc5a7be065,6e37b520-9504-45a4-b770-bfd8365b127e,ad3d1cf3-6a19-4422-bb8c-e830055d4f3c,1625681436483,13.4240848,52.4967,0.3803526,-0.09552765,0.013785839,-0.04301834,in backpack,cyclo cross,False,mixed,mixed
c788515a-89a8-42a5-9546-82bc5a7be065,6e37b520-9504-45a4-b770-bfd8365b127e,8310dec9-ea5a-43a6-a69a-9930bfa40ef9,1625681436533,13.4240848,52.4967,0.3803526,0.036413908,0.013162851,0.020181656,in backpack,cyclo cross,False,mixed,mixed
c788515a-89a8-42a5-9546-82bc5a7be065,6e37b520-9504-45a4-b770-bfd8365b127e,3da37a42-4d84-4e25-9268-f86d7e54d18e,1625681436584,13.4240848,52.4967,0.3803526,-0.0017457604,-0.020937204,-0.055319786,in backpack,cyclo cross,False,mixed,mixed
c788515a-89a8-42a5-9546-82bc5a7be065,6e37b520-9504-45a4-b770-bfd8365b127e,72d47eb7-b025-4b24-9d65-ae6b2e904055,1625681436635,13.4240848,52.4967,0.3803526,-0.038876176,0.044850826,-0.0015335083,in backpack,cyclo cross,False,mixed,mixed
c788515a-89a8-42a5-9546-82bc5a7be065,6e37b520-9504-45a4-b770-bfd8365b127e,ecfd7bee-3062-4574-8b2d-73720ade4efb,1625681436684,13.4240848,52.4967,0.3803526,-0.0036654472,-0.009203911,0.015229225,in backpack,cyclo cross,False,mixed,mixed
c788515a-89a8-42a5-9546-82bc5a7be065,6e37b520-9504-45a4-b770-bfd8365b127e,2839caff-44ce-49ed-9770-499772b0b1ba,1625681436734,13.4240848,52.4967,0.3803526,0.098692715,-0.045341015,-0.047016144,in backpack,cyclo cross,False,mixed,mixed
c788515a-89a8-42a5-9546-82bc5a7be065,6e37b520-9504-45a4-b770-bfd8365b127e,c13b5e0f-7e75-4a27-ac67-cec86a7ee3e4,1625681436785,13.4240848,52.4967,0.3803526,0.010870993,-0.0072557926,0.018939018,in backpack,cyclo cross,False,mixed,mixed
c788515a-89a8-42a5-9546-82bc5a7be065,6e37b520-9504-45a4-b770-bfd8365b127e,ab47f586-e389-468e-8d27-11dfbe3638f7,1625681436835,13.4240848,52.4967,0.3803526,-0.0108142495,-0.012289286,-0.060071945,in backpack,cyclo cross,False,mixed,mixed
c788515a-89a8-42a5-9546-82bc5a7be065,6e37b520-9504-45a4-b770-bfd8365b127e,589de830-2142-41ae-b0a0-3be64a890703,1625681436885,13.4240848,52.4967,0.3803526,-0.027196527,-0.016332388,-0.10931587,in backpack,cyclo cross,False,mixed,mixed
c788515a-89a8-42a5-9546-82bc5a7be065,6e37b520-9504-45a4-b770-bfd8365b127e,6fa19138-6a17-4767-b7f1-3fbe8901fb04,1625681436948,13.4240848,52.4967,0.3803526,-0.011228383,-0.020109653,0.04689026,in backpack,cyclo cross,False,mixed,mixed
c788515a-89a8-42a5-9546-82bc5a7be065,6e37b520-9504-45a4-b770-bfd8365b127e,f3fbd0c6-7e37-416b-b4d8-95f88a862d00,1625681437000,13.4240848,52.4967,0.3803526,-0.009208918,-0.012034655,-0.02760601,in backpack,cyclo cross,False,mixed,mixed
c788515a-89a8-42a5-9546-82bc5a7be065,6e37b520-9504-45a4-b770-bfd8365b127e,b0e41e27-5002-49f7-b6e3-d0c07531bcb4,1625681437051,13.4240848,52.4967,0.3803526,0.022025287,-0.0096075535,-0.06407833,in backpack,cyclo cross,False,mixed,mixed
c788515a-89a8-42a5-9546-82bc5a7be065,6e37b520-9504-45a4-b770-bfd8365b127e,2047446b-5e7b-4bcf-b855-3043201121f0,1625681437102,13.4240848,52.4967,0.3803526,0.010850191,-0.034849405,0.03349781,in backpack,cyclo cross,False,mixed,mixed
c788515a-89a8-42a5-9546-82bc5a7be065,6e37b520-9504-45a4-b770-bfd8365b127e,22ed17c9-acc1-4244-bb7f-e4e4e900b7d4,1625681437152,13.4240848,52.4967,0.3803526,0.03384334,0.024858236,-0.004972458,in backpack,cyclo cross,False,mixed,mixed
c788515a-89a8-42a5-9546-82bc5a7be065,6e37b520-9504-45a4-b770-bfd8365b127e,a9adfd2c-553c-4a57-9bee-145852a91cd1,1625681437202,13.4240848,52.4967,0.3803526,-0.053341687,0.028188705,-0.017528534,in backpack,cyclo cross,False,mixed,mixed
c788515a-89a8-42a5-9546-82bc5a7be065,6e37b520-9504-45a4-b770-bfd8365b127e,027f43e1-90e4-409d-ae02-36847dff21e6,1625681437253,13.4240848,52.4967,0.3803526,0.052505672,0.029426575,-0.03134632,in backpack,cyclo cross,False,mixed,mixed
c788515a-89a8-42a5-9546-82bc5a7be065,6e37b520-9504-45a4-b770-bfd8365b127e,5ebaf846-fcc4-4898-8a45-087d4ed926e6,1625681437316,13.4240848,52.4967,0.3803526,-0.013410032,-0.017191648,0.027400017,in backpack,cyclo cross,False,mixed,mixed
c788515a-89a8-42a5-9546-82bc5a7be065,6e37b520-9504-45a4-b770-bfd8365b127e,93454e74-f809-48bb-999c-5cfa72e06c02,1625681437367,13.4240848,52.4967,0.3803526,0.0039274693,-0.059225798,0.0324955,in backpack,cyclo cross,False,mixed,mixed
c788515a-89a8-42a5-9546-82bc5a7be065,6e37b520-9504-45a4-b770-bfd8365b127e,c5d03ab5-d7ba-43e4-b907-23cbe5b34caa,1625681437416,13.4240861,52.4966985,0.22894165,-0.01657623,0.021413803,-0.10343456,in backpack,cyclo cross,False,mixed,mixed
c788515a-89a8-42a5-9546-82bc5a7be065,6e37b520-9504-45a4-b770-bfd8365b127e,5ccfe8dc-9425-4bb6-966e-a3f0ff659904,1625681437466,13.4240861,52.4966985,0.22894165,0.034778655,-0.026082993,-0.023554802,in backpack,cyclo cross,False,mixed,mixed
c788515a-89a8-42a5-9546-82bc5a7be065,6e37b520-9504-45a4-b770-bfd8365b127e,bba9363a-7722-45f8-8919-1d619c64aad8,1625681437516,13.4240861,52.4966985,0.22894165,0.016698837,-0.060919285,-0.01206398,in backpack,cyclo cross,False,mixed,mixed
c788515a-89a8-42a5-9546-82bc5a7be065,6e37b520-9504-45a4-b770-bfd8365b127e,2a2ef39a-4f47-4667-933e-07d74e63f60d,1625681437566,13.4240861,52.4966985,0.22894165,0.0018267035,-0.00958848,0.057332993,in backpack,cyclo cross,False,mixed,mixed
c788515a-89a8-42a5-9546-82bc5a7be065,6e37b520-9504-45a4-b770-bfd8365b127e,de34509f-fce0-4619-9a47-23247b109a87,1625681437616,13.4240861,52.4966985,0.22894165,-0.026681483,0.004301548,-0.05404377,in backpack,cyclo cross,False,mixed,mixed
c788515a-89a8-42a5-9546-82bc5a7be065,6e37b520-9504-45a4-b770-bfd8365b127e,7551d533-f70d-44ab-bf34-d63350fd2516,1625681437666,13.4240861,52.4966985,0.22894165,0.06409156,-0.016192913,0.040569305,in backpack,cyclo cross,False,mixed,mixed
c788515a-89a8-42a5-9546-82bc5a7be065,6e37b520-9504-45a4-b770-bfd8365b127e,6632efe7-ff59-4b96-baab-ab4baac9cc7a,1625681437716,13.4240861,52.4966985,0.22894165,-0.059670925,0.015496969,-0.13192558,in backpack,cyclo cross,False,mixed,mixed
c788515a-89a8-42a5-9546-82bc5a7be065,6e37b520-9504-45a4-b770-bfd8365b127e,84633970-9819-42ed-9f3f-a5482c8ed787,1625681437767,13.4240861,52.4966985,0.22894165,-0.064538956,-0.008731842,0.113453865,in backpack,cyclo cross,False,mixed,mixed
c788515a-89a8-42a5-9546-82bc5a7be065,6e37b520-9504-45a4-b770-bfd8365b127e,5f1aeb19-5c2d-4e79-ba56-bb8775b379e8,1625681437817,13.4240861,52.4966985,0.22894165,0.016555667,-0.03169942,-0.070798874,in backpack,cyclo cross,False,mixed,mixed
c788515a-89a8-42a5-9546-82bc5a7be065,6e37b520-9504-45a4-b770-bfd8365b127e,9878ec0b-13d3-4794-b23b-ad5d24e8ee72,1625681437868,13.4240861,52.4966985,0.22894165,-0.005110681,-0.042670727,0.0599432,in backpack,cyclo cross,False,mixed,mixed
c788515a-89a8-42a5-9546-82bc5a7be065,6e37b520-9504-45a4-b770-bfd8365b127e,473e25ae-ecb0-4959-92cb-661ac49872d9,1625681437917,13.4240861,52.4966985,0.22894165,0.01741308,-0.008290052,0.03456974,in backpack,cyclo cross,False,mixed,mixed
c788515a-89a8-42a5-9546-82bc5a7be065,6e37b520-9504-45a4-b770-bfd8365b127e,f15751b4-5949-45dc-bd8e-2c78c1f6f854,1625681437967,13.4240861,52.4966985,0.22894165,-0.0496521,-0.036307335,-0.06453514,in backpack,cyclo cross,False,mixed,mixed
c788515a-89a8-42a5-9546-82bc5a7be065,6e37b520-9504-45a4-b770-bfd8365b127e,777247f8-56d5-45ef-bfc6-44d732d357cf,1625681438017,13.4240861,52.4966985,0.22894165,-0.0024996996,-0.0071156025,-0.012002945,in backpack,cyclo cross,False,mixed,mixed
c788515a-89a8-42a5-9546-82bc5a7be065,6e37b520-9504-45a4-b770-bfd8365b127e,e92e33a2-ed22-4097-8568-ed7e8d357db0,1625681438067,13.4240861,52.4966985,0.22894165,-0.010657072,-0.024020433,0.096383095,in backpack,cyclo cross,False,mixed,mixed
c788515a-89a8-42a5-9546-82bc5a7be065,6e37b520-9504-45a4-b770-bfd8365b127e,622b3d98-a6ed-4c0d-8e57-c4a0c5a0cbf3,1625681438117,13.4240861,52.4966985,0.22894165,-0.02821511,-0.007101536,0.04812622,in backpack,cyclo cross,False,mixed,mixed
c788515a-89a8-42a5-9546-82bc5a7be065,6e37b520-9504-45a4-b770-bfd8365b127e,be388060-cc7a-495f-a071-0913eec3cde7,1625681438168,13.4240861,52.4966985,0.22894165,-0.0028362274,0.006568432,-0.04301071,in backpack,cyclo cross,False,mixed,mixed
c788515a-89a8-42a5-9546-82bc5a7be065,6e37b520-9504-45a4-b770-bfd8365b127e,c4733f61-3cff-450d-8f40-0f446ce4763c,1625681438218,13.4240861,52.4966985,0.22894165,-0.037739635,0.10791659,-0.15960693,in backpack,cyclo cross,False,mixed,mixed
c788515a-89a8-42a5-9546-82bc5a7be065,6e37b520-9504-45a4-b770-bfd8365b127e,3faf97be-da85-41a9-95b3-22bead4ffe28,1625681438269,13.4240861,52.4966985,0.22894165,0.0031749606,-0.11552167,0.15935898,in backpack,cyclo cross,False,mixed,mixed
c788515a-89a8-42a5-9546-82bc5a7be065,6e37b520-9504-45a4-b770-bfd8365b127e,3f9bde82-8609-4268-a6a6-f1d4f6d047aa,1625681438318,13.4240861,52.4966985,0.22894165,-0.11243576,0.00887084,0.07977772,in backpack,cyclo cross,False,mixed,mixed
c788515a-89a8-42a5-9546-82bc5a7be065,6e37b520-9504-45a4-b770-bfd8365b127e,4bab9099-ccff-4da0-b7f1-7db3f090349c,1625681438368,13.4240881,52.4966979,0.18405227,-0.1683709,-0.28340054,-0.19344044,in backpack,cyclo cross,False,mixed,mixed
c788515a-89a8-42a5-9546-82bc5a7be065,6e37b520-9504-45a4-b770-bfd8365b127e,e10a9fd0-e2f4-48f0-a93d-eb107afcd4c3,1625681438424,13.4240881,52.4966979,0.18405227,-0.09248936,0.10778999,-0.14397335,in backpack,cyclo cross,False,mixed,mixed
c788515a-89a8-42a5-9546-82bc5a7be065,6e37b520-9504-45a4-b770-bfd8365b127e,e829a0b0-d359-43ef-acee-b102eb4bf5e8,1625681438474,13.4240881,52.4966979,0.18405227,-0.063762784,0.10352254,0.15623283,in backpack,cyclo cross,False,mixed,mixed
c788515a-89a8-42a5-9546-82bc5a7be065,6e37b520-9504-45a4-b770-bfd8365b127e,56842b1b-9eab-4ec4-885d-cf38877f621f,1625681438524,13.4240881,52.4966979,0.18405227,0.02412206,-0.05158162,0.33587742,in backpack,cyclo cross,False,mixed,mixed
c788515a-89a8-42a5-9546-82bc5a7be065,6e37b520-9504-45a4-b770-bfd8365b127e,321670bc-d07f-484c-a3d2-6868bf9001c6,1625681438583,13.4240881,52.4966979,0.18405227,0.147349,0.029513597,0.14009953,in backpack,cyclo cross,False,mixed,mixed
c788515a-89a8-42a5-9546-82bc5a7be065,6e37b520-9504-45a4-b770-bfd8365b127e,545d233d-615c-493a-bf93-c1a05b8d3e61,1625681438634,13.4240881,52.4966979,0.18405227,0.2647192,0.049839497,-0.16446209,in backpack,cyclo cross,False,mixed,mixed
c788515a-89a8-42a5-9546-82bc5a7be065,6e37b520-9504-45a4-b770-bfd8365b127e,213b2293-2ce7-408e-bc4e-93a1b73a61c9,1625681438684,13.4240881,52.4966979,0.18405227,0.09838575,0.0061523914,-0.336051,in backpack,cyclo cross,False,mixed,mixed
c788515a-89a8-42a5-9546-82bc5a7be065,6e37b520-9504-45a4-b770-bfd8365b127e,611ecc77-518b-4f34-bad5-be1e42f881ad,1625681438734,13.4240881,52.4966979,0.18405227,0.009146035,-0.08441687,-0.22161674,in backpack,cyclo cross,False,mixed,mixed
c788515a-89a8-42a5-9546-82bc5a7be065,6e37b520-9504-45a4-b770-bfd8365b127e,e6ce9bb3-8ac8-4b19-8f2e-cc4bbc642ce0,1625681438784,13.4240881,52.4966979,0.18405227,-0.103935,-0.061648607,-0.19658947,in backpack,cyclo cross,False,mixed,mixed
c788515a-89a8-42a5-9546-82bc5a7be065,6e37b520-9504-45a4-b770-bfd8365b127e,a8fefbde-d706-4c54-b354-40647dc6aa01,1625681438834,13.4240881,52.4966979,0.18405227,-0.1757226,0.08118892,-0.06839752,in backpack,cyclo cross,False,mixed,mixed
c788515a-89a8-42a5-9546-82bc5a7be065,6e37b520-9504-45a4-b770-bfd8365b127e,24889c8c-a858-441d-bb46-4eff1cb0c478,1625681438885,13.4240881,52.4966979,0.18405227,0.05336386,-0.0014550686,0.6148844,in backpack,cyclo cross,False,mixed,mixed
c788515a-89a8-42a5-9546-82bc5a7be065,6e37b520-9504-45a4-b770-bfd8365b127e,307e1172-2c9e-41fa-9c96-f2cbf584b9d8,1625681438934,13.4240881,52.4966979,0.18405227,-0.01830095,0.108831406,0.13541126,in backpack,cyclo cross,False,mixed,mixed
c788515a-89a8-42a5-9546-82bc5a7be065,6e37b520-9504-45a4-b770-bfd8365b127e,f2842044-07b4-4c4b-be04-896a2e104f71,1625681438985,13.4240881,52.4966979,0.18405227,-0.02199161,0.06611562,-0.02725792,in backpack,cyclo cross,False,mixed,mixed
c788515a-89a8-42a5-9546-82bc5a7be065,6e37b520-9504-45a4-b770-bfd8365b127e,b0be353c-245d-49cf-ab21-58d6e4a6b622,1625681439034,13.4240881,52.4966979,0.18405227,0.02285409,-0.0064308643,-0.044355392,in backpack,cyclo cross,False,mixed,mixed
c788515a-89a8-42a5-9546-82bc5a7be065,6e37b520-9504-45a4-b770-bfd8365b127e,929e9973-e676-4fa0-9d47-096aba1157b4,1625681439084,13.4240881,52.4966979,0.18405227,0.0053185225,-0.08739638,-0.12002945,in backpack,cyclo cross,False,mixed,mixed
c788515a-89a8-42a5-9546-82bc5a7be065,6e37b520-9504-45a4-b770-bfd8365b127e,e3d7550c-d7ad-4bc5-ae72-d745dd592c88,1625681439134,13.4240881,52.4966979,0.18405227,-0.056616902,-0.089579105,-0.11820316,in backpack,cyclo cross,False,mixed,mixed
c788515a-89a8-42a5-9546-82bc5a7be065,6e37b520-9504-45a4-b770-bfd8365b127e,00a50e87-02d5-4854-ac3b-52cea095fd8e,1625681439184,13.4240881,52.4966979,0.18405227,-0.046511233,0.052350044,-0.13502598,in backpack,cyclo cross,False,mixed,mixed
c788515a-89a8-42a5-9546-82bc5a7be065,6e37b520-9504-45a4-b770-bfd8365b127e,fa2eec90-bd55-46a2-96fa-972f0c21621e,1625681439234,13.4240881,52.4966979,0.18405227,-0.018856525,-0.0736959,-0.002670288,in backpack,cyclo cross,False,mixed,mixed
c788515a-89a8-42a5-9546-82bc5a7be065,6e37b520-9504-45a4-b770-bfd8365b127e,b0da8dd2-c367-4d82-a238-b15c5181b007,1625681439284,13.4240881,52.4966979,0.18405227,0.011530995,0.082847595,0.2048788,in backpack,cyclo cross,False,mixed,mixed
c788515a-89a8-42a5-9546-82bc5a7be065,6e37b520-9504-45a4-b770-bfd8365b127e,6f868ba3-a05a-44ba-bcef-20a08d2b7541,1625681439334,13.4240881,52.4966979,0.18405227,0.019161463,0.040681362,0.12571621,in backpack,cyclo cross,False,mixed,mixed
c788515a-89a8-42a5-9546-82bc5a7be065,6e37b520-9504-45a4-b770-bfd8365b127e,ec7a0c2d-d5cc-479d-aa1a-c5b2e308920f,1625681439384,13.4240913,52.4966988,0.19542968,0.028941274,0.16962385,0.023145676,in backpack,cyclo cross,False,mixed,mixed
c788515a-89a8-42a5-9546-82bc5a7be065,6e37b520-9504-45a4-b770-bfd8365b127e,a0487132-ffdf-4836-9ae9-b8509d696929,1625681439434,13.4240913,52.4966988,0.19542968,0.06790602,-0.07165694,0.13567924,in backpack,cyclo cross,False,mixed,mixed
c788515a-89a8-42a5-9546-82bc5a7be065,6e37b520-9504-45a4-b770-bfd8365b127e,b5c2c08e-bea5-4de6-aadb-3394222c91de,1625681439484,13.4240913,52.4966988,0.19542968,-0.024151146,-0.04991603,-0.09260082,in backpack,cyclo cross,False,mixed,mixed
c788515a-89a8-42a5-9546-82bc5a7be065,6e37b520-9504-45a4-b770-bfd8365b127e,35e84e0d-5523-4c94-b9cf-8d6f6f92fe69,1625681439534,13.4240913,52.4966988,0.19542968,-0.029156268,-0.07845664,-0.118587494,in backpack,cyclo cross,False,mixed,mixed
c788515a-89a8-42a5-9546-82bc5a7be065,6e37b520-9504-45a4-b770-bfd8365b127e,f6154c8e-b4ce-4335-8b96-48598879d0c3,1625681439584,13.4240913,52.4966988,0.19542968,0.02032876,-0.11329317,-0.09650898,in backpack,cyclo cross,False,mixed,mixed
c788515a-89a8-42a5-9546-82bc5a7be065,6e37b520-9504-45a4-b770-bfd8365b127e,58129a2f-be6e-4025-bc16-fba0d1ba1454,1625681439635,13.4240913,52.4966988,0.19542968,-0.034360588,-0.031625032,-0.11060238,in backpack,cyclo cross,False,mixed,mixed
c788515a-89a8-42a5-9546-82bc5a7be065,6e37b520-9504-45a4-b770-bfd8365b127e,561611ac-a63f-4ce0-9ded-32fdb2d146b4,1625681439685,13.4240913,52.4966988,0.19542968,-0.06257415,0.024080992,0.022096634,in backpack,cyclo cross,False,mixed,mixed
c788515a-89a8-42a5-9546-82bc5a7be065,6e37b520-9504-45a4-b770-bfd8365b127e,77f44103-9a91-4f89-a3d0-09b74ad6b451,1625681439736,13.4240913,52.4966988,0.19542968,-0.007134199,-0.017452717,0.1502428,in backpack,cyclo cross,False,mixed,mixed
c788515a-89a8-42a5-9546-82bc5a7be065,6e37b520-9504-45a4-b770-bfd8365b127e,44a2c934-68fe-41dc-ac01-6285f6399105,1625681439785,13.4240913,52.4966988,0.19542968,-0.0274328,0.022258282,-0.013770103,in backpack,cyclo cross,False,mixed,mixed
c788515a-89a8-42a5-9546-82bc5a7be065,6e37b520-9504-45a4-b770-bfd8365b127e,dec4c1df-f671-4873-a2cc-6a2d1a4e7d9a,1625681439835,13.4240913,52.4966988,0.19542968,0.033175766,0.014864206,0.07168388,in backpack,cyclo cross,False,mixed,mixed
c788515a-89a8-42a5-9546-82bc5a7be065,6e37b520-9504-45a4-b770-bfd8365b127e,845f0acb-6a76-4ef6-923e-c1df7453bfd9,1625681439885,13.4240913,52.4966988,0.19542968,-0.010102749,-0.0013670921,-0.14367104,in backpack,cyclo cross,False,mixed,mixed
c788515a-89a8-42a5-9546-82bc5a7be065,6e37b520-9504-45a4-b770-bfd8365b127e,085a8796-a018-4ac7-a96c-59124fa66cc6,1625681439936,13.4240913,52.4966988,0.19542968,-0.012205362,0.08695626,-0.027460098,in backpack,cyclo cross,False,mixed,mixed
c788515a-89a8-42a5-9546-82bc5a7be065,6e37b520-9504-45a4-b770-bfd8365b127e,52dbf2b0-baae-495e-957d-3a762a76184b,1625681439985,13.4240913,52.4966988,0.19542968,0.07985175,-0.15348673,0.17236042,in backpack,cyclo cross,False,mixed,mixed
c788515a-89a8-42a5-9546-82bc5a7be065,6e37b520-9504-45a4-b770-bfd8365b127e,f8798e6d-23c3-44bf-95ff-4bcf7be8accc,1625681440035,13.4240913,52.4966988,0.19542968,0.016871452,0.18779755,-0.10186386,in backpack,cyclo cross,False,mixed,mixed
c788515a-89a8-42a5-9546-82bc5a7be065,6e37b520-9504-45a4-b770-bfd8365b127e,ad28b339-207f-4cfb-ace1-1364f5fe59dd,1625681440085,13.4240913,52.4966988,0.19542968,-0.030602455,-0.04157996,-0.07709122,in backpack,cyclo cross,False,mixed,mixed
c788515a-89a8-42a5-9546-82bc5a7be065,6e37b520-9504-45a4-b770-bfd8365b127e,afd10e15-3830-4c7e-8606-535111bcc6ff,1625681440135,13.4240913,52.4966988,0.19542968,-0.041911244,0.030381203,-0.04711342,in backpack,cyclo cross,False,mixed,mixed
c788515a-89a8-42a5-9546-82bc5a7be065,6e37b520-9504-45a4-b770-bfd8365b127e,0411a1a2-4090-4a7f-a237-c0e3967d14bc,1625681440185,13.4240913,52.4966988,0.19542968,-0.0038226843,0.004156828,0.14227009,in backpack,cyclo cross,False,mixed,mixed
c788515a-89a8-42a5-9546-82bc5a7be065,6e37b520-9504-45a4-b770-bfd8365b127e,68af64d8-fafb-4210-aa85-af66dd7142c9,1625681440235,13.4240913,52.4966988,0.19542968,-0.029149055,-0.015070915,0.06703472,in backpack,cyclo cross,False,mixed,mixed
c788515a-89a8-42a5-9546-82bc5a7be065,6e37b520-9504-45a4-b770-bfd8365b127e,1c5998bd-f231-4bc3-a7b1-92a5fd0a3853,1625681440285,13.4240913,52.4966988,0.19542968,-0.022992194,-0.010318041,0.018659592,in backpack,cyclo cross,False,mixed,mixed
c788515a-89a8-42a5-9546-82bc5a7be065,6e37b520-9504-45a4-b770-bfd8365b127e,77350ed9-e6fd-490b-9a73-adb5bf6f6658,1625681440335,13.4240913,52.4966988,0.19542968,-0.0620991,0.01287818,-0.22983742,in backpack,cyclo cross,False,mixed,mixed
c788515a-89a8-42a5-9546-82bc5a7be065,6e37b520-9504-45a4-b770-bfd8365b127e,a5838a93-08e8-4387-9dc9-6fd86a4db4bd,1625681440385,13.4240951,52.4966965,0.18400018,0.03291446,-0.078065634,0.10817337,in backpack,cyclo cross,False,mixed,mixed
c788515a-89a8-42a5-9546-82bc5a7be065,6e37b520-9504-45a4-b770-bfd8365b127e,48ed2766-4dca-47d5-b210-d6e43be7a888,1625681440436,13.4240951,52.4966965,0.18400018,-0.07203221,0.0044367313,-0.08586311,in backpack,cyclo cross,False,mixed,mixed
c788515a-89a8-42a5-9546-82bc5a7be065,6e37b520-9504-45a4-b770-bfd8365b127e,e24fdcac-9868-4e13-80d0-2805f99986d3,1625681440501,13.4240951,52.4966965,0.18400018,0.084652245,-0.1143744,0.2626238,in backpack,cyclo cross,False,mixed,mixed
c788515a-89a8-42a5-9546-82bc5a7be065,6e37b520-9504-45a4-b770-bfd8365b127e,79415677-3b0f-4226-b0b1-7f709a7345b6,1625681440551,13.4240951,52.4966965,0.18400018,0.016939461,0.05410099,-0.004292488,in backpack,cyclo cross,False,mixed,mixed
c788515a-89a8-42a5-9546-82bc5a7be065,6e37b520-9504-45a4-b770-bfd8365b127e,cfcba4eb-5600-402d-91c5-dee3b5740069,1625681440601,13.4240951,52.4966965,0.18400018,0.021954894,0.10852647,-0.22031212,in backpack,cyclo cross,False,mixed,mixed
c788515a-89a8-42a5-9546-82bc5a7be065,6e37b520-9504-45a4-b770-bfd8365b127e,364d8518-6101-4212-a558-85f70579ec35,1625681440651,13.4240951,52.4966965,0.18400018,0.057206273,-0.00024437904,-0.017674446,in backpack,cyclo cross,False,mixed,mixed
c788515a-89a8-42a5-9546-82bc5a7be065,6e37b520-9504-45a4-b770-bfd8365b127e,d4ebc70c-ec14-41cc-a27c-0dc2130e89a6,1625681440702,13.4240951,52.4966965,0.18400018,0.011685073,0.0052444935,0.07150459,in backpack,cyclo cross,False,mixed,mixed
c788515a-89a8-42a5-9546-82bc5a7be065,6e37b520-9504-45a4-b770-bfd8365b127e,b3311052-9048-4130-b164-e5ec3f7e3ec8,1625681440752,13.4240951,52.4966965,0.18400018,-0.019116163,-0.0034656525,0.026640892,in backpack,cyclo cross,False,mixed,mixed
c788515a-89a8-42a5-9546-82bc5a7be065,6e37b520-9504-45a4-b770-bfd8365b127e,2df5b2eb-c84b-4ca7-aaad-19e5f8e801ae,1625681440803,13.4240951,52.4966965,0.18400018,-0.06709719,-0.0027279854,-0.14543915,in backpack,cyclo cross,False,mixed,mixed
c788515a-89a8-42a5-9546-82bc5a7be065,6e37b520-9504-45a4-b770-bfd8365b127e,f3510caf-080e-4add-bf18-1aed1f5857c0,1625681440852,13.4240951,52.4966965,0.18400018,-0.0046232343,0.00093340874,-0.047610283,in backpack,cyclo cross,False,mixed,mixed
c788515a-89a8-42a5-9546-82bc5a7be065,6e37b520-9504-45a4-b770-bfd8365b127e,5096b770-d187-49ab-972f-47414f7fb49f,1625681440902,13.4240951,52.4966965,0.18400018,-0.01988852,-0.016881943,0.117087364,in backpack,cyclo cross,False,mixed,mixed
c788515a-89a8-42a5-9546-82bc5a7be065,6e37b520-9504-45a4-b770-bfd8365b127e,e616e665-1008-40cf-9447-45d605dc0387,1625681440952,13.4240951,52.4966965,0.18400018,-0.059696555,-0.062812805,-0.03913498,in backpack,cyclo cross,False,mixed,mixed
c788515a-89a8-42a5-9546-82bc5a7be065,6e37b520-9504-45a4-b770-bfd8365b127e,ccfe2b1a-beb0-4b0b-8b4b-72d0b72a851f,1625681441003,13.4240951,52.4966965,0.18400018,0.024064302,0.08074546,0.0133600235,in backpack,cyclo cross,False,mixed,mixed
c788515a-89a8-42a5-9546-82bc5a7be065,6e37b520-9504-45a4-b770-bfd8365b127e,cf66e8d1-707b-4f2d-917a-7b285ad0c3c4,1625681441052,13.4240951,52.4966965,0.18400018,0.07834363,-0.1403606,0.19114494,in backpack,cyclo cross,False,mixed,mixed
c788515a-89a8-42a5-9546-82bc5a7be065,6e37b520-9504-45a4-b770-bfd8365b127e,e52c5b98-1298-4085-ab5e-05c9656c410e,1625681441103,13.4240951,52.4966965,0.18400018,-0.011407554,0.06379676,-0.05351734,in backpack,cyclo cross,False,mixed,mixed
c788515a-89a8-42a5-9546-82bc5a7be065,6e37b520-9504-45a4-b770-bfd8365b127e,dada8f0e-e799-4ca2-8116-7531ab0d914f,1625681441152,13.4240951,52.4966965,0.18400018,0.034718513,0.0546422,-0.08341503,in backpack,cyclo cross,False,mixed,mixed
c788515a-89a8-42a5-9546-82bc5a7be065,6e37b520-9504-45a4-b770-bfd8365b127e,08f77b20-d86f-41f2-8085-6254c3dfce58,1625681441203,13.4240951,52.4966965,0.18400018,0.033613324,0.05985427,0.05556202,in backpack,cyclo cross,False,mixed,mixed
c788515a-89a8-42a5-9546-82bc5a7be065,6e37b520-9504-45a4-b770-bfd8365b127e,1687d85d-aa00-46e9-bdf4-6d61604de0da,1625681441253,13.4240951,52.4966965,0.18400018,-0.0009045601,-0.00948,0.08972645,in backpack,cyclo cross,False,mixed,mixed
c788515a-89a8-42a5-9546-82bc5a7be065,6e37b520-9504-45a4-b770-bfd8365b127e,7a197f70-1796-4df4-8f31-8ddf34335d2d,1625681441304,13.4240951,52.4966965,0.18400018,-0.056787014,-0.052889585,-0.06340122,in backpack,cyclo cross,False,mixed,mixed
c788515a-89a8-42a5-9546-82bc5a7be065,6e37b520-9504-45a4-b770-bfd8365b127e,347736ab-bd31-4055-af27-760cc9a5f3d8,1625681441354,13.4240951,52.4966965,0.18400018,-0.022105038,-0.037848234,0.0437603,in backpack,cyclo cross,False,mixed,mixed
c788515a-89a8-42a5-9546-82bc5a7be065,6e37b520-9504-45a4-b770-bfd8365b127e,9c3169eb-3f0b-447b-95e3-c884a5e5c162,1625681441404,13.4240982,52.4966953,0.18330213,-0.01995945,-0.04659295,-0.02651596,in backpack,cyclo cross,False,mixed,mixed
c788515a-89a8-42a5-9546-82bc5a7be065,6e37b520-9504-45a4-b770-bfd8365b127e,3c567146-b14b-4a13-884f-078e83bffda6,1625681441455,13.4240982,52.4966953,0.18330213,-0.022755325,0.01695323,-0.01913166,in backpack,cyclo cross,False,mixed,mixed
c788515a-89a8-42a5-9546-82bc5a7be065,6e37b520-9504-45a4-b770-bfd8365b127e,29b5aa1b-5deb-42a2-ad27-26dfddedc089,1625681441505,13.4240982,52.4966953,0.18330213,-0.042072058,-0.010703325,-0.13808918,in backpack,cyclo cross,False,mixed,mixed
c788515a-89a8-42a5-9546-82bc5a7be065,6e37b520-9504-45a4-b770-bfd8365b127e,653e9549-7182-4204-912a-2093b3d47b90,1625681441554,13.4240982,52.4966953,0.18330213,0.06693506,0.08263588,0.15329647,in backpack,cyclo cross,False,mixed,mixed
c788515a-89a8-42a5-9546-82bc5a7be065,6e37b520-9504-45a4-b770-bfd8365b127e,4fd5d62b-4a25-4085-a116-55febd2abae8,1625681441605,13.4240982,52.4966953,0.18330213,0.0565418,-0.10023785,0.09747505,in backpack,cyclo cross,False,mixed,mixed
c788515a-89a8-42a5-9546-82bc5a7be065,6e37b520-9504-45a4-b770-bfd8365b127e,7ac97112-9962-48b0-a89b-9199dcc6b8ac,1625681441656,13.4240982,52.4966953,0.18330213,0.023027122,0.23232532,-0.113126755,in backpack,cyclo cross,False,mixed,mixed
c788515a-89a8-42a5-9546-82bc5a7be065,6e37b520-9504-45a4-b770-bfd8365b127e,2845b8d5-f8e2-4124-835e-5c553774d46a,1625681441706,13.4240982,52.4966953,0.18330213,0.010456383,0.020506144,-0.22363949,in backpack,cyclo cross,False,mixed,mixed
c788515a-89a8-42a5-9546-82bc5a7be065,6e37b520-9504-45a4-b770-bfd8365b127e,49e122e1-0a66-470e-8689-fa2614b0b716,1625681441757,13.4240982,52.4966953,0.18330213,-0.0067251325,0.04048896,-0.05818367,in backpack,cyclo cross,False,mixed,mixed
c788515a-89a8-42a5-9546-82bc5a7be065,6e37b520-9504-45a4-b770-bfd8365b127e,f54db5ec-8420-428a-9aa4-0c1480a60491,1625681441807,13.4240982,52.4966953,0.18330213,-0.07233828,-0.079594135,0.050973892,in backpack,cyclo cross,False,mixed,mixed
c788515a-89a8-42a5-9546-82bc5a7be065,6e37b520-9504-45a4-b770-bfd8365b127e,c2382723-72ba-45f3-9601-7f360352da1c,1625681441857,13.4240982,52.4966953,0.18330213,-0.10308015,0.023025036,-0.06097889,in backpack,cyclo cross,False,mixed,mixed
c788515a-89a8-42a5-9546-82bc5a7be065,6e37b520-9504-45a4-b770-bfd8365b127e,a061c8c7-792f-40bb-8f84-119bd7c6e4ef,1625681441907,13.4240982,52.4966953,0.18330213,0.03575754,-0.033107042,0.20082569,in backpack,cyclo cross,False,mixed,mixed
c788515a-89a8-42a5-9546-82bc5a7be065,6e37b520-9504-45a4-b770-bfd8365b127e,e9778819-4529-4950-967b-ce6c603e5e0b,1625681441957,13.4240982,52.4966953,0.18330213,-0.042936504,0.045283318,-0.019824028,in backpack,cyclo cross,False,mixed,mixed
c788515a-89a8-42a5-9546-82bc5a7be065,6e37b520-9504-45a4-b770-bfd8365b127e,0065c8f0-67b9-4009-9707-299664933a41,1625681442007,13.4240982,52.4966953,0.18330213,-0.0032798052,-0.048493624,0.08704281,in backpack,cyclo cross,False,mixed,mixed
c788515a-89a8-42a5-9546-82bc5a7be065,6e37b520-9504-45a4-b770-bfd8365b127e,5156aa2e-9a2f-47e4-ba02-a80905866e1e,1625681442057,13.4240982,52.4966953,0.18330213,-0.05565983,-0.026201725,-0.17056274,in backpack,cyclo cross,False,mixed,mixed
c788515a-89a8-42a5-9546-82bc5a7be065,6e37b520-9504-45a4-b770-bfd8365b127e,cdcfcd5c-2516-427e-acfb-517e4200fc18,1625681442107,13.4240982,52.4966953,0.18330213,0.052914202,-0.10609436,0.19480705,in backpack,cyclo cross,False,mixed,mixed
c788515a-89a8-42a5-9546-82bc5a7be065,6e37b520-9504-45a4-b770-bfd8365b127e,93331fc6-627c-4671-b365-48b3a32dd621,1625681442157,13.4240982,52.4966953,0.18330213,-0.04608476,-0.12028217,-0.14056206,in backpack,cyclo cross,False,mixed,mixed
c788515a-89a8-42a5-9546-82bc5a7be065,6e37b520-9504-45a4-b770-bfd8365b127e,43624c9a-f660-407f-a621-9388a03f49df,1625681442207,13.4240982,52.4966953,0.18330213,0.013032675,-0.16461658,0.061491013,in backpack,cyclo cross,False,mixed,mixed
c788515a-89a8-42a5-9546-82bc5a7be065,6e37b520-9504-45a4-b770-bfd8365b127e,f92387e4-98f2-443c-8d54-08bb81173b28,1625681442257,13.4240982,52.4966953,0.18330213,0.034435093,-0.012938023,-0.11921883,in backpack,cyclo cross,False,mixed,mixed
c788515a-89a8-42a5-9546-82bc5a7be065,6e37b520-9504-45a4-b770-bfd8365b127e,ad76114c-2dab-4df9-9fe3-7296015aca90,1625681442307,13.4240982,52.4966953,0.18330213,0.03134185,0.11286831,-0.05761528,in backpack,cyclo cross,False,mixed,mixed
c788515a-89a8-42a5-9546-82bc5a7be065,6e37b520-9504-45a4-b770-bfd8365b127e,df008818-b038-4c51-9344-2bb7578d5a9d,1625681442357,13.4240982,52.4966953,0.18330213,0.09798175,0.000923872,0.11634922,in backpack,cyclo cross,False,mixed,mixed
c788515a-89a8-42a5-9546-82bc5a7be065,6e37b520-9504-45a4-b770-bfd8365b127e,adcdf438-d7c0-4e9a-b752-8ad27bce7ed0,1625681442406,13.4241033,52.496691,0.20551056,0.007805288,0.051597834,-0.03993702,in backpack,cyclo cross,False,mixed,mixed
c788515a-89a8-42a5-9546-82bc5a7be065,6e37b520-9504-45a4-b770-bfd8365b127e,2b8509d5-4dc5-42f0-afe1-78d9e67a5775,1625681442457,13.4241033,52.496691,0.20551056,0.04338491,-0.037830353,0.114622116,in backpack,cyclo cross,False,mixed,mixed
c788515a-89a8-42a5-9546-82bc5a7be065,6e37b520-9504-45a4-b770-bfd8365b127e,3ab2d999-4548-43e7-b158-f26177d137a3,1625681442506,13.4241033,52.496691,0.20551056,-0.037546933,0.05020213,-0.021744728,in backpack,cyclo cross,False,mixed,mixed
c788515a-89a8-42a5-9546-82bc5a7be065,6e37b520-9504-45a4-b770-bfd8365b127e,d65e7130-4ce2-4904-b8e2-432f8272f842,1625681442557,13.4241033,52.496691,0.20551056,-0.0027506948,-0.15241265,0.067316055,in backpack,cyclo cross,False,mixed,mixed
c788515a-89a8-42a5-9546-82bc5a7be065,6e37b520-9504-45a4-b770-bfd8365b127e,28067e85-b4ae-4f68-99fd-2da548f301bd,1625681442606,13.4241033,52.496691,0.20551056,-0.12234056,0.113942385,-0.24281502,in backpack,cyclo cross,False,mixed,mixed
c788515a-89a8-42a5-9546-82bc5a7be065,6e37b520-9504-45a4-b770-bfd8365b127e,a5dcd0cc-72b4-48b9-8d58-495daecd119c,1625681442669,13.4241033,52.496691,0.20551056,0.018770576,-0.15741467,0.22382832,in backpack,cyclo cross,False,mixed,mixed
c788515a-89a8-42a5-9546-82bc5a7be065,6e37b520-9504-45a4-b770-bfd8365b127e,cbef3e3b-8b6a-4420-b801-2c1149806b19,1625681442721,13.4241033,52.496691,0.20551056,-0.094604075,0.0065205097,-0.042533875,in backpack,cyclo cross,False,mixed,mixed
c788515a-89a8-42a5-9546-82bc5a7be065,6e37b520-9504-45a4-b770-bfd8365b127e,94d68042-d525-40b3-bec2-0cca01557873,1625681442771,13.4241033,52.496691,0.20551056,-0.029796422,0.010416031,-0.001364708,in backpack,cyclo cross,False,mixed,mixed
c788515a-89a8-42a5-9546-82bc5a7be065,6e37b520-9504-45a4-b770-bfd8365b127e,711e009d-910a-40de-82bd-2a1938dcb22b,1625681442821,13.4241033,52.496691,0.20551056,-0.020987272,-0.0045363903,0.057231903,in backpack,cyclo cross,False,mixed,mixed
c788515a-89a8-42a5-9546-82bc5a7be065,6e37b520-9504-45a4-b770-bfd8365b127e,67d9026e-e9d2-467e-9fd5-f3b93c4292a5,1625681442871,13.4241033,52.496691,0.20551056,-0.013662696,-0.06777215,-0.04110241,in backpack,cyclo cross,False,mixed,mixed
c788515a-89a8-42a5-9546-82bc5a7be065,6e37b520-9504-45a4-b770-bfd8365b127e,5b8ee13b-794b-4f7b-9417-5f36fbca0b89,1625681442921,13.4241033,52.496691,0.20551056,-0.0029720068,-0.014544725,0.087973595,in backpack,cyclo cross,False,mixed,mixed
c788515a-89a8-42a5-9546-82bc5a7be065,6e37b520-9504-45a4-b770-bfd8365b127e,04eb531a-347b-46b8-a9bb-bc5fd89b5689,1625681442971,13.4241033,52.496691,0.20551056,-0.0009495616,-0.042354345,-0.009777069,in backpack,cyclo cross,False,mixed,mixed
c788515a-89a8-42a5-9546-82bc5a7be065,6e37b520-9504-45a4-b770-bfd8365b127e,34f43766-f137-4ff1-a17c-7d8381178635,1625681443023,13.4241033,52.496691,0.20551056,0.040755212,-0.052974224,-0.06188965,in backpack,cyclo cross,False,mixed,mixed
c788515a-89a8-42a5-9546-82bc5a7be065,6e37b520-9504-45a4-b770-bfd8365b127e,5b95e018-78a9-43be-9504-4a4d26350fd4,1625681443072,13.4241033,52.496691,0.20551056,0.049066603,-0.0027871132,-0.055355072,in backpack,cyclo cross,False,mixed,mixed
c788515a-89a8-42a5-9546-82bc5a7be065,6e37b520-9504-45a4-b770-bfd8365b127e,cb9c665b-e617-4851-bdbd-a4855f09cb12,1625681443122,13.4241033,52.496691,0.20551056,0.037457943,-0.06328416,-0.036875725,in backpack,cyclo cross,False,mixed,mixed
c788515a-89a8-42a5-9546-82bc5a7be065,6e37b520-9504-45a4-b770-bfd8365b127e,900f58d8-43ca-4e17-8d60-7e1f002c7fe8,1625681443172,13.4241033,52.496691,0.20551056,-0.0481084,0.10187483,-0.19867992,in backpack,cyclo cross,False,mixed,mixed
c788515a-89a8-42a5-9546-82bc5a7be065,6e37b520-9504-45a4-b770-bfd8365b127e,c43ea04b-582d-4922-8d10-190f9e41a8dd,1625681443222,13.4241033,52.496691,0.20551056,0.040600955,-0.20235038,0.29875755,in backpack,cyclo cross,False,mixed,mixed
c788515a-89a8-42a5-9546-82bc5a7be065,6e37b520-9504-45a4-b770-bfd8365b127e,e8ea49d2-5379-4d22-b1e2-2161ffe4977c,1625681443272,13.4241033,52.496691,0.20551056,0.012091041,0.024112701,0.07905483,in backpack,cyclo cross,False,mixed,mixed
c788515a-89a8-42a5-9546-82bc5a7be065,6e37b520-9504-45a4-b770-bfd8365b127e,1452fa8d-ab2f-4cca-9259-b8d117e06070,1625681443323,13.4241033,52.496691,0.20551056,0.019506872,0.02173996,-0.10393143,in backpack,cyclo cross,False,mixed,mixed
c788515a-89a8-42a5-9546-82bc5a7be065,6e37b520-9504-45a4-b770-bfd8365b127e,311a0bd5-0294-4583-bb86-25a4b5b4d72f,1625681443372,13.424106,52.4966873,0.21709928,0.04865229,0.10530162,-0.1311369,in backpack,cyclo cross,False,mixed,mixed
c788515a-89a8-42a5-9546-82bc5a7be065,6e37b520-9504-45a4-b770-bfd8365b127e,1f2504a2-8746-4ba5-ad7c-9d3fabc23dc0,1625681443422,13.424106,52.4966873,0.21709928,0.038919806,0.0054740906,0.029453278,in backpack,cyclo cross,False,mixed,mixed
c788515a-89a8-42a5-9546-82bc5a7be065,6e37b520-9504-45a4-b770-bfd8365b127e,ae523ae7-4bd8-4861-a0fa-6a68785ad51e,1625681443472,13.424106,52.4966873,0.21709928,-0.052105248,-0.016959906,0.04595852,in backpack,cyclo cross,False,mixed,mixed
c788515a-89a8-42a5-9546-82bc5a7be065,6e37b520-9504-45a4-b770-bfd8365b127e,60f12213-edd2-4530-a07a-876ad939a74d,1625681443523,13.424106,52.4966873,0.21709928,-0.039632857,0.013375282,-0.007163048,in backpack,cyclo cross,False,mixed,mixed
c788515a-89a8-42a5-9546-82bc5a7be065,6e37b520-9504-45a4-b770-bfd8365b127e,084af20a-f21a-4104-93c7-0b175d758949,1625681443573,13.424106,52.4966873,0.21709928,-0.044374168,-0.009467602,-0.0043497086,in backpack,cyclo cross,False,mixed,mixed
c788515a-89a8-42a5-9546-82bc5a7be065,6e37b520-9504-45a4-b770-bfd8365b127e,7a93c674-4a87-4045-9acc-0bc4d39c1fff,1625681443622,13.424106,52.4966873,0.21709928,-0.035209775,-0.09900594,0.08818817,in backpack,cyclo cross,False,mixed,mixed
