bike_activity_uid,bike_activity_sample_uid,bike_activity_measurement,bike_activity_measurement_timestamp,bike_activity_measurement_lon,bike_activity_measurement_lat,bike_activity_measurement_speed,bike_activity_measurement_accelerometer_x,bike_activity_measurement_accelerometer_y,bike_activity_measurement_accelerometer_z,bike_activity_phone_position,bike_activity_bike_type,bike_activity_flagged_lab_conditions,bike_activity_surface_type,bike_activity_smoothness_type
cda86829-42ad-4860-974d-351d9b13e3af,5f8c3bc3-83d4-40fe-80a0-984d3b254eab,378ac83e-7226-4bf2-8467-b035731abf58,1633159558798,13.7068127,52.4338671,6.6019926,-0.23939858,0.29439092,-2.1994743,on bike mount,cyclo cross,True,asphalt,excellent
cda86829-42ad-4860-974d-351d9b13e3af,5f8c3bc3-83d4-40fe-80a0-984d3b254eab,64e0a685-d528-4c16-b02b-47849d6cee54,1633159558848,13.7068127,52.4338671,6.6019926,1.0730305,-0.009501934,1.9620619,on bike mount,cyclo cross,True,asphalt,excellent
cda86829-42ad-4860-974d-351d9b13e3af,5f8c3bc3-83d4-40fe-80a0-984d3b254eab,27607b0d-0249-4c7c-8581-eb40e86667e0,1633159558898,13.7068127,52.4338671,6.6019926,-0.44272557,0.020618439,-0.121323586,on bike mount,cyclo cross,True,asphalt,excellent
cda86829-42ad-4860-974d-351d9b13e3af,5f8c3bc3-83d4-40fe-80a0-984d3b254eab,102b8cb4-09e0-46fc-b9c5-43760faa2eb5,1633159558949,13.7068127,52.4338671,6.6019926,-0.30493504,0.6910343,-0.8576021,on bike mount,cyclo cross,True,asphalt,excellent
cda86829-42ad-4860-974d-351d9b13e3af,5f8c3bc3-83d4-40fe-80a0-984d3b254eab,46ec5aac-a909-4082-b9cb-956dc4f64965,1633159559015,13.7068127,52.4338671,6.6019926,-0.040029436,-2.2876368,-0.5641546,on bike mount,cyclo cross,True,asphalt,excellent
cda86829-42ad-4860-974d-351d9b13e3af,5f8c3bc3-83d4-40fe-80a0-984d3b254eab,9a77f566-0291-4cd7-97c2-61d0fd1d8701,1633159559065,13.7068127,52.4338671,6.6019926,0.43034694,-1.1795416,0.39836693,on bike mount,cyclo cross,True,asphalt,excellent
cda86829-42ad-4860-974d-351d9b13e3af,5f8c3bc3-83d4-40fe-80a0-984d3b254eab,0ce09609-e8c1-4344-9b07-efd932aeaf84,1633159559115,13.7068127,52.4338671,6.6019926,-0.75372446,-1.5601016,1.7300491,on bike mount,cyclo cross,True,asphalt,excellent
cda86829-42ad-4860-974d-351d9b13e3af,5f8c3bc3-83d4-40fe-80a0-984d3b254eab,ab3b3e59-c9b0-426b-8bd7-036fe5a24df6,1633159559166,13.7068127,52.4338671,6.6019926,-0.13559574,1.0885019,-0.04852867,on bike mount,cyclo cross,True,asphalt,excellent
cda86829-42ad-4860-974d-351d9b13e3af,5f8c3bc3-83d4-40fe-80a0-984d3b254eab,7f236ab3-aeb0-4611-8fcf-33e99540a750,1633159559216,13.7068127,52.4338671,6.6019926,-0.47537085,-0.8106477,-2.215393,on bike mount,cyclo cross,True,asphalt,excellent
cda86829-42ad-4860-974d-351d9b13e3af,5f8c3bc3-83d4-40fe-80a0-984d3b254eab,32e7dbe1-cbc5-4b10-9205-cafc5a66410e,1633159559282,13.7068127,52.4338671,6.6019926,-0.42140448,-0.68435407,-0.2503252,on bike mount,cyclo cross,True,asphalt,excellent
cda86829-42ad-4860-974d-351d9b13e3af,5f8c3bc3-83d4-40fe-80a0-984d3b254eab,718d30d9-47b0-4796-b559-cfd13b508043,1633159559332,13.7068127,52.4338671,6.6019926,-0.83364177,2.6543555,-0.51200676,on bike mount,cyclo cross,True,asphalt,excellent
cda86829-42ad-4860-974d-351d9b13e3af,5f8c3bc3-83d4-40fe-80a0-984d3b254eab,914189a6-a34b-459e-b3cb-10e8157818b8,1633159559383,13.7068127,52.4338671,6.6019926,1.0917094,-0.8707299,2.5023193,on bike mount,cyclo cross,True,asphalt,excellent
cda86829-42ad-4860-974d-351d9b13e3af,5f8c3bc3-83d4-40fe-80a0-984d3b254eab,cc3c16e1-af3b-437b-af4c-ae5216da25cb,1633159559433,13.7068127,52.4338671,6.6019926,0.4428978,-1.4215168,2.6507072,on bike mount,cyclo cross,True,asphalt,excellent
cda86829-42ad-4860-974d-351d9b13e3af,5f8c3bc3-83d4-40fe-80a0-984d3b254eab,4cf0b3da-8a6c-4bfa-915b-b686c23eb4d1,1633159559483,13.7068127,52.4338671,6.6019926,-0.8669734,0.21824265,-0.98817635,on bike mount,cyclo cross,True,asphalt,excellent
cda86829-42ad-4860-974d-351d9b13e3af,5f8c3bc3-83d4-40fe-80a0-984d3b254eab,050be172-b6f1-478f-9090-b91516d8d374,1633159559533,13.7068127,52.4338671,6.6019926,-0.37529075,0.696337,-1.4271903,on bike mount,cyclo cross,True,asphalt,excellent
cda86829-42ad-4860-974d-351d9b13e3af,5f8c3bc3-83d4-40fe-80a0-984d3b254eab,9c1ff60e-0874-4c98-adee-5d80dc2337b2,1633159559584,13.7068127,52.4338671,6.6019926,-0.2797732,1.328804,-1.4944587,on bike mount,cyclo cross,True,asphalt,excellent
cda86829-42ad-4860-974d-351d9b13e3af,5f8c3bc3-83d4-40fe-80a0-984d3b254eab,0eb62cf1-8e67-4bf9-b6a0-213b0562f36f,1633159559636,13.7069004,52.4338438,6.621013,-1.4436054,6.1728983,-4.697329,on bike mount,cyclo cross,True,asphalt,excellent
cda86829-42ad-4860-974d-351d9b13e3af,5f8c3bc3-83d4-40fe-80a0-984d3b254eab,bb9b373f-ee15-48af-82af-a05f35cfe9d1,1633159559700,13.7069004,52.4338438,6.621013,-0.26010987,3.7509484,2.759801,on bike mount,cyclo cross,True,asphalt,excellent
cda86829-42ad-4860-974d-351d9b13e3af,5f8c3bc3-83d4-40fe-80a0-984d3b254eab,c9f22a61-81a0-42c5-bc65-782dfc3c0615,1633159559751,13.7069004,52.4338438,6.621013,-0.45057693,-3.121942,5.999811,on bike mount,cyclo cross,True,asphalt,excellent
cda86829-42ad-4860-974d-351d9b13e3af,5f8c3bc3-83d4-40fe-80a0-984d3b254eab,f6cf2176-a492-41fc-89e4-8e4834ad5110,1633159559802,13.7069004,52.4338438,6.621013,-1.4141599,16.52561,-3.5239623,on bike mount,cyclo cross,True,asphalt,excellent
cda86829-42ad-4860-974d-351d9b13e3af,5f8c3bc3-83d4-40fe-80a0-984d3b254eab,2f11aa96-7a10-4fc4-8ff9-6c69c3027435,1633159559867,13.7069004,52.4338438,6.621013,-2.40725,-2.0046856,-0.24134159,on bike mount,cyclo cross,True,asphalt,excellent
cda86829-42ad-4860-974d-351d9b13e3af,5f8c3bc3-83d4-40fe-80a0-984d3b254eab,4d162dc8-bac6-463c-9393-4669788f8097,1633159559918,13.7069004,52.4338438,6.621013,1.4438663,-0.9056308,3.803461,on bike mount,cyclo cross,True,asphalt,excellent
cda86829-42ad-4860-974d-351d9b13e3af,5f8c3bc3-83d4-40fe-80a0-984d3b254eab,fdae5d90-8e0d-4a01-89ca-9e34838c14d9,1633159559969,13.7069004,52.4338438,6.621013,0.46350753,9.2137575,-3.683505,on bike mount,cyclo cross,True,asphalt,excellent
cda86829-42ad-4860-974d-351d9b13e3af,5f8c3bc3-83d4-40fe-80a0-984d3b254eab,ce94dad2-6dfa-47b7-9fea-6795de44cb39,1633159560019,13.7069004,52.4338438,6.621013,-0.34493807,0.42162013,-0.26930046,on bike mount,cyclo cross,True,asphalt,excellent
cda86829-42ad-4860-974d-351d9b13e3af,5f8c3bc3-83d4-40fe-80a0-984d3b254eab,29f092f1-0188-44ba-b4b2-34f31da87798,1633159560084,13.7069004,52.4338438,6.621013,-0.6343806,2.9232044,-0.027435303,on bike mount,cyclo cross,True,asphalt,excellent
cda86829-42ad-4860-974d-351d9b13e3af,5f8c3bc3-83d4-40fe-80a0-984d3b254eab,c535ed88-1a21-4dd8-9a59-6fb7ad71924b,1633159560136,13.7069004,52.4338438,6.621013,-1.3749139,-1.8037057,0.16172409,on bike mount,cyclo cross,True,asphalt,excellent
cda86829-42ad-4860-974d-351d9b13e3af,5f8c3bc3-83d4-40fe-80a0-984d3b254eab,85a0cf3c-edaf-45d6-8b5b-7ed477dcf90c,1633159560201,13.7069004,52.4338438,6.621013,-0.082105935,2.8975282,0.91088676,on bike mount,cyclo cross,True,asphalt,excellent
cda86829-42ad-4860-974d-351d9b13e3af,5f8c3bc3-83d4-40fe-80a0-984d3b254eab,71fb0dd3-860c-4c08-acf3-5275ff198a11,1633159560252,13.7069004,52.4338438,6.621013,1.7121873,0.9829962,0.87360954,on bike mount,cyclo cross,True,asphalt,excellent
cda86829-42ad-4860-974d-351d9b13e3af,5f8c3bc3-83d4-40fe-80a0-984d3b254eab,586d447c-1686-4f25-a115-bdc3be62a5fa,1633159560303,13.7069004,52.4338438,6.621013,-0.6652253,-0.7878494,3.4411364,on bike mount,cyclo cross,True,asphalt,excellent
cda86829-42ad-4860-974d-351d9b13e3af,5f8c3bc3-83d4-40fe-80a0-984d3b254eab,a1a4518f-1e26-45ed-a223-6744f8c910dc,1633159560353,13.7069004,52.4338438,6.621013,0.46200284,-0.64749646,-2.3705173,on bike mount,cyclo cross,True,asphalt,excellent
cda86829-42ad-4860-974d-351d9b13e3af,5f8c3bc3-83d4-40fe-80a0-984d3b254eab,988eb4cd-ffcd-4265-8d06-421f5aad1f87,1633159560403,13.7069004,52.4338438,6.621013,1.8902488,0.7310238,-0.7741537,on bike mount,cyclo cross,True,asphalt,excellent
cda86829-42ad-4860-974d-351d9b13e3af,5f8c3bc3-83d4-40fe-80a0-984d3b254eab,2d531ec2-9ba7-470d-962c-d6399edc0e71,1633159560453,13.7069004,52.4338438,6.621013,0.32644102,0.82848716,0.6920452,on bike mount,cyclo cross,True,asphalt,excellent
cda86829-42ad-4860-974d-351d9b13e3af,5f8c3bc3-83d4-40fe-80a0-984d3b254eab,90577af2-7a42-48a6-96e5-ebd9e35b0878,1633159560503,13.7069004,52.4338438,6.621013,-1.7090158,-1.3365375,1.6753674,on bike mount,cyclo cross,True,asphalt,excellent
cda86829-42ad-4860-974d-351d9b13e3af,5f8c3bc3-83d4-40fe-80a0-984d3b254eab,26c31312-a35e-4b6e-a75c-bd97720cbfd4,1633159560553,13.7069004,52.4338438,6.621013,0.2551259,2.427102,-2.9787211,on bike mount,cyclo cross,True,asphalt,excellent
cda86829-42ad-4860-974d-351d9b13e3af,5f8c3bc3-83d4-40fe-80a0-984d3b254eab,32a1cd3e-aef0-4e22-8449-54d3fa12296b,1633159560604,13.7069004,52.4338438,6.621013,-0.6120697,1.3169146,3.012455,on bike mount,cyclo cross,True,asphalt,excellent
cda86829-42ad-4860-974d-351d9b13e3af,5f8c3bc3-83d4-40fe-80a0-984d3b254eab,2deb67ec-1ee7-4792-9754-ed0aefd7bbd0,1633159560654,13.7069904,52.4338167,6.667006,-1.122001,0.5429187,1.0620852,on bike mount,cyclo cross,True,asphalt,excellent
cda86829-42ad-4860-974d-351d9b13e3af,5f8c3bc3-83d4-40fe-80a0-984d3b254eab,56a2b3ec-2d3e-4c49-9360-2390ddf312a2,1633159560721,13.7069904,52.4338167,6.667006,0.3368466,-0.05481434,-0.28103828,on bike mount,cyclo cross,True,asphalt,excellent
cda86829-42ad-4860-974d-351d9b13e3af,5f8c3bc3-83d4-40fe-80a0-984d3b254eab,571c553b-173b-4b99-a924-7247bb812180,1633159560786,13.7069904,52.4338167,6.667006,-0.9423576,-0.43490148,-0.5124712,on bike mount,cyclo cross,True,asphalt,excellent
cda86829-42ad-4860-974d-351d9b13e3af,5f8c3bc3-83d4-40fe-80a0-984d3b254eab,57d6d87b-6718-4e58-85e4-81e802672a58,1633159560836,13.7069904,52.4338167,6.667006,1.2005774,-1.3467016,1.102745,on bike mount,cyclo cross,True,asphalt,excellent
cda86829-42ad-4860-974d-351d9b13e3af,5f8c3bc3-83d4-40fe-80a0-984d3b254eab,799ee093-c9c5-4911-ba84-7a33dabaea54,1633159560887,13.7069904,52.4338167,6.667006,0.16605116,-0.2679665,-0.9847708,on bike mount,cyclo cross,True,asphalt,excellent
cda86829-42ad-4860-974d-351d9b13e3af,5f8c3bc3-83d4-40fe-80a0-984d3b254eab,64ab22df-fbc4-4ad8-86ae-35118a05e7b1,1633159560938,13.7069904,52.4338167,6.667006,0.21438777,3.2472892,-1.869863,on bike mount,cyclo cross,True,asphalt,excellent
cda86829-42ad-4860-974d-351d9b13e3af,5f8c3bc3-83d4-40fe-80a0-984d3b254eab,e77c610a-59db-4119-9fac-a4963fc0273f,1633159560987,13.7069904,52.4338167,6.667006,0.11413568,2.098464,4.443862,on bike mount,cyclo cross,True,asphalt,excellent
cda86829-42ad-4860-974d-351d9b13e3af,5f8c3bc3-83d4-40fe-80a0-984d3b254eab,a592422f-df76-439f-9c82-4a4d7ec741b6,1633159561037,13.7069904,52.4338167,6.667006,1.6417807,-0.8872535,0.95864964,on bike mount,cyclo cross,True,asphalt,excellent
cda86829-42ad-4860-974d-351d9b13e3af,5f8c3bc3-83d4-40fe-80a0-984d3b254eab,d1dcd1e4-5689-4e1b-94ab-f9958e3709d6,1633159561088,13.7069904,52.4338167,6.667006,-0.03823492,0.8974323,-2.792973,on bike mount,cyclo cross,True,asphalt,excellent
cda86829-42ad-4860-974d-351d9b13e3af,5f8c3bc3-83d4-40fe-80a0-984d3b254eab,982864e1-579c-46a9-adee-3ed2cf0078f4,1633159561138,13.7069904,52.4338167,6.667006,-1.3856332,1.4025745,-1.9278088,on bike mount,cyclo cross,True,asphalt,excellent
cda86829-42ad-4860-974d-351d9b13e3af,5f8c3bc3-83d4-40fe-80a0-984d3b254eab,73b7ad75-27e4-4ef8-8b81-539ff6bad1c9,1633159561189,13.7069904,52.4338167,6.667006,0.45736355,-1.1331446,0.5034647,on bike mount,cyclo cross,True,asphalt,excellent
cda86829-42ad-4860-974d-351d9b13e3af,5f8c3bc3-83d4-40fe-80a0-984d3b254eab,780ebdb8-1e7e-45de-ac8d-c28dfa570bd3,1633159561255,13.7069904,52.4338167,6.667006,-0.30887762,2.8532581,-0.4449625,on bike mount,cyclo cross,True,asphalt,excellent
cda86829-42ad-4860-974d-351d9b13e3af,5f8c3bc3-83d4-40fe-80a0-984d3b254eab,04639353-4887-4f2b-aa7c-6ed2d353a895,1633159561306,13.7069904,52.4338167,6.667006,0.13963363,-4.2689767,1.4494877,on bike mount,cyclo cross,True,asphalt,excellent
cda86829-42ad-4860-974d-351d9b13e3af,5f8c3bc3-83d4-40fe-80a0-984d3b254eab,3754a430-ebcf-40bc-b9c8-f523d1bcf014,1633159561371,13.7069904,52.4338167,6.667006,-0.8857058,2.0063353,-1.8504176,on bike mount,cyclo cross,True,asphalt,excellent
cda86829-42ad-4860-974d-351d9b13e3af,5f8c3bc3-83d4-40fe-80a0-984d3b254eab,fe4b616d-c1ab-4993-a35a-93d324bda47a,1633159561421,13.7069904,52.4338167,6.667006,0.87509096,-5.419447,6.099925,on bike mount,cyclo cross,True,asphalt,excellent
cda86829-42ad-4860-974d-351d9b13e3af,5f8c3bc3-83d4-40fe-80a0-984d3b254eab,51852065-da27-45bb-bc31-50c2d2712006,1633159561471,13.7069904,52.4338167,6.667006,-1.2127049,3.915,-5.3605456,on bike mount,cyclo cross,True,asphalt,excellent
cda86829-42ad-4860-974d-351d9b13e3af,5f8c3bc3-83d4-40fe-80a0-984d3b254eab,a6e90be9-6d85-42da-ae1b-d9da4314dfbf,1633159561522,13.7069904,52.4338167,6.667006,0.62388253,0.72313404,6.521612,on bike mount,cyclo cross,True,asphalt,excellent
cda86829-42ad-4860-974d-351d9b13e3af,5f8c3bc3-83d4-40fe-80a0-984d3b254eab,be83d838-bd94-42a4-896a-a592966a0886,1633159561573,13.7069904,52.4338167,6.667006,0.9620931,-0.37963605,7.5810947,on bike mount,cyclo cross,True,asphalt,excellent
cda86829-42ad-4860-974d-351d9b13e3af,5f8c3bc3-83d4-40fe-80a0-984d3b254eab,eee39fb5-9d2f-4ab7-9f9d-e02bef507a3f,1633159561627,13.7070836,52.4337905,6.7073026,-0.6702603,-2.1691847,-4.262889,on bike mount,cyclo cross,True,asphalt,excellent
cda86829-42ad-4860-974d-351d9b13e3af,5f8c3bc3-83d4-40fe-80a0-984d3b254eab,54e49bb3-ae4d-4d39-b83d-5b6f476a49fc,1633159561690,13.7070836,52.4337905,6.7073026,-0.7683073,4.1719747,-1.0711837,on bike mount,cyclo cross,True,asphalt,excellent
cda86829-42ad-4860-974d-351d9b13e3af,5f8c3bc3-83d4-40fe-80a0-984d3b254eab,759d8971-3cd5-4cb8-ade7-2c29c90feaa8,1633159561756,13.7070836,52.4337905,6.7073026,0.7621864,0.011010647,-3.4685998,on bike mount,cyclo cross,True,asphalt,excellent
cda86829-42ad-4860-974d-351d9b13e3af,5f8c3bc3-83d4-40fe-80a0-984d3b254eab,28b629cf-00df-41b9-ad51-3ce4ab6e4765,1633159561805,13.7070836,52.4337905,6.7073026,-2.065166,4.2730722,-0.83010006,on bike mount,cyclo cross,True,asphalt,excellent
cda86829-42ad-4860-974d-351d9b13e3af,5f8c3bc3-83d4-40fe-80a0-984d3b254eab,d6d76d6d-752b-4909-8bf9-10b77abab705,1633159561856,13.7070836,52.4337905,6.7073026,0.4392395,-0.5350683,-3.345811,on bike mount,cyclo cross,True,asphalt,excellent
cda86829-42ad-4860-974d-351d9b13e3af,5f8c3bc3-83d4-40fe-80a0-984d3b254eab,25a5c670-526d-484e-88af-9b15d2790f52,1633159561906,13.7070836,52.4337905,6.7073026,0.98950136,-2.4151292,0.6144314,on bike mount,cyclo cross,True,asphalt,excellent
cda86829-42ad-4860-974d-351d9b13e3af,5f8c3bc3-83d4-40fe-80a0-984d3b254eab,b0fc4d85-9e8e-4ef1-b820-be9364c9d741,1633159561956,13.7070836,52.4337905,6.7073026,-0.9827937,1.7970033,-0.09371853,on bike mount,cyclo cross,True,asphalt,excellent
cda86829-42ad-4860-974d-351d9b13e3af,5f8c3bc3-83d4-40fe-80a0-984d3b254eab,822f4327-4a1b-4903-93ee-840556aad36d,1633159562006,13.7070836,52.4337905,6.7073026,-0.6865234,1.1444097,-2.0079398,on bike mount,cyclo cross,True,asphalt,excellent
cda86829-42ad-4860-974d-351d9b13e3af,5f8c3bc3-83d4-40fe-80a0-984d3b254eab,058f88cc-21e5-490f-a796-807953529038,1633159562058,13.7070836,52.4337905,6.7073026,1.6552429,-2.3311899,2.6630898,on bike mount,cyclo cross,True,asphalt,excellent
cda86829-42ad-4860-974d-351d9b13e3af,5f8c3bc3-83d4-40fe-80a0-984d3b254eab,359b5113-65c8-4326-bbed-62b48a9a726c,1633159562107,13.7070836,52.4337905,6.7073026,0.2098832,1.30023,6.957818,on bike mount,cyclo cross,True,asphalt,excellent
cda86829-42ad-4860-974d-351d9b13e3af,5f8c3bc3-83d4-40fe-80a0-984d3b254eab,ca31a5fd-edc7-485b-b5d8-b2eab695ca77,1633159562158,13.7070836,52.4337905,6.7073026,-2.6235685,2.6821856,-0.27313614,on bike mount,cyclo cross,True,asphalt,excellent
cda86829-42ad-4860-974d-351d9b13e3af,5f8c3bc3-83d4-40fe-80a0-984d3b254eab,1d47e9a0-cfe4-4360-952a-bd1af8784949,1633159562208,13.7070836,52.4337905,6.7073026,-0.9563067,-0.19463253,-0.93733215,on bike mount,cyclo cross,True,asphalt,excellent
cda86829-42ad-4860-974d-351d9b13e3af,5f8c3bc3-83d4-40fe-80a0-984d3b254eab,daa32467-c216-434a-9aeb-c4e1930844d0,1633159562274,13.7070836,52.4337905,6.7073026,1.5940009,-2.5028718,2.05019,on bike mount,cyclo cross,True,asphalt,excellent
cda86829-42ad-4860-974d-351d9b13e3af,5f8c3bc3-83d4-40fe-80a0-984d3b254eab,04203e01-538a-40e3-936e-f663ab6c8632,1633159562325,13.7070836,52.4337905,6.7073026,0.89323884,-2.2476988,-0.6222315,on bike mount,cyclo cross,True,asphalt,excellent
cda86829-42ad-4860-974d-351d9b13e3af,5f8c3bc3-83d4-40fe-80a0-984d3b254eab,225cf921-2ccd-4bff-ad0c-3ffb7b846a44,1633159562391,13.7070836,52.4337905,6.7073026,-0.5132211,-0.9588742,-1.2051363,on bike mount,cyclo cross,True,asphalt,excellent
cda86829-42ad-4860-974d-351d9b13e3af,5f8c3bc3-83d4-40fe-80a0-984d3b254eab,0c35fe95-8a83-483a-921d-9715ef1894ce,1633159562442,13.7070836,52.4337905,6.7073026,0.47053483,-7.2237763,2.218357,on bike mount,cyclo cross,True,asphalt,excellent
cda86829-42ad-4860-974d-351d9b13e3af,5f8c3bc3-83d4-40fe-80a0-984d3b254eab,dab7e4bc-a4fa-4672-8fe9-175f93d07420,1633159562492,13.7070836,52.4337905,6.7073026,1.5985265,-3.189314,-2.5652065,on bike mount,cyclo cross,True,asphalt,excellent
cda86829-42ad-4860-974d-351d9b13e3af,5f8c3bc3-83d4-40fe-80a0-984d3b254eab,f3e60d3e-aaca-49ef-ade2-d587d9ac8451,1633159562542,13.7070836,52.4337905,6.7073026,-1.5184735,1.4667993,-3.9333887,on bike mount,cyclo cross,True,asphalt,excellent
cda86829-42ad-4860-974d-351d9b13e3af,5f8c3bc3-83d4-40fe-80a0-984d3b254eab,52b4952e-7525-4c7f-a320-86e60d3a6277,1633159562592,13.7070836,52.4337905,6.7073026,2.1107216,-5.797785,3.140685,on bike mount,cyclo cross,True,asphalt,excellent
cda86829-42ad-4860-974d-351d9b13e3af,5f8c3bc3-83d4-40fe-80a0-984d3b254eab,97ff9a20-3fea-4034-8221-48ea6f2132d1,1633159562643,13.7071778,52.4337647,6.769262,2.7665544,-3.7144344,0.48885822,on bike mount,cyclo cross,True,asphalt,excellent
cda86829-42ad-4860-974d-351d9b13e3af,5f8c3bc3-83d4-40fe-80a0-984d3b254eab,ec83a66b-c496-49cb-b148-c3f0278db260,1633159562693,13.7071778,52.4337647,6.769262,2.073578,7.5872006,-8.849112,on bike mount,cyclo cross,True,asphalt,excellent
cda86829-42ad-4860-974d-351d9b13e3af,5f8c3bc3-83d4-40fe-80a0-984d3b254eab,760d697f-8973-474b-821f-5fd5efc079ed,1633159562760,13.7071778,52.4337647,6.769262,-1.748989,0.36478472,-2.6105046,on bike mount,cyclo cross,True,asphalt,excellent
cda86829-42ad-4860-974d-351d9b13e3af,5f8c3bc3-83d4-40fe-80a0-984d3b254eab,177e1ad5-48b7-4b68-8c04-425fe59c66e2,1633159562825,13.7071778,52.4337647,6.769262,1.7743081,3.30225,-4.2162743,on bike mount,cyclo cross,True,asphalt,excellent
cda86829-42ad-4860-974d-351d9b13e3af,5f8c3bc3-83d4-40fe-80a0-984d3b254eab,725a3406-bc87-41fa-bfa8-87ab2a3f55de,1633159562875,13.7071778,52.4337647,6.769262,-1.0557833,3.8375077,-5.090369,on bike mount,cyclo cross,True,asphalt,excellent
cda86829-42ad-4860-974d-351d9b13e3af,5f8c3bc3-83d4-40fe-80a0-984d3b254eab,fb9e225b-19e9-4c31-aab8-0283bb851b16,1633159562925,13.7071778,52.4337647,6.769262,0.15125406,0.6393986,5.223736,on bike mount,cyclo cross,True,asphalt,excellent
cda86829-42ad-4860-974d-351d9b13e3af,5f8c3bc3-83d4-40fe-80a0-984d3b254eab,f27aeb8a-c29f-4df1-8dae-6f76208779ca,1633159562976,13.7071778,52.4337647,6.769262,2.6540751,-9.199472,-3.4244142,on bike mount,cyclo cross,True,asphalt,excellent
cda86829-42ad-4860-974d-351d9b13e3af,5f8c3bc3-83d4-40fe-80a0-984d3b254eab,d2cc7c16-995d-4830-8c24-0eaad2536d2c,1633159563025,13.7071778,52.4337647,6.769262,-3.09379,4.761177,-5.4570103,on bike mount,cyclo cross,True,asphalt,excellent
cda86829-42ad-4860-974d-351d9b13e3af,5f8c3bc3-83d4-40fe-80a0-984d3b254eab,a14894f6-036a-416d-868e-9fb380cf894a,1633159563076,13.7071778,52.4337647,6.769262,0.076046705,-3.9027483,3.110715,on bike mount,cyclo cross,True,asphalt,excellent
cda86829-42ad-4860-974d-351d9b13e3af,5f8c3bc3-83d4-40fe-80a0-984d3b254eab,740d2d33-4fbd-47f0-9dbd-186529d4cfa4,1633159563127,13.7071778,52.4337647,6.769262,1.0860885,-3.75911,1.4361286,on bike mount,cyclo cross,True,asphalt,excellent
cda86829-42ad-4860-974d-351d9b13e3af,5f8c3bc3-83d4-40fe-80a0-984d3b254eab,6c7f8b24-52be-4c14-a589-fc93cfb0969a,1633159563177,13.7071778,52.4337647,6.769262,0.9562092,1.6707006,2.5950108,on bike mount,cyclo cross,True,asphalt,excellent
cda86829-42ad-4860-974d-351d9b13e3af,5f8c3bc3-83d4-40fe-80a0-984d3b254eab,16f0a8ac-06e1-44ff-be0a-d49ddc6a1a15,1633159563227,13.7071778,52.4337647,6.769262,-0.318266,0.45663142,-1.1179943,on bike mount,cyclo cross,True,asphalt,excellent
cda86829-42ad-4860-974d-351d9b13e3af,5f8c3bc3-83d4-40fe-80a0-984d3b254eab,7968a98f-faeb-4d1c-9925-3baeaf1ff5de,1633159563277,13.7071778,52.4337647,6.769262,-0.82847595,-0.8954339,-0.6069517,on bike mount,cyclo cross,True,asphalt,excellent
cda86829-42ad-4860-974d-351d9b13e3af,5f8c3bc3-83d4-40fe-80a0-984d3b254eab,ead43e17-abae-4f0e-8bb2-4a0a116880d4,1633159563327,13.7071778,52.4337647,6.769262,0.34095034,0.89750814,-0.07626724,on bike mount,cyclo cross,True,asphalt,excellent
cda86829-42ad-4860-974d-351d9b13e3af,5f8c3bc3-83d4-40fe-80a0-984d3b254eab,67fda9f3-9b30-423d-9ab8-90dad4e85adf,1633159563379,13.7071778,52.4337647,6.769262,0.25121585,2.6794333,-0.16189003,on bike mount,cyclo cross,True,asphalt,excellent
cda86829-42ad-4860-974d-351d9b13e3af,5f8c3bc3-83d4-40fe-80a0-984d3b254eab,fc2e8c98-b22f-4758-8266-2f12f96bdda4,1633159563429,13.7071778,52.4337647,6.769262,1.8299301,-4.429967,1.9764614,on bike mount,cyclo cross,True,asphalt,excellent
cda86829-42ad-4860-974d-351d9b13e3af,5f8c3bc3-83d4-40fe-80a0-984d3b254eab,a0d3e0ee-9112-462f-a2fb-f3fad6dbb18c,1633159563479,13.7071778,52.4337647,6.769262,-2.423375,-1.1586514,0.4706869,on bike mount,cyclo cross,True,asphalt,excellent
cda86829-42ad-4860-974d-351d9b13e3af,5f8c3bc3-83d4-40fe-80a0-984d3b254eab,3c29dcc0-c9af-4123-bfd8-e72dff446aa1,1633159563545,13.7071778,52.4337647,6.769262,0.82592475,-0.1860838,-0.4762249,on bike mount,cyclo cross,True,asphalt,excellent
cda86829-42ad-4860-974d-351d9b13e3af,5f8c3bc3-83d4-40fe-80a0-984d3b254eab,036e0401-a216-41c6-948e-60dafbf12f3f,1633159563595,13.7071778,52.4337647,6.769262,1.8286042,0.67399955,1.7149019,on bike mount,cyclo cross,True,asphalt,excellent
cda86829-42ad-4860-974d-351d9b13e3af,5f8c3bc3-83d4-40fe-80a0-984d3b254eab,ac07dfe4-bb4f-4fd3-b403-b06ed7cd0b83,1633159563645,13.7072738,52.4337395,6.813742,-1.3843126,-1.4599903,1.4245663,on bike mount,cyclo cross,True,asphalt,excellent
cda86829-42ad-4860-974d-351d9b13e3af,5f8c3bc3-83d4-40fe-80a0-984d3b254eab,6c0b6302-c1d1-4fca-97e9-6410778c5e77,1633159563695,13.7072738,52.4337395,6.813742,-0.4372547,-0.2568109,-2.1154466,on bike mount,cyclo cross,True,asphalt,excellent
cda86829-42ad-4860-974d-351d9b13e3af,5f8c3bc3-83d4-40fe-80a0-984d3b254eab,2b55436f-140b-49f7-8e9e-23d566cc1275,1633159563745,13.7072738,52.4337395,6.813742,0.28227368,1.2581882,-0.71161556,on bike mount,cyclo cross,True,asphalt,excellent
cda86829-42ad-4860-974d-351d9b13e3af,5f8c3bc3-83d4-40fe-80a0-984d3b254eab,afae580d-1947-4d72-8e94-06716ad1c575,1633159563795,13.7072738,52.4337395,6.813742,0.39255643,-1.8196181,0.095508575,on bike mount,cyclo cross,True,asphalt,excellent
cda86829-42ad-4860-974d-351d9b13e3af,5f8c3bc3-83d4-40fe-80a0-984d3b254eab,d8d3dc43-4fc2-4c9e-92a4-6809c895c2ad,1633159563845,13.7072738,52.4337395,6.813742,-0.31383333,0.8314595,-0.78915596,on bike mount,cyclo cross,True,asphalt,excellent
cda86829-42ad-4860-974d-351d9b13e3af,5f8c3bc3-83d4-40fe-80a0-984d3b254eab,c1a31939-952b-4198-8111-5e7c5f4759fe,1633159563895,13.7072738,52.4337395,6.813742,0.06360273,-0.17769885,2.269308,on bike mount,cyclo cross,True,asphalt,excellent
cda86829-42ad-4860-974d-351d9b13e3af,5f8c3bc3-83d4-40fe-80a0-984d3b254eab,c68bece5-437e-4e81-b860-f9fe39aee1bd,1633159563945,13.7072738,52.4337395,6.813742,0.36110038,1.001854,-0.52961063,on bike mount,cyclo cross,True,asphalt,excellent
cda86829-42ad-4860-974d-351d9b13e3af,5f8c3bc3-83d4-40fe-80a0-984d3b254eab,f744fd1b-f9ca-48fe-aae8-8e1fdd3281e6,1633159563995,13.7072738,52.4337395,6.813742,-0.4696118,-0.12096214,1.4008179,on bike mount,cyclo cross,True,asphalt,excellent
cda86829-42ad-4860-974d-351d9b13e3af,5f8c3bc3-83d4-40fe-80a0-984d3b254eab,e3636e5f-faa1-4f19-bd13-a5fd79b5cd61,1633159564046,13.7072738,52.4337395,6.813742,-1.8518413,-0.40752172,2.9400167,on bike mount,cyclo cross,True,asphalt,excellent
cda86829-42ad-4860-974d-351d9b13e3af,5f8c3bc3-83d4-40fe-80a0-984d3b254eab,31a76e9c-eb11-481c-a286-4e3c94359d35,1633159564096,13.7072738,52.4337395,6.813742,0.28383577,5.55352,-1.990149,on bike mount,cyclo cross,True,asphalt,excellent
cda86829-42ad-4860-974d-351d9b13e3af,5f8c3bc3-83d4-40fe-80a0-984d3b254eab,7631454b-ebf0-4197-a08b-cfd0b01c789c,1633159564146,13.7072738,52.4337395,6.813742,0.5500896,-3.5752902,0.7699194,on bike mount,cyclo cross,True,asphalt,excellent
cda86829-42ad-4860-974d-351d9b13e3af,5f8c3bc3-83d4-40fe-80a0-984d3b254eab,4071173b-f2b1-4648-a8bf-2a0d0cf47182,1633159564213,13.7072738,52.4337395,6.813742,-0.9864739,-1.381681,2.0115595,on bike mount,cyclo cross,True,asphalt,excellent
cda86829-42ad-4860-974d-351d9b13e3af,5f8c3bc3-83d4-40fe-80a0-984d3b254eab,ed28981d-9397-4f36-9869-e606f229a06c,1633159564262,13.7072738,52.4337395,6.813742,0.11016224,-0.25778913,-0.62201405,on bike mount,cyclo cross,True,asphalt,excellent
cda86829-42ad-4860-974d-351d9b13e3af,5f8c3bc3-83d4-40fe-80a0-984d3b254eab,656c60f2-ae85-4044-bcd7-afd87aec4a8f,1633159564314,13.7072738,52.4337395,6.813742,-0.5527621,0.8467269,1.356226,on bike mount,cyclo cross,True,asphalt,excellent
cda86829-42ad-4860-974d-351d9b13e3af,5f8c3bc3-83d4-40fe-80a0-984d3b254eab,d40c876c-47db-40ea-a378-0cce202266b7,1633159564364,13.7072738,52.4337395,6.813742,1.1792877,0.15081787,-1.3347416,on bike mount,cyclo cross,True,asphalt,excellent
cda86829-42ad-4860-974d-351d9b13e3af,5f8c3bc3-83d4-40fe-80a0-984d3b254eab,0fa6560c-b42b-4a87-82d7-e21787ea60d8,1633159564414,13.7072738,52.4337395,6.813742,-1.0132897,-0.71752095,1.2262087,on bike mount,cyclo cross,True,asphalt,excellent
cda86829-42ad-4860-974d-351d9b13e3af,5f8c3bc3-83d4-40fe-80a0-984d3b254eab,8781940f-f687-45a2-a2f6-23ec8edb11e2,1633159564465,13.7072738,52.4337395,6.813742,-1.008302,0.9348564,1.1254292,on bike mount,cyclo cross,True,asphalt,excellent
cda86829-42ad-4860-974d-351d9b13e3af,5f8c3bc3-83d4-40fe-80a0-984d3b254eab,1bd48688-5712-4b49-8922-751beef6c516,1633159564530,13.7072738,52.4337395,6.813742,-0.4007941,3.005414,-0.06274414,on bike mount,cyclo cross,True,asphalt,excellent
cda86829-42ad-4860-974d-351d9b13e3af,5f8c3bc3-83d4-40fe-80a0-984d3b254eab,5dda4fd0-6e55-4eaf-beac-6f76c5475656,1633159564580,13.7072738,52.4337395,6.813742,0.029919833,-1.6990696,1.2643862,on bike mount,cyclo cross,True,asphalt,excellent
cda86829-42ad-4860-974d-351d9b13e3af,5f8c3bc3-83d4-40fe-80a0-984d3b254eab,4b81f9e6-e7cf-4bdd-b347-674266a7e9f4,1633159564632,13.7073719,52.433713,6.8719854,0.5087825,-1.177767,0.89236355,on bike mount,cyclo cross,True,asphalt,excellent
cda86829-42ad-4860-974d-351d9b13e3af,5f8c3bc3-83d4-40fe-80a0-984d3b254eab,6638fbef-2f21-4477-a441-0d907f8e376f,1633159564698,13.7073719,52.433713,6.8719854,0.15021276,-0.02587223,-0.60310364,on bike mount,cyclo cross,True,asphalt,excellent
cda86829-42ad-4860-974d-351d9b13e3af,5f8c3bc3-83d4-40fe-80a0-984d3b254eab,1eddf806-c4bf-4ad4-a638-d9458aa3421b,1633159564764,13.7073719,52.433713,6.8719854,-0.049445614,0.8110604,-0.14248466,on bike mount,cyclo cross,True,asphalt,excellent
cda86829-42ad-4860-974d-351d9b13e3af,5f8c3bc3-83d4-40fe-80a0-984d3b254eab,b4310284-2643-4f0a-abe3-76cce9120922,1633159564816,13.7073719,52.433713,6.8719854,-1.0070539,-0.25106025,-2.3038058,on bike mount,cyclo cross,True,asphalt,excellent
cda86829-42ad-4860-974d-351d9b13e3af,5f8c3bc3-83d4-40fe-80a0-984d3b254eab,14a5c5bf-4bef-4928-9642-085e05a9bb0b,1633159564881,13.7073719,52.433713,6.8719854,1.6609074,2.6357844,-4.5630913,on bike mount,cyclo cross,True,asphalt,excellent
cda86829-42ad-4860-974d-351d9b13e3af,5f8c3bc3-83d4-40fe-80a0-984d3b254eab,996eabfc-8c85-494d-bf33-2ba4ed93edc1,1633159564932,13.7073719,52.433713,6.8719854,0.04072383,-2.288599,-0.8593874,on bike mount,cyclo cross,True,asphalt,excellent
cda86829-42ad-4860-974d-351d9b13e3af,5f8c3bc3-83d4-40fe-80a0-984d3b254eab,61088b53-f9bd-43ea-82be-8e11eb46b927,1633159564981,13.7073719,52.433713,6.8719854,0.52250385,-1.0238981,-0.49812603,on bike mount,cyclo cross,True,asphalt,excellent
cda86829-42ad-4860-974d-351d9b13e3af,5f8c3bc3-83d4-40fe-80a0-984d3b254eab,97af1a04-cac9-4cdf-a44c-1d7b013f0965,1633159565031,13.7073719,52.433713,6.8719854,1.0705051,0.34866953,1.8158836,on bike mount,cyclo cross,True,asphalt,excellent
cda86829-42ad-4860-974d-351d9b13e3af,5f8c3bc3-83d4-40fe-80a0-984d3b254eab,c71a59e4-2ee0-4387-b745-49c576eef516,1633159565083,13.7073719,52.433713,6.8719854,-1.2520803,-0.59102535,-0.26070976,on bike mount,cyclo cross,True,asphalt,excellent
cda86829-42ad-4860-974d-351d9b13e3af,5f8c3bc3-83d4-40fe-80a0-984d3b254eab,6e4d0e45-1324-465c-b73d-658a4d5719b1,1633159565133,13.7073719,52.433713,6.8719854,-0.26726675,-1.4950197,3.2232656,on bike mount,cyclo cross,True,asphalt,excellent
cda86829-42ad-4860-974d-351d9b13e3af,5f8c3bc3-83d4-40fe-80a0-984d3b254eab,e878e9c7-9037-496a-b27a-7e6fbb680680,1633159565183,13.7073719,52.433713,6.8719854,0.1899617,-0.9886997,-0.4173727,on bike mount,cyclo cross,True,asphalt,excellent
cda86829-42ad-4860-974d-351d9b13e3af,5f8c3bc3-83d4-40fe-80a0-984d3b254eab,3a29ffa1-2e09-4887-87c0-d7dd0a859812,1633159565233,13.7073719,52.433713,6.8719854,-1.0380561,1.2890701,-2.466651,on bike mount,cyclo cross,True,asphalt,excellent
cda86829-42ad-4860-974d-351d9b13e3af,5f8c3bc3-83d4-40fe-80a0-984d3b254eab,b837f591-93c2-4956-b288-1b3ec76bc6dc,1633159565283,13.7073719,52.433713,6.8719854,0.4017831,-3.2708926,-0.67476463,on bike mount,cyclo cross,True,asphalt,excellent
cda86829-42ad-4860-974d-351d9b13e3af,5f8c3bc3-83d4-40fe-80a0-984d3b254eab,25cee8f2-2d80-41df-bdd5-ae283bcfbbb5,1633159565333,13.7073719,52.433713,6.8719854,0.64579344,0.15652919,0.9153223,on bike mount,cyclo cross,True,asphalt,excellent
cda86829-42ad-4860-974d-351d9b13e3af,5f8c3bc3-83d4-40fe-80a0-984d3b254eab,63259b88-7bc1-4499-ba56-caa4e87e8585,1633159565383,13.7073719,52.433713,6.8719854,-0.02410639,3.649251,-2.159523,on bike mount,cyclo cross,True,asphalt,excellent
cda86829-42ad-4860-974d-351d9b13e3af,5f8c3bc3-83d4-40fe-80a0-984d3b254eab,c4972b02-3ebc-471a-b734-a2932dd2cf42,1633159565433,13.7073719,52.433713,6.8719854,-1.3684175,1.5737023,-2.844633,on bike mount,cyclo cross,True,asphalt,excellent
cda86829-42ad-4860-974d-351d9b13e3af,5f8c3bc3-83d4-40fe-80a0-984d3b254eab,6d64bde9-f745-4866-81e8-713b68691f13,1633159565484,13.7073719,52.433713,6.8719854,0.05846855,1.5649652,1.5600557,on bike mount,cyclo cross,True,asphalt,excellent
cda86829-42ad-4860-974d-351d9b13e3af,5f8c3bc3-83d4-40fe-80a0-984d3b254eab,82421308-4737-4973-b54d-97b2a930dfc9,1633159565534,13.7073719,52.433713,6.8719854,-0.1555187,-2.7441998,3.0036783,on bike mount,cyclo cross,True,asphalt,excellent
cda86829-42ad-4860-974d-351d9b13e3af,5f8c3bc3-83d4-40fe-80a0-984d3b254eab,dad0b99f-a6fd-41ba-bbd0-ecca1c6bd232,1633159565584,13.7073719,52.433713,6.8719854,-0.9391191,3.4733596,-2.4323106,on bike mount,cyclo cross,True,asphalt,excellent
cda86829-42ad-4860-974d-351d9b13e3af,5f8c3bc3-83d4-40fe-80a0-984d3b254eab,6dc6e051-ddb6-424c-bbfb-51b6cc88678f,1633159565651,13.707471,52.4336866,6.9303317,1.8356168,2.0893848,-1.4030151,on bike mount,cyclo cross,True,asphalt,excellent
cda86829-42ad-4860-974d-351d9b13e3af,5f8c3bc3-83d4-40fe-80a0-984d3b254eab,e2d636ea-bbfd-4319-946c-c2f9d2b1f6ad,1633159565716,13.707471,52.4336866,6.9303317,-0.56085896,0.3196211,-3.5452619,on bike mount,cyclo cross,True,asphalt,excellent
cda86829-42ad-4860-974d-351d9b13e3af,5f8c3bc3-83d4-40fe-80a0-984d3b254eab,0e5c2e95-7d10-42d3-b729-9e5ed167fe27,1633159565766,13.707471,52.4336866,6.9303317,-0.41931278,-0.40209413,5.0324183,on bike mount,cyclo cross,True,asphalt,excellent
cda86829-42ad-4860-974d-351d9b13e3af,5f8c3bc3-83d4-40fe-80a0-984d3b254eab,749ee85f-d5e8-4108-b47f-d8c48929b576,1633159565817,13.707471,52.4336866,6.9303317,-0.73039466,3.008023,-2.0198812,on bike mount,cyclo cross,True,asphalt,excellent
cda86829-42ad-4860-974d-351d9b13e3af,5f8c3bc3-83d4-40fe-80a0-984d3b254eab,39cb494d-8159-4851-8eb5-74265f3e3460,1633159565867,13.707471,52.4336866,6.9303317,1.6194086,-1.0939826,1.9669743,on bike mount,cyclo cross,True,asphalt,excellent
cda86829-42ad-4860-974d-351d9b13e3af,5f8c3bc3-83d4-40fe-80a0-984d3b254eab,33646182-31fa-4491-b7e8-3119c304f10d,1633159565918,13.707471,52.4336866,6.9303317,0.86887866,-2.3458714,-0.20062923,on bike mount,cyclo cross,True,asphalt,excellent
cda86829-42ad-4860-974d-351d9b13e3af,5f8c3bc3-83d4-40fe-80a0-984d3b254eab,d6147b11-256f-4cd7-87b1-bbe491db3852,1633159565969,13.707471,52.4336866,6.9303317,0.88267314,1.4932559,-1.7001481,on bike mount,cyclo cross,True,asphalt,excellent
cda86829-42ad-4860-974d-351d9b13e3af,5f8c3bc3-83d4-40fe-80a0-984d3b254eab,b03ed54d-40c8-4570-b4e8-a4f3ea4acb00,1633159566034,13.707471,52.4336866,6.9303317,-1.2415497,0.1726923,-0.36112022,on bike mount,cyclo cross,True,asphalt,excellent
cda86829-42ad-4860-974d-351d9b13e3af,5f8c3bc3-83d4-40fe-80a0-984d3b254eab,0b30af1a-d450-4ea8-9ef0-9d16978307be,1633159566085,13.707471,52.4336866,6.9303317,-0.6421375,-1.2455226,3.334608,on bike mount,cyclo cross,True,asphalt,excellent
cda86829-42ad-4860-974d-351d9b13e3af,5f8c3bc3-83d4-40fe-80a0-984d3b254eab,bdbf5104-2196-4105-94d2-3d6d43decd61,1633159566135,13.707471,52.4336866,6.9303317,0.12654811,1.1378379,-2.1731925,on bike mount,cyclo cross,True,asphalt,excellent
cda86829-42ad-4860-974d-351d9b13e3af,5f8c3bc3-83d4-40fe-80a0-984d3b254eab,069eb55f-4a23-43df-9dfc-f2ebc9524ada,1633159566185,13.707471,52.4336866,6.9303317,-1.1828847,-2.051752,2.5476208,on bike mount,cyclo cross,True,asphalt,excellent
cda86829-42ad-4860-974d-351d9b13e3af,5f8c3bc3-83d4-40fe-80a0-984d3b254eab,fdc5b2f9-b29d-4c2d-b3ec-0e179572ff72,1633159566236,13.707471,52.4336866,6.9303317,0.18252735,-0.50500417,-0.7765846,on bike mount,cyclo cross,True,asphalt,excellent
cda86829-42ad-4860-974d-351d9b13e3af,5f8c3bc3-83d4-40fe-80a0-984d3b254eab,d1b40419-5f0d-4cc2-8e00-aecbf8627ab6,1633159566286,13.707471,52.4336866,6.9303317,0.45342833,-2.6827247,3.284154,on bike mount,cyclo cross,True,asphalt,excellent
cda86829-42ad-4860-974d-351d9b13e3af,5f8c3bc3-83d4-40fe-80a0-984d3b254eab,c8b7bee0-e98b-4e1f-8d1a-ae394c644842,1633159566352,13.707471,52.4336866,6.9303317,0.31307283,-1.2099233,1.0845566,on bike mount,cyclo cross,True,asphalt,excellent
cda86829-42ad-4860-974d-351d9b13e3af,5f8c3bc3-83d4-40fe-80a0-984d3b254eab,9e6b67c8-745b-423e-acd3-31f03fc0ae6d,1633159566403,13.707471,52.4336866,6.9303317,0.6434173,0.01944232,0.44498444,on bike mount,cyclo cross,True,asphalt,excellent
cda86829-42ad-4860-974d-351d9b13e3af,5f8c3bc3-83d4-40fe-80a0-984d3b254eab,6f687344-0af7-4057-bf8a-18efc002493f,1633159566453,13.707471,52.4336866,6.9303317,0.24463353,-0.9422765,0.009665489,on bike mount,cyclo cross,True,asphalt,excellent
cda86829-42ad-4860-974d-351d9b13e3af,5f8c3bc3-83d4-40fe-80a0-984d3b254eab,f239e466-102f-4af4-9003-7ae258d79727,1633159566519,13.707471,52.4336866,6.9303317,-0.6898886,1.517137,-1.9281921,on bike mount,cyclo cross,True,asphalt,excellent
cda86829-42ad-4860-974d-351d9b13e3af,5f8c3bc3-83d4-40fe-80a0-984d3b254eab,c392aa8f-1f6d-45b7-a93b-3695abd0265c,1633159566569,13.707471,52.4336866,6.9303317,-0.14048108,-0.10772419,0.09156418,on bike mount,cyclo cross,True,asphalt,excellent
cda86829-42ad-4860-974d-351d9b13e3af,5f8c3bc3-83d4-40fe-80a0-984d3b254eab,0cdee1a6-718a-438b-aa5f-0c801faec5a3,1633159566626,13.7075722,52.4336592,7.033233,0.97843933,-1.3121293,1.6849985,on bike mount,cyclo cross,True,asphalt,excellent
cda86829-42ad-4860-974d-351d9b13e3af,5f8c3bc3-83d4-40fe-80a0-984d3b254eab,51c72716-e73f-4998-ad74-46098f926e04,1633159566686,13.7075722,52.4336592,7.033233,0.45364958,-0.72425175,0.37746143,on bike mount,cyclo cross,True,asphalt,excellent
cda86829-42ad-4860-974d-351d9b13e3af,5f8c3bc3-83d4-40fe-80a0-984d3b254eab,4447f95d-1a76-4089-8504-1d1888e5f1f4,1633159566736,13.7075722,52.4336592,7.033233,-0.8227996,-1.7037306,0.73279,on bike mount,cyclo cross,True,asphalt,excellent
cda86829-42ad-4860-974d-351d9b13e3af,5f8c3bc3-83d4-40fe-80a0-984d3b254eab,daf89f6a-c55b-45a2-bc0f-18c329293d7f,1633159566786,13.7075722,52.4336592,7.033233,0.40622893,-0.88980556,0.35616302,on bike mount,cyclo cross,True,asphalt,excellent
cda86829-42ad-4860-974d-351d9b13e3af,5f8c3bc3-83d4-40fe-80a0-984d3b254eab,6332db21-fa74-4b03-8672-a37720388f15,1633159566836,13.7075722,52.4336592,7.033233,0.2615179,-2.4018714,2.0557384,on bike mount,cyclo cross,True,asphalt,excellent
cda86829-42ad-4860-974d-351d9b13e3af,5f8c3bc3-83d4-40fe-80a0-984d3b254eab,63bc0b73-f22c-49d2-81e6-de84c0a5f1b7,1633159566887,13.7075722,52.4336592,7.033233,-0.17934884,0.0027930737,0.8715887,on bike mount,cyclo cross,True,asphalt,excellent
cda86829-42ad-4860-974d-351d9b13e3af,5f8c3bc3-83d4-40fe-80a0-984d3b254eab,0ac69ea3-4068-4e83-be00-5342d3515dcb,1633159566938,13.7075722,52.4336592,7.033233,-1.0863304,-0.7180979,1.2910318,on bike mount,cyclo cross,True,asphalt,excellent
cda86829-42ad-4860-974d-351d9b13e3af,5f8c3bc3-83d4-40fe-80a0-984d3b254eab,129dde2a-37fc-4021-929d-63119b80d5b9,1633159566988,13.7075722,52.4336592,7.033233,0.11406761,-0.4597094,-0.85796165,on bike mount,cyclo cross,True,asphalt,excellent
cda86829-42ad-4860-974d-351d9b13e3af,5f8c3bc3-83d4-40fe-80a0-984d3b254eab,66ea131a-fb3e-4872-a71e-ce61d096d1be,1633159567038,13.7075722,52.4336592,7.033233,0.3827353,1.1649528,-1.748404,on bike mount,cyclo cross,True,asphalt,excellent
cda86829-42ad-4860-974d-351d9b13e3af,5f8c3bc3-83d4-40fe-80a0-984d3b254eab,ea6aea99-0e7a-4610-a6e0-660e6ec79b47,1633159567089,13.7075722,52.4336592,7.033233,-1.9283862,-0.73569226,2.5752258,on bike mount,cyclo cross,True,asphalt,excellent
cda86829-42ad-4860-974d-351d9b13e3af,5f8c3bc3-83d4-40fe-80a0-984d3b254eab,3c48d742-71fe-40cb-9370-6c26a5692088,1633159567154,13.7075722,52.4336592,7.033233,0.5833502,-1.9961519,0.23244762,on bike mount,cyclo cross,True,asphalt,excellent
cda86829-42ad-4860-974d-351d9b13e3af,5f8c3bc3-83d4-40fe-80a0-984d3b254eab,db31fc2d-0d1d-43a4-938b-f952651ba718,1633159567205,13.7075722,52.4336592,7.033233,0.67454183,-0.25340724,2.551363,on bike mount,cyclo cross,True,asphalt,excellent
cda86829-42ad-4860-974d-351d9b13e3af,5f8c3bc3-83d4-40fe-80a0-984d3b254eab,dbac37c0-8fd3-4a26-8bfb-55c69563810d,1633159567255,13.7075722,52.4336592,7.033233,-0.023899183,0.8958726,1.7518892,on bike mount,cyclo cross,True,asphalt,excellent
cda86829-42ad-4860-974d-351d9b13e3af,5f8c3bc3-83d4-40fe-80a0-984d3b254eab,ceeb06b4-2f07-4abb-921e-6ce6789e754f,1633159567305,13.7075722,52.4336592,7.033233,-1.0877086,1.2587585,-1.5214891,on bike mount,cyclo cross,True,asphalt,excellent
cda86829-42ad-4860-974d-351d9b13e3af,5f8c3bc3-83d4-40fe-80a0-984d3b254eab,46fb8cf7-e305-4c86-9145-eebf51f52021,1633159567355,13.7075722,52.4336592,7.033233,0.5770086,-1.4206657,2.2541542,on bike mount,cyclo cross,True,asphalt,excellent
cda86829-42ad-4860-974d-351d9b13e3af,5f8c3bc3-83d4-40fe-80a0-984d3b254eab,cd647735-19c1-4333-8f50-d18d38229b73,1633159567405,13.7075722,52.4336592,7.033233,-0.12854771,-1.6860996,0.028165817,on bike mount,cyclo cross,True,asphalt,excellent
cda86829-42ad-4860-974d-351d9b13e3af,5f8c3bc3-83d4-40fe-80a0-984d3b254eab,bc7ba89e-803d-4b4d-86f9-3ea5dcc331dd,1633159567456,13.7075722,52.4336592,7.033233,-1.051151,-0.16115594,0.9720402,on bike mount,cyclo cross,True,asphalt,excellent
cda86829-42ad-4860-974d-351d9b13e3af,5f8c3bc3-83d4-40fe-80a0-984d3b254eab,41707516-fa89-4aba-b862-7ccd5652b2b7,1633159567507,13.7075722,52.4336592,7.033233,-0.48395956,0.35079932,-3.9220352,on bike mount,cyclo cross,True,asphalt,excellent
cda86829-42ad-4860-974d-351d9b13e3af,5f8c3bc3-83d4-40fe-80a0-984d3b254eab,3bb21083-0e9e-4965-9cec-ed49333aa843,1633159567572,13.7075722,52.4336592,7.033233,1.5318629,-2.795857,2.4119759,on bike mount,cyclo cross,True,asphalt,excellent
cda86829-42ad-4860-974d-351d9b13e3af,5f8c3bc3-83d4-40fe-80a0-984d3b254eab,9bde506e-db3f-4df1-81ae-317fa2108c39,1633159567628,13.7076795,52.43363,7.1304064,-0.4401814,-1.5735252,0.84937954,on bike mount,cyclo cross,True,asphalt,excellent
cda86829-42ad-4860-974d-351d9b13e3af,5f8c3bc3-83d4-40fe-80a0-984d3b254eab,ae8e5207-df9e-45ab-b57e-02b408d4563d,1633159567689,13.7076795,52.43363,7.1304064,0.34635517,0.5369792,-1.505691,on bike mount,cyclo cross,True,asphalt,excellent
cda86829-42ad-4860-974d-351d9b13e3af,5f8c3bc3-83d4-40fe-80a0-984d3b254eab,79a79d18-d7e5-43c7-8ee1-265f924f4ff4,1633159567739,13.7076795,52.43363,7.1304064,-0.43353835,-1.9436841,1.2028475,on bike mount,cyclo cross,True,asphalt,excellent
cda86829-42ad-4860-974d-351d9b13e3af,5f8c3bc3-83d4-40fe-80a0-984d3b254eab,5e11523d-7985-4a7a-9050-20669b17bff6,1633159567790,13.7076795,52.43363,7.1304064,-0.021468371,1.6057026,2.0221891,on bike mount,cyclo cross,True,asphalt,excellent
cda86829-42ad-4860-974d-351d9b13e3af,5f8c3bc3-83d4-40fe-80a0-984d3b254eab,537b19a3-0bab-4a1c-a8f9-b8fc0b507832,1633159567840,13.7076795,52.43363,7.1304064,0.739696,-1.3843429,3.0948086,on bike mount,cyclo cross,True,asphalt,excellent
cda86829-42ad-4860-974d-351d9b13e3af,5f8c3bc3-83d4-40fe-80a0-984d3b254eab,05a61f79-8074-4096-8ced-74ed7407ee1d,1633159567891,13.7076795,52.43363,7.1304064,1.3879466,1.8360915,-6.891055,on bike mount,cyclo cross,True,asphalt,excellent
cda86829-42ad-4860-974d-351d9b13e3af,5f8c3bc3-83d4-40fe-80a0-984d3b254eab,fa52d984-3e24-419e-b31d-bf1e2f4c99da,1633159567940,13.7076795,52.43363,7.1304064,-1.4029994,-1.6880609,1.3337059,on bike mount,cyclo cross,True,asphalt,excellent
cda86829-42ad-4860-974d-351d9b13e3af,5f8c3bc3-83d4-40fe-80a0-984d3b254eab,78ee3beb-583c-41de-bcd7-e076f014db94,1633159567991,13.7076795,52.43363,7.1304064,0.110347465,0.32327938,-2.1677308,on bike mount,cyclo cross,True,asphalt,excellent
cda86829-42ad-4860-974d-351d9b13e3af,5f8c3bc3-83d4-40fe-80a0-984d3b254eab,65d83709-a660-48bd-b4e1-83281a91a186,1633159568041,13.7076795,52.43363,7.1304064,-0.019390821,1.120254,3.1670036,on bike mount,cyclo cross,True,asphalt,excellent
cda86829-42ad-4860-974d-351d9b13e3af,5f8c3bc3-83d4-40fe-80a0-984d3b254eab,f1f4bda4-fdc3-44af-aec4-c8df04388d09,1633159568091,13.7076795,52.43363,7.1304064,-0.077034876,-0.24163103,-2.640997,on bike mount,cyclo cross,True,asphalt,excellent
cda86829-42ad-4860-974d-351d9b13e3af,5f8c3bc3-83d4-40fe-80a0-984d3b254eab,6ff888bc-ac79-4d44-9617-8c0597d43bf4,1633159568142,13.7076795,52.43363,7.1304064,0.11501466,0.5156648,-2.5619488,on bike mount,cyclo cross,True,asphalt,excellent
cda86829-42ad-4860-974d-351d9b13e3af,5f8c3bc3-83d4-40fe-80a0-984d3b254eab,ade2fd86-157f-42b9-ad50-76ab7e1fc2c4,1633159568191,13.7076795,52.43363,7.1304064,0.29501504,1.220783,0.020516396,on bike mount,cyclo cross,True,asphalt,excellent
cda86829-42ad-4860-974d-351d9b13e3af,5f8c3bc3-83d4-40fe-80a0-984d3b254eab,eb94c3dc-264d-4f17-8a32-a751dc79bdee,1633159568241,13.7076795,52.43363,7.1304064,0.6910749,0.17452073,-0.4316187,on bike mount,cyclo cross,True,asphalt,excellent
cda86829-42ad-4860-974d-351d9b13e3af,5f8c3bc3-83d4-40fe-80a0-984d3b254eab,e99eb223-451d-4eea-95de-3823fc9e0874,1633159568291,13.7076795,52.43363,7.1304064,-0.22325689,-0.63426423,-0.51013756,on bike mount,cyclo cross,True,asphalt,excellent
cda86829-42ad-4860-974d-351d9b13e3af,5f8c3bc3-83d4-40fe-80a0-984d3b254eab,e280ff12-6bba-4d72-98af-9c78edcb2d6b,1633159568342,13.7076795,52.43363,7.1304064,0.045061946,1.0412779,-0.16595936,on bike mount,cyclo cross,True,asphalt,excellent
cda86829-42ad-4860-974d-351d9b13e3af,5f8c3bc3-83d4-40fe-80a0-984d3b254eab,426c1032-92c0-49ba-a411-e64104e75a8e,1633159568408,13.7076795,52.43363,7.1304064,-0.39463085,0.6688967,-0.8257923,on bike mount,cyclo cross,True,asphalt,excellent
cda86829-42ad-4860-974d-351d9b13e3af,5f8c3bc3-83d4-40fe-80a0-984d3b254eab,62c44d57-d668-4401-8b14-dad4ae0b1e00,1633159568458,13.7076795,52.43363,7.1304064,0.66688275,-1.9599011,1.8984585,on bike mount,cyclo cross,True,asphalt,excellent
cda86829-42ad-4860-974d-351d9b13e3af,5f8c3bc3-83d4-40fe-80a0-984d3b254eab,8d570a92-af9f-4a6d-9087-b188ffc4279f,1633159568509,13.7076795,52.43363,7.1304064,0.2945612,4.621199,-10.675076,on bike mount,cyclo cross,True,asphalt,excellent
cda86829-42ad-4860-974d-351d9b13e3af,5f8c3bc3-83d4-40fe-80a0-984d3b254eab,498212a2-2cea-46e6-b86e-1346962d8e6a,1633159568559,13.7076795,52.43363,7.1304064,-0.40579838,0.13899755,10.010063,on bike mount,cyclo cross,True,asphalt,excellent
cda86829-42ad-4860-974d-351d9b13e3af,5f8c3bc3-83d4-40fe-80a0-984d3b254eab,488a6e01-e641-436b-bdf3-c96ead291480,1633159568609,13.7076795,52.43363,7.1304064,-0.49633124,5.186968,4.3168707,on bike mount,cyclo cross,True,asphalt,excellent
cda86829-42ad-4860-974d-351d9b13e3af,5f8c3bc3-83d4-40fe-80a0-984d3b254eab,946b4ac5-cac7-4eae-8ef4-620cd8a8b150,1633159568660,13.7077817,52.4336031,7.1457634,0.48175725,-1.4057088,1.6522293,on bike mount,cyclo cross,True,asphalt,excellent
cda86829-42ad-4860-974d-351d9b13e3af,5f8c3bc3-83d4-40fe-80a0-984d3b254eab,90386a31-1266-4940-bf14-feec242df7b3,1633159568726,13.7077817,52.4336031,7.1457634,1.4755226,-4.2349706,14.393347,on bike mount,cyclo cross,True,asphalt,excellent
cda86829-42ad-4860-974d-351d9b13e3af,5f8c3bc3-83d4-40fe-80a0-984d3b254eab,501d8a63-9b19-4724-a5e0-0fd03ee05b53,1633159568776,13.7077817,52.4336031,7.1457634,-0.99886924,-1.3104253,-2.231896,on bike mount,cyclo cross,True,asphalt,excellent
cda86829-42ad-4860-974d-351d9b13e3af,5f8c3bc3-83d4-40fe-80a0-984d3b254eab,ccde5370-89d8-4230-8232-0b64f96e646e,1633159568841,13.7077817,52.4336031,7.1457634,-0.5684873,-1.2534392,3.2612934,on bike mount,cyclo cross,True,asphalt,excellent
cda86829-42ad-4860-974d-351d9b13e3af,5f8c3bc3-83d4-40fe-80a0-984d3b254eab,77e7ddd4-5e5f-49fb-974b-de8c070a8a64,1633159568892,13.7077817,52.4336031,7.1457634,0.96430725,3.4572332,-0.6217241,on bike mount,cyclo cross,True,asphalt,excellent
cda86829-42ad-4860-974d-351d9b13e3af,5f8c3bc3-83d4-40fe-80a0-984d3b254eab,3097d01b-44fd-47f5-bfe6-a93320930336,1633159568942,13.7077817,52.4336031,7.1457634,-1.1567588,3.4800262,2.104703,on bike mount,cyclo cross,True,asphalt,excellent
cda86829-42ad-4860-974d-351d9b13e3af,5f8c3bc3-83d4-40fe-80a0-984d3b254eab,0786519f-fcee-431b-a858-7fcd9781d727,1633159568992,13.7077817,52.4336031,7.1457634,-0.96415085,-0.32360232,-3.951625,on bike mount,cyclo cross,True,asphalt,excellent
cda86829-42ad-4860-974d-351d9b13e3af,5f8c3bc3-83d4-40fe-80a0-984d3b254eab,225e0203-6980-4448-abb6-f80c9383b549,1633159569043,13.7077817,52.4336031,7.1457634,-0.94071114,0.038847208,-0.8637209,on bike mount,cyclo cross,True,asphalt,excellent
cda86829-42ad-4860-974d-351d9b13e3af,5f8c3bc3-83d4-40fe-80a0-984d3b254eab,bc9f2416-33d5-4e81-b751-1ba50c7b8df2,1633159569093,13.7077817,52.4336031,7.1457634,0.8218409,0.6310551,-0.8170872,on bike mount,cyclo cross,True,asphalt,excellent
cda86829-42ad-4860-974d-351d9b13e3af,5f8c3bc3-83d4-40fe-80a0-984d3b254eab,41ff7f1c-7c2c-4b1e-87da-2dac39604394,1633159569143,13.7077817,52.4336031,7.1457634,-0.03694102,-0.40134454,-0.729414,on bike mount,cyclo cross,True,asphalt,excellent
cda86829-42ad-4860-974d-351d9b13e3af,5f8c3bc3-83d4-40fe-80a0-984d3b254eab,37577ae8-0183-4d0d-948f-b8ed3bd6645c,1633159569193,13.7077817,52.4336031,7.1457634,-0.042344533,-1.3263328,-0.15423584,on bike mount,cyclo cross,True,asphalt,excellent
cda86829-42ad-4860-974d-351d9b13e3af,5f8c3bc3-83d4-40fe-80a0-984d3b254eab,fcd542e8-2414-4c86-a012-2b4ce2e19feb,1633159569244,13.7077817,52.4336031,7.1457634,-0.64549434,0.24901628,-0.33289242,on bike mount,cyclo cross,True,asphalt,excellent
cda86829-42ad-4860-974d-351d9b13e3af,5f8c3bc3-83d4-40fe-80a0-984d3b254eab,3468d7e9-ffe9-4ec0-81a5-070550303d08,1633159569294,13.7077817,52.4336031,7.1457634,-1.3209114,-2.1524167,4.142844,on bike mount,cyclo cross,True,asphalt,excellent
cda86829-42ad-4860-974d-351d9b13e3af,5f8c3bc3-83d4-40fe-80a0-984d3b254eab,04451a89-d625-40b1-b1d9-93d008636c6d,1633159569344,13.7077817,52.4336031,7.1457634,0.8224224,2.945567,-0.71937084,on bike mount,cyclo cross,True,asphalt,excellent
cda86829-42ad-4860-974d-351d9b13e3af,5f8c3bc3-83d4-40fe-80a0-984d3b254eab,10a1c2b8-2fad-4693-b9e4-0e758d9032de,1633159569394,13.7077817,52.4336031,7.1457634,0.84466815,-0.75479746,3.1392403,on bike mount,cyclo cross,True,asphalt,excellent
cda86829-42ad-4860-974d-351d9b13e3af,5f8c3bc3-83d4-40fe-80a0-984d3b254eab,f68d4f7a-3d30-4d3e-80b1-cf30d256a837,1633159569444,13.7077817,52.4336031,7.1457634,-0.0051001906,-0.7265645,-0.8103056,on bike mount,cyclo cross,True,asphalt,excellent
cda86829-42ad-4860-974d-351d9b13e3af,5f8c3bc3-83d4-40fe-80a0-984d3b254eab,03a2829f-7314-49ff-b0cd-ded06f9a6c26,1633159569494,13.7077817,52.4336031,7.1457634,-0.3177378,-3.50356,-1.3945966,on bike mount,cyclo cross,True,asphalt,excellent
cda86829-42ad-4860-974d-351d9b13e3af,5f8c3bc3-83d4-40fe-80a0-984d3b254eab,f149875f-888c-4426-ae2f-0244d1518713,1633159569544,13.7077817,52.4336031,7.1457634,2.212865,-3.5473795,1.8660107,on bike mount,cyclo cross,True,asphalt,excellent
cda86829-42ad-4860-974d-351d9b13e3af,5f8c3bc3-83d4-40fe-80a0-984d3b254eab,5bd95689-50fa-4050-9f58-5b22d3e5be55,1633159569594,13.7077817,52.4336031,7.1457634,0.8593876,-1.5068165,-3.6383286,on bike mount,cyclo cross,True,asphalt,excellent
cda86829-42ad-4860-974d-351d9b13e3af,5f8c3bc3-83d4-40fe-80a0-984d3b254eab,6e560053-4953-4801-a8cb-3038a3c752e5,1633159569646,13.707882,52.4335782,7.1755166,0.5171915,1.4138579,-0.8049798,on bike mount,cyclo cross,True,asphalt,excellent
cda86829-42ad-4860-974d-351d9b13e3af,5f8c3bc3-83d4-40fe-80a0-984d3b254eab,404084d0-5618-4646-8371-caa5b35e15c8,1633159569711,13.707882,52.4335782,7.1755166,-0.23883456,1.2601125,-1.0000057,on bike mount,cyclo cross,True,asphalt,excellent
cda86829-42ad-4860-974d-351d9b13e3af,5f8c3bc3-83d4-40fe-80a0-984d3b254eab,bcf04505-c766-4cce-a530-91358f833049,1633159569761,13.707882,52.4335782,7.1755166,-0.9232806,0.5130248,1.4554167,on bike mount,cyclo cross,True,asphalt,excellent
cda86829-42ad-4860-974d-351d9b13e3af,5f8c3bc3-83d4-40fe-80a0-984d3b254eab,52240fda-bcf7-4756-9e5b-81b864966049,1633159569812,13.707882,52.4335782,7.1755166,-0.06994726,-1.2136414,1.219943,on bike mount,cyclo cross,True,asphalt,excellent
cda86829-42ad-4860-974d-351d9b13e3af,5f8c3bc3-83d4-40fe-80a0-984d3b254eab,a7df7ab9-c912-4fd2-b05f-a8d247840dca,1633159569862,13.707882,52.4335782,7.1755166,0.7370361,0.5461726,0.41065693,on bike mount,cyclo cross,True,asphalt,excellent
cda86829-42ad-4860-974d-351d9b13e3af,5f8c3bc3-83d4-40fe-80a0-984d3b254eab,44b946ef-6bb9-492e-8078-84c427f95fa6,1633159569912,13.707882,52.4335782,7.1755166,-0.32499832,1.7189441,-1.0883441,on bike mount,cyclo cross,True,asphalt,excellent
cda86829-42ad-4860-974d-351d9b13e3af,5f8c3bc3-83d4-40fe-80a0-984d3b254eab,c5eb970c-6bae-4926-92d8-be5a1447d534,1633159569963,13.707882,52.4335782,7.1755166,0.84563345,-0.10956454,0.18258572,on bike mount,cyclo cross,True,asphalt,excellent
cda86829-42ad-4860-974d-351d9b13e3af,5f8c3bc3-83d4-40fe-80a0-984d3b254eab,bc202542-70ad-4431-9fc1-3bb1c2ac08f8,1633159570014,13.707882,52.4335782,7.1755166,-1.7196143,0.3945942,-3.9526358,on bike mount,cyclo cross,True,asphalt,excellent
cda86829-42ad-4860-974d-351d9b13e3af,5f8c3bc3-83d4-40fe-80a0-984d3b254eab,89ebefb9-c0bb-4c8f-8dd2-12e0aad008f9,1633159570063,13.707882,52.4335782,7.1755166,-0.3290151,-0.27017283,-2.9282508,on bike mount,cyclo cross,True,asphalt,excellent
cda86829-42ad-4860-974d-351d9b13e3af,5f8c3bc3-83d4-40fe-80a0-984d3b254eab,85dab607-f1f9-4ff7-918f-f17119f23ed8,1633159570113,13.707882,52.4335782,7.1755166,0.2374575,1.5070639,-2.7298093,on bike mount,cyclo cross,True,asphalt,excellent
cda86829-42ad-4860-974d-351d9b13e3af,5f8c3bc3-83d4-40fe-80a0-984d3b254eab,6a9558bf-325c-4c9e-af3a-1e035b219194,1633159570163,13.707882,52.4335782,7.1755166,0.04002935,-0.27324986,-3.625391,on bike mount,cyclo cross,True,asphalt,excellent
cda86829-42ad-4860-974d-351d9b13e3af,5f8c3bc3-83d4-40fe-80a0-984d3b254eab,b63eecb8-c273-4e08-9527-b321cf4ffedf,1633159570213,13.707882,52.4335782,7.1755166,-0.11732073,-0.16408706,2.582467,on bike mount,cyclo cross,True,asphalt,excellent
cda86829-42ad-4860-974d-351d9b13e3af,5f8c3bc3-83d4-40fe-80a0-984d3b254eab,ea3a6557-7e6a-4391-a8b6-5b3101a21661,1633159570263,13.707882,52.4335782,7.1755166,-0.0047065467,-0.17521882,-2.3050795,on bike mount,cyclo cross,True,asphalt,excellent
cda86829-42ad-4860-974d-351d9b13e3af,5f8c3bc3-83d4-40fe-80a0-984d3b254eab,9daf5804-4a7c-40c4-8599-88a109b37b49,1633159570313,13.707882,52.4335782,7.1755166,0.13307956,-1.0888375,0.13234043,on bike mount,cyclo cross,True,asphalt,excellent
cda86829-42ad-4860-974d-351d9b13e3af,5f8c3bc3-83d4-40fe-80a0-984d3b254eab,91732300-788a-4527-b4de-9820b1ca83c1,1633159570363,13.707882,52.4335782,7.1755166,-1.090792,1.227874,3.1323338,on bike mount,cyclo cross,True,asphalt,excellent
cda86829-42ad-4860-974d-351d9b13e3af,5f8c3bc3-83d4-40fe-80a0-984d3b254eab,5db0ca0a-d094-47d4-9dd2-dd88421f9111,1633159570414,13.707882,52.4335782,7.1755166,0.23899314,1.7100325,-1.2109661,on bike mount,cyclo cross,True,asphalt,excellent
cda86829-42ad-4860-974d-351d9b13e3af,5f8c3bc3-83d4-40fe-80a0-984d3b254eab,22a7c836-5ccb-4e53-8c62-3e62073ae423,1633159570464,13.707882,52.4335782,7.1755166,-0.71767354,-1.4551405,2.753353,on bike mount,cyclo cross,True,asphalt,excellent
cda86829-42ad-4860-974d-351d9b13e3af,5f8c3bc3-83d4-40fe-80a0-984d3b254eab,b96bda4c-0539-4e42-bb9e-41d0d46d01eb,1633159570515,13.707882,52.4335782,7.1755166,-0.24556479,-1.020491,0.12816143,on bike mount,cyclo cross,True,asphalt,excellent
cda86829-42ad-4860-974d-351d9b13e3af,5f8c3bc3-83d4-40fe-80a0-984d3b254eab,7baa7b88-e53e-499a-bb4c-78cee45df57e,1633159570565,13.707882,52.4335782,7.1755166,0.12688,0.13972688,0.7420521,on bike mount,cyclo cross,True,asphalt,excellent
cda86829-42ad-4860-974d-351d9b13e3af,5f8c3bc3-83d4-40fe-80a0-984d3b254eab,f6ba169d-7586-4002-b2db-502d809fcf83,1633159570620,13.707882,52.4335782,7.1755166,0.018854555,0.39457774,-1.2884336,on bike mount,cyclo cross,True,asphalt,excellent
cda86829-42ad-4860-974d-351d9b13e3af,5f8c3bc3-83d4-40fe-80a0-984d3b254eab,5f7fbed1-c011-4991-91a1-84275777c10c,1633159570681,13.7079803,52.4335554,7.147019,-0.3885755,-1.1687139,-3.1951447,on bike mount,cyclo cross,True,asphalt,excellent
cda86829-42ad-4860-974d-351d9b13e3af,5f8c3bc3-83d4-40fe-80a0-984d3b254eab,773c1362-2785-4563-8b55-e79bacb5b652,1633159570733,13.7079803,52.4335554,7.147019,0.11164366,-1.7054795,-1.1431537,on bike mount,cyclo cross,True,asphalt,excellent
cda86829-42ad-4860-974d-351d9b13e3af,5f8c3bc3-83d4-40fe-80a0-984d3b254eab,12703aa4-0254-4d08-b47a-c768712f4b89,1633159570782,13.7079803,52.4335554,7.147019,-1.3506708,0.865293,-0.2100811,on bike mount,cyclo cross,True,asphalt,excellent
cda86829-42ad-4860-974d-351d9b13e3af,5f8c3bc3-83d4-40fe-80a0-984d3b254eab,9eea2f56-295d-4e7e-bad9-2f8b747777df,1633159570832,13.7079803,52.4335554,7.147019,-0.8818254,4.182617,-5.020906,on bike mount,cyclo cross,True,asphalt,excellent
cda86829-42ad-4860-974d-351d9b13e3af,5f8c3bc3-83d4-40fe-80a0-984d3b254eab,131abbff-cbb0-40b9-8b0e-819c41f849ee,1633159570882,13.7079803,52.4335554,7.147019,0.11672495,0.641948,-0.74173546,on bike mount,cyclo cross,True,asphalt,excellent
cda86829-42ad-4860-974d-351d9b13e3af,5f8c3bc3-83d4-40fe-80a0-984d3b254eab,045c0591-3d80-49f1-8971-30e2a09a24ab,1633159570932,13.7079803,52.4335554,7.147019,-0.3160928,1.3546953,-1.3150067,on bike mount,cyclo cross,True,asphalt,excellent
cda86829-42ad-4860-974d-351d9b13e3af,5f8c3bc3-83d4-40fe-80a0-984d3b254eab,1f75debe-a958-4fb8-89b7-353114cb14fe,1633159570982,13.7079803,52.4335554,7.147019,-1.0775025,1.3766553,-0.0029497147,on bike mount,cyclo cross,True,asphalt,excellent
cda86829-42ad-4860-974d-351d9b13e3af,5f8c3bc3-83d4-40fe-80a0-984d3b254eab,d6057644-85f5-4d8d-a919-01cfb4281485,1633159571032,13.7079803,52.4335554,7.147019,1.0866433,0.29751158,2.5881853,on bike mount,cyclo cross,True,asphalt,excellent
cda86829-42ad-4860-974d-351d9b13e3af,5f8c3bc3-83d4-40fe-80a0-984d3b254eab,90fdd682-f2ee-4c4b-800b-cb81d7cef2dd,1633159571082,13.7079803,52.4335554,7.147019,-1.0975201,1.742981,-1.1081309,on bike mount,cyclo cross,True,asphalt,excellent
cda86829-42ad-4860-974d-351d9b13e3af,5f8c3bc3-83d4-40fe-80a0-984d3b254eab,4b3aeb8b-c01f-4730-8827-c20982cee8be,1633159571132,13.7079803,52.4335554,7.147019,0.6007906,-0.5886779,1.0409374,on bike mount,cyclo cross,True,asphalt,excellent
cda86829-42ad-4860-974d-351d9b13e3af,5f8c3bc3-83d4-40fe-80a0-984d3b254eab,1f29ae33-0db9-48af-b5d7-7242847b177c,1633159571183,13.7079803,52.4335554,7.147019,0.4168468,-0.8586445,-1.6102347,on bike mount,cyclo cross,True,asphalt,excellent
cda86829-42ad-4860-974d-351d9b13e3af,5f8c3bc3-83d4-40fe-80a0-984d3b254eab,70f5c22f-afb9-405b-b646-040d88fab022,1633159571250,13.7079803,52.4335554,7.147019,-1.1341387,2.1796637,4.4523115,on bike mount,cyclo cross,True,asphalt,excellent
cda86829-42ad-4860-974d-351d9b13e3af,5f8c3bc3-83d4-40fe-80a0-984d3b254eab,e6a6098b-c9ff-458f-a580-e1978080bafe,1633159571300,13.7079803,52.4335554,7.147019,-0.41113213,0.4843018,0.49538612,on bike mount,cyclo cross,True,asphalt,excellent
cda86829-42ad-4860-974d-351d9b13e3af,5f8c3bc3-83d4-40fe-80a0-984d3b254eab,cc36cb60-a36c-4c21-ac2f-11dc9525e6a5,1633159571365,13.7079803,52.4335554,7.147019,0.44240165,0.16443062,0.30562592,on bike mount,cyclo cross,True,asphalt,excellent
cda86829-42ad-4860-974d-351d9b13e3af,5f8c3bc3-83d4-40fe-80a0-984d3b254eab,c27d2660-08d9-4133-8987-bd634b14e5b2,1633159571416,13.7079803,52.4335554,7.147019,0.29978222,-1.551089,-1.894093,on bike mount,cyclo cross,True,asphalt,excellent
cda86829-42ad-4860-974d-351d9b13e3af,5f8c3bc3-83d4-40fe-80a0-984d3b254eab,42aab663-02ec-4274-b32f-431a5f3610d5,1633159571466,13.7079803,52.4335554,7.147019,-0.16849792,-0.07482934,-0.24278641,on bike mount,cyclo cross,True,asphalt,excellent
cda86829-42ad-4860-974d-351d9b13e3af,5f8c3bc3-83d4-40fe-80a0-984d3b254eab,a3e50966-9d91-4fc5-bd99-f25962184f42,1633159571516,13.7079803,52.4335554,7.147019,-0.26004532,-0.4344666,-0.1756649,on bike mount,cyclo cross,True,asphalt,excellent
cda86829-42ad-4860-974d-351d9b13e3af,5f8c3bc3-83d4-40fe-80a0-984d3b254eab,770644ca-bbd6-41d9-899d-39f435585390,1633159571566,13.7079803,52.4335554,7.147019,-1.3107079,-0.084704876,-0.17196369,on bike mount,cyclo cross,True,asphalt,excellent
cda86829-42ad-4860-974d-351d9b13e3af,5f8c3bc3-83d4-40fe-80a0-984d3b254eab,f60c912f-9bf4-4d22-a989-6235b18c40c3,1633159571616,13.7079803,52.4335554,7.147019,0.32617074,2.6942768,-1.6935287,on bike mount,cyclo cross,True,asphalt,excellent
cda86829-42ad-4860-974d-351d9b13e3af,5f8c3bc3-83d4-40fe-80a0-984d3b254eab,d2358af1-ecb2-4c2e-a9aa-ccc42ce0b6de,1633159571666,13.7080837,52.4335271,7.207951,0.092092134,0.6579857,1.9104061,on bike mount,cyclo cross,True,asphalt,excellent
cda86829-42ad-4860-974d-351d9b13e3af,5f8c3bc3-83d4-40fe-80a0-984d3b254eab,13f9ee99-df15-4a8f-b5ac-adf87df1d0db,1633159571716,13.7080837,52.4335271,7.207951,-0.7342256,-2.496485,1.3009253,on bike mount,cyclo cross,True,asphalt,excellent
cda86829-42ad-4860-974d-351d9b13e3af,5f8c3bc3-83d4-40fe-80a0-984d3b254eab,150a349f-bdff-48b3-bdbd-8ccb5300c741,1633159571767,13.7080837,52.4335271,7.207951,1.2142606,-0.18469644,2.283348,on bike mount,cyclo cross,True,asphalt,excellent
cda86829-42ad-4860-974d-351d9b13e3af,5f8c3bc3-83d4-40fe-80a0-984d3b254eab,dc8088b6-e499-4b1a-9f87-d742150fe66e,1633159571818,13.7080837,52.4335271,7.207951,0.17766204,0.6143806,-0.025942802,on bike mount,cyclo cross,True,asphalt,excellent
cda86829-42ad-4860-974d-351d9b13e3af,5f8c3bc3-83d4-40fe-80a0-984d3b254eab,df7b7881-51a1-487f-b90c-2c9e40237117,1633159571884,13.7080837,52.4335271,7.207951,0.5278677,-0.46537042,-1.4473643,on bike mount,cyclo cross,True,asphalt,excellent
cda86829-42ad-4860-974d-351d9b13e3af,5f8c3bc3-83d4-40fe-80a0-984d3b254eab,d78ce8d1-ff51-453a-9ec7-607fe0720b27,1633159571935,13.7080837,52.4335271,7.207951,-0.07642538,0.6502452,0.002166748,on bike mount,cyclo cross,True,asphalt,excellent
