bike_activity_uid,bike_activity_sample_uid,bike_activity_measurement,bike_activity_measurement_timestamp,bike_activity_measurement_lon,bike_activity_measurement_lat,bike_activity_measurement_speed,bike_activity_measurement_accelerometer_x,bike_activity_measurement_accelerometer_y,bike_activity_measurement_accelerometer_z,bike_activity_phone_position,bike_activity_bike_type,bike_activity_flagged_lab_conditions,bike_activity_surface_type,bike_activity_smoothness_type
ec6461f0-3771-4a48-b184-e422cc7a5c11,e18474e2-a909-4ec5-b8ac-45582dc816f8,b9e88136-b542-4c36-bf24-fd23bce0c0ac,1635688179415,13.3897022,52.4738141,6.004999,-1.1374713,0.1833787,1.0719051,on bike mount,cyclo cross,True,concrete plates,good
ec6461f0-3771-4a48-b184-e422cc7a5c11,e18474e2-a909-4ec5-b8ac-45582dc816f8,bba7583c-5835-4b10-aaca-985ad9cb08ff,1635688179478,13.3897022,52.4738141,6.004999,-0.6248457,-1.3038787,0.5757017,on bike mount,cyclo cross,True,concrete plates,good
ec6461f0-3771-4a48-b184-e422cc7a5c11,e18474e2-a909-4ec5-b8ac-45582dc816f8,38fa6006-eb71-4f14-82bb-46970ee87134,1635688179529,13.3897022,52.4738141,6.004999,0.40895575,3.9380393,-3.1194372,on bike mount,cyclo cross,True,concrete plates,good
ec6461f0-3771-4a48-b184-e422cc7a5c11,e18474e2-a909-4ec5-b8ac-45582dc816f8,25f97a79-743f-4271-bd1a-30440375c991,1635688179598,13.3897022,52.4738141,6.004999,-0.10107875,3.3285909,-0.14145565,on bike mount,cyclo cross,True,concrete plates,good
ec6461f0-3771-4a48-b184-e422cc7a5c11,e18474e2-a909-4ec5-b8ac-45582dc816f8,113f361a-7d63-46d0-aecd-8ef5e6b6f574,1635688179651,13.3897022,52.4738141,6.004999,-0.95785886,-0.55581665,-1.0462546,on bike mount,cyclo cross,True,concrete plates,good
ec6461f0-3771-4a48-b184-e422cc7a5c11,e18474e2-a909-4ec5-b8ac-45582dc816f8,b33f22c3-05ac-4eaf-8916-5c3844cc12b7,1635688179711,13.389704,52.4737624,5.9656744,1.2241176,-0.08515096,-0.9694991,on bike mount,cyclo cross,True,concrete plates,good
ec6461f0-3771-4a48-b184-e422cc7a5c11,e18474e2-a909-4ec5-b8ac-45582dc816f8,99f4090a-e4e9-4dcc-9bce-c38869b6551b,1635688179761,13.389704,52.4737624,5.9656744,-0.6610453,0.2975123,1.5794277,on bike mount,cyclo cross,True,concrete plates,good
ec6461f0-3771-4a48-b184-e422cc7a5c11,e18474e2-a909-4ec5-b8ac-45582dc816f8,ef8d48fd-d187-43c5-be11-30fa1a6878f3,1635688179812,13.389704,52.4737624,5.9656744,2.4543748,-0.31914473,-2.8383327,on bike mount,cyclo cross,True,concrete plates,good
ec6461f0-3771-4a48-b184-e422cc7a5c11,e18474e2-a909-4ec5-b8ac-45582dc816f8,3a974276-c51c-4c57-9153-ae7f0ff609c5,1635688179862,13.389704,52.4737624,5.9656744,0.20633751,1.6924782,-1.9390888,on bike mount,cyclo cross,True,concrete plates,good
ec6461f0-3771-4a48-b184-e422cc7a5c11,e18474e2-a909-4ec5-b8ac-45582dc816f8,07704ff0-e8ef-4554-b299-d9f835c0d4c2,1635688179914,13.389704,52.4737624,5.9656744,2.4703736,-1.7714823,-0.61663246,on bike mount,cyclo cross,True,concrete plates,good
ec6461f0-3771-4a48-b184-e422cc7a5c11,e18474e2-a909-4ec5-b8ac-45582dc816f8,a67d4647-4ed4-4aef-8843-d3f5a7cb124f,1635688179980,13.389704,52.4737624,5.9656744,-1.2569963,0.10159087,4.1023245,on bike mount,cyclo cross,True,concrete plates,good
ec6461f0-3771-4a48-b184-e422cc7a5c11,e18474e2-a909-4ec5-b8ac-45582dc816f8,c88dfafb-8201-4799-baf9-0ae1cf9b38fe,1635688180032,13.389704,52.4737624,5.9656744,2.4738832,-4.2525024,4.446604,on bike mount,cyclo cross,True,concrete plates,good
ec6461f0-3771-4a48-b184-e422cc7a5c11,e18474e2-a909-4ec5-b8ac-45582dc816f8,7c2c64c0-0b7b-4b36-8e98-ee9e40fd0d5b,1635688180097,13.389704,52.4737624,5.9656744,-0.24099976,0.80156755,-5.7645664,on bike mount,cyclo cross,True,concrete plates,good
ec6461f0-3771-4a48-b184-e422cc7a5c11,e18474e2-a909-4ec5-b8ac-45582dc816f8,48c220ab-bad1-4826-854e-4163b1a24c52,1635688180148,13.389704,52.4737624,5.9656744,1.233233,-0.53483295,-1.3478723,on bike mount,cyclo cross,True,concrete plates,good
ec6461f0-3771-4a48-b184-e422cc7a5c11,e18474e2-a909-4ec5-b8ac-45582dc816f8,5ca8442f-6cb9-4b16-80c2-e9f81feedef7,1635688180199,13.389704,52.4737624,5.9656744,-0.42565316,-0.06547046,-2.015769,on bike mount,cyclo cross,True,concrete plates,good
ec6461f0-3771-4a48-b184-e422cc7a5c11,e18474e2-a909-4ec5-b8ac-45582dc816f8,b8585268-3ca7-4fd3-9d71-e7b1788bf979,1635688180249,13.389704,52.4737624,5.9656744,-0.6929009,1.2117848,-1.0386114,on bike mount,cyclo cross,True,concrete plates,good
ec6461f0-3771-4a48-b184-e422cc7a5c11,e18474e2-a909-4ec5-b8ac-45582dc816f8,a5594c37-7f50-4370-a628-b682df29556e,1635688180299,13.389704,52.4737624,5.9656744,0.12542269,0.7965617,-0.07301521,on bike mount,cyclo cross,True,concrete plates,good
ec6461f0-3771-4a48-b184-e422cc7a5c11,e18474e2-a909-4ec5-b8ac-45582dc816f8,6556d219-e4b8-4124-af70-c782a7a2cfb0,1635688180364,13.389704,52.4737624,5.9656744,-0.4834246,-2.3710864,-0.91996336,on bike mount,cyclo cross,True,concrete plates,good
ec6461f0-3771-4a48-b184-e422cc7a5c11,e18474e2-a909-4ec5-b8ac-45582dc816f8,dff373fc-7471-42b8-be65-09a547c19628,1635688180415,13.389704,52.4737624,5.9656744,-1.292021,0.026649714,2.467084,on bike mount,cyclo cross,True,concrete plates,good
ec6461f0-3771-4a48-b184-e422cc7a5c11,e18474e2-a909-4ec5-b8ac-45582dc816f8,24805d67-17f1-4dad-a8d2-4f35121beaf0,1635688180464,13.389704,52.4737624,5.9656744,-0.2901514,-0.10473776,-0.16317463,on bike mount,cyclo cross,True,concrete plates,good
ec6461f0-3771-4a48-b184-e422cc7a5c11,e18474e2-a909-4ec5-b8ac-45582dc816f8,f24ee526-abb5-437c-9d1c-6a65d24ec2a1,1635688180515,13.389704,52.4737624,5.9656744,-1.1909838,2.00593,-2.628036,on bike mount,cyclo cross,True,concrete plates,good
ec6461f0-3771-4a48-b184-e422cc7a5c11,e18474e2-a909-4ec5-b8ac-45582dc816f8,fb461aa0-7d7f-4092-9724-79964c26cd81,1635688180565,13.389704,52.4737624,5.9656744,-0.99545354,2.7017283,-1.6708064,on bike mount,cyclo cross,True,concrete plates,good
ec6461f0-3771-4a48-b184-e422cc7a5c11,e18474e2-a909-4ec5-b8ac-45582dc816f8,9de60249-caa8-49b0-9036-b87ee2cc0a1c,1635688180617,13.389704,52.4737624,5.9656744,-0.64254224,-7.8437176,4.456729,on bike mount,cyclo cross,True,concrete plates,good
ec6461f0-3771-4a48-b184-e422cc7a5c11,e18474e2-a909-4ec5-b8ac-45582dc816f8,2ceb643e-ba14-49c3-9f0e-c8233ef128bf,1635688180668,13.389704,52.4737624,5.9656744,0.6777219,1.7753892,0.08986473,on bike mount,cyclo cross,True,concrete plates,good
ec6461f0-3771-4a48-b184-e422cc7a5c11,e18474e2-a909-4ec5-b8ac-45582dc816f8,a1afa9ff-d644-43eb-8ef3-2904a5d3f74f,1635688180731,13.3897078,52.4737076,6.152027,0.72185564,-0.6766701,-2.6700497,on bike mount,cyclo cross,True,concrete plates,good
ec6461f0-3771-4a48-b184-e422cc7a5c11,e18474e2-a909-4ec5-b8ac-45582dc816f8,7e1d764c-5c1b-4244-b216-cc43758c6a00,1635688180781,13.3897078,52.4737076,6.152027,1.6186321,-1.5067121,4.765606,on bike mount,cyclo cross,True,concrete plates,good
ec6461f0-3771-4a48-b184-e422cc7a5c11,e18474e2-a909-4ec5-b8ac-45582dc816f8,5d3485b4-a3a9-4dfa-8fd2-6517e2c453f4,1635688180833,13.3897078,52.4737076,6.152027,0.6409178,1.0049667,-2.1465511,on bike mount,cyclo cross,True,concrete plates,good
ec6461f0-3771-4a48-b184-e422cc7a5c11,e18474e2-a909-4ec5-b8ac-45582dc816f8,71f655cd-8957-4158-b68d-70216d2864cb,1635688180884,13.3897078,52.4737076,6.152027,1.5150706,0.93203115,0.67725563,on bike mount,cyclo cross,True,concrete plates,good
ec6461f0-3771-4a48-b184-e422cc7a5c11,e18474e2-a909-4ec5-b8ac-45582dc816f8,3f2fa120-f62e-439f-88a3-0b98663d7780,1635688180937,13.3897078,52.4737076,6.152027,-2.8826945,-2.9694493,-0.47824,on bike mount,cyclo cross,True,concrete plates,good
ec6461f0-3771-4a48-b184-e422cc7a5c11,e18474e2-a909-4ec5-b8ac-45582dc816f8,d35b608e-cda5-49ea-828a-e2a98414b482,1635688181001,13.3897078,52.4737076,6.152027,0.52874583,6.3232737,-0.61954975,on bike mount,cyclo cross,True,concrete plates,good
ec6461f0-3771-4a48-b184-e422cc7a5c11,e18474e2-a909-4ec5-b8ac-45582dc816f8,0515b2e0-e99d-4e59-b65a-7f85277b7351,1635688181065,13.3897078,52.4737076,6.152027,0.90790915,-5.860375,4.7542715,on bike mount,cyclo cross,True,concrete plates,good
ec6461f0-3771-4a48-b184-e422cc7a5c11,e18474e2-a909-4ec5-b8ac-45582dc816f8,93bf30b5-a90a-4544-ab38-f5a4d314ccd6,1635688181116,13.3897078,52.4737076,6.152027,-1.1371481,-0.8696048,0.087659836,on bike mount,cyclo cross,True,concrete plates,good
ec6461f0-3771-4a48-b184-e422cc7a5c11,e18474e2-a909-4ec5-b8ac-45582dc816f8,03f0d37f-99e4-40db-bbb4-f4ebb112f21f,1635688181167,13.3897078,52.4737076,6.152027,0.065148324,-1.2966301,0.25703716,on bike mount,cyclo cross,True,concrete plates,good
ec6461f0-3771-4a48-b184-e422cc7a5c11,e18474e2-a909-4ec5-b8ac-45582dc816f8,271f0516-689a-421d-8cc1-00c0f742d3a1,1635688181235,13.3897078,52.4737076,6.152027,-0.076516986,1.1012087,3.5087433,on bike mount,cyclo cross,True,concrete plates,good
ec6461f0-3771-4a48-b184-e422cc7a5c11,e18474e2-a909-4ec5-b8ac-45582dc816f8,ec059444-71d0-40ea-a272-fbc6dd80b84b,1635688181300,13.3897078,52.4737076,6.152027,-0.3583227,1.6399224,-4.57339,on bike mount,cyclo cross,True,concrete plates,good
ec6461f0-3771-4a48-b184-e422cc7a5c11,e18474e2-a909-4ec5-b8ac-45582dc816f8,82b39272-67a0-40c5-a776-65c6e069b356,1635688181351,13.3897078,52.4737076,6.152027,0.12903255,-1.0892892,2.9112816,on bike mount,cyclo cross,True,concrete plates,good
ec6461f0-3771-4a48-b184-e422cc7a5c11,e18474e2-a909-4ec5-b8ac-45582dc816f8,0f028b85-b7a7-44a3-b486-d4cc6acfea55,1635688181417,13.3897078,52.4737076,6.152027,-1.0112746,-1.6300927,1.6181135,on bike mount,cyclo cross,True,concrete plates,good
ec6461f0-3771-4a48-b184-e422cc7a5c11,e18474e2-a909-4ec5-b8ac-45582dc816f8,49f68bab-fe40-4dd1-9f4c-788327f5dee3,1635688181468,13.3897078,52.4737076,6.152027,0.07069435,0.5031624,1.4500647,on bike mount,cyclo cross,True,concrete plates,good
ec6461f0-3771-4a48-b184-e422cc7a5c11,e18474e2-a909-4ec5-b8ac-45582dc816f8,1d56a88c-dcbc-4db0-95c6-1124674152a9,1635688181519,13.3897078,52.4737076,6.152027,-0.7935221,1.413043,-0.27813625,on bike mount,cyclo cross,True,concrete plates,good
ec6461f0-3771-4a48-b184-e422cc7a5c11,e18474e2-a909-4ec5-b8ac-45582dc816f8,eac63f1d-3298-4f89-94db-073ec36c9fce,1635688181570,13.3897078,52.4737076,6.152027,1.1116676,1.679368,1.8365622,on bike mount,cyclo cross,True,concrete plates,good
ec6461f0-3771-4a48-b184-e422cc7a5c11,e18474e2-a909-4ec5-b8ac-45582dc816f8,af64a59e-b592-4288-9a13-ccf04c0f7e7a,1635688181638,13.3897078,52.4737076,6.152027,0.34715438,0.3715186,-4.2473974,on bike mount,cyclo cross,True,concrete plates,good
ec6461f0-3771-4a48-b184-e422cc7a5c11,e18474e2-a909-4ec5-b8ac-45582dc816f8,62a4e1a3-ff58-4464-bdc7-ce1e441750e6,1635688181701,13.389716,52.4736527,6.1274796,-0.3352951,-2.2097445,1.146739,on bike mount,cyclo cross,True,concrete plates,good
ec6461f0-3771-4a48-b184-e422cc7a5c11,e18474e2-a909-4ec5-b8ac-45582dc816f8,af4db64a-a6b1-496a-a0f2-520d250e24fe,1635688181751,13.389716,52.4736527,6.1274796,-0.04529661,-1.0130311,-0.9635172,on bike mount,cyclo cross,True,concrete plates,good
ec6461f0-3771-4a48-b184-e422cc7a5c11,e18474e2-a909-4ec5-b8ac-45582dc816f8,f8fefd66-6c22-45ff-8578-a9d7c5557ab6,1635688181801,13.389716,52.4736527,6.1274796,0.45737025,0.19497728,2.0111666,on bike mount,cyclo cross,True,concrete plates,good
ec6461f0-3771-4a48-b184-e422cc7a5c11,e18474e2-a909-4ec5-b8ac-45582dc816f8,450e59d5-b7ae-42d2-bd55-2ef6bd1f488c,1635688181851,13.389716,52.4736527,6.1274796,-0.0075905323,0.68801665,2.9143562,on bike mount,cyclo cross,True,concrete plates,good
ec6461f0-3771-4a48-b184-e422cc7a5c11,e18474e2-a909-4ec5-b8ac-45582dc816f8,e539c36a-a5d1-49ee-a31d-94d2799e0df1,1635688181901,13.389716,52.4736527,6.1274796,0.8616917,0.58547187,-2.5073142,on bike mount,cyclo cross,True,concrete plates,good
ec6461f0-3771-4a48-b184-e422cc7a5c11,e18474e2-a909-4ec5-b8ac-45582dc816f8,f906aaa1-e48b-45de-849d-b0c2691c8051,1635688181954,13.389716,52.4736527,6.1274796,0.4361148,2.4647012,-1.7925601,on bike mount,cyclo cross,True,concrete plates,good
ec6461f0-3771-4a48-b184-e422cc7a5c11,e18474e2-a909-4ec5-b8ac-45582dc816f8,9102355a-7b57-4f08-b5d3-0e255251aa1d,1635688182017,13.389716,52.4736527,6.1274796,1.6684527,-1.564213,1.5332232,on bike mount,cyclo cross,True,concrete plates,good
ec6461f0-3771-4a48-b184-e422cc7a5c11,e18474e2-a909-4ec5-b8ac-45582dc816f8,da71274d-e523-46d4-ab38-75b315ae8098,1635688182070,13.389716,52.4736527,6.1274796,0.3789752,2.151217,-1.1243582,on bike mount,cyclo cross,True,concrete plates,good
ec6461f0-3771-4a48-b184-e422cc7a5c11,e18474e2-a909-4ec5-b8ac-45582dc816f8,62317e73-134c-4cf2-9d8c-887e192afc8c,1635688182136,13.389716,52.4736527,6.1274796,-0.2518279,-3.9357505,0.98802376,on bike mount,cyclo cross,True,concrete plates,good
ec6461f0-3771-4a48-b184-e422cc7a5c11,e18474e2-a909-4ec5-b8ac-45582dc816f8,df4359c5-f1ee-4c85-b2be-9a743e05679a,1635688182202,13.389716,52.4736527,6.1274796,-1.0356668,-3.3564572,-1.7796912,on bike mount,cyclo cross,True,concrete plates,good
ec6461f0-3771-4a48-b184-e422cc7a5c11,e18474e2-a909-4ec5-b8ac-45582dc816f8,19b7b63a-a01d-4e48-89a8-d569c2dcb839,1635688182270,13.389716,52.4736527,6.1274796,0.4533603,3.2548437,3.851182,on bike mount,cyclo cross,True,concrete plates,good
ec6461f0-3771-4a48-b184-e422cc7a5c11,e18474e2-a909-4ec5-b8ac-45582dc816f8,184384a6-3800-4b15-b1b2-5cdbc958e3c8,1635688182336,13.389716,52.4736527,6.1274796,-0.1275273,-1.175767,-2.4097466,on bike mount,cyclo cross,True,concrete plates,good
ec6461f0-3771-4a48-b184-e422cc7a5c11,e18474e2-a909-4ec5-b8ac-45582dc816f8,fb947cc2-0c02-4195-a8a1-dd0b1481e8f4,1635688182401,13.389716,52.4736527,6.1274796,0.19641471,3.2322164,1.3799295,on bike mount,cyclo cross,True,concrete plates,good
ec6461f0-3771-4a48-b184-e422cc7a5c11,e18474e2-a909-4ec5-b8ac-45582dc816f8,63899e4c-a34d-40a7-b66e-53030b52ac5f,1635688182456,13.389716,52.4736527,6.1274796,-1.3798803,0.73644567,-6.1207533,on bike mount,cyclo cross,True,concrete plates,good
ec6461f0-3771-4a48-b184-e422cc7a5c11,e18474e2-a909-4ec5-b8ac-45582dc816f8,64e304b6-58e6-42d2-8228-fac14c0836f3,1635688182519,13.389716,52.4736527,6.1274796,0.5053832,-1.6746407,0.8189163,on bike mount,cyclo cross,True,concrete plates,good
ec6461f0-3771-4a48-b184-e422cc7a5c11,e18474e2-a909-4ec5-b8ac-45582dc816f8,379bd441-e63d-4303-af74-01bc222e7759,1635688182569,13.389716,52.4736527,6.1274796,-1.8618388,-0.9834039,1.652482,on bike mount,cyclo cross,True,concrete plates,good
ec6461f0-3771-4a48-b184-e422cc7a5c11,e18474e2-a909-4ec5-b8ac-45582dc816f8,5f0ee33a-2a3c-450e-a947-d52302f76c56,1635688182619,13.389716,52.4736527,6.1274796,-0.27396268,-0.03591585,2.0811205,on bike mount,cyclo cross,True,concrete plates,good
ec6461f0-3771-4a48-b184-e422cc7a5c11,e18474e2-a909-4ec5-b8ac-45582dc816f8,760a874b-b4b3-4b8a-804d-2ee3536630bf,1635688182668,13.389716,52.4736527,6.1274796,-0.59046364,-4.397441,2.426302,on bike mount,cyclo cross,True,concrete plates,good
ec6461f0-3771-4a48-b184-e422cc7a5c11,e18474e2-a909-4ec5-b8ac-45582dc816f8,83fe96c7-7d0f-494d-a72f-e32cac26173b,1635688182718,13.3897208,52.4735966,6.167622,0.6967827,4.2116294,2.4499445,on bike mount,cyclo cross,True,concrete plates,good
ec6461f0-3771-4a48-b184-e422cc7a5c11,e18474e2-a909-4ec5-b8ac-45582dc816f8,10f8ac6d-dc4c-4689-b1f3-f1a6de0d02de,1635688182769,13.3897208,52.4735966,6.167622,-0.53588814,-3.7473807,2.234933,on bike mount,cyclo cross,True,concrete plates,good
ec6461f0-3771-4a48-b184-e422cc7a5c11,e18474e2-a909-4ec5-b8ac-45582dc816f8,e1ddf9c6-36a6-42ea-85ec-697d09a38e90,1635688182820,13.3897208,52.4735966,6.167622,-0.81035954,-0.78205323,-4.923898,on bike mount,cyclo cross,True,concrete plates,good
ec6461f0-3771-4a48-b184-e422cc7a5c11,e18474e2-a909-4ec5-b8ac-45582dc816f8,fea2e1f5-e9fe-4205-b0bf-a79dade7e4f3,1635688182872,13.3897208,52.4735966,6.167622,0.36553812,0.44457817,0.9324608,on bike mount,cyclo cross,True,concrete plates,good
ec6461f0-3771-4a48-b184-e422cc7a5c11,e18474e2-a909-4ec5-b8ac-45582dc816f8,3002a8c1-b7ab-4608-90fe-0c082a2d86ca,1635688182935,13.3897208,52.4735966,6.167622,-1.9015983,7.000757,-2.8188758,on bike mount,cyclo cross,True,concrete plates,good
ec6461f0-3771-4a48-b184-e422cc7a5c11,e18474e2-a909-4ec5-b8ac-45582dc816f8,e0b9831d-891b-4d8a-85dd-9a298f31c4bb,1635688182988,13.3897208,52.4735966,6.167622,-0.6456976,-0.06254864,-0.22135353,on bike mount,cyclo cross,True,concrete plates,good
ec6461f0-3771-4a48-b184-e422cc7a5c11,e18474e2-a909-4ec5-b8ac-45582dc816f8,33fff0c3-7709-45f5-8373-c0b0dbe2da68,1635688183038,13.3897208,52.4735966,6.167622,-0.10907255,-3.6124744,0.16410065,on bike mount,cyclo cross,True,concrete plates,good
ec6461f0-3771-4a48-b184-e422cc7a5c11,e18474e2-a909-4ec5-b8ac-45582dc816f8,6bfc2220-e19c-4f54-9c96-9c3570706076,1635688183087,13.3897208,52.4735966,6.167622,-2.515553,2.2027235,-1.6748266,on bike mount,cyclo cross,True,concrete plates,good
ec6461f0-3771-4a48-b184-e422cc7a5c11,e18474e2-a909-4ec5-b8ac-45582dc816f8,dca2f1fa-5b09-4144-89d7-f540a2cb649f,1635688183138,13.3897208,52.4735966,6.167622,-0.3204196,-1.4967564,1.6993151,on bike mount,cyclo cross,True,concrete plates,good
ec6461f0-3771-4a48-b184-e422cc7a5c11,e18474e2-a909-4ec5-b8ac-45582dc816f8,c00f5ec5-d58f-4ff5-8b23-01a0b8a055c6,1635688183190,13.3897208,52.4735966,6.167622,0.43598813,0.024376392,0.5489445,on bike mount,cyclo cross,True,concrete plates,good
ec6461f0-3771-4a48-b184-e422cc7a5c11,e18474e2-a909-4ec5-b8ac-45582dc816f8,413a3833-fa5a-4eb5-a9f3-60b910f85e46,1635688183254,13.3897208,52.4735966,6.167622,0.3266672,-0.24079561,-3.0805302,on bike mount,cyclo cross,True,concrete plates,good
ec6461f0-3771-4a48-b184-e422cc7a5c11,e18474e2-a909-4ec5-b8ac-45582dc816f8,b9311056-fbcd-49ed-b886-53b9a9fd92aa,1635688183304,13.3897208,52.4735966,6.167622,-0.6219189,-0.64029455,1.8192444,on bike mount,cyclo cross,True,concrete plates,good
ec6461f0-3771-4a48-b184-e422cc7a5c11,e18474e2-a909-4ec5-b8ac-45582dc816f8,718a42a2-1dd5-430c-9a1e-8840ad4116dd,1635688183355,13.3897208,52.4735966,6.167622,0.39720088,0.6755538,-4.1451044,on bike mount,cyclo cross,True,concrete plates,good
ec6461f0-3771-4a48-b184-e422cc7a5c11,e18474e2-a909-4ec5-b8ac-45582dc816f8,2cba2c1e-5cd8-484d-b651-b31e3ab9fbc1,1635688183406,13.3897208,52.4735966,6.167622,-0.02904351,4.60249,1.0646973,on bike mount,cyclo cross,True,concrete plates,good
ec6461f0-3771-4a48-b184-e422cc7a5c11,e18474e2-a909-4ec5-b8ac-45582dc816f8,700cd2f1-54e2-4430-8034-5888db3d061d,1635688183456,13.3897208,52.4735966,6.167622,-1.11582,-0.5476308,-0.56938744,on bike mount,cyclo cross,True,concrete plates,good
ec6461f0-3771-4a48-b184-e422cc7a5c11,e18474e2-a909-4ec5-b8ac-45582dc816f8,59d3c86d-ffd5-4d3c-b731-ccb3e58dd896,1635688183507,13.3897208,52.4735966,6.167622,1.2440608,0.66089153,1.8462706,on bike mount,cyclo cross,True,concrete plates,good
ec6461f0-3771-4a48-b184-e422cc7a5c11,e18474e2-a909-4ec5-b8ac-45582dc816f8,b99cd802-9406-4af6-a261-107e27e7bc6a,1635688183570,13.3897208,52.4735966,6.167622,0.5835515,0.29392385,-0.5276785,on bike mount,cyclo cross,True,concrete plates,good
ec6461f0-3771-4a48-b184-e422cc7a5c11,e18474e2-a909-4ec5-b8ac-45582dc816f8,b098406e-47df-4587-9558-fbe50e7cdb46,1635688183622,13.3897208,52.4735966,6.167622,0.14910972,1.931623,-0.9691334,on bike mount,cyclo cross,True,concrete plates,good
ec6461f0-3771-4a48-b184-e422cc7a5c11,e18474e2-a909-4ec5-b8ac-45582dc816f8,bb375f14-ee34-4283-9d9a-e4e745516a6f,1635688183672,13.3897309,52.4735396,6.212783,1.3692231,2.7967477,0.67028236,on bike mount,cyclo cross,True,concrete plates,good
ec6461f0-3771-4a48-b184-e422cc7a5c11,e18474e2-a909-4ec5-b8ac-45582dc816f8,ae5a6deb-0f1a-4f12-8af7-b7ef2820d565,1635688183723,13.3897309,52.4735396,6.212783,0.3845182,-1.6348535,0.75252056,on bike mount,cyclo cross,True,concrete plates,good
ec6461f0-3771-4a48-b184-e422cc7a5c11,e18474e2-a909-4ec5-b8ac-45582dc816f8,6dd1ac33-72b9-43e6-a797-0d8b771da896,1635688183775,13.3897309,52.4735396,6.212783,-0.67093265,0.24633145,1.6951647,on bike mount,cyclo cross,True,concrete plates,good
ec6461f0-3771-4a48-b184-e422cc7a5c11,e18474e2-a909-4ec5-b8ac-45582dc816f8,83e5eb25-ae4b-4700-8e07-2733712f04c3,1635688183839,13.3897309,52.4735396,6.212783,1.3029568,0.699209,-0.29002762,on bike mount,cyclo cross,True,concrete plates,good
ec6461f0-3771-4a48-b184-e422cc7a5c11,e18474e2-a909-4ec5-b8ac-45582dc816f8,de47e292-a705-4384-9dc2-51918c91fa20,1635688183889,13.3897309,52.4735396,6.212783,-0.22432268,-2.0800283,-3.1774216,on bike mount,cyclo cross,True,concrete plates,good
ec6461f0-3771-4a48-b184-e422cc7a5c11,e18474e2-a909-4ec5-b8ac-45582dc816f8,05c405bc-582d-4135-a7e2-f8c8a3e8f685,1635688183940,13.3897309,52.4735396,6.212783,1.159924,1.0683012,-0.18612862,on bike mount,cyclo cross,True,concrete plates,good
ec6461f0-3771-4a48-b184-e422cc7a5c11,e18474e2-a909-4ec5-b8ac-45582dc816f8,4e1894cf-cab3-4be3-a149-7a84ae6e6caa,1635688183991,13.3897309,52.4735396,6.212783,1.1329486,0.044148922,0.44458103,on bike mount,cyclo cross,True,concrete plates,good
ec6461f0-3771-4a48-b184-e422cc7a5c11,e18474e2-a909-4ec5-b8ac-45582dc816f8,732f94e4-2b35-48b2-b44c-e3d3507bcee1,1635688184056,13.3897309,52.4735396,6.212783,1.0101414,-1.352391,0.16280842,on bike mount,cyclo cross,True,concrete plates,good
ec6461f0-3771-4a48-b184-e422cc7a5c11,e18474e2-a909-4ec5-b8ac-45582dc816f8,82c5a8d6-d674-4196-955e-b6620ad9c0bc,1635688184108,13.3897309,52.4735396,6.212783,0.26895154,2.6606526,-2.5117621,on bike mount,cyclo cross,True,concrete plates,good
ec6461f0-3771-4a48-b184-e422cc7a5c11,e18474e2-a909-4ec5-b8ac-45582dc816f8,919c3a2f-7f05-4bab-80ad-a2a690ad42c7,1635688184176,13.3897309,52.4735396,6.212783,1.3135835,-0.14047408,2.6427145,on bike mount,cyclo cross,True,concrete plates,good
ec6461f0-3771-4a48-b184-e422cc7a5c11,e18474e2-a909-4ec5-b8ac-45582dc816f8,7757d585-e727-4ef8-a780-0c19ee8c2030,1635688184226,13.3897309,52.4735396,6.212783,2.7941685,3.0842938,-0.9335995,on bike mount,cyclo cross,True,concrete plates,good
ec6461f0-3771-4a48-b184-e422cc7a5c11,e18474e2-a909-4ec5-b8ac-45582dc816f8,b8ff93ff-24f2-49f4-bf54-3dd0de5b3124,1635688184289,13.3897309,52.4735396,6.212783,-0.80841255,0.40376663,0.27091312,on bike mount,cyclo cross,True,concrete plates,good
ec6461f0-3771-4a48-b184-e422cc7a5c11,e18474e2-a909-4ec5-b8ac-45582dc816f8,5d16bef6-2790-4321-8064-40f119ff6d69,1635688184339,13.3897309,52.4735396,6.212783,1.1922226,-1.7298963,1.9327526,on bike mount,cyclo cross,True,concrete plates,good
ec6461f0-3771-4a48-b184-e422cc7a5c11,e18474e2-a909-4ec5-b8ac-45582dc816f8,5dd42297-0baa-4d69-b1b2-72db48a1f143,1635688184390,13.3897309,52.4735396,6.212783,0.47309667,-5.6130567,-2.9867725,on bike mount,cyclo cross,True,concrete plates,good
ec6461f0-3771-4a48-b184-e422cc7a5c11,e18474e2-a909-4ec5-b8ac-45582dc816f8,5020ec94-1c9f-4a8f-8a32-e6bf4b22a852,1635688184456,13.3897309,52.4735396,6.212783,3.9366307,-2.0640712,9.777543,on bike mount,cyclo cross,True,concrete plates,good
ec6461f0-3771-4a48-b184-e422cc7a5c11,e18474e2-a909-4ec5-b8ac-45582dc816f8,6f81a9e9-c73a-4af2-84fd-400e3cae4180,1635688184508,13.3897309,52.4735396,6.212783,1.4060569,2.6712213,5.628277,on bike mount,cyclo cross,True,concrete plates,good
ec6461f0-3771-4a48-b184-e422cc7a5c11,e18474e2-a909-4ec5-b8ac-45582dc816f8,645495fa-fdaf-477f-8d5f-51360556facd,1635688184558,13.3897309,52.4735396,6.212783,0.46592116,-2.4334047,1.0069695,on bike mount,cyclo cross,True,concrete plates,good
ec6461f0-3771-4a48-b184-e422cc7a5c11,e18474e2-a909-4ec5-b8ac-45582dc816f8,39f61340-2108-4517-a6be-b5c0c8121972,1635688184607,13.3897309,52.4735396,6.212783,-1.798108,-0.43726492,0.30522633,on bike mount,cyclo cross,True,concrete plates,good
ec6461f0-3771-4a48-b184-e422cc7a5c11,e18474e2-a909-4ec5-b8ac-45582dc816f8,148bad75-21bf-4025-8cec-f6a939b6e45e,1635688184660,13.3897309,52.4735396,6.212783,-0.24891028,0.34983468,-0.61886406,on bike mount,cyclo cross,True,concrete plates,good
ec6461f0-3771-4a48-b184-e422cc7a5c11,e18474e2-a909-4ec5-b8ac-45582dc816f8,988cc1f3-6a6b-4ee1-8575-1abef767e990,1635688184723,13.3897322,52.4734859,6.209344,-1.3738282,3.5855994,-0.4265318,on bike mount,cyclo cross,True,concrete plates,good
ec6461f0-3771-4a48-b184-e422cc7a5c11,e18474e2-a909-4ec5-b8ac-45582dc816f8,bdb12cda-42e2-4fa0-8cd5-1e4abce39b76,1635688184775,13.3897322,52.4734859,6.209344,-0.21423164,-3.935497,0.64166737,on bike mount,cyclo cross,True,concrete plates,good
ec6461f0-3771-4a48-b184-e422cc7a5c11,e18474e2-a909-4ec5-b8ac-45582dc816f8,37f9a5a8-6e8f-42d6-90ec-7c193a1299d5,1635688184833,13.3897322,52.4734859,6.209344,-0.1156286,1.4804475,-0.44018745,on bike mount,cyclo cross,True,concrete plates,good
ec6461f0-3771-4a48-b184-e422cc7a5c11,e18474e2-a909-4ec5-b8ac-45582dc816f8,e87d4b6f-6e72-4a51-a1b9-6738b91e8b09,1635688184892,13.3897322,52.4734859,6.209344,-0.62408763,0.86389875,1.4254684,on bike mount,cyclo cross,True,concrete plates,good
ec6461f0-3771-4a48-b184-e422cc7a5c11,e18474e2-a909-4ec5-b8ac-45582dc816f8,ba722bd5-6d05-4e24-8b11-6e47c101d5e0,1635688184942,13.3897322,52.4734859,6.209344,-0.29162788,0.66590214,-1.6457906,on bike mount,cyclo cross,True,concrete plates,good
ec6461f0-3771-4a48-b184-e422cc7a5c11,e18474e2-a909-4ec5-b8ac-45582dc816f8,2052f280-1ce7-496a-a5c4-115994f1bde4,1635688185007,13.3897322,52.4734859,6.209344,-3.6737876,3.2197728,-1.0003142,on bike mount,cyclo cross,True,concrete plates,good
ec6461f0-3771-4a48-b184-e422cc7a5c11,e18474e2-a909-4ec5-b8ac-45582dc816f8,a0ebc485-d89d-44f0-bd8f-43420becfc8d,1635688185058,13.3897322,52.4734859,6.209344,-1.3459237,-1.8748671,1.0247879,on bike mount,cyclo cross,True,concrete plates,good
ec6461f0-3771-4a48-b184-e422cc7a5c11,e18474e2-a909-4ec5-b8ac-45582dc816f8,d58067e9-2d0f-4c2c-bcc6-cb157322386f,1635688185109,13.3897322,52.4734859,6.209344,-0.6449276,-0.3922813,-2.340835,on bike mount,cyclo cross,True,concrete plates,good
ec6461f0-3771-4a48-b184-e422cc7a5c11,e18474e2-a909-4ec5-b8ac-45582dc816f8,777c481f-6beb-4479-a038-67d4847335c4,1635688185176,13.3897322,52.4734859,6.209344,-1.2765561,0.062612295,-0.55410576,on bike mount,cyclo cross,True,concrete plates,good
ec6461f0-3771-4a48-b184-e422cc7a5c11,e18474e2-a909-4ec5-b8ac-45582dc816f8,2850fc62-9348-4823-a721-0ea188237524,1635688185225,13.3897322,52.4734859,6.209344,1.2722206,5.695757,1.0993757,on bike mount,cyclo cross,True,concrete plates,good
ec6461f0-3771-4a48-b184-e422cc7a5c11,e18474e2-a909-4ec5-b8ac-45582dc816f8,d304efc9-cbc5-4ea4-baff-52fb892858cd,1635688185276,13.3897322,52.4734859,6.209344,-0.58391255,-0.85282683,-0.09196758,on bike mount,cyclo cross,True,concrete plates,good
ec6461f0-3771-4a48-b184-e422cc7a5c11,e18474e2-a909-4ec5-b8ac-45582dc816f8,bcf898ea-6475-4c12-93d2-c6ff7ff84b03,1635688185325,13.3897322,52.4734859,6.209344,-1.0852586,1.3984232,2.0373592,on bike mount,cyclo cross,True,concrete plates,good
ec6461f0-3771-4a48-b184-e422cc7a5c11,e18474e2-a909-4ec5-b8ac-45582dc816f8,b30a39a3-671b-4323-8550-91d7b9f33746,1635688185376,13.3897322,52.4734859,6.209344,-0.10067791,0.48754,-0.6392937,on bike mount,cyclo cross,True,concrete plates,good
ec6461f0-3771-4a48-b184-e422cc7a5c11,e18474e2-a909-4ec5-b8ac-45582dc816f8,86b19ef6-68ff-40ed-b977-43a4584520cf,1635688185429,13.3897322,52.4734859,6.209344,-0.90020764,-1.7109982,-0.58884716,on bike mount,cyclo cross,True,concrete plates,good
ec6461f0-3771-4a48-b184-e422cc7a5c11,e18474e2-a909-4ec5-b8ac-45582dc816f8,6803eea3-ff5c-4ac8-8fe0-e90049279512,1635688185492,13.3897322,52.4734859,6.209344,-0.703902,-0.49605536,1.210782,on bike mount,cyclo cross,True,concrete plates,good
ec6461f0-3771-4a48-b184-e422cc7a5c11,e18474e2-a909-4ec5-b8ac-45582dc816f8,513b93d9-fe2b-4c6a-89c6-1394c7d74ffc,1635688185541,13.3897322,52.4734859,6.209344,-1.8525815,-1.0774428,3.6083317,on bike mount,cyclo cross,True,concrete plates,good
ec6461f0-3771-4a48-b184-e422cc7a5c11,e18474e2-a909-4ec5-b8ac-45582dc816f8,5e6f6dea-e9b2-4127-a717-df21de82eb5b,1635688185591,13.3897322,52.4734859,6.209344,0.7340275,-2.7858305,0.6150398,on bike mount,cyclo cross,True,concrete plates,good
ec6461f0-3771-4a48-b184-e422cc7a5c11,e18474e2-a909-4ec5-b8ac-45582dc816f8,2ea5d009-5dab-4d41-9a8d-b55ec2f9d77c,1635688185643,13.3897322,52.4734859,6.209344,-0.6520034,1.7284656,-2.6652575,on bike mount,cyclo cross,True,concrete plates,good
ec6461f0-3771-4a48-b184-e422cc7a5c11,e18474e2-a909-4ec5-b8ac-45582dc816f8,a1549754-32d9-4efc-a30f-7617c47ce114,1635688185696,13.3897377,52.4734322,6.206133,0.23746777,-2.1406755,2.12261,on bike mount,cyclo cross,True,concrete plates,good
ec6461f0-3771-4a48-b184-e422cc7a5c11,e18474e2-a909-4ec5-b8ac-45582dc816f8,598c06f3-4d38-41d3-87df-77d8228954c8,1635688185758,13.3897377,52.4734322,6.206133,-1.5834354,0.0073421,1.8902111,on bike mount,cyclo cross,True,concrete plates,good
ec6461f0-3771-4a48-b184-e422cc7a5c11,e18474e2-a909-4ec5-b8ac-45582dc816f8,47c61554-927e-4392-8d9b-50f0f9813599,1635688185808,13.3897377,52.4734322,6.206133,-0.11385885,0.8559723,1.0297327,on bike mount,cyclo cross,True,concrete plates,good
ec6461f0-3771-4a48-b184-e422cc7a5c11,e18474e2-a909-4ec5-b8ac-45582dc816f8,09c42f8c-e5be-4d4f-8d04-92020d4fea62,1635688185859,13.3897377,52.4734322,6.206133,0.18357974,0.9192085,-0.2569704,on bike mount,cyclo cross,True,concrete plates,good
ec6461f0-3771-4a48-b184-e422cc7a5c11,e18474e2-a909-4ec5-b8ac-45582dc816f8,a37fc18f-d281-403f-880e-6a6459c26f8d,1635688185909,13.3897377,52.4734322,6.206133,-1.7180394,-0.93011093,-0.5831747,on bike mount,cyclo cross,True,concrete plates,good
ec6461f0-3771-4a48-b184-e422cc7a5c11,e18474e2-a909-4ec5-b8ac-45582dc816f8,e9de1094-f8ee-46c8-9372-c758d2978ad0,1635688185960,13.3897377,52.4734322,6.206133,0.3055088,-0.018646002,2.7616453,on bike mount,cyclo cross,True,concrete plates,good
ec6461f0-3771-4a48-b184-e422cc7a5c11,e18474e2-a909-4ec5-b8ac-45582dc816f8,5971b361-9b81-4b48-aa7a-fe48665e7073,1635688186027,13.3897377,52.4734322,6.206133,-0.4279035,-0.95682263,-2.3847785,on bike mount,cyclo cross,True,concrete plates,good
ec6461f0-3771-4a48-b184-e422cc7a5c11,e18474e2-a909-4ec5-b8ac-45582dc816f8,6ece4938-3885-4237-aced-71e50f8dd0e6,1635688186077,13.3897377,52.4734322,6.206133,0.13461742,-1.0519507,-1.9642811,on bike mount,cyclo cross,True,concrete plates,good
ec6461f0-3771-4a48-b184-e422cc7a5c11,e18474e2-a909-4ec5-b8ac-45582dc816f8,7cbb8184-10f7-4038-ab84-80e6d0f9bde4,1635688186127,13.3897377,52.4734322,6.206133,-0.37498915,-6.210864,8.529085,on bike mount,cyclo cross,True,concrete plates,good
ec6461f0-3771-4a48-b184-e422cc7a5c11,e18474e2-a909-4ec5-b8ac-45582dc816f8,627ee168-fdf1-463a-8fe7-8508936c8e40,1635688186192,13.3897377,52.4734322,6.206133,0.79369414,-3.2912493,4.596672,on bike mount,cyclo cross,True,concrete plates,good
ec6461f0-3771-4a48-b184-e422cc7a5c11,e18474e2-a909-4ec5-b8ac-45582dc816f8,167a9bda-a8ae-4151-bbfa-7c52df505207,1635688186244,13.3897377,52.4734322,6.206133,2.1196685,-6.078072,5.263604,on bike mount,cyclo cross,True,concrete plates,good
ec6461f0-3771-4a48-b184-e422cc7a5c11,e18474e2-a909-4ec5-b8ac-45582dc816f8,2c40ca4c-1abe-408c-a28e-737da8f91575,1635688186309,13.3897377,52.4734322,6.206133,0.9975599,-0.7373917,7.6161623,on bike mount,cyclo cross,True,concrete plates,good
ec6461f0-3771-4a48-b184-e422cc7a5c11,e18474e2-a909-4ec5-b8ac-45582dc816f8,63bb67f2-77ad-44b9-a118-a95b1f30a27a,1635688186361,13.3897377,52.4734322,6.206133,1.4634413,2.4127421,0.39781094,on bike mount,cyclo cross,True,concrete plates,good
ec6461f0-3771-4a48-b184-e422cc7a5c11,e18474e2-a909-4ec5-b8ac-45582dc816f8,2d40e98a-21c1-4014-9e56-d0f7a74e0c80,1635688186415,13.3897377,52.4734322,6.206133,0.25785527,3.6871371,1.677866,on bike mount,cyclo cross,True,concrete plates,good
ec6461f0-3771-4a48-b184-e422cc7a5c11,e18474e2-a909-4ec5-b8ac-45582dc816f8,a255d6cc-c330-4dc6-9425-c1f3ad620b5e,1635688186467,13.3897377,52.4734322,6.206133,-1.4296484,1.2435648,3.4004536,on bike mount,cyclo cross,True,concrete plates,good
ec6461f0-3771-4a48-b184-e422cc7a5c11,e18474e2-a909-4ec5-b8ac-45582dc816f8,22c152f2-638b-49e5-809c-29bd82289741,1635688186527,13.3897377,52.4734322,6.206133,1.5884863,1.9423752,-1.4327478,on bike mount,cyclo cross,True,concrete plates,good
ec6461f0-3771-4a48-b184-e422cc7a5c11,e18474e2-a909-4ec5-b8ac-45582dc816f8,2c9bf0f5-a267-4251-a12b-69190ea88a04,1635688186578,13.3897377,52.4734322,6.206133,-0.172693,-1.4647112,2.0997047,on bike mount,cyclo cross,True,concrete plates,good
ec6461f0-3771-4a48-b184-e422cc7a5c11,e18474e2-a909-4ec5-b8ac-45582dc816f8,91efb754-e29b-4812-9e80-65ba00db9146,1635688186627,13.3897377,52.4734322,6.206133,-0.18915154,1.7774794,0.703784,on bike mount,cyclo cross,True,concrete plates,good
ec6461f0-3771-4a48-b184-e422cc7a5c11,e18474e2-a909-4ec5-b8ac-45582dc816f8,8af0eafe-cc40-41ed-bfd4-475ebcef1dae,1635688186685,13.3897456,52.4733768,6.236786,1.4090405,-4.262141,3.9249992,on bike mount,cyclo cross,True,concrete plates,good
ec6461f0-3771-4a48-b184-e422cc7a5c11,e18474e2-a909-4ec5-b8ac-45582dc816f8,e23543f4-1423-4415-9bb2-0860577e28d4,1635688186746,13.3897456,52.4733768,6.236786,-0.78276277,2.2415228,-3.8720894,on bike mount,cyclo cross,True,concrete plates,good
ec6461f0-3771-4a48-b184-e422cc7a5c11,e18474e2-a909-4ec5-b8ac-45582dc816f8,5550a7b3-96b9-4cc7-b42a-d348758689a9,1635688186797,13.3897456,52.4733768,6.236786,0.14483814,1.6170025,1.5647535,on bike mount,cyclo cross,True,concrete plates,good
ec6461f0-3771-4a48-b184-e422cc7a5c11,e18474e2-a909-4ec5-b8ac-45582dc816f8,e7d23bb6-57a6-4b9f-bb88-2ac273bc18dc,1635688186861,13.3897456,52.4733768,6.236786,-0.005292736,0.99124646,1.0371923,on bike mount,cyclo cross,True,concrete plates,good
ec6461f0-3771-4a48-b184-e422cc7a5c11,e18474e2-a909-4ec5-b8ac-45582dc816f8,5b191044-0f1f-4fcf-835a-d9d873821429,1635688186916,13.3897456,52.4733768,6.236786,-0.094588146,-1.6841459,-1.2861047,on bike mount,cyclo cross,True,concrete plates,good
ec6461f0-3771-4a48-b184-e422cc7a5c11,e18474e2-a909-4ec5-b8ac-45582dc816f8,ecd62844-aa4f-4366-97b0-c38636557b68,1635688186978,13.3897456,52.4733768,6.236786,-0.59626675,-3.5599787,-1.6308007,on bike mount,cyclo cross,True,concrete plates,good
ec6461f0-3771-4a48-b184-e422cc7a5c11,e18474e2-a909-4ec5-b8ac-45582dc816f8,2dd9f5a0-20a5-49ae-baf8-08653aa32176,1635688187029,13.3897456,52.4733768,6.236786,-0.59676325,-1.102243,-0.7239866,on bike mount,cyclo cross,True,concrete plates,good
ec6461f0-3771-4a48-b184-e422cc7a5c11,e18474e2-a909-4ec5-b8ac-45582dc816f8,cb9e9088-7005-4949-9356-c656cc039d27,1635688187080,13.3897456,52.4733768,6.236786,-0.792872,1.3609161,4.05789,on bike mount,cyclo cross,True,concrete plates,good
ec6461f0-3771-4a48-b184-e422cc7a5c11,e18474e2-a909-4ec5-b8ac-45582dc816f8,e40caa37-c6f6-4c68-aa1b-a73dd1d506ba,1635688187146,13.3897456,52.4733768,6.236786,0.47484583,-1.4689007,-3.486021,on bike mount,cyclo cross,True,concrete plates,good
ec6461f0-3771-4a48-b184-e422cc7a5c11,e18474e2-a909-4ec5-b8ac-45582dc816f8,3df75c3b-e7ea-462f-a81d-9ee1b36fed3d,1635688187214,13.3897456,52.4733768,6.236786,-0.634319,-1.645129,1.8322086,on bike mount,cyclo cross,True,concrete plates,good
ec6461f0-3771-4a48-b184-e422cc7a5c11,e18474e2-a909-4ec5-b8ac-45582dc816f8,241a07f3-5242-4260-94ba-c280d50ffed8,1635688187266,13.3897456,52.4733768,6.236786,0.9266741,3.3516421,1.2212591,on bike mount,cyclo cross,True,concrete plates,good
ec6461f0-3771-4a48-b184-e422cc7a5c11,e18474e2-a909-4ec5-b8ac-45582dc816f8,37b2a2c3-7e42-4620-abeb-18cddc9d8322,1635688187329,13.3897456,52.4733768,6.236786,0.12227005,-2.4639006,1.5892982,on bike mount,cyclo cross,True,concrete plates,good
ec6461f0-3771-4a48-b184-e422cc7a5c11,e18474e2-a909-4ec5-b8ac-45582dc816f8,01334638-ca98-4d5c-a3c5-4b12dd3f9492,1635688187380,13.3897456,52.4733768,6.236786,-2.1521547,7.915925,1.9523621,on bike mount,cyclo cross,True,concrete plates,good
ec6461f0-3771-4a48-b184-e422cc7a5c11,e18474e2-a909-4ec5-b8ac-45582dc816f8,dc9504aa-14dc-458c-95f7-8ab086eba6d5,1635688187431,13.3897456,52.4733768,6.236786,0.5853538,-2.8619022,6.320936,on bike mount,cyclo cross,True,concrete plates,good
ec6461f0-3771-4a48-b184-e422cc7a5c11,e18474e2-a909-4ec5-b8ac-45582dc816f8,7e0b5b87-76d4-4057-8030-fe23d350fb65,1635688187495,13.3897456,52.4733768,6.236786,1.1436388,2.2345417,-2.7670345,on bike mount,cyclo cross,True,concrete plates,good
ec6461f0-3771-4a48-b184-e422cc7a5c11,e18474e2-a909-4ec5-b8ac-45582dc816f8,f1ba468b-529e-40e5-8eed-f7ab60344239,1635688187547,13.3897456,52.4733768,6.236786,0.68561125,-5.983251,1.3738432,on bike mount,cyclo cross,True,concrete plates,good
ec6461f0-3771-4a48-b184-e422cc7a5c11,e18474e2-a909-4ec5-b8ac-45582dc816f8,56f1e918-e339-4ca2-9ba4-2405417d46bc,1635688187597,13.3897456,52.4733768,6.236786,-1.7676059,-1.4965602,-2.3892589,on bike mount,cyclo cross,True,concrete plates,good
ec6461f0-3771-4a48-b184-e422cc7a5c11,e18474e2-a909-4ec5-b8ac-45582dc816f8,306eecc9-4e38-4602-be02-a5146080b467,1635688187647,13.3897456,52.4733768,6.236786,-1.2154307,4.5240145,-3.6671066,on bike mount,cyclo cross,True,concrete plates,good
ec6461f0-3771-4a48-b184-e422cc7a5c11,e4bc5a14-092b-41fa-ba3f-946e640eb6a4,52e07ade-d8a6-4ad7-b377-ccaac61dc44d,1635688184807,13.3897322,52.4734859,6.209344,-1.8381494,-4.52608,-1.0439658,on bike mount,cyclo cross,True,concrete plates,good
ec6461f0-3771-4a48-b184-e422cc7a5c11,e4bc5a14-092b-41fa-ba3f-946e640eb6a4,3eac1f51-40c4-4bd9-806a-4059c42fc3a7,1635688184858,13.3897322,52.4734859,6.209344,0.24590707,-3.2091296,2.083912,on bike mount,cyclo cross,True,concrete plates,good
ec6461f0-3771-4a48-b184-e422cc7a5c11,e4bc5a14-092b-41fa-ba3f-946e640eb6a4,53897494-866e-4ad8-9ead-e26f8dffbf31,1635688184909,13.3897322,52.4734859,6.209344,-1.1284951,-0.9161439,0.010273933,on bike mount,cyclo cross,True,concrete plates,good
ec6461f0-3771-4a48-b184-e422cc7a5c11,e4bc5a14-092b-41fa-ba3f-946e640eb6a4,d94bf029-c799-4b87-baf3-0521a8e0dca8,1635688184958,13.3897322,52.4734859,6.209344,-0.1458298,-2.2303584,2.8486586,on bike mount,cyclo cross,True,concrete plates,good
ec6461f0-3771-4a48-b184-e422cc7a5c11,e4bc5a14-092b-41fa-ba3f-946e640eb6a4,f9089755-0071-4ff5-a8c6-7c123931db75,1635688185008,13.3897322,52.4734859,6.209344,-3.6737876,3.2197728,-1.0003142,on bike mount,cyclo cross,True,concrete plates,good
ec6461f0-3771-4a48-b184-e422cc7a5c11,e4bc5a14-092b-41fa-ba3f-946e640eb6a4,5a011ac3-03a2-488d-b579-444dfd78a9bf,1635688185075,13.3897322,52.4734859,6.209344,-1.9146137,0.2862041,-1.3905301,on bike mount,cyclo cross,True,concrete plates,good
ec6461f0-3771-4a48-b184-e422cc7a5c11,e4bc5a14-092b-41fa-ba3f-946e640eb6a4,3af69782-ef69-4598-9e5c-fb155f5b0d80,1635688185142,13.3897322,52.4734859,6.209344,0.51847863,-4.672555,2.1072693,on bike mount,cyclo cross,True,concrete plates,good
ec6461f0-3771-4a48-b184-e422cc7a5c11,e4bc5a14-092b-41fa-ba3f-946e640eb6a4,3d036d8f-926c-4c39-a087-51b6c2df00f2,1635688185194,13.3897322,52.4734859,6.209344,0.30763292,0.32984805,-1.1546202,on bike mount,cyclo cross,True,concrete plates,good
ec6461f0-3771-4a48-b184-e422cc7a5c11,e4bc5a14-092b-41fa-ba3f-946e640eb6a4,87510457-fbc9-4573-99de-f8b0caa61f27,1635688185258,13.3897322,52.4734859,6.209344,0.15935266,-2.8976395,0.6816244,on bike mount,cyclo cross,True,concrete plates,good
ec6461f0-3771-4a48-b184-e422cc7a5c11,e4bc5a14-092b-41fa-ba3f-946e640eb6a4,6a99791e-d759-4f6f-92dd-d6c2d94ab1b8,1635688185308,13.3897322,52.4734859,6.209344,-1.7526519,-3.2584324,1.0151072,on bike mount,cyclo cross,True,concrete plates,good
ec6461f0-3771-4a48-b184-e422cc7a5c11,e4bc5a14-092b-41fa-ba3f-946e640eb6a4,868b0777-c391-4ce9-99ed-619d06d14f22,1635688185358,13.3897322,52.4734859,6.209344,0.031674564,-0.96781063,2.116599,on bike mount,cyclo cross,True,concrete plates,good
ec6461f0-3771-4a48-b184-e422cc7a5c11,e4bc5a14-092b-41fa-ba3f-946e640eb6a4,a45ca31e-069c-4e44-9b50-196865c34631,1635688185408,13.3897322,52.4734859,6.209344,-1.7021635,0.3336966,0.99306965,on bike mount,cyclo cross,True,concrete plates,good
ec6461f0-3771-4a48-b184-e422cc7a5c11,e4bc5a14-092b-41fa-ba3f-946e640eb6a4,0b0cab69-0dcd-4055-af5c-3df3aa3eb194,1635688185458,13.3897322,52.4734859,6.209344,-1.1187093,-1.2896115,-0.14336205,on bike mount,cyclo cross,True,concrete plates,good
ec6461f0-3771-4a48-b184-e422cc7a5c11,e4bc5a14-092b-41fa-ba3f-946e640eb6a4,ff3a8812-6235-469c-a899-f032b0cf2c6d,1635688185508,13.3897322,52.4734859,6.209344,0.19668162,0.0074493885,2.4348707,on bike mount,cyclo cross,True,concrete plates,good
ec6461f0-3771-4a48-b184-e422cc7a5c11,e4bc5a14-092b-41fa-ba3f-946e640eb6a4,289937af-03fa-42c4-85c9-14839a87868f,1635688185558,13.3897322,52.4734859,6.209344,-2.2689366,2.0978222,-2.1168237,on bike mount,cyclo cross,True,concrete plates,good
ec6461f0-3771-4a48-b184-e422cc7a5c11,e4bc5a14-092b-41fa-ba3f-946e640eb6a4,c57be06c-ce95-4dab-9644-d7ff20764dd8,1635688185608,13.3897322,52.4734859,6.209344,0.11335677,1.9358964,-3.0138407,on bike mount,cyclo cross,True,concrete plates,good
ec6461f0-3771-4a48-b184-e422cc7a5c11,e4bc5a14-092b-41fa-ba3f-946e640eb6a4,9c418c90-ea8f-4a3d-99df-178a40e496f7,1635688185662,13.3897322,52.4734859,6.209344,-0.20015433,-1.6485771,-0.106285095,on bike mount,cyclo cross,True,concrete plates,good
ec6461f0-3771-4a48-b184-e422cc7a5c11,e4bc5a14-092b-41fa-ba3f-946e640eb6a4,f7c64eaf-d007-4f32-894b-2ab35feedca0,1635688185725,13.3897377,52.4734322,6.206133,-2.0613337,2.3610265,-1.35186,on bike mount,cyclo cross,True,concrete plates,good
ec6461f0-3771-4a48-b184-e422cc7a5c11,e4bc5a14-092b-41fa-ba3f-946e640eb6a4,243aa355-6a42-4266-b4cb-2abbe2571756,1635688185775,13.3897377,52.4734322,6.206133,0.33536118,-1.5979805,1.4935484,on bike mount,cyclo cross,True,concrete plates,good
ec6461f0-3771-4a48-b184-e422cc7a5c11,e4bc5a14-092b-41fa-ba3f-946e640eb6a4,a9cac4d7-6d37-4630-a092-4e9117e7cdbe,1635688185827,13.3897377,52.4734322,6.206133,-1.1398727,1.257874,-2.5989504,on bike mount,cyclo cross,True,concrete plates,good
ec6461f0-3771-4a48-b184-e422cc7a5c11,e4bc5a14-092b-41fa-ba3f-946e640eb6a4,34c8c405-70b1-4d41-86e1-934abdd31034,1635688185877,13.3897377,52.4734322,6.206133,1.0470009,-0.40202045,1.1240959,on bike mount,cyclo cross,True,concrete plates,good
ec6461f0-3771-4a48-b184-e422cc7a5c11,e4bc5a14-092b-41fa-ba3f-946e640eb6a4,bdfe5f32-086f-4ec3-9165-13d5f1ffad84,1635688185928,13.3897377,52.4734322,6.206133,-2.8269663,-0.2342093,-1.8044186,on bike mount,cyclo cross,True,concrete plates,good
ec6461f0-3771-4a48-b184-e422cc7a5c11,e4bc5a14-092b-41fa-ba3f-946e640eb6a4,96788acc-81be-4f50-ae8c-3997b03c1d0c,1635688185992,13.3897377,52.4734322,6.206133,0.17773992,2.2957425,-0.1407919,on bike mount,cyclo cross,True,concrete plates,good
ec6461f0-3771-4a48-b184-e422cc7a5c11,e4bc5a14-092b-41fa-ba3f-946e640eb6a4,d7f5e7a6-fae0-4655-b6f5-a3719e5328ac,1635688186043,13.3897377,52.4734322,6.206133,0.5448537,-1.5199707,-0.7963009,on bike mount,cyclo cross,True,concrete plates,good
ec6461f0-3771-4a48-b184-e422cc7a5c11,e4bc5a14-092b-41fa-ba3f-946e640eb6a4,914f1b12-f882-4986-aafe-6a6acb642fde,1635688186092,13.3897377,52.4734322,6.206133,-0.073548704,0.05428338,-4.5007944,on bike mount,cyclo cross,True,concrete plates,good
ec6461f0-3771-4a48-b184-e422cc7a5c11,e4bc5a14-092b-41fa-ba3f-946e640eb6a4,65fd9eb9-dbce-4a08-bc46-1c2a395e1b58,1635688186142,13.3897377,52.4734322,6.206133,-0.80231047,3.7444139,5.193103,on bike mount,cyclo cross,True,concrete plates,good
ec6461f0-3771-4a48-b184-e422cc7a5c11,e4bc5a14-092b-41fa-ba3f-946e640eb6a4,0a583590-dee3-4e28-954e-1267fa2b1bd5,1635688186196,13.3897377,52.4734322,6.206133,1.3722515,-3.9970307,8.996207,on bike mount,cyclo cross,True,concrete plates,good
ec6461f0-3771-4a48-b184-e422cc7a5c11,e4bc5a14-092b-41fa-ba3f-946e640eb6a4,bc93f625-7b55-48cc-920f-583d1d48dad3,1635688186246,13.3897377,52.4734322,6.206133,1.4435683,-6.7147694,6.706478,on bike mount,cyclo cross,True,concrete plates,good
ec6461f0-3771-4a48-b184-e422cc7a5c11,e4bc5a14-092b-41fa-ba3f-946e640eb6a4,8cc835b7-8b80-463d-9ebc-f9ce41b80d7d,1635688186312,13.3897377,52.4734322,6.206133,0.8721169,-2.8416855,5.233591,on bike mount,cyclo cross,True,concrete plates,good
ec6461f0-3771-4a48-b184-e422cc7a5c11,e4bc5a14-092b-41fa-ba3f-946e640eb6a4,9c5cc02c-669d-4309-b624-b1f21d9d1c74,1635688186363,13.3897377,52.4734322,6.206133,0.8943149,5.048628,0.16829205,on bike mount,cyclo cross,True,concrete plates,good
ec6461f0-3771-4a48-b184-e422cc7a5c11,e4bc5a14-092b-41fa-ba3f-946e640eb6a4,6e54614a-b04d-4884-8c4c-a717f5ae7d6d,1635688186427,13.3897377,52.4734322,6.206133,0.67053354,-1.3899484,1.9705048,on bike mount,cyclo cross,True,concrete plates,good
ec6461f0-3771-4a48-b184-e422cc7a5c11,e4bc5a14-092b-41fa-ba3f-946e640eb6a4,90c7332b-d7d1-4dbc-990b-96a723b64bbf,1635688186478,13.3897377,52.4734322,6.206133,-1.8184798,1.4499154,-1.2596135,on bike mount,cyclo cross,True,concrete plates,good
ec6461f0-3771-4a48-b184-e422cc7a5c11,e4bc5a14-092b-41fa-ba3f-946e640eb6a4,2c1a60ee-62cc-4f99-b87f-524c866f6149,1635688186529,13.3897377,52.4734322,6.206133,1.5884863,1.9423752,-1.4327478,on bike mount,cyclo cross,True,concrete plates,good
ec6461f0-3771-4a48-b184-e422cc7a5c11,e4bc5a14-092b-41fa-ba3f-946e640eb6a4,656dc7e4-1380-4403-abc7-2fc4f801b7af,1635688186598,13.3897377,52.4734322,6.206133,-1.4986179,2.1912456,-1.2083483,on bike mount,cyclo cross,True,concrete plates,good
ec6461f0-3771-4a48-b184-e422cc7a5c11,e4bc5a14-092b-41fa-ba3f-946e640eb6a4,73f66839-826d-429a-94b8-602fa463276c,1635688186662,13.3897377,52.4734322,6.206133,-1.0352452,0.13591933,-0.26564598,on bike mount,cyclo cross,True,concrete plates,good
ec6461f0-3771-4a48-b184-e422cc7a5c11,e4bc5a14-092b-41fa-ba3f-946e640eb6a4,9a80794b-f523-45d4-9425-edae94656f3c,1635688186712,13.3897456,52.4733768,6.236786,0.57453,2.7565074,-1.062881,on bike mount,cyclo cross,True,concrete plates,good
ec6461f0-3771-4a48-b184-e422cc7a5c11,e4bc5a14-092b-41fa-ba3f-946e640eb6a4,552d761e-56b7-45e4-aaf6-f0c5035062ed,1635688186778,13.3897456,52.4733768,6.236786,-0.038480952,-3.1540694,1.7437391,on bike mount,cyclo cross,True,concrete plates,good
ec6461f0-3771-4a48-b184-e422cc7a5c11,e4bc5a14-092b-41fa-ba3f-946e640eb6a4,05000cf9-4f26-4321-923a-c14bc411d7d0,1635688186829,13.3897456,52.4733768,6.236786,-2.4546854,0.5363827,-0.24891663,on bike mount,cyclo cross,True,concrete plates,good
ec6461f0-3771-4a48-b184-e422cc7a5c11,e4bc5a14-092b-41fa-ba3f-946e640eb6a4,b9932beb-ca3b-4c51-84e6-694858d6815d,1635688186880,13.3897456,52.4733768,6.236786,0.9710939,-0.018422842,0.99801445,on bike mount,cyclo cross,True,concrete plates,good
ec6461f0-3771-4a48-b184-e422cc7a5c11,e4bc5a14-092b-41fa-ba3f-946e640eb6a4,06a23856-7460-4b92-95df-7085c8c3015f,1635688186932,13.3897456,52.4733768,6.236786,0.94869626,-0.8998765,1.1748142,on bike mount,cyclo cross,True,concrete plates,good
ec6461f0-3771-4a48-b184-e422cc7a5c11,e4bc5a14-092b-41fa-ba3f-946e640eb6a4,886ebd0c-2a99-459c-9b66-e6e5d80f0d1f,1635688186998,13.3897456,52.4733768,6.236786,-2.359023,0.87789774,4.2612677,on bike mount,cyclo cross,True,concrete plates,good
ec6461f0-3771-4a48-b184-e422cc7a5c11,e4bc5a14-092b-41fa-ba3f-946e640eb6a4,a405ab61-3ad2-44d9-8e52-e7a260cf4098,1635688187047,13.3897456,52.4733768,6.236786,2.4500303,0.8235724,0.5238428,on bike mount,cyclo cross,True,concrete plates,good
ec6461f0-3771-4a48-b184-e422cc7a5c11,e4bc5a14-092b-41fa-ba3f-946e640eb6a4,692feef6-0f62-467c-a5b6-9a499028fe63,1635688187112,13.3897456,52.4733768,6.236786,-0.301236,-0.67672443,0.447567,on bike mount,cyclo cross,True,concrete plates,good
ec6461f0-3771-4a48-b184-e422cc7a5c11,e4bc5a14-092b-41fa-ba3f-946e640eb6a4,79879d67-76c9-4e2d-8c6f-10c9d82ee6c1,1635688187162,13.3897456,52.4733768,6.236786,0.6866234,-2.52713,1.923871,on bike mount,cyclo cross,True,concrete plates,good
ec6461f0-3771-4a48-b184-e422cc7a5c11,e4bc5a14-092b-41fa-ba3f-946e640eb6a4,4bb18546-8583-4e9a-9611-908b7bf7fd7a,1635688187215,13.3897456,52.4733768,6.236786,-0.634319,-1.645129,1.8322086,on bike mount,cyclo cross,True,concrete plates,good
ec6461f0-3771-4a48-b184-e422cc7a5c11,e4bc5a14-092b-41fa-ba3f-946e640eb6a4,d0925433-d66a-41b1-9148-b47c814e1aa4,1635688187267,13.3897456,52.4733768,6.236786,0.9266741,3.3516421,1.2212591,on bike mount,cyclo cross,True,concrete plates,good
ec6461f0-3771-4a48-b184-e422cc7a5c11,e4bc5a14-092b-41fa-ba3f-946e640eb6a4,d87e01a4-ff0a-4a56-87a5-7ed5cbbe1f53,1635688187335,13.3897456,52.4733768,6.236786,0.024461359,1.8028352,1.65312,on bike mount,cyclo cross,True,concrete plates,good
ec6461f0-3771-4a48-b184-e422cc7a5c11,e4bc5a14-092b-41fa-ba3f-946e640eb6a4,e230c86b-6349-4f8f-9aa8-f25ed9b9e505,1635688187398,13.3897456,52.4733768,6.236786,1.0669467,-3.9418294,-0.036488533,on bike mount,cyclo cross,True,concrete plates,good
ec6461f0-3771-4a48-b184-e422cc7a5c11,e4bc5a14-092b-41fa-ba3f-946e640eb6a4,102bd95b-4390-4cbe-bbf9-1c96aa92b29a,1635688187448,13.3897456,52.4733768,6.236786,-0.5820223,0.63040185,-1.3984199,on bike mount,cyclo cross,True,concrete plates,good
ec6461f0-3771-4a48-b184-e422cc7a5c11,e4bc5a14-092b-41fa-ba3f-946e640eb6a4,08aefb79-93e1-4da9-944b-ed0d8844ac7c,1635688187513,13.3897456,52.4733768,6.236786,0.32204616,-2.4876878,3.6121979,on bike mount,cyclo cross,True,concrete plates,good
ec6461f0-3771-4a48-b184-e422cc7a5c11,e4bc5a14-092b-41fa-ba3f-946e640eb6a4,6806d704-d5be-4038-8183-74460527474a,1635688187562,13.3897456,52.4733768,6.236786,-1.8244952,1.8127089,-1.8533502,on bike mount,cyclo cross,True,concrete plates,good
ec6461f0-3771-4a48-b184-e422cc7a5c11,e4bc5a14-092b-41fa-ba3f-946e640eb6a4,7461d748-4dc4-423d-a828-3439491b101d,1635688187615,13.3897456,52.4733768,6.236786,-0.49151975,0.43943477,0.667819,on bike mount,cyclo cross,True,concrete plates,good
ec6461f0-3771-4a48-b184-e422cc7a5c11,e4bc5a14-092b-41fa-ba3f-946e640eb6a4,86ee0814-f1a9-4378-a0ae-13d248457318,1635688187681,13.3897456,52.4733768,6.236786,-0.65051377,0.6525743,3.1567917,on bike mount,cyclo cross,True,concrete plates,good
ec6461f0-3771-4a48-b184-e422cc7a5c11,e4bc5a14-092b-41fa-ba3f-946e640eb6a4,3b0af7b1-67a3-4597-834d-4a14ef9a0bc0,1635688187746,13.3897528,52.4733214,6.2694397,-2.4330986,-2.182835,1.9353609,on bike mount,cyclo cross,True,concrete plates,good
ec6461f0-3771-4a48-b184-e422cc7a5c11,e4bc5a14-092b-41fa-ba3f-946e640eb6a4,d91616e1-7e18-4505-975a-d33fd7a87aa0,1635688187797,13.3897528,52.4733214,6.2694397,0.12761593,-0.26766753,3.496952,on bike mount,cyclo cross,True,concrete plates,good
ec6461f0-3771-4a48-b184-e422cc7a5c11,e4bc5a14-092b-41fa-ba3f-946e640eb6a4,e94c8a87-7d83-4f06-a58e-6fb1a3b0f293,1635688187846,13.3897528,52.4733214,6.2694397,-0.6502455,-0.0708189,3.7597237,on bike mount,cyclo cross,True,concrete plates,good
ec6461f0-3771-4a48-b184-e422cc7a5c11,e4bc5a14-092b-41fa-ba3f-946e640eb6a4,7e77699e-b079-4ced-87de-4308fa7c3886,1635688187897,13.3897528,52.4733214,6.2694397,-0.72032154,0.0931952,0.071063995,on bike mount,cyclo cross,True,concrete plates,good
ec6461f0-3771-4a48-b184-e422cc7a5c11,e4bc5a14-092b-41fa-ba3f-946e640eb6a4,98377455-cafe-4686-a87f-a83de10dce69,1635688187947,13.3897528,52.4733214,6.2694397,0.66374165,-3.2700734,2.0720148,on bike mount,cyclo cross,True,concrete plates,good
ec6461f0-3771-4a48-b184-e422cc7a5c11,e4bc5a14-092b-41fa-ba3f-946e640eb6a4,bdb6b325-0c98-4369-8ea1-7141aa796f71,1635688187998,13.3897528,52.4733214,6.2694397,-0.52413493,1.3405466,-2.3603454,on bike mount,cyclo cross,True,concrete plates,good
ec6461f0-3771-4a48-b184-e422cc7a5c11,e4bc5a14-092b-41fa-ba3f-946e640eb6a4,9e2fc0f4-0f64-41c8-97e4-78f3fc7b82fb,1635688188048,13.3897528,52.4733214,6.2694397,-1.0928185,-1.8239912,-3.6480746,on bike mount,cyclo cross,True,concrete plates,good
ec6461f0-3771-4a48-b184-e422cc7a5c11,e4bc5a14-092b-41fa-ba3f-946e640eb6a4,8d249878-288f-4992-b204-fcbb6a4cb1eb,1635688188100,13.3897528,52.4733214,6.2694397,1.2233822,-2.9986959,0.34679794,on bike mount,cyclo cross,True,concrete plates,good
ec6461f0-3771-4a48-b184-e422cc7a5c11,e4bc5a14-092b-41fa-ba3f-946e640eb6a4,520e5f90-1d4c-46ae-8163-c09078fbea12,1635688188165,13.3897528,52.4733214,6.2694397,1.1681172,0.5646424,-1.4627352,on bike mount,cyclo cross,True,concrete plates,good
ec6461f0-3771-4a48-b184-e422cc7a5c11,e4bc5a14-092b-41fa-ba3f-946e640eb6a4,d08ed1b2-6b25-4340-b12e-b8735e5870ce,1635688188217,13.3897528,52.4733214,6.2694397,0.043323338,-0.52028084,1.2605371,on bike mount,cyclo cross,True,concrete plates,good
ec6461f0-3771-4a48-b184-e422cc7a5c11,e4bc5a14-092b-41fa-ba3f-946e640eb6a4,1fb36a77-012b-4f66-8933-474d3f72d1d3,1635688188270,13.3897528,52.4733214,6.2694397,-1.281832,0.028626919,-1.1148062,on bike mount,cyclo cross,True,concrete plates,good
ec6461f0-3771-4a48-b184-e422cc7a5c11,e4bc5a14-092b-41fa-ba3f-946e640eb6a4,ea4937bc-6421-4ec5-9bec-84f97dad95d3,1635688188331,13.3897528,52.4733214,6.2694397,-0.6890292,2.1811943,-0.0039253235,on bike mount,cyclo cross,True,concrete plates,good
ec6461f0-3771-4a48-b184-e422cc7a5c11,e4bc5a14-092b-41fa-ba3f-946e640eb6a4,5d9403a3-ba23-469b-bd18-eab9c28b696c,1635688188381,13.3897528,52.4733214,6.2694397,-0.20157275,0.70156,-1.5058737,on bike mount,cyclo cross,True,concrete plates,good
ec6461f0-3771-4a48-b184-e422cc7a5c11,e4bc5a14-092b-41fa-ba3f-946e640eb6a4,d324fd5a-25cd-454b-a328-cdfa4efc3278,1635688188433,13.3897528,52.4733214,6.2694397,-0.4528153,0.31665325,-1.6475806,on bike mount,cyclo cross,True,concrete plates,good
ec6461f0-3771-4a48-b184-e422cc7a5c11,e4bc5a14-092b-41fa-ba3f-946e640eb6a4,d7f10c10-5789-4c80-aa28-389cdbd2a9af,1635688188500,13.3897528,52.4733214,6.2694397,-2.4873798,4.416229,-1.2387767,on bike mount,cyclo cross,True,concrete plates,good
ec6461f0-3771-4a48-b184-e422cc7a5c11,e4bc5a14-092b-41fa-ba3f-946e640eb6a4,cb5e2c02-ade9-408d-aa6c-9445ce0f0282,1635688188554,13.3897528,52.4733214,6.2694397,0.41954935,1.2601767,1.413331,on bike mount,cyclo cross,True,concrete plates,good
ec6461f0-3771-4a48-b184-e422cc7a5c11,e4bc5a14-092b-41fa-ba3f-946e640eb6a4,59770f65-8fe3-480b-821e-da810044db75,1635688188617,13.3897528,52.4733214,6.2694397,-0.9170215,2.0035915,4.0152273,on bike mount,cyclo cross,True,concrete plates,good
ec6461f0-3771-4a48-b184-e422cc7a5c11,e4bc5a14-092b-41fa-ba3f-946e640eb6a4,bf265606-04f1-4278-8911-bffa825d61ac,1635688188671,13.3897528,52.4733214,6.2694397,-0.2644669,-0.44536233,1.1193256,on bike mount,cyclo cross,True,concrete plates,good
ec6461f0-3771-4a48-b184-e422cc7a5c11,e4bc5a14-092b-41fa-ba3f-946e640eb6a4,b6dbd7cf-99b0-41d9-b24a-79881974155a,1635688188731,13.3897682,52.4732654,6.251703,0.40288055,1.2893848,1.7590389,on bike mount,cyclo cross,True,concrete plates,good
ec6461f0-3771-4a48-b184-e422cc7a5c11,e4bc5a14-092b-41fa-ba3f-946e640eb6a4,1fcccee5-8762-4719-aefc-3d856c806cce,1635688188782,13.3897682,52.4732654,6.251703,-1.4034877,-0.8466097,-2.2819395,on bike mount,cyclo cross,True,concrete plates,good
ec6461f0-3771-4a48-b184-e422cc7a5c11,e4bc5a14-092b-41fa-ba3f-946e640eb6a4,9249e5b3-a878-45b8-9695-9a8dffb4b2bb,1635688188833,13.3897682,52.4732654,6.251703,-0.1258387,0.094911814,-1.4875011,on bike mount,cyclo cross,True,concrete plates,good
ec6461f0-3771-4a48-b184-e422cc7a5c11,e4bc5a14-092b-41fa-ba3f-946e640eb6a4,239d5cca-8bce-4d26-8eef-9dd2f7f9a0f9,1635688188884,13.3897682,52.4732654,6.251703,0.914418,0.06213069,0.89195824,on bike mount,cyclo cross,True,concrete plates,good
ec6461f0-3771-4a48-b184-e422cc7a5c11,e4bc5a14-092b-41fa-ba3f-946e640eb6a4,cb7bc5f7-2247-4fa4-8260-526cb4a202a3,1635688188949,13.3897682,52.4732654,6.251703,-1.3171085,-0.98341846,0.53346634,on bike mount,cyclo cross,True,concrete plates,good
ec6461f0-3771-4a48-b184-e422cc7a5c11,e4bc5a14-092b-41fa-ba3f-946e640eb6a4,9ed996ae-9281-4115-a960-8c763dffd24b,1635688189000,13.3897682,52.4732654,6.251703,-1.2766258,-3.0387979,0.29366398,on bike mount,cyclo cross,True,concrete plates,good
ec6461f0-3771-4a48-b184-e422cc7a5c11,e4bc5a14-092b-41fa-ba3f-946e640eb6a4,5be07650-9928-4857-b9cb-1974f7a9edc9,1635688189068,13.3897682,52.4732654,6.251703,0.046446025,-1.5386826,-0.5492153,on bike mount,cyclo cross,True,concrete plates,good
ec6461f0-3771-4a48-b184-e422cc7a5c11,e4bc5a14-092b-41fa-ba3f-946e640eb6a4,c1ca31ca-5fff-4575-9160-d26863773842,1635688189132,13.3897682,52.4732654,6.251703,-0.42304477,-4.122985,2.0206861,on bike mount,cyclo cross,True,concrete plates,good
ec6461f0-3771-4a48-b184-e422cc7a5c11,e4bc5a14-092b-41fa-ba3f-946e640eb6a4,ead5ab97-9a7d-43a1-aa64-27469d7f269d,1635688189182,13.3897682,52.4732654,6.251703,1.599503,-2.1834426,0.85504246,on bike mount,cyclo cross,True,concrete plates,good
ec6461f0-3771-4a48-b184-e422cc7a5c11,e4bc5a14-092b-41fa-ba3f-946e640eb6a4,7f4db519-0bac-4a07-8113-7892e7f2373f,1635688189236,13.3897682,52.4732654,6.251703,-0.4594615,-0.7636452,-1.4369426,on bike mount,cyclo cross,True,concrete plates,good
ec6461f0-3771-4a48-b184-e422cc7a5c11,e4bc5a14-092b-41fa-ba3f-946e640eb6a4,3f9feb0c-d628-4323-81a4-46a05eb7b58d,1635688189299,13.3897682,52.4732654,6.251703,0.03688225,-2.2440548,3.233326,on bike mount,cyclo cross,True,concrete plates,good
ec6461f0-3771-4a48-b184-e422cc7a5c11,e4bc5a14-092b-41fa-ba3f-946e640eb6a4,5cf58992-a1bb-410c-ae1b-f9140d11ab60,1635688189349,13.3897682,52.4732654,6.251703,-0.4564059,1.4708285,-0.835124,on bike mount,cyclo cross,True,concrete plates,good
ec6461f0-3771-4a48-b184-e422cc7a5c11,e4bc5a14-092b-41fa-ba3f-946e640eb6a4,11cb8a4d-2840-40f0-8780-6d7dd6ba9777,1635688189399,13.3897682,52.4732654,6.251703,-0.9744987,3.1022797,-0.6013975,on bike mount,cyclo cross,True,concrete plates,good
ec6461f0-3771-4a48-b184-e422cc7a5c11,e4bc5a14-092b-41fa-ba3f-946e640eb6a4,0dc30681-edd3-425c-8d0a-aa9f8b83975b,1635688189452,13.3897682,52.4732654,6.251703,-0.6778804,0.70899343,1.5617256,on bike mount,cyclo cross,True,concrete plates,good
ec6461f0-3771-4a48-b184-e422cc7a5c11,e4bc5a14-092b-41fa-ba3f-946e640eb6a4,7db53e1d-4bc4-441c-ad1f-938d663c54e4,1635688189517,13.3897682,52.4732654,6.251703,-0.019472659,0.09432602,-0.7280235,on bike mount,cyclo cross,True,concrete plates,good
ec6461f0-3771-4a48-b184-e422cc7a5c11,e4bc5a14-092b-41fa-ba3f-946e640eb6a4,338b1211-b138-42be-97e2-f3da9246d69a,1635688189566,13.3897682,52.4732654,6.251703,0.14271104,-0.54884624,1.3195457,on bike mount,cyclo cross,True,concrete plates,good
ec6461f0-3771-4a48-b184-e422cc7a5c11,e4bc5a14-092b-41fa-ba3f-946e640eb6a4,39a57b70-37ca-47d6-9a04-3d6800476317,1635688189617,13.3897682,52.4732654,6.251703,0.7304789,-2.3713942,2.4346638,on bike mount,cyclo cross,True,concrete plates,good
ec6461f0-3771-4a48-b184-e422cc7a5c11,e4bc5a14-092b-41fa-ba3f-946e640eb6a4,98faa499-7e35-4f7a-b1a9-ff755e1d681a,1635688189668,13.3897682,52.4732654,6.251703,0.34774694,-0.68232036,0.5356159,on bike mount,cyclo cross,True,concrete plates,good
ec6461f0-3771-4a48-b184-e422cc7a5c11,e4bc5a14-092b-41fa-ba3f-946e640eb6a4,492bf3d2-df50-4362-b1ef-79497b8a2633,1635688189718,13.3897886,52.4732078,6.2899547,0.6981769,-1.1546608,-2.3669434,on bike mount,cyclo cross,True,concrete plates,good
ec6461f0-3771-4a48-b184-e422cc7a5c11,e4bc5a14-092b-41fa-ba3f-946e640eb6a4,acedd1b3-99c9-478a-8ba6-7da32fa84490,1635688189770,13.3897886,52.4732078,6.2899547,-0.1076867,-0.8554188,2.0248375,on bike mount,cyclo cross,True,concrete plates,good
ec6461f0-3771-4a48-b184-e422cc7a5c11,e4bc5a14-092b-41fa-ba3f-946e640eb6a4,e674120f-2baa-4d57-8d4c-2db75dfdf8fd,1635688189835,13.3897886,52.4732078,6.2899547,0.5643555,-2.0016718,0.77801514,on bike mount,cyclo cross,True,concrete plates,good
ec6461f0-3771-4a48-b184-e422cc7a5c11,e4bc5a14-092b-41fa-ba3f-946e640eb6a4,52447046-9081-4ad2-b074-1010a3408461,1635688189886,13.3897886,52.4732078,6.2899547,1.2001725,-2.7435782,0.30375862,on bike mount,cyclo cross,True,concrete plates,good
ec6461f0-3771-4a48-b184-e422cc7a5c11,e4bc5a14-092b-41fa-ba3f-946e640eb6a4,abddb823-65d3-4310-825c-fdb751599576,1635688189937,13.3897886,52.4732078,6.2899547,1.727493,1.9673018,-1.3176122,on bike mount,cyclo cross,True,concrete plates,good
ec6461f0-3771-4a48-b184-e422cc7a5c11,e4bc5a14-092b-41fa-ba3f-946e640eb6a4,cab41726-d1b1-45cf-8e56-68fa9d846577,1635688190002,13.3897886,52.4732078,6.2899547,-0.5507183,0.9367726,0.47402096,on bike mount,cyclo cross,True,concrete plates,good
ec6461f0-3771-4a48-b184-e422cc7a5c11,e4bc5a14-092b-41fa-ba3f-946e640eb6a4,f3fe9a9a-2db7-423c-a473-a08a74970464,1635688190067,13.3897886,52.4732078,6.2899547,0.6382493,1.0871563,1.1640692,on bike mount,cyclo cross,True,concrete plates,good
ec6461f0-3771-4a48-b184-e422cc7a5c11,e4bc5a14-092b-41fa-ba3f-946e640eb6a4,8d68212d-1fbd-4212-9cd4-c018ddc5347d,1635688190118,13.3897886,52.4732078,6.2899547,1.6324855,-1.2748939,0.16523838,on bike mount,cyclo cross,True,concrete plates,good
ec6461f0-3771-4a48-b184-e422cc7a5c11,e4bc5a14-092b-41fa-ba3f-946e640eb6a4,d7a9279f-114c-4ceb-b1c3-44a5c9bee144,1635688190170,13.3897886,52.4732078,6.2899547,0.18214637,-0.32570958,-0.039411545,on bike mount,cyclo cross,True,concrete plates,good
ec6461f0-3771-4a48-b184-e422cc7a5c11,e4bc5a14-092b-41fa-ba3f-946e640eb6a4,1f7629ca-c575-40f1-93a4-9240771442a0,1635688190236,13.3897886,52.4732078,6.2899547,0.86999106,-0.080729246,0.7239609,on bike mount,cyclo cross,True,concrete plates,good
ec6461f0-3771-4a48-b184-e422cc7a5c11,e4bc5a14-092b-41fa-ba3f-946e640eb6a4,1f530383-c035-45f1-859a-6697c3465a13,1635688190286,13.3897886,52.4732078,6.2899547,1.0947126,1.0307472,1.893446,on bike mount,cyclo cross,True,concrete plates,good
