bike_activity_uid,bike_activity_sample_uid,bike_activity_measurement,bike_activity_measurement_timestamp,bike_activity_measurement_lon,bike_activity_measurement_lat,bike_activity_measurement_speed,bike_activity_measurement_accelerometer_x,bike_activity_measurement_accelerometer_y,bike_activity_measurement_accelerometer_z,bike_activity_phone_position,bike_activity_bike_type,bike_activity_flagged_lab_conditions,bike_activity_surface_type,bike_activity_smoothness_type
ec6461f0-3771-4a48-b184-e422cc7a5c11,00868149-f122-4fe1-9dd2-d712f6fa0362,cd22baa8-ada7-4a09-9eb5-433769ac00cd,1635688611196,13.4148986,52.4766387,6.6382594,-0.58457804,-0.77242017,-1.0122366,on bike mount,cyclo cross,True,concrete plates,good
ec6461f0-3771-4a48-b184-e422cc7a5c11,00868149-f122-4fe1-9dd2-d712f6fa0362,96f4a5de-d5ee-4f5f-9b4f-ad6da6903fea,1635688611261,13.4148986,52.4766387,6.6382594,0.40634125,1.8403916,0.6994009,on bike mount,cyclo cross,True,concrete plates,good
ec6461f0-3771-4a48-b184-e422cc7a5c11,00868149-f122-4fe1-9dd2-d712f6fa0362,801201e1-dfee-48e0-bb09-fbdab75260cb,1635688611318,13.4148986,52.4766387,6.6382594,0.6355796,0.90022564,-0.49595547,on bike mount,cyclo cross,True,concrete plates,good
ec6461f0-3771-4a48-b184-e422cc7a5c11,00868149-f122-4fe1-9dd2-d712f6fa0362,c3c965d8-9d2b-4260-8fec-e05938a1d447,1635688611378,13.4148986,52.4766387,6.6382594,-0.22223192,1.0564227,0.51342297,on bike mount,cyclo cross,True,concrete plates,good
ec6461f0-3771-4a48-b184-e422cc7a5c11,00868149-f122-4fe1-9dd2-d712f6fa0362,5d36e214-0d3c-4a63-9438-bde939fc7795,1635688611433,13.4148986,52.4766387,6.6382594,1.4099275,0.47956634,1.1001406,on bike mount,cyclo cross,True,concrete plates,good
ec6461f0-3771-4a48-b184-e422cc7a5c11,00868149-f122-4fe1-9dd2-d712f6fa0362,ee4cb96b-ea1b-4b07-8878-5a578ad6d14d,1635688611496,13.4148986,52.4766387,6.6382594,-0.6606028,1.2291365,-0.41563988,on bike mount,cyclo cross,True,concrete plates,good
ec6461f0-3771-4a48-b184-e422cc7a5c11,00868149-f122-4fe1-9dd2-d712f6fa0362,fd756757-ec06-4fd4-9ca3-9443cedc6d9f,1635688611546,13.4148986,52.4766387,6.6382594,-0.47547996,0.057325363,0.98851967,on bike mount,cyclo cross,True,concrete plates,good
ec6461f0-3771-4a48-b184-e422cc7a5c11,00868149-f122-4fe1-9dd2-d712f6fa0362,7fc25237-5861-46c2-9a3c-babce4aa7ba0,1635688611611,13.4148986,52.4766387,6.6382594,0.1187609,-0.047410965,-0.33224392,on bike mount,cyclo cross,True,concrete plates,good
ec6461f0-3771-4a48-b184-e422cc7a5c11,00868149-f122-4fe1-9dd2-d712f6fa0362,bc0dad9a-5992-4f7b-b1cb-f789b2f58752,1635688611679,13.4148986,52.4766387,6.6382594,-0.24364346,0.22741055,1.1670885,on bike mount,cyclo cross,True,concrete plates,good
ec6461f0-3771-4a48-b184-e422cc7a5c11,00868149-f122-4fe1-9dd2-d712f6fa0362,42d70cc9-923a-459f-9fc1-5da527aa18af,1635688611728,13.4149877,52.4766294,6.60431,0.2576209,-0.75507975,1.3037853,on bike mount,cyclo cross,True,concrete plates,good
ec6461f0-3771-4a48-b184-e422cc7a5c11,00868149-f122-4fe1-9dd2-d712f6fa0362,fa95d0f3-ac1c-420f-a979-c92f5ea14b70,1635688611778,13.4149877,52.4766294,6.60431,-1.9394794,2.109561,-3.9032698,on bike mount,cyclo cross,True,concrete plates,good
ec6461f0-3771-4a48-b184-e422cc7a5c11,00868149-f122-4fe1-9dd2-d712f6fa0362,9e3f77d4-3a85-436f-8b00-7092f86e5e69,1635688611843,13.4149877,52.4766294,6.60431,-0.000114023685,-0.38542318,-3.151145,on bike mount,cyclo cross,True,concrete plates,good
ec6461f0-3771-4a48-b184-e422cc7a5c11,00868149-f122-4fe1-9dd2-d712f6fa0362,d3e7e370-857b-4b31-95c6-bf6180b0ccb0,1635688611895,13.4149877,52.4766294,6.60431,-1.1752079,-1.7525903,1.091362,on bike mount,cyclo cross,True,concrete plates,good
ec6461f0-3771-4a48-b184-e422cc7a5c11,00868149-f122-4fe1-9dd2-d712f6fa0362,1e1cd0ba-861f-41ed-a2fe-612d627a1e2b,1635688611945,13.4149877,52.4766294,6.60431,-0.023256987,-2.184864,3.6378021,on bike mount,cyclo cross,True,concrete plates,good
ec6461f0-3771-4a48-b184-e422cc7a5c11,00868149-f122-4fe1-9dd2-d712f6fa0362,ee4dd12f-7330-4400-a361-0814a6233557,1635688611995,13.4149877,52.4766294,6.60431,-1.6262119,-3.454594,0.36104488,on bike mount,cyclo cross,True,concrete plates,good
ec6461f0-3771-4a48-b184-e422cc7a5c11,00868149-f122-4fe1-9dd2-d712f6fa0362,c1938da1-663b-4ce4-a2ba-84848c936ade,1635688612046,13.4149877,52.4766294,6.60431,0.34956452,-3.195164,0.3375559,on bike mount,cyclo cross,True,concrete plates,good
ec6461f0-3771-4a48-b184-e422cc7a5c11,00868149-f122-4fe1-9dd2-d712f6fa0362,15368af5-8a20-401f-90b8-7dbfe25082b4,1635688612098,13.4149877,52.4766294,6.60431,-0.2013494,-1.0583624,-0.8278904,on bike mount,cyclo cross,True,concrete plates,good
ec6461f0-3771-4a48-b184-e422cc7a5c11,00868149-f122-4fe1-9dd2-d712f6fa0362,c7271535-76eb-4f63-8351-a1a30c1fa104,1635688612161,13.4149877,52.4766294,6.60431,-0.7044836,1.1820703,-2.0447345,on bike mount,cyclo cross,True,concrete plates,good
ec6461f0-3771-4a48-b184-e422cc7a5c11,00868149-f122-4fe1-9dd2-d712f6fa0362,3c61ccda-a74c-4159-8855-e6053f25a095,1635688612212,13.4149877,52.4766294,6.60431,-0.6038171,-2.7564187,1.1328449,on bike mount,cyclo cross,True,concrete plates,good
ec6461f0-3771-4a48-b184-e422cc7a5c11,00868149-f122-4fe1-9dd2-d712f6fa0362,76d12d69-3fc4-4b5e-b636-030c15166ce6,1635688612262,13.4149877,52.4766294,6.60431,-0.5447766,-0.029752254,4.486246,on bike mount,cyclo cross,True,concrete plates,good
ec6461f0-3771-4a48-b184-e422cc7a5c11,00868149-f122-4fe1-9dd2-d712f6fa0362,69b6a17c-d8a3-4e83-abfc-7da86f11e548,1635688612313,13.4149877,52.4766294,6.60431,-6.5599155,7.498708,-2.7357855,on bike mount,cyclo cross,True,concrete plates,good
ec6461f0-3771-4a48-b184-e422cc7a5c11,00868149-f122-4fe1-9dd2-d712f6fa0362,8d8ee234-9aa5-4c4b-81e9-c74426fb8120,1635688612377,13.4149877,52.4766294,6.60431,0.17743087,-0.9071803,-2.275011,on bike mount,cyclo cross,True,concrete plates,good
ec6461f0-3771-4a48-b184-e422cc7a5c11,00868149-f122-4fe1-9dd2-d712f6fa0362,61ed0be0-1696-41f6-af4c-d0d80cdad4e9,1635688612431,13.4149877,52.4766294,6.60431,-0.21598911,1.4664693,-0.4409814,on bike mount,cyclo cross,True,concrete plates,good
ec6461f0-3771-4a48-b184-e422cc7a5c11,00868149-f122-4fe1-9dd2-d712f6fa0362,9b4dbae2-a108-4b6a-8201-a62e263003a4,1635688612497,13.4149877,52.4766294,6.60431,0.408032,-0.4068563,-3.045332,on bike mount,cyclo cross,True,concrete plates,good
ec6461f0-3771-4a48-b184-e422cc7a5c11,00868149-f122-4fe1-9dd2-d712f6fa0362,06a48a7f-e437-49ca-8d18-f5398a11b439,1635688612550,13.4149877,52.4766294,6.60431,-0.49550954,2.0623345,0.83089256,on bike mount,cyclo cross,True,concrete plates,good
ec6461f0-3771-4a48-b184-e422cc7a5c11,20e1e3e5-ea51-4fe6-b2ff-b28595d16d99,4875f708-b124-4452-9833-a9c3f672b2ba,1635688609924,13.414801,52.476651,6.643428,-3.0328836,4.790657,-1.8601766,on bike mount,cyclo cross,True,concrete plates,good
ec6461f0-3771-4a48-b184-e422cc7a5c11,20e1e3e5-ea51-4fe6-b2ff-b28595d16d99,353ce97f-87e8-45bb-9a78-d84394be412e,1635688609991,13.414801,52.476651,6.643428,-1.0026046,3.1050124,-0.17782402,on bike mount,cyclo cross,True,concrete plates,good
ec6461f0-3771-4a48-b184-e422cc7a5c11,20e1e3e5-ea51-4fe6-b2ff-b28595d16d99,e611b501-12de-4bd4-9949-2fdf2948b510,1635688610042,13.414801,52.476651,6.643428,-0.8689336,-6.166095,6.1465836,on bike mount,cyclo cross,True,concrete plates,good
ec6461f0-3771-4a48-b184-e422cc7a5c11,20e1e3e5-ea51-4fe6-b2ff-b28595d16d99,d79552b7-dda9-48f1-9f7b-c1091022bed1,1635688610091,13.414801,52.476651,6.643428,2.0482633,-2.9024603,0.15292454,on bike mount,cyclo cross,True,concrete plates,good
ec6461f0-3771-4a48-b184-e422cc7a5c11,20e1e3e5-ea51-4fe6-b2ff-b28595d16d99,39ea6c72-1afd-4560-acac-84df909a08fb,1635688610158,13.414801,52.476651,6.643428,-0.21178207,0.27085304,-1.1966844,on bike mount,cyclo cross,True,concrete plates,good
ec6461f0-3771-4a48-b184-e422cc7a5c11,20e1e3e5-ea51-4fe6-b2ff-b28595d16d99,13a0f828-a2de-4c8c-8f1b-b8d3ded6ec0c,1635688610210,13.414801,52.476651,6.643428,-0.75678,-2.3125567,0.0119514465,on bike mount,cyclo cross,True,concrete plates,good
ec6461f0-3771-4a48-b184-e422cc7a5c11,20e1e3e5-ea51-4fe6-b2ff-b28595d16d99,c929c7fe-e9f1-4722-9a79-1a0cdff9b7df,1635688610278,13.414801,52.476651,6.643428,-1.2008054,-3.838119,1.9674664,on bike mount,cyclo cross,True,concrete plates,good
ec6461f0-3771-4a48-b184-e422cc7a5c11,20e1e3e5-ea51-4fe6-b2ff-b28595d16d99,f0ff1eba-e09b-49c6-9312-e121d39c691e,1635688610343,13.414801,52.476651,6.643428,-1.3518431,8.69336,-1.454174,on bike mount,cyclo cross,True,concrete plates,good
ec6461f0-3771-4a48-b184-e422cc7a5c11,20e1e3e5-ea51-4fe6-b2ff-b28595d16d99,6f94b756-6bdb-463a-9b47-f247af40fa1d,1635688610407,13.414801,52.476651,6.643428,2.329569,-3.7871962,0.8734293,on bike mount,cyclo cross,True,concrete plates,good
ec6461f0-3771-4a48-b184-e422cc7a5c11,20e1e3e5-ea51-4fe6-b2ff-b28595d16d99,88787583-1eae-40cc-8d0d-bc748f5f0297,1635688610459,13.414801,52.476651,6.643428,-0.85502255,1.2032897,1.134511,on bike mount,cyclo cross,True,concrete plates,good
ec6461f0-3771-4a48-b184-e422cc7a5c11,20e1e3e5-ea51-4fe6-b2ff-b28595d16d99,cae33038-e991-45f2-8eba-c23e655be2c9,1635688610524,13.414801,52.476651,6.643428,-0.1272546,0.7607384,-1.9965544,on bike mount,cyclo cross,True,concrete plates,good
ec6461f0-3771-4a48-b184-e422cc7a5c11,20e1e3e5-ea51-4fe6-b2ff-b28595d16d99,e95efc33-6783-4354-b896-ac03b47c65aa,1635688610575,13.414801,52.476651,6.643428,-0.6032265,2.7536945,-0.09730148,on bike mount,cyclo cross,True,concrete plates,good
ec6461f0-3771-4a48-b184-e422cc7a5c11,20e1e3e5-ea51-4fe6-b2ff-b28595d16d99,9b1d896c-debc-472b-bd63-ed9967964ae6,1635688610627,13.414801,52.476651,6.643428,-0.6256558,-0.40541482,-0.48240757,on bike mount,cyclo cross,True,concrete plates,good
ec6461f0-3771-4a48-b184-e422cc7a5c11,20e1e3e5-ea51-4fe6-b2ff-b28595d16d99,ac9b8711-ac50-4362-83c7-f2e3a7df3af5,1635688610681,13.414801,52.476651,6.643428,-0.6327838,-0.7439165,1.6525202,on bike mount,cyclo cross,True,concrete plates,good
ec6461f0-3771-4a48-b184-e422cc7a5c11,20e1e3e5-ea51-4fe6-b2ff-b28595d16d99,59058278-a606-4027-84c4-75176281d802,1635688610742,13.4148986,52.4766387,6.6382594,0.5669915,2.609653,-1.435646,on bike mount,cyclo cross,True,concrete plates,good
ec6461f0-3771-4a48-b184-e422cc7a5c11,20e1e3e5-ea51-4fe6-b2ff-b28595d16d99,8d0d7bcf-7d14-4754-bbc3-22fd5286831d,1635688610793,13.4148986,52.4766387,6.6382594,-0.14799933,-1.2446009,0.22908401,on bike mount,cyclo cross,True,concrete plates,good
ec6461f0-3771-4a48-b184-e422cc7a5c11,20e1e3e5-ea51-4fe6-b2ff-b28595d16d99,49909cdc-1233-4765-a4e3-c97d2a4ddc2b,1635688610858,13.4148986,52.4766387,6.6382594,-0.8356136,-1.7169033,-0.39527798,on bike mount,cyclo cross,True,concrete plates,good
ec6461f0-3771-4a48-b184-e422cc7a5c11,20e1e3e5-ea51-4fe6-b2ff-b28595d16d99,cf240415-2b35-4b83-b0b3-16691ced9cb4,1635688610910,13.4148986,52.4766387,6.6382594,-1.9407902,0.97813416,-0.8527932,on bike mount,cyclo cross,True,concrete plates,good
ec6461f0-3771-4a48-b184-e422cc7a5c11,20e1e3e5-ea51-4fe6-b2ff-b28595d16d99,49d06118-693a-4eec-97d2-5a69579c8271,1635688610960,13.4148986,52.4766387,6.6382594,0.7100097,1.7113056,1.2067299,on bike mount,cyclo cross,True,concrete plates,good
ec6461f0-3771-4a48-b184-e422cc7a5c11,20e1e3e5-ea51-4fe6-b2ff-b28595d16d99,d688c5f9-c655-480c-864d-ba0470734f31,1635688611025,13.4148986,52.4766387,6.6382594,-0.4484079,-0.0146512985,5.3969307,on bike mount,cyclo cross,True,concrete plates,good
ec6461f0-3771-4a48-b184-e422cc7a5c11,20e1e3e5-ea51-4fe6-b2ff-b28595d16d99,29efff8e-9384-478a-b5eb-9acc8d20e962,1635688611076,13.4148986,52.4766387,6.6382594,0.3939556,-0.8839768,-0.3474722,on bike mount,cyclo cross,True,concrete plates,good
ec6461f0-3771-4a48-b184-e422cc7a5c11,20e1e3e5-ea51-4fe6-b2ff-b28595d16d99,a2bfee51-337f-4f84-a989-3bbe70c7d96a,1635688611128,13.4148986,52.4766387,6.6382594,0.347205,1.5267639,1.9789524,on bike mount,cyclo cross,True,concrete plates,good
ec6461f0-3771-4a48-b184-e422cc7a5c11,20e1e3e5-ea51-4fe6-b2ff-b28595d16d99,56aa5e13-e399-45d7-b1ae-606b6fe3bf45,1635688611192,13.4148986,52.4766387,6.6382594,1.3582613,1.4924712,2.2142115,on bike mount,cyclo cross,True,concrete plates,good
ec6461f0-3771-4a48-b184-e422cc7a5c11,20e1e3e5-ea51-4fe6-b2ff-b28595d16d99,4bf02fb7-6e8c-4ca0-b62e-eead42bb3d48,1635688611244,13.4148986,52.4766387,6.6382594,-0.30245203,2.2064633,-1.0830588,on bike mount,cyclo cross,True,concrete plates,good
ec6461f0-3771-4a48-b184-e422cc7a5c11,20e1e3e5-ea51-4fe6-b2ff-b28595d16d99,87e43d21-441c-44b2-ac39-9970fb794ef7,1635688611313,13.4148986,52.4766387,6.6382594,0.1825572,0.9004717,-2.086203,on bike mount,cyclo cross,True,concrete plates,good
ec6461f0-3771-4a48-b184-e422cc7a5c11,20e1e3e5-ea51-4fe6-b2ff-b28595d16d99,915a99f4-6b7b-4d93-8f28-e9bfec0406d2,1635688611376,13.4148986,52.4766387,6.6382594,0.66161263,-0.56169486,0.9938879,on bike mount,cyclo cross,True,concrete plates,good
ec6461f0-3771-4a48-b184-e422cc7a5c11,20e1e3e5-ea51-4fe6-b2ff-b28595d16d99,0b00183d-607f-42c9-b6a9-cd433ab66540,1635688611426,13.4148986,52.4766387,6.6382594,1.7906697,1.0882418,-0.66062355,on bike mount,cyclo cross,True,concrete plates,good
ec6461f0-3771-4a48-b184-e422cc7a5c11,20e1e3e5-ea51-4fe6-b2ff-b28595d16d99,101da51e-0405-405d-b4e5-5fc867af02a2,1635688611478,13.4148986,52.4766387,6.6382594,0.78111285,-2.3539765,-4.8798733,on bike mount,cyclo cross,True,concrete plates,good
ec6461f0-3771-4a48-b184-e422cc7a5c11,20e1e3e5-ea51-4fe6-b2ff-b28595d16d99,0ed068e0-7a36-49af-9b14-d35a1b3bccf8,1635688611531,13.4148986,52.4766387,6.6382594,0.6169668,-1.8851411,-0.46482563,on bike mount,cyclo cross,True,concrete plates,good
ec6461f0-3771-4a48-b184-e422cc7a5c11,20e1e3e5-ea51-4fe6-b2ff-b28595d16d99,fd2fe3fd-0c97-47f5-9840-d32882814e3c,1635688611593,13.4148986,52.4766387,6.6382594,-0.13772961,-1.9444996,-0.3354683,on bike mount,cyclo cross,True,concrete plates,good
ec6461f0-3771-4a48-b184-e422cc7a5c11,20e1e3e5-ea51-4fe6-b2ff-b28595d16d99,1ea0d028-6b30-41bf-a79c-555e41e505e5,1635688611642,13.4148986,52.4766387,6.6382594,1.3136342,-0.2922387,-3.1228237,on bike mount,cyclo cross,True,concrete plates,good
ec6461f0-3771-4a48-b184-e422cc7a5c11,20e1e3e5-ea51-4fe6-b2ff-b28595d16d99,e4df2373-6631-4803-9a15-e872bef02d75,1635688611694,13.4149877,52.4766294,6.60431,-0.038760513,1.4761028,1.3515491,on bike mount,cyclo cross,True,concrete plates,good
ec6461f0-3771-4a48-b184-e422cc7a5c11,20e1e3e5-ea51-4fe6-b2ff-b28595d16d99,0154cbcb-fe71-4376-af83-b8eab39ee1e0,1635688611744,13.4149877,52.4766294,6.60431,-0.41427565,3.3639078,-1.3861828,on bike mount,cyclo cross,True,concrete plates,good
ec6461f0-3771-4a48-b184-e422cc7a5c11,20e1e3e5-ea51-4fe6-b2ff-b28595d16d99,e806000e-fafa-4eb1-b8a2-554a6ddd3fc9,1635688611810,13.4149877,52.4766294,6.60431,-1.333977,4.531069,1.1246424,on bike mount,cyclo cross,True,concrete plates,good
ec6461f0-3771-4a48-b184-e422cc7a5c11,20e1e3e5-ea51-4fe6-b2ff-b28595d16d99,50c407ae-7319-4e7c-bc6d-efa383f3ee38,1635688611862,13.4149877,52.4766294,6.60431,1.6656874,-2.7882168,2.4245262,on bike mount,cyclo cross,True,concrete plates,good
ec6461f0-3771-4a48-b184-e422cc7a5c11,20e1e3e5-ea51-4fe6-b2ff-b28595d16d99,6e0eeb3a-4548-4c96-ab9a-137b4ba74213,1635688611912,13.4149877,52.4766294,6.60431,-2.1208942,2.5718894,-0.75710773,on bike mount,cyclo cross,True,concrete plates,good
ec6461f0-3771-4a48-b184-e422cc7a5c11,20e1e3e5-ea51-4fe6-b2ff-b28595d16d99,7649c615-246b-481e-9ed7-458d320865e1,1635688611963,13.4149877,52.4766294,6.60431,0.0939379,-2.2543252,-2.7262597,on bike mount,cyclo cross,True,concrete plates,good
ec6461f0-3771-4a48-b184-e422cc7a5c11,20e1e3e5-ea51-4fe6-b2ff-b28595d16d99,76f928d4-8d0b-4758-bf87-8cfaf4ab5fa7,1635688612015,13.4149877,52.4766294,6.60431,0.6765548,0.284806,0.7194433,on bike mount,cyclo cross,True,concrete plates,good
ec6461f0-3771-4a48-b184-e422cc7a5c11,20e1e3e5-ea51-4fe6-b2ff-b28595d16d99,8b4df51d-d977-4e8d-a064-f6eac3bf4892,1635688612080,13.4149877,52.4766294,6.60431,-1.5578115,0.99337935,-0.10303974,on bike mount,cyclo cross,True,concrete plates,good
ec6461f0-3771-4a48-b184-e422cc7a5c11,20e1e3e5-ea51-4fe6-b2ff-b28595d16d99,1bc2a809-33b8-47f1-b856-1641e2192a37,1635688612144,13.4149877,52.4766294,6.60431,-0.31423473,3.035644,-3.7908459,on bike mount,cyclo cross,True,concrete plates,good
ec6461f0-3771-4a48-b184-e422cc7a5c11,20e1e3e5-ea51-4fe6-b2ff-b28595d16d99,126be51a-9fca-429f-bd1d-2344de141d7b,1635688612195,13.4149877,52.4766294,6.60431,-1.0907652,3.8693705,-1.4320579,on bike mount,cyclo cross,True,concrete plates,good
ec6461f0-3771-4a48-b184-e422cc7a5c11,20e1e3e5-ea51-4fe6-b2ff-b28595d16d99,d4a2d9ee-c879-438d-a7c6-3a6db378ce4b,1635688612246,13.4149877,52.4766294,6.60431,-0.16533904,-2.6740987,3.593382,on bike mount,cyclo cross,True,concrete plates,good
ec6461f0-3771-4a48-b184-e422cc7a5c11,20e1e3e5-ea51-4fe6-b2ff-b28595d16d99,5b1503cc-121c-4adb-b217-dcfe291dc7c1,1635688612299,13.4149877,52.4766294,6.60431,3.7547717,-9.7415695,8.887851,on bike mount,cyclo cross,True,concrete plates,good
ec6461f0-3771-4a48-b184-e422cc7a5c11,20e1e3e5-ea51-4fe6-b2ff-b28595d16d99,98fa856f-868d-41e9-a8ce-4c1f8537e3f0,1635688612362,13.4149877,52.4766294,6.60431,-1.5591887,-2.5494359,0.092411995,on bike mount,cyclo cross,True,concrete plates,good
ec6461f0-3771-4a48-b184-e422cc7a5c11,20e1e3e5-ea51-4fe6-b2ff-b28595d16d99,fdce847c-9586-4c2e-8f39-d9a5712a39c8,1635688612416,13.4149877,52.4766294,6.60431,-0.18470854,2.1299186,-3.0552769,on bike mount,cyclo cross,True,concrete plates,good
ec6461f0-3771-4a48-b184-e422cc7a5c11,20e1e3e5-ea51-4fe6-b2ff-b28595d16d99,d7e48058-ea23-4754-ac6c-3c2a2be8184c,1635688612478,13.4149877,52.4766294,6.60431,0.52492815,2.0006242,2.862811,on bike mount,cyclo cross,True,concrete plates,good
ec6461f0-3771-4a48-b184-e422cc7a5c11,20e1e3e5-ea51-4fe6-b2ff-b28595d16d99,81f36eeb-b396-49be-b33d-6904ab6c2b33,1635688612532,13.4149877,52.4766294,6.60431,2.0226562,-2.6386657,0.66543865,on bike mount,cyclo cross,True,concrete plates,good
ec6461f0-3771-4a48-b184-e422cc7a5c11,20e1e3e5-ea51-4fe6-b2ff-b28595d16d99,9f2b5532-338c-4890-b906-0eb4d47e50c6,1635688612597,13.4149877,52.4766294,6.60431,-0.9372648,-1.7862371,1.5683136,on bike mount,cyclo cross,True,concrete plates,good
ec6461f0-3771-4a48-b184-e422cc7a5c11,20e1e3e5-ea51-4fe6-b2ff-b28595d16d99,a4bffb9c-2759-45a5-96e7-a2fa053c557d,1635688612650,13.4149877,52.4766294,6.60431,-0.38998854,-1.8597101,-1.6012888,on bike mount,cyclo cross,True,concrete plates,good
ec6461f0-3771-4a48-b184-e422cc7a5c11,20e1e3e5-ea51-4fe6-b2ff-b28595d16d99,a1abfed5-66f1-40b5-b350-cdd1a69804b4,1635688612712,13.4150806,52.4766211,6.604589,-1.1808857,0.87075615,-1.6319213,on bike mount,cyclo cross,True,concrete plates,good
ec6461f0-3771-4a48-b184-e422cc7a5c11,20e1e3e5-ea51-4fe6-b2ff-b28595d16d99,73257aad-5e2b-4979-9730-0e2ef8268873,1635688612762,13.4150806,52.4766211,6.604589,-1.3180007,-3.4508345,1.2078485,on bike mount,cyclo cross,True,concrete plates,good
ec6461f0-3771-4a48-b184-e422cc7a5c11,20e1e3e5-ea51-4fe6-b2ff-b28595d16d99,2c28b0f9-6824-416f-bdd0-43e10eef8e35,1635688612812,13.4150806,52.4766211,6.604589,-0.8213584,0.029006243,-1.8469791,on bike mount,cyclo cross,True,concrete plates,good
ec6461f0-3771-4a48-b184-e422cc7a5c11,20e1e3e5-ea51-4fe6-b2ff-b28595d16d99,60ba255c-08e6-4826-9129-3e6fc5d91689,1635688612863,13.4150806,52.4766211,6.604589,-0.31678915,-1.9444695,0.20662117,on bike mount,cyclo cross,True,concrete plates,good
ec6461f0-3771-4a48-b184-e422cc7a5c11,20e1e3e5-ea51-4fe6-b2ff-b28595d16d99,284bc849-066a-4349-b28b-903441bff5e6,1635688612915,13.4150806,52.4766211,6.604589,0.35060045,-3.410307,1.5358362,on bike mount,cyclo cross,True,concrete plates,good
ec6461f0-3771-4a48-b184-e422cc7a5c11,20e1e3e5-ea51-4fe6-b2ff-b28595d16d99,799dfb25-6b21-4609-87f4-64212352f526,1635688612980,13.4150806,52.4766211,6.604589,0.60505456,2.5772872,1.7799978,on bike mount,cyclo cross,True,concrete plates,good
ec6461f0-3771-4a48-b184-e422cc7a5c11,20e1e3e5-ea51-4fe6-b2ff-b28595d16d99,d7106166-de12-4ddf-a426-871f3db69cd1,1635688613029,13.4150806,52.4766211,6.604589,-0.38066864,0.5808568,-0.46056843,on bike mount,cyclo cross,True,concrete plates,good
ec6461f0-3771-4a48-b184-e422cc7a5c11,20e1e3e5-ea51-4fe6-b2ff-b28595d16d99,376bf87e-8ffd-4169-b27e-02f9eecfe86a,1635688613080,13.4150806,52.4766211,6.604589,0.45358768,1.3991349,-2.797532,on bike mount,cyclo cross,True,concrete plates,good
ec6461f0-3771-4a48-b184-e422cc7a5c11,20e1e3e5-ea51-4fe6-b2ff-b28595d16d99,1b5ec8b9-a5ff-4bb6-b7b4-c60ef6e7cbf8,1635688613132,13.4150806,52.4766211,6.604589,-0.36242515,0.73089886,0.47557163,on bike mount,cyclo cross,True,concrete plates,good
ec6461f0-3771-4a48-b184-e422cc7a5c11,20e1e3e5-ea51-4fe6-b2ff-b28595d16d99,201a7922-ab4b-46f2-b962-f089bd0d245b,1635688613198,13.4150806,52.4766211,6.604589,-1.1256998,-0.52421117,4.440998,on bike mount,cyclo cross,True,concrete plates,good
ec6461f0-3771-4a48-b184-e422cc7a5c11,20e1e3e5-ea51-4fe6-b2ff-b28595d16d99,4f7336fc-c885-4c68-b160-1557718d1607,1635688613263,13.4150806,52.4766211,6.604589,1.3402362,3.6523776,0.10375404,on bike mount,cyclo cross,True,concrete plates,good
ec6461f0-3771-4a48-b184-e422cc7a5c11,20e1e3e5-ea51-4fe6-b2ff-b28595d16d99,c06f4a70-a17c-48a4-9cf2-46c3c900e019,1635688613317,13.4150806,52.4766211,6.604589,0.068939775,-0.92459035,1.0011301,on bike mount,cyclo cross,True,concrete plates,good
ec6461f0-3771-4a48-b184-e422cc7a5c11,20e1e3e5-ea51-4fe6-b2ff-b28595d16d99,d5b2a80d-99d6-425c-9661-4aa2507401c0,1635688613380,13.4150806,52.4766211,6.604589,0.43262327,-2.5967798,2.4213428,on bike mount,cyclo cross,True,concrete plates,good
ec6461f0-3771-4a48-b184-e422cc7a5c11,20e1e3e5-ea51-4fe6-b2ff-b28595d16d99,8beb795f-8a65-42b5-917d-e6655e534dbc,1635688613432,13.4150806,52.4766211,6.604589,1.5733887,-3.0766788,0.8588352,on bike mount,cyclo cross,True,concrete plates,good
ec6461f0-3771-4a48-b184-e422cc7a5c11,20e1e3e5-ea51-4fe6-b2ff-b28595d16d99,5b9198ba-e88d-4109-932e-10e9de78e23a,1635688613483,13.4150806,52.4766211,6.604589,-1.3141664,1.6453114,-5.734538,on bike mount,cyclo cross,True,concrete plates,good
ec6461f0-3771-4a48-b184-e422cc7a5c11,20e1e3e5-ea51-4fe6-b2ff-b28595d16d99,23fe5a56-46dd-462c-966c-03dcdf13de4b,1635688613550,13.4150806,52.4766211,6.604589,-0.1530042,-1.7107008,-0.6043911,on bike mount,cyclo cross,True,concrete plates,good
ec6461f0-3771-4a48-b184-e422cc7a5c11,20e1e3e5-ea51-4fe6-b2ff-b28595d16d99,a0bf24c0-0f9b-4fa6-8a72-09a0f2263299,1635688613600,13.4150806,52.4766211,6.604589,-0.84078985,2.4577909,-0.51885223,on bike mount,cyclo cross,True,concrete plates,good
ec6461f0-3771-4a48-b184-e422cc7a5c11,20e1e3e5-ea51-4fe6-b2ff-b28595d16d99,0fd1a615-f430-4946-b835-4c9b3b362ff0,1635688613664,13.4150806,52.4766211,6.604589,0.7060169,0.85868883,-1.0552416,on bike mount,cyclo cross,True,concrete plates,good
ec6461f0-3771-4a48-b184-e422cc7a5c11,20e1e3e5-ea51-4fe6-b2ff-b28595d16d99,e63b585c-4b17-4f51-967f-fdb05213b78c,1635688613732,13.4151724,52.4766126,6.5914817,-1.0309265,-13.071018,9.371206,on bike mount,cyclo cross,True,concrete plates,good
ec6461f0-3771-4a48-b184-e422cc7a5c11,20e1e3e5-ea51-4fe6-b2ff-b28595d16d99,b43b6bef-04ed-4d3e-8459-90288b334759,1635688613797,13.4151724,52.4766126,6.5914817,0.50094897,7.6025515,2.1923704,on bike mount,cyclo cross,True,concrete plates,good
ec6461f0-3771-4a48-b184-e422cc7a5c11,20e1e3e5-ea51-4fe6-b2ff-b28595d16d99,7dbf0472-ee5e-4076-b713-0c68dbf1736f,1635688613849,13.4151724,52.4766126,6.5914817,0.07776198,-1.7026119,-0.7679186,on bike mount,cyclo cross,True,concrete plates,good
ec6461f0-3771-4a48-b184-e422cc7a5c11,20e1e3e5-ea51-4fe6-b2ff-b28595d16d99,ac563f85-e287-4548-bc37-1a222d5f110a,1635688613917,13.4151724,52.4766126,6.5914817,-1.9067494,1.9583926,-1.101315,on bike mount,cyclo cross,True,concrete plates,good
ec6461f0-3771-4a48-b184-e422cc7a5c11,20e1e3e5-ea51-4fe6-b2ff-b28595d16d99,9c9f133a-200e-4b52-a858-d71f8245a04e,1635688613968,13.4151724,52.4766126,6.5914817,-1.6030309,-2.597888,2.0378113,on bike mount,cyclo cross,True,concrete plates,good
ec6461f0-3771-4a48-b184-e422cc7a5c11,20e1e3e5-ea51-4fe6-b2ff-b28595d16d99,3d777c08-274d-4322-9047-8eb3ddb27da8,1635688614033,13.4151724,52.4766126,6.5914817,-0.36865062,-5.270001,-2.2835689,on bike mount,cyclo cross,True,concrete plates,good
ec6461f0-3771-4a48-b184-e422cc7a5c11,20e1e3e5-ea51-4fe6-b2ff-b28595d16d99,0067fc12-e083-48ea-b2b3-6165fb63bb2c,1635688614099,13.4151724,52.4766126,6.5914817,0.45901668,-1.7757008,0.32168102,on bike mount,cyclo cross,True,concrete plates,good
ec6461f0-3771-4a48-b184-e422cc7a5c11,20e1e3e5-ea51-4fe6-b2ff-b28595d16d99,39b3245c-47bb-4b95-b60b-ec2940e20682,1635688614151,13.4151724,52.4766126,6.5914817,-0.028065838,-0.21924973,-1.3341103,on bike mount,cyclo cross,True,concrete plates,good
ec6461f0-3771-4a48-b184-e422cc7a5c11,20e1e3e5-ea51-4fe6-b2ff-b28595d16d99,3a9c2c54-bbc8-4b8a-9e07-86ca3941ac86,1635688614217,13.4151724,52.4766126,6.5914817,0.6486374,-2.157585,1.2988987,on bike mount,cyclo cross,True,concrete plates,good
ec6461f0-3771-4a48-b184-e422cc7a5c11,20e1e3e5-ea51-4fe6-b2ff-b28595d16d99,52291337-7cce-4a62-9002-e3e468b2c3f9,1635688614269,13.4151724,52.4766126,6.5914817,0.04208888,-2.8662925,-1.6792355,on bike mount,cyclo cross,True,concrete plates,good
ec6461f0-3771-4a48-b184-e422cc7a5c11,20e1e3e5-ea51-4fe6-b2ff-b28595d16d99,fb6d1dfe-18a4-44c6-b762-2408e392bd7f,1635688614334,13.4151724,52.4766126,6.5914817,-1.6328225,1.8602133,-2.317206,on bike mount,cyclo cross,True,concrete plates,good
ec6461f0-3771-4a48-b184-e422cc7a5c11,20e1e3e5-ea51-4fe6-b2ff-b28595d16d99,5f3fa41a-f26f-415c-a2b2-8bf783233976,1635688614383,13.4151724,52.4766126,6.5914817,-0.59582746,-3.3925905,-0.48169708,on bike mount,cyclo cross,True,concrete plates,good
ec6461f0-3771-4a48-b184-e422cc7a5c11,20e1e3e5-ea51-4fe6-b2ff-b28595d16d99,c4e65fc0-23fa-4b50-907b-113af9adee72,1635688614432,13.4151724,52.4766126,6.5914817,-1.9050962,-5.199236,-2.821567,on bike mount,cyclo cross,True,concrete plates,good
ec6461f0-3771-4a48-b184-e422cc7a5c11,20e1e3e5-ea51-4fe6-b2ff-b28595d16d99,1e8a869a-f91a-4509-a0a7-0e8452f24714,1635688614483,13.4151724,52.4766126,6.5914817,0.15560746,-4.944389,-0.8785753,on bike mount,cyclo cross,True,concrete plates,good
ec6461f0-3771-4a48-b184-e422cc7a5c11,20e1e3e5-ea51-4fe6-b2ff-b28595d16d99,45e09ca9-5b27-4873-872c-7182a21d772f,1635688614537,13.4151724,52.4766126,6.5914817,-0.94832325,-0.2532308,-1.0646005,on bike mount,cyclo cross,True,concrete plates,good
ec6461f0-3771-4a48-b184-e422cc7a5c11,20e1e3e5-ea51-4fe6-b2ff-b28595d16d99,4590e344-732b-4ca1-9f09-e9917db230c8,1635688614590,13.4151724,52.4766126,6.5914817,0.10585374,0.84019756,-1.6358485,on bike mount,cyclo cross,True,concrete plates,good
ec6461f0-3771-4a48-b184-e422cc7a5c11,20e1e3e5-ea51-4fe6-b2ff-b28595d16d99,bc182382-3305-4081-a76d-ef722f0c272e,1635688614651,13.4151724,52.4766126,6.5914817,-0.83883685,1.0519738,1.7040758,on bike mount,cyclo cross,True,concrete plates,good
ec6461f0-3771-4a48-b184-e422cc7a5c11,20e1e3e5-ea51-4fe6-b2ff-b28595d16d99,19463c79-9a74-4b3b-8974-3198177ca2e7,1635688614701,13.415266,52.4766032,6.5895605,0.8606929,-0.82904816,0.19573784,on bike mount,cyclo cross,True,concrete plates,good
ec6461f0-3771-4a48-b184-e422cc7a5c11,20e1e3e5-ea51-4fe6-b2ff-b28595d16d99,12f57fa0-15a1-4ffb-b674-be5813b93982,1635688614752,13.415266,52.4766032,6.5895605,-1.3524461,-1.3740282,3.6850214,on bike mount,cyclo cross,True,concrete plates,good
ec6461f0-3771-4a48-b184-e422cc7a5c11,20e1e3e5-ea51-4fe6-b2ff-b28595d16d99,58edeb7e-d95d-4b92-a26b-767c3e9d240f,1635688614802,13.415266,52.4766032,6.5895605,-1.0456429,0.46326447,-4.1851425,on bike mount,cyclo cross,True,concrete plates,good
ec6461f0-3771-4a48-b184-e422cc7a5c11,20e1e3e5-ea51-4fe6-b2ff-b28595d16d99,b07dc4f4-774a-4bc4-b23e-f3bdf2abff8f,1635688614867,13.415266,52.4766032,6.5895605,-0.21941575,-0.84868,2.1991005,on bike mount,cyclo cross,True,concrete plates,good
ec6461f0-3771-4a48-b184-e422cc7a5c11,20e1e3e5-ea51-4fe6-b2ff-b28595d16d99,03ff4a32-9484-4db8-8d6e-9ba3551ce0f3,1635688614920,13.415266,52.4766032,6.5895605,-0.05076492,-2.8225543,3.1019983,on bike mount,cyclo cross,True,concrete plates,good
ec6461f0-3771-4a48-b184-e422cc7a5c11,20e1e3e5-ea51-4fe6-b2ff-b28595d16d99,34cb5e73-0a26-4a3c-8c08-c33474fb19a1,1635688614983,13.415266,52.4766032,6.5895605,-0.28882194,1.0444772,2.0003777,on bike mount,cyclo cross,True,concrete plates,good
ec6461f0-3771-4a48-b184-e422cc7a5c11,20e1e3e5-ea51-4fe6-b2ff-b28595d16d99,446056f3-9314-4cf2-86d3-9441cd90bed0,1635688615036,13.415266,52.4766032,6.5895605,-0.37303695,0.8629236,-0.32277966,on bike mount,cyclo cross,True,concrete plates,good
ec6461f0-3771-4a48-b184-e422cc7a5c11,20e1e3e5-ea51-4fe6-b2ff-b28595d16d99,c65c8bbc-2dcd-4547-b126-ae635a0eb2b9,1635688615088,13.415266,52.4766032,6.5895605,-0.04408267,-1.7145827,2.928012,on bike mount,cyclo cross,True,concrete plates,good
ec6461f0-3771-4a48-b184-e422cc7a5c11,20e1e3e5-ea51-4fe6-b2ff-b28595d16d99,15dab7c9-f00a-4efd-8ed7-89eb395848f4,1635688615150,13.415266,52.4766032,6.5895605,-0.20132998,-2.1449852,1.049489,on bike mount,cyclo cross,True,concrete plates,good
ec6461f0-3771-4a48-b184-e422cc7a5c11,20e1e3e5-ea51-4fe6-b2ff-b28595d16d99,d6b5fd94-81b5-4a58-8c82-1a2a78e497ff,1635688615201,13.415266,52.4766032,6.5895605,3.2927432,-2.0827427,1.9980621,on bike mount,cyclo cross,True,concrete plates,good
ec6461f0-3771-4a48-b184-e422cc7a5c11,20e1e3e5-ea51-4fe6-b2ff-b28595d16d99,2c32d639-67dc-4508-9ac8-fe87081e976b,1635688615254,13.415266,52.4766032,6.5895605,-1.0537645,0.7677069,2.8928423,on bike mount,cyclo cross,True,concrete plates,good
ec6461f0-3771-4a48-b184-e422cc7a5c11,20e1e3e5-ea51-4fe6-b2ff-b28595d16d99,8deeac0d-b4bf-45fe-a1f8-e9f32946e55f,1635688615321,13.415266,52.4766032,6.5895605,-0.99739355,1.3235049,-2.8006792,on bike mount,cyclo cross,True,concrete plates,good
ec6461f0-3771-4a48-b184-e422cc7a5c11,20e1e3e5-ea51-4fe6-b2ff-b28595d16d99,706a717a-fced-4aa6-b3d7-19a611a886fe,1635688615384,13.415266,52.4766032,6.5895605,-1.0835398,-8.658175,2.237215,on bike mount,cyclo cross,True,concrete plates,good
ec6461f0-3771-4a48-b184-e422cc7a5c11,20e1e3e5-ea51-4fe6-b2ff-b28595d16d99,12731443-720c-4152-bb7d-6304e5446ccc,1635688615436,13.415266,52.4766032,6.5895605,0.97919905,1.4150481,-0.8802624,on bike mount,cyclo cross,True,concrete plates,good
ec6461f0-3771-4a48-b184-e422cc7a5c11,20e1e3e5-ea51-4fe6-b2ff-b28595d16d99,2446b53c-2d9a-42c6-8620-24b67a1ae873,1635688615489,13.415266,52.4766032,6.5895605,-1.2417989,0.87277603,0.18551826,on bike mount,cyclo cross,True,concrete plates,good
ec6461f0-3771-4a48-b184-e422cc7a5c11,20e1e3e5-ea51-4fe6-b2ff-b28595d16d99,54dce0ee-dc14-4ebf-a69f-847f60f9f45b,1635688615554,13.415266,52.4766032,6.5895605,1.8802547,2.4830632,-2.2614055,on bike mount,cyclo cross,True,concrete plates,good
ec6461f0-3771-4a48-b184-e422cc7a5c11,20e1e3e5-ea51-4fe6-b2ff-b28595d16d99,9a7c24e0-93e2-408c-a315-252ec6169703,1635688615620,13.415266,52.4766032,6.5895605,0.09539954,0.73599696,-4.1216507,on bike mount,cyclo cross,True,concrete plates,good
ec6461f0-3771-4a48-b184-e422cc7a5c11,20e1e3e5-ea51-4fe6-b2ff-b28595d16d99,10c45ea5-3c78-4aec-952a-0a0830d48796,1635688615675,13.415266,52.4766032,6.5895605,-1.50468,3.0538025,-3.4507918,on bike mount,cyclo cross,True,concrete plates,good
ec6461f0-3771-4a48-b184-e422cc7a5c11,20e1e3e5-ea51-4fe6-b2ff-b28595d16d99,49332a68-2de1-4d6d-a2c1-1140405a6d80,1635688615737,13.4153552,52.4765959,6.5795074,2.2714002,-1.7810119,2.3930645,on bike mount,cyclo cross,True,concrete plates,good
ec6461f0-3771-4a48-b184-e422cc7a5c11,20e1e3e5-ea51-4fe6-b2ff-b28595d16d99,39c2194f-6e26-4e54-8748-8e870ccd9451,1635688615788,13.4153552,52.4765959,6.5795074,0.9895545,1.1772006,-0.7308712,on bike mount,cyclo cross,True,concrete plates,good
ec6461f0-3771-4a48-b184-e422cc7a5c11,20e1e3e5-ea51-4fe6-b2ff-b28595d16d99,32c5f213-b2e2-47e1-9535-d29f68abfe3b,1635688615856,13.4153552,52.4765959,6.5795074,-0.07807708,1.2619667,-0.77677345,on bike mount,cyclo cross,True,concrete plates,good
ec6461f0-3771-4a48-b184-e422cc7a5c11,20e1e3e5-ea51-4fe6-b2ff-b28595d16d99,a616e1ff-7427-4c78-bc13-9803bc499434,1635688615908,13.4153552,52.4765959,6.5795074,-0.2814004,-2.2181015,3.640831,on bike mount,cyclo cross,True,concrete plates,good
ec6461f0-3771-4a48-b184-e422cc7a5c11,20e1e3e5-ea51-4fe6-b2ff-b28595d16d99,ba603204-ae5a-4275-9da1-e0072817e3c7,1635688615968,13.4153552,52.4765959,6.5795074,0.09891826,0.40439034,0.75790405,on bike mount,cyclo cross,True,concrete plates,good
ec6461f0-3771-4a48-b184-e422cc7a5c11,20e1e3e5-ea51-4fe6-b2ff-b28595d16d99,301f6fae-6bbd-4459-a9d9-7c56d9cf1c53,1635688616020,13.4153552,52.4765959,6.5795074,0.10387483,0.87597775,-1.4179573,on bike mount,cyclo cross,True,concrete plates,good
ec6461f0-3771-4a48-b184-e422cc7a5c11,20e1e3e5-ea51-4fe6-b2ff-b28595d16d99,e8f135c0-c22d-4019-ae87-c56cdbceee08,1635688616070,13.4153552,52.4765959,6.5795074,-1.7950727,4.5746984,-3.019445,on bike mount,cyclo cross,True,concrete plates,good
ec6461f0-3771-4a48-b184-e422cc7a5c11,20e1e3e5-ea51-4fe6-b2ff-b28595d16d99,4bb1abf5-09f7-47eb-aa5d-2a0f4eda1cff,1635688616120,13.4153552,52.4765959,6.5795074,0.074276164,-0.6636181,1.9942589,on bike mount,cyclo cross,True,concrete plates,good
ec6461f0-3771-4a48-b184-e422cc7a5c11,20e1e3e5-ea51-4fe6-b2ff-b28595d16d99,4283a10c-a015-4425-8fe4-6131c3382505,1635688616170,13.4153552,52.4765959,6.5795074,0.1936464,-0.1535635,-0.94559383,on bike mount,cyclo cross,True,concrete plates,good
ec6461f0-3771-4a48-b184-e422cc7a5c11,20e1e3e5-ea51-4fe6-b2ff-b28595d16d99,a6e166ea-e5c8-4adf-b280-a726ba785765,1635688616220,13.4153552,52.4765959,6.5795074,0.25358766,0.65683055,1.0301771,on bike mount,cyclo cross,True,concrete plates,good
ec6461f0-3771-4a48-b184-e422cc7a5c11,20e1e3e5-ea51-4fe6-b2ff-b28595d16d99,45f25464-1ef7-4dec-93bb-2c17c6b992b3,1635688616272,13.4153552,52.4765959,6.5795074,-0.10370624,-1.1258696,0.69509315,on bike mount,cyclo cross,True,concrete plates,good
ec6461f0-3771-4a48-b184-e422cc7a5c11,20e1e3e5-ea51-4fe6-b2ff-b28595d16d99,a34c0f49-4b6e-4e3d-ac13-f4ad3fe966fa,1635688616322,13.4153552,52.4765959,6.5795074,-0.90164757,-2.9721317,0.6958771,on bike mount,cyclo cross,True,concrete plates,good
ec6461f0-3771-4a48-b184-e422cc7a5c11,20e1e3e5-ea51-4fe6-b2ff-b28595d16d99,a08f9c07-a295-418a-a617-e985d2e2dc29,1635688616377,13.4153552,52.4765959,6.5795074,-1.7622105,1.7316785,-0.7217951,on bike mount,cyclo cross,True,concrete plates,good
ec6461f0-3771-4a48-b184-e422cc7a5c11,20e1e3e5-ea51-4fe6-b2ff-b28595d16d99,a010a4fe-a596-4389-a222-a10005e668f6,1635688616439,13.4153552,52.4765959,6.5795074,0.54655755,0.022164106,-1.3592958,on bike mount,cyclo cross,True,concrete plates,good
ec6461f0-3771-4a48-b184-e422cc7a5c11,20e1e3e5-ea51-4fe6-b2ff-b28595d16d99,6194ce5c-5a5e-4e22-a230-439006f4c5bc,1635688616493,13.4153552,52.4765959,6.5795074,-0.13266161,-0.8262788,1.5153923,on bike mount,cyclo cross,True,concrete plates,good
ec6461f0-3771-4a48-b184-e422cc7a5c11,20e1e3e5-ea51-4fe6-b2ff-b28595d16d99,6fcecbb5-fd4b-4a57-ae41-b29e576f8c33,1635688616554,13.4153552,52.4765959,6.5795074,0.14316267,-1.8786168,2.4420424,on bike mount,cyclo cross,True,concrete plates,good
ec6461f0-3771-4a48-b184-e422cc7a5c11,20e1e3e5-ea51-4fe6-b2ff-b28595d16d99,fbb19355-91a0-472b-8fd6-951570d84043,1635688616603,13.4153552,52.4765959,6.5795074,-1.9818233,-4.47684,1.6915693,on bike mount,cyclo cross,True,concrete plates,good
ec6461f0-3771-4a48-b184-e422cc7a5c11,20e1e3e5-ea51-4fe6-b2ff-b28595d16d99,2ef32b33-3767-49d1-aa01-dc8d781034b2,1635688616664,13.4153552,52.4765959,6.5795074,2.712766,-1.0714247,2.8180218,on bike mount,cyclo cross,True,concrete plates,good
ec6461f0-3771-4a48-b184-e422cc7a5c11,20e1e3e5-ea51-4fe6-b2ff-b28595d16d99,b6c95e83-b95d-4d57-8592-1b63c6b06104,1635688616719,13.4154483,52.476596,6.5222054,0.18262851,-1.2407258,2.189169,on bike mount,cyclo cross,True,concrete plates,good
ec6461f0-3771-4a48-b184-e422cc7a5c11,20e1e3e5-ea51-4fe6-b2ff-b28595d16d99,24cf6f11-507d-46e4-b090-6622107cce8a,1635688616771,13.4154483,52.476596,6.5222054,1.1161449,5.4844937,-2.2151732,on bike mount,cyclo cross,True,concrete plates,good
ec6461f0-3771-4a48-b184-e422cc7a5c11,20e1e3e5-ea51-4fe6-b2ff-b28595d16d99,e4328a9f-db56-40fd-a98a-baf58bf436f3,1635688616836,13.4154483,52.476596,6.5222054,-0.029969335,-0.22702503,0.14863586,on bike mount,cyclo cross,True,concrete plates,good
ec6461f0-3771-4a48-b184-e422cc7a5c11,20e1e3e5-ea51-4fe6-b2ff-b28595d16d99,0823a423-8a8c-44fe-b5fb-819fc2ee6b0f,1635688616887,13.4154483,52.476596,6.5222054,0.15849543,-0.85303736,2.1421137,on bike mount,cyclo cross,True,concrete plates,good
ec6461f0-3771-4a48-b184-e422cc7a5c11,20e1e3e5-ea51-4fe6-b2ff-b28595d16d99,cc2f6c10-4338-48d7-a6fc-65a84aeb9ef1,1635688616938,13.4154483,52.476596,6.5222054,-0.6020119,0.41542435,-0.86848164,on bike mount,cyclo cross,True,concrete plates,good
ec6461f0-3771-4a48-b184-e422cc7a5c11,20e1e3e5-ea51-4fe6-b2ff-b28595d16d99,bdc1ab6f-7590-4089-9bbb-9d1b7b6e5b8b,1635688616988,13.4154483,52.476596,6.5222054,0.23713046,-1.0000855,0.099248886,on bike mount,cyclo cross,True,concrete plates,good
ec6461f0-3771-4a48-b184-e422cc7a5c11,20e1e3e5-ea51-4fe6-b2ff-b28595d16d99,c76e9191-5bae-49e0-a802-a4dc55d96715,1635688617038,13.4154483,52.476596,6.5222054,2.9997282,-3.3613746,1.7893028,on bike mount,cyclo cross,True,concrete plates,good
ec6461f0-3771-4a48-b184-e422cc7a5c11,20e1e3e5-ea51-4fe6-b2ff-b28595d16d99,4d01adb1-747a-49d3-8e62-e62ffe3e2a09,1635688617089,13.4154483,52.476596,6.5222054,-1.3144505,-2.1428838,-0.0830822,on bike mount,cyclo cross,True,concrete plates,good
ec6461f0-3771-4a48-b184-e422cc7a5c11,20e1e3e5-ea51-4fe6-b2ff-b28595d16d99,805acfb4-bc5c-4330-a6be-8a44e3d544a5,1635688617156,13.4154483,52.476596,6.5222054,1.3064258,-2.9807425,3.554535,on bike mount,cyclo cross,True,concrete plates,good
ec6461f0-3771-4a48-b184-e422cc7a5c11,20e1e3e5-ea51-4fe6-b2ff-b28595d16d99,6c8adb32-d5ce-4d5e-b808-0422144dbc9b,1635688617222,13.4154483,52.476596,6.5222054,1.0528917,-4.8951283,2.438384,on bike mount,cyclo cross,True,concrete plates,good
ec6461f0-3771-4a48-b184-e422cc7a5c11,20e1e3e5-ea51-4fe6-b2ff-b28595d16d99,52094963-a453-4c13-b1fa-0a2ead3a6030,1635688617287,13.4154483,52.476596,6.5222054,-0.047715127,4.635796,0.50277996,on bike mount,cyclo cross,True,concrete plates,good
ec6461f0-3771-4a48-b184-e422cc7a5c11,20e1e3e5-ea51-4fe6-b2ff-b28595d16d99,39e3634c-6d2f-457e-ba3b-01c6ca3692c5,1635688617339,13.4154483,52.476596,6.5222054,1.4490939,0.41698456,0.67199135,on bike mount,cyclo cross,True,concrete plates,good
ec6461f0-3771-4a48-b184-e422cc7a5c11,20e1e3e5-ea51-4fe6-b2ff-b28595d16d99,893a13e1-e46e-41f0-af1c-4219554f9754,1635688617404,13.4154483,52.476596,6.5222054,1.0635837,-0.54837966,3.1756468,on bike mount,cyclo cross,True,concrete plates,good
ec6461f0-3771-4a48-b184-e422cc7a5c11,20e1e3e5-ea51-4fe6-b2ff-b28595d16d99,e1394def-277d-45c0-996e-172e2dd934ef,1635688617458,13.4154483,52.476596,6.5222054,0.95392114,-1.8807685,3.1807861,on bike mount,cyclo cross,True,concrete plates,good
ec6461f0-3771-4a48-b184-e422cc7a5c11,20e1e3e5-ea51-4fe6-b2ff-b28595d16d99,1cae9a51-714f-4c5f-85a4-aaa4cf2d25cf,1635688617511,13.4154483,52.476596,6.5222054,-0.5986643,2.1219664,0.02434063,on bike mount,cyclo cross,True,concrete plates,good
ec6461f0-3771-4a48-b184-e422cc7a5c11,20e1e3e5-ea51-4fe6-b2ff-b28595d16d99,e9e3eefa-b11c-459d-b6bc-c8bb83570d5c,1635688617576,13.4154483,52.476596,6.5222054,1.3360499,-0.5408783,-1.6558666,on bike mount,cyclo cross,True,concrete plates,good
ec6461f0-3771-4a48-b184-e422cc7a5c11,20e1e3e5-ea51-4fe6-b2ff-b28595d16d99,87dd5842-7898-48c4-9599-8f8ddfdfafe7,1635688617626,13.4154483,52.476596,6.5222054,-0.14672637,-2.168189,-1.7681766,on bike mount,cyclo cross,True,concrete plates,good
ec6461f0-3771-4a48-b184-e422cc7a5c11,20e1e3e5-ea51-4fe6-b2ff-b28595d16d99,9fdcc011-7af0-434c-8070-44232b5ff5f8,1635688617688,13.4154483,52.476596,6.5222054,0.0036932826,0.10003948,-0.6313343,on bike mount,cyclo cross,True,concrete plates,good
ec6461f0-3771-4a48-b184-e422cc7a5c11,20e1e3e5-ea51-4fe6-b2ff-b28595d16d99,2d88a059-7710-461e-8edb-94d899010526,1635688617738,13.4155431,52.4765926,6.524842,0.91424406,-0.7688556,2.3900957,on bike mount,cyclo cross,True,concrete plates,good
ec6461f0-3771-4a48-b184-e422cc7a5c11,20e1e3e5-ea51-4fe6-b2ff-b28595d16d99,d42cc7a5-f827-4fd6-a08b-bc70786bb7eb,1635688617788,13.4155431,52.4765926,6.524842,0.1527484,-3.1302075,1.879734,on bike mount,cyclo cross,True,concrete plates,good
ec6461f0-3771-4a48-b184-e422cc7a5c11,20e1e3e5-ea51-4fe6-b2ff-b28595d16d99,971ac7c5-c0cd-467c-b911-2874951fecdb,1635688617839,13.4155431,52.4765926,6.524842,1.2216206,-0.16388845,0.4759016,on bike mount,cyclo cross,True,concrete plates,good
ec6461f0-3771-4a48-b184-e422cc7a5c11,20e1e3e5-ea51-4fe6-b2ff-b28595d16d99,d9073b6e-a8ef-41c2-b8fd-330ece191301,1635688617889,13.4155431,52.4765926,6.524842,0.18636382,0.6112623,-0.5211048,on bike mount,cyclo cross,True,concrete plates,good
ec6461f0-3771-4a48-b184-e422cc7a5c11,20e1e3e5-ea51-4fe6-b2ff-b28595d16d99,9e3acaed-a86c-4a06-b35c-c095d6f23ad1,1635688617939,13.4155431,52.4765926,6.524842,0.48637033,-0.26802015,-1.2749195,on bike mount,cyclo cross,True,concrete plates,good
ec6461f0-3771-4a48-b184-e422cc7a5c11,20e1e3e5-ea51-4fe6-b2ff-b28595d16d99,b5963cf5-4697-4a9b-b2be-d314110437b4,1635688617990,13.4155431,52.4765926,6.524842,0.74076575,0.5586817,-0.70663357,on bike mount,cyclo cross,True,concrete plates,good
ec6461f0-3771-4a48-b184-e422cc7a5c11,20e1e3e5-ea51-4fe6-b2ff-b28595d16d99,a3615245-062d-4e01-94fb-aa9d9f88a794,1635688618040,13.4155431,52.4765926,6.524842,0.8457874,-1.6289511,1.6653261,on bike mount,cyclo cross,True,concrete plates,good
ec6461f0-3771-4a48-b184-e422cc7a5c11,20e1e3e5-ea51-4fe6-b2ff-b28595d16d99,3c01cd68-e4e1-4eed-96c2-3f517b47a92b,1635688618090,13.4155431,52.4765926,6.524842,-0.64830565,0.88579965,0.3495674,on bike mount,cyclo cross,True,concrete plates,good
ec6461f0-3771-4a48-b184-e422cc7a5c11,20e1e3e5-ea51-4fe6-b2ff-b28595d16d99,e7a285f3-3f0e-4b50-89b9-655231d6c5ba,1635688618141,13.4155431,52.4765926,6.524842,0.92065465,2.5224977,0.09525776,on bike mount,cyclo cross,True,concrete plates,good
ec6461f0-3771-4a48-b184-e422cc7a5c11,20e1e3e5-ea51-4fe6-b2ff-b28595d16d99,7ce18d7a-535e-4982-86ef-ba04572e6a9c,1635688618206,13.4155431,52.4765926,6.524842,0.46786377,-0.74937296,-1.3938656,on bike mount,cyclo cross,True,concrete plates,good
ec6461f0-3771-4a48-b184-e422cc7a5c11,20e1e3e5-ea51-4fe6-b2ff-b28595d16d99,a3f90717-07d8-4303-9bd5-e7a91c0bda73,1635688618256,13.4155431,52.4765926,6.524842,0.31583115,-2.210191,1.212965,on bike mount,cyclo cross,True,concrete plates,good
ec6461f0-3771-4a48-b184-e422cc7a5c11,20e1e3e5-ea51-4fe6-b2ff-b28595d16d99,47205a8c-2210-46cb-9661-14bc44f05051,1635688618308,13.4155431,52.4765926,6.524842,0.21682812,0.07503891,0.90363884,on bike mount,cyclo cross,True,concrete plates,good
ec6461f0-3771-4a48-b184-e422cc7a5c11,20e1e3e5-ea51-4fe6-b2ff-b28595d16d99,7dcd1eee-b8cc-4e23-b906-1c4e177deff4,1635688618376,13.4155431,52.4765926,6.524842,0.9349679,1.3828988,2.5737247,on bike mount,cyclo cross,True,concrete plates,good
ec6461f0-3771-4a48-b184-e422cc7a5c11,20e1e3e5-ea51-4fe6-b2ff-b28595d16d99,9854a1d5-03cf-4a1e-ad8f-a7ac91ce8343,1635688618441,13.4155431,52.4765926,6.524842,-0.14238465,-3.8992214,-0.9744148,on bike mount,cyclo cross,True,concrete plates,good
ec6461f0-3771-4a48-b184-e422cc7a5c11,20e1e3e5-ea51-4fe6-b2ff-b28595d16d99,95b57b83-6553-4d25-95fc-331b0ef65e32,1635688618493,13.4155431,52.4765926,6.524842,2.7600489,0.28604698,1.1622877,on bike mount,cyclo cross,True,concrete plates,good
ec6461f0-3771-4a48-b184-e422cc7a5c11,20e1e3e5-ea51-4fe6-b2ff-b28595d16d99,95bf6baa-7fa7-434c-a9f0-09d08320a126,1635688618558,13.4155431,52.4765926,6.524842,-1.5816406,-0.37497282,2.5530758,on bike mount,cyclo cross,True,concrete plates,good
ec6461f0-3771-4a48-b184-e422cc7a5c11,20e1e3e5-ea51-4fe6-b2ff-b28595d16d99,fce7fcdd-b8d3-40ee-8f8f-d384f397560b,1635688618608,13.4155431,52.4765926,6.524842,0.60070574,-1.7151257,-0.35237026,on bike mount,cyclo cross,True,concrete plates,good
ec6461f0-3771-4a48-b184-e422cc7a5c11,20e1e3e5-ea51-4fe6-b2ff-b28595d16d99,3d7ddae2-fb03-440a-be15-d823135d2553,1635688618658,13.4155431,52.4765926,6.524842,0.64709824,-0.7099581,6.5264244,on bike mount,cyclo cross,True,concrete plates,good
ec6461f0-3771-4a48-b184-e422cc7a5c11,20e1e3e5-ea51-4fe6-b2ff-b28595d16d99,7a17200d-5209-4142-820b-c46facc005e2,1635688618707,13.4156355,52.4765923,6.455002,-0.77239025,0.89315224,3.214116,on bike mount,cyclo cross,True,concrete plates,good
ec6461f0-3771-4a48-b184-e422cc7a5c11,20e1e3e5-ea51-4fe6-b2ff-b28595d16d99,4079b461-e26c-4f90-b874-fa2bddef30a1,1635688618757,13.4156355,52.4765923,6.455002,-0.035220217,-0.7478535,-0.585351,on bike mount,cyclo cross,True,concrete plates,good
ec6461f0-3771-4a48-b184-e422cc7a5c11,20e1e3e5-ea51-4fe6-b2ff-b28595d16d99,2d255e8a-3997-4478-8b12-9ee8c99ab6fa,1635688618807,13.4156355,52.4765923,6.455002,-0.033462413,-0.07424593,-3.5635195,on bike mount,cyclo cross,True,concrete plates,good
ec6461f0-3771-4a48-b184-e422cc7a5c11,20e1e3e5-ea51-4fe6-b2ff-b28595d16d99,a2d21481-b68a-4457-b16e-6f4f415df214,1635688618860,13.4156355,52.4765923,6.455002,0.81556433,4.785814,-0.04130745,on bike mount,cyclo cross,True,concrete plates,good
ec6461f0-3771-4a48-b184-e422cc7a5c11,20e1e3e5-ea51-4fe6-b2ff-b28595d16d99,fe732b75-030b-46fa-8d64-fa20be98d0b5,1635688618912,13.4156355,52.4765923,6.455002,-2.1250267,-1.1784862,-2.756938,on bike mount,cyclo cross,True,concrete plates,good
ec6461f0-3771-4a48-b184-e422cc7a5c11,20e1e3e5-ea51-4fe6-b2ff-b28595d16d99,f43aea07-d9a6-478b-9345-5e007014c85b,1635688618978,13.4156355,52.4765923,6.455002,-1.2544116,-4.4831448,0.5406103,on bike mount,cyclo cross,True,concrete plates,good
ec6461f0-3771-4a48-b184-e422cc7a5c11,20e1e3e5-ea51-4fe6-b2ff-b28595d16d99,0673674d-1d05-4bfe-914a-d8acebee0a5d,1635688619041,13.4156355,52.4765923,6.455002,0.6767643,-1.748611,0.1637392,on bike mount,cyclo cross,True,concrete plates,good
ec6461f0-3771-4a48-b184-e422cc7a5c11,20e1e3e5-ea51-4fe6-b2ff-b28595d16d99,688578ac-9bc5-4e32-ad80-06292a358726,1635688619095,13.4156355,52.4765923,6.455002,-0.015848562,3.4701662,-0.7239628,on bike mount,cyclo cross,True,concrete plates,good
ec6461f0-3771-4a48-b184-e422cc7a5c11,20e1e3e5-ea51-4fe6-b2ff-b28595d16d99,211f54fe-9780-4740-b2ac-9eae4ac611b5,1635688619158,13.4156355,52.4765923,6.455002,1.8057009,3.033584,4.1157103,on bike mount,cyclo cross,True,concrete plates,good
ec6461f0-3771-4a48-b184-e422cc7a5c11,20e1e3e5-ea51-4fe6-b2ff-b28595d16d99,91c14808-e232-40ff-afc7-dacc353f342f,1635688619209,13.4156355,52.4765923,6.455002,0.90359116,0.75502205,0.5162821,on bike mount,cyclo cross,True,concrete plates,good
ec6461f0-3771-4a48-b184-e422cc7a5c11,20e1e3e5-ea51-4fe6-b2ff-b28595d16d99,5aae052b-a920-4e63-a202-6b42166a83c6,1635688619258,13.4156355,52.4765923,6.455002,0.010144681,-4.0781164,-0.86222935,on bike mount,cyclo cross,True,concrete plates,good
ec6461f0-3771-4a48-b184-e422cc7a5c11,20e1e3e5-ea51-4fe6-b2ff-b28595d16d99,429c21d4-7aab-4bd5-a8e7-704dfb64427c,1635688619309,13.4156355,52.4765923,6.455002,-0.54825354,2.1932144,-1.0557532,on bike mount,cyclo cross,True,concrete plates,good
ec6461f0-3771-4a48-b184-e422cc7a5c11,20e1e3e5-ea51-4fe6-b2ff-b28595d16d99,60bf7c05-d010-4c5b-8b3d-a7947e97bad3,1635688619360,13.4156355,52.4765923,6.455002,-1.4967037,-0.69065666,-0.17991924,on bike mount,cyclo cross,True,concrete plates,good
ec6461f0-3771-4a48-b184-e422cc7a5c11,20e1e3e5-ea51-4fe6-b2ff-b28595d16d99,32c8539a-61e2-46b2-8ae5-6d21ad567a7c,1635688619413,13.4156355,52.4765923,6.455002,1.1004474,0.07840657,-0.07828903,on bike mount,cyclo cross,True,concrete plates,good
ec6461f0-3771-4a48-b184-e422cc7a5c11,20e1e3e5-ea51-4fe6-b2ff-b28595d16d99,5c5479eb-bbaa-4c8b-a7f9-4c07d29b0462,1635688619477,13.4156355,52.4765923,6.455002,0.99381375,-0.93461,1.5453386,on bike mount,cyclo cross,True,concrete plates,good
ec6461f0-3771-4a48-b184-e422cc7a5c11,20e1e3e5-ea51-4fe6-b2ff-b28595d16d99,b10fcabf-2e54-4650-afb6-312f804274c2,1635688619542,13.4156355,52.4765923,6.455002,-0.004843518,2.8924394,-3.1665812,on bike mount,cyclo cross,True,concrete plates,good
ec6461f0-3771-4a48-b184-e422cc7a5c11,20e1e3e5-ea51-4fe6-b2ff-b28595d16d99,05e6de40-6cb8-4203-b14c-3d62b0135f36,1635688619592,13.4156355,52.4765923,6.455002,-0.012757242,0.11906314,2.292119,on bike mount,cyclo cross,True,concrete plates,good
ec6461f0-3771-4a48-b184-e422cc7a5c11,20e1e3e5-ea51-4fe6-b2ff-b28595d16d99,0e785e5d-9022-4889-82b3-850e47e66849,1635688619642,13.4156355,52.4765923,6.455002,0.9622138,0.062447548,-2.2286553,on bike mount,cyclo cross,True,concrete plates,good
ec6461f0-3771-4a48-b184-e422cc7a5c11,20e1e3e5-ea51-4fe6-b2ff-b28595d16d99,b2acabdf-7430-4c0b-a383-5753bd6cba30,1635688619693,13.4157311,52.4765864,6.4427857,-0.3709805,-1.6676219,-0.46539116,on bike mount,cyclo cross,True,concrete plates,good
ec6461f0-3771-4a48-b184-e422cc7a5c11,20e1e3e5-ea51-4fe6-b2ff-b28595d16d99,ac7e0763-575d-4050-8cf8-1f48d9f0ea63,1635688619746,13.4157311,52.4765864,6.4427857,-0.66651547,1.2881064,2.0285673,on bike mount,cyclo cross,True,concrete plates,good
ec6461f0-3771-4a48-b184-e422cc7a5c11,20e1e3e5-ea51-4fe6-b2ff-b28595d16d99,a43a94bc-a2ee-402c-b502-981ba2e43e8c,1635688619811,13.4157311,52.4765864,6.4427857,-0.74195683,-3.502202,6.08821,on bike mount,cyclo cross,True,concrete plates,good
ec6461f0-3771-4a48-b184-e422cc7a5c11,20e1e3e5-ea51-4fe6-b2ff-b28595d16d99,f6688cf5-67ae-4a85-be86-e8d07bc62a81,1635688619876,13.4157311,52.4765864,6.4427857,2.939738,3.2952762,-1.9578223,on bike mount,cyclo cross,True,concrete plates,good
ec6461f0-3771-4a48-b184-e422cc7a5c11,20e1e3e5-ea51-4fe6-b2ff-b28595d16d99,3a4f3ac8-783f-406c-a361-735b7fc24612,1635688619927,13.4157311,52.4765864,6.4427857,0.41701508,-0.5897713,1.8232164,on bike mount,cyclo cross,True,concrete plates,good
ec6461f0-3771-4a48-b184-e422cc7a5c11,20e1e3e5-ea51-4fe6-b2ff-b28595d16d99,a0de0e74-eef6-4647-8acf-7d3e966f1129,1635688619992,13.4157311,52.4765864,6.4427857,-0.51037824,-0.804986,2.3361406,on bike mount,cyclo cross,True,concrete plates,good
ec6461f0-3771-4a48-b184-e422cc7a5c11,20e1e3e5-ea51-4fe6-b2ff-b28595d16d99,923976aa-ea22-4639-8066-3f20238ba243,1635688620042,13.4157311,52.4765864,6.4427857,0.8963114,3.0250244,-1.8698707,on bike mount,cyclo cross,True,concrete plates,good
ec6461f0-3771-4a48-b184-e422cc7a5c11,20e1e3e5-ea51-4fe6-b2ff-b28595d16d99,56f2c404-f5af-4665-8eae-23e470410cf7,1635688620095,13.4157311,52.4765864,6.4427857,-0.69498885,1.5056953,1.1434546,on bike mount,cyclo cross,True,concrete plates,good
ec6461f0-3771-4a48-b184-e422cc7a5c11,20e1e3e5-ea51-4fe6-b2ff-b28595d16d99,b44cda0a-d3ff-4dc9-96fa-19c4a0698c7b,1635688620161,13.4157311,52.4765864,6.4427857,-1.0458493,-1.005743,6.7062016,on bike mount,cyclo cross,True,concrete plates,good
ec6461f0-3771-4a48-b184-e422cc7a5c11,20e1e3e5-ea51-4fe6-b2ff-b28595d16d99,35af087b-aaa3-415b-b520-22137d27149d,1635688620215,13.4157311,52.4765864,6.4427857,1.4318583,-4.3841667,0.1866579,on bike mount,cyclo cross,True,concrete plates,good
ec6461f0-3771-4a48-b184-e422cc7a5c11,20e1e3e5-ea51-4fe6-b2ff-b28595d16d99,05e5defb-14a3-47dd-ba64-e2b91df06a5d,1635688620278,13.4157311,52.4765864,6.4427857,0.40972933,-0.32590985,-4.3949413,on bike mount,cyclo cross,True,concrete plates,good
ec6461f0-3771-4a48-b184-e422cc7a5c11,20e1e3e5-ea51-4fe6-b2ff-b28595d16d99,3ec51cc7-2183-46fb-be3d-7e0bea302b08,1635688620328,13.4157311,52.4765864,6.4427857,0.44782406,1.572834,-1.1483221,on bike mount,cyclo cross,True,concrete plates,good
ec6461f0-3771-4a48-b184-e422cc7a5c11,20e1e3e5-ea51-4fe6-b2ff-b28595d16d99,8ac80152-87b3-41f3-9a47-97e601ada585,1635688620400,13.4157311,52.4765864,6.4427857,-0.10988126,-3.9777713,1.8779202,on bike mount,cyclo cross,True,concrete plates,good
ec6461f0-3771-4a48-b184-e422cc7a5c11,20e1e3e5-ea51-4fe6-b2ff-b28595d16d99,b313cfa6-ad6d-4537-8189-b9dd85b7b81e,1635688620462,13.4157311,52.4765864,6.4427857,0.14528844,3.450695,2.0543766,on bike mount,cyclo cross,True,concrete plates,good
ec6461f0-3771-4a48-b184-e422cc7a5c11,20e1e3e5-ea51-4fe6-b2ff-b28595d16d99,d4fb9321-c4b0-4581-8439-08e20bb55050,1635688620513,13.4157311,52.4765864,6.4427857,0.3268023,-0.855639,0.7796078,on bike mount,cyclo cross,True,concrete plates,good
ec6461f0-3771-4a48-b184-e422cc7a5c11,20e1e3e5-ea51-4fe6-b2ff-b28595d16d99,cc992332-48c8-4ea6-b5ba-2b322f6b9d74,1635688620564,13.4157311,52.4765864,6.4427857,-0.025336005,0.870435,-2.967173,on bike mount,cyclo cross,True,concrete plates,good
ec6461f0-3771-4a48-b184-e422cc7a5c11,20e1e3e5-ea51-4fe6-b2ff-b28595d16d99,b7948ad5-0529-484f-8d8e-564c56332596,1635688620615,13.4157311,52.4765864,6.4427857,-2.3256872,0.1950109,0.7100563,on bike mount,cyclo cross,True,concrete plates,good
ec6461f0-3771-4a48-b184-e422cc7a5c11,20e1e3e5-ea51-4fe6-b2ff-b28595d16d99,f07ff179-d433-4c36-8e36-f9313d8a2ee9,1635688620678,13.4157311,52.4765864,6.4427857,0.25925994,-3.4444077,1.3263187,on bike mount,cyclo cross,True,concrete plates,good
ec6461f0-3771-4a48-b184-e422cc7a5c11,20e1e3e5-ea51-4fe6-b2ff-b28595d16d99,041dcdb1-85a4-4682-9981-e6a1ff3d3e59,1635688620727,13.4158199,52.47658,6.405954,-1.3341272,-0.26288342,0.40442085,on bike mount,cyclo cross,True,concrete plates,good
ec6461f0-3771-4a48-b184-e422cc7a5c11,20e1e3e5-ea51-4fe6-b2ff-b28595d16d99,f589f487-cc6e-4802-9d91-3781e969facc,1635688620778,13.4158199,52.47658,6.405954,-1.7778614,1.598053,-2.0069509,on bike mount,cyclo cross,True,concrete plates,good
ec6461f0-3771-4a48-b184-e422cc7a5c11,20e1e3e5-ea51-4fe6-b2ff-b28595d16d99,5d35d21e-2662-49b8-979c-7b33ef961774,1635688620829,13.4158199,52.47658,6.405954,-0.75408894,-1.8624393,-3.2176952,on bike mount,cyclo cross,True,concrete plates,good
ec6461f0-3771-4a48-b184-e422cc7a5c11,20e1e3e5-ea51-4fe6-b2ff-b28595d16d99,f500faf0-c1a1-4cd5-9937-1d45d031819b,1635688620879,13.4158199,52.47658,6.405954,-1.2615244,-0.18617773,-4.060526,on bike mount,cyclo cross,True,concrete plates,good
ec6461f0-3771-4a48-b184-e422cc7a5c11,20e1e3e5-ea51-4fe6-b2ff-b28595d16d99,4abf89dd-b87c-4b2f-8835-527e317950c7,1635688620929,13.4158199,52.47658,6.405954,0.06823328,-0.55370927,-0.89736795,on bike mount,cyclo cross,True,concrete plates,good
ec6461f0-3771-4a48-b184-e422cc7a5c11,20e1e3e5-ea51-4fe6-b2ff-b28595d16d99,4d866949-903d-49b4-8ba5-4f3da6615688,1635688620979,13.4158199,52.47658,6.405954,-0.31332588,0.111664295,2.7036304,on bike mount,cyclo cross,True,concrete plates,good
ec6461f0-3771-4a48-b184-e422cc7a5c11,20e1e3e5-ea51-4fe6-b2ff-b28595d16d99,7f036ef1-7c93-46d6-8ba1-19032708c29b,1635688621029,13.4158199,52.47658,6.405954,0.75622064,-0.56783295,-0.34349728,on bike mount,cyclo cross,True,concrete plates,good
ec6461f0-3771-4a48-b184-e422cc7a5c11,20e1e3e5-ea51-4fe6-b2ff-b28595d16d99,57a348d8-4d5c-41b6-8c21-d5c0f5ea2901,1635688621080,13.4158199,52.47658,6.405954,-0.13322562,-2.2801342,-1.9754739,on bike mount,cyclo cross,True,concrete plates,good
ec6461f0-3771-4a48-b184-e422cc7a5c11,20e1e3e5-ea51-4fe6-b2ff-b28595d16d99,b38d2ad3-1d3a-4752-a178-5ad3bc82dd20,1635688621131,13.4158199,52.47658,6.405954,-0.84329575,-2.4762492,-2.4234514,on bike mount,cyclo cross,True,concrete plates,good
ec6461f0-3771-4a48-b184-e422cc7a5c11,20e1e3e5-ea51-4fe6-b2ff-b28595d16d99,9fabe670-a400-4f39-bc72-0e1fd9811a54,1635688621195,13.4158199,52.47658,6.405954,-1.2689885,2.8621736,1.221405,on bike mount,cyclo cross,True,concrete plates,good
ec6461f0-3771-4a48-b184-e422cc7a5c11,20e1e3e5-ea51-4fe6-b2ff-b28595d16d99,0e07cd25-b6c1-46eb-8a9d-d9ae1c91e75c,1635688621249,13.4158199,52.47658,6.405954,-0.6477544,-0.111792564,2.1036758,on bike mount,cyclo cross,True,concrete plates,good
ec6461f0-3771-4a48-b184-e422cc7a5c11,20e1e3e5-ea51-4fe6-b2ff-b28595d16d99,e282c298-ec2b-42e5-8cb5-49eab8ef73e9,1635688621312,13.4158199,52.47658,6.405954,2.3090618,1.3165545,1.7016926,on bike mount,cyclo cross,True,concrete plates,good
ec6461f0-3771-4a48-b184-e422cc7a5c11,20e1e3e5-ea51-4fe6-b2ff-b28595d16d99,28360fca-e0ef-475b-9baa-51aca86505db,1635688621365,13.4158199,52.47658,6.405954,-0.5651931,-2.099164,0.699461,on bike mount,cyclo cross,True,concrete plates,good
ec6461f0-3771-4a48-b184-e422cc7a5c11,20e1e3e5-ea51-4fe6-b2ff-b28595d16d99,d0e42021-a733-481d-ae79-9a82fb92b27e,1635688621430,13.4158199,52.47658,6.405954,-0.15661126,0.005600214,-0.5682106,on bike mount,cyclo cross,True,concrete plates,good
ec6461f0-3771-4a48-b184-e422cc7a5c11,20e1e3e5-ea51-4fe6-b2ff-b28595d16d99,982684b3-96d3-4b51-ad4b-4585891ce4d6,1635688621481,13.4158199,52.47658,6.405954,0.42699915,1.587143,-0.48518658,on bike mount,cyclo cross,True,concrete plates,good
ec6461f0-3771-4a48-b184-e422cc7a5c11,20e1e3e5-ea51-4fe6-b2ff-b28595d16d99,d5dd4e0b-ea89-4e82-8fcc-c043b9d19e26,1635688621531,13.4158199,52.47658,6.405954,-0.17299652,-0.8731775,3.598175,on bike mount,cyclo cross,True,concrete plates,good
ec6461f0-3771-4a48-b184-e422cc7a5c11,20e1e3e5-ea51-4fe6-b2ff-b28595d16d99,e885873b-18e6-47c1-8b93-a07c3442e359,1635688621582,13.4158199,52.47658,6.405954,0.7763097,-0.27284217,-2.6870446,on bike mount,cyclo cross,True,concrete plates,good
ec6461f0-3771-4a48-b184-e422cc7a5c11,20e1e3e5-ea51-4fe6-b2ff-b28595d16d99,be3e7c91-ffac-4a8b-914b-04247816cc1f,1635688621633,13.4158199,52.47658,6.405954,-0.5159955,-0.34344316,0.5504503,on bike mount,cyclo cross,True,concrete plates,good
ec6461f0-3771-4a48-b184-e422cc7a5c11,20e1e3e5-ea51-4fe6-b2ff-b28595d16d99,81e74f28-c3e9-4aef-8179-e84340073f1b,1635688621699,13.4159092,52.4765731,6.3955054,-0.27763167,-0.39323187,-3.1849346,on bike mount,cyclo cross,True,concrete plates,good
ec6461f0-3771-4a48-b184-e422cc7a5c11,20e1e3e5-ea51-4fe6-b2ff-b28595d16d99,eb3a7a68-35af-4623-a235-9ed487155217,1635688621762,13.4159092,52.4765731,6.3955054,-1.9268161,0.6091652,2.5210657,on bike mount,cyclo cross,True,concrete plates,good
ec6461f0-3771-4a48-b184-e422cc7a5c11,20e1e3e5-ea51-4fe6-b2ff-b28595d16d99,212ff309-e33a-4bb4-bd10-05613a30b680,1635688621812,13.4159092,52.4765731,6.3955054,1.5076438,-2.4230494,1.5882254,on bike mount,cyclo cross,True,concrete plates,good
ec6461f0-3771-4a48-b184-e422cc7a5c11,20e1e3e5-ea51-4fe6-b2ff-b28595d16d99,31828449-ec0d-481a-b679-5190200bb379,1635688621862,13.4159092,52.4765731,6.3955054,-0.1651153,-3.0616107,0.5195446,on bike mount,cyclo cross,True,concrete plates,good
ec6461f0-3771-4a48-b184-e422cc7a5c11,20e1e3e5-ea51-4fe6-b2ff-b28595d16d99,6bab3b4a-1ad5-4554-93cd-0ec8b9bbfec2,1635688621913,13.4159092,52.4765731,6.3955054,-0.39341128,0.6484561,-0.37525654,on bike mount,cyclo cross,True,concrete plates,good
ec6461f0-3771-4a48-b184-e422cc7a5c11,20e1e3e5-ea51-4fe6-b2ff-b28595d16d99,5fee8fa1-c402-4d11-a5f4-a4ccb739de92,1635688621964,13.4159092,52.4765731,6.3955054,0.071673624,1.224144,2.590436,on bike mount,cyclo cross,True,concrete plates,good
ec6461f0-3771-4a48-b184-e422cc7a5c11,20e1e3e5-ea51-4fe6-b2ff-b28595d16d99,adfdc40a-50a4-4ea3-8d0d-96a6f25014b9,1635688622030,13.4159092,52.4765731,6.3955054,-0.8945869,-0.15598202,-1.2666197,on bike mount,cyclo cross,True,concrete plates,good
ec6461f0-3771-4a48-b184-e422cc7a5c11,20e1e3e5-ea51-4fe6-b2ff-b28595d16d99,84f00b88-dbff-4e71-81e2-e7e5cb665699,1635688622080,13.4159092,52.4765731,6.3955054,1.670498,2.054842,-2.9483852,on bike mount,cyclo cross,True,concrete plates,good
ec6461f0-3771-4a48-b184-e422cc7a5c11,20e1e3e5-ea51-4fe6-b2ff-b28595d16d99,a1de6684-c227-4fdd-9327-51acef86c698,1635688622131,13.4159092,52.4765731,6.3955054,0.91117454,1.9147038,1.2424278,on bike mount,cyclo cross,True,concrete plates,good
ec6461f0-3771-4a48-b184-e422cc7a5c11,20e1e3e5-ea51-4fe6-b2ff-b28595d16d99,b5a1223a-bd3f-434e-9a85-6d19631bd163,1635688622181,13.4159092,52.4765731,6.3955054,-0.63980997,2.4476314,1.035429,on bike mount,cyclo cross,True,concrete plates,good
ec6461f0-3771-4a48-b184-e422cc7a5c11,20e1e3e5-ea51-4fe6-b2ff-b28595d16d99,ec8b2fcb-8199-4dc1-9f89-3445e799d439,1635688622231,13.4159092,52.4765731,6.3955054,1.073131,1.8538132,0.17608356,on bike mount,cyclo cross,True,concrete plates,good
ec6461f0-3771-4a48-b184-e422cc7a5c11,20e1e3e5-ea51-4fe6-b2ff-b28595d16d99,82ebcaf3-be2f-4f28-8de1-22392a9b01ea,1635688622281,13.4159092,52.4765731,6.3955054,-0.2835282,0.4991746,1.0119019,on bike mount,cyclo cross,True,concrete plates,good
ec6461f0-3771-4a48-b184-e422cc7a5c11,20e1e3e5-ea51-4fe6-b2ff-b28595d16d99,2257f074-328a-44df-9728-2b58644b541d,1635688622332,13.4159092,52.4765731,6.3955054,0.9394765,-1.1121194,0.8707342,on bike mount,cyclo cross,True,concrete plates,good
ec6461f0-3771-4a48-b184-e422cc7a5c11,20e1e3e5-ea51-4fe6-b2ff-b28595d16d99,d013ccdd-2b96-454f-b3be-3b4042b9fb92,1635688622383,13.4159092,52.4765731,6.3955054,1.4546239,2.5751357,-0.41298294,on bike mount,cyclo cross,True,concrete plates,good
ec6461f0-3771-4a48-b184-e422cc7a5c11,20e1e3e5-ea51-4fe6-b2ff-b28595d16d99,ed2796ec-c402-457e-87e3-5f9cdf1e6c26,1635688622434,13.4159092,52.4765731,6.3955054,-0.6200013,1.7660551,-5.7632504,on bike mount,cyclo cross,True,concrete plates,good
