bike_activity_uid,bike_activity_sample_uid,bike_activity_measurement,bike_activity_measurement_timestamp,bike_activity_measurement_lon,bike_activity_measurement_lat,bike_activity_measurement_speed,bike_activity_measurement_accelerometer_x,bike_activity_measurement_accelerometer_y,bike_activity_measurement_accelerometer_z,bike_activity_phone_position,bike_activity_bike_type,bike_activity_flagged_lab_conditions,bike_activity_surface_type,bike_activity_smoothness_type
f4ee5635-8bf4-4b5a-96e4-b3a42f385893,c4715efd-5856-4d05-acc8-dcbc3522d5af,50584b0d-126e-4bfb-aeed-d06d0eccf457,1633170300548,14.4025477,52.2486122,6.213364,-0.42717364,-0.6965468,-0.087700844,on bike mount,cyclo cross,True,asphalt,excellent
f4ee5635-8bf4-4b5a-96e4-b3a42f385893,c4715efd-5856-4d05-acc8-dcbc3522d5af,289e1ff3-ec59-41df-9c9f-9ec825b8fedc,1633170300613,14.4025477,52.2486122,6.213364,0.1225028,0.045832872,-0.073373795,on bike mount,cyclo cross,True,asphalt,excellent
f4ee5635-8bf4-4b5a-96e4-b3a42f385893,c4715efd-5856-4d05-acc8-dcbc3522d5af,01e9b890-9776-4df7-8999-45531242b7ad,1633170300663,14.4025477,52.2486122,6.213364,0.5511172,1.8776765,-1.3897839,on bike mount,cyclo cross,True,asphalt,excellent
f4ee5635-8bf4-4b5a-96e4-b3a42f385893,c4715efd-5856-4d05-acc8-dcbc3522d5af,7a9c5950-55a1-44ab-9170-aefaad97f162,1633170300714,14.4025477,52.2486122,6.213364,0.5915512,-0.8993703,1.116703,on bike mount,cyclo cross,True,asphalt,excellent
f4ee5635-8bf4-4b5a-96e4-b3a42f385893,c4715efd-5856-4d05-acc8-dcbc3522d5af,106315e8-8abc-444f-a6a3-249c3bac6964,1633170300765,14.4025477,52.2486122,6.213364,0.6427567,-0.34018636,-0.027525902,on bike mount,cyclo cross,True,asphalt,excellent
f4ee5635-8bf4-4b5a-96e4-b3a42f385893,c4715efd-5856-4d05-acc8-dcbc3522d5af,6d753154-8a21-44dc-bb4f-19260f8b442a,1633170300815,14.4025477,52.2486122,6.213364,0.2256905,0.67182016,0.25301075,on bike mount,cyclo cross,True,asphalt,excellent
f4ee5635-8bf4-4b5a-96e4-b3a42f385893,c4715efd-5856-4d05-acc8-dcbc3522d5af,5df1190a-2ecb-4834-91f7-c1c5cd8e6864,1633170300881,14.4025477,52.2486122,6.213364,-0.32583416,1.631465,-1.0899072,on bike mount,cyclo cross,True,asphalt,excellent
f4ee5635-8bf4-4b5a-96e4-b3a42f385893,c4715efd-5856-4d05-acc8-dcbc3522d5af,40171e5d-07ef-47d6-a8b3-e47b52088668,1633170300931,14.4025477,52.2486122,6.213364,0.22947519,-0.6437261,1.1897802,on bike mount,cyclo cross,True,asphalt,excellent
f4ee5635-8bf4-4b5a-96e4-b3a42f385893,c4715efd-5856-4d05-acc8-dcbc3522d5af,9396034d-9e20-492f-bc8f-06b419426558,1633170300980,14.4026201,52.2485835,6.175731,0.38409573,-0.43673754,0.95420074,on bike mount,cyclo cross,True,asphalt,excellent
f4ee5635-8bf4-4b5a-96e4-b3a42f385893,c4715efd-5856-4d05-acc8-dcbc3522d5af,d89b5d74-9b11-4637-a454-5f8dccfd7c9e,1633170301031,14.4026201,52.2485835,6.175731,0.67519253,-0.3984356,-3.226493,on bike mount,cyclo cross,True,asphalt,excellent
f4ee5635-8bf4-4b5a-96e4-b3a42f385893,c4715efd-5856-4d05-acc8-dcbc3522d5af,9c2ee24d-6a35-4cfe-9af0-1829c3cf00b3,1633170301081,14.4026201,52.2485835,6.175731,-1.4529452,-0.026094437,1.2041388,on bike mount,cyclo cross,True,asphalt,excellent
f4ee5635-8bf4-4b5a-96e4-b3a42f385893,c4715efd-5856-4d05-acc8-dcbc3522d5af,285b8e6a-b44b-4bdb-be20-fca9341dab84,1633170301131,14.4026201,52.2485835,6.175731,-0.4063517,-0.1952548,-0.67619705,on bike mount,cyclo cross,True,asphalt,excellent
f4ee5635-8bf4-4b5a-96e4-b3a42f385893,c4715efd-5856-4d05-acc8-dcbc3522d5af,1a68b3f4-027f-46ac-be08-0ce84e69295b,1633170301182,14.4026201,52.2485835,6.175731,0.79327595,-0.9026017,-0.8529906,on bike mount,cyclo cross,True,asphalt,excellent
f4ee5635-8bf4-4b5a-96e4-b3a42f385893,c4715efd-5856-4d05-acc8-dcbc3522d5af,c4664985-1316-4b42-81a6-0253d19a0859,1633170301248,14.4026201,52.2485835,6.175731,0.31609198,2.2076836,-1.0468092,on bike mount,cyclo cross,True,asphalt,excellent
f4ee5635-8bf4-4b5a-96e4-b3a42f385893,c4715efd-5856-4d05-acc8-dcbc3522d5af,4f2b4b48-7b47-4324-88c4-c760f1c58170,1633170301300,14.4026201,52.2485835,6.175731,0.3008573,0.6239073,1.9856834,on bike mount,cyclo cross,True,asphalt,excellent
f4ee5635-8bf4-4b5a-96e4-b3a42f385893,c4715efd-5856-4d05-acc8-dcbc3522d5af,db27888b-6762-44ea-9759-6d1e0ad0e196,1633170301349,14.4026201,52.2485835,6.175731,-0.44786555,-0.3585539,1.0553198,on bike mount,cyclo cross,True,asphalt,excellent
f4ee5635-8bf4-4b5a-96e4-b3a42f385893,c4715efd-5856-4d05-acc8-dcbc3522d5af,358dbbf8-c009-45e0-8fea-26c85bc59796,1633170301400,14.4026201,52.2485835,6.175731,-1.7568572,0.16890335,-0.08465004,on bike mount,cyclo cross,True,asphalt,excellent
f4ee5635-8bf4-4b5a-96e4-b3a42f385893,c4715efd-5856-4d05-acc8-dcbc3522d5af,1ae482c2-0fbd-4a5b-afb8-4a982a43ec4c,1633170301466,14.4026201,52.2485835,6.175731,0.686797,0.25074434,-0.17125893,on bike mount,cyclo cross,True,asphalt,excellent
f4ee5635-8bf4-4b5a-96e4-b3a42f385893,c4715efd-5856-4d05-acc8-dcbc3522d5af,1eaad4f1-d214-42d6-a793-7deb98836b61,1633170301517,14.4026201,52.2485835,6.175731,-0.26067907,-0.84999025,-0.63766384,on bike mount,cyclo cross,True,asphalt,excellent
f4ee5635-8bf4-4b5a-96e4-b3a42f385893,c4715efd-5856-4d05-acc8-dcbc3522d5af,191a3334-3053-4386-9848-537bd532190a,1633170301567,14.4026201,52.2485835,6.175731,0.51859725,1.2063756,-4.766137,on bike mount,cyclo cross,True,asphalt,excellent
f4ee5635-8bf4-4b5a-96e4-b3a42f385893,c4715efd-5856-4d05-acc8-dcbc3522d5af,366edb23-3b75-4b27-98b1-0089eddaec69,1633170301617,14.4026201,52.2485835,6.175731,-1.1857802,-0.5811796,0.6545801,on bike mount,cyclo cross,True,asphalt,excellent
f4ee5635-8bf4-4b5a-96e4-b3a42f385893,c4715efd-5856-4d05-acc8-dcbc3522d5af,fdb40fa8-7845-407d-8f87-748dc2459a64,1633170301667,14.4026201,52.2485835,6.175731,0.11612839,0.6140418,-2.2190757,on bike mount,cyclo cross,True,asphalt,excellent
f4ee5635-8bf4-4b5a-96e4-b3a42f385893,c4715efd-5856-4d05-acc8-dcbc3522d5af,dab456f7-1355-4431-88fd-b5fcb157fa71,1633170301733,14.4026201,52.2485835,6.175731,0.7134068,0.19789052,0.118433,on bike mount,cyclo cross,True,asphalt,excellent
f4ee5635-8bf4-4b5a-96e4-b3a42f385893,c4715efd-5856-4d05-acc8-dcbc3522d5af,6f432112-651c-4f91-afeb-d49e5e6b6205,1633170301784,14.4026201,52.2485835,6.175731,0.4571591,1.6865771,-1.8587751,on bike mount,cyclo cross,True,asphalt,excellent
f4ee5635-8bf4-4b5a-96e4-b3a42f385893,c4715efd-5856-4d05-acc8-dcbc3522d5af,63b505da-5b91-4ed8-863d-5f3a6edb63b5,1633170301834,14.4026201,52.2485835,6.175731,0.47249204,-1.1205024,1.7881336,on bike mount,cyclo cross,True,asphalt,excellent
f4ee5635-8bf4-4b5a-96e4-b3a42f385893,c4715efd-5856-4d05-acc8-dcbc3522d5af,e373d038-732f-4f46-84b1-a453bc5c4ce0,1633170301885,14.4026201,52.2485835,6.175731,-0.5265155,-0.60221195,0.44207954,on bike mount,cyclo cross,True,asphalt,excellent
f4ee5635-8bf4-4b5a-96e4-b3a42f385893,c4715efd-5856-4d05-acc8-dcbc3522d5af,4cd0aeaf-dd7d-4f4b-948c-f7d6409fc4b0,1633170301938,14.4026201,52.2485835,6.175731,-0.90280855,3.4551268,-1.6761332,on bike mount,cyclo cross,True,asphalt,excellent
f4ee5635-8bf4-4b5a-96e4-b3a42f385893,c4715efd-5856-4d05-acc8-dcbc3522d5af,84b85caa-0ec4-4afd-a58f-91dc05cd72be,1633170301999,14.4026911,52.2485585,6.1149044,1.5672069,1.2738626,-0.9325657,on bike mount,cyclo cross,True,asphalt,excellent
f4ee5635-8bf4-4b5a-96e4-b3a42f385893,c4715efd-5856-4d05-acc8-dcbc3522d5af,a370f1e6-5aae-44b0-aea1-6c3dcf0092d3,1633170302049,14.4026911,52.2485585,6.1149044,1.4341302,-0.83681774,-0.6891537,on bike mount,cyclo cross,True,asphalt,excellent
f4ee5635-8bf4-4b5a-96e4-b3a42f385893,c4715efd-5856-4d05-acc8-dcbc3522d5af,bd81be29-3032-4ae9-832d-ca00a56dfc0a,1633170302100,14.4026911,52.2485585,6.1149044,-1.1856892,-1.0930673,-0.29055214,on bike mount,cyclo cross,True,asphalt,excellent
f4ee5635-8bf4-4b5a-96e4-b3a42f385893,c4715efd-5856-4d05-acc8-dcbc3522d5af,3f497b94-224e-401b-bb4f-3fcae5a59c1d,1633170302151,14.4026911,52.2485585,6.1149044,0.1268188,1.1942806,-0.7584591,on bike mount,cyclo cross,True,asphalt,excellent
f4ee5635-8bf4-4b5a-96e4-b3a42f385893,c4715efd-5856-4d05-acc8-dcbc3522d5af,949713b9-2b16-4ac1-afe3-8ba0bf20ae92,1633170302217,14.4026911,52.2485585,6.1149044,-0.6156163,0.28760433,-0.3795166,on bike mount,cyclo cross,True,asphalt,excellent
f4ee5635-8bf4-4b5a-96e4-b3a42f385893,c4715efd-5856-4d05-acc8-dcbc3522d5af,341e4acf-00b5-4965-aa64-e4be63e365dd,1633170302267,14.4026911,52.2485585,6.1149044,-0.0999188,0.65082884,-0.057121277,on bike mount,cyclo cross,True,asphalt,excellent
f4ee5635-8bf4-4b5a-96e4-b3a42f385893,c4715efd-5856-4d05-acc8-dcbc3522d5af,481ff28c-8daf-4080-af24-ccb29e419410,1633170302317,14.4026911,52.2485585,6.1149044,-0.1192898,-0.36096573,1.4907122,on bike mount,cyclo cross,True,asphalt,excellent
f4ee5635-8bf4-4b5a-96e4-b3a42f385893,c4715efd-5856-4d05-acc8-dcbc3522d5af,5e438377-824e-477f-9ced-02c9c2731ba3,1633170302367,14.4026911,52.2485585,6.1149044,0.16907531,0.47997475,-0.01188755,on bike mount,cyclo cross,True,asphalt,excellent
f4ee5635-8bf4-4b5a-96e4-b3a42f385893,c4715efd-5856-4d05-acc8-dcbc3522d5af,a5a77f6e-cb72-4d25-bd27-f32d793159e7,1633170302418,14.4026911,52.2485585,6.1149044,-1.5961483,-1.1449112,0.030992508,on bike mount,cyclo cross,True,asphalt,excellent
f4ee5635-8bf4-4b5a-96e4-b3a42f385893,c4715efd-5856-4d05-acc8-dcbc3522d5af,a01ccf74-0fbf-4bc6-b2bc-f1244c12e83f,1633170302469,14.4026911,52.2485585,6.1149044,-0.20867448,0.20042014,2.7753735,on bike mount,cyclo cross,True,asphalt,excellent
f4ee5635-8bf4-4b5a-96e4-b3a42f385893,c4715efd-5856-4d05-acc8-dcbc3522d5af,bf497c0c-2dc5-4a8b-a596-8475abefe333,1633170302520,14.4026911,52.2485585,6.1149044,-0.011218116,-2.8233914,-0.535861,on bike mount,cyclo cross,True,asphalt,excellent
f4ee5635-8bf4-4b5a-96e4-b3a42f385893,c4715efd-5856-4d05-acc8-dcbc3522d5af,baedf81c-c776-47ce-983f-29078ad7101a,1633170302585,14.4026911,52.2485585,6.1149044,-0.3351687,-1.499272,-0.10502243,on bike mount,cyclo cross,True,asphalt,excellent
f4ee5635-8bf4-4b5a-96e4-b3a42f385893,c4715efd-5856-4d05-acc8-dcbc3522d5af,d678b6d5-d2f9-4478-80ef-ccbef8132987,1633170302634,14.4026911,52.2485585,6.1149044,0.21539508,-2.0450315,-0.6383085,on bike mount,cyclo cross,True,asphalt,excellent
f4ee5635-8bf4-4b5a-96e4-b3a42f385893,c4715efd-5856-4d05-acc8-dcbc3522d5af,7d3428b7-b15a-42bd-852f-5d2a69728ff2,1633170302688,14.4026911,52.2485585,6.1149044,0.40265185,-0.9837662,0.83755684,on bike mount,cyclo cross,True,asphalt,excellent
f4ee5635-8bf4-4b5a-96e4-b3a42f385893,c4715efd-5856-4d05-acc8-dcbc3522d5af,b48a936c-52d0-4a98-9b63-3063abff940c,1633170302752,14.4026911,52.2485585,6.1149044,-1.083293,-0.5250118,0.8663225,on bike mount,cyclo cross,True,asphalt,excellent
f4ee5635-8bf4-4b5a-96e4-b3a42f385893,c4715efd-5856-4d05-acc8-dcbc3522d5af,99e1fa70-0e99-45fc-a576-180038e5f7cf,1633170302802,14.4026911,52.2485585,6.1149044,0.5045284,1.9385867,-0.7333126,on bike mount,cyclo cross,True,asphalt,excellent
f4ee5635-8bf4-4b5a-96e4-b3a42f385893,c4715efd-5856-4d05-acc8-dcbc3522d5af,ffec3972-9494-40c3-8663-45307e0c947c,1633170302867,14.4026911,52.2485585,6.1149044,-0.06643708,-0.806782,-0.8976021,on bike mount,cyclo cross,True,asphalt,excellent
f4ee5635-8bf4-4b5a-96e4-b3a42f385893,c4715efd-5856-4d05-acc8-dcbc3522d5af,adc3e072-e8d0-41a7-98b8-7fb117aaf72e,1633170302917,14.4026911,52.2485585,6.1149044,-1.0262237,1.5714173,0.46234608,on bike mount,cyclo cross,True,asphalt,excellent
f4ee5635-8bf4-4b5a-96e4-b3a42f385893,c4715efd-5856-4d05-acc8-dcbc3522d5af,fd72ea51-ab74-4b36-be29-604d5c2a5426,1633170302968,14.4027617,52.2485328,6.0728316,0.52144545,0.46036005,-1.0093894,on bike mount,cyclo cross,True,asphalt,excellent
f4ee5635-8bf4-4b5a-96e4-b3a42f385893,c4715efd-5856-4d05-acc8-dcbc3522d5af,6f7f767a-0841-47c4-9ac9-aa4dcc17dee4,1633170303018,14.4027617,52.2485328,6.0728316,-0.20643257,0.31225443,-0.9962573,on bike mount,cyclo cross,True,asphalt,excellent
f4ee5635-8bf4-4b5a-96e4-b3a42f385893,c4715efd-5856-4d05-acc8-dcbc3522d5af,d46dea25-a356-45cd-8c67-61fa4c34e9a4,1633170303069,14.4027617,52.2485328,6.0728316,0.432397,-1.5243134,0.92056084,on bike mount,cyclo cross,True,asphalt,excellent
f4ee5635-8bf4-4b5a-96e4-b3a42f385893,c4715efd-5856-4d05-acc8-dcbc3522d5af,1c81fa66-118c-4e92-ab19-ea4cae2fa2ca,1633170303120,14.4027617,52.2485328,6.0728316,-0.12442975,0.7511306,-0.46239662,on bike mount,cyclo cross,True,asphalt,excellent
f4ee5635-8bf4-4b5a-96e4-b3a42f385893,c4715efd-5856-4d05-acc8-dcbc3522d5af,a26f1352-bb44-44ee-beb2-2c2b2e71ca64,1633170303185,14.4027617,52.2485328,6.0728316,-0.059679076,-0.089092016,1.3437605,on bike mount,cyclo cross,True,asphalt,excellent
f4ee5635-8bf4-4b5a-96e4-b3a42f385893,c4715efd-5856-4d05-acc8-dcbc3522d5af,0aec606e-9708-4927-934a-741e2e0d5acd,1633170303236,14.4027617,52.2485328,6.0728316,-1.2624208,1.3183646,-2.7736778,on bike mount,cyclo cross,True,asphalt,excellent
f4ee5635-8bf4-4b5a-96e4-b3a42f385893,c4715efd-5856-4d05-acc8-dcbc3522d5af,cb8f566d-9a9e-42dd-90b5-33527fd38968,1633170303287,14.4027617,52.2485328,6.0728316,0.028425306,-0.1006794,0.7979698,on bike mount,cyclo cross,True,asphalt,excellent
f4ee5635-8bf4-4b5a-96e4-b3a42f385893,c4715efd-5856-4d05-acc8-dcbc3522d5af,6244781f-9637-4141-b519-17443c011bf8,1633170303337,14.4027617,52.2485328,6.0728316,0.72643316,-0.20394325,-0.2028904,on bike mount,cyclo cross,True,asphalt,excellent
f4ee5635-8bf4-4b5a-96e4-b3a42f385893,c4715efd-5856-4d05-acc8-dcbc3522d5af,8ff886ae-9399-4cce-9e39-01afe9805545,1633170303403,14.4027617,52.2485328,6.0728316,-0.37269783,3.5560274,-5.3594184,on bike mount,cyclo cross,True,asphalt,excellent
f4ee5635-8bf4-4b5a-96e4-b3a42f385893,c4715efd-5856-4d05-acc8-dcbc3522d5af,f74ebe31-1059-412c-b1ab-daf4df187adf,1633170303469,14.4027617,52.2485328,6.0728316,0.20638576,1.690299,-0.011015892,on bike mount,cyclo cross,True,asphalt,excellent
f4ee5635-8bf4-4b5a-96e4-b3a42f385893,c4715efd-5856-4d05-acc8-dcbc3522d5af,1bb7eae1-b8fb-48d4-a6ac-008807f6630f,1633170303519,14.4027617,52.2485328,6.0728316,1.2330371,0.42095947,1.0579271,on bike mount,cyclo cross,True,asphalt,excellent
f4ee5635-8bf4-4b5a-96e4-b3a42f385893,c4715efd-5856-4d05-acc8-dcbc3522d5af,1397c63e-8a1a-4059-b240-8ddd2cc7f388,1633170303569,14.4027617,52.2485328,6.0728316,-0.6763165,-4.6445646,-1.2297316,on bike mount,cyclo cross,True,asphalt,excellent
f4ee5635-8bf4-4b5a-96e4-b3a42f385893,c4715efd-5856-4d05-acc8-dcbc3522d5af,4c580fef-ed5a-40d6-8c87-f31d46e02db5,1633170303636,14.4027617,52.2485328,6.0728316,0.17947224,0.031514645,2.608632,on bike mount,cyclo cross,True,asphalt,excellent
f4ee5635-8bf4-4b5a-96e4-b3a42f385893,c4715efd-5856-4d05-acc8-dcbc3522d5af,6061d6f0-01fb-4916-8c09-5fa06909c9e8,1633170303686,14.4027617,52.2485328,6.0728316,2.4841635,-0.8742826,-0.51367474,on bike mount,cyclo cross,True,asphalt,excellent
f4ee5635-8bf4-4b5a-96e4-b3a42f385893,c4715efd-5856-4d05-acc8-dcbc3522d5af,ffcd2d65-2c4d-4c59-ab4c-7391904562bb,1633170303737,14.4027617,52.2485328,6.0728316,-0.47267067,-0.12282944,-1.8352394,on bike mount,cyclo cross,True,asphalt,excellent
f4ee5635-8bf4-4b5a-96e4-b3a42f385893,c4715efd-5856-4d05-acc8-dcbc3522d5af,d814b82c-12db-4bde-9bd7-2135236cc8a2,1633170303787,14.4027617,52.2485328,6.0728316,0.6361415,-0.23387718,0.22046566,on bike mount,cyclo cross,True,asphalt,excellent
f4ee5635-8bf4-4b5a-96e4-b3a42f385893,c4715efd-5856-4d05-acc8-dcbc3522d5af,1202c494-16c8-41f3-86a5-e918013408ee,1633170303853,14.4027617,52.2485328,6.0728316,-0.023068547,-2.8121555,0.5271807,on bike mount,cyclo cross,True,asphalt,excellent
f4ee5635-8bf4-4b5a-96e4-b3a42f385893,c4715efd-5856-4d05-acc8-dcbc3522d5af,82772356-257f-43ec-b62b-e285776dc55d,1633170303903,14.4027617,52.2485328,6.0728316,0.35978442,0.6768737,-0.3300066,on bike mount,cyclo cross,True,asphalt,excellent
f4ee5635-8bf4-4b5a-96e4-b3a42f385893,c4715efd-5856-4d05-acc8-dcbc3522d5af,6d249c69-3131-4bc4-9cb9-343f047cae10,1633170303960,14.4027617,52.2485328,6.0728316,-0.47817782,-0.98441374,-2.0006714,on bike mount,cyclo cross,True,asphalt,excellent
f4ee5635-8bf4-4b5a-96e4-b3a42f385893,c4715efd-5856-4d05-acc8-dcbc3522d5af,78851484-fdea-4c97-97ea-8196fda86bb6,1633170304019,14.4028338,52.2484997,6.0822043,-0.7525392,1.1284418,-1.2219253,on bike mount,cyclo cross,True,asphalt,excellent
f4ee5635-8bf4-4b5a-96e4-b3a42f385893,c4715efd-5856-4d05-acc8-dcbc3522d5af,4c7de4c6-31f4-4b51-8a5d-b8688168a9b7,1633170304069,14.4028338,52.2484997,6.0822043,-0.4806177,0.15382361,0.80196667,on bike mount,cyclo cross,True,asphalt,excellent
f4ee5635-8bf4-4b5a-96e4-b3a42f385893,c4715efd-5856-4d05-acc8-dcbc3522d5af,6e1dfabd-2ed8-4673-8c39-ce13dd9a72ad,1633170304120,14.4028338,52.2484997,6.0822043,0.8535406,1.4794579,0.7376709,on bike mount,cyclo cross,True,asphalt,excellent
f4ee5635-8bf4-4b5a-96e4-b3a42f385893,c4715efd-5856-4d05-acc8-dcbc3522d5af,e7e0da65-1ea6-4b76-ada0-3f892b7fa15f,1633170304170,14.4028338,52.2484997,6.0822043,-0.195091,-0.33850956,-0.4739828,on bike mount,cyclo cross,True,asphalt,excellent
f4ee5635-8bf4-4b5a-96e4-b3a42f385893,c4715efd-5856-4d05-acc8-dcbc3522d5af,8cbe275c-f6c2-4176-ae25-c1ce540265c7,1633170304220,14.4028338,52.2484997,6.0822043,-0.62780005,-0.02747488,1.2573652,on bike mount,cyclo cross,True,asphalt,excellent
f4ee5635-8bf4-4b5a-96e4-b3a42f385893,c4715efd-5856-4d05-acc8-dcbc3522d5af,7c484cf9-369b-4838-9dec-32be785e83f0,1633170304287,14.4028338,52.2484997,6.0822043,-0.32275516,-0.48444295,-0.0017652512,on bike mount,cyclo cross,True,asphalt,excellent
f4ee5635-8bf4-4b5a-96e4-b3a42f385893,c4715efd-5856-4d05-acc8-dcbc3522d5af,285105fe-8e6e-49bb-bda6-ee67635a9784,1633170304337,14.4028338,52.2484997,6.0822043,-0.02006115,0.2741685,-0.13119125,on bike mount,cyclo cross,True,asphalt,excellent
f4ee5635-8bf4-4b5a-96e4-b3a42f385893,c4715efd-5856-4d05-acc8-dcbc3522d5af,0feab693-1149-4171-aac2-3b9c41286a25,1633170304388,14.4028338,52.2484997,6.0822043,-0.51705545,-0.19413185,0.85393333,on bike mount,cyclo cross,True,asphalt,excellent
f4ee5635-8bf4-4b5a-96e4-b3a42f385893,c4715efd-5856-4d05-acc8-dcbc3522d5af,85fa4134-be89-4c0b-95f0-1438d65d9d2e,1633170304438,14.4028338,52.2484997,6.0822043,-1.0976951,0.587816,-1.6008191,on bike mount,cyclo cross,True,asphalt,excellent
f4ee5635-8bf4-4b5a-96e4-b3a42f385893,c4715efd-5856-4d05-acc8-dcbc3522d5af,3ac4888f-88b6-4339-b796-c17269450243,1633170304504,14.4028338,52.2484997,6.0822043,1.5536819,0.5885682,0.6666956,on bike mount,cyclo cross,True,asphalt,excellent
f4ee5635-8bf4-4b5a-96e4-b3a42f385893,c4715efd-5856-4d05-acc8-dcbc3522d5af,a534fe9a-4efd-4dff-aa76-caa55fa9b399,1633170304554,14.4028338,52.2484997,6.0822043,0.072902694,-0.8162949,1.437501,on bike mount,cyclo cross,True,asphalt,excellent
f4ee5635-8bf4-4b5a-96e4-b3a42f385893,cfa36d4f-6ff4-4fd5-a16e-f3a94ce6f33a,285ecf72-5a2e-4187-bf29-84de4d4f1edd,1633170302686,14.4026911,52.2485585,6.1149044,0.16721654,-1.1920676,0.88014984,on bike mount,cyclo cross,True,asphalt,excellent
f4ee5635-8bf4-4b5a-96e4-b3a42f385893,cfa36d4f-6ff4-4fd5-a16e-f3a94ce6f33a,7eee525b-48ae-44de-8630-893ff94d9eb8,1633170302751,14.4026911,52.2485585,6.1149044,-1.083293,-0.5250118,0.8663225,on bike mount,cyclo cross,True,asphalt,excellent
f4ee5635-8bf4-4b5a-96e4-b3a42f385893,cfa36d4f-6ff4-4fd5-a16e-f3a94ce6f33a,b312e025-7389-403a-916d-f91f0c895398,1633170302801,14.4026911,52.2485585,6.1149044,-0.07200657,-0.36042333,-3.0185065,on bike mount,cyclo cross,True,asphalt,excellent
f4ee5635-8bf4-4b5a-96e4-b3a42f385893,cfa36d4f-6ff4-4fd5-a16e-f3a94ce6f33a,0df74c40-f4ab-401b-8ec3-3da2f73d84da,1633170302850,14.4026911,52.2485585,6.1149044,1.5448232,-0.00700593,-1.630156,on bike mount,cyclo cross,True,asphalt,excellent
f4ee5635-8bf4-4b5a-96e4-b3a42f385893,cfa36d4f-6ff4-4fd5-a16e-f3a94ce6f33a,98f77b9b-4403-454a-a250-ae8c4381e4b9,1633170302900,14.4026911,52.2485585,6.1149044,-0.36255884,-0.3563459,1.7052765,on bike mount,cyclo cross,True,asphalt,excellent
f4ee5635-8bf4-4b5a-96e4-b3a42f385893,cfa36d4f-6ff4-4fd5-a16e-f3a94ce6f33a,003350d7-6476-4464-9e28-3160de12db6f,1633170302958,14.4026911,52.2485585,6.1149044,-0.33249885,0.5275979,0.3473816,on bike mount,cyclo cross,True,asphalt,excellent
f4ee5635-8bf4-4b5a-96e4-b3a42f385893,cfa36d4f-6ff4-4fd5-a16e-f3a94ce6f33a,fd51f0cc-6fa8-4cf2-82e5-53d2979400f2,1633170303017,14.4027617,52.2485328,6.0728316,-0.20643257,0.31225443,-0.9962573,on bike mount,cyclo cross,True,asphalt,excellent
f4ee5635-8bf4-4b5a-96e4-b3a42f385893,cfa36d4f-6ff4-4fd5-a16e-f3a94ce6f33a,0fa256aa-5219-4dd2-af13-e9837a8fb436,1633170303067,14.4027617,52.2485328,6.0728316,-0.06624111,-1.196974,-0.5279856,on bike mount,cyclo cross,True,asphalt,excellent
f4ee5635-8bf4-4b5a-96e4-b3a42f385893,cfa36d4f-6ff4-4fd5-a16e-f3a94ce6f33a,39b00ae5-84c0-49a3-a157-bfe39ff494ec,1633170303117,14.4027617,52.2485328,6.0728316,0.04212993,-0.08806658,0.13277435,on bike mount,cyclo cross,True,asphalt,excellent
f4ee5635-8bf4-4b5a-96e4-b3a42f385893,cfa36d4f-6ff4-4fd5-a16e-f3a94ce6f33a,e718520e-485d-42b8-abfc-a23cb4cca6fd,1633170303167,14.4027617,52.2485328,6.0728316,-0.24901661,1.4241276,-0.55866337,on bike mount,cyclo cross,True,asphalt,excellent
f4ee5635-8bf4-4b5a-96e4-b3a42f385893,cfa36d4f-6ff4-4fd5-a16e-f3a94ce6f33a,aec8ebbf-d085-40b9-a0cc-e71d611f8063,1633170303218,14.4027617,52.2485328,6.0728316,-0.0021647513,0.78615046,0.70831776,on bike mount,cyclo cross,True,asphalt,excellent
f4ee5635-8bf4-4b5a-96e4-b3a42f385893,cfa36d4f-6ff4-4fd5-a16e-f3a94ce6f33a,ec99e434-80b8-413d-80c6-49f50c8cd592,1633170303268,14.4027617,52.2485328,6.0728316,-0.067565024,-0.6921003,0.68271637,on bike mount,cyclo cross,True,asphalt,excellent
f4ee5635-8bf4-4b5a-96e4-b3a42f385893,cfa36d4f-6ff4-4fd5-a16e-f3a94ce6f33a,26fedb8d-c376-4053-a473-22de6c9bbd66,1633170303318,14.4027617,52.2485328,6.0728316,0.8054098,1.6200457,-0.23468018,on bike mount,cyclo cross,True,asphalt,excellent
f4ee5635-8bf4-4b5a-96e4-b3a42f385893,cfa36d4f-6ff4-4fd5-a16e-f3a94ce6f33a,04a49c14-3c8f-4384-8e03-b1013d2d9a0c,1633170303368,14.4027617,52.2485328,6.0728316,0.24161266,-0.40808964,0.9146738,on bike mount,cyclo cross,True,asphalt,excellent
f4ee5635-8bf4-4b5a-96e4-b3a42f385893,cfa36d4f-6ff4-4fd5-a16e-f3a94ce6f33a,0fd01222-4723-4e07-b4f3-5b068181bf90,1633170303419,14.4027617,52.2485328,6.0728316,-0.59370327,-8.538018,-0.5405083,on bike mount,cyclo cross,True,asphalt,excellent
f4ee5635-8bf4-4b5a-96e4-b3a42f385893,cfa36d4f-6ff4-4fd5-a16e-f3a94ce6f33a,e803d5e1-661f-4ed2-936a-11f0f4d46587,1633170303470,14.4027617,52.2485328,6.0728316,0.20638576,1.690299,-0.011015892,on bike mount,cyclo cross,True,asphalt,excellent
f4ee5635-8bf4-4b5a-96e4-b3a42f385893,cfa36d4f-6ff4-4fd5-a16e-f3a94ce6f33a,f035d5fa-a66e-4464-973d-c0ed72c09137,1633170303535,14.4027617,52.2485328,6.0728316,1.5950564,-0.8817215,0.42920876,on bike mount,cyclo cross,True,asphalt,excellent
f4ee5635-8bf4-4b5a-96e4-b3a42f385893,cfa36d4f-6ff4-4fd5-a16e-f3a94ce6f33a,7283d9e8-f46c-4249-8abc-7d527eba6cf2,1633170303585,14.4027617,52.2485328,6.0728316,-2.6062753,3.9769077,-3.359262,on bike mount,cyclo cross,True,asphalt,excellent
f4ee5635-8bf4-4b5a-96e4-b3a42f385893,cfa36d4f-6ff4-4fd5-a16e-f3a94ce6f33a,40e1da3b-5e9b-4b01-a39c-a2cfd8b8cc2d,1633170303637,14.4027617,52.2485328,6.0728316,0.17947224,0.031514645,2.608632,on bike mount,cyclo cross,True,asphalt,excellent
f4ee5635-8bf4-4b5a-96e4-b3a42f385893,cfa36d4f-6ff4-4fd5-a16e-f3a94ce6f33a,45205453-7408-4f6c-9ae3-e12a35e87117,1633170303703,14.4027617,52.2485328,6.0728316,1.0623243,-0.7022183,-0.75579166,on bike mount,cyclo cross,True,asphalt,excellent
f4ee5635-8bf4-4b5a-96e4-b3a42f385893,cfa36d4f-6ff4-4fd5-a16e-f3a94ce6f33a,dea668ac-3b2b-4340-af36-39e30d293e81,1633170303754,14.4027617,52.2485328,6.0728316,-1.3235871,-1.7578126,-0.7049532,on bike mount,cyclo cross,True,asphalt,excellent
f4ee5635-8bf4-4b5a-96e4-b3a42f385893,cfa36d4f-6ff4-4fd5-a16e-f3a94ce6f33a,0fbd084b-1ee5-45d2-84f3-b2a0b01515d6,1633170303804,14.4027617,52.2485328,6.0728316,0.8967173,0.47648716,0.8166046,on bike mount,cyclo cross,True,asphalt,excellent
f4ee5635-8bf4-4b5a-96e4-b3a42f385893,cfa36d4f-6ff4-4fd5-a16e-f3a94ce6f33a,31776f65-46c3-4de0-b434-56def7da9a90,1633170303854,14.4027617,52.2485328,6.0728316,-0.22638237,-0.53120816,1.1240988,on bike mount,cyclo cross,True,asphalt,excellent
f4ee5635-8bf4-4b5a-96e4-b3a42f385893,cfa36d4f-6ff4-4fd5-a16e-f3a94ce6f33a,e6864fd0-27b1-43cd-8be7-0a56674afdee,1633170303904,14.4027617,52.2485328,6.0728316,0.31465688,-0.6322856,0.11975002,on bike mount,cyclo cross,True,asphalt,excellent
f4ee5635-8bf4-4b5a-96e4-b3a42f385893,cfa36d4f-6ff4-4fd5-a16e-f3a94ce6f33a,cc13494f-b5a0-4f82-925b-0368b1f54aff,1633170303960,14.4027617,52.2485328,6.0728316,-0.47817782,-0.98441374,-2.0006714,on bike mount,cyclo cross,True,asphalt,excellent
f4ee5635-8bf4-4b5a-96e4-b3a42f385893,cfa36d4f-6ff4-4fd5-a16e-f3a94ce6f33a,5d59b616-f225-4b23-a543-9c8c27ee0d9f,1633170304020,14.4028338,52.2484997,6.0822043,-0.7525392,1.1284418,-1.2219253,on bike mount,cyclo cross,True,asphalt,excellent
f4ee5635-8bf4-4b5a-96e4-b3a42f385893,cfa36d4f-6ff4-4fd5-a16e-f3a94ce6f33a,268ff576-e452-4c0f-bb99-e493e0d48d22,1633170304071,14.4028338,52.2484997,6.0822043,-0.23847662,1.3032508,0.9748707,on bike mount,cyclo cross,True,asphalt,excellent
f4ee5635-8bf4-4b5a-96e4-b3a42f385893,cfa36d4f-6ff4-4fd5-a16e-f3a94ce6f33a,a3154382-218e-4f7f-826f-855c393d4d80,1633170304122,14.4028338,52.2484997,6.0822043,1.0421543,-0.71892285,1.5765953,on bike mount,cyclo cross,True,asphalt,excellent
f4ee5635-8bf4-4b5a-96e4-b3a42f385893,cfa36d4f-6ff4-4fd5-a16e-f3a94ce6f33a,cdd8c2b0-952d-4137-830c-663506a69201,1633170304187,14.4028338,52.2484997,6.0822043,0.27484334,-1.184832,0.6647043,on bike mount,cyclo cross,True,asphalt,excellent
f4ee5635-8bf4-4b5a-96e4-b3a42f385893,cfa36d4f-6ff4-4fd5-a16e-f3a94ce6f33a,28107eef-839a-4d39-af6c-e767737d15f4,1633170304237,14.4028338,52.2484997,6.0822043,-0.13819316,0.6536374,-1.1253328,on bike mount,cyclo cross,True,asphalt,excellent
f4ee5635-8bf4-4b5a-96e4-b3a42f385893,cfa36d4f-6ff4-4fd5-a16e-f3a94ce6f33a,99e95615-5bf6-4758-9cfc-7fa5b03d9d4b,1633170304288,14.4028338,52.2484997,6.0822043,-0.32275516,-0.48444295,-0.0017652512,on bike mount,cyclo cross,True,asphalt,excellent
f4ee5635-8bf4-4b5a-96e4-b3a42f385893,cfa36d4f-6ff4-4fd5-a16e-f3a94ce6f33a,bcb3f39f-54ea-49b1-aa07-f133b0f5016f,1633170304354,14.4028338,52.2484997,6.0822043,0.27499613,1.21579,-1.6271338,on bike mount,cyclo cross,True,asphalt,excellent
f4ee5635-8bf4-4b5a-96e4-b3a42f385893,cfa36d4f-6ff4-4fd5-a16e-f3a94ce6f33a,087eb7b8-0dff-4510-9a4c-9b7ac23a7af3,1633170304420,14.4028338,52.2484997,6.0822043,-1.5671973,-0.16131568,-1.0453749,on bike mount,cyclo cross,True,asphalt,excellent
f4ee5635-8bf4-4b5a-96e4-b3a42f385893,cfa36d4f-6ff4-4fd5-a16e-f3a94ce6f33a,4d786008-a23f-4212-8228-da3a0da33ce0,1633170304471,14.4028338,52.2484997,6.0822043,0.69338053,-0.12590146,-0.42234612,on bike mount,cyclo cross,True,asphalt,excellent
f4ee5635-8bf4-4b5a-96e4-b3a42f385893,cfa36d4f-6ff4-4fd5-a16e-f3a94ce6f33a,4b015a86-9f78-4044-872a-eaafc8859273,1633170304522,14.4028338,52.2484997,6.0822043,1.2298045,1.0399871,-0.6032648,on bike mount,cyclo cross,True,asphalt,excellent
f4ee5635-8bf4-4b5a-96e4-b3a42f385893,cfa36d4f-6ff4-4fd5-a16e-f3a94ce6f33a,7c098368-543f-4a85-a4c5-e9ea70e5b753,1633170304571,14.4028338,52.2484997,6.0822043,-0.86400455,0.12959456,-0.5256243,on bike mount,cyclo cross,True,asphalt,excellent
f4ee5635-8bf4-4b5a-96e4-b3a42f385893,cfa36d4f-6ff4-4fd5-a16e-f3a94ce6f33a,d9fd3561-ea42-481e-95f1-7b154ae6a13c,1633170304622,14.4028338,52.2484997,6.0822043,-0.35080096,1.0902281,-1.8815713,on bike mount,cyclo cross,True,asphalt,excellent
f4ee5635-8bf4-4b5a-96e4-b3a42f385893,cfa36d4f-6ff4-4fd5-a16e-f3a94ce6f33a,6597b256-95ee-4924-8feb-909abeb1e234,1633170304687,14.4028338,52.2484997,6.0822043,-0.34362477,0.9186146,0.4960451,on bike mount,cyclo cross,True,asphalt,excellent
f4ee5635-8bf4-4b5a-96e4-b3a42f385893,cfa36d4f-6ff4-4fd5-a16e-f3a94ce6f33a,80d9ece6-be4a-4535-a064-046edbda9f24,1633170304737,14.4028338,52.2484997,6.0822043,0.06186768,-0.60987544,-0.9100251,on bike mount,cyclo cross,True,asphalt,excellent
f4ee5635-8bf4-4b5a-96e4-b3a42f385893,cfa36d4f-6ff4-4fd5-a16e-f3a94ce6f33a,d532be7f-9e2d-487c-8956-76af437c716b,1633170304788,14.4028338,52.2484997,6.0822043,-0.6771736,0.7175169,-0.648756,on bike mount,cyclo cross,True,asphalt,excellent
f4ee5635-8bf4-4b5a-96e4-b3a42f385893,cfa36d4f-6ff4-4fd5-a16e-f3a94ce6f33a,cef6dc90-db18-4856-abe7-dafda5c7b60e,1633170304839,14.4028338,52.2484997,6.0822043,0.091807574,0.5474758,1.3352633,on bike mount,cyclo cross,True,asphalt,excellent
f4ee5635-8bf4-4b5a-96e4-b3a42f385893,cfa36d4f-6ff4-4fd5-a16e-f3a94ce6f33a,a99e4269-77cf-4aaf-88ef-b98d925ca7ef,1633170304889,14.4028338,52.2484997,6.0822043,-1.9085449,1.3971639,-0.34380913,on bike mount,cyclo cross,True,asphalt,excellent
f4ee5635-8bf4-4b5a-96e4-b3a42f385893,cfa36d4f-6ff4-4fd5-a16e-f3a94ce6f33a,a67da06a-987a-4f75-9b42-df0ea1f2fdde,1633170304941,14.4028338,52.2484997,6.0822043,-0.24256426,0.8741827,-1.0567493,on bike mount,cyclo cross,True,asphalt,excellent
f4ee5635-8bf4-4b5a-96e4-b3a42f385893,cfa36d4f-6ff4-4fd5-a16e-f3a94ce6f33a,59cc2789-8a33-4f01-9303-98b8d0bce5d6,1633170305009,14.4029087,52.2484649,6.1016827,0.8865409,-1.0158285,0.85350037,on bike mount,cyclo cross,True,asphalt,excellent
f4ee5635-8bf4-4b5a-96e4-b3a42f385893,cfa36d4f-6ff4-4fd5-a16e-f3a94ce6f33a,0219ad18-2b91-41df-83d7-0f874defe3ea,1633170305071,14.4029087,52.2484649,6.1016827,-0.8428741,-0.028077126,-2.2316809,on bike mount,cyclo cross,True,asphalt,excellent
f4ee5635-8bf4-4b5a-96e4-b3a42f385893,cfa36d4f-6ff4-4fd5-a16e-f3a94ce6f33a,a9b6b37a-0894-4bab-a7ef-fb23d6ccc905,1633170305122,14.4029087,52.2484649,6.1016827,-1.5862353,-0.22730684,-0.6072655,on bike mount,cyclo cross,True,asphalt,excellent
f4ee5635-8bf4-4b5a-96e4-b3a42f385893,cfa36d4f-6ff4-4fd5-a16e-f3a94ce6f33a,6a70628f-608d-48d0-903a-2e0a3de903e0,1633170305173,14.4029087,52.2484649,6.1016827,0.18822101,-1.5856924,-0.3728447,on bike mount,cyclo cross,True,asphalt,excellent
f4ee5635-8bf4-4b5a-96e4-b3a42f385893,cfa36d4f-6ff4-4fd5-a16e-f3a94ce6f33a,edf4e983-a7d8-4e4d-8c45-d55e8c50108d,1633170305222,14.4029087,52.2484649,6.1016827,-1.1957653,0.12771082,-0.18542004,on bike mount,cyclo cross,True,asphalt,excellent
f4ee5635-8bf4-4b5a-96e4-b3a42f385893,cfa36d4f-6ff4-4fd5-a16e-f3a94ce6f33a,2dde49f7-e7ee-459a-b2d5-230943bc7dd2,1633170305272,14.4029087,52.2484649,6.1016827,0.40297395,-0.9214146,0.93105984,on bike mount,cyclo cross,True,asphalt,excellent
f4ee5635-8bf4-4b5a-96e4-b3a42f385893,cfa36d4f-6ff4-4fd5-a16e-f3a94ce6f33a,4cc2640d-07e0-43a5-90f9-b50804af870a,1633170305322,14.4029087,52.2484649,6.1016827,0.32640052,0.59597516,0.75621414,on bike mount,cyclo cross,True,asphalt,excellent
f4ee5635-8bf4-4b5a-96e4-b3a42f385893,cfa36d4f-6ff4-4fd5-a16e-f3a94ce6f33a,8528c003-791d-4da0-af10-5ae90479dca2,1633170305372,14.4029087,52.2484649,6.1016827,-0.7720813,1.4524989,-1.163043,on bike mount,cyclo cross,True,asphalt,excellent
f4ee5635-8bf4-4b5a-96e4-b3a42f385893,cfa36d4f-6ff4-4fd5-a16e-f3a94ce6f33a,4129150f-8bce-4f5c-b32f-c75515460f1e,1633170305422,14.4029087,52.2484649,6.1016827,-0.78979164,-0.37678385,0.97856236,on bike mount,cyclo cross,True,asphalt,excellent
f4ee5635-8bf4-4b5a-96e4-b3a42f385893,cfa36d4f-6ff4-4fd5-a16e-f3a94ce6f33a,2b3d87af-0a28-4e38-b697-a1589f46a548,1633170305472,14.4029087,52.2484649,6.1016827,-0.0008722544,-0.5381346,-0.54162025,on bike mount,cyclo cross,True,asphalt,excellent
f4ee5635-8bf4-4b5a-96e4-b3a42f385893,cfa36d4f-6ff4-4fd5-a16e-f3a94ce6f33a,ce1c5a0c-2e31-4a54-a220-7dfd1468526c,1633170305522,14.4029087,52.2484649,6.1016827,0.118414104,-0.023439646,1.6043453,on bike mount,cyclo cross,True,asphalt,excellent
f4ee5635-8bf4-4b5a-96e4-b3a42f385893,cfa36d4f-6ff4-4fd5-a16e-f3a94ce6f33a,1dc0b51b-4b8a-492f-80bf-879731c37051,1633170305574,14.4029087,52.2484649,6.1016827,0.6146406,-1.1930022,-0.22690678,on bike mount,cyclo cross,True,asphalt,excellent
f4ee5635-8bf4-4b5a-96e4-b3a42f385893,cfa36d4f-6ff4-4fd5-a16e-f3a94ce6f33a,9bf2dc0f-2621-4113-8b42-8ba67c1e9d77,1633170305624,14.4029087,52.2484649,6.1016827,0.24913979,-0.33718824,0.70803356,on bike mount,cyclo cross,True,asphalt,excellent
f4ee5635-8bf4-4b5a-96e4-b3a42f385893,cfa36d4f-6ff4-4fd5-a16e-f3a94ce6f33a,0810c23b-51ab-4d1e-8f82-7787e4bde37d,1633170305690,14.4029087,52.2484649,6.1016827,0.3727498,0.8302448,-0.42371655,on bike mount,cyclo cross,True,asphalt,excellent
f4ee5635-8bf4-4b5a-96e4-b3a42f385893,cfa36d4f-6ff4-4fd5-a16e-f3a94ce6f33a,506cb398-161e-47f6-a556-c9347ce823f6,1633170305740,14.4029087,52.2484649,6.1016827,1.6764098,3.9748526,-7.0784287,on bike mount,cyclo cross,True,asphalt,excellent
f4ee5635-8bf4-4b5a-96e4-b3a42f385893,cfa36d4f-6ff4-4fd5-a16e-f3a94ce6f33a,6ddcb502-7b5d-42fe-b9e0-b8e1d1fe18a2,1633170305807,14.4029087,52.2484649,6.1016827,-0.06191379,0.31210804,-0.8081913,on bike mount,cyclo cross,True,asphalt,excellent
f4ee5635-8bf4-4b5a-96e4-b3a42f385893,cfa36d4f-6ff4-4fd5-a16e-f3a94ce6f33a,e82c8ef7-ba79-4aef-81dd-2914fd2edeaf,1633170305873,14.4029087,52.2484649,6.1016827,0.36135465,0.22556138,-0.49437046,on bike mount,cyclo cross,True,asphalt,excellent
f4ee5635-8bf4-4b5a-96e4-b3a42f385893,cfa36d4f-6ff4-4fd5-a16e-f3a94ce6f33a,40b42005-d8aa-4c4c-be44-6edeba2d0665,1633170305924,14.4029087,52.2484649,6.1016827,0.5975596,-0.36171675,-4.7586203,on bike mount,cyclo cross,True,asphalt,excellent
f4ee5635-8bf4-4b5a-96e4-b3a42f385893,cfa36d4f-6ff4-4fd5-a16e-f3a94ce6f33a,34985fb2-c7bc-484e-9f95-6b7c18f6de2c,1633170305989,14.4029808,52.248434,6.095913,0.64035404,-0.38015985,1.0741968,on bike mount,cyclo cross,True,asphalt,excellent
f4ee5635-8bf4-4b5a-96e4-b3a42f385893,cfa36d4f-6ff4-4fd5-a16e-f3a94ce6f33a,5a42f82d-f618-4f62-886f-e44651237cde,1633170306039,14.4029808,52.248434,6.095913,0.23129493,0.25751448,-0.8333931,on bike mount,cyclo cross,True,asphalt,excellent
f4ee5635-8bf4-4b5a-96e4-b3a42f385893,cfa36d4f-6ff4-4fd5-a16e-f3a94ce6f33a,2246cef6-9505-4a96-8471-5b2f6c51f74e,1633170306090,14.4029808,52.248434,6.095913,-1.3177514,-1.2434932,-1.3000174,on bike mount,cyclo cross,True,asphalt,excellent
f4ee5635-8bf4-4b5a-96e4-b3a42f385893,cfa36d4f-6ff4-4fd5-a16e-f3a94ce6f33a,4066c41c-9fc8-4806-a101-e0a78a7f792e,1633170306141,14.4029808,52.248434,6.095913,0.24991646,-0.40319705,1.1859941,on bike mount,cyclo cross,True,asphalt,excellent
f4ee5635-8bf4-4b5a-96e4-b3a42f385893,cfa36d4f-6ff4-4fd5-a16e-f3a94ce6f33a,1b32f6d6-63e9-4e99-9aa0-ca6f05292796,1633170306207,14.4029808,52.248434,6.095913,-0.11165881,-1.9179991,-0.32765484,on bike mount,cyclo cross,True,asphalt,excellent
f4ee5635-8bf4-4b5a-96e4-b3a42f385893,cfa36d4f-6ff4-4fd5-a16e-f3a94ce6f33a,d3db2033-453f-4cb8-8154-9699db8b7ffc,1633170306257,14.4029808,52.248434,6.095913,-1.0280042,1.6517637,0.041327477,on bike mount,cyclo cross,True,asphalt,excellent
f4ee5635-8bf4-4b5a-96e4-b3a42f385893,cfa36d4f-6ff4-4fd5-a16e-f3a94ce6f33a,9eebfd5b-3350-4f9c-8353-bc73227a8f66,1633170306307,14.4029808,52.248434,6.095913,0.36581248,-0.6155863,1.1682014,on bike mount,cyclo cross,True,asphalt,excellent
f4ee5635-8bf4-4b5a-96e4-b3a42f385893,cfa36d4f-6ff4-4fd5-a16e-f3a94ce6f33a,b01a8bcd-8715-448d-a21d-6c39fb52d8e2,1633170306358,14.4029808,52.248434,6.095913,-0.8131518,0.6238198,1.0694075,on bike mount,cyclo cross,True,asphalt,excellent
f4ee5635-8bf4-4b5a-96e4-b3a42f385893,cfa36d4f-6ff4-4fd5-a16e-f3a94ce6f33a,b48a677c-572d-484f-ac75-3641afbb631b,1633170306408,14.4029808,52.248434,6.095913,0.2689023,1.2938032,0.29138565,on bike mount,cyclo cross,True,asphalt,excellent
f4ee5635-8bf4-4b5a-96e4-b3a42f385893,cfa36d4f-6ff4-4fd5-a16e-f3a94ce6f33a,e2cea793-700c-43e6-82e5-671e4d8fc571,1633170306459,14.4029808,52.248434,6.095913,-2.0288887,-0.5541556,-1.4142427,on bike mount,cyclo cross,True,asphalt,excellent
f4ee5635-8bf4-4b5a-96e4-b3a42f385893,cfa36d4f-6ff4-4fd5-a16e-f3a94ce6f33a,b57f36e7-d5b1-4c17-ae24-7dd3df81caca,1633170306508,14.4029808,52.248434,6.095913,0.25292608,0.37576103,3.8804197,on bike mount,cyclo cross,True,asphalt,excellent
f4ee5635-8bf4-4b5a-96e4-b3a42f385893,cfa36d4f-6ff4-4fd5-a16e-f3a94ce6f33a,205244e5-52f4-4a35-8b40-6d5eb1d80b49,1633170306559,14.4029808,52.248434,6.095913,-0.945963,0.74399734,-2.2936115,on bike mount,cyclo cross,True,asphalt,excellent
f4ee5635-8bf4-4b5a-96e4-b3a42f385893,cfa36d4f-6ff4-4fd5-a16e-f3a94ce6f33a,35877727-f830-41e0-9ecc-b042b3703efa,1633170306609,14.4029808,52.248434,6.095913,-0.6649935,1.0330708,0.38121128,on bike mount,cyclo cross,True,asphalt,excellent
f4ee5635-8bf4-4b5a-96e4-b3a42f385893,cfa36d4f-6ff4-4fd5-a16e-f3a94ce6f33a,08c20b5c-2b39-4025-8790-e720fb45ed9e,1633170306674,14.4029808,52.248434,6.095913,-0.06449944,1.5394154,-2.2378588,on bike mount,cyclo cross,True,asphalt,excellent
f4ee5635-8bf4-4b5a-96e4-b3a42f385893,cfa36d4f-6ff4-4fd5-a16e-f3a94ce6f33a,51748a37-e3d1-4234-a9ab-71d897ebbd0d,1633170306724,14.4029808,52.248434,6.095913,-0.09244129,-0.76417994,3.371107,on bike mount,cyclo cross,True,asphalt,excellent
f4ee5635-8bf4-4b5a-96e4-b3a42f385893,cfa36d4f-6ff4-4fd5-a16e-f3a94ce6f33a,8f259c9b-8a12-4eb3-a49b-90a7fd85e051,1633170306775,14.4029808,52.248434,6.095913,-0.4727847,-0.40645218,-0.037999153,on bike mount,cyclo cross,True,asphalt,excellent
f4ee5635-8bf4-4b5a-96e4-b3a42f385893,cfa36d4f-6ff4-4fd5-a16e-f3a94ce6f33a,cae2daa0-a223-4923-a3fb-977739d33f8c,1633170306826,14.4029808,52.248434,6.095913,1.6715062,-0.6019633,-0.649003,on bike mount,cyclo cross,True,asphalt,excellent
f4ee5635-8bf4-4b5a-96e4-b3a42f385893,cfa36d4f-6ff4-4fd5-a16e-f3a94ce6f33a,5f3da33e-f76d-456d-9e19-0508629142e8,1633170306876,14.4029808,52.248434,6.095913,0.16569224,0.65358543,1.7368746,on bike mount,cyclo cross,True,asphalt,excellent
f4ee5635-8bf4-4b5a-96e4-b3a42f385893,cfa36d4f-6ff4-4fd5-a16e-f3a94ce6f33a,dd8fec5c-8acc-49f6-b87a-bd2648ebdb5f,1633170306926,14.4029808,52.248434,6.095913,-0.5986433,-1.2214508,-2.0161963,on bike mount,cyclo cross,True,asphalt,excellent
f4ee5635-8bf4-4b5a-96e4-b3a42f385893,cfa36d4f-6ff4-4fd5-a16e-f3a94ce6f33a,54265991-461d-4fda-b94e-700760fc3ec1,1633170306976,14.4030596,52.2483828,6.1195483,0.23021531,0.34676862,2.2208118,on bike mount,cyclo cross,True,asphalt,excellent
f4ee5635-8bf4-4b5a-96e4-b3a42f385893,cfa36d4f-6ff4-4fd5-a16e-f3a94ce6f33a,da2af0d0-7c1d-47ab-8b49-f2d219f474a3,1633170307026,14.4030596,52.2483828,6.1195483,0.8231038,1.2493124,-2.0418706,on bike mount,cyclo cross,True,asphalt,excellent
f4ee5635-8bf4-4b5a-96e4-b3a42f385893,cfa36d4f-6ff4-4fd5-a16e-f3a94ce6f33a,abc0e46b-6ce5-4973-810d-5a5a2ccebe2f,1633170307092,14.4030596,52.2483828,6.1195483,0.20072272,-1.6207098,1.2453604,on bike mount,cyclo cross,True,asphalt,excellent
f4ee5635-8bf4-4b5a-96e4-b3a42f385893,cfa36d4f-6ff4-4fd5-a16e-f3a94ce6f33a,54c8c17c-fb3b-493d-b1e5-63b53901227c,1633170307142,14.4030596,52.2483828,6.1195483,-0.84923303,-0.40459228,-0.31750488,on bike mount,cyclo cross,True,asphalt,excellent
f4ee5635-8bf4-4b5a-96e4-b3a42f385893,cfa36d4f-6ff4-4fd5-a16e-f3a94ce6f33a,d71ca219-31ca-4efa-b9d0-42d8784c845e,1633170307193,14.4030596,52.2483828,6.1195483,0.12600031,-0.5232593,1.532157,on bike mount,cyclo cross,True,asphalt,excellent
f4ee5635-8bf4-4b5a-96e4-b3a42f385893,cfa36d4f-6ff4-4fd5-a16e-f3a94ce6f33a,71942e2e-a87f-467e-bd4e-6ff9c1ef930d,1633170307242,14.4030596,52.2483828,6.1195483,0.6138871,-1.0857129,1.0767012,on bike mount,cyclo cross,True,asphalt,excellent
f4ee5635-8bf4-4b5a-96e4-b3a42f385893,cfa36d4f-6ff4-4fd5-a16e-f3a94ce6f33a,b830482a-21ba-458f-8418-eb507dfed948,1633170307292,14.4030596,52.2483828,6.1195483,-0.5241519,-2.0710337,-0.56447124,on bike mount,cyclo cross,True,asphalt,excellent
f4ee5635-8bf4-4b5a-96e4-b3a42f385893,cfa36d4f-6ff4-4fd5-a16e-f3a94ce6f33a,4ad75774-9217-4d9a-80bf-ef605d6563be,1633170307342,14.4030596,52.2483828,6.1195483,0.12774666,0.20065999,-0.7818432,on bike mount,cyclo cross,True,asphalt,excellent
f4ee5635-8bf4-4b5a-96e4-b3a42f385893,cfa36d4f-6ff4-4fd5-a16e-f3a94ce6f33a,a456affc-bd96-4ae5-bf63-1e83430e7325,1633170307393,14.4030596,52.2483828,6.1195483,-0.27576107,1.0088677,-0.24804115,on bike mount,cyclo cross,True,asphalt,excellent
f4ee5635-8bf4-4b5a-96e4-b3a42f385893,cfa36d4f-6ff4-4fd5-a16e-f3a94ce6f33a,0caaaf01-9172-4d80-8f0f-0ec4ed7fecca,1633170307443,14.4030596,52.2483828,6.1195483,-0.36000097,0.811049,-1.41611,on bike mount,cyclo cross,True,asphalt,excellent
f4ee5635-8bf4-4b5a-96e4-b3a42f385893,cfa36d4f-6ff4-4fd5-a16e-f3a94ce6f33a,1b86fbdd-331d-4b1d-bfb1-00c3f79b4044,1633170307493,14.4030596,52.2483828,6.1195483,0.17882523,1.1796298,0.47655392,on bike mount,cyclo cross,True,asphalt,excellent
f4ee5635-8bf4-4b5a-96e4-b3a42f385893,cfa36d4f-6ff4-4fd5-a16e-f3a94ce6f33a,1d4cdbe3-0752-4d38-a741-d785ec96323b,1633170307543,14.4030596,52.2483828,6.1195483,-0.04905151,0.5012965,-1.9847741,on bike mount,cyclo cross,True,asphalt,excellent
f4ee5635-8bf4-4b5a-96e4-b3a42f385893,cfa36d4f-6ff4-4fd5-a16e-f3a94ce6f33a,3ca60709-68be-46f8-99d6-ae54e919fd10,1633170307593,14.4030596,52.2483828,6.1195483,0.18148822,-1.0924249,2.040905,on bike mount,cyclo cross,True,asphalt,excellent
f4ee5635-8bf4-4b5a-96e4-b3a42f385893,cfa36d4f-6ff4-4fd5-a16e-f3a94ce6f33a,592e75cc-d4e9-4cbe-9231-da4402500951,1633170307643,14.4030596,52.2483828,6.1195483,-0.29428333,0.11040139,-0.2601385,on bike mount,cyclo cross,True,asphalt,excellent
f4ee5635-8bf4-4b5a-96e4-b3a42f385893,cfa36d4f-6ff4-4fd5-a16e-f3a94ce6f33a,2e639346-4603-4b0c-bcb4-7223a72a3e11,1633170307693,14.4030596,52.2483828,6.1195483,1.0792284,0.21601224,-1.8883338,on bike mount,cyclo cross,True,asphalt,excellent
f4ee5635-8bf4-4b5a-96e4-b3a42f385893,cfa36d4f-6ff4-4fd5-a16e-f3a94ce6f33a,d0dcbe60-cff6-4500-b9a3-49d1384e44d8,1633170307743,14.4030596,52.2483828,6.1195483,-0.5277367,0.7708278,-0.4538288,on bike mount,cyclo cross,True,asphalt,excellent
f4ee5635-8bf4-4b5a-96e4-b3a42f385893,cfa36d4f-6ff4-4fd5-a16e-f3a94ce6f33a,cb34854a-edca-4e27-babe-a171d54bc4ab,1633170307794,14.4030596,52.2483828,6.1195483,0.2608009,-0.47462225,1.1472721,on bike mount,cyclo cross,True,asphalt,excellent
f4ee5635-8bf4-4b5a-96e4-b3a42f385893,cfa36d4f-6ff4-4fd5-a16e-f3a94ce6f33a,ee0bba67-5f48-4bf4-bd55-30d5397a53f3,1633170307859,14.4030596,52.2483828,6.1195483,-0.8204659,-0.9256439,0.056373596,on bike mount,cyclo cross,True,asphalt,excellent
f4ee5635-8bf4-4b5a-96e4-b3a42f385893,cfa36d4f-6ff4-4fd5-a16e-f3a94ce6f33a,6591c81b-c4fe-4484-97f8-db3c0856c0a8,1633170307910,14.4030596,52.2483828,6.1195483,0.8658829,-1.322911,1.3410778,on bike mount,cyclo cross,True,asphalt,excellent
f4ee5635-8bf4-4b5a-96e4-b3a42f385893,cfa36d4f-6ff4-4fd5-a16e-f3a94ce6f33a,c636082a-e10b-4fe7-ab58-cb2047aa4bbd,1633170307964,14.4031385,52.2483379,6.1469307,0.62488294,-0.303416,1.2642918,on bike mount,cyclo cross,True,asphalt,excellent
f4ee5635-8bf4-4b5a-96e4-b3a42f385893,cfa36d4f-6ff4-4fd5-a16e-f3a94ce6f33a,1bc05fd0-fd27-498a-bd5c-5cc50919b1a0,1633170308026,14.4031385,52.2483379,6.1469307,-0.7306373,-0.61035347,0.24965858,on bike mount,cyclo cross,True,asphalt,excellent
f4ee5635-8bf4-4b5a-96e4-b3a42f385893,cfa36d4f-6ff4-4fd5-a16e-f3a94ce6f33a,a3f88c2b-75bb-46f9-8efc-ff7d639cab4d,1633170308076,14.4031385,52.2483379,6.1469307,-0.37842816,0.7813008,-2.7103972,on bike mount,cyclo cross,True,asphalt,excellent
f4ee5635-8bf4-4b5a-96e4-b3a42f385893,cfa36d4f-6ff4-4fd5-a16e-f3a94ce6f33a,d3c29130-7720-4535-a155-66f5cb360f5b,1633170308127,14.4031385,52.2483379,6.1469307,0.14405957,-1.7969493,1.7020931,on bike mount,cyclo cross,True,asphalt,excellent
f4ee5635-8bf4-4b5a-96e4-b3a42f385893,cfa36d4f-6ff4-4fd5-a16e-f3a94ce6f33a,211afd01-8540-45b0-8254-d9252a233b76,1633170308177,14.4031385,52.2483379,6.1469307,-0.40052712,0.43119955,-1.5012555,on bike mount,cyclo cross,True,asphalt,excellent
f4ee5635-8bf4-4b5a-96e4-b3a42f385893,cfa36d4f-6ff4-4fd5-a16e-f3a94ce6f33a,7c1bcb97-1e23-4a15-93ee-3acb56c01f76,1633170308227,14.4031385,52.2483379,6.1469307,-0.7253184,1.1774137,-0.30616093,on bike mount,cyclo cross,True,asphalt,excellent
f4ee5635-8bf4-4b5a-96e4-b3a42f385893,cfa36d4f-6ff4-4fd5-a16e-f3a94ce6f33a,6d31a147-f3cf-4e0d-971c-070aaebbe32e,1633170308278,14.4031385,52.2483379,6.1469307,0.97587323,-0.6132715,-0.6147461,on bike mount,cyclo cross,True,asphalt,excellent
f4ee5635-8bf4-4b5a-96e4-b3a42f385893,cfa36d4f-6ff4-4fd5-a16e-f3a94ce6f33a,9eee672d-1e68-41a3-a073-91e84fbd90e3,1633170308329,14.4031385,52.2483379,6.1469307,0.5326487,0.74301696,0.4909315,on bike mount,cyclo cross,True,asphalt,excellent
f4ee5635-8bf4-4b5a-96e4-b3a42f385893,cfa36d4f-6ff4-4fd5-a16e-f3a94ce6f33a,8fafe5a1-26d9-475b-ae2e-c84f04313fa7,1633170308394,14.4031385,52.2483379,6.1469307,-0.9077556,-0.55682063,1.8374367,on bike mount,cyclo cross,True,asphalt,excellent
f4ee5635-8bf4-4b5a-96e4-b3a42f385893,cfa36d4f-6ff4-4fd5-a16e-f3a94ce6f33a,e27a85e4-de76-4de9-b383-237aefc48a3a,1633170308444,14.4031385,52.2483379,6.1469307,-0.6319454,3.1181393,-10.329818,on bike mount,cyclo cross,True,asphalt,excellent
f4ee5635-8bf4-4b5a-96e4-b3a42f385893,cfa36d4f-6ff4-4fd5-a16e-f3a94ce6f33a,ed1439e9-965f-4909-843e-d94fce96a979,1633170308494,14.4031385,52.2483379,6.1469307,1.8324215,-2.6526687,1.8576498,on bike mount,cyclo cross,True,asphalt,excellent
f4ee5635-8bf4-4b5a-96e4-b3a42f385893,cfa36d4f-6ff4-4fd5-a16e-f3a94ce6f33a,26b4ed7f-2b3b-48cb-aec7-f47b2b80b590,1633170308544,14.4031385,52.2483379,6.1469307,-1.6284518,-6.3866997,0.8559637,on bike mount,cyclo cross,True,asphalt,excellent
f4ee5635-8bf4-4b5a-96e4-b3a42f385893,cfa36d4f-6ff4-4fd5-a16e-f3a94ce6f33a,ce0fd310-3982-48bb-93b9-e6c60d5b625f,1633170308594,14.4031385,52.2483379,6.1469307,-0.83387464,-1.6623052,0.9170618,on bike mount,cyclo cross,True,asphalt,excellent
f4ee5635-8bf4-4b5a-96e4-b3a42f385893,cfa36d4f-6ff4-4fd5-a16e-f3a94ce6f33a,28ce4b6d-aa9f-4658-9a30-39f42bf4fe7b,1633170308644,14.4031385,52.2483379,6.1469307,1.7664076,10.256727,4.0350122,on bike mount,cyclo cross,True,asphalt,excellent
f4ee5635-8bf4-4b5a-96e4-b3a42f385893,cfa36d4f-6ff4-4fd5-a16e-f3a94ce6f33a,70617f82-ce26-4331-9fef-f2567f2aa953,1633170308696,14.4031385,52.2483379,6.1469307,-1.133247,-1.1797796,0.88917065,on bike mount,cyclo cross,True,asphalt,excellent
f4ee5635-8bf4-4b5a-96e4-b3a42f385893,cfa36d4f-6ff4-4fd5-a16e-f3a94ce6f33a,07eee12e-bf0d-4765-b222-80cbce9a6aa9,1633170308746,14.4031385,52.2483379,6.1469307,0.368786,0.58034587,-0.4126892,on bike mount,cyclo cross,True,asphalt,excellent
f4ee5635-8bf4-4b5a-96e4-b3a42f385893,cfa36d4f-6ff4-4fd5-a16e-f3a94ce6f33a,71ee676e-45d2-4d56-83d4-f44d03e8ac04,1633170308812,14.4031385,52.2483379,6.1469307,-0.9878523,-1.1463319,0.7111559,on bike mount,cyclo cross,True,asphalt,excellent
f4ee5635-8bf4-4b5a-96e4-b3a42f385893,cfa36d4f-6ff4-4fd5-a16e-f3a94ce6f33a,266c075e-261a-42db-bd89-082ca5372c9e,1633170308862,14.4031385,52.2483379,6.1469307,-0.9218073,-0.35939002,-1.9599833,on bike mount,cyclo cross,True,asphalt,excellent
f4ee5635-8bf4-4b5a-96e4-b3a42f385893,cfa36d4f-6ff4-4fd5-a16e-f3a94ce6f33a,fc1b5021-de35-4500-879c-bafccd39ffca,1633170308913,14.4031385,52.2483379,6.1469307,-0.92703414,-0.15899539,-0.66040134,on bike mount,cyclo cross,True,asphalt,excellent
f4ee5635-8bf4-4b5a-96e4-b3a42f385893,cfa36d4f-6ff4-4fd5-a16e-f3a94ce6f33a,b636969b-850d-45d6-9233-9622fb444936,1633170308969,14.4032159,52.248301,6.161543,1.2971463,0.5898495,0.67890835,on bike mount,cyclo cross,True,asphalt,excellent
f4ee5635-8bf4-4b5a-96e4-b3a42f385893,cfa36d4f-6ff4-4fd5-a16e-f3a94ce6f33a,ef1188ff-918b-478a-ae5c-132fa307dd0f,1633170309029,14.4032159,52.248301,6.161543,-0.52358437,0.8157792,-0.38698673,on bike mount,cyclo cross,True,asphalt,excellent
f4ee5635-8bf4-4b5a-96e4-b3a42f385893,cfa36d4f-6ff4-4fd5-a16e-f3a94ce6f33a,df3a5970-5008-4eee-a688-42246a28e032,1633170309079,14.4032159,52.248301,6.161543,-1.6385896,1.4711235,-1.7013512,on bike mount,cyclo cross,True,asphalt,excellent
f4ee5635-8bf4-4b5a-96e4-b3a42f385893,cfa36d4f-6ff4-4fd5-a16e-f3a94ce6f33a,c92bca26-072e-4a49-b3fd-8de66eba441e,1633170309146,14.4032159,52.248301,6.161543,1.4206958,0.50523996,0.7164545,on bike mount,cyclo cross,True,asphalt,excellent
f4ee5635-8bf4-4b5a-96e4-b3a42f385893,cfa36d4f-6ff4-4fd5-a16e-f3a94ce6f33a,f77bdd2e-0b2b-4398-8d6f-007bec76e91c,1633170309196,14.4032159,52.248301,6.161543,1.0083544,-1.0137457,0.27452278,on bike mount,cyclo cross,True,asphalt,excellent
f4ee5635-8bf4-4b5a-96e4-b3a42f385893,cfa36d4f-6ff4-4fd5-a16e-f3a94ce6f33a,6a018a27-5f8c-449f-bcd8-54ca16431b31,1633170309246,14.4032159,52.248301,6.161543,0.70412093,-1.224945,-1.8934965,on bike mount,cyclo cross,True,asphalt,excellent
f4ee5635-8bf4-4b5a-96e4-b3a42f385893,cfa36d4f-6ff4-4fd5-a16e-f3a94ce6f33a,6b5f19bf-558f-4228-9eb1-cd48e1f2b977,1633170309313,14.4032159,52.248301,6.161543,1.6470015,0.33229756,1.4553013,on bike mount,cyclo cross,True,asphalt,excellent
f4ee5635-8bf4-4b5a-96e4-b3a42f385893,cfa36d4f-6ff4-4fd5-a16e-f3a94ce6f33a,9de33ea5-7853-4882-a4f7-858ad7e9c50a,1633170309363,14.4032159,52.248301,6.161543,-0.6173221,-2.60107,0.7478342,on bike mount,cyclo cross,True,asphalt,excellent
f4ee5635-8bf4-4b5a-96e4-b3a42f385893,cfa36d4f-6ff4-4fd5-a16e-f3a94ce6f33a,71ca600e-9620-4346-b769-10749b0f8761,1633170309413,14.4032159,52.248301,6.161543,-0.622823,-0.48612452,-1.3201447,on bike mount,cyclo cross,True,asphalt,excellent
f4ee5635-8bf4-4b5a-96e4-b3a42f385893,cfa36d4f-6ff4-4fd5-a16e-f3a94ce6f33a,4abbab09-ded5-4da7-9c35-db3d82b33633,1633170309463,14.4032159,52.248301,6.161543,1.5297632,-0.24858117,0.48968792,on bike mount,cyclo cross,True,asphalt,excellent
f4ee5635-8bf4-4b5a-96e4-b3a42f385893,cfa36d4f-6ff4-4fd5-a16e-f3a94ce6f33a,f0a0537e-4e82-4c86-af11-53b33d192f18,1633170309513,14.4032159,52.248301,6.161543,1.6814705,-3.7760887,-1.5792675,on bike mount,cyclo cross,True,asphalt,excellent
f4ee5635-8bf4-4b5a-96e4-b3a42f385893,cfa36d4f-6ff4-4fd5-a16e-f3a94ce6f33a,da29f1f0-d0b5-49d2-acc9-a85b645a715a,1633170309579,14.4032159,52.248301,6.161543,-0.015274286,0.2860725,2.104063,on bike mount,cyclo cross,True,asphalt,excellent
f4ee5635-8bf4-4b5a-96e4-b3a42f385893,cfa36d4f-6ff4-4fd5-a16e-f3a94ce6f33a,7f9c758b-0730-42ca-8624-ab92965595b4,1633170309630,14.4032159,52.248301,6.161543,0.91644895,-1.3853751,-0.27499104,on bike mount,cyclo cross,True,asphalt,excellent
f4ee5635-8bf4-4b5a-96e4-b3a42f385893,cfa36d4f-6ff4-4fd5-a16e-f3a94ce6f33a,c38ba61f-24dc-4332-8b7d-c80fe936a3e0,1633170309681,14.4032159,52.248301,6.161543,-0.84735084,-0.050786734,-2.5288334,on bike mount,cyclo cross,True,asphalt,excellent
f4ee5635-8bf4-4b5a-96e4-b3a42f385893,cfa36d4f-6ff4-4fd5-a16e-f3a94ce6f33a,27b5a6fe-23ff-48a9-becb-e5d83742d4c1,1633170309731,14.4032159,52.248301,6.161543,0.24190854,2.456302,-0.63665867,on bike mount,cyclo cross,True,asphalt,excellent
f4ee5635-8bf4-4b5a-96e4-b3a42f385893,cfa36d4f-6ff4-4fd5-a16e-f3a94ce6f33a,dad36bba-ca0c-47d2-b7f5-64a7f7c44a98,1633170309796,14.4032159,52.248301,6.161543,2.1520848,-2.7381616,2.2192135,on bike mount,cyclo cross,True,asphalt,excellent
f4ee5635-8bf4-4b5a-96e4-b3a42f385893,cfa36d4f-6ff4-4fd5-a16e-f3a94ce6f33a,3631558d-98df-4164-84f5-e172174e97a2,1633170309846,14.4032159,52.248301,6.161543,-0.21715355,-1.4567769,2.4930696,on bike mount,cyclo cross,True,asphalt,excellent
f4ee5635-8bf4-4b5a-96e4-b3a42f385893,cfa36d4f-6ff4-4fd5-a16e-f3a94ce6f33a,79c39ae7-33a9-4485-9a16-81c5ae240b23,1633170309897,14.4032159,52.248301,6.161543,0.03991825,-5.6110334,1.655941,on bike mount,cyclo cross,True,asphalt,excellent
f4ee5635-8bf4-4b5a-96e4-b3a42f385893,cfa36d4f-6ff4-4fd5-a16e-f3a94ce6f33a,a9fbf408-d26a-4286-8159-43f7cb50bd41,1633170309956,14.4032159,52.248301,6.161543,0.5917387,1.7762399,1.8430796,on bike mount,cyclo cross,True,asphalt,excellent
f4ee5635-8bf4-4b5a-96e4-b3a42f385893,cfa36d4f-6ff4-4fd5-a16e-f3a94ce6f33a,ae2dd770-039e-4822-b7e1-e19f98dbda3c,1633170310014,14.403291,52.2482648,6.1733284,-0.43292642,0.8232901,-3.5386724,on bike mount,cyclo cross,True,asphalt,excellent
f4ee5635-8bf4-4b5a-96e4-b3a42f385893,cfa36d4f-6ff4-4fd5-a16e-f3a94ce6f33a,427bf45c-d7bc-4be9-a042-3a5f74f41035,1633170310064,14.403291,52.2482648,6.1733284,-1.7465935,0.77048445,4.25885,on bike mount,cyclo cross,True,asphalt,excellent
f4ee5635-8bf4-4b5a-96e4-b3a42f385893,cfa36d4f-6ff4-4fd5-a16e-f3a94ce6f33a,65f84080-40cd-42b5-8e48-79a4d2606c21,1633170310115,14.403291,52.2482648,6.1733284,0.7894477,1.3916187,3.4617996,on bike mount,cyclo cross,True,asphalt,excellent
f4ee5635-8bf4-4b5a-96e4-b3a42f385893,cfa36d4f-6ff4-4fd5-a16e-f3a94ce6f33a,ddd62ec5-84f3-4753-9b9f-4fbb81ee6c47,1633170310165,14.403291,52.2482648,6.1733284,0.080092594,-3.2069163,-0.17124367,on bike mount,cyclo cross,True,asphalt,excellent
f4ee5635-8bf4-4b5a-96e4-b3a42f385893,cfa36d4f-6ff4-4fd5-a16e-f3a94ce6f33a,7fd26464-a3be-4d9b-b293-496700b38d71,1633170310215,14.403291,52.2482648,6.1733284,-0.9416322,1.4001648,-2.139598,on bike mount,cyclo cross,True,asphalt,excellent
f4ee5635-8bf4-4b5a-96e4-b3a42f385893,cfa36d4f-6ff4-4fd5-a16e-f3a94ce6f33a,4642ada5-11ab-4f31-8436-f6208a1b0698,1633170310266,14.403291,52.2482648,6.1733284,0.18036047,0.36314344,-0.23992062,on bike mount,cyclo cross,True,asphalt,excellent
f4ee5635-8bf4-4b5a-96e4-b3a42f385893,cfa36d4f-6ff4-4fd5-a16e-f3a94ce6f33a,4771d411-c486-48be-bb3e-d1aa6bc4b288,1633170310315,14.403291,52.2482648,6.1733284,0.9648752,-1.0824275,1.3895187,on bike mount,cyclo cross,True,asphalt,excellent
f4ee5635-8bf4-4b5a-96e4-b3a42f385893,cfa36d4f-6ff4-4fd5-a16e-f3a94ce6f33a,5b3b3927-9c7c-4df3-943e-0b60c1d8f737,1633170310365,14.403291,52.2482648,6.1733284,-0.44821903,-0.41811013,1.6065855,on bike mount,cyclo cross,True,asphalt,excellent
f4ee5635-8bf4-4b5a-96e4-b3a42f385893,cfa36d4f-6ff4-4fd5-a16e-f3a94ce6f33a,c79a0a61-6b1b-4efd-b6b9-04b65e49f9d7,1633170310416,14.403291,52.2482648,6.1733284,-0.5753139,0.01138854,-0.65753365,on bike mount,cyclo cross,True,asphalt,excellent
f4ee5635-8bf4-4b5a-96e4-b3a42f385893,cfa36d4f-6ff4-4fd5-a16e-f3a94ce6f33a,1d23f3ea-49ae-4f5c-b79a-a31a9651bf57,1633170310481,14.403291,52.2482648,6.1733284,1.3168933,-0.603801,-2.0325608,on bike mount,cyclo cross,True,asphalt,excellent
f4ee5635-8bf4-4b5a-96e4-b3a42f385893,cfa36d4f-6ff4-4fd5-a16e-f3a94ce6f33a,ff49f078-4209-483a-9ea8-f1cdedec6cd2,1633170310531,14.403291,52.2482648,6.1733284,0.47866964,-0.014418125,-0.053857803,on bike mount,cyclo cross,True,asphalt,excellent
f4ee5635-8bf4-4b5a-96e4-b3a42f385893,cfa36d4f-6ff4-4fd5-a16e-f3a94ce6f33a,2ba9f7c7-331a-4f99-a05a-c082ea950830,1633170310581,14.403291,52.2482648,6.1733284,0.41446325,-0.16792274,0.06710911,on bike mount,cyclo cross,True,asphalt,excellent
f4ee5635-8bf4-4b5a-96e4-b3a42f385893,cfa36d4f-6ff4-4fd5-a16e-f3a94ce6f33a,f66850bc-2356-42d1-ba93-186121c6605e,1633170310631,14.403291,52.2482648,6.1733284,-1.1050116,0.40058708,1.312851,on bike mount,cyclo cross,True,asphalt,excellent
f4ee5635-8bf4-4b5a-96e4-b3a42f385893,cfa36d4f-6ff4-4fd5-a16e-f3a94ce6f33a,fcdccd57-e763-4157-a206-39d544b03484,1633170310681,14.403291,52.2482648,6.1733284,-0.16094938,-2.7542233,0.1360693,on bike mount,cyclo cross,True,asphalt,excellent
f4ee5635-8bf4-4b5a-96e4-b3a42f385893,cfa36d4f-6ff4-4fd5-a16e-f3a94ce6f33a,f691c6e7-110e-4551-9c4e-1437102ad081,1633170310731,14.403291,52.2482648,6.1733284,-0.40559304,1.0821667,-0.37538815,on bike mount,cyclo cross,True,asphalt,excellent
f4ee5635-8bf4-4b5a-96e4-b3a42f385893,cfa36d4f-6ff4-4fd5-a16e-f3a94ce6f33a,4c3d7fb9-27a6-4906-a1cd-66e615e9178e,1633170310783,14.403291,52.2482648,6.1733284,0.77741295,-0.6281347,1.0898218,on bike mount,cyclo cross,True,asphalt,excellent
f4ee5635-8bf4-4b5a-96e4-b3a42f385893,cfa36d4f-6ff4-4fd5-a16e-f3a94ce6f33a,3685fd59-fd06-486f-833b-1bbf292a52a0,1633170310848,14.403291,52.2482648,6.1733284,-0.14026785,1.6236548,2.3980846,on bike mount,cyclo cross,True,asphalt,excellent
f4ee5635-8bf4-4b5a-96e4-b3a42f385893,cfa36d4f-6ff4-4fd5-a16e-f3a94ce6f33a,65a76bb0-a833-4742-a02f-3cc5f76621ae,1633170310899,14.403291,52.2482648,6.1733284,0.37132937,1.1665561,-1.5684037,on bike mount,cyclo cross,True,asphalt,excellent
f4ee5635-8bf4-4b5a-96e4-b3a42f385893,cfa36d4f-6ff4-4fd5-a16e-f3a94ce6f33a,d9529963-7126-4728-bd4e-ac33659f0bea,1633170310951,14.403291,52.2482648,6.1733284,0.8187562,-2.3967285,2.9017172,on bike mount,cyclo cross,True,asphalt,excellent
f4ee5635-8bf4-4b5a-96e4-b3a42f385893,cfa36d4f-6ff4-4fd5-a16e-f3a94ce6f33a,144a9c4f-6849-40ea-a751-d0a86e90628b,1633170311016,14.4033611,52.248227,6.2032638,0.756286,-2.2942085,0.84562397,on bike mount,cyclo cross,True,asphalt,excellent
f4ee5635-8bf4-4b5a-96e4-b3a42f385893,cfa36d4f-6ff4-4fd5-a16e-f3a94ce6f33a,481f4a2b-8e83-4585-b801-bf07c9e7ff8a,1633170311083,14.4033611,52.248227,6.2032638,-0.9869724,-0.28140092,4.6002254,on bike mount,cyclo cross,True,asphalt,excellent
f4ee5635-8bf4-4b5a-96e4-b3a42f385893,cfa36d4f-6ff4-4fd5-a16e-f3a94ce6f33a,038c254d-e72f-4e25-a780-3f1a83857ef5,1633170311132,14.4033611,52.248227,6.2032638,0.96763825,0.8632963,0.796648,on bike mount,cyclo cross,True,asphalt,excellent
f4ee5635-8bf4-4b5a-96e4-b3a42f385893,cfa36d4f-6ff4-4fd5-a16e-f3a94ce6f33a,76e42514-7729-486b-b41b-855d4da09bc0,1633170311183,14.4033611,52.248227,6.2032638,-0.2248382,2.5357897,-0.98544884,on bike mount,cyclo cross,True,asphalt,excellent
f4ee5635-8bf4-4b5a-96e4-b3a42f385893,cfa36d4f-6ff4-4fd5-a16e-f3a94ce6f33a,9f8e7cdb-73d4-4e48-9322-276adda4bb21,1633170311233,14.4033611,52.248227,6.2032638,-0.1699791,-1.7029889,1.3082256,on bike mount,cyclo cross,True,asphalt,excellent
f4ee5635-8bf4-4b5a-96e4-b3a42f385893,cfa36d4f-6ff4-4fd5-a16e-f3a94ce6f33a,7a09b825-d44f-4cad-a078-02458b4515b7,1633170311283,14.4033611,52.248227,6.2032638,0.109026134,-2.3551195,1.4306602,on bike mount,cyclo cross,True,asphalt,excellent
f4ee5635-8bf4-4b5a-96e4-b3a42f385893,cfa36d4f-6ff4-4fd5-a16e-f3a94ce6f33a,17a90b40-393b-4ab6-9a7b-3d788ebbd996,1633170311333,14.4033611,52.248227,6.2032638,0.23968548,-0.032646894,0.3314047,on bike mount,cyclo cross,True,asphalt,excellent
f4ee5635-8bf4-4b5a-96e4-b3a42f385893,cfa36d4f-6ff4-4fd5-a16e-f3a94ce6f33a,7771aec6-62fd-44df-a897-03726da94620,1633170311383,14.4033611,52.248227,6.2032638,0.29339287,-0.26977468,1.7241898,on bike mount,cyclo cross,True,asphalt,excellent
f4ee5635-8bf4-4b5a-96e4-b3a42f385893,cfa36d4f-6ff4-4fd5-a16e-f3a94ce6f33a,b13db48a-658e-434d-a8dd-144cbbf3abf4,1633170311433,14.4033611,52.248227,6.2032638,0.7132842,0.5399456,1.4083738,on bike mount,cyclo cross,True,asphalt,excellent
f4ee5635-8bf4-4b5a-96e4-b3a42f385893,cfa36d4f-6ff4-4fd5-a16e-f3a94ce6f33a,17797fc4-ec23-446d-aa72-e160dad30cde,1633170311483,14.4033611,52.248227,6.2032638,-0.4195469,-1.1442878,-0.41544437,on bike mount,cyclo cross,True,asphalt,excellent
f4ee5635-8bf4-4b5a-96e4-b3a42f385893,cfa36d4f-6ff4-4fd5-a16e-f3a94ce6f33a,587bc999-1afd-406c-a2aa-d57b124327ed,1633170311533,14.4033611,52.248227,6.2032638,-1.6536896,0.7301569,0.08893299,on bike mount,cyclo cross,True,asphalt,excellent
f4ee5635-8bf4-4b5a-96e4-b3a42f385893,cfa36d4f-6ff4-4fd5-a16e-f3a94ce6f33a,b3e66cce-4f44-42fe-a229-96db31ece01a,1633170311584,14.4033611,52.248227,6.2032638,-0.8989702,0.3514731,-0.4155817,on bike mount,cyclo cross,True,asphalt,excellent
f4ee5635-8bf4-4b5a-96e4-b3a42f385893,cfa36d4f-6ff4-4fd5-a16e-f3a94ce6f33a,730816ec-f2e4-4c4b-ae03-f6c40dd9877c,1633170311633,14.4033611,52.248227,6.2032638,-0.65632087,-0.5994675,0.8104868,on bike mount,cyclo cross,True,asphalt,excellent
f4ee5635-8bf4-4b5a-96e4-b3a42f385893,cfa36d4f-6ff4-4fd5-a16e-f3a94ce6f33a,cfeced29-41b5-49ed-818a-e9c60112a8a4,1633170311683,14.4033611,52.248227,6.2032638,-0.9638476,0.46206594,0.34892845,on bike mount,cyclo cross,True,asphalt,excellent
f4ee5635-8bf4-4b5a-96e4-b3a42f385893,cfa36d4f-6ff4-4fd5-a16e-f3a94ce6f33a,74141afd-0d8d-45ae-b881-71084ef49b4a,1633170311735,14.4033611,52.248227,6.2032638,-0.13166572,-0.09960604,0.67408085,on bike mount,cyclo cross,True,asphalt,excellent
f4ee5635-8bf4-4b5a-96e4-b3a42f385893,cfa36d4f-6ff4-4fd5-a16e-f3a94ce6f33a,a413e2ca-1717-47d0-877e-d054868256bd,1633170311801,14.4033611,52.248227,6.2032638,0.44936317,-0.5206907,-0.36875343,on bike mount,cyclo cross,True,asphalt,excellent
f4ee5635-8bf4-4b5a-96e4-b3a42f385893,cfa36d4f-6ff4-4fd5-a16e-f3a94ce6f33a,1fed411d-3f86-4e58-9a71-207182778588,1633170311851,14.4033611,52.248227,6.2032638,-0.8569341,-0.34360814,1.9939566,on bike mount,cyclo cross,True,asphalt,excellent
f4ee5635-8bf4-4b5a-96e4-b3a42f385893,cfa36d4f-6ff4-4fd5-a16e-f3a94ce6f33a,48ec2d67-fc07-497c-bea4-8a042bcdca82,1633170311901,14.4033611,52.248227,6.2032638,1.4067516,1.785222,1.3648901,on bike mount,cyclo cross,True,asphalt,excellent
f4ee5635-8bf4-4b5a-96e4-b3a42f385893,cfa36d4f-6ff4-4fd5-a16e-f3a94ce6f33a,5e9f23c2-8f69-462a-8ce1-13bf5d31afeb,1633170311968,14.4034327,52.2481911,6.2240305,-0.3899103,7.640298,-12.931131,on bike mount,cyclo cross,True,asphalt,excellent
