bike_activity_uid,bike_activity_sample_uid,bike_activity_measurement,bike_activity_measurement_timestamp,bike_activity_measurement_lon,bike_activity_measurement_lat,bike_activity_measurement_speed,bike_activity_measurement_accelerometer_x,bike_activity_measurement_accelerometer_y,bike_activity_measurement_accelerometer_z,bike_activity_phone_position,bike_activity_bike_type,bike_activity_flagged_lab_conditions,bike_activity_surface_type,bike_activity_smoothness_type
159ca764-8e69-45a9-9fa3-39079fb69985,a3a741f0-5056-4975-be0a-7c0ec0485585,bffc6505-c97e-4338-92ed-7ee8d3684e2a,1627403914743,13.3842222,52.4553184,7.5810213,0.041632086,-0.012519598,0.9605341,on bike mount,cyclo cross,False,mixed,mixed
159ca764-8e69-45a9-9fa3-39079fb69985,a3a741f0-5056-4975-be0a-7c0ec0485585,24b75cad-cd05-49d9-8826-8a27a30a44f1,1627403914794,13.3842222,52.4553184,7.5810213,-0.6030644,1.1655855,-1.3610497,on bike mount,cyclo cross,False,mixed,mixed
159ca764-8e69-45a9-9fa3-39079fb69985,a3a741f0-5056-4975-be0a-7c0ec0485585,932ae62b-d193-4c2b-9283-2b52311a7a02,1627403914844,13.3842222,52.4553184,7.5810213,-3.5119572,1.4586515,-6.224661,on bike mount,cyclo cross,False,mixed,mixed
159ca764-8e69-45a9-9fa3-39079fb69985,a3a741f0-5056-4975-be0a-7c0ec0485585,3d4ec21f-704d-4435-bb53-763ef910e62a,1627403914893,13.3842222,52.4553184,7.5810213,3.483004,-8.445105,5.159853,on bike mount,cyclo cross,False,mixed,mixed
159ca764-8e69-45a9-9fa3-39079fb69985,a3a741f0-5056-4975-be0a-7c0ec0485585,93495c4f-a185-418f-b15a-b9f3ebd826ba,1627403914943,13.3842222,52.4553184,7.5810213,1.5462673,1.2400076,-1.6598048,on bike mount,cyclo cross,False,mixed,mixed
159ca764-8e69-45a9-9fa3-39079fb69985,a3a741f0-5056-4975-be0a-7c0ec0485585,2d419985-685b-4eb9-b7e6-be3b7cd933ae,1627403914995,13.3842222,52.4553184,7.5810213,0.124863535,4.1682568,-0.07443619,on bike mount,cyclo cross,False,mixed,mixed
159ca764-8e69-45a9-9fa3-39079fb69985,a3a741f0-5056-4975-be0a-7c0ec0485585,f622f7c2-baab-4a62-a5a2-f27e66f13132,1627403915046,13.3842222,52.4553184,7.5810213,1.1693848,-0.17801452,-0.31953335,on bike mount,cyclo cross,False,mixed,mixed
159ca764-8e69-45a9-9fa3-39079fb69985,a3a741f0-5056-4975-be0a-7c0ec0485585,3dd07e40-2235-4a6a-9ff4-5ad695539596,1627403915096,13.3842077,52.455385,7.467034,-0.8876164,0.7797408,-1.3539572,on bike mount,cyclo cross,False,mixed,mixed
159ca764-8e69-45a9-9fa3-39079fb69985,a3a741f0-5056-4975-be0a-7c0ec0485585,d7cc526f-108f-4b86-9328-6837ba5299ed,1627403915146,13.3842077,52.455385,7.467034,0.70802695,-1.2064645,-0.3263178,on bike mount,cyclo cross,False,mixed,mixed
159ca764-8e69-45a9-9fa3-39079fb69985,a3a741f0-5056-4975-be0a-7c0ec0485585,cad5b20f-ddc9-4d2e-ab6b-f90036e04ba6,1627403915195,13.3842077,52.455385,7.467034,0.24345155,-0.7256346,-2.323619,on bike mount,cyclo cross,False,mixed,mixed
159ca764-8e69-45a9-9fa3-39079fb69985,a3a741f0-5056-4975-be0a-7c0ec0485585,c43fa21d-aedd-4df7-98c4-aaf8d128fc1e,1627403915246,13.3842077,52.455385,7.467034,2.290061,-2.3424401,-1.2657213,on bike mount,cyclo cross,False,mixed,mixed
159ca764-8e69-45a9-9fa3-39079fb69985,a3a741f0-5056-4975-be0a-7c0ec0485585,8a85e8f9-e449-4724-8b5e-9cdf65a23a98,1627403915296,13.3842077,52.455385,7.467034,-1.1432836,2.0047994,-3.2738404,on bike mount,cyclo cross,False,mixed,mixed
159ca764-8e69-45a9-9fa3-39079fb69985,a3a741f0-5056-4975-be0a-7c0ec0485585,377e9b9d-a6a2-4179-a188-a0f2e0aab60c,1627403915347,13.3842077,52.455385,7.467034,0.9585873,-10.0005,12.204624,on bike mount,cyclo cross,False,mixed,mixed
159ca764-8e69-45a9-9fa3-39079fb69985,a3a741f0-5056-4975-be0a-7c0ec0485585,cb417174-fc47-4174-a299-4fa9b9a4d7a1,1627403915397,13.3842077,52.455385,7.467034,-3.5272126,-2.7246094,0.06493187,on bike mount,cyclo cross,False,mixed,mixed
159ca764-8e69-45a9-9fa3-39079fb69985,a3a741f0-5056-4975-be0a-7c0ec0485585,7ab02797-ad9b-49bf-8a5a-79434bf09647,1627403915448,13.3842077,52.455385,7.467034,-1.1765862,-0.82856274,-1.2653294,on bike mount,cyclo cross,False,mixed,mixed
159ca764-8e69-45a9-9fa3-39079fb69985,a3a741f0-5056-4975-be0a-7c0ec0485585,f45ef9d7-0cd3-425c-90e3-29350e1c597d,1627403915498,13.3842077,52.455385,7.467034,0.44059724,-2.281788,1.1707249,on bike mount,cyclo cross,False,mixed,mixed
159ca764-8e69-45a9-9fa3-39079fb69985,a3a741f0-5056-4975-be0a-7c0ec0485585,5614bfb5-a741-4877-bff9-12a11d27cb37,1627403915548,13.3842077,52.455385,7.467034,-1.3178992,-12.250887,8.334607,on bike mount,cyclo cross,False,mixed,mixed
159ca764-8e69-45a9-9fa3-39079fb69985,a3a741f0-5056-4975-be0a-7c0ec0485585,32c5c8a4-5317-4aed-be85-904fc77c7f46,1627403915598,13.3842077,52.455385,7.467034,-1.544372,0.08369863,-0.8924751,on bike mount,cyclo cross,False,mixed,mixed
159ca764-8e69-45a9-9fa3-39079fb69985,a3a741f0-5056-4975-be0a-7c0ec0485585,90c60510-98e1-4bdd-83d6-5e1bcf12d94b,1627403915648,13.3842077,52.455385,7.467034,-1.5501196,2.7565858,1.5114899,on bike mount,cyclo cross,False,mixed,mixed
159ca764-8e69-45a9-9fa3-39079fb69985,a3a741f0-5056-4975-be0a-7c0ec0485585,84875487-d63d-4709-b94a-8a4f8a28cf01,1627403915699,13.3842077,52.455385,7.467034,-1.4868437,-2.4111857,2.1691132,on bike mount,cyclo cross,False,mixed,mixed
159ca764-8e69-45a9-9fa3-39079fb69985,a3a741f0-5056-4975-be0a-7c0ec0485585,46c1b2a8-e0c6-4dad-931f-7bbcd64763e5,1627403915748,13.3842077,52.455385,7.467034,0.5091093,0.22802234,-1.2987118,on bike mount,cyclo cross,False,mixed,mixed
159ca764-8e69-45a9-9fa3-39079fb69985,a3a741f0-5056-4975-be0a-7c0ec0485585,18b8abcc-b905-470b-9f52-838ebe84140f,1627403915798,13.3842077,52.455385,7.467034,-0.86952126,2.1638155,-6.6604123,on bike mount,cyclo cross,False,mixed,mixed
159ca764-8e69-45a9-9fa3-39079fb69985,a3a741f0-5056-4975-be0a-7c0ec0485585,bbc58db8-b4bd-49df-bb35-59a998c6498b,1627403915849,13.3842077,52.455385,7.467034,-1.0138962,-1.0320809,1.0847273,on bike mount,cyclo cross,False,mixed,mixed
159ca764-8e69-45a9-9fa3-39079fb69985,a3a741f0-5056-4975-be0a-7c0ec0485585,4369dffc-7ee3-4f46-ace4-1a94da7eafd7,1627403915900,13.3842077,52.455385,7.467034,-1.1766769,0.7534759,-1.8808565,on bike mount,cyclo cross,False,mixed,mixed
159ca764-8e69-45a9-9fa3-39079fb69985,a3a741f0-5056-4975-be0a-7c0ec0485585,c7a3c9dd-2f62-4fab-a356-9106d706b588,1627403915950,13.3842077,52.455385,7.467034,-1.9824487,-1.2589152,0.56339455,on bike mount,cyclo cross,False,mixed,mixed
159ca764-8e69-45a9-9fa3-39079fb69985,a3a741f0-5056-4975-be0a-7c0ec0485585,8659fb5c-2e9c-4853-8209-721446933cfb,1627403916000,13.3842077,52.455385,7.467034,-1.7231698,-1.5904565,3.8861809,on bike mount,cyclo cross,False,mixed,mixed
159ca764-8e69-45a9-9fa3-39079fb69985,a3a741f0-5056-4975-be0a-7c0ec0485585,d7425ecb-8754-44a7-b0f0-3561fa71c465,1627403916050,13.3842077,52.455385,7.467034,-1.6276431,-3.485086,-0.6852875,on bike mount,cyclo cross,False,mixed,mixed
159ca764-8e69-45a9-9fa3-39079fb69985,a3a741f0-5056-4975-be0a-7c0ec0485585,c1a2a2ed-29fe-4f7e-ba4d-21b622e5f13b,1627403916101,13.3841877,52.4554429,6.9225445,-0.6311625,2.7895384,-1.9886947,on bike mount,cyclo cross,False,mixed,mixed
159ca764-8e69-45a9-9fa3-39079fb69985,a3a741f0-5056-4975-be0a-7c0ec0485585,b5adb08a-6a9b-4df5-8181-204efec269da,1627403916151,13.3841877,52.4554429,6.9225445,-0.8441834,0.3878467,-2.6695123,on bike mount,cyclo cross,False,mixed,mixed
159ca764-8e69-45a9-9fa3-39079fb69985,a3a741f0-5056-4975-be0a-7c0ec0485585,a83a4842-a8c6-4c2b-a367-fa920c92112e,1627403916201,13.3841877,52.4554429,6.9225445,-1.0114592,0.88382816,-1.2867427,on bike mount,cyclo cross,False,mixed,mixed
159ca764-8e69-45a9-9fa3-39079fb69985,a3a741f0-5056-4975-be0a-7c0ec0485585,7ff970e5-ea69-43aa-848c-e44647d77aae,1627403916251,13.3841877,52.4554429,6.9225445,-0.8741081,0.5202787,-1.2141361,on bike mount,cyclo cross,False,mixed,mixed
159ca764-8e69-45a9-9fa3-39079fb69985,a3a741f0-5056-4975-be0a-7c0ec0485585,76a49b14-4090-4af2-bbe1-0b4511ecfd1e,1627403916302,13.3841877,52.4554429,6.9225445,-0.7455748,1.5783572,-1.3139181,on bike mount,cyclo cross,False,mixed,mixed
159ca764-8e69-45a9-9fa3-39079fb69985,a3a741f0-5056-4975-be0a-7c0ec0485585,4ac943df-dcf4-4db7-afbd-ef5259427f8e,1627403916353,13.3841877,52.4554429,6.9225445,-1.2178903,-4.970908,3.8448505,on bike mount,cyclo cross,False,mixed,mixed
159ca764-8e69-45a9-9fa3-39079fb69985,a3a741f0-5056-4975-be0a-7c0ec0485585,fdc2ae79-72a8-45a0-84ab-ec88c30e458b,1627403916404,13.3841877,52.4554429,6.9225445,-1.5960085,-0.631099,1.550354,on bike mount,cyclo cross,False,mixed,mixed
159ca764-8e69-45a9-9fa3-39079fb69985,a3a741f0-5056-4975-be0a-7c0ec0485585,7d419dbe-8242-4b2c-86ea-4af38f53e9c0,1627403916454,13.3841877,52.4554429,6.9225445,-0.7597928,-1.6630156,2.864706,on bike mount,cyclo cross,False,mixed,mixed
159ca764-8e69-45a9-9fa3-39079fb69985,a3a741f0-5056-4975-be0a-7c0ec0485585,d4d0ef01-82bd-4e99-aee6-294e98c9b9df,1627403916504,13.3841877,52.4554429,6.9225445,-1.1800272,-8.696059,12.112865,on bike mount,cyclo cross,False,mixed,mixed
159ca764-8e69-45a9-9fa3-39079fb69985,a3a741f0-5056-4975-be0a-7c0ec0485585,544b1337-4267-44ea-81bf-43a333013c73,1627403916554,13.3841877,52.4554429,6.9225445,-0.88092923,4.1889486,-7.357351,on bike mount,cyclo cross,False,mixed,mixed
159ca764-8e69-45a9-9fa3-39079fb69985,a3a741f0-5056-4975-be0a-7c0ec0485585,8c011166-378a-4e5b-bcf8-ff9877a1353d,1627403916603,13.3841877,52.4554429,6.9225445,-2.7973936,5.057728,-1.4739857,on bike mount,cyclo cross,False,mixed,mixed
159ca764-8e69-45a9-9fa3-39079fb69985,a3a741f0-5056-4975-be0a-7c0ec0485585,c373f17c-4406-47a5-a59c-0d7c1252dde3,1627403916653,13.3841877,52.4554429,6.9225445,2.546373,-1.6481184,-4.3005905,on bike mount,cyclo cross,False,mixed,mixed
159ca764-8e69-45a9-9fa3-39079fb69985,a3a741f0-5056-4975-be0a-7c0ec0485585,b3b0018b-bcdc-44fc-ba6e-3e5b7f686455,1627403916703,13.3841877,52.4554429,6.9225445,4.1097965,-13.674223,9.196381,on bike mount,cyclo cross,False,mixed,mixed
159ca764-8e69-45a9-9fa3-39079fb69985,a3a741f0-5056-4975-be0a-7c0ec0485585,c1e648ba-91ac-4760-af42-6df0cbe63970,1627403916754,13.3841877,52.4554429,6.9225445,5.784176,2.5897512,-1.8016739,on bike mount,cyclo cross,False,mixed,mixed
159ca764-8e69-45a9-9fa3-39079fb69985,a3a741f0-5056-4975-be0a-7c0ec0485585,e6dae31a-43f7-492d-9dfb-a5c1a1360f5e,1627403916803,13.3841877,52.4554429,6.9225445,3.0528605,2.2711835,3.0988455,on bike mount,cyclo cross,False,mixed,mixed
159ca764-8e69-45a9-9fa3-39079fb69985,a3a741f0-5056-4975-be0a-7c0ec0485585,a54ec808-e481-4c93-a6a4-a6d41382db46,1627403916853,13.3841877,52.4554429,6.9225445,-0.3726046,-7.784056,0.7129755,on bike mount,cyclo cross,False,mixed,mixed
159ca764-8e69-45a9-9fa3-39079fb69985,a3a741f0-5056-4975-be0a-7c0ec0485585,e5b98b67-c70b-4db0-b316-491de99ad5f7,1627403916903,13.3841877,52.4554429,6.9225445,0.72040564,0.986784,-2.4709263,on bike mount,cyclo cross,False,mixed,mixed
159ca764-8e69-45a9-9fa3-39079fb69985,a3a741f0-5056-4975-be0a-7c0ec0485585,6293373e-3fed-4a26-8892-eee05eb0515f,1627403916954,13.3841877,52.4554429,6.9225445,4.316929,0.3716762,-0.43252563,on bike mount,cyclo cross,False,mixed,mixed
159ca764-8e69-45a9-9fa3-39079fb69985,a3a741f0-5056-4975-be0a-7c0ec0485585,d03fe85c-1745-400a-bbe0-5d38f4c81984,1627403917003,13.3841877,52.4554429,6.9225445,1.8227514,1.1395655,0.5319023,on bike mount,cyclo cross,False,mixed,mixed
159ca764-8e69-45a9-9fa3-39079fb69985,a3a741f0-5056-4975-be0a-7c0ec0485585,2c1efa65-9206-4314-a0ff-f9aa03c8b3dc,1627403917053,13.3841877,52.4554429,6.9225445,0.6150589,-3.3986285,1.1197958,on bike mount,cyclo cross,False,mixed,mixed
159ca764-8e69-45a9-9fa3-39079fb69985,a3a741f0-5056-4975-be0a-7c0ec0485585,c0f65e82-3d66-48fc-af77-ca5589a196a8,1627403917103,13.3841662,52.4555011,6.9133005,-0.60267353,0.6238954,-2.3367043,on bike mount,cyclo cross,False,mixed,mixed
159ca764-8e69-45a9-9fa3-39079fb69985,a3a741f0-5056-4975-be0a-7c0ec0485585,cb1e909c-08dc-484e-94bd-8fd8f8e6f851,1627403917153,13.3841662,52.4555011,6.9133005,0.70458245,-6.3095,-2.72689,on bike mount,cyclo cross,False,mixed,mixed
159ca764-8e69-45a9-9fa3-39079fb69985,a3a741f0-5056-4975-be0a-7c0ec0485585,ac79dc44-1c42-4cea-88b1-707d08543029,1627403917204,13.3841662,52.4555011,6.9133005,1.1983458,7.1979303,-15.717304,on bike mount,cyclo cross,False,mixed,mixed
159ca764-8e69-45a9-9fa3-39079fb69985,a3a741f0-5056-4975-be0a-7c0ec0485585,7aaf030c-aaf4-4869-89f8-2224e9fbf4fb,1627403917254,13.3841662,52.4555011,6.9133005,-2.8137164,-8.328217,2.300499,on bike mount,cyclo cross,False,mixed,mixed
159ca764-8e69-45a9-9fa3-39079fb69985,a3a741f0-5056-4975-be0a-7c0ec0485585,da593f94-c02c-43ba-b6a1-6434961afc7e,1627403917303,13.3841662,52.4555011,6.9133005,-1.7174525,-5.779546,-1.8937883,on bike mount,cyclo cross,False,mixed,mixed
159ca764-8e69-45a9-9fa3-39079fb69985,a3a741f0-5056-4975-be0a-7c0ec0485585,00710b60-aa70-424e-8a48-efa58881dec5,1627403917353,13.3841662,52.4555011,6.9133005,-0.17410791,8.40565,-3.2081013,on bike mount,cyclo cross,False,mixed,mixed
159ca764-8e69-45a9-9fa3-39079fb69985,a3a741f0-5056-4975-be0a-7c0ec0485585,cc941cd5-b70b-40f9-8108-86592e01ec8b,1627403917404,13.3841662,52.4555011,6.9133005,3.5025225,-26.057873,9.02841,on bike mount,cyclo cross,False,mixed,mixed
159ca764-8e69-45a9-9fa3-39079fb69985,a3a741f0-5056-4975-be0a-7c0ec0485585,3f34c7ff-4266-4cf1-ae40-2a8d9f252833,1627403917454,13.3841662,52.4555011,6.9133005,1.0698164,-7.46908,4.363244,on bike mount,cyclo cross,False,mixed,mixed
159ca764-8e69-45a9-9fa3-39079fb69985,a3a741f0-5056-4975-be0a-7c0ec0485585,38ba14e0-6c16-438c-8dad-79e94ac2f33d,1627403917505,13.3841662,52.4555011,6.9133005,0.37099147,-1.3532223,2.50737,on bike mount,cyclo cross,False,mixed,mixed
159ca764-8e69-45a9-9fa3-39079fb69985,a3a741f0-5056-4975-be0a-7c0ec0485585,3e982ac6-b544-400b-b76d-a616cc644edc,1627403917554,13.3841662,52.4555011,6.9133005,0.8855115,1.3182607,-8.800832,on bike mount,cyclo cross,False,mixed,mixed
159ca764-8e69-45a9-9fa3-39079fb69985,a3a741f0-5056-4975-be0a-7c0ec0485585,8c85393c-ba6b-4e57-81df-20a72c6f4f10,1627403917604,13.3841662,52.4555011,6.9133005,-1.3043978,-0.84203136,-3.8147345,on bike mount,cyclo cross,False,mixed,mixed
159ca764-8e69-45a9-9fa3-39079fb69985,a3a741f0-5056-4975-be0a-7c0ec0485585,37406d84-5b12-460f-99c4-03724acfa7c6,1627403917654,13.3841662,52.4555011,6.9133005,6.1245174,1.87866,3.6125765,on bike mount,cyclo cross,False,mixed,mixed
159ca764-8e69-45a9-9fa3-39079fb69985,a3a741f0-5056-4975-be0a-7c0ec0485585,4f3977ef-e293-41d4-a2c6-571eeaaa834a,1627403917704,13.3841662,52.4555011,6.9133005,5.529548,-0.41304636,0.9783983,on bike mount,cyclo cross,False,mixed,mixed
159ca764-8e69-45a9-9fa3-39079fb69985,e08ed661-73a4-4506-89e3-5d9b18b9e971,6d4eb21e-654a-458d-a7b8-7103eb531ec6,1627403917559,13.3841662,52.4555011,6.9133005,1.9451265,1.6865754,0.80473185,on bike mount,cyclo cross,False,mixed,mixed
159ca764-8e69-45a9-9fa3-39079fb69985,e08ed661-73a4-4506-89e3-5d9b18b9e971,55d17aff-c986-4b6a-b30d-142dead0e05e,1627403917609,13.3841662,52.4555011,6.9133005,-0.6458688,-1.1608653,-1.6236029,on bike mount,cyclo cross,False,mixed,mixed
159ca764-8e69-45a9-9fa3-39079fb69985,e08ed661-73a4-4506-89e3-5d9b18b9e971,2a8590c3-249c-495f-8e66-9bebea7f6179,1627403917658,13.3841662,52.4555011,6.9133005,5.1328864,-11.382174,-20.623728,on bike mount,cyclo cross,False,mixed,mixed
159ca764-8e69-45a9-9fa3-39079fb69985,e08ed661-73a4-4506-89e3-5d9b18b9e971,580fdff3-ea0a-41e8-a87f-56602c43370c,1627403917708,13.3841662,52.4555011,6.9133005,5.036881,-2.1102777,7.961009,on bike mount,cyclo cross,False,mixed,mixed
159ca764-8e69-45a9-9fa3-39079fb69985,e08ed661-73a4-4506-89e3-5d9b18b9e971,f0ab6897-2224-47dc-9be5-acf3d9e8a69c,1627403917758,13.3841662,52.4555011,6.9133005,1.9109209,-10.711737,0.5366783,on bike mount,cyclo cross,False,mixed,mixed
159ca764-8e69-45a9-9fa3-39079fb69985,e08ed661-73a4-4506-89e3-5d9b18b9e971,a8ab1203-bd68-4ea0-983f-8ab7675cd720,1627403917808,13.3841662,52.4555011,6.9133005,1.5131023,2.1544948,-7.1656785,on bike mount,cyclo cross,False,mixed,mixed
159ca764-8e69-45a9-9fa3-39079fb69985,e08ed661-73a4-4506-89e3-5d9b18b9e971,2891e0c1-b4ce-4e38-b9df-4d244ca32502,1627403917858,13.3841662,52.4555011,6.9133005,1.1958259,2.6144476,-0.34308052,on bike mount,cyclo cross,False,mixed,mixed
159ca764-8e69-45a9-9fa3-39079fb69985,e08ed661-73a4-4506-89e3-5d9b18b9e971,482fd09c-a437-4ab3-ac34-ce9cc90b50dc,1627403917908,13.3841662,52.4555011,6.9133005,1.7041173,-0.22135973,2.229597,on bike mount,cyclo cross,False,mixed,mixed
159ca764-8e69-45a9-9fa3-39079fb69985,e08ed661-73a4-4506-89e3-5d9b18b9e971,b2e9e471-60a7-4d76-99a5-91ccd0daca51,1627403917958,13.3841662,52.4555011,6.9133005,0.3840288,1.0957308,0.74605465,on bike mount,cyclo cross,False,mixed,mixed
159ca764-8e69-45a9-9fa3-39079fb69985,e08ed661-73a4-4506-89e3-5d9b18b9e971,dcf4b92a-af04-41ba-868b-3f9b3436e037,1627403918018,13.3841662,52.4555011,6.9133005,1.2892506,2.6174011,-1.4408302,on bike mount,cyclo cross,False,mixed,mixed
159ca764-8e69-45a9-9fa3-39079fb69985,e08ed661-73a4-4506-89e3-5d9b18b9e971,8b7acb95-95d3-46a4-b477-31446c356cfc,1627403918068,13.3841662,52.4555011,6.9133005,4.6447363,0.012768269,0.33616638,on bike mount,cyclo cross,False,mixed,mixed
159ca764-8e69-45a9-9fa3-39079fb69985,e08ed661-73a4-4506-89e3-5d9b18b9e971,00beafa9-93ff-4ca7-9798-3071a103c7c6,1627403918119,13.3841385,52.4555554,6.894796,-1.6695387,0.82450414,0.8718929,on bike mount,cyclo cross,False,mixed,mixed
159ca764-8e69-45a9-9fa3-39079fb69985,e08ed661-73a4-4506-89e3-5d9b18b9e971,69b63518-8e7d-4401-aff2-1a12208089da,1627403918170,13.3841385,52.4555554,6.894796,4.1936736,-1.7174816,2.86553,on bike mount,cyclo cross,False,mixed,mixed
159ca764-8e69-45a9-9fa3-39079fb69985,e08ed661-73a4-4506-89e3-5d9b18b9e971,0096a4ec-9a6d-4a45-9f04-026e10ed1abf,1627403918220,13.3841385,52.4555554,6.894796,2.490036,-0.65295076,4.8429785,on bike mount,cyclo cross,False,mixed,mixed
159ca764-8e69-45a9-9fa3-39079fb69985,e08ed661-73a4-4506-89e3-5d9b18b9e971,51431770-5d7c-41d4-a7e2-0ab8c8c805f0,1627403918270,13.3841385,52.4555554,6.894796,-0.9223814,4.0516148,1.8998737,on bike mount,cyclo cross,False,mixed,mixed
159ca764-8e69-45a9-9fa3-39079fb69985,e08ed661-73a4-4506-89e3-5d9b18b9e971,1b624f76-8a93-4065-8911-c9c890eb9abd,1627403918320,13.3841385,52.4555554,6.894796,-1.3420755,0.79376364,2.017416,on bike mount,cyclo cross,False,mixed,mixed
159ca764-8e69-45a9-9fa3-39079fb69985,e08ed661-73a4-4506-89e3-5d9b18b9e971,fc6587aa-e786-4335-8ffb-174a33b79d65,1627403918370,13.3841385,52.4555554,6.894796,-0.5996651,5.3091035,-0.35834122,on bike mount,cyclo cross,False,mixed,mixed
159ca764-8e69-45a9-9fa3-39079fb69985,e08ed661-73a4-4506-89e3-5d9b18b9e971,92ddf4e0-8711-4ea9-8e69-820c793aaa77,1627403918421,13.3841385,52.4555554,6.894796,-1.8705512,3.9889326,-0.14242744,on bike mount,cyclo cross,False,mixed,mixed
159ca764-8e69-45a9-9fa3-39079fb69985,e08ed661-73a4-4506-89e3-5d9b18b9e971,94debb9d-96da-4575-abdf-015b76d3e3ae,1627403918471,13.3841385,52.4555554,6.894796,-2.6743479,6.2260447,0.68299675,on bike mount,cyclo cross,False,mixed,mixed
159ca764-8e69-45a9-9fa3-39079fb69985,e08ed661-73a4-4506-89e3-5d9b18b9e971,2d3a054a-7579-4d62-99b4-1850148edd6d,1627403918522,13.3841385,52.4555554,6.894796,-0.3097515,-1.4258873,-0.8790598,on bike mount,cyclo cross,False,mixed,mixed
159ca764-8e69-45a9-9fa3-39079fb69985,e08ed661-73a4-4506-89e3-5d9b18b9e971,71dfa56d-aaa8-475f-8c17-ebf1ff918a3d,1627403918573,13.3841385,52.4555554,6.894796,3.0030136,-2.5388696,-0.47285938,on bike mount,cyclo cross,False,mixed,mixed
159ca764-8e69-45a9-9fa3-39079fb69985,e08ed661-73a4-4506-89e3-5d9b18b9e971,f1fa6681-d916-41a9-a331-6c61d76f8835,1627403918623,13.3841385,52.4555554,6.894796,-3.5921822,2.5748014,-4.415492,on bike mount,cyclo cross,False,mixed,mixed
159ca764-8e69-45a9-9fa3-39079fb69985,e08ed661-73a4-4506-89e3-5d9b18b9e971,144619db-d020-4b04-bbd3-9c9cb8ceb082,1627403918673,13.3841385,52.4555554,6.894796,1.2625703,0.82480145,-0.08217335,on bike mount,cyclo cross,False,mixed,mixed
159ca764-8e69-45a9-9fa3-39079fb69985,e08ed661-73a4-4506-89e3-5d9b18b9e971,e739e565-0849-4486-90a5-d8bfab74638c,1627403918723,13.3841385,52.4555554,6.894796,-0.033829972,0.2599013,0.5840883,on bike mount,cyclo cross,False,mixed,mixed
159ca764-8e69-45a9-9fa3-39079fb69985,e08ed661-73a4-4506-89e3-5d9b18b9e971,6ba714aa-42cb-4145-85c4-f25b4abb7955,1627403918774,13.3841385,52.4555554,6.894796,1.1091963,-0.972891,1.126687,on bike mount,cyclo cross,False,mixed,mixed
159ca764-8e69-45a9-9fa3-39079fb69985,e08ed661-73a4-4506-89e3-5d9b18b9e971,79ca8e6e-270a-40ad-88e9-29738bfa88ef,1627403918824,13.3841385,52.4555554,6.894796,2.1761177,-0.24329662,-1.2999296,on bike mount,cyclo cross,False,mixed,mixed
159ca764-8e69-45a9-9fa3-39079fb69985,e08ed661-73a4-4506-89e3-5d9b18b9e971,d3c75146-9566-48de-b925-3f37aabc0076,1627403918874,13.3841385,52.4555554,6.894796,-0.059619904,-1.8773634,1.2517347,on bike mount,cyclo cross,False,mixed,mixed
159ca764-8e69-45a9-9fa3-39079fb69985,e08ed661-73a4-4506-89e3-5d9b18b9e971,269bc5be-8cf6-4da8-a43a-5f1ae912eb6e,1627403918924,13.3841385,52.4555554,6.894796,-0.6483687,0.16465664,-1.2179728,on bike mount,cyclo cross,False,mixed,mixed
159ca764-8e69-45a9-9fa3-39079fb69985,e08ed661-73a4-4506-89e3-5d9b18b9e971,6b42a8c1-7f73-40a7-8c32-d82b0b0fbfaf,1627403918975,13.3841385,52.4555554,6.894796,-1.3302052,0.75259686,1.332696,on bike mount,cyclo cross,False,mixed,mixed
159ca764-8e69-45a9-9fa3-39079fb69985,e08ed661-73a4-4506-89e3-5d9b18b9e971,0e83a2c5-939c-4ad7-9e82-7fbeaa589f78,1627403919025,13.3841385,52.4555554,6.894796,0.5867938,0.97921276,1.4360638,on bike mount,cyclo cross,False,mixed,mixed
159ca764-8e69-45a9-9fa3-39079fb69985,e08ed661-73a4-4506-89e3-5d9b18b9e971,44b7e7f9-ee44-460f-a7d0-7127e6f8da21,1627403919074,13.3841385,52.4555554,6.894796,-1.4809636,2.7408075,-3.294639,on bike mount,cyclo cross,False,mixed,mixed
159ca764-8e69-45a9-9fa3-39079fb69985,e08ed661-73a4-4506-89e3-5d9b18b9e971,83eba6d5-22fc-405e-9fdd-067ba95a3893,1627403919124,13.3841251,52.4556195,6.916554,0.28423867,1.1640005,1.3190565,on bike mount,cyclo cross,False,mixed,mixed
159ca764-8e69-45a9-9fa3-39079fb69985,e08ed661-73a4-4506-89e3-5d9b18b9e971,42bcdd5f-8fcc-442e-8472-8711cd367533,1627403919174,13.3841251,52.4556195,6.916554,-0.9528402,-3.74749,0.8744087,on bike mount,cyclo cross,False,mixed,mixed
159ca764-8e69-45a9-9fa3-39079fb69985,e08ed661-73a4-4506-89e3-5d9b18b9e971,a6b52939-c787-44fd-b005-20506bee155b,1627403919224,13.3841251,52.4556195,6.916554,-2.0272014,1.0278904,-0.36473274,on bike mount,cyclo cross,False,mixed,mixed
159ca764-8e69-45a9-9fa3-39079fb69985,e08ed661-73a4-4506-89e3-5d9b18b9e971,184f5501-7d3e-45ec-81ff-e1a57e54d796,1627403919274,13.3841251,52.4556195,6.916554,0.23657602,2.058786,0.51164913,on bike mount,cyclo cross,False,mixed,mixed
159ca764-8e69-45a9-9fa3-39079fb69985,e08ed661-73a4-4506-89e3-5d9b18b9e971,c979aa88-b8f7-42a5-a2af-e4fc0c4a51fc,1627403919324,13.3841251,52.4556195,6.916554,0.8626399,0.79151034,1.3955259,on bike mount,cyclo cross,False,mixed,mixed
159ca764-8e69-45a9-9fa3-39079fb69985,e08ed661-73a4-4506-89e3-5d9b18b9e971,b777dbe0-bc6e-494e-9c36-de643b1e9300,1627403919375,13.3841251,52.4556195,6.916554,-0.5919281,0.18331265,-0.8751993,on bike mount,cyclo cross,False,mixed,mixed
159ca764-8e69-45a9-9fa3-39079fb69985,e08ed661-73a4-4506-89e3-5d9b18b9e971,4533fce8-eecd-4d16-acd2-5f8f19981dd3,1627403919425,13.3841251,52.4556195,6.916554,-0.09023628,-0.044565916,0.7612629,on bike mount,cyclo cross,False,mixed,mixed
159ca764-8e69-45a9-9fa3-39079fb69985,e08ed661-73a4-4506-89e3-5d9b18b9e971,64350f0f-30aa-4bd0-81aa-5841350bd99c,1627403919476,13.3841251,52.4556195,6.916554,-2.5781665,-0.54446864,-0.101483345,on bike mount,cyclo cross,False,mixed,mixed
159ca764-8e69-45a9-9fa3-39079fb69985,e08ed661-73a4-4506-89e3-5d9b18b9e971,b4ce60a7-6be4-40ea-b1b5-0bd69cef25d3,1627403919526,13.3841251,52.4556195,6.916554,-2.6341908,3.4257264,-0.7612896,on bike mount,cyclo cross,False,mixed,mixed
159ca764-8e69-45a9-9fa3-39079fb69985,e08ed661-73a4-4506-89e3-5d9b18b9e971,9daefe0a-bf53-45d5-84f6-50222f822a8a,1627403919576,13.3841251,52.4556195,6.916554,0.11027833,-0.19143105,0.73761845,on bike mount,cyclo cross,False,mixed,mixed
159ca764-8e69-45a9-9fa3-39079fb69985,e08ed661-73a4-4506-89e3-5d9b18b9e971,f8e37c4a-1fd2-4f19-bf53-afa9e9676518,1627403919626,13.3841251,52.4556195,6.916554,-0.47997156,-2.706794,2.1591883,on bike mount,cyclo cross,False,mixed,mixed
159ca764-8e69-45a9-9fa3-39079fb69985,e08ed661-73a4-4506-89e3-5d9b18b9e971,aae71e9b-8a24-40f0-8e70-3b1c6d37994d,1627403919677,13.3841251,52.4556195,6.916554,0.60887396,0.13153934,-0.15236092,on bike mount,cyclo cross,False,mixed,mixed
159ca764-8e69-45a9-9fa3-39079fb69985,e08ed661-73a4-4506-89e3-5d9b18b9e971,401480fd-6108-4c20-b9ad-7a6f519b2327,1627403919727,13.3841251,52.4556195,6.916554,-0.2638697,-0.8987174,5.258423,on bike mount,cyclo cross,False,mixed,mixed
159ca764-8e69-45a9-9fa3-39079fb69985,e08ed661-73a4-4506-89e3-5d9b18b9e971,1a4d9831-6291-490c-b56c-cedd4703220f,1627403919776,13.3841251,52.4556195,6.916554,-1.1928563,1.6813765,-4.4132967,on bike mount,cyclo cross,False,mixed,mixed
159ca764-8e69-45a9-9fa3-39079fb69985,e08ed661-73a4-4506-89e3-5d9b18b9e971,b02b3151-4a23-4565-a931-2e842cdda710,1627403919826,13.3841251,52.4556195,6.916554,3.913869,-0.8155818,5.7203417,on bike mount,cyclo cross,False,mixed,mixed
159ca764-8e69-45a9-9fa3-39079fb69985,e08ed661-73a4-4506-89e3-5d9b18b9e971,189e5629-a46f-4a27-a266-71e049d7af28,1627403919876,13.3841251,52.4556195,6.916554,-4.9405813,4.4661317,1.6855106,on bike mount,cyclo cross,False,mixed,mixed
159ca764-8e69-45a9-9fa3-39079fb69985,e08ed661-73a4-4506-89e3-5d9b18b9e971,d77d7d47-8258-4cd5-90f1-5d3667e3de57,1627403919927,13.3841251,52.4556195,6.916554,-1.1728373,-0.7610624,0.53788376,on bike mount,cyclo cross,False,mixed,mixed
159ca764-8e69-45a9-9fa3-39079fb69985,e08ed661-73a4-4506-89e3-5d9b18b9e971,806d1176-2bd1-436b-ba06-baf188824046,1627403919977,13.3841251,52.4556195,6.916554,-0.03716758,-1.7213225,0.5301409,on bike mount,cyclo cross,False,mixed,mixed
159ca764-8e69-45a9-9fa3-39079fb69985,e08ed661-73a4-4506-89e3-5d9b18b9e971,ad1f7202-f1a7-4fa3-8d26-c6e7eca55878,1627403920027,13.3841251,52.4556195,6.916554,-1.5272309,-0.5362253,0.2055912,on bike mount,cyclo cross,False,mixed,mixed
159ca764-8e69-45a9-9fa3-39079fb69985,e08ed661-73a4-4506-89e3-5d9b18b9e971,3e6966ba-a1df-4616-9569-cf79617c3f55,1627403920076,13.3841251,52.4556195,6.916554,2.4451826,-2.1429894,2.8509245,on bike mount,cyclo cross,False,mixed,mixed
159ca764-8e69-45a9-9fa3-39079fb69985,e08ed661-73a4-4506-89e3-5d9b18b9e971,10fb434f-d5b7-449f-9e30-1eb84ec2c829,1627403920126,13.3841093,52.4556806,6.9242067,0.18363501,0.35925508,-3.178196,on bike mount,cyclo cross,False,mixed,mixed
159ca764-8e69-45a9-9fa3-39079fb69985,e08ed661-73a4-4506-89e3-5d9b18b9e971,c8ccebfb-068d-4d39-a8ff-1c772592bb74,1627403920177,13.3841093,52.4556806,6.9242067,3.2709951,-2.796367,0.657424,on bike mount,cyclo cross,False,mixed,mixed
159ca764-8e69-45a9-9fa3-39079fb69985,e08ed661-73a4-4506-89e3-5d9b18b9e971,4a95555a-015f-4192-aa8c-25422310ef82,1627403920227,13.3841093,52.4556806,6.9242067,-1.2991941,0.031433582,-0.4463911,on bike mount,cyclo cross,False,mixed,mixed
159ca764-8e69-45a9-9fa3-39079fb69985,e08ed661-73a4-4506-89e3-5d9b18b9e971,5dbec1de-84aa-476f-b0e2-572ad64a9189,1627403920277,13.3841093,52.4556806,6.9242067,1.1642861,-0.7929654,-0.95625305,on bike mount,cyclo cross,False,mixed,mixed
159ca764-8e69-45a9-9fa3-39079fb69985,e08ed661-73a4-4506-89e3-5d9b18b9e971,f49a26e3-36bc-4f0f-87da-4e9cb8155ce7,1627403920326,13.3841093,52.4556806,6.9242067,1.3709501,0.27600503,1.9864082,on bike mount,cyclo cross,False,mixed,mixed
159ca764-8e69-45a9-9fa3-39079fb69985,e08ed661-73a4-4506-89e3-5d9b18b9e971,df35b361-ed39-4a46-ae2a-9af0e880eb18,1627403920376,13.3841093,52.4556806,6.9242067,2.236018,-1.1259599,1.4716845,on bike mount,cyclo cross,False,mixed,mixed
159ca764-8e69-45a9-9fa3-39079fb69985,e08ed661-73a4-4506-89e3-5d9b18b9e971,430e786f-467a-416e-adb1-79b4803049ff,1627403920427,13.3841093,52.4556806,6.9242067,0.6215091,0.8658633,-5.527729,on bike mount,cyclo cross,False,mixed,mixed
159ca764-8e69-45a9-9fa3-39079fb69985,e08ed661-73a4-4506-89e3-5d9b18b9e971,a852e21d-71b0-4a7b-8ce8-594baa562a93,1627403920477,13.3841093,52.4556806,6.9242067,5.1524925,-3.5785906,3.7643156,on bike mount,cyclo cross,False,mixed,mixed
159ca764-8e69-45a9-9fa3-39079fb69985,e08ed661-73a4-4506-89e3-5d9b18b9e971,2df8a037-5c5b-4753-925a-25ce80eb50fd,1627403920527,13.3841093,52.4556806,6.9242067,-2.7761374,1.6334815,-7.8469133,on bike mount,cyclo cross,False,mixed,mixed
159ca764-8e69-45a9-9fa3-39079fb69985,e08ed661-73a4-4506-89e3-5d9b18b9e971,a78fdced-cc47-46a4-a822-068730b04df7,1627403920576,13.3841093,52.4556806,6.9242067,4.4127016,-5.1776133,0.6795006,on bike mount,cyclo cross,False,mixed,mixed
159ca764-8e69-45a9-9fa3-39079fb69985,e08ed661-73a4-4506-89e3-5d9b18b9e971,e1867519-4b86-46b6-bf41-4890634583c3,1627403920626,13.3841093,52.4556806,6.9242067,-0.9725425,0.29942775,1.2925377,on bike mount,cyclo cross,False,mixed,mixed
159ca764-8e69-45a9-9fa3-39079fb69985,e08ed661-73a4-4506-89e3-5d9b18b9e971,5511ae30-1414-442a-943d-188e1a52bea0,1627403920676,13.3841093,52.4556806,6.9242067,0.8447727,3.350134,2.1232443,on bike mount,cyclo cross,False,mixed,mixed
159ca764-8e69-45a9-9fa3-39079fb69985,e08ed661-73a4-4506-89e3-5d9b18b9e971,fd6a1ce4-aaed-4f23-a9f9-2a6eaf59e13d,1627403920725,13.3841093,52.4556806,6.9242067,-2.1013453,4.440524,-2.8561559,on bike mount,cyclo cross,False,mixed,mixed
159ca764-8e69-45a9-9fa3-39079fb69985,e08ed661-73a4-4506-89e3-5d9b18b9e971,8cca3f88-ed40-4b97-8599-d6a5a74bb755,1627403920780,13.3841093,52.4556806,6.9242067,5.1067944,-6.915068,0.22746181,on bike mount,cyclo cross,False,mixed,mixed
159ca764-8e69-45a9-9fa3-39079fb69985,e08ed661-73a4-4506-89e3-5d9b18b9e971,92505297-5073-4424-a63e-137e47c4d728,1627403920829,13.3841093,52.4556806,6.9242067,-3.8266354,1.431843,-0.2755928,on bike mount,cyclo cross,False,mixed,mixed
159ca764-8e69-45a9-9fa3-39079fb69985,e08ed661-73a4-4506-89e3-5d9b18b9e971,1da9fcc9-2b4d-441d-9a42-36e4c5cad915,1627403920878,13.3841093,52.4556806,6.9242067,0.22141919,-0.34527135,3.1022272,on bike mount,cyclo cross,False,mixed,mixed
159ca764-8e69-45a9-9fa3-39079fb69985,e08ed661-73a4-4506-89e3-5d9b18b9e971,259c3622-3360-4cd9-9123-d5c90b8aadfe,1627403920927,13.3841093,52.4556806,6.9242067,0.7018217,0.031446695,-1.253478,on bike mount,cyclo cross,False,mixed,mixed
159ca764-8e69-45a9-9fa3-39079fb69985,e08ed661-73a4-4506-89e3-5d9b18b9e971,c89cd9ae-398c-4b56-9ca0-32ae57a1f13c,1627403920977,13.3841093,52.4556806,6.9242067,-0.15452275,-2.1545262,1.9267912,on bike mount,cyclo cross,False,mixed,mixed
159ca764-8e69-45a9-9fa3-39079fb69985,e08ed661-73a4-4506-89e3-5d9b18b9e971,eabff96e-6483-45fa-820e-9b919b5ed9dd,1627403921031,13.3841093,52.4556806,6.9242067,-2.9544075,1.4316726,-2.7238998,on bike mount,cyclo cross,False,mixed,mixed
159ca764-8e69-45a9-9fa3-39079fb69985,e08ed661-73a4-4506-89e3-5d9b18b9e971,0ccc0793-236c-4aef-a150-17abeb45150f,1627403921081,13.3841093,52.4556806,6.9242067,1.3419726,-1.7894188,2.3627987,on bike mount,cyclo cross,False,mixed,mixed
159ca764-8e69-45a9-9fa3-39079fb69985,e08ed661-73a4-4506-89e3-5d9b18b9e971,c4888aba-25c2-4648-a0f9-58a8e32d7e5c,1627403921131,13.3840993,52.455742,6.932214,0.0188694,-1.3934239,-1.7037687,on bike mount,cyclo cross,False,mixed,mixed
159ca764-8e69-45a9-9fa3-39079fb69985,e08ed661-73a4-4506-89e3-5d9b18b9e971,5d725be1-56c2-489d-b81a-328a412949e3,1627403921180,13.3840993,52.455742,6.932214,-2.2686489,0.055814266,-4.026226,on bike mount,cyclo cross,False,mixed,mixed
159ca764-8e69-45a9-9fa3-39079fb69985,e08ed661-73a4-4506-89e3-5d9b18b9e971,85865f1b-42e6-4baf-9dc1-bdd794d62ecf,1627403921231,13.3840993,52.455742,6.932214,0.63320607,-1.3071436,0.997942,on bike mount,cyclo cross,False,mixed,mixed
159ca764-8e69-45a9-9fa3-39079fb69985,e08ed661-73a4-4506-89e3-5d9b18b9e971,bce39717-04ba-4cc2-94c8-cea682876ff3,1627403921281,13.3840993,52.455742,6.932214,-0.76987576,0.27454042,1.4001427,on bike mount,cyclo cross,False,mixed,mixed
159ca764-8e69-45a9-9fa3-39079fb69985,e08ed661-73a4-4506-89e3-5d9b18b9e971,412e0364-8363-4bb0-a909-6f8239dc37df,1627403921331,13.3840993,52.455742,6.932214,-0.8803802,-2.7802272,1.8557129,on bike mount,cyclo cross,False,mixed,mixed
159ca764-8e69-45a9-9fa3-39079fb69985,e08ed661-73a4-4506-89e3-5d9b18b9e971,abc6721f-0e4e-4f78-9f0e-083f47428e3f,1627403921380,13.3840993,52.455742,6.932214,-3.7184923,3.1155071,1.7873306,on bike mount,cyclo cross,False,mixed,mixed
159ca764-8e69-45a9-9fa3-39079fb69985,e08ed661-73a4-4506-89e3-5d9b18b9e971,7732578b-fb97-4b40-8900-f5b57b6a1ee4,1627403921430,13.3840993,52.455742,6.932214,-0.899616,1.003829,-0.37288952,on bike mount,cyclo cross,False,mixed,mixed
159ca764-8e69-45a9-9fa3-39079fb69985,e08ed661-73a4-4506-89e3-5d9b18b9e971,93d657a6-6139-48bb-8832-adf32d3a689c,1627403921481,13.3840993,52.455742,6.932214,1.2570386,1.9235837,-3.8631668,on bike mount,cyclo cross,False,mixed,mixed
159ca764-8e69-45a9-9fa3-39079fb69985,e08ed661-73a4-4506-89e3-5d9b18b9e971,0137e338-fb6b-409f-ad7b-47b525ed9626,1627403921531,13.3840993,52.455742,6.932214,-0.14327255,0.93707633,-1.0955873,on bike mount,cyclo cross,False,mixed,mixed
159ca764-8e69-45a9-9fa3-39079fb69985,e08ed661-73a4-4506-89e3-5d9b18b9e971,edc7e019-a874-4f7d-9b89-122d76d6d917,1627403921581,13.3840993,52.455742,6.932214,0.2563119,0.27053142,1.5637064,on bike mount,cyclo cross,False,mixed,mixed
159ca764-8e69-45a9-9fa3-39079fb69985,e08ed661-73a4-4506-89e3-5d9b18b9e971,3ef9ff46-51df-4171-99e6-5bda04f3d560,1627403921631,13.3840993,52.455742,6.932214,-0.76568735,-1.5942123,1.0565519,on bike mount,cyclo cross,False,mixed,mixed
159ca764-8e69-45a9-9fa3-39079fb69985,e08ed661-73a4-4506-89e3-5d9b18b9e971,2ca7981e-a85d-46ee-a132-d658e863d9e3,1627403921682,13.3840993,52.455742,6.932214,1.5501168,0.23697567,-1.0380001,on bike mount,cyclo cross,False,mixed,mixed
159ca764-8e69-45a9-9fa3-39079fb69985,e08ed661-73a4-4506-89e3-5d9b18b9e971,3922c8b4-a51d-484c-a5da-cc38bbce6e3d,1627403921732,13.3840993,52.455742,6.932214,-1.4400222,1.0797286,-2.1460128,on bike mount,cyclo cross,False,mixed,mixed
159ca764-8e69-45a9-9fa3-39079fb69985,e08ed661-73a4-4506-89e3-5d9b18b9e971,fa9ee42d-fad2-4004-a212-c8a4c66c5f11,1627403921797,13.3840993,52.455742,6.932214,0.08862464,-1.0278013,0.12822056,on bike mount,cyclo cross,False,mixed,mixed
159ca764-8e69-45a9-9fa3-39079fb69985,e08ed661-73a4-4506-89e3-5d9b18b9e971,8e7958fd-bf18-4be9-8f95-57bee77ee4c8,1627403921847,13.3840993,52.455742,6.932214,-1.2868806,5.1643257,-3.3399262,on bike mount,cyclo cross,False,mixed,mixed
159ca764-8e69-45a9-9fa3-39079fb69985,e08ed661-73a4-4506-89e3-5d9b18b9e971,f121b5f2-6eac-4ea5-a05e-03a0914cc379,1627403921897,13.3840993,52.455742,6.932214,1.4172713,-2.1337621,4.5493593,on bike mount,cyclo cross,False,mixed,mixed
159ca764-8e69-45a9-9fa3-39079fb69985,e08ed661-73a4-4506-89e3-5d9b18b9e971,7ec26842-abd9-4705-a232-9bd370f73edf,1627403921947,13.3840993,52.455742,6.932214,0.3919866,-0.108068705,-0.2920723,on bike mount,cyclo cross,False,mixed,mixed
159ca764-8e69-45a9-9fa3-39079fb69985,e08ed661-73a4-4506-89e3-5d9b18b9e971,88730cc6-94ca-4785-8863-4f3ac9a484f7,1627403921996,13.3840993,52.455742,6.932214,-0.74316525,-3.238676,-0.22793579,on bike mount,cyclo cross,False,mixed,mixed
159ca764-8e69-45a9-9fa3-39079fb69985,e08ed661-73a4-4506-89e3-5d9b18b9e971,8de8bf41-c94d-4b75-bcb4-760f22ae4afa,1627403922053,13.3840993,52.455742,6.932214,-1.1350663,-0.76020026,-0.16907597,on bike mount,cyclo cross,False,mixed,mixed
159ca764-8e69-45a9-9fa3-39079fb69985,e08ed661-73a4-4506-89e3-5d9b18b9e971,4e26c011-702e-42bc-b400-9473c2d30eb9,1627403922104,13.3840922,52.4558042,6.9366474,-0.0030632615,-0.74786663,-0.13950825,on bike mount,cyclo cross,False,mixed,mixed
159ca764-8e69-45a9-9fa3-39079fb69985,e08ed661-73a4-4506-89e3-5d9b18b9e971,ecab5b03-6553-43d4-8ace-911f4a8a7a06,1627403922154,13.3840922,52.4558042,6.9366474,-1.1997238,1.5440493,1.1420431,on bike mount,cyclo cross,False,mixed,mixed
159ca764-8e69-45a9-9fa3-39079fb69985,e08ed661-73a4-4506-89e3-5d9b18b9e971,a288cec5-b7b1-4fdf-a552-592b6c4480a8,1627403922204,13.3840922,52.4558042,6.9366474,-1.0560769,0.22067189,-0.8611908,on bike mount,cyclo cross,False,mixed,mixed
159ca764-8e69-45a9-9fa3-39079fb69985,e08ed661-73a4-4506-89e3-5d9b18b9e971,27e03eaf-c5f2-4a49-801b-65e5e524d02a,1627403922255,13.3840922,52.4558042,6.9366474,0.5373161,-9.649963,15.695793,on bike mount,cyclo cross,False,mixed,mixed
159ca764-8e69-45a9-9fa3-39079fb69985,e08ed661-73a4-4506-89e3-5d9b18b9e971,214daad8-3fdd-40b0-b69f-d44cc7b28ddd,1627403922304,13.3840922,52.4558042,6.9366474,-0.30707562,-3.1708584,8.768166,on bike mount,cyclo cross,False,mixed,mixed
159ca764-8e69-45a9-9fa3-39079fb69985,e08ed661-73a4-4506-89e3-5d9b18b9e971,c6ffd1ce-f6a4-4f1e-ac2a-cf8c8a50a563,1627403922354,13.3840922,52.4558042,6.9366474,-2.4165926,-0.67437506,-7.6537657,on bike mount,cyclo cross,False,mixed,mixed
159ca764-8e69-45a9-9fa3-39079fb69985,e08ed661-73a4-4506-89e3-5d9b18b9e971,af33b015-3094-40c1-b641-ad5a8d06c526,1627403922405,13.3840922,52.4558042,6.9366474,15.846528,-6.323328,8.299506,on bike mount,cyclo cross,False,mixed,mixed
159ca764-8e69-45a9-9fa3-39079fb69985,e08ed661-73a4-4506-89e3-5d9b18b9e971,aa06021a-f172-45d9-9494-6c37fdc4e921,1627403922455,13.3840922,52.4558042,6.9366474,-4.20697,8.429209,1.1694822,on bike mount,cyclo cross,False,mixed,mixed
159ca764-8e69-45a9-9fa3-39079fb69985,e08ed661-73a4-4506-89e3-5d9b18b9e971,b0bd418e-8e8d-4eb6-803c-fe3aac107dd1,1627403922505,13.3840922,52.4558042,6.9366474,-2.0983987,1.2375028,-9.861032,on bike mount,cyclo cross,False,mixed,mixed
159ca764-8e69-45a9-9fa3-39079fb69985,e08ed661-73a4-4506-89e3-5d9b18b9e971,90c1385f-f5b4-4cb6-8740-c3a367348936,1627403922556,13.3840922,52.4558042,6.9366474,1.5499496,10.761327,1.7751112,on bike mount,cyclo cross,False,mixed,mixed
159ca764-8e69-45a9-9fa3-39079fb69985,e08ed661-73a4-4506-89e3-5d9b18b9e971,f2924a48-2017-455d-a55d-cb403f3d1ba1,1627403922606,13.3840922,52.4558042,6.9366474,-0.95432675,-5.7872734,2.468133,on bike mount,cyclo cross,False,mixed,mixed
159ca764-8e69-45a9-9fa3-39079fb69985,e08ed661-73a4-4506-89e3-5d9b18b9e971,b4ee4a75-736f-451b-a9d7-61fe778084b0,1627403922656,13.3840922,52.4558042,6.9366474,1.3127005,-8.964486,-1.5680199,on bike mount,cyclo cross,False,mixed,mixed
159ca764-8e69-45a9-9fa3-39079fb69985,e08ed661-73a4-4506-89e3-5d9b18b9e971,a46f5651-cd56-4510-b3d8-67e184378c10,1627403922706,13.3840922,52.4558042,6.9366474,1.3723948,-1.7779307,-1.1257806,on bike mount,cyclo cross,False,mixed,mixed
159ca764-8e69-45a9-9fa3-39079fb69985,e08ed661-73a4-4506-89e3-5d9b18b9e971,2b3f86c2-9658-41b8-a59b-89eae934ce26,1627403922756,13.3840922,52.4558042,6.9366474,1.2966461,0.06328201,1.7098894,on bike mount,cyclo cross,False,mixed,mixed
159ca764-8e69-45a9-9fa3-39079fb69985,e08ed661-73a4-4506-89e3-5d9b18b9e971,65d96885-525f-4518-bf02-940fd2240dd5,1627403922807,13.3840922,52.4558042,6.9366474,0.2516383,0.5675769,0.6966715,on bike mount,cyclo cross,False,mixed,mixed
159ca764-8e69-45a9-9fa3-39079fb69985,e08ed661-73a4-4506-89e3-5d9b18b9e971,f133cd92-a3f4-4225-a0bf-bd734f5a1a6a,1627403922857,13.3840922,52.4558042,6.9366474,0.3508995,-1.0020955,0.46333408,on bike mount,cyclo cross,False,mixed,mixed
159ca764-8e69-45a9-9fa3-39079fb69985,e08ed661-73a4-4506-89e3-5d9b18b9e971,f1b72531-6da4-4a65-8e4e-993fb0343ed0,1627403922907,13.3840922,52.4558042,6.9366474,-0.63274246,-0.27735233,7.1435766,on bike mount,cyclo cross,False,mixed,mixed
159ca764-8e69-45a9-9fa3-39079fb69985,e08ed661-73a4-4506-89e3-5d9b18b9e971,3adb1a94-3b07-4720-8bb7-b5c82e192cd0,1627403922957,13.3840922,52.4558042,6.9366474,0.7595918,-1.2381265,-2.0431118,on bike mount,cyclo cross,False,mixed,mixed
159ca764-8e69-45a9-9fa3-39079fb69985,e08ed661-73a4-4506-89e3-5d9b18b9e971,85aaa3cd-b87e-4d0e-a8ea-55dd8840df66,1627403923007,13.3840922,52.4558042,6.9366474,-2.0258293,1.5038095,0.24640656,on bike mount,cyclo cross,False,mixed,mixed
159ca764-8e69-45a9-9fa3-39079fb69985,e08ed661-73a4-4506-89e3-5d9b18b9e971,ed6439fc-bd18-4671-8a4d-62f80420795d,1627403923057,13.3840922,52.4558042,6.9366474,0.06790388,4.498855,1.9885874,on bike mount,cyclo cross,False,mixed,mixed
159ca764-8e69-45a9-9fa3-39079fb69985,e08ed661-73a4-4506-89e3-5d9b18b9e971,af857297-d580-4ae9-b245-d9a868ad6397,1627403923106,13.3840831,52.4558677,6.9547963,-1.0051551,-1.2584279,1.5264854,on bike mount,cyclo cross,False,mixed,mixed
159ca764-8e69-45a9-9fa3-39079fb69985,e08ed661-73a4-4506-89e3-5d9b18b9e971,f0aec383-a88a-4c86-93cf-3f87c813cc33,1627403923156,13.3840831,52.4558677,6.9547963,0.9569328,0.455837,-3.0435395,on bike mount,cyclo cross,False,mixed,mixed
159ca764-8e69-45a9-9fa3-39079fb69985,e08ed661-73a4-4506-89e3-5d9b18b9e971,b763ee86-4f21-4dbe-8629-f56d35fc385a,1627403923207,13.3840831,52.4558677,6.9547963,1.0881276,0.9628446,1.6170092,on bike mount,cyclo cross,False,mixed,mixed
159ca764-8e69-45a9-9fa3-39079fb69985,e08ed661-73a4-4506-89e3-5d9b18b9e971,cec7578c-c72d-4db7-bb86-54f280643d72,1627403923257,13.3840831,52.4558677,6.9547963,-0.7415943,0.11397481,-2.0925832,on bike mount,cyclo cross,False,mixed,mixed
159ca764-8e69-45a9-9fa3-39079fb69985,e08ed661-73a4-4506-89e3-5d9b18b9e971,87158f83-35ca-4eee-88fc-565504011589,1627403923307,13.3840831,52.4558677,6.9547963,2.156466,-6.6252007,7.045065,on bike mount,cyclo cross,False,mixed,mixed
159ca764-8e69-45a9-9fa3-39079fb69985,e08ed661-73a4-4506-89e3-5d9b18b9e971,2f539bc7-390a-4d98-abcf-7715b6580d93,1627403923356,13.3840831,52.4558677,6.9547963,-2.1315365,1.7571254,2.150033,on bike mount,cyclo cross,False,mixed,mixed
159ca764-8e69-45a9-9fa3-39079fb69985,e08ed661-73a4-4506-89e3-5d9b18b9e971,c783de21-41ef-40b3-8870-7d6f64c6bd2e,1627403923406,13.3840831,52.4558677,6.9547963,-2.1740556,0.76915264,-0.445652,on bike mount,cyclo cross,False,mixed,mixed
159ca764-8e69-45a9-9fa3-39079fb69985,e08ed661-73a4-4506-89e3-5d9b18b9e971,24d80cdc-296f-4152-984e-7506b59197c4,1627403923456,13.3840831,52.4558677,6.9547963,-0.56003,2.7014627,-0.39869022,on bike mount,cyclo cross,False,mixed,mixed
159ca764-8e69-45a9-9fa3-39079fb69985,e08ed661-73a4-4506-89e3-5d9b18b9e971,c773b9a3-fff3-4b88-9900-bcc89e7bd631,1627403923506,13.3840831,52.4558677,6.9547963,0.5878783,-2.6201794,1.5139742,on bike mount,cyclo cross,False,mixed,mixed
159ca764-8e69-45a9-9fa3-39079fb69985,e08ed661-73a4-4506-89e3-5d9b18b9e971,d330a4f3-f335-45b3-9207-7f44cc8b9fac,1627403923565,13.3840831,52.4558677,6.9547963,-1.7047411,-0.49782515,1.7140665,on bike mount,cyclo cross,False,mixed,mixed
159ca764-8e69-45a9-9fa3-39079fb69985,e08ed661-73a4-4506-89e3-5d9b18b9e971,fac797e4-4299-4930-a526-e5a67962067c,1627403923615,13.3840831,52.4558677,6.9547963,1.1828367,0.19250822,2.2549877,on bike mount,cyclo cross,False,mixed,mixed
159ca764-8e69-45a9-9fa3-39079fb69985,e08ed661-73a4-4506-89e3-5d9b18b9e971,a1fe5285-756b-4d1f-a24c-b1e9ca070d36,1627403923664,13.3840831,52.4558677,6.9547963,-0.38887227,0.9178934,-0.6646538,on bike mount,cyclo cross,False,mixed,mixed
159ca764-8e69-45a9-9fa3-39079fb69985,e08ed661-73a4-4506-89e3-5d9b18b9e971,71380451-c869-499d-896a-e0af5a4beefc,1627403923714,13.3840831,52.4558677,6.9547963,-1.8800261,1.5217581,2.2200594,on bike mount,cyclo cross,False,mixed,mixed
159ca764-8e69-45a9-9fa3-39079fb69985,e08ed661-73a4-4506-89e3-5d9b18b9e971,cfcb2f11-904d-43e6-9e15-1cfcbd954f02,1627403923764,13.3840831,52.4558677,6.9547963,3.0796552,-2.441996,1.69419,on bike mount,cyclo cross,False,mixed,mixed
159ca764-8e69-45a9-9fa3-39079fb69985,e08ed661-73a4-4506-89e3-5d9b18b9e971,8f013d6d-39e4-4a74-8437-a07576490915,1627403923815,13.3840831,52.4558677,6.9547963,0.2707125,-0.7412777,1.07475,on bike mount,cyclo cross,False,mixed,mixed
159ca764-8e69-45a9-9fa3-39079fb69985,e08ed661-73a4-4506-89e3-5d9b18b9e971,462025e9-74e3-4f22-a8ae-c0c4a906ff4d,1627403923865,13.3840831,52.4558677,6.9547963,1.3491874,-3.2123547,-0.6169672,on bike mount,cyclo cross,False,mixed,mixed
159ca764-8e69-45a9-9fa3-39079fb69985,e08ed661-73a4-4506-89e3-5d9b18b9e971,28028eac-18de-4025-84dd-9e423eb2a310,1627403923915,13.3840831,52.4558677,6.9547963,-0.13702771,-3.622105,0.34587765,on bike mount,cyclo cross,False,mixed,mixed
159ca764-8e69-45a9-9fa3-39079fb69985,e08ed661-73a4-4506-89e3-5d9b18b9e971,65030a11-f643-4389-83c7-22d0930c29cf,1627403923965,13.3840831,52.4558677,6.9547963,2.0921474,0.6691389,-0.46814632,on bike mount,cyclo cross,False,mixed,mixed
159ca764-8e69-45a9-9fa3-39079fb69985,e08ed661-73a4-4506-89e3-5d9b18b9e971,7c8e48d3-65b6-4dcd-9490-d70a684c5eea,1627403924015,13.3840831,52.4558677,6.9547963,0.12255088,-0.2942748,2.9872837,on bike mount,cyclo cross,False,mixed,mixed
159ca764-8e69-45a9-9fa3-39079fb69985,e08ed661-73a4-4506-89e3-5d9b18b9e971,6d5af759-9def-4c17-a00b-a528d160cc36,1627403924065,13.3840831,52.4558677,6.9547963,1.5643001,-0.8467858,0.35450268,on bike mount,cyclo cross,False,mixed,mixed
159ca764-8e69-45a9-9fa3-39079fb69985,e08ed661-73a4-4506-89e3-5d9b18b9e971,783548d3-0349-45e6-9822-72c574eec030,1627403924116,13.3840713,52.4559325,7.0073977,1.1605161,-3.4229317,-0.8169575,on bike mount,cyclo cross,False,mixed,mixed
159ca764-8e69-45a9-9fa3-39079fb69985,e08ed661-73a4-4506-89e3-5d9b18b9e971,0770c62b-eb72-4939-a27c-2df8923b4336,1627403924166,13.3840713,52.4559325,7.0073977,-1.430548,0.17935038,1.3626823,on bike mount,cyclo cross,False,mixed,mixed
159ca764-8e69-45a9-9fa3-39079fb69985,e08ed661-73a4-4506-89e3-5d9b18b9e971,b51a9121-2c88-46c4-bf31-50d46444b4eb,1627403924216,13.3840713,52.4559325,7.0073977,-0.71760947,-0.5915363,3.3402958,on bike mount,cyclo cross,False,mixed,mixed
159ca764-8e69-45a9-9fa3-39079fb69985,e08ed661-73a4-4506-89e3-5d9b18b9e971,8a4a6aae-64c0-4ef5-866a-7d115c8d9599,1627403924266,13.3840713,52.4559325,7.0073977,-0.29735255,-1.5479624,-1.9446821,on bike mount,cyclo cross,False,mixed,mixed
159ca764-8e69-45a9-9fa3-39079fb69985,e08ed661-73a4-4506-89e3-5d9b18b9e971,13b5af1f-3454-46f1-bcfc-9996ace3c5fd,1627403924316,13.3840713,52.4559325,7.0073977,-0.4299686,0.4656644,-0.7749815,on bike mount,cyclo cross,False,mixed,mixed
159ca764-8e69-45a9-9fa3-39079fb69985,e08ed661-73a4-4506-89e3-5d9b18b9e971,6feb77cb-ec94-4577-b573-b03f51419912,1627403924366,13.3840713,52.4559325,7.0073977,-0.06598607,0.90889573,0.269866,on bike mount,cyclo cross,False,mixed,mixed
159ca764-8e69-45a9-9fa3-39079fb69985,e08ed661-73a4-4506-89e3-5d9b18b9e971,938662b2-b5a4-4d73-afa4-8d7a7d44c8a1,1627403924416,13.3840713,52.4559325,7.0073977,1.2567313,-0.7114172,1.9871721,on bike mount,cyclo cross,False,mixed,mixed
159ca764-8e69-45a9-9fa3-39079fb69985,e08ed661-73a4-4506-89e3-5d9b18b9e971,6237c345-b749-457e-81c6-95c4379490a2,1627403924467,13.3840713,52.4559325,7.0073977,-1.4696541,-1.2536668,2.327715,on bike mount,cyclo cross,False,mixed,mixed
159ca764-8e69-45a9-9fa3-39079fb69985,e08ed661-73a4-4506-89e3-5d9b18b9e971,89aee3e3-fb50-439b-8b19-1c7ec9de2b3e,1627403924517,13.3840713,52.4559325,7.0073977,0.22619319,-0.92563653,3.2765503,on bike mount,cyclo cross,False,mixed,mixed
159ca764-8e69-45a9-9fa3-39079fb69985,e08ed661-73a4-4506-89e3-5d9b18b9e971,1f4fdc5b-523a-4fa5-9acc-819d6a1df14a,1627403924567,13.3840713,52.4559325,7.0073977,0.9529078,-1.2219185,0.5307646,on bike mount,cyclo cross,False,mixed,mixed
159ca764-8e69-45a9-9fa3-39079fb69985,e08ed661-73a4-4506-89e3-5d9b18b9e971,d5dd0a6d-7405-4e26-a957-9f5f440839c2,1627403924616,13.3840713,52.4559325,7.0073977,0.6449059,2.0897493,-0.8291707,on bike mount,cyclo cross,False,mixed,mixed
159ca764-8e69-45a9-9fa3-39079fb69985,e08ed661-73a4-4506-89e3-5d9b18b9e971,ffe6e4b4-3f12-4319-bdf4-3f3e1ab22ffb,1627403924666,13.3840713,52.4559325,7.0073977,0.22508328,0.14871311,-5.4890018,on bike mount,cyclo cross,False,mixed,mixed
159ca764-8e69-45a9-9fa3-39079fb69985,e08ed661-73a4-4506-89e3-5d9b18b9e971,0397a28c-898f-4a6d-8d5d-4d6cdd0ab62e,1627403924716,13.3840713,52.4559325,7.0073977,1.9768841,2.5226965,-3.4042602,on bike mount,cyclo cross,False,mixed,mixed
159ca764-8e69-45a9-9fa3-39079fb69985,e08ed661-73a4-4506-89e3-5d9b18b9e971,9accbc87-5226-4841-884a-ca4e6f354c90,1627403924767,13.3840713,52.4559325,7.0073977,-0.9094689,-0.08496809,0.88735104,on bike mount,cyclo cross,False,mixed,mixed
159ca764-8e69-45a9-9fa3-39079fb69985,e08ed661-73a4-4506-89e3-5d9b18b9e971,0380fbf1-b96c-4356-b67e-65df2429456a,1627403924815,13.3840713,52.4559325,7.0073977,2.9694188,-9.569123,10.836992,on bike mount,cyclo cross,False,mixed,mixed
159ca764-8e69-45a9-9fa3-39079fb69985,e08ed661-73a4-4506-89e3-5d9b18b9e971,73003505-7d47-4c5b-ae2a-12c03ef8be44,1627403924865,13.3840713,52.4559325,7.0073977,-3.1878433,-0.19331145,-1.30018,on bike mount,cyclo cross,False,mixed,mixed
159ca764-8e69-45a9-9fa3-39079fb69985,e08ed661-73a4-4506-89e3-5d9b18b9e971,74b6eba1-5350-4c52-9e84-278df975c4d7,1627403924916,13.3840713,52.4559325,7.0073977,-1.4137743,-0.75235367,-0.3096857,on bike mount,cyclo cross,False,mixed,mixed
159ca764-8e69-45a9-9fa3-39079fb69985,e08ed661-73a4-4506-89e3-5d9b18b9e971,e18966a3-25a6-421a-9e60-886216534d65,1627403924967,13.3840713,52.4559325,7.0073977,3.9593635,-2.0133774,-0.31972408,on bike mount,cyclo cross,False,mixed,mixed
159ca764-8e69-45a9-9fa3-39079fb69985,e08ed661-73a4-4506-89e3-5d9b18b9e971,ff510bdc-568f-4081-bc81-1b9f48b87c22,1627403925017,13.3840713,52.4559325,7.0073977,0.010889471,-1.5431201,1.2422829,on bike mount,cyclo cross,False,mixed,mixed
159ca764-8e69-45a9-9fa3-39079fb69985,e08ed661-73a4-4506-89e3-5d9b18b9e971,14843f76-30b1-45e4-8fa2-99c65121973a,1627403925082,13.3840713,52.4559325,7.0073977,-0.5385531,1.2130575,1.3736477,on bike mount,cyclo cross,False,mixed,mixed
159ca764-8e69-45a9-9fa3-39079fb69985,e08ed661-73a4-4506-89e3-5d9b18b9e971,c8b18aab-00eb-46a8-be0c-2e540784edab,1627403925132,13.384057,52.4559981,7.0274444,-0.8348609,1.9030256,-2.4720936,on bike mount,cyclo cross,False,mixed,mixed
159ca764-8e69-45a9-9fa3-39079fb69985,e08ed661-73a4-4506-89e3-5d9b18b9e971,9c7e1cce-5b83-4853-8528-ca29f24d0cfe,1627403925182,13.384057,52.4559981,7.0274444,0.63111866,-1.4029961,-1.5834804,on bike mount,cyclo cross,False,mixed,mixed
159ca764-8e69-45a9-9fa3-39079fb69985,e08ed661-73a4-4506-89e3-5d9b18b9e971,daf50eca-c62a-4401-bd82-c26f4e547889,1627403925231,13.384057,52.4559981,7.0274444,0.9710534,-0.55360866,-0.83131313,on bike mount,cyclo cross,False,mixed,mixed
159ca764-8e69-45a9-9fa3-39079fb69985,e08ed661-73a4-4506-89e3-5d9b18b9e971,5b6332e8-e3e9-4548-87b0-67e6d7c47ab2,1627403925281,13.384057,52.4559981,7.0274444,-0.22615293,0.23531532,0.45822716,on bike mount,cyclo cross,False,mixed,mixed
159ca764-8e69-45a9-9fa3-39079fb69985,e08ed661-73a4-4506-89e3-5d9b18b9e971,8dbaf167-9d3b-44c3-a134-930a80a92717,1627403925334,13.384057,52.4559981,7.0274444,-0.13203177,-1.1440134,1.1032906,on bike mount,cyclo cross,False,mixed,mixed
159ca764-8e69-45a9-9fa3-39079fb69985,e08ed661-73a4-4506-89e3-5d9b18b9e971,d9700950-4e0a-45bb-ab01-f249b9fb6a85,1627403925384,13.384057,52.4559981,7.0274444,0.504069,-3.131112,2.291007,on bike mount,cyclo cross,False,mixed,mixed
159ca764-8e69-45a9-9fa3-39079fb69985,e08ed661-73a4-4506-89e3-5d9b18b9e971,1852b782-4483-4f2c-a909-dba4aaed5c3e,1627403925434,13.384057,52.4559981,7.0274444,0.6858522,-3.4235148,1.0537128,on bike mount,cyclo cross,False,mixed,mixed
159ca764-8e69-45a9-9fa3-39079fb69985,e08ed661-73a4-4506-89e3-5d9b18b9e971,99185d55-031a-494e-accc-1e0ff576b3e7,1627403925484,13.384057,52.4559981,7.0274444,-0.73290765,-0.34394455,-2.0476913,on bike mount,cyclo cross,False,mixed,mixed
159ca764-8e69-45a9-9fa3-39079fb69985,e08ed661-73a4-4506-89e3-5d9b18b9e971,6d21554d-0520-4623-9f93-a02cc1c6a50b,1627403925535,13.384057,52.4559981,7.0274444,-0.5327421,1.250747,0.06610012,on bike mount,cyclo cross,False,mixed,mixed
159ca764-8e69-45a9-9fa3-39079fb69985,e08ed661-73a4-4506-89e3-5d9b18b9e971,46bf5b61-d139-4aee-ae8a-17864f2a28c2,1627403925585,13.384057,52.4559981,7.0274444,-1.2493417,-1.5418983,5.181738,on bike mount,cyclo cross,False,mixed,mixed
159ca764-8e69-45a9-9fa3-39079fb69985,e08ed661-73a4-4506-89e3-5d9b18b9e971,0426e56e-e04c-4711-af39-7fef172c7f27,1627403925636,13.384057,52.4559981,7.0274444,0.21465763,-7.471183,-2.2465034,on bike mount,cyclo cross,False,mixed,mixed
159ca764-8e69-45a9-9fa3-39079fb69985,e08ed661-73a4-4506-89e3-5d9b18b9e971,e1bff941-fb3c-4f34-a704-44f070ca1a01,1627403925686,13.384057,52.4559981,7.0274444,0.24618304,0.88742733,0.4451704,on bike mount,cyclo cross,False,mixed,mixed
159ca764-8e69-45a9-9fa3-39079fb69985,e08ed661-73a4-4506-89e3-5d9b18b9e971,76a8cf05-55df-4c36-a1c7-d1d0d0ee2e97,1627403925737,13.384057,52.4559981,7.0274444,-1.0623137,2.171433,0.28835297,on bike mount,cyclo cross,False,mixed,mixed
159ca764-8e69-45a9-9fa3-39079fb69985,e08ed661-73a4-4506-89e3-5d9b18b9e971,44063880-2b25-4b2f-97c4-2b3c5e724638,1627403925787,13.384057,52.4559981,7.0274444,-0.41986722,-2.5344503,0.77708817,on bike mount,cyclo cross,False,mixed,mixed
159ca764-8e69-45a9-9fa3-39079fb69985,e08ed661-73a4-4506-89e3-5d9b18b9e971,3f928b7d-1c34-46e2-97d1-8ac17bd0dbe6,1627403925838,13.384057,52.4559981,7.0274444,0.10017766,-1.967124,0.40515614,on bike mount,cyclo cross,False,mixed,mixed
159ca764-8e69-45a9-9fa3-39079fb69985,e08ed661-73a4-4506-89e3-5d9b18b9e971,0688a3e9-d2c6-4f83-b73b-18b85d661b6e,1627403925888,13.384057,52.4559981,7.0274444,-0.50948656,0.7294984,-0.53948593,on bike mount,cyclo cross,False,mixed,mixed
159ca764-8e69-45a9-9fa3-39079fb69985,e08ed661-73a4-4506-89e3-5d9b18b9e971,d4c02e11-cb4d-43bd-8f24-8b018f6fbbab,1627403925938,13.384057,52.4559981,7.0274444,-0.24152425,0.794116,-1.0105,on bike mount,cyclo cross,False,mixed,mixed
159ca764-8e69-45a9-9fa3-39079fb69985,e08ed661-73a4-4506-89e3-5d9b18b9e971,f41802e4-3421-4023-a2d7-ddea7573677c,1627403925989,13.384057,52.4559981,7.0274444,0.81777173,0.6527767,-1.7408152,on bike mount,cyclo cross,False,mixed,mixed
159ca764-8e69-45a9-9fa3-39079fb69985,e08ed661-73a4-4506-89e3-5d9b18b9e971,5e152e0e-74dd-4d6f-a0a9-19319b2d98ca,1627403926039,13.384057,52.4559981,7.0274444,-2.1049128,-1.2003163,2.8337069,on bike mount,cyclo cross,False,mixed,mixed
159ca764-8e69-45a9-9fa3-39079fb69985,e08ed661-73a4-4506-89e3-5d9b18b9e971,2e6608fc-5b9d-4c8f-9962-97aee8177d12,1627403926101,13.3840415,52.4560644,7.068819,-0.21702766,2.248374,-0.7786751,on bike mount,cyclo cross,False,mixed,mixed
159ca764-8e69-45a9-9fa3-39079fb69985,e08ed661-73a4-4506-89e3-5d9b18b9e971,bb4f722f-f4b3-49ab-ad40-636344511c41,1627403926151,13.3840415,52.4560644,7.068819,-0.5294523,0.32876277,0.5097332,on bike mount,cyclo cross,False,mixed,mixed
159ca764-8e69-45a9-9fa3-39079fb69985,e08ed661-73a4-4506-89e3-5d9b18b9e971,e056f58a-c1f8-4502-ae0d-997804430741,1627403926201,13.3840415,52.4560644,7.068819,0.0018427074,0.062987566,0.86035156,on bike mount,cyclo cross,False,mixed,mixed
159ca764-8e69-45a9-9fa3-39079fb69985,e08ed661-73a4-4506-89e3-5d9b18b9e971,d5c468c6-9c97-4186-9a8b-17c1b09497f7,1627403926251,13.3840415,52.4560644,7.068819,-0.13838965,0.8314276,0.27252483,on bike mount,cyclo cross,False,mixed,mixed
159ca764-8e69-45a9-9fa3-39079fb69985,e08ed661-73a4-4506-89e3-5d9b18b9e971,f74cb0c3-a8e2-4a83-99c8-fcde722b86eb,1627403926301,13.3840415,52.4560644,7.068819,0.6958176,0.6055906,0.8711586,on bike mount,cyclo cross,False,mixed,mixed
159ca764-8e69-45a9-9fa3-39079fb69985,e08ed661-73a4-4506-89e3-5d9b18b9e971,2c881b61-1b2d-4506-a042-010df7e04270,1627403926351,13.3840415,52.4560644,7.068819,-0.8435,0.12886953,0.23362255,on bike mount,cyclo cross,False,mixed,mixed
159ca764-8e69-45a9-9fa3-39079fb69985,e08ed661-73a4-4506-89e3-5d9b18b9e971,c51e3aea-62fb-4db3-b99e-3a9397b0cfd4,1627403926402,13.3840415,52.4560644,7.068819,0.83168405,-6.680168,10.2111,on bike mount,cyclo cross,False,mixed,mixed
159ca764-8e69-45a9-9fa3-39079fb69985,e08ed661-73a4-4506-89e3-5d9b18b9e971,d91cd615-99cc-4cd9-8680-24cc01acbfd0,1627403926453,13.3840415,52.4560644,7.068819,-1.9747918,-1.3721515,-3.3267264,on bike mount,cyclo cross,False,mixed,mixed
159ca764-8e69-45a9-9fa3-39079fb69985,e08ed661-73a4-4506-89e3-5d9b18b9e971,a0dd232f-0cc7-4461-b1b1-69195ca9b0bb,1627403926503,13.3840415,52.4560644,7.068819,0.73813164,3.6875153,-1.6196074,on bike mount,cyclo cross,False,mixed,mixed
159ca764-8e69-45a9-9fa3-39079fb69985,e08ed661-73a4-4506-89e3-5d9b18b9e971,ef055b1d-2d73-4f3d-a601-e68e44f7b448,1627403926554,13.3840415,52.4560644,7.068819,-1.4446923,13.7293005,-3.4036288,on bike mount,cyclo cross,False,mixed,mixed
159ca764-8e69-45a9-9fa3-39079fb69985,e08ed661-73a4-4506-89e3-5d9b18b9e971,5ba74d2a-1aaa-403b-96f3-587a7b1b59c1,1627403926604,13.3840415,52.4560644,7.068819,2.9598565,-5.193605,3.2042255,on bike mount,cyclo cross,False,mixed,mixed
159ca764-8e69-45a9-9fa3-39079fb69985,e08ed661-73a4-4506-89e3-5d9b18b9e971,121eb1d2-3606-4280-bd93-dfef2ef81da4,1627403926655,13.3840415,52.4560644,7.068819,-0.4500384,1.3252888,-3.451479,on bike mount,cyclo cross,False,mixed,mixed
159ca764-8e69-45a9-9fa3-39079fb69985,e08ed661-73a4-4506-89e3-5d9b18b9e971,e6ebeab6-133b-49e1-9ccd-0d032f4c0e60,1627403926704,13.3840415,52.4560644,7.068819,-1.1194096,0.9127891,-2.5806866,on bike mount,cyclo cross,False,mixed,mixed
159ca764-8e69-45a9-9fa3-39079fb69985,e08ed661-73a4-4506-89e3-5d9b18b9e971,9e8b92c7-1857-4616-a434-a194bf47614b,1627403926754,13.3840415,52.4560644,7.068819,-0.95959866,-2.0495107,-0.24428368,on bike mount,cyclo cross,False,mixed,mixed
159ca764-8e69-45a9-9fa3-39079fb69985,e08ed661-73a4-4506-89e3-5d9b18b9e971,d0534e7f-757d-4d10-acc1-f0186a7880d3,1627403926804,13.3840415,52.4560644,7.068819,-1.0126545,2.0156894,-2.8454623,on bike mount,cyclo cross,False,mixed,mixed
159ca764-8e69-45a9-9fa3-39079fb69985,e08ed661-73a4-4506-89e3-5d9b18b9e971,5ad315c7-2f8c-456a-b514-8eebdff4b585,1627403926855,13.3840415,52.4560644,7.068819,0.16070828,-2.7487178,1.0216656,on bike mount,cyclo cross,False,mixed,mixed
159ca764-8e69-45a9-9fa3-39079fb69985,e08ed661-73a4-4506-89e3-5d9b18b9e971,dcb88f46-e455-411d-ac39-f6928d2ac5b0,1627403926905,13.3840415,52.4560644,7.068819,1.44276,-5.348239,4.1822033,on bike mount,cyclo cross,False,mixed,mixed
159ca764-8e69-45a9-9fa3-39079fb69985,e08ed661-73a4-4506-89e3-5d9b18b9e971,a922cf5d-c6ae-471d-a703-6f3b1790a955,1627403926956,13.3840415,52.4560644,7.068819,1.5718799,0.29480553,0.7881775,on bike mount,cyclo cross,False,mixed,mixed
159ca764-8e69-45a9-9fa3-39079fb69985,e08ed661-73a4-4506-89e3-5d9b18b9e971,7d930c15-66ba-4139-980c-359f4fb554a0,1627403927008,13.3840415,52.4560644,7.068819,-0.056245327,0.8575306,-0.049074173,on bike mount,cyclo cross,False,mixed,mixed
159ca764-8e69-45a9-9fa3-39079fb69985,e08ed661-73a4-4506-89e3-5d9b18b9e971,5d395926-e521-4564-b74c-51e6b02071b8,1627403927058,13.3840415,52.4560644,7.068819,0.28584158,-1.4100168,-0.6987629,on bike mount,cyclo cross,False,mixed,mixed
159ca764-8e69-45a9-9fa3-39079fb69985,e08ed661-73a4-4506-89e3-5d9b18b9e971,a130546f-f20a-439a-8df0-c599ee319048,1627403927117,13.3840281,52.4561301,7.0913396,0.28348392,0.23278117,-2.277017,on bike mount,cyclo cross,False,mixed,mixed
159ca764-8e69-45a9-9fa3-39079fb69985,e08ed661-73a4-4506-89e3-5d9b18b9e971,27732ca6-e988-4aa6-8269-008bf4b712d0,1627403927167,13.3840281,52.4561301,7.0913396,-0.22652447,0.77722406,0.11186218,on bike mount,cyclo cross,False,mixed,mixed
159ca764-8e69-45a9-9fa3-39079fb69985,e08ed661-73a4-4506-89e3-5d9b18b9e971,56dfd713-866e-4e8d-9bbb-9d42a3517158,1627403927217,13.3840281,52.4561301,7.0913396,0.9756205,0.8289232,-0.6281929,on bike mount,cyclo cross,False,mixed,mixed
159ca764-8e69-45a9-9fa3-39079fb69985,e08ed661-73a4-4506-89e3-5d9b18b9e971,8214e956-0c3a-4a20-915b-401c0e849554,1627403927267,13.3840281,52.4561301,7.0913396,0.6142374,-1.4801148,1.9005651,on bike mount,cyclo cross,False,mixed,mixed
159ca764-8e69-45a9-9fa3-39079fb69985,e08ed661-73a4-4506-89e3-5d9b18b9e971,1fd0badf-0e01-4682-9886-714d4e7b872c,1627403927317,13.3840281,52.4561301,7.0913396,-0.6813339,2.3977842,-0.040854454,on bike mount,cyclo cross,False,mixed,mixed
159ca764-8e69-45a9-9fa3-39079fb69985,e08ed661-73a4-4506-89e3-5d9b18b9e971,585b77f1-4c91-4095-9409-2f3241bb9d5b,1627403927368,13.3840281,52.4561301,7.0913396,0.0377869,1.2427249,2.588274,on bike mount,cyclo cross,False,mixed,mixed
159ca764-8e69-45a9-9fa3-39079fb69985,e08ed661-73a4-4506-89e3-5d9b18b9e971,c7bc27ee-00ac-4b1e-9ec1-45e44697a350,1627403927418,13.3840281,52.4561301,7.0913396,0.8128007,1.8875117,-0.27750683,on bike mount,cyclo cross,False,mixed,mixed
159ca764-8e69-45a9-9fa3-39079fb69985,e08ed661-73a4-4506-89e3-5d9b18b9e971,6693611f-8107-47e7-8c5c-379363828a0f,1627403927468,13.3840281,52.4561301,7.0913396,-0.77319217,0.024683475,-1.1140261,on bike mount,cyclo cross,False,mixed,mixed
159ca764-8e69-45a9-9fa3-39079fb69985,e08ed661-73a4-4506-89e3-5d9b18b9e971,8d54e815-ee65-4a7a-8178-7add0f0e3c7a,1627403927519,13.3840281,52.4561301,7.0913396,0.9502325,0.28013396,-0.79402256,on bike mount,cyclo cross,False,mixed,mixed
159ca764-8e69-45a9-9fa3-39079fb69985,e08ed661-73a4-4506-89e3-5d9b18b9e971,04f3bdf6-2db1-4869-9108-72e0977ca412,1627403927568,13.3840281,52.4561301,7.0913396,-0.6354718,1.0062737,-1.0096684,on bike mount,cyclo cross,False,mixed,mixed
159ca764-8e69-45a9-9fa3-39079fb69985,e08ed661-73a4-4506-89e3-5d9b18b9e971,86e7a9bb-4932-4b33-9dc7-78252957f4b6,1627403927618,13.3840281,52.4561301,7.0913396,-0.8823718,0.13342476,-0.14793968,on bike mount,cyclo cross,False,mixed,mixed
159ca764-8e69-45a9-9fa3-39079fb69985,e08ed661-73a4-4506-89e3-5d9b18b9e971,3aeb11f7-af91-4d08-850a-eaa5ddf1a752,1627403927668,13.3840281,52.4561301,7.0913396,1.1940008,-0.0108988285,-1.2472091,on bike mount,cyclo cross,False,mixed,mixed
159ca764-8e69-45a9-9fa3-39079fb69985,e08ed661-73a4-4506-89e3-5d9b18b9e971,1b87c1f6-1783-4446-b807-7fd3608007d3,1627403927718,13.3840281,52.4561301,7.0913396,0.5820855,0.0073800087,0.4797325,on bike mount,cyclo cross,False,mixed,mixed
159ca764-8e69-45a9-9fa3-39079fb69985,e08ed661-73a4-4506-89e3-5d9b18b9e971,93598dfc-c8c2-4629-a7f6-a1e09df37ceb,1627403927768,13.3840281,52.4561301,7.0913396,0.53819096,-2.3940403,0.60471344,on bike mount,cyclo cross,False,mixed,mixed
159ca764-8e69-45a9-9fa3-39079fb69985,e08ed661-73a4-4506-89e3-5d9b18b9e971,b41cd313-a995-497e-bdb4-71e3ff0755b1,1627403927818,13.3840281,52.4561301,7.0913396,-0.82273054,0.027290821,0.012876511,on bike mount,cyclo cross,False,mixed,mixed
159ca764-8e69-45a9-9fa3-39079fb69985,e08ed661-73a4-4506-89e3-5d9b18b9e971,dd59e8d0-60ea-4c92-be63-4e406aefe754,1627403927867,13.3840281,52.4561301,7.0913396,1.6794395,-0.19827414,1.8608999,on bike mount,cyclo cross,False,mixed,mixed
159ca764-8e69-45a9-9fa3-39079fb69985,e08ed661-73a4-4506-89e3-5d9b18b9e971,71a630f1-097f-4958-af2f-e3b2e9a86af4,1627403927917,13.3840281,52.4561301,7.0913396,-0.31599253,-1.2586942,-0.4462881,on bike mount,cyclo cross,False,mixed,mixed
159ca764-8e69-45a9-9fa3-39079fb69985,e08ed661-73a4-4506-89e3-5d9b18b9e971,29ae0182-3920-41c3-bdfe-3777e6d75603,1627403927967,13.3840281,52.4561301,7.0913396,-0.5881634,-2.267024,1.4872828,on bike mount,cyclo cross,False,mixed,mixed
159ca764-8e69-45a9-9fa3-39079fb69985,e08ed661-73a4-4506-89e3-5d9b18b9e971,c8de33c8-ad9e-4ed4-a687-1597d798ac77,1627403928017,13.3840281,52.4561301,7.0913396,1.1774211,-2.789104,0.787014,on bike mount,cyclo cross,False,mixed,mixed
159ca764-8e69-45a9-9fa3-39079fb69985,e08ed661-73a4-4506-89e3-5d9b18b9e971,246adc34-2e06-4c3c-b9d3-90cd96b098a1,1627403928068,13.3840281,52.4561301,7.0913396,-0.9557851,-0.5274906,0.9717674,on bike mount,cyclo cross,False,mixed,mixed
159ca764-8e69-45a9-9fa3-39079fb69985,e08ed661-73a4-4506-89e3-5d9b18b9e971,8b9d1e67-9f49-4ac2-8e0c-3a7763462500,1627403928118,13.3840175,52.4561952,7.102231,-2.2815588,1.8521175,-0.6478157,on bike mount,cyclo cross,False,mixed,mixed
159ca764-8e69-45a9-9fa3-39079fb69985,e08ed661-73a4-4506-89e3-5d9b18b9e971,1ab0c1ef-66d5-402d-879d-315bfad8f02a,1627403928168,13.3840175,52.4561952,7.102231,0.95714873,-0.9362701,0.8111353,on bike mount,cyclo cross,False,mixed,mixed
159ca764-8e69-45a9-9fa3-39079fb69985,e08ed661-73a4-4506-89e3-5d9b18b9e971,584c39c1-3778-49f6-9adb-fbb3a0dac1f1,1627403928218,13.3840175,52.4561952,7.102231,0.51911,0.96075726,-1.0652218,on bike mount,cyclo cross,False,mixed,mixed
159ca764-8e69-45a9-9fa3-39079fb69985,e08ed661-73a4-4506-89e3-5d9b18b9e971,a28a8e84-f172-47a2-812e-dd5ccf7d9d0a,1627403928268,13.3840175,52.4561952,7.102231,-0.7605318,-1.5208129,3.1449738,on bike mount,cyclo cross,False,mixed,mixed
159ca764-8e69-45a9-9fa3-39079fb69985,e08ed661-73a4-4506-89e3-5d9b18b9e971,88f3ea7e-7896-4921-a754-4328606dfcec,1627403928318,13.3840175,52.4561952,7.102231,0.27678254,-2.2798884,0.0050907135,on bike mount,cyclo cross,False,mixed,mixed
159ca764-8e69-45a9-9fa3-39079fb69985,e08ed661-73a4-4506-89e3-5d9b18b9e971,66c8aa12-9e27-432c-bbf5-407621c69c46,1627403928369,13.3840175,52.4561952,7.102231,-0.7688515,-3.136384,0.99024296,on bike mount,cyclo cross,False,mixed,mixed
159ca764-8e69-45a9-9fa3-39079fb69985,e08ed661-73a4-4506-89e3-5d9b18b9e971,dd2377aa-8af7-464c-af1c-a0f271358026,1627403928419,13.3840175,52.4561952,7.102231,-0.8628789,0.7839956,1.7151117,on bike mount,cyclo cross,False,mixed,mixed
159ca764-8e69-45a9-9fa3-39079fb69985,e08ed661-73a4-4506-89e3-5d9b18b9e971,66683313-5184-4d43-a707-1435026608ca,1627403928469,13.3840175,52.4561952,7.102231,0.9798728,-1.7002914,-0.77774143,on bike mount,cyclo cross,False,mixed,mixed
159ca764-8e69-45a9-9fa3-39079fb69985,e08ed661-73a4-4506-89e3-5d9b18b9e971,86c1eb1d-d8e7-44ab-ad8f-707cef6fbbf4,1627403928520,13.3840175,52.4561952,7.102231,0.027749836,-4.2136083,1.2854614,on bike mount,cyclo cross,False,mixed,mixed
159ca764-8e69-45a9-9fa3-39079fb69985,e08ed661-73a4-4506-89e3-5d9b18b9e971,a9213de6-7258-4b9b-858b-b353a2ad7b2a,1627403928569,13.3840175,52.4561952,7.102231,0.8493187,0.475991,-1.6278486,on bike mount,cyclo cross,False,mixed,mixed
159ca764-8e69-45a9-9fa3-39079fb69985,e08ed661-73a4-4506-89e3-5d9b18b9e971,7f191a07-53e7-47b3-a47c-f1303f81eed1,1627403928619,13.3840175,52.4561952,7.102231,-0.3046788,-0.9167459,3.8133774,on bike mount,cyclo cross,False,mixed,mixed
159ca764-8e69-45a9-9fa3-39079fb69985,e08ed661-73a4-4506-89e3-5d9b18b9e971,4470deb3-12f1-44a4-b5a1-12d41157eb86,1627403928669,13.3840175,52.4561952,7.102231,0.3883683,1.6265669,-0.46608543,on bike mount,cyclo cross,False,mixed,mixed
159ca764-8e69-45a9-9fa3-39079fb69985,e08ed661-73a4-4506-89e3-5d9b18b9e971,b3b33143-ce58-4463-a04b-a2723c19936d,1627403928719,13.3840175,52.4561952,7.102231,-0.046952188,-1.6799636,2.3128347,on bike mount,cyclo cross,False,mixed,mixed
159ca764-8e69-45a9-9fa3-39079fb69985,e08ed661-73a4-4506-89e3-5d9b18b9e971,318e08d1-9939-469f-8761-8abfba26bf5c,1627403928769,13.3840175,52.4561952,7.102231,0.48926848,0.34031844,-2.5868082,on bike mount,cyclo cross,False,mixed,mixed
159ca764-8e69-45a9-9fa3-39079fb69985,e08ed661-73a4-4506-89e3-5d9b18b9e971,1f4914e3-b044-4003-ab00-13e504b91379,1627403928819,13.3840175,52.4561952,7.102231,0.0980977,0.050270796,-0.7785902,on bike mount,cyclo cross,False,mixed,mixed
159ca764-8e69-45a9-9fa3-39079fb69985,e08ed661-73a4-4506-89e3-5d9b18b9e971,93a3cdb4-ceba-479b-963a-916980c3d680,1627403928870,13.3840175,52.4561952,7.102231,-0.77657604,5.1599708,-0.7688999,on bike mount,cyclo cross,False,mixed,mixed
159ca764-8e69-45a9-9fa3-39079fb69985,e08ed661-73a4-4506-89e3-5d9b18b9e971,9bcf5fd1-5e28-4052-b1ff-4cfd6630520d,1627403928920,13.3840175,52.4561952,7.102231,1.1360488,-1.2626506,10.5813465,on bike mount,cyclo cross,False,mixed,mixed
159ca764-8e69-45a9-9fa3-39079fb69985,e08ed661-73a4-4506-89e3-5d9b18b9e971,63336ab5-6002-4765-b20c-3531542afda7,1627403928970,13.3840175,52.4561952,7.102231,-0.1775809,-2.056505,0.9376087,on bike mount,cyclo cross,False,mixed,mixed
159ca764-8e69-45a9-9fa3-39079fb69985,e08ed661-73a4-4506-89e3-5d9b18b9e971,06e0cae9-3140-48c4-b0a7-3de4cb343b8d,1627403929020,13.3840175,52.4561952,7.102231,-0.77398825,1.0564647,0.5947504,on bike mount,cyclo cross,False,mixed,mixed
159ca764-8e69-45a9-9fa3-39079fb69985,e08ed661-73a4-4506-89e3-5d9b18b9e971,77933ffd-44ff-45be-bdf7-53d52f53c3b2,1627403929070,13.3840175,52.4561952,7.102231,-0.2625324,4.842323,-0.5000849,on bike mount,cyclo cross,False,mixed,mixed
159ca764-8e69-45a9-9fa3-39079fb69985,e08ed661-73a4-4506-89e3-5d9b18b9e971,f2cb005a-4f97-44d2-95f3-08b1577b0cab,1627403929121,13.3840103,52.4562628,7.1387396,0.1825794,0.17868257,-0.64597416,on bike mount,cyclo cross,False,mixed,mixed
159ca764-8e69-45a9-9fa3-39079fb69985,e08ed661-73a4-4506-89e3-5d9b18b9e971,d072e8d3-785e-44f7-a11a-a2e8f431aef1,1627403929171,13.3840103,52.4562628,7.1387396,-0.40737805,-1.372312,2.3186703,on bike mount,cyclo cross,False,mixed,mixed
159ca764-8e69-45a9-9fa3-39079fb69985,e08ed661-73a4-4506-89e3-5d9b18b9e971,b54d7424-dd8c-445e-bbf2-9ae160c08de0,1627403929221,13.3840103,52.4562628,7.1387396,-0.15769538,-2.9611452,2.7406778,on bike mount,cyclo cross,False,mixed,mixed
159ca764-8e69-45a9-9fa3-39079fb69985,e08ed661-73a4-4506-89e3-5d9b18b9e971,75c32ddd-47fe-44a3-a30a-ae694cb6a7c5,1627403929271,13.3840103,52.4562628,7.1387396,1.2642165,-0.13602877,2.6516962,on bike mount,cyclo cross,False,mixed,mixed
159ca764-8e69-45a9-9fa3-39079fb69985,e08ed661-73a4-4506-89e3-5d9b18b9e971,2235c0b9-812d-4fa6-bd2e-9e79d6bbe55c,1627403929321,13.3840103,52.4562628,7.1387396,2.1460624,-0.19652009,2.3101082,on bike mount,cyclo cross,False,mixed,mixed
159ca764-8e69-45a9-9fa3-39079fb69985,e08ed661-73a4-4506-89e3-5d9b18b9e971,93c58f57-9fb1-4543-8579-65b62054badb,1627403929371,13.3840103,52.4562628,7.1387396,-0.20516181,2.5223882,-1.124476,on bike mount,cyclo cross,False,mixed,mixed
159ca764-8e69-45a9-9fa3-39079fb69985,e08ed661-73a4-4506-89e3-5d9b18b9e971,32b10ce7-3579-4141-b900-39494aaf4c31,1627403929421,13.3840103,52.4562628,7.1387396,-0.62985873,2.8696742,0.045225143,on bike mount,cyclo cross,False,mixed,mixed
159ca764-8e69-45a9-9fa3-39079fb69985,e08ed661-73a4-4506-89e3-5d9b18b9e971,cf85a6c2-0d3a-42ce-8a2f-1ce294bfdfd2,1627403929471,13.3840103,52.4562628,7.1387396,1.0143818,-2.6567776,1.3631268,on bike mount,cyclo cross,False,mixed,mixed
159ca764-8e69-45a9-9fa3-39079fb69985,e08ed661-73a4-4506-89e3-5d9b18b9e971,4b4e4c70-26a5-453e-a7b2-181e82a3e016,1627403929521,13.3840103,52.4562628,7.1387396,-0.4581232,-0.033784866,-2.9757447,on bike mount,cyclo cross,False,mixed,mixed
159ca764-8e69-45a9-9fa3-39079fb69985,e08ed661-73a4-4506-89e3-5d9b18b9e971,257c156e-ad18-40e5-be4d-5cca4ed93a93,1627403929571,13.3840103,52.4562628,7.1387396,-0.22763404,-1.2054435,0.28787804,on bike mount,cyclo cross,False,mixed,mixed
159ca764-8e69-45a9-9fa3-39079fb69985,e08ed661-73a4-4506-89e3-5d9b18b9e971,6aba6176-73d7-498b-8b07-e7f9353d495d,1627403929620,13.3840103,52.4562628,7.1387396,0.5199454,-0.08488369,-2.1497483,on bike mount,cyclo cross,False,mixed,mixed
159ca764-8e69-45a9-9fa3-39079fb69985,e08ed661-73a4-4506-89e3-5d9b18b9e971,91b56dcc-0f9e-4f6e-a468-b75e3add4b59,1627403929669,13.3840103,52.4562628,7.1387396,-0.5045496,-3.0706804,-2.038414,on bike mount,cyclo cross,False,mixed,mixed
159ca764-8e69-45a9-9fa3-39079fb69985,e08ed661-73a4-4506-89e3-5d9b18b9e971,c7a3e6d7-d1e5-4dfd-8306-23b2cb21714a,1627403929719,13.3840103,52.4562628,7.1387396,0.101870984,-1.0264165,-3.401147,on bike mount,cyclo cross,False,mixed,mixed
159ca764-8e69-45a9-9fa3-39079fb69985,e08ed661-73a4-4506-89e3-5d9b18b9e971,779a5ca2-67fe-4960-a948-2506984c3c31,1627403929769,13.3840103,52.4562628,7.1387396,1.6006186,0.44662738,-0.5896721,on bike mount,cyclo cross,False,mixed,mixed
159ca764-8e69-45a9-9fa3-39079fb69985,e08ed661-73a4-4506-89e3-5d9b18b9e971,4d8f256c-6f77-4337-9326-59f032ed70f0,1627403929819,13.3840103,52.4562628,7.1387396,-0.7003906,-0.8979194,2.3916712,on bike mount,cyclo cross,False,mixed,mixed
159ca764-8e69-45a9-9fa3-39079fb69985,e08ed661-73a4-4506-89e3-5d9b18b9e971,eee8c42e-0ec2-4d85-8709-0b5658a46b38,1627403929870,13.3840103,52.4562628,7.1387396,0.22977562,0.5071738,-1.8322396,on bike mount,cyclo cross,False,mixed,mixed
159ca764-8e69-45a9-9fa3-39079fb69985,e08ed661-73a4-4506-89e3-5d9b18b9e971,56781bf3-8549-4ba4-bcde-b5a6b3e0d362,1627403929919,13.3840103,52.4562628,7.1387396,-1.320168,1.3135583,-0.9028683,on bike mount,cyclo cross,False,mixed,mixed
159ca764-8e69-45a9-9fa3-39079fb69985,e08ed661-73a4-4506-89e3-5d9b18b9e971,12a5f0bb-4c33-48e3-9928-62535204660b,1627403929969,13.3840103,52.4562628,7.1387396,0.27561626,2.0737329,1.3954878,on bike mount,cyclo cross,False,mixed,mixed
159ca764-8e69-45a9-9fa3-39079fb69985,e08ed661-73a4-4506-89e3-5d9b18b9e971,1cd8770a-891c-4947-b5dc-e81c66c75157,1627403930019,13.3840103,52.4562628,7.1387396,-0.46417683,0.48630667,-0.59187126,on bike mount,cyclo cross,False,mixed,mixed
159ca764-8e69-45a9-9fa3-39079fb69985,e08ed661-73a4-4506-89e3-5d9b18b9e971,792a1691-c574-4e2e-9468-cccb292799a8,1627403930071,13.3840103,52.4562628,7.1387396,1.9491823,-2.6079378,-1.6332979,on bike mount,cyclo cross,False,mixed,mixed
159ca764-8e69-45a9-9fa3-39079fb69985,e08ed661-73a4-4506-89e3-5d9b18b9e971,35ad3721-7115-4432-87d7-73fdb7d9ac88,1627403930120,13.3840056,52.4563297,7.1369214,0.54290134,0.057197094,-1.6128335,on bike mount,cyclo cross,False,mixed,mixed
159ca764-8e69-45a9-9fa3-39079fb69985,e08ed661-73a4-4506-89e3-5d9b18b9e971,662d30b1-732a-4a04-8751-8da2047d2347,1627403930170,13.3840056,52.4563297,7.1369214,-0.284572,2.550799,0.4152727,on bike mount,cyclo cross,False,mixed,mixed
159ca764-8e69-45a9-9fa3-39079fb69985,e08ed661-73a4-4506-89e3-5d9b18b9e971,a9df6e74-5b24-40e5-bd8f-c5fdc5412b6c,1627403930220,13.3840056,52.4563297,7.1369214,-0.0035571158,0.37155938,1.3678122,on bike mount,cyclo cross,False,mixed,mixed
159ca764-8e69-45a9-9fa3-39079fb69985,e08ed661-73a4-4506-89e3-5d9b18b9e971,66acd589-9c12-4c82-9817-55fcc5c14146,1627403930270,13.3840056,52.4563297,7.1369214,1.461,-1.3726293,1.0887709,on bike mount,cyclo cross,False,mixed,mixed
159ca764-8e69-45a9-9fa3-39079fb69985,e08ed661-73a4-4506-89e3-5d9b18b9e971,fddedc39-963f-431c-b612-9ef989b74d71,1627403930321,13.3840056,52.4563297,7.1369214,-1.2055589,0.67521024,-2.9019485,on bike mount,cyclo cross,False,mixed,mixed
159ca764-8e69-45a9-9fa3-39079fb69985,e08ed661-73a4-4506-89e3-5d9b18b9e971,011ff3c7-aea5-4924-9f86-7d6342e31a43,1627403930371,13.3840056,52.4563297,7.1369214,-1.0976229,-0.064188,-2.3010077,on bike mount,cyclo cross,False,mixed,mixed
159ca764-8e69-45a9-9fa3-39079fb69985,e08ed661-73a4-4506-89e3-5d9b18b9e971,e938b104-9694-4e5c-b607-601c5e12d718,1627403930438,13.3840056,52.4563297,7.1369214,0.109250605,-0.7710397,-2.192616,on bike mount,cyclo cross,False,mixed,mixed
159ca764-8e69-45a9-9fa3-39079fb69985,e08ed661-73a4-4506-89e3-5d9b18b9e971,14a6a803-a3d3-4ba8-8117-0eec36fd67de,1627403930487,13.3840056,52.4563297,7.1369214,-2.0794902,1.1499472,-1.1297011,on bike mount,cyclo cross,False,mixed,mixed
159ca764-8e69-45a9-9fa3-39079fb69985,e08ed661-73a4-4506-89e3-5d9b18b9e971,fb159b3d-aa53-4ded-876e-f3b9ffa21afd,1627403930537,13.3840056,52.4563297,7.1369214,0.23044384,-2.3198085,-0.029522896,on bike mount,cyclo cross,False,mixed,mixed
159ca764-8e69-45a9-9fa3-39079fb69985,e08ed661-73a4-4506-89e3-5d9b18b9e971,65bdd98f-3241-4a3a-9d2c-de00d5746bcc,1627403930587,13.3840056,52.4563297,7.1369214,1.6529458,0.06390381,-0.33435535,on bike mount,cyclo cross,False,mixed,mixed
159ca764-8e69-45a9-9fa3-39079fb69985,e08ed661-73a4-4506-89e3-5d9b18b9e971,96223c9b-e3cd-464d-9f39-d7d90a1bfd36,1627403930637,13.3840056,52.4563297,7.1369214,-0.5249761,-0.26307607,1.2136517,on bike mount,cyclo cross,False,mixed,mixed
159ca764-8e69-45a9-9fa3-39079fb69985,e08ed661-73a4-4506-89e3-5d9b18b9e971,38c2bfc6-239b-4447-8373-6948b86e3bed,1627403930688,13.3840056,52.4563297,7.1369214,0.8199686,0.6155093,0.83915424,on bike mount,cyclo cross,False,mixed,mixed
159ca764-8e69-45a9-9fa3-39079fb69985,e08ed661-73a4-4506-89e3-5d9b18b9e971,ea80a6b7-975a-430e-a480-7d8f021fdea9,1627403930738,13.3840056,52.4563297,7.1369214,-0.43124008,-0.5300026,-2.3417597,on bike mount,cyclo cross,False,mixed,mixed
159ca764-8e69-45a9-9fa3-39079fb69985,e08ed661-73a4-4506-89e3-5d9b18b9e971,07480953-265e-495b-96c2-b15be4027a50,1627403930788,13.3840056,52.4563297,7.1369214,-0.7170673,-0.3834734,-0.54129505,on bike mount,cyclo cross,False,mixed,mixed
159ca764-8e69-45a9-9fa3-39079fb69985,e08ed661-73a4-4506-89e3-5d9b18b9e971,da7d1240-a0c6-4282-9415-0bbc4e212c5f,1627403930838,13.3840056,52.4563297,7.1369214,0.1605657,0.5226755,-0.44529247,on bike mount,cyclo cross,False,mixed,mixed
159ca764-8e69-45a9-9fa3-39079fb69985,e08ed661-73a4-4506-89e3-5d9b18b9e971,9f859f2e-f7fd-4059-bf5d-b6844607a9c4,1627403930888,13.3840056,52.4563297,7.1369214,0.16523181,-0.27431822,2.1531515,on bike mount,cyclo cross,False,mixed,mixed
159ca764-8e69-45a9-9fa3-39079fb69985,e08ed661-73a4-4506-89e3-5d9b18b9e971,a556b5d6-218e-4ecc-9069-a71f997fe796,1627403930939,13.3840056,52.4563297,7.1369214,0.81105155,2.4276247,-0.5272641,on bike mount,cyclo cross,False,mixed,mixed
159ca764-8e69-45a9-9fa3-39079fb69985,e08ed661-73a4-4506-89e3-5d9b18b9e971,ef9bd3fa-d703-4a60-b85c-fec783a9102b,1627403930990,13.3840056,52.4563297,7.1369214,-1.3795013,1.7913103,-3.565853,on bike mount,cyclo cross,False,mixed,mixed
159ca764-8e69-45a9-9fa3-39079fb69985,e08ed661-73a4-4506-89e3-5d9b18b9e971,1b6bb3aa-24a9-4249-8457-1df6bbc3869e,1627403931040,13.3840056,52.4563297,7.1369214,0.029729247,2.5156531,-0.59716225,on bike mount,cyclo cross,False,mixed,mixed
159ca764-8e69-45a9-9fa3-39079fb69985,e08ed661-73a4-4506-89e3-5d9b18b9e971,25d0ed93-d25b-4211-b9b4-7b01d58ef6b0,1627403931090,13.3840078,52.4563981,7.1532755,-0.5108012,-2.0089326,1.7793188,on bike mount,cyclo cross,False,mixed,mixed
159ca764-8e69-45a9-9fa3-39079fb69985,e08ed661-73a4-4506-89e3-5d9b18b9e971,9ffc229d-cbca-4a07-93be-ff7b69b80506,1627403931140,13.3840078,52.4563981,7.1532755,0.6405942,-1.9388292,-1.1341558,on bike mount,cyclo cross,False,mixed,mixed
159ca764-8e69-45a9-9fa3-39079fb69985,e08ed661-73a4-4506-89e3-5d9b18b9e971,a0b71552-2e90-4606-90e9-0082d1d7a3d9,1627403931204,13.3840078,52.4563981,7.1532755,-0.36763343,0.67661285,5.8523293,on bike mount,cyclo cross,False,mixed,mixed
159ca764-8e69-45a9-9fa3-39079fb69985,e08ed661-73a4-4506-89e3-5d9b18b9e971,940d5a3d-74b0-4b66-929c-7af6f0e3ca91,1627403931254,13.3840078,52.4563981,7.1532755,-1.2498912,0.56312895,0.5583658,on bike mount,cyclo cross,False,mixed,mixed
159ca764-8e69-45a9-9fa3-39079fb69985,e08ed661-73a4-4506-89e3-5d9b18b9e971,6d426be2-1abf-4e74-bc2a-266b99878b41,1627403931304,13.3840078,52.4563981,7.1532755,0.41422454,-0.89565384,2.3529148,on bike mount,cyclo cross,False,mixed,mixed
159ca764-8e69-45a9-9fa3-39079fb69985,e08ed661-73a4-4506-89e3-5d9b18b9e971,a70765f9-8cee-4fd9-95ff-c93bb5e9265b,1627403931354,13.3840078,52.4563981,7.1532755,-0.855049,1.5972757,-1.3235078,on bike mount,cyclo cross,False,mixed,mixed
159ca764-8e69-45a9-9fa3-39079fb69985,e08ed661-73a4-4506-89e3-5d9b18b9e971,e73bb314-2648-45f3-9e3e-092f1e44b616,1627403931405,13.3840078,52.4563981,7.1532755,0.26729783,0.3785243,-1.3321786,on bike mount,cyclo cross,False,mixed,mixed
159ca764-8e69-45a9-9fa3-39079fb69985,e08ed661-73a4-4506-89e3-5d9b18b9e971,0ee51dce-2f41-4f5d-8f64-6c327b045477,1627403931454,13.3840078,52.4563981,7.1532755,0.4058103,-1.1087464,2.9770632,on bike mount,cyclo cross,False,mixed,mixed
159ca764-8e69-45a9-9fa3-39079fb69985,e08ed661-73a4-4506-89e3-5d9b18b9e971,1f799254-1c39-45db-a817-c4802f61ff41,1627403931504,13.3840078,52.4563981,7.1532755,0.80827004,0.09655428,0.42681408,on bike mount,cyclo cross,False,mixed,mixed
159ca764-8e69-45a9-9fa3-39079fb69985,e08ed661-73a4-4506-89e3-5d9b18b9e971,db5c764a-5fbd-4cba-891e-3da7a5e0f87c,1627403931555,13.3840078,52.4563981,7.1532755,0.50253487,-1.8515706,0.25277805,on bike mount,cyclo cross,False,mixed,mixed
159ca764-8e69-45a9-9fa3-39079fb69985,e08ed661-73a4-4506-89e3-5d9b18b9e971,e542eb4a-64c2-426c-bbd0-03aa918155ee,1627403931605,13.3840078,52.4563981,7.1532755,-1.282986,-2.0198572,5.237447,on bike mount,cyclo cross,False,mixed,mixed
159ca764-8e69-45a9-9fa3-39079fb69985,e08ed661-73a4-4506-89e3-5d9b18b9e971,2691856d-5f44-482f-bd77-d3cf10c15faf,1627403931654,13.3840078,52.4563981,7.1532755,2.4911427,0.6215465,0.18203449,on bike mount,cyclo cross,False,mixed,mixed
159ca764-8e69-45a9-9fa3-39079fb69985,e08ed661-73a4-4506-89e3-5d9b18b9e971,746061db-9011-4d89-8407-03b6e4118c00,1627403931704,13.3840078,52.4563981,7.1532755,-0.5689893,1.4006095,1.7570095,on bike mount,cyclo cross,False,mixed,mixed
159ca764-8e69-45a9-9fa3-39079fb69985,e08ed661-73a4-4506-89e3-5d9b18b9e971,7eec4606-a372-4ccd-a275-a858074c2bf9,1627403931754,13.3840078,52.4563981,7.1532755,2.2832537,3.371122,-1.1388779,on bike mount,cyclo cross,False,mixed,mixed
159ca764-8e69-45a9-9fa3-39079fb69985,e08ed661-73a4-4506-89e3-5d9b18b9e971,5c7a877e-1c30-4ffd-ac80-8a0780f30cb9,1627403931804,13.3840078,52.4563981,7.1532755,-0.78017795,-1.4974806,2.0691366,on bike mount,cyclo cross,False,mixed,mixed
159ca764-8e69-45a9-9fa3-39079fb69985,e08ed661-73a4-4506-89e3-5d9b18b9e971,851e4400-8ba0-45d8-8eaf-4ac43c6a6b9d,1627403931854,13.3840078,52.4563981,7.1532755,1.7045968,-0.46120572,-1.5417905,on bike mount,cyclo cross,False,mixed,mixed
159ca764-8e69-45a9-9fa3-39079fb69985,e08ed661-73a4-4506-89e3-5d9b18b9e971,20e96662-46c8-45b5-8d19-318303bdbdbd,1627403931905,13.3840078,52.4563981,7.1532755,-0.23193681,-0.78587294,0.9152603,on bike mount,cyclo cross,False,mixed,mixed
159ca764-8e69-45a9-9fa3-39079fb69985,e08ed661-73a4-4506-89e3-5d9b18b9e971,d65a42fb-642b-482b-952d-eef53654cc46,1627403931971,13.3840078,52.4563981,7.1532755,0.381402,0.7353649,-0.44641304,on bike mount,cyclo cross,False,mixed,mixed
159ca764-8e69-45a9-9fa3-39079fb69985,e08ed661-73a4-4506-89e3-5d9b18b9e971,3e7b9c83-3a39-4427-8ca3-406be6ef6200,1627403932021,13.3840078,52.4563981,7.1532755,-0.9465102,-1.9023023,0.8513193,on bike mount,cyclo cross,False,mixed,mixed
159ca764-8e69-45a9-9fa3-39079fb69985,e08ed661-73a4-4506-89e3-5d9b18b9e971,d9e5b0c5-0e37-4793-9a52-c691ce33ea95,1627403932070,13.3840078,52.4563981,7.1532755,-0.3992976,-1.1717286,-1.2934585,on bike mount,cyclo cross,False,mixed,mixed
159ca764-8e69-45a9-9fa3-39079fb69985,e08ed661-73a4-4506-89e3-5d9b18b9e971,bae4503e-ea6d-47d9-beab-e652641ded06,1627403932120,13.3840047,52.456462,7.1356635,-0.07980034,-2.7425687,-2.1793885,on bike mount,cyclo cross,False,mixed,mixed
159ca764-8e69-45a9-9fa3-39079fb69985,e08ed661-73a4-4506-89e3-5d9b18b9e971,88be917a-f6b8-415e-ac72-25e99ee5ba51,1627403932170,13.3840047,52.456462,7.1356635,-0.24452513,0.48765135,-1.0534067,on bike mount,cyclo cross,False,mixed,mixed
159ca764-8e69-45a9-9fa3-39079fb69985,e08ed661-73a4-4506-89e3-5d9b18b9e971,9da81019-4c23-4c1b-84f1-f1e7833fffce,1627403932228,13.3840047,52.456462,7.1356635,-0.2248237,0.64141536,-0.45886993,on bike mount,cyclo cross,False,mixed,mixed
159ca764-8e69-45a9-9fa3-39079fb69985,e08ed661-73a4-4506-89e3-5d9b18b9e971,ba50e4ce-2ae4-46dd-bb1a-49a596df5cf6,1627403932278,13.3840047,52.456462,7.1356635,-0.94619715,-2.6696067,0.3179493,on bike mount,cyclo cross,False,mixed,mixed
159ca764-8e69-45a9-9fa3-39079fb69985,e08ed661-73a4-4506-89e3-5d9b18b9e971,b660f504-65f6-47b8-bf16-19da42b904e9,1627403932328,13.3840047,52.456462,7.1356635,0.3296167,0.4634652,-0.13695431,on bike mount,cyclo cross,False,mixed,mixed
159ca764-8e69-45a9-9fa3-39079fb69985,e08ed661-73a4-4506-89e3-5d9b18b9e971,f762f514-e202-4c53-831d-435254f6de3c,1627403932379,13.3840047,52.456462,7.1356635,-0.99059176,5.845619,-3.250431,on bike mount,cyclo cross,False,mixed,mixed
159ca764-8e69-45a9-9fa3-39079fb69985,e08ed661-73a4-4506-89e3-5d9b18b9e971,e6921cce-26d9-47ea-a773-89795235bf14,1627403932429,13.3840047,52.456462,7.1356635,-0.9865322,2.431468,1.84128,on bike mount,cyclo cross,False,mixed,mixed
159ca764-8e69-45a9-9fa3-39079fb69985,e08ed661-73a4-4506-89e3-5d9b18b9e971,39215e9b-9128-44a8-bf40-bbd7b041e227,1627403932479,13.3840047,52.456462,7.1356635,0.29369324,-0.4912641,0.89587975,on bike mount,cyclo cross,False,mixed,mixed
159ca764-8e69-45a9-9fa3-39079fb69985,e08ed661-73a4-4506-89e3-5d9b18b9e971,b1b3dceb-2041-4f11-a030-5b3bd19bbd13,1627403932529,13.3840047,52.456462,7.1356635,-0.78024536,-1.3599018,1.8845072,on bike mount,cyclo cross,False,mixed,mixed
159ca764-8e69-45a9-9fa3-39079fb69985,e08ed661-73a4-4506-89e3-5d9b18b9e971,ad596c3a-3531-4974-9d54-846b5f6da342,1627403932579,13.3840047,52.456462,7.1356635,0.8732461,1.1877375,1.1279526,on bike mount,cyclo cross,False,mixed,mixed
159ca764-8e69-45a9-9fa3-39079fb69985,e08ed661-73a4-4506-89e3-5d9b18b9e971,1d4b2bf3-47e1-4f07-b752-43a8cbff6d9d,1627403932630,13.3840047,52.456462,7.1356635,1.066822,0.9266696,-0.19479656,on bike mount,cyclo cross,False,mixed,mixed
159ca764-8e69-45a9-9fa3-39079fb69985,e08ed661-73a4-4506-89e3-5d9b18b9e971,bcda4259-b16d-42f2-a6bc-661b49f8d9cb,1627403932680,13.3840047,52.456462,7.1356635,1.0804238,-1.0071733,-0.5287733,on bike mount,cyclo cross,False,mixed,mixed
159ca764-8e69-45a9-9fa3-39079fb69985,e08ed661-73a4-4506-89e3-5d9b18b9e971,a0132038-65fe-4680-be3c-1898f5bcc67a,1627403932730,13.3840047,52.456462,7.1356635,-0.2792847,0.015037298,-0.8431606,on bike mount,cyclo cross,False,mixed,mixed
159ca764-8e69-45a9-9fa3-39079fb69985,e08ed661-73a4-4506-89e3-5d9b18b9e971,39128d69-a8c2-4172-96de-12988dde72ff,1627403932779,13.3840047,52.456462,7.1356635,0.49976936,1.9004955,0.22535133,on bike mount,cyclo cross,False,mixed,mixed
159ca764-8e69-45a9-9fa3-39079fb69985,e08ed661-73a4-4506-89e3-5d9b18b9e971,6b108482-b94b-49d6-a57a-6059fca516f0,1627403932830,13.3840047,52.456462,7.1356635,0.59712356,-0.8749161,4.064866,on bike mount,cyclo cross,False,mixed,mixed
159ca764-8e69-45a9-9fa3-39079fb69985,e08ed661-73a4-4506-89e3-5d9b18b9e971,824c94c9-bc36-495d-9dcc-82e79ab8c357,1627403932880,13.3840047,52.456462,7.1356635,-2.329848,0.4019351,4.0978556,on bike mount,cyclo cross,False,mixed,mixed
159ca764-8e69-45a9-9fa3-39079fb69985,e08ed661-73a4-4506-89e3-5d9b18b9e971,0908703c-d676-43bf-9e5e-4ddc860333d4,1627403932930,13.3840047,52.456462,7.1356635,-0.5438418,-0.70760965,-3.83082,on bike mount,cyclo cross,False,mixed,mixed
159ca764-8e69-45a9-9fa3-39079fb69985,e08ed661-73a4-4506-89e3-5d9b18b9e971,0bc69416-ef9d-424c-a495-658017684845,1627403932989,13.3840047,52.456462,7.1356635,2.1911821,1.0096929,-1.3845477,on bike mount,cyclo cross,False,mixed,mixed
159ca764-8e69-45a9-9fa3-39079fb69985,e08ed661-73a4-4506-89e3-5d9b18b9e971,7a37b4d0-0901-4dcd-b94e-58b973c1dede,1627403933039,13.3840047,52.456462,7.1356635,0.32378542,1.6651793,-1.2524977,on bike mount,cyclo cross,False,mixed,mixed
159ca764-8e69-45a9-9fa3-39079fb69985,e08ed661-73a4-4506-89e3-5d9b18b9e971,38b96196-9cae-412c-be15-95d76b3b8658,1627403933090,13.3840047,52.456462,7.1356635,0.51509786,-0.09019661,0.96293163,on bike mount,cyclo cross,False,mixed,mixed
159ca764-8e69-45a9-9fa3-39079fb69985,e08ed661-73a4-4506-89e3-5d9b18b9e971,b7b9e728-fd38-43e2-abbc-be0e6b70fcd9,1627403933141,13.3840059,52.456525,7.1120424,-1.042739,1.7225227,-0.77501106,on bike mount,cyclo cross,False,mixed,mixed
159ca764-8e69-45a9-9fa3-39079fb69985,e08ed661-73a4-4506-89e3-5d9b18b9e971,f50adf9a-5a21-4fe0-80d7-df20adbbc0b4,1627403933191,13.3840059,52.456525,7.1120424,-1.1610901,-1.6740131,0.56693935,on bike mount,cyclo cross,False,mixed,mixed
159ca764-8e69-45a9-9fa3-39079fb69985,e08ed661-73a4-4506-89e3-5d9b18b9e971,3f932207-6c93-41f6-bf2b-7845bf4fcddd,1627403933240,13.3840059,52.456525,7.1120424,-0.13141155,0.46369648,0.6729946,on bike mount,cyclo cross,False,mixed,mixed
159ca764-8e69-45a9-9fa3-39079fb69985,e08ed661-73a4-4506-89e3-5d9b18b9e971,29558522-37b7-4843-8c63-15930a9c16fb,1627403933290,13.3840059,52.456525,7.1120424,0.35436004,-2.0130348,-0.71164227,on bike mount,cyclo cross,False,mixed,mixed
159ca764-8e69-45a9-9fa3-39079fb69985,e08ed661-73a4-4506-89e3-5d9b18b9e971,4ffc5018-eacb-4dfc-a38d-1b3fa713bdce,1627403933340,13.3840059,52.456525,7.1120424,-0.8240377,4.896746,-1.4940839,on bike mount,cyclo cross,False,mixed,mixed
159ca764-8e69-45a9-9fa3-39079fb69985,e08ed661-73a4-4506-89e3-5d9b18b9e971,1cc9b6c0-59b3-4b8f-a6bc-561cc63559ef,1627403933391,13.3840059,52.456525,7.1120424,0.18778929,1.751416,0.05614376,on bike mount,cyclo cross,False,mixed,mixed
159ca764-8e69-45a9-9fa3-39079fb69985,e08ed661-73a4-4506-89e3-5d9b18b9e971,e3d54c64-9aac-4fa7-a061-3bd76e2a4f27,1627403933441,13.3840059,52.456525,7.1120424,1.8541586,0.40295458,0.012568474,on bike mount,cyclo cross,False,mixed,mixed
159ca764-8e69-45a9-9fa3-39079fb69985,e08ed661-73a4-4506-89e3-5d9b18b9e971,2d1a250b-6f40-41d6-9039-b3eb61eeaf11,1627403933491,13.3840059,52.456525,7.1120424,-1.4232879,-0.4167242,-0.23392963,on bike mount,cyclo cross,False,mixed,mixed
159ca764-8e69-45a9-9fa3-39079fb69985,e08ed661-73a4-4506-89e3-5d9b18b9e971,be651d3a-5d38-4218-b934-4b7b6e000c84,1627403933541,13.3840059,52.456525,7.1120424,0.49090254,-0.82082605,0.33025932,on bike mount,cyclo cross,False,mixed,mixed
159ca764-8e69-45a9-9fa3-39079fb69985,e08ed661-73a4-4506-89e3-5d9b18b9e971,3a504449-8f25-4d9e-aeab-6eac88e5fadf,1627403933590,13.3840059,52.456525,7.1120424,-0.5961582,-2.0018737,1.1325331,on bike mount,cyclo cross,False,mixed,mixed
159ca764-8e69-45a9-9fa3-39079fb69985,e08ed661-73a4-4506-89e3-5d9b18b9e971,cc39884d-ae3a-4c97-90fd-9acb0544186c,1627403933641,13.3840059,52.456525,7.1120424,-0.62052757,-2.0232766,0.8300419,on bike mount,cyclo cross,False,mixed,mixed
159ca764-8e69-45a9-9fa3-39079fb69985,e08ed661-73a4-4506-89e3-5d9b18b9e971,3e4f8fe5-6a0e-4635-adad-08bb02f2b392,1627403933691,13.3840059,52.456525,7.1120424,-0.9828,0.4632163,-0.4733286,on bike mount,cyclo cross,False,mixed,mixed
159ca764-8e69-45a9-9fa3-39079fb69985,e08ed661-73a4-4506-89e3-5d9b18b9e971,42028f52-57de-49d8-8956-c30534f0413c,1627403933755,13.3840059,52.456525,7.1120424,-0.8315122,-0.10724449,0.37758732,on bike mount,cyclo cross,False,mixed,mixed
159ca764-8e69-45a9-9fa3-39079fb69985,e08ed661-73a4-4506-89e3-5d9b18b9e971,123fff21-102b-43bb-b17c-026bd46c6d71,1627403933805,13.3840059,52.456525,7.1120424,0.20290881,-0.69060016,1.580658,on bike mount,cyclo cross,False,mixed,mixed
159ca764-8e69-45a9-9fa3-39079fb69985,e08ed661-73a4-4506-89e3-5d9b18b9e971,e96f686d-6689-4b77-a207-fc038175706c,1627403933854,13.3840059,52.456525,7.1120424,-0.096130915,-1.0907956,0.47585106,on bike mount,cyclo cross,False,mixed,mixed
159ca764-8e69-45a9-9fa3-39079fb69985,e08ed661-73a4-4506-89e3-5d9b18b9e971,7f24878c-efcf-492e-a8a6-9a720b743674,1627403933905,13.3840059,52.456525,7.1120424,0.6230409,1.1228297,0.30490494,on bike mount,cyclo cross,False,mixed,mixed
159ca764-8e69-45a9-9fa3-39079fb69985,e08ed661-73a4-4506-89e3-5d9b18b9e971,57cf762e-ea13-4f59-b25f-91b497c24725,1627403933955,13.3840059,52.456525,7.1120424,-0.2695244,0.9487934,0.34872437,on bike mount,cyclo cross,False,mixed,mixed
159ca764-8e69-45a9-9fa3-39079fb69985,e08ed661-73a4-4506-89e3-5d9b18b9e971,9afc0e14-f45f-4261-ada0-32921742f6b7,1627403934005,13.3840059,52.456525,7.1120424,-0.2643585,-0.41687584,-2.640162,on bike mount,cyclo cross,False,mixed,mixed
159ca764-8e69-45a9-9fa3-39079fb69985,e08ed661-73a4-4506-89e3-5d9b18b9e971,e7b1ddcc-8016-4daf-bf74-d029283a7795,1627403934055,13.3840059,52.456525,7.1120424,0.09907469,1.2845035,-0.35492325,on bike mount,cyclo cross,False,mixed,mixed
159ca764-8e69-45a9-9fa3-39079fb69985,e08ed661-73a4-4506-89e3-5d9b18b9e971,13c83b9c-9adb-40ef-8db6-63f73f468afc,1627403934105,13.3840078,52.4565875,7.0941157,0.4803894,-3.353495,0.5497179,on bike mount,cyclo cross,False,mixed,mixed
159ca764-8e69-45a9-9fa3-39079fb69985,e08ed661-73a4-4506-89e3-5d9b18b9e971,85527471-53c8-48bb-833e-f9bdfc9d11b0,1627403934155,13.3840078,52.4565875,7.0941157,0.15165946,-0.113271,1.9403315,on bike mount,cyclo cross,False,mixed,mixed
159ca764-8e69-45a9-9fa3-39079fb69985,e08ed661-73a4-4506-89e3-5d9b18b9e971,99e327f9-254f-4e9e-a786-b35f4d36f3ce,1627403934205,13.3840078,52.4565875,7.0941157,-0.1121234,0.7601025,-0.098002434,on bike mount,cyclo cross,False,mixed,mixed
159ca764-8e69-45a9-9fa3-39079fb69985,e08ed661-73a4-4506-89e3-5d9b18b9e971,246102e2-2f7a-4837-a8f9-65d5ae49e815,1627403934256,13.3840078,52.4565875,7.0941157,0.7623772,-0.0036623478,2.2141323,on bike mount,cyclo cross,False,mixed,mixed
159ca764-8e69-45a9-9fa3-39079fb69985,e08ed661-73a4-4506-89e3-5d9b18b9e971,1b094733-91cd-4aa2-98ad-ee1e93185f6f,1627403934306,13.3840078,52.4565875,7.0941157,0.08209279,-1.5406789,0.014636993,on bike mount,cyclo cross,False,mixed,mixed
159ca764-8e69-45a9-9fa3-39079fb69985,e08ed661-73a4-4506-89e3-5d9b18b9e971,0c8e2a43-e1ff-4a5c-a890-9b040a71d12e,1627403934355,13.3840078,52.4565875,7.0941157,0.32374167,0.17990708,-0.87880373,on bike mount,cyclo cross,False,mixed,mixed
159ca764-8e69-45a9-9fa3-39079fb69985,e08ed661-73a4-4506-89e3-5d9b18b9e971,0f9c7a9a-fe9a-41bf-b4e1-3e1d3f225e81,1627403934406,13.3840078,52.4565875,7.0941157,-0.17367303,1.5020409,-0.58468246,on bike mount,cyclo cross,False,mixed,mixed
159ca764-8e69-45a9-9fa3-39079fb69985,e08ed661-73a4-4506-89e3-5d9b18b9e971,b6df4b0c-8b63-4c74-8cca-9d74763dece6,1627403934456,13.3840078,52.4565875,7.0941157,-0.31659245,-2.4219875,-0.88895226,on bike mount,cyclo cross,False,mixed,mixed
159ca764-8e69-45a9-9fa3-39079fb69985,e08ed661-73a4-4506-89e3-5d9b18b9e971,d48c05be-80b8-4613-8efd-82eab8119622,1627403934506,13.3840078,52.4565875,7.0941157,0.17325905,-0.49112248,-1.3717217,on bike mount,cyclo cross,False,mixed,mixed
159ca764-8e69-45a9-9fa3-39079fb69985,e08ed661-73a4-4506-89e3-5d9b18b9e971,87b48ba7-fcd1-409f-a7a9-199702ef9cd9,1627403934556,13.3840078,52.4565875,7.0941157,-0.43150797,1.150461,0.19626236,on bike mount,cyclo cross,False,mixed,mixed
159ca764-8e69-45a9-9fa3-39079fb69985,e08ed661-73a4-4506-89e3-5d9b18b9e971,bef7ced6-28e6-4050-84bb-fc0d4061378a,1627403934607,13.3840078,52.4565875,7.0941157,-0.14018422,-3.7291303,6.764575,on bike mount,cyclo cross,False,mixed,mixed
159ca764-8e69-45a9-9fa3-39079fb69985,e08ed661-73a4-4506-89e3-5d9b18b9e971,2bfcdab7-c878-4637-8f5c-84278968d5c3,1627403934657,13.3840078,52.4565875,7.0941157,0.9738659,1.8030663,0.73485756,on bike mount,cyclo cross,False,mixed,mixed
159ca764-8e69-45a9-9fa3-39079fb69985,e08ed661-73a4-4506-89e3-5d9b18b9e971,67063b61-9be8-4227-b239-0ae962eddaf3,1627403934707,13.3840078,52.4565875,7.0941157,0.1137079,-0.32373142,1.0463085,on bike mount,cyclo cross,False,mixed,mixed
159ca764-8e69-45a9-9fa3-39079fb69985,e08ed661-73a4-4506-89e3-5d9b18b9e971,a1078580-ddb0-4522-ae91-8e4c141c5a76,1627403934757,13.3840078,52.4565875,7.0941157,0.33158976,1.1421957,0.39694405,on bike mount,cyclo cross,False,mixed,mixed
159ca764-8e69-45a9-9fa3-39079fb69985,e08ed661-73a4-4506-89e3-5d9b18b9e971,920fdac7-92bd-437d-9022-205e8ba2173c,1627403934807,13.3840078,52.4565875,7.0941157,-1.5668081,0.1817317,0.17799282,on bike mount,cyclo cross,False,mixed,mixed
159ca764-8e69-45a9-9fa3-39079fb69985,e08ed661-73a4-4506-89e3-5d9b18b9e971,42e37081-ad9c-445b-ab30-60693b80f95f,1627403934857,13.3840078,52.4565875,7.0941157,0.54792476,1.6520333,-1.0761743,on bike mount,cyclo cross,False,mixed,mixed
159ca764-8e69-45a9-9fa3-39079fb69985,e08ed661-73a4-4506-89e3-5d9b18b9e971,7daf3110-6735-4be9-ace9-04f4150eee53,1627403934907,13.3840078,52.4565875,7.0941157,-0.27362537,1.4137149,-0.45024204,on bike mount,cyclo cross,False,mixed,mixed
159ca764-8e69-45a9-9fa3-39079fb69985,e08ed661-73a4-4506-89e3-5d9b18b9e971,9ece6be1-c126-452d-86f9-a8d8abd0b327,1627403934957,13.3840078,52.4565875,7.0941157,-0.19904795,0.14352918,0.3427601,on bike mount,cyclo cross,False,mixed,mixed
159ca764-8e69-45a9-9fa3-39079fb69985,e08ed661-73a4-4506-89e3-5d9b18b9e971,782741cc-f74b-47e4-afd4-2207081b1d39,1627403935023,13.3840078,52.4565875,7.0941157,-0.3769179,-0.6496768,0.5827217,on bike mount,cyclo cross,False,mixed,mixed
159ca764-8e69-45a9-9fa3-39079fb69985,e08ed661-73a4-4506-89e3-5d9b18b9e971,7ec89ca0-88b7-41e6-9b76-50b227910f67,1627403935074,13.3840078,52.4565875,7.0941157,0.2862254,-1.7255319,2.6258297,on bike mount,cyclo cross,False,mixed,mixed
159ca764-8e69-45a9-9fa3-39079fb69985,e08ed661-73a4-4506-89e3-5d9b18b9e971,45d8c08f-2ff0-419d-b0d0-abc7e4533e7f,1627403935124,13.3840104,52.4566536,7.12235,1.810781,-2.2472243,3.74535,on bike mount,cyclo cross,False,mixed,mixed
159ca764-8e69-45a9-9fa3-39079fb69985,e08ed661-73a4-4506-89e3-5d9b18b9e971,49f2a4e4-d426-4d78-bf70-748eeeaa208f,1627403935174,13.3840104,52.4566536,7.12235,0.567939,-0.9845991,-0.47634506,on bike mount,cyclo cross,False,mixed,mixed
159ca764-8e69-45a9-9fa3-39079fb69985,e08ed661-73a4-4506-89e3-5d9b18b9e971,6e2acb71-2c97-4db0-a9f5-9446429ef5c3,1627403935224,13.3840104,52.4566536,7.12235,-0.14779496,3.9742465,-3.0149493,on bike mount,cyclo cross,False,mixed,mixed
159ca764-8e69-45a9-9fa3-39079fb69985,e08ed661-73a4-4506-89e3-5d9b18b9e971,85b75b34-9b86-4bd1-b777-e364e2ac6215,1627403935273,13.3840104,52.4566536,7.12235,0.019170426,2.405139,-1.6538358,on bike mount,cyclo cross,False,mixed,mixed
159ca764-8e69-45a9-9fa3-39079fb69985,e08ed661-73a4-4506-89e3-5d9b18b9e971,8272b35f-e287-4c15-8c56-e23250a76c12,1627403935323,13.3840104,52.4566536,7.12235,1.0721136,-0.2497077,0.24977684,on bike mount,cyclo cross,False,mixed,mixed
159ca764-8e69-45a9-9fa3-39079fb69985,e08ed661-73a4-4506-89e3-5d9b18b9e971,684d407c-f22b-4522-a642-7f23ad290520,1627403935373,13.3840104,52.4566536,7.12235,-2.4335465,-1.275389,2.4622993,on bike mount,cyclo cross,False,mixed,mixed
159ca764-8e69-45a9-9fa3-39079fb69985,e08ed661-73a4-4506-89e3-5d9b18b9e971,4ced6cdf-f976-4f5b-9784-e8b20b1fb79f,1627403935423,13.3840104,52.4566536,7.12235,0.41506255,-2.286708,2.7270021,on bike mount,cyclo cross,False,mixed,mixed
159ca764-8e69-45a9-9fa3-39079fb69985,e08ed661-73a4-4506-89e3-5d9b18b9e971,6beafedc-8392-485a-829c-9e0ddba0bd84,1627403935473,13.3840104,52.4566536,7.12235,-0.559243,-0.1558857,-1.7057514,on bike mount,cyclo cross,False,mixed,mixed
159ca764-8e69-45a9-9fa3-39079fb69985,e08ed661-73a4-4506-89e3-5d9b18b9e971,68bcf01e-314a-4904-bd11-ad19be49a676,1627403935523,13.3840104,52.4566536,7.12235,0.15267673,-1.0247259,-0.9197445,on bike mount,cyclo cross,False,mixed,mixed
159ca764-8e69-45a9-9fa3-39079fb69985,e08ed661-73a4-4506-89e3-5d9b18b9e971,e38bd70f-734c-4052-ad3a-1af6676fca64,1627403935573,13.3840104,52.4566536,7.12235,0.942087,1.8024931,-2.3983727,on bike mount,cyclo cross,False,mixed,mixed
159ca764-8e69-45a9-9fa3-39079fb69985,e08ed661-73a4-4506-89e3-5d9b18b9e971,7d18ea4a-02b4-43a2-9bd3-19277165a088,1627403935622,13.3840104,52.4566536,7.12235,-1.0629632,-1.023723,2.096016,on bike mount,cyclo cross,False,mixed,mixed
159ca764-8e69-45a9-9fa3-39079fb69985,e08ed661-73a4-4506-89e3-5d9b18b9e971,6458fead-aeaf-4340-b576-aec2ca7ba841,1627403935674,13.3840104,52.4566536,7.12235,1.5797435,-0.23295212,0.4896326,on bike mount,cyclo cross,False,mixed,mixed
159ca764-8e69-45a9-9fa3-39079fb69985,e08ed661-73a4-4506-89e3-5d9b18b9e971,cf516e42-91cb-4b0e-bdc1-878426635c05,1627403935723,13.3840104,52.4566536,7.12235,0.5164048,0.54238176,-0.896472,on bike mount,cyclo cross,False,mixed,mixed
159ca764-8e69-45a9-9fa3-39079fb69985,e08ed661-73a4-4506-89e3-5d9b18b9e971,f055e444-381f-4321-9a46-aa6613a455bc,1627403935773,13.3840104,52.4566536,7.12235,0.22033107,-1.2072366,1.5056505,on bike mount,cyclo cross,False,mixed,mixed
159ca764-8e69-45a9-9fa3-39079fb69985,e08ed661-73a4-4506-89e3-5d9b18b9e971,58fd6cdb-99cd-4d06-9cb7-c78661591dba,1627403935823,13.3840104,52.4566536,7.12235,0.36237717,-0.5239785,1.0172682,on bike mount,cyclo cross,False,mixed,mixed
159ca764-8e69-45a9-9fa3-39079fb69985,e08ed661-73a4-4506-89e3-5d9b18b9e971,9fa0cf07-3dcc-45c3-8237-04cc0aebd572,1627403935873,13.3840104,52.4566536,7.12235,1.5193659,0.8749995,-2.567338,on bike mount,cyclo cross,False,mixed,mixed
159ca764-8e69-45a9-9fa3-39079fb69985,e08ed661-73a4-4506-89e3-5d9b18b9e971,7191f2de-3a9e-4ab4-8e33-903aa680592b,1627403935923,13.3840104,52.4566536,7.12235,0.6156432,-0.5059757,2.0799274,on bike mount,cyclo cross,False,mixed,mixed
159ca764-8e69-45a9-9fa3-39079fb69985,e08ed661-73a4-4506-89e3-5d9b18b9e971,cbdc0d0e-a188-44c3-8656-984fc419274e,1627403935973,13.3840104,52.4566536,7.12235,0.7021177,-0.96339965,-1.1778164,on bike mount,cyclo cross,False,mixed,mixed
159ca764-8e69-45a9-9fa3-39079fb69985,e08ed661-73a4-4506-89e3-5d9b18b9e971,fa3a52b9-4efd-485e-877b-c00671eb50fb,1627403936024,13.3840104,52.4566536,7.12235,-0.43271077,0.61463094,-0.6009197,on bike mount,cyclo cross,False,mixed,mixed
159ca764-8e69-45a9-9fa3-39079fb69985,e08ed661-73a4-4506-89e3-5d9b18b9e971,d62404fa-bcde-42ed-8d5f-8dfa5e89a2ca,1627403936074,13.3840104,52.4566536,7.12235,0.15558317,0.3545947,0.83820724,on bike mount,cyclo cross,False,mixed,mixed
159ca764-8e69-45a9-9fa3-39079fb69985,e08ed661-73a4-4506-89e3-5d9b18b9e971,17c287aa-9756-40b8-b205-6fbe00853b98,1627403936125,13.384012,52.4567206,7.1344814,0.5567204,0.7486181,-0.5501747,on bike mount,cyclo cross,False,mixed,mixed
159ca764-8e69-45a9-9fa3-39079fb69985,e08ed661-73a4-4506-89e3-5d9b18b9e971,516ad594-931c-4717-ac93-86ec6b828bc9,1627403936176,13.384012,52.4567206,7.1344814,-0.18954855,0.4028554,-1.0444098,on bike mount,cyclo cross,False,mixed,mixed
159ca764-8e69-45a9-9fa3-39079fb69985,e08ed661-73a4-4506-89e3-5d9b18b9e971,bd3c1a2e-c3da-4f4d-989f-832334804ed1,1627403936225,13.384012,52.4567206,7.1344814,0.6329375,-1.1461109,1.2014875,on bike mount,cyclo cross,False,mixed,mixed
159ca764-8e69-45a9-9fa3-39079fb69985,e08ed661-73a4-4506-89e3-5d9b18b9e971,c1a9c2bf-b28f-4116-b94f-c5b5606b50b1,1627403936290,13.384012,52.4567206,7.1344814,0.951379,0.1811893,1.0754452,on bike mount,cyclo cross,False,mixed,mixed
159ca764-8e69-45a9-9fa3-39079fb69985,e08ed661-73a4-4506-89e3-5d9b18b9e971,bb441baf-55f5-43a8-be30-810a05b4a021,1627403936340,13.384012,52.4567206,7.1344814,1.0611804,-1.8367736,0.96493435,on bike mount,cyclo cross,False,mixed,mixed
159ca764-8e69-45a9-9fa3-39079fb69985,e08ed661-73a4-4506-89e3-5d9b18b9e971,4f444a45-487d-4950-9214-eb2f7dd29e5e,1627403936390,13.384012,52.4567206,7.1344814,-0.63849616,1.1951427,-1.1303191,on bike mount,cyclo cross,False,mixed,mixed
159ca764-8e69-45a9-9fa3-39079fb69985,e08ed661-73a4-4506-89e3-5d9b18b9e971,7c127c73-6e9f-42df-81a4-bfb79e8aef74,1627403936440,13.384012,52.4567206,7.1344814,-0.040153146,-2.3970823,1.0242319,on bike mount,cyclo cross,False,mixed,mixed
159ca764-8e69-45a9-9fa3-39079fb69985,e08ed661-73a4-4506-89e3-5d9b18b9e971,91a42668-6026-4ca3-8f04-4b46baeebe01,1627403936490,13.384012,52.4567206,7.1344814,0.21692164,-1.1735122,0.047203064,on bike mount,cyclo cross,False,mixed,mixed
159ca764-8e69-45a9-9fa3-39079fb69985,e08ed661-73a4-4506-89e3-5d9b18b9e971,8c7034af-052f-4a3b-805e-c22282336353,1627403936540,13.384012,52.4567206,7.1344814,1.2293956,1.4075742,-2.82133,on bike mount,cyclo cross,False,mixed,mixed
159ca764-8e69-45a9-9fa3-39079fb69985,e08ed661-73a4-4506-89e3-5d9b18b9e971,362e6222-1bc7-44b0-839a-dc0e586905cf,1627403936590,13.384012,52.4567206,7.1344814,0.8391072,0.5578637,-0.9592571,on bike mount,cyclo cross,False,mixed,mixed
159ca764-8e69-45a9-9fa3-39079fb69985,e08ed661-73a4-4506-89e3-5d9b18b9e971,b11df599-72df-4578-9054-af3f09a6f6d7,1627403936641,13.384012,52.4567206,7.1344814,0.24664994,0.66580534,0.12549686,on bike mount,cyclo cross,False,mixed,mixed
159ca764-8e69-45a9-9fa3-39079fb69985,e08ed661-73a4-4506-89e3-5d9b18b9e971,89fc80ea-bc2f-4765-8c49-e3e089486b0b,1627403936691,13.384012,52.4567206,7.1344814,0.679236,0.8045542,-0.04133606,on bike mount,cyclo cross,False,mixed,mixed
159ca764-8e69-45a9-9fa3-39079fb69985,e08ed661-73a4-4506-89e3-5d9b18b9e971,0209d5df-1b16-4a20-9b6c-693a5a4fe163,1627403936741,13.384012,52.4567206,7.1344814,-0.6106845,-0.4398079,1.2846117,on bike mount,cyclo cross,False,mixed,mixed
159ca764-8e69-45a9-9fa3-39079fb69985,e08ed661-73a4-4506-89e3-5d9b18b9e971,6f1122da-2b11-400e-b40c-a10a42ffe5a3,1627403936792,13.384012,52.4567206,7.1344814,0.17382379,-0.104812145,-2.558703,on bike mount,cyclo cross,False,mixed,mixed
159ca764-8e69-45a9-9fa3-39079fb69985,e08ed661-73a4-4506-89e3-5d9b18b9e971,7b2f7e19-5501-4cdd-a3d1-d6e74fcd8a9b,1627403936843,13.384012,52.4567206,7.1344814,-0.3987434,1.7698512,-1.8787374,on bike mount,cyclo cross,False,mixed,mixed
159ca764-8e69-45a9-9fa3-39079fb69985,e08ed661-73a4-4506-89e3-5d9b18b9e971,34508179-c9ed-4dd4-9475-0603b2089904,1627403936893,13.384012,52.4567206,7.1344814,0.53058594,-1.3657224,-0.25908947,on bike mount,cyclo cross,False,mixed,mixed
159ca764-8e69-45a9-9fa3-39079fb69985,e08ed661-73a4-4506-89e3-5d9b18b9e971,c4ed82b8-0490-44fa-bd32-4ee1fc7a8197,1627403936942,13.384012,52.4567206,7.1344814,-0.47587216,0.041408062,0.23992538,on bike mount,cyclo cross,False,mixed,mixed
159ca764-8e69-45a9-9fa3-39079fb69985,e08ed661-73a4-4506-89e3-5d9b18b9e971,fb54b89a-b83d-4a08-b0ad-132e31a39f54,1627403936992,13.384012,52.4567206,7.1344814,0.47811675,-2.4324522,-0.56145763,on bike mount,cyclo cross,False,mixed,mixed
159ca764-8e69-45a9-9fa3-39079fb69985,e08ed661-73a4-4506-89e3-5d9b18b9e971,1a00878d-f766-4ba4-acbd-d9539288d504,1627403937060,13.384012,52.4567206,7.1344814,-0.8461375,-0.1235764,-0.79116154,on bike mount,cyclo cross,False,mixed,mixed
159ca764-8e69-45a9-9fa3-39079fb69985,e08ed661-73a4-4506-89e3-5d9b18b9e971,a2aaf8c6-d7d0-41b8-86b7-fbe08c3523b9,1627403937110,13.3840129,52.4567879,7.148063,1.2407615,0.4006834,-0.7883959,on bike mount,cyclo cross,False,mixed,mixed
159ca764-8e69-45a9-9fa3-39079fb69985,e08ed661-73a4-4506-89e3-5d9b18b9e971,338b1879-4de5-42fc-8797-a0b229517323,1627403937161,13.3840129,52.4567879,7.148063,-0.3415817,-3.3605857,0.5880785,on bike mount,cyclo cross,False,mixed,mixed
159ca764-8e69-45a9-9fa3-39079fb69985,e08ed661-73a4-4506-89e3-5d9b18b9e971,57cc7423-3e40-4de2-bdc4-7c97b3c7a9e7,1627403937211,13.3840129,52.4567879,7.148063,0.44629854,2.5547261,-0.8830528,on bike mount,cyclo cross,False,mixed,mixed
159ca764-8e69-45a9-9fa3-39079fb69985,e08ed661-73a4-4506-89e3-5d9b18b9e971,259fda6a-e459-4706-a84d-4a12ab056e67,1627403937261,13.3840129,52.4567879,7.148063,-0.71062005,0.8233628,0.5375519,on bike mount,cyclo cross,False,mixed,mixed
159ca764-8e69-45a9-9fa3-39079fb69985,e08ed661-73a4-4506-89e3-5d9b18b9e971,321616a0-683d-485a-9b73-53cfcdcbd8e3,1627403937313,13.3840129,52.4567879,7.148063,0.9293049,-1.6413456,0.47550678,on bike mount,cyclo cross,False,mixed,mixed
159ca764-8e69-45a9-9fa3-39079fb69985,e08ed661-73a4-4506-89e3-5d9b18b9e971,c9873b3d-a241-46ca-b04f-aa02efdca70e,1627403937363,13.3840129,52.4567879,7.148063,0.49839804,1.3673604,-1.2421627,on bike mount,cyclo cross,False,mixed,mixed
159ca764-8e69-45a9-9fa3-39079fb69985,e08ed661-73a4-4506-89e3-5d9b18b9e971,3939cfcf-1b29-4ffc-9fa6-97763fe0a044,1627403937413,13.3840129,52.4567879,7.148063,-1.6532941,-0.5257027,2.678894,on bike mount,cyclo cross,False,mixed,mixed
159ca764-8e69-45a9-9fa3-39079fb69985,e08ed661-73a4-4506-89e3-5d9b18b9e971,ab5297b7-9474-44f2-8c1f-94b63d3227ba,1627403937462,13.3840129,52.4567879,7.148063,0.36028698,-0.10335326,-0.036548615,on bike mount,cyclo cross,False,mixed,mixed
159ca764-8e69-45a9-9fa3-39079fb69985,e08ed661-73a4-4506-89e3-5d9b18b9e971,3411ba3c-9cb6-4ad4-aa64-b1c323ca23cb,1627403937512,13.3840129,52.4567879,7.148063,-0.31689346,-1.2857392,-0.33188057,on bike mount,cyclo cross,False,mixed,mixed
159ca764-8e69-45a9-9fa3-39079fb69985,e08ed661-73a4-4506-89e3-5d9b18b9e971,f207c13f-9a4a-47c5-bc68-a78841a17a23,1627403937575,13.3840129,52.4567879,7.148063,-0.015238643,-0.5406041,-0.29054546,on bike mount,cyclo cross,False,mixed,mixed
159ca764-8e69-45a9-9fa3-39079fb69985,e08ed661-73a4-4506-89e3-5d9b18b9e971,512c995e-fef5-405b-92f9-0aa854f958c1,1627403937624,13.3840129,52.4567879,7.148063,-0.33511218,0.16171265,0.34720898,on bike mount,cyclo cross,False,mixed,mixed
159ca764-8e69-45a9-9fa3-39079fb69985,e08ed661-73a4-4506-89e3-5d9b18b9e971,ba8591bc-80fc-44d0-bae8-313256a8ac16,1627403937674,13.3840129,52.4567879,7.148063,-0.581147,1.1321101,-1.8388252,on bike mount,cyclo cross,False,mixed,mixed
159ca764-8e69-45a9-9fa3-39079fb69985,e08ed661-73a4-4506-89e3-5d9b18b9e971,dd384e97-c407-47d3-af02-9478b3dda6a3,1627403937724,13.3840129,52.4567879,7.148063,-0.7732183,1.608048,-0.9068446,on bike mount,cyclo cross,False,mixed,mixed
159ca764-8e69-45a9-9fa3-39079fb69985,e08ed661-73a4-4506-89e3-5d9b18b9e971,58f6df16-d194-4cfe-af5f-92ae623bdbb2,1627403937774,13.3840129,52.4567879,7.148063,-0.08340697,0.44797802,1.3798265,on bike mount,cyclo cross,False,mixed,mixed
159ca764-8e69-45a9-9fa3-39079fb69985,e08ed661-73a4-4506-89e3-5d9b18b9e971,f6d48d99-9230-49a4-ad26-f047575a5019,1627403937825,13.3840129,52.4567879,7.148063,-0.9673023,-0.2421112,1.2274332,on bike mount,cyclo cross,False,mixed,mixed
159ca764-8e69-45a9-9fa3-39079fb69985,e08ed661-73a4-4506-89e3-5d9b18b9e971,f31ab41d-e6b8-4354-b5c3-3e5e65f143fe,1627403937875,13.3840129,52.4567879,7.148063,-0.3730945,-0.9732225,-0.6511302,on bike mount,cyclo cross,False,mixed,mixed
159ca764-8e69-45a9-9fa3-39079fb69985,e08ed661-73a4-4506-89e3-5d9b18b9e971,15bcbc8d-bef5-47c5-9b1f-78f572bb68f4,1627403937925,13.3840129,52.4567879,7.148063,0.7996068,-0.33206606,0.35454082,on bike mount,cyclo cross,False,mixed,mixed
159ca764-8e69-45a9-9fa3-39079fb69985,e08ed661-73a4-4506-89e3-5d9b18b9e971,6df0d4fb-2226-44a6-b7cd-14739ad12fff,1627403937976,13.3840129,52.4567879,7.148063,-0.831108,0.89284563,-0.98715496,on bike mount,cyclo cross,False,mixed,mixed
159ca764-8e69-45a9-9fa3-39079fb69985,e08ed661-73a4-4506-89e3-5d9b18b9e971,a30a6222-071d-4bcc-a9e3-ce31f0e18b63,1627403938026,13.3840129,52.4567879,7.148063,0.04756169,0.85162115,-1.4350104,on bike mount,cyclo cross,False,mixed,mixed
159ca764-8e69-45a9-9fa3-39079fb69985,e08ed661-73a4-4506-89e3-5d9b18b9e971,697cf153-f4df-4ff7-b015-4fffd35a8180,1627403938094,13.3840129,52.4567879,7.148063,0.20473018,-1.1618094,0.058807373,on bike mount,cyclo cross,False,mixed,mixed
159ca764-8e69-45a9-9fa3-39079fb69985,e08ed661-73a4-4506-89e3-5d9b18b9e971,4a4dd914-d4f9-4626-a127-907c8c6219b8,1627403938144,13.3840112,52.456855,7.157355,-0.32978657,1.3029613,-0.13832188,on bike mount,cyclo cross,False,mixed,mixed
159ca764-8e69-45a9-9fa3-39079fb69985,e08ed661-73a4-4506-89e3-5d9b18b9e971,dad98fac-123c-491b-9da7-a217c3329e69,1627403938193,13.3840112,52.456855,7.157355,0.8125854,-1.3624022,-1.090024,on bike mount,cyclo cross,False,mixed,mixed
159ca764-8e69-45a9-9fa3-39079fb69985,e08ed661-73a4-4506-89e3-5d9b18b9e971,4bf27642-6783-4755-8b23-64187ee3b442,1627403938243,13.3840112,52.456855,7.157355,0.92386365,-0.97667503,-1.3938622,on bike mount,cyclo cross,False,mixed,mixed
159ca764-8e69-45a9-9fa3-39079fb69985,e08ed661-73a4-4506-89e3-5d9b18b9e971,00047dab-470f-43fd-9e7d-32d4b529b382,1627403938293,13.3840112,52.456855,7.157355,-0.52556455,-0.55117655,0.31046867,on bike mount,cyclo cross,False,mixed,mixed
159ca764-8e69-45a9-9fa3-39079fb69985,e08ed661-73a4-4506-89e3-5d9b18b9e971,4394157c-6dbd-4586-9eeb-4d4ddd7f9f2d,1627403938344,13.3840112,52.456855,7.157355,1.2097874,-1.8540033,0.74354553,on bike mount,cyclo cross,False,mixed,mixed
159ca764-8e69-45a9-9fa3-39079fb69985,e08ed661-73a4-4506-89e3-5d9b18b9e971,3fa427c6-043a-415f-98ce-a155d6afcfa1,1627403938394,13.3840112,52.456855,7.157355,0.3103929,0.9811797,-2.1525817,on bike mount,cyclo cross,False,mixed,mixed
159ca764-8e69-45a9-9fa3-39079fb69985,e08ed661-73a4-4506-89e3-5d9b18b9e971,82d4ef7a-0310-4f81-b0b9-7ecc9a4f368d,1627403938445,13.3840112,52.456855,7.157355,-0.07252115,2.3588781,0.6064215,on bike mount,cyclo cross,False,mixed,mixed
159ca764-8e69-45a9-9fa3-39079fb69985,e08ed661-73a4-4506-89e3-5d9b18b9e971,0cd00510-c6e8-4f71-baa1-80fd33727679,1627403938495,13.3840112,52.456855,7.157355,-1.1309688,-0.81924486,-0.7408314,on bike mount,cyclo cross,False,mixed,mixed
159ca764-8e69-45a9-9fa3-39079fb69985,e08ed661-73a4-4506-89e3-5d9b18b9e971,28adaaad-5ed6-4385-8f69-a205e06b5cf8,1627403938546,13.3840112,52.456855,7.157355,0.7137414,-2.8402534,-2.7842503,on bike mount,cyclo cross,False,mixed,mixed
159ca764-8e69-45a9-9fa3-39079fb69985,e08ed661-73a4-4506-89e3-5d9b18b9e971,269eed6b-5b6d-4f2c-9a0e-11a4006ea383,1627403938609,13.3840112,52.456855,7.157355,-0.5929859,0.81693983,-2.0050173,on bike mount,cyclo cross,False,mixed,mixed
159ca764-8e69-45a9-9fa3-39079fb69985,e08ed661-73a4-4506-89e3-5d9b18b9e971,bf3a3626-2f88-473a-9ce4-bc2ebcc8c091,1627403938659,13.3840112,52.456855,7.157355,0.21668795,-0.81096125,1.1521587,on bike mount,cyclo cross,False,mixed,mixed
159ca764-8e69-45a9-9fa3-39079fb69985,e08ed661-73a4-4506-89e3-5d9b18b9e971,78c4e93e-c671-40d0-9eb9-e8537becb87b,1627403938709,13.3840112,52.456855,7.157355,0.10594325,-0.77786803,1.3048363,on bike mount,cyclo cross,False,mixed,mixed
159ca764-8e69-45a9-9fa3-39079fb69985,e08ed661-73a4-4506-89e3-5d9b18b9e971,2cde429a-fb53-466a-9e84-a033e3d5fb07,1627403938759,13.3840112,52.456855,7.157355,-1.2973094,-0.45418978,-1.9152784,on bike mount,cyclo cross,False,mixed,mixed
159ca764-8e69-45a9-9fa3-39079fb69985,e08ed661-73a4-4506-89e3-5d9b18b9e971,32f8d7e6-c247-4b75-92b2-e4cc4d4a05f0,1627403938809,13.3840112,52.456855,7.157355,-0.16400185,-0.2977767,0.78112125,on bike mount,cyclo cross,False,mixed,mixed
159ca764-8e69-45a9-9fa3-39079fb69985,e08ed661-73a4-4506-89e3-5d9b18b9e971,3911de8a-ddc5-4081-8152-8deaf5421b2e,1627403938877,13.3840112,52.456855,7.157355,0.49226356,0.46278286,1.9296293,on bike mount,cyclo cross,False,mixed,mixed
159ca764-8e69-45a9-9fa3-39079fb69985,e08ed661-73a4-4506-89e3-5d9b18b9e971,7c1f167f-80a9-4b6b-9f88-2f76d0d2dbca,1627403938926,13.3840112,52.456855,7.157355,1.131785,-3.1239479,2.2446032,on bike mount,cyclo cross,False,mixed,mixed
159ca764-8e69-45a9-9fa3-39079fb69985,e08ed661-73a4-4506-89e3-5d9b18b9e971,2a47fa89-0b48-426c-861c-a8d5419aa0f8,1627403938976,13.3840112,52.456855,7.157355,1.9628057,-0.38651586,-0.5973406,on bike mount,cyclo cross,False,mixed,mixed
159ca764-8e69-45a9-9fa3-39079fb69985,e08ed661-73a4-4506-89e3-5d9b18b9e971,3de3362b-f1cd-4ff8-8390-ecdf10419d1a,1627403939026,13.3840112,52.456855,7.157355,1.3093385,0.60439396,-0.20433521,on bike mount,cyclo cross,False,mixed,mixed
159ca764-8e69-45a9-9fa3-39079fb69985,e08ed661-73a4-4506-89e3-5d9b18b9e971,13a657b2-5b9b-43ef-bad4-623b419aeb47,1627403939076,13.3840112,52.456855,7.157355,0.18824908,-0.38236523,-0.11782551,on bike mount,cyclo cross,False,mixed,mixed
159ca764-8e69-45a9-9fa3-39079fb69985,e08ed661-73a4-4506-89e3-5d9b18b9e971,6b53fcfa-0ce4-4c6b-b376-98dd39005d1a,1627403939125,13.3840179,52.4569208,7.1633883,0.09402052,1.6685991,0.7196646,on bike mount,cyclo cross,False,mixed,mixed
159ca764-8e69-45a9-9fa3-39079fb69985,e08ed661-73a4-4506-89e3-5d9b18b9e971,530e0288-6f10-497d-8091-82fc222ba2e5,1627403939175,13.3840179,52.4569208,7.1633883,0.640501,-0.8283503,0.7402096,on bike mount,cyclo cross,False,mixed,mixed
159ca764-8e69-45a9-9fa3-39079fb69985,e08ed661-73a4-4506-89e3-5d9b18b9e971,c515d8d4-a241-4001-aa68-b64608d1cdcc,1627403939226,13.3840179,52.4569208,7.1633883,-0.28390467,-0.43027377,0.8964615,on bike mount,cyclo cross,False,mixed,mixed
159ca764-8e69-45a9-9fa3-39079fb69985,e08ed661-73a4-4506-89e3-5d9b18b9e971,d49d8eac-b9b8-4b0c-b8cd-0194cc45b42c,1627403939277,13.3840179,52.4569208,7.1633883,-1.4601362,0.13713837,-1.0209436,on bike mount,cyclo cross,False,mixed,mixed
159ca764-8e69-45a9-9fa3-39079fb69985,e08ed661-73a4-4506-89e3-5d9b18b9e971,bbad207d-d4ec-4f76-becc-f69217ca1f11,1627403939328,13.3840179,52.4569208,7.1633883,0.40350103,0.47147727,2.430437,on bike mount,cyclo cross,False,mixed,mixed
159ca764-8e69-45a9-9fa3-39079fb69985,e08ed661-73a4-4506-89e3-5d9b18b9e971,d9db7ab2-5233-4214-a69c-6fe615763696,1627403939393,13.3840179,52.4569208,7.1633883,-0.16690642,-0.70864105,0.084830284,on bike mount,cyclo cross,False,mixed,mixed
159ca764-8e69-45a9-9fa3-39079fb69985,e08ed661-73a4-4506-89e3-5d9b18b9e971,5463c107-a49d-4bc1-b956-f7e867f5ec59,1627403939443,13.3840179,52.4569208,7.1633883,-0.63326126,-0.6333797,-0.8570738,on bike mount,cyclo cross,False,mixed,mixed
159ca764-8e69-45a9-9fa3-39079fb69985,e08ed661-73a4-4506-89e3-5d9b18b9e971,08b0ac45-2ec0-4edc-80af-f4d300def2ca,1627403939493,13.3840179,52.4569208,7.1633883,0.5433063,0.92001796,-0.6599226,on bike mount,cyclo cross,False,mixed,mixed
159ca764-8e69-45a9-9fa3-39079fb69985,e08ed661-73a4-4506-89e3-5d9b18b9e971,ce718191-d5a4-49c7-b47b-0830e2595ea4,1627403939544,13.3840179,52.4569208,7.1633883,-0.9410145,-0.40055013,0.9754181,on bike mount,cyclo cross,False,mixed,mixed
159ca764-8e69-45a9-9fa3-39079fb69985,e08ed661-73a4-4506-89e3-5d9b18b9e971,984f85dd-c36b-4eab-9680-ecf5d68cd11f,1627403939594,13.3840179,52.4569208,7.1633883,0.2923971,0.44215703,0.4243307,on bike mount,cyclo cross,False,mixed,mixed
159ca764-8e69-45a9-9fa3-39079fb69985,e08ed661-73a4-4506-89e3-5d9b18b9e971,bbfeb1dd-ee6b-4f47-88d4-d136d30da9f8,1627403939643,13.3840179,52.4569208,7.1633883,0.732249,-1.9029775,1.6349325,on bike mount,cyclo cross,False,mixed,mixed
159ca764-8e69-45a9-9fa3-39079fb69985,e08ed661-73a4-4506-89e3-5d9b18b9e971,a6002f04-6235-4856-bad2-98b31f23d509,1627403939692,13.3840179,52.4569208,7.1633883,0.68246394,-1.4474632,1.744751,on bike mount,cyclo cross,False,mixed,mixed
159ca764-8e69-45a9-9fa3-39079fb69985,e08ed661-73a4-4506-89e3-5d9b18b9e971,cd8ea7fe-b31a-4a67-8edf-14451b2a08fe,1627403939741,13.3840179,52.4569208,7.1633883,2.2372503,0.41739416,-7.7162385,on bike mount,cyclo cross,False,mixed,mixed
159ca764-8e69-45a9-9fa3-39079fb69985,e08ed661-73a4-4506-89e3-5d9b18b9e971,2a3502c2-44f6-434c-b43f-654a2f2c9691,1627403939791,13.3840179,52.4569208,7.1633883,2.3272347,-3.5210578,-0.62542343,on bike mount,cyclo cross,False,mixed,mixed
159ca764-8e69-45a9-9fa3-39079fb69985,e08ed661-73a4-4506-89e3-5d9b18b9e971,324352b5-f858-4636-9e18-5a78787579f1,1627403939841,13.3840179,52.4569208,7.1633883,3.1175458,0.64683723,1.7357035,on bike mount,cyclo cross,False,mixed,mixed
