bike_activity_uid,bike_activity_sample_uid,bike_activity_measurement,bike_activity_measurement_timestamp,bike_activity_measurement_lon,bike_activity_measurement_lat,bike_activity_measurement_speed,bike_activity_measurement_accelerometer_x,bike_activity_measurement_accelerometer_y,bike_activity_measurement_accelerometer_z,bike_activity_phone_position,bike_activity_bike_type,bike_activity_flagged_lab_conditions,bike_activity_surface_type,bike_activity_smoothness_type
1f3b5e1e-ffc4-4941-b268-04416bbafb19,a9634ace-5052-43c1-bca5-c14dde6b41a3,4e0af557-36c3-473f-8c21-3d7448cee76a,1633173283550,14.4505339,52.2134894,8.0956955,-0.3322001,-0.7698579,0.47798824,on bike mount,cyclo cross,True,asphalt,excellent
1f3b5e1e-ffc4-4941-b268-04416bbafb19,a9634ace-5052-43c1-bca5-c14dde6b41a3,8829d352-4cbb-43c3-a730-23f042e71ecd,1633173283617,14.4505339,52.2134894,8.0956955,-1.1623672,3.2356892,-1.6523628,on bike mount,cyclo cross,True,asphalt,excellent
1f3b5e1e-ffc4-4941-b268-04416bbafb19,a9634ace-5052-43c1-bca5-c14dde6b41a3,eb6e4ebf-274a-42d9-9601-e52be5a56c17,1633173283667,14.4505339,52.2134894,8.0956955,-0.019927159,0.665802,1.485815,on bike mount,cyclo cross,True,asphalt,excellent
1f3b5e1e-ffc4-4941-b268-04416bbafb19,a9634ace-5052-43c1-bca5-c14dde6b41a3,1dfd9719-4e2a-4cb8-9b1d-af0f4cf761a4,1633173283717,14.4505339,52.2134894,8.0956955,0.41983014,0.23401356,-0.17521477,on bike mount,cyclo cross,True,asphalt,excellent
1f3b5e1e-ffc4-4941-b268-04416bbafb19,a9634ace-5052-43c1-bca5-c14dde6b41a3,cc2b183e-23a1-406a-ada8-349976e4023e,1633173283767,14.4505339,52.2134894,8.0956955,0.83028907,0.102427244,0.17378426,on bike mount,cyclo cross,True,asphalt,excellent
1f3b5e1e-ffc4-4941-b268-04416bbafb19,a9634ace-5052-43c1-bca5-c14dde6b41a3,c8499d8e-78b0-4f4e-a573-364519181110,1633173283817,14.4505339,52.2134894,8.0956955,-1.732192,0.7705698,3.1838236,on bike mount,cyclo cross,True,asphalt,excellent
1f3b5e1e-ffc4-4941-b268-04416bbafb19,a9634ace-5052-43c1-bca5-c14dde6b41a3,378b6558-2979-43cc-95e1-85fd8b50b025,1633173283868,14.4505339,52.2134894,8.0956955,-0.69737756,-2.7249396,2.0037851,on bike mount,cyclo cross,True,asphalt,excellent
1f3b5e1e-ffc4-4941-b268-04416bbafb19,a9634ace-5052-43c1-bca5-c14dde6b41a3,9a95f162-d3d7-43ac-98b3-96a46791b007,1633173283933,14.4505339,52.2134894,8.0956955,0.5043161,0.11960125,3.357935,on bike mount,cyclo cross,True,asphalt,excellent
1f3b5e1e-ffc4-4941-b268-04416bbafb19,a9634ace-5052-43c1-bca5-c14dde6b41a3,596e0bb9-58db-4f7f-a7bf-699eba613e7a,1633173283985,14.4505699,52.2134176,8.122639,-1.8133937,-2.0344968,-0.8604975,on bike mount,cyclo cross,True,asphalt,excellent
1f3b5e1e-ffc4-4941-b268-04416bbafb19,a9634ace-5052-43c1-bca5-c14dde6b41a3,bf06dea2-391e-4b00-a5d1-66c516916f49,1633173284051,14.4505699,52.2134176,8.122639,0.9431374,-0.49746847,-0.72526646,on bike mount,cyclo cross,True,asphalt,excellent
1f3b5e1e-ffc4-4941-b268-04416bbafb19,a9634ace-5052-43c1-bca5-c14dde6b41a3,08b4dad6-0893-4b19-a251-44f1622020fc,1633173284102,14.4505699,52.2134176,8.122639,0.46959865,-1.3554136,2.4969463,on bike mount,cyclo cross,True,asphalt,excellent
1f3b5e1e-ffc4-4941-b268-04416bbafb19,a9634ace-5052-43c1-bca5-c14dde6b41a3,ac91ca99-7ecd-4d2b-8dcf-1e62d58e7e24,1633173284152,14.4505699,52.2134176,8.122639,-1.8074627,3.981379,-1.1656747,on bike mount,cyclo cross,True,asphalt,excellent
1f3b5e1e-ffc4-4941-b268-04416bbafb19,a9634ace-5052-43c1-bca5-c14dde6b41a3,5459f8fd-91d3-4044-956c-677cb636e2f7,1633173284218,14.4505699,52.2134176,8.122639,-0.48226586,0.54742503,-2.7333531,on bike mount,cyclo cross,True,asphalt,excellent
1f3b5e1e-ffc4-4941-b268-04416bbafb19,a9634ace-5052-43c1-bca5-c14dde6b41a3,725973f2-2ba9-47d3-b2a8-431ee9ee7f20,1633173284268,14.4505699,52.2134176,8.122639,0.654302,-2.7437756,1.611742,on bike mount,cyclo cross,True,asphalt,excellent
1f3b5e1e-ffc4-4941-b268-04416bbafb19,a9634ace-5052-43c1-bca5-c14dde6b41a3,52e76138-b3ed-4647-8807-0696a41a550d,1633173284318,14.4505699,52.2134176,8.122639,-0.7642617,1.526206,-0.8441992,on bike mount,cyclo cross,True,asphalt,excellent
1f3b5e1e-ffc4-4941-b268-04416bbafb19,a9634ace-5052-43c1-bca5-c14dde6b41a3,41307fd8-898a-4ff1-8617-b52b1f3c9209,1633173284368,14.4505699,52.2134176,8.122639,1.2443724,-1.146641,1.8918552,on bike mount,cyclo cross,True,asphalt,excellent
1f3b5e1e-ffc4-4941-b268-04416bbafb19,a9634ace-5052-43c1-bca5-c14dde6b41a3,a6b6f9b1-bbfd-4f6e-bbc6-14e443d39837,1633173284420,14.4505699,52.2134176,8.122639,-1.8359449,1.9618926,-0.81870174,on bike mount,cyclo cross,True,asphalt,excellent
1f3b5e1e-ffc4-4941-b268-04416bbafb19,a9634ace-5052-43c1-bca5-c14dde6b41a3,fbaaad09-8046-4ba5-8f73-6f978f79fad7,1633173284487,14.4505699,52.2134176,8.122639,-0.109896414,1.0434513,-0.5248594,on bike mount,cyclo cross,True,asphalt,excellent
1f3b5e1e-ffc4-4941-b268-04416bbafb19,a9634ace-5052-43c1-bca5-c14dde6b41a3,b9a19df4-3f88-41a7-b449-6a6b6d135b2f,1633173284537,14.4505699,52.2134176,8.122639,-1.5502623,0.10053635,-1.0284529,on bike mount,cyclo cross,True,asphalt,excellent
1f3b5e1e-ffc4-4941-b268-04416bbafb19,a9634ace-5052-43c1-bca5-c14dde6b41a3,3fb02f35-24e7-407a-a272-b170ef4033b3,1633173284602,14.4505699,52.2134176,8.122639,-0.65878975,-1.3494853,-1.7680583,on bike mount,cyclo cross,True,asphalt,excellent
1f3b5e1e-ffc4-4941-b268-04416bbafb19,a9634ace-5052-43c1-bca5-c14dde6b41a3,5a354f82-2eb7-42f9-b484-18131ee0dd9b,1633173284652,14.4505699,52.2134176,8.122639,1.2753698,-0.79912496,3.6373978,on bike mount,cyclo cross,True,asphalt,excellent
1f3b5e1e-ffc4-4941-b268-04416bbafb19,a9634ace-5052-43c1-bca5-c14dde6b41a3,589d04d4-7048-4b35-bf03-7cdd26044421,1633173284702,14.4505699,52.2134176,8.122639,0.578954,-0.54644513,-2.555193,on bike mount,cyclo cross,True,asphalt,excellent
1f3b5e1e-ffc4-4941-b268-04416bbafb19,a9634ace-5052-43c1-bca5-c14dde6b41a3,35169af3-3b9b-43de-91cc-f58ec895a8ed,1633173284753,14.4505699,52.2134176,8.122639,0.5626058,0.16415834,-0.08618736,on bike mount,cyclo cross,True,asphalt,excellent
1f3b5e1e-ffc4-4941-b268-04416bbafb19,a9634ace-5052-43c1-bca5-c14dde6b41a3,c4e68d28-8988-4eda-930b-95416f99937e,1633173284802,14.4505699,52.2134176,8.122639,2.1274855,-1.4757864,0.77380943,on bike mount,cyclo cross,True,asphalt,excellent
1f3b5e1e-ffc4-4941-b268-04416bbafb19,a9634ace-5052-43c1-bca5-c14dde6b41a3,8e2d1e7b-7e06-48b7-aec3-3869fa810bf9,1633173284853,14.4505699,52.2134176,8.122639,-1.8393264,0.6838274,-1.5552068,on bike mount,cyclo cross,True,asphalt,excellent
1f3b5e1e-ffc4-4941-b268-04416bbafb19,a9634ace-5052-43c1-bca5-c14dde6b41a3,779ace81-4e07-45b7-9de3-e0fd5be2062b,1633173284903,14.4505699,52.2134176,8.122639,1.0476164,-0.02164936,0.14807892,on bike mount,cyclo cross,True,asphalt,excellent
1f3b5e1e-ffc4-4941-b268-04416bbafb19,a9634ace-5052-43c1-bca5-c14dde6b41a3,26cbe5b7-44c6-4e4a-8661-48910310a90b,1633173284961,14.4505699,52.2134176,8.122639,1.2479402,0.11607671,1.3345127,on bike mount,cyclo cross,True,asphalt,excellent
1f3b5e1e-ffc4-4941-b268-04416bbafb19,a9634ace-5052-43c1-bca5-c14dde6b41a3,7fdd4188-9bb4-4597-9467-34163f467a16,1633173285018,14.450598,52.2133446,8.159355,-0.12913921,-1.2059971,-0.6407356,on bike mount,cyclo cross,True,asphalt,excellent
1f3b5e1e-ffc4-4941-b268-04416bbafb19,a9634ace-5052-43c1-bca5-c14dde6b41a3,9cc4178e-a5b1-42c8-b608-1fec7fad93f9,1633173285070,14.450598,52.2133446,8.159355,-0.13241722,-2.290102,0.63699245,on bike mount,cyclo cross,True,asphalt,excellent
1f3b5e1e-ffc4-4941-b268-04416bbafb19,a9634ace-5052-43c1-bca5-c14dde6b41a3,2af68641-066f-42ab-8d10-356d010056ed,1633173285120,14.450598,52.2133446,8.159355,-1.1333282,1.1326308,-0.5611391,on bike mount,cyclo cross,True,asphalt,excellent
1f3b5e1e-ffc4-4941-b268-04416bbafb19,a9634ace-5052-43c1-bca5-c14dde6b41a3,ff13db07-3599-495b-a954-a0ccb8a5e87a,1633173285170,14.450598,52.2133446,8.159355,0.55668825,0.06678033,1.3675928,on bike mount,cyclo cross,True,asphalt,excellent
1f3b5e1e-ffc4-4941-b268-04416bbafb19,a9634ace-5052-43c1-bca5-c14dde6b41a3,99ae8e20-fe0b-463a-9ef0-5520e036ed51,1633173285220,14.450598,52.2133446,8.159355,0.30176836,1.0088208,-1.903944,on bike mount,cyclo cross,True,asphalt,excellent
1f3b5e1e-ffc4-4941-b268-04416bbafb19,a9634ace-5052-43c1-bca5-c14dde6b41a3,35d236b1-b903-4637-8429-6df12748a2d5,1633173285270,14.450598,52.2133446,8.159355,-0.6186509,1.1969705,0.9967861,on bike mount,cyclo cross,True,asphalt,excellent
1f3b5e1e-ffc4-4941-b268-04416bbafb19,a9634ace-5052-43c1-bca5-c14dde6b41a3,7b66b1a9-12b3-4cef-8547-9a1f1252869f,1633173285320,14.450598,52.2133446,8.159355,-0.41685998,-0.31355214,2.6196365,on bike mount,cyclo cross,True,asphalt,excellent
1f3b5e1e-ffc4-4941-b268-04416bbafb19,a9634ace-5052-43c1-bca5-c14dde6b41a3,1f0e5b58-b08d-4679-9e15-b7f9f053d655,1633173285372,14.450598,52.2133446,8.159355,2.651243,-2.9865441,0.03408146,on bike mount,cyclo cross,True,asphalt,excellent
1f3b5e1e-ffc4-4941-b268-04416bbafb19,a9634ace-5052-43c1-bca5-c14dde6b41a3,8c9e693d-e61b-4288-8c5c-9d9a1bbbcd51,1633173285437,14.450598,52.2133446,8.159355,-0.7455839,-2.6061375,2.7446308,on bike mount,cyclo cross,True,asphalt,excellent
1f3b5e1e-ffc4-4941-b268-04416bbafb19,a9634ace-5052-43c1-bca5-c14dde6b41a3,a642e99a-dda3-4ed2-a3cc-96d6f063b29e,1633173285488,14.450598,52.2133446,8.159355,-1.7451618,2.7730205,-0.61796474,on bike mount,cyclo cross,True,asphalt,excellent
1f3b5e1e-ffc4-4941-b268-04416bbafb19,a9634ace-5052-43c1-bca5-c14dde6b41a3,7e276b43-9d98-40ac-a3a0-931f39cb1161,1633173285538,14.450598,52.2133446,8.159355,0.9664404,0.14010286,2.464714,on bike mount,cyclo cross,True,asphalt,excellent
1f3b5e1e-ffc4-4941-b268-04416bbafb19,a9634ace-5052-43c1-bca5-c14dde6b41a3,7fb59788-3a6e-42d2-8a12-757daf9cc751,1633173285605,14.450598,52.2133446,8.159355,1.7064114,-0.47100878,1.0291471,on bike mount,cyclo cross,True,asphalt,excellent
1f3b5e1e-ffc4-4941-b268-04416bbafb19,a9634ace-5052-43c1-bca5-c14dde6b41a3,d9385117-93f8-4e9e-8174-7122f5e4c76e,1633173285655,14.450598,52.2133446,8.159355,-0.92862934,-0.25815368,-1.5991592,on bike mount,cyclo cross,True,asphalt,excellent
1f3b5e1e-ffc4-4941-b268-04416bbafb19,a9634ace-5052-43c1-bca5-c14dde6b41a3,4383e908-15b2-48a5-b628-2c2233fc5403,1633173285705,14.450598,52.2133446,8.159355,-0.25888336,-1.0946127,1.923563,on bike mount,cyclo cross,True,asphalt,excellent
1f3b5e1e-ffc4-4941-b268-04416bbafb19,a9634ace-5052-43c1-bca5-c14dde6b41a3,61ab5e61-60ab-4b9d-8aae-4da783771004,1633173285770,14.450598,52.2133446,8.159355,-0.4957315,-1.6599321,1.8069811,on bike mount,cyclo cross,True,asphalt,excellent
1f3b5e1e-ffc4-4941-b268-04416bbafb19,a9634ace-5052-43c1-bca5-c14dde6b41a3,fdb82c3b-8745-4d8a-9461-c659543d0fb3,1633173285820,14.450598,52.2133446,8.159355,-0.30801848,-2.711799,2.2764072,on bike mount,cyclo cross,True,asphalt,excellent
1f3b5e1e-ffc4-4941-b268-04416bbafb19,a9634ace-5052-43c1-bca5-c14dde6b41a3,54a1cc0d-b5da-4b55-95d4-06f5b8da31f2,1633173285870,14.450598,52.2133446,8.159355,-1.7829193,-0.70720077,-3.8448083,on bike mount,cyclo cross,True,asphalt,excellent
1f3b5e1e-ffc4-4941-b268-04416bbafb19,a9634ace-5052-43c1-bca5-c14dde6b41a3,2ec1b7d6-f90c-4324-bde7-b0882d259912,1633173285922,14.450598,52.2133446,8.159355,-1.5822961,2.9237356,-2.448442,on bike mount,cyclo cross,True,asphalt,excellent
1f3b5e1e-ffc4-4941-b268-04416bbafb19,a9634ace-5052-43c1-bca5-c14dde6b41a3,ac97145a-3a7b-42ce-ad2d-54d1fccd1fee,1633173285972,14.4506359,52.2132731,8.054736,1.3167372,-1.4131075,3.7941542,on bike mount,cyclo cross,True,asphalt,excellent
1f3b5e1e-ffc4-4941-b268-04416bbafb19,a9634ace-5052-43c1-bca5-c14dde6b41a3,e60f65e1-61f3-485b-b6ea-fef68b02c19d,1633173286021,14.4506359,52.2132731,8.054736,-1.1510881,-0.4511521,-2.0375156,on bike mount,cyclo cross,True,asphalt,excellent
1f3b5e1e-ffc4-4941-b268-04416bbafb19,a9634ace-5052-43c1-bca5-c14dde6b41a3,3a62f914-fe53-4546-afb6-cc6839b8a3cb,1633173286072,14.4506359,52.2132731,8.054736,-0.31157824,0.85522795,1.3087358,on bike mount,cyclo cross,True,asphalt,excellent
1f3b5e1e-ffc4-4941-b268-04416bbafb19,a9634ace-5052-43c1-bca5-c14dde6b41a3,13d2c958-aaeb-464c-b7a8-51911dd1e0bc,1633173286138,14.4506359,52.2132731,8.054736,2.2002487,-0.48857236,1.5060854,on bike mount,cyclo cross,True,asphalt,excellent
1f3b5e1e-ffc4-4941-b268-04416bbafb19,a9634ace-5052-43c1-bca5-c14dde6b41a3,4c7fb7e9-3c4e-48dd-8a44-ca64eb4f6b83,1633173286188,14.4506359,52.2132731,8.054736,-2.165361,1.302103,-0.5133276,on bike mount,cyclo cross,True,asphalt,excellent
1f3b5e1e-ffc4-4941-b268-04416bbafb19,a9634ace-5052-43c1-bca5-c14dde6b41a3,36050ed9-d95c-40d7-aa74-a9a698a6a4eb,1633173286238,14.4506359,52.2132731,8.054736,1.1257461,0.4828272,0.22955608,on bike mount,cyclo cross,True,asphalt,excellent
1f3b5e1e-ffc4-4941-b268-04416bbafb19,a9634ace-5052-43c1-bca5-c14dde6b41a3,ea720461-83f2-478f-9b08-0be2f2fc064c,1633173286288,14.4506359,52.2132731,8.054736,1.1030927,1.1094637,-3.791285,on bike mount,cyclo cross,True,asphalt,excellent
1f3b5e1e-ffc4-4941-b268-04416bbafb19,a9634ace-5052-43c1-bca5-c14dde6b41a3,83a2fb7e-1bb1-44a3-a331-dbdb81b66689,1633173286338,14.4506359,52.2132731,8.054736,-0.23606084,-0.4480288,1.7893419,on bike mount,cyclo cross,True,asphalt,excellent
1f3b5e1e-ffc4-4941-b268-04416bbafb19,a9634ace-5052-43c1-bca5-c14dde6b41a3,7aa42578-4d03-4acc-98ec-e8d2c9e707c8,1633173286388,14.4506359,52.2132731,8.054736,0.18557075,-0.7129955,-0.6878967,on bike mount,cyclo cross,True,asphalt,excellent
1f3b5e1e-ffc4-4941-b268-04416bbafb19,a9634ace-5052-43c1-bca5-c14dde6b41a3,a10df324-4c12-48f9-ba55-e3ca5ff5c24b,1633173286439,14.4506359,52.2132731,8.054736,-1.2751231,2.2841034,-0.08418083,on bike mount,cyclo cross,True,asphalt,excellent
1f3b5e1e-ffc4-4941-b268-04416bbafb19,a9634ace-5052-43c1-bca5-c14dde6b41a3,bf9c293d-95c1-4555-8023-ae728d7018b3,1633173286489,14.4506359,52.2132731,8.054736,2.0347586,-2.9872956,0.9791317,on bike mount,cyclo cross,True,asphalt,excellent
1f3b5e1e-ffc4-4941-b268-04416bbafb19,a9634ace-5052-43c1-bca5-c14dde6b41a3,ed920d30-4c2a-4c45-bfc7-f6161305aa7e,1633173286539,14.4506359,52.2132731,8.054736,-0.054931343,0.06957102,-1.5963387,on bike mount,cyclo cross,True,asphalt,excellent
1f3b5e1e-ffc4-4941-b268-04416bbafb19,a9634ace-5052-43c1-bca5-c14dde6b41a3,bc4153d0-f36b-4e6c-a62c-bd0c14673736,1633173286589,14.4506359,52.2132731,8.054736,0.35380197,-0.2151761,0.32373524,on bike mount,cyclo cross,True,asphalt,excellent
1f3b5e1e-ffc4-4941-b268-04416bbafb19,a9634ace-5052-43c1-bca5-c14dde6b41a3,91046b9e-79ea-4458-b0bc-6e6beaf279b2,1633173286640,14.4506359,52.2132731,8.054736,0.6387992,-1.8152871,0.99612236,on bike mount,cyclo cross,True,asphalt,excellent
1f3b5e1e-ffc4-4941-b268-04416bbafb19,a9634ace-5052-43c1-bca5-c14dde6b41a3,9eb72e52-7742-42a7-8d65-a07d22f3ac95,1633173286690,14.4506359,52.2132731,8.054736,1.1013086,-2.1930013,-0.22319412,on bike mount,cyclo cross,True,asphalt,excellent
1f3b5e1e-ffc4-4941-b268-04416bbafb19,a9634ace-5052-43c1-bca5-c14dde6b41a3,ea2ea00f-0720-4540-a59e-792bede063e8,1633173286740,14.4506359,52.2132731,8.054736,-0.6756962,0.1462841,-0.094839096,on bike mount,cyclo cross,True,asphalt,excellent
1f3b5e1e-ffc4-4941-b268-04416bbafb19,a9634ace-5052-43c1-bca5-c14dde6b41a3,97c30150-8f74-45d5-89e7-13da338d3411,1633173286807,14.4506359,52.2132731,8.054736,-0.32411864,-2.7321854,-0.4886074,on bike mount,cyclo cross,True,asphalt,excellent
1f3b5e1e-ffc4-4941-b268-04416bbafb19,a9634ace-5052-43c1-bca5-c14dde6b41a3,cce6f569-2481-404c-ab05-541098fd6023,1633173286857,14.4506359,52.2132731,8.054736,2.7417002,-2.2957559,4.944314,on bike mount,cyclo cross,True,asphalt,excellent
1f3b5e1e-ffc4-4941-b268-04416bbafb19,a9634ace-5052-43c1-bca5-c14dde6b41a3,4799c8d6-3de8-4cd7-b79c-055c3ac85c42,1633173286908,14.4506359,52.2132731,8.054736,-0.4789787,-0.33291364,-1.6636581,on bike mount,cyclo cross,True,asphalt,excellent
1f3b5e1e-ffc4-4941-b268-04416bbafb19,a9634ace-5052-43c1-bca5-c14dde6b41a3,d9d0c738-f778-4301-9776-bc03079b7a6e,1633173286973,14.4506359,52.2132731,8.054736,0.39589232,-1.6097848,-1.2646718,on bike mount,cyclo cross,True,asphalt,excellent
1f3b5e1e-ffc4-4941-b268-04416bbafb19,a9634ace-5052-43c1-bca5-c14dde6b41a3,808e94ba-159f-48a8-aea9-c696f0053381,1633173287024,14.4506791,52.2132005,8.07825,1.7799684,-0.8166368,-0.66059494,on bike mount,cyclo cross,True,asphalt,excellent
1f3b5e1e-ffc4-4941-b268-04416bbafb19,a9634ace-5052-43c1-bca5-c14dde6b41a3,1e37e94a-1600-4f70-8904-14762257ebc0,1633173287090,14.4506791,52.2132005,8.07825,0.014716834,-0.310225,2.9604664,on bike mount,cyclo cross,True,asphalt,excellent
1f3b5e1e-ffc4-4941-b268-04416bbafb19,a9634ace-5052-43c1-bca5-c14dde6b41a3,a1960306-9046-4c2a-802a-70f6c6f1e645,1633173287140,14.4506791,52.2132005,8.07825,0.0034969598,-2.103207,-0.959424,on bike mount,cyclo cross,True,asphalt,excellent
1f3b5e1e-ffc4-4941-b268-04416bbafb19,a9634ace-5052-43c1-bca5-c14dde6b41a3,715c2713-472a-4dcd-aab1-21bcf6fc1dc3,1633173287190,14.4506791,52.2132005,8.07825,0.067035675,1.2056727,-1.7380657,on bike mount,cyclo cross,True,asphalt,excellent
1f3b5e1e-ffc4-4941-b268-04416bbafb19,a9634ace-5052-43c1-bca5-c14dde6b41a3,9bc2ad1c-9340-465c-97b9-99a323055003,1633173287241,14.4506791,52.2132005,8.07825,0.25522834,1.9830503,2.1364956,on bike mount,cyclo cross,True,asphalt,excellent
1f3b5e1e-ffc4-4941-b268-04416bbafb19,a9634ace-5052-43c1-bca5-c14dde6b41a3,62427ffa-d44a-433d-8027-f0d06cab0d4c,1633173287291,14.4506791,52.2132005,8.07825,0.33447057,0.6528349,-1.6777344,on bike mount,cyclo cross,True,asphalt,excellent
1f3b5e1e-ffc4-4941-b268-04416bbafb19,a9634ace-5052-43c1-bca5-c14dde6b41a3,b09468fd-4d7b-4570-b405-c3a99a36b5fb,1633173287341,14.4506791,52.2132005,8.07825,0.39688674,-2.4786758,0.52197456,on bike mount,cyclo cross,True,asphalt,excellent
1f3b5e1e-ffc4-4941-b268-04416bbafb19,a9634ace-5052-43c1-bca5-c14dde6b41a3,957c4d9e-7ea0-4eef-9595-330019bb622b,1633173287391,14.4506791,52.2132005,8.07825,-0.3390069,2.398163,1.030796,on bike mount,cyclo cross,True,asphalt,excellent
1f3b5e1e-ffc4-4941-b268-04416bbafb19,a9634ace-5052-43c1-bca5-c14dde6b41a3,eacce2f0-2038-4e17-9b21-ef1722e167fd,1633173287441,14.4506791,52.2132005,8.07825,-1.837736,1.3992085,1.4175014,on bike mount,cyclo cross,True,asphalt,excellent
1f3b5e1e-ffc4-4941-b268-04416bbafb19,a9634ace-5052-43c1-bca5-c14dde6b41a3,3e768499-60d5-469e-897c-259e3de1df26,1633173287491,14.4506791,52.2132005,8.07825,-0.10326123,-1.4513749,-0.20035553,on bike mount,cyclo cross,True,asphalt,excellent
1f3b5e1e-ffc4-4941-b268-04416bbafb19,a9634ace-5052-43c1-bca5-c14dde6b41a3,b1cbd6a7-531d-4fee-add3-cb0408368933,1633173287541,14.4506791,52.2132005,8.07825,0.39084265,-2.6809978,0.6215868,on bike mount,cyclo cross,True,asphalt,excellent
1f3b5e1e-ffc4-4941-b268-04416bbafb19,a9634ace-5052-43c1-bca5-c14dde6b41a3,150c2c99-9918-4636-a343-9d0042367f18,1633173287591,14.4506791,52.2132005,8.07825,1.5659635,-1.7054101,-0.73411274,on bike mount,cyclo cross,True,asphalt,excellent
1f3b5e1e-ffc4-4941-b268-04416bbafb19,a9634ace-5052-43c1-bca5-c14dde6b41a3,61dd2f33-b82d-48a8-8048-8bc5a5c503f2,1633173287642,14.4506791,52.2132005,8.07825,-0.8811647,0.3943205,2.1889877,on bike mount,cyclo cross,True,asphalt,excellent
1f3b5e1e-ffc4-4941-b268-04416bbafb19,a9634ace-5052-43c1-bca5-c14dde6b41a3,abc7bfd4-83fe-407a-b898-3d0a138caf0d,1633173287692,14.4506791,52.2132005,8.07825,-0.85878456,1.2130444,-4.294341,on bike mount,cyclo cross,True,asphalt,excellent
1f3b5e1e-ffc4-4941-b268-04416bbafb19,a9634ace-5052-43c1-bca5-c14dde6b41a3,416022ad-4576-4936-8683-c0f7a90fc73f,1633173287757,14.4506791,52.2132005,8.07825,2.6210265,-0.7999191,0.52593327,on bike mount,cyclo cross,True,asphalt,excellent
1f3b5e1e-ffc4-4941-b268-04416bbafb19,a9634ace-5052-43c1-bca5-c14dde6b41a3,3559fbd7-7d0d-4789-8f7e-eaaf99bbfe23,1633173287807,14.4506791,52.2132005,8.07825,1.2494154,0.8362179,-2.7321324,on bike mount,cyclo cross,True,asphalt,excellent
1f3b5e1e-ffc4-4941-b268-04416bbafb19,a9634ace-5052-43c1-bca5-c14dde6b41a3,1de75f2c-907c-41c1-bd6c-77d5de08646c,1633173287859,14.4506791,52.2132005,8.07825,-0.1306476,-1.2451396,1.3817844,on bike mount,cyclo cross,True,asphalt,excellent
1f3b5e1e-ffc4-4941-b268-04416bbafb19,a9634ace-5052-43c1-bca5-c14dde6b41a3,625d3642-d0ab-4968-954b-b3c7fa8b6237,1633173287926,14.4506791,52.2132005,8.07825,0.44755492,-2.4217563,0.7772722,on bike mount,cyclo cross,True,asphalt,excellent
1f3b5e1e-ffc4-4941-b268-04416bbafb19,a9634ace-5052-43c1-bca5-c14dde6b41a3,d2cc1960-8b96-4fa5-9bd2-a8232c3e12fb,1633173287991,14.45072,52.2131315,7.8806043,1.6502441,0.6851797,0.3900156,on bike mount,cyclo cross,True,asphalt,excellent
1f3b5e1e-ffc4-4941-b268-04416bbafb19,a9634ace-5052-43c1-bca5-c14dde6b41a3,4db0a899-b5ec-4983-bba3-8d57fa0a5a79,1633173288041,14.45072,52.2131315,7.8806043,-0.9132781,1.4092145,0.29715157,on bike mount,cyclo cross,True,asphalt,excellent
1f3b5e1e-ffc4-4941-b268-04416bbafb19,a9634ace-5052-43c1-bca5-c14dde6b41a3,15120dc1-2230-4899-b7b4-21a66d4c0f9b,1633173288092,14.45072,52.2131315,7.8806043,1.3735442,-1.7769066,0.30509567,on bike mount,cyclo cross,True,asphalt,excellent
1f3b5e1e-ffc4-4941-b268-04416bbafb19,a9634ace-5052-43c1-bca5-c14dde6b41a3,cd6ef433-41a7-4770-8f17-3f72af4574e0,1633173288142,14.45072,52.2131315,7.8806043,0.2605419,-0.63544416,1.6460476,on bike mount,cyclo cross,True,asphalt,excellent
1f3b5e1e-ffc4-4941-b268-04416bbafb19,a9634ace-5052-43c1-bca5-c14dde6b41a3,86b13037-c186-4f39-bd7d-54ae5de55dc1,1633173288193,14.45072,52.2131315,7.8806043,-0.07813823,2.4256606,-3.1233945,on bike mount,cyclo cross,True,asphalt,excellent
1f3b5e1e-ffc4-4941-b268-04416bbafb19,a9634ace-5052-43c1-bca5-c14dde6b41a3,e1dd7dd4-272c-451b-9d89-fefef8f40a73,1633173288243,14.45072,52.2131315,7.8806043,0.44907397,-0.8904886,1.4073782,on bike mount,cyclo cross,True,asphalt,excellent
1f3b5e1e-ffc4-4941-b268-04416bbafb19,a9634ace-5052-43c1-bca5-c14dde6b41a3,e1cce49e-caca-4305-ae48-370d637d91fb,1633173288294,14.45072,52.2131315,7.8806043,1.3020418,-3.1526144,-0.15954971,on bike mount,cyclo cross,True,asphalt,excellent
1f3b5e1e-ffc4-4941-b268-04416bbafb19,a9634ace-5052-43c1-bca5-c14dde6b41a3,4ef52467-3f1b-4f4d-83be-f16336d2219c,1633173288360,14.45072,52.2131315,7.8806043,-0.26227093,0.29101038,1.7766638,on bike mount,cyclo cross,True,asphalt,excellent
1f3b5e1e-ffc4-4941-b268-04416bbafb19,a9634ace-5052-43c1-bca5-c14dde6b41a3,25c2f571-a4bf-439e-94ae-b6e571f6f3ac,1633173288410,14.45072,52.2131315,7.8806043,-1.5533755,-0.33389163,-0.57330227,on bike mount,cyclo cross,True,asphalt,excellent
1f3b5e1e-ffc4-4941-b268-04416bbafb19,a9634ace-5052-43c1-bca5-c14dde6b41a3,66b58403-4cc6-4055-912f-ea6cfa5fd144,1633173288461,14.45072,52.2131315,7.8806043,0.44704086,-0.6823385,0.5847416,on bike mount,cyclo cross,True,asphalt,excellent
1f3b5e1e-ffc4-4941-b268-04416bbafb19,a9634ace-5052-43c1-bca5-c14dde6b41a3,03f796db-0b30-4733-bc3a-af8cb9b5ce68,1633173288511,14.45072,52.2131315,7.8806043,0.4281199,-1.9264042,0.3525982,on bike mount,cyclo cross,True,asphalt,excellent
1f3b5e1e-ffc4-4941-b268-04416bbafb19,a9634ace-5052-43c1-bca5-c14dde6b41a3,84102aa3-de12-41ef-8ec5-b674de9fa257,1633173288561,14.45072,52.2131315,7.8806043,-0.32720026,-1.5000968,0.69318104,on bike mount,cyclo cross,True,asphalt,excellent
1f3b5e1e-ffc4-4941-b268-04416bbafb19,a9634ace-5052-43c1-bca5-c14dde6b41a3,ff258c95-b36f-491b-a479-2243b43deddf,1633173288627,14.45072,52.2131315,7.8806043,-0.3244059,-0.31422615,1.3510313,on bike mount,cyclo cross,True,asphalt,excellent
1f3b5e1e-ffc4-4941-b268-04416bbafb19,a9634ace-5052-43c1-bca5-c14dde6b41a3,2a244979-34fa-40ab-9e25-8fdd6e77a449,1633173288677,14.45072,52.2131315,7.8806043,-1.9085835,0.28565,2.0934353,on bike mount,cyclo cross,True,asphalt,excellent
1f3b5e1e-ffc4-4941-b268-04416bbafb19,a9634ace-5052-43c1-bca5-c14dde6b41a3,a3bf949a-82e7-4b7c-aed2-99170ed8e329,1633173288727,14.45072,52.2131315,7.8806043,-0.15670279,-2.4686651,1.2016802,on bike mount,cyclo cross,True,asphalt,excellent
1f3b5e1e-ffc4-4941-b268-04416bbafb19,a9634ace-5052-43c1-bca5-c14dde6b41a3,084f0b8d-7b8b-4cdc-bbe8-93a6836da749,1633173288777,14.45072,52.2131315,7.8806043,0.76276976,2.6770587,-3.5118318,on bike mount,cyclo cross,True,asphalt,excellent
1f3b5e1e-ffc4-4941-b268-04416bbafb19,a9634ace-5052-43c1-bca5-c14dde6b41a3,0b8f1793-8f6f-472c-8e98-e10bc35dcef3,1633173288827,14.45072,52.2131315,7.8806043,1.5801997,-0.24721742,0.21880817,on bike mount,cyclo cross,True,asphalt,excellent
1f3b5e1e-ffc4-4941-b268-04416bbafb19,a9634ace-5052-43c1-bca5-c14dde6b41a3,4291326f-2d9f-458f-b152-85b534b9dd6a,1633173288877,14.45072,52.2131315,7.8806043,-0.26758903,0.40587497,-2.1117883,on bike mount,cyclo cross,True,asphalt,excellent
1f3b5e1e-ffc4-4941-b268-04416bbafb19,a9634ace-5052-43c1-bca5-c14dde6b41a3,759cc3e2-9c70-410c-b775-9d4feb957e6e,1633173288929,14.45072,52.2131315,7.8806043,0.629153,-0.105460644,0.1604929,on bike mount,cyclo cross,True,asphalt,excellent
1f3b5e1e-ffc4-4941-b268-04416bbafb19,a9634ace-5052-43c1-bca5-c14dde6b41a3,3756f45f-1617-4e4c-b375-4234a5b0a6ab,1633173288994,14.4507592,52.2130692,7.543675,-1.8556868,0.048035383,0.5486059,on bike mount,cyclo cross,True,asphalt,excellent
1f3b5e1e-ffc4-4941-b268-04416bbafb19,a9634ace-5052-43c1-bca5-c14dde6b41a3,92fbb117-6891-4ae4-a35f-4bc80e7e61f1,1633173289043,14.4507592,52.2130692,7.543675,0.26426148,-3.2451348,1.9638901,on bike mount,cyclo cross,True,asphalt,excellent
1f3b5e1e-ffc4-4941-b268-04416bbafb19,a9634ace-5052-43c1-bca5-c14dde6b41a3,08812849-4781-4e00-ac8d-d1048e6773dc,1633173289095,14.4507592,52.2130692,7.543675,0.84522104,-2.2232363,-1.5343156,on bike mount,cyclo cross,True,asphalt,excellent
1f3b5e1e-ffc4-4941-b268-04416bbafb19,a9634ace-5052-43c1-bca5-c14dde6b41a3,df1a4730-3134-4e64-89b3-e6fc8b90b365,1633173289161,14.4507592,52.2130692,7.543675,0.012609988,0.31485343,1.0746441,on bike mount,cyclo cross,True,asphalt,excellent
1f3b5e1e-ffc4-4941-b268-04416bbafb19,a9634ace-5052-43c1-bca5-c14dde6b41a3,7ba6628e-bb4c-442a-9a22-11149bd498af,1633173289211,14.4507592,52.2130692,7.543675,0.3763249,4.5590477,-2.789104,on bike mount,cyclo cross,True,asphalt,excellent
1f3b5e1e-ffc4-4941-b268-04416bbafb19,a9634ace-5052-43c1-bca5-c14dde6b41a3,a814f6e7-cbe3-4ab5-a131-6b0aa601092a,1633173289262,14.4507592,52.2130692,7.543675,1.4564025,3.5654273,-3.3333368,on bike mount,cyclo cross,True,asphalt,excellent
1f3b5e1e-ffc4-4941-b268-04416bbafb19,a9634ace-5052-43c1-bca5-c14dde6b41a3,41c3e5d5-2b50-429d-97ca-bc8702aff7c8,1633173289327,14.4507592,52.2130692,7.543675,-0.06290388,0.03519535,1.3983192,on bike mount,cyclo cross,True,asphalt,excellent
1f3b5e1e-ffc4-4941-b268-04416bbafb19,a9634ace-5052-43c1-bca5-c14dde6b41a3,c5d12bbe-e9c6-4acd-8c6a-567c65f68d23,1633173289378,14.4507592,52.2130692,7.543675,0.9301348,2.4594007,0.18723965,on bike mount,cyclo cross,True,asphalt,excellent
1f3b5e1e-ffc4-4941-b268-04416bbafb19,a9634ace-5052-43c1-bca5-c14dde6b41a3,7058224b-7b04-4d03-bcdd-522641c85cdd,1633173289429,14.4507592,52.2130692,7.543675,0.44582602,-0.52063394,2.5556746,on bike mount,cyclo cross,True,asphalt,excellent
1f3b5e1e-ffc4-4941-b268-04416bbafb19,a9634ace-5052-43c1-bca5-c14dde6b41a3,20a430df-5fc0-4e5b-904e-cdf559332254,1633173289479,14.4507592,52.2130692,7.543675,0.8275149,-2.2319608,1.8500605,on bike mount,cyclo cross,True,asphalt,excellent
1f3b5e1e-ffc4-4941-b268-04416bbafb19,a9634ace-5052-43c1-bca5-c14dde6b41a3,20508e3a-0b9b-47e2-9444-affbf41916ce,1633173289529,14.4507592,52.2130692,7.543675,-2.6511228,1.8384321,-1.7807407,on bike mount,cyclo cross,True,asphalt,excellent
1f3b5e1e-ffc4-4941-b268-04416bbafb19,a9634ace-5052-43c1-bca5-c14dde6b41a3,d134c862-995c-4230-8be6-b1f736c30308,1633173289579,14.4507592,52.2130692,7.543675,0.005566746,-0.49892974,-0.08472347,on bike mount,cyclo cross,True,asphalt,excellent
1f3b5e1e-ffc4-4941-b268-04416bbafb19,a9634ace-5052-43c1-bca5-c14dde6b41a3,8d61afb2-5b6a-4b9e-b6b2-41a1b8cb1dcd,1633173289646,14.4507592,52.2130692,7.543675,-0.534376,-0.30769086,1.1943111,on bike mount,cyclo cross,True,asphalt,excellent
1f3b5e1e-ffc4-4941-b268-04416bbafb19,a9634ace-5052-43c1-bca5-c14dde6b41a3,0c6e1587-babb-4b9c-98cc-7bca6e001ac8,1633173289712,14.4507592,52.2130692,7.543675,-0.10875662,4.1674395,-1.7595849,on bike mount,cyclo cross,True,asphalt,excellent
1f3b5e1e-ffc4-4941-b268-04416bbafb19,a9634ace-5052-43c1-bca5-c14dde6b41a3,bcea8d65-9f76-44df-bcfa-d9ae6a1b2332,1633173289761,14.4507592,52.2130692,7.543675,-0.2425344,-0.89118516,1.9997921,on bike mount,cyclo cross,True,asphalt,excellent
1f3b5e1e-ffc4-4941-b268-04416bbafb19,a9634ace-5052-43c1-bca5-c14dde6b41a3,c745f37f-9614-4bc4-bf99-555055d64ab3,1633173289812,14.4507592,52.2130692,7.543675,-1.9924415,-1.045625,-1.6135087,on bike mount,cyclo cross,True,asphalt,excellent
1f3b5e1e-ffc4-4941-b268-04416bbafb19,a9634ace-5052-43c1-bca5-c14dde6b41a3,d5184a19-7adc-4bec-a970-8d98ca3d1be1,1633173289863,14.4507592,52.2130692,7.543675,1.1904328,-2.659178,-0.6639404,on bike mount,cyclo cross,True,asphalt,excellent
1f3b5e1e-ffc4-4941-b268-04416bbafb19,a9634ace-5052-43c1-bca5-c14dde6b41a3,e78d9158-7e21-4e0d-8ace-2a91051b41f8,1633173289914,14.4507592,52.2130692,7.543675,-1.8790481,2.7513385,-0.83696365,on bike mount,cyclo cross,True,asphalt,excellent
1f3b5e1e-ffc4-4941-b268-04416bbafb19,a9634ace-5052-43c1-bca5-c14dde6b41a3,d54b93cf-5213-449a-8ee0-b1903bbfedd6,1633173289965,14.4507916,52.2130046,7.5964565,-1.1701272,0.18266654,2.496316,on bike mount,cyclo cross,True,asphalt,excellent
1f3b5e1e-ffc4-4941-b268-04416bbafb19,a9634ace-5052-43c1-bca5-c14dde6b41a3,21791d32-e870-4c38-8139-d596735d5bf1,1633173290029,14.4507916,52.2130046,7.5964565,0.8863292,2.7674913,-2.710196,on bike mount,cyclo cross,True,asphalt,excellent
1f3b5e1e-ffc4-4941-b268-04416bbafb19,a9634ace-5052-43c1-bca5-c14dde6b41a3,f6c325b9-6532-4979-b780-08c82c513167,1633173290080,14.4507916,52.2130046,7.5964565,0.62632596,5.403103,-5.303911,on bike mount,cyclo cross,True,asphalt,excellent
1f3b5e1e-ffc4-4941-b268-04416bbafb19,a9634ace-5052-43c1-bca5-c14dde6b41a3,06c7084f-2a42-4e1a-a4ed-2ba0f0b560c0,1633173290131,14.4507916,52.2130046,7.5964565,0.37637752,5.212225,-15.007782,on bike mount,cyclo cross,True,asphalt,excellent
1f3b5e1e-ffc4-4941-b268-04416bbafb19,a9634ace-5052-43c1-bca5-c14dde6b41a3,d14c4b67-5c70-410d-ab06-4444c566d43d,1633173290180,14.4507916,52.2130046,7.5964565,1.1036427,-3.1623738,3.511549,on bike mount,cyclo cross,True,asphalt,excellent
1f3b5e1e-ffc4-4941-b268-04416bbafb19,a9634ace-5052-43c1-bca5-c14dde6b41a3,bc7ada4e-02b6-4a3e-a609-d76db13f6ec7,1633173290231,14.4507916,52.2130046,7.5964565,1.183613,-3.0653863,-1.9984784,on bike mount,cyclo cross,True,asphalt,excellent
1f3b5e1e-ffc4-4941-b268-04416bbafb19,a9634ace-5052-43c1-bca5-c14dde6b41a3,d8e51c1a-b031-4baf-b0b0-e90fcba9cd24,1633173290280,14.4507916,52.2130046,7.5964565,1.3317435,-7.002592,-6.2024956,on bike mount,cyclo cross,True,asphalt,excellent
1f3b5e1e-ffc4-4941-b268-04416bbafb19,a9634ace-5052-43c1-bca5-c14dde6b41a3,74f541cf-bd0f-49d3-846c-24605f4848e1,1633173290331,14.4507916,52.2130046,7.5964565,-1.1514454,0.8241744,1.2098618,on bike mount,cyclo cross,True,asphalt,excellent
1f3b5e1e-ffc4-4941-b268-04416bbafb19,a9634ace-5052-43c1-bca5-c14dde6b41a3,02293457-534f-4efc-8e34-13b491fb3dfc,1633173290381,14.4507916,52.2130046,7.5964565,-1.4052019,2.3295765,-3.4941769,on bike mount,cyclo cross,True,asphalt,excellent
1f3b5e1e-ffc4-4941-b268-04416bbafb19,a9634ace-5052-43c1-bca5-c14dde6b41a3,7d655744-824c-4e7c-aa0f-2158eb32c12f,1633173290446,14.4507916,52.2130046,7.5964565,3.410661,-3.4424686,3.3998823,on bike mount,cyclo cross,True,asphalt,excellent
1f3b5e1e-ffc4-4941-b268-04416bbafb19,a9634ace-5052-43c1-bca5-c14dde6b41a3,308ee56e-09fa-48c4-afeb-ec96d8045922,1633173290497,14.4507916,52.2130046,7.5964565,-4.9294853,3.8695002,-2.3910842,on bike mount,cyclo cross,True,asphalt,excellent
1f3b5e1e-ffc4-4941-b268-04416bbafb19,a9634ace-5052-43c1-bca5-c14dde6b41a3,ec6fc2af-9762-4d08-91f4-7099b90c269c,1633173290547,14.4507916,52.2130046,7.5964565,1.9965451,-3.5782394,-1.0914454,on bike mount,cyclo cross,True,asphalt,excellent
1f3b5e1e-ffc4-4941-b268-04416bbafb19,a9634ace-5052-43c1-bca5-c14dde6b41a3,73398149-431c-4397-931d-78c0761de9c5,1633173290596,14.4507916,52.2130046,7.5964565,-2.1991742,-0.53435326,0.079021454,on bike mount,cyclo cross,True,asphalt,excellent
1f3b5e1e-ffc4-4941-b268-04416bbafb19,a9634ace-5052-43c1-bca5-c14dde6b41a3,38592b6b-ba11-484e-a3fc-1744252c4f60,1633173290647,14.4507916,52.2130046,7.5964565,1.279033,-2.9028034,3.226303,on bike mount,cyclo cross,True,asphalt,excellent
1f3b5e1e-ffc4-4941-b268-04416bbafb19,a9634ace-5052-43c1-bca5-c14dde6b41a3,9bdea48b-e213-4998-a0b2-f4dc3e1a4832,1633173290698,14.4507916,52.2130046,7.5964565,-0.47770378,-1.2433866,-0.15563297,on bike mount,cyclo cross,True,asphalt,excellent
1f3b5e1e-ffc4-4941-b268-04416bbafb19,a9634ace-5052-43c1-bca5-c14dde6b41a3,26fedc70-b923-4c86-9ce8-c5e87b7d87b1,1633173290748,14.4507916,52.2130046,7.5964565,2.0053775,-0.997208,-1.0883999,on bike mount,cyclo cross,True,asphalt,excellent
1f3b5e1e-ffc4-4941-b268-04416bbafb19,a9634ace-5052-43c1-bca5-c14dde6b41a3,1fd0a1e5-b273-4bac-b69f-713dee185269,1633173290798,14.4507916,52.2130046,7.5964565,1.1447666,0.6052377,-1.0764861,on bike mount,cyclo cross,True,asphalt,excellent
1f3b5e1e-ffc4-4941-b268-04416bbafb19,a9634ace-5052-43c1-bca5-c14dde6b41a3,8a5d8975-55ed-43c6-a628-3eedeceaae19,1633173290848,14.4507916,52.2130046,7.5964565,-0.53759515,-0.89760876,0.75827694,on bike mount,cyclo cross,True,asphalt,excellent
1f3b5e1e-ffc4-4941-b268-04416bbafb19,a9634ace-5052-43c1-bca5-c14dde6b41a3,97f872df-a9a4-4915-8bce-8af7b200ffbf,1633173290898,14.4507916,52.2130046,7.5964565,-1.1006366,-0.5826006,-2.1657848,on bike mount,cyclo cross,True,asphalt,excellent
1f3b5e1e-ffc4-4941-b268-04416bbafb19,a9634ace-5052-43c1-bca5-c14dde6b41a3,66ba6997-b22a-42d0-846f-6e396216b109,1633173290949,14.4507916,52.2130046,7.5964565,0.6624635,1.7623353,-0.7975044,on bike mount,cyclo cross,True,asphalt,excellent
1f3b5e1e-ffc4-4941-b268-04416bbafb19,a9634ace-5052-43c1-bca5-c14dde6b41a3,ca8ee46c-70e6-48ce-bd8d-a0fdeb49290f,1633173291014,14.450824,52.2129411,7.818308,1.1954573,0.7997687,1.826047,on bike mount,cyclo cross,True,asphalt,excellent
1f3b5e1e-ffc4-4941-b268-04416bbafb19,a9634ace-5052-43c1-bca5-c14dde6b41a3,35939855-af88-4d90-aebd-f49bdff5108a,1633173291064,14.450824,52.2129411,7.818308,-2.913653,2.3278136,-1.4230747,on bike mount,cyclo cross,True,asphalt,excellent
1f3b5e1e-ffc4-4941-b268-04416bbafb19,a9634ace-5052-43c1-bca5-c14dde6b41a3,1aec8c22-cec7-424c-8304-150606d06073,1633173291114,14.450824,52.2129411,7.818308,0.5411433,-1.3893733,0.82851315,on bike mount,cyclo cross,True,asphalt,excellent
1f3b5e1e-ffc4-4941-b268-04416bbafb19,a9634ace-5052-43c1-bca5-c14dde6b41a3,9ee66eca-63b7-445b-b515-2b85fbe50402,1633173291166,14.450824,52.2129411,7.818308,0.44567907,-1.834084,2.6562634,on bike mount,cyclo cross,True,asphalt,excellent
1f3b5e1e-ffc4-4941-b268-04416bbafb19,a9634ace-5052-43c1-bca5-c14dde6b41a3,c86b2d21-8939-4453-9597-c4a6c652ad90,1633173291231,14.450824,52.2129411,7.818308,1.5137571,-2.2972808,3.288084,on bike mount,cyclo cross,True,asphalt,excellent
1f3b5e1e-ffc4-4941-b268-04416bbafb19,a9634ace-5052-43c1-bca5-c14dde6b41a3,bce4f047-102c-4e1f-b48f-9ed6d3d862f5,1633173291281,14.450824,52.2129411,7.818308,-1.7662845,-1.990969,-3.2263255,on bike mount,cyclo cross,True,asphalt,excellent
1f3b5e1e-ffc4-4941-b268-04416bbafb19,a9634ace-5052-43c1-bca5-c14dde6b41a3,f0c6eabe-7fe1-4661-a836-b2cfd3f45be8,1633173291331,14.450824,52.2129411,7.818308,1.8480318,-1.5529833,-2.2626915,on bike mount,cyclo cross,True,asphalt,excellent
1f3b5e1e-ffc4-4941-b268-04416bbafb19,a9634ace-5052-43c1-bca5-c14dde6b41a3,924fcf4d-7726-401c-b1da-9dc984cbc3e3,1633173291381,14.450824,52.2129411,7.818308,-1.7954865,1.497628,-2.8985953,on bike mount,cyclo cross,True,asphalt,excellent
1f3b5e1e-ffc4-4941-b268-04416bbafb19,a9634ace-5052-43c1-bca5-c14dde6b41a3,14e158d5-7dcc-4bfa-a2c0-9ada1cf7a87c,1633173291431,14.450824,52.2129411,7.818308,0.88892907,-0.37409782,3.6106348,on bike mount,cyclo cross,True,asphalt,excellent
1f3b5e1e-ffc4-4941-b268-04416bbafb19,a9634ace-5052-43c1-bca5-c14dde6b41a3,9cadc6d3-d2dd-4925-9694-fd8603c4d3f5,1633173291482,14.450824,52.2129411,7.818308,0.3162365,-0.29753733,-0.6207695,on bike mount,cyclo cross,True,asphalt,excellent
1f3b5e1e-ffc4-4941-b268-04416bbafb19,a9634ace-5052-43c1-bca5-c14dde6b41a3,fb623ec1-24d7-451b-a0eb-9baec41b4000,1633173291533,14.450824,52.2129411,7.818308,1.6299019,-0.8530159,2.117424,on bike mount,cyclo cross,True,asphalt,excellent
1f3b5e1e-ffc4-4941-b268-04416bbafb19,a9634ace-5052-43c1-bca5-c14dde6b41a3,17e765da-d886-4e7d-b6fc-c94cbb77a135,1633173291598,14.450824,52.2129411,7.818308,1.0665846,-2.5590792,1.2340326,on bike mount,cyclo cross,True,asphalt,excellent
1f3b5e1e-ffc4-4941-b268-04416bbafb19,a9634ace-5052-43c1-bca5-c14dde6b41a3,ba2e9dc6-14b4-4cd9-a345-22ac70f5f222,1633173291649,14.450824,52.2129411,7.818308,3.3125308,-3.9763515,0.3066845,on bike mount,cyclo cross,True,asphalt,excellent
1f3b5e1e-ffc4-4941-b268-04416bbafb19,a9634ace-5052-43c1-bca5-c14dde6b41a3,c10cf8fd-72a8-452a-a873-1833379b1d6b,1633173291699,14.450824,52.2129411,7.818308,-1.2741333,-1.7122227,-0.99311066,on bike mount,cyclo cross,True,asphalt,excellent
1f3b5e1e-ffc4-4941-b268-04416bbafb19,a9634ace-5052-43c1-bca5-c14dde6b41a3,05519224-0ca1-423f-9f87-49b3a26fe9c0,1633173291749,14.450824,52.2129411,7.818308,-0.6886103,0.83393073,-2.034769,on bike mount,cyclo cross,True,asphalt,excellent
1f3b5e1e-ffc4-4941-b268-04416bbafb19,a9634ace-5052-43c1-bca5-c14dde6b41a3,05fbe535-5a48-4833-892a-ce5bc99fb9a1,1633173291800,14.450824,52.2129411,7.818308,0.30248576,-1.306373,-0.08568287,on bike mount,cyclo cross,True,asphalt,excellent
1f3b5e1e-ffc4-4941-b268-04416bbafb19,a9634ace-5052-43c1-bca5-c14dde6b41a3,1bc9a4f5-eb6b-4265-8792-77315e9fa564,1633173291850,14.450824,52.2129411,7.818308,-1.4548963,0.99615335,-1.1902022,on bike mount,cyclo cross,True,asphalt,excellent
1f3b5e1e-ffc4-4941-b268-04416bbafb19,a9634ace-5052-43c1-bca5-c14dde6b41a3,e14e5e72-af1f-4861-8035-4006bae401af,1633173291900,14.450824,52.2129411,7.818308,-5.2202854,9.129946,-14.463896,on bike mount,cyclo cross,True,asphalt,excellent
1f3b5e1e-ffc4-4941-b268-04416bbafb19,a9634ace-5052-43c1-bca5-c14dde6b41a3,b32ada74-050a-4fa5-bde2-97e40cd445ae,1633173291952,14.450824,52.2129411,7.818308,5.1197796,-7.4000344,8.736559,on bike mount,cyclo cross,True,asphalt,excellent
1f3b5e1e-ffc4-4941-b268-04416bbafb19,a9634ace-5052-43c1-bca5-c14dde6b41a3,03a34f7d-56b2-458c-8dd4-6cbf270a8f29,1633173292016,14.4508728,52.2128814,7.7460237,-4.435483,9.384621,-0.89305973,on bike mount,cyclo cross,True,asphalt,excellent
1f3b5e1e-ffc4-4941-b268-04416bbafb19,a9634ace-5052-43c1-bca5-c14dde6b41a3,2f1bfbe0-5d9c-4c36-9608-4cba82ab8576,1633173292066,14.4508728,52.2128814,7.7460237,-1.0779833,-3.833858,3.779313,on bike mount,cyclo cross,True,asphalt,excellent
1f3b5e1e-ffc4-4941-b268-04416bbafb19,a9634ace-5052-43c1-bca5-c14dde6b41a3,ffa8793b-946c-4f8b-b085-a741b4533aca,1633173292116,14.4508728,52.2128814,7.7460237,2.4942322,-5.209506,-2.9132361,on bike mount,cyclo cross,True,asphalt,excellent
1f3b5e1e-ffc4-4941-b268-04416bbafb19,a9634ace-5052-43c1-bca5-c14dde6b41a3,0e6ffdd7-139f-4890-a046-e23b6921b394,1633173292167,14.4508728,52.2128814,7.7460237,-2.5424864,1.4522128,-0.84580135,on bike mount,cyclo cross,True,asphalt,excellent
1f3b5e1e-ffc4-4941-b268-04416bbafb19,a9634ace-5052-43c1-bca5-c14dde6b41a3,2e4310df-efe0-45bc-994e-abacfe18943c,1633173292218,14.4508728,52.2128814,7.7460237,-0.3563612,0.32081223,1.4632397,on bike mount,cyclo cross,True,asphalt,excellent
1f3b5e1e-ffc4-4941-b268-04416bbafb19,a9634ace-5052-43c1-bca5-c14dde6b41a3,5d8b9243-04e3-45b2-8eaa-32513b398002,1633173292283,14.4508728,52.2128814,7.7460237,-1.3426259,0.78934145,0.64815426,on bike mount,cyclo cross,True,asphalt,excellent
1f3b5e1e-ffc4-4941-b268-04416bbafb19,a9634ace-5052-43c1-bca5-c14dde6b41a3,d0d95667-e4a9-42a8-9aed-db5b73dd571f,1633173292334,14.4508728,52.2128814,7.7460237,2.3252492,-1.8444514,4.4277487,on bike mount,cyclo cross,True,asphalt,excellent
1f3b5e1e-ffc4-4941-b268-04416bbafb19,a9634ace-5052-43c1-bca5-c14dde6b41a3,1dc6baba-0eed-4cbb-b2b8-1296b474c399,1633173292384,14.4508728,52.2128814,7.7460237,2.0613508,-3.515913,1.2297506,on bike mount,cyclo cross,True,asphalt,excellent
1f3b5e1e-ffc4-4941-b268-04416bbafb19,a9634ace-5052-43c1-bca5-c14dde6b41a3,158c0cb6-6eee-4821-b21a-03a625017e44,1633173292434,14.4508728,52.2128814,7.7460237,-0.9653973,2.06198,0.341897,on bike mount,cyclo cross,True,asphalt,excellent
1f3b5e1e-ffc4-4941-b268-04416bbafb19,a9634ace-5052-43c1-bca5-c14dde6b41a3,cff9df7f-74f5-4b59-8461-41877c53295c,1633173292484,14.4508728,52.2128814,7.7460237,-2.4081566,1.4693413,1.4679165,on bike mount,cyclo cross,True,asphalt,excellent
1f3b5e1e-ffc4-4941-b268-04416bbafb19,a9634ace-5052-43c1-bca5-c14dde6b41a3,41a87edf-946b-4c71-ba49-cc893552bb3d,1633173292535,14.4508728,52.2128814,7.7460237,1.5707225,-0.485332,-0.31515598,on bike mount,cyclo cross,True,asphalt,excellent
1f3b5e1e-ffc4-4941-b268-04416bbafb19,a9634ace-5052-43c1-bca5-c14dde6b41a3,33334b0b-9846-464f-a9c8-7966a1eb4b5e,1633173292585,14.4508728,52.2128814,7.7460237,0.9504814,-1.1984732,5.0178804,on bike mount,cyclo cross,True,asphalt,excellent
1f3b5e1e-ffc4-4941-b268-04416bbafb19,a9634ace-5052-43c1-bca5-c14dde6b41a3,a5cc7186-bc75-490b-b293-d3aa8d95af8a,1633173292635,14.4508728,52.2128814,7.7460237,-1.319519,-0.80682755,1.6910677,on bike mount,cyclo cross,True,asphalt,excellent
1f3b5e1e-ffc4-4941-b268-04416bbafb19,a9634ace-5052-43c1-bca5-c14dde6b41a3,25b83998-e66d-4a6f-afa7-53c5905fa0f3,1633173292701,14.4508728,52.2128814,7.7460237,-0.9332751,0.8907571,-0.55019283,on bike mount,cyclo cross,True,asphalt,excellent
1f3b5e1e-ffc4-4941-b268-04416bbafb19,a9634ace-5052-43c1-bca5-c14dde6b41a3,9b7884c2-0e82-4d77-9b29-afb616996441,1633173292753,14.4508728,52.2128814,7.7460237,1.8144025,-1.9596632,-0.8495703,on bike mount,cyclo cross,True,asphalt,excellent
1f3b5e1e-ffc4-4941-b268-04416bbafb19,a9634ace-5052-43c1-bca5-c14dde6b41a3,24c44dea-400a-4fc3-b599-753f24ff1465,1633173292819,14.4508728,52.2128814,7.7460237,0.07717839,-1.3158109,0.015283585,on bike mount,cyclo cross,True,asphalt,excellent
1f3b5e1e-ffc4-4941-b268-04416bbafb19,a9634ace-5052-43c1-bca5-c14dde6b41a3,7544d37b-2650-4241-8638-5e2b95579c48,1633173292885,14.4508728,52.2128814,7.7460237,0.1366926,0.68853736,2.74537,on bike mount,cyclo cross,True,asphalt,excellent
1f3b5e1e-ffc4-4941-b268-04416bbafb19,a9634ace-5052-43c1-bca5-c14dde6b41a3,fa70d9d0-1734-4d86-82de-5ca601a3dd39,1633173292936,14.4508728,52.2128814,7.7460237,-0.6869384,0.3830471,-2.709919,on bike mount,cyclo cross,True,asphalt,excellent
1f3b5e1e-ffc4-4941-b268-04416bbafb19,a9634ace-5052-43c1-bca5-c14dde6b41a3,7e347acc-7b28-455d-b92d-0024d988f0ad,1633173293002,14.450914,52.2128227,7.4589863,-0.35746273,-1.4714731,0.595438,on bike mount,cyclo cross,True,asphalt,excellent
1f3b5e1e-ffc4-4941-b268-04416bbafb19,a9634ace-5052-43c1-bca5-c14dde6b41a3,55b6cf78-76e9-4e45-9478-9bc0ecf21b3c,1633173293052,14.450914,52.2128227,7.4589863,0.64697707,0.89390945,-0.78646946,on bike mount,cyclo cross,True,asphalt,excellent
1f3b5e1e-ffc4-4941-b268-04416bbafb19,a9634ace-5052-43c1-bca5-c14dde6b41a3,f2ee8ff3-efa1-4725-89b5-d481957d2996,1633173293102,14.450914,52.2128227,7.4589863,1.1606268,-0.8248768,1.4403725,on bike mount,cyclo cross,True,asphalt,excellent
1f3b5e1e-ffc4-4941-b268-04416bbafb19,a9634ace-5052-43c1-bca5-c14dde6b41a3,6f6d9b06-9848-4f90-8082-57c4fb5614d8,1633173293152,14.450914,52.2128227,7.4589863,1.1154987,1.5397635,0.0020561218,on bike mount,cyclo cross,True,asphalt,excellent
1f3b5e1e-ffc4-4941-b268-04416bbafb19,a9634ace-5052-43c1-bca5-c14dde6b41a3,4cc48d54-6f8c-4cf1-836c-cb0c865db3ec,1633173293202,14.450914,52.2128227,7.4589863,0.6867938,-2.4481952,-0.6440716,on bike mount,cyclo cross,True,asphalt,excellent
1f3b5e1e-ffc4-4941-b268-04416bbafb19,a9634ace-5052-43c1-bca5-c14dde6b41a3,2239d44b-491c-47c2-ac87-5320ae80c4b7,1633173293252,14.450914,52.2128227,7.4589863,-0.3331103,-2.6397974,-0.24872684,on bike mount,cyclo cross,True,asphalt,excellent
1f3b5e1e-ffc4-4941-b268-04416bbafb19,a9634ace-5052-43c1-bca5-c14dde6b41a3,a59d2722-c8cc-48b0-8425-e737db07ab4b,1633173293302,14.450914,52.2128227,7.4589863,-0.110628396,2.4605618,0.09370136,on bike mount,cyclo cross,True,asphalt,excellent
1f3b5e1e-ffc4-4941-b268-04416bbafb19,a9634ace-5052-43c1-bca5-c14dde6b41a3,f2b79773-d9e5-417a-8e22-4a0193cf715e,1633173293352,14.450914,52.2128227,7.4589863,0.08416784,-1.4685671,0.7743969,on bike mount,cyclo cross,True,asphalt,excellent
1f3b5e1e-ffc4-4941-b268-04416bbafb19,a9634ace-5052-43c1-bca5-c14dde6b41a3,037920e3-bce8-41aa-b420-6c4217ac6bf8,1633173293402,14.450914,52.2128227,7.4589863,0.7142142,-1.7577517,0.35373974,on bike mount,cyclo cross,True,asphalt,excellent
1f3b5e1e-ffc4-4941-b268-04416bbafb19,a9634ace-5052-43c1-bca5-c14dde6b41a3,de45ff03-36fe-427b-9414-e22e6b0ab6d0,1633173293453,14.450914,52.2128227,7.4589863,-1.1568204,3.5734081,0.9906244,on bike mount,cyclo cross,True,asphalt,excellent
1f3b5e1e-ffc4-4941-b268-04416bbafb19,a9634ace-5052-43c1-bca5-c14dde6b41a3,9d81bbe2-e8b0-43fa-8767-eac5cfdd7478,1633173293503,14.450914,52.2128227,7.4589863,1.5314914,-0.5983536,2.210906,on bike mount,cyclo cross,True,asphalt,excellent
1f3b5e1e-ffc4-4941-b268-04416bbafb19,a9634ace-5052-43c1-bca5-c14dde6b41a3,85189b93-9d67-4217-9aab-7cf0a0bbe079,1633173293555,14.450914,52.2128227,7.4589863,-0.14080524,1.1856797,-3.1590037,on bike mount,cyclo cross,True,asphalt,excellent
1f3b5e1e-ffc4-4941-b268-04416bbafb19,a9634ace-5052-43c1-bca5-c14dde6b41a3,d563aca2-67fc-4d4d-9052-d20e2f68739d,1633173293604,14.450914,52.2128227,7.4589863,-0.0126392245,-1.0873898,1.6421366,on bike mount,cyclo cross,True,asphalt,excellent
1f3b5e1e-ffc4-4941-b268-04416bbafb19,a9634ace-5052-43c1-bca5-c14dde6b41a3,24cf90b9-e55b-4040-a9e8-f6e618291042,1633173293669,14.450914,52.2128227,7.4589863,1.2011545,-0.20795012,0.38289356,on bike mount,cyclo cross,True,asphalt,excellent
1f3b5e1e-ffc4-4941-b268-04416bbafb19,a9634ace-5052-43c1-bca5-c14dde6b41a3,bbd2fd1e-cdc5-4094-86a3-1decb020a602,1633173293720,14.450914,52.2128227,7.4589863,0.40776092,-1.4911308,1.2975035,on bike mount,cyclo cross,True,asphalt,excellent
1f3b5e1e-ffc4-4941-b268-04416bbafb19,a9634ace-5052-43c1-bca5-c14dde6b41a3,64875738-3841-451c-bdec-39fbf6badee6,1633173293770,14.450914,52.2128227,7.4589863,-0.25136667,2.1573973,1.117527,on bike mount,cyclo cross,True,asphalt,excellent
1f3b5e1e-ffc4-4941-b268-04416bbafb19,a9634ace-5052-43c1-bca5-c14dde6b41a3,4c6078fd-260d-45c6-95bc-f58c9bdc3775,1633173293820,14.450914,52.2128227,7.4589863,0.9134979,-0.9253663,1.4521112,on bike mount,cyclo cross,True,asphalt,excellent
1f3b5e1e-ffc4-4941-b268-04416bbafb19,a9634ace-5052-43c1-bca5-c14dde6b41a3,04dd3eae-7770-4ef2-9807-4ce61bfe918c,1633173293871,14.450914,52.2128227,7.4589863,0.63694334,2.6354463,0.68815994,on bike mount,cyclo cross,True,asphalt,excellent
1f3b5e1e-ffc4-4941-b268-04416bbafb19,a9634ace-5052-43c1-bca5-c14dde6b41a3,0fde9f1d-35fa-4794-9cc5-9485ee778ed2,1633173293920,14.450914,52.2128227,7.4589863,0.76286155,1.1889052,1.6783161,on bike mount,cyclo cross,True,asphalt,excellent
1f3b5e1e-ffc4-4941-b268-04416bbafb19,a9634ace-5052-43c1-bca5-c14dde6b41a3,a131cee3-e603-466a-a23a-de00ef9df1d4,1633173293970,14.4509514,52.2127621,7.4394145,-1.3542255,-3.0633233,-0.2478733,on bike mount,cyclo cross,True,asphalt,excellent
1f3b5e1e-ffc4-4941-b268-04416bbafb19,a9634ace-5052-43c1-bca5-c14dde6b41a3,0dc7a21a-b16c-407d-a56a-044d2d0886be,1633173294021,14.4509514,52.2127621,7.4394145,-3.9181294,2.603135,-0.7881775,on bike mount,cyclo cross,True,asphalt,excellent
1f3b5e1e-ffc4-4941-b268-04416bbafb19,a9634ace-5052-43c1-bca5-c14dde6b41a3,51301ff1-0735-4b86-85fa-9663d0ffcf96,1633173294073,14.4509514,52.2127621,7.4394145,1.1330272,-1.2530848,-1.4307961,on bike mount,cyclo cross,True,asphalt,excellent
1f3b5e1e-ffc4-4941-b268-04416bbafb19,a9634ace-5052-43c1-bca5-c14dde6b41a3,10d03f44-0c20-4c5f-a8ae-068807ab1dea,1633173294137,14.4509514,52.2127621,7.4394145,1.6269364,-4.3401766,1.494237,on bike mount,cyclo cross,True,asphalt,excellent
1f3b5e1e-ffc4-4941-b268-04416bbafb19,a9634ace-5052-43c1-bca5-c14dde6b41a3,ed1544ba-e98d-45e5-a508-e10bdfd7abe8,1633173294188,14.4509514,52.2127621,7.4394145,-2.639567,0.719116,-2.6864371,on bike mount,cyclo cross,True,asphalt,excellent
1f3b5e1e-ffc4-4941-b268-04416bbafb19,a9634ace-5052-43c1-bca5-c14dde6b41a3,48c07c34-fa0b-428a-ba79-a55d495762f9,1633173294253,14.4509514,52.2127621,7.4394145,-0.15148705,-1.8362781,-1.6439319,on bike mount,cyclo cross,True,asphalt,excellent
1f3b5e1e-ffc4-4941-b268-04416bbafb19,a9634ace-5052-43c1-bca5-c14dde6b41a3,62bcf92a-e7e5-419d-be5e-de2c6566ca15,1633173294303,14.4509514,52.2127621,7.4394145,-0.8443265,0.9768553,-0.15733814,on bike mount,cyclo cross,True,asphalt,excellent
1f3b5e1e-ffc4-4941-b268-04416bbafb19,a9634ace-5052-43c1-bca5-c14dde6b41a3,211ce094-dcee-424c-92c8-bd1a94111c6e,1633173294353,14.4509514,52.2127621,7.4394145,-2.2203934,0.63429165,-0.9898491,on bike mount,cyclo cross,True,asphalt,excellent
1f3b5e1e-ffc4-4941-b268-04416bbafb19,a9634ace-5052-43c1-bca5-c14dde6b41a3,2699192c-19b9-4fc5-8d18-0a03da55d3aa,1633173294405,14.4509514,52.2127621,7.4394145,-0.6989528,2.0198936,-2.0560708,on bike mount,cyclo cross,True,asphalt,excellent
1f3b5e1e-ffc4-4941-b268-04416bbafb19,a9634ace-5052-43c1-bca5-c14dde6b41a3,448d1677-c298-43b9-b215-d5048553369e,1633173294470,14.4509514,52.2127621,7.4394145,0.38008076,-0.07776427,-2.0390887,on bike mount,cyclo cross,True,asphalt,excellent
1f3b5e1e-ffc4-4941-b268-04416bbafb19,a9634ace-5052-43c1-bca5-c14dde6b41a3,9958dc67-47f0-4dc0-bfd1-9b2f15aa1a3a,1633173294520,14.4509514,52.2127621,7.4394145,-2.1302192,0.53745365,-1.0746531,on bike mount,cyclo cross,True,asphalt,excellent
1f3b5e1e-ffc4-4941-b268-04416bbafb19,a9634ace-5052-43c1-bca5-c14dde6b41a3,5a09146c-a9ba-4e04-8152-5b4ada9281b6,1633173294571,14.4509514,52.2127621,7.4394145,-0.32968616,1.2589924,-4.0777082,on bike mount,cyclo cross,True,asphalt,excellent
1f3b5e1e-ffc4-4941-b268-04416bbafb19,a9634ace-5052-43c1-bca5-c14dde6b41a3,5cf22ac0-1d2e-4836-86a4-ed2f1af29be9,1633173294622,14.4509514,52.2127621,7.4394145,0.58399785,1.1523848,1.0203934,on bike mount,cyclo cross,True,asphalt,excellent
1f3b5e1e-ffc4-4941-b268-04416bbafb19,a9634ace-5052-43c1-bca5-c14dde6b41a3,43cd408d-e4e5-4d4c-b5fd-5c0cba7e59da,1633173294671,14.4509514,52.2127621,7.4394145,-0.82342315,-1.4544853,0.58736515,on bike mount,cyclo cross,True,asphalt,excellent
1f3b5e1e-ffc4-4941-b268-04416bbafb19,a9634ace-5052-43c1-bca5-c14dde6b41a3,f42cf823-0a9c-487e-b990-d3c57b019e20,1633173294722,14.4509514,52.2127621,7.4394145,2.5813289,1.4503746,2.525134,on bike mount,cyclo cross,True,asphalt,excellent
1f3b5e1e-ffc4-4941-b268-04416bbafb19,a9634ace-5052-43c1-bca5-c14dde6b41a3,f136f5f5-baba-4da8-9a3e-7f7161808766,1633173294773,14.4509514,52.2127621,7.4394145,-0.69196045,-0.048093557,-0.996727,on bike mount,cyclo cross,True,asphalt,excellent
1f3b5e1e-ffc4-4941-b268-04416bbafb19,a9634ace-5052-43c1-bca5-c14dde6b41a3,603f0042-572e-4005-acb6-8955544011cf,1633173294838,14.4509514,52.2127621,7.4394145,-1.6260012,0.8139584,1.0319386,on bike mount,cyclo cross,True,asphalt,excellent
1f3b5e1e-ffc4-4941-b268-04416bbafb19,a9634ace-5052-43c1-bca5-c14dde6b41a3,c9331c94-1e8d-4ad2-a71f-d69cd9f4acb2,1633173294888,14.4509514,52.2127621,7.4394145,0.36999488,-0.4233346,1.7291327,on bike mount,cyclo cross,True,asphalt,excellent
1f3b5e1e-ffc4-4941-b268-04416bbafb19,a9634ace-5052-43c1-bca5-c14dde6b41a3,701362d6-a787-45e4-9957-1659b3130c22,1633173294944,14.4509514,52.2127621,7.4394145,0.38855767,-0.19599843,0.6273184,on bike mount,cyclo cross,True,asphalt,excellent
1f3b5e1e-ffc4-4941-b268-04416bbafb19,a9634ace-5052-43c1-bca5-c14dde6b41a3,245f7723-4915-4ff0-91fd-b08db25df753,1633173295004,14.4509801,52.2126951,7.457794,-1.8179388,1.2241437,-3.975432,on bike mount,cyclo cross,True,asphalt,excellent
1f3b5e1e-ffc4-4941-b268-04416bbafb19,a9634ace-5052-43c1-bca5-c14dde6b41a3,ba95b03f-a732-48df-87fc-b8954d59dc70,1633173295055,14.4509801,52.2126951,7.457794,0.0740081,1.4931984,-0.1649561,on bike mount,cyclo cross,True,asphalt,excellent
1f3b5e1e-ffc4-4941-b268-04416bbafb19,a9634ace-5052-43c1-bca5-c14dde6b41a3,7b31c35c-a1b3-47a5-9cda-09df0c68d29c,1633173295105,14.4509801,52.2126951,7.457794,0.35058337,-0.2730763,-0.58348274,on bike mount,cyclo cross,True,asphalt,excellent
1f3b5e1e-ffc4-4941-b268-04416bbafb19,a9634ace-5052-43c1-bca5-c14dde6b41a3,1e1143b3-3df5-4161-a062-9ce2e5993361,1633173295155,14.4509801,52.2126951,7.457794,-1.0949565,-1.3437034,1.589241,on bike mount,cyclo cross,True,asphalt,excellent
1f3b5e1e-ffc4-4941-b268-04416bbafb19,a9634ace-5052-43c1-bca5-c14dde6b41a3,a3e82c3e-9435-45f9-88a2-4853ee47a37f,1633173295205,14.4509801,52.2126951,7.457794,1.0415542,-1.2762793,-0.6195078,on bike mount,cyclo cross,True,asphalt,excellent
1f3b5e1e-ffc4-4941-b268-04416bbafb19,6041b6b1-27a2-491b-bf07-074f18b1c27c,1f23e7ec-5787-4b7b-9d6b-a4e55da0845e,1633173293538,14.450914,52.2128227,7.4589863,0.99355835,-0.72734785,0.9148016,on bike mount,cyclo cross,True,asphalt,excellent
1f3b5e1e-ffc4-4941-b268-04416bbafb19,6041b6b1-27a2-491b-bf07-074f18b1c27c,f50560fa-b8f6-4c62-a9a3-51651b5d21af,1633173293602,14.450914,52.2128227,7.4589863,0.17601953,-1.0915883,3.0353184,on bike mount,cyclo cross,True,asphalt,excellent
1f3b5e1e-ffc4-4941-b268-04416bbafb19,6041b6b1-27a2-491b-bf07-074f18b1c27c,8cb30a91-cfc8-45c4-ad93-f4c74085cf40,1633173293653,14.450914,52.2128227,7.4589863,2.1687558,1.1401427,-1.3092237,on bike mount,cyclo cross,True,asphalt,excellent
1f3b5e1e-ffc4-4941-b268-04416bbafb19,6041b6b1-27a2-491b-bf07-074f18b1c27c,eec61ff5-e020-4ef3-9d18-e972ac6c36bb,1633173293703,14.450914,52.2128227,7.4589863,1.4818934,1.2672203,0.027223587,on bike mount,cyclo cross,True,asphalt,excellent
1f3b5e1e-ffc4-4941-b268-04416bbafb19,6041b6b1-27a2-491b-bf07-074f18b1c27c,3cce44bc-177f-42bb-8651-92e5f5ba71d3,1633173293753,14.450914,52.2128227,7.4589863,-0.14439452,-1.5510526,0.29174042,on bike mount,cyclo cross,True,asphalt,excellent
1f3b5e1e-ffc4-4941-b268-04416bbafb19,6041b6b1-27a2-491b-bf07-074f18b1c27c,6d7a4d56-a3e9-4fae-9ece-fafdb5483eca,1633173293803,14.450914,52.2128227,7.4589863,1.1206313,2.7446113,-1.0273156,on bike mount,cyclo cross,True,asphalt,excellent
1f3b5e1e-ffc4-4941-b268-04416bbafb19,6041b6b1-27a2-491b-bf07-074f18b1c27c,4f07dd13-74f4-46b4-8cda-e7a9e873e5e9,1633173293853,14.450914,52.2128227,7.4589863,1.1561023,0.22115517,1.2755747,on bike mount,cyclo cross,True,asphalt,excellent
1f3b5e1e-ffc4-4941-b268-04416bbafb19,6041b6b1-27a2-491b-bf07-074f18b1c27c,63bffe5c-2600-4a2c-9b89-73a32affa75a,1633173293904,14.450914,52.2128227,7.4589863,1.6924653,1.2649953,-1.4707904,on bike mount,cyclo cross,True,asphalt,excellent
1f3b5e1e-ffc4-4941-b268-04416bbafb19,6041b6b1-27a2-491b-bf07-074f18b1c27c,c0390e1b-897a-41c9-bd84-db3b0a974872,1633173293960,14.4509514,52.2127621,7.4394145,-0.259817,-3.727182,-0.22901535,on bike mount,cyclo cross,True,asphalt,excellent
1f3b5e1e-ffc4-4941-b268-04416bbafb19,6041b6b1-27a2-491b-bf07-074f18b1c27c,0d40f982-f5a4-40aa-97cc-3012b41a2603,1633173294020,14.4509514,52.2127621,7.4394145,-3.9181294,2.603135,-0.7881775,on bike mount,cyclo cross,True,asphalt,excellent
1f3b5e1e-ffc4-4941-b268-04416bbafb19,6041b6b1-27a2-491b-bf07-074f18b1c27c,7429c059-d005-4153-969f-6fc84898ac76,1633173294071,14.4509514,52.2127621,7.4394145,1.6432556,-1.4034634,0.28419304,on bike mount,cyclo cross,True,asphalt,excellent
1f3b5e1e-ffc4-4941-b268-04416bbafb19,6041b6b1-27a2-491b-bf07-074f18b1c27c,9aae998b-ed3b-408e-acad-fe70407ad553,1633173294122,14.4509514,52.2127621,7.4394145,-0.09412035,4.573148,-0.24637222,on bike mount,cyclo cross,True,asphalt,excellent
1f3b5e1e-ffc4-4941-b268-04416bbafb19,6041b6b1-27a2-491b-bf07-074f18b1c27c,d64adc9d-7ddb-4ace-a15c-355c0fb24b20,1633173294187,14.4509514,52.2127621,7.4394145,-2.639567,0.719116,-2.6864371,on bike mount,cyclo cross,True,asphalt,excellent
1f3b5e1e-ffc4-4941-b268-04416bbafb19,6041b6b1-27a2-491b-bf07-074f18b1c27c,a8680d04-71de-4c8e-badb-41ad228c89d5,1633173294237,14.4509514,52.2127621,7.4394145,0.2766459,0.5102253,5.0366583,on bike mount,cyclo cross,True,asphalt,excellent
1f3b5e1e-ffc4-4941-b268-04416bbafb19,6041b6b1-27a2-491b-bf07-074f18b1c27c,504d1ec1-a4e6-457b-a85a-b1462d5b2e78,1633173294287,14.4509514,52.2127621,7.4394145,-0.80374146,-0.018659592,-0.3750658,on bike mount,cyclo cross,True,asphalt,excellent
1f3b5e1e-ffc4-4941-b268-04416bbafb19,6041b6b1-27a2-491b-bf07-074f18b1c27c,0b9337e5-38d8-4fd1-a27d-0a12d1cdb183,1633173294338,14.4509514,52.2127621,7.4394145,-0.7909404,-1.5988839,0.12249851,on bike mount,cyclo cross,True,asphalt,excellent
1f3b5e1e-ffc4-4941-b268-04416bbafb19,6041b6b1-27a2-491b-bf07-074f18b1c27c,7bd0aa22-a6f1-4853-b202-dbb76c6d548a,1633173294404,14.4509514,52.2127621,7.4394145,-0.6989528,2.0198936,-2.0560708,on bike mount,cyclo cross,True,asphalt,excellent
1f3b5e1e-ffc4-4941-b268-04416bbafb19,6041b6b1-27a2-491b-bf07-074f18b1c27c,85216449-c397-431e-ac3f-c9a6fd0fc217,1633173294454,14.4509514,52.2127621,7.4394145,0.17574632,-0.8273952,-0.14468575,on bike mount,cyclo cross,True,asphalt,excellent
1f3b5e1e-ffc4-4941-b268-04416bbafb19,6041b6b1-27a2-491b-bf07-074f18b1c27c,2d806b4f-3622-4cb0-9c5d-8d27538ef1fa,1633173294505,14.4509514,52.2127621,7.4394145,0.28190225,-3.872251,1.1799631,on bike mount,cyclo cross,True,asphalt,excellent
1f3b5e1e-ffc4-4941-b268-04416bbafb19,6041b6b1-27a2-491b-bf07-074f18b1c27c,a7f3c7a5-a95d-4d77-aca0-b0d06733e83d,1633173294570,14.4509514,52.2127621,7.4394145,-0.32968616,1.2589924,-4.0777082,on bike mount,cyclo cross,True,asphalt,excellent
1f3b5e1e-ffc4-4941-b268-04416bbafb19,6041b6b1-27a2-491b-bf07-074f18b1c27c,6a5947dd-f42c-4017-886c-f559ab1ee860,1633173294620,14.4509514,52.2127621,7.4394145,0.38504833,3.30057,-0.37020206,on bike mount,cyclo cross,True,asphalt,excellent
1f3b5e1e-ffc4-4941-b268-04416bbafb19,6041b6b1-27a2-491b-bf07-074f18b1c27c,e256adc1-9944-4464-9e89-22547706f6f7,1633173294670,14.4509514,52.2127621,7.4394145,-0.82342315,-1.4544853,0.58736515,on bike mount,cyclo cross,True,asphalt,excellent
1f3b5e1e-ffc4-4941-b268-04416bbafb19,6041b6b1-27a2-491b-bf07-074f18b1c27c,ed7c19b0-2ffa-42d2-b305-5c5ab74c46b7,1633173294722,14.4509514,52.2127621,7.4394145,2.5813289,1.4503746,2.525134,on bike mount,cyclo cross,True,asphalt,excellent
1f3b5e1e-ffc4-4941-b268-04416bbafb19,6041b6b1-27a2-491b-bf07-074f18b1c27c,452b6f5e-4c4d-4bf2-8b90-ff0f5bb54c4e,1633173294772,14.4509514,52.2127621,7.4394145,-0.69196045,-0.048093557,-0.996727,on bike mount,cyclo cross,True,asphalt,excellent
1f3b5e1e-ffc4-4941-b268-04416bbafb19,6041b6b1-27a2-491b-bf07-074f18b1c27c,b71f880c-5eb1-434f-9604-2f2dd220961f,1633173294822,14.4509514,52.2127621,7.4394145,-0.36392888,-0.81693006,-1.0175371,on bike mount,cyclo cross,True,asphalt,excellent
1f3b5e1e-ffc4-4941-b268-04416bbafb19,6041b6b1-27a2-491b-bf07-074f18b1c27c,e89f519d-c78b-47d5-8097-35dc55adc9e3,1633173294872,14.4509514,52.2127621,7.4394145,0.6305187,-1.781246,-2.23421,on bike mount,cyclo cross,True,asphalt,excellent
1f3b5e1e-ffc4-4941-b268-04416bbafb19,6041b6b1-27a2-491b-bf07-074f18b1c27c,7045a87d-8654-4e56-8bc4-b92688b39781,1633173294922,14.4509514,52.2127621,7.4394145,1.1430299,-1.3509369,-0.41042042,on bike mount,cyclo cross,True,asphalt,excellent
1f3b5e1e-ffc4-4941-b268-04416bbafb19,6041b6b1-27a2-491b-bf07-074f18b1c27c,648353ef-1ee1-4892-b9a8-4542f2650671,1633173294973,14.4509801,52.2126951,7.457794,-0.487705,2.053148,-2.0065904,on bike mount,cyclo cross,True,asphalt,excellent
1f3b5e1e-ffc4-4941-b268-04416bbafb19,6041b6b1-27a2-491b-bf07-074f18b1c27c,1d2f26cd-b795-4250-a64c-d7fbafe47949,1633173295039,14.4509801,52.2126951,7.457794,-0.6092522,0.8260281,-0.53065586,on bike mount,cyclo cross,True,asphalt,excellent
1f3b5e1e-ffc4-4941-b268-04416bbafb19,6041b6b1-27a2-491b-bf07-074f18b1c27c,8fa32103-5129-4e8d-aa82-14ee49784b59,1633173295089,14.4509801,52.2126951,7.457794,0.46594578,1.4296198,-0.8285961,on bike mount,cyclo cross,True,asphalt,excellent
1f3b5e1e-ffc4-4941-b268-04416bbafb19,6041b6b1-27a2-491b-bf07-074f18b1c27c,41d2258c-dd15-46c9-8f41-22d7134be03a,1633173295139,14.4509801,52.2126951,7.457794,-0.20529819,0.5627363,0.7706413,on bike mount,cyclo cross,True,asphalt,excellent
1f3b5e1e-ffc4-4941-b268-04416bbafb19,6041b6b1-27a2-491b-bf07-074f18b1c27c,8c8dc96d-825c-4484-8bc8-b253d84db797,1633173295189,14.4509801,52.2126951,7.457794,-0.43209493,-0.20361423,-0.5988283,on bike mount,cyclo cross,True,asphalt,excellent
1f3b5e1e-ffc4-4941-b268-04416bbafb19,6041b6b1-27a2-491b-bf07-074f18b1c27c,80a7555c-4e7a-459e-a28a-a56053405f24,1633173295239,14.4509801,52.2126951,7.457794,2.210954,-1.7493888,1.7580023,on bike mount,cyclo cross,True,asphalt,excellent
1f3b5e1e-ffc4-4941-b268-04416bbafb19,6041b6b1-27a2-491b-bf07-074f18b1c27c,1923073a-392e-41e6-92fe-ccb94b639894,1633173295289,14.4509801,52.2126951,7.457794,-1.2805191,1.0633545,0.5021267,on bike mount,cyclo cross,True,asphalt,excellent
1f3b5e1e-ffc4-4941-b268-04416bbafb19,6041b6b1-27a2-491b-bf07-074f18b1c27c,954ca55b-8cbb-437a-949b-548a72a9236d,1633173295340,14.4509801,52.2126951,7.457794,0.6478,1.1612539,0.78549576,on bike mount,cyclo cross,True,asphalt,excellent
1f3b5e1e-ffc4-4941-b268-04416bbafb19,6041b6b1-27a2-491b-bf07-074f18b1c27c,abc16f5c-f45e-4855-b34e-ddfab8f4386e,1633173295390,14.4509801,52.2126951,7.457794,1.7178032,2.2921495,-2.1431088,on bike mount,cyclo cross,True,asphalt,excellent
1f3b5e1e-ffc4-4941-b268-04416bbafb19,6041b6b1-27a2-491b-bf07-074f18b1c27c,5bcc7a3f-ddb1-4645-9049-cf39740ef0b7,1633173295455,14.4509801,52.2126951,7.457794,-0.26233262,-1.9488704,-0.8340645,on bike mount,cyclo cross,True,asphalt,excellent
1f3b5e1e-ffc4-4941-b268-04416bbafb19,6041b6b1-27a2-491b-bf07-074f18b1c27c,c083b210-6da8-4f39-a80d-7771266833bf,1633173295506,14.4509801,52.2126951,7.457794,0.6916691,0.16111827,-0.7184181,on bike mount,cyclo cross,True,asphalt,excellent
1f3b5e1e-ffc4-4941-b268-04416bbafb19,6041b6b1-27a2-491b-bf07-074f18b1c27c,e47ad889-e492-47ca-bd94-cf026f739b68,1633173295557,14.4509801,52.2126951,7.457794,-0.27939728,-1.279548,0.9088974,on bike mount,cyclo cross,True,asphalt,excellent
1f3b5e1e-ffc4-4941-b268-04416bbafb19,6041b6b1-27a2-491b-bf07-074f18b1c27c,cb33a1df-6130-4042-b203-2075046e84f2,1633173295607,14.4509801,52.2126951,7.457794,0.42327696,-1.0152801,-2.0758429,on bike mount,cyclo cross,True,asphalt,excellent
1f3b5e1e-ffc4-4941-b268-04416bbafb19,6041b6b1-27a2-491b-bf07-074f18b1c27c,af083ef4-4e92-49d6-875a-2efb92d8c462,1633173295657,14.4509801,52.2126951,7.457794,0.14726052,-0.6326318,-2.6006632,on bike mount,cyclo cross,True,asphalt,excellent
1f3b5e1e-ffc4-4941-b268-04416bbafb19,6041b6b1-27a2-491b-bf07-074f18b1c27c,dba087f7-9dd0-443d-a4a6-44075a4d0800,1633173295707,14.4509801,52.2126951,7.457794,-0.11447194,-0.9244149,0.78977966,on bike mount,cyclo cross,True,asphalt,excellent
1f3b5e1e-ffc4-4941-b268-04416bbafb19,6041b6b1-27a2-491b-bf07-074f18b1c27c,ed6cf1cb-94d5-4f3c-9df8-2e92143a4c8e,1633173295773,14.4509801,52.2126951,7.457794,-0.5134127,0.93909,1.8320427,on bike mount,cyclo cross,True,asphalt,excellent
1f3b5e1e-ffc4-4941-b268-04416bbafb19,6041b6b1-27a2-491b-bf07-074f18b1c27c,ff2d343c-8ad1-4f18-8e3b-256061dc9aca,1633173295823,14.4509801,52.2126951,7.457794,0.13116676,-0.31159735,1.4779596,on bike mount,cyclo cross,True,asphalt,excellent
1f3b5e1e-ffc4-4941-b268-04416bbafb19,6041b6b1-27a2-491b-bf07-074f18b1c27c,43f3999f-0689-4dd7-9d8c-9885c6d5b192,1633173295873,14.4509801,52.2126951,7.457794,0.25324076,-0.2028768,0.99614334,on bike mount,cyclo cross,True,asphalt,excellent
1f3b5e1e-ffc4-4941-b268-04416bbafb19,6041b6b1-27a2-491b-bf07-074f18b1c27c,1fbc44c1-efe2-44ff-bc1d-875ec0867a6d,1633173295924,14.4509801,52.2126951,7.457794,0.27122897,0.3706069,0.3537035,on bike mount,cyclo cross,True,asphalt,excellent
1f3b5e1e-ffc4-4941-b268-04416bbafb19,6041b6b1-27a2-491b-bf07-074f18b1c27c,96256255-408a-45b5-a835-4c7b4b0bb3eb,1633173295974,14.4510201,52.2126316,7.6250677,0.51505244,-2.4353487,-0.4192381,on bike mount,cyclo cross,True,asphalt,excellent
1f3b5e1e-ffc4-4941-b268-04416bbafb19,6041b6b1-27a2-491b-bf07-074f18b1c27c,01887058-b1ee-4d2d-a8cf-30167cbe3a1c,1633173296024,14.4510201,52.2126316,7.6250677,1.3628714,-0.9892502,-0.44987488,on bike mount,cyclo cross,True,asphalt,excellent
1f3b5e1e-ffc4-4941-b268-04416bbafb19,6041b6b1-27a2-491b-bf07-074f18b1c27c,f7239ea6-1680-497b-bfe5-e8da7a90290a,1633173296074,14.4510201,52.2126316,7.6250677,-2.0932107,1.1280746,-1.5944004,on bike mount,cyclo cross,True,asphalt,excellent
1f3b5e1e-ffc4-4941-b268-04416bbafb19,6041b6b1-27a2-491b-bf07-074f18b1c27c,95467177-fe6d-4c10-8c90-bbec7f929a3a,1633173296124,14.4510201,52.2126316,7.6250677,0.6781755,0.0011336803,-1.7227297,on bike mount,cyclo cross,True,asphalt,excellent
1f3b5e1e-ffc4-4941-b268-04416bbafb19,6041b6b1-27a2-491b-bf07-074f18b1c27c,f0a07c7c-db49-4971-8e6f-8b838273c4d7,1633173296174,14.4510201,52.2126316,7.6250677,0.81373894,1.3058562,-2.6671715,on bike mount,cyclo cross,True,asphalt,excellent
1f3b5e1e-ffc4-4941-b268-04416bbafb19,6041b6b1-27a2-491b-bf07-074f18b1c27c,ddfa9d4b-c7b4-462a-8bb6-171ba725f158,1633173296224,14.4510201,52.2126316,7.6250677,-0.29903796,0.403996,-0.42492676,on bike mount,cyclo cross,True,asphalt,excellent
1f3b5e1e-ffc4-4941-b268-04416bbafb19,6041b6b1-27a2-491b-bf07-074f18b1c27c,65d5f01c-48de-4c64-9a5b-791122230756,1633173296274,14.4510201,52.2126316,7.6250677,0.43700063,1.4568028,1.432374,on bike mount,cyclo cross,True,asphalt,excellent
1f3b5e1e-ffc4-4941-b268-04416bbafb19,6041b6b1-27a2-491b-bf07-074f18b1c27c,19af523a-9e9e-4c19-a97f-39221973b9d8,1633173296324,14.4510201,52.2126316,7.6250677,1.2225053,-0.21970725,-1.1641393,on bike mount,cyclo cross,True,asphalt,excellent
1f3b5e1e-ffc4-4941-b268-04416bbafb19,6041b6b1-27a2-491b-bf07-074f18b1c27c,cf8494d0-4ebf-41b8-8036-152c70ad7717,1633173296375,14.4510201,52.2126316,7.6250677,0.17793739,-2.5406747,3.0241585,on bike mount,cyclo cross,True,asphalt,excellent
1f3b5e1e-ffc4-4941-b268-04416bbafb19,6041b6b1-27a2-491b-bf07-074f18b1c27c,31e41b24-2a79-4ef4-ba50-4ce0015cf37e,1633173296426,14.4510201,52.2126316,7.6250677,-0.13283205,0.6027787,-0.7749691,on bike mount,cyclo cross,True,asphalt,excellent
1f3b5e1e-ffc4-4941-b268-04416bbafb19,6041b6b1-27a2-491b-bf07-074f18b1c27c,4a2fef7f-fb2d-4fb5-a0ad-a93fb3311106,1633173296477,14.4510201,52.2126316,7.6250677,0.5134335,0.26214743,2.4088135,on bike mount,cyclo cross,True,asphalt,excellent
1f3b5e1e-ffc4-4941-b268-04416bbafb19,6041b6b1-27a2-491b-bf07-074f18b1c27c,2cc0eeef-7682-4ed3-9d36-e12c1662c544,1633173296529,14.4510201,52.2126316,7.6250677,-0.4516338,2.1873019,-0.20095539,on bike mount,cyclo cross,True,asphalt,excellent
1f3b5e1e-ffc4-4941-b268-04416bbafb19,6041b6b1-27a2-491b-bf07-074f18b1c27c,858ec71e-e63f-433d-9761-647170333f9a,1633173296591,14.4510201,52.2126316,7.6250677,1.1345296,-0.52419496,0.57791424,on bike mount,cyclo cross,True,asphalt,excellent
1f3b5e1e-ffc4-4941-b268-04416bbafb19,6041b6b1-27a2-491b-bf07-074f18b1c27c,205b07d3-36fe-456d-86d8-efb9d746e7f5,1633173296642,14.4510201,52.2126316,7.6250677,-0.12185639,0.50521874,-0.7084675,on bike mount,cyclo cross,True,asphalt,excellent
1f3b5e1e-ffc4-4941-b268-04416bbafb19,6041b6b1-27a2-491b-bf07-074f18b1c27c,30b01e99-2719-41f7-9b19-672ee2d42d2b,1633173296692,14.4510201,52.2126316,7.6250677,-0.8317635,0.17012715,-1.88692,on bike mount,cyclo cross,True,asphalt,excellent
1f3b5e1e-ffc4-4941-b268-04416bbafb19,6041b6b1-27a2-491b-bf07-074f18b1c27c,bc31c537-09ae-4699-9b62-092b4e8c02c2,1633173296742,14.4510201,52.2126316,7.6250677,1.1462498,-1.6373185,-1.4846873,on bike mount,cyclo cross,True,asphalt,excellent
1f3b5e1e-ffc4-4941-b268-04416bbafb19,6041b6b1-27a2-491b-bf07-074f18b1c27c,13cdff9a-eb01-4058-ba62-57c09cf2701c,1633173296792,14.4510201,52.2126316,7.6250677,-0.46183378,-2.6817935,0.92427444,on bike mount,cyclo cross,True,asphalt,excellent
1f3b5e1e-ffc4-4941-b268-04416bbafb19,6041b6b1-27a2-491b-bf07-074f18b1c27c,38e58a07-4c08-42bb-a69e-e593934b7218,1633173296843,14.4510201,52.2126316,7.6250677,0.28174245,2.755851,0.41077614,on bike mount,cyclo cross,True,asphalt,excellent
1f3b5e1e-ffc4-4941-b268-04416bbafb19,6041b6b1-27a2-491b-bf07-074f18b1c27c,1a4de202-3d65-40d3-ae88-5ae78c3534e5,1633173296894,14.4510201,52.2126316,7.6250677,1.2925471,2.484754,-0.58759594,on bike mount,cyclo cross,True,asphalt,excellent
1f3b5e1e-ffc4-4941-b268-04416bbafb19,6041b6b1-27a2-491b-bf07-074f18b1c27c,b5548cf2-ae15-481a-bd78-a1eb70227b14,1633173296945,14.4510201,52.2126316,7.6250677,0.62277365,-2.0392797,2.2067337,on bike mount,cyclo cross,True,asphalt,excellent
1f3b5e1e-ffc4-4941-b268-04416bbafb19,6041b6b1-27a2-491b-bf07-074f18b1c27c,568d8c06-526d-4854-b521-82f3ec6786f2,1633173297009,14.4510571,52.2125681,7.6128635,0.4629938,-0.7148669,1.6638508,on bike mount,cyclo cross,True,asphalt,excellent
1f3b5e1e-ffc4-4941-b268-04416bbafb19,6041b6b1-27a2-491b-bf07-074f18b1c27c,8a41ba7e-0dfb-426e-a4d0-6a39a290e906,1633173297060,14.4510571,52.2125681,7.6128635,0.18988556,-0.5411465,-0.42168617,on bike mount,cyclo cross,True,asphalt,excellent
1f3b5e1e-ffc4-4941-b268-04416bbafb19,6041b6b1-27a2-491b-bf07-074f18b1c27c,e9c5d5e4-7fb9-4c06-a071-cb2d3d7904a9,1633173297109,14.4510571,52.2125681,7.6128635,-0.8591157,-0.5760112,0.07727909,on bike mount,cyclo cross,True,asphalt,excellent
1f3b5e1e-ffc4-4941-b268-04416bbafb19,6041b6b1-27a2-491b-bf07-074f18b1c27c,789b5593-bcd1-4e38-af74-710b36519a0f,1633173297159,14.4510571,52.2125681,7.6128635,-0.63711345,1.2608335,0.030644417,on bike mount,cyclo cross,True,asphalt,excellent
1f3b5e1e-ffc4-4941-b268-04416bbafb19,6041b6b1-27a2-491b-bf07-074f18b1c27c,8b55c6d0-e305-40bd-a63c-6488b3745cc4,1633173297210,14.4510571,52.2125681,7.6128635,-0.16493693,-0.2781725,-0.42564774,on bike mount,cyclo cross,True,asphalt,excellent
1f3b5e1e-ffc4-4941-b268-04416bbafb19,6041b6b1-27a2-491b-bf07-074f18b1c27c,bf92da67-c62e-44b5-9cd0-f6487690d9b8,1633173297260,14.4510571,52.2125681,7.6128635,-0.6007749,2.2178895,-0.39775562,on bike mount,cyclo cross,True,asphalt,excellent
1f3b5e1e-ffc4-4941-b268-04416bbafb19,6041b6b1-27a2-491b-bf07-074f18b1c27c,5b2b98b2-bec1-41de-ba42-20f44f15ab24,1633173297311,14.4510571,52.2125681,7.6128635,-0.1576623,0.7628906,-2.2218075,on bike mount,cyclo cross,True,asphalt,excellent
1f3b5e1e-ffc4-4941-b268-04416bbafb19,6041b6b1-27a2-491b-bf07-074f18b1c27c,c2ce94c3-f617-46a9-888e-f59f14083d96,1633173297377,14.4510571,52.2125681,7.6128635,-1.3261476,-1.0297949,1.216032,on bike mount,cyclo cross,True,asphalt,excellent
1f3b5e1e-ffc4-4941-b268-04416bbafb19,6041b6b1-27a2-491b-bf07-074f18b1c27c,5ad38cd6-d701-4bbe-b38e-1a5fb7aeb467,1633173297444,14.4510571,52.2125681,7.6128635,-0.67369956,-0.5239289,0.07504749,on bike mount,cyclo cross,True,asphalt,excellent
1f3b5e1e-ffc4-4941-b268-04416bbafb19,6041b6b1-27a2-491b-bf07-074f18b1c27c,d9ee8316-17dd-45e7-b703-967d10539f44,1633173297494,14.4510571,52.2125681,7.6128635,0.40549004,-2.357522,-1.9495826,on bike mount,cyclo cross,True,asphalt,excellent
1f3b5e1e-ffc4-4941-b268-04416bbafb19,6041b6b1-27a2-491b-bf07-074f18b1c27c,5a954428-54d5-4c85-a184-accc60ea9fd7,1633173297561,14.4510571,52.2125681,7.6128635,0.41704237,1.8203745,-2.5858917,on bike mount,cyclo cross,True,asphalt,excellent
1f3b5e1e-ffc4-4941-b268-04416bbafb19,6041b6b1-27a2-491b-bf07-074f18b1c27c,d253282c-8fe1-4656-83bc-b26dfda86d3d,1633173297611,14.4510571,52.2125681,7.6128635,-0.42811334,2.2804856,-2.078744,on bike mount,cyclo cross,True,asphalt,excellent
1f3b5e1e-ffc4-4941-b268-04416bbafb19,6041b6b1-27a2-491b-bf07-074f18b1c27c,7b4ca8f6-de98-46df-b8ad-7f1adc61c62a,1633173297678,14.4510571,52.2125681,7.6128635,-0.70462626,-1.9376452,-2.2357707,on bike mount,cyclo cross,True,asphalt,excellent
1f3b5e1e-ffc4-4941-b268-04416bbafb19,6041b6b1-27a2-491b-bf07-074f18b1c27c,9488f44c-0bcb-4857-a0ab-87059ce99d35,1633173297729,14.4510571,52.2125681,7.6128635,1.0661304,-1.5447865,1.623085,on bike mount,cyclo cross,True,asphalt,excellent
1f3b5e1e-ffc4-4941-b268-04416bbafb19,6041b6b1-27a2-491b-bf07-074f18b1c27c,d28b1513-aba2-44df-bed5-7ad3ff5b8108,1633173297794,14.4510571,52.2125681,7.6128635,-3.3122356,0.5535722,1.3873062,on bike mount,cyclo cross,True,asphalt,excellent
1f3b5e1e-ffc4-4941-b268-04416bbafb19,6041b6b1-27a2-491b-bf07-074f18b1c27c,d634a11f-cb37-4014-88df-05a08739f711,1633173297844,14.4510571,52.2125681,7.6128635,-0.1922633,-0.51008654,-1.8592577,on bike mount,cyclo cross,True,asphalt,excellent
1f3b5e1e-ffc4-4941-b268-04416bbafb19,6041b6b1-27a2-491b-bf07-074f18b1c27c,6b306119-d50f-48cc-af44-b95b7ab1d385,1633173297894,14.4510571,52.2125681,7.6128635,-0.21365689,0.084229946,-2.1573405,on bike mount,cyclo cross,True,asphalt,excellent
1f3b5e1e-ffc4-4941-b268-04416bbafb19,6041b6b1-27a2-491b-bf07-074f18b1c27c,3ae8361a-5a29-47c0-b0ef-93397c56df33,1633173297947,14.4510571,52.2125681,7.6128635,0.6884858,0.8158989,0.74904346,on bike mount,cyclo cross,True,asphalt,excellent
1f3b5e1e-ffc4-4941-b268-04416bbafb19,6041b6b1-27a2-491b-bf07-074f18b1c27c,6bb3372d-e1ef-41f0-bd6f-604f2019cfb1,1633173298012,14.4510975,52.2125085,7.521887,-0.7730402,-1.737739,1.0992785,on bike mount,cyclo cross,True,asphalt,excellent
1f3b5e1e-ffc4-4941-b268-04416bbafb19,6041b6b1-27a2-491b-bf07-074f18b1c27c,c480eaff-ab03-47df-9566-30cf8e91e718,1633173298077,14.4510975,52.2125085,7.521887,-0.13432205,1.4103122,3.0396852,on bike mount,cyclo cross,True,asphalt,excellent
1f3b5e1e-ffc4-4941-b268-04416bbafb19,6041b6b1-27a2-491b-bf07-074f18b1c27c,34a905a5-2397-4e8e-b1b9-a4105b8666b3,1633173298127,14.4510975,52.2125085,7.521887,-0.054780096,0.8837943,-0.103835106,on bike mount,cyclo cross,True,asphalt,excellent
1f3b5e1e-ffc4-4941-b268-04416bbafb19,6041b6b1-27a2-491b-bf07-074f18b1c27c,882c85f0-653d-45ec-a034-6ae41063b972,1633173298178,14.4510975,52.2125085,7.521887,0.013056815,0.91848207,-2.2107987,on bike mount,cyclo cross,True,asphalt,excellent
1f3b5e1e-ffc4-4941-b268-04416bbafb19,6041b6b1-27a2-491b-bf07-074f18b1c27c,f77ac67e-f6fb-4a88-80f9-67ebda62de20,1633173298229,14.4510975,52.2125085,7.521887,0.37239507,-0.65435696,3.080943,on bike mount,cyclo cross,True,asphalt,excellent
1f3b5e1e-ffc4-4941-b268-04416bbafb19,6041b6b1-27a2-491b-bf07-074f18b1c27c,94ad09ff-712b-4234-9535-c91e850f821f,1633173298294,14.4510975,52.2125085,7.521887,0.08111408,-2.4640517,0.9660139,on bike mount,cyclo cross,True,asphalt,excellent
1f3b5e1e-ffc4-4941-b268-04416bbafb19,6041b6b1-27a2-491b-bf07-074f18b1c27c,1b41d949-6252-4128-88e4-3f4ac10e826f,1633173298344,14.4510975,52.2125085,7.521887,0.24764113,0.8682406,-1.6180172,on bike mount,cyclo cross,True,asphalt,excellent
1f3b5e1e-ffc4-4941-b268-04416bbafb19,6041b6b1-27a2-491b-bf07-074f18b1c27c,9a54152a-83a4-4437-b172-e8cc5fe9df14,1633173298394,14.4510975,52.2125085,7.521887,1.6013175,0.41286254,-3.0129604,on bike mount,cyclo cross,True,asphalt,excellent
1f3b5e1e-ffc4-4941-b268-04416bbafb19,6041b6b1-27a2-491b-bf07-074f18b1c27c,560f9d76-26f3-445b-8a95-36b2f34924a4,1633173298446,14.4510975,52.2125085,7.521887,7.501352,-2.9065475,6.242237,on bike mount,cyclo cross,True,asphalt,excellent
1f3b5e1e-ffc4-4941-b268-04416bbafb19,6041b6b1-27a2-491b-bf07-074f18b1c27c,8fc7c09a-e6c7-4a87-a651-d0bb57bcfdb5,1633173298495,14.4510975,52.2125085,7.521887,2.4964929,0.7603972,-5.8531857,on bike mount,cyclo cross,True,asphalt,excellent
1f3b5e1e-ffc4-4941-b268-04416bbafb19,6041b6b1-27a2-491b-bf07-074f18b1c27c,5f7b63fb-4ef8-4b19-91aa-d1ed1526fd07,1633173298546,14.4510975,52.2125085,7.521887,0.8041009,-1.9623556,4.440049,on bike mount,cyclo cross,True,asphalt,excellent
1f3b5e1e-ffc4-4941-b268-04416bbafb19,6041b6b1-27a2-491b-bf07-074f18b1c27c,ddccdf5d-8eca-4a80-a0db-7c12d9c75d74,1633173298596,14.4510975,52.2125085,7.521887,-1.0163556,1.7562819,2.005251,on bike mount,cyclo cross,True,asphalt,excellent
1f3b5e1e-ffc4-4941-b268-04416bbafb19,6041b6b1-27a2-491b-bf07-074f18b1c27c,3400d69b-3201-4006-b775-9b7b8cafb200,1633173298646,14.4510975,52.2125085,7.521887,-1.4621334,3.1920424,3.1027908,on bike mount,cyclo cross,True,asphalt,excellent
1f3b5e1e-ffc4-4941-b268-04416bbafb19,6041b6b1-27a2-491b-bf07-074f18b1c27c,0831ab63-d9c6-4494-a909-a109bd4cb939,1633173298696,14.4510975,52.2125085,7.521887,-0.5739302,-0.8999649,1.1677656,on bike mount,cyclo cross,True,asphalt,excellent
1f3b5e1e-ffc4-4941-b268-04416bbafb19,6041b6b1-27a2-491b-bf07-074f18b1c27c,21140625-666d-4ee3-bfb4-dc09a1a97ae8,1633173298745,14.4510975,52.2125085,7.521887,0.030149877,0.48751545,-0.82080364,on bike mount,cyclo cross,True,asphalt,excellent
1f3b5e1e-ffc4-4941-b268-04416bbafb19,6041b6b1-27a2-491b-bf07-074f18b1c27c,02e86dd0-46f4-451b-be60-a35937d3ebfa,1633173298795,14.4510975,52.2125085,7.521887,0.25271502,-0.9003117,0.58417416,on bike mount,cyclo cross,True,asphalt,excellent
1f3b5e1e-ffc4-4941-b268-04416bbafb19,6041b6b1-27a2-491b-bf07-074f18b1c27c,13631462-02e9-49e3-8c54-a54bd648f270,1633173298846,14.4510975,52.2125085,7.521887,0.0934151,0.7202487,-0.9848118,on bike mount,cyclo cross,True,asphalt,excellent
1f3b5e1e-ffc4-4941-b268-04416bbafb19,6041b6b1-27a2-491b-bf07-074f18b1c27c,8ade1c35-86e7-453f-8225-f90d349da033,1633173298896,14.4510975,52.2125085,7.521887,0.4367757,-1.0278645,-1.4813342,on bike mount,cyclo cross,True,asphalt,excellent
1f3b5e1e-ffc4-4941-b268-04416bbafb19,6041b6b1-27a2-491b-bf07-074f18b1c27c,9567c986-275b-4f57-a8ba-9b319041c2ab,1633173298947,14.4510975,52.2125085,7.521887,-1.8687139,-0.93923795,0.22049618,on bike mount,cyclo cross,True,asphalt,excellent
1f3b5e1e-ffc4-4941-b268-04416bbafb19,6041b6b1-27a2-491b-bf07-074f18b1c27c,c796b316-e461-4369-8dca-5670362b1c96,1633173299012,14.4511352,52.2124448,7.6864696,0.6260303,-0.2116766,1.2866879,on bike mount,cyclo cross,True,asphalt,excellent
1f3b5e1e-ffc4-4941-b268-04416bbafb19,6041b6b1-27a2-491b-bf07-074f18b1c27c,5711291c-121f-410c-ac31-761c4c310045,1633173299062,14.4511352,52.2124448,7.6864696,0.53778946,1.6478171,-1.7928443,on bike mount,cyclo cross,True,asphalt,excellent
1f3b5e1e-ffc4-4941-b268-04416bbafb19,6041b6b1-27a2-491b-bf07-074f18b1c27c,f7eccfb9-1e2d-4054-8dd1-64f5067450b7,1633173299114,14.4511352,52.2124448,7.6864696,-1.2043302,1.024373,-0.17619419,on bike mount,cyclo cross,True,asphalt,excellent
1f3b5e1e-ffc4-4941-b268-04416bbafb19,6041b6b1-27a2-491b-bf07-074f18b1c27c,01bfa5d3-41d6-455c-832e-dd4deab7fddc,1633173299179,14.4511352,52.2124448,7.6864696,1.1532148,0.6864319,0.6423893,on bike mount,cyclo cross,True,asphalt,excellent
1f3b5e1e-ffc4-4941-b268-04416bbafb19,6041b6b1-27a2-491b-bf07-074f18b1c27c,3e9fc84e-92a4-46ab-8ba9-473eda4bab32,1633173299229,14.4511352,52.2124448,7.6864696,1.5952829,-2.4990058,0.36512756,on bike mount,cyclo cross,True,asphalt,excellent
1f3b5e1e-ffc4-4941-b268-04416bbafb19,6041b6b1-27a2-491b-bf07-074f18b1c27c,5a325ea9-3a92-4d63-9c89-40848a7b91ba,1633173299280,14.4511352,52.2124448,7.6864696,-0.2143502,-1.2793334,0.47160625,on bike mount,cyclo cross,True,asphalt,excellent
1f3b5e1e-ffc4-4941-b268-04416bbafb19,6041b6b1-27a2-491b-bf07-074f18b1c27c,e4db9877-5226-4c95-b2b8-cd8fa502ee66,1633173299331,14.4511352,52.2124448,7.6864696,-1.0681968,-0.2491436,-0.6288748,on bike mount,cyclo cross,True,asphalt,excellent
1f3b5e1e-ffc4-4941-b268-04416bbafb19,6041b6b1-27a2-491b-bf07-074f18b1c27c,acd01dea-5864-4ab6-b96f-2f27f66e63ed,1633173299381,14.4511352,52.2124448,7.6864696,-0.035183117,0.43327904,0.116742134,on bike mount,cyclo cross,True,asphalt,excellent
1f3b5e1e-ffc4-4941-b268-04416bbafb19,6041b6b1-27a2-491b-bf07-074f18b1c27c,2fdad0b0-f891-44f2-ad65-8eff0ca2d878,1633173299446,14.4511352,52.2124448,7.6864696,0.046247438,2.0370545,1.5009136,on bike mount,cyclo cross,True,asphalt,excellent
1f3b5e1e-ffc4-4941-b268-04416bbafb19,6041b6b1-27a2-491b-bf07-074f18b1c27c,9a497fee-9a2a-4c0c-ab56-6a216ca1c3d5,1633173299497,14.4511352,52.2124448,7.6864696,-0.9937582,2.3354268,-0.7158594,on bike mount,cyclo cross,True,asphalt,excellent
1f3b5e1e-ffc4-4941-b268-04416bbafb19,6041b6b1-27a2-491b-bf07-074f18b1c27c,4a329bad-54ef-4ebe-8d41-e144bcc12f5c,1633173299548,14.4511352,52.2124448,7.6864696,-0.17044061,-2.0459847,1.0036049,on bike mount,cyclo cross,True,asphalt,excellent
1f3b5e1e-ffc4-4941-b268-04416bbafb19,6041b6b1-27a2-491b-bf07-074f18b1c27c,914148de-6592-4a35-a5b2-6c475f47564b,1633173299598,14.4511352,52.2124448,7.6864696,1.2814723,-0.15476036,-1.1662879,on bike mount,cyclo cross,True,asphalt,excellent
1f3b5e1e-ffc4-4941-b268-04416bbafb19,6041b6b1-27a2-491b-bf07-074f18b1c27c,1b705360-44da-4e11-baa4-dd9b7ceab3a7,1633173299648,14.4511352,52.2124448,7.6864696,0.6960072,-1.1204767,1.7436686,on bike mount,cyclo cross,True,asphalt,excellent
1f3b5e1e-ffc4-4941-b268-04416bbafb19,6041b6b1-27a2-491b-bf07-074f18b1c27c,2c37a290-76f8-4dec-b57f-55d16f862b15,1633173299698,14.4511352,52.2124448,7.6864696,-0.9968635,-1.4047523,2.4922438,on bike mount,cyclo cross,True,asphalt,excellent
1f3b5e1e-ffc4-4941-b268-04416bbafb19,6041b6b1-27a2-491b-bf07-074f18b1c27c,3c1aef60-93c8-4a64-86cc-934506f2c5f8,1633173299748,14.4511352,52.2124448,7.6864696,0.7462335,-1.3306298,-0.76723766,on bike mount,cyclo cross,True,asphalt,excellent
1f3b5e1e-ffc4-4941-b268-04416bbafb19,6041b6b1-27a2-491b-bf07-074f18b1c27c,e6acbf33-5748-422c-bb3e-31a65e0c4132,1633173299798,14.4511352,52.2124448,7.6864696,0.43484733,-0.56546736,0.89116,on bike mount,cyclo cross,True,asphalt,excellent
1f3b5e1e-ffc4-4941-b268-04416bbafb19,6041b6b1-27a2-491b-bf07-074f18b1c27c,448228a3-3c2a-478e-8efa-ef7d8cd466b4,1633173299848,14.4511352,52.2124448,7.6864696,0.9319202,2.0185287,-0.6796999,on bike mount,cyclo cross,True,asphalt,excellent
1f3b5e1e-ffc4-4941-b268-04416bbafb19,6041b6b1-27a2-491b-bf07-074f18b1c27c,c3c16f1a-610d-4f83-b48a-e8d1774b0790,1633173299898,14.4511352,52.2124448,7.6864696,0.0062600747,-2.5332763,0.4254198,on bike mount,cyclo cross,True,asphalt,excellent
1f3b5e1e-ffc4-4941-b268-04416bbafb19,6041b6b1-27a2-491b-bf07-074f18b1c27c,54b585f2-3c88-49d1-b645-3069957a4334,1633173299952,14.4511352,52.2124448,7.6864696,0.14778233,2.532506,-1.0473881,on bike mount,cyclo cross,True,asphalt,excellent
1f3b5e1e-ffc4-4941-b268-04416bbafb19,6041b6b1-27a2-491b-bf07-074f18b1c27c,627bc167-d9bd-4be8-913e-dee58d7c1083,1633173300014,14.4511688,52.2123807,7.5088606,0.021967769,-0.5188494,0.7355423,on bike mount,cyclo cross,True,asphalt,excellent
1f3b5e1e-ffc4-4941-b268-04416bbafb19,6041b6b1-27a2-491b-bf07-074f18b1c27c,e55b7041-39f6-4a21-a5ef-c922ccb76d97,1633173300064,14.4511688,52.2123807,7.5088606,-1.0258551,-1.4458289,-0.11455631,on bike mount,cyclo cross,True,asphalt,excellent
1f3b5e1e-ffc4-4941-b268-04416bbafb19,6041b6b1-27a2-491b-bf07-074f18b1c27c,ea960ede-ba56-44cd-8399-0cf1bbda7f4b,1633173300114,14.4511688,52.2123807,7.5088606,-0.26103625,-0.4981904,-1.1157713,on bike mount,cyclo cross,True,asphalt,excellent
1f3b5e1e-ffc4-4941-b268-04416bbafb19,6041b6b1-27a2-491b-bf07-074f18b1c27c,8fe559ee-bee0-419e-877e-e63165cee702,1633173300165,14.4511688,52.2123807,7.5088606,-0.89186573,-0.681643,-1.3456888,on bike mount,cyclo cross,True,asphalt,excellent
1f3b5e1e-ffc4-4941-b268-04416bbafb19,6041b6b1-27a2-491b-bf07-074f18b1c27c,edd25a0b-8feb-40bd-9c7a-f8477de8a614,1633173300216,14.4511688,52.2123807,7.5088606,0.46529573,0.12395835,0.5854664,on bike mount,cyclo cross,True,asphalt,excellent
1f3b5e1e-ffc4-4941-b268-04416bbafb19,6041b6b1-27a2-491b-bf07-074f18b1c27c,a848886d-3c65-4063-ba9b-539015e8ae47,1633173300283,14.4511688,52.2123807,7.5088606,-0.24368066,1.2626109,1.1065702,on bike mount,cyclo cross,True,asphalt,excellent
1f3b5e1e-ffc4-4941-b268-04416bbafb19,6041b6b1-27a2-491b-bf07-074f18b1c27c,bb34134e-9b3f-4d02-8792-a0768ddac3e8,1633173300333,14.4511688,52.2123807,7.5088606,0.26977092,0.15190554,0.87502193,on bike mount,cyclo cross,True,asphalt,excellent
1f3b5e1e-ffc4-4941-b268-04416bbafb19,6041b6b1-27a2-491b-bf07-074f18b1c27c,5e8d3779-616b-4ab2-a7bc-eb9080133b69,1633173300383,14.4511688,52.2123807,7.5088606,-0.41240025,1.1057456,-0.95578194,on bike mount,cyclo cross,True,asphalt,excellent
1f3b5e1e-ffc4-4941-b268-04416bbafb19,6041b6b1-27a2-491b-bf07-074f18b1c27c,43693e58-771e-40ba-b146-6f2cb84e9736,1633173300449,14.4511688,52.2123807,7.5088606,-1.3434234,-0.075119495,0.67249775,on bike mount,cyclo cross,True,asphalt,excellent
1f3b5e1e-ffc4-4941-b268-04416bbafb19,6041b6b1-27a2-491b-bf07-074f18b1c27c,f813a184-87d3-463f-814c-7cfaf25573ba,1633173300499,14.4511688,52.2123807,7.5088606,-0.22256103,-1.2192181,0.6735773,on bike mount,cyclo cross,True,asphalt,excellent
1f3b5e1e-ffc4-4941-b268-04416bbafb19,6041b6b1-27a2-491b-bf07-074f18b1c27c,5850cf0b-a56a-481b-89f7-516889432a57,1633173300549,14.4511688,52.2123807,7.5088606,-0.6570184,-0.8430803,0.2047472,on bike mount,cyclo cross,True,asphalt,excellent
1f3b5e1e-ffc4-4941-b268-04416bbafb19,6041b6b1-27a2-491b-bf07-074f18b1c27c,6e756665-637e-4540-b560-08dbe00b5239,1633173300599,14.4511688,52.2123807,7.5088606,1.4290485,-0.9074826,1.3921585,on bike mount,cyclo cross,True,asphalt,excellent
1f3b5e1e-ffc4-4941-b268-04416bbafb19,6041b6b1-27a2-491b-bf07-074f18b1c27c,69291339-f971-41de-aa3b-807749219c4b,1633173300649,14.4511688,52.2123807,7.5088606,-0.19704163,-0.26717782,0.89645004,on bike mount,cyclo cross,True,asphalt,excellent
1f3b5e1e-ffc4-4941-b268-04416bbafb19,6041b6b1-27a2-491b-bf07-074f18b1c27c,238a3243-99ec-4601-bd59-317cc3f74614,1633173300699,14.4511688,52.2123807,7.5088606,0.11477751,-0.893136,-2.3509364,on bike mount,cyclo cross,True,asphalt,excellent
1f3b5e1e-ffc4-4941-b268-04416bbafb19,6041b6b1-27a2-491b-bf07-074f18b1c27c,3ac5e12a-4c51-4972-9624-318f12e81eee,1633173300749,14.4511688,52.2123807,7.5088606,-1.43522,2.2693906,-0.8449421,on bike mount,cyclo cross,True,asphalt,excellent
1f3b5e1e-ffc4-4941-b268-04416bbafb19,6041b6b1-27a2-491b-bf07-074f18b1c27c,f8d26b43-3fd8-4685-8a02-5ebe40a73690,1633173300800,14.4511688,52.2123807,7.5088606,0.22797301,-1.330911,-1.1961126,on bike mount,cyclo cross,True,asphalt,excellent
1f3b5e1e-ffc4-4941-b268-04416bbafb19,6041b6b1-27a2-491b-bf07-074f18b1c27c,17d6d89f-535f-4662-ada7-364aba66b547,1633173300851,14.4511688,52.2123807,7.5088606,0.10841848,-0.6226547,-0.8725424,on bike mount,cyclo cross,True,asphalt,excellent
1f3b5e1e-ffc4-4941-b268-04416bbafb19,6041b6b1-27a2-491b-bf07-074f18b1c27c,1abb2f70-4bff-4aad-ba63-2014ce29e721,1633173300916,14.4511688,52.2123807,7.5088606,-0.67046046,-0.899982,-0.53288937,on bike mount,cyclo cross,True,asphalt,excellent
1f3b5e1e-ffc4-4941-b268-04416bbafb19,6041b6b1-27a2-491b-bf07-074f18b1c27c,1981ebf1-6c2a-4574-9a3b-f149f7a0abae,1633173300972,14.4511995,52.2123167,7.42611,-3.828435,-9.01761,9.851695,on bike mount,cyclo cross,True,asphalt,excellent
1f3b5e1e-ffc4-4941-b268-04416bbafb19,6041b6b1-27a2-491b-bf07-074f18b1c27c,4c4094fe-478c-43a8-895d-e68ac98bc202,1633173301034,14.4511995,52.2123167,7.42611,-1.9653753,2.864542,-3.2522845,on bike mount,cyclo cross,True,asphalt,excellent
1f3b5e1e-ffc4-4941-b268-04416bbafb19,6041b6b1-27a2-491b-bf07-074f18b1c27c,71dc1212-82ea-48ce-9dc9-a74f8e9159a9,1633173301085,14.4511995,52.2123167,7.42611,0.22833377,2.7333202,0.05277157,on bike mount,cyclo cross,True,asphalt,excellent
1f3b5e1e-ffc4-4941-b268-04416bbafb19,6041b6b1-27a2-491b-bf07-074f18b1c27c,9c8d11e5-5cf5-4655-b286-f6b4ef45c25d,1633173301134,14.4511995,52.2123167,7.42611,-0.59289217,-1.4114068,1.5916891,on bike mount,cyclo cross,True,asphalt,excellent
1f3b5e1e-ffc4-4941-b268-04416bbafb19,6041b6b1-27a2-491b-bf07-074f18b1c27c,4d661df6-0cdc-4be2-8b67-cd79ef8068d1,1633173301201,14.4511995,52.2123167,7.42611,0.46092698,0.83788013,-2.5296278,on bike mount,cyclo cross,True,asphalt,excellent
1f3b5e1e-ffc4-4941-b268-04416bbafb19,6041b6b1-27a2-491b-bf07-074f18b1c27c,a0d894e5-57de-4c34-838d-7bcf86cbbb31,1633173301266,14.4511995,52.2123167,7.42611,-0.39588892,-0.35452414,0.44316292,on bike mount,cyclo cross,True,asphalt,excellent
1f3b5e1e-ffc4-4941-b268-04416bbafb19,6041b6b1-27a2-491b-bf07-074f18b1c27c,124b9651-bb45-4ce3-bafa-b46542d67238,1633173301316,14.4511995,52.2123167,7.42611,-0.6508768,0.5960233,-0.8584504,on bike mount,cyclo cross,True,asphalt,excellent
1f3b5e1e-ffc4-4941-b268-04416bbafb19,6041b6b1-27a2-491b-bf07-074f18b1c27c,341e072d-8db2-441b-8edc-5baeeb671e76,1633173301366,14.4511995,52.2123167,7.42611,0.35004503,0.074664354,1.1819077,on bike mount,cyclo cross,True,asphalt,excellent
1f3b5e1e-ffc4-4941-b268-04416bbafb19,6041b6b1-27a2-491b-bf07-074f18b1c27c,d3b6124b-ac81-4c80-9c40-fb67f308d1d5,1633173301418,14.4511995,52.2123167,7.42611,-0.5856663,0.47755122,0.23584175,on bike mount,cyclo cross,True,asphalt,excellent
1f3b5e1e-ffc4-4941-b268-04416bbafb19,6041b6b1-27a2-491b-bf07-074f18b1c27c,4e15a7f1-de0b-4d19-8c42-0da5fc8f94e2,1633173301485,14.4511995,52.2123167,7.42611,1.6261486,1.2382565,1.244627,on bike mount,cyclo cross,True,asphalt,excellent
1f3b5e1e-ffc4-4941-b268-04416bbafb19,6041b6b1-27a2-491b-bf07-074f18b1c27c,2b95c5fa-43d0-4249-9d7d-b8d13f4a4533,1633173301536,14.4511995,52.2123167,7.42611,0.80650496,-0.3728435,-0.29374313,on bike mount,cyclo cross,True,asphalt,excellent
1f3b5e1e-ffc4-4941-b268-04416bbafb19,6041b6b1-27a2-491b-bf07-074f18b1c27c,dad647b1-22d1-4f42-8441-303f5abf7ca6,1633173301585,14.4511995,52.2123167,7.42611,0.31830356,-1.5505261,2.6611433,on bike mount,cyclo cross,True,asphalt,excellent
1f3b5e1e-ffc4-4941-b268-04416bbafb19,6041b6b1-27a2-491b-bf07-074f18b1c27c,83d90a0e-886c-4206-b377-936f6006086b,1633173301635,14.4511995,52.2123167,7.42611,1.0149297,0.089481115,1.1990309,on bike mount,cyclo cross,True,asphalt,excellent
1f3b5e1e-ffc4-4941-b268-04416bbafb19,6041b6b1-27a2-491b-bf07-074f18b1c27c,9c7cb940-170c-45fb-a8d8-e678abf1a676,1633173301701,14.4511995,52.2123167,7.42611,-1.278696,-0.50193906,-0.5305109,on bike mount,cyclo cross,True,asphalt,excellent
1f3b5e1e-ffc4-4941-b268-04416bbafb19,6041b6b1-27a2-491b-bf07-074f18b1c27c,d2e4fd53-d025-41de-b381-3dfc12e6a76a,1633173301751,14.4511995,52.2123167,7.42611,-0.48279676,0.69651794,-0.7161169,on bike mount,cyclo cross,True,asphalt,excellent
1f3b5e1e-ffc4-4941-b268-04416bbafb19,6041b6b1-27a2-491b-bf07-074f18b1c27c,49f52ece-3124-4d7d-bd7d-cb823f96bd1d,1633173301802,14.4511995,52.2123167,7.42611,-0.6204386,0.9839494,1.059,on bike mount,cyclo cross,True,asphalt,excellent
1f3b5e1e-ffc4-4941-b268-04416bbafb19,6041b6b1-27a2-491b-bf07-074f18b1c27c,2ec14009-7df3-4fb0-aa9c-0326d7fa3fcb,1633173301853,14.4511995,52.2123167,7.42611,-0.5264833,-0.25956988,-3.0680523,on bike mount,cyclo cross,True,asphalt,excellent
1f3b5e1e-ffc4-4941-b268-04416bbafb19,6041b6b1-27a2-491b-bf07-074f18b1c27c,2bc8c56e-357f-4088-ab62-445a816b6019,1633173301920,14.4511995,52.2123167,7.42611,-0.10106431,1.0444913,1.0184193,on bike mount,cyclo cross,True,asphalt,excellent
1f3b5e1e-ffc4-4941-b268-04416bbafb19,6041b6b1-27a2-491b-bf07-074f18b1c27c,2915f703-c4a3-4b37-a62f-4a45722971b5,1633173301986,14.451229,52.212254,7.386776,-0.23413056,-0.7078328,1.0446377,on bike mount,cyclo cross,True,asphalt,excellent
1f3b5e1e-ffc4-4941-b268-04416bbafb19,6041b6b1-27a2-491b-bf07-074f18b1c27c,fd225477-9bce-4868-ad13-590faef5e13e,1633173302051,14.451229,52.212254,7.386776,-0.30197665,-0.18223119,-1.1530042,on bike mount,cyclo cross,True,asphalt,excellent
1f3b5e1e-ffc4-4941-b268-04416bbafb19,6041b6b1-27a2-491b-bf07-074f18b1c27c,6f823054-a6ed-452f-8716-9c149a78cb28,1633173302101,14.451229,52.212254,7.386776,0.70365256,-0.5779619,1.979703,on bike mount,cyclo cross,True,asphalt,excellent
1f3b5e1e-ffc4-4941-b268-04416bbafb19,6041b6b1-27a2-491b-bf07-074f18b1c27c,463e2c42-57d5-41bb-853b-8aa152d39a4a,1633173302153,14.451229,52.212254,7.386776,0.8874573,0.33419228,1.6109095,on bike mount,cyclo cross,True,asphalt,excellent
1f3b5e1e-ffc4-4941-b268-04416bbafb19,6041b6b1-27a2-491b-bf07-074f18b1c27c,03d966f4-9037-400a-a38f-1e2839809cc4,1633173302219,14.451229,52.212254,7.386776,0.087403305,0.5952277,0.6599283,on bike mount,cyclo cross,True,asphalt,excellent
1f3b5e1e-ffc4-4941-b268-04416bbafb19,6041b6b1-27a2-491b-bf07-074f18b1c27c,7d3d194c-17a7-415e-b290-ba9b9ba0f527,1633173302270,14.451229,52.212254,7.386776,-0.13027069,-1.7492731,-0.036250114,on bike mount,cyclo cross,True,asphalt,excellent
1f3b5e1e-ffc4-4941-b268-04416bbafb19,6041b6b1-27a2-491b-bf07-074f18b1c27c,4f479db9-252a-4edb-be1f-31f4158fd718,1633173302336,14.451229,52.212254,7.386776,0.6998491,-2.2761736,0.2512703,on bike mount,cyclo cross,True,asphalt,excellent
1f3b5e1e-ffc4-4941-b268-04416bbafb19,6041b6b1-27a2-491b-bf07-074f18b1c27c,c57b454b-0746-43d2-a651-94e276cb65a9,1633173302386,14.451229,52.212254,7.386776,-0.773781,-0.049456835,3.1424322,on bike mount,cyclo cross,True,asphalt,excellent
1f3b5e1e-ffc4-4941-b268-04416bbafb19,6041b6b1-27a2-491b-bf07-074f18b1c27c,7fc0e8cb-e1e4-4661-a5b7-89e31bfad194,1633173302436,14.451229,52.212254,7.386776,-0.32502636,-0.14322972,-2.1386766,on bike mount,cyclo cross,True,asphalt,excellent
1f3b5e1e-ffc4-4941-b268-04416bbafb19,6041b6b1-27a2-491b-bf07-074f18b1c27c,69d37fbd-5ea4-4f6a-8778-0066aa92e739,1633173302487,14.451229,52.212254,7.386776,0.1830932,0.9311726,0.69257355,on bike mount,cyclo cross,True,asphalt,excellent
1f3b5e1e-ffc4-4941-b268-04416bbafb19,6041b6b1-27a2-491b-bf07-074f18b1c27c,22b79cc4-c68d-495f-8786-0ebea9df5c8f,1633173302538,14.451229,52.212254,7.386776,0.7871557,0.97454,-0.3055048,on bike mount,cyclo cross,True,asphalt,excellent
1f3b5e1e-ffc4-4941-b268-04416bbafb19,6041b6b1-27a2-491b-bf07-074f18b1c27c,bce64d0e-9240-4fe6-9a56-656bcf5d1faa,1633173302588,14.451229,52.212254,7.386776,-0.29193443,-0.54408956,-0.6036768,on bike mount,cyclo cross,True,asphalt,excellent
1f3b5e1e-ffc4-4941-b268-04416bbafb19,6041b6b1-27a2-491b-bf07-074f18b1c27c,44fe3c06-273b-424d-89bd-f4b9a300d5f4,1633173302638,14.451229,52.212254,7.386776,-0.2961346,-0.50450397,-0.17275047,on bike mount,cyclo cross,True,asphalt,excellent
1f3b5e1e-ffc4-4941-b268-04416bbafb19,6041b6b1-27a2-491b-bf07-074f18b1c27c,416c25c5-c467-4cfa-be39-b21abedc5163,1633173302703,14.451229,52.212254,7.386776,-0.08626622,1.6986444,-0.73182774,on bike mount,cyclo cross,True,asphalt,excellent
1f3b5e1e-ffc4-4941-b268-04416bbafb19,6041b6b1-27a2-491b-bf07-074f18b1c27c,7c13aba9-765c-42c5-82b8-404453e009a0,1633173302753,14.451229,52.212254,7.386776,1.3614945,0.58225965,0.63178444,on bike mount,cyclo cross,True,asphalt,excellent
1f3b5e1e-ffc4-4941-b268-04416bbafb19,6041b6b1-27a2-491b-bf07-074f18b1c27c,404d6a06-5437-45b8-a6c3-9a30cfc6155a,1633173302804,14.451229,52.212254,7.386776,0.4115675,0.40677595,-1.8479095,on bike mount,cyclo cross,True,asphalt,excellent
1f3b5e1e-ffc4-4941-b268-04416bbafb19,6041b6b1-27a2-491b-bf07-074f18b1c27c,5e8fa612-bc82-4400-a5e8-ca8f2451bf6a,1633173302855,14.451229,52.212254,7.386776,0.036138207,-1.8428375,-0.7023754,on bike mount,cyclo cross,True,asphalt,excellent
1f3b5e1e-ffc4-4941-b268-04416bbafb19,6041b6b1-27a2-491b-bf07-074f18b1c27c,9b5be43c-3c98-44f5-b41b-89f63b2657a8,1633173302920,14.451229,52.212254,7.386776,1.79503,-0.26168275,1.0480671,on bike mount,cyclo cross,True,asphalt,excellent
1f3b5e1e-ffc4-4941-b268-04416bbafb19,6041b6b1-27a2-491b-bf07-074f18b1c27c,503d9a1f-87d4-4f95-a857-296384e0fbfe,1633173302970,14.4512609,52.2121938,7.4655623,0.0068889856,-1.2159845,2.491025,on bike mount,cyclo cross,True,asphalt,excellent
1f3b5e1e-ffc4-4941-b268-04416bbafb19,6041b6b1-27a2-491b-bf07-074f18b1c27c,0f083b2c-31a2-449e-8e8c-27cbb83ff06d,1633173303020,14.4512609,52.2121938,7.4655623,0.34521317,1.6429043,-2.3063655,on bike mount,cyclo cross,True,asphalt,excellent
1f3b5e1e-ffc4-4941-b268-04416bbafb19,6041b6b1-27a2-491b-bf07-074f18b1c27c,e4336cf3-37d6-41f6-be76-911eb8d92bfc,1633173303071,14.4512609,52.2121938,7.4655623,0.13427238,1.8219802,-1.0063224,on bike mount,cyclo cross,True,asphalt,excellent
1f3b5e1e-ffc4-4941-b268-04416bbafb19,6041b6b1-27a2-491b-bf07-074f18b1c27c,dc41b945-22ca-428e-88cc-24e7fe0a8c36,1633173303120,14.4512609,52.2121938,7.4655623,-0.20620161,-1.9091523,-0.20753574,on bike mount,cyclo cross,True,asphalt,excellent
1f3b5e1e-ffc4-4941-b268-04416bbafb19,6041b6b1-27a2-491b-bf07-074f18b1c27c,c6e5f8bb-9519-4a57-b5dd-7d830d5eba45,1633173303170,14.4512609,52.2121938,7.4655623,2.1279635,1.3019321,-0.1454916,on bike mount,cyclo cross,True,asphalt,excellent
1f3b5e1e-ffc4-4941-b268-04416bbafb19,6041b6b1-27a2-491b-bf07-074f18b1c27c,3e82c21c-a4a8-4ded-84dd-15335dec98ed,1633173303221,14.4512609,52.2121938,7.4655623,1.1046993,-0.78611445,-1.9620614,on bike mount,cyclo cross,True,asphalt,excellent
1f3b5e1e-ffc4-4941-b268-04416bbafb19,6041b6b1-27a2-491b-bf07-074f18b1c27c,b9e970b6-5d73-4d70-97ce-8b8aa890975d,1633173303272,14.4512609,52.2121938,7.4655623,-1.0990934,-1.9800454,1.6240015,on bike mount,cyclo cross,True,asphalt,excellent
1f3b5e1e-ffc4-4941-b268-04416bbafb19,6041b6b1-27a2-491b-bf07-074f18b1c27c,13186483-b9ac-43c4-ba71-dc8b59b4356f,1633173303338,14.4512609,52.2121938,7.4655623,1.7329906,-0.5217922,3.2700462,on bike mount,cyclo cross,True,asphalt,excellent
1f3b5e1e-ffc4-4941-b268-04416bbafb19,6041b6b1-27a2-491b-bf07-074f18b1c27c,b5643646-2c3b-4364-9d29-baa6880cb557,1633173303388,14.4512609,52.2121938,7.4655623,0.732052,-0.6720357,-0.97814083,on bike mount,cyclo cross,True,asphalt,excellent
1f3b5e1e-ffc4-4941-b268-04416bbafb19,6041b6b1-27a2-491b-bf07-074f18b1c27c,36d1825d-1eaa-4c8f-acc0-f0b532a01e44,1633173303454,14.4512609,52.2121938,7.4655623,-0.6648303,-0.88328767,-0.13343811,on bike mount,cyclo cross,True,asphalt,excellent
1f3b5e1e-ffc4-4941-b268-04416bbafb19,6041b6b1-27a2-491b-bf07-074f18b1c27c,bb0525dd-ba8c-4fc0-91f6-a625ea8de75d,1633173303504,14.4512609,52.2121938,7.4655623,0.18535146,-0.43388128,0.44514656,on bike mount,cyclo cross,True,asphalt,excellent
1f3b5e1e-ffc4-4941-b268-04416bbafb19,6041b6b1-27a2-491b-bf07-074f18b1c27c,1385c9bf-cc18-4090-9540-07f396464bc2,1633173303555,14.4512609,52.2121938,7.4655623,0.073065855,-0.5272474,1.8705711,on bike mount,cyclo cross,True,asphalt,excellent
1f3b5e1e-ffc4-4941-b268-04416bbafb19,6041b6b1-27a2-491b-bf07-074f18b1c27c,b7363f50-a916-4ae3-87aa-0be130bd4100,1633173303605,14.4512609,52.2121938,7.4655623,0.8019001,0.14789319,-1.0790439,on bike mount,cyclo cross,True,asphalt,excellent
1f3b5e1e-ffc4-4941-b268-04416bbafb19,6041b6b1-27a2-491b-bf07-074f18b1c27c,1ee1de6f-4383-49b8-8477-640e2b8c61b9,1633173303655,14.4512609,52.2121938,7.4655623,0.87488574,1.7507973,-0.14980984,on bike mount,cyclo cross,True,asphalt,excellent
1f3b5e1e-ffc4-4941-b268-04416bbafb19,6041b6b1-27a2-491b-bf07-074f18b1c27c,0edc3774-d750-4b9a-a990-27d98b82803e,1633173303705,14.4512609,52.2121938,7.4655623,0.77287614,-0.8404498,0.85144997,on bike mount,cyclo cross,True,asphalt,excellent
1f3b5e1e-ffc4-4941-b268-04416bbafb19,6041b6b1-27a2-491b-bf07-074f18b1c27c,165bb30f-3826-4ea0-a895-34af533169da,1633173303755,14.4512609,52.2121938,7.4655623,0.34999162,1.3415651,0.15936756,on bike mount,cyclo cross,True,asphalt,excellent
1f3b5e1e-ffc4-4941-b268-04416bbafb19,6041b6b1-27a2-491b-bf07-074f18b1c27c,2eb690d0-4aa6-447e-a731-ae1c3a6b1ed8,1633173303805,14.4512609,52.2121938,7.4655623,-0.5169234,-0.056681633,0.772398,on bike mount,cyclo cross,True,asphalt,excellent
1f3b5e1e-ffc4-4941-b268-04416bbafb19,6041b6b1-27a2-491b-bf07-074f18b1c27c,e5b0f6a9-12db-4f86-ae4e-e027f5d3644f,1633173303855,14.4512609,52.2121938,7.4655623,1.7669978,0.08197498,0.6020355,on bike mount,cyclo cross,True,asphalt,excellent
1f3b5e1e-ffc4-4941-b268-04416bbafb19,6041b6b1-27a2-491b-bf07-074f18b1c27c,6fb3f04a-5e17-418f-b867-bf61d9a6c3ed,1633173303906,14.4512609,52.2121938,7.4655623,0.6656077,1.8303137,-0.76746655,on bike mount,cyclo cross,True,asphalt,excellent
1f3b5e1e-ffc4-4941-b268-04416bbafb19,6041b6b1-27a2-491b-bf07-074f18b1c27c,9ec53959-f4db-4c51-923b-a4f40b21a0c6,1633173303962,14.4512976,52.2121307,7.5046325,1.05513,-0.13396668,1.483017,on bike mount,cyclo cross,True,asphalt,excellent
1f3b5e1e-ffc4-4941-b268-04416bbafb19,6041b6b1-27a2-491b-bf07-074f18b1c27c,1cfe520a-86cc-4e92-b101-93fcb3fadcab,1633173304022,14.4512976,52.2121307,7.5046325,0.5754883,2.655682,0.021570206,on bike mount,cyclo cross,True,asphalt,excellent
1f3b5e1e-ffc4-4941-b268-04416bbafb19,6041b6b1-27a2-491b-bf07-074f18b1c27c,35bf0ec0-6097-447d-9296-1d43561cbb68,1633173304073,14.4512976,52.2121307,7.5046325,-1.3539649,-1.8966037,1.5692701,on bike mount,cyclo cross,True,asphalt,excellent
1f3b5e1e-ffc4-4941-b268-04416bbafb19,6041b6b1-27a2-491b-bf07-074f18b1c27c,32929f94-0961-44ea-9376-0ff3dbb71a18,1633173304122,14.4512976,52.2121307,7.5046325,-1.6246508,-0.19471264,-1.4178519,on bike mount,cyclo cross,True,asphalt,excellent
1f3b5e1e-ffc4-4941-b268-04416bbafb19,6041b6b1-27a2-491b-bf07-074f18b1c27c,42762fad-1aef-4c47-a684-cdc703cd2131,1633173304173,14.4512976,52.2121307,7.5046325,-0.48343086,-0.45969748,-1.6444035,on bike mount,cyclo cross,True,asphalt,excellent
1f3b5e1e-ffc4-4941-b268-04416bbafb19,6041b6b1-27a2-491b-bf07-074f18b1c27c,72fd3383-4d10-4c5b-8bba-57ceb057ea21,1633173304240,14.4512976,52.2121307,7.5046325,-1.3177766,1.1871784,-1.2061806,on bike mount,cyclo cross,True,asphalt,excellent
1f3b5e1e-ffc4-4941-b268-04416bbafb19,6041b6b1-27a2-491b-bf07-074f18b1c27c,32785cd9-01f6-46a4-bcf4-e4b4ac9f5c8a,1633173304305,14.4512976,52.2121307,7.5046325,-1.1113429,0.6740742,-0.14955616,on bike mount,cyclo cross,True,asphalt,excellent
1f3b5e1e-ffc4-4941-b268-04416bbafb19,6041b6b1-27a2-491b-bf07-074f18b1c27c,c2f96d31-681e-483b-bb98-382431a5670a,1633173304355,14.4512976,52.2121307,7.5046325,0.1655221,0.540607,-0.7207718,on bike mount,cyclo cross,True,asphalt,excellent
1f3b5e1e-ffc4-4941-b268-04416bbafb19,6041b6b1-27a2-491b-bf07-074f18b1c27c,4cda5005-c78c-45fe-8bf5-0f7b1881e176,1633173304407,14.4512976,52.2121307,7.5046325,-0.84199214,-1.9964093,-0.4543028,on bike mount,cyclo cross,True,asphalt,excellent
1f3b5e1e-ffc4-4941-b268-04416bbafb19,6041b6b1-27a2-491b-bf07-074f18b1c27c,92a8718e-41a0-45dd-9b89-fb91307dd2d4,1633173304457,14.4512976,52.2121307,7.5046325,-0.29061133,-0.26820278,-0.51053524,on bike mount,cyclo cross,True,asphalt,excellent
1f3b5e1e-ffc4-4941-b268-04416bbafb19,6041b6b1-27a2-491b-bf07-074f18b1c27c,40db4760-dfa5-456c-8c25-938903ea8de6,1633173304507,14.4512976,52.2121307,7.5046325,-0.54646015,-0.11738491,-0.2125597,on bike mount,cyclo cross,True,asphalt,excellent
1f3b5e1e-ffc4-4941-b268-04416bbafb19,6041b6b1-27a2-491b-bf07-074f18b1c27c,be09840e-46b6-41ea-80fe-7d692e8d0a34,1633173304557,14.4512976,52.2121307,7.5046325,-0.04322338,-3.1328325,0.47619724,on bike mount,cyclo cross,True,asphalt,excellent
1f3b5e1e-ffc4-4941-b268-04416bbafb19,6041b6b1-27a2-491b-bf07-074f18b1c27c,0b50efa3-e211-47ff-b07c-9e1dbc969c8c,1633173304608,14.4512976,52.2121307,7.5046325,0.18018691,0.37221718,-0.98860836,on bike mount,cyclo cross,True,asphalt,excellent
1f3b5e1e-ffc4-4941-b268-04416bbafb19,6041b6b1-27a2-491b-bf07-074f18b1c27c,528827f4-d769-4996-b465-aa9493894aeb,1633173304657,14.4512976,52.2121307,7.5046325,-0.37270373,0.16703439,0.02204132,on bike mount,cyclo cross,True,asphalt,excellent
1f3b5e1e-ffc4-4941-b268-04416bbafb19,6041b6b1-27a2-491b-bf07-074f18b1c27c,63211a79-7f1e-44c4-a40c-3b9d6f1392ae,1633173304707,14.4512976,52.2121307,7.5046325,-0.3057292,0.7501087,0.8099413,on bike mount,cyclo cross,True,asphalt,excellent
1f3b5e1e-ffc4-4941-b268-04416bbafb19,6041b6b1-27a2-491b-bf07-074f18b1c27c,100be3fb-7d63-49c0-a431-31065edd21fe,1633173304757,14.4512976,52.2121307,7.5046325,-0.5682048,0.9485645,-0.94947624,on bike mount,cyclo cross,True,asphalt,excellent
1f3b5e1e-ffc4-4941-b268-04416bbafb19,6041b6b1-27a2-491b-bf07-074f18b1c27c,0a95bdd1-aaae-4750-9757-2c197ce05e3a,1633173304808,14.4512976,52.2121307,7.5046325,-1.1152314,-2.5996947,2.1853237,on bike mount,cyclo cross,True,asphalt,excellent
1f3b5e1e-ffc4-4941-b268-04416bbafb19,6041b6b1-27a2-491b-bf07-074f18b1c27c,5071e24c-61ca-4d87-83d0-97877a6b1bda,1633173304858,14.4512976,52.2121307,7.5046325,0.4123864,-1.3834689,-1.9781203,on bike mount,cyclo cross,True,asphalt,excellent
1f3b5e1e-ffc4-4941-b268-04416bbafb19,6041b6b1-27a2-491b-bf07-074f18b1c27c,ba6afd0e-8a4b-4fae-9569-1766830201f0,1633173304909,14.4512976,52.2121307,7.5046325,0.13382506,0.50520515,-0.7637806,on bike mount,cyclo cross,True,asphalt,excellent
1f3b5e1e-ffc4-4941-b268-04416bbafb19,6041b6b1-27a2-491b-bf07-074f18b1c27c,0c5bcbd7-1d31-499f-9b59-692028fa3a98,1633173304975,14.4513302,52.2120648,7.3726816,-1.6572573,0.25825024,1.2630396,on bike mount,cyclo cross,True,asphalt,excellent
1f3b5e1e-ffc4-4941-b268-04416bbafb19,6041b6b1-27a2-491b-bf07-074f18b1c27c,2794519e-57dc-4d43-9500-9c98fb094f93,1633173305041,14.4513302,52.2120648,7.3726816,0.2039651,0.17015147,1.3276634,on bike mount,cyclo cross,True,asphalt,excellent
1f3b5e1e-ffc4-4941-b268-04416bbafb19,6041b6b1-27a2-491b-bf07-074f18b1c27c,c75c2a95-15c7-4079-ac35-47e8541a5e23,1633173305092,14.4513302,52.2120648,7.3726816,0.606834,2.1444252,0.40844154,on bike mount,cyclo cross,True,asphalt,excellent
1f3b5e1e-ffc4-4941-b268-04416bbafb19,6041b6b1-27a2-491b-bf07-074f18b1c27c,83cafa51-7cfd-45d5-a49e-4ced53dc7a85,1633173305142,14.4513302,52.2120648,7.3726816,0.15926114,-1.5932997,0.980319,on bike mount,cyclo cross,True,asphalt,excellent
1f3b5e1e-ffc4-4941-b268-04416bbafb19,6041b6b1-27a2-491b-bf07-074f18b1c27c,7714ca19-553c-4579-81c0-6d520d602e62,1633173305192,14.4513302,52.2120648,7.3726816,-0.18524355,-2.7865329,0.67212296,on bike mount,cyclo cross,True,asphalt,excellent
1f3b5e1e-ffc4-4941-b268-04416bbafb19,6041b6b1-27a2-491b-bf07-074f18b1c27c,4277d950-b11a-4c9c-a7f4-cc4a120f19e2,1633173305258,14.4513302,52.2120648,7.3726816,-0.21920422,-1.083421,0.7472067,on bike mount,cyclo cross,True,asphalt,excellent
1f3b5e1e-ffc4-4941-b268-04416bbafb19,6041b6b1-27a2-491b-bf07-074f18b1c27c,d6a98253-6076-4975-8f99-8f2aeaee61a0,1633173305310,14.4513302,52.2120648,7.3726816,0.39799598,1.2111742,-2.539206,on bike mount,cyclo cross,True,asphalt,excellent
1f3b5e1e-ffc4-4941-b268-04416bbafb19,6041b6b1-27a2-491b-bf07-074f18b1c27c,3c1527fe-c55c-468d-9fe3-f4a587b5f76d,1633173305375,14.4513302,52.2120648,7.3726816,0.083581075,-1.4607788,-1.3887572,on bike mount,cyclo cross,True,asphalt,excellent
1f3b5e1e-ffc4-4941-b268-04416bbafb19,6041b6b1-27a2-491b-bf07-074f18b1c27c,2d672518-60ab-49f4-9bb0-03ec3506a927,1633173305425,14.4513302,52.2120648,7.3726816,0.21801391,1.9599104,-2.1026697,on bike mount,cyclo cross,True,asphalt,excellent
1f3b5e1e-ffc4-4941-b268-04416bbafb19,6041b6b1-27a2-491b-bf07-074f18b1c27c,9b535644-01c0-40d4-be85-92a9aed69d51,1633173305476,14.4513302,52.2120648,7.3726816,0.49127173,-0.77398324,0.50390244,on bike mount,cyclo cross,True,asphalt,excellent
1f3b5e1e-ffc4-4941-b268-04416bbafb19,6041b6b1-27a2-491b-bf07-074f18b1c27c,c7bdd777-910b-424d-ae42-5df3fac5777d,1633173305527,14.4513302,52.2120648,7.3726816,-0.33955586,-0.30850697,0.28497982,on bike mount,cyclo cross,True,asphalt,excellent
1f3b5e1e-ffc4-4941-b268-04416bbafb19,6041b6b1-27a2-491b-bf07-074f18b1c27c,e01e428b-cfb9-4eba-ba4e-be6be1f694f8,1633173305577,14.4513302,52.2120648,7.3726816,1.3115011,-2.1100566,1.5407467,on bike mount,cyclo cross,True,asphalt,excellent
1f3b5e1e-ffc4-4941-b268-04416bbafb19,6041b6b1-27a2-491b-bf07-074f18b1c27c,e0f9beee-253b-42c9-a4ed-263538e9be00,1633173305627,14.4513302,52.2120648,7.3726816,0.029557273,-1.2479216,1.3814802,on bike mount,cyclo cross,True,asphalt,excellent
1f3b5e1e-ffc4-4941-b268-04416bbafb19,6041b6b1-27a2-491b-bf07-074f18b1c27c,01cd65a7-70b2-40dd-ad5f-628e969ae70d,1633173305693,14.4513302,52.2120648,7.3726816,-1.0456007,-0.33484435,-0.2574501,on bike mount,cyclo cross,True,asphalt,excellent
1f3b5e1e-ffc4-4941-b268-04416bbafb19,6041b6b1-27a2-491b-bf07-074f18b1c27c,c0f589b8-2656-4a56-9ac0-07b4e01fb184,1633173305759,14.4513302,52.2120648,7.3726816,-0.53156537,-0.45122766,-0.42025757,on bike mount,cyclo cross,True,asphalt,excellent
1f3b5e1e-ffc4-4941-b268-04416bbafb19,6041b6b1-27a2-491b-bf07-074f18b1c27c,9530628f-ed78-4270-a32c-b02e5192a808,1633173305809,14.4513302,52.2120648,7.3726816,-0.5260682,0.70805836,1.0979099,on bike mount,cyclo cross,True,asphalt,excellent
1f3b5e1e-ffc4-4941-b268-04416bbafb19,6041b6b1-27a2-491b-bf07-074f18b1c27c,e4f852d5-831e-4fa6-a77d-9243782720dc,1633173305859,14.4513302,52.2120648,7.3726816,1.0183057,-3.1698284,1.0962267,on bike mount,cyclo cross,True,asphalt,excellent
1f3b5e1e-ffc4-4941-b268-04416bbafb19,6041b6b1-27a2-491b-bf07-074f18b1c27c,19d48b35-b58b-4d24-b348-386834c196f3,1633173305910,14.4513302,52.2120648,7.3726816,-0.11417407,7.44736,-6.9993176,on bike mount,cyclo cross,True,asphalt,excellent
1f3b5e1e-ffc4-4941-b268-04416bbafb19,6041b6b1-27a2-491b-bf07-074f18b1c27c,79c033e9-1653-47c0-bcbe-5a64813da5a3,1633173305962,14.4513705,52.2120056,7.26067,-1.3997824,-4.7113066,3.7798996,on bike mount,cyclo cross,True,asphalt,excellent
1f3b5e1e-ffc4-4941-b268-04416bbafb19,6041b6b1-27a2-491b-bf07-074f18b1c27c,a078f1dc-762d-49f2-a75d-084ddade2941,1633173306026,14.4513705,52.2120056,7.26067,0.94054717,1.2555928,-1.4101686,on bike mount,cyclo cross,True,asphalt,excellent
1f3b5e1e-ffc4-4941-b268-04416bbafb19,6041b6b1-27a2-491b-bf07-074f18b1c27c,2d67114b-b776-4792-9ddb-b26158dd545b,1633173306077,14.4513705,52.2120056,7.26067,-0.5167867,2.1357813,1.2295837,on bike mount,cyclo cross,True,asphalt,excellent
1f3b5e1e-ffc4-4941-b268-04416bbafb19,6041b6b1-27a2-491b-bf07-074f18b1c27c,4763d00f-dd32-4c67-8557-e37aaf3b9cfd,1633173306142,14.4513705,52.2120056,7.26067,-0.19387496,-1.5413868,1.0713873,on bike mount,cyclo cross,True,asphalt,excellent
1f3b5e1e-ffc4-4941-b268-04416bbafb19,6041b6b1-27a2-491b-bf07-074f18b1c27c,6f798b8b-7b13-4f76-ad4a-c94efdaff595,1633173306193,14.4513705,52.2120056,7.26067,0.36346662,0.30070424,-0.75693226,on bike mount,cyclo cross,True,asphalt,excellent
1f3b5e1e-ffc4-4941-b268-04416bbafb19,6041b6b1-27a2-491b-bf07-074f18b1c27c,4347148f-8261-4f60-b408-66ed0a8df4b4,1633173306244,14.4513705,52.2120056,7.26067,0.20955586,0.8505802,0.80647755,on bike mount,cyclo cross,True,asphalt,excellent
1f3b5e1e-ffc4-4941-b268-04416bbafb19,6041b6b1-27a2-491b-bf07-074f18b1c27c,a651964f-37a1-4eec-a55d-2137c0a8b437,1633173306294,14.4513705,52.2120056,7.26067,-0.2200265,1.0950022,-0.8875985,on bike mount,cyclo cross,True,asphalt,excellent
1f3b5e1e-ffc4-4941-b268-04416bbafb19,6041b6b1-27a2-491b-bf07-074f18b1c27c,95310e07-1cf6-4779-8083-0065d61bbbc4,1633173306344,14.4513705,52.2120056,7.26067,0.53527534,-0.7665987,1.3580151,on bike mount,cyclo cross,True,asphalt,excellent
1f3b5e1e-ffc4-4941-b268-04416bbafb19,6041b6b1-27a2-491b-bf07-074f18b1c27c,673f6344-1942-40d2-8cb7-0bdcf163e153,1633173306394,14.4513705,52.2120056,7.26067,1.0127923,0.4065137,-0.6035547,on bike mount,cyclo cross,True,asphalt,excellent
1f3b5e1e-ffc4-4941-b268-04416bbafb19,6041b6b1-27a2-491b-bf07-074f18b1c27c,a9476c20-817d-464a-985c-dcfca760ce68,1633173306444,14.4513705,52.2120056,7.26067,-0.24436426,0.38763404,0.45678425,on bike mount,cyclo cross,True,asphalt,excellent
1f3b5e1e-ffc4-4941-b268-04416bbafb19,6041b6b1-27a2-491b-bf07-074f18b1c27c,ca1922ac-aad6-43ee-a819-20cea57d329a,1633173306493,14.4513705,52.2120056,7.26067,2.5337925,0.37476087,0.4548788,on bike mount,cyclo cross,True,asphalt,excellent
1f3b5e1e-ffc4-4941-b268-04416bbafb19,6041b6b1-27a2-491b-bf07-074f18b1c27c,d5bfdeb4-6e84-462c-95b9-003571b36ae4,1633173306543,14.4513705,52.2120056,7.26067,-1.1839839,-0.25551224,-2.6457524,on bike mount,cyclo cross,True,asphalt,excellent
1f3b5e1e-ffc4-4941-b268-04416bbafb19,6041b6b1-27a2-491b-bf07-074f18b1c27c,7a4fa839-c40c-45fd-8bfd-4e20e3d7cbc3,1633173306594,14.4513705,52.2120056,7.26067,0.047988325,-0.44357014,0.93597126,on bike mount,cyclo cross,True,asphalt,excellent
1f3b5e1e-ffc4-4941-b268-04416bbafb19,6041b6b1-27a2-491b-bf07-074f18b1c27c,778cb891-adc7-4c5a-b522-39f2ac228eff,1633173306644,14.4513705,52.2120056,7.26067,-0.0639717,1.7680511,1.6887903,on bike mount,cyclo cross,True,asphalt,excellent
1f3b5e1e-ffc4-4941-b268-04416bbafb19,6041b6b1-27a2-491b-bf07-074f18b1c27c,90793d55-3ba8-41f4-ad16-c49936b3a581,1633173306694,14.4513705,52.2120056,7.26067,0.48417747,-0.18891478,-0.37892056,on bike mount,cyclo cross,True,asphalt,excellent
1f3b5e1e-ffc4-4941-b268-04416bbafb19,6041b6b1-27a2-491b-bf07-074f18b1c27c,ba55f262-d8b3-4561-83bc-f1ec78b82ffd,1633173306745,14.4513705,52.2120056,7.26067,-1.2075363,-0.5388274,-0.73106384,on bike mount,cyclo cross,True,asphalt,excellent
1f3b5e1e-ffc4-4941-b268-04416bbafb19,6041b6b1-27a2-491b-bf07-074f18b1c27c,f10f2a44-cbd7-4052-9f57-a9fb749ec0fc,1633173306810,14.4513705,52.2120056,7.26067,0.030655019,-0.9720576,0.37893772,on bike mount,cyclo cross,True,asphalt,excellent
1f3b5e1e-ffc4-4941-b268-04416bbafb19,6041b6b1-27a2-491b-bf07-074f18b1c27c,b3e82806-92bc-4a36-8beb-94111e5c475b,1633173306861,14.4513705,52.2120056,7.26067,2.555067,-1.7258039,-0.4622259,on bike mount,cyclo cross,True,asphalt,excellent
1f3b5e1e-ffc4-4941-b268-04416bbafb19,6041b6b1-27a2-491b-bf07-074f18b1c27c,3db1a043-9589-4f3d-bf4a-91ce573ac64d,1633173306912,14.4513705,52.2120056,7.26067,-0.27352414,2.8084102,-2.5348182,on bike mount,cyclo cross,True,asphalt,excellent
1f3b5e1e-ffc4-4941-b268-04416bbafb19,6041b6b1-27a2-491b-bf07-074f18b1c27c,1a65a251-8c93-4b3f-a59e-47aeca3a8b93,1633173306978,14.4514123,52.2119471,7.324492,0.21641205,1.278436,-2.2447648,on bike mount,cyclo cross,True,asphalt,excellent
1f3b5e1e-ffc4-4941-b268-04416bbafb19,6041b6b1-27a2-491b-bf07-074f18b1c27c,a897b5fa-28ef-40fb-887a-18e03f9e7a09,1633173307027,14.4514123,52.2119471,7.324492,-1.7066172,1.7273612,0.56906605,on bike mount,cyclo cross,True,asphalt,excellent
1f3b5e1e-ffc4-4941-b268-04416bbafb19,6041b6b1-27a2-491b-bf07-074f18b1c27c,0e1a7e7a-2512-41b1-935c-7f4306713d78,1633173307078,14.4514123,52.2119471,7.324492,2.7940795,0.03751135,0.9664707,on bike mount,cyclo cross,True,asphalt,excellent
1f3b5e1e-ffc4-4941-b268-04416bbafb19,6041b6b1-27a2-491b-bf07-074f18b1c27c,78e764d3-0d89-4576-891a-0cff71f52516,1633173307128,14.4514123,52.2119471,7.324492,-2.2881615,0.6062691,-1.6326947,on bike mount,cyclo cross,True,asphalt,excellent
1f3b5e1e-ffc4-4941-b268-04416bbafb19,6041b6b1-27a2-491b-bf07-074f18b1c27c,7462a919-3abc-49b8-ad76-bc3c30947f4d,1633173307177,14.4514123,52.2119471,7.324492,-0.7927888,1.6376481,-0.26975536,on bike mount,cyclo cross,True,asphalt,excellent
1f3b5e1e-ffc4-4941-b268-04416bbafb19,6041b6b1-27a2-491b-bf07-074f18b1c27c,3d766cde-c47f-4982-b3f1-2a3d066340b5,1633173307228,14.4514123,52.2119471,7.324492,-0.65617764,-0.26640058,1.5694208,on bike mount,cyclo cross,True,asphalt,excellent
1f3b5e1e-ffc4-4941-b268-04416bbafb19,6041b6b1-27a2-491b-bf07-074f18b1c27c,11b05a29-a72d-4cdf-b343-ac35578c4c19,1633173307278,14.4514123,52.2119471,7.324492,-0.69085443,0.8056226,2.2194433,on bike mount,cyclo cross,True,asphalt,excellent
1f3b5e1e-ffc4-4941-b268-04416bbafb19,6041b6b1-27a2-491b-bf07-074f18b1c27c,6b231051-200b-448a-a029-2c2c2e52c87f,1633173307328,14.4514123,52.2119471,7.324492,-1.0656043,0.6489012,0.91618633,on bike mount,cyclo cross,True,asphalt,excellent
1f3b5e1e-ffc4-4941-b268-04416bbafb19,6041b6b1-27a2-491b-bf07-074f18b1c27c,793cae35-0083-441c-bb56-189679ee78cb,1633173307379,14.4514123,52.2119471,7.324492,0.65737337,0.085059404,-1.4301863,on bike mount,cyclo cross,True,asphalt,excellent
1f3b5e1e-ffc4-4941-b268-04416bbafb19,6041b6b1-27a2-491b-bf07-074f18b1c27c,0847e724-d31d-4e79-bbce-cff6c9f41504,1633173307429,14.4514123,52.2119471,7.324492,0.3306524,-0.09617281,0.8080988,on bike mount,cyclo cross,True,asphalt,excellent
1f3b5e1e-ffc4-4941-b268-04416bbafb19,6041b6b1-27a2-491b-bf07-074f18b1c27c,c05979ab-2d0a-4197-be20-8f444256a4fa,1633173307480,14.4514123,52.2119471,7.324492,-2.1484745,-0.73228383,0.4134302,on bike mount,cyclo cross,True,asphalt,excellent
1f3b5e1e-ffc4-4941-b268-04416bbafb19,6041b6b1-27a2-491b-bf07-074f18b1c27c,9c2ebe26-6e4d-4636-9787-3fa1b569b72c,1633173307530,14.4514123,52.2119471,7.324492,0.25710702,-1.6843054,-0.6132107,on bike mount,cyclo cross,True,asphalt,excellent
1f3b5e1e-ffc4-4941-b268-04416bbafb19,6041b6b1-27a2-491b-bf07-074f18b1c27c,af63498a-7353-4670-85f6-5fe3f554e3f0,1633173307595,14.4514123,52.2119471,7.324492,-0.34951296,-0.14323711,0.79457283,on bike mount,cyclo cross,True,asphalt,excellent
1f3b5e1e-ffc4-4941-b268-04416bbafb19,6041b6b1-27a2-491b-bf07-074f18b1c27c,f3d73dd3-593e-48fc-9cae-949de8c24b8f,1633173307646,14.4514123,52.2119471,7.324492,0.6000223,2.1597157,1.1935863,on bike mount,cyclo cross,True,asphalt,excellent
1f3b5e1e-ffc4-4941-b268-04416bbafb19,6041b6b1-27a2-491b-bf07-074f18b1c27c,480fc442-6a4e-4aaa-922c-ff9a2458638a,1633173307696,14.4514123,52.2119471,7.324492,2.2359557,1.185471,-0.5458164,on bike mount,cyclo cross,True,asphalt,excellent
1f3b5e1e-ffc4-4941-b268-04416bbafb19,6041b6b1-27a2-491b-bf07-074f18b1c27c,a91f721c-ccf9-45a4-8556-ff986de7be23,1633173307747,14.4514123,52.2119471,7.324492,-0.12035255,-0.6130538,1.3964739,on bike mount,cyclo cross,True,asphalt,excellent
1f3b5e1e-ffc4-4941-b268-04416bbafb19,6041b6b1-27a2-491b-bf07-074f18b1c27c,02f90621-c29e-4027-ac94-74fde4a3ea94,1633173307813,14.4514123,52.2119471,7.324492,0.72893375,-2.5766673,0.36555672,on bike mount,cyclo cross,True,asphalt,excellent
1f3b5e1e-ffc4-4941-b268-04416bbafb19,6041b6b1-27a2-491b-bf07-074f18b1c27c,831e17ae-c91c-45ee-a1eb-c1ec010e8997,1633173307863,14.4514123,52.2119471,7.324492,-0.37360147,1.3394108,1.9663944,on bike mount,cyclo cross,True,asphalt,excellent
1f3b5e1e-ffc4-4941-b268-04416bbafb19,6041b6b1-27a2-491b-bf07-074f18b1c27c,943fe355-a216-43fd-a57d-d2565d2d7c7e,1633173307913,14.4514123,52.2119471,7.324492,0.4278037,-1.5833356,1.6569681,on bike mount,cyclo cross,True,asphalt,excellent
1f3b5e1e-ffc4-4941-b268-04416bbafb19,6041b6b1-27a2-491b-bf07-074f18b1c27c,9e90eb76-d736-4d5b-bd60-257b42ced137,1633173307970,14.451439,52.2118784,7.3647623,-0.50877047,2.5197754,-1.4450159,on bike mount,cyclo cross,True,asphalt,excellent
1f3b5e1e-ffc4-4941-b268-04416bbafb19,6041b6b1-27a2-491b-bf07-074f18b1c27c,7a9421d5-b1c9-4b0f-ac32-600ef46ac696,1633173308029,14.451439,52.2118784,7.3647623,-0.5231654,-0.4028828,-0.10386181,on bike mount,cyclo cross,True,asphalt,excellent
1f3b5e1e-ffc4-4941-b268-04416bbafb19,6041b6b1-27a2-491b-bf07-074f18b1c27c,cfcaca26-75c5-4e8f-b0b1-449cfb9041d3,1633173308080,14.451439,52.2118784,7.3647623,-1.6205156,0.45888352,-0.9441109,on bike mount,cyclo cross,True,asphalt,excellent
1f3b5e1e-ffc4-4941-b268-04416bbafb19,6041b6b1-27a2-491b-bf07-074f18b1c27c,6b5e0da6-414c-45f4-9e0b-00f4e0434aab,1633173308130,14.451439,52.2118784,7.3647623,-1.0845149,0.14621401,-0.2688837,on bike mount,cyclo cross,True,asphalt,excellent
1f3b5e1e-ffc4-4941-b268-04416bbafb19,6041b6b1-27a2-491b-bf07-074f18b1c27c,cb191911-d4ba-4eec-bb45-2dd6c966641c,1633173308181,14.451439,52.2118784,7.3647623,-1.2292264,-1.597321,0.85523987,on bike mount,cyclo cross,True,asphalt,excellent
1f3b5e1e-ffc4-4941-b268-04416bbafb19,6041b6b1-27a2-491b-bf07-074f18b1c27c,63589038-7755-4f4e-894e-11cf215701b2,1633173308231,14.451439,52.2118784,7.3647623,-0.5196389,0.09449744,-1.0204077,on bike mount,cyclo cross,True,asphalt,excellent
1f3b5e1e-ffc4-4941-b268-04416bbafb19,6041b6b1-27a2-491b-bf07-074f18b1c27c,15b5f934-878c-494e-94ae-afa0c751490d,1633173308297,14.451439,52.2118784,7.3647623,-0.20486863,1.5910552,-1.308073,on bike mount,cyclo cross,True,asphalt,excellent
1f3b5e1e-ffc4-4941-b268-04416bbafb19,6041b6b1-27a2-491b-bf07-074f18b1c27c,34720d51-89b6-494c-892f-dafa685fc0c5,1633173308347,14.451439,52.2118784,7.3647623,-1.5009093,0.47725892,2.9273453,on bike mount,cyclo cross,True,asphalt,excellent
1f3b5e1e-ffc4-4941-b268-04416bbafb19,6041b6b1-27a2-491b-bf07-074f18b1c27c,fddf97fd-a84c-4ad4-abd6-da4618d4c377,1633173308397,14.451439,52.2118784,7.3647623,1.0617138,0.75375366,-1.9792581,on bike mount,cyclo cross,True,asphalt,excellent
1f3b5e1e-ffc4-4941-b268-04416bbafb19,6041b6b1-27a2-491b-bf07-074f18b1c27c,0cea52a7-5ff3-42b5-83cd-2026ae7c1564,1633173308447,14.451439,52.2118784,7.3647623,-0.05034533,-1.6544977,-3.3441772,on bike mount,cyclo cross,True,asphalt,excellent
