bike_activity_uid,bike_activity_sample_uid,bike_activity_measurement,bike_activity_measurement_timestamp,bike_activity_measurement_lon,bike_activity_measurement_lat,bike_activity_measurement_speed,bike_activity_measurement_accelerometer_x,bike_activity_measurement_accelerometer_y,bike_activity_measurement_accelerometer_z,bike_activity_phone_position,bike_activity_bike_type,bike_activity_flagged_lab_conditions,bike_activity_surface_type,bike_activity_smoothness_type
1f3b5e1e-ffc4-4941-b268-04416bbafb19,64f250d5-cacb-4b82-8c82-4d20e5f0b82d,d859bcc8-65a8-46bb-8c74-990f3a556fd0,1633173088761,14.4404545,52.2240803,9.036084,1.6848794,-1.0968337,1.7944374,on bike mount,cyclo cross,True,asphalt,excellent
1f3b5e1e-ffc4-4941-b268-04416bbafb19,64f250d5-cacb-4b82-8c82-4d20e5f0b82d,f0ec2f21-ea06-4dbc-a9b1-a7c75fc3c9dd,1633173088812,14.4404545,52.2240803,9.036084,-0.5621947,-2.885201,-0.63254833,on bike mount,cyclo cross,True,asphalt,excellent
1f3b5e1e-ffc4-4941-b268-04416bbafb19,64f250d5-cacb-4b82-8c82-4d20e5f0b82d,17783cc8-538d-46d9-a7dc-7f9e97b5c6dd,1633173088862,14.4404545,52.2240803,9.036084,-0.09274003,-1.2322615,-2.5252666,on bike mount,cyclo cross,True,asphalt,excellent
1f3b5e1e-ffc4-4941-b268-04416bbafb19,64f250d5-cacb-4b82-8c82-4d20e5f0b82d,3f5f7976-8186-4897-b72f-9f652c4b065c,1633173088927,14.4404545,52.2240803,9.036084,0.35785243,3.8210645,8.384918,on bike mount,cyclo cross,True,asphalt,excellent
1f3b5e1e-ffc4-4941-b268-04416bbafb19,64f250d5-cacb-4b82-8c82-4d20e5f0b82d,17cd0982-5aca-4679-894a-a1bd6b06b6e3,1633173088978,14.4405534,52.2240026,9.240955,-1.3632128,-2.191324,2.1416874,on bike mount,cyclo cross,True,asphalt,excellent
1f3b5e1e-ffc4-4941-b268-04416bbafb19,64f250d5-cacb-4b82-8c82-4d20e5f0b82d,67d8bd50-62be-40f5-a59e-2bf66197ab39,1633173089029,14.4405534,52.2240026,9.240955,0.58970726,-5.0356183,4.582985,on bike mount,cyclo cross,True,asphalt,excellent
1f3b5e1e-ffc4-4941-b268-04416bbafb19,64f250d5-cacb-4b82-8c82-4d20e5f0b82d,cea4a66a-d3b6-451b-a12a-4018e63fa0f6,1633173089095,14.4405534,52.2240026,9.240955,-0.63498145,-1.4907026,0.14097118,on bike mount,cyclo cross,True,asphalt,excellent
1f3b5e1e-ffc4-4941-b268-04416bbafb19,64f250d5-cacb-4b82-8c82-4d20e5f0b82d,e5c1a3cb-de3b-4d2b-9d0c-a8840b707d21,1633173089145,14.4405534,52.2240026,9.240955,-1.8760585,0.12456536,3.3781767,on bike mount,cyclo cross,True,asphalt,excellent
1f3b5e1e-ffc4-4941-b268-04416bbafb19,64f250d5-cacb-4b82-8c82-4d20e5f0b82d,4584da81-08e4-4208-9993-e8d1429a6922,1633173089196,14.4405534,52.2240026,9.240955,2.8975883,-0.7975242,-0.28951645,on bike mount,cyclo cross,True,asphalt,excellent
1f3b5e1e-ffc4-4941-b268-04416bbafb19,64f250d5-cacb-4b82-8c82-4d20e5f0b82d,80d107c7-caa3-44ed-ba58-334634eb0291,1633173089246,14.4405534,52.2240026,9.240955,0.23975608,0.38195562,-3.5373278,on bike mount,cyclo cross,True,asphalt,excellent
1f3b5e1e-ffc4-4941-b268-04416bbafb19,64f250d5-cacb-4b82-8c82-4d20e5f0b82d,760367df-7d1b-41c6-8c41-ba7b750caa63,1633173089297,14.4405534,52.2240026,9.240955,1.982516,-0.3560903,0.8331127,on bike mount,cyclo cross,True,asphalt,excellent
1f3b5e1e-ffc4-4941-b268-04416bbafb19,64f250d5-cacb-4b82-8c82-4d20e5f0b82d,e5c1d4ca-aa07-4f55-a08b-2f7513f4a85c,1633173089362,14.4405534,52.2240026,9.240955,-0.7130966,-2.192234,2.8480349,on bike mount,cyclo cross,True,asphalt,excellent
1f3b5e1e-ffc4-4941-b268-04416bbafb19,64f250d5-cacb-4b82-8c82-4d20e5f0b82d,dbbadc7f-23c1-48b1-b3aa-0c8afa9e6cb3,1633173089413,14.4405534,52.2240026,9.240955,1.1806786,-5.6026564,-2.0580292,on bike mount,cyclo cross,True,asphalt,excellent
1f3b5e1e-ffc4-4941-b268-04416bbafb19,64f250d5-cacb-4b82-8c82-4d20e5f0b82d,ecb0bdc5-8e44-42b2-a272-19540c2495e5,1633173089480,14.4405534,52.2240026,9.240955,3.536696,4.7879815,10.465764,on bike mount,cyclo cross,True,asphalt,excellent
1f3b5e1e-ffc4-4941-b268-04416bbafb19,64f250d5-cacb-4b82-8c82-4d20e5f0b82d,0fc354ce-aa56-4c3b-aa57-7d5776bf289d,1633173089546,14.4405534,52.2240026,9.240955,0.3196191,1.7792115,-2.5275288,on bike mount,cyclo cross,True,asphalt,excellent
1f3b5e1e-ffc4-4941-b268-04416bbafb19,64f250d5-cacb-4b82-8c82-4d20e5f0b82d,a8ec835d-8d22-4eb8-96bf-9981ef63b5f3,1633173089595,14.4405534,52.2240026,9.240955,0.5673485,4.4766245,8.815792,on bike mount,cyclo cross,True,asphalt,excellent
1f3b5e1e-ffc4-4941-b268-04416bbafb19,64f250d5-cacb-4b82-8c82-4d20e5f0b82d,638034a0-1c27-4053-b48a-35785958bd34,1633173089646,14.4405534,52.2240026,9.240955,-0.34705746,-5.681668,2.863799,on bike mount,cyclo cross,True,asphalt,excellent
1f3b5e1e-ffc4-4941-b268-04416bbafb19,64f250d5-cacb-4b82-8c82-4d20e5f0b82d,fcefa30e-ef5b-4628-9d08-e3c5832c91d1,1633173089697,14.4405534,52.2240026,9.240955,-0.16191566,-1.8463074,-0.6220093,on bike mount,cyclo cross,True,asphalt,excellent
1f3b5e1e-ffc4-4941-b268-04416bbafb19,64f250d5-cacb-4b82-8c82-4d20e5f0b82d,be041bd7-306d-4090-93cb-166882d2b75d,1633173089763,14.4405534,52.2240026,9.240955,-0.6079392,-2.924965,0.6226511,on bike mount,cyclo cross,True,asphalt,excellent
1f3b5e1e-ffc4-4941-b268-04416bbafb19,64f250d5-cacb-4b82-8c82-4d20e5f0b82d,aa8b6a03-1ef0-4cf8-b2c4-95e520816ec7,1633173089814,14.4405534,52.2240026,9.240955,-2.6005492,-0.28923392,-0.535696,on bike mount,cyclo cross,True,asphalt,excellent
1f3b5e1e-ffc4-4941-b268-04416bbafb19,64f250d5-cacb-4b82-8c82-4d20e5f0b82d,4636110a-ad1e-4848-ace9-d1572ec07b2e,1633173089864,14.4405534,52.2240026,9.240955,2.028504,-0.6066263,-2.0217452,on bike mount,cyclo cross,True,asphalt,excellent
1f3b5e1e-ffc4-4941-b268-04416bbafb19,64f250d5-cacb-4b82-8c82-4d20e5f0b82d,ffd71b23-e7a1-4d0d-86d7-ed2729a57eec,1633173089914,14.4405534,52.2240026,9.240955,2.951849,-1.0671556,-4.655615,on bike mount,cyclo cross,True,asphalt,excellent
1f3b5e1e-ffc4-4941-b268-04416bbafb19,64f250d5-cacb-4b82-8c82-4d20e5f0b82d,f7aafde7-0d48-4956-ba23-e93e12b21b5a,1633173089967,14.4406536,52.2239237,9.430177,-2.5204067,0.67712927,1.0156412,on bike mount,cyclo cross,True,asphalt,excellent
1f3b5e1e-ffc4-4941-b268-04416bbafb19,64f250d5-cacb-4b82-8c82-4d20e5f0b82d,eb0566cd-9db2-470e-96b4-88cbc210ae61,1633173090030,14.4406536,52.2239237,9.430177,-0.7372912,-4.1784883,-2.9750848,on bike mount,cyclo cross,True,asphalt,excellent
1f3b5e1e-ffc4-4941-b268-04416bbafb19,64f250d5-cacb-4b82-8c82-4d20e5f0b82d,65b1ec90-6e16-4049-a841-22e3f8e9d3fe,1633173090082,14.4406536,52.2239237,9.430177,-2.1625156,0.8668499,-1.680346,on bike mount,cyclo cross,True,asphalt,excellent
1f3b5e1e-ffc4-4941-b268-04416bbafb19,64f250d5-cacb-4b82-8c82-4d20e5f0b82d,21b46f7e-ce13-4e7d-bd44-8aacdad4e3a9,1633173090132,14.4406536,52.2239237,9.430177,0.5242858,-0.13064504,-0.45323086,on bike mount,cyclo cross,True,asphalt,excellent
1f3b5e1e-ffc4-4941-b268-04416bbafb19,64f250d5-cacb-4b82-8c82-4d20e5f0b82d,8aa4d325-1525-4355-8b61-4282e377f42a,1633173090182,14.4406536,52.2239237,9.430177,-1.6309224,0.17288041,-1.0668006,on bike mount,cyclo cross,True,asphalt,excellent
1f3b5e1e-ffc4-4941-b268-04416bbafb19,64f250d5-cacb-4b82-8c82-4d20e5f0b82d,0955540d-8b00-4ab3-a116-af84ac6969c4,1633173090232,14.4406536,52.2239237,9.430177,-0.46724612,1.4014254,0.7989521,on bike mount,cyclo cross,True,asphalt,excellent
1f3b5e1e-ffc4-4941-b268-04416bbafb19,64f250d5-cacb-4b82-8c82-4d20e5f0b82d,98b64950-73be-425f-8559-0a6ca662cd91,1633173090297,14.4406536,52.2239237,9.430177,-1.2321798,-0.30969572,-0.5875292,on bike mount,cyclo cross,True,asphalt,excellent
1f3b5e1e-ffc4-4941-b268-04416bbafb19,64f250d5-cacb-4b82-8c82-4d20e5f0b82d,013ed4c7-98dd-43c9-811a-c6abd612f8b4,1633173090348,14.4406536,52.2239237,9.430177,0.3647225,-0.3328526,1.5074902,on bike mount,cyclo cross,True,asphalt,excellent
1f3b5e1e-ffc4-4941-b268-04416bbafb19,64f250d5-cacb-4b82-8c82-4d20e5f0b82d,b63f1156-a60c-42ff-af67-3a7d01aa93db,1633173090398,14.4406536,52.2239237,9.430177,1.1450467,-0.11094403,2.8080359,on bike mount,cyclo cross,True,asphalt,excellent
1f3b5e1e-ffc4-4941-b268-04416bbafb19,64f250d5-cacb-4b82-8c82-4d20e5f0b82d,83e63bd8-d180-40a5-be05-62324c97d13e,1633173090449,14.4406536,52.2239237,9.430177,0.1772272,-9.070283,-7.9225664,on bike mount,cyclo cross,True,asphalt,excellent
1f3b5e1e-ffc4-4941-b268-04416bbafb19,64f250d5-cacb-4b82-8c82-4d20e5f0b82d,6f588d3f-16da-43c0-934f-494ef45cfd78,1633173090499,14.4406536,52.2239237,9.430177,-1.3929602,2.488697,-8.970931,on bike mount,cyclo cross,True,asphalt,excellent
1f3b5e1e-ffc4-4941-b268-04416bbafb19,64f250d5-cacb-4b82-8c82-4d20e5f0b82d,0da6ff0e-1365-4157-aa3d-aa2f901e6426,1633173090564,14.4406536,52.2239237,9.430177,4.844244,2.7929525,-1.6007481,on bike mount,cyclo cross,True,asphalt,excellent
1f3b5e1e-ffc4-4941-b268-04416bbafb19,64f250d5-cacb-4b82-8c82-4d20e5f0b82d,b7e051cc-d6ef-4042-ac42-0a60f7ede50a,1633173090615,14.4406536,52.2239237,9.430177,0.6110804,-1.2090697,0.35850906,on bike mount,cyclo cross,True,asphalt,excellent
1f3b5e1e-ffc4-4941-b268-04416bbafb19,64f250d5-cacb-4b82-8c82-4d20e5f0b82d,680e9d29-d80a-4e81-95e4-67b314d11719,1633173090665,14.4406536,52.2239237,9.430177,-1.9882315,-1.563355,6.309924,on bike mount,cyclo cross,True,asphalt,excellent
1f3b5e1e-ffc4-4941-b268-04416bbafb19,64f250d5-cacb-4b82-8c82-4d20e5f0b82d,b9a4de89-19dd-4fd6-9221-4db2998d235b,1633173090715,14.4406536,52.2239237,9.430177,-2.080908,-3.798367,2.0168896,on bike mount,cyclo cross,True,asphalt,excellent
1f3b5e1e-ffc4-4941-b268-04416bbafb19,64f250d5-cacb-4b82-8c82-4d20e5f0b82d,7a3fc852-2719-421c-8db0-58d8d0282838,1633173090766,14.4406536,52.2239237,9.430177,3.473263,3.0307283,1.0536251,on bike mount,cyclo cross,True,asphalt,excellent
1f3b5e1e-ffc4-4941-b268-04416bbafb19,64f250d5-cacb-4b82-8c82-4d20e5f0b82d,4defed9c-6033-46e3-a9c8-0d26bd90796a,1633173090817,14.4406536,52.2239237,9.430177,1.0640447,-1.1941916,0.35647488,on bike mount,cyclo cross,True,asphalt,excellent
1f3b5e1e-ffc4-4941-b268-04416bbafb19,64f250d5-cacb-4b82-8c82-4d20e5f0b82d,ae28fe8b-ad83-4f7a-bdf4-725917be2455,1633173090867,14.4406536,52.2239237,9.430177,-1.8449216,2.3547258,0.4684744,on bike mount,cyclo cross,True,asphalt,excellent
1f3b5e1e-ffc4-4941-b268-04416bbafb19,64f250d5-cacb-4b82-8c82-4d20e5f0b82d,bb3b37cd-24be-4fef-9590-f78563db5cf5,1633173090917,14.4406536,52.2239237,9.430177,0.31935894,-0.18458319,-0.98359346,on bike mount,cyclo cross,True,asphalt,excellent
1f3b5e1e-ffc4-4941-b268-04416bbafb19,64f250d5-cacb-4b82-8c82-4d20e5f0b82d,64b0e4b8-2485-4b04-9261-ec3ab5d3f6f9,1633173090969,14.4407612,52.2238458,9.631849,-0.5809262,-2.6379495,1.5056,on bike mount,cyclo cross,True,asphalt,excellent
1f3b5e1e-ffc4-4941-b268-04416bbafb19,64f250d5-cacb-4b82-8c82-4d20e5f0b82d,1544e76b-e029-4abd-9ba2-1bc62d54e6f5,1633173091032,14.4407612,52.2238458,9.631849,0.5982366,0.019860506,3.4265099,on bike mount,cyclo cross,True,asphalt,excellent
1f3b5e1e-ffc4-4941-b268-04416bbafb19,64f250d5-cacb-4b82-8c82-4d20e5f0b82d,762a7cc7-7182-4e54-85fc-077a7f1b5fea,1633173091082,14.4407612,52.2238458,9.631849,1.9744239,-0.89141536,0.9671173,on bike mount,cyclo cross,True,asphalt,excellent
1f3b5e1e-ffc4-4941-b268-04416bbafb19,64f250d5-cacb-4b82-8c82-4d20e5f0b82d,2eff81af-5ea6-4934-bcc3-dd657263a403,1633173091132,14.4407612,52.2238458,9.631849,-2.2869878,1.377125,-3.0203776,on bike mount,cyclo cross,True,asphalt,excellent
1f3b5e1e-ffc4-4941-b268-04416bbafb19,64f250d5-cacb-4b82-8c82-4d20e5f0b82d,935fb48b-e4ea-4cc0-b2e3-c2bc37c5ad93,1633173091182,14.4407612,52.2238458,9.631849,1.0280544,4.028185,-0.47697163,on bike mount,cyclo cross,True,asphalt,excellent
1f3b5e1e-ffc4-4941-b268-04416bbafb19,64f250d5-cacb-4b82-8c82-4d20e5f0b82d,f3c46f3f-c9bf-44a6-9c30-0fec891c9eaf,1633173091233,14.4407612,52.2238458,9.631849,2.182303,-0.884259,-1.1654692,on bike mount,cyclo cross,True,asphalt,excellent
1f3b5e1e-ffc4-4941-b268-04416bbafb19,64f250d5-cacb-4b82-8c82-4d20e5f0b82d,490103c7-2381-423f-87be-58e52f89064e,1633173091283,14.4407612,52.2238458,9.631849,1.1118194,1.9693985,-5.0345798,on bike mount,cyclo cross,True,asphalt,excellent
1f3b5e1e-ffc4-4941-b268-04416bbafb19,64f250d5-cacb-4b82-8c82-4d20e5f0b82d,3e075efa-8a6a-4b28-9b6b-f41af2f246e4,1633173091334,14.4407612,52.2238458,9.631849,-2.693622,3.2209735,3.3925629,on bike mount,cyclo cross,True,asphalt,excellent
1f3b5e1e-ffc4-4941-b268-04416bbafb19,64f250d5-cacb-4b82-8c82-4d20e5f0b82d,429e12b1-ef67-49a8-aff5-e8ecd6d0fa1e,1633173091399,14.4407612,52.2238458,9.631849,0.08727151,-0.6897929,-3.0436673,on bike mount,cyclo cross,True,asphalt,excellent
1f3b5e1e-ffc4-4941-b268-04416bbafb19,64f250d5-cacb-4b82-8c82-4d20e5f0b82d,070f2944-14e5-496a-8aec-a1353a986699,1633173091450,14.4407612,52.2238458,9.631849,2.4069092,2.3045428,-0.514184,on bike mount,cyclo cross,True,asphalt,excellent
1f3b5e1e-ffc4-4941-b268-04416bbafb19,64f250d5-cacb-4b82-8c82-4d20e5f0b82d,884f7330-8063-4c64-a9b2-0c3ccc3006f7,1633173091500,14.4407612,52.2238458,9.631849,-2.0011544,0.64107037,0.40770054,on bike mount,cyclo cross,True,asphalt,excellent
1f3b5e1e-ffc4-4941-b268-04416bbafb19,64f250d5-cacb-4b82-8c82-4d20e5f0b82d,1e188fde-86e6-492c-96df-af17072348ed,1633173091566,14.4407612,52.2238458,9.631849,0.46341538,-1.1677406,-4.6002016,on bike mount,cyclo cross,True,asphalt,excellent
1f3b5e1e-ffc4-4941-b268-04416bbafb19,64f250d5-cacb-4b82-8c82-4d20e5f0b82d,d67fb018-e72d-420c-86fa-ffdfd8ebd164,1633173091617,14.4407612,52.2238458,9.631849,1.4428045,-3.0488687,-0.9217186,on bike mount,cyclo cross,True,asphalt,excellent
1f3b5e1e-ffc4-4941-b268-04416bbafb19,64f250d5-cacb-4b82-8c82-4d20e5f0b82d,7ad63f85-afdd-44d9-9cc2-264e11cc512b,1633173091668,14.4407612,52.2238458,9.631849,-1.2696836,-2.5634325,-2.3343148,on bike mount,cyclo cross,True,asphalt,excellent
1f3b5e1e-ffc4-4941-b268-04416bbafb19,64f250d5-cacb-4b82-8c82-4d20e5f0b82d,4f26d93a-8dc4-4eac-80c4-ffecd03f9871,1633173091732,14.4407612,52.2238458,9.631849,1.0143901,4.820793,-5.151949,on bike mount,cyclo cross,True,asphalt,excellent
1f3b5e1e-ffc4-4941-b268-04416bbafb19,64f250d5-cacb-4b82-8c82-4d20e5f0b82d,f31a5d30-0b46-4f8c-a36c-d473d4209a1d,1633173091782,14.4407612,52.2238458,9.631849,-1.9941245,-2.012379,-1.6902528,on bike mount,cyclo cross,True,asphalt,excellent
1f3b5e1e-ffc4-4941-b268-04416bbafb19,64f250d5-cacb-4b82-8c82-4d20e5f0b82d,918d7771-0789-48d9-acb4-d2adf47a8986,1633173091832,14.4407612,52.2238458,9.631849,1.5939348,1.565453,-2.16125,on bike mount,cyclo cross,True,asphalt,excellent
1f3b5e1e-ffc4-4941-b268-04416bbafb19,64f250d5-cacb-4b82-8c82-4d20e5f0b82d,1d9ab051-b6e7-4a47-9d43-917bde9ab409,1633173091884,14.4407612,52.2238458,9.631849,0.6796702,3.7301745,1.9271908,on bike mount,cyclo cross,True,asphalt,excellent
1f3b5e1e-ffc4-4941-b268-04416bbafb19,64f250d5-cacb-4b82-8c82-4d20e5f0b82d,6c3c6bcf-7545-4696-bee6-92f40a630b9a,1633173091934,14.4407612,52.2238458,9.631849,-0.13495949,-1.7561175,-0.014226913,on bike mount,cyclo cross,True,asphalt,excellent
1f3b5e1e-ffc4-4941-b268-04416bbafb19,64f250d5-cacb-4b82-8c82-4d20e5f0b82d,2e16e019-cb6d-4616-8393-66ef0d0a0c1f,1633173091999,14.4408689,52.2237713,9.777846,-2.0275447,-0.508343,-2.3606133,on bike mount,cyclo cross,True,asphalt,excellent
1f3b5e1e-ffc4-4941-b268-04416bbafb19,64f250d5-cacb-4b82-8c82-4d20e5f0b82d,b38d5aa5-b860-466c-bc15-0f18b0e8f864,1633173092050,14.4408689,52.2237713,9.777846,-0.5324438,-2.0053308,3.1930428,on bike mount,cyclo cross,True,asphalt,excellent
1f3b5e1e-ffc4-4941-b268-04416bbafb19,64f250d5-cacb-4b82-8c82-4d20e5f0b82d,23c1ab25-481e-45c1-86f1-6e1a2eb31b0d,1633173092100,14.4408689,52.2237713,9.777846,-0.54529923,-6.0964994,6.032628,on bike mount,cyclo cross,True,asphalt,excellent
1f3b5e1e-ffc4-4941-b268-04416bbafb19,64f250d5-cacb-4b82-8c82-4d20e5f0b82d,b79b04f8-6cfb-4e18-8fd1-3baaa278c961,1633173092150,14.4408689,52.2237713,9.777846,-0.21930906,-4.7123685,1.6799345,on bike mount,cyclo cross,True,asphalt,excellent
1f3b5e1e-ffc4-4941-b268-04416bbafb19,64f250d5-cacb-4b82-8c82-4d20e5f0b82d,be517901-9098-47dd-ad94-c9e60a594943,1633173092201,14.4408689,52.2237713,9.777846,-1.3530755,-0.29985762,-1.6492143,on bike mount,cyclo cross,True,asphalt,excellent
1f3b5e1e-ffc4-4941-b268-04416bbafb19,64f250d5-cacb-4b82-8c82-4d20e5f0b82d,72356ea8-da04-4b60-8a41-2cd2f7480d31,1633173092251,14.4408689,52.2237713,9.777846,-3.7225385,-3.5136065,-3.1271577,on bike mount,cyclo cross,True,asphalt,excellent
1f3b5e1e-ffc4-4941-b268-04416bbafb19,64f250d5-cacb-4b82-8c82-4d20e5f0b82d,85c85849-69be-40a6-8909-db757f1018bf,1633173092301,14.4408689,52.2237713,9.777846,-0.34448522,-1.8914962,-0.9325886,on bike mount,cyclo cross,True,asphalt,excellent
1f3b5e1e-ffc4-4941-b268-04416bbafb19,64f250d5-cacb-4b82-8c82-4d20e5f0b82d,607f2f40-88e1-41df-819f-2fa082508cfa,1633173092352,14.4408689,52.2237713,9.777846,2.7515924,-0.86107063,1.1954079,on bike mount,cyclo cross,True,asphalt,excellent
1f3b5e1e-ffc4-4941-b268-04416bbafb19,64f250d5-cacb-4b82-8c82-4d20e5f0b82d,501e5454-1df0-4932-8eb1-4e82bd00acf5,1633173092402,14.4408689,52.2237713,9.777846,-1.4557614,-2.6429,1.8405504,on bike mount,cyclo cross,True,asphalt,excellent
1f3b5e1e-ffc4-4941-b268-04416bbafb19,64f250d5-cacb-4b82-8c82-4d20e5f0b82d,84cae7e7-ef34-47ce-b667-23fab9569ba9,1633173092452,14.4408689,52.2237713,9.777846,-3.8157153,-7.7106466,-9.130911,on bike mount,cyclo cross,True,asphalt,excellent
1f3b5e1e-ffc4-4941-b268-04416bbafb19,64f250d5-cacb-4b82-8c82-4d20e5f0b82d,1fb5ca6c-ac06-4ce7-994b-894dbdd07aa4,1633173092517,14.4408689,52.2237713,9.777846,-8.959848,3.861436,6.894045,on bike mount,cyclo cross,True,asphalt,excellent
1f3b5e1e-ffc4-4941-b268-04416bbafb19,64f250d5-cacb-4b82-8c82-4d20e5f0b82d,85815240-6b08-46e5-bc39-887724d645ee,1633173092567,14.4408689,52.2237713,9.777846,-3.9516032,7.070071,5.1570406,on bike mount,cyclo cross,True,asphalt,excellent
1f3b5e1e-ffc4-4941-b268-04416bbafb19,64f250d5-cacb-4b82-8c82-4d20e5f0b82d,81e5ac9a-14f0-468e-a22f-971f447b8497,1633173092617,14.4408689,52.2237713,9.777846,2.1055734,2.0233178,3.603403,on bike mount,cyclo cross,True,asphalt,excellent
1f3b5e1e-ffc4-4941-b268-04416bbafb19,64f250d5-cacb-4b82-8c82-4d20e5f0b82d,63d7e151-ee5b-453c-bd74-b082d5d3d736,1633173092667,14.4408689,52.2237713,9.777846,-5.324593,-2.2988362,2.6260424,on bike mount,cyclo cross,True,asphalt,excellent
1f3b5e1e-ffc4-4941-b268-04416bbafb19,64f250d5-cacb-4b82-8c82-4d20e5f0b82d,7dd35be8-b4a5-4df3-ae8c-a3b61c1ee748,1633173092718,14.4408689,52.2237713,9.777846,-1.2398186,-1.9532096,-4.3961897,on bike mount,cyclo cross,True,asphalt,excellent
1f3b5e1e-ffc4-4941-b268-04416bbafb19,64f250d5-cacb-4b82-8c82-4d20e5f0b82d,d4165419-aff7-45c0-8c58-e96766d818af,1633173092769,14.4408689,52.2237713,9.777846,3.6809263,3.8507142,-3.3112059,on bike mount,cyclo cross,True,asphalt,excellent
1f3b5e1e-ffc4-4941-b268-04416bbafb19,64f250d5-cacb-4b82-8c82-4d20e5f0b82d,42a3372f-bb35-4072-806e-1948c5a9e346,1633173092819,14.4408689,52.2237713,9.777846,-0.9658907,4.7898874,0.290308,on bike mount,cyclo cross,True,asphalt,excellent
1f3b5e1e-ffc4-4941-b268-04416bbafb19,64f250d5-cacb-4b82-8c82-4d20e5f0b82d,54a02e0d-423f-4d4a-b2b9-29d97ebb4c81,1633173092869,14.4408689,52.2237713,9.777846,2.402804,3.64013,10.508162,on bike mount,cyclo cross,True,asphalt,excellent
1f3b5e1e-ffc4-4941-b268-04416bbafb19,64f250d5-cacb-4b82-8c82-4d20e5f0b82d,83f10aa1-42c7-4b42-95a2-f3b9e90ca173,1633173092919,14.4408689,52.2237713,9.777846,1.0184593,-1.457282,6.0955515,on bike mount,cyclo cross,True,asphalt,excellent
1f3b5e1e-ffc4-4941-b268-04416bbafb19,64f250d5-cacb-4b82-8c82-4d20e5f0b82d,206a6efe-7eae-466a-9287-1e63e94fe59c,1633173092969,14.4409781,52.2236966,9.902888,-1.0864354,0.46078706,0.8872318,on bike mount,cyclo cross,True,asphalt,excellent
1f3b5e1e-ffc4-4941-b268-04416bbafb19,64f250d5-cacb-4b82-8c82-4d20e5f0b82d,58499c15-d318-4b1d-82d7-0490f463030a,1633173093035,14.4409781,52.2236966,9.902888,-0.6284207,-3.5971158,3.8329964,on bike mount,cyclo cross,True,asphalt,excellent
1f3b5e1e-ffc4-4941-b268-04416bbafb19,64f250d5-cacb-4b82-8c82-4d20e5f0b82d,eda72d76-e166-4e92-86a7-852d364b0ec9,1633173093086,14.4409781,52.2236966,9.902888,1.7886554,-0.6393199,-1.5073843,on bike mount,cyclo cross,True,asphalt,excellent
1f3b5e1e-ffc4-4941-b268-04416bbafb19,64f250d5-cacb-4b82-8c82-4d20e5f0b82d,c05252f6-2e90-400d-a946-644a2d78480b,1633173093136,14.4409781,52.2236966,9.902888,-2.6486158,1.7935927,-1.4708543,on bike mount,cyclo cross,True,asphalt,excellent
1f3b5e1e-ffc4-4941-b268-04416bbafb19,64f250d5-cacb-4b82-8c82-4d20e5f0b82d,e3f2e3a8-de13-4469-bc2e-7c998e8ba31e,1633173093185,14.4409781,52.2236966,9.902888,2.1817863,-0.576175,1.0126,on bike mount,cyclo cross,True,asphalt,excellent
1f3b5e1e-ffc4-4941-b268-04416bbafb19,64f250d5-cacb-4b82-8c82-4d20e5f0b82d,b0fdaab9-5987-45f2-a671-fc3a86235322,1633173093236,14.4409781,52.2236966,9.902888,-0.3837312,-2.9032946,-3.8836746,on bike mount,cyclo cross,True,asphalt,excellent
1f3b5e1e-ffc4-4941-b268-04416bbafb19,64f250d5-cacb-4b82-8c82-4d20e5f0b82d,5f2a7fb1-c7e4-4b34-869b-bc1d4f97b796,1633173093286,14.4409781,52.2236966,9.902888,-2.2061143,0.68937635,-1.3424273,on bike mount,cyclo cross,True,asphalt,excellent
1f3b5e1e-ffc4-4941-b268-04416bbafb19,64f250d5-cacb-4b82-8c82-4d20e5f0b82d,10f994c1-437d-46b3-8d32-0b93d75760b3,1633173093336,14.4409781,52.2236966,9.902888,3.809116,0.27010846,-5.5714407,on bike mount,cyclo cross,True,asphalt,excellent
1f3b5e1e-ffc4-4941-b268-04416bbafb19,64f250d5-cacb-4b82-8c82-4d20e5f0b82d,7be9e15b-0e11-4318-9e53-b1db2a029123,1633173093386,14.4409781,52.2236966,9.902888,3.1884773,-0.3378935,-1.5533953,on bike mount,cyclo cross,True,asphalt,excellent
1f3b5e1e-ffc4-4941-b268-04416bbafb19,64f250d5-cacb-4b82-8c82-4d20e5f0b82d,8edc70aa-1aba-46cf-810c-1639ef31d139,1633173093437,14.4409781,52.2236966,9.902888,-1.5058411,-0.97459567,-2.2295208,on bike mount,cyclo cross,True,asphalt,excellent
1f3b5e1e-ffc4-4941-b268-04416bbafb19,64f250d5-cacb-4b82-8c82-4d20e5f0b82d,8f061cfc-ef0e-469b-a25d-e6c76575573b,1633173093487,14.4409781,52.2236966,9.902888,0.40403426,-3.2205844,-0.5088396,on bike mount,cyclo cross,True,asphalt,excellent
1f3b5e1e-ffc4-4941-b268-04416bbafb19,64f250d5-cacb-4b82-8c82-4d20e5f0b82d,10515fb2-4098-4569-b481-6ed8f6ff512e,1633173093552,14.4409781,52.2236966,9.902888,0.007203743,0.68000126,2.037074,on bike mount,cyclo cross,True,asphalt,excellent
1f3b5e1e-ffc4-4941-b268-04416bbafb19,64f250d5-cacb-4b82-8c82-4d20e5f0b82d,d15dbe18-1fe4-4096-a097-fb0d741742f5,1633173093603,14.4409781,52.2236966,9.902888,-0.27922952,-0.3788755,0.0870657,on bike mount,cyclo cross,True,asphalt,excellent
1f3b5e1e-ffc4-4941-b268-04416bbafb19,64f250d5-cacb-4b82-8c82-4d20e5f0b82d,46872e00-9349-4b2d-aaea-43c051c9d273,1633173093654,14.4409781,52.2236966,9.902888,1.2822527,2.4478092,-0.19332695,on bike mount,cyclo cross,True,asphalt,excellent
1f3b5e1e-ffc4-4941-b268-04416bbafb19,64f250d5-cacb-4b82-8c82-4d20e5f0b82d,a3f6e4b6-4cb6-4d97-945e-54eb262f379b,1633173093703,14.4409781,52.2236966,9.902888,0.16891044,-0.62231183,-1.7116375,on bike mount,cyclo cross,True,asphalt,excellent
1f3b5e1e-ffc4-4941-b268-04416bbafb19,64f250d5-cacb-4b82-8c82-4d20e5f0b82d,37a6cce3-5fcb-4bf9-84c4-8d584e027ebf,1633173093755,14.4409781,52.2236966,9.902888,-2.9219718,3.4663343,-3.7619624,on bike mount,cyclo cross,True,asphalt,excellent
1f3b5e1e-ffc4-4941-b268-04416bbafb19,64f250d5-cacb-4b82-8c82-4d20e5f0b82d,b57a38cd-341c-4bd9-9ea7-668cfb8b2680,1633173093806,14.4409781,52.2236966,9.902888,0.18031791,1.216944,3.2700653,on bike mount,cyclo cross,True,asphalt,excellent
1f3b5e1e-ffc4-4941-b268-04416bbafb19,64f250d5-cacb-4b82-8c82-4d20e5f0b82d,df6aa70d-9537-4323-a8ad-8292c9a2d386,1633173093872,14.4409781,52.2236966,9.902888,0.7429103,2.7196455,2.33671,on bike mount,cyclo cross,True,asphalt,excellent
1f3b5e1e-ffc4-4941-b268-04416bbafb19,64f250d5-cacb-4b82-8c82-4d20e5f0b82d,80a9fec0-0f76-4ba8-883e-34457d4968f5,1633173093950,14.4409781,52.2236966,9.902888,0.96538633,1.1016738,-2.6677918,on bike mount,cyclo cross,True,asphalt,excellent
1f3b5e1e-ffc4-4941-b268-04416bbafb19,64f250d5-cacb-4b82-8c82-4d20e5f0b82d,d484166e-4876-4785-9fcd-2e0141ab79f8,1633173094006,14.4410822,52.2236156,10.034959,0.20734882,-0.52664113,-0.52336025,on bike mount,cyclo cross,True,asphalt,excellent
1f3b5e1e-ffc4-4941-b268-04416bbafb19,64f250d5-cacb-4b82-8c82-4d20e5f0b82d,e444a767-ab60-4a9f-b51f-4a6b726f65a0,1633173094056,14.4410822,52.2236156,10.034959,-0.41490746,3.5169826,4.7576437,on bike mount,cyclo cross,True,asphalt,excellent
1f3b5e1e-ffc4-4941-b268-04416bbafb19,64f250d5-cacb-4b82-8c82-4d20e5f0b82d,cafad4d6-26f5-4e22-925d-56e5c204dd7e,1633173094121,14.4410822,52.2236156,10.034959,0.42476964,1.4388635,-0.095671654,on bike mount,cyclo cross,True,asphalt,excellent
1f3b5e1e-ffc4-4941-b268-04416bbafb19,64f250d5-cacb-4b82-8c82-4d20e5f0b82d,66a2ae9a-0802-4624-9bc4-9f049e0d23cd,1633173094186,14.4410822,52.2236156,10.034959,3.1615887,-1.7491653,-0.6945696,on bike mount,cyclo cross,True,asphalt,excellent
1f3b5e1e-ffc4-4941-b268-04416bbafb19,64f250d5-cacb-4b82-8c82-4d20e5f0b82d,bf945c68-0a6e-4537-8e95-be51c8df9dad,1633173094237,14.4410822,52.2236156,10.034959,-1.4162421,-1.6244259,-2.2195826,on bike mount,cyclo cross,True,asphalt,excellent
1f3b5e1e-ffc4-4941-b268-04416bbafb19,64f250d5-cacb-4b82-8c82-4d20e5f0b82d,0bc74b79-4573-44b7-90ca-79972e68c236,1633173094287,14.4410822,52.2236156,10.034959,-0.7843419,1.6495483,-0.60134983,on bike mount,cyclo cross,True,asphalt,excellent
1f3b5e1e-ffc4-4941-b268-04416bbafb19,64f250d5-cacb-4b82-8c82-4d20e5f0b82d,cea703b0-ad0b-480e-84a7-9b2685147861,1633173094339,14.4410822,52.2236156,10.034959,3.6201203,1.2348487,5.1198034,on bike mount,cyclo cross,True,asphalt,excellent
1f3b5e1e-ffc4-4941-b268-04416bbafb19,64f250d5-cacb-4b82-8c82-4d20e5f0b82d,d4a1b942-a7c2-45c5-a996-2642f1376d74,1633173094388,14.4410822,52.2236156,10.034959,-0.7177335,-3.834097,-1.9855804,on bike mount,cyclo cross,True,asphalt,excellent
1f3b5e1e-ffc4-4941-b268-04416bbafb19,64f250d5-cacb-4b82-8c82-4d20e5f0b82d,8eb988b1-7a92-4049-9b5a-6547dac380b9,1633173094440,14.4410822,52.2236156,10.034959,0.09741388,1.1103501,-0.1636014,on bike mount,cyclo cross,True,asphalt,excellent
1f3b5e1e-ffc4-4941-b268-04416bbafb19,64f250d5-cacb-4b82-8c82-4d20e5f0b82d,63fd4774-1b60-4e20-bd90-5f8284cac431,1633173094504,14.4410822,52.2236156,10.034959,-0.93288875,2.0460901,-5.7640233,on bike mount,cyclo cross,True,asphalt,excellent
1f3b5e1e-ffc4-4941-b268-04416bbafb19,64f250d5-cacb-4b82-8c82-4d20e5f0b82d,07aba8af-1e7b-4cc4-bfad-12d308060aca,1633173094554,14.4410822,52.2236156,10.034959,-1.6075516,-0.054570913,-15.223697,on bike mount,cyclo cross,True,asphalt,excellent
1f3b5e1e-ffc4-4941-b268-04416bbafb19,64f250d5-cacb-4b82-8c82-4d20e5f0b82d,401d9f23-f5f2-45dd-8c6c-4b9605a15b67,1633173094605,14.4410822,52.2236156,10.034959,-0.118074,-3.707287,-3.5402086,on bike mount,cyclo cross,True,asphalt,excellent
1f3b5e1e-ffc4-4941-b268-04416bbafb19,64f250d5-cacb-4b82-8c82-4d20e5f0b82d,867c090e-94d8-486b-8e1a-ea591785b4dd,1633173094655,14.4410822,52.2236156,10.034959,-1.2639945,-5.284708,-5.651929,on bike mount,cyclo cross,True,asphalt,excellent
1f3b5e1e-ffc4-4941-b268-04416bbafb19,64f250d5-cacb-4b82-8c82-4d20e5f0b82d,bebaba43-0e17-4c76-ba51-ced789afe08c,1633173094706,14.4410822,52.2236156,10.034959,0.47800362,9.135335,0.64060485,on bike mount,cyclo cross,True,asphalt,excellent
1f3b5e1e-ffc4-4941-b268-04416bbafb19,64f250d5-cacb-4b82-8c82-4d20e5f0b82d,d76e3123-475b-4aec-b0ef-61755695a08d,1633173094772,14.4410822,52.2236156,10.034959,1.9820622,7.2894955,-9.132416,on bike mount,cyclo cross,True,asphalt,excellent
1f3b5e1e-ffc4-4941-b268-04416bbafb19,64f250d5-cacb-4b82-8c82-4d20e5f0b82d,75f5e5dc-1925-44fe-ae04-e3861d19cdc3,1633173094822,14.4410822,52.2236156,10.034959,-0.53809106,12.870069,9.7497225,on bike mount,cyclo cross,True,asphalt,excellent
1f3b5e1e-ffc4-4941-b268-04416bbafb19,64f250d5-cacb-4b82-8c82-4d20e5f0b82d,efc2d6f0-3963-449e-95db-71e4b332a42f,1633173094873,14.4410822,52.2236156,10.034959,-3.7323966,3.4819791,2.7831316,on bike mount,cyclo cross,True,asphalt,excellent
1f3b5e1e-ffc4-4941-b268-04416bbafb19,64f250d5-cacb-4b82-8c82-4d20e5f0b82d,39be53fa-4fd6-4162-aa3d-7203d047037b,1633173094945,14.4410822,52.2236156,10.034959,1.1332215,-2.2342758,-5.5652046,on bike mount,cyclo cross,True,asphalt,excellent
1f3b5e1e-ffc4-4941-b268-04416bbafb19,64f250d5-cacb-4b82-8c82-4d20e5f0b82d,4e2a5ccf-0719-4548-b36e-906960e7aa45,1633173095006,14.4411913,52.2235324,10.250176,-1.4729054,-3.444952,4.1261625,on bike mount,cyclo cross,True,asphalt,excellent
1f3b5e1e-ffc4-4941-b268-04416bbafb19,64f250d5-cacb-4b82-8c82-4d20e5f0b82d,5f4b4e36-a3da-44cc-94ac-3465b52f88bf,1633173095061,14.4411913,52.2235324,10.250176,-0.83107233,-1.9514232,-2.920322,on bike mount,cyclo cross,True,asphalt,excellent
1f3b5e1e-ffc4-4941-b268-04416bbafb19,64f250d5-cacb-4b82-8c82-4d20e5f0b82d,411f338a-e829-41b9-a250-6f8858e7669b,1633173095122,14.4411913,52.2235324,10.250176,0.36937147,-0.050421,-2.373355,on bike mount,cyclo cross,True,asphalt,excellent
1f3b5e1e-ffc4-4941-b268-04416bbafb19,64f250d5-cacb-4b82-8c82-4d20e5f0b82d,a0b52f9f-fd88-489e-8091-2bba59026406,1633173095173,14.4411913,52.2235324,10.250176,2.2630324,3.4640288,-2.2712674,on bike mount,cyclo cross,True,asphalt,excellent
1f3b5e1e-ffc4-4941-b268-04416bbafb19,64f250d5-cacb-4b82-8c82-4d20e5f0b82d,f4fafb86-8a93-4b02-9db8-9ed577bb69d6,1633173095223,14.4411913,52.2235324,10.250176,-1.4946351,1.5766873,-0.11722374,on bike mount,cyclo cross,True,asphalt,excellent
1f3b5e1e-ffc4-4941-b268-04416bbafb19,64f250d5-cacb-4b82-8c82-4d20e5f0b82d,737875a0-ccc8-466e-b31c-97676c7ddcdf,1633173095289,14.4411913,52.2235324,10.250176,0.4189706,2.4678729,-1.1261244,on bike mount,cyclo cross,True,asphalt,excellent
1f3b5e1e-ffc4-4941-b268-04416bbafb19,64f250d5-cacb-4b82-8c82-4d20e5f0b82d,05a55b49-b0c1-4d75-a54f-709192d93c1c,1633173095339,14.4411913,52.2235324,10.250176,1.5962529,4.992029,2.0585318,on bike mount,cyclo cross,True,asphalt,excellent
1f3b5e1e-ffc4-4941-b268-04416bbafb19,64f250d5-cacb-4b82-8c82-4d20e5f0b82d,c50d6151-071e-404c-8c8d-86dbdde076e4,1633173095390,14.4411913,52.2235324,10.250176,1.6189454,0.2432921,3.1719465,on bike mount,cyclo cross,True,asphalt,excellent
1f3b5e1e-ffc4-4941-b268-04416bbafb19,64f250d5-cacb-4b82-8c82-4d20e5f0b82d,cc1a80ea-181a-4e2f-8da0-99f604b77250,1633173095457,14.4411913,52.2235324,10.250176,-0.6408434,0.3515215,1.4729824,on bike mount,cyclo cross,True,asphalt,excellent
1f3b5e1e-ffc4-4941-b268-04416bbafb19,64f250d5-cacb-4b82-8c82-4d20e5f0b82d,ff5639ee-ad5a-462b-ae2e-f6f2659b31cc,1633173095506,14.4411913,52.2235324,10.250176,-1.8842751,1.183219,4.995963,on bike mount,cyclo cross,True,asphalt,excellent
1f3b5e1e-ffc4-4941-b268-04416bbafb19,64f250d5-cacb-4b82-8c82-4d20e5f0b82d,32bf6096-668a-49e2-8a5c-b8f36ac35a9e,1633173095557,14.4411913,52.2235324,10.250176,0.91738695,-1.0956889,-4.8025174,on bike mount,cyclo cross,True,asphalt,excellent
1f3b5e1e-ffc4-4941-b268-04416bbafb19,64f250d5-cacb-4b82-8c82-4d20e5f0b82d,fbb72b71-bf11-4712-9ba9-fce9af4dff65,1633173095606,14.4411913,52.2235324,10.250176,-1.3514726,1.168993,-9.431985,on bike mount,cyclo cross,True,asphalt,excellent
1f3b5e1e-ffc4-4941-b268-04416bbafb19,64f250d5-cacb-4b82-8c82-4d20e5f0b82d,f331f0ca-364c-472f-ad46-051c0c0bbd49,1633173095657,14.4411913,52.2235324,10.250176,3.9854383,4.3770695,-5.833523,on bike mount,cyclo cross,True,asphalt,excellent
1f3b5e1e-ffc4-4941-b268-04416bbafb19,64f250d5-cacb-4b82-8c82-4d20e5f0b82d,87c46dc9-1658-4160-a085-e3a76bd50fa3,1633173095708,14.4411913,52.2235324,10.250176,2.545244,-0.16383076,-5.763818,on bike mount,cyclo cross,True,asphalt,excellent
1f3b5e1e-ffc4-4941-b268-04416bbafb19,64f250d5-cacb-4b82-8c82-4d20e5f0b82d,862db9ff-067b-4e80-bbcf-2db62c1aa2ba,1633173095774,14.4411913,52.2235324,10.250176,-2.7566113,0.6912167,-0.6733713,on bike mount,cyclo cross,True,asphalt,excellent
1f3b5e1e-ffc4-4941-b268-04416bbafb19,64f250d5-cacb-4b82-8c82-4d20e5f0b82d,c4515dd5-e582-40fd-a661-d6d0a7a9b4dc,1633173095824,14.4411913,52.2235324,10.250176,-0.68503845,-1.971087,-6.0677958,on bike mount,cyclo cross,True,asphalt,excellent
1f3b5e1e-ffc4-4941-b268-04416bbafb19,64f250d5-cacb-4b82-8c82-4d20e5f0b82d,66294632-7f1e-4d31-8063-6febba5e401a,1633173095874,14.4411913,52.2235324,10.250176,3.4428766,2.827551,4.9423304,on bike mount,cyclo cross,True,asphalt,excellent
1f3b5e1e-ffc4-4941-b268-04416bbafb19,64f250d5-cacb-4b82-8c82-4d20e5f0b82d,d092d83e-87f4-4b03-85dc-8d90f9ec6e66,1633173095925,14.4411913,52.2235324,10.250176,-3.6738253,-7.864051,-2.8171763,on bike mount,cyclo cross,True,asphalt,excellent
1f3b5e1e-ffc4-4941-b268-04416bbafb19,64f250d5-cacb-4b82-8c82-4d20e5f0b82d,6b5ff176-3e68-4a54-b01c-ca33393df3c2,1633173095993,14.4412901,52.2234457,11.7148905,1.9653726,11.233425,-6.045063,on bike mount,cyclo cross,True,asphalt,excellent
1f3b5e1e-ffc4-4941-b268-04416bbafb19,64f250d5-cacb-4b82-8c82-4d20e5f0b82d,6921760f-5384-4218-951a-8d3823795d5d,1633173096042,14.4412901,52.2234457,11.7148905,-0.6119172,2.2741976,-9.824259,on bike mount,cyclo cross,True,asphalt,excellent
1f3b5e1e-ffc4-4941-b268-04416bbafb19,64f250d5-cacb-4b82-8c82-4d20e5f0b82d,2de82ebf-bd5a-428e-913c-c8bdf8b42b13,1633173096108,14.4412901,52.2234457,11.7148905,-3.4644449,0.56828904,-6.0729775,on bike mount,cyclo cross,True,asphalt,excellent
1f3b5e1e-ffc4-4941-b268-04416bbafb19,64f250d5-cacb-4b82-8c82-4d20e5f0b82d,1c1365e7-fe6c-4ae8-9ba7-71b06682837b,1633173096174,14.4412901,52.2234457,11.7148905,1.1860526,-2.1287825,3.9678183,on bike mount,cyclo cross,True,asphalt,excellent
1f3b5e1e-ffc4-4941-b268-04416bbafb19,64f250d5-cacb-4b82-8c82-4d20e5f0b82d,532aefc7-7728-42a8-9c64-5e5b375fbe17,1633173096225,14.4412901,52.2234457,11.7148905,1.8887236,-0.4991188,-5.497049,on bike mount,cyclo cross,True,asphalt,excellent
1f3b5e1e-ffc4-4941-b268-04416bbafb19,64f250d5-cacb-4b82-8c82-4d20e5f0b82d,24b68f20-ea43-45f6-ac5f-d7b19dd00d3a,1633173096275,14.4412901,52.2234457,11.7148905,-1.2433298,-3.3243747,-0.62659216,on bike mount,cyclo cross,True,asphalt,excellent
1f3b5e1e-ffc4-4941-b268-04416bbafb19,64f250d5-cacb-4b82-8c82-4d20e5f0b82d,502423f2-6837-4ef5-99e3-3e301f317992,1633173096325,14.4412901,52.2234457,11.7148905,1.3140167,1.6274755,-1.7320547,on bike mount,cyclo cross,True,asphalt,excellent
1f3b5e1e-ffc4-4941-b268-04416bbafb19,64f250d5-cacb-4b82-8c82-4d20e5f0b82d,33be42dd-d4fd-479d-8176-d756d5b5920f,1633173096376,14.4412901,52.2234457,11.7148905,-1.8479445,2.5348191,1.8437061,on bike mount,cyclo cross,True,asphalt,excellent
1f3b5e1e-ffc4-4941-b268-04416bbafb19,64f250d5-cacb-4b82-8c82-4d20e5f0b82d,43efdccd-b64e-430c-987f-34c056b414f7,1633173096425,14.4412901,52.2234457,11.7148905,-2.3256354,-0.22194028,2.2467813,on bike mount,cyclo cross,True,asphalt,excellent
1f3b5e1e-ffc4-4941-b268-04416bbafb19,64f250d5-cacb-4b82-8c82-4d20e5f0b82d,f5150c5f-7fc6-49d4-ad28-0ba27a05a6ac,1633173096475,14.4412901,52.2234457,11.7148905,-1.6981242,-1.2576354,2.3274364,on bike mount,cyclo cross,True,asphalt,excellent
1f3b5e1e-ffc4-4941-b268-04416bbafb19,64f250d5-cacb-4b82-8c82-4d20e5f0b82d,5abb1f07-ba1c-43ec-a626-024da9189f69,1633173096525,14.4412901,52.2234457,11.7148905,-2.0568104,-2.2969692,9.2017975,on bike mount,cyclo cross,True,asphalt,excellent
1f3b5e1e-ffc4-4941-b268-04416bbafb19,64f250d5-cacb-4b82-8c82-4d20e5f0b82d,7570c91b-84d9-48da-ab37-59e2bda35955,1633173096575,14.4412901,52.2234457,11.7148905,-0.27495754,-0.6416931,8.294467,on bike mount,cyclo cross,True,asphalt,excellent
1f3b5e1e-ffc4-4941-b268-04416bbafb19,64f250d5-cacb-4b82-8c82-4d20e5f0b82d,3073710c-0982-4500-b2ba-b46268932238,1633173096625,14.4412901,52.2234457,11.7148905,1.4531472,-1.8788085,4.7130947,on bike mount,cyclo cross,True,asphalt,excellent
1f3b5e1e-ffc4-4941-b268-04416bbafb19,64f250d5-cacb-4b82-8c82-4d20e5f0b82d,276c1945-5f85-40c1-94f6-a7456818fbb2,1633173096676,14.4412901,52.2234457,11.7148905,1.1103894,-2.768166,-2.7218423,on bike mount,cyclo cross,True,asphalt,excellent
1f3b5e1e-ffc4-4941-b268-04416bbafb19,64f250d5-cacb-4b82-8c82-4d20e5f0b82d,df6ee9c6-3f89-4de3-a5a0-10a92551e3e2,1633173096741,14.4412901,52.2234457,11.7148905,-1.1550701,-0.46191263,-1.1166277,on bike mount,cyclo cross,True,asphalt,excellent
1f3b5e1e-ffc4-4941-b268-04416bbafb19,64f250d5-cacb-4b82-8c82-4d20e5f0b82d,65738c03-dc02-46aa-87b1-5eb1897ea91e,1633173096791,14.4412901,52.2234457,11.7148905,-1.0259387,-1.636285,3.3993626,on bike mount,cyclo cross,True,asphalt,excellent
1f3b5e1e-ffc4-4941-b268-04416bbafb19,64f250d5-cacb-4b82-8c82-4d20e5f0b82d,437905f8-6dd4-4df3-9d60-e03e4fb30e4b,1633173096844,14.4412901,52.2234457,11.7148905,-1.221533,-1.7551916,0.8107109,on bike mount,cyclo cross,True,asphalt,excellent
1f3b5e1e-ffc4-4941-b268-04416bbafb19,64f250d5-cacb-4b82-8c82-4d20e5f0b82d,70b44340-3fc4-416a-adb4-912ccdf594b6,1633173096910,14.4412901,52.2234457,11.7148905,0.12485375,-2.449044,0.27684402,on bike mount,cyclo cross,True,asphalt,excellent
1f3b5e1e-ffc4-4941-b268-04416bbafb19,64f250d5-cacb-4b82-8c82-4d20e5f0b82d,65b4b47e-584c-4ba3-a215-ba0f789a95ba,1633173096966,14.4412901,52.2234457,11.7148905,0.7553953,1.721941,-2.3553863,on bike mount,cyclo cross,True,asphalt,excellent
1f3b5e1e-ffc4-4941-b268-04416bbafb19,64f250d5-cacb-4b82-8c82-4d20e5f0b82d,c0991d31-f555-4cb6-b784-02906b596bc6,1633173097027,14.4413995,52.2233511,11.85533,-1.6244801,-3.4801588,1.0821495,on bike mount,cyclo cross,True,asphalt,excellent
1f3b5e1e-ffc4-4941-b268-04416bbafb19,64f250d5-cacb-4b82-8c82-4d20e5f0b82d,b6a5fa96-fb63-4367-9996-3d05bc2c5024,1633173097093,14.4413995,52.2233511,11.85533,0.6069925,0.2148397,6.5021725,on bike mount,cyclo cross,True,asphalt,excellent
1f3b5e1e-ffc4-4941-b268-04416bbafb19,64f250d5-cacb-4b82-8c82-4d20e5f0b82d,22ba9524-e0b7-4ec6-bfb3-24d2a5e1a41c,1633173097160,14.4413995,52.2233511,11.85533,0.45441502,3.0363736,0.9494896,on bike mount,cyclo cross,True,asphalt,excellent
1f3b5e1e-ffc4-4941-b268-04416bbafb19,64f250d5-cacb-4b82-8c82-4d20e5f0b82d,0bc9ef03-8ead-4ea9-86c6-1eae82ee8660,1633173097210,14.4413995,52.2233511,11.85533,2.3469124,1.1029007,-0.07143879,on bike mount,cyclo cross,True,asphalt,excellent
1f3b5e1e-ffc4-4941-b268-04416bbafb19,64f250d5-cacb-4b82-8c82-4d20e5f0b82d,b93d5d0f-4914-43c1-99ec-2e11c76c7c4b,1633173097260,14.4413995,52.2233511,11.85533,0.375241,-0.4233023,-1.1692004,on bike mount,cyclo cross,True,asphalt,excellent
1f3b5e1e-ffc4-4941-b268-04416bbafb19,64f250d5-cacb-4b82-8c82-4d20e5f0b82d,1543cecd-ad9e-4a6b-890a-55ad9fabfdca,1633173097309,14.4413995,52.2233511,11.85533,0.7306366,-1.1252639,-2.8742623,on bike mount,cyclo cross,True,asphalt,excellent
1f3b5e1e-ffc4-4941-b268-04416bbafb19,64f250d5-cacb-4b82-8c82-4d20e5f0b82d,86605d62-01b8-4311-afb5-365465a2da48,1633173097360,14.4413995,52.2233511,11.85533,0.49094522,-1.2944657,-1.8337893,on bike mount,cyclo cross,True,asphalt,excellent
1f3b5e1e-ffc4-4941-b268-04416bbafb19,90e2de19-fad7-4996-96a9-66291910e9c4,42f1d931-18bc-420c-9f8d-f09b2faec81a,1633173093454,14.4409781,52.2236966,9.902888,-5.0592103,2.5788345,5.925577,on bike mount,cyclo cross,True,asphalt,excellent
1f3b5e1e-ffc4-4941-b268-04416bbafb19,90e2de19-fad7-4996-96a9-66291910e9c4,27321132-43a8-4917-a2be-73879482976b,1633173093520,14.4409781,52.2236966,9.902888,3.756674,-3.6077065,-6.766778,on bike mount,cyclo cross,True,asphalt,excellent
1f3b5e1e-ffc4-4941-b268-04416bbafb19,90e2de19-fad7-4996-96a9-66291910e9c4,008fa148-fbef-41d2-b4bd-604138af6efa,1633173093571,14.4409781,52.2236966,9.902888,-0.9698777,0.016730547,-1.2857037,on bike mount,cyclo cross,True,asphalt,excellent
1f3b5e1e-ffc4-4941-b268-04416bbafb19,90e2de19-fad7-4996-96a9-66291910e9c4,715104d4-1d9c-42d7-8c91-452f870e3ce2,1633173093638,14.4409781,52.2236966,9.902888,2.066261,0.39477158,-0.94771004,on bike mount,cyclo cross,True,asphalt,excellent
1f3b5e1e-ffc4-4941-b268-04416bbafb19,90e2de19-fad7-4996-96a9-66291910e9c4,30f2a71e-57dc-4f7d-a39b-eb6a824409e3,1633173093688,14.4409781,52.2236966,9.902888,0.018430829,3.8140483,-2.2542086,on bike mount,cyclo cross,True,asphalt,excellent
1f3b5e1e-ffc4-4941-b268-04416bbafb19,90e2de19-fad7-4996-96a9-66291910e9c4,dcb09760-dde8-44c0-87ac-4d1d43f3003f,1633173093754,14.4409781,52.2236966,9.902888,-2.9219718,3.4663343,-3.7619624,on bike mount,cyclo cross,True,asphalt,excellent
1f3b5e1e-ffc4-4941-b268-04416bbafb19,90e2de19-fad7-4996-96a9-66291910e9c4,789b9c74-27b7-4d10-ba3c-50de9ca7e662,1633173093805,14.4409781,52.2236966,9.902888,0.18031791,1.216944,3.2700653,on bike mount,cyclo cross,True,asphalt,excellent
1f3b5e1e-ffc4-4941-b268-04416bbafb19,90e2de19-fad7-4996-96a9-66291910e9c4,b3faea4f-e130-4a29-9fb8-5ed4b4f46ce5,1633173093871,14.4409781,52.2236966,9.902888,0.7429103,2.7196455,2.33671,on bike mount,cyclo cross,True,asphalt,excellent
1f3b5e1e-ffc4-4941-b268-04416bbafb19,90e2de19-fad7-4996-96a9-66291910e9c4,7efa645b-3d28-4d41-91f1-a9ad7a7e9bc5,1633173093940,14.4409781,52.2236966,9.902888,-0.7667184,0.023034811,0.32808018,on bike mount,cyclo cross,True,asphalt,excellent
1f3b5e1e-ffc4-4941-b268-04416bbafb19,90e2de19-fad7-4996-96a9-66291910e9c4,24957f6b-67ec-42bf-b575-18e2101b61e0,1633173094004,14.4410822,52.2236156,10.034959,1.4748914,-0.907431,-1.0955672,on bike mount,cyclo cross,True,asphalt,excellent
1f3b5e1e-ffc4-4941-b268-04416bbafb19,90e2de19-fad7-4996-96a9-66291910e9c4,c84638c2-2040-4d5b-bdee-6bdfb10f1968,1633173094054,14.4410822,52.2236156,10.034959,-0.072484255,1.3737047,4.0944366,on bike mount,cyclo cross,True,asphalt,excellent
1f3b5e1e-ffc4-4941-b268-04416bbafb19,90e2de19-fad7-4996-96a9-66291910e9c4,ca357821-e0b7-4182-8208-d656acb42878,1633173094104,14.4410822,52.2236156,10.034959,-0.5002222,2.537428,0.44219112,on bike mount,cyclo cross,True,asphalt,excellent
1f3b5e1e-ffc4-4941-b268-04416bbafb19,90e2de19-fad7-4996-96a9-66291910e9c4,f2ce2cc6-07a6-4d24-9c18-1fb960657f44,1633173094155,14.4410822,52.2236156,10.034959,0.9671626,-0.9572911,3.7611732,on bike mount,cyclo cross,True,asphalt,excellent
1f3b5e1e-ffc4-4941-b268-04416bbafb19,90e2de19-fad7-4996-96a9-66291910e9c4,21092dd3-d6cf-4eb0-885b-8ff1593d3c5d,1633173094205,14.4410822,52.2236156,10.034959,1.1989017,-0.7180958,1.2086439,on bike mount,cyclo cross,True,asphalt,excellent
1f3b5e1e-ffc4-4941-b268-04416bbafb19,90e2de19-fad7-4996-96a9-66291910e9c4,6fcc3493-4b5d-4680-8a0b-d919db7a6467,1633173094256,14.4410822,52.2236156,10.034959,-3.0462918,-0.45648217,2.4405851,on bike mount,cyclo cross,True,asphalt,excellent
1f3b5e1e-ffc4-4941-b268-04416bbafb19,90e2de19-fad7-4996-96a9-66291910e9c4,1d74a3d8-8606-4c23-b7a4-6034c3d79481,1633173094306,14.4410822,52.2236156,10.034959,2.1072726,-1.5387226,-1.5410957,on bike mount,cyclo cross,True,asphalt,excellent
1f3b5e1e-ffc4-4941-b268-04416bbafb19,90e2de19-fad7-4996-96a9-66291910e9c4,177e76ad-164f-4fe0-af61-c9b3f788b6f0,1633173094372,14.4410822,52.2236156,10.034959,-0.46604374,2.0970953,-5.237572,on bike mount,cyclo cross,True,asphalt,excellent
1f3b5e1e-ffc4-4941-b268-04416bbafb19,90e2de19-fad7-4996-96a9-66291910e9c4,5b87f372-3352-4e21-baad-157a36a10349,1633173094439,14.4410822,52.2236156,10.034959,-1.2310791,-0.15115738,-5.5685773,on bike mount,cyclo cross,True,asphalt,excellent
1f3b5e1e-ffc4-4941-b268-04416bbafb19,90e2de19-fad7-4996-96a9-66291910e9c4,2f275195-dafc-4746-b86b-6fd0c67103f7,1633173094489,14.4410822,52.2236156,10.034959,-1.9735892,0.09366965,-0.281662,on bike mount,cyclo cross,True,asphalt,excellent
1f3b5e1e-ffc4-4941-b268-04416bbafb19,90e2de19-fad7-4996-96a9-66291910e9c4,f09599f9-6813-4445-8c36-7438cd26cbaa,1633173094554,14.4410822,52.2236156,10.034959,-1.6075516,-0.054570913,-15.223697,on bike mount,cyclo cross,True,asphalt,excellent
1f3b5e1e-ffc4-4941-b268-04416bbafb19,90e2de19-fad7-4996-96a9-66291910e9c4,88e4972d-e7a8-43c3-bfb9-1eb57f470317,1633173094605,14.4410822,52.2236156,10.034959,-0.118074,-3.707287,-3.5402086,on bike mount,cyclo cross,True,asphalt,excellent
1f3b5e1e-ffc4-4941-b268-04416bbafb19,90e2de19-fad7-4996-96a9-66291910e9c4,a26dff27-c899-4231-a113-b039f30985da,1633173094656,14.4410822,52.2236156,10.034959,-1.2639945,-5.284708,-5.651929,on bike mount,cyclo cross,True,asphalt,excellent
1f3b5e1e-ffc4-4941-b268-04416bbafb19,90e2de19-fad7-4996-96a9-66291910e9c4,00b111d5-9d31-455b-b8e4-421987f0c17f,1633173094706,14.4410822,52.2236156,10.034959,0.47800362,9.135335,0.64060485,on bike mount,cyclo cross,True,asphalt,excellent
1f3b5e1e-ffc4-4941-b268-04416bbafb19,90e2de19-fad7-4996-96a9-66291910e9c4,6ee89934-93f2-4e63-bffe-2cdba5163a36,1633173094773,14.4410822,52.2236156,10.034959,1.6402137,11.353617,-9.627918,on bike mount,cyclo cross,True,asphalt,excellent
1f3b5e1e-ffc4-4941-b268-04416bbafb19,90e2de19-fad7-4996-96a9-66291910e9c4,39b19cf3-d238-4820-bab7-0e2497010cf3,1633173094824,14.4410822,52.2236156,10.034959,-1.8000938,11.108219,8.616684,on bike mount,cyclo cross,True,asphalt,excellent
1f3b5e1e-ffc4-4941-b268-04416bbafb19,90e2de19-fad7-4996-96a9-66291910e9c4,34d5fe61-dcba-4c04-90ab-02cfbad7bf95,1633173094874,14.4410822,52.2236156,10.034959,-3.7323966,3.4819791,2.7831316,on bike mount,cyclo cross,True,asphalt,excellent
1f3b5e1e-ffc4-4941-b268-04416bbafb19,90e2de19-fad7-4996-96a9-66291910e9c4,f59e39f3-3c42-4598-9fef-ddd1a74f5bfd,1633173094949,14.4410822,52.2236156,10.034959,2.4819484,0.28349662,-6.1952767,on bike mount,cyclo cross,True,asphalt,excellent
1f3b5e1e-ffc4-4941-b268-04416bbafb19,90e2de19-fad7-4996-96a9-66291910e9c4,bfc80b51-b5db-4408-b5cb-bedbcdf9218d,1633173095006,14.4411913,52.2235324,10.250176,-1.4729054,-3.444952,4.1261625,on bike mount,cyclo cross,True,asphalt,excellent
1f3b5e1e-ffc4-4941-b268-04416bbafb19,90e2de19-fad7-4996-96a9-66291910e9c4,1abad505-ce3a-491b-9334-5333044df7dc,1633173095062,14.4411913,52.2235324,10.250176,-0.83107233,-1.9514232,-2.920322,on bike mount,cyclo cross,True,asphalt,excellent
1f3b5e1e-ffc4-4941-b268-04416bbafb19,90e2de19-fad7-4996-96a9-66291910e9c4,59b4a4c8-51b5-46cf-b75d-24e1edb15b5a,1633173095123,14.4411913,52.2235324,10.250176,0.36937147,-0.050421,-2.373355,on bike mount,cyclo cross,True,asphalt,excellent
1f3b5e1e-ffc4-4941-b268-04416bbafb19,90e2de19-fad7-4996-96a9-66291910e9c4,60093870-cdab-48ca-8d4f-e4fd6b90270e,1633173095173,14.4411913,52.2235324,10.250176,2.2630324,3.4640288,-2.2712674,on bike mount,cyclo cross,True,asphalt,excellent
1f3b5e1e-ffc4-4941-b268-04416bbafb19,90e2de19-fad7-4996-96a9-66291910e9c4,3fae668d-8ef3-48f2-9b10-255e32882943,1633173095223,14.4411913,52.2235324,10.250176,-1.4946351,1.5766873,-0.11722374,on bike mount,cyclo cross,True,asphalt,excellent
1f3b5e1e-ffc4-4941-b268-04416bbafb19,90e2de19-fad7-4996-96a9-66291910e9c4,0bb8fd05-2764-42a7-b0bc-d09ffba66c96,1633173095289,14.4411913,52.2235324,10.250176,0.4189706,2.4678729,-1.1261244,on bike mount,cyclo cross,True,asphalt,excellent
1f3b5e1e-ffc4-4941-b268-04416bbafb19,90e2de19-fad7-4996-96a9-66291910e9c4,2896986c-06b3-415b-88bc-318897c8f82a,1633173095340,14.4411913,52.2235324,10.250176,1.5962529,4.992029,2.0585318,on bike mount,cyclo cross,True,asphalt,excellent
1f3b5e1e-ffc4-4941-b268-04416bbafb19,90e2de19-fad7-4996-96a9-66291910e9c4,32e8d238-1e4c-42ba-936b-7db7cc9535d2,1633173095391,14.4411913,52.2235324,10.250176,1.6189454,0.2432921,3.1719465,on bike mount,cyclo cross,True,asphalt,excellent
1f3b5e1e-ffc4-4941-b268-04416bbafb19,90e2de19-fad7-4996-96a9-66291910e9c4,4f5c3f7d-3478-40b9-a32f-856e76e4a17f,1633173095458,14.4411913,52.2235324,10.250176,-1.0454438,-1.6475719,-0.82040596,on bike mount,cyclo cross,True,asphalt,excellent
1f3b5e1e-ffc4-4941-b268-04416bbafb19,90e2de19-fad7-4996-96a9-66291910e9c4,1628f00f-189d-4c9a-92f3-6ba3f36ba5d5,1633173095523,14.4411913,52.2235324,10.250176,1.8006449,0.040126562,3.822379,on bike mount,cyclo cross,True,asphalt,excellent
1f3b5e1e-ffc4-4941-b268-04416bbafb19,90e2de19-fad7-4996-96a9-66291910e9c4,12398251-1a40-482f-a46d-b7247a24fb9f,1633173095574,14.4411913,52.2235324,10.250176,0.22391722,-1.4916903,7.118123,on bike mount,cyclo cross,True,asphalt,excellent
1f3b5e1e-ffc4-4941-b268-04416bbafb19,90e2de19-fad7-4996-96a9-66291910e9c4,c1bb4c41-d09a-48c3-b659-887d75f649d4,1633173095624,14.4411913,52.2235324,10.250176,-3.8612907,0.98730135,5.887924,on bike mount,cyclo cross,True,asphalt,excellent
1f3b5e1e-ffc4-4941-b268-04416bbafb19,90e2de19-fad7-4996-96a9-66291910e9c4,bc583078-68aa-4cb1-bbc6-855f28153c2f,1633173095674,14.4411913,52.2235324,10.250176,5.9440293,-0.317101,2.121584,on bike mount,cyclo cross,True,asphalt,excellent
1f3b5e1e-ffc4-4941-b268-04416bbafb19,90e2de19-fad7-4996-96a9-66291910e9c4,6a53de3e-3c91-4f35-b5cf-fe666b679e43,1633173095725,14.4411913,52.2235324,10.250176,1.7614995,-0.91898125,-6.1692934,on bike mount,cyclo cross,True,asphalt,excellent
1f3b5e1e-ffc4-4941-b268-04416bbafb19,90e2de19-fad7-4996-96a9-66291910e9c4,02aa9b1b-1c90-406b-b554-683af8628db7,1633173095775,14.4411913,52.2235324,10.250176,-1.6984057,-0.0066103935,1.5918417,on bike mount,cyclo cross,True,asphalt,excellent
1f3b5e1e-ffc4-4941-b268-04416bbafb19,90e2de19-fad7-4996-96a9-66291910e9c4,2d76535b-2b21-4ef6-b2bf-89ee0ff0f98f,1633173095826,14.4411913,52.2235324,10.250176,0.7081582,-0.81319106,-11.049423,on bike mount,cyclo cross,True,asphalt,excellent
1f3b5e1e-ffc4-4941-b268-04416bbafb19,90e2de19-fad7-4996-96a9-66291910e9c4,adef3060-612e-49a9-a20f-16b3c1f90e3d,1633173095891,14.4411913,52.2235324,10.250176,1.4177269,-0.17337132,-2.3432112,on bike mount,cyclo cross,True,asphalt,excellent
1f3b5e1e-ffc4-4941-b268-04416bbafb19,90e2de19-fad7-4996-96a9-66291910e9c4,8a76748f-405a-4ca2-8b4a-f2f5e8b08189,1633173095941,14.4411913,52.2235324,10.250176,-1.7380352,4.712257,-1.2061348,on bike mount,cyclo cross,True,asphalt,excellent
1f3b5e1e-ffc4-4941-b268-04416bbafb19,90e2de19-fad7-4996-96a9-66291910e9c4,6e10088a-83e1-471b-ac0a-552aacd60e05,1633173095993,14.4412901,52.2234457,11.7148905,1.9653726,11.233425,-6.045063,on bike mount,cyclo cross,True,asphalt,excellent
1f3b5e1e-ffc4-4941-b268-04416bbafb19,90e2de19-fad7-4996-96a9-66291910e9c4,7a2184cc-c614-4bfb-9423-e329a1bd6217,1633173096057,14.4412901,52.2234457,11.7148905,-2.3027196,-0.57165074,-1.9544058,on bike mount,cyclo cross,True,asphalt,excellent
1f3b5e1e-ffc4-4941-b268-04416bbafb19,90e2de19-fad7-4996-96a9-66291910e9c4,098f483f-4262-4e25-9bfc-c263914aed73,1633173096108,14.4412901,52.2234457,11.7148905,-3.4644449,0.56828904,-6.0729775,on bike mount,cyclo cross,True,asphalt,excellent
1f3b5e1e-ffc4-4941-b268-04416bbafb19,90e2de19-fad7-4996-96a9-66291910e9c4,13dcbd4a-c1d2-4b28-b414-c0b98151d589,1633173096176,14.4412901,52.2234457,11.7148905,0.46447635,-2.930469,1.3623142,on bike mount,cyclo cross,True,asphalt,excellent
1f3b5e1e-ffc4-4941-b268-04416bbafb19,90e2de19-fad7-4996-96a9-66291910e9c4,799c5c7b-de14-45e4-8eb7-d5d808ffbd01,1633173096241,14.4412901,52.2234457,11.7148905,-3.641724,-3.3857608,7.853117,on bike mount,cyclo cross,True,asphalt,excellent
1f3b5e1e-ffc4-4941-b268-04416bbafb19,90e2de19-fad7-4996-96a9-66291910e9c4,913f323d-6e7a-46d8-aa9f-e4452e3fdeca,1633173096292,14.4412901,52.2234457,11.7148905,-0.63733,-1.9352527,0.70020676,on bike mount,cyclo cross,True,asphalt,excellent
1f3b5e1e-ffc4-4941-b268-04416bbafb19,90e2de19-fad7-4996-96a9-66291910e9c4,2a1338d3-27c2-4f05-8b00-3a5a08591bb7,1633173096342,14.4412901,52.2234457,11.7148905,-2.5037165,-2.9263425,-0.53189373,on bike mount,cyclo cross,True,asphalt,excellent
1f3b5e1e-ffc4-4941-b268-04416bbafb19,90e2de19-fad7-4996-96a9-66291910e9c4,28c221c6-c968-45a2-984c-e64832100af3,1633173096393,14.4412901,52.2234457,11.7148905,1.1966417,-1.8398418,0.98371696,on bike mount,cyclo cross,True,asphalt,excellent
1f3b5e1e-ffc4-4941-b268-04416bbafb19,90e2de19-fad7-4996-96a9-66291910e9c4,fb622990-1f70-40bc-b594-1de5a6add72b,1633173096458,14.4412901,52.2234457,11.7148905,-1.4093262,-4.3015747,-1.5114083,on bike mount,cyclo cross,True,asphalt,excellent
1f3b5e1e-ffc4-4941-b268-04416bbafb19,90e2de19-fad7-4996-96a9-66291910e9c4,ea3ea42c-5fbf-4b3d-882c-9965aa9799e4,1633173096509,14.4412901,52.2234457,11.7148905,-0.6304272,-2.939372,5.1704206,on bike mount,cyclo cross,True,asphalt,excellent
1f3b5e1e-ffc4-4941-b268-04416bbafb19,90e2de19-fad7-4996-96a9-66291910e9c4,6eed7d47-ff86-465f-a51a-cd53a3c5fde5,1633173096559,14.4412901,52.2234457,11.7148905,-0.9976739,-3.6174235,-0.31795406,on bike mount,cyclo cross,True,asphalt,excellent
1f3b5e1e-ffc4-4941-b268-04416bbafb19,90e2de19-fad7-4996-96a9-66291910e9c4,128d856f-8110-4663-9f44-2fbe569a7a7a,1633173096609,14.4412901,52.2234457,11.7148905,0.9291392,2.596334,-3.9703016,on bike mount,cyclo cross,True,asphalt,excellent
1f3b5e1e-ffc4-4941-b268-04416bbafb19,90e2de19-fad7-4996-96a9-66291910e9c4,828683f0-a4ba-4ac0-ba5b-fc512c8d6fad,1633173096660,14.4412901,52.2234457,11.7148905,0.94943833,3.7340574,-0.6272583,on bike mount,cyclo cross,True,asphalt,excellent
1f3b5e1e-ffc4-4941-b268-04416bbafb19,90e2de19-fad7-4996-96a9-66291910e9c4,21c391f3-0d64-4d1b-bf49-ee750bb067bc,1633173096710,14.4412901,52.2234457,11.7148905,-2.3099592,-4.760188,4.570421,on bike mount,cyclo cross,True,asphalt,excellent
1f3b5e1e-ffc4-4941-b268-04416bbafb19,90e2de19-fad7-4996-96a9-66291910e9c4,caab3a88-1626-4099-bbb3-f0b779390bbb,1633173096776,14.4412901,52.2234457,11.7148905,1.4225231,-0.8433629,-1.0125604,on bike mount,cyclo cross,True,asphalt,excellent
1f3b5e1e-ffc4-4941-b268-04416bbafb19,90e2de19-fad7-4996-96a9-66291910e9c4,8d75852b-6a74-4aaa-890f-009172ca0b53,1633173096843,14.4412901,52.2234457,11.7148905,-1.9197747,-1.2639446,1.9057045,on bike mount,cyclo cross,True,asphalt,excellent
1f3b5e1e-ffc4-4941-b268-04416bbafb19,90e2de19-fad7-4996-96a9-66291910e9c4,8e387ac8-4024-465a-ba50-b91e21ee5f64,1633173096908,14.4412901,52.2234457,11.7148905,0.08001074,-3.162514,2.6684713,on bike mount,cyclo cross,True,asphalt,excellent
1f3b5e1e-ffc4-4941-b268-04416bbafb19,90e2de19-fad7-4996-96a9-66291910e9c4,6acf807a-7dbc-4519-bde8-9264f5976d4e,1633173096965,14.4412901,52.2234457,11.7148905,0.7553953,1.721941,-2.3553863,on bike mount,cyclo cross,True,asphalt,excellent
1f3b5e1e-ffc4-4941-b268-04416bbafb19,90e2de19-fad7-4996-96a9-66291910e9c4,3103302a-1889-4bdb-9b6b-0dec604a97c0,1633173097026,14.4413995,52.2233511,11.85533,-1.1231942,0.13189936,3.2791948,on bike mount,cyclo cross,True,asphalt,excellent
1f3b5e1e-ffc4-4941-b268-04416bbafb19,90e2de19-fad7-4996-96a9-66291910e9c4,ff0703e4-5ab8-4f1e-b648-6812bad75564,1633173097076,14.4413995,52.2233511,11.85533,-0.23206273,0.80107594,-0.07694435,on bike mount,cyclo cross,True,asphalt,excellent
1f3b5e1e-ffc4-4941-b268-04416bbafb19,90e2de19-fad7-4996-96a9-66291910e9c4,0a3351a5-16dc-4d2f-bbe1-5f129c1836b6,1633173097127,14.4413995,52.2233511,11.85533,0.50497466,-2.5439556,0.45784092,on bike mount,cyclo cross,True,asphalt,excellent
1f3b5e1e-ffc4-4941-b268-04416bbafb19,90e2de19-fad7-4996-96a9-66291910e9c4,5a82aefd-4135-4718-8b6a-d3ab5b019a80,1633173097177,14.4413995,52.2233511,11.85533,0.7239337,1.3507693,-2.269682,on bike mount,cyclo cross,True,asphalt,excellent
1f3b5e1e-ffc4-4941-b268-04416bbafb19,90e2de19-fad7-4996-96a9-66291910e9c4,e33a7bc9-db8c-452b-8149-3ac58634127e,1633173097227,14.4413995,52.2233511,11.85533,1.316359,0.5425136,0.35464,on bike mount,cyclo cross,True,asphalt,excellent
1f3b5e1e-ffc4-4941-b268-04416bbafb19,90e2de19-fad7-4996-96a9-66291910e9c4,d30434e0-f6ee-483c-92dc-bed2b85f543b,1633173097277,14.4413995,52.2233511,11.85533,0.557203,1.456496,4.3924475,on bike mount,cyclo cross,True,asphalt,excellent
1f3b5e1e-ffc4-4941-b268-04416bbafb19,90e2de19-fad7-4996-96a9-66291910e9c4,dcff6506-eb34-4b6c-9128-17ffd8e4a384,1633173097343,14.4413995,52.2233511,11.85533,0.42976448,2.4249294,1.1297941,on bike mount,cyclo cross,True,asphalt,excellent
1f3b5e1e-ffc4-4941-b268-04416bbafb19,90e2de19-fad7-4996-96a9-66291910e9c4,b541d90c-d2e3-49be-85e6-3500f6c8e339,1633173097393,14.4413995,52.2233511,11.85533,2.3029425,-2.2685666,3.9430027,on bike mount,cyclo cross,True,asphalt,excellent
1f3b5e1e-ffc4-4941-b268-04416bbafb19,90e2de19-fad7-4996-96a9-66291910e9c4,dc64ec18-6dbc-4e73-9515-6d6f8af81e23,1633173097444,14.4413995,52.2233511,11.85533,0.034443915,-0.47664702,0.14042664,on bike mount,cyclo cross,True,asphalt,excellent
1f3b5e1e-ffc4-4941-b268-04416bbafb19,90e2de19-fad7-4996-96a9-66291910e9c4,455797b8-9ccf-417b-b252-afb53d588eec,1633173097494,14.4413995,52.2233511,11.85533,-1.9013838,-4.000473,1.4191971,on bike mount,cyclo cross,True,asphalt,excellent
1f3b5e1e-ffc4-4941-b268-04416bbafb19,90e2de19-fad7-4996-96a9-66291910e9c4,7130d7bd-9245-405a-bf53-dc3ad2f0d22b,1633173097545,14.4413995,52.2233511,11.85533,-0.7520573,-1.3847495,-3.0561447,on bike mount,cyclo cross,True,asphalt,excellent
1f3b5e1e-ffc4-4941-b268-04416bbafb19,90e2de19-fad7-4996-96a9-66291910e9c4,389ab951-0d78-426d-9249-7f719f8f13b4,1633173097595,14.4413995,52.2233511,11.85533,-0.6430705,-0.68780875,0.6484747,on bike mount,cyclo cross,True,asphalt,excellent
1f3b5e1e-ffc4-4941-b268-04416bbafb19,90e2de19-fad7-4996-96a9-66291910e9c4,2a61f9e0-7567-4a49-ab65-c8b1eae2a4eb,1633173097661,14.4413995,52.2233511,11.85533,0.29960525,-3.6722195,3.2390366,on bike mount,cyclo cross,True,asphalt,excellent
1f3b5e1e-ffc4-4941-b268-04416bbafb19,90e2de19-fad7-4996-96a9-66291910e9c4,c5ef3833-4cef-4157-9d9f-44497aa2a3ac,1633173097711,14.4413995,52.2233511,11.85533,-5.999713,-17.467892,4.047844,on bike mount,cyclo cross,True,asphalt,excellent
1f3b5e1e-ffc4-4941-b268-04416bbafb19,90e2de19-fad7-4996-96a9-66291910e9c4,aa927ac8-12f3-4dad-a21e-7a9937506e05,1633173097762,14.4413995,52.2233511,11.85533,2.5360274,4.8839808,-8.568667,on bike mount,cyclo cross,True,asphalt,excellent
1f3b5e1e-ffc4-4941-b268-04416bbafb19,90e2de19-fad7-4996-96a9-66291910e9c4,929bbeab-2d6b-4467-8408-cf5980d81d88,1633173097828,14.4413995,52.2233511,11.85533,-2.7947514,-7.187431,-0.52852917,on bike mount,cyclo cross,True,asphalt,excellent
1f3b5e1e-ffc4-4941-b268-04416bbafb19,90e2de19-fad7-4996-96a9-66291910e9c4,ffb82742-23dd-4f2f-ba23-8b4e9997aa5b,1633173097893,14.4413995,52.2233511,11.85533,2.1557035,3.4237056,-0.06849766,on bike mount,cyclo cross,True,asphalt,excellent
1f3b5e1e-ffc4-4941-b268-04416bbafb19,90e2de19-fad7-4996-96a9-66291910e9c4,052ef1e7-a5ce-40e9-bd0c-fcd1fe3cba64,1633173097949,14.4413995,52.2233511,11.85533,-0.7094394,2.5488677,-1.6676512,on bike mount,cyclo cross,True,asphalt,excellent
1f3b5e1e-ffc4-4941-b268-04416bbafb19,90e2de19-fad7-4996-96a9-66291910e9c4,25259e0e-cb58-4624-8080-3054e19aaa81,1633173098010,14.4415127,52.2232636,11.535152,0.9850379,0.66714025,-2.6067948,on bike mount,cyclo cross,True,asphalt,excellent
1f3b5e1e-ffc4-4941-b268-04416bbafb19,90e2de19-fad7-4996-96a9-66291910e9c4,8d5c44ff-d6d6-41e3-8f56-b78247a271f1,1633173098060,14.4415127,52.2232636,11.535152,1.1310744,-0.24272227,-1.7561855,on bike mount,cyclo cross,True,asphalt,excellent
1f3b5e1e-ffc4-4941-b268-04416bbafb19,90e2de19-fad7-4996-96a9-66291910e9c4,63a9e8c3-5ad3-4b4c-b16a-6c0a9cd5386e,1633173098110,14.4415127,52.2232636,11.535152,-0.48877352,-4.6863556,1.9561663,on bike mount,cyclo cross,True,asphalt,excellent
1f3b5e1e-ffc4-4941-b268-04416bbafb19,90e2de19-fad7-4996-96a9-66291910e9c4,b1fa7501-feac-4d90-98fc-c878cafba1d6,1633173098160,14.4415127,52.2232636,11.535152,1.3733668,-1.9944509,6.067706,on bike mount,cyclo cross,True,asphalt,excellent
1f3b5e1e-ffc4-4941-b268-04416bbafb19,90e2de19-fad7-4996-96a9-66291910e9c4,c7ed456c-3ca0-410a-a288-03b73088baa0,1633173098211,14.4415127,52.2232636,11.535152,-0.44848034,-0.6174352,-5.0837493,on bike mount,cyclo cross,True,asphalt,excellent
1f3b5e1e-ffc4-4941-b268-04416bbafb19,90e2de19-fad7-4996-96a9-66291910e9c4,e5aa5391-6b42-477f-88e9-2f8b3307ae29,1633173098261,14.4415127,52.2232636,11.535152,0.680539,-2.7197914,-1.7435799,on bike mount,cyclo cross,True,asphalt,excellent
1f3b5e1e-ffc4-4941-b268-04416bbafb19,90e2de19-fad7-4996-96a9-66291910e9c4,3aba7a42-ebaa-48e2-aa90-cf77a5a1975a,1633173098311,14.4415127,52.2232636,11.535152,-0.06486726,3.67197,-6.8165255,on bike mount,cyclo cross,True,asphalt,excellent
1f3b5e1e-ffc4-4941-b268-04416bbafb19,90e2de19-fad7-4996-96a9-66291910e9c4,5eb82483-0982-4e45-88f5-30ecb0f693e9,1633173098362,14.4415127,52.2232636,11.535152,1.1460959,-1.1682953,3.8310404,on bike mount,cyclo cross,True,asphalt,excellent
1f3b5e1e-ffc4-4941-b268-04416bbafb19,90e2de19-fad7-4996-96a9-66291910e9c4,3cd9e725-79e9-44be-8921-1efdcd3725f9,1633173098412,14.4415127,52.2232636,11.535152,-3.1750214,-6.4258623,11.884808,on bike mount,cyclo cross,True,asphalt,excellent
1f3b5e1e-ffc4-4941-b268-04416bbafb19,90e2de19-fad7-4996-96a9-66291910e9c4,f3660d36-925c-4c7f-815f-81776b930655,1633173098461,14.4415127,52.2232636,11.535152,7.3817854,-6.0000515,-14.568825,on bike mount,cyclo cross,True,asphalt,excellent
1f3b5e1e-ffc4-4941-b268-04416bbafb19,90e2de19-fad7-4996-96a9-66291910e9c4,60ea18e4-03a1-4858-bf1b-4684604fbf0f,1633173098513,14.4415127,52.2232636,11.535152,-5.997362,5.173405,9.941719,on bike mount,cyclo cross,True,asphalt,excellent
1f3b5e1e-ffc4-4941-b268-04416bbafb19,90e2de19-fad7-4996-96a9-66291910e9c4,b6969f6d-d3b4-48ef-b0f5-aeb4cfff0f5f,1633173098578,14.4415127,52.2232636,11.535152,2.3510685,9.493059,5.0150137,on bike mount,cyclo cross,True,asphalt,excellent
1f3b5e1e-ffc4-4941-b268-04416bbafb19,90e2de19-fad7-4996-96a9-66291910e9c4,fbf874cd-3981-4b00-baf1-e9992f96088e,1633173098628,14.4415127,52.2232636,11.535152,0.2750637,-18.737698,3.2551355,on bike mount,cyclo cross,True,asphalt,excellent
1f3b5e1e-ffc4-4941-b268-04416bbafb19,90e2de19-fad7-4996-96a9-66291910e9c4,b1b9590b-0a7e-4af7-93d0-eb50b3fd1ee8,1633173098680,14.4415127,52.2232636,11.535152,-0.9533149,-8.016962,-7.735353,on bike mount,cyclo cross,True,asphalt,excellent
1f3b5e1e-ffc4-4941-b268-04416bbafb19,90e2de19-fad7-4996-96a9-66291910e9c4,a766676e-1f74-478d-b61f-bec3d6ba43ca,1633173098730,14.4415127,52.2232636,11.535152,1.0758581,-1.6180106,-5.624263,on bike mount,cyclo cross,True,asphalt,excellent
1f3b5e1e-ffc4-4941-b268-04416bbafb19,90e2de19-fad7-4996-96a9-66291910e9c4,b9948723-8a59-415f-bfb6-92b505a5716d,1633173098797,14.4415127,52.2232636,11.535152,1.6335526,5.1008544,3.2808409,on bike mount,cyclo cross,True,asphalt,excellent
1f3b5e1e-ffc4-4941-b268-04416bbafb19,90e2de19-fad7-4996-96a9-66291910e9c4,f0f3bc16-4843-4141-9ed6-de118aba76e0,1633173098862,14.4415127,52.2232636,11.535152,1.402851,2.7377462,-4.2448316,on bike mount,cyclo cross,True,asphalt,excellent
1f3b5e1e-ffc4-4941-b268-04416bbafb19,90e2de19-fad7-4996-96a9-66291910e9c4,bd4ca580-ba8e-4541-bf75-b27e1aa579b4,1633173098913,14.4415127,52.2232636,11.535152,-0.18395895,0.6027036,2.7766886,on bike mount,cyclo cross,True,asphalt,excellent
1f3b5e1e-ffc4-4941-b268-04416bbafb19,90e2de19-fad7-4996-96a9-66291910e9c4,dbd2c63d-683d-4efa-8c13-76e8aafa5bfa,1633173098964,14.4416231,52.2231806,11.416982,-0.5466759,-3.5162868,1.2426271,on bike mount,cyclo cross,True,asphalt,excellent
1f3b5e1e-ffc4-4941-b268-04416bbafb19,90e2de19-fad7-4996-96a9-66291910e9c4,ffebea09-edac-4f53-b379-29ac58f6476d,1633173099028,14.4416231,52.2231806,11.416982,1.5945815,-3.3202553,-4.2149963,on bike mount,cyclo cross,True,asphalt,excellent
1f3b5e1e-ffc4-4941-b268-04416bbafb19,90e2de19-fad7-4996-96a9-66291910e9c4,894717e2-84a0-4b31-89de-d74971c4aad1,1633173099079,14.4416231,52.2231806,11.416982,0.38302392,-1.0614936,-3.185637,on bike mount,cyclo cross,True,asphalt,excellent
1f3b5e1e-ffc4-4941-b268-04416bbafb19,90e2de19-fad7-4996-96a9-66291910e9c4,e67a2654-7863-4552-8362-f92a7d1298a2,1633173099130,14.4416231,52.2231806,11.416982,-1.1027331,-3.393741,-0.2738943,on bike mount,cyclo cross,True,asphalt,excellent
1f3b5e1e-ffc4-4941-b268-04416bbafb19,90e2de19-fad7-4996-96a9-66291910e9c4,0abf8601-c44f-4d55-9a1c-b498d488fdbc,1633173099180,14.4416231,52.2231806,11.416982,0.6123818,3.2041306,-5.469504,on bike mount,cyclo cross,True,asphalt,excellent
1f3b5e1e-ffc4-4941-b268-04416bbafb19,90e2de19-fad7-4996-96a9-66291910e9c4,06670c1e-3342-4217-b409-c5c2bd7c7819,1633173099230,14.4416231,52.2231806,11.416982,0.38580137,-0.8205602,0.97245026,on bike mount,cyclo cross,True,asphalt,excellent
1f3b5e1e-ffc4-4941-b268-04416bbafb19,90e2de19-fad7-4996-96a9-66291910e9c4,df18e4d2-6221-4e73-aeb4-c608c30205d0,1633173099280,14.4416231,52.2231806,11.416982,-0.03008198,-2.2720623,-2.3567576,on bike mount,cyclo cross,True,asphalt,excellent
1f3b5e1e-ffc4-4941-b268-04416bbafb19,90e2de19-fad7-4996-96a9-66291910e9c4,32906927-4548-4b3a-8bba-a8d91c8b445a,1633173099331,14.4416231,52.2231806,11.416982,-0.4414934,-0.66646504,1.1754827,on bike mount,cyclo cross,True,asphalt,excellent
1f3b5e1e-ffc4-4941-b268-04416bbafb19,90e2de19-fad7-4996-96a9-66291910e9c4,15ca5d6f-fa61-40ac-a85a-5ea42e317fb9,1633173099396,14.4416231,52.2231806,11.416982,0.19854844,-0.42804193,1.4445095,on bike mount,cyclo cross,True,asphalt,excellent
1f3b5e1e-ffc4-4941-b268-04416bbafb19,90e2de19-fad7-4996-96a9-66291910e9c4,4aaabe7b-cce0-4ab6-bcbf-48bddbbae004,1633173099447,14.4416231,52.2231806,11.416982,-0.93531483,0.27735615,0.46715736,on bike mount,cyclo cross,True,asphalt,excellent
1f3b5e1e-ffc4-4941-b268-04416bbafb19,90e2de19-fad7-4996-96a9-66291910e9c4,f65ca133-7ac5-472f-8724-b599dd50c958,1633173099497,14.4416231,52.2231806,11.416982,-0.01876302,4.1769133,-3.5845742,on bike mount,cyclo cross,True,asphalt,excellent
1f3b5e1e-ffc4-4941-b268-04416bbafb19,90e2de19-fad7-4996-96a9-66291910e9c4,514599ec-a2f1-4731-8314-fbd80e62e2f7,1633173099547,14.4416231,52.2231806,11.416982,-0.4298293,-1.8147248,-0.7096462,on bike mount,cyclo cross,True,asphalt,excellent
1f3b5e1e-ffc4-4941-b268-04416bbafb19,90e2de19-fad7-4996-96a9-66291910e9c4,c552f4c6-eb5a-4842-8da4-1a5d06eadd66,1633173099598,14.4416231,52.2231806,11.416982,-0.041234553,-2.2888985,-4.9199367,on bike mount,cyclo cross,True,asphalt,excellent
1f3b5e1e-ffc4-4941-b268-04416bbafb19,90e2de19-fad7-4996-96a9-66291910e9c4,c0c0a368-b39d-4e3d-9527-954f4ea957b5,1633173099648,14.4416231,52.2231806,11.416982,-0.9610519,0.5645542,-2.4321604,on bike mount,cyclo cross,True,asphalt,excellent
1f3b5e1e-ffc4-4941-b268-04416bbafb19,90e2de19-fad7-4996-96a9-66291910e9c4,07e3a84f-6b93-43d6-9d18-fe7282dcbb2a,1633173099698,14.4416231,52.2231806,11.416982,-0.71021056,-2.4023032,-1.19171,on bike mount,cyclo cross,True,asphalt,excellent
1f3b5e1e-ffc4-4941-b268-04416bbafb19,90e2de19-fad7-4996-96a9-66291910e9c4,c5507ef1-d53a-4c89-891d-74cf8ef7eb80,1633173099765,14.4416231,52.2231806,11.416982,0.21105158,-2.2973258,-1.6852775,on bike mount,cyclo cross,True,asphalt,excellent
1f3b5e1e-ffc4-4941-b268-04416bbafb19,90e2de19-fad7-4996-96a9-66291910e9c4,ffee5837-0404-4420-958c-073726db33f5,1633173099814,14.4416231,52.2231806,11.416982,-0.06654039,-2.3343856,-0.93905354,on bike mount,cyclo cross,True,asphalt,excellent
1f3b5e1e-ffc4-4941-b268-04416bbafb19,90e2de19-fad7-4996-96a9-66291910e9c4,8a05be4f-9cf7-4017-aaf3-751ed331a18d,1633173099865,14.4416231,52.2231806,11.416982,-0.2367611,-4.355589,0.993453,on bike mount,cyclo cross,True,asphalt,excellent
1f3b5e1e-ffc4-4941-b268-04416bbafb19,90e2de19-fad7-4996-96a9-66291910e9c4,5b807969-c7c8-41ea-9a92-0eb5bee1d971,1633173099931,14.4416231,52.2231806,11.416982,-0.29473215,-0.37145233,1.2166471,on bike mount,cyclo cross,True,asphalt,excellent
1f3b5e1e-ffc4-4941-b268-04416bbafb19,90e2de19-fad7-4996-96a9-66291910e9c4,ba51d419-6da4-4c6f-8ae8-0d76b6bca3a3,1633173099981,14.441729,52.2231031,11.1010895,-0.70021296,-0.72464705,1.6378727,on bike mount,cyclo cross,True,asphalt,excellent
1f3b5e1e-ffc4-4941-b268-04416bbafb19,90e2de19-fad7-4996-96a9-66291910e9c4,1538e521-b72f-4d57-bd27-83724f76e98f,1633173100031,14.441729,52.2231031,11.1010895,0.1665133,0.7737727,0.93974686,on bike mount,cyclo cross,True,asphalt,excellent
1f3b5e1e-ffc4-4941-b268-04416bbafb19,90e2de19-fad7-4996-96a9-66291910e9c4,9be0a5db-eac6-47bc-8cb4-b3451851df82,1633173100082,14.441729,52.2231031,11.1010895,0.40016282,1.519594,-1.7855439,on bike mount,cyclo cross,True,asphalt,excellent
1f3b5e1e-ffc4-4941-b268-04416bbafb19,90e2de19-fad7-4996-96a9-66291910e9c4,60dc94d6-af88-420b-9f5d-d15704133a22,1633173100132,14.441729,52.2231031,11.1010895,-0.8346741,-1.4459939,1.2453651,on bike mount,cyclo cross,True,asphalt,excellent
1f3b5e1e-ffc4-4941-b268-04416bbafb19,90e2de19-fad7-4996-96a9-66291910e9c4,9effd79a-ec84-4479-80fb-aa824c645f8f,1633173100198,14.441729,52.2231031,11.1010895,0.6542932,-2.02488,-0.9981537,on bike mount,cyclo cross,True,asphalt,excellent
1f3b5e1e-ffc4-4941-b268-04416bbafb19,90e2de19-fad7-4996-96a9-66291910e9c4,5af5782d-1307-497a-87ef-edb8c473ff04,1633173100249,14.441729,52.2231031,11.1010895,-0.2943362,0.18550277,-0.43593407,on bike mount,cyclo cross,True,asphalt,excellent
1f3b5e1e-ffc4-4941-b268-04416bbafb19,90e2de19-fad7-4996-96a9-66291910e9c4,bdb7448e-2c5a-41b5-b5de-e80e6154d505,1633173100300,14.441729,52.2231031,11.1010895,-0.28607297,-1.7184875,-0.25804234,on bike mount,cyclo cross,True,asphalt,excellent
1f3b5e1e-ffc4-4941-b268-04416bbafb19,90e2de19-fad7-4996-96a9-66291910e9c4,02f6d252-f23a-4aca-9386-0c54de7081f8,1633173100349,14.441729,52.2231031,11.1010895,0.087902576,-1.1263993,1.1684723,on bike mount,cyclo cross,True,asphalt,excellent
1f3b5e1e-ffc4-4941-b268-04416bbafb19,90e2de19-fad7-4996-96a9-66291910e9c4,8c8c7333-54cb-4bc1-adf6-18351f923d6a,1633173100399,14.441729,52.2231031,11.1010895,0.2779894,-1.790995,0.53694344,on bike mount,cyclo cross,True,asphalt,excellent
1f3b5e1e-ffc4-4941-b268-04416bbafb19,90e2de19-fad7-4996-96a9-66291910e9c4,4095f4a9-e4ef-4779-aef5-d47b3c17b791,1633173100448,14.441729,52.2231031,11.1010895,0.29813448,-0.6473553,2.1223211,on bike mount,cyclo cross,True,asphalt,excellent
1f3b5e1e-ffc4-4941-b268-04416bbafb19,90e2de19-fad7-4996-96a9-66291910e9c4,434972af-f996-46e3-89a8-547c935886b0,1633173100498,14.441729,52.2231031,11.1010895,0.21698812,2.3112617,-1.2245421,on bike mount,cyclo cross,True,asphalt,excellent
1f3b5e1e-ffc4-4941-b268-04416bbafb19,90e2de19-fad7-4996-96a9-66291910e9c4,d724a9ce-3205-4beb-96f7-07ce7d1503b3,1633173100548,14.441729,52.2231031,11.1010895,0.85306966,-1.9080429,4.9149275,on bike mount,cyclo cross,True,asphalt,excellent
1f3b5e1e-ffc4-4941-b268-04416bbafb19,90e2de19-fad7-4996-96a9-66291910e9c4,b5f97105-c4e8-47c7-aa68-00e5a8f58062,1633173100599,14.441729,52.2231031,11.1010895,0.58098084,-3.7456563,2.68884,on bike mount,cyclo cross,True,asphalt,excellent
1f3b5e1e-ffc4-4941-b268-04416bbafb19,90e2de19-fad7-4996-96a9-66291910e9c4,5b83c693-99d2-4340-88b8-b833d4f7571c,1633173100649,14.441729,52.2231031,11.1010895,0.25792703,0.7817006,4.7592916,on bike mount,cyclo cross,True,asphalt,excellent
1f3b5e1e-ffc4-4941-b268-04416bbafb19,90e2de19-fad7-4996-96a9-66291910e9c4,bb7ef68b-676c-4ea7-9ea3-a20dba8e14e1,1633173100699,14.441729,52.2231031,11.1010895,-0.19402643,0.6054585,1.849289,on bike mount,cyclo cross,True,asphalt,excellent
1f3b5e1e-ffc4-4941-b268-04416bbafb19,90e2de19-fad7-4996-96a9-66291910e9c4,207975ab-d613-4eba-8d5e-15b83c16113f,1633173100750,14.441729,52.2231031,11.1010895,0.21071109,1.7884629,-0.04280281,on bike mount,cyclo cross,True,asphalt,excellent
1f3b5e1e-ffc4-4941-b268-04416bbafb19,90e2de19-fad7-4996-96a9-66291910e9c4,38dbd980-f251-4d42-b432-8c9da5aa79f4,1633173100817,14.441729,52.2231031,11.1010895,0.2944049,1.9037309,-4.4310904,on bike mount,cyclo cross,True,asphalt,excellent
1f3b5e1e-ffc4-4941-b268-04416bbafb19,90e2de19-fad7-4996-96a9-66291910e9c4,3999e29b-03a8-4b12-b135-f433277f3918,1633173100882,14.441729,52.2231031,11.1010895,0.07184544,-0.53009295,-1.225596,on bike mount,cyclo cross,True,asphalt,excellent
1f3b5e1e-ffc4-4941-b268-04416bbafb19,90e2de19-fad7-4996-96a9-66291910e9c4,99171759-1201-457b-8645-2069f41a04b5,1633173100933,14.441729,52.2231031,11.1010895,-0.6184212,-3.9559147,2.021716,on bike mount,cyclo cross,True,asphalt,excellent
1f3b5e1e-ffc4-4941-b268-04416bbafb19,90e2de19-fad7-4996-96a9-66291910e9c4,ef6b18a8-ed66-4b32-82f2-e447a8df0014,1633173100984,14.4418327,52.2230294,10.799043,0.27055916,-3.4846177,-1.325716,on bike mount,cyclo cross,True,asphalt,excellent
1f3b5e1e-ffc4-4941-b268-04416bbafb19,90e2de19-fad7-4996-96a9-66291910e9c4,00278a1b-529a-4066-805c-51733f750c30,1633173101034,14.4418327,52.2230294,10.799043,0.25988597,1.6542153,-2.7114816,on bike mount,cyclo cross,True,asphalt,excellent
1f3b5e1e-ffc4-4941-b268-04416bbafb19,90e2de19-fad7-4996-96a9-66291910e9c4,0329f0be-5f34-4e30-86d5-d60ec2dbb3af,1633173101100,14.4418327,52.2230294,10.799043,0.95977306,-0.79590595,1.5397243,on bike mount,cyclo cross,True,asphalt,excellent
1f3b5e1e-ffc4-4941-b268-04416bbafb19,90e2de19-fad7-4996-96a9-66291910e9c4,87a20d03-5dae-4bcf-adc6-3a07e050fafd,1633173101150,14.4418327,52.2230294,10.799043,0.6878675,-0.4975555,1.0663843,on bike mount,cyclo cross,True,asphalt,excellent
1f3b5e1e-ffc4-4941-b268-04416bbafb19,90e2de19-fad7-4996-96a9-66291910e9c4,aa7ba7c1-8762-4b0e-a95b-7e399654df27,1633173101201,14.4418327,52.2230294,10.799043,-0.15493348,0.9685502,-3.33354,on bike mount,cyclo cross,True,asphalt,excellent
1f3b5e1e-ffc4-4941-b268-04416bbafb19,90e2de19-fad7-4996-96a9-66291910e9c4,e7fab754-9020-403e-8cc2-d08283b0632f,1633173101267,14.4418327,52.2230294,10.799043,-0.7442378,2.2259798,3.041463,on bike mount,cyclo cross,True,asphalt,excellent
1f3b5e1e-ffc4-4941-b268-04416bbafb19,90e2de19-fad7-4996-96a9-66291910e9c4,07fb68bf-ef34-43ea-aa02-027592a49d49,1633173101317,14.4418327,52.2230294,10.799043,0.6483536,-1.8055557,1.027216,on bike mount,cyclo cross,True,asphalt,excellent
1f3b5e1e-ffc4-4941-b268-04416bbafb19,90e2de19-fad7-4996-96a9-66291910e9c4,c48caf4b-ebf2-4029-8a6e-2846fdb1ea29,1633173101368,14.4418327,52.2230294,10.799043,-0.5627135,-0.009642839,0.09593487,on bike mount,cyclo cross,True,asphalt,excellent
1f3b5e1e-ffc4-4941-b268-04416bbafb19,90e2de19-fad7-4996-96a9-66291910e9c4,e79657fd-368e-4058-bd82-76d4d6719143,1633173101418,14.4418327,52.2230294,10.799043,1.1765198,3.229519,-0.93944263,on bike mount,cyclo cross,True,asphalt,excellent
1f3b5e1e-ffc4-4941-b268-04416bbafb19,90e2de19-fad7-4996-96a9-66291910e9c4,e40635fc-385e-4bd2-b426-0a8ad02a65af,1633173101484,14.4418327,52.2230294,10.799043,-2.1085982,-0.58529615,-1.340086,on bike mount,cyclo cross,True,asphalt,excellent
1f3b5e1e-ffc4-4941-b268-04416bbafb19,90e2de19-fad7-4996-96a9-66291910e9c4,e6744b18-5139-47c8-94de-1acf99bdbf43,1633173101534,14.4418327,52.2230294,10.799043,-2.1647081,2.1378832,1.783823,on bike mount,cyclo cross,True,asphalt,excellent
1f3b5e1e-ffc4-4941-b268-04416bbafb19,90e2de19-fad7-4996-96a9-66291910e9c4,a549c8f2-b2a4-43a2-8a8c-93f4f7b61040,1633173101585,14.4418327,52.2230294,10.799043,1.5312896,0.85929036,0.5268564,on bike mount,cyclo cross,True,asphalt,excellent
1f3b5e1e-ffc4-4941-b268-04416bbafb19,90e2de19-fad7-4996-96a9-66291910e9c4,bea2611b-3256-41dd-83b3-59e39ec42c78,1633173101650,14.4418327,52.2230294,10.799043,0.6733263,-0.23303044,0.32942677,on bike mount,cyclo cross,True,asphalt,excellent
1f3b5e1e-ffc4-4941-b268-04416bbafb19,90e2de19-fad7-4996-96a9-66291910e9c4,27f85b25-bee8-4c53-8efa-5a293b1f55b2,1633173101700,14.4418327,52.2230294,10.799043,-1.5364311,-0.9164971,-1.649065,on bike mount,cyclo cross,True,asphalt,excellent
1f3b5e1e-ffc4-4941-b268-04416bbafb19,90e2de19-fad7-4996-96a9-66291910e9c4,8e162c92-a308-499e-b288-00105b9d05cd,1633173101750,14.4418327,52.2230294,10.799043,1.1713314,-0.35446143,0.43500423,on bike mount,cyclo cross,True,asphalt,excellent
1f3b5e1e-ffc4-4941-b268-04416bbafb19,90e2de19-fad7-4996-96a9-66291910e9c4,41227c0e-5771-46c8-9817-c0d03ad9cf4c,1633173101801,14.4418327,52.2230294,10.799043,1.1535988,-0.48855186,-0.33682823,on bike mount,cyclo cross,True,asphalt,excellent
1f3b5e1e-ffc4-4941-b268-04416bbafb19,90e2de19-fad7-4996-96a9-66291910e9c4,f94dc714-4b06-4223-906f-d42ea529e4ca,1633173101851,14.4418327,52.2230294,10.799043,1.8195565,-3.220059,4.531906,on bike mount,cyclo cross,True,asphalt,excellent
1f3b5e1e-ffc4-4941-b268-04416bbafb19,90e2de19-fad7-4996-96a9-66291910e9c4,354a0cd2-3583-4476-bb5a-e12e6c27f305,1633173101901,14.4418327,52.2230294,10.799043,0.10204333,-0.44110346,2.854845,on bike mount,cyclo cross,True,asphalt,excellent
1f3b5e1e-ffc4-4941-b268-04416bbafb19,90e2de19-fad7-4996-96a9-66291910e9c4,1d8a872b-533a-4f90-8854-f0a3280e8a6a,1633173101957,14.4418327,52.2230294,10.799043,0.6247499,1.7955089,0.019424438,on bike mount,cyclo cross,True,asphalt,excellent
1f3b5e1e-ffc4-4941-b268-04416bbafb19,90e2de19-fad7-4996-96a9-66291910e9c4,68718ee2-5453-4827-b3e5-72d2bd9f867e,1633173102016,14.4419327,52.222959,10.471949,-0.59434557,-1.1666982,-2.391985,on bike mount,cyclo cross,True,asphalt,excellent
1f3b5e1e-ffc4-4941-b268-04416bbafb19,90e2de19-fad7-4996-96a9-66291910e9c4,79e6d3a8-521b-4d6c-b783-8de0677a0254,1633173102066,14.4419327,52.222959,10.471949,0.7955662,-1.6381767,3.4645557,on bike mount,cyclo cross,True,asphalt,excellent
1f3b5e1e-ffc4-4941-b268-04416bbafb19,90e2de19-fad7-4996-96a9-66291910e9c4,357ae4ac-9f34-4060-a209-3ddac514ea63,1633173102117,14.4419327,52.222959,10.471949,-2.2432892,0.04815197,1.7907734,on bike mount,cyclo cross,True,asphalt,excellent
1f3b5e1e-ffc4-4941-b268-04416bbafb19,90e2de19-fad7-4996-96a9-66291910e9c4,c48319e7-66bd-46fd-8033-85f1ffa4593c,1633173102167,14.4419327,52.222959,10.471949,1.1120248,-0.82436264,-0.3566246,on bike mount,cyclo cross,True,asphalt,excellent
1f3b5e1e-ffc4-4941-b268-04416bbafb19,90e2de19-fad7-4996-96a9-66291910e9c4,507a9884-b1f6-40a9-9f11-2c7a99234d4b,1633173102217,14.4419327,52.222959,10.471949,-0.4179542,0.3012395,1.0538006,on bike mount,cyclo cross,True,asphalt,excellent
1f3b5e1e-ffc4-4941-b268-04416bbafb19,90e2de19-fad7-4996-96a9-66291910e9c4,73e0e80f-e832-44c4-8ae9-053f265c4bf1,1633173102268,14.4419327,52.222959,10.471949,-1.0664176,0.6086128,-2.7248888,on bike mount,cyclo cross,True,asphalt,excellent
1f3b5e1e-ffc4-4941-b268-04416bbafb19,90e2de19-fad7-4996-96a9-66291910e9c4,1f869163-a986-49af-b17b-270477375290,1633173102318,14.4419327,52.222959,10.471949,-1.321232,0.51672983,-2.6899505,on bike mount,cyclo cross,True,asphalt,excellent
1f3b5e1e-ffc4-4941-b268-04416bbafb19,90e2de19-fad7-4996-96a9-66291910e9c4,ba8c96ee-2776-40e3-aa4c-345339d28fa8,1633173102369,14.4419327,52.222959,10.471949,-0.5492275,0.68916845,-0.09601498,on bike mount,cyclo cross,True,asphalt,excellent
1f3b5e1e-ffc4-4941-b268-04416bbafb19,90e2de19-fad7-4996-96a9-66291910e9c4,c990657d-d594-4954-a583-78504e2aae1d,1633173102419,14.4419327,52.222959,10.471949,-1.8297012,-1.490094,0.23786545,on bike mount,cyclo cross,True,asphalt,excellent
1f3b5e1e-ffc4-4941-b268-04416bbafb19,90e2de19-fad7-4996-96a9-66291910e9c4,3da65fba-2c3d-4090-a44c-ac590272feec,1633173102471,14.4419327,52.222959,10.471949,-0.7595618,-0.36071086,-2.4958878,on bike mount,cyclo cross,True,asphalt,excellent
1f3b5e1e-ffc4-4941-b268-04416bbafb19,90e2de19-fad7-4996-96a9-66291910e9c4,f2693d3f-3a58-42ee-affe-2da4b6615c0e,1633173102535,14.4419327,52.222959,10.471949,1.0077446,-1.1388946,-2.3141055,on bike mount,cyclo cross,True,asphalt,excellent
1f3b5e1e-ffc4-4941-b268-04416bbafb19,90e2de19-fad7-4996-96a9-66291910e9c4,a9668c0e-b04b-4bd8-8dd2-4bfe00d284cd,1633173102585,14.4419327,52.222959,10.471949,-0.8076746,-1.0232697,1.3881121,on bike mount,cyclo cross,True,asphalt,excellent
1f3b5e1e-ffc4-4941-b268-04416bbafb19,90e2de19-fad7-4996-96a9-66291910e9c4,68f758ac-23b0-49b3-8ded-f217e410c3aa,1633173102636,14.4419327,52.222959,10.471949,-0.11767617,-0.8370606,3.5100336,on bike mount,cyclo cross,True,asphalt,excellent
1f3b5e1e-ffc4-4941-b268-04416bbafb19,90e2de19-fad7-4996-96a9-66291910e9c4,49419011-cbb3-4547-8f56-134460331b3d,1633173102687,14.4419327,52.222959,10.471949,-1.9054787,-3.1270652,1.0767746,on bike mount,cyclo cross,True,asphalt,excellent
1f3b5e1e-ffc4-4941-b268-04416bbafb19,90e2de19-fad7-4996-96a9-66291910e9c4,dcf1bb15-a8b3-48d2-b96e-e0adb22fc66f,1633173102736,14.4419327,52.222959,10.471949,2.0079174,1.9850173,-3.7541904,on bike mount,cyclo cross,True,asphalt,excellent
1f3b5e1e-ffc4-4941-b268-04416bbafb19,90e2de19-fad7-4996-96a9-66291910e9c4,00d12fd5-f5ce-4996-9b61-ba11f0513714,1633173102786,14.4419327,52.222959,10.471949,-2.7867045,4.0622606,-5.7659473,on bike mount,cyclo cross,True,asphalt,excellent
1f3b5e1e-ffc4-4941-b268-04416bbafb19,90e2de19-fad7-4996-96a9-66291910e9c4,0abfed24-d5e4-43e1-a1a0-21454258ad03,1633173102837,14.4419327,52.222959,10.471949,1.1565652,3.1540422,-2.8952808,on bike mount,cyclo cross,True,asphalt,excellent
1f3b5e1e-ffc4-4941-b268-04416bbafb19,90e2de19-fad7-4996-96a9-66291910e9c4,fd0d537a-7634-4c07-b891-a441a6a625c1,1633173102902,14.4419327,52.222959,10.471949,-2.284398,-6.6120806,0.81478024,on bike mount,cyclo cross,True,asphalt,excellent
1f3b5e1e-ffc4-4941-b268-04416bbafb19,90e2de19-fad7-4996-96a9-66291910e9c4,199b73b2-0967-4b83-bba7-a87a951123d9,1633173102960,14.4419327,52.222959,10.471949,-0.45162302,3.3550808,-0.09518051,on bike mount,cyclo cross,True,asphalt,excellent
1f3b5e1e-ffc4-4941-b268-04416bbafb19,90e2de19-fad7-4996-96a9-66291910e9c4,18bb32ba-2f38-4e2a-a213-81669e30f9f7,1633173103019,14.4420282,52.2228878,10.42198,1.4898249,-1.0499462,1.940423,on bike mount,cyclo cross,True,asphalt,excellent
1f3b5e1e-ffc4-4941-b268-04416bbafb19,90e2de19-fad7-4996-96a9-66291910e9c4,7d096c7c-7325-4416-aacb-2deecd0b8c1f,1633173103070,14.4420282,52.2228878,10.42198,1.7750196,0.15453076,-1.2719316,on bike mount,cyclo cross,True,asphalt,excellent
1f3b5e1e-ffc4-4941-b268-04416bbafb19,90e2de19-fad7-4996-96a9-66291910e9c4,abad205c-b464-4517-8d59-05f3ebf65fe8,1633173103121,14.4420282,52.2228878,10.42198,-1.6233138,-2.8433082,-1.7518988,on bike mount,cyclo cross,True,asphalt,excellent
1f3b5e1e-ffc4-4941-b268-04416bbafb19,90e2de19-fad7-4996-96a9-66291910e9c4,6aebe446-8642-4b8c-95a3-7b7385ada03f,1633173103171,14.4420282,52.2228878,10.42198,-0.048700914,-0.4038205,-0.5672226,on bike mount,cyclo cross,True,asphalt,excellent
1f3b5e1e-ffc4-4941-b268-04416bbafb19,90e2de19-fad7-4996-96a9-66291910e9c4,bf91394a-81a1-4475-bcd3-c9440b32a368,1633173103221,14.4420282,52.2228878,10.42198,-0.8408506,-0.620543,0.5554056,on bike mount,cyclo cross,True,asphalt,excellent
1f3b5e1e-ffc4-4941-b268-04416bbafb19,90e2de19-fad7-4996-96a9-66291910e9c4,812da2dd-e366-46c6-b15d-1c6536387165,1633173103287,14.4420282,52.2228878,10.42198,0.08108105,-0.24622631,0.8356981,on bike mount,cyclo cross,True,asphalt,excellent
1f3b5e1e-ffc4-4941-b268-04416bbafb19,90e2de19-fad7-4996-96a9-66291910e9c4,ea3f04f4-63f3-492a-af7a-f42295d95bc6,1633173103337,14.4420282,52.2228878,10.42198,-0.7433425,-2.5886965,1.6578112,on bike mount,cyclo cross,True,asphalt,excellent
1f3b5e1e-ffc4-4941-b268-04416bbafb19,90e2de19-fad7-4996-96a9-66291910e9c4,230a74d8-38af-45e6-bb1c-3baa0fce0fff,1633173103387,14.4420282,52.2228878,10.42198,-0.92909914,-2.3063161,1.1008444,on bike mount,cyclo cross,True,asphalt,excellent
1f3b5e1e-ffc4-4941-b268-04416bbafb19,90e2de19-fad7-4996-96a9-66291910e9c4,28ed3f99-9cd9-4509-a52c-8997ead78460,1633173103437,14.4420282,52.2228878,10.42198,-0.7832265,-0.26421285,0.70904446,on bike mount,cyclo cross,True,asphalt,excellent
1f3b5e1e-ffc4-4941-b268-04416bbafb19,90e2de19-fad7-4996-96a9-66291910e9c4,58eef6e2-f44c-4c0f-8fe2-b3f7310f0f13,1633173103487,14.4420282,52.2228878,10.42198,0.38138458,0.0053915977,-2.9260936,on bike mount,cyclo cross,True,asphalt,excellent
1f3b5e1e-ffc4-4941-b268-04416bbafb19,90e2de19-fad7-4996-96a9-66291910e9c4,0f8b0ead-0fbb-42c1-ae88-8738f8c42dcf,1633173103537,14.4420282,52.2228878,10.42198,-1.443392,-0.3113854,0.37474537,on bike mount,cyclo cross,True,asphalt,excellent
1f3b5e1e-ffc4-4941-b268-04416bbafb19,90e2de19-fad7-4996-96a9-66291910e9c4,a681ef2d-ea2e-46df-b50b-ed5de3b6d22e,1633173103587,14.4420282,52.2228878,10.42198,1.089403,-3.0675368,2.3113022,on bike mount,cyclo cross,True,asphalt,excellent
1f3b5e1e-ffc4-4941-b268-04416bbafb19,90e2de19-fad7-4996-96a9-66291910e9c4,5643f209-6169-4672-82b6-77e175a4ea38,1633173103639,14.4420282,52.2228878,10.42198,1.4060867,0.19143534,-0.22686768,on bike mount,cyclo cross,True,asphalt,excellent
1f3b5e1e-ffc4-4941-b268-04416bbafb19,90e2de19-fad7-4996-96a9-66291910e9c4,6726740d-eb7d-49b4-8507-2a39f32101af,1633173103689,14.4420282,52.2228878,10.42198,-0.5035749,0.07369208,-1.24403,on bike mount,cyclo cross,True,asphalt,excellent
1f3b5e1e-ffc4-4941-b268-04416bbafb19,90e2de19-fad7-4996-96a9-66291910e9c4,45ef0f78-18e2-4b0c-b596-7e118fd1e092,1633173103755,14.4420282,52.2228878,10.42198,-0.90922666,0.5301969,1.1434402,on bike mount,cyclo cross,True,asphalt,excellent
1f3b5e1e-ffc4-4941-b268-04416bbafb19,90e2de19-fad7-4996-96a9-66291910e9c4,c046080d-ceea-471b-b0f6-e2ded79f7b2a,1633173103806,14.4420282,52.2228878,10.42198,0.82914835,0.11460924,-1.837328,on bike mount,cyclo cross,True,asphalt,excellent
1f3b5e1e-ffc4-4941-b268-04416bbafb19,90e2de19-fad7-4996-96a9-66291910e9c4,5e9a544c-38ba-42a8-a24b-e1f909bf8296,1633173103856,14.4420282,52.2228878,10.42198,1.0773195,1.0281382,1.0265255,on bike mount,cyclo cross,True,asphalt,excellent
1f3b5e1e-ffc4-4941-b268-04416bbafb19,90e2de19-fad7-4996-96a9-66291910e9c4,1c16fd95-e63a-4086-ae4b-1a653985547e,1633173103921,14.4420282,52.2228878,10.42198,1.3290032,-0.6633234,2.552103,on bike mount,cyclo cross,True,asphalt,excellent
1f3b5e1e-ffc4-4941-b268-04416bbafb19,90e2de19-fad7-4996-96a9-66291910e9c4,ec9195a1-0975-41e1-89e5-f2751d86253e,1633173103972,14.4421201,52.2228198,9.865384,1.2800413,0.8261783,-2.3800187,on bike mount,cyclo cross,True,asphalt,excellent
1f3b5e1e-ffc4-4941-b268-04416bbafb19,90e2de19-fad7-4996-96a9-66291910e9c4,e4abc27b-afc2-4ff5-89bd-84f2b7034e59,1633173104037,14.4421201,52.2228198,9.865384,0.45527914,0.9540138,2.091257,on bike mount,cyclo cross,True,asphalt,excellent
1f3b5e1e-ffc4-4941-b268-04416bbafb19,90e2de19-fad7-4996-96a9-66291910e9c4,c47846b2-7e50-4987-a0cc-20d654abcf2c,1633173104089,14.4421201,52.2228198,9.865384,-0.55602753,-0.20431232,0.92159176,on bike mount,cyclo cross,True,asphalt,excellent
1f3b5e1e-ffc4-4941-b268-04416bbafb19,90e2de19-fad7-4996-96a9-66291910e9c4,cf93c777-cc51-4f44-92ab-0dcb38ebd743,1633173104139,14.4421201,52.2228198,9.865384,-0.013392091,0.8137889,0.07882786,on bike mount,cyclo cross,True,asphalt,excellent
1f3b5e1e-ffc4-4941-b268-04416bbafb19,90e2de19-fad7-4996-96a9-66291910e9c4,6b882e65-f0c3-4681-9f6b-bd24165a6e7e,1633173104206,14.4421201,52.2228198,9.865384,1.2058268,4.8816047,1.355072,on bike mount,cyclo cross,True,asphalt,excellent
1f3b5e1e-ffc4-4941-b268-04416bbafb19,90e2de19-fad7-4996-96a9-66291910e9c4,42457707-3ca7-41f7-9210-538036c1ab8d,1633173104272,14.4421201,52.2228198,9.865384,-0.048113465,2.2964525,-2.8621373,on bike mount,cyclo cross,True,asphalt,excellent
1f3b5e1e-ffc4-4941-b268-04416bbafb19,90e2de19-fad7-4996-96a9-66291910e9c4,e7fda9b8-cf13-442f-a2f1-c0a9ce902ee1,1633173104323,14.4421201,52.2228198,9.865384,-0.5073922,0.7024698,-1.1143703,on bike mount,cyclo cross,True,asphalt,excellent
1f3b5e1e-ffc4-4941-b268-04416bbafb19,90e2de19-fad7-4996-96a9-66291910e9c4,e126d35e-3e97-42f7-850d-852e39b67336,1633173104373,14.4421201,52.2228198,9.865384,-0.19350004,-1.67172,0.9136963,on bike mount,cyclo cross,True,asphalt,excellent
1f3b5e1e-ffc4-4941-b268-04416bbafb19,90e2de19-fad7-4996-96a9-66291910e9c4,76b57fed-e4ad-4233-955c-fcf64ed576d2,1633173104423,14.4421201,52.2228198,9.865384,0.868718,-0.56496954,-2.369998,on bike mount,cyclo cross,True,asphalt,excellent
1f3b5e1e-ffc4-4941-b268-04416bbafb19,90e2de19-fad7-4996-96a9-66291910e9c4,b7e5087d-8bdb-4fc2-8f61-6c19b93dd82e,1633173104490,14.4421201,52.2228198,9.865384,0.27346915,1.0612891,0.13734818,on bike mount,cyclo cross,True,asphalt,excellent
1f3b5e1e-ffc4-4941-b268-04416bbafb19,90e2de19-fad7-4996-96a9-66291910e9c4,ed63fe80-e3e8-48ce-84bb-a50fa8c32987,1633173104556,14.4421201,52.2228198,9.865384,-0.31653348,-1.4643328,0.36339188,on bike mount,cyclo cross,True,asphalt,excellent
1f3b5e1e-ffc4-4941-b268-04416bbafb19,90e2de19-fad7-4996-96a9-66291910e9c4,888bb502-b773-4bad-8230-005050b76b92,1633173104606,14.4421201,52.2228198,9.865384,0.09430626,-1.3083217,0.5926323,on bike mount,cyclo cross,True,asphalt,excellent
1f3b5e1e-ffc4-4941-b268-04416bbafb19,90e2de19-fad7-4996-96a9-66291910e9c4,05dcf22d-c0ec-4333-898e-83bdeb423ae7,1633173104656,14.4421201,52.2228198,9.865384,0.7826278,-0.15320492,-0.9442568,on bike mount,cyclo cross,True,asphalt,excellent
1f3b5e1e-ffc4-4941-b268-04416bbafb19,90e2de19-fad7-4996-96a9-66291910e9c4,e87f335d-9323-4c21-bad6-7368e960d058,1633173104707,14.4421201,52.2228198,9.865384,-0.9331776,-1.7207403,1.5488825,on bike mount,cyclo cross,True,asphalt,excellent
1f3b5e1e-ffc4-4941-b268-04416bbafb19,90e2de19-fad7-4996-96a9-66291910e9c4,8c50987b-db28-4a3d-b54f-9fe3ca9a273e,1633173104757,14.4421201,52.2228198,9.865384,1.2055087,0.04858184,4.388343,on bike mount,cyclo cross,True,asphalt,excellent
1f3b5e1e-ffc4-4941-b268-04416bbafb19,90e2de19-fad7-4996-96a9-66291910e9c4,378c99f3-a61e-4927-947d-34bc5c4899f2,1633173104807,14.4421201,52.2228198,9.865384,0.72160167,0.85165477,-2.0560608,on bike mount,cyclo cross,True,asphalt,excellent
1f3b5e1e-ffc4-4941-b268-04416bbafb19,90e2de19-fad7-4996-96a9-66291910e9c4,79a5014b-e3b1-44f2-884f-eb3e937524cd,1633173104874,14.4421201,52.2228198,9.865384,0.5723268,2.4008002,0.96444607,on bike mount,cyclo cross,True,asphalt,excellent
1f3b5e1e-ffc4-4941-b268-04416bbafb19,90e2de19-fad7-4996-96a9-66291910e9c4,de31d83a-48e2-4800-8fc3-1d36eb705f39,1633173104942,14.4421201,52.2228198,9.865384,-1.0960333,1.2711692,-0.016580582,on bike mount,cyclo cross,True,asphalt,excellent
1f3b5e1e-ffc4-4941-b268-04416bbafb19,90e2de19-fad7-4996-96a9-66291910e9c4,23551984-c796-411b-a089-a58e4a298001,1633173105006,14.4422071,52.2227553,9.355779,-2.7529113,0.11054158,-1.3050995,on bike mount,cyclo cross,True,asphalt,excellent
1f3b5e1e-ffc4-4941-b268-04416bbafb19,90e2de19-fad7-4996-96a9-66291910e9c4,d62814ce-a8ea-4d49-83af-51ad98c10495,1633173105057,14.4422071,52.2227553,9.355779,-0.07819447,-2.0906844,0.82733727,on bike mount,cyclo cross,True,asphalt,excellent
1f3b5e1e-ffc4-4941-b268-04416bbafb19,90e2de19-fad7-4996-96a9-66291910e9c4,9b76b122-cd34-4d3e-9863-2de2fb0eccdb,1633173105107,14.4422071,52.2227553,9.355779,0.014030315,1.5261188,-1.4129353,on bike mount,cyclo cross,True,asphalt,excellent
1f3b5e1e-ffc4-4941-b268-04416bbafb19,90e2de19-fad7-4996-96a9-66291910e9c4,6d5e7ede-37dd-498f-a02e-6a73902eff7b,1633173105158,14.4422071,52.2227553,9.355779,-2.0065084,0.3094287,-1.0033627,on bike mount,cyclo cross,True,asphalt,excellent
1f3b5e1e-ffc4-4941-b268-04416bbafb19,90e2de19-fad7-4996-96a9-66291910e9c4,73a570bd-0cfd-4b0c-b53b-627d34965e53,1633173105208,14.4422071,52.2227553,9.355779,2.097026,-0.37611485,-3.973296,on bike mount,cyclo cross,True,asphalt,excellent
1f3b5e1e-ffc4-4941-b268-04416bbafb19,90e2de19-fad7-4996-96a9-66291910e9c4,fbe0926c-ca52-4f70-89cf-0ef689390279,1633173105258,14.4422071,52.2227553,9.355779,-1.5961517,-0.9629055,0.81359863,on bike mount,cyclo cross,True,asphalt,excellent
1f3b5e1e-ffc4-4941-b268-04416bbafb19,90e2de19-fad7-4996-96a9-66291910e9c4,ae3e66e0-32d9-4f80-bbdf-3fcaf2ef207d,1633173105309,14.4422071,52.2227553,9.355779,-0.40729937,0.07700777,-1.2600532,on bike mount,cyclo cross,True,asphalt,excellent
1f3b5e1e-ffc4-4941-b268-04416bbafb19,90e2de19-fad7-4996-96a9-66291910e9c4,544b9679-6b0b-4b19-ad72-12a9f46dce29,1633173105374,14.4422071,52.2227553,9.355779,0.4784807,1.8792214,-2.318338,on bike mount,cyclo cross,True,asphalt,excellent
1f3b5e1e-ffc4-4941-b268-04416bbafb19,90e2de19-fad7-4996-96a9-66291910e9c4,1dff2c02-6cbc-4572-8a48-8ca2031d86e7,1633173105424,14.4422071,52.2227553,9.355779,-1.0587656,-1.033126,0.18863297,on bike mount,cyclo cross,True,asphalt,excellent
1f3b5e1e-ffc4-4941-b268-04416bbafb19,90e2de19-fad7-4996-96a9-66291910e9c4,bc7e2da1-648a-4805-93af-42f916927dc9,1633173105474,14.4422071,52.2227553,9.355779,0.58866805,-0.98158276,0.54072475,on bike mount,cyclo cross,True,asphalt,excellent
1f3b5e1e-ffc4-4941-b268-04416bbafb19,90e2de19-fad7-4996-96a9-66291910e9c4,4e1ee704-203b-4d80-9f3a-73868396abdf,1633173105525,14.4422071,52.2227553,9.355779,-1.0363992,0.8262403,0.5892725,on bike mount,cyclo cross,True,asphalt,excellent
1f3b5e1e-ffc4-4941-b268-04416bbafb19,90e2de19-fad7-4996-96a9-66291910e9c4,522e20a6-19c2-44d7-902c-a7cc793cd852,1633173105576,14.4422071,52.2227553,9.355779,-0.830965,-0.17141128,0.1259327,on bike mount,cyclo cross,True,asphalt,excellent
1f3b5e1e-ffc4-4941-b268-04416bbafb19,90e2de19-fad7-4996-96a9-66291910e9c4,cb59e2b6-2fb3-4547-98f5-82c4a34e1047,1633173105626,14.4422071,52.2227553,9.355779,-0.8462053,2.2775922,2.962431,on bike mount,cyclo cross,True,asphalt,excellent
1f3b5e1e-ffc4-4941-b268-04416bbafb19,90e2de19-fad7-4996-96a9-66291910e9c4,48dc36f1-50ec-4bb1-8d44-d6bac88f3ba6,1633173105691,14.4422071,52.2227553,9.355779,-0.38462237,0.61822844,-2.2232661,on bike mount,cyclo cross,True,asphalt,excellent
1f3b5e1e-ffc4-4941-b268-04416bbafb19,90e2de19-fad7-4996-96a9-66291910e9c4,e719126e-68fc-403a-92aa-873a0cbe0406,1633173105742,14.4422071,52.2227553,9.355779,-0.3437542,0.97741485,-0.4168377,on bike mount,cyclo cross,True,asphalt,excellent
1f3b5e1e-ffc4-4941-b268-04416bbafb19,90e2de19-fad7-4996-96a9-66291910e9c4,2f5708d9-2ee5-45ea-ad5a-deb8de0b6572,1633173105792,14.4422071,52.2227553,9.355779,-1.6083587,0.19918728,5.3439913,on bike mount,cyclo cross,True,asphalt,excellent
1f3b5e1e-ffc4-4941-b268-04416bbafb19,90e2de19-fad7-4996-96a9-66291910e9c4,ddfe4f9a-5bd6-4ca7-9c99-87f79eaa358a,1633173105843,14.4422071,52.2227553,9.355779,-0.18645054,1.534224,-3.7735023,on bike mount,cyclo cross,True,asphalt,excellent
1f3b5e1e-ffc4-4941-b268-04416bbafb19,90e2de19-fad7-4996-96a9-66291910e9c4,959e4259-6369-4cd7-92c3-964c593e7d61,1633173105892,14.4422071,52.2227553,9.355779,0.52319896,-0.72801745,1.0223866,on bike mount,cyclo cross,True,asphalt,excellent
1f3b5e1e-ffc4-4941-b268-04416bbafb19,90e2de19-fad7-4996-96a9-66291910e9c4,a3607c66-f232-4d25-9736-08b484e3ae9b,1633173105944,14.4422071,52.2227553,9.355779,0.18108228,0.06317878,-1.3334875,on bike mount,cyclo cross,True,asphalt,excellent
1f3b5e1e-ffc4-4941-b268-04416bbafb19,90e2de19-fad7-4996-96a9-66291910e9c4,7dcc272b-7107-40d2-a07a-5a2387fc73c9,1633173106010,14.4422916,52.2226925,9.019848,-0.22845545,-1.3002676,-1.9849615,on bike mount,cyclo cross,True,asphalt,excellent
1f3b5e1e-ffc4-4941-b268-04416bbafb19,90e2de19-fad7-4996-96a9-66291910e9c4,2dad2aeb-c32a-4d1b-ac3e-0d1498c263cd,1633173106076,14.4422916,52.2226925,9.019848,0.47006512,-0.70710146,1.2202797,on bike mount,cyclo cross,True,asphalt,excellent
1f3b5e1e-ffc4-4941-b268-04416bbafb19,90e2de19-fad7-4996-96a9-66291910e9c4,8f606af5-a4cf-49d2-bbcd-27e342df0934,1633173106127,14.4422916,52.2226925,9.019848,-0.31619906,0.3147173,2.059352,on bike mount,cyclo cross,True,asphalt,excellent
1f3b5e1e-ffc4-4941-b268-04416bbafb19,90e2de19-fad7-4996-96a9-66291910e9c4,95550b54-659f-477b-8ac5-684f15915eb6,1633173106191,14.4422916,52.2226925,9.019848,-0.13162974,-3.5757954,1.9055643,on bike mount,cyclo cross,True,asphalt,excellent
1f3b5e1e-ffc4-4941-b268-04416bbafb19,90e2de19-fad7-4996-96a9-66291910e9c4,8727a63d-3083-40af-ab4a-ddc60a2108d8,1633173106243,14.4422916,52.2226925,9.019848,1.9569975,-2.187402,-0.91321707,on bike mount,cyclo cross,True,asphalt,excellent
1f3b5e1e-ffc4-4941-b268-04416bbafb19,90e2de19-fad7-4996-96a9-66291910e9c4,985ab25d-f917-42f7-a36f-a59b9b3b6d5c,1633173106292,14.4422916,52.2226925,9.019848,-0.59847623,-0.893782,-0.15920734,on bike mount,cyclo cross,True,asphalt,excellent
1f3b5e1e-ffc4-4941-b268-04416bbafb19,90e2de19-fad7-4996-96a9-66291910e9c4,eb7e941e-26b2-4449-a4ed-b40a94b379f0,1633173106343,14.4422916,52.2226925,9.019848,0.14647064,-2.3448892,2.3497944,on bike mount,cyclo cross,True,asphalt,excellent
1f3b5e1e-ffc4-4941-b268-04416bbafb19,90e2de19-fad7-4996-96a9-66291910e9c4,1c662c4b-9f74-44b6-a80e-cc6ad24ac3ac,1633173106409,14.4422916,52.2226925,9.019848,-1.1268587,-1.3363701,1.8643761,on bike mount,cyclo cross,True,asphalt,excellent
1f3b5e1e-ffc4-4941-b268-04416bbafb19,90e2de19-fad7-4996-96a9-66291910e9c4,88778216-50e4-4066-a86a-c58d7d50c1bb,1633173106459,14.4422916,52.2226925,9.019848,1.115356,1.6265686,-1.9046168,on bike mount,cyclo cross,True,asphalt,excellent
1f3b5e1e-ffc4-4941-b268-04416bbafb19,90e2de19-fad7-4996-96a9-66291910e9c4,9e828e80-11fd-464f-b4cd-c951875262ca,1633173106509,14.4422916,52.2226925,9.019848,-1.3964759,-1.2655668,-2.2315502,on bike mount,cyclo cross,True,asphalt,excellent
1f3b5e1e-ffc4-4941-b268-04416bbafb19,90e2de19-fad7-4996-96a9-66291910e9c4,cdbaacc0-3e59-4dad-a498-4ce811d7f3d7,1633173106560,14.4422916,52.2226925,9.019848,0.79118615,-0.20988369,1.7003174,on bike mount,cyclo cross,True,asphalt,excellent
1f3b5e1e-ffc4-4941-b268-04416bbafb19,90e2de19-fad7-4996-96a9-66291910e9c4,9d24c140-0fb0-4019-88fb-1e165d8c7fb3,1633173106610,14.4422916,52.2226925,9.019848,0.34790194,-4.0315404,3.6433344,on bike mount,cyclo cross,True,asphalt,excellent
1f3b5e1e-ffc4-4941-b268-04416bbafb19,90e2de19-fad7-4996-96a9-66291910e9c4,a9450122-85d0-483a-82ac-48b1962cc314,1633173106660,14.4422916,52.2226925,9.019848,1.3252096,-1.249863,1.798151,on bike mount,cyclo cross,True,asphalt,excellent
1f3b5e1e-ffc4-4941-b268-04416bbafb19,90e2de19-fad7-4996-96a9-66291910e9c4,f74936a2-b3f4-4755-bc3f-3cd1afbae032,1633173106710,14.4422916,52.2226925,9.019848,-0.36452067,1.5074928,-1.6243515,on bike mount,cyclo cross,True,asphalt,excellent
1f3b5e1e-ffc4-4941-b268-04416bbafb19,90e2de19-fad7-4996-96a9-66291910e9c4,02fb4731-9238-4463-951d-83c2cf6c321f,1633173106760,14.4422916,52.2226925,9.019848,0.123729266,0.686322,2.8762808,on bike mount,cyclo cross,True,asphalt,excellent
1f3b5e1e-ffc4-4941-b268-04416bbafb19,90e2de19-fad7-4996-96a9-66291910e9c4,645c3637-83a6-4b23-8ae0-b69cb272c4ba,1633173106810,14.4422916,52.2226925,9.019848,0.51720715,-0.3968506,-0.042700768,on bike mount,cyclo cross,True,asphalt,excellent
1f3b5e1e-ffc4-4941-b268-04416bbafb19,90e2de19-fad7-4996-96a9-66291910e9c4,d4395ce7-9096-4de3-97af-2d8342bb0848,1633173106861,14.4422916,52.2226925,9.019848,0.1145051,-0.7919096,-0.16673565,on bike mount,cyclo cross,True,asphalt,excellent
1f3b5e1e-ffc4-4941-b268-04416bbafb19,90e2de19-fad7-4996-96a9-66291910e9c4,6cc812d9-2dfe-42db-8ad3-56c5ed5152e3,1633173106926,14.4422916,52.2226925,9.019848,-0.26991302,0.04219675,2.0959444,on bike mount,cyclo cross,True,asphalt,excellent
1f3b5e1e-ffc4-4941-b268-04416bbafb19,90e2de19-fad7-4996-96a9-66291910e9c4,1290cbb1-9db5-4c31-a857-1ffcf0f71a10,1633173106977,14.4423671,52.2226345,7.840777,-0.29799372,-1.7697875,-0.009370804,on bike mount,cyclo cross,True,asphalt,excellent
1f3b5e1e-ffc4-4941-b268-04416bbafb19,90e2de19-fad7-4996-96a9-66291910e9c4,8ef3de11-ed65-437f-b70b-66e40a5c0a1d,1633173107028,14.4423671,52.2226345,7.840777,-0.56407434,-1.4153935,1.4656715,on bike mount,cyclo cross,True,asphalt,excellent
1f3b5e1e-ffc4-4941-b268-04416bbafb19,90e2de19-fad7-4996-96a9-66291910e9c4,564c79c5-00cc-452d-bc44-be6ae7acb408,1633173107094,14.4423671,52.2226345,7.840777,0.674229,0.44033957,-1.0027957,on bike mount,cyclo cross,True,asphalt,excellent
1f3b5e1e-ffc4-4941-b268-04416bbafb19,90e2de19-fad7-4996-96a9-66291910e9c4,8c2f87df-045f-420c-81ee-b9b5045a4dbe,1633173107144,14.4423671,52.2226345,7.840777,0.56579095,0.7464607,1.1276903,on bike mount,cyclo cross,True,asphalt,excellent
1f3b5e1e-ffc4-4941-b268-04416bbafb19,90e2de19-fad7-4996-96a9-66291910e9c4,d2db29ac-d049-4fd9-be24-87301e514c27,1633173107194,14.4423671,52.2226345,7.840777,0.13221529,-1.832196,-0.061045647,on bike mount,cyclo cross,True,asphalt,excellent
1f3b5e1e-ffc4-4941-b268-04416bbafb19,90e2de19-fad7-4996-96a9-66291910e9c4,aff70bd1-dc40-453d-be77-48fc8875bfbc,1633173107244,14.4423671,52.2226345,7.840777,1.1194974,-0.37841964,-0.4639616,on bike mount,cyclo cross,True,asphalt,excellent
1f3b5e1e-ffc4-4941-b268-04416bbafb19,90e2de19-fad7-4996-96a9-66291910e9c4,70d092c6-ed78-496f-8bd4-a05beb7fc5ff,1633173107294,14.4423671,52.2226345,7.840777,0.26861453,0.25489902,1.1989698,on bike mount,cyclo cross,True,asphalt,excellent
1f3b5e1e-ffc4-4941-b268-04416bbafb19,90e2de19-fad7-4996-96a9-66291910e9c4,5a77ebb9-9218-4f07-9359-3910100b31ca,1633173107344,14.4423671,52.2226345,7.840777,0.4269795,-0.9826868,1.2314568,on bike mount,cyclo cross,True,asphalt,excellent
1f3b5e1e-ffc4-4941-b268-04416bbafb19,90e2de19-fad7-4996-96a9-66291910e9c4,defe0b60-083d-4e88-b791-3432439488ce,1633173107395,14.4423671,52.2226345,7.840777,0.4742255,0.29001212,0.3833418,on bike mount,cyclo cross,True,asphalt,excellent
1f3b5e1e-ffc4-4941-b268-04416bbafb19,90e2de19-fad7-4996-96a9-66291910e9c4,dd5420a4-9d55-4afe-a26b-84e0b354e745,1633173107461,14.4423671,52.2226345,7.840777,-0.20612517,-0.82222307,0.86476326,on bike mount,cyclo cross,True,asphalt,excellent
1f3b5e1e-ffc4-4941-b268-04416bbafb19,90e2de19-fad7-4996-96a9-66291910e9c4,97e3ed75-9bbc-4144-aeeb-1a23dbcc59c6,1633173107511,14.4423671,52.2226345,7.840777,0.47208408,-0.047952175,0.81082726,on bike mount,cyclo cross,True,asphalt,excellent
1f3b5e1e-ffc4-4941-b268-04416bbafb19,90e2de19-fad7-4996-96a9-66291910e9c4,15c1d6b6-f4c0-4bf3-bad6-d17c81508340,1633173107562,14.4423671,52.2226345,7.840777,0.8590216,0.5855131,-0.9470949,on bike mount,cyclo cross,True,asphalt,excellent
1f3b5e1e-ffc4-4941-b268-04416bbafb19,90e2de19-fad7-4996-96a9-66291910e9c4,086ffcec-ee8a-4a36-8a24-85ec6d935cac,1633173107612,14.4423671,52.2226345,7.840777,-0.1460473,-0.8267009,2.8547554,on bike mount,cyclo cross,True,asphalt,excellent
1f3b5e1e-ffc4-4941-b268-04416bbafb19,90e2de19-fad7-4996-96a9-66291910e9c4,bffb1522-f4d5-48a5-abef-3628397a8fa6,1633173107662,14.4423671,52.2226345,7.840777,-0.40385926,-0.43474412,-2.6312308,on bike mount,cyclo cross,True,asphalt,excellent
1f3b5e1e-ffc4-4941-b268-04416bbafb19,90e2de19-fad7-4996-96a9-66291910e9c4,e1ef8f29-9ae0-4531-be29-0adca9244574,1633173107713,14.4423671,52.2226345,7.840777,-0.28060398,-1.4760523,1.634203,on bike mount,cyclo cross,True,asphalt,excellent
1f3b5e1e-ffc4-4941-b268-04416bbafb19,90e2de19-fad7-4996-96a9-66291910e9c4,c91d6b68-d45d-43e1-b8cb-60330c15e4aa,1633173107780,14.4423671,52.2226345,7.840777,0.02084386,-0.17980981,0.44968128,on bike mount,cyclo cross,True,asphalt,excellent
1f3b5e1e-ffc4-4941-b268-04416bbafb19,90e2de19-fad7-4996-96a9-66291910e9c4,717978de-6af3-44ed-8f8c-71856ea88586,1633173107846,14.4423671,52.2226345,7.840777,-0.5265558,-2.69161,1.418663,on bike mount,cyclo cross,True,asphalt,excellent
1f3b5e1e-ffc4-4941-b268-04416bbafb19,90e2de19-fad7-4996-96a9-66291910e9c4,581fafa1-7f5c-4742-ae69-de4b333bc25e,1633173107896,14.4423671,52.2226345,7.840777,0.7519011,0.6538222,-0.33616447,on bike mount,cyclo cross,True,asphalt,excellent
1f3b5e1e-ffc4-4941-b268-04416bbafb19,90e2de19-fad7-4996-96a9-66291910e9c4,78cc90fd-94dd-4e49-9eb0-f0de49a25d65,1633173107948,14.4423671,52.2226345,7.840777,-0.25461188,-0.7988235,-1.8561091,on bike mount,cyclo cross,True,asphalt,excellent
1f3b5e1e-ffc4-4941-b268-04416bbafb19,90e2de19-fad7-4996-96a9-66291910e9c4,4e3f273e-3087-4f62-8501-dc54d0a1b2eb,1633173108011,14.4424306,52.2225859,6.02557,0.33985344,0.03760481,-0.31728745,on bike mount,cyclo cross,True,asphalt,excellent
1f3b5e1e-ffc4-4941-b268-04416bbafb19,90e2de19-fad7-4996-96a9-66291910e9c4,93656e25-0e16-4e7e-8947-2ffbe671471c,1633173108063,14.4424306,52.2225859,6.02557,-0.0045087934,-0.74811685,-0.25296974,on bike mount,cyclo cross,True,asphalt,excellent
1f3b5e1e-ffc4-4941-b268-04416bbafb19,90e2de19-fad7-4996-96a9-66291910e9c4,e6a7814e-c39d-45c0-afe2-b2460855a1de,1633173108130,14.4424306,52.2225859,6.02557,-0.53105557,-1.6247321,-0.8271208,on bike mount,cyclo cross,True,asphalt,excellent
1f3b5e1e-ffc4-4941-b268-04416bbafb19,90e2de19-fad7-4996-96a9-66291910e9c4,762a95aa-8b67-4440-b0a0-9c6e57137636,1633173108180,14.4424306,52.2225859,6.02557,0.23388812,1.4704783,-1.2969289,on bike mount,cyclo cross,True,asphalt,excellent
1f3b5e1e-ffc4-4941-b268-04416bbafb19,90e2de19-fad7-4996-96a9-66291910e9c4,0f2e8f70-b885-4c23-b98a-a8d3d78516cd,1633173108247,14.4424306,52.2225859,6.02557,0.12626301,-1.2757851,-0.2736168,on bike mount,cyclo cross,True,asphalt,excellent
1f3b5e1e-ffc4-4941-b268-04416bbafb19,90e2de19-fad7-4996-96a9-66291910e9c4,286a77d0-5263-46df-a3a6-98fcbefc9c2e,1633173108298,14.4424306,52.2225859,6.02557,0.35793674,0.8576331,-1.3357024,on bike mount,cyclo cross,True,asphalt,excellent
1f3b5e1e-ffc4-4941-b268-04416bbafb19,90e2de19-fad7-4996-96a9-66291910e9c4,627a9b07-6851-4dda-958e-d06bfabd13a6,1633173108363,14.4424306,52.2225859,6.02557,-1.0156548,1.2694151,0.64181995,on bike mount,cyclo cross,True,asphalt,excellent
1f3b5e1e-ffc4-4941-b268-04416bbafb19,90e2de19-fad7-4996-96a9-66291910e9c4,51bf3274-d6a0-43ce-98e4-b18df09a238f,1633173108413,14.4424306,52.2225859,6.02557,-0.7258822,-0.4818108,-0.25903606,on bike mount,cyclo cross,True,asphalt,excellent
1f3b5e1e-ffc4-4941-b268-04416bbafb19,90e2de19-fad7-4996-96a9-66291910e9c4,44f4558e-3488-4647-85cf-635a61c37d4c,1633173108464,14.4424306,52.2225859,6.02557,0.79681695,0.25923347,1.111208,on bike mount,cyclo cross,True,asphalt,excellent
1f3b5e1e-ffc4-4941-b268-04416bbafb19,90e2de19-fad7-4996-96a9-66291910e9c4,318c8949-7994-490f-9b2b-5f8a5ec7b264,1633173108515,14.4424306,52.2225859,6.02557,3.7680883,0.31399393,4.420472,on bike mount,cyclo cross,True,asphalt,excellent
1f3b5e1e-ffc4-4941-b268-04416bbafb19,90e2de19-fad7-4996-96a9-66291910e9c4,eb9f9a83-0497-4755-b3d5-1d9ecdba670a,1633173108564,14.4424306,52.2225859,6.02557,-4.606966,3.4390583,3.5168552,on bike mount,cyclo cross,True,asphalt,excellent
1f3b5e1e-ffc4-4941-b268-04416bbafb19,90e2de19-fad7-4996-96a9-66291910e9c4,a16b6f2f-1389-4016-b3bc-b95e3af1d2c3,1633173108615,14.4424306,52.2225859,6.02557,3.5107436,0.024178028,1.7637491,on bike mount,cyclo cross,True,asphalt,excellent
1f3b5e1e-ffc4-4941-b268-04416bbafb19,90e2de19-fad7-4996-96a9-66291910e9c4,e065f375-578d-4012-ad49-dd96669f3e94,1633173108665,14.4424306,52.2225859,6.02557,4.012513,0.19404197,1.2303944,on bike mount,cyclo cross,True,asphalt,excellent
1f3b5e1e-ffc4-4941-b268-04416bbafb19,90e2de19-fad7-4996-96a9-66291910e9c4,cd516cb0-f678-43a7-9b5b-d14cec5604b8,1633173108731,14.4424306,52.2225859,6.02557,-2.8170242,16.882286,2.0195475,on bike mount,cyclo cross,True,asphalt,excellent
1f3b5e1e-ffc4-4941-b268-04416bbafb19,90e2de19-fad7-4996-96a9-66291910e9c4,15d1a89c-f31f-44f6-a7fd-0230f39ab6c6,1633173108781,14.4424306,52.2225859,6.02557,7.545142,-1.345844,-1.4185433,on bike mount,cyclo cross,True,asphalt,excellent
1f3b5e1e-ffc4-4941-b268-04416bbafb19,90e2de19-fad7-4996-96a9-66291910e9c4,4af2d4c2-c3f8-4dac-ac72-e516588188d9,1633173108831,14.4424306,52.2225859,6.02557,-4.2927155,1.0441103,0.4993019,on bike mount,cyclo cross,True,asphalt,excellent
1f3b5e1e-ffc4-4941-b268-04416bbafb19,90e2de19-fad7-4996-96a9-66291910e9c4,1ddc256d-c43c-4e61-b276-99dcea761605,1633173108882,14.4424306,52.2225859,6.02557,0.42850047,-0.97097826,-0.28182507,on bike mount,cyclo cross,True,asphalt,excellent
1f3b5e1e-ffc4-4941-b268-04416bbafb19,90e2de19-fad7-4996-96a9-66291910e9c4,a48fe376-f5cd-4d38-b893-65e7e31e7f1c,1633173108933,14.4424306,52.2225859,6.02557,3.9987679,-0.39587116,0.19113731,on bike mount,cyclo cross,True,asphalt,excellent
1f3b5e1e-ffc4-4941-b268-04416bbafb19,90e2de19-fad7-4996-96a9-66291910e9c4,8fcac70c-4102-4f16-beb7-1fcf0877e36f,1633173108997,14.4424781,52.2225464,5.102558,-4.5243616,0.9144418,0.04449749,on bike mount,cyclo cross,True,asphalt,excellent
1f3b5e1e-ffc4-4941-b268-04416bbafb19,90e2de19-fad7-4996-96a9-66291910e9c4,cefa5e47-32a1-48c5-9723-943e4f415840,1633173109047,14.4424781,52.2225464,5.102558,0.24111527,-0.9933791,0.29988098,on bike mount,cyclo cross,True,asphalt,excellent
1f3b5e1e-ffc4-4941-b268-04416bbafb19,90e2de19-fad7-4996-96a9-66291910e9c4,f6865625-7c94-47c8-8b6d-c9910f41622d,1633173109098,14.4424781,52.2225464,5.102558,1.999809,0.9397142,-0.7390728,on bike mount,cyclo cross,True,asphalt,excellent
1f3b5e1e-ffc4-4941-b268-04416bbafb19,90e2de19-fad7-4996-96a9-66291910e9c4,8845c018-bf32-45ec-b9d7-9f5b5ace373e,1633173109148,14.4424781,52.2225464,5.102558,0.57649267,-0.6123283,-0.04091549,on bike mount,cyclo cross,True,asphalt,excellent
1f3b5e1e-ffc4-4941-b268-04416bbafb19,90e2de19-fad7-4996-96a9-66291910e9c4,4e3e5423-b394-4a9c-b5da-462ac7bb43b8,1633173109199,14.4424781,52.2225464,5.102558,-3.786382,-1.234318,0.118284225,on bike mount,cyclo cross,True,asphalt,excellent
1f3b5e1e-ffc4-4941-b268-04416bbafb19,90e2de19-fad7-4996-96a9-66291910e9c4,be1a7c08-d93f-48eb-90d3-b702c4b87c09,1633173109250,14.4424781,52.2225464,5.102558,-0.46855104,0.9709363,-0.041288376,on bike mount,cyclo cross,True,asphalt,excellent
1f3b5e1e-ffc4-4941-b268-04416bbafb19,90e2de19-fad7-4996-96a9-66291910e9c4,3024f487-5621-4660-a9e1-4623ec14743f,1633173109315,14.4424781,52.2225464,5.102558,0.47865766,0.07436752,-1.9867744,on bike mount,cyclo cross,True,asphalt,excellent
1f3b5e1e-ffc4-4941-b268-04416bbafb19,90e2de19-fad7-4996-96a9-66291910e9c4,aadcaf22-fe55-4fc5-b91c-dd37739db79d,1633173109365,14.4424781,52.2225464,5.102558,-0.46189323,1.0422978,0.23943138,on bike mount,cyclo cross,True,asphalt,excellent
1f3b5e1e-ffc4-4941-b268-04416bbafb19,90e2de19-fad7-4996-96a9-66291910e9c4,d2a5e1b2-6955-4536-a0b9-92a57c92ea62,1633173109415,14.4424781,52.2225464,5.102558,-2.6393297,1.201632,0.60883236,on bike mount,cyclo cross,True,asphalt,excellent
1f3b5e1e-ffc4-4941-b268-04416bbafb19,90e2de19-fad7-4996-96a9-66291910e9c4,a1bb0f03-783f-4075-a989-8e190384467d,1633173109466,14.4424781,52.2225464,5.102558,0.4465704,2.9145863,-1.5348749,on bike mount,cyclo cross,True,asphalt,excellent
1f3b5e1e-ffc4-4941-b268-04416bbafb19,90e2de19-fad7-4996-96a9-66291910e9c4,9384d0de-22a8-4fdd-b933-83140d75ade1,1633173109533,14.4424781,52.2225464,5.102558,0.49699992,-0.8396833,-2.1400766,on bike mount,cyclo cross,True,asphalt,excellent
1f3b5e1e-ffc4-4941-b268-04416bbafb19,90e2de19-fad7-4996-96a9-66291910e9c4,12c87473-ebe4-4da9-ae2d-721c31b6a166,1633173109582,14.4424781,52.2225464,5.102558,-0.18669395,1.0893769,-0.48051834,on bike mount,cyclo cross,True,asphalt,excellent
1f3b5e1e-ffc4-4941-b268-04416bbafb19,90e2de19-fad7-4996-96a9-66291910e9c4,b4baa334-8248-48ab-813b-ec83313863d9,1633173109633,14.4424781,52.2225464,5.102558,-0.44300836,-0.9134089,0.12715054,on bike mount,cyclo cross,True,asphalt,excellent
1f3b5e1e-ffc4-4941-b268-04416bbafb19,90e2de19-fad7-4996-96a9-66291910e9c4,84cf62c2-b9a2-4471-8cc9-2dc5142b8f7b,1633173109698,14.4424781,52.2225464,5.102558,-0.67022496,0.67559075,-1.362205,on bike mount,cyclo cross,True,asphalt,excellent
1f3b5e1e-ffc4-4941-b268-04416bbafb19,90e2de19-fad7-4996-96a9-66291910e9c4,9fc315eb-8b2c-4894-9574-17f252400d96,1633173109748,14.4424781,52.2225464,5.102558,0.6132414,0.2321105,-0.2168665,on bike mount,cyclo cross,True,asphalt,excellent
1f3b5e1e-ffc4-4941-b268-04416bbafb19,90e2de19-fad7-4996-96a9-66291910e9c4,e3e63e18-20e8-4669-999f-a2cff639e3bd,1633173109800,14.4424781,52.2225464,5.102558,-0.66243815,3.151097,-1.6267424,on bike mount,cyclo cross,True,asphalt,excellent
1f3b5e1e-ffc4-4941-b268-04416bbafb19,90e2de19-fad7-4996-96a9-66291910e9c4,743a6a93-73c5-4518-bd35-28cdf5963754,1633173109850,14.4424781,52.2225464,5.102558,3.0847993,2.0930285,2.13025,on bike mount,cyclo cross,True,asphalt,excellent
1f3b5e1e-ffc4-4941-b268-04416bbafb19,90e2de19-fad7-4996-96a9-66291910e9c4,c715c854-77f9-46b1-8eb4-b9a35874b768,1633173109915,14.4424781,52.2225464,5.102558,2.3780189,2.1537237,-0.457407,on bike mount,cyclo cross,True,asphalt,excellent
1f3b5e1e-ffc4-4941-b268-04416bbafb19,90e2de19-fad7-4996-96a9-66291910e9c4,7c6247df-d3fd-40fb-845c-a7e1cd5e5e64,1633173109967,14.442518,52.2225135,5.2745314,2.5817206,-0.5649178,1.5961952,on bike mount,cyclo cross,True,asphalt,excellent
1f3b5e1e-ffc4-4941-b268-04416bbafb19,90e2de19-fad7-4996-96a9-66291910e9c4,6a83759c-f78b-4b92-b7de-521d24b25d51,1633173110017,14.442518,52.2225135,5.2745314,4.3340583,2.30365,0.5157299,on bike mount,cyclo cross,True,asphalt,excellent
1f3b5e1e-ffc4-4941-b268-04416bbafb19,90e2de19-fad7-4996-96a9-66291910e9c4,4ba57d3e-35ea-4fa7-b675-e5cb71284454,1633173110067,14.442518,52.2225135,5.2745314,2.5482366,0.8307617,-0.1806364,on bike mount,cyclo cross,True,asphalt,excellent
1f3b5e1e-ffc4-4941-b268-04416bbafb19,90e2de19-fad7-4996-96a9-66291910e9c4,96cf740c-7846-411f-b8cf-97725124113f,1633173110117,14.442518,52.2225135,5.2745314,-0.25221133,0.57122374,0.8988743,on bike mount,cyclo cross,True,asphalt,excellent
1f3b5e1e-ffc4-4941-b268-04416bbafb19,90e2de19-fad7-4996-96a9-66291910e9c4,30e1d823-a539-4996-b8ef-772c507adbea,1633173110167,14.442518,52.2225135,5.2745314,1.4244158,1.2100654,-0.2707548,on bike mount,cyclo cross,True,asphalt,excellent
1f3b5e1e-ffc4-4941-b268-04416bbafb19,90e2de19-fad7-4996-96a9-66291910e9c4,175b5048-745c-4edb-a185-4374e383b4db,1633173110216,14.442518,52.2225135,5.2745314,0.60520244,2.4079993,0.3555088,on bike mount,cyclo cross,True,asphalt,excellent
1f3b5e1e-ffc4-4941-b268-04416bbafb19,90e2de19-fad7-4996-96a9-66291910e9c4,d81d0c62-a472-4e0e-a46a-90dd151c8883,1633173110266,14.442518,52.2225135,5.2745314,-1.1426563,0.7910917,0.21195412,on bike mount,cyclo cross,True,asphalt,excellent
1f3b5e1e-ffc4-4941-b268-04416bbafb19,90e2de19-fad7-4996-96a9-66291910e9c4,4821540e-f6bb-4490-a67b-00d2eca8ea1e,1633173110317,14.442518,52.2225135,5.2745314,-1.7281797,1.3183801,-2.334406,on bike mount,cyclo cross,True,asphalt,excellent
1f3b5e1e-ffc4-4941-b268-04416bbafb19,90e2de19-fad7-4996-96a9-66291910e9c4,bd771877-a9f3-42c0-8e5b-86f3660dc765,1633173110367,14.442518,52.2225135,5.2745314,-0.4104113,-1.12604,-0.6698847,on bike mount,cyclo cross,True,asphalt,excellent
1f3b5e1e-ffc4-4941-b268-04416bbafb19,90e2de19-fad7-4996-96a9-66291910e9c4,5878142f-d3d0-4313-b8b1-706f10cdeccc,1633173110433,14.442518,52.2225135,5.2745314,0.0950008,-0.46737647,1.8733244,on bike mount,cyclo cross,True,asphalt,excellent
1f3b5e1e-ffc4-4941-b268-04416bbafb19,90e2de19-fad7-4996-96a9-66291910e9c4,2aec35ad-c195-448d-b88e-58e85687fac9,1633173110484,14.442518,52.2225135,5.2745314,-0.122697294,0.26965547,-0.6222906,on bike mount,cyclo cross,True,asphalt,excellent
1f3b5e1e-ffc4-4941-b268-04416bbafb19,90e2de19-fad7-4996-96a9-66291910e9c4,c8ce0506-7202-485e-a6db-61b6826554d0,1633173110534,14.442518,52.2225135,5.2745314,-0.69511837,-1.1415896,1.4957924,on bike mount,cyclo cross,True,asphalt,excellent
1f3b5e1e-ffc4-4941-b268-04416bbafb19,90e2de19-fad7-4996-96a9-66291910e9c4,ee4175a7-2c8c-48fd-852f-75a73aee6f11,1633173110585,14.442518,52.2225135,5.2745314,-0.67822546,0.20696235,1.7964687,on bike mount,cyclo cross,True,asphalt,excellent
1f3b5e1e-ffc4-4941-b268-04416bbafb19,90e2de19-fad7-4996-96a9-66291910e9c4,cc56da4a-98c1-4a81-b447-39414f45f462,1633173110635,14.442518,52.2225135,5.2745314,-0.98968685,-0.5748372,-0.74123955,on bike mount,cyclo cross,True,asphalt,excellent
1f3b5e1e-ffc4-4941-b268-04416bbafb19,90e2de19-fad7-4996-96a9-66291910e9c4,b4d54e6b-ca2d-4af1-b6e0-59995cf0d987,1633173110701,14.442518,52.2225135,5.2745314,-1.4272006,-0.5659201,0.24543571,on bike mount,cyclo cross,True,asphalt,excellent
1f3b5e1e-ffc4-4941-b268-04416bbafb19,90e2de19-fad7-4996-96a9-66291910e9c4,2caa0005-a2c8-4dc4-9ca1-29034c0581e6,1633173110752,14.442518,52.2225135,5.2745314,-1.3057234,0.22048783,0.58243847,on bike mount,cyclo cross,True,asphalt,excellent
1f3b5e1e-ffc4-4941-b268-04416bbafb19,90e2de19-fad7-4996-96a9-66291910e9c4,3cbc6323-a328-482a-8945-0456e8720222,1633173110802,14.442518,52.2225135,5.2745314,0.05581081,-0.23939419,-0.68209743,on bike mount,cyclo cross,True,asphalt,excellent
1f3b5e1e-ffc4-4941-b268-04416bbafb19,90e2de19-fad7-4996-96a9-66291910e9c4,48ac76c3-e6a6-4514-9b53-6d81ddc1180a,1633173110868,14.442518,52.2225135,5.2745314,-1.1586913,-0.07926226,0.051617622,on bike mount,cyclo cross,True,asphalt,excellent
1f3b5e1e-ffc4-4941-b268-04416bbafb19,90e2de19-fad7-4996-96a9-66291910e9c4,f0f526c1-fa52-438e-8fb3-2222b1c0c7bf,1633173110918,14.442518,52.2225135,5.2745314,-1.1437168,-0.008874416,-0.5941925,on bike mount,cyclo cross,True,asphalt,excellent
1f3b5e1e-ffc4-4941-b268-04416bbafb19,90e2de19-fad7-4996-96a9-66291910e9c4,379c5a9a-adc6-4fd5-80a7-39a6bce42dce,1633173110969,14.4425582,52.2224738,5.5429945,2.23694,-1.5147203,-0.13291073,on bike mount,cyclo cross,True,asphalt,excellent
1f3b5e1e-ffc4-4941-b268-04416bbafb19,90e2de19-fad7-4996-96a9-66291910e9c4,94d11b97-b6cd-4fb1-8369-5b4be6a123c4,1633173111019,14.4425582,52.2224738,5.5429945,-0.991272,-0.714386,-0.566885,on bike mount,cyclo cross,True,asphalt,excellent
1f3b5e1e-ffc4-4941-b268-04416bbafb19,90e2de19-fad7-4996-96a9-66291910e9c4,b9a9406c-92c9-4c07-afb6-1697032f8c06,1633173111069,14.4425582,52.2224738,5.5429945,-0.9099752,1.8138347,-0.015208244,on bike mount,cyclo cross,True,asphalt,excellent
1f3b5e1e-ffc4-4941-b268-04416bbafb19,90e2de19-fad7-4996-96a9-66291910e9c4,0b8eddf7-310a-40b1-95a9-e6a760ecd2d5,1633173111135,14.4425582,52.2224738,5.5429945,0.585958,-1.0150155,-0.273633,on bike mount,cyclo cross,True,asphalt,excellent
1f3b5e1e-ffc4-4941-b268-04416bbafb19,90e2de19-fad7-4996-96a9-66291910e9c4,e0cfb5ce-fc25-40ba-8383-39bc1696c197,1633173111185,14.4425582,52.2224738,5.5429945,1.6539532,4.3636484,-1.1414037,on bike mount,cyclo cross,True,asphalt,excellent
1f3b5e1e-ffc4-4941-b268-04416bbafb19,90e2de19-fad7-4996-96a9-66291910e9c4,23160287-bbbe-4c4b-a7f2-91be1621997a,1633173111235,14.4425582,52.2224738,5.5429945,-0.2474223,1.5197678,-0.341568,on bike mount,cyclo cross,True,asphalt,excellent
1f3b5e1e-ffc4-4941-b268-04416bbafb19,90e2de19-fad7-4996-96a9-66291910e9c4,7012d38b-7815-4e07-822f-0cac192468e8,1633173111286,14.4425582,52.2224738,5.5429945,-1.8457308,-1.0001863,1.3039904,on bike mount,cyclo cross,True,asphalt,excellent
1f3b5e1e-ffc4-4941-b268-04416bbafb19,90e2de19-fad7-4996-96a9-66291910e9c4,6844ee2e-c417-4ac1-8d03-0affa109a637,1633173111337,14.4425582,52.2224738,5.5429945,0.83903617,0.2697904,-0.66946507,on bike mount,cyclo cross,True,asphalt,excellent
1f3b5e1e-ffc4-4941-b268-04416bbafb19,90e2de19-fad7-4996-96a9-66291910e9c4,94103b25-2e55-4971-8f7c-7700774a1856,1633173111387,14.4425582,52.2224738,5.5429945,-0.3871314,0.38914037,0.72200394,on bike mount,cyclo cross,True,asphalt,excellent
1f3b5e1e-ffc4-4941-b268-04416bbafb19,90e2de19-fad7-4996-96a9-66291910e9c4,5fb121d9-9078-4dea-b8b2-924cefdc9f67,1633173111437,14.4425582,52.2224738,5.5429945,0.37711293,-0.25445104,0.10281372,on bike mount,cyclo cross,True,asphalt,excellent
1f3b5e1e-ffc4-4941-b268-04416bbafb19,90e2de19-fad7-4996-96a9-66291910e9c4,8f785e5c-e092-4b82-ada1-52b7cd5037f8,1633173111503,14.4425582,52.2224738,5.5429945,-0.66520536,0.4074211,-0.439188,on bike mount,cyclo cross,True,asphalt,excellent
1f3b5e1e-ffc4-4941-b268-04416bbafb19,90e2de19-fad7-4996-96a9-66291910e9c4,1fb8926b-289e-449e-b1f0-1672d039a16b,1633173111553,14.4425582,52.2224738,5.5429945,-0.34133655,-0.58803546,0.52317524,on bike mount,cyclo cross,True,asphalt,excellent
1f3b5e1e-ffc4-4941-b268-04416bbafb19,90e2de19-fad7-4996-96a9-66291910e9c4,20772ea2-b13f-4fb9-8480-7cf99999d1be,1633173111604,14.4425582,52.2224738,5.5429945,-0.23557788,0.7082772,-0.07157898,on bike mount,cyclo cross,True,asphalt,excellent
1f3b5e1e-ffc4-4941-b268-04416bbafb19,90e2de19-fad7-4996-96a9-66291910e9c4,54269317-7080-4210-b020-fb62ac4df363,1633173111669,14.4425582,52.2224738,5.5429945,-1.3190106,0.70064235,-0.750617,on bike mount,cyclo cross,True,asphalt,excellent
1f3b5e1e-ffc4-4941-b268-04416bbafb19,90e2de19-fad7-4996-96a9-66291910e9c4,baabf536-fbf8-4428-b2c8-f5d92557f213,1633173111720,14.4425582,52.2224738,5.5429945,0.09961298,0.6270635,0.16377449,on bike mount,cyclo cross,True,asphalt,excellent
1f3b5e1e-ffc4-4941-b268-04416bbafb19,90e2de19-fad7-4996-96a9-66291910e9c4,3c0b5294-8653-4253-a3de-03503d077f03,1633173111770,14.4425582,52.2224738,5.5429945,0.016379088,1.1833286,-0.21522903,on bike mount,cyclo cross,True,asphalt,excellent
1f3b5e1e-ffc4-4941-b268-04416bbafb19,90e2de19-fad7-4996-96a9-66291910e9c4,28617749-3541-4a15-ae00-64189b18198e,1633173111837,14.4425582,52.2224738,5.5429945,-0.48634034,0.8603318,-2.0435724,on bike mount,cyclo cross,True,asphalt,excellent
1f3b5e1e-ffc4-4941-b268-04416bbafb19,90e2de19-fad7-4996-96a9-66291910e9c4,c3581ff1-c04b-4889-b671-bae8d643aa5b,1633173111887,14.4425582,52.2224738,5.5429945,-0.42898673,-0.09375548,2.0546694,on bike mount,cyclo cross,True,asphalt,excellent
