bike_activity_uid,bike_activity_sample_uid,bike_activity_measurement,bike_activity_measurement_timestamp,bike_activity_measurement_lon,bike_activity_measurement_lat,bike_activity_measurement_speed,bike_activity_measurement_accelerometer_x,bike_activity_measurement_accelerometer_y,bike_activity_measurement_accelerometer_z,bike_activity_phone_position,bike_activity_bike_type,bike_activity_flagged_lab_conditions,bike_activity_surface_type,bike_activity_smoothness_type
2dd9a840-144f-4743-a408-20c9b4ef01da,909d74b9-a7e4-4f1f-b638-c9043ce1ac98,1313d517-7200-4f84-8b2e-f83c9e667575,1633163105520,13.9754355,52.3780173,5.1172147,-0.50072,-3.060925,0.8582287,on bike mount,cyclo cross,False,asphalt,good
2dd9a840-144f-4743-a408-20c9b4ef01da,909d74b9-a7e4-4f1f-b638-c9043ce1ac98,06ff4a3c-d12a-4026-ab98-0592a42959d2,1633163105571,13.9754355,52.3780173,5.1172147,-0.04977721,1.9577353,1.6380205,on bike mount,cyclo cross,False,asphalt,good
2dd9a840-144f-4743-a408-20c9b4ef01da,909d74b9-a7e4-4f1f-b638-c9043ce1ac98,247ea207-fe05-4daa-9bb9-a38b22065eca,1633163105621,13.9754355,52.3780173,5.1172147,-0.2195831,-2.4274564,0.700449,on bike mount,cyclo cross,False,asphalt,good
2dd9a840-144f-4743-a408-20c9b4ef01da,909d74b9-a7e4-4f1f-b638-c9043ce1ac98,c30010d8-15fc-400f-be36-a2695628fa96,1633163105688,13.9755107,52.3779974,5.1483912,1.0196685,-0.21346092,-0.3896513,on bike mount,cyclo cross,False,asphalt,good
2dd9a840-144f-4743-a408-20c9b4ef01da,909d74b9-a7e4-4f1f-b638-c9043ce1ac98,0c21a381-cb45-4592-a370-d99e4359a50b,1633163105755,13.9755107,52.3779974,5.1483912,-0.8853221,3.129231,-0.6362333,on bike mount,cyclo cross,False,asphalt,good
2dd9a840-144f-4743-a408-20c9b4ef01da,909d74b9-a7e4-4f1f-b638-c9043ce1ac98,1f67e1db-75fd-421d-9256-71bdc030ce5e,1633163105821,13.9755107,52.3779974,5.1483912,-0.30072308,1.4205823,-1.7149038,on bike mount,cyclo cross,False,asphalt,good
2dd9a840-144f-4743-a408-20c9b4ef01da,909d74b9-a7e4-4f1f-b638-c9043ce1ac98,44bc1e17-1f65-452f-9ffc-b5e24704c359,1633163105888,13.9755107,52.3779974,5.1483912,-1.7018461,-2.152614,2.9698648,on bike mount,cyclo cross,False,asphalt,good
2dd9a840-144f-4743-a408-20c9b4ef01da,909d74b9-a7e4-4f1f-b638-c9043ce1ac98,a5e3e195-59ee-4b76-a03a-ffa3710f1d83,1633163105955,13.9755107,52.3779974,5.1483912,1.4404149,0.6173527,1.6049547,on bike mount,cyclo cross,False,asphalt,good
2dd9a840-144f-4743-a408-20c9b4ef01da,909d74b9-a7e4-4f1f-b638-c9043ce1ac98,79d46b77-499c-49b5-9e50-9d5fc01764c9,1633163106022,13.9755107,52.3779974,5.1483912,-0.2366067,-0.32502675,2.9493113,on bike mount,cyclo cross,False,asphalt,good
2dd9a840-144f-4743-a408-20c9b4ef01da,909d74b9-a7e4-4f1f-b638-c9043ce1ac98,473afb98-0413-4658-801c-ef1e8bb84245,1633163106088,13.9755107,52.3779974,5.1483912,0.039713357,1.8663104,1.6507788,on bike mount,cyclo cross,False,asphalt,good
2dd9a840-144f-4743-a408-20c9b4ef01da,909d74b9-a7e4-4f1f-b638-c9043ce1ac98,82ee9cb2-a6e3-48f6-b0f3-31d4a4593eae,1633163106139,13.9755107,52.3779974,5.1483912,0.306684,2.419179,-1.5981874,on bike mount,cyclo cross,False,asphalt,good
2dd9a840-144f-4743-a408-20c9b4ef01da,909d74b9-a7e4-4f1f-b638-c9043ce1ac98,b22aeb18-5d92-466d-84ad-a2d53a9b91e8,1633163106188,13.9755107,52.3779974,5.1483912,0.14708044,-2.0993478,-0.4755764,on bike mount,cyclo cross,False,asphalt,good
2dd9a840-144f-4743-a408-20c9b4ef01da,909d74b9-a7e4-4f1f-b638-c9043ce1ac98,fc11c9c9-61d7-4cf4-8f4a-d5f5aa834c5d,1633163106239,13.9755107,52.3779974,5.1483912,1.340422,-1.4299533,3.7256823,on bike mount,cyclo cross,False,asphalt,good
2dd9a840-144f-4743-a408-20c9b4ef01da,909d74b9-a7e4-4f1f-b638-c9043ce1ac98,05321fa2-6a6d-48e6-9efa-f4389ee35ffe,1633163106306,13.9755107,52.3779974,5.1483912,1.4398379,1.8437893,1.2913857,on bike mount,cyclo cross,False,asphalt,good
2dd9a840-144f-4743-a408-20c9b4ef01da,909d74b9-a7e4-4f1f-b638-c9043ce1ac98,7647d909-7d02-453d-b433-d39e85a54978,1633163106356,13.9755107,52.3779974,5.1483912,2.252492,-1.0180069,0.41833687,on bike mount,cyclo cross,False,asphalt,good
2dd9a840-144f-4743-a408-20c9b4ef01da,909d74b9-a7e4-4f1f-b638-c9043ce1ac98,08b47b17-ba23-413b-8149-1ac70aa1d2e8,1633163106422,13.9755107,52.3779974,5.1483912,-1.3900707,-1.4871701,-2.3121562,on bike mount,cyclo cross,False,asphalt,good
2dd9a840-144f-4743-a408-20c9b4ef01da,909d74b9-a7e4-4f1f-b638-c9043ce1ac98,bd774659-33e3-496a-8bed-cbd58f4b1b96,1633163106473,13.9755107,52.3779974,5.1483912,-0.85041094,1.1987619,-1.9017386,on bike mount,cyclo cross,False,asphalt,good
2dd9a840-144f-4743-a408-20c9b4ef01da,909d74b9-a7e4-4f1f-b638-c9043ce1ac98,7168efd4-f107-410c-8744-a3549e569fb0,1633163106540,13.9755107,52.3779974,5.1483912,0.12534173,-1.10051,-0.688035,on bike mount,cyclo cross,False,asphalt,good
2dd9a840-144f-4743-a408-20c9b4ef01da,909d74b9-a7e4-4f1f-b638-c9043ce1ac98,58a3aec9-cf56-49ad-9a68-929e5957ae98,1633163106606,13.9755107,52.3779974,5.1483912,-1.2134522,4.799447,2.7167902,on bike mount,cyclo cross,False,asphalt,good
2dd9a840-144f-4743-a408-20c9b4ef01da,909d74b9-a7e4-4f1f-b638-c9043ce1ac98,e5e39261-1cac-40e9-a33c-33442a5c2003,1633163106672,13.9755898,52.3779749,5.2362895,1.0082606,-2.2921622,4.3950214,on bike mount,cyclo cross,False,asphalt,good
2dd9a840-144f-4743-a408-20c9b4ef01da,4416f3a3-f30b-498e-832b-6b1e9ac3d7d7,d7c542a5-d395-4875-9448-c01229dc9d09,1633163101109,13.975104,52.3781104,4.42753,0.032668635,0.46598005,-1.7911205,on bike mount,cyclo cross,False,asphalt,good
2dd9a840-144f-4743-a408-20c9b4ef01da,4416f3a3-f30b-498e-832b-6b1e9ac3d7d7,c8e6492b-feb7-4d16-af24-00337d23454e,1633163101175,13.975104,52.3781104,4.42753,0.31776664,-0.7285402,-0.99561405,on bike mount,cyclo cross,False,asphalt,good
2dd9a840-144f-4743-a408-20c9b4ef01da,4416f3a3-f30b-498e-832b-6b1e9ac3d7d7,435ecec1-e886-4a37-a8a4-3a87189b1352,1633163101225,13.975104,52.3781104,4.42753,0.83233637,0.3292806,-2.8341398,on bike mount,cyclo cross,False,asphalt,good
2dd9a840-144f-4743-a408-20c9b4ef01da,4416f3a3-f30b-498e-832b-6b1e9ac3d7d7,48086f9d-a461-4c87-b3d9-c072a8d9cab8,1633163101276,13.975104,52.3781104,4.42753,-0.41081044,2.6427624,1.9950132,on bike mount,cyclo cross,False,asphalt,good
2dd9a840-144f-4743-a408-20c9b4ef01da,4416f3a3-f30b-498e-832b-6b1e9ac3d7d7,0f684f6a-6714-4899-bd23-888ed41bf088,1633163101342,13.975104,52.3781104,4.42753,-3.2803674,-5.3017464,0.58314896,on bike mount,cyclo cross,False,asphalt,good
2dd9a840-144f-4743-a408-20c9b4ef01da,4416f3a3-f30b-498e-832b-6b1e9ac3d7d7,5a92287a-b78f-4f5b-bfd3-08ebecfc8a92,1633163101393,13.975104,52.3781104,4.42753,1.2595067,1.4649582,-1.6069674,on bike mount,cyclo cross,False,asphalt,good
2dd9a840-144f-4743-a408-20c9b4ef01da,4416f3a3-f30b-498e-832b-6b1e9ac3d7d7,79a7eccc-2d9b-4e93-96c6-a37177ab4a5d,1633163101459,13.975104,52.3781104,4.42753,0.8715885,0.53285694,-1.6963634,on bike mount,cyclo cross,False,asphalt,good
2dd9a840-144f-4743-a408-20c9b4ef01da,4416f3a3-f30b-498e-832b-6b1e9ac3d7d7,a1a1cba5-f510-4f01-8306-9b5a29ca5232,1633163101510,13.975104,52.3781104,4.42753,0.9967978,4.933529,0.8854475,on bike mount,cyclo cross,False,asphalt,good
2dd9a840-144f-4743-a408-20c9b4ef01da,4416f3a3-f30b-498e-832b-6b1e9ac3d7d7,6919b88e-19eb-46db-a792-b29cb8a99568,1633163101576,13.975104,52.3781104,4.42753,-0.24783462,2.2270093,1.0300751,on bike mount,cyclo cross,False,asphalt,good
2dd9a840-144f-4743-a408-20c9b4ef01da,4416f3a3-f30b-498e-832b-6b1e9ac3d7d7,8fc72180-1429-452e-8523-27f2bf970751,1633163101631,13.975104,52.3781104,4.42753,0.7632533,-0.1344366,-0.3021965,on bike mount,cyclo cross,False,asphalt,good
2dd9a840-144f-4743-a408-20c9b4ef01da,4416f3a3-f30b-498e-832b-6b1e9ac3d7d7,71a0cf41-432e-4375-9a48-1e501b324942,1633163101693,13.9752046,52.378083,4.7284718,1.1217113,-1.4826264,-0.24902344,on bike mount,cyclo cross,False,asphalt,good
2dd9a840-144f-4743-a408-20c9b4ef01da,4416f3a3-f30b-498e-832b-6b1e9ac3d7d7,2669a705-4654-4060-bd0c-1a6ba585af0c,1633163101760,13.9752046,52.378083,4.7284718,-0.40915012,2.3401265,-3.5798707,on bike mount,cyclo cross,False,asphalt,good
2dd9a840-144f-4743-a408-20c9b4ef01da,4416f3a3-f30b-498e-832b-6b1e9ac3d7d7,f03d7aa9-5e0e-445f-93e6-c53934308692,1633163101827,13.9752046,52.378083,4.7284718,-0.8894554,-0.35116076,0.07762337,on bike mount,cyclo cross,False,asphalt,good
2dd9a840-144f-4743-a408-20c9b4ef01da,4416f3a3-f30b-498e-832b-6b1e9ac3d7d7,071ba0ee-d89d-45db-b817-866cc2fe6af3,1633163101877,13.9752046,52.378083,4.7284718,0.6495681,0.9082055,1.1721668,on bike mount,cyclo cross,False,asphalt,good
2dd9a840-144f-4743-a408-20c9b4ef01da,4416f3a3-f30b-498e-832b-6b1e9ac3d7d7,0488597f-9c0a-4ff5-9611-90a5e35e4e04,1633163101944,13.9752046,52.378083,4.7284718,0.053126603,1.8588533,0.4623785,on bike mount,cyclo cross,False,asphalt,good
2dd9a840-144f-4743-a408-20c9b4ef01da,4416f3a3-f30b-498e-832b-6b1e9ac3d7d7,91d4be87-cd47-4f47-ac8d-cc6e922788fb,1633163101994,13.9752046,52.378083,4.7284718,-0.16491976,-1.2918643,2.2322092,on bike mount,cyclo cross,False,asphalt,good
2dd9a840-144f-4743-a408-20c9b4ef01da,4416f3a3-f30b-498e-832b-6b1e9ac3d7d7,2028a4f6-a010-45bb-91ef-bbb9bd36e8b3,1633163102061,13.9752046,52.378083,4.7284718,-1.463593,-2.068067,-1.036828,on bike mount,cyclo cross,False,asphalt,good
2dd9a840-144f-4743-a408-20c9b4ef01da,4416f3a3-f30b-498e-832b-6b1e9ac3d7d7,56ba5a04-dc2b-4000-a0f9-fd0c63420b6c,1633163102111,13.9752046,52.378083,4.7284718,-0.08223948,-0.2763033,0.33257294,on bike mount,cyclo cross,False,asphalt,good
2dd9a840-144f-4743-a408-20c9b4ef01da,4416f3a3-f30b-498e-832b-6b1e9ac3d7d7,8a8d752f-e569-4388-8101-30fcd46076d2,1633163102161,13.9752046,52.378083,4.7284718,1.1151962,-0.9877641,0.83463573,on bike mount,cyclo cross,False,asphalt,good
2dd9a840-144f-4743-a408-20c9b4ef01da,4416f3a3-f30b-498e-832b-6b1e9ac3d7d7,2991cbff-f6fd-4aeb-a6f2-1f7546541a15,1633163102228,13.9752046,52.378083,4.7284718,0.039794426,-1.04346,1.5225754,on bike mount,cyclo cross,False,asphalt,good
2dd9a840-144f-4743-a408-20c9b4ef01da,4416f3a3-f30b-498e-832b-6b1e9ac3d7d7,9013deb5-b2e3-4373-b580-ca1cf4574f3f,1633163102278,13.9752046,52.378083,4.7284718,0.03423704,-0.674031,1.8102636,on bike mount,cyclo cross,False,asphalt,good
2dd9a840-144f-4743-a408-20c9b4ef01da,4416f3a3-f30b-498e-832b-6b1e9ac3d7d7,d20138d1-4f22-404b-87a8-ec36bc270c22,1633163102328,13.9752046,52.378083,4.7284718,0.636808,-0.53208494,2.3709736,on bike mount,cyclo cross,False,asphalt,good
2dd9a840-144f-4743-a408-20c9b4ef01da,4416f3a3-f30b-498e-832b-6b1e9ac3d7d7,727e5fb0-fb83-4217-b425-67e21c6d3a68,1633163102395,13.9752046,52.378083,4.7284718,-0.5697822,-0.53123426,-0.45309448,on bike mount,cyclo cross,False,asphalt,good
2dd9a840-144f-4743-a408-20c9b4ef01da,4416f3a3-f30b-498e-832b-6b1e9ac3d7d7,4f53c8b6-9c7c-4f2b-9872-ce3822dd971c,1633163102445,13.9752046,52.378083,4.7284718,0.121179774,4.1032104,-0.06839466,on bike mount,cyclo cross,False,asphalt,good
2dd9a840-144f-4743-a408-20c9b4ef01da,4416f3a3-f30b-498e-832b-6b1e9ac3d7d7,025b202a-c045-45a9-baca-1ec8c3c7facb,1633163102496,13.9752046,52.378083,4.7284718,0.588019,-1.1286618,0.50051785,on bike mount,cyclo cross,False,asphalt,good
2dd9a840-144f-4743-a408-20c9b4ef01da,4416f3a3-f30b-498e-832b-6b1e9ac3d7d7,551afda3-5218-47a5-9a37-aabb49dc8564,1633163102563,13.9752046,52.378083,4.7284718,0.3989424,-0.51536536,0.73062515,on bike mount,cyclo cross,False,asphalt,good
2dd9a840-144f-4743-a408-20c9b4ef01da,4416f3a3-f30b-498e-832b-6b1e9ac3d7d7,f39b5e62-f65c-453d-b45b-0d38a44974e8,1633163102630,13.9752046,52.378083,4.7284718,2.371781,1.4346204,-0.52715206,on bike mount,cyclo cross,False,asphalt,good
2dd9a840-144f-4743-a408-20c9b4ef01da,4416f3a3-f30b-498e-832b-6b1e9ac3d7d7,89f151af-0714-4aa9-a5cb-cafc2ff977ab,1633163102696,13.9752812,52.3780643,4.881037,0.19407666,-1.2081572,-6.107926,on bike mount,cyclo cross,False,asphalt,good
2dd9a840-144f-4743-a408-20c9b4ef01da,4416f3a3-f30b-498e-832b-6b1e9ac3d7d7,563326c4-a275-4a13-a7de-e679224a6457,1633163102763,13.9752812,52.3780643,4.881037,0.26800984,1.1927118,-1.1351647,on bike mount,cyclo cross,False,asphalt,good
2dd9a840-144f-4743-a408-20c9b4ef01da,4416f3a3-f30b-498e-832b-6b1e9ac3d7d7,7cfdf672-68dd-4d47-bef8-d3d6206c4810,1633163102830,13.9752812,52.3780643,4.881037,1.0032289,-0.99415064,1.002718,on bike mount,cyclo cross,False,asphalt,good
2dd9a840-144f-4743-a408-20c9b4ef01da,4416f3a3-f30b-498e-832b-6b1e9ac3d7d7,cde6ec84-bc43-44e6-8b53-ce48cb21d0ae,1633163102897,13.9752812,52.3780643,4.881037,-2.3758302,-0.579983,-0.2385006,on bike mount,cyclo cross,False,asphalt,good
2dd9a840-144f-4743-a408-20c9b4ef01da,4416f3a3-f30b-498e-832b-6b1e9ac3d7d7,0d3de7be-7437-4e4a-8a0e-9951623faf9c,1633163102964,13.9752812,52.3780643,4.881037,1.3359171,3.9580436,-1.7332606,on bike mount,cyclo cross,False,asphalt,good
2dd9a840-144f-4743-a408-20c9b4ef01da,4416f3a3-f30b-498e-832b-6b1e9ac3d7d7,ae941c29-e7df-472b-b2b4-1b31fcf2d3bd,1633163103030,13.9752812,52.3780643,4.881037,-1.2501702,2.259048,-3.4716268,on bike mount,cyclo cross,False,asphalt,good
2dd9a840-144f-4743-a408-20c9b4ef01da,4416f3a3-f30b-498e-832b-6b1e9ac3d7d7,fda63cfc-c199-4cff-a01c-0ed381b9c367,1633163103080,13.9752812,52.3780643,4.881037,-1.7181659,-0.9766233,1.8866196,on bike mount,cyclo cross,False,asphalt,good
2dd9a840-144f-4743-a408-20c9b4ef01da,4416f3a3-f30b-498e-832b-6b1e9ac3d7d7,7f2f4e89-e0de-47b9-85c1-60be6632fea1,1633163103147,13.9752812,52.3780643,4.881037,-0.51299083,-0.50922155,0.38944435,on bike mount,cyclo cross,False,asphalt,good
2dd9a840-144f-4743-a408-20c9b4ef01da,4416f3a3-f30b-498e-832b-6b1e9ac3d7d7,c2e91428-d43b-4d54-8e53-a02a43d1496e,1633163103197,13.9752812,52.3780643,4.881037,0.68378997,1.9656043,-3.6780386,on bike mount,cyclo cross,False,asphalt,good
2dd9a840-144f-4743-a408-20c9b4ef01da,4416f3a3-f30b-498e-832b-6b1e9ac3d7d7,b144f10f-d591-4c4d-b654-b031979cfd3f,1633163103247,13.9752812,52.3780643,4.881037,-0.10735194,-2.5027323,3.496088,on bike mount,cyclo cross,False,asphalt,good
2dd9a840-144f-4743-a408-20c9b4ef01da,4416f3a3-f30b-498e-832b-6b1e9ac3d7d7,0e52a2ad-c3fd-433d-bcf6-5fdc692c6305,1633163103298,13.9752812,52.3780643,4.881037,-0.47299802,-0.33862996,-3.5386581,on bike mount,cyclo cross,False,asphalt,good
2dd9a840-144f-4743-a408-20c9b4ef01da,4416f3a3-f30b-498e-832b-6b1e9ac3d7d7,dcda55f9-13a1-4814-a310-87957a8ffed1,1633163103364,13.9752812,52.3780643,4.881037,-1.398076,0.48869133,-1.6566892,on bike mount,cyclo cross,False,asphalt,good
2dd9a840-144f-4743-a408-20c9b4ef01da,4416f3a3-f30b-498e-832b-6b1e9ac3d7d7,ce4ec9d9-a055-4888-8fbb-508a85e76caf,1633163103415,13.9752812,52.3780643,4.881037,-0.089187354,1.3728628,-0.50095606,on bike mount,cyclo cross,False,asphalt,good
2dd9a840-144f-4743-a408-20c9b4ef01da,4416f3a3-f30b-498e-832b-6b1e9ac3d7d7,9c5b05b7-cc18-48e3-8a4b-a96b7dbd8d1c,1633163103481,13.9752812,52.3780643,4.881037,-0.7567169,3.0995312,-3.4162316,on bike mount,cyclo cross,False,asphalt,good
2dd9a840-144f-4743-a408-20c9b4ef01da,4416f3a3-f30b-498e-832b-6b1e9ac3d7d7,916775b9-a49c-450a-8645-c4b1ec8f77d3,1633163103531,13.9752812,52.3780643,4.881037,1.5155892,2.04071,-1.9713755,on bike mount,cyclo cross,False,asphalt,good
2dd9a840-144f-4743-a408-20c9b4ef01da,4416f3a3-f30b-498e-832b-6b1e9ac3d7d7,d6682088-42f7-4082-a6f5-ac052283912f,1633163103598,13.9752812,52.3780643,4.881037,0.9976858,1.4039485,-1.1321802,on bike mount,cyclo cross,False,asphalt,good
2dd9a840-144f-4743-a408-20c9b4ef01da,4416f3a3-f30b-498e-832b-6b1e9ac3d7d7,cd8305b3-72e4-486f-9e3a-1b87117da229,1633163103648,13.975359,52.3780401,5.0455036,-0.91285795,-0.30769658,2.1694193,on bike mount,cyclo cross,False,asphalt,good
2dd9a840-144f-4743-a408-20c9b4ef01da,4416f3a3-f30b-498e-832b-6b1e9ac3d7d7,368be03c-e72d-4751-9ac3-6ebac9f5ec2d,1633163103715,13.975359,52.3780401,5.0455036,0.35285723,0.4099977,0.17720032,on bike mount,cyclo cross,False,asphalt,good
2dd9a840-144f-4743-a408-20c9b4ef01da,4416f3a3-f30b-498e-832b-6b1e9ac3d7d7,1bf11a26-e157-46ec-bbac-5264a11d54db,1633163103765,13.975359,52.3780401,5.0455036,-1.2270112,2.4320865,-5.546892,on bike mount,cyclo cross,False,asphalt,good
2dd9a840-144f-4743-a408-20c9b4ef01da,4416f3a3-f30b-498e-832b-6b1e9ac3d7d7,32a51b6b-5c36-4f54-aca7-f9c6561dc42b,1633163103832,13.975359,52.3780401,5.0455036,-0.08138596,-2.232683,-0.5831461,on bike mount,cyclo cross,False,asphalt,good
2dd9a840-144f-4743-a408-20c9b4ef01da,4416f3a3-f30b-498e-832b-6b1e9ac3d7d7,e6fc3899-6ef2-464e-ba11-322a5b672bc9,1633163103883,13.975359,52.3780401,5.0455036,-0.8317586,-3.14547,4.453226,on bike mount,cyclo cross,False,asphalt,good
2dd9a840-144f-4743-a408-20c9b4ef01da,4416f3a3-f30b-498e-832b-6b1e9ac3d7d7,dfe532a3-1f0d-4945-bb67-60e7b9209781,1633163103949,13.975359,52.3780401,5.0455036,0.46597028,-3.6675115,-0.4604292,on bike mount,cyclo cross,False,asphalt,good
2dd9a840-144f-4743-a408-20c9b4ef01da,4416f3a3-f30b-498e-832b-6b1e9ac3d7d7,f1ddad37-8cad-4548-b455-bb1a14822f20,1633163104000,13.975359,52.3780401,5.0455036,-0.36330163,2.3477182,-0.92673874,on bike mount,cyclo cross,False,asphalt,good
2dd9a840-144f-4743-a408-20c9b4ef01da,4416f3a3-f30b-498e-832b-6b1e9ac3d7d7,b8a4fce5-c366-44de-879a-4ad5490e515c,1633163104050,13.975359,52.3780401,5.0455036,-0.69745034,1.6024604,1.0129032,on bike mount,cyclo cross,False,asphalt,good
2dd9a840-144f-4743-a408-20c9b4ef01da,4416f3a3-f30b-498e-832b-6b1e9ac3d7d7,2075809d-1c7e-4c69-b866-646abcda5807,1633163104117,13.975359,52.3780401,5.0455036,2.7335289,-2.7537198,0.7667103,on bike mount,cyclo cross,False,asphalt,good
2dd9a840-144f-4743-a408-20c9b4ef01da,4416f3a3-f30b-498e-832b-6b1e9ac3d7d7,25a96121-0c6d-442b-9a5b-5ed020d5af89,1633163104183,13.975359,52.3780401,5.0455036,-0.08861688,-0.68139863,-4.2649508,on bike mount,cyclo cross,False,asphalt,good
2dd9a840-144f-4743-a408-20c9b4ef01da,4416f3a3-f30b-498e-832b-6b1e9ac3d7d7,9d5c1c70-1b1a-4206-b1b4-d804451e92aa,1633163104250,13.975359,52.3780401,5.0455036,-0.43555963,1.928863,-2.2149172,on bike mount,cyclo cross,False,asphalt,good
2dd9a840-144f-4743-a408-20c9b4ef01da,4416f3a3-f30b-498e-832b-6b1e9ac3d7d7,38bff7ba-561d-48b0-886e-f4257994315c,1633163104316,13.975359,52.3780401,5.0455036,1.4775596,0.36725712,1.439683,on bike mount,cyclo cross,False,asphalt,good
2dd9a840-144f-4743-a408-20c9b4ef01da,4416f3a3-f30b-498e-832b-6b1e9ac3d7d7,496ec1af-d1c3-4a70-8ff8-0daca8f322f8,1633163104367,13.975359,52.3780401,5.0455036,-0.42648426,2.1973534,3.4106083,on bike mount,cyclo cross,False,asphalt,good
2dd9a840-144f-4743-a408-20c9b4ef01da,4416f3a3-f30b-498e-832b-6b1e9ac3d7d7,73a27c65-41d7-43c1-af46-71434cd91efb,1633163104417,13.975359,52.3780401,5.0455036,0.55242044,6.075799,1.3992691,on bike mount,cyclo cross,False,asphalt,good
2dd9a840-144f-4743-a408-20c9b4ef01da,4416f3a3-f30b-498e-832b-6b1e9ac3d7d7,367eff1b-d8fe-4dc8-8c87-5e6cd8cdf3d1,1633163104468,13.975359,52.3780401,5.0455036,0.53089106,1.8713198,-3.1000075,on bike mount,cyclo cross,False,asphalt,good
2dd9a840-144f-4743-a408-20c9b4ef01da,4416f3a3-f30b-498e-832b-6b1e9ac3d7d7,500f3643-4811-4126-8eb5-bf88e6613a4a,1633163104535,13.975359,52.3780401,5.0455036,0.84650356,-0.16604781,1.2930641,on bike mount,cyclo cross,False,asphalt,good
2dd9a840-144f-4743-a408-20c9b4ef01da,4416f3a3-f30b-498e-832b-6b1e9ac3d7d7,9bc88a8b-cd3c-409b-b52f-1e861bc140ab,1633163104601,13.975359,52.3780401,5.0455036,4.817135,1.9224365,5.2079964,on bike mount,cyclo cross,False,asphalt,good
2dd9a840-144f-4743-a408-20c9b4ef01da,4416f3a3-f30b-498e-832b-6b1e9ac3d7d7,af012b7d-6a24-45a8-a579-b473ff9f4e07,1633163104668,13.9754355,52.3780173,5.1172147,-2.3778522,1.2454238,-0.4369688,on bike mount,cyclo cross,False,asphalt,good
2dd9a840-144f-4743-a408-20c9b4ef01da,4416f3a3-f30b-498e-832b-6b1e9ac3d7d7,73dcef4e-7ee1-4a25-a6bf-ccf9af054741,1633163104718,13.9754355,52.3780173,5.1172147,-0.89752245,-3.3121364,1.5803223,on bike mount,cyclo cross,False,asphalt,good
2dd9a840-144f-4743-a408-20c9b4ef01da,4416f3a3-f30b-498e-832b-6b1e9ac3d7d7,f6e00325-ad61-4646-a056-d1fa88b17d78,1633163104785,13.9754355,52.3780173,5.1172147,0.48372942,-0.013783932,1.3224974,on bike mount,cyclo cross,False,asphalt,good
2dd9a840-144f-4743-a408-20c9b4ef01da,4416f3a3-f30b-498e-832b-6b1e9ac3d7d7,bce7dcfd-ee52-467a-89e9-e4ee27854785,1633163104852,13.9754355,52.3780173,5.1172147,0.35727215,-0.55303335,1.7557707,on bike mount,cyclo cross,False,asphalt,good
2dd9a840-144f-4743-a408-20c9b4ef01da,4416f3a3-f30b-498e-832b-6b1e9ac3d7d7,bea75258-4c7b-48d4-ac10-f5d5497c47a2,1633163104919,13.9754355,52.3780173,5.1172147,-0.22326931,-2.8778472,1.2404652,on bike mount,cyclo cross,False,asphalt,good
2dd9a840-144f-4743-a408-20c9b4ef01da,4416f3a3-f30b-498e-832b-6b1e9ac3d7d7,0669d843-7333-49c3-9bef-bb49ceda9b05,1633163104986,13.9754355,52.3780173,5.1172147,-1.1670828,2.139268,-6.805742,on bike mount,cyclo cross,False,asphalt,good
2dd9a840-144f-4743-a408-20c9b4ef01da,4416f3a3-f30b-498e-832b-6b1e9ac3d7d7,6bee2a9b-fdc0-407a-88a7-5974a0952cb9,1633163105036,13.9754355,52.3780173,5.1172147,0.07576597,-6.4636335,-0.0074062347,on bike mount,cyclo cross,False,asphalt,good
2dd9a840-144f-4743-a408-20c9b4ef01da,4416f3a3-f30b-498e-832b-6b1e9ac3d7d7,c1d35636-8f00-4202-942c-e43159e2daaa,1633163105102,13.9754355,52.3780173,5.1172147,1.2690222,3.2792008,-5.5829916,on bike mount,cyclo cross,False,asphalt,good
2dd9a840-144f-4743-a408-20c9b4ef01da,4416f3a3-f30b-498e-832b-6b1e9ac3d7d7,96790f5a-866c-4145-b528-f4445ced95de,1633163105152,13.9754355,52.3780173,5.1172147,1.6298625,2.823844,0.7539406,on bike mount,cyclo cross,False,asphalt,good
2dd9a840-144f-4743-a408-20c9b4ef01da,4416f3a3-f30b-498e-832b-6b1e9ac3d7d7,52189fe8-0dcb-4896-ae70-618713ac13ba,1633163105203,13.9754355,52.3780173,5.1172147,-0.15515253,-13.495059,3.6825457,on bike mount,cyclo cross,False,asphalt,good
2dd9a840-144f-4743-a408-20c9b4ef01da,4416f3a3-f30b-498e-832b-6b1e9ac3d7d7,a549188f-8d1f-44db-a345-e79f180c8ea2,1633163105270,13.9754355,52.3780173,5.1172147,-1.5995467,7.7817516,-0.5251322,on bike mount,cyclo cross,False,asphalt,good
2dd9a840-144f-4743-a408-20c9b4ef01da,4416f3a3-f30b-498e-832b-6b1e9ac3d7d7,0e0401b1-a5ef-4820-924e-fa825fdc20d3,1633163105320,13.9754355,52.3780173,5.1172147,-0.40044552,1.3565459,3.2142801,on bike mount,cyclo cross,False,asphalt,good
2dd9a840-144f-4743-a408-20c9b4ef01da,4416f3a3-f30b-498e-832b-6b1e9ac3d7d7,290847e4-dc1b-47c4-a908-bb5d95a773eb,1633163105386,13.9754355,52.3780173,5.1172147,-1.2298541,-4.5958676,-1.8169718,on bike mount,cyclo cross,False,asphalt,good
2dd9a840-144f-4743-a408-20c9b4ef01da,4416f3a3-f30b-498e-832b-6b1e9ac3d7d7,fe5d8661-56b7-4ee5-a46c-790ca8bd55e7,1633163105437,13.9754355,52.3780173,5.1172147,1.8765562,-8.663498,0.6646538,on bike mount,cyclo cross,False,asphalt,good
2dd9a840-144f-4743-a408-20c9b4ef01da,4416f3a3-f30b-498e-832b-6b1e9ac3d7d7,8762369d-9e44-4862-a4a1-a55488e431e9,1633163105487,13.9754355,52.3780173,5.1172147,0.17163402,-0.9332199,-0.4139061,on bike mount,cyclo cross,False,asphalt,good
2dd9a840-144f-4743-a408-20c9b4ef01da,4416f3a3-f30b-498e-832b-6b1e9ac3d7d7,8c3d8c45-c298-4b5c-a12c-9c1ab9716160,1633163105554,13.9754355,52.3780173,5.1172147,-0.78404576,-0.7242639,-0.3392496,on bike mount,cyclo cross,False,asphalt,good
2dd9a840-144f-4743-a408-20c9b4ef01da,4416f3a3-f30b-498e-832b-6b1e9ac3d7d7,e7d4d3dc-fcb7-4a27-bee3-f160ac5910de,1633163105621,13.9754355,52.3780173,5.1172147,-0.2195831,-2.4274564,0.700449,on bike mount,cyclo cross,False,asphalt,good
2dd9a840-144f-4743-a408-20c9b4ef01da,4416f3a3-f30b-498e-832b-6b1e9ac3d7d7,576ac312-0020-4d2c-a63a-6e4512d54057,1633163105687,13.9755107,52.3779974,5.1483912,1.317105,0.36558032,-2.3675156,on bike mount,cyclo cross,False,asphalt,good
2dd9a840-144f-4743-a408-20c9b4ef01da,4416f3a3-f30b-498e-832b-6b1e9ac3d7d7,915f6490-362f-4933-86a2-09f5d622126f,1633163105754,13.9755107,52.3779974,5.1483912,-0.7255772,1.2941833,-0.15367794,on bike mount,cyclo cross,False,asphalt,good
2dd9a840-144f-4743-a408-20c9b4ef01da,4416f3a3-f30b-498e-832b-6b1e9ac3d7d7,742180b8-78c2-49a9-ba5f-afb70d747eb2,1633163105821,13.9755107,52.3779974,5.1483912,-0.30072308,1.4205823,-1.7149038,on bike mount,cyclo cross,False,asphalt,good
2dd9a840-144f-4743-a408-20c9b4ef01da,4416f3a3-f30b-498e-832b-6b1e9ac3d7d7,1cfd249f-530f-4d9c-bf8f-5ddbcd454da1,1633163105888,13.9755107,52.3779974,5.1483912,-1.7018461,-2.152614,2.9698648,on bike mount,cyclo cross,False,asphalt,good
2dd9a840-144f-4743-a408-20c9b4ef01da,4416f3a3-f30b-498e-832b-6b1e9ac3d7d7,15a51258-52b9-4bd0-9461-e671c9be6f64,1633163105955,13.9755107,52.3779974,5.1483912,1.4404149,0.6173527,1.6049547,on bike mount,cyclo cross,False,asphalt,good
2dd9a840-144f-4743-a408-20c9b4ef01da,4416f3a3-f30b-498e-832b-6b1e9ac3d7d7,10647391-e64f-439a-b47f-ed7fd88cda58,1633163106021,13.9755107,52.3779974,5.1483912,-0.2366067,-0.32502675,2.9493113,on bike mount,cyclo cross,False,asphalt,good
2dd9a840-144f-4743-a408-20c9b4ef01da,4416f3a3-f30b-498e-832b-6b1e9ac3d7d7,80bf3df7-2c08-435e-a4fa-99e5d974efb2,1633163106071,13.9755107,52.3779974,5.1483912,0.045408536,-4.056923,6.7696543,on bike mount,cyclo cross,False,asphalt,good
2dd9a840-144f-4743-a408-20c9b4ef01da,4416f3a3-f30b-498e-832b-6b1e9ac3d7d7,024a1bfc-037e-413d-8ca8-ec6201b37453,1633163106122,13.9755107,52.3779974,5.1483912,0.13644299,-1.2633976,-1.6268115,on bike mount,cyclo cross,False,asphalt,good
2dd9a840-144f-4743-a408-20c9b4ef01da,4416f3a3-f30b-498e-832b-6b1e9ac3d7d7,743461bd-2376-4584-92c7-2881cd413496,1633163106172,13.9755107,52.3779974,5.1483912,-0.4460477,1.5716379,-0.050626755,on bike mount,cyclo cross,False,asphalt,good
2dd9a840-144f-4743-a408-20c9b4ef01da,4416f3a3-f30b-498e-832b-6b1e9ac3d7d7,ae6f97a3-088f-4559-80ee-cfe0b9dded49,1633163106222,13.9755107,52.3779974,5.1483912,-1.2732716,-4.154848,2.1921139,on bike mount,cyclo cross,False,asphalt,good
2dd9a840-144f-4743-a408-20c9b4ef01da,4416f3a3-f30b-498e-832b-6b1e9ac3d7d7,90f67236-df53-445b-ad64-a5e408c0c784,1633163106289,13.9755107,52.3779974,5.1483912,0.93337697,1.5361061,-1.5105915,on bike mount,cyclo cross,False,asphalt,good
2dd9a840-144f-4743-a408-20c9b4ef01da,4416f3a3-f30b-498e-832b-6b1e9ac3d7d7,1b032494-5803-48da-bdf6-688c50ac038d,1633163106356,13.9755107,52.3779974,5.1483912,2.252492,-1.0180069,0.41833687,on bike mount,cyclo cross,False,asphalt,good
2dd9a840-144f-4743-a408-20c9b4ef01da,4416f3a3-f30b-498e-832b-6b1e9ac3d7d7,a61a19ba-eb8f-4144-b79c-7fa782bc3989,1633163106406,13.9755107,52.3779974,5.1483912,-0.15576766,0.8296249,1.3448534,on bike mount,cyclo cross,False,asphalt,good
2dd9a840-144f-4743-a408-20c9b4ef01da,4416f3a3-f30b-498e-832b-6b1e9ac3d7d7,cf1c1363-9a17-478d-b2cb-59256b61062d,1633163106456,13.9755107,52.3779974,5.1483912,-0.19685423,0.53061247,-0.89514256,on bike mount,cyclo cross,False,asphalt,good
2dd9a840-144f-4743-a408-20c9b4ef01da,4416f3a3-f30b-498e-832b-6b1e9ac3d7d7,7f1abcbd-ca1f-42ba-9ccc-483afe412bf4,1633163106523,13.9755107,52.3779974,5.1483912,-0.50914335,-0.73345685,-0.27971458,on bike mount,cyclo cross,False,asphalt,good
2dd9a840-144f-4743-a408-20c9b4ef01da,4416f3a3-f30b-498e-832b-6b1e9ac3d7d7,8ead9585-9395-4c9b-b882-426468ff9d03,1633163106589,13.9755107,52.3779974,5.1483912,1.1427482,-4.441677,4.2061214,on bike mount,cyclo cross,False,asphalt,good
2dd9a840-144f-4743-a408-20c9b4ef01da,4416f3a3-f30b-498e-832b-6b1e9ac3d7d7,5a355652-157c-42f4-ad52-f16167e4f80f,1633163106656,13.9755898,52.3779749,5.2362895,-1.9928635,3.1764827,3.368123,on bike mount,cyclo cross,False,asphalt,good
2dd9a840-144f-4743-a408-20c9b4ef01da,4416f3a3-f30b-498e-832b-6b1e9ac3d7d7,5f52d0db-ce0e-4b0c-8a20-10c7ea327d76,1633163106723,13.9755898,52.3779749,5.2362895,-0.9038843,5.588872,0.23998451,on bike mount,cyclo cross,False,asphalt,good
2dd9a840-144f-4743-a408-20c9b4ef01da,4416f3a3-f30b-498e-832b-6b1e9ac3d7d7,e5cb6f59-a9b8-4097-a82e-706eb1880474,1633163106790,13.9755898,52.3779749,5.2362895,-2.0525928,-0.5132146,-4.9890413,on bike mount,cyclo cross,False,asphalt,good
2dd9a840-144f-4743-a408-20c9b4ef01da,4416f3a3-f30b-498e-832b-6b1e9ac3d7d7,668d0c09-ac62-40a0-9e25-521a7b643a1d,1633163106857,13.9755898,52.3779749,5.2362895,1.539324,3.596449,-4.5799246,on bike mount,cyclo cross,False,asphalt,good
2dd9a840-144f-4743-a408-20c9b4ef01da,4416f3a3-f30b-498e-832b-6b1e9ac3d7d7,b774f397-7e20-4d89-bd8e-04619b1f01ff,1633163106923,13.9755898,52.3779749,5.2362895,0.7935786,0.26361918,-2.3371472,on bike mount,cyclo cross,False,asphalt,good
2dd9a840-144f-4743-a408-20c9b4ef01da,4416f3a3-f30b-498e-832b-6b1e9ac3d7d7,6f0c52ef-f609-42ce-a638-8d88c569170b,1633163106974,13.9755898,52.3779749,5.2362895,0.018048026,0.52589583,-3.1287823,on bike mount,cyclo cross,False,asphalt,good
2dd9a840-144f-4743-a408-20c9b4ef01da,4416f3a3-f30b-498e-832b-6b1e9ac3d7d7,0def2c5e-ea1d-42ad-8bf8-39350666bf7a,1633163107041,13.9755898,52.3779749,5.2362895,-0.17308217,-0.04827833,-1.5646152,on bike mount,cyclo cross,False,asphalt,good
2dd9a840-144f-4743-a408-20c9b4ef01da,4416f3a3-f30b-498e-832b-6b1e9ac3d7d7,39e596f9-1266-4238-b632-2e5aadc41390,1633163107107,13.9755898,52.3779749,5.2362895,-0.32895708,3.0231616,-2.2865448,on bike mount,cyclo cross,False,asphalt,good
2dd9a840-144f-4743-a408-20c9b4ef01da,4416f3a3-f30b-498e-832b-6b1e9ac3d7d7,5c588803-bd25-4880-932b-d379ed56ade8,1633163107158,13.9755898,52.3779749,5.2362895,-0.025273556,3.94808,1.4582386,on bike mount,cyclo cross,False,asphalt,good
2dd9a840-144f-4743-a408-20c9b4ef01da,4416f3a3-f30b-498e-832b-6b1e9ac3d7d7,0c08e3fd-e17b-4886-be6a-327cfca28f76,1633163107224,13.9755898,52.3779749,5.2362895,0.7828471,1.5411944,0.6320524,on bike mount,cyclo cross,False,asphalt,good
2dd9a840-144f-4743-a408-20c9b4ef01da,4416f3a3-f30b-498e-832b-6b1e9ac3d7d7,cc3794a4-85d0-4f23-b550-91459fd8e8d6,1633163107291,13.9755898,52.3779749,5.2362895,-0.080766216,-3.046925,-1.0574203,on bike mount,cyclo cross,False,asphalt,good
2dd9a840-144f-4743-a408-20c9b4ef01da,4416f3a3-f30b-498e-832b-6b1e9ac3d7d7,73772aba-e114-405a-b911-09a50214ea6e,1633163107358,13.9755898,52.3779749,5.2362895,-0.16354144,-0.7090237,-0.5461817,on bike mount,cyclo cross,False,asphalt,good
2dd9a840-144f-4743-a408-20c9b4ef01da,4416f3a3-f30b-498e-832b-6b1e9ac3d7d7,7aa7ec4e-b748-4fc7-b38a-c0dc40246374,1633163107425,13.9755898,52.3779749,5.2362895,-0.14892007,-1.9469824,2.3797169,on bike mount,cyclo cross,False,asphalt,good
2dd9a840-144f-4743-a408-20c9b4ef01da,4416f3a3-f30b-498e-832b-6b1e9ac3d7d7,79362828-e742-4fc9-841b-cbbdb977e1a4,1633163107492,13.9755898,52.3779749,5.2362895,-0.7743218,-2.8183193,2.040288,on bike mount,cyclo cross,False,asphalt,good
2dd9a840-144f-4743-a408-20c9b4ef01da,4416f3a3-f30b-498e-832b-6b1e9ac3d7d7,00087092-f9b9-4fce-9753-62414decc089,1633163107542,13.9755898,52.3779749,5.2362895,0.02062881,1.3311229,1.0775776,on bike mount,cyclo cross,False,asphalt,good
2dd9a840-144f-4743-a408-20c9b4ef01da,4416f3a3-f30b-498e-832b-6b1e9ac3d7d7,3d88eab6-df44-4de5-bf5f-924e91b8e0a3,1633163107609,13.9755898,52.3779749,5.2362895,0.5486491,1.6949463,0.7224598,on bike mount,cyclo cross,False,asphalt,good
2dd9a840-144f-4743-a408-20c9b4ef01da,4416f3a3-f30b-498e-832b-6b1e9ac3d7d7,f50ded0d-23ad-4b79-b931-7823cf9f011a,1633163107658,13.9756729,52.3779496,5.301549,-1.1907338,-0.26039553,0.18467999,on bike mount,cyclo cross,False,asphalt,good
2dd9a840-144f-4743-a408-20c9b4ef01da,4416f3a3-f30b-498e-832b-6b1e9ac3d7d7,36f5d0a2-a0ac-4f6a-b931-a45cf81fedc0,1633163107708,13.9756729,52.3779496,5.301549,-1.6793675,0.95997477,0.4140997,on bike mount,cyclo cross,False,asphalt,good
2dd9a840-144f-4743-a408-20c9b4ef01da,4416f3a3-f30b-498e-832b-6b1e9ac3d7d7,8e579457-a6d7-48df-93e4-3e3412304df9,1633163107759,13.9756729,52.3779496,5.301549,-0.7686498,1.1676488,1.6810188,on bike mount,cyclo cross,False,asphalt,good
2dd9a840-144f-4743-a408-20c9b4ef01da,4416f3a3-f30b-498e-832b-6b1e9ac3d7d7,6d8f7926-6646-48f9-9607-de8e7d208c11,1633163107826,13.9756729,52.3779496,5.301549,4.10385,-5.4529204,2.3905306,on bike mount,cyclo cross,False,asphalt,good
2dd9a840-144f-4743-a408-20c9b4ef01da,4416f3a3-f30b-498e-832b-6b1e9ac3d7d7,8677efe9-784c-4906-a2fe-9772d248a9be,1633163107893,13.9756729,52.3779496,5.301549,-0.24110727,2.1727722,3.898529,on bike mount,cyclo cross,False,asphalt,good
2dd9a840-144f-4743-a408-20c9b4ef01da,4416f3a3-f30b-498e-832b-6b1e9ac3d7d7,428867ae-cb3c-4b53-91ee-c87af21c0a35,1633163107960,13.9756729,52.3779496,5.301549,-0.31664407,1.1095121,3.6834106,on bike mount,cyclo cross,False,asphalt,good
2dd9a840-144f-4743-a408-20c9b4ef01da,4416f3a3-f30b-498e-832b-6b1e9ac3d7d7,0f481d76-b01b-429a-8877-670b36b9aa8a,1633163108010,13.9756729,52.3779496,5.301549,1.970633,-2.3077772,-2.6866903,on bike mount,cyclo cross,False,asphalt,good
2dd9a840-144f-4743-a408-20c9b4ef01da,4416f3a3-f30b-498e-832b-6b1e9ac3d7d7,4ce2bbd8-7d9f-4c54-97ce-afcd5ad88bb7,1633163108077,13.9756729,52.3779496,5.301549,-0.20304939,0.15762186,0.33509064,on bike mount,cyclo cross,False,asphalt,good
2dd9a840-144f-4743-a408-20c9b4ef01da,4416f3a3-f30b-498e-832b-6b1e9ac3d7d7,1b3106d4-daea-4976-8ff5-b9cac30a2660,1633163108143,13.9756729,52.3779496,5.301549,-0.5166743,-0.8501017,1.4470482,on bike mount,cyclo cross,False,asphalt,good
2dd9a840-144f-4743-a408-20c9b4ef01da,4416f3a3-f30b-498e-832b-6b1e9ac3d7d7,1dc870bf-1d7a-4b87-ae16-4ba2a88eaf9d,1633163108210,13.9756729,52.3779496,5.301549,-1.6223993,1.8343272,-3.813408,on bike mount,cyclo cross,False,asphalt,good
2dd9a840-144f-4743-a408-20c9b4ef01da,4416f3a3-f30b-498e-832b-6b1e9ac3d7d7,872f59e1-7a49-4b8b-a665-0324ea02f4ca,1633163108277,13.9756729,52.3779496,5.301549,-0.74210453,-0.93716156,-0.8300781,on bike mount,cyclo cross,False,asphalt,good
2dd9a840-144f-4743-a408-20c9b4ef01da,4416f3a3-f30b-498e-832b-6b1e9ac3d7d7,ff68f144-f968-4c50-9c84-d9676a1f7947,1633163108344,13.9756729,52.3779496,5.301549,1.9629046,-0.60947347,-0.18283176,on bike mount,cyclo cross,False,asphalt,good
2dd9a840-144f-4743-a408-20c9b4ef01da,4416f3a3-f30b-498e-832b-6b1e9ac3d7d7,3acfdc95-800a-40d3-9ea1-39f5bd95d75f,1633163108411,13.9756729,52.3779496,5.301549,1.285984,0.8720596,2.6290998,on bike mount,cyclo cross,False,asphalt,good
2dd9a840-144f-4743-a408-20c9b4ef01da,4416f3a3-f30b-498e-832b-6b1e9ac3d7d7,fa62fd99-2216-4f7c-84fd-f3c3f5008941,1633163108461,13.9756729,52.3779496,5.301549,0.41308403,-0.123868465,-2.3989,on bike mount,cyclo cross,False,asphalt,good
2dd9a840-144f-4743-a408-20c9b4ef01da,4416f3a3-f30b-498e-832b-6b1e9ac3d7d7,6a1b663c-cea7-4327-abb0-23b34d123348,1633163108528,13.9756729,52.3779496,5.301549,0.63159484,0.09982109,-1.1791997,on bike mount,cyclo cross,False,asphalt,good
2dd9a840-144f-4743-a408-20c9b4ef01da,4416f3a3-f30b-498e-832b-6b1e9ac3d7d7,e8268c2c-13fe-442d-b341-e9d3b216e479,1633163108578,13.9756729,52.3779496,5.301549,-0.5647754,-3.1804547,6.0049944,on bike mount,cyclo cross,False,asphalt,good
2dd9a840-144f-4743-a408-20c9b4ef01da,4416f3a3-f30b-498e-832b-6b1e9ac3d7d7,56074d38-2c4a-41a7-bdd7-0e5b67810ac5,1633163108645,13.9756729,52.3779496,5.301549,-2.30863,6.18596,-8.069468,on bike mount,cyclo cross,False,asphalt,good
2dd9a840-144f-4743-a408-20c9b4ef01da,4416f3a3-f30b-498e-832b-6b1e9ac3d7d7,de9781fa-2e01-4e75-89b4-fd9dda4889fe,1633163108711,13.9757618,52.3779224,5.4369226,-1.0690919,-0.23474431,-3.8910565,on bike mount,cyclo cross,False,asphalt,good
2dd9a840-144f-4743-a408-20c9b4ef01da,4416f3a3-f30b-498e-832b-6b1e9ac3d7d7,448f8eb3-92bb-4a61-8b8e-811cce3f2fac,1633163108778,13.9757618,52.3779224,5.4369226,0.26386294,-1.1593488,3.6544542,on bike mount,cyclo cross,False,asphalt,good
2dd9a840-144f-4743-a408-20c9b4ef01da,4416f3a3-f30b-498e-832b-6b1e9ac3d7d7,d9f16813-0097-4630-b73b-55deb8505445,1633163108845,13.9757618,52.3779224,5.4369226,-1.1541386,3.9896364,-4.219098,on bike mount,cyclo cross,False,asphalt,good
2dd9a840-144f-4743-a408-20c9b4ef01da,4416f3a3-f30b-498e-832b-6b1e9ac3d7d7,e740e8f2-649e-4ad5-ba3b-a3f15b906caa,1633163108912,13.9757618,52.3779224,5.4369226,-1.1040473,1.0439122,-1.4618902,on bike mount,cyclo cross,False,asphalt,good
2dd9a840-144f-4743-a408-20c9b4ef01da,4416f3a3-f30b-498e-832b-6b1e9ac3d7d7,aa2a7012-fcdf-4362-9b95-04eae3de6811,1633163108979,13.9757618,52.3779224,5.4369226,0.61655027,-2.446903,-0.92126465,on bike mount,cyclo cross,False,asphalt,good
2dd9a840-144f-4743-a408-20c9b4ef01da,4416f3a3-f30b-498e-832b-6b1e9ac3d7d7,2b511a1b-fb79-42f1-84f2-64001729b235,1633163109046,13.9757618,52.3779224,5.4369226,2.2919214,0.047580004,0.1299572,on bike mount,cyclo cross,False,asphalt,good
2dd9a840-144f-4743-a408-20c9b4ef01da,4416f3a3-f30b-498e-832b-6b1e9ac3d7d7,10f65e00-5fb5-4c14-acc5-7271717ed5d3,1633163109113,13.9757618,52.3779224,5.4369226,-0.5732168,-1.2758491,-3.8526216,on bike mount,cyclo cross,False,asphalt,good
2dd9a840-144f-4743-a408-20c9b4ef01da,4416f3a3-f30b-498e-832b-6b1e9ac3d7d7,a0ecd9f4-7974-4b71-8a3e-c6bb6346e517,1633163109163,13.9757618,52.3779224,5.4369226,0.23941225,-0.5284555,0.9753046,on bike mount,cyclo cross,False,asphalt,good
2dd9a840-144f-4743-a408-20c9b4ef01da,4416f3a3-f30b-498e-832b-6b1e9ac3d7d7,5743301a-f2b1-4cbb-9422-3163e05ffdc4,1633163109213,13.9757618,52.3779224,5.4369226,0.09905792,-4.502651,4.1212664,on bike mount,cyclo cross,False,asphalt,good
2dd9a840-144f-4743-a408-20c9b4ef01da,4416f3a3-f30b-498e-832b-6b1e9ac3d7d7,50a10c70-572f-4b14-a842-e06a8801ce85,1633163109280,13.9757618,52.3779224,5.4369226,1.447383,-4.894623,4.568883,on bike mount,cyclo cross,False,asphalt,good
2dd9a840-144f-4743-a408-20c9b4ef01da,4416f3a3-f30b-498e-832b-6b1e9ac3d7d7,cba095da-3826-49f8-a39a-9a8b3d0929c2,1633163109330,13.9757618,52.3779224,5.4369226,-3.3901296,-1.3147182,1.342,on bike mount,cyclo cross,False,asphalt,good
2dd9a840-144f-4743-a408-20c9b4ef01da,4416f3a3-f30b-498e-832b-6b1e9ac3d7d7,c10913ba-da3f-4bb5-b952-55551fa2fe6b,1633163109397,13.9757618,52.3779224,5.4369226,-1.7263398,2.6855536,-2.5418625,on bike mount,cyclo cross,False,asphalt,good
2dd9a840-144f-4743-a408-20c9b4ef01da,4416f3a3-f30b-498e-832b-6b1e9ac3d7d7,ad011271-8935-4df7-9eb6-988d845cde1b,1633163109447,13.9757618,52.3779224,5.4369226,1.0053418,4.223756,4.5526047,on bike mount,cyclo cross,False,asphalt,good
2dd9a840-144f-4743-a408-20c9b4ef01da,4416f3a3-f30b-498e-832b-6b1e9ac3d7d7,c0dc4c66-ed0f-4d35-9e08-baa2cb09f34a,1633163109513,13.9757618,52.3779224,5.4369226,0.4950316,1.4343784,-0.349885,on bike mount,cyclo cross,False,asphalt,good
2dd9a840-144f-4743-a408-20c9b4ef01da,4416f3a3-f30b-498e-832b-6b1e9ac3d7d7,c9606b5f-6c3c-4bd9-ae9a-346eeeb1beda,1633163109564,13.9757618,52.3779224,5.4369226,-0.7261182,0.45355678,0.34191132,on bike mount,cyclo cross,False,asphalt,good
2dd9a840-144f-4743-a408-20c9b4ef01da,4416f3a3-f30b-498e-832b-6b1e9ac3d7d7,842613ba-2f9b-44f6-b08e-4f1256820cd0,1633163109631,13.9757618,52.3779224,5.4369226,1.2909211,-4.362407,3.643958,on bike mount,cyclo cross,False,asphalt,good
2dd9a840-144f-4743-a408-20c9b4ef01da,4416f3a3-f30b-498e-832b-6b1e9ac3d7d7,c25abc03-1277-4cfa-a085-125e5b4251e4,1633163109697,13.9758487,52.3778928,5.50493,-0.16505468,-2.2458792,3.6509895,on bike mount,cyclo cross,False,asphalt,good
2dd9a840-144f-4743-a408-20c9b4ef01da,4416f3a3-f30b-498e-832b-6b1e9ac3d7d7,c2a7dbc7-1f9d-4584-9cc3-0edb8664cbbf,1633163109764,13.9758487,52.3778928,5.50493,-2.4249647,1.643424,3.3974066,on bike mount,cyclo cross,False,asphalt,good
2dd9a840-144f-4743-a408-20c9b4ef01da,4416f3a3-f30b-498e-832b-6b1e9ac3d7d7,0cc3fa88-d2c5-48b1-b231-a32b05127839,1633163109831,13.9758487,52.3778928,5.50493,-1.9393129,0.889765,-3.4040527,on bike mount,cyclo cross,False,asphalt,good
2dd9a840-144f-4743-a408-20c9b4ef01da,4416f3a3-f30b-498e-832b-6b1e9ac3d7d7,6dd45dc3-17b4-4d98-acb9-bc9db5733530,1633163109898,13.9758487,52.3778928,5.50493,0.20746024,-1.3619332,0.42355824,on bike mount,cyclo cross,False,asphalt,good
2dd9a840-144f-4743-a408-20c9b4ef01da,4416f3a3-f30b-498e-832b-6b1e9ac3d7d7,74dd99c0-0e69-4f6b-8ac2-97b66b613e90,1633163109948,13.9758487,52.3778928,5.50493,4.1228876,-4.3146915,2.795641,on bike mount,cyclo cross,False,asphalt,good
2dd9a840-144f-4743-a408-20c9b4ef01da,4416f3a3-f30b-498e-832b-6b1e9ac3d7d7,f28bd00b-703a-4015-9e7e-49a36b20170a,1633163110015,13.9758487,52.3778928,5.50493,0.95622253,-0.7269304,0.33655453,on bike mount,cyclo cross,False,asphalt,good
2dd9a840-144f-4743-a408-20c9b4ef01da,4416f3a3-f30b-498e-832b-6b1e9ac3d7d7,f97a96ea-ca0f-4930-a91c-b03720d9fc64,1633163110082,13.9758487,52.3778928,5.50493,0.5171962,1.2001543,-0.38477135,on bike mount,cyclo cross,False,asphalt,good
2dd9a840-144f-4743-a408-20c9b4ef01da,4416f3a3-f30b-498e-832b-6b1e9ac3d7d7,361fc043-500b-47ef-950f-bae6b619bc4b,1633163110148,13.9758487,52.3778928,5.50493,0.61153793,-3.6881976,4.83298,on bike mount,cyclo cross,False,asphalt,good
2dd9a840-144f-4743-a408-20c9b4ef01da,4416f3a3-f30b-498e-832b-6b1e9ac3d7d7,e97e0676-1a95-4f15-8dcd-a9b815e6ed25,1633163110215,13.9758487,52.3778928,5.50493,-2.396667,2.358652,-0.7948437,on bike mount,cyclo cross,False,asphalt,good
2dd9a840-144f-4743-a408-20c9b4ef01da,4416f3a3-f30b-498e-832b-6b1e9ac3d7d7,7a6e4d3d-9447-4571-b7c2-a8ded224853f,1633163110282,13.9758487,52.3778928,5.50493,1.5426254,-3.1187992,4.1363688,on bike mount,cyclo cross,False,asphalt,good
2dd9a840-144f-4743-a408-20c9b4ef01da,4416f3a3-f30b-498e-832b-6b1e9ac3d7d7,2172c0b5-3411-4f81-853e-355242bcdbd5,1633163110349,13.9758487,52.3778928,5.50493,-2.1683373,-0.8741529,4.1291285,on bike mount,cyclo cross,False,asphalt,good
2dd9a840-144f-4743-a408-20c9b4ef01da,4416f3a3-f30b-498e-832b-6b1e9ac3d7d7,aa4891bd-49f9-47bd-8e0f-856347405d8f,1633163110416,13.9758487,52.3778928,5.50493,0.22174159,-2.6260955,5.6995144,on bike mount,cyclo cross,False,asphalt,good
2dd9a840-144f-4743-a408-20c9b4ef01da,4416f3a3-f30b-498e-832b-6b1e9ac3d7d7,aa5d5275-1622-418d-b0ca-9d12dd72d752,1633163110466,13.9758487,52.3778928,5.50493,-4.2945337,5.8607397,-3.80996,on bike mount,cyclo cross,False,asphalt,good
2dd9a840-144f-4743-a408-20c9b4ef01da,4416f3a3-f30b-498e-832b-6b1e9ac3d7d7,81183368-e2ea-467f-abe6-e66d5e8ab88b,1633163110533,13.9758487,52.3778928,5.50493,-1.3259228,2.287168,-1.8905964,on bike mount,cyclo cross,False,asphalt,good
2dd9a840-144f-4743-a408-20c9b4ef01da,4416f3a3-f30b-498e-832b-6b1e9ac3d7d7,74ca3231-d2fd-4b24-93d6-ec36c392865d,1633163110583,13.9758487,52.3778928,5.50493,0.1361422,-3.3953667,0.1680851,on bike mount,cyclo cross,False,asphalt,good
2dd9a840-144f-4743-a408-20c9b4ef01da,4416f3a3-f30b-498e-832b-6b1e9ac3d7d7,51cf747a-fe73-4fd5-948d-f043ee4204c1,1633163110650,13.9758487,52.3778928,5.50493,-0.48501897,1.6914062,-1.0736179,on bike mount,cyclo cross,False,asphalt,good
2dd9a840-144f-4743-a408-20c9b4ef01da,4416f3a3-f30b-498e-832b-6b1e9ac3d7d7,0fb63bfb-1f42-4898-bf2c-a4549858c723,1633163110716,13.9759334,52.3778611,5.5669994,0.8472711,-1.0006709,1.2255297,on bike mount,cyclo cross,False,asphalt,good
2dd9a840-144f-4743-a408-20c9b4ef01da,4416f3a3-f30b-498e-832b-6b1e9ac3d7d7,12d55bfc-6862-4e66-8387-638f1c6a59b5,1633163110783,13.9759334,52.3778611,5.5669994,0.26526242,1.790937,-0.95606804,on bike mount,cyclo cross,False,asphalt,good
2dd9a840-144f-4743-a408-20c9b4ef01da,4416f3a3-f30b-498e-832b-6b1e9ac3d7d7,8b2f666a-c046-47b6-8c1a-52583f05662c,1633163110850,13.9759334,52.3778611,5.5669994,0.4245621,0.32917404,3.2542238,on bike mount,cyclo cross,False,asphalt,good
2dd9a840-144f-4743-a408-20c9b4ef01da,4416f3a3-f30b-498e-832b-6b1e9ac3d7d7,79a4d037-dea3-495d-96ec-52e14f143529,1633163110917,13.9759334,52.3778611,5.5669994,-1.9946334,2.5712981,-2.0665288,on bike mount,cyclo cross,False,asphalt,good
2dd9a840-144f-4743-a408-20c9b4ef01da,4416f3a3-f30b-498e-832b-6b1e9ac3d7d7,d9393cd4-16e2-4a4c-8993-21792df01f33,1633163110984,13.9759334,52.3778611,5.5669994,-0.05114332,1.7949224,3.5039186,on bike mount,cyclo cross,False,asphalt,good
2dd9a840-144f-4743-a408-20c9b4ef01da,4416f3a3-f30b-498e-832b-6b1e9ac3d7d7,5c0305fa-17cb-42c8-8ec7-6826b5c97a24,1633163111051,13.9759334,52.3778611,5.5669994,0.6197758,-1.9361421,0.09640598,on bike mount,cyclo cross,False,asphalt,good
2dd9a840-144f-4743-a408-20c9b4ef01da,4416f3a3-f30b-498e-832b-6b1e9ac3d7d7,ee078078-0238-4e92-b3ab-88bca69f5300,1633163111118,13.9759334,52.3778611,5.5669994,1.8792307,1.2982419,2.3054066,on bike mount,cyclo cross,False,asphalt,good
2dd9a840-144f-4743-a408-20c9b4ef01da,4416f3a3-f30b-498e-832b-6b1e9ac3d7d7,f36d0712-2731-4597-944c-0890489daeae,1633163111184,13.9759334,52.3778611,5.5669994,1.3869125,-2.0418425,-1.4158669,on bike mount,cyclo cross,False,asphalt,good
2dd9a840-144f-4743-a408-20c9b4ef01da,4416f3a3-f30b-498e-832b-6b1e9ac3d7d7,b43e0eaa-6cda-4192-b160-f313c289b05d,1633163111251,13.9759334,52.3778611,5.5669994,-0.5213622,3.0365505,-3.6386344,on bike mount,cyclo cross,False,asphalt,good
2dd9a840-144f-4743-a408-20c9b4ef01da,4416f3a3-f30b-498e-832b-6b1e9ac3d7d7,c7ea2f2f-9459-4186-bc00-0e987f5a433e,1633163111318,13.9759334,52.3778611,5.5669994,-2.8345213,4.1990485,-1.0341239,on bike mount,cyclo cross,False,asphalt,good
2dd9a840-144f-4743-a408-20c9b4ef01da,4416f3a3-f30b-498e-832b-6b1e9ac3d7d7,ec73ce58-4294-499c-a69c-257aaae4585e,1633163111385,13.9759334,52.3778611,5.5669994,1.6216698,-1.1370887,-2.874229,on bike mount,cyclo cross,False,asphalt,good
2dd9a840-144f-4743-a408-20c9b4ef01da,4416f3a3-f30b-498e-832b-6b1e9ac3d7d7,3548014d-23f4-4bfc-8b0f-ae33ed74ba3f,1633163111452,13.9759334,52.3778611,5.5669994,1.0554476,0.61453474,-4.3134947,on bike mount,cyclo cross,False,asphalt,good
2dd9a840-144f-4743-a408-20c9b4ef01da,4416f3a3-f30b-498e-832b-6b1e9ac3d7d7,37433a54-76c5-4020-845f-b5f19eec9e59,1633163111502,13.9759334,52.3778611,5.5669994,-4.05764,2.227634,-1.1595907,on bike mount,cyclo cross,False,asphalt,good
2dd9a840-144f-4743-a408-20c9b4ef01da,4416f3a3-f30b-498e-832b-6b1e9ac3d7d7,92f8ae0d-51e5-4167-ae5b-ecdea6789800,1633163111552,13.9759334,52.3778611,5.5669994,3.8406374,-8.518823,3.1732178,on bike mount,cyclo cross,False,asphalt,good
2dd9a840-144f-4743-a408-20c9b4ef01da,4416f3a3-f30b-498e-832b-6b1e9ac3d7d7,f6237697-7e90-47f0-92b7-56e4084e13ba,1633163111619,13.9759334,52.3778611,5.5669994,-2.5677505,2.7864494,2.1007433,on bike mount,cyclo cross,False,asphalt,good
2dd9a840-144f-4743-a408-20c9b4ef01da,4416f3a3-f30b-498e-832b-6b1e9ac3d7d7,0e4d3ccd-a03e-48f8-8bb2-1f9b117e9ef4,1633163111685,13.9760098,52.3778313,5.571866,1.284569,-0.7275145,-2.495707,on bike mount,cyclo cross,False,asphalt,good
2dd9a840-144f-4743-a408-20c9b4ef01da,4416f3a3-f30b-498e-832b-6b1e9ac3d7d7,a915acb7-98ff-455c-b90e-d782974663bc,1633163111735,13.9760098,52.3778313,5.571866,1.0765584,-2.3335774,0.550437,on bike mount,cyclo cross,False,asphalt,good
2dd9a840-144f-4743-a408-20c9b4ef01da,4416f3a3-f30b-498e-832b-6b1e9ac3d7d7,79ccd0bb-096d-4cd0-abaf-4a610e08d5c5,1633163111786,13.9760098,52.3778313,5.571866,0.8481227,4.7314076,-0.25292587,on bike mount,cyclo cross,False,asphalt,good
2dd9a840-144f-4743-a408-20c9b4ef01da,4416f3a3-f30b-498e-832b-6b1e9ac3d7d7,bd0422e3-a14a-43fa-873f-15793b9fed67,1633163111852,13.9760098,52.3778313,5.571866,-0.1707905,1.6088114,4.5814676,on bike mount,cyclo cross,False,asphalt,good
2dd9a840-144f-4743-a408-20c9b4ef01da,4416f3a3-f30b-498e-832b-6b1e9ac3d7d7,d80522dc-2f69-4dd5-a4cb-5660de0b86ce,1633163111903,13.9760098,52.3778313,5.571866,1.6601005,-1.6260688,0.7859974,on bike mount,cyclo cross,False,asphalt,good
2dd9a840-144f-4743-a408-20c9b4ef01da,4416f3a3-f30b-498e-832b-6b1e9ac3d7d7,2c9285cd-bd4b-429b-9e74-2183b758dcbd,1633163111969,13.9760098,52.3778313,5.571866,-2.1487465,1.9585445,-5.9372563,on bike mount,cyclo cross,False,asphalt,good
2dd9a840-144f-4743-a408-20c9b4ef01da,4416f3a3-f30b-498e-832b-6b1e9ac3d7d7,b2159592-f6f8-4432-99d7-eb7b32040b0d,1633163112020,13.9760098,52.3778313,5.571866,1.8673431,-1.7988558,1.1368666,on bike mount,cyclo cross,False,asphalt,good
2dd9a840-144f-4743-a408-20c9b4ef01da,4416f3a3-f30b-498e-832b-6b1e9ac3d7d7,5079855c-b9ab-4df1-8079-4e028d6bb5e8,1633163112086,13.9760098,52.3778313,5.571866,1.2254484,-2.058612,-0.13646603,on bike mount,cyclo cross,False,asphalt,good
2dd9a840-144f-4743-a408-20c9b4ef01da,4416f3a3-f30b-498e-832b-6b1e9ac3d7d7,28d6961c-2670-4c94-bb94-9667dcec5ec7,1633163112137,13.9760098,52.3778313,5.571866,-3.518565,0.17852902,4.8984003,on bike mount,cyclo cross,False,asphalt,good
2dd9a840-144f-4743-a408-20c9b4ef01da,4416f3a3-f30b-498e-832b-6b1e9ac3d7d7,b887c72b-147f-417a-bbd3-b16fc9b07ba6,1633163112187,13.9760098,52.3778313,5.571866,-1.1576436,3.801525,-2.6545258,on bike mount,cyclo cross,False,asphalt,good
2dd9a840-144f-4743-a408-20c9b4ef01da,4416f3a3-f30b-498e-832b-6b1e9ac3d7d7,deb8d731-e311-4b5a-8d0f-7a9eeea128eb,1633163112254,13.9760098,52.3778313,5.571866,-0.06963998,1.20151,1.6101074,on bike mount,cyclo cross,False,asphalt,good
2dd9a840-144f-4743-a408-20c9b4ef01da,4416f3a3-f30b-498e-832b-6b1e9ac3d7d7,ec872d2b-7dad-475d-b24f-134b5dc816ef,1633163112304,13.9760098,52.3778313,5.571866,-1.5237561,1.4058685,-0.8655262,on bike mount,cyclo cross,False,asphalt,good
2dd9a840-144f-4743-a408-20c9b4ef01da,4416f3a3-f30b-498e-832b-6b1e9ac3d7d7,bdf87ee2-6b42-4e64-bf6f-78622c0bb411,1633163112354,13.9760098,52.3778313,5.571866,0.11459082,-2.9266052,2.114419,on bike mount,cyclo cross,False,asphalt,good
2dd9a840-144f-4743-a408-20c9b4ef01da,4416f3a3-f30b-498e-832b-6b1e9ac3d7d7,712ba0e0-d9b0-43ad-a604-2c8b23feb43f,1633163112421,13.9760098,52.3778313,5.571866,0.29613364,-3.0198026,1.6380644,on bike mount,cyclo cross,False,asphalt,good
2dd9a840-144f-4743-a408-20c9b4ef01da,4416f3a3-f30b-498e-832b-6b1e9ac3d7d7,91848c32-32e5-4233-b894-9c59f79ca3fb,1633163112471,13.9760098,52.3778313,5.571866,0.3265856,-0.30002594,3.9490862,on bike mount,cyclo cross,False,asphalt,good
2dd9a840-144f-4743-a408-20c9b4ef01da,4416f3a3-f30b-498e-832b-6b1e9ac3d7d7,c13881ae-e52c-4e3d-95be-e313d1dfb5de,1633163112538,13.9760098,52.3778313,5.571866,-1.4627941,2.4104123,-0.22634697,on bike mount,cyclo cross,False,asphalt,good
2dd9a840-144f-4743-a408-20c9b4ef01da,4416f3a3-f30b-498e-832b-6b1e9ac3d7d7,33dd57e1-e072-4658-8548-02ffdc7bb8c1,1633163112588,13.9760098,52.3778313,5.571866,-0.5434545,2.2900338,3.530552,on bike mount,cyclo cross,False,asphalt,good
2dd9a840-144f-4743-a408-20c9b4ef01da,4416f3a3-f30b-498e-832b-6b1e9ac3d7d7,3e009e8d-1d37-4f98-bb52-6dfd4deb7b7b,1633163112638,13.9760098,52.3778313,5.571866,-0.7648822,2.5153294,-3.5977974,on bike mount,cyclo cross,False,asphalt,good
2dd9a840-144f-4743-a408-20c9b4ef01da,4416f3a3-f30b-498e-832b-6b1e9ac3d7d7,41ce2479-daf9-4c96-80c1-39a25d49cca4,1633163112704,13.9760894,52.3778032,5.5925164,0.35832757,2.2995005,0.7779741,on bike mount,cyclo cross,False,asphalt,good
2dd9a840-144f-4743-a408-20c9b4ef01da,4416f3a3-f30b-498e-832b-6b1e9ac3d7d7,e51f80b6-a0e1-4a51-bb7d-382a70aef5cf,1633163112755,13.9760894,52.3778032,5.5925164,-0.39740747,-0.771147,-1.2186422,on bike mount,cyclo cross,False,asphalt,good
2dd9a840-144f-4743-a408-20c9b4ef01da,4416f3a3-f30b-498e-832b-6b1e9ac3d7d7,bafb55ce-9817-41cb-84fb-71c5a77ff7fe,1633163112805,13.9760894,52.3778032,5.5925164,-0.5017317,2.2746725,-0.78605175,on bike mount,cyclo cross,False,asphalt,good
2dd9a840-144f-4743-a408-20c9b4ef01da,4416f3a3-f30b-498e-832b-6b1e9ac3d7d7,1c595247-b8f8-4182-a9e4-07cf15c93652,1633163112872,13.9760894,52.3778032,5.5925164,-0.19980523,-2.6033778,1.7383747,on bike mount,cyclo cross,False,asphalt,good
2dd9a840-144f-4743-a408-20c9b4ef01da,4416f3a3-f30b-498e-832b-6b1e9ac3d7d7,05193955-5a0d-4d74-8db9-7af4d4cdb309,1633163112922,13.9760894,52.3778032,5.5925164,-0.39913595,-0.58917,-3.5196166,on bike mount,cyclo cross,False,asphalt,good
2dd9a840-144f-4743-a408-20c9b4ef01da,4416f3a3-f30b-498e-832b-6b1e9ac3d7d7,6c4aea49-3ffc-4140-8138-a24685250f37,1633163112989,13.9760894,52.3778032,5.5925164,0.18520154,-0.026604652,-0.93755436,on bike mount,cyclo cross,False,asphalt,good
2dd9a840-144f-4743-a408-20c9b4ef01da,4416f3a3-f30b-498e-832b-6b1e9ac3d7d7,94188b9a-9a97-4863-b47f-2236d2b44733,1633163113039,13.9760894,52.3778032,5.5925164,-0.60782874,-1.7275516,0.8099127,on bike mount,cyclo cross,False,asphalt,good
2dd9a840-144f-4743-a408-20c9b4ef01da,4416f3a3-f30b-498e-832b-6b1e9ac3d7d7,75ebc766-739f-4ad0-b508-b73372eaf68b,1633163113106,13.9760894,52.3778032,5.5925164,1.19853,2.037467,1.7763948,on bike mount,cyclo cross,False,asphalt,good
2dd9a840-144f-4743-a408-20c9b4ef01da,4416f3a3-f30b-498e-832b-6b1e9ac3d7d7,bf28fbe4-b76e-45dc-82d9-4f01aee390d2,1633163113156,13.9760894,52.3778032,5.5925164,0.27092868,0.25718904,-1.0717177,on bike mount,cyclo cross,False,asphalt,good
2dd9a840-144f-4743-a408-20c9b4ef01da,4416f3a3-f30b-498e-832b-6b1e9ac3d7d7,2b482e12-9fb1-4d8c-a244-ff0e833bb9eb,1633163113223,13.9760894,52.3778032,5.5925164,0.9721297,0.25088406,-1.6748834,on bike mount,cyclo cross,False,asphalt,good
2dd9a840-144f-4743-a408-20c9b4ef01da,4416f3a3-f30b-498e-832b-6b1e9ac3d7d7,8cfa61c7-ff5c-489c-9465-8ef5e79a6752,1633163113289,13.9760894,52.3778032,5.5925164,-0.5358766,2.042904,3.29288,on bike mount,cyclo cross,False,asphalt,good
2dd9a840-144f-4743-a408-20c9b4ef01da,4416f3a3-f30b-498e-832b-6b1e9ac3d7d7,bd5bc177-d647-40fd-9c7c-b4031c49e891,1633163113339,13.9760894,52.3778032,5.5925164,-0.41876692,0.9473078,1.6080599,on bike mount,cyclo cross,False,asphalt,good
2dd9a840-144f-4743-a408-20c9b4ef01da,4416f3a3-f30b-498e-832b-6b1e9ac3d7d7,df801c2c-a838-4ebb-ac71-72a2a23ab31c,1633163113390,13.9760894,52.3778032,5.5925164,0.8534992,-0.37078154,-2.506084,on bike mount,cyclo cross,False,asphalt,good
2dd9a840-144f-4743-a408-20c9b4ef01da,4416f3a3-f30b-498e-832b-6b1e9ac3d7d7,acbf8a16-3ebf-4bc1-8564-af3f99a75bf9,1633163113456,13.9760894,52.3778032,5.5925164,0.28850055,-0.30463743,0.6936321,on bike mount,cyclo cross,False,asphalt,good
2dd9a840-144f-4743-a408-20c9b4ef01da,4416f3a3-f30b-498e-832b-6b1e9ac3d7d7,795c5cc9-b669-42ce-9aa1-598b6564648e,1633163113507,13.9760894,52.3778032,5.5925164,-0.89912176,1.7557592,-2.2111049,on bike mount,cyclo cross,False,asphalt,good
2dd9a840-144f-4743-a408-20c9b4ef01da,4416f3a3-f30b-498e-832b-6b1e9ac3d7d7,d47033e7-7867-416b-b2c2-d78ac4f9949c,1633163113573,13.9760894,52.3778032,5.5925164,1.3824267,-0.49082327,3.1397247,on bike mount,cyclo cross,False,asphalt,good
2dd9a840-144f-4743-a408-20c9b4ef01da,4416f3a3-f30b-498e-832b-6b1e9ac3d7d7,4709ea9b-7d11-4d26-82f7-4e90f31ded3b,1633163113624,13.9760894,52.3778032,5.5925164,-0.3453371,-1.7251356,3.0617886,on bike mount,cyclo cross,False,asphalt,good
2dd9a840-144f-4743-a408-20c9b4ef01da,4416f3a3-f30b-498e-832b-6b1e9ac3d7d7,720c0fa5-7a7f-4cf1-a8f3-b249089bb1ee,1633163113690,13.9761752,52.377772,5.644652,-0.33617365,-0.7356503,-0.63998127,on bike mount,cyclo cross,False,asphalt,good
2dd9a840-144f-4743-a408-20c9b4ef01da,4416f3a3-f30b-498e-832b-6b1e9ac3d7d7,d7cc749b-f137-4031-8369-58db71b83f56,1633163113741,13.9761752,52.377772,5.644652,0.37531805,-0.19791842,-2.9895773,on bike mount,cyclo cross,False,asphalt,good
2dd9a840-144f-4743-a408-20c9b4ef01da,4416f3a3-f30b-498e-832b-6b1e9ac3d7d7,63a42566-265f-44aa-9be8-06d47345c52c,1633163113807,13.9761752,52.377772,5.644652,0.4479309,0.02024126,-0.916543,on bike mount,cyclo cross,False,asphalt,good
2dd9a840-144f-4743-a408-20c9b4ef01da,4416f3a3-f30b-498e-832b-6b1e9ac3d7d7,44800805-83f0-4d22-80a8-3eec4f49e92c,1633163113857,13.9761752,52.377772,5.644652,0.09396452,0.21498537,-1.473494,on bike mount,cyclo cross,False,asphalt,good
2dd9a840-144f-4743-a408-20c9b4ef01da,4416f3a3-f30b-498e-832b-6b1e9ac3d7d7,fcff24b8-72ab-4b26-96ce-5ca2a6c3090f,1633163113908,13.9761752,52.377772,5.644652,0.11529114,0.1967547,0.6394119,on bike mount,cyclo cross,False,asphalt,good
2dd9a840-144f-4743-a408-20c9b4ef01da,4416f3a3-f30b-498e-832b-6b1e9ac3d7d7,be83457f-8471-493d-81b0-1eaad7e621af,1633163113958,13.9761752,52.377772,5.644652,-0.89513636,1.1942236,0.7270069,on bike mount,cyclo cross,False,asphalt,good
2dd9a840-144f-4743-a408-20c9b4ef01da,4416f3a3-f30b-498e-832b-6b1e9ac3d7d7,fcbdf3fe-62cf-4f6c-ac98-9b2314d2ca0d,1633163114008,13.9761752,52.377772,5.644652,0.13862993,-0.52366185,-5.357375,on bike mount,cyclo cross,False,asphalt,good
2dd9a840-144f-4743-a408-20c9b4ef01da,4416f3a3-f30b-498e-832b-6b1e9ac3d7d7,8869a740-2c57-4d9f-b21e-15e5726bf8e9,1633163114075,13.9761752,52.377772,5.644652,0.34425354,0.5489466,-3.646267,on bike mount,cyclo cross,False,asphalt,good
2dd9a840-144f-4743-a408-20c9b4ef01da,4416f3a3-f30b-498e-832b-6b1e9ac3d7d7,e384a4a2-2e1d-4b04-aa71-7b1aca5bf399,1633163114142,13.9761752,52.377772,5.644652,-0.35291502,0.26422906,-2.5853276,on bike mount,cyclo cross,False,asphalt,good
2dd9a840-144f-4743-a408-20c9b4ef01da,4416f3a3-f30b-498e-832b-6b1e9ac3d7d7,36257a7d-4dfd-4bf7-89be-5edb739e0a07,1633163114192,13.9761752,52.377772,5.644652,-0.85434973,2.8346968,-2.189702,on bike mount,cyclo cross,False,asphalt,good
2dd9a840-144f-4743-a408-20c9b4ef01da,4416f3a3-f30b-498e-832b-6b1e9ac3d7d7,9453fab0-13cd-4a31-b2cb-b81ce2cd5e95,1633163114258,13.9761752,52.377772,5.644652,-0.1755718,0.581707,-1.2200437,on bike mount,cyclo cross,False,asphalt,good
2dd9a840-144f-4743-a408-20c9b4ef01da,4416f3a3-f30b-498e-832b-6b1e9ac3d7d7,c04e56f8-e493-439e-a5ce-5ace06206f29,1633163114309,13.9761752,52.377772,5.644652,0.8457365,1.3725674,-0.8532963,on bike mount,cyclo cross,False,asphalt,good
2dd9a840-144f-4743-a408-20c9b4ef01da,4416f3a3-f30b-498e-832b-6b1e9ac3d7d7,451d6ab8-6739-4d49-b620-0fb08bac77df,1633163114359,13.9761752,52.377772,5.644652,-0.2869582,-0.13297534,-0.40726376,on bike mount,cyclo cross,False,asphalt,good
2dd9a840-144f-4743-a408-20c9b4ef01da,4416f3a3-f30b-498e-832b-6b1e9ac3d7d7,d9edd435-dd5f-43e6-baa1-f841edc1fd9f,1633163114409,13.9761752,52.377772,5.644652,-0.40438408,-1.0736487,2.2906456,on bike mount,cyclo cross,False,asphalt,good
2dd9a840-144f-4743-a408-20c9b4ef01da,4416f3a3-f30b-498e-832b-6b1e9ac3d7d7,a85ef93d-c711-4422-9b72-341029291aec,1633163114476,13.9761752,52.377772,5.644652,0.8318526,-1.3024845,-0.33711243,on bike mount,cyclo cross,False,asphalt,good
2dd9a840-144f-4743-a408-20c9b4ef01da,4416f3a3-f30b-498e-832b-6b1e9ac3d7d7,e58599ff-e03d-4d46-ae81-2f208363b7ab,1633163114542,13.9761752,52.377772,5.644652,-0.090384394,1.5238714,0.95548344,on bike mount,cyclo cross,False,asphalt,good
2dd9a840-144f-4743-a408-20c9b4ef01da,4416f3a3-f30b-498e-832b-6b1e9ac3d7d7,b31c6f73-4924-49c3-919f-1e1c3f6d1a71,1633163114592,13.9761752,52.377772,5.644652,0.33073056,-0.83983016,-0.2748022,on bike mount,cyclo cross,False,asphalt,good
2dd9a840-144f-4743-a408-20c9b4ef01da,4416f3a3-f30b-498e-832b-6b1e9ac3d7d7,f305c948-06b7-4848-b2dd-9a2aa7ad3492,1633163114647,13.9761752,52.377772,5.644652,0.71849746,0.52378464,-1.7173233,on bike mount,cyclo cross,False,asphalt,good
2dd9a840-144f-4743-a408-20c9b4ef01da,4416f3a3-f30b-498e-832b-6b1e9ac3d7d7,cb88f9d2-2cdd-44c1-9f73-9bda410b42ea,1633163114709,13.9762608,52.3777402,5.6457453,0.112193525,-1.9092445,2.8788881,on bike mount,cyclo cross,False,asphalt,good
2dd9a840-144f-4743-a408-20c9b4ef01da,4416f3a3-f30b-498e-832b-6b1e9ac3d7d7,2ac1ff25-c416-4993-bd8a-885e09f4c34b,1633163114760,13.9762608,52.3777402,5.6457453,0.9439549,1.6995006,-1.1756215,on bike mount,cyclo cross,False,asphalt,good
2dd9a840-144f-4743-a408-20c9b4ef01da,4416f3a3-f30b-498e-832b-6b1e9ac3d7d7,cbe3921b-b2bc-4324-9ff2-7b95af6c1eb2,1633163114827,13.9762608,52.3777402,5.6457453,1.0686405,1.374706,0.30905437,on bike mount,cyclo cross,False,asphalt,good
2dd9a840-144f-4743-a408-20c9b4ef01da,4416f3a3-f30b-498e-832b-6b1e9ac3d7d7,229f1523-46e8-475e-a44b-6d20f05763f5,1633163114877,13.9762608,52.3777402,5.6457453,0.91428757,-2.8617616,0.21153831,on bike mount,cyclo cross,False,asphalt,good
2dd9a840-144f-4743-a408-20c9b4ef01da,4416f3a3-f30b-498e-832b-6b1e9ac3d7d7,b13cd4c4-3971-4bc7-a058-cd28d358a59f,1633163114944,13.9762608,52.3777402,5.6457453,0.81366694,-0.5360923,-0.69029903,on bike mount,cyclo cross,False,asphalt,good
2dd9a840-144f-4743-a408-20c9b4ef01da,4416f3a3-f30b-498e-832b-6b1e9ac3d7d7,b7626561-e2bc-4a30-a0d6-6165bc6126c8,1633163114994,13.9762608,52.3777402,5.6457453,0.16087708,0.21288466,-2.459773,on bike mount,cyclo cross,False,asphalt,good
2dd9a840-144f-4743-a408-20c9b4ef01da,4416f3a3-f30b-498e-832b-6b1e9ac3d7d7,dd9a3bb9-d7cc-476b-84b3-5f10d27c1bb6,1633163115061,13.9762608,52.3777402,5.6457453,0.51629466,-3.4769936,-2.2369905,on bike mount,cyclo cross,False,asphalt,good
2dd9a840-144f-4743-a408-20c9b4ef01da,4416f3a3-f30b-498e-832b-6b1e9ac3d7d7,c12c462b-d8d4-4e90-a343-4ccd6b049b9a,1633163115127,13.9762608,52.3777402,5.6457453,0.5354756,-0.550215,1.8039637,on bike mount,cyclo cross,False,asphalt,good
2dd9a840-144f-4743-a408-20c9b4ef01da,4416f3a3-f30b-498e-832b-6b1e9ac3d7d7,eaf0032f-8eb7-4260-af56-116fbb96d859,1633163115194,13.9762608,52.3777402,5.6457453,0.59492046,0.39797163,-1.439681,on bike mount,cyclo cross,False,asphalt,good
2dd9a840-144f-4743-a408-20c9b4ef01da,4416f3a3-f30b-498e-832b-6b1e9ac3d7d7,2e6b9e03-3c09-4090-922c-f56698ed90fa,1633163115261,13.9762608,52.3777402,5.6457453,0.18273771,2.9231253,-3.4171627,on bike mount,cyclo cross,False,asphalt,good
2dd9a840-144f-4743-a408-20c9b4ef01da,4416f3a3-f30b-498e-832b-6b1e9ac3d7d7,e58425e1-6b89-4a91-bf92-894324ab7a19,1633163115328,13.9762608,52.3777402,5.6457453,1.1250407,-1.0088823,-0.9022379,on bike mount,cyclo cross,False,asphalt,good
2dd9a840-144f-4743-a408-20c9b4ef01da,4416f3a3-f30b-498e-832b-6b1e9ac3d7d7,2bdab946-baf0-485b-87a9-a3cc801a5f0e,1633163115378,13.9762608,52.3777402,5.6457453,1.2561293,-0.9716046,4.7440243,on bike mount,cyclo cross,False,asphalt,good
2dd9a840-144f-4743-a408-20c9b4ef01da,4416f3a3-f30b-498e-832b-6b1e9ac3d7d7,af862b75-9748-4804-aafc-234cfb10c22e,1633163115445,13.9762608,52.3777402,5.6457453,-0.034751743,-4.2868032,2.77985,on bike mount,cyclo cross,False,asphalt,good
2dd9a840-144f-4743-a408-20c9b4ef01da,4416f3a3-f30b-498e-832b-6b1e9ac3d7d7,0ee043f7-1eea-4c2f-8db9-c4c64e50ed5e,1633163115512,13.9762608,52.3777402,5.6457453,-0.2758901,-0.5007682,0.52611446,on bike mount,cyclo cross,False,asphalt,good
2dd9a840-144f-4743-a408-20c9b4ef01da,4416f3a3-f30b-498e-832b-6b1e9ac3d7d7,2cb38c3c-c789-455f-a607-449de275f1c8,1633163115578,13.9762608,52.3777402,5.6457453,0.64355326,2.6689777,-9.309963,on bike mount,cyclo cross,False,asphalt,good
2dd9a840-144f-4743-a408-20c9b4ef01da,4416f3a3-f30b-498e-832b-6b1e9ac3d7d7,b83f3619-c498-45d9-b57c-18293dab84c7,1633163115629,13.9762608,52.3777402,5.6457453,-0.58162016,0.03260851,-1.7985396,on bike mount,cyclo cross,False,asphalt,good
2dd9a840-144f-4743-a408-20c9b4ef01da,4416f3a3-f30b-498e-832b-6b1e9ac3d7d7,7e311ebb-6d2f-4ea8-8f08-5313ac60cc06,1633163115695,13.9763358,52.3777146,5.6404357,-0.5493779,-2.4968085,3.9691448,on bike mount,cyclo cross,False,asphalt,good
2dd9a840-144f-4743-a408-20c9b4ef01da,4416f3a3-f30b-498e-832b-6b1e9ac3d7d7,fc19581e-cb77-41f4-992a-419e46e45350,1633163115746,13.9763358,52.3777146,5.6404357,-0.6469715,-0.5016844,3.0933332,on bike mount,cyclo cross,False,asphalt,good
2dd9a840-144f-4743-a408-20c9b4ef01da,4416f3a3-f30b-498e-832b-6b1e9ac3d7d7,aaf73fa0-c91b-46de-9713-ad0120b00fa7,1633163115812,13.9763358,52.3777146,5.6404357,-1.3666095,2.62678,-1.3150415,on bike mount,cyclo cross,False,asphalt,good
2dd9a840-144f-4743-a408-20c9b4ef01da,4416f3a3-f30b-498e-832b-6b1e9ac3d7d7,409a9fc3-7d0b-4ae5-9e51-5bd86efb5684,1633163115862,13.9763358,52.3777146,5.6404357,0.44832683,1.651165,-0.11134434,on bike mount,cyclo cross,False,asphalt,good
2dd9a840-144f-4743-a408-20c9b4ef01da,4416f3a3-f30b-498e-832b-6b1e9ac3d7d7,7cec401a-367f-4a8f-a66d-6e346714f40b,1633163115913,13.9763358,52.3777146,5.6404357,-0.06723964,1.4890518,0.1761179,on bike mount,cyclo cross,False,asphalt,good
2dd9a840-144f-4743-a408-20c9b4ef01da,4416f3a3-f30b-498e-832b-6b1e9ac3d7d7,31fa0d5d-0abf-4e6a-abb9-52db377d96f9,1633163115963,13.9763358,52.3777146,5.6404357,0.21862668,0.3048911,0.8858719,on bike mount,cyclo cross,False,asphalt,good
2dd9a840-144f-4743-a408-20c9b4ef01da,4416f3a3-f30b-498e-832b-6b1e9ac3d7d7,540f0cdf-7435-44c9-b59c-8e45762099c7,1633163116029,13.9763358,52.3777146,5.6404357,-0.73580885,0.056382656,-1.1110735,on bike mount,cyclo cross,False,asphalt,good
2dd9a840-144f-4743-a408-20c9b4ef01da,4416f3a3-f30b-498e-832b-6b1e9ac3d7d7,db10b70c-8b0d-4d8a-8504-881066621d60,1633163116080,13.9763358,52.3777146,5.6404357,-0.57495797,-0.7740452,3.0065966,on bike mount,cyclo cross,False,asphalt,good
2dd9a840-144f-4743-a408-20c9b4ef01da,4416f3a3-f30b-498e-832b-6b1e9ac3d7d7,b7c96045-a976-4a67-a688-632bc67ba2a6,1633163116147,13.9763358,52.3777146,5.6404357,0.36310238,-1.2831255,0.43419266,on bike mount,cyclo cross,False,asphalt,good
2dd9a840-144f-4743-a408-20c9b4ef01da,4416f3a3-f30b-498e-832b-6b1e9ac3d7d7,3161b830-4d93-42b2-9630-2a5453745bf9,1633163116197,13.9763358,52.3777146,5.6404357,-0.020925969,-0.43086243,6.176757,on bike mount,cyclo cross,False,asphalt,good
2dd9a840-144f-4743-a408-20c9b4ef01da,4416f3a3-f30b-498e-832b-6b1e9ac3d7d7,ef4726d2-a23c-4440-b800-eeb14dbd04d6,1633163116247,13.9763358,52.3777146,5.6404357,-0.47436842,0.9074333,1.2630568,on bike mount,cyclo cross,False,asphalt,good
2dd9a840-144f-4743-a408-20c9b4ef01da,4416f3a3-f30b-498e-832b-6b1e9ac3d7d7,63c815a3-9487-4390-a450-6807c83a6d24,1633163116314,13.9763358,52.3777146,5.6404357,-0.6101381,-0.6231861,-2.0224314,on bike mount,cyclo cross,False,asphalt,good
2dd9a840-144f-4743-a408-20c9b4ef01da,4416f3a3-f30b-498e-832b-6b1e9ac3d7d7,edb2f632-e488-4186-823d-2b44185c6c00,1633163116381,13.9763358,52.3777146,5.6404357,1.1723139,-4.673153,3.3962135,on bike mount,cyclo cross,False,asphalt,good
2dd9a840-144f-4743-a408-20c9b4ef01da,4416f3a3-f30b-498e-832b-6b1e9ac3d7d7,6e4ad847-0227-4a0f-a2b8-6f48dae76f87,1633163116430,13.9763358,52.3777146,5.6404357,-0.6472643,-0.5634136,-0.109472275,on bike mount,cyclo cross,False,asphalt,good
2dd9a840-144f-4743-a408-20c9b4ef01da,4416f3a3-f30b-498e-832b-6b1e9ac3d7d7,7376a8b5-08d9-4af3-a477-f00bd3b1e56a,1633163116481,13.9763358,52.3777146,5.6404357,0.9481969,-1.0714719,0.009830475,on bike mount,cyclo cross,False,asphalt,good
2dd9a840-144f-4743-a408-20c9b4ef01da,4416f3a3-f30b-498e-832b-6b1e9ac3d7d7,fc442eba-3356-4634-8ab9-083eb7c5ee42,1633163116531,13.9763358,52.3777146,5.6404357,0.29740947,-0.8095188,2.0672474,on bike mount,cyclo cross,False,asphalt,good
2dd9a840-144f-4743-a408-20c9b4ef01da,4416f3a3-f30b-498e-832b-6b1e9ac3d7d7,1f15fb3c-7120-45ae-a67e-3ff27f60d8ea,1633163116598,13.9763358,52.3777146,5.6404357,0.5470682,2.43547,-1.629138,on bike mount,cyclo cross,False,asphalt,good
2dd9a840-144f-4743-a408-20c9b4ef01da,4416f3a3-f30b-498e-832b-6b1e9ac3d7d7,36b601b6-979e-4951-be99-3725948e44ee,1633163116664,13.9764069,52.3776866,5.597513,0.71703905,-1.8115138,-0.6937847,on bike mount,cyclo cross,False,asphalt,good
2dd9a840-144f-4743-a408-20c9b4ef01da,4416f3a3-f30b-498e-832b-6b1e9ac3d7d7,7684ed24-f51b-46a7-99cc-07f761a0e386,1633163116731,13.9764069,52.3776866,5.597513,-0.17280495,-0.5716102,-1.8955178,on bike mount,cyclo cross,False,asphalt,good
2dd9a840-144f-4743-a408-20c9b4ef01da,4416f3a3-f30b-498e-832b-6b1e9ac3d7d7,3015cbc5-1fd0-4839-af2e-f69b2feb03c7,1633163116798,13.9764069,52.3776866,5.597513,0.37407383,1.7208962,-1.3683605,on bike mount,cyclo cross,False,asphalt,good
2dd9a840-144f-4743-a408-20c9b4ef01da,4416f3a3-f30b-498e-832b-6b1e9ac3d7d7,da308b11-9912-40c9-8670-8db70bb9b697,1633163116865,13.9764069,52.3776866,5.597513,0.56394005,1.9209435,-4.8836555,on bike mount,cyclo cross,False,asphalt,good
2dd9a840-144f-4743-a408-20c9b4ef01da,4416f3a3-f30b-498e-832b-6b1e9ac3d7d7,c55b7ac1-7858-4fd9-a292-72c586d98ce3,1633163116932,13.9764069,52.3776866,5.597513,-0.20533231,0.7711141,1.356574,on bike mount,cyclo cross,False,asphalt,good
2dd9a840-144f-4743-a408-20c9b4ef01da,4416f3a3-f30b-498e-832b-6b1e9ac3d7d7,b94c6c92-17a2-48da-a2ed-d8fea151a2d7,1633163116999,13.9764069,52.3776866,5.597513,-0.22336823,2.335837,-0.11357784,on bike mount,cyclo cross,False,asphalt,good
2dd9a840-144f-4743-a408-20c9b4ef01da,4416f3a3-f30b-498e-832b-6b1e9ac3d7d7,af414740-2da9-4dc1-adea-43a5c7cef2c7,1633163117049,13.9764069,52.3776866,5.597513,1.8251234,-0.6253301,-2.877429,on bike mount,cyclo cross,False,asphalt,good
2dd9a840-144f-4743-a408-20c9b4ef01da,4416f3a3-f30b-498e-832b-6b1e9ac3d7d7,d4a4c3fd-4a3a-4132-b2f0-bed512d8a84f,1633163117116,13.9764069,52.3776866,5.597513,-0.0015183687,0.23465896,0.4520731,on bike mount,cyclo cross,False,asphalt,good
2dd9a840-144f-4743-a408-20c9b4ef01da,4416f3a3-f30b-498e-832b-6b1e9ac3d7d7,396d1ae8-c3cd-4df7-ab92-bdfa352cae81,1633163117166,13.9764069,52.3776866,5.597513,1.0925219,-0.7794738,3.813323,on bike mount,cyclo cross,False,asphalt,good
2dd9a840-144f-4743-a408-20c9b4ef01da,4416f3a3-f30b-498e-832b-6b1e9ac3d7d7,567c07b0-5d55-4708-abaf-c4d015d98f15,1633163117232,13.9764069,52.3776866,5.597513,0.15946178,-2.2857509,-2.577557,on bike mount,cyclo cross,False,asphalt,good
2dd9a840-144f-4743-a408-20c9b4ef01da,4416f3a3-f30b-498e-832b-6b1e9ac3d7d7,bf3b8beb-db28-4862-9008-d476ab9f0e2d,1633163117283,13.9764069,52.3776866,5.597513,-0.58352745,2.173433,1.5573673,on bike mount,cyclo cross,False,asphalt,good
2dd9a840-144f-4743-a408-20c9b4ef01da,4416f3a3-f30b-498e-832b-6b1e9ac3d7d7,3fd32b2e-9f70-493c-af92-1e1fd804c03d,1633163117349,13.9764069,52.3776866,5.597513,-1.2702756,0.17697215,2.6177588,on bike mount,cyclo cross,False,asphalt,good
2dd9a840-144f-4743-a408-20c9b4ef01da,4416f3a3-f30b-498e-832b-6b1e9ac3d7d7,ccb57550-059d-4feb-87fa-8c18f4ee44d0,1633163117400,13.9764069,52.3776866,5.597513,0.44097605,0.12296009,1.5084972,on bike mount,cyclo cross,False,asphalt,good
2dd9a840-144f-4743-a408-20c9b4ef01da,4416f3a3-f30b-498e-832b-6b1e9ac3d7d7,59acc8ee-115c-428c-a61d-9bc8f9fdbe4d,1633163117466,13.9764069,52.3776866,5.597513,0.13442457,1.7007692,-0.98352814,on bike mount,cyclo cross,False,asphalt,good
2dd9a840-144f-4743-a408-20c9b4ef01da,4416f3a3-f30b-498e-832b-6b1e9ac3d7d7,884f665b-58ce-4584-9182-1a27f3396a6f,1633163117517,13.9764069,52.3776866,5.597513,0.43963122,-1.5675759,1.681448,on bike mount,cyclo cross,False,asphalt,good
2dd9a840-144f-4743-a408-20c9b4ef01da,4416f3a3-f30b-498e-832b-6b1e9ac3d7d7,23174f5d-44b1-4010-8f55-33fff182afdb,1633163117567,13.9764069,52.3776866,5.597513,-0.16854915,-3.2474968,-3.2176542,on bike mount,cyclo cross,False,asphalt,good
2dd9a840-144f-4743-a408-20c9b4ef01da,4416f3a3-f30b-498e-832b-6b1e9ac3d7d7,0cebe555-ccf6-4939-84b7-55aa8b5e257b,1633163117634,13.9764069,52.3776866,5.597513,0.2702336,-1.2218512,-3.4823794,on bike mount,cyclo cross,False,asphalt,good
2dd9a840-144f-4743-a408-20c9b4ef01da,4416f3a3-f30b-498e-832b-6b1e9ac3d7d7,f941e9e3-f17c-4a64-97cc-2d33c4a89028,1633163117700,13.9764739,52.3776592,5.5501914,-0.11271365,-0.69867706,-4.3870482,on bike mount,cyclo cross,False,asphalt,good
2dd9a840-144f-4743-a408-20c9b4ef01da,4416f3a3-f30b-498e-832b-6b1e9ac3d7d7,b6aa3059-4a10-4a3d-8d2d-57a3751e47e9,1633163117767,13.9764739,52.3776592,5.5501914,0.10855115,-1.4896771,2.2403908,on bike mount,cyclo cross,False,asphalt,good
2dd9a840-144f-4743-a408-20c9b4ef01da,4416f3a3-f30b-498e-832b-6b1e9ac3d7d7,7e68bd3e-6d8e-4828-b2ff-033bc53cca8f,1633163117817,13.9764739,52.3776592,5.5501914,0.48612,-0.15278411,-0.24487877,on bike mount,cyclo cross,False,asphalt,good
2dd9a840-144f-4743-a408-20c9b4ef01da,4416f3a3-f30b-498e-832b-6b1e9ac3d7d7,f326a995-db45-4084-8a2b-8faf53ee0fc8,1633163117868,13.9764739,52.3776592,5.5501914,-0.8237188,0.11054635,10.555656,on bike mount,cyclo cross,False,asphalt,good
2dd9a840-144f-4743-a408-20c9b4ef01da,4416f3a3-f30b-498e-832b-6b1e9ac3d7d7,c7396c02-9b1e-4bed-a489-569fc818dd19,1633163117918,13.9764739,52.3776592,5.5501914,-0.35794467,-0.5174315,-4.624791,on bike mount,cyclo cross,False,asphalt,good
2dd9a840-144f-4743-a408-20c9b4ef01da,4416f3a3-f30b-498e-832b-6b1e9ac3d7d7,c5bbf0b7-e68f-4105-83d2-0b20e0212fd3,1633163117985,13.9764739,52.3776592,5.5501914,0.3008423,-2.0122662,1.9530306,on bike mount,cyclo cross,False,asphalt,good
2dd9a840-144f-4743-a408-20c9b4ef01da,4416f3a3-f30b-498e-832b-6b1e9ac3d7d7,3f1cf0e8-046a-4009-9585-2178a505d8b9,1633163118035,13.9764739,52.3776592,5.5501914,-0.5898671,2.149549,-3.3499384,on bike mount,cyclo cross,False,asphalt,good
2dd9a840-144f-4743-a408-20c9b4ef01da,4416f3a3-f30b-498e-832b-6b1e9ac3d7d7,ecd8c5db-cb03-4bde-ab83-0c1dd9de0734,1633163118101,13.9764739,52.3776592,5.5501914,-0.72810745,1.406841,0.9235878,on bike mount,cyclo cross,False,asphalt,good
2dd9a840-144f-4743-a408-20c9b4ef01da,4416f3a3-f30b-498e-832b-6b1e9ac3d7d7,fa57f70a-18f9-4fa2-b613-cb14c6fe6266,1633163118151,13.9764739,52.3776592,5.5501914,0.13970166,-1.5129807,1.6551962,on bike mount,cyclo cross,False,asphalt,good
2dd9a840-144f-4743-a408-20c9b4ef01da,4416f3a3-f30b-498e-832b-6b1e9ac3d7d7,191a5c05-05a9-452f-9d59-1c987160f1a6,1633163118202,13.9764739,52.3776592,5.5501914,0.44442642,-0.11168337,-2.2350202,on bike mount,cyclo cross,False,asphalt,good
2dd9a840-144f-4743-a408-20c9b4ef01da,4416f3a3-f30b-498e-832b-6b1e9ac3d7d7,a547d3f8-af97-4a19-ae45-564b6ff840be,1633163118269,13.9764739,52.3776592,5.5501914,-0.092704296,1.5039253,-3.8615093,on bike mount,cyclo cross,False,asphalt,good
2dd9a840-144f-4743-a408-20c9b4ef01da,4416f3a3-f30b-498e-832b-6b1e9ac3d7d7,67045071-298e-421e-9714-f88629408ad1,1633163118319,13.9764739,52.3776592,5.5501914,-0.3020134,-0.39508057,-0.054389,on bike mount,cyclo cross,False,asphalt,good
2dd9a840-144f-4743-a408-20c9b4ef01da,4416f3a3-f30b-498e-832b-6b1e9ac3d7d7,70e30208-8311-4e79-a418-bb88aa0e34fe,1633163118385,13.9764739,52.3776592,5.5501914,-0.686576,-1.8362355,1.0763187,on bike mount,cyclo cross,False,asphalt,good
2dd9a840-144f-4743-a408-20c9b4ef01da,4416f3a3-f30b-498e-832b-6b1e9ac3d7d7,52fff692-89db-44d4-a33d-9ef69dab9080,1633163118436,13.9764739,52.3776592,5.5501914,-0.04891974,-2.7036896,2.3984365,on bike mount,cyclo cross,False,asphalt,good
2dd9a840-144f-4743-a408-20c9b4ef01da,4416f3a3-f30b-498e-832b-6b1e9ac3d7d7,c9adc7c6-1bbe-4e49-a9ec-1fa82f4e9123,1633163118503,13.9764739,52.3776592,5.5501914,-0.38383943,-0.18005109,-1.5279536,on bike mount,cyclo cross,False,asphalt,good
2dd9a840-144f-4743-a408-20c9b4ef01da,4416f3a3-f30b-498e-832b-6b1e9ac3d7d7,79da18e2-0415-4337-b1b4-4f3c0d79996a,1633163118553,13.9764739,52.3776592,5.5501914,-0.90225756,0.3188815,0.23573971,on bike mount,cyclo cross,False,asphalt,good
2dd9a840-144f-4743-a408-20c9b4ef01da,4416f3a3-f30b-498e-832b-6b1e9ac3d7d7,0ae3843a-22c7-4c9e-bc93-df29e0f87bfe,1633163118620,13.9764739,52.3776592,5.5501914,-0.15204848,-1.7781818,-2.3145857,on bike mount,cyclo cross,False,asphalt,good
2dd9a840-144f-4743-a408-20c9b4ef01da,4416f3a3-f30b-498e-832b-6b1e9ac3d7d7,15a87001-773b-4113-9dbe-540f0ed57ebb,1633163118686,13.9765326,52.377639,5.4207153,-0.27028313,-0.4694488,3.3521223,on bike mount,cyclo cross,False,asphalt,good
2dd9a840-144f-4743-a408-20c9b4ef01da,4416f3a3-f30b-498e-832b-6b1e9ac3d7d7,9bc97921-2950-4b97-a8ba-02aaff50d75c,1633163118753,13.9765326,52.377639,5.4207153,0.4891659,-0.99312854,-0.75091076,on bike mount,cyclo cross,False,asphalt,good
2dd9a840-144f-4743-a408-20c9b4ef01da,4416f3a3-f30b-498e-832b-6b1e9ac3d7d7,017ba7b6-1f8a-405f-a7bc-eafc17ac4c4b,1633163118820,13.9765326,52.377639,5.4207153,0.92312855,-3.0583572,0.3173628,on bike mount,cyclo cross,False,asphalt,good
2dd9a840-144f-4743-a408-20c9b4ef01da,4416f3a3-f30b-498e-832b-6b1e9ac3d7d7,4761b1e4-66a5-4de3-aef5-9e2bcd924f40,1633163118887,13.9765326,52.377639,5.4207153,0.07470732,-0.36769247,0.59715176,on bike mount,cyclo cross,False,asphalt,good
2dd9a840-144f-4743-a408-20c9b4ef01da,4416f3a3-f30b-498e-832b-6b1e9ac3d7d7,cce5a42f-1d47-4649-a8ff-becde777d565,1633163118954,13.9765326,52.377639,5.4207153,-0.18754268,-0.21942616,-0.099289894,on bike mount,cyclo cross,False,asphalt,good
2dd9a840-144f-4743-a408-20c9b4ef01da,4416f3a3-f30b-498e-832b-6b1e9ac3d7d7,778e19b2-d14c-4846-adc0-4c4cd512e097,1633163119021,13.9765326,52.377639,5.4207153,-0.2739905,0.46122026,-2.990128,on bike mount,cyclo cross,False,asphalt,good
2dd9a840-144f-4743-a408-20c9b4ef01da,4416f3a3-f30b-498e-832b-6b1e9ac3d7d7,c3fd2069-f87e-4589-998b-99865366a87d,1633163119087,13.9765326,52.377639,5.4207153,0.5969394,-1.043813,-0.7994113,on bike mount,cyclo cross,False,asphalt,good
2dd9a840-144f-4743-a408-20c9b4ef01da,4416f3a3-f30b-498e-832b-6b1e9ac3d7d7,2f28a173-07de-4148-8575-1c61f0e5a07d,1633163119138,13.9765326,52.377639,5.4207153,-0.881826,0.7049763,2.33572,on bike mount,cyclo cross,False,asphalt,good
2dd9a840-144f-4743-a408-20c9b4ef01da,4416f3a3-f30b-498e-832b-6b1e9ac3d7d7,676aeb2a-78f9-4afc-8375-3596d89a2105,1633163119188,13.9765326,52.377639,5.4207153,0.23085363,-0.946246,2.4065514,on bike mount,cyclo cross,False,asphalt,good
2dd9a840-144f-4743-a408-20c9b4ef01da,4416f3a3-f30b-498e-832b-6b1e9ac3d7d7,5d668d5b-7042-49fc-9b4c-3f9a31b5114b,1633163119254,13.9765326,52.377639,5.4207153,-0.5473534,-1.1746902,-2.0791492,on bike mount,cyclo cross,False,asphalt,good
2dd9a840-144f-4743-a408-20c9b4ef01da,4416f3a3-f30b-498e-832b-6b1e9ac3d7d7,678eb63c-9fb6-4a8e-9d58-22dae525500c,1633163119305,13.9765326,52.377639,5.4207153,0.24445678,-0.58092356,-0.04366684,on bike mount,cyclo cross,False,asphalt,good
2dd9a840-144f-4743-a408-20c9b4ef01da,4416f3a3-f30b-498e-832b-6b1e9ac3d7d7,c046d324-adbd-4538-a450-afa30089faa3,1633163119371,13.9765326,52.377639,5.4207153,0.6111722,-3.4998457,-4.152811,on bike mount,cyclo cross,False,asphalt,good
2dd9a840-144f-4743-a408-20c9b4ef01da,4416f3a3-f30b-498e-832b-6b1e9ac3d7d7,862cb086-f831-4ecc-8278-ef04d67f80a7,1633163119422,13.9765326,52.377639,5.4207153,0.7079246,-0.95646703,-3.6334796,on bike mount,cyclo cross,False,asphalt,good
2dd9a840-144f-4743-a408-20c9b4ef01da,4416f3a3-f30b-498e-832b-6b1e9ac3d7d7,f91726ea-84ef-4a4d-a7f7-c45d24f64e44,1633163119472,13.9765326,52.377639,5.4207153,1.275351,-1.4206338,-3.0361152,on bike mount,cyclo cross,False,asphalt,good
2dd9a840-144f-4743-a408-20c9b4ef01da,4416f3a3-f30b-498e-832b-6b1e9ac3d7d7,d5d7f78a-fd19-416e-902b-4350d7f13286,1633163119539,13.9765326,52.377639,5.4207153,1.0170735,0.28059387,1.6492071,on bike mount,cyclo cross,False,asphalt,good
2dd9a840-144f-4743-a408-20c9b4ef01da,4416f3a3-f30b-498e-832b-6b1e9ac3d7d7,21a80b08-7dcd-406d-92be-7eca45aa9911,1633163119589,13.9765326,52.377639,5.4207153,0.28143877,-2.3356056,4.750599,on bike mount,cyclo cross,False,asphalt,good
2dd9a840-144f-4743-a408-20c9b4ef01da,4416f3a3-f30b-498e-832b-6b1e9ac3d7d7,68b008db-9f7f-48fe-b62e-d392a1a71890,1633163119655,13.9765841,52.3776279,5.195813,-0.3438366,0.2726872,-0.91434383,on bike mount,cyclo cross,False,asphalt,good
2dd9a840-144f-4743-a408-20c9b4ef01da,4416f3a3-f30b-498e-832b-6b1e9ac3d7d7,4df4f6fd-c817-42e8-908d-5babfe4ea0da,1633163119722,13.9765841,52.3776279,5.195813,-0.0069251657,-1.9116784,-4.3279285,on bike mount,cyclo cross,False,asphalt,good
2dd9a840-144f-4743-a408-20c9b4ef01da,4416f3a3-f30b-498e-832b-6b1e9ac3d7d7,df248190-2e64-44f8-bea1-19ad3ba3a43b,1633163119772,13.9765841,52.3776279,5.195813,-0.5421005,0.34042263,-2.1021,on bike mount,cyclo cross,False,asphalt,good
2dd9a840-144f-4743-a408-20c9b4ef01da,4416f3a3-f30b-498e-832b-6b1e9ac3d7d7,d2fe420c-5d31-41b9-8e7c-f7697b60e70c,1633163119823,13.9765841,52.3776279,5.195813,-0.22659379,-0.6964916,-2.293507,on bike mount,cyclo cross,False,asphalt,good
2dd9a840-144f-4743-a408-20c9b4ef01da,4416f3a3-f30b-498e-832b-6b1e9ac3d7d7,b2de357a-1616-43a1-b7d8-adea092b44c2,1633163119889,13.9765841,52.3776279,5.195813,-0.2628295,1.2700653,4.2237883,on bike mount,cyclo cross,False,asphalt,good
2dd9a840-144f-4743-a408-20c9b4ef01da,4416f3a3-f30b-498e-832b-6b1e9ac3d7d7,fcb14b9a-06cd-4223-bc2c-f62ea8dd3462,1633163119940,13.9765841,52.3776279,5.195813,-0.34848833,1.3908706,-1.426261,on bike mount,cyclo cross,False,asphalt,good
2dd9a840-144f-4743-a408-20c9b4ef01da,4416f3a3-f30b-498e-832b-6b1e9ac3d7d7,82733daa-dfd8-4cd2-a2b5-7cd2f658113c,1633163119990,13.9765841,52.3776279,5.195813,-0.4557696,1.92151,2.9174938,on bike mount,cyclo cross,False,asphalt,good
2dd9a840-144f-4743-a408-20c9b4ef01da,4416f3a3-f30b-498e-832b-6b1e9ac3d7d7,ecc06124-342e-4b68-9a88-59b5e213318b,1633163120056,13.9765841,52.3776279,5.195813,-0.2444298,-1.4017438,-2.5367107,on bike mount,cyclo cross,False,asphalt,good
2dd9a840-144f-4743-a408-20c9b4ef01da,4416f3a3-f30b-498e-832b-6b1e9ac3d7d7,a27cf4e4-8bcf-43e2-92fc-0269d75de022,1633163120107,13.9765841,52.3776279,5.195813,0.10761374,1.4575968,-0.42729378,on bike mount,cyclo cross,False,asphalt,good
2dd9a840-144f-4743-a408-20c9b4ef01da,4416f3a3-f30b-498e-832b-6b1e9ac3d7d7,e031c924-caa6-4ff4-8291-b56d1862374f,1633163120174,13.9765841,52.3776279,5.195813,-1.3087947,-1.8338134,2.075058,on bike mount,cyclo cross,False,asphalt,good
2dd9a840-144f-4743-a408-20c9b4ef01da,4416f3a3-f30b-498e-832b-6b1e9ac3d7d7,326913e5-2502-4f43-9614-158dc07f7951,1633163120224,13.9765841,52.3776279,5.195813,0.047658473,0.9064393,-1.0130711,on bike mount,cyclo cross,False,asphalt,good
2dd9a840-144f-4743-a408-20c9b4ef01da,4416f3a3-f30b-498e-832b-6b1e9ac3d7d7,c746d844-db5b-48a4-b1e8-0b37908ae045,1633163120291,13.9765841,52.3776279,5.195813,-1.3456388,3.4468808,-0.48487663,on bike mount,cyclo cross,False,asphalt,good
2dd9a840-144f-4743-a408-20c9b4ef01da,4416f3a3-f30b-498e-832b-6b1e9ac3d7d7,050cec83-e2f3-4622-a03a-f97f353cc68f,1633163120341,13.9765841,52.3776279,5.195813,-0.17650373,2.0542078,1.6011944,on bike mount,cyclo cross,False,asphalt,good
2dd9a840-144f-4743-a408-20c9b4ef01da,4416f3a3-f30b-498e-832b-6b1e9ac3d7d7,b6732621-20e4-464e-8d18-701af174d02d,1633163120408,13.9765841,52.3776279,5.195813,-0.66068506,0.4418552,1.2746153,on bike mount,cyclo cross,False,asphalt,good
2dd9a840-144f-4743-a408-20c9b4ef01da,4416f3a3-f30b-498e-832b-6b1e9ac3d7d7,15d103ea-180b-4582-ab98-689f13d672a1,1633163120458,13.9765841,52.3776279,5.195813,-0.40052232,2.3736572,-2.9218225,on bike mount,cyclo cross,False,asphalt,good
2dd9a840-144f-4743-a408-20c9b4ef01da,4416f3a3-f30b-498e-832b-6b1e9ac3d7d7,69b6121f-5346-47e1-8b99-dda347e8242d,1633163120525,13.9765841,52.3776279,5.195813,-0.46933421,1.0491471,-0.6276903,on bike mount,cyclo cross,False,asphalt,good
2dd9a840-144f-4743-a408-20c9b4ef01da,4416f3a3-f30b-498e-832b-6b1e9ac3d7d7,86e5cc3c-0662-4b07-85f1-99eccc66b171,1633163120575,13.9765841,52.3776279,5.195813,-0.45902166,-1.2411951,0.33436012,on bike mount,cyclo cross,False,asphalt,good
2dd9a840-144f-4743-a408-20c9b4ef01da,4416f3a3-f30b-498e-832b-6b1e9ac3d7d7,85522a1a-ce9d-484b-8bd5-39f967a205c6,1633163120642,13.9765841,52.3776279,5.195813,-0.18481934,-0.19102883,-0.28771496,on bike mount,cyclo cross,False,asphalt,good
2dd9a840-144f-4743-a408-20c9b4ef01da,4416f3a3-f30b-498e-832b-6b1e9ac3d7d7,0f6b7e44-e215-4303-be57-7cffa79397fb,1633163120708,13.9766352,52.377608,4.482899,-1.0717437,1.3162994,1.6699047,on bike mount,cyclo cross,False,asphalt,good
2dd9a840-144f-4743-a408-20c9b4ef01da,4416f3a3-f30b-498e-832b-6b1e9ac3d7d7,10bdea47-2c57-47f9-85f8-ff65117f38d8,1633163120775,13.9766352,52.377608,4.482899,-0.7498754,-1.4785635,1.2445784,on bike mount,cyclo cross,False,asphalt,good
2dd9a840-144f-4743-a408-20c9b4ef01da,4416f3a3-f30b-498e-832b-6b1e9ac3d7d7,0c44b251-4f29-4443-8466-b19fd8330c6c,1633163120842,13.9766352,52.377608,4.482899,-1.3128287,1.3509665,4.4987097,on bike mount,cyclo cross,False,asphalt,good
2dd9a840-144f-4743-a408-20c9b4ef01da,4416f3a3-f30b-498e-832b-6b1e9ac3d7d7,cb6d6081-7fae-4a80-b458-099bc5f37c6a,1633163120909,13.9766352,52.377608,4.482899,-0.3484945,-0.2501452,0.49658108,on bike mount,cyclo cross,False,asphalt,good
2dd9a840-144f-4743-a408-20c9b4ef01da,4416f3a3-f30b-498e-832b-6b1e9ac3d7d7,7c493014-3aa5-4ec5-a3b5-f37b19d602e1,1633163120976,13.9766352,52.377608,4.482899,-0.6521983,1.3001552,-2.6992774,on bike mount,cyclo cross,False,asphalt,good
2dd9a840-144f-4743-a408-20c9b4ef01da,4416f3a3-f30b-498e-832b-6b1e9ac3d7d7,7ab3c18f-5d2e-4c12-b307-bbd27578ecb9,1633163121026,13.9766352,52.377608,4.482899,0.7970077,0.45120597,-0.21746445,on bike mount,cyclo cross,False,asphalt,good
2dd9a840-144f-4743-a408-20c9b4ef01da,4416f3a3-f30b-498e-832b-6b1e9ac3d7d7,b2b1cdfa-04e2-47cf-b2ae-3ced9744104d,1633163121092,13.9766352,52.377608,4.482899,0.28605556,0.9483402,-8.539293,on bike mount,cyclo cross,False,asphalt,good
2dd9a840-144f-4743-a408-20c9b4ef01da,4416f3a3-f30b-498e-832b-6b1e9ac3d7d7,5708bf34-8a30-4cdf-9ecd-d6bc99669faf,1633163121143,13.9766352,52.377608,4.482899,0.5127245,-2.2516859,-1.2033119,on bike mount,cyclo cross,False,asphalt,good
2dd9a840-144f-4743-a408-20c9b4ef01da,4416f3a3-f30b-498e-832b-6b1e9ac3d7d7,3df258a7-929a-42cb-bcf0-d283f24a5411,1633163121193,13.9766352,52.377608,4.482899,0.56845266,1.9294529,-0.1271534,on bike mount,cyclo cross,False,asphalt,good
2dd9a840-144f-4743-a408-20c9b4ef01da,4416f3a3-f30b-498e-832b-6b1e9ac3d7d7,2e5b3837-ef95-440f-8c9c-24ea55b54ec3,1633163121260,13.9766352,52.377608,4.482899,0.8821046,-1.0878216,2.3929405,on bike mount,cyclo cross,False,asphalt,good
2dd9a840-144f-4743-a408-20c9b4ef01da,4416f3a3-f30b-498e-832b-6b1e9ac3d7d7,5b7d1643-a56e-4745-905c-9dc17ea289c7,1633163121327,13.9766352,52.377608,4.482899,-0.60573316,0.057552814,0.27058315,on bike mount,cyclo cross,False,asphalt,good
2dd9a840-144f-4743-a408-20c9b4ef01da,4416f3a3-f30b-498e-832b-6b1e9ac3d7d7,43eaf518-159c-4f90-9f76-86502532c0b9,1633163121377,13.9766352,52.377608,4.482899,-2.431745,0.6649301,0.18668365,on bike mount,cyclo cross,False,asphalt,good
2dd9a840-144f-4743-a408-20c9b4ef01da,4416f3a3-f30b-498e-832b-6b1e9ac3d7d7,4b6a6f12-d995-479a-953f-1b06712c48b5,1633163121443,13.9766352,52.377608,4.482899,0.3199022,2.7633693,2.7782784,on bike mount,cyclo cross,False,asphalt,good
2dd9a840-144f-4743-a408-20c9b4ef01da,4416f3a3-f30b-498e-832b-6b1e9ac3d7d7,1c03deeb-d86d-4637-9fd2-7c14fb19e100,1633163121494,13.9766352,52.377608,4.482899,-0.03441728,-1.8876573,0.6166172,on bike mount,cyclo cross,False,asphalt,good
2dd9a840-144f-4743-a408-20c9b4ef01da,4416f3a3-f30b-498e-832b-6b1e9ac3d7d7,ba5d13d6-631a-4e79-bba4-25743f7c1f2e,1633163121544,13.9766352,52.377608,4.482899,0.5459396,-4.047371,2.9274616,on bike mount,cyclo cross,False,asphalt,good
2dd9a840-144f-4743-a408-20c9b4ef01da,4416f3a3-f30b-498e-832b-6b1e9ac3d7d7,9fcc2dac-b75d-4076-8bff-77d81c2b6fc5,1633163121611,13.9766352,52.377608,4.482899,0.64424723,1.6275163,2.178975,on bike mount,cyclo cross,False,asphalt,good
2dd9a840-144f-4743-a408-20c9b4ef01da,4416f3a3-f30b-498e-832b-6b1e9ac3d7d7,55201db1-83ef-45ee-bd96-82639e79ce23,1633163121660,13.9766806,52.3775915,2.8235312,-0.1916998,-0.5992248,-0.9625969,on bike mount,cyclo cross,False,asphalt,good
2dd9a840-144f-4743-a408-20c9b4ef01da,4416f3a3-f30b-498e-832b-6b1e9ac3d7d7,d53d04db-1415-4252-9813-808ea4d999c4,1633163121710,13.9766806,52.3775915,2.8235312,0.27235374,-0.18733406,3.2313757,on bike mount,cyclo cross,False,asphalt,good
2dd9a840-144f-4743-a408-20c9b4ef01da,4416f3a3-f30b-498e-832b-6b1e9ac3d7d7,0c7f2c29-3d17-43be-92c3-621a44da917a,1633163121761,13.9766806,52.3775915,2.8235312,-0.49167383,0.8997202,-1.0084505,on bike mount,cyclo cross,False,asphalt,good
2dd9a840-144f-4743-a408-20c9b4ef01da,4416f3a3-f30b-498e-832b-6b1e9ac3d7d7,111f6e8b-92a4-45c0-a39d-bae7cbb475d7,1633163121828,13.9766806,52.3775915,2.8235312,-0.49340838,1.6647902,0.2771368,on bike mount,cyclo cross,False,asphalt,good
2dd9a840-144f-4743-a408-20c9b4ef01da,4416f3a3-f30b-498e-832b-6b1e9ac3d7d7,610e6f8e-9ab3-481d-abba-33313a1f4124,1633163121895,13.9766806,52.3775915,2.8235312,0.50380504,-0.92973447,1.2078667,on bike mount,cyclo cross,False,asphalt,good
2dd9a840-144f-4743-a408-20c9b4ef01da,4416f3a3-f30b-498e-832b-6b1e9ac3d7d7,af578c1f-fa90-4410-b208-8b9985463633,1633163121962,13.9766806,52.3775915,2.8235312,0.07894164,0.3072381,-4.2865796,on bike mount,cyclo cross,False,asphalt,good
2dd9a840-144f-4743-a408-20c9b4ef01da,4416f3a3-f30b-498e-832b-6b1e9ac3d7d7,42a38cab-0ae4-4b86-a8f1-50c5a560cf24,1633163122012,13.9766806,52.3775915,2.8235312,-0.30348158,2.3842988,-2.8799,on bike mount,cyclo cross,False,asphalt,good
2dd9a840-144f-4743-a408-20c9b4ef01da,4416f3a3-f30b-498e-832b-6b1e9ac3d7d7,1208c189-95e8-4385-a27e-bde66b36e221,1633163122062,13.9766806,52.3775915,2.8235312,-0.57768655,-2.4354613,5.5039043,on bike mount,cyclo cross,False,asphalt,good
2dd9a840-144f-4743-a408-20c9b4ef01da,4416f3a3-f30b-498e-832b-6b1e9ac3d7d7,8a333406-5edf-4e3c-ad83-b9af047fda14,1633163122112,13.9766806,52.3775915,2.8235312,-0.2678554,-0.45396638,0.41654587,on bike mount,cyclo cross,False,asphalt,good
2dd9a840-144f-4743-a408-20c9b4ef01da,4416f3a3-f30b-498e-832b-6b1e9ac3d7d7,0a2ff575-7923-4f76-a281-86d194ce9510,1633163122179,13.9766806,52.3775915,2.8235312,0.74932855,3.3307767,-2.9719481,on bike mount,cyclo cross,False,asphalt,good
2dd9a840-144f-4743-a408-20c9b4ef01da,4416f3a3-f30b-498e-832b-6b1e9ac3d7d7,2c43c193-deda-471a-8607-369948aadd96,1633163122245,13.9766806,52.3775915,2.8235312,-0.25462627,1.3039141,3.1868525,on bike mount,cyclo cross,False,asphalt,good
2dd9a840-144f-4743-a408-20c9b4ef01da,4416f3a3-f30b-498e-832b-6b1e9ac3d7d7,46feb86f-9eea-4b02-9d4a-80bb2fd880a9,1633163122296,13.9766806,52.3775915,2.8235312,-0.2154438,-0.0764029,3.503087,on bike mount,cyclo cross,False,asphalt,good
2dd9a840-144f-4743-a408-20c9b4ef01da,4416f3a3-f30b-498e-832b-6b1e9ac3d7d7,fc13ca34-14a1-4d13-abcf-787eedf0e740,1633163122346,13.9766806,52.3775915,2.8235312,-0.681741,-1.4844134,-3.3423033,on bike mount,cyclo cross,False,asphalt,good
2dd9a840-144f-4743-a408-20c9b4ef01da,4416f3a3-f30b-498e-832b-6b1e9ac3d7d7,aae5dbd1-c302-415b-b4f7-4ec4a51bde0f,1633163122412,13.9766806,52.3775915,2.8235312,1.1693753,2.780424,1.2863798,on bike mount,cyclo cross,False,asphalt,good
2dd9a840-144f-4743-a408-20c9b4ef01da,4416f3a3-f30b-498e-832b-6b1e9ac3d7d7,57005b96-e712-4c27-bd07-b4051f16d017,1633163122463,13.9766806,52.3775915,2.8235312,0.22575884,4.895956,-1.1985264,on bike mount,cyclo cross,False,asphalt,good
2dd9a840-144f-4743-a408-20c9b4ef01da,4416f3a3-f30b-498e-832b-6b1e9ac3d7d7,4bb6973c-0f4f-46c4-84d2-182c885f2bc1,1633163122529,13.9766806,52.3775915,2.8235312,-0.11458289,1.6496949,-2.185938,on bike mount,cyclo cross,False,asphalt,good
2dd9a840-144f-4743-a408-20c9b4ef01da,4416f3a3-f30b-498e-832b-6b1e9ac3d7d7,7d4bb067-b636-45c5-ae2e-0502c49ebc29,1633163122580,13.9766806,52.3775915,2.8235312,0.0632704,1.0121582,0.66625595,on bike mount,cyclo cross,False,asphalt,good
2dd9a840-144f-4743-a408-20c9b4ef01da,4416f3a3-f30b-498e-832b-6b1e9ac3d7d7,9227d294-9990-4948-9aac-a7e6d2364af9,1633163122646,13.9766806,52.3775915,2.8235312,-0.25267786,-2.3174713,-2.5847611,on bike mount,cyclo cross,False,asphalt,good
2dd9a840-144f-4743-a408-20c9b4ef01da,4416f3a3-f30b-498e-832b-6b1e9ac3d7d7,687ed845-e5f6-4fa7-884b-615587c83be9,1633163122696,13.976703,52.3775861,2.9218357,1.6141195,0.9437554,4.257407,on bike mount,cyclo cross,False,asphalt,good
2dd9a840-144f-4743-a408-20c9b4ef01da,4416f3a3-f30b-498e-832b-6b1e9ac3d7d7,38215d6e-8e0a-431d-9f16-a87bb5667121,1633163122747,13.976703,52.3775861,2.9218357,0.9266827,0.82317233,1.7759485,on bike mount,cyclo cross,False,asphalt,good
2dd9a840-144f-4743-a408-20c9b4ef01da,4416f3a3-f30b-498e-832b-6b1e9ac3d7d7,c8f2ba47-7674-4d8e-a35d-eaf226d6cc6d,1633163122813,13.976703,52.3775861,2.9218357,-1.011181,-3.120535,2.887083,on bike mount,cyclo cross,False,asphalt,good
2dd9a840-144f-4743-a408-20c9b4ef01da,4416f3a3-f30b-498e-832b-6b1e9ac3d7d7,cb6c04fd-c88c-4a39-862c-f8a260097917,1633163122880,13.976703,52.3775861,2.9218357,0.76426166,2.8027525,-1.5191116,on bike mount,cyclo cross,False,asphalt,good
2dd9a840-144f-4743-a408-20c9b4ef01da,4416f3a3-f30b-498e-832b-6b1e9ac3d7d7,c4efaf3a-024d-4f8f-86bd-39e6c50d5d2c,1633163122947,13.976703,52.3775861,2.9218357,-0.32650903,1.3913455,1.731143,on bike mount,cyclo cross,False,asphalt,good
2dd9a840-144f-4743-a408-20c9b4ef01da,4416f3a3-f30b-498e-832b-6b1e9ac3d7d7,1d03b877-4f32-439c-b2e9-0ba1823e30a1,1633163123014,13.976703,52.3775861,2.9218357,-1.7041409,3.1755896,-4.240496,on bike mount,cyclo cross,False,asphalt,good
2dd9a840-144f-4743-a408-20c9b4ef01da,4416f3a3-f30b-498e-832b-6b1e9ac3d7d7,5c730751-876d-4538-92db-007b992137dd,1633163123081,13.976703,52.3775861,2.9218357,-0.4423724,0.46480274,-2.163775,on bike mount,cyclo cross,False,asphalt,good
2dd9a840-144f-4743-a408-20c9b4ef01da,4416f3a3-f30b-498e-832b-6b1e9ac3d7d7,61671a17-4f9f-49a7-af56-1e4a21375d8e,1633163123148,13.976703,52.3775861,2.9218357,-0.8105347,3.1632853,1.3450212,on bike mount,cyclo cross,False,asphalt,good
2dd9a840-144f-4743-a408-20c9b4ef01da,4416f3a3-f30b-498e-832b-6b1e9ac3d7d7,f93f7017-6a13-4bf6-b6e4-019c391bf531,1633163123215,13.976703,52.3775861,2.9218357,-0.49199528,0.4338007,1.6046495,on bike mount,cyclo cross,False,asphalt,good
2dd9a840-144f-4743-a408-20c9b4ef01da,4416f3a3-f30b-498e-832b-6b1e9ac3d7d7,2686b2b5-0935-4401-b447-c4779143f7bf,1633163123265,13.976703,52.3775861,2.9218357,0.56739247,1.2122369,-0.5581503,on bike mount,cyclo cross,False,asphalt,good
2dd9a840-144f-4743-a408-20c9b4ef01da,4416f3a3-f30b-498e-832b-6b1e9ac3d7d7,708ae226-eef1-42f7-8f78-a50a2a42a1c3,1633163123332,13.976703,52.3775861,2.9218357,0.09073704,2.1042573,0.9858904,on bike mount,cyclo cross,False,asphalt,good
2dd9a840-144f-4743-a408-20c9b4ef01da,4416f3a3-f30b-498e-832b-6b1e9ac3d7d7,6cd08227-1d49-4dee-867b-38b634b39d37,1633163123398,13.976703,52.3775861,2.9218357,0.90570164,1.0715744,-2.0306382,on bike mount,cyclo cross,False,asphalt,good
2dd9a840-144f-4743-a408-20c9b4ef01da,4416f3a3-f30b-498e-832b-6b1e9ac3d7d7,fb6534fb-d54f-40f6-807a-5f8f55f4c2f6,1633163123448,13.976703,52.3775861,2.9218357,0.1902311,-0.5412514,2.1780558,on bike mount,cyclo cross,False,asphalt,good
2dd9a840-144f-4743-a408-20c9b4ef01da,4416f3a3-f30b-498e-832b-6b1e9ac3d7d7,3340b0d6-1d86-4b53-b1d3-23c906487dce,1633163123499,13.976703,52.3775861,2.9218357,0.9116899,-5.3206334,1.0631762,on bike mount,cyclo cross,False,asphalt,good
2dd9a840-144f-4743-a408-20c9b4ef01da,4416f3a3-f30b-498e-832b-6b1e9ac3d7d7,3c2f09dd-0100-49e4-8ae2-46f940f9545a,1633163123549,13.976703,52.3775861,2.9218357,0.6223543,1.4412403,0.12272549,on bike mount,cyclo cross,False,asphalt,good
2dd9a840-144f-4743-a408-20c9b4ef01da,4416f3a3-f30b-498e-832b-6b1e9ac3d7d7,b0981099-6410-4f90-9fc0-388636f5b785,1633163123616,13.976703,52.3775861,2.9218357,0.9314946,1.9148264,-4.3121586,on bike mount,cyclo cross,False,asphalt,good
2dd9a840-144f-4743-a408-20c9b4ef01da,4416f3a3-f30b-498e-832b-6b1e9ac3d7d7,3da924c5-4f43-4ef3-b123-d3cbf0e74417,1633163123682,13.976736,52.3775728,2.7466626,1.0072556,2.070898,-2.436471,on bike mount,cyclo cross,False,asphalt,good
2dd9a840-144f-4743-a408-20c9b4ef01da,4416f3a3-f30b-498e-832b-6b1e9ac3d7d7,c30491c1-10c3-4b56-b7f6-de20c996825c,1633163123749,13.976736,52.3775728,2.7466626,0.2625877,-6.8534994,-2.4649477,on bike mount,cyclo cross,False,asphalt,good
2dd9a840-144f-4743-a408-20c9b4ef01da,4416f3a3-f30b-498e-832b-6b1e9ac3d7d7,68f5008d-a3e4-47d2-bcd6-8762c49b1a34,1633163123816,13.976736,52.3775728,2.7466626,0.09041762,4.7243814,0.808815,on bike mount,cyclo cross,False,asphalt,good
2dd9a840-144f-4743-a408-20c9b4ef01da,4416f3a3-f30b-498e-832b-6b1e9ac3d7d7,57f297a1-d8cd-4d9a-9abb-6c7dab0b3ee8,1633163123883,13.976736,52.3775728,2.7466626,-0.9699316,3.3635466,-1.7887874,on bike mount,cyclo cross,False,asphalt,good
2dd9a840-144f-4743-a408-20c9b4ef01da,4416f3a3-f30b-498e-832b-6b1e9ac3d7d7,fb7d9914-7b48-431e-9d53-e1f1c9d97787,1633163123950,13.976736,52.3775728,2.7466626,0.1772127,2.2673123,2.1114893,on bike mount,cyclo cross,False,asphalt,good
2dd9a840-144f-4743-a408-20c9b4ef01da,4416f3a3-f30b-498e-832b-6b1e9ac3d7d7,63a22a5c-8261-44c6-9621-890facf9bad2,1633163124017,13.976736,52.3775728,2.7466626,0.29615656,2.2885218,-1.3522892,on bike mount,cyclo cross,False,asphalt,good
2dd9a840-144f-4743-a408-20c9b4ef01da,4416f3a3-f30b-498e-832b-6b1e9ac3d7d7,190da3db-8099-4618-ac3e-828a037df9e3,1633163124084,13.976736,52.3775728,2.7466626,1.6513377,1.6718068,-5.486798,on bike mount,cyclo cross,False,asphalt,good
2dd9a840-144f-4743-a408-20c9b4ef01da,4416f3a3-f30b-498e-832b-6b1e9ac3d7d7,5d801351-faa5-4244-8606-e1652869decb,1633163124134,13.976736,52.3775728,2.7466626,-1.054559,1.4032764,3.1544428,on bike mount,cyclo cross,False,asphalt,good
2dd9a840-144f-4743-a408-20c9b4ef01da,4416f3a3-f30b-498e-832b-6b1e9ac3d7d7,10a4d0d9-0cd8-4ed4-a837-e95bf1c9065e,1633163124201,13.976736,52.3775728,2.7466626,-0.473017,-0.17860746,-3.2726178,on bike mount,cyclo cross,False,asphalt,good
2dd9a840-144f-4743-a408-20c9b4ef01da,4416f3a3-f30b-498e-832b-6b1e9ac3d7d7,ff68b4c2-4e72-488d-bc30-36c5bf9072d1,1633163124251,13.976736,52.3775728,2.7466626,-1.1243999,-0.6992967,2.0272684,on bike mount,cyclo cross,False,asphalt,good
2dd9a840-144f-4743-a408-20c9b4ef01da,4416f3a3-f30b-498e-832b-6b1e9ac3d7d7,f662c934-1a06-4d12-b9c6-56bd9bbe52b2,1633163124317,13.976736,52.3775728,2.7466626,-0.25005418,-2.1571789,-1.7168565,on bike mount,cyclo cross,False,asphalt,good
2dd9a840-144f-4743-a408-20c9b4ef01da,4416f3a3-f30b-498e-832b-6b1e9ac3d7d7,9d631ef6-f206-4746-a16c-d23f86b40ef6,1633163124368,13.976736,52.3775728,2.7466626,0.028383791,-2.1854212,0.5708399,on bike mount,cyclo cross,False,asphalt,good
2dd9a840-144f-4743-a408-20c9b4ef01da,4416f3a3-f30b-498e-832b-6b1e9ac3d7d7,11755714-44c6-4943-aec7-814fa785b2d9,1633163124435,13.9767436,52.3775554,2.908957,0.28022945,-1.0711069,-0.5014229,on bike mount,cyclo cross,False,asphalt,good
2dd9a840-144f-4743-a408-20c9b4ef01da,4416f3a3-f30b-498e-832b-6b1e9ac3d7d7,ba7ab5c7-e5a7-44b7-a60e-1d407b929451,1633163124501,13.9767436,52.3775554,2.908957,-2.0463095,2.7820694,-7.6490903,on bike mount,cyclo cross,False,asphalt,good
2dd9a840-144f-4743-a408-20c9b4ef01da,4416f3a3-f30b-498e-832b-6b1e9ac3d7d7,04e046fd-7647-4834-af00-0ae5d9796caa,1633163124568,13.9767436,52.3775554,2.908957,-0.36883202,-5.5409794,-0.32845402,on bike mount,cyclo cross,False,asphalt,good
2dd9a840-144f-4743-a408-20c9b4ef01da,4416f3a3-f30b-498e-832b-6b1e9ac3d7d7,a53989cf-d95e-42ec-b7d0-45b084f5106f,1633163124635,13.9767436,52.3775554,2.908957,-0.34341145,-0.29698396,0.5834341,on bike mount,cyclo cross,False,asphalt,good
2dd9a840-144f-4743-a408-20c9b4ef01da,4416f3a3-f30b-498e-832b-6b1e9ac3d7d7,71365367-2fca-464f-ae7f-6f0dd14b4d1c,1633163124702,13.9767436,52.3775554,2.908957,0.33946648,1.9692173,-2.2324982,on bike mount,cyclo cross,False,asphalt,good
2dd9a840-144f-4743-a408-20c9b4ef01da,4416f3a3-f30b-498e-832b-6b1e9ac3d7d7,602d9ae8-54f3-42be-8cda-a760a681ba07,1633163124769,13.9767436,52.3775554,2.908957,0.30368108,2.8941965,-1.104289,on bike mount,cyclo cross,False,asphalt,good
2dd9a840-144f-4743-a408-20c9b4ef01da,4416f3a3-f30b-498e-832b-6b1e9ac3d7d7,9b9273b1-05a3-46b0-851a-39dcf9c128ac,1633163124819,13.9767436,52.3775554,2.908957,0.31230012,1.9822912,-0.3839836,on bike mount,cyclo cross,False,asphalt,good
2dd9a840-144f-4743-a408-20c9b4ef01da,4416f3a3-f30b-498e-832b-6b1e9ac3d7d7,7604a2fc-9cf2-451b-a56f-cd01f9478f87,1633163124869,13.9767436,52.3775554,2.908957,0.7979353,-3.456521,-2.7398787,on bike mount,cyclo cross,False,asphalt,good
2dd9a840-144f-4743-a408-20c9b4ef01da,4416f3a3-f30b-498e-832b-6b1e9ac3d7d7,d67d2253-0990-4448-9030-6db397d45d2a,1633163124936,13.9767436,52.3775554,2.908957,1.1796155,2.3056483,0.095440865,on bike mount,cyclo cross,False,asphalt,good
2dd9a840-144f-4743-a408-20c9b4ef01da,4416f3a3-f30b-498e-832b-6b1e9ac3d7d7,4fc120a7-3419-4d4b-af4b-6db9131ee239,1633163124986,13.9767436,52.3775554,2.908957,-0.2591539,-1.3419679,-0.4417572,on bike mount,cyclo cross,False,asphalt,good
2dd9a840-144f-4743-a408-20c9b4ef01da,4416f3a3-f30b-498e-832b-6b1e9ac3d7d7,f687e23e-3b70-4e73-be90-84fe7c66ba45,1633163125052,13.9767436,52.3775554,2.908957,1.5182557,-1.3765433,-2.2547283,on bike mount,cyclo cross,False,asphalt,good
2dd9a840-144f-4743-a408-20c9b4ef01da,4416f3a3-f30b-498e-832b-6b1e9ac3d7d7,55c664f1-afcf-432e-9521-290b6d85408f,1633163125103,13.9767436,52.3775554,2.908957,-0.48313487,1.4362752,-3.1574683,on bike mount,cyclo cross,False,asphalt,good
2dd9a840-144f-4743-a408-20c9b4ef01da,4416f3a3-f30b-498e-832b-6b1e9ac3d7d7,ee4095a1-a096-4d39-be6d-9677dd9ad8e3,1633163125153,13.9767436,52.3775554,2.908957,1.1032212,2.2884083,0.9007387,on bike mount,cyclo cross,False,asphalt,good
2dd9a840-144f-4743-a408-20c9b4ef01da,4416f3a3-f30b-498e-832b-6b1e9ac3d7d7,5516a86c-d2bb-44f2-ac55-a1aac1980357,1633163125220,13.9767436,52.3775554,2.908957,0.03635955,3.4158802,0.9437132,on bike mount,cyclo cross,False,asphalt,good
2dd9a840-144f-4743-a408-20c9b4ef01da,4416f3a3-f30b-498e-832b-6b1e9ac3d7d7,0a8e0e08-76e4-46c0-941c-171bc13b2ae9,1633163125287,13.9767436,52.3775554,2.908957,-0.045823216,-0.0616796,3.2455692,on bike mount,cyclo cross,False,asphalt,good
2dd9a840-144f-4743-a408-20c9b4ef01da,4416f3a3-f30b-498e-832b-6b1e9ac3d7d7,53b2ad35-c4a9-497d-8c31-704001b9e1b3,1633163125353,13.9767553,52.377537,2.846051,0.42412677,-0.56334424,-0.2382822,on bike mount,cyclo cross,False,asphalt,good
2dd9a840-144f-4743-a408-20c9b4ef01da,4416f3a3-f30b-498e-832b-6b1e9ac3d7d7,18fd0cfc-0275-48cc-a968-cc4056616c2f,1633163125420,13.9767553,52.377537,2.846051,-0.7781146,-1.004559,1.6328382,on bike mount,cyclo cross,False,asphalt,good
2dd9a840-144f-4743-a408-20c9b4ef01da,4416f3a3-f30b-498e-832b-6b1e9ac3d7d7,b850580d-d71b-4f2c-9464-81c696de21a8,1633163125487,13.9767553,52.377537,2.846051,-0.7234606,2.1941907,-1.9427166,on bike mount,cyclo cross,False,asphalt,good
2dd9a840-144f-4743-a408-20c9b4ef01da,4416f3a3-f30b-498e-832b-6b1e9ac3d7d7,83c82202-ca05-420f-b096-1a6869e33088,1633163125554,13.9767553,52.377537,2.846051,-2.5205946,0.65980005,-0.8863516,on bike mount,cyclo cross,False,asphalt,good
2dd9a840-144f-4743-a408-20c9b4ef01da,4416f3a3-f30b-498e-832b-6b1e9ac3d7d7,767f18f3-53a0-4d4c-863e-f56f6edc8811,1633163125621,13.9767553,52.377537,2.846051,-1.2388425,-1.5857141,-0.24354744,on bike mount,cyclo cross,False,asphalt,good
2dd9a840-144f-4743-a408-20c9b4ef01da,4416f3a3-f30b-498e-832b-6b1e9ac3d7d7,e0d14108-34c4-498b-a783-91c936131f7c,1633163125687,13.9767553,52.377537,2.846051,0.8457558,1.0727029,4.080511,on bike mount,cyclo cross,False,asphalt,good
2dd9a840-144f-4743-a408-20c9b4ef01da,4416f3a3-f30b-498e-832b-6b1e9ac3d7d7,0b46f675-e503-4709-8f7c-e5574f90bf34,1633163125754,13.9767553,52.377537,2.846051,-0.23402151,-0.20171618,-0.30739307,on bike mount,cyclo cross,False,asphalt,good
2dd9a840-144f-4743-a408-20c9b4ef01da,4416f3a3-f30b-498e-832b-6b1e9ac3d7d7,7e559f1a-23ab-47fc-9a09-1d18d365f4c1,1633163125821,13.9767553,52.377537,2.846051,-1.1609899,1.744483,-0.5613241,on bike mount,cyclo cross,False,asphalt,good
2dd9a840-144f-4743-a408-20c9b4ef01da,4416f3a3-f30b-498e-832b-6b1e9ac3d7d7,e35b3c6a-df51-42b9-a6d3-a4d95e1e6927,1633163125888,13.9767553,52.377537,2.846051,-0.54237086,-1.8803473,0.9119158,on bike mount,cyclo cross,False,asphalt,good
2dd9a840-144f-4743-a408-20c9b4ef01da,4416f3a3-f30b-498e-832b-6b1e9ac3d7d7,69e4add3-52f9-4163-9406-12b2697c862e,1633163125955,13.9767553,52.377537,2.846051,-0.50591874,0.30501676,1.3137722,on bike mount,cyclo cross,False,asphalt,good
2dd9a840-144f-4743-a408-20c9b4ef01da,4416f3a3-f30b-498e-832b-6b1e9ac3d7d7,9491f6bb-12da-413d-b137-fc0acb0a5878,1633163126022,13.9767553,52.377537,2.846051,-0.44065014,-4.6638556,3.8122826,on bike mount,cyclo cross,False,asphalt,good
2dd9a840-144f-4743-a408-20c9b4ef01da,4416f3a3-f30b-498e-832b-6b1e9ac3d7d7,6aa8cb3b-ed19-4772-a35f-eac1ee846f29,1633163126088,13.9767553,52.377537,2.846051,-0.0012990534,2.684369,-6.925766,on bike mount,cyclo cross,False,asphalt,good
2dd9a840-144f-4743-a408-20c9b4ef01da,4416f3a3-f30b-498e-832b-6b1e9ac3d7d7,cdfcb7fa-2409-4590-b5de-93e962cf3154,1633163126139,13.9767553,52.377537,2.846051,-0.4852849,-1.3526405,0.83551025,on bike mount,cyclo cross,False,asphalt,good
2dd9a840-144f-4743-a408-20c9b4ef01da,4416f3a3-f30b-498e-832b-6b1e9ac3d7d7,95f3710e-84cf-4005-b81b-d177c86bcb8c,1633163126193,13.9767553,52.377537,2.846051,0.069372915,1.4243412,1.120307,on bike mount,cyclo cross,False,asphalt,good
2dd9a840-144f-4743-a408-20c9b4ef01da,4416f3a3-f30b-498e-832b-6b1e9ac3d7d7,cdf56d4a-c877-4c5c-87c4-aee5ef4ae8a3,1633163126256,13.9767553,52.377537,2.846051,-0.75261974,0.28285074,2.7752361,on bike mount,cyclo cross,False,asphalt,good
2dd9a840-144f-4743-a408-20c9b4ef01da,4416f3a3-f30b-498e-832b-6b1e9ac3d7d7,94137274-6e0c-4609-b295-d46a25406cab,1633163126322,13.9767553,52.377537,2.846051,1.2055777,0.9243572,3.6160069,on bike mount,cyclo cross,False,asphalt,good
2dd9a840-144f-4743-a408-20c9b4ef01da,4416f3a3-f30b-498e-832b-6b1e9ac3d7d7,01705336-eedf-4e7c-8e2f-5a917bed8137,1633163126373,13.9767553,52.377537,2.846051,0.8206202,3.6474066,1.1501837,on bike mount,cyclo cross,False,asphalt,good
2dd9a840-144f-4743-a408-20c9b4ef01da,4416f3a3-f30b-498e-832b-6b1e9ac3d7d7,199ca2b4-ae5c-4d70-83b4-59d5dced6a88,1633163126423,13.9767553,52.377537,2.846051,0.19565833,5.474276,-3.8164434,on bike mount,cyclo cross,False,asphalt,good
2dd9a840-144f-4743-a408-20c9b4ef01da,4416f3a3-f30b-498e-832b-6b1e9ac3d7d7,dc1ce3ac-9b5f-4871-b0e0-d37a70685ecd,1633163126490,13.9767553,52.377537,2.846051,0.08650079,-0.45518827,0.51713943,on bike mount,cyclo cross,False,asphalt,good
2dd9a840-144f-4743-a408-20c9b4ef01da,4416f3a3-f30b-498e-832b-6b1e9ac3d7d7,2e4ac425-39f2-42da-9057-2c95662d18bf,1633163126540,13.9767553,52.377537,2.846051,-0.2344616,-2.5911057,0.5602312,on bike mount,cyclo cross,False,asphalt,good
2dd9a840-144f-4743-a408-20c9b4ef01da,4416f3a3-f30b-498e-832b-6b1e9ac3d7d7,578cb988-a626-4b05-aab7-7dedc964f932,1633163126607,13.9767553,52.377537,2.846051,-0.7428546,0.5423851,-0.25130844,on bike mount,cyclo cross,False,asphalt,good
2dd9a840-144f-4743-a408-20c9b4ef01da,4416f3a3-f30b-498e-832b-6b1e9ac3d7d7,7f142ac8-3383-45b8-89c6-6dab703c7ab6,1633163126673,13.976826,52.3775196,3.4237206,0.35860494,-0.112745285,1.70053,on bike mount,cyclo cross,False,asphalt,good
2dd9a840-144f-4743-a408-20c9b4ef01da,4416f3a3-f30b-498e-832b-6b1e9ac3d7d7,e4de4c77-2331-488d-90a0-096b886a9f14,1633163126740,13.976826,52.3775196,3.4237206,-0.49661702,-1.4858333,1.7411823,on bike mount,cyclo cross,False,asphalt,good
2dd9a840-144f-4743-a408-20c9b4ef01da,4416f3a3-f30b-498e-832b-6b1e9ac3d7d7,60c36318-9182-4448-acd6-7f9542eb3e98,1633163126807,13.976826,52.3775196,3.4237206,-0.26006413,0.4229293,1.3702345,on bike mount,cyclo cross,False,asphalt,good
2dd9a840-144f-4743-a408-20c9b4ef01da,4416f3a3-f30b-498e-832b-6b1e9ac3d7d7,4c19153a-9ff0-428c-b91f-a5308975200c,1633163126874,13.976826,52.3775196,3.4237206,-0.4024573,-0.93759465,0.099993706,on bike mount,cyclo cross,False,asphalt,good
2dd9a840-144f-4743-a408-20c9b4ef01da,4416f3a3-f30b-498e-832b-6b1e9ac3d7d7,74e917c3-c520-4431-849f-9c5d2efff1a7,1633163126941,13.976826,52.3775196,3.4237206,0.34274584,-0.80197215,-3.885665,on bike mount,cyclo cross,False,asphalt,good
2dd9a840-144f-4743-a408-20c9b4ef01da,4416f3a3-f30b-498e-832b-6b1e9ac3d7d7,437851ca-4cd1-4b83-85b3-31c6ac773155,1633163127007,13.976826,52.3775196,3.4237206,-0.16188397,-0.83282137,-1.3950477,on bike mount,cyclo cross,False,asphalt,good
2dd9a840-144f-4743-a408-20c9b4ef01da,4416f3a3-f30b-498e-832b-6b1e9ac3d7d7,e6bdba1f-cdbe-4a5e-8722-5486c9da8d40,1633163127058,13.976826,52.3775196,3.4237206,-0.7740613,0.5661855,-0.17563915,on bike mount,cyclo cross,False,asphalt,good
2dd9a840-144f-4743-a408-20c9b4ef01da,4416f3a3-f30b-498e-832b-6b1e9ac3d7d7,b7bd792e-309d-41cd-bf24-c71eb1325589,1633163127125,13.976826,52.3775196,3.4237206,-0.20212844,-0.9991206,3.9580736,on bike mount,cyclo cross,False,asphalt,good
2dd9a840-144f-4743-a408-20c9b4ef01da,4416f3a3-f30b-498e-832b-6b1e9ac3d7d7,aeae9dbe-0d5a-48bc-bdbf-e27cd9c09684,1633163127191,13.976826,52.3775196,3.4237206,-0.544728,0.43287253,-0.2041645,on bike mount,cyclo cross,False,asphalt,good
2dd9a840-144f-4743-a408-20c9b4ef01da,4416f3a3-f30b-498e-832b-6b1e9ac3d7d7,fd4017df-eb3e-49cc-8783-d3ac09b6ada7,1633163127258,13.976826,52.3775196,3.4237206,0.015930057,-0.20783067,-0.20059872,on bike mount,cyclo cross,False,asphalt,good
2dd9a840-144f-4743-a408-20c9b4ef01da,4416f3a3-f30b-498e-832b-6b1e9ac3d7d7,50aac79e-b350-447c-ba5b-2180dde8b463,1633163127324,13.9768635,52.3775081,3.7364845,0.4477561,-0.45703435,0.07549286,on bike mount,cyclo cross,False,asphalt,good
2dd9a840-144f-4743-a408-20c9b4ef01da,4416f3a3-f30b-498e-832b-6b1e9ac3d7d7,b4af3050-7b96-4dee-91f1-b7e55a7f8d3c,1633163127375,13.9768635,52.3775081,3.7364845,0.7397076,0.88191915,2.3812227,on bike mount,cyclo cross,False,asphalt,good
2dd9a840-144f-4743-a408-20c9b4ef01da,4416f3a3-f30b-498e-832b-6b1e9ac3d7d7,a526d473-a524-4ce1-a0ce-880e99415780,1633163127442,13.9768635,52.3775081,3.7364845,1.1598461,0.3192339,2.0071955,on bike mount,cyclo cross,False,asphalt,good
2dd9a840-144f-4743-a408-20c9b4ef01da,4416f3a3-f30b-498e-832b-6b1e9ac3d7d7,b4f605f9-27c2-4f12-9732-66f641224b10,1633163127509,13.9768635,52.3775081,3.7364845,0.7364875,0.5233369,0.5092583,on bike mount,cyclo cross,False,asphalt,good
2dd9a840-144f-4743-a408-20c9b4ef01da,4416f3a3-f30b-498e-832b-6b1e9ac3d7d7,ae6bfc83-36e2-4b3f-b10b-0f5a15ca6a9f,1633163127576,13.9768635,52.3775081,3.7364845,0.99532664,1.1315079,-1.5528226,on bike mount,cyclo cross,False,asphalt,good
2dd9a840-144f-4743-a408-20c9b4ef01da,4416f3a3-f30b-498e-832b-6b1e9ac3d7d7,a9da6394-924d-4a32-bc6a-2617513655b8,1633163127643,13.9768635,52.3775081,3.7364845,-0.4602608,2.0516589,-0.99837303,on bike mount,cyclo cross,False,asphalt,good
2dd9a840-144f-4743-a408-20c9b4ef01da,4416f3a3-f30b-498e-832b-6b1e9ac3d7d7,a4bc8990-7547-438f-859f-39662729e311,1633163127709,13.9768635,52.3775081,3.7364845,1.4052637,-1.9521788,1.9289503,on bike mount,cyclo cross,False,asphalt,good
2dd9a840-144f-4743-a408-20c9b4ef01da,4416f3a3-f30b-498e-832b-6b1e9ac3d7d7,a8037e81-087f-4f0d-8608-6ab4a7e55ab4,1633163127776,13.9768635,52.3775081,3.7364845,-0.104205236,1.1329317,4.0627546,on bike mount,cyclo cross,False,asphalt,good
2dd9a840-144f-4743-a408-20c9b4ef01da,4416f3a3-f30b-498e-832b-6b1e9ac3d7d7,7c741606-d6d5-4f99-9e08-76957f3c8a07,1633163127843,13.9768635,52.3775081,3.7364845,-1.6219789,1.2843292,-1.2376819,on bike mount,cyclo cross,False,asphalt,good
2dd9a840-144f-4743-a408-20c9b4ef01da,4416f3a3-f30b-498e-832b-6b1e9ac3d7d7,22e89f4b-d205-457b-9059-0d7a5d580379,1633163127910,13.9768635,52.3775081,3.7364845,0.10463982,-0.59760094,-0.94295216,on bike mount,cyclo cross,False,asphalt,good
2dd9a840-144f-4743-a408-20c9b4ef01da,4416f3a3-f30b-498e-832b-6b1e9ac3d7d7,1d3cc7d0-f72c-4b81-a7ad-50f1446dc4e1,1633163127977,13.9768635,52.3775081,3.7364845,-0.48340082,1.5393348,1.8087463,on bike mount,cyclo cross,False,asphalt,good
2dd9a840-144f-4743-a408-20c9b4ef01da,4416f3a3-f30b-498e-832b-6b1e9ac3d7d7,6ec714fc-dd1d-487e-a0e1-b6276bbcfe18,1633163128027,13.9768635,52.3775081,3.7364845,-1.3027673,1.811811,-1.1184182,on bike mount,cyclo cross,False,asphalt,good
2dd9a840-144f-4743-a408-20c9b4ef01da,4416f3a3-f30b-498e-832b-6b1e9ac3d7d7,6379f7c7-41a8-4a58-857b-c824bde38845,1633163128077,13.9768635,52.3775081,3.7364845,-0.7878405,0.09602356,2.8413239,on bike mount,cyclo cross,False,asphalt,good
2dd9a840-144f-4743-a408-20c9b4ef01da,4416f3a3-f30b-498e-832b-6b1e9ac3d7d7,057afa17-9a41-4b8a-823e-a4af04d71ef3,1633163128143,13.9769167,52.3774932,4.229214,-0.19234872,-0.0015079975,1.1322641,on bike mount,cyclo cross,False,asphalt,good
2dd9a840-144f-4743-a408-20c9b4ef01da,4416f3a3-f30b-498e-832b-6b1e9ac3d7d7,c1193aae-9812-4bd4-bbae-0d4d29e14e38,1633163128194,13.9769167,52.3774932,4.229214,-0.52247703,1.9383109,-0.20174217,on bike mount,cyclo cross,False,asphalt,good
2dd9a840-144f-4743-a408-20c9b4ef01da,4416f3a3-f30b-498e-832b-6b1e9ac3d7d7,a6780bfd-4063-4e3b-a3b9-f3d41984d7a5,1633163128244,13.9769167,52.3774932,4.229214,-0.3236169,-0.37282157,-1.199902,on bike mount,cyclo cross,False,asphalt,good
2dd9a840-144f-4743-a408-20c9b4ef01da,4416f3a3-f30b-498e-832b-6b1e9ac3d7d7,f2a7a5b4-d449-4f66-a1d6-5eee990d7d6b,1633163128311,13.9769167,52.3774932,4.229214,0.41264346,-1.2009305,0.7106819,on bike mount,cyclo cross,False,asphalt,good
2dd9a840-144f-4743-a408-20c9b4ef01da,4416f3a3-f30b-498e-832b-6b1e9ac3d7d7,929e2b0e-95a1-4caf-902e-c9b0af77763f,1633163128378,13.9769167,52.3774932,4.229214,0.017334044,-0.4189713,-1.3442698,on bike mount,cyclo cross,False,asphalt,good
2dd9a840-144f-4743-a408-20c9b4ef01da,4416f3a3-f30b-498e-832b-6b1e9ac3d7d7,b4833afe-3555-4aa0-bedc-f27353a8cc3c,1633163128428,13.9769167,52.3774932,4.229214,0.34890375,-1.2707589,0.22601318,on bike mount,cyclo cross,False,asphalt,good
2dd9a840-144f-4743-a408-20c9b4ef01da,4416f3a3-f30b-498e-832b-6b1e9ac3d7d7,418dc585-3c9f-48c4-8bdc-3ff0b4a47a33,1633163128495,13.9769167,52.3774932,4.229214,0.31853044,1.5379858,1.3368788,on bike mount,cyclo cross,False,asphalt,good
2dd9a840-144f-4743-a408-20c9b4ef01da,4416f3a3-f30b-498e-832b-6b1e9ac3d7d7,5e1e4857-30b7-47c9-93f4-a58fdc536a72,1633163128545,13.9769167,52.3774932,4.229214,0.11298406,-0.05284238,1.7754374,on bike mount,cyclo cross,False,asphalt,good
2dd9a840-144f-4743-a408-20c9b4ef01da,4416f3a3-f30b-498e-832b-6b1e9ac3d7d7,d14d28a6-3424-4ad0-9330-fb0d5a1099ed,1633163128612,13.9769167,52.3774932,4.229214,0.5529891,-0.5575297,-2.5328913,on bike mount,cyclo cross,False,asphalt,good
2dd9a840-144f-4743-a408-20c9b4ef01da,4416f3a3-f30b-498e-832b-6b1e9ac3d7d7,8deddec6-9b7b-498a-bce5-dffa0be250ce,1633163128678,13.9769523,52.3774842,4.431966,1.2795055,2.1125789,1.5657778,on bike mount,cyclo cross,False,asphalt,good
2dd9a840-144f-4743-a408-20c9b4ef01da,4416f3a3-f30b-498e-832b-6b1e9ac3d7d7,bbca5829-bea4-4aa9-9c74-a89fb1ca5161,1633163128746,13.9769523,52.3774842,4.431966,0.8040738,0.33853912,0.30215263,on bike mount,cyclo cross,False,asphalt,good
2dd9a840-144f-4743-a408-20c9b4ef01da,4416f3a3-f30b-498e-832b-6b1e9ac3d7d7,7bec674a-9ae0-440b-9046-d63d42aff496,1633163128813,13.9769523,52.3774842,4.431966,-0.07498604,-0.08244681,-2.9096918,on bike mount,cyclo cross,False,asphalt,good
2dd9a840-144f-4743-a408-20c9b4ef01da,4416f3a3-f30b-498e-832b-6b1e9ac3d7d7,841632f0-4952-4164-8139-31aa967505c2,1633163128879,13.9769523,52.3774842,4.431966,0.6467673,-0.835176,1.3673935,on bike mount,cyclo cross,False,asphalt,good
2dd9a840-144f-4743-a408-20c9b4ef01da,4416f3a3-f30b-498e-832b-6b1e9ac3d7d7,93ba210a-5ea0-4007-8613-8d8fb08a570d,1633163128946,13.9769523,52.3774842,4.431966,-2.2913399,2.3516245,-1.8326674,on bike mount,cyclo cross,False,asphalt,good
2dd9a840-144f-4743-a408-20c9b4ef01da,4416f3a3-f30b-498e-832b-6b1e9ac3d7d7,336c9e7e-f4d5-4952-b536-0518d8bb252f,1633163129013,13.9769523,52.3774842,4.431966,-0.35508606,-0.8792434,-1.4850106,on bike mount,cyclo cross,False,asphalt,good
2dd9a840-144f-4743-a408-20c9b4ef01da,4416f3a3-f30b-498e-832b-6b1e9ac3d7d7,582e521e-3c21-46b1-8661-723306c0465e,1633163129063,13.9769523,52.3774842,4.431966,-0.3955441,-0.75112116,-0.2853117,on bike mount,cyclo cross,False,asphalt,good
2dd9a840-144f-4743-a408-20c9b4ef01da,4416f3a3-f30b-498e-832b-6b1e9ac3d7d7,a932f83c-47bf-4de4-ac2d-f6dc5a11a8cc,1633163129113,13.9769523,52.3774842,4.431966,-0.6321552,1.1689053,-0.14632034,on bike mount,cyclo cross,False,asphalt,good
2dd9a840-144f-4743-a408-20c9b4ef01da,4416f3a3-f30b-498e-832b-6b1e9ac3d7d7,80e481d1-30bd-4e72-80f6-7216ad4a3a26,1633163129180,13.9769523,52.3774842,4.431966,-0.7646841,1.400713,-0.42079544,on bike mount,cyclo cross,False,asphalt,good
2dd9a840-144f-4743-a408-20c9b4ef01da,4416f3a3-f30b-498e-832b-6b1e9ac3d7d7,905052b5-b7d1-429a-8c18-9fb68d2efed6,1633163129247,13.9769523,52.3774842,4.431966,-0.047232926,1.6999326,-0.25973034,on bike mount,cyclo cross,False,asphalt,good
2dd9a840-144f-4743-a408-20c9b4ef01da,4416f3a3-f30b-498e-832b-6b1e9ac3d7d7,c25d54ad-b371-459f-bd94-42df4bdd7ef1,1633163129297,13.9769523,52.3774842,4.431966,-0.60342276,-2.2217093,-0.44285488,on bike mount,cyclo cross,False,asphalt,good
2dd9a840-144f-4743-a408-20c9b4ef01da,4416f3a3-f30b-498e-832b-6b1e9ac3d7d7,943a22b2-b967-4fd6-873e-ca9d178aeb4a,1633163129364,13.9769523,52.3774842,4.431966,-0.32073542,0.11521983,-2.7201896,on bike mount,cyclo cross,False,asphalt,good
2dd9a840-144f-4743-a408-20c9b4ef01da,4416f3a3-f30b-498e-832b-6b1e9ac3d7d7,2233ede6-0007-4447-93e6-4dea74f9060f,1633163129414,13.9769523,52.3774842,4.431966,-0.02626419,0.18760729,-3.1964846,on bike mount,cyclo cross,False,asphalt,good
2dd9a840-144f-4743-a408-20c9b4ef01da,4416f3a3-f30b-498e-832b-6b1e9ac3d7d7,0254b3dd-4cb9-4d4f-a9bd-a2097a439184,1633163129481,13.977014,52.3774692,4.6686296,0.3082795,1.3157182,-0.90583515,on bike mount,cyclo cross,False,asphalt,good
2dd9a840-144f-4743-a408-20c9b4ef01da,4416f3a3-f30b-498e-832b-6b1e9ac3d7d7,eed0954e-f032-49d6-854b-a6193459f107,1633163129547,13.977014,52.3774692,4.6686296,-0.7571235,-0.1206491,-0.6936445,on bike mount,cyclo cross,False,asphalt,good
2dd9a840-144f-4743-a408-20c9b4ef01da,4416f3a3-f30b-498e-832b-6b1e9ac3d7d7,d877bfaa-f5e0-4106-a63f-c38e91282953,1633163129614,13.977014,52.3774692,4.6686296,-0.2523805,0.40080357,-6.5227866,on bike mount,cyclo cross,False,asphalt,good
2dd9a840-144f-4743-a408-20c9b4ef01da,4416f3a3-f30b-498e-832b-6b1e9ac3d7d7,dae826c6-0c21-4881-833f-cda4fe580a34,1633163129681,13.977014,52.3774692,4.6686296,0.69455874,-0.10193825,-0.95406723,on bike mount,cyclo cross,False,asphalt,good
2dd9a840-144f-4743-a408-20c9b4ef01da,4416f3a3-f30b-498e-832b-6b1e9ac3d7d7,df138d2f-0764-498c-971f-7d4bdd646e55,1633163129748,13.977014,52.3774692,4.6686296,0.3690885,2.5942483,2.9365358,on bike mount,cyclo cross,False,asphalt,good
2dd9a840-144f-4743-a408-20c9b4ef01da,4416f3a3-f30b-498e-832b-6b1e9ac3d7d7,e7ad26fa-e8e8-48d8-9796-2891da8921aa,1633163129814,13.977014,52.3774692,4.6686296,-0.19432113,0.23286462,3.4466724,on bike mount,cyclo cross,False,asphalt,good
2dd9a840-144f-4743-a408-20c9b4ef01da,4416f3a3-f30b-498e-832b-6b1e9ac3d7d7,4bc23d72-cffd-42d2-983a-8d074fa30f03,1633163129865,13.977014,52.3774692,4.6686296,0.45406744,-1.2714596,1.462553,on bike mount,cyclo cross,False,asphalt,good
2dd9a840-144f-4743-a408-20c9b4ef01da,4416f3a3-f30b-498e-832b-6b1e9ac3d7d7,e5089b32-3d03-4e91-8ef7-cfb6d7cdf580,1633163129932,13.977014,52.3774692,4.6686296,0.44957924,2.2105575,1.1816883,on bike mount,cyclo cross,False,asphalt,good
2dd9a840-144f-4743-a408-20c9b4ef01da,4416f3a3-f30b-498e-832b-6b1e9ac3d7d7,ee401c4f-a5d7-4609-9d91-bb1e654a8f67,1633163129982,13.977014,52.3774692,4.6686296,-0.99704725,0.64772654,1.2374859,on bike mount,cyclo cross,False,asphalt,good
2dd9a840-144f-4743-a408-20c9b4ef01da,4416f3a3-f30b-498e-832b-6b1e9ac3d7d7,bcbcd28e-f50c-4e76-9217-6e5470498034,1633163130048,13.977014,52.3774692,4.6686296,0.3170152,-1.0244248,-0.54235744,on bike mount,cyclo cross,False,asphalt,good
