bike_activity_uid,bike_activity_sample_uid,bike_activity_measurement,bike_activity_measurement_timestamp,bike_activity_measurement_lon,bike_activity_measurement_lat,bike_activity_measurement_speed,bike_activity_measurement_accelerometer_x,bike_activity_measurement_accelerometer_y,bike_activity_measurement_accelerometer_z,bike_activity_phone_position,bike_activity_bike_type,bike_activity_flagged_lab_conditions,bike_activity_surface_type,bike_activity_smoothness_type
435ed585-a5af-4478-b250-df7187c001e1,5d20d1ea-2bee-4dcb-87e4-10e8e3154b81,ac1c8651-23aa-4702-b2fd-ae816cd5323d,1633254486215,14.4792626,52.177473,8.664967,0.92022914,-1.4358242,1.0740805,on bike mount,cyclo cross,True,asphalt,excellent
435ed585-a5af-4478-b250-df7187c001e1,5d20d1ea-2bee-4dcb-87e4-10e8e3154b81,af05b650-cb9b-458c-9999-70438f0a8477,1633254486266,14.4792626,52.177473,8.664967,0.6582239,0.048718214,-0.5346842,on bike mount,cyclo cross,True,asphalt,excellent
435ed585-a5af-4478-b250-df7187c001e1,5d20d1ea-2bee-4dcb-87e4-10e8e3154b81,ff921958-5038-4ff1-b046-c496161360e8,1633254486317,14.4792626,52.177473,8.664967,-1.0004373,0.041362047,0.5625019,on bike mount,cyclo cross,True,asphalt,excellent
435ed585-a5af-4478-b250-df7187c001e1,5d20d1ea-2bee-4dcb-87e4-10e8e3154b81,8269c16f-0c18-49fa-af21-5c1e2be9755c,1633254486382,14.4792626,52.177473,8.664967,0.8056586,-0.7310028,1.1157818,on bike mount,cyclo cross,True,asphalt,excellent
435ed585-a5af-4478-b250-df7187c001e1,5d20d1ea-2bee-4dcb-87e4-10e8e3154b81,9b43f810-cf17-427d-b264-8bcbeaa6b074,1633254486432,14.4792626,52.177473,8.664967,0.033795036,-0.51190734,2.6369762,on bike mount,cyclo cross,True,asphalt,excellent
435ed585-a5af-4478-b250-df7187c001e1,5d20d1ea-2bee-4dcb-87e4-10e8e3154b81,053fd2d8-e205-4d53-94d6-9ee6044e00fe,1633254486483,14.4792626,52.177473,8.664967,2.3510022,-2.9560409,-0.99670696,on bike mount,cyclo cross,True,asphalt,excellent
435ed585-a5af-4478-b250-df7187c001e1,5d20d1ea-2bee-4dcb-87e4-10e8e3154b81,ad0660e3-330a-45cd-9d68-d14ee94f5fb3,1633254486533,14.4792626,52.177473,8.664967,0.5079245,-1.865103,-0.5587435,on bike mount,cyclo cross,True,asphalt,excellent
435ed585-a5af-4478-b250-df7187c001e1,5d20d1ea-2bee-4dcb-87e4-10e8e3154b81,bb144db8-d969-408b-9c35-039ba1c81f02,1633254486583,14.4792626,52.177473,8.664967,-0.7331977,0.23689985,-0.82729626,on bike mount,cyclo cross,True,asphalt,excellent
435ed585-a5af-4478-b250-df7187c001e1,5d20d1ea-2bee-4dcb-87e4-10e8e3154b81,33a8d922-6a95-4165-8469-6001d9baee30,1633254486633,14.4792626,52.177473,8.664967,1.2295387,-1.7017947,0.27689838,on bike mount,cyclo cross,True,asphalt,excellent
435ed585-a5af-4478-b250-df7187c001e1,5d20d1ea-2bee-4dcb-87e4-10e8e3154b81,f37df9fc-c9d1-4dab-8592-ed3e094e23fb,1633254486683,14.4792626,52.177473,8.664967,0.8240428,2.9559412,-4.620131,on bike mount,cyclo cross,True,asphalt,excellent
435ed585-a5af-4478-b250-df7187c001e1,5d20d1ea-2bee-4dcb-87e4-10e8e3154b81,178057ad-ef12-43d6-ad2d-177713c728b9,1633254486733,14.4792626,52.177473,8.664967,-1.2965934,-0.4506042,-4.9062634,on bike mount,cyclo cross,True,asphalt,excellent
435ed585-a5af-4478-b250-df7187c001e1,5d20d1ea-2bee-4dcb-87e4-10e8e3154b81,5f615381-422e-4b2f-bc1f-538914e03c69,1633254486783,14.4792626,52.177473,8.664967,-0.7376479,-2.096084,2.1065989,on bike mount,cyclo cross,True,asphalt,excellent
435ed585-a5af-4478-b250-df7187c001e1,5d20d1ea-2bee-4dcb-87e4-10e8e3154b81,9dd16525-da64-4b67-aa5d-799a8bf7b5f9,1633254486833,14.4792626,52.177473,8.664967,0.103416376,-0.16601753,-2.6304345,on bike mount,cyclo cross,True,asphalt,excellent
435ed585-a5af-4478-b250-df7187c001e1,5d20d1ea-2bee-4dcb-87e4-10e8e3154b81,0975fc7a-a017-45ac-b892-129cfa4422e8,1633254486884,14.4792626,52.177473,8.664967,0.49293238,-1.0639873,0.30448627,on bike mount,cyclo cross,True,asphalt,excellent
435ed585-a5af-4478-b250-df7187c001e1,5d20d1ea-2bee-4dcb-87e4-10e8e3154b81,14a5ab2f-7391-4905-bb83-41f6e229c5b3,1633254486951,14.4792626,52.177473,8.664967,-0.21618566,-3.8870099,0.33308697,on bike mount,cyclo cross,True,asphalt,excellent
435ed585-a5af-4478-b250-df7187c001e1,5d20d1ea-2bee-4dcb-87e4-10e8e3154b81,ea6393cf-d993-4667-aa66-18cc09eb7325,1633254487000,14.4792626,52.177473,8.664967,0.9486497,-1.2106758,2.875082,on bike mount,cyclo cross,True,asphalt,excellent
435ed585-a5af-4478-b250-df7187c001e1,5d20d1ea-2bee-4dcb-87e4-10e8e3154b81,a9dce392-8956-4ebd-95ad-25492fa5d05e,1633254487051,14.4792626,52.177473,8.664967,-0.16415247,1.9893692,0.118006706,on bike mount,cyclo cross,True,asphalt,excellent
435ed585-a5af-4478-b250-df7187c001e1,5d20d1ea-2bee-4dcb-87e4-10e8e3154b81,a1584821-1c36-43d1-8154-eac5e50cba9a,1633254487101,14.4792626,52.177473,8.664967,-0.21179387,0.31899905,0.9409485,on bike mount,cyclo cross,True,asphalt,excellent
435ed585-a5af-4478-b250-df7187c001e1,5d20d1ea-2bee-4dcb-87e4-10e8e3154b81,72794872-0014-4a85-8636-fff2f7d23dcd,1633254487167,14.479188,52.177537,8.657718,0.79413867,-1.1860136,1.5940514,on bike mount,cyclo cross,True,asphalt,excellent
435ed585-a5af-4478-b250-df7187c001e1,5d20d1ea-2bee-4dcb-87e4-10e8e3154b81,91ec70b0-2bc3-4079-8639-d8f25ed0da0c,1633254487218,14.479188,52.177537,8.657718,1.3958888,-1.9489969,2.6763878,on bike mount,cyclo cross,True,asphalt,excellent
435ed585-a5af-4478-b250-df7187c001e1,5d20d1ea-2bee-4dcb-87e4-10e8e3154b81,5862b4ae-76e4-46d0-9bdf-744d32e9a447,1633254487284,14.479188,52.177537,8.657718,-1.1442164,0.79681015,1.4012976,on bike mount,cyclo cross,True,asphalt,excellent
435ed585-a5af-4478-b250-df7187c001e1,5d20d1ea-2bee-4dcb-87e4-10e8e3154b81,5b961a6f-3903-452c-9eab-12d94a065abb,1633254487334,14.479188,52.177537,8.657718,0.32864386,-0.94066036,0.22734356,on bike mount,cyclo cross,True,asphalt,excellent
435ed585-a5af-4478-b250-df7187c001e1,5d20d1ea-2bee-4dcb-87e4-10e8e3154b81,90e0629b-0fdc-4610-b7ea-d83c362eb54e,1633254487384,14.479188,52.177537,8.657718,-0.26136836,0.61146855,-0.97771835,on bike mount,cyclo cross,True,asphalt,excellent
435ed585-a5af-4478-b250-df7187c001e1,5d20d1ea-2bee-4dcb-87e4-10e8e3154b81,9212322d-1ecf-428b-a1ba-c73cca49fdd2,1633254487435,14.479188,52.177537,8.657718,-0.53854835,0.39694405,3.9849215,on bike mount,cyclo cross,True,asphalt,excellent
435ed585-a5af-4478-b250-df7187c001e1,5d20d1ea-2bee-4dcb-87e4-10e8e3154b81,d3bd65dc-1bff-41e1-9afb-47f380624f8a,1633254487486,14.479188,52.177537,8.657718,-0.81709796,1.5749474,-4.9242973,on bike mount,cyclo cross,True,asphalt,excellent
435ed585-a5af-4478-b250-df7187c001e1,5d20d1ea-2bee-4dcb-87e4-10e8e3154b81,372f2305-ea3d-482d-9a82-25ab1712e287,1633254487551,14.479188,52.177537,8.657718,-0.60985357,-0.8441725,3.4730902,on bike mount,cyclo cross,True,asphalt,excellent
435ed585-a5af-4478-b250-df7187c001e1,5d20d1ea-2bee-4dcb-87e4-10e8e3154b81,878d70ec-6c2c-4895-ba52-1178ac30bb77,1633254487602,14.479188,52.177537,8.657718,-0.60405016,-2.9086905,2.0608034,on bike mount,cyclo cross,True,asphalt,excellent
435ed585-a5af-4478-b250-df7187c001e1,5d20d1ea-2bee-4dcb-87e4-10e8e3154b81,22aafa0d-4893-4a78-8830-397e00b990d4,1633254487652,14.479188,52.177537,8.657718,0.16801317,-4.3002214,0.31632423,on bike mount,cyclo cross,True,asphalt,excellent
435ed585-a5af-4478-b250-df7187c001e1,5d20d1ea-2bee-4dcb-87e4-10e8e3154b81,2b7dbccc-1cc0-487a-a62f-3e27f2b34337,1633254487718,14.479188,52.177537,8.657718,0.5935228,2.5767615,1.4978352,on bike mount,cyclo cross,True,asphalt,excellent
435ed585-a5af-4478-b250-df7187c001e1,5d20d1ea-2bee-4dcb-87e4-10e8e3154b81,47aed5e0-538d-44cc-9b67-a720807c1c86,1633254487768,14.479188,52.177537,8.657718,-0.3483973,4.3085017,-3.2362995,on bike mount,cyclo cross,True,asphalt,excellent
435ed585-a5af-4478-b250-df7187c001e1,5d20d1ea-2bee-4dcb-87e4-10e8e3154b81,0ee34021-0a44-4e78-8860-614c36b4ccfd,1633254487819,14.479188,52.177537,8.657718,-0.2026988,-1.342076,-1.3759632,on bike mount,cyclo cross,True,asphalt,excellent
435ed585-a5af-4478-b250-df7187c001e1,5d20d1ea-2bee-4dcb-87e4-10e8e3154b81,94d10590-bed5-46f6-92a9-ac9618f41bc4,1633254487885,14.479188,52.177537,8.657718,1.6574484,-2.4116766,-0.44394588,on bike mount,cyclo cross,True,asphalt,excellent
435ed585-a5af-4478-b250-df7187c001e1,5d20d1ea-2bee-4dcb-87e4-10e8e3154b81,9b124d69-2450-411f-bf59-d6bf28220523,1633254487936,14.479188,52.177537,8.657718,0.11027175,-1.8524514,0.694643,on bike mount,cyclo cross,True,asphalt,excellent
435ed585-a5af-4478-b250-df7187c001e1,5d20d1ea-2bee-4dcb-87e4-10e8e3154b81,c21a3976-51b4-4a00-b45d-cb85b531f5ab,1633254488001,14.479188,52.177537,8.657718,1.067243,-1.0057931,2.0769463,on bike mount,cyclo cross,True,asphalt,excellent
435ed585-a5af-4478-b250-df7187c001e1,5d20d1ea-2bee-4dcb-87e4-10e8e3154b81,c4746c63-dc9d-496a-bc24-d29049a07a48,1633254488052,14.479188,52.177537,8.657718,-0.040458247,1.2621593,-1.321054,on bike mount,cyclo cross,True,asphalt,excellent
435ed585-a5af-4478-b250-df7187c001e1,5d20d1ea-2bee-4dcb-87e4-10e8e3154b81,fffa7876-9c65-46c1-b91a-cbe6b9c4b637,1633254488103,14.479188,52.177537,8.657718,-0.29959905,-3.1824343,4.930764,on bike mount,cyclo cross,True,asphalt,excellent
435ed585-a5af-4478-b250-df7187c001e1,5d20d1ea-2bee-4dcb-87e4-10e8e3154b81,bb2ed42e-3f15-455e-a107-50c70d07c533,1633254488152,14.4791128,52.1776037,8.653805,0.5341834,-2.2678611,2.9956388,on bike mount,cyclo cross,True,asphalt,excellent
435ed585-a5af-4478-b250-df7187c001e1,5d20d1ea-2bee-4dcb-87e4-10e8e3154b81,a0fe7eff-ca9a-45ea-8705-0db717160de1,1633254488203,14.4791128,52.1776037,8.653805,0.06372979,2.1703258,-4.212947,on bike mount,cyclo cross,True,asphalt,excellent
435ed585-a5af-4478-b250-df7187c001e1,5d20d1ea-2bee-4dcb-87e4-10e8e3154b81,2ef5f24e-45c7-430e-8ea8-3dd51cfdd00f,1633254488269,14.4791128,52.1776037,8.653805,-0.08548018,-1.0926259,-5.892276,on bike mount,cyclo cross,True,asphalt,excellent
435ed585-a5af-4478-b250-df7187c001e1,5d20d1ea-2bee-4dcb-87e4-10e8e3154b81,9a8861de-1a7a-45ae-9056-18c1e14c7568,1633254488320,14.4791128,52.1776037,8.653805,-0.8994074,-2.8844895,3.913268,on bike mount,cyclo cross,True,asphalt,excellent
435ed585-a5af-4478-b250-df7187c001e1,5d20d1ea-2bee-4dcb-87e4-10e8e3154b81,e1e08f72-cbc7-46c1-a2c7-343fa3e48f89,1633254488370,14.4791128,52.1776037,8.653805,0.32423216,0.7173927,-1.2124939,on bike mount,cyclo cross,True,asphalt,excellent
435ed585-a5af-4478-b250-df7187c001e1,5d20d1ea-2bee-4dcb-87e4-10e8e3154b81,5ae08b89-6863-42d8-8f9d-bd7ff919b1a1,1633254488420,14.4791128,52.1776037,8.653805,0.21927318,0.24427724,-2.057416,on bike mount,cyclo cross,True,asphalt,excellent
435ed585-a5af-4478-b250-df7187c001e1,5d20d1ea-2bee-4dcb-87e4-10e8e3154b81,313da15d-5e15-4287-a6d2-2fe89a1fd4a9,1633254488470,14.4791128,52.1776037,8.653805,0.63314986,-1.1783314,0.34193993,on bike mount,cyclo cross,True,asphalt,excellent
435ed585-a5af-4478-b250-df7187c001e1,5d20d1ea-2bee-4dcb-87e4-10e8e3154b81,6d22b8c7-3014-4700-9e45-96be8526b6c4,1633254488521,14.4791128,52.1776037,8.653805,-0.4736879,-0.7226769,0.54562664,on bike mount,cyclo cross,True,asphalt,excellent
435ed585-a5af-4478-b250-df7187c001e1,5d20d1ea-2bee-4dcb-87e4-10e8e3154b81,71939936-34d8-4f41-987a-7131fee8eaa7,1633254488586,14.4791128,52.1776037,8.653805,0.09214464,-1.6365638,2.0701208,on bike mount,cyclo cross,True,asphalt,excellent
435ed585-a5af-4478-b250-df7187c001e1,5d20d1ea-2bee-4dcb-87e4-10e8e3154b81,041fbab7-223e-4f63-b7fa-8bf006cc9724,1633254488637,14.4791128,52.1776037,8.653805,-0.74369085,-2.102509,3.2272272,on bike mount,cyclo cross,True,asphalt,excellent
435ed585-a5af-4478-b250-df7187c001e1,5d20d1ea-2bee-4dcb-87e4-10e8e3154b81,6604e0b2-0892-4017-9f28-25485ab5940f,1633254488687,14.4791128,52.1776037,8.653805,-0.76657134,-0.6388695,-1.7511158,on bike mount,cyclo cross,True,asphalt,excellent
435ed585-a5af-4478-b250-df7187c001e1,5d20d1ea-2bee-4dcb-87e4-10e8e3154b81,5fb74231-a935-481b-8a87-fabe98072394,1633254488737,14.4791128,52.1776037,8.653805,0.2255378,1.9928839,0.5137024,on bike mount,cyclo cross,True,asphalt,excellent
435ed585-a5af-4478-b250-df7187c001e1,5d20d1ea-2bee-4dcb-87e4-10e8e3154b81,cb993074-fe33-4ba1-953e-808e4e477400,1633254488787,14.4791128,52.1776037,8.653805,1.3827536,-2.431715,-2.9073186,on bike mount,cyclo cross,True,asphalt,excellent
435ed585-a5af-4478-b250-df7187c001e1,5d20d1ea-2bee-4dcb-87e4-10e8e3154b81,87d684c1-49da-4844-a3ca-848980f57b72,1633254488837,14.4791128,52.1776037,8.653805,0.5648519,-1.4428781,1.3906498,on bike mount,cyclo cross,True,asphalt,excellent
435ed585-a5af-4478-b250-df7187c001e1,5d20d1ea-2bee-4dcb-87e4-10e8e3154b81,68ff65da-3a8c-4d57-b3ef-0305e2e8705a,1633254488887,14.4791128,52.1776037,8.653805,-0.17712472,-0.32058048,0.22057915,on bike mount,cyclo cross,True,asphalt,excellent
435ed585-a5af-4478-b250-df7187c001e1,5d20d1ea-2bee-4dcb-87e4-10e8e3154b81,66d961e1-df81-4242-91dc-2ff0a67aef64,1633254488938,14.4791128,52.1776037,8.653805,2.76931,-1.8349526,1.325347,on bike mount,cyclo cross,True,asphalt,excellent
435ed585-a5af-4478-b250-df7187c001e1,5d20d1ea-2bee-4dcb-87e4-10e8e3154b81,1549cad8-7453-4246-ac27-ef1480180485,1633254488987,14.4791128,52.1776037,8.653805,-0.62042767,-1.9845392,-3.3605337,on bike mount,cyclo cross,True,asphalt,excellent
435ed585-a5af-4478-b250-df7187c001e1,5d20d1ea-2bee-4dcb-87e4-10e8e3154b81,fc1938b3-b62b-4224-9036-ced7217234d2,1633254489038,14.4791128,52.1776037,8.653805,-0.1058372,-2.5134144,-0.23113918,on bike mount,cyclo cross,True,asphalt,excellent
435ed585-a5af-4478-b250-df7187c001e1,5d20d1ea-2bee-4dcb-87e4-10e8e3154b81,b2a5c8a0-92e8-4d62-8a83-cef51bd032e7,1633254489087,14.4791128,52.1776037,8.653805,0.29020426,-3.6731644,3.7562847,on bike mount,cyclo cross,True,asphalt,excellent
435ed585-a5af-4478-b250-df7187c001e1,5d20d1ea-2bee-4dcb-87e4-10e8e3154b81,84ce9441-d6cc-4f8a-b16e-7c9d51d8e3f1,1633254489138,14.4790424,52.1776702,8.634408,3.154438,0.60147476,-5.220392,on bike mount,cyclo cross,True,asphalt,excellent
435ed585-a5af-4478-b250-df7187c001e1,5d20d1ea-2bee-4dcb-87e4-10e8e3154b81,cbf35d85-05b8-415f-8bb2-8d3d51f395e0,1633254489189,14.4790424,52.1776702,8.634408,-1.1145983,1.4674578,1.1046691,on bike mount,cyclo cross,True,asphalt,excellent
435ed585-a5af-4478-b250-df7187c001e1,5d20d1ea-2bee-4dcb-87e4-10e8e3154b81,f428cee8-51a4-4e12-b6d6-0c9fac6e98ec,1633254489239,14.4790424,52.1776702,8.634408,-0.9656146,-0.36643362,2.2664309,on bike mount,cyclo cross,True,asphalt,excellent
435ed585-a5af-4478-b250-df7187c001e1,5d20d1ea-2bee-4dcb-87e4-10e8e3154b81,b28434a9-86a3-4e88-8885-aeb1b0730f66,1633254489290,14.4790424,52.1776702,8.634408,1.0798421,2.5411673,1.8662577,on bike mount,cyclo cross,True,asphalt,excellent
435ed585-a5af-4478-b250-df7187c001e1,5d20d1ea-2bee-4dcb-87e4-10e8e3154b81,adb363b3-e32b-410b-87fd-e07ccbb040f3,1633254489355,14.4790424,52.1776702,8.634408,0.3294353,0.994462,-1.5340567,on bike mount,cyclo cross,True,asphalt,excellent
435ed585-a5af-4478-b250-df7187c001e1,5d20d1ea-2bee-4dcb-87e4-10e8e3154b81,27f2f656-2a38-4ca5-9827-13a0bcaf5491,1633254489421,14.4790424,52.1776702,8.634408,-0.129269,0.55143976,-0.75448704,on bike mount,cyclo cross,True,asphalt,excellent
435ed585-a5af-4478-b250-df7187c001e1,5d20d1ea-2bee-4dcb-87e4-10e8e3154b81,60c39473-76d4-4687-a4ff-a95599cce327,1633254489472,14.4790424,52.1776702,8.634408,1.7260938,-0.14660382,6.780616,on bike mount,cyclo cross,True,asphalt,excellent
435ed585-a5af-4478-b250-df7187c001e1,5d20d1ea-2bee-4dcb-87e4-10e8e3154b81,4926a685-a4b5-4e84-9873-292d511a0afa,1633254489540,14.4790424,52.1776702,8.634408,-0.32495993,-5.0790434,3.3476372,on bike mount,cyclo cross,True,asphalt,excellent
435ed585-a5af-4478-b250-df7187c001e1,5d20d1ea-2bee-4dcb-87e4-10e8e3154b81,755becdf-9308-4f5c-9afc-48ac2a6ae810,1633254489605,14.4790424,52.1776702,8.634408,-0.5252037,2.3947463,3.6082249,on bike mount,cyclo cross,True,asphalt,excellent
435ed585-a5af-4478-b250-df7187c001e1,5d20d1ea-2bee-4dcb-87e4-10e8e3154b81,71f2b545-5f55-4baf-8ca5-a7b12809e681,1633254489656,14.4790424,52.1776702,8.634408,-1.017048,1.8038821,2.0016565,on bike mount,cyclo cross,True,asphalt,excellent
435ed585-a5af-4478-b250-df7187c001e1,5d20d1ea-2bee-4dcb-87e4-10e8e3154b81,4adfef5e-8d05-455f-88d0-f298253401a3,1633254489723,14.4790424,52.1776702,8.634408,-0.5940759,1.155293,8.338932,on bike mount,cyclo cross,True,asphalt,excellent
435ed585-a5af-4478-b250-df7187c001e1,5d20d1ea-2bee-4dcb-87e4-10e8e3154b81,0915db58-0a8e-4411-acee-a278362d93af,1633254489772,14.4790424,52.1776702,8.634408,-1.0673847,-0.040495157,0.02868843,on bike mount,cyclo cross,True,asphalt,excellent
435ed585-a5af-4478-b250-df7187c001e1,5d20d1ea-2bee-4dcb-87e4-10e8e3154b81,b0479487-f9fa-4636-bb62-84e93656114c,1633254489822,14.4790424,52.1776702,8.634408,0.38585722,3.0950317,-1.8203716,on bike mount,cyclo cross,True,asphalt,excellent
435ed585-a5af-4478-b250-df7187c001e1,5d20d1ea-2bee-4dcb-87e4-10e8e3154b81,4cc256ed-736f-431c-9632-f7a09cea7493,1633254489873,14.4790424,52.1776702,8.634408,0.058423765,0.9225614,1.3722639,on bike mount,cyclo cross,True,asphalt,excellent
435ed585-a5af-4478-b250-df7187c001e1,5d20d1ea-2bee-4dcb-87e4-10e8e3154b81,4f8018db-3fc4-4115-99fb-f5c18273478f,1633254489923,14.4790424,52.1776702,8.634408,-0.28763264,0.7009554,0.72696304,on bike mount,cyclo cross,True,asphalt,excellent
435ed585-a5af-4478-b250-df7187c001e1,5d20d1ea-2bee-4dcb-87e4-10e8e3154b81,3f9c3a18-d220-4bd7-89fa-03860b382b23,1633254489973,14.4790424,52.1776702,8.634408,2.385337,-0.510098,-0.10749626,on bike mount,cyclo cross,True,asphalt,excellent
435ed585-a5af-4478-b250-df7187c001e1,5d20d1ea-2bee-4dcb-87e4-10e8e3154b81,110e3056-7fe2-4666-adf4-070de1c40120,1633254490023,14.4790424,52.1776702,8.634408,-0.9349947,1.898046,-1.2693729,on bike mount,cyclo cross,True,asphalt,excellent
435ed585-a5af-4478-b250-df7187c001e1,5d20d1ea-2bee-4dcb-87e4-10e8e3154b81,dcc7a8d5-5dc7-4216-ad08-9b58849514e2,1633254490074,14.4790424,52.1776702,8.634408,-1.2660975,-3.0817213,3.0033817,on bike mount,cyclo cross,True,asphalt,excellent
435ed585-a5af-4478-b250-df7187c001e1,5d20d1ea-2bee-4dcb-87e4-10e8e3154b81,1c097ba2-5c0a-4e00-be24-4781e13e0f12,1633254490124,14.4789756,52.1777363,8.588201,-0.6457969,1.4440112,-1.3008432,on bike mount,cyclo cross,True,asphalt,excellent
435ed585-a5af-4478-b250-df7187c001e1,5d20d1ea-2bee-4dcb-87e4-10e8e3154b81,bf4f1b53-f35d-47ac-8867-0b113b09ad6c,1633254490190,14.4789756,52.1777363,8.588201,-0.21605803,-1.7244256,0.87094593,on bike mount,cyclo cross,True,asphalt,excellent
435ed585-a5af-4478-b250-df7187c001e1,5d20d1ea-2bee-4dcb-87e4-10e8e3154b81,afb71756-04ca-4a74-970f-8e6748fbbe8d,1633254490256,14.4789756,52.1777363,8.588201,-0.28998205,-0.005513668,6.1570215,on bike mount,cyclo cross,True,asphalt,excellent
435ed585-a5af-4478-b250-df7187c001e1,5d20d1ea-2bee-4dcb-87e4-10e8e3154b81,cd5d133a-6ef9-4e13-b565-765a18888532,1633254490307,14.4789756,52.1777363,8.588201,-0.2672758,-2.6985822,0.1694479,on bike mount,cyclo cross,True,asphalt,excellent
435ed585-a5af-4478-b250-df7187c001e1,5d20d1ea-2bee-4dcb-87e4-10e8e3154b81,d1f4aa26-b764-4ba4-a18e-e6ca05e59134,1633254490357,14.4789756,52.1777363,8.588201,0.6480137,1.7199106,-1.6393862,on bike mount,cyclo cross,True,asphalt,excellent
435ed585-a5af-4478-b250-df7187c001e1,5d20d1ea-2bee-4dcb-87e4-10e8e3154b81,47931889-12df-407c-b044-8713597a473b,1633254490407,14.4789756,52.1777363,8.588201,-0.040213123,-0.6484959,-0.6867285,on bike mount,cyclo cross,True,asphalt,excellent
435ed585-a5af-4478-b250-df7187c001e1,5d20d1ea-2bee-4dcb-87e4-10e8e3154b81,4f845026-ba63-4a39-a765-fdd446285703,1633254490457,14.4789756,52.1777363,8.588201,-1.6535122,-1.6305716,-0.27087212,on bike mount,cyclo cross,True,asphalt,excellent
435ed585-a5af-4478-b250-df7187c001e1,5d20d1ea-2bee-4dcb-87e4-10e8e3154b81,f02d56e8-9d3c-4214-aeae-9b00efac6534,1633254490508,14.4789756,52.1777363,8.588201,1.0261759,-2.251185,5.361541,on bike mount,cyclo cross,True,asphalt,excellent
435ed585-a5af-4478-b250-df7187c001e1,5d20d1ea-2bee-4dcb-87e4-10e8e3154b81,d9cb3c88-4441-4f4a-9350-c651fb46fc0b,1633254490574,14.4789756,52.1777363,8.588201,0.22002862,-0.8306544,0.9874821,on bike mount,cyclo cross,True,asphalt,excellent
435ed585-a5af-4478-b250-df7187c001e1,5d20d1ea-2bee-4dcb-87e4-10e8e3154b81,82e253c9-82ab-4a73-b9b1-b7056d696e61,1633254490624,14.4789756,52.1777363,8.588201,-0.5141476,-0.3089335,-2.4762988,on bike mount,cyclo cross,True,asphalt,excellent
435ed585-a5af-4478-b250-df7187c001e1,5d20d1ea-2bee-4dcb-87e4-10e8e3154b81,1560e6e1-00f4-45fd-bb13-d73c906401a6,1633254490674,14.4789756,52.1777363,8.588201,0.8601626,-1.0957425,-0.27605724,on bike mount,cyclo cross,True,asphalt,excellent
435ed585-a5af-4478-b250-df7187c001e1,5d20d1ea-2bee-4dcb-87e4-10e8e3154b81,bef7d923-ff4e-4b6f-b44b-5c4848d96f6d,1633254490725,14.4789756,52.1777363,8.588201,0.5275766,0.15338469,-1.9655814,on bike mount,cyclo cross,True,asphalt,excellent
435ed585-a5af-4478-b250-df7187c001e1,5d20d1ea-2bee-4dcb-87e4-10e8e3154b81,5011f340-9492-465a-84ab-06c133acba15,1633254490790,14.4789756,52.1777363,8.588201,0.09085283,1.1465912,3.3037653,on bike mount,cyclo cross,True,asphalt,excellent
435ed585-a5af-4478-b250-df7187c001e1,5d20d1ea-2bee-4dcb-87e4-10e8e3154b81,cd589ede-d6cd-4abf-b19e-a96a589c0916,1633254490840,14.4789756,52.1777363,8.588201,-1.9924158,1.380497,-1.3471336,on bike mount,cyclo cross,True,asphalt,excellent
435ed585-a5af-4478-b250-df7187c001e1,5d20d1ea-2bee-4dcb-87e4-10e8e3154b81,0c23b168-0584-467e-8ad0-f932987c13d4,1633254490891,14.4789756,52.1777363,8.588201,-0.69982564,-0.17314076,-0.43636513,on bike mount,cyclo cross,True,asphalt,excellent
435ed585-a5af-4478-b250-df7187c001e1,5d20d1ea-2bee-4dcb-87e4-10e8e3154b81,6b70f26f-41a7-48ac-bdc1-9e3ba35fd33a,1633254490941,14.4789756,52.1777363,8.588201,-0.01909694,-4.764921,-0.839941,on bike mount,cyclo cross,True,asphalt,excellent
435ed585-a5af-4478-b250-df7187c001e1,5d20d1ea-2bee-4dcb-87e4-10e8e3154b81,47e20519-8200-4b0e-8d01-73521ffa33d0,1633254490990,14.4789756,52.1777363,8.588201,0.1720295,1.4765255,1.1575499,on bike mount,cyclo cross,True,asphalt,excellent
435ed585-a5af-4478-b250-df7187c001e1,5d20d1ea-2bee-4dcb-87e4-10e8e3154b81,4182e3ab-57eb-4117-832b-8987cdd7c0fd,1633254491042,14.4789756,52.1777363,8.588201,-0.16754773,0.029056787,-1.4752321,on bike mount,cyclo cross,True,asphalt,excellent
435ed585-a5af-4478-b250-df7187c001e1,5d20d1ea-2bee-4dcb-87e4-10e8e3154b81,4c4a99f7-5899-4e53-bf75-3360f1337ee8,1633254491096,14.4789756,52.1777363,8.588201,0.9426651,-0.39043927,-1.3065362,on bike mount,cyclo cross,True,asphalt,excellent
435ed585-a5af-4478-b250-df7187c001e1,5d20d1ea-2bee-4dcb-87e4-10e8e3154b81,fb5e7da3-35a2-4434-a84e-adea9c811ff0,1633254491157,14.4789026,52.1778041,8.607365,-0.75804657,-2.2189312,-2.2078443,on bike mount,cyclo cross,True,asphalt,excellent
435ed585-a5af-4478-b250-df7187c001e1,5d20d1ea-2bee-4dcb-87e4-10e8e3154b81,32cd09d9-5473-439f-a4fc-17be3c9deba1,1633254491207,14.4789026,52.1778041,8.607365,-0.07963601,-0.62511206,-0.40412617,on bike mount,cyclo cross,True,asphalt,excellent
435ed585-a5af-4478-b250-df7187c001e1,5d20d1ea-2bee-4dcb-87e4-10e8e3154b81,bd992cdd-7ebb-4c14-9e5a-5e6b6bdddcba,1633254491257,14.4789026,52.1778041,8.607365,0.3945058,-0.25010705,-1.4392238,on bike mount,cyclo cross,True,asphalt,excellent
435ed585-a5af-4478-b250-df7187c001e1,5d20d1ea-2bee-4dcb-87e4-10e8e3154b81,25873f7f-cd33-47f8-ae40-ed8149b8a2f5,1633254491309,14.4789026,52.1778041,8.607365,-0.020586684,0.846869,0.5042448,on bike mount,cyclo cross,True,asphalt,excellent
435ed585-a5af-4478-b250-df7187c001e1,5d20d1ea-2bee-4dcb-87e4-10e8e3154b81,44a3d479-4acc-46ac-8aa6-2233571254de,1633254491377,14.4789026,52.1778041,8.607365,-0.030359909,-0.2218697,-0.517993,on bike mount,cyclo cross,True,asphalt,excellent
435ed585-a5af-4478-b250-df7187c001e1,5d20d1ea-2bee-4dcb-87e4-10e8e3154b81,be9e6fcd-e601-4bd3-bdae-d39506879754,1633254491443,14.4789026,52.1778041,8.607365,-2.0068913,-3.9412866,-1.4080348,on bike mount,cyclo cross,True,asphalt,excellent
435ed585-a5af-4478-b250-df7187c001e1,5d20d1ea-2bee-4dcb-87e4-10e8e3154b81,9c610196-d479-444a-a630-def7395df4af,1633254491492,14.4789026,52.1778041,8.607365,1.1640184,1.7888334,-2.8665671,on bike mount,cyclo cross,True,asphalt,excellent
435ed585-a5af-4478-b250-df7187c001e1,5d20d1ea-2bee-4dcb-87e4-10e8e3154b81,b5e7eae6-fa65-4058-9e0d-d5c147dd9341,1633254491542,14.4789026,52.1778041,8.607365,0.8078609,-3.6213207,0.50980186,on bike mount,cyclo cross,True,asphalt,excellent
435ed585-a5af-4478-b250-df7187c001e1,5d20d1ea-2bee-4dcb-87e4-10e8e3154b81,cb93cb36-70b1-44c9-82b1-9218b17885ab,1633254491593,14.4789026,52.1778041,8.607365,0.6915064,-0.14854932,0.67651176,on bike mount,cyclo cross,True,asphalt,excellent
435ed585-a5af-4478-b250-df7187c001e1,5d20d1ea-2bee-4dcb-87e4-10e8e3154b81,fb4c9814-a9ed-4ff1-a8ca-b9cfa2318313,1633254491643,14.4789026,52.1778041,8.607365,0.24157566,-1.1947471,2.1747723,on bike mount,cyclo cross,True,asphalt,excellent
435ed585-a5af-4478-b250-df7187c001e1,5d20d1ea-2bee-4dcb-87e4-10e8e3154b81,0b409aad-323e-4878-ae54-91e588e2444b,1633254491693,14.4789026,52.1778041,8.607365,-0.15971807,-2.40964,1.1171865,on bike mount,cyclo cross,True,asphalt,excellent
435ed585-a5af-4478-b250-df7187c001e1,5d20d1ea-2bee-4dcb-87e4-10e8e3154b81,221bc7d3-6e8b-4e79-a2a4-e0c97e428a19,1633254491761,14.4789026,52.1778041,8.607365,0.4341576,-0.2683158,-0.73781776,on bike mount,cyclo cross,True,asphalt,excellent
435ed585-a5af-4478-b250-df7187c001e1,5d20d1ea-2bee-4dcb-87e4-10e8e3154b81,323a8051-371a-4db5-84f5-80bd823fe524,1633254491826,14.4789026,52.1778041,8.607365,0.8478149,-0.972661,-1.309341,on bike mount,cyclo cross,True,asphalt,excellent
435ed585-a5af-4478-b250-df7187c001e1,5d20d1ea-2bee-4dcb-87e4-10e8e3154b81,7de4098f-3b64-41d4-98ce-4aed3ec2f139,1633254491876,14.4789026,52.1778041,8.607365,-0.5026117,2.0950708,1.2253828,on bike mount,cyclo cross,True,asphalt,excellent
435ed585-a5af-4478-b250-df7187c001e1,5d20d1ea-2bee-4dcb-87e4-10e8e3154b81,52d6a6c5-4005-47bc-bb35-91a513378240,1633254491927,14.4789026,52.1778041,8.607365,1.0966424,-0.29590797,-1.665401,on bike mount,cyclo cross,True,asphalt,excellent
435ed585-a5af-4478-b250-df7187c001e1,5d20d1ea-2bee-4dcb-87e4-10e8e3154b81,1b627f23-e2df-41f7-b87c-31281c002184,1633254491977,14.4789026,52.1778041,8.607365,1.7805061,5.69847,-7.3440003,on bike mount,cyclo cross,True,asphalt,excellent
435ed585-a5af-4478-b250-df7187c001e1,5d20d1ea-2bee-4dcb-87e4-10e8e3154b81,3e5ea4d3-2a6e-412b-adbf-85e6d9c469ec,1633254492044,14.4789026,52.1778041,8.607365,-0.5167319,-2.4517527,0.4595375,on bike mount,cyclo cross,True,asphalt,excellent
435ed585-a5af-4478-b250-df7187c001e1,5d20d1ea-2bee-4dcb-87e4-10e8e3154b81,93ae8328-c6f8-408f-ac11-32dc1ca72878,1633254492095,14.4789026,52.1778041,8.607365,-1.4229906,1.4480665,2.0716648,on bike mount,cyclo cross,True,asphalt,excellent
435ed585-a5af-4478-b250-df7187c001e1,5d20d1ea-2bee-4dcb-87e4-10e8e3154b81,ac5d5c6e-c268-4a90-8416-2c91d6660b65,1633254492159,14.4788331,52.1778732,8.612319,0.6389943,3.3747845,-5.7230773,on bike mount,cyclo cross,True,asphalt,excellent
435ed585-a5af-4478-b250-df7187c001e1,5d20d1ea-2bee-4dcb-87e4-10e8e3154b81,19970132-540a-4bb6-982c-6f4e8fae77e6,1633254492209,14.4788331,52.1778732,8.612319,-1.1120805,-0.5480895,4.0687904,on bike mount,cyclo cross,True,asphalt,excellent
435ed585-a5af-4478-b250-df7187c001e1,5d20d1ea-2bee-4dcb-87e4-10e8e3154b81,d792b116-b6a2-46c2-81f5-d9c842bffd24,1633254492259,14.4788331,52.1778732,8.612319,0.18609726,-0.21353269,-2.3257103,on bike mount,cyclo cross,True,asphalt,excellent
435ed585-a5af-4478-b250-df7187c001e1,5d20d1ea-2bee-4dcb-87e4-10e8e3154b81,32afa275-8933-4c0d-b485-436581fabfa7,1633254492309,14.4788331,52.1778732,8.612319,0.29909852,2.5533595,-1.9424996,on bike mount,cyclo cross,True,asphalt,excellent
435ed585-a5af-4478-b250-df7187c001e1,5d20d1ea-2bee-4dcb-87e4-10e8e3154b81,f5847ccc-b832-4ddf-8671-3a6af91daff3,1633254492360,14.4788331,52.1778732,8.612319,-2.431818,-0.22578883,0.9499655,on bike mount,cyclo cross,True,asphalt,excellent
435ed585-a5af-4478-b250-df7187c001e1,5d20d1ea-2bee-4dcb-87e4-10e8e3154b81,d78b8dab-5421-4739-adc5-9e35c1bf9efb,1633254492410,14.4788331,52.1778732,8.612319,0.8598095,-1.3747923,-0.73472595,on bike mount,cyclo cross,True,asphalt,excellent
435ed585-a5af-4478-b250-df7187c001e1,5d20d1ea-2bee-4dcb-87e4-10e8e3154b81,07c1f814-bd0f-4243-a7a6-3ccae4f693d6,1633254492461,14.4788331,52.1778732,8.612319,0.3947658,-1.3951968,1.1614656,on bike mount,cyclo cross,True,asphalt,excellent
435ed585-a5af-4478-b250-df7187c001e1,5d20d1ea-2bee-4dcb-87e4-10e8e3154b81,9789e6d2-166d-449e-a054-8b36869844fd,1633254492528,14.4788331,52.1778732,8.612319,-0.15904647,-0.5593879,2.4421225,on bike mount,cyclo cross,True,asphalt,excellent
435ed585-a5af-4478-b250-df7187c001e1,5d20d1ea-2bee-4dcb-87e4-10e8e3154b81,f4344e99-77a9-4a69-8fec-54e14dc96f2f,1633254492595,14.4788331,52.1778732,8.612319,0.29413846,-3.277956,-1.0338316,on bike mount,cyclo cross,True,asphalt,excellent
435ed585-a5af-4478-b250-df7187c001e1,5d20d1ea-2bee-4dcb-87e4-10e8e3154b81,63407826-cb1d-415d-8d61-20df4c073a7d,1633254492645,14.4788331,52.1778732,8.612319,0.055193026,-2.1111944,1.5221024,on bike mount,cyclo cross,True,asphalt,excellent
435ed585-a5af-4478-b250-df7187c001e1,5d20d1ea-2bee-4dcb-87e4-10e8e3154b81,c5d0725a-386e-4487-9ed2-7589fcf3f387,1633254492695,14.4788331,52.1778732,8.612319,1.560877,1.4331331,-0.6338291,on bike mount,cyclo cross,True,asphalt,excellent
435ed585-a5af-4478-b250-df7187c001e1,5d20d1ea-2bee-4dcb-87e4-10e8e3154b81,22e1faa2-d4b9-4012-8cca-83b6fa544ab9,1633254492745,14.4788331,52.1778732,8.612319,-0.44109052,1.8904643,-0.38180637,on bike mount,cyclo cross,True,asphalt,excellent
435ed585-a5af-4478-b250-df7187c001e1,5d20d1ea-2bee-4dcb-87e4-10e8e3154b81,9e6af913-7851-4b36-aea5-b35a1ac1a92b,1633254492797,14.4788331,52.1778732,8.612319,-1.1400132,0.7900872,-1.6486254,on bike mount,cyclo cross,True,asphalt,excellent
435ed585-a5af-4478-b250-df7187c001e1,5d20d1ea-2bee-4dcb-87e4-10e8e3154b81,71d5a1e5-9f61-42a6-8fe2-75ec44306902,1633254492862,14.4788331,52.1778732,8.612319,-1.2214577,-0.1464293,-1.6934843,on bike mount,cyclo cross,True,asphalt,excellent
435ed585-a5af-4478-b250-df7187c001e1,5d20d1ea-2bee-4dcb-87e4-10e8e3154b81,8b2ff41e-1177-4983-a23a-ce8c9ca86e01,1633254492927,14.4788331,52.1778732,8.612319,0.38122663,-1.2021914,-0.7507448,on bike mount,cyclo cross,True,asphalt,excellent
435ed585-a5af-4478-b250-df7187c001e1,5d20d1ea-2bee-4dcb-87e4-10e8e3154b81,62ae39fe-9216-4607-9c15-a083d1ffc6fa,1633254492977,14.4788331,52.1778732,8.612319,-0.34966403,-2.7817478,1.9849043,on bike mount,cyclo cross,True,asphalt,excellent
435ed585-a5af-4478-b250-df7187c001e1,5d20d1ea-2bee-4dcb-87e4-10e8e3154b81,eefa6e18-2b7f-4b4a-aaad-ca9f88864e45,1633254493027,14.4788331,52.1778732,8.612319,0.22004882,-2.4233136,-1.9628267,on bike mount,cyclo cross,True,asphalt,excellent
435ed585-a5af-4478-b250-df7187c001e1,5d20d1ea-2bee-4dcb-87e4-10e8e3154b81,c7c81a71-2cc1-46a5-9a02-852e3e7898be,1633254493079,14.4788331,52.1778732,8.612319,-0.20068768,4.616545,-6.4549875,on bike mount,cyclo cross,True,asphalt,excellent
435ed585-a5af-4478-b250-df7187c001e1,5d20d1ea-2bee-4dcb-87e4-10e8e3154b81,31a980b5-b71d-491f-b00d-33910b1de2ee,1633254493129,14.4787633,52.1779392,8.590576,-0.79105705,0.7619338,3.624363,on bike mount,cyclo cross,True,asphalt,excellent
435ed585-a5af-4478-b250-df7187c001e1,5d20d1ea-2bee-4dcb-87e4-10e8e3154b81,014b894f-d657-498a-87e2-2ac43e98b30f,1633254493194,14.4787633,52.1779392,8.590576,1.2971575,-0.64984846,9.257521,on bike mount,cyclo cross,True,asphalt,excellent
435ed585-a5af-4478-b250-df7187c001e1,5d20d1ea-2bee-4dcb-87e4-10e8e3154b81,251ca52a-e021-4f12-9e3a-2557339a82cc,1633254493244,14.4787633,52.1779392,8.590576,0.9014838,1.8795433,3.59894,on bike mount,cyclo cross,True,asphalt,excellent
435ed585-a5af-4478-b250-df7187c001e1,5d20d1ea-2bee-4dcb-87e4-10e8e3154b81,dbac29cc-634a-4450-b842-996d926a36fd,1633254493295,14.4787633,52.1779392,8.590576,3.3152251,3.772018,-0.23583412,on bike mount,cyclo cross,True,asphalt,excellent
435ed585-a5af-4478-b250-df7187c001e1,5d20d1ea-2bee-4dcb-87e4-10e8e3154b81,cd5e8871-82df-41bb-8056-9cf23461cc2f,1633254493346,14.4787633,52.1779392,8.590576,0.24067898,3.2381797,-1.0599885,on bike mount,cyclo cross,True,asphalt,excellent
435ed585-a5af-4478-b250-df7187c001e1,5d20d1ea-2bee-4dcb-87e4-10e8e3154b81,4d61f6ae-6895-4c1f-8983-f06a8f5f4d0f,1633254493396,14.4787633,52.1779392,8.590576,0.49580878,-2.5278437,5.818035,on bike mount,cyclo cross,True,asphalt,excellent
435ed585-a5af-4478-b250-df7187c001e1,5d20d1ea-2bee-4dcb-87e4-10e8e3154b81,03e6e785-6a5b-49cc-bb62-8db53b07c1f1,1633254493464,14.4787633,52.1779392,8.590576,-0.82696486,-0.80667245,0.3862753,on bike mount,cyclo cross,True,asphalt,excellent
435ed585-a5af-4478-b250-df7187c001e1,5d20d1ea-2bee-4dcb-87e4-10e8e3154b81,6de7f8ad-6a60-435f-ac02-699fd3be2d09,1633254493530,14.4787633,52.1779392,8.590576,0.8209109,-8.390266,0.66927814,on bike mount,cyclo cross,True,asphalt,excellent
435ed585-a5af-4478-b250-df7187c001e1,5d20d1ea-2bee-4dcb-87e4-10e8e3154b81,990ab709-5cfb-4624-8625-4bc82a62dd66,1633254493581,14.4787633,52.1779392,8.590576,0.21678437,0.03622675,-6.405738,on bike mount,cyclo cross,True,asphalt,excellent
435ed585-a5af-4478-b250-df7187c001e1,5d20d1ea-2bee-4dcb-87e4-10e8e3154b81,6aac3b2f-8ad6-4b4d-b11a-47a9fe31a7fb,1633254493632,14.4787633,52.1779392,8.590576,1.3025949,-5.060308,-3.6936488,on bike mount,cyclo cross,True,asphalt,excellent
435ed585-a5af-4478-b250-df7187c001e1,5d20d1ea-2bee-4dcb-87e4-10e8e3154b81,b12a831b-a397-4af3-8424-a9cca54576f9,1633254493697,14.4787633,52.1779392,8.590576,-2.23842,1.0843806,-6.2741566,on bike mount,cyclo cross,True,asphalt,excellent
435ed585-a5af-4478-b250-df7187c001e1,5d20d1ea-2bee-4dcb-87e4-10e8e3154b81,5f894fbb-5d32-4ceb-986f-3221556383dc,1633254493748,14.4787633,52.1779392,8.590576,0.034860104,2.7981892,0.22236156,on bike mount,cyclo cross,True,asphalt,excellent
435ed585-a5af-4478-b250-df7187c001e1,5d20d1ea-2bee-4dcb-87e4-10e8e3154b81,b4542c6d-7c53-4217-84c8-db5288037abd,1633254493813,14.4787633,52.1779392,8.590576,1.3990293,0.83575654,-0.20580673,on bike mount,cyclo cross,True,asphalt,excellent
435ed585-a5af-4478-b250-df7187c001e1,5d20d1ea-2bee-4dcb-87e4-10e8e3154b81,f1060d90-4836-4978-a38f-4c0cf033937b,1633254493864,14.4787633,52.1779392,8.590576,-1.5826331,0.886034,4.0916004,on bike mount,cyclo cross,True,asphalt,excellent
435ed585-a5af-4478-b250-df7187c001e1,5d20d1ea-2bee-4dcb-87e4-10e8e3154b81,d85d8882-168b-4120-9c8e-99be2327fdf3,1633254493914,14.4787633,52.1779392,8.590576,0.6031706,-5.462151,1.0602636,on bike mount,cyclo cross,True,asphalt,excellent
435ed585-a5af-4478-b250-df7187c001e1,5d20d1ea-2bee-4dcb-87e4-10e8e3154b81,1dacd349-fbf8-48f3-9af1-c030fec484ad,1633254493980,14.4787633,52.1779392,8.590576,-0.18862793,0.026494265,2.2187233,on bike mount,cyclo cross,True,asphalt,excellent
435ed585-a5af-4478-b250-df7187c001e1,5d20d1ea-2bee-4dcb-87e4-10e8e3154b81,ca4fdd3b-27b0-4e55-bd48-f81a22d0244f,1633254494030,14.4787633,52.1779392,8.590576,-0.22071907,0.11962271,-2.8106556,on bike mount,cyclo cross,True,asphalt,excellent
435ed585-a5af-4478-b250-df7187c001e1,5d20d1ea-2bee-4dcb-87e4-10e8e3154b81,0097c4a9-7164-4799-be5a-6ceb21263735,1633254494080,14.4787633,52.1779392,8.590576,-1.3508958,-5.026053,0.8967724,on bike mount,cyclo cross,True,asphalt,excellent
435ed585-a5af-4478-b250-df7187c001e1,5d20d1ea-2bee-4dcb-87e4-10e8e3154b81,a44fa6f1-835c-4b59-8cb7-a799f09b3fb2,1633254494132,14.4786984,52.178003,8.527584,0.988785,0.09633875,-0.99418163,on bike mount,cyclo cross,True,asphalt,excellent
435ed585-a5af-4478-b250-df7187c001e1,5d20d1ea-2bee-4dcb-87e4-10e8e3154b81,671e7a66-4734-44a3-bae3-734492f2e0f1,1633254494196,14.4786984,52.178003,8.527584,0.6552792,0.55653787,-3.4691906,on bike mount,cyclo cross,True,asphalt,excellent
435ed585-a5af-4478-b250-df7187c001e1,5d20d1ea-2bee-4dcb-87e4-10e8e3154b81,d3fb094c-827c-469c-a88f-d81c09ce2da8,1633254494246,14.4786984,52.178003,8.527584,0.078295544,-1.202716,1.0856667,on bike mount,cyclo cross,True,asphalt,excellent
435ed585-a5af-4478-b250-df7187c001e1,5d20d1ea-2bee-4dcb-87e4-10e8e3154b81,61577caa-ce5c-43e8-a814-c33cc6779aad,1633254494297,14.4786984,52.178003,8.527584,0.75920063,-0.28909063,-2.4230456,on bike mount,cyclo cross,True,asphalt,excellent
435ed585-a5af-4478-b250-df7187c001e1,5d20d1ea-2bee-4dcb-87e4-10e8e3154b81,fe2df2dd-a713-4cb0-9ae9-a10afd461b9c,1633254494347,14.4786984,52.178003,8.527584,1.9413006,-1.1708398,2.7140427,on bike mount,cyclo cross,True,asphalt,excellent
435ed585-a5af-4478-b250-df7187c001e1,5d20d1ea-2bee-4dcb-87e4-10e8e3154b81,b61e59ae-b1f9-42fe-82b8-98bc443d294b,1633254494398,14.4786984,52.178003,8.527584,0.49470577,-0.18242764,-1.5581794,on bike mount,cyclo cross,True,asphalt,excellent
435ed585-a5af-4478-b250-df7187c001e1,5d20d1ea-2bee-4dcb-87e4-10e8e3154b81,c5345f06-6f72-42ab-bc0b-60f503bfe340,1633254494448,14.4786984,52.178003,8.527584,-1.9967378,2.126525,-5.139971,on bike mount,cyclo cross,True,asphalt,excellent
435ed585-a5af-4478-b250-df7187c001e1,5d20d1ea-2bee-4dcb-87e4-10e8e3154b81,a9e4f909-a9e6-4d4d-a6da-c6229b9c8e4a,1633254494498,14.4786984,52.178003,8.527584,0.25116676,0.46575475,4.7429914,on bike mount,cyclo cross,True,asphalt,excellent
435ed585-a5af-4478-b250-df7187c001e1,5d20d1ea-2bee-4dcb-87e4-10e8e3154b81,c99313a0-bd78-4d9c-8699-9b06d11eecdc,1633254494548,14.4786984,52.178003,8.527584,0.3975662,0.2814796,0.73313713,on bike mount,cyclo cross,True,asphalt,excellent
435ed585-a5af-4478-b250-df7187c001e1,5d20d1ea-2bee-4dcb-87e4-10e8e3154b81,77236f51-5006-4c62-85ea-5d6d6696caa6,1633254494598,14.4786984,52.178003,8.527584,0.56825083,1.1210189,-0.5126848,on bike mount,cyclo cross,True,asphalt,excellent
435ed585-a5af-4478-b250-df7187c001e1,5d20d1ea-2bee-4dcb-87e4-10e8e3154b81,2d08b263-dd3b-456f-a053-3901023fe6c2,1633254494648,14.4786984,52.178003,8.527584,-0.6527606,2.0830908,0.67578316,on bike mount,cyclo cross,True,asphalt,excellent
435ed585-a5af-4478-b250-df7187c001e1,5d20d1ea-2bee-4dcb-87e4-10e8e3154b81,6dcd30a1-b1f7-4705-9beb-6fc6c32147c5,1633254494699,14.4786984,52.178003,8.527584,0.12246884,-0.32325935,5.201169,on bike mount,cyclo cross,True,asphalt,excellent
435ed585-a5af-4478-b250-df7187c001e1,5d20d1ea-2bee-4dcb-87e4-10e8e3154b81,b8ce56ba-7a25-4221-8a2e-2f22cb82a656,1633254494748,14.4786984,52.178003,8.527584,-0.18743753,-0.58410525,-2.2187757,on bike mount,cyclo cross,True,asphalt,excellent
435ed585-a5af-4478-b250-df7187c001e1,5d20d1ea-2bee-4dcb-87e4-10e8e3154b81,7062728d-311d-434b-8d55-68cfc132f7be,1633254494799,14.4786984,52.178003,8.527584,-0.5922783,-1.0850818,0.2704878,on bike mount,cyclo cross,True,asphalt,excellent
435ed585-a5af-4478-b250-df7187c001e1,5d20d1ea-2bee-4dcb-87e4-10e8e3154b81,e9a7b95e-aecf-4354-a409-fef4ffa4029f,1633254494865,14.4786984,52.178003,8.527584,-0.7439518,-1.9029608,6.1589527,on bike mount,cyclo cross,True,asphalt,excellent
435ed585-a5af-4478-b250-df7187c001e1,5d20d1ea-2bee-4dcb-87e4-10e8e3154b81,aadea98e-52ea-47bd-8b1d-e72c776e97d2,1633254494915,14.4786984,52.178003,8.527584,-0.062502205,-2.627201,-1.2385087,on bike mount,cyclo cross,True,asphalt,excellent
435ed585-a5af-4478-b250-df7187c001e1,5d20d1ea-2bee-4dcb-87e4-10e8e3154b81,22d1530a-dfb2-425c-b8ed-55438ffde940,1633254494966,14.4786984,52.178003,8.527584,0.0051369667,4.923993,-2.7748423,on bike mount,cyclo cross,True,asphalt,excellent
435ed585-a5af-4478-b250-df7187c001e1,5d20d1ea-2bee-4dcb-87e4-10e8e3154b81,3b63d8ca-8aec-43c9-b6f7-e3a6b3bf7acc,1633254495015,14.4786984,52.178003,8.527584,0.71441257,-1.9620726,-2.1897264,on bike mount,cyclo cross,True,asphalt,excellent
435ed585-a5af-4478-b250-df7187c001e1,5d20d1ea-2bee-4dcb-87e4-10e8e3154b81,e8cae94c-74d3-4e2b-9cdb-8be1b2aca7db,1633254495066,14.4786984,52.178003,8.527584,1.0891553,2.8502316,-8.820118,on bike mount,cyclo cross,True,asphalt,excellent
435ed585-a5af-4478-b250-df7187c001e1,5d20d1ea-2bee-4dcb-87e4-10e8e3154b81,fbc40c60-8325-4fd9-bfa7-9ed30c641e42,1633254495117,14.4786363,52.1780631,8.412895,-0.19973403,-0.86967635,0.5086708,on bike mount,cyclo cross,True,asphalt,excellent
435ed585-a5af-4478-b250-df7187c001e1,5d20d1ea-2bee-4dcb-87e4-10e8e3154b81,651f98f0-c5e7-4d83-b4c1-603aace9bc45,1633254495183,14.4786363,52.1780631,8.412895,0.06268659,0.112654686,-0.5062504,on bike mount,cyclo cross,True,asphalt,excellent
435ed585-a5af-4478-b250-df7187c001e1,5d20d1ea-2bee-4dcb-87e4-10e8e3154b81,3b4ec2bf-4803-4b17-bede-d7e3763ecdc7,1633254495233,14.4786363,52.1780631,8.412895,-0.020421445,1.9231749,-1.9210434,on bike mount,cyclo cross,True,asphalt,excellent
435ed585-a5af-4478-b250-df7187c001e1,5d20d1ea-2bee-4dcb-87e4-10e8e3154b81,b3332fcd-daa9-46f1-aa93-c7bf19a6e79d,1633254495299,14.4786363,52.1780631,8.412895,1.7001894,-4.054797,-3.4057074,on bike mount,cyclo cross,True,asphalt,excellent
435ed585-a5af-4478-b250-df7187c001e1,5d20d1ea-2bee-4dcb-87e4-10e8e3154b81,5a1855b5-99ae-4d4f-8f3f-869474d6440f,1633254495350,14.4786363,52.1780631,8.412895,2.4840589,-2.646247,4.1742773,on bike mount,cyclo cross,True,asphalt,excellent
435ed585-a5af-4478-b250-df7187c001e1,5d20d1ea-2bee-4dcb-87e4-10e8e3154b81,83c230b9-17b9-4268-8b18-7ff7bc39847a,1633254495399,14.4786363,52.1780631,8.412895,0.47356343,-1.1853458,-3.6465456,on bike mount,cyclo cross,True,asphalt,excellent
435ed585-a5af-4478-b250-df7187c001e1,5d20d1ea-2bee-4dcb-87e4-10e8e3154b81,bf612a2f-d9f3-4c66-87f3-445bda8994cf,1633254495450,14.4786363,52.1780631,8.412895,0.9880707,-0.47253454,3.9473639,on bike mount,cyclo cross,True,asphalt,excellent
435ed585-a5af-4478-b250-df7187c001e1,5d20d1ea-2bee-4dcb-87e4-10e8e3154b81,733ac099-eb45-4aaa-884d-ab7deeee92f7,1633254495501,14.4786363,52.1780631,8.412895,1.5334477,-2.203524,-1.8651271,on bike mount,cyclo cross,True,asphalt,excellent
435ed585-a5af-4478-b250-df7187c001e1,5d20d1ea-2bee-4dcb-87e4-10e8e3154b81,51f4332f-7123-44bb-bb6b-ce2134ca9c35,1633254495567,14.4786363,52.1780631,8.412895,-2.2246065,-4.1113777,-0.6956482,on bike mount,cyclo cross,True,asphalt,excellent
435ed585-a5af-4478-b250-df7187c001e1,5d20d1ea-2bee-4dcb-87e4-10e8e3154b81,12db82ec-f222-4887-9026-580fc4d8d332,1633254495616,14.4786363,52.1780631,8.412895,0.8607754,10.375484,-2.4776297,on bike mount,cyclo cross,True,asphalt,excellent
435ed585-a5af-4478-b250-df7187c001e1,5d20d1ea-2bee-4dcb-87e4-10e8e3154b81,3e76c203-b83f-406a-aa8c-ed32e600993b,1633254495666,14.4786363,52.1780631,8.412895,3.6327198,3.0961647,0.45420933,on bike mount,cyclo cross,True,asphalt,excellent
435ed585-a5af-4478-b250-df7187c001e1,5d20d1ea-2bee-4dcb-87e4-10e8e3154b81,708f1ebb-fe2d-4151-90cc-f2fb56b11e11,1633254495716,14.4786363,52.1780631,8.412895,0.061366804,2.3134305,-4.477431,on bike mount,cyclo cross,True,asphalt,excellent
435ed585-a5af-4478-b250-df7187c001e1,5d20d1ea-2bee-4dcb-87e4-10e8e3154b81,f41fce8b-80ee-4302-842a-bff76a06c1db,1633254495766,14.4786363,52.1780631,8.412895,-0.51729596,-1.3832487,-6.6717725,on bike mount,cyclo cross,True,asphalt,excellent
435ed585-a5af-4478-b250-df7187c001e1,5d20d1ea-2bee-4dcb-87e4-10e8e3154b81,a8198b5c-8da2-42d8-8158-6c311dd1078a,1633254495816,14.4786363,52.1780631,8.412895,1.2679943,1.6086526,3.598505,on bike mount,cyclo cross,True,asphalt,excellent
435ed585-a5af-4478-b250-df7187c001e1,5d20d1ea-2bee-4dcb-87e4-10e8e3154b81,70d13bf7-bce8-430f-988f-a1155342b245,1633254495868,14.4786363,52.1780631,8.412895,-0.19685042,-2.0369585,3.0598211,on bike mount,cyclo cross,True,asphalt,excellent
435ed585-a5af-4478-b250-df7187c001e1,5d20d1ea-2bee-4dcb-87e4-10e8e3154b81,a0b7e208-4f59-4220-bd2f-b730652c472f,1633254495917,14.4786363,52.1780631,8.412895,-0.9541998,-0.12686276,1.380477,on bike mount,cyclo cross,True,asphalt,excellent
435ed585-a5af-4478-b250-df7187c001e1,5d20d1ea-2bee-4dcb-87e4-10e8e3154b81,bfc514b6-7502-427d-88be-19e8980c0485,1633254495969,14.4786363,52.1780631,8.412895,0.11679183,1.2103004,0.33307838,on bike mount,cyclo cross,True,asphalt,excellent
435ed585-a5af-4478-b250-df7187c001e1,5d20d1ea-2bee-4dcb-87e4-10e8e3154b81,00f079bf-8198-4701-ab6c-74fd21a39882,1633254496036,14.4786363,52.1780631,8.412895,-0.540057,2.7341566,1.7128096,on bike mount,cyclo cross,True,asphalt,excellent
435ed585-a5af-4478-b250-df7187c001e1,5d20d1ea-2bee-4dcb-87e4-10e8e3154b81,037f2a99-e060-456a-8f02-9fcd5b29377e,1633254496101,14.4786363,52.1780631,8.412895,0.61456,-0.52581835,0.79757786,on bike mount,cyclo cross,True,asphalt,excellent
435ed585-a5af-4478-b250-df7187c001e1,5d20d1ea-2bee-4dcb-87e4-10e8e3154b81,e78e125f-da17-4243-91ce-dfbcce6ed8a4,1633254496151,14.4785705,52.1781212,8.318709,-0.5085437,1.2353237,-1.6708202,on bike mount,cyclo cross,True,asphalt,excellent
435ed585-a5af-4478-b250-df7187c001e1,5d20d1ea-2bee-4dcb-87e4-10e8e3154b81,b00c63eb-b3ba-4f3d-8f14-44d8c59c5c4e,1633254496201,14.4785705,52.1781212,8.318709,0.2030007,-0.9108975,4.3598566,on bike mount,cyclo cross,True,asphalt,excellent
435ed585-a5af-4478-b250-df7187c001e1,5d20d1ea-2bee-4dcb-87e4-10e8e3154b81,0a6c83f9-cc76-4b18-9128-9bf396a9d944,1633254496252,14.4785705,52.1781212,8.318709,0.7174927,-0.5485964,-0.92833424,on bike mount,cyclo cross,True,asphalt,excellent
435ed585-a5af-4478-b250-df7187c001e1,5d20d1ea-2bee-4dcb-87e4-10e8e3154b81,f80c39ea-e8e5-4994-8371-72b033d1a30d,1633254496302,14.4785705,52.1781212,8.318709,-1.0214496,-1.571266,0.6801119,on bike mount,cyclo cross,True,asphalt,excellent
435ed585-a5af-4478-b250-df7187c001e1,5d20d1ea-2bee-4dcb-87e4-10e8e3154b81,a9bb0914-483d-4afb-aec0-b84e4d951f5a,1633254496351,14.4785705,52.1781212,8.318709,0.4121487,-0.8226433,1.4900904,on bike mount,cyclo cross,True,asphalt,excellent
435ed585-a5af-4478-b250-df7187c001e1,5d20d1ea-2bee-4dcb-87e4-10e8e3154b81,94a77496-ff73-4688-b5e2-ad9d5c73513a,1633254496401,14.4785705,52.1781212,8.318709,0.38772935,1.0820093,2.7218647,on bike mount,cyclo cross,True,asphalt,excellent
435ed585-a5af-4478-b250-df7187c001e1,5d20d1ea-2bee-4dcb-87e4-10e8e3154b81,e75b9740-49c1-4416-8cd1-d64404e3e3f7,1633254496451,14.4785705,52.1781212,8.318709,-0.8389446,0.18027997,-1.2251525,on bike mount,cyclo cross,True,asphalt,excellent
435ed585-a5af-4478-b250-df7187c001e1,5d20d1ea-2bee-4dcb-87e4-10e8e3154b81,bcbc7f2f-65a5-4259-9ad8-c7200149c55e,1633254496501,14.4785705,52.1781212,8.318709,-0.4396807,0.15982723,-3.5472465,on bike mount,cyclo cross,True,asphalt,excellent
435ed585-a5af-4478-b250-df7187c001e1,5d20d1ea-2bee-4dcb-87e4-10e8e3154b81,c8600916-a11e-41fd-b051-dc577023b4e6,1633254496552,14.4785705,52.1781212,8.318709,0.16170305,-0.6600385,-0.14971542,on bike mount,cyclo cross,True,asphalt,excellent
435ed585-a5af-4478-b250-df7187c001e1,5d20d1ea-2bee-4dcb-87e4-10e8e3154b81,bdb46c0b-87c1-4f50-8d69-22e8c9005205,1633254496601,14.4785705,52.1781212,8.318709,-0.66102314,1.1755867,-0.3280735,on bike mount,cyclo cross,True,asphalt,excellent
435ed585-a5af-4478-b250-df7187c001e1,5d20d1ea-2bee-4dcb-87e4-10e8e3154b81,7aa6c5a6-0ac6-448a-8a80-d90a9261e06b,1633254496651,14.4785705,52.1781212,8.318709,-0.7829931,0.024555683,2.495697,on bike mount,cyclo cross,True,asphalt,excellent
435ed585-a5af-4478-b250-df7187c001e1,5d20d1ea-2bee-4dcb-87e4-10e8e3154b81,4a46df60-3b44-487b-96a6-690f2c40b3f2,1633254496701,14.4785705,52.1781212,8.318709,0.052276433,-1.8329723,1.8532009,on bike mount,cyclo cross,True,asphalt,excellent
435ed585-a5af-4478-b250-df7187c001e1,5d20d1ea-2bee-4dcb-87e4-10e8e3154b81,f1fe2b43-fe4a-4c74-807b-24eee2beacbc,1633254496752,14.4785705,52.1781212,8.318709,-0.12926388,-0.3502872,3.3464823,on bike mount,cyclo cross,True,asphalt,excellent
435ed585-a5af-4478-b250-df7187c001e1,5d20d1ea-2bee-4dcb-87e4-10e8e3154b81,895a9b71-6f09-4017-ba5c-cce9398d44dd,1633254496803,14.4785705,52.1781212,8.318709,-0.08096495,-1.9788612,0.7759485,on bike mount,cyclo cross,True,asphalt,excellent
435ed585-a5af-4478-b250-df7187c001e1,5d20d1ea-2bee-4dcb-87e4-10e8e3154b81,2bec2ec4-b4d2-4048-9c7c-f27d1be53844,1633254496854,14.4785705,52.1781212,8.318709,-0.056632265,-0.51831627,-0.0051841736,on bike mount,cyclo cross,True,asphalt,excellent
435ed585-a5af-4478-b250-df7187c001e1,5d20d1ea-2bee-4dcb-87e4-10e8e3154b81,d3a8edf7-d1d5-44fe-95c5-4439b026ac09,1633254496918,14.4785705,52.1781212,8.318709,0.088926375,0.7570114,-0.056056976,on bike mount,cyclo cross,True,asphalt,excellent
435ed585-a5af-4478-b250-df7187c001e1,d2559217-3c73-4c22-a6aa-6617ded560ac,f3a783e7-1227-4aaa-b2c6-a0ae2298b108,1633254495200,14.4786363,52.1780631,8.412895,0.05914013,-0.41174936,1.2320557,on bike mount,cyclo cross,True,asphalt,excellent
435ed585-a5af-4478-b250-df7187c001e1,d2559217-3c73-4c22-a6aa-6617ded560ac,1640f3ae-ae8d-40d4-8c95-3beb5b5df061,1633254495266,14.4786363,52.1780631,8.412895,0.34793666,-2.0806174,-0.044282913,on bike mount,cyclo cross,True,asphalt,excellent
435ed585-a5af-4478-b250-df7187c001e1,d2559217-3c73-4c22-a6aa-6617ded560ac,f1e64ca6-a975-471e-bb9b-664a68407a39,1633254495316,14.4786363,52.1780631,8.412895,-0.9384289,2.2856119,10.5991535,on bike mount,cyclo cross,True,asphalt,excellent
435ed585-a5af-4478-b250-df7187c001e1,d2559217-3c73-4c22-a6aa-6617ded560ac,34cc669f-bd97-4d13-9a5e-1a19c124d5b1,1633254495366,14.4786363,52.1780631,8.412895,-0.81135833,-1.3461355,3.4203176,on bike mount,cyclo cross,True,asphalt,excellent
435ed585-a5af-4478-b250-df7187c001e1,d2559217-3c73-4c22-a6aa-6617ded560ac,20a3f4e2-dcba-44eb-bd6f-a92535da646f,1633254495416,14.4786363,52.1780631,8.412895,1.4354498,-2.694998,8.452748,on bike mount,cyclo cross,True,asphalt,excellent
435ed585-a5af-4478-b250-df7187c001e1,d2559217-3c73-4c22-a6aa-6617ded560ac,a0369e6a-876a-4b9d-8f17-223e3e69cf32,1633254495466,14.4786363,52.1780631,8.412895,-0.32526132,4.0163717,-0.07594776,on bike mount,cyclo cross,True,asphalt,excellent
435ed585-a5af-4478-b250-df7187c001e1,d2559217-3c73-4c22-a6aa-6617ded560ac,252e72bc-e639-492b-bdf6-567bfa57cdc8,1633254495516,14.4786363,52.1780631,8.412895,1.1164225,5.3977165,3.0236168,on bike mount,cyclo cross,True,asphalt,excellent
435ed585-a5af-4478-b250-df7187c001e1,d2559217-3c73-4c22-a6aa-6617ded560ac,88ba5aba-9b97-4b36-8467-be67234ea437,1633254495569,14.4786363,52.1780631,8.412895,-8.02374,2.5218496,-12.663267,on bike mount,cyclo cross,True,asphalt,excellent
435ed585-a5af-4478-b250-df7187c001e1,d2559217-3c73-4c22-a6aa-6617ded560ac,276589cd-426d-4b4c-a727-7e1e53ab2951,1633254495619,14.4786363,52.1780631,8.412895,-7.367853,3.9506779,-2.888074,on bike mount,cyclo cross,True,asphalt,excellent
435ed585-a5af-4478-b250-df7187c001e1,d2559217-3c73-4c22-a6aa-6617ded560ac,95650f92-31de-4ed0-8aec-22bb4b8c08c2,1633254495684,14.4786363,52.1780631,8.412895,-0.13527954,4.936634,-0.18496227,on bike mount,cyclo cross,True,asphalt,excellent
435ed585-a5af-4478-b250-df7187c001e1,d2559217-3c73-4c22-a6aa-6617ded560ac,851e04ed-6c9d-4248-96d6-93e9f6a729a2,1633254495735,14.4786363,52.1780631,8.412895,-0.03315644,-1.813894,2.1260405,on bike mount,cyclo cross,True,asphalt,excellent
435ed585-a5af-4478-b250-df7187c001e1,d2559217-3c73-4c22-a6aa-6617ded560ac,97d705f3-1a7b-4e2d-a336-df4cbcfb65f4,1633254495801,14.4786363,52.1780631,8.412895,0.5929827,-3.4210098,-0.26626682,on bike mount,cyclo cross,True,asphalt,excellent
435ed585-a5af-4478-b250-df7187c001e1,d2559217-3c73-4c22-a6aa-6617ded560ac,9599a9f3-8d5d-47fc-a9e9-f4ed55ce5ff8,1633254495866,14.4786363,52.1780631,8.412895,-0.86110204,-0.7771373,2.706687,on bike mount,cyclo cross,True,asphalt,excellent
435ed585-a5af-4478-b250-df7187c001e1,d2559217-3c73-4c22-a6aa-6617ded560ac,229af97e-ab6c-4e99-92c9-aa9796648693,1633254495916,14.4786363,52.1780631,8.412895,-0.9541998,-0.12686276,1.380477,on bike mount,cyclo cross,True,asphalt,excellent
435ed585-a5af-4478-b250-df7187c001e1,d2559217-3c73-4c22-a6aa-6617ded560ac,15bf3c09-415a-4c3d-8c5e-f1f2972dada6,1633254495967,14.4786363,52.1780631,8.412895,-0.23728678,2.332728,-3.1583056,on bike mount,cyclo cross,True,asphalt,excellent
435ed585-a5af-4478-b250-df7187c001e1,d2559217-3c73-4c22-a6aa-6617ded560ac,cbda65de-6860-4747-adf5-32362e7c5740,1633254496018,14.4786363,52.1780631,8.412895,0.03225077,-0.07652879,-3.6085944,on bike mount,cyclo cross,True,asphalt,excellent
435ed585-a5af-4478-b250-df7187c001e1,d2559217-3c73-4c22-a6aa-6617ded560ac,d3f0a684-6bac-48dc-acab-7de9cba1a7c6,1633254496083,14.4786363,52.1780631,8.412895,0.87556994,-0.130234,0.12590599,on bike mount,cyclo cross,True,asphalt,excellent
435ed585-a5af-4478-b250-df7187c001e1,d2559217-3c73-4c22-a6aa-6617ded560ac,c5b7eff1-d3ba-41eb-87fe-f67b9b56b2b6,1633254496134,14.4785705,52.1781212,8.318709,-0.58042336,-1.4623635,1.7160645,on bike mount,cyclo cross,True,asphalt,excellent
435ed585-a5af-4478-b250-df7187c001e1,d2559217-3c73-4c22-a6aa-6617ded560ac,a08dc9d1-8bb0-449a-8471-a7cfd31a9e78,1633254496185,14.4785705,52.1781212,8.318709,0.625929,-1.2028935,-1.813602,on bike mount,cyclo cross,True,asphalt,excellent
435ed585-a5af-4478-b250-df7187c001e1,d2559217-3c73-4c22-a6aa-6617ded560ac,91378094-2bc0-43ac-ae52-d5aa4caa50fe,1633254496235,14.4785705,52.1781212,8.318709,-1.1069816,0.68812776,0.4206457,on bike mount,cyclo cross,True,asphalt,excellent
435ed585-a5af-4478-b250-df7187c001e1,d2559217-3c73-4c22-a6aa-6617ded560ac,5fd5e94a-9509-483e-b4f4-d1f3216a7f00,1633254496285,14.4785705,52.1781212,8.318709,-0.37817916,0.84128094,0.36368465,on bike mount,cyclo cross,True,asphalt,excellent
435ed585-a5af-4478-b250-df7187c001e1,d2559217-3c73-4c22-a6aa-6617ded560ac,3fa89521-e6a6-4ba0-9701-f56176d8b05f,1633254496334,14.4785705,52.1781212,8.318709,-0.37723804,0.26281476,-0.6674309,on bike mount,cyclo cross,True,asphalt,excellent
435ed585-a5af-4478-b250-df7187c001e1,d2559217-3c73-4c22-a6aa-6617ded560ac,7b43bfab-8947-4dd2-8bc6-a7c3b1e861f6,1633254496384,14.4785705,52.1781212,8.318709,0.71010345,-1.5195163,1.8442545,on bike mount,cyclo cross,True,asphalt,excellent
435ed585-a5af-4478-b250-df7187c001e1,d2559217-3c73-4c22-a6aa-6617ded560ac,0f91b500-f827-4a6f-992c-4f279a55f639,1633254496435,14.4785705,52.1781212,8.318709,0.09851,-3.3654666,0.6627979,on bike mount,cyclo cross,True,asphalt,excellent
435ed585-a5af-4478-b250-df7187c001e1,d2559217-3c73-4c22-a6aa-6617ded560ac,0aa860fb-2e8b-4d66-a3db-a5685c344f9a,1633254496486,14.4785705,52.1781212,8.318709,-0.93167317,0.38687634,0.60726357,on bike mount,cyclo cross,True,asphalt,excellent
435ed585-a5af-4478-b250-df7187c001e1,d2559217-3c73-4c22-a6aa-6617ded560ac,fdbba9e1-aaa5-4582-a320-beebd84da057,1633254496551,14.4785705,52.1781212,8.318709,0.16170305,-0.6600385,-0.14971542,on bike mount,cyclo cross,True,asphalt,excellent
435ed585-a5af-4478-b250-df7187c001e1,d2559217-3c73-4c22-a6aa-6617ded560ac,89ca64fb-9d84-472a-a7db-e4daff6d9d28,1633254496603,14.4785705,52.1781212,8.318709,0.3642159,0.51455307,1.1307516,on bike mount,cyclo cross,True,asphalt,excellent
435ed585-a5af-4478-b250-df7187c001e1,d2559217-3c73-4c22-a6aa-6617ded560ac,81520808-21d8-4a39-8c75-81d2d88432c1,1633254496654,14.4785705,52.1781212,8.318709,-1.0959083,0.6371987,1.27456,on bike mount,cyclo cross,True,asphalt,excellent
435ed585-a5af-4478-b250-df7187c001e1,d2559217-3c73-4c22-a6aa-6617ded560ac,1a82bf9b-2165-43bd-b2b3-85a517645dbe,1633254496718,14.4785705,52.1781212,8.318709,0.5811646,0.9903259,2.8496351,on bike mount,cyclo cross,True,asphalt,excellent
435ed585-a5af-4478-b250-df7187c001e1,d2559217-3c73-4c22-a6aa-6617ded560ac,14575264-5f53-4a89-add3-93997a5087fe,1633254496768,14.4785705,52.1781212,8.318709,-0.59934795,-1.0986457,0.56377697,on bike mount,cyclo cross,True,asphalt,excellent
435ed585-a5af-4478-b250-df7187c001e1,d2559217-3c73-4c22-a6aa-6617ded560ac,5a1097d3-8e98-42c4-965d-0b5139576d19,1633254496819,14.4785705,52.1781212,8.318709,-1.0977235,1.4633641,0.32015038,on bike mount,cyclo cross,True,asphalt,excellent
435ed585-a5af-4478-b250-df7187c001e1,d2559217-3c73-4c22-a6aa-6617ded560ac,33981c4d-a53b-49a4-8b5e-e83bd1731ec6,1633254496869,14.4785705,52.1781212,8.318709,0.24380931,0.66561675,-1.1940141,on bike mount,cyclo cross,True,asphalt,excellent
435ed585-a5af-4478-b250-df7187c001e1,d2559217-3c73-4c22-a6aa-6617ded560ac,0a1ab5cf-cd61-49e2-a658-7d957d16b496,1633254496920,14.4785705,52.1781212,8.318709,0.5257102,-0.04588914,0.41200447,on bike mount,cyclo cross,True,asphalt,excellent
435ed585-a5af-4478-b250-df7187c001e1,d2559217-3c73-4c22-a6aa-6617ded560ac,94a247b8-265f-4b69-aee1-1909c914d029,1633254496970,14.4785705,52.1781212,8.318709,-0.04856681,0.60514116,3.1055536,on bike mount,cyclo cross,True,asphalt,excellent
435ed585-a5af-4478-b250-df7187c001e1,d2559217-3c73-4c22-a6aa-6617ded560ac,e6b627ad-3248-447b-9549-3889eff82024,1633254497020,14.4785705,52.1781212,8.318709,0.75536627,-1.6819032,0.042004585,on bike mount,cyclo cross,True,asphalt,excellent
435ed585-a5af-4478-b250-df7187c001e1,d2559217-3c73-4c22-a6aa-6617ded560ac,36b4ac74-8d04-4955-bd38-f926f9ea8e2c,1633254497087,14.4785705,52.1781212,8.318709,0.34105197,-0.4371984,-0.68926334,on bike mount,cyclo cross,True,asphalt,excellent
435ed585-a5af-4478-b250-df7187c001e1,d2559217-3c73-4c22-a6aa-6617ded560ac,b403417d-d0d6-4e4f-8e16-40ab154a12b4,1633254497153,14.4784983,52.1781808,8.319257,0.7336793,-2.198855,0.7411194,on bike mount,cyclo cross,True,asphalt,excellent
435ed585-a5af-4478-b250-df7187c001e1,d2559217-3c73-4c22-a6aa-6617ded560ac,63ad4f12-7491-492b-9f9e-b792a04f1145,1633254497203,14.4784983,52.1781808,8.319257,-1.1748939,-0.23944592,-0.8150263,on bike mount,cyclo cross,True,asphalt,excellent
435ed585-a5af-4478-b250-df7187c001e1,d2559217-3c73-4c22-a6aa-6617ded560ac,ee0a02a8-dc6b-49c2-a309-ccd5076f77d3,1633254497253,14.4784983,52.1781808,8.319257,-0.9219742,3.0630574,-0.9731207,on bike mount,cyclo cross,True,asphalt,excellent
435ed585-a5af-4478-b250-df7187c001e1,d2559217-3c73-4c22-a6aa-6617ded560ac,bf8315fd-5eaf-4793-a4bd-077908a98706,1633254497303,14.4784983,52.1781808,8.319257,0.82195795,-3.6388927,-0.122522354,on bike mount,cyclo cross,True,asphalt,excellent
435ed585-a5af-4478-b250-df7187c001e1,d2559217-3c73-4c22-a6aa-6617ded560ac,0814047a-a436-4e28-81a0-609f5ec562ed,1633254497353,14.4784983,52.1781808,8.319257,0.90128946,4.094194,-1.4598942,on bike mount,cyclo cross,True,asphalt,excellent
435ed585-a5af-4478-b250-df7187c001e1,d2559217-3c73-4c22-a6aa-6617ded560ac,7fcf32f7-74a9-4e89-aab3-e02c424e1f59,1633254497403,14.4784983,52.1781808,8.319257,1.1363839,2.0620804,-3.4581985,on bike mount,cyclo cross,True,asphalt,excellent
435ed585-a5af-4478-b250-df7187c001e1,d2559217-3c73-4c22-a6aa-6617ded560ac,1a94856f-cae9-4f5b-9f8f-71b8e7a5f93c,1633254497453,14.4784983,52.1781808,8.319257,0.22468065,-8.042047,-1.4554844,on bike mount,cyclo cross,True,asphalt,excellent
435ed585-a5af-4478-b250-df7187c001e1,d2559217-3c73-4c22-a6aa-6617ded560ac,770cd827-7259-409c-8b30-c5b0a2cc44e1,1633254497503,14.4784983,52.1781808,8.319257,0.99853146,0.9929254,-4.5293245,on bike mount,cyclo cross,True,asphalt,excellent
435ed585-a5af-4478-b250-df7187c001e1,d2559217-3c73-4c22-a6aa-6617ded560ac,dec9d11c-18f8-407a-9910-15f6f4315786,1633254497553,14.4784983,52.1781808,8.319257,-0.9042311,-0.34768105,5.6437826,on bike mount,cyclo cross,True,asphalt,excellent
435ed585-a5af-4478-b250-df7187c001e1,d2559217-3c73-4c22-a6aa-6617ded560ac,e987fdc8-b73a-4ae2-a92b-c3a952071310,1633254497603,14.4784983,52.1781808,8.319257,0.110453926,0.11115241,0.4350481,on bike mount,cyclo cross,True,asphalt,excellent
435ed585-a5af-4478-b250-df7187c001e1,d2559217-3c73-4c22-a6aa-6617ded560ac,62777afc-2b46-44ea-b7c0-744658828ea3,1633254497653,14.4784983,52.1781808,8.319257,0.3527729,1.5299935,1.9861717,on bike mount,cyclo cross,True,asphalt,excellent
435ed585-a5af-4478-b250-df7187c001e1,d2559217-3c73-4c22-a6aa-6617ded560ac,0b2bd18c-0ac1-48cf-8fd5-e98bee22543d,1633254497703,14.4784983,52.1781808,8.319257,0.30504677,-1.8153592,-1.1707993,on bike mount,cyclo cross,True,asphalt,excellent
435ed585-a5af-4478-b250-df7187c001e1,d2559217-3c73-4c22-a6aa-6617ded560ac,12421441-4651-4b3a-aaae-282c2dd5f267,1633254497753,14.4784983,52.1781808,8.319257,-0.81197405,-2.4640868,0.7694988,on bike mount,cyclo cross,True,asphalt,excellent
435ed585-a5af-4478-b250-df7187c001e1,d2559217-3c73-4c22-a6aa-6617ded560ac,6049cead-88d8-4bd0-866b-3f3f63677f7a,1633254497803,14.4784983,52.1781808,8.319257,-0.59060305,-0.6507771,1.467063,on bike mount,cyclo cross,True,asphalt,excellent
435ed585-a5af-4478-b250-df7187c001e1,d2559217-3c73-4c22-a6aa-6617ded560ac,b2cd2569-b850-4ff6-b4a5-0f78777e73ce,1633254497853,14.4784983,52.1781808,8.319257,0.39246243,-0.8384659,-2.027966,on bike mount,cyclo cross,True,asphalt,excellent
435ed585-a5af-4478-b250-df7187c001e1,d2559217-3c73-4c22-a6aa-6617ded560ac,4db1cb4a-ab86-437a-9a3f-b0edc67b44d7,1633254497904,14.4784983,52.1781808,8.319257,-1.243063,0.19241858,2.2469816,on bike mount,cyclo cross,True,asphalt,excellent
435ed585-a5af-4478-b250-df7187c001e1,d2559217-3c73-4c22-a6aa-6617ded560ac,9431cbb0-7dc9-418f-9daa-29d0fb8a916e,1633254497955,14.4784983,52.1781808,8.319257,1.343924,0.2904179,-4.5404778,on bike mount,cyclo cross,True,asphalt,excellent
435ed585-a5af-4478-b250-df7187c001e1,d2559217-3c73-4c22-a6aa-6617ded560ac,e62a2309-0db1-4a8e-b581-6eb6b4e62845,1633254498021,14.4784983,52.1781808,8.319257,-0.15369064,-3.9530673,-0.93449116,on bike mount,cyclo cross,True,asphalt,excellent
435ed585-a5af-4478-b250-df7187c001e1,d2559217-3c73-4c22-a6aa-6617ded560ac,52c2109e-c4dc-4e6b-ba35-d689c138efe3,1633254498071,14.4784983,52.1781808,8.319257,1.6346344,-2.7486506,1.4451962,on bike mount,cyclo cross,True,asphalt,excellent
435ed585-a5af-4478-b250-df7187c001e1,d2559217-3c73-4c22-a6aa-6617ded560ac,12ba074b-fb47-4d16-be02-b388fda6f8d9,1633254498121,14.4784296,52.1782419,8.308952,-1.4926417,0.53906274,-1.2110772,on bike mount,cyclo cross,True,asphalt,excellent
435ed585-a5af-4478-b250-df7187c001e1,d2559217-3c73-4c22-a6aa-6617ded560ac,88edd82a-3dc6-4d24-b239-3af4c6e126f5,1633254498171,14.4784296,52.1782419,8.308952,1.4420338,-3.259337,1.6030807,on bike mount,cyclo cross,True,asphalt,excellent
435ed585-a5af-4478-b250-df7187c001e1,d2559217-3c73-4c22-a6aa-6617ded560ac,ba9a3fd9-6f09-4ca8-ba6a-28a3fdafbd4f,1633254498221,14.4784296,52.1782419,8.308952,-0.9517285,0.48808932,-0.44770718,on bike mount,cyclo cross,True,asphalt,excellent
435ed585-a5af-4478-b250-df7187c001e1,d2559217-3c73-4c22-a6aa-6617ded560ac,562984d5-d3df-4e04-ad84-2d7167b8c724,1633254498271,14.4784296,52.1782419,8.308952,-1.8418723,-5.459725,-0.3214178,on bike mount,cyclo cross,True,asphalt,excellent
435ed585-a5af-4478-b250-df7187c001e1,d2559217-3c73-4c22-a6aa-6617ded560ac,ba5c44bb-e7d7-40b6-a545-d169aa562a8e,1633254498321,14.4784296,52.1782419,8.308952,-0.08273763,-0.7074292,-6.6768,on bike mount,cyclo cross,True,asphalt,excellent
435ed585-a5af-4478-b250-df7187c001e1,d2559217-3c73-4c22-a6aa-6617ded560ac,61facf71-bb71-4125-8d8c-158a3ab92147,1633254498371,14.4784296,52.1782419,8.308952,0.6623327,1.079318,0.8648281,on bike mount,cyclo cross,True,asphalt,excellent
435ed585-a5af-4478-b250-df7187c001e1,d2559217-3c73-4c22-a6aa-6617ded560ac,83dd5280-6d1a-4cda-839d-dadf98d0f192,1633254498421,14.4784296,52.1782419,8.308952,0.8401744,-1.3825998,-1.7424107,on bike mount,cyclo cross,True,asphalt,excellent
435ed585-a5af-4478-b250-df7187c001e1,d2559217-3c73-4c22-a6aa-6617ded560ac,508f395d-f1b6-4137-ab02-ec34ffa820cc,1633254498471,14.4784296,52.1782419,8.308952,-0.016421618,-3.3971384,1.0409126,on bike mount,cyclo cross,True,asphalt,excellent
435ed585-a5af-4478-b250-df7187c001e1,d2559217-3c73-4c22-a6aa-6617ded560ac,24832bca-b398-4c2b-bb0c-ba56506a5feb,1633254498521,14.4784296,52.1782419,8.308952,-0.6682256,-0.7312856,-2.4342337,on bike mount,cyclo cross,True,asphalt,excellent
435ed585-a5af-4478-b250-df7187c001e1,d2559217-3c73-4c22-a6aa-6617ded560ac,e75a62f0-748d-4a1c-a024-b4d2750e98ac,1633254498571,14.4784296,52.1782419,8.308952,-0.4628523,-2.1327953,-6.2549586,on bike mount,cyclo cross,True,asphalt,excellent
435ed585-a5af-4478-b250-df7187c001e1,d2559217-3c73-4c22-a6aa-6617ded560ac,73267b46-7cf2-4fff-9a4f-3e9e8fa4ed67,1633254498621,14.4784296,52.1782419,8.308952,0.67385745,-0.4356215,-2.2254233,on bike mount,cyclo cross,True,asphalt,excellent
435ed585-a5af-4478-b250-df7187c001e1,d2559217-3c73-4c22-a6aa-6617ded560ac,78fa291c-2caa-464f-8ff9-c7a5a3b0fd7e,1633254498672,14.4784296,52.1782419,8.308952,0.6613878,-0.03959012,2.1003895,on bike mount,cyclo cross,True,asphalt,excellent
435ed585-a5af-4478-b250-df7187c001e1,d2559217-3c73-4c22-a6aa-6617ded560ac,04c527c5-2271-4870-8819-b3bb9359866a,1633254498723,14.4784296,52.1782419,8.308952,-1.1307089,2.4736562,2.6119576,on bike mount,cyclo cross,True,asphalt,excellent
435ed585-a5af-4478-b250-df7187c001e1,d2559217-3c73-4c22-a6aa-6617ded560ac,ced03336-6bf8-4d64-8ae3-34f14876a60c,1633254498790,14.4784296,52.1782419,8.308952,-0.97365797,-0.33627534,-0.06219387,on bike mount,cyclo cross,True,asphalt,excellent
435ed585-a5af-4478-b250-df7187c001e1,d2559217-3c73-4c22-a6aa-6617ded560ac,a45b2c16-dbf6-4253-abb5-8c4fd84c5edd,1633254498857,14.4784296,52.1782419,8.308952,0.82139045,1.0414553,0.31877327,on bike mount,cyclo cross,True,asphalt,excellent
435ed585-a5af-4478-b250-df7187c001e1,d2559217-3c73-4c22-a6aa-6617ded560ac,46e2d1bb-1167-4a21-8b8b-2b04a62e46b6,1633254498907,14.4784296,52.1782419,8.308952,-1.4121234,-1.5141957,5.044878,on bike mount,cyclo cross,True,asphalt,excellent
435ed585-a5af-4478-b250-df7187c001e1,d2559217-3c73-4c22-a6aa-6617ded560ac,69e259ea-cc24-44b5-9808-49f73b398062,1633254498973,14.4784296,52.1782419,8.308952,1.6303093,-0.64038396,2.2289324,on bike mount,cyclo cross,True,asphalt,excellent
435ed585-a5af-4478-b250-df7187c001e1,d2559217-3c73-4c22-a6aa-6617ded560ac,2b30bc71-7d9d-4d88-93e9-b623c2060db8,1633254499024,14.4784296,52.1782419,8.308952,1.8195424,-2.154527,0.7954912,on bike mount,cyclo cross,True,asphalt,excellent
435ed585-a5af-4478-b250-df7187c001e1,d2559217-3c73-4c22-a6aa-6617ded560ac,4d841a7b-7690-44ff-b721-14f60b166913,1633254499074,14.4784296,52.1782419,8.308952,0.5043568,-0.06619787,2.1506138,on bike mount,cyclo cross,True,asphalt,excellent
435ed585-a5af-4478-b250-df7187c001e1,d2559217-3c73-4c22-a6aa-6617ded560ac,a2b94e43-e1c0-469d-a998-c6ef1311bb82,1633254499140,14.4783591,52.1783045,8.322658,1.8014214,1.8908858,-4.1116185,on bike mount,cyclo cross,True,asphalt,excellent
435ed585-a5af-4478-b250-df7187c001e1,d2559217-3c73-4c22-a6aa-6617ded560ac,84b0dbbd-78e1-4318-a0b5-4cfb339f515c,1633254499190,14.4783591,52.1783045,8.322658,-0.90327734,-2.5486622,-0.22641659,on bike mount,cyclo cross,True,asphalt,excellent
435ed585-a5af-4478-b250-df7187c001e1,d2559217-3c73-4c22-a6aa-6617ded560ac,0aabb5f3-b33f-44af-b96c-24b1b35391a4,1633254499240,14.4783591,52.1783045,8.322658,1.432895,1.6012368,0.70528984,on bike mount,cyclo cross,True,asphalt,excellent
435ed585-a5af-4478-b250-df7187c001e1,d2559217-3c73-4c22-a6aa-6617ded560ac,dd533c35-1041-4611-935d-0a34995edf3c,1633254499290,14.4783591,52.1783045,8.322658,0.8075299,-1.8073018,6.136491,on bike mount,cyclo cross,True,asphalt,excellent
435ed585-a5af-4478-b250-df7187c001e1,d2559217-3c73-4c22-a6aa-6617ded560ac,85ad7d62-3758-487a-b70b-fba100bdc586,1633254499340,14.4783591,52.1783045,8.322658,-0.6222079,-0.6898577,-1.2273273,on bike mount,cyclo cross,True,asphalt,excellent
435ed585-a5af-4478-b250-df7187c001e1,d2559217-3c73-4c22-a6aa-6617ded560ac,85b7fd04-9431-4773-a1fe-c5c0cf9dac77,1633254499390,14.4783591,52.1783045,8.322658,0.42482054,-0.1672728,1.3585253,on bike mount,cyclo cross,True,asphalt,excellent
435ed585-a5af-4478-b250-df7187c001e1,d2559217-3c73-4c22-a6aa-6617ded560ac,dcb780fa-3639-416b-b7c3-334c3a6f3fae,1633254499440,14.4783591,52.1783045,8.322658,1.166242,-1.0604155,-0.28725243,on bike mount,cyclo cross,True,asphalt,excellent
435ed585-a5af-4478-b250-df7187c001e1,d2559217-3c73-4c22-a6aa-6617ded560ac,90f26b70-4100-4380-bf02-987435241edb,1633254499491,14.4783591,52.1783045,8.322658,-0.3161929,0.1657424,2.4756184,on bike mount,cyclo cross,True,asphalt,excellent
435ed585-a5af-4478-b250-df7187c001e1,d2559217-3c73-4c22-a6aa-6617ded560ac,0eac1437-d69f-4529-b946-2bc7a9528652,1633254499542,14.4783591,52.1783045,8.322658,-0.41792,1.8370476,-2.237391,on bike mount,cyclo cross,True,asphalt,excellent
435ed585-a5af-4478-b250-df7187c001e1,d2559217-3c73-4c22-a6aa-6617ded560ac,66dd7b6c-7cfb-4fc9-8feb-06ba18f53972,1633254499608,14.4783591,52.1783045,8.322658,-0.79922634,-0.96412456,-0.7315874,on bike mount,cyclo cross,True,asphalt,excellent
435ed585-a5af-4478-b250-df7187c001e1,d2559217-3c73-4c22-a6aa-6617ded560ac,5f14f9a5-e635-4a05-83ad-42253d12e269,1633254499674,14.4783591,52.1783045,8.322658,0.5274392,-1.3050781,-3.1447158,on bike mount,cyclo cross,True,asphalt,excellent
435ed585-a5af-4478-b250-df7187c001e1,d2559217-3c73-4c22-a6aa-6617ded560ac,be267e6a-537b-4214-a892-43baa067b9d4,1633254499724,14.4783591,52.1783045,8.322658,0.23343039,-0.24737477,-0.5718546,on bike mount,cyclo cross,True,asphalt,excellent
435ed585-a5af-4478-b250-df7187c001e1,d2559217-3c73-4c22-a6aa-6617ded560ac,c126fe53-1e34-4411-b211-3dc9d2208728,1633254499775,14.4783591,52.1783045,8.322658,0.96644187,-3.9738326,0.6122389,on bike mount,cyclo cross,True,asphalt,excellent
435ed585-a5af-4478-b250-df7187c001e1,d2559217-3c73-4c22-a6aa-6617ded560ac,4372432d-6eac-4f90-b655-4952064ce5ac,1633254499825,14.4783591,52.1783045,8.322658,0.7467943,5.959844,-1.9825392,on bike mount,cyclo cross,True,asphalt,excellent
435ed585-a5af-4478-b250-df7187c001e1,d2559217-3c73-4c22-a6aa-6617ded560ac,016d25e5-ecd8-42e9-b388-d05bcdad3ac8,1633254499891,14.4783591,52.1783045,8.322658,0.30866104,-2.6284497,-1.382421,on bike mount,cyclo cross,True,asphalt,excellent
435ed585-a5af-4478-b250-df7187c001e1,d2559217-3c73-4c22-a6aa-6617ded560ac,67d85830-8f8d-42e1-96e3-6c461b116776,1633254499941,14.4783591,52.1783045,8.322658,0.28201094,-0.33221197,1.2071457,on bike mount,cyclo cross,True,asphalt,excellent
435ed585-a5af-4478-b250-df7187c001e1,d2559217-3c73-4c22-a6aa-6617ded560ac,4c1b2a17-8461-4553-ab94-06daf50f66fb,1633254499992,14.4783591,52.1783045,8.322658,1.2450333,0.4157958,-1.2905097,on bike mount,cyclo cross,True,asphalt,excellent
435ed585-a5af-4478-b250-df7187c001e1,d2559217-3c73-4c22-a6aa-6617ded560ac,aaaab7f6-6fab-424e-a659-cef4bc8dad32,1633254500042,14.4783591,52.1783045,8.322658,1.3771822,-0.16700482,3.5910969,on bike mount,cyclo cross,True,asphalt,excellent
435ed585-a5af-4478-b250-df7187c001e1,d2559217-3c73-4c22-a6aa-6617ded560ac,e9a97f25-11ae-4e82-ae23-04c6643768a3,1633254500096,14.4783591,52.1783045,8.322658,0.12817825,2.1388779,-2.9141912,on bike mount,cyclo cross,True,asphalt,excellent
435ed585-a5af-4478-b250-df7187c001e1,d2559217-3c73-4c22-a6aa-6617ded560ac,f85132f0-dac1-43c7-a71a-a91d34e67055,1633254500158,14.4782903,52.1783633,8.270939,-0.79124343,-1.7601058,-0.46033573,on bike mount,cyclo cross,True,asphalt,excellent
435ed585-a5af-4478-b250-df7187c001e1,d2559217-3c73-4c22-a6aa-6617ded560ac,2cebfe41-a0d1-4146-bdbd-520088a02c59,1633254500210,14.4782903,52.1783633,8.270939,0.36807275,-0.69904494,-0.86853504,on bike mount,cyclo cross,True,asphalt,excellent
435ed585-a5af-4478-b250-df7187c001e1,d2559217-3c73-4c22-a6aa-6617ded560ac,5cf05106-5ff6-46dc-88f8-eba79c4eab9c,1633254500275,14.4782903,52.1783633,8.270939,-0.3845699,2.0945597,0.6296501,on bike mount,cyclo cross,True,asphalt,excellent
435ed585-a5af-4478-b250-df7187c001e1,d2559217-3c73-4c22-a6aa-6617ded560ac,508b5f0e-aff1-4aea-8f6a-d29f8186f5fa,1633254500325,14.4782903,52.1783633,8.270939,0.7135535,-0.37467408,2.814746,on bike mount,cyclo cross,True,asphalt,excellent
435ed585-a5af-4478-b250-df7187c001e1,d2559217-3c73-4c22-a6aa-6617ded560ac,e79c87bb-6c6f-43f5-b18f-80f8ea453768,1633254500375,14.4782903,52.1783633,8.270939,-0.57973826,-1.0691875,2.8352728,on bike mount,cyclo cross,True,asphalt,excellent
435ed585-a5af-4478-b250-df7187c001e1,d2559217-3c73-4c22-a6aa-6617ded560ac,19cc37a1-9f71-450b-8010-b203fcc0f3aa,1633254500427,14.4782903,52.1783633,8.270939,0.30144542,0.030731916,0.4047451,on bike mount,cyclo cross,True,asphalt,excellent
435ed585-a5af-4478-b250-df7187c001e1,d2559217-3c73-4c22-a6aa-6617ded560ac,81031912-d39e-423f-a959-6fda6096e0aa,1633254500477,14.4782903,52.1783633,8.270939,1.4139767,-0.16438532,0.15157413,on bike mount,cyclo cross,True,asphalt,excellent
435ed585-a5af-4478-b250-df7187c001e1,d2559217-3c73-4c22-a6aa-6617ded560ac,19cf04ae-3662-46c3-83e7-a152094b78e4,1633254500543,14.4782903,52.1783633,8.270939,-0.8420627,-0.2503326,-0.90776634,on bike mount,cyclo cross,True,asphalt,excellent
435ed585-a5af-4478-b250-df7187c001e1,d2559217-3c73-4c22-a6aa-6617ded560ac,fa938679-d016-4984-b59c-0e8fef930fb5,1633254500608,14.4782903,52.1783633,8.270939,-0.5071155,-0.5848844,2.2551365,on bike mount,cyclo cross,True,asphalt,excellent
435ed585-a5af-4478-b250-df7187c001e1,d2559217-3c73-4c22-a6aa-6617ded560ac,eedf772b-e268-49cf-ae86-4e70a99f6d22,1633254500660,14.4782903,52.1783633,8.270939,0.88047373,2.2147045,2.6359062,on bike mount,cyclo cross,True,asphalt,excellent
435ed585-a5af-4478-b250-df7187c001e1,d2559217-3c73-4c22-a6aa-6617ded560ac,e2f280bf-e005-4338-b785-022bb63efa44,1633254500725,14.4782903,52.1783633,8.270939,2.480928,-2.3247156,2.6797276,on bike mount,cyclo cross,True,asphalt,excellent
435ed585-a5af-4478-b250-df7187c001e1,d2559217-3c73-4c22-a6aa-6617ded560ac,d33148fc-12ff-4339-bad1-6d07ef6e41b5,1633254500777,14.4782903,52.1783633,8.270939,1.3351249,2.9638262,-2.670197,on bike mount,cyclo cross,True,asphalt,excellent
435ed585-a5af-4478-b250-df7187c001e1,d2559217-3c73-4c22-a6aa-6617ded560ac,a3c43c0b-86cb-44c0-adb2-717daba5a06c,1633254500827,14.4782903,52.1783633,8.270939,-0.8144939,0.4825735,-0.43768406,on bike mount,cyclo cross,True,asphalt,excellent
435ed585-a5af-4478-b250-df7187c001e1,d2559217-3c73-4c22-a6aa-6617ded560ac,f50bd7cd-8b23-4eaa-b0fc-7e05f472f67e,1633254500877,14.4782903,52.1783633,8.270939,-1.0507289,-1.1107466,0.2301054,on bike mount,cyclo cross,True,asphalt,excellent
435ed585-a5af-4478-b250-df7187c001e1,d2559217-3c73-4c22-a6aa-6617ded560ac,8ca7b105-1af4-43f7-a2bb-d17893a58b24,1633254500943,14.4782903,52.1783633,8.270939,-0.13807745,0.03127575,3.3221369,on bike mount,cyclo cross,True,asphalt,excellent
435ed585-a5af-4478-b250-df7187c001e1,d2559217-3c73-4c22-a6aa-6617ded560ac,d0a4a7bb-98d2-4a86-81a3-e5a5047faba8,1633254500993,14.4782903,52.1783633,8.270939,0.340173,0.435462,-0.46547508,on bike mount,cyclo cross,True,asphalt,excellent
435ed585-a5af-4478-b250-df7187c001e1,d2559217-3c73-4c22-a6aa-6617ded560ac,0736aaef-573d-4086-8a87-46098968d06f,1633254501044,14.4782903,52.1783633,8.270939,0.84653586,-1.2857127,3.2744856,on bike mount,cyclo cross,True,asphalt,excellent
435ed585-a5af-4478-b250-df7187c001e1,d2559217-3c73-4c22-a6aa-6617ded560ac,cd93cf7d-186c-4f90-9e21-a5c10d1ab720,1633254501098,14.4782903,52.1783633,8.270939,-1.2056526,-1.0807548,0.94514847,on bike mount,cyclo cross,True,asphalt,excellent
435ed585-a5af-4478-b250-df7187c001e1,d2559217-3c73-4c22-a6aa-6617ded560ac,649277fc-e93d-4952-85b5-1f8100e0cf97,1633254501159,14.4782203,52.1784216,8.225022,0.5128485,0.60803294,-1.8298745,on bike mount,cyclo cross,True,asphalt,excellent
435ed585-a5af-4478-b250-df7187c001e1,d2559217-3c73-4c22-a6aa-6617ded560ac,c1bdc69d-7ced-4d9b-ae61-42118c9ddf84,1633254501210,14.4782203,52.1784216,8.225022,0.04955093,1.8129427,-0.9339676,on bike mount,cyclo cross,True,asphalt,excellent
435ed585-a5af-4478-b250-df7187c001e1,d2559217-3c73-4c22-a6aa-6617ded560ac,80c8468d-461a-40a2-9b42-6e57c6861dd7,1633254501261,14.4782203,52.1784216,8.225022,-1.18315,-0.7343745,2.2387152,on bike mount,cyclo cross,True,asphalt,excellent
435ed585-a5af-4478-b250-df7187c001e1,d2559217-3c73-4c22-a6aa-6617ded560ac,75b2f467-f06a-4a46-bf38-b65d8e4b9a9a,1633254501312,14.4782203,52.1784216,8.225022,-0.06958172,-0.75215197,1.7056789,on bike mount,cyclo cross,True,asphalt,excellent
435ed585-a5af-4478-b250-df7187c001e1,d2559217-3c73-4c22-a6aa-6617ded560ac,57ed0ab3-65cc-41b8-b3a9-049ef06cf057,1633254501379,14.4782203,52.1784216,8.225022,1.1107894,0.9906051,-2.7078676,on bike mount,cyclo cross,True,asphalt,excellent
435ed585-a5af-4478-b250-df7187c001e1,d2559217-3c73-4c22-a6aa-6617ded560ac,ba9b9f08-92d5-40ae-b549-94e9398f997e,1633254501445,14.4782203,52.1784216,8.225022,-0.45255718,2.211771,0.33749104,on bike mount,cyclo cross,True,asphalt,excellent
435ed585-a5af-4478-b250-df7187c001e1,d2559217-3c73-4c22-a6aa-6617ded560ac,50070935-a997-4a30-b2f6-01693895a620,1633254501495,14.4782203,52.1784216,8.225022,-0.054250702,5.3193913,-1.6373506,on bike mount,cyclo cross,True,asphalt,excellent
435ed585-a5af-4478-b250-df7187c001e1,d2559217-3c73-4c22-a6aa-6617ded560ac,813e01ef-7a55-4255-8b95-f684df222d33,1633254501545,14.4782203,52.1784216,8.225022,1.1591451,0.7349498,0.08488464,on bike mount,cyclo cross,True,asphalt,excellent
435ed585-a5af-4478-b250-df7187c001e1,d2559217-3c73-4c22-a6aa-6617ded560ac,fb55142a-f8ab-4b82-9ea4-998ca87eeb27,1633254501594,14.4782203,52.1784216,8.225022,-0.46645325,-1.7220743,0.40950298,on bike mount,cyclo cross,True,asphalt,excellent
435ed585-a5af-4478-b250-df7187c001e1,d2559217-3c73-4c22-a6aa-6617ded560ac,03aeb66e-6c88-41de-b5d1-ec3c5ea76e07,1633254501645,14.4782203,52.1784216,8.225022,-1.1757019,2.9752498,-1.7199478,on bike mount,cyclo cross,True,asphalt,excellent
435ed585-a5af-4478-b250-df7187c001e1,d2559217-3c73-4c22-a6aa-6617ded560ac,1cc5c977-052a-4999-92b3-13057b75a5ac,1633254501711,14.4782203,52.1784216,8.225022,0.8041645,-1.2835157,0.125103,on bike mount,cyclo cross,True,asphalt,excellent
435ed585-a5af-4478-b250-df7187c001e1,d2559217-3c73-4c22-a6aa-6617ded560ac,536626b6-a7e4-4866-8e96-6dabc7bf1608,1633254501761,14.4782203,52.1784216,8.225022,-1.1254563,-0.7704475,-2.5175686,on bike mount,cyclo cross,True,asphalt,excellent
435ed585-a5af-4478-b250-df7187c001e1,d2559217-3c73-4c22-a6aa-6617ded560ac,3e228ed0-cd6e-4043-b65e-5f8b7e0a41ea,1633254501812,14.4782203,52.1784216,8.225022,-1.3968059,-1.0505471,1.1683502,on bike mount,cyclo cross,True,asphalt,excellent
435ed585-a5af-4478-b250-df7187c001e1,d2559217-3c73-4c22-a6aa-6617ded560ac,52310a22-a704-4147-8425-5184f01cdc76,1633254501878,14.4782203,52.1784216,8.225022,0.19294825,0.81885576,2.2750149,on bike mount,cyclo cross,True,asphalt,excellent
435ed585-a5af-4478-b250-df7187c001e1,d2559217-3c73-4c22-a6aa-6617ded560ac,213ed329-b7f5-40ff-a396-0ae191532038,1633254501929,14.4782203,52.1784216,8.225022,-0.40523148,0.020591974,-2.3770404,on bike mount,cyclo cross,True,asphalt,excellent
435ed585-a5af-4478-b250-df7187c001e1,d2559217-3c73-4c22-a6aa-6617ded560ac,cf07f53c-14fd-4552-b567-b7f15da531b4,1633254501979,14.4782203,52.1784216,8.225022,-0.21785729,-0.7977164,-0.07520008,on bike mount,cyclo cross,True,asphalt,excellent
435ed585-a5af-4478-b250-df7187c001e1,d2559217-3c73-4c22-a6aa-6617ded560ac,30212510-3867-42fb-8484-1838a27b5504,1633254502030,14.4782203,52.1784216,8.225022,1.3605956,-0.294631,2.136713,on bike mount,cyclo cross,True,asphalt,excellent
435ed585-a5af-4478-b250-df7187c001e1,d2559217-3c73-4c22-a6aa-6617ded560ac,dc14e1c6-43ae-4f1e-989f-21b56f2728c6,1633254502095,14.4782203,52.1784216,8.225022,-1.4005532,0.2190144,2.8416348,on bike mount,cyclo cross,True,asphalt,excellent
435ed585-a5af-4478-b250-df7187c001e1,d2559217-3c73-4c22-a6aa-6617ded560ac,b3eb1c53-9813-4dff-b136-bd2068b2a0ad,1633254502145,14.4781494,52.178482,8.21895,-0.3764339,-1.5832486,3.4206524,on bike mount,cyclo cross,True,asphalt,excellent
435ed585-a5af-4478-b250-df7187c001e1,d2559217-3c73-4c22-a6aa-6617ded560ac,411e9aff-bcbc-44fe-9c7c-3861ebccfaa7,1633254502196,14.4781494,52.178482,8.21895,0.27849334,0.8152504,-1.1537185,on bike mount,cyclo cross,True,asphalt,excellent
435ed585-a5af-4478-b250-df7187c001e1,d2559217-3c73-4c22-a6aa-6617ded560ac,5cb3a6aa-65eb-4719-84b3-41ffcd273ba9,1633254502247,14.4781494,52.178482,8.21895,-0.20061427,0.410609,1.2203751,on bike mount,cyclo cross,True,asphalt,excellent
435ed585-a5af-4478-b250-df7187c001e1,d2559217-3c73-4c22-a6aa-6617ded560ac,ad2cb983-66b6-4f86-aa1e-44d3612a59eb,1633254502312,14.4781494,52.178482,8.21895,-0.16524422,0.7627015,0.6824503,on bike mount,cyclo cross,True,asphalt,excellent
435ed585-a5af-4478-b250-df7187c001e1,d2559217-3c73-4c22-a6aa-6617ded560ac,5dcabf1b-5995-4bba-b457-efe1a088c990,1633254502362,14.4781494,52.178482,8.21895,-0.2654279,1.4741881,-3.2397146,on bike mount,cyclo cross,True,asphalt,excellent
435ed585-a5af-4478-b250-df7187c001e1,d2559217-3c73-4c22-a6aa-6617ded560ac,9c9e8b27-4e59-42a4-8589-fe26d14a4bc5,1633254502414,14.4781494,52.178482,8.21895,-0.5566027,1.9834242,2.4980688,on bike mount,cyclo cross,True,asphalt,excellent
435ed585-a5af-4478-b250-df7187c001e1,d2559217-3c73-4c22-a6aa-6617ded560ac,879c668b-e4f1-4cbf-ac7d-a2869fd5b11a,1633254502479,14.4781494,52.178482,8.21895,-0.1370857,-0.6528082,-0.728982,on bike mount,cyclo cross,True,asphalt,excellent
435ed585-a5af-4478-b250-df7187c001e1,d2559217-3c73-4c22-a6aa-6617ded560ac,5c12a9ee-14d2-47f9-b714-8d3ded31741f,1633254502530,14.4781494,52.178482,8.21895,0.37760723,1.2170246,7.365143,on bike mount,cyclo cross,True,asphalt,excellent
435ed585-a5af-4478-b250-df7187c001e1,d2559217-3c73-4c22-a6aa-6617ded560ac,30c92ab2-fd7c-4d09-8b30-15e93b13c94e,1633254502597,14.4781494,52.178482,8.21895,-0.055911005,-2.357509,-2.6572542,on bike mount,cyclo cross,True,asphalt,excellent
435ed585-a5af-4478-b250-df7187c001e1,d2559217-3c73-4c22-a6aa-6617ded560ac,80b44389-0a76-4b5c-87db-8b1033b528e8,1633254502647,14.4781494,52.178482,8.21895,0.5141256,0.3160193,-1.9061141,on bike mount,cyclo cross,True,asphalt,excellent
435ed585-a5af-4478-b250-df7187c001e1,d2559217-3c73-4c22-a6aa-6617ded560ac,a2d18be1-ecda-4bf4-937b-6300912bfab6,1633254502697,14.4781494,52.178482,8.21895,0.6185883,-1.0144706,1.0117636,on bike mount,cyclo cross,True,asphalt,excellent
435ed585-a5af-4478-b250-df7187c001e1,d2559217-3c73-4c22-a6aa-6617ded560ac,cf6ca15a-318d-435e-a490-f299f56a803b,1633254502747,14.4781494,52.178482,8.21895,1.2190102,-0.41206217,0.7676277,on bike mount,cyclo cross,True,asphalt,excellent
435ed585-a5af-4478-b250-df7187c001e1,d2559217-3c73-4c22-a6aa-6617ded560ac,805805c2-559d-48ea-9c39-aca887774984,1633254502814,14.4781494,52.178482,8.21895,-0.8178005,-1.742789,-0.7630396,on bike mount,cyclo cross,True,asphalt,excellent
435ed585-a5af-4478-b250-df7187c001e1,d2559217-3c73-4c22-a6aa-6617ded560ac,765283cd-8ba1-4a61-a775-15f5708fdc6d,1633254502879,14.4781494,52.178482,8.21895,0.4065366,-0.9907985,-2.5496197,on bike mount,cyclo cross,True,asphalt,excellent
435ed585-a5af-4478-b250-df7187c001e1,d2559217-3c73-4c22-a6aa-6617ded560ac,f0a38c6f-9232-405f-a65b-2ffffb361b8e,1633254502930,14.4781494,52.178482,8.21895,0.96694505,2.3861787,-0.37511158,on bike mount,cyclo cross,True,asphalt,excellent
435ed585-a5af-4478-b250-df7187c001e1,d2559217-3c73-4c22-a6aa-6617ded560ac,2f40c6e8-de83-4d6f-83cf-efd9554c0864,1633254502980,14.4781494,52.178482,8.21895,-0.07977253,-0.71077967,0.9052105,on bike mount,cyclo cross,True,asphalt,excellent
435ed585-a5af-4478-b250-df7187c001e1,d2559217-3c73-4c22-a6aa-6617ded560ac,223468fd-63cc-47ab-b5b9-caa80035a0e1,1633254503032,14.4781494,52.178482,8.21895,1.285951,-0.8231964,0.84586906,on bike mount,cyclo cross,True,asphalt,excellent
435ed585-a5af-4478-b250-df7187c001e1,d2559217-3c73-4c22-a6aa-6617ded560ac,4bdf8b84-4937-446a-8c4a-d5cfeb68e957,1633254503100,14.4781494,52.178482,8.21895,-0.6772176,-0.7393322,-2.5394983,on bike mount,cyclo cross,True,asphalt,excellent
435ed585-a5af-4478-b250-df7187c001e1,d2559217-3c73-4c22-a6aa-6617ded560ac,83d631d1-7364-452c-ae0a-fa55602cf792,1633254503164,14.4780881,52.1785411,8.090885,-0.85942084,1.9946508,-0.7429266,on bike mount,cyclo cross,True,asphalt,excellent
435ed585-a5af-4478-b250-df7187c001e1,d2559217-3c73-4c22-a6aa-6617ded560ac,3207eae6-e73b-4c76-b682-32d85d6825b7,1633254503214,14.4780881,52.1785411,8.090885,0.10868989,-2.2216554,-1.3723159,on bike mount,cyclo cross,True,asphalt,excellent
435ed585-a5af-4478-b250-df7187c001e1,d2559217-3c73-4c22-a6aa-6617ded560ac,32792bae-0214-4168-a787-719fb3710daa,1633254503264,14.4780881,52.1785411,8.090885,0.020281866,-2.0646613,-1.3410234,on bike mount,cyclo cross,True,asphalt,excellent
435ed585-a5af-4478-b250-df7187c001e1,d2559217-3c73-4c22-a6aa-6617ded560ac,a5a5adac-79b0-4646-9b4c-d258dec95c1a,1633254503314,14.4780881,52.1785411,8.090885,-0.53367585,-1.3267301,3.227951,on bike mount,cyclo cross,True,asphalt,excellent
435ed585-a5af-4478-b250-df7187c001e1,d2559217-3c73-4c22-a6aa-6617ded560ac,1c5e42e4-d4f3-41d5-b899-7943ea708831,1633254503366,14.4780881,52.1785411,8.090885,-1.0372185,0.19703698,-0.050635338,on bike mount,cyclo cross,True,asphalt,excellent
435ed585-a5af-4478-b250-df7187c001e1,d2559217-3c73-4c22-a6aa-6617ded560ac,78172a67-edee-44c2-a9d1-ea524405cae6,1633254503430,14.4780881,52.1785411,8.090885,-0.67122877,0.9471531,2.2914906,on bike mount,cyclo cross,True,asphalt,excellent
435ed585-a5af-4478-b250-df7187c001e1,d2559217-3c73-4c22-a6aa-6617ded560ac,1de583d2-a12a-4508-a433-428825f86546,1633254503481,14.4780881,52.1785411,8.090885,-0.87307876,0.20224714,-0.26139832,on bike mount,cyclo cross,True,asphalt,excellent
435ed585-a5af-4478-b250-df7187c001e1,d2559217-3c73-4c22-a6aa-6617ded560ac,0aa46999-0a67-4a16-bf0b-07c12a1aba62,1633254503532,14.4780881,52.1785411,8.090885,0.42197096,0.2664187,0.20535183,on bike mount,cyclo cross,True,asphalt,excellent
435ed585-a5af-4478-b250-df7187c001e1,d2559217-3c73-4c22-a6aa-6617ded560ac,9191d013-9e9a-42c6-a311-3d2ac53b5373,1633254503598,14.4780881,52.1785411,8.090885,0.049752206,-0.124369144,0.69896317,on bike mount,cyclo cross,True,asphalt,excellent
435ed585-a5af-4478-b250-df7187c001e1,d2559217-3c73-4c22-a6aa-6617ded560ac,5d0af0bb-f318-40d8-9c66-9458b87e938f,1633254503648,14.4780881,52.1785411,8.090885,-0.019444004,0.7441132,0.3367014,on bike mount,cyclo cross,True,asphalt,excellent
435ed585-a5af-4478-b250-df7187c001e1,d2559217-3c73-4c22-a6aa-6617ded560ac,bfe531a5-9ab8-4bbe-8e67-4d0f8201f9f2,1633254503698,14.4780881,52.1785411,8.090885,-1.5124054,-1.0966067,-2.7678566,on bike mount,cyclo cross,True,asphalt,excellent
435ed585-a5af-4478-b250-df7187c001e1,d2559217-3c73-4c22-a6aa-6617ded560ac,348594dc-61b2-4437-a2ef-2f85f81718cb,1633254503749,14.4780881,52.1785411,8.090885,1.7403636,-2.337748,2.3781595,on bike mount,cyclo cross,True,asphalt,excellent
435ed585-a5af-4478-b250-df7187c001e1,d2559217-3c73-4c22-a6aa-6617ded560ac,4d408e22-16a9-4ee2-9df4-7d10343987af,1633254503799,14.4780881,52.1785411,8.090885,6.7542057,-5.7726583,5.127492,on bike mount,cyclo cross,True,asphalt,excellent
435ed585-a5af-4478-b250-df7187c001e1,d2559217-3c73-4c22-a6aa-6617ded560ac,2ab8c312-8dee-414c-9e96-d80aea6a34dc,1633254503864,14.4780881,52.1785411,8.090885,-2.935401,0.05910158,3.3327951,on bike mount,cyclo cross,True,asphalt,excellent
435ed585-a5af-4478-b250-df7187c001e1,d2559217-3c73-4c22-a6aa-6617ded560ac,29b66e42-0017-4698-8d43-351107c83fb1,1633254503915,14.4780881,52.1785411,8.090885,1.9546509,-0.26148558,0.57249355,on bike mount,cyclo cross,True,asphalt,excellent
435ed585-a5af-4478-b250-df7187c001e1,d2559217-3c73-4c22-a6aa-6617ded560ac,1e2c5750-39ea-4fef-a104-721db2149959,1633254503967,14.4780881,52.1785411,8.090885,-1.8773507,0.18289542,-3.343484,on bike mount,cyclo cross,True,asphalt,excellent
435ed585-a5af-4478-b250-df7187c001e1,d2559217-3c73-4c22-a6aa-6617ded560ac,d9346b75-789c-4e1e-abe7-817481593580,1633254504032,14.4780881,52.1785411,8.090885,-0.450136,-1.4566216,0.8954077,on bike mount,cyclo cross,True,asphalt,excellent
435ed585-a5af-4478-b250-df7187c001e1,d2559217-3c73-4c22-a6aa-6617ded560ac,b85abdc8-aded-4bf7-811f-eff118642540,1633254504081,14.4780881,52.1785411,8.090885,0.17952517,-1.30652,-0.799037,on bike mount,cyclo cross,True,asphalt,excellent
435ed585-a5af-4478-b250-df7187c001e1,d2559217-3c73-4c22-a6aa-6617ded560ac,e4fabae1-9ea1-4674-994b-af78c638ebda,1633254504131,14.478027,52.1785987,8.014716,-0.3003157,-6.814739,1.3220863,on bike mount,cyclo cross,True,asphalt,excellent
435ed585-a5af-4478-b250-df7187c001e1,d2559217-3c73-4c22-a6aa-6617ded560ac,530cd633-95c7-4aaf-861c-c975f5208ed6,1633254504182,14.478027,52.1785987,8.014716,0.24416098,-0.044400215,-0.9994855,on bike mount,cyclo cross,True,asphalt,excellent
435ed585-a5af-4478-b250-df7187c001e1,d2559217-3c73-4c22-a6aa-6617ded560ac,1e234691-2a27-4f66-a395-08472b51e5dc,1633254504232,14.478027,52.1785987,8.014716,0.577036,1.448472,2.3839035,on bike mount,cyclo cross,True,asphalt,excellent
435ed585-a5af-4478-b250-df7187c001e1,d2559217-3c73-4c22-a6aa-6617ded560ac,048c3cfd-64ca-46d4-8d2d-ef73d56c0ae4,1633254504282,14.478027,52.1785987,8.014716,0.6434414,-1.5808525,1.227418,on bike mount,cyclo cross,True,asphalt,excellent
435ed585-a5af-4478-b250-df7187c001e1,d2559217-3c73-4c22-a6aa-6617ded560ac,20848cd9-72f1-4845-8dbc-d5128e5158bc,1633254504332,14.478027,52.1785987,8.014716,-1.1895299,-0.22439122,-0.17115879,on bike mount,cyclo cross,True,asphalt,excellent
435ed585-a5af-4478-b250-df7187c001e1,d2559217-3c73-4c22-a6aa-6617ded560ac,5101e71f-d21a-4da4-bef7-94e3a5063643,1633254504383,14.478027,52.1785987,8.014716,0.55563474,-1.042429,2.2824926,on bike mount,cyclo cross,True,asphalt,excellent
435ed585-a5af-4478-b250-df7187c001e1,d2559217-3c73-4c22-a6aa-6617ded560ac,05fcdd72-cacf-45ae-b2bd-93d19e489ea5,1633254504433,14.478027,52.1785987,8.014716,-0.8303645,0.30437922,-2.1015239,on bike mount,cyclo cross,True,asphalt,excellent
435ed585-a5af-4478-b250-df7187c001e1,d2559217-3c73-4c22-a6aa-6617ded560ac,70994163-23dc-4195-b4dd-cd217cea538d,1633254504483,14.478027,52.1785987,8.014716,-0.69102323,-0.80202603,4.4542246,on bike mount,cyclo cross,True,asphalt,excellent
435ed585-a5af-4478-b250-df7187c001e1,d2559217-3c73-4c22-a6aa-6617ded560ac,fb2d6fbb-9225-4ecc-a747-63ce50ff5e95,1633254504533,14.478027,52.1785987,8.014716,0.7171135,-0.9125936,2.005991,on bike mount,cyclo cross,True,asphalt,excellent
435ed585-a5af-4478-b250-df7187c001e1,d2559217-3c73-4c22-a6aa-6617ded560ac,d4a578fa-684d-4e58-8012-067777b40200,1633254504584,14.478027,52.1785987,8.014716,-0.53630304,-0.8041563,-2.01549,on bike mount,cyclo cross,True,asphalt,excellent
435ed585-a5af-4478-b250-df7187c001e1,d2559217-3c73-4c22-a6aa-6617ded560ac,aa39f1bd-7b53-4524-bbf3-2699f183fc8d,1633254504634,14.478027,52.1785987,8.014716,0.47928873,-2.137216,0.90004253,on bike mount,cyclo cross,True,asphalt,excellent
435ed585-a5af-4478-b250-df7187c001e1,d2559217-3c73-4c22-a6aa-6617ded560ac,73767134-3d93-43de-bb9f-a5accf980e9f,1633254504699,14.478027,52.1785987,8.014716,-1.4877398,1.0152183,2.9573135,on bike mount,cyclo cross,True,asphalt,excellent
435ed585-a5af-4478-b250-df7187c001e1,d2559217-3c73-4c22-a6aa-6617ded560ac,91a8b209-8f66-49bd-93b3-5a60a7f5c24e,1633254504750,14.478027,52.1785987,8.014716,-0.19637914,-0.15002203,-0.5935879,on bike mount,cyclo cross,True,asphalt,excellent
435ed585-a5af-4478-b250-df7187c001e1,d2559217-3c73-4c22-a6aa-6617ded560ac,4faa0f62-aaa2-42af-9ade-b91735bfefed,1633254504800,14.478027,52.1785987,8.014716,-0.6995165,1.1955884,0.34600258,on bike mount,cyclo cross,True,asphalt,excellent
435ed585-a5af-4478-b250-df7187c001e1,d2559217-3c73-4c22-a6aa-6617ded560ac,ab85e1dd-e183-4aac-8edd-83b57684d2e6,1633254504851,14.478027,52.1785987,8.014716,-0.5681929,-2.1081648,0.0058517456,on bike mount,cyclo cross,True,asphalt,excellent
435ed585-a5af-4478-b250-df7187c001e1,d2559217-3c73-4c22-a6aa-6617ded560ac,c519cbcf-5794-4a2a-b5bb-6e0fdc53b26c,1633254504900,14.478027,52.1785987,8.014716,0.26029807,0.7696395,-1.5668612,on bike mount,cyclo cross,True,asphalt,excellent
435ed585-a5af-4478-b250-df7187c001e1,d2559217-3c73-4c22-a6aa-6617ded560ac,59c939ea-29d5-4f64-9b20-62bfa140022c,1633254504951,14.478027,52.1785987,8.014716,0.39776868,0.68812275,0.84257793,on bike mount,cyclo cross,True,asphalt,excellent
435ed585-a5af-4478-b250-df7187c001e1,d2559217-3c73-4c22-a6aa-6617ded560ac,62009e10-e761-48c4-bc2f-0e0d222f862f,1633254505017,14.478027,52.1785987,8.014716,0.17629302,0.03714323,0.009981155,on bike mount,cyclo cross,True,asphalt,excellent
435ed585-a5af-4478-b250-df7187c001e1,d2559217-3c73-4c22-a6aa-6617ded560ac,2ad6e38b-a01e-4d38-92a4-c81a227d2990,1633254505068,14.478027,52.1785987,8.014716,1.3167388,-1.8963525,0.6301956,on bike mount,cyclo cross,True,asphalt,excellent
435ed585-a5af-4478-b250-df7187c001e1,d2559217-3c73-4c22-a6aa-6617ded560ac,a16d280c-c426-4005-840f-3ce7e966dd3a,1633254505134,14.4779604,52.1786561,7.951593,-0.40841246,-1.2821395,0.18492985,on bike mount,cyclo cross,True,asphalt,excellent
435ed585-a5af-4478-b250-df7187c001e1,d2559217-3c73-4c22-a6aa-6617ded560ac,7e7734b4-36a1-4e1a-a99f-6a750f1de30f,1633254505184,14.4779604,52.1786561,7.951593,-0.8172841,-1.0576124,0.0023097992,on bike mount,cyclo cross,True,asphalt,excellent
435ed585-a5af-4478-b250-df7187c001e1,d2559217-3c73-4c22-a6aa-6617ded560ac,14d6ef29-5d5d-481e-a740-0da1e080a47b,1633254505234,14.4779604,52.1786561,7.951593,-1.8824395,-0.10642481,-0.3875103,on bike mount,cyclo cross,True,asphalt,excellent
435ed585-a5af-4478-b250-df7187c001e1,d2559217-3c73-4c22-a6aa-6617ded560ac,589adf44-7462-4079-8700-0c148d8c0009,1633254505283,14.4779604,52.1786561,7.951593,0.39731705,0.53192353,1.5313072,on bike mount,cyclo cross,True,asphalt,excellent
435ed585-a5af-4478-b250-df7187c001e1,d2559217-3c73-4c22-a6aa-6617ded560ac,73cf00ad-0517-4455-b680-152b49f345be,1633254505335,14.4779604,52.1786561,7.951593,-0.20352462,-0.8422837,2.2572594,on bike mount,cyclo cross,True,asphalt,excellent
435ed585-a5af-4478-b250-df7187c001e1,d2559217-3c73-4c22-a6aa-6617ded560ac,defc7b36-24db-45c6-a36c-881091fd4faa,1633254505385,14.4779604,52.1786561,7.951593,-0.31184894,-2.2116106,-0.48450184,on bike mount,cyclo cross,True,asphalt,excellent
435ed585-a5af-4478-b250-df7187c001e1,d2559217-3c73-4c22-a6aa-6617ded560ac,06db5ec2-d42a-4a15-9a3e-a4dc63c89928,1633254505435,14.4779604,52.1786561,7.951593,0.33875614,0.09869313,0.71477604,on bike mount,cyclo cross,True,asphalt,excellent
435ed585-a5af-4478-b250-df7187c001e1,d2559217-3c73-4c22-a6aa-6617ded560ac,57c88a08-33a5-4aed-be3a-cbe4a1673f75,1633254505485,14.4779604,52.1786561,7.951593,0.76741636,0.11308575,2.4316883,on bike mount,cyclo cross,True,asphalt,excellent
435ed585-a5af-4478-b250-df7187c001e1,d2559217-3c73-4c22-a6aa-6617ded560ac,d028e04a-1a5f-469f-aa40-b80df5ae2c9d,1633254505536,14.4779604,52.1786561,7.951593,-0.9226075,-0.84052813,-0.46360588,on bike mount,cyclo cross,True,asphalt,excellent
435ed585-a5af-4478-b250-df7187c001e1,d2559217-3c73-4c22-a6aa-6617ded560ac,f8d2010f-b970-467b-9dab-c92d7bcacdd1,1633254505586,14.4779604,52.1786561,7.951593,1.2100077,0.9375949,-0.28221035,on bike mount,cyclo cross,True,asphalt,excellent
435ed585-a5af-4478-b250-df7187c001e1,d2559217-3c73-4c22-a6aa-6617ded560ac,220f0611-6dd6-4977-bd1a-c1704e0529f5,1633254505636,14.4779604,52.1786561,7.951593,0.5629371,-0.76898146,0.74656296,on bike mount,cyclo cross,True,asphalt,excellent
435ed585-a5af-4478-b250-df7187c001e1,d2559217-3c73-4c22-a6aa-6617ded560ac,61d32dd1-ba0d-49b7-812f-e414eabb4f12,1633254505685,14.4779604,52.1786561,7.951593,-1.5621912,-0.4866519,-0.32410812,on bike mount,cyclo cross,True,asphalt,excellent
435ed585-a5af-4478-b250-df7187c001e1,d2559217-3c73-4c22-a6aa-6617ded560ac,471ad2ae-5061-415b-8a6e-fa7930ebf8ce,1633254505736,14.4779604,52.1786561,7.951593,-0.19046944,1.0562801,-0.023871422,on bike mount,cyclo cross,True,asphalt,excellent
435ed585-a5af-4478-b250-df7187c001e1,d2559217-3c73-4c22-a6aa-6617ded560ac,90ab3458-5a13-4f51-ac0a-613887b56d9c,1633254505801,14.4779604,52.1786561,7.951593,-0.48914504,0.072990894,0.09832573,on bike mount,cyclo cross,True,asphalt,excellent
435ed585-a5af-4478-b250-df7187c001e1,d2559217-3c73-4c22-a6aa-6617ded560ac,49a16578-a001-4503-91a8-3891d5e29ab7,1633254505852,14.4779604,52.1786561,7.951593,1.1695192,-0.19287992,0.9044695,on bike mount,cyclo cross,True,asphalt,excellent
435ed585-a5af-4478-b250-df7187c001e1,d2559217-3c73-4c22-a6aa-6617ded560ac,6a3f4817-7bff-45af-bf65-7ca2e22d38f8,1633254505904,14.4779604,52.1786561,7.951593,0.09695101,-4.0739527,1.3494883,on bike mount,cyclo cross,True,asphalt,excellent
435ed585-a5af-4478-b250-df7187c001e1,d2559217-3c73-4c22-a6aa-6617ded560ac,10ea1521-2158-4c6f-bb27-1d19fd5d3848,1633254505954,14.4779604,52.1786561,7.951593,-0.4844034,-0.51532435,-3.1568084,on bike mount,cyclo cross,True,asphalt,excellent
435ed585-a5af-4478-b250-df7187c001e1,d2559217-3c73-4c22-a6aa-6617ded560ac,f71fc46d-ecab-4b17-a3a1-7b7dc1aab198,1633254506019,14.4779604,52.1786561,7.951593,0.24203143,-4.2386646,2.0110903,on bike mount,cyclo cross,True,asphalt,excellent
435ed585-a5af-4478-b250-df7187c001e1,d2559217-3c73-4c22-a6aa-6617ded560ac,bb278e7c-67f2-4315-a9b0-b2686ad64e3e,1633254506068,14.4779604,52.1786561,7.951593,1.1316268,0.91190743,-1.498467,on bike mount,cyclo cross,True,asphalt,excellent
435ed585-a5af-4478-b250-df7187c001e1,d2559217-3c73-4c22-a6aa-6617ded560ac,89455582-6dc1-4d56-8d86-125a879ec89c,1633254506119,14.4778949,52.1787141,7.8927584,0.95006245,0.96435237,0.9524269,on bike mount,cyclo cross,True,asphalt,excellent
435ed585-a5af-4478-b250-df7187c001e1,d2559217-3c73-4c22-a6aa-6617ded560ac,618b8123-ae35-47f4-b6a5-d656602b5df7,1633254506170,14.4778949,52.1787141,7.8927584,-1.0312783,0.75497246,-1.3486781,on bike mount,cyclo cross,True,asphalt,excellent
435ed585-a5af-4478-b250-df7187c001e1,d2559217-3c73-4c22-a6aa-6617ded560ac,3c5d74e1-fccb-4f95-9c4b-57b2f1fad34b,1633254506221,14.4778949,52.1787141,7.8927584,2.8842413,0.39206648,-0.4989481,on bike mount,cyclo cross,True,asphalt,excellent
435ed585-a5af-4478-b250-df7187c001e1,d2559217-3c73-4c22-a6aa-6617ded560ac,ad99f6a0-f9d2-468e-aaac-add38e28a9e8,1633254506270,14.4778949,52.1787141,7.8927584,-1.8062903,-0.7194953,1.2532616,on bike mount,cyclo cross,True,asphalt,excellent
435ed585-a5af-4478-b250-df7187c001e1,d2559217-3c73-4c22-a6aa-6617ded560ac,e4f24e35-3ed5-4bc5-8ec4-4b68e4acb6db,1633254506320,14.4778949,52.1787141,7.8927584,-0.47291118,1.8631749,-2.8370535,on bike mount,cyclo cross,True,asphalt,excellent
435ed585-a5af-4478-b250-df7187c001e1,d2559217-3c73-4c22-a6aa-6617ded560ac,e3fabe9f-d861-4754-ae69-4bb4e117647f,1633254506369,14.4778949,52.1787141,7.8927584,0.8926506,-2.9543986,2.1486864,on bike mount,cyclo cross,True,asphalt,excellent
435ed585-a5af-4478-b250-df7187c001e1,d2559217-3c73-4c22-a6aa-6617ded560ac,725d95dd-c647-4730-a8cb-983c0ea05bf2,1633254506421,14.4778949,52.1787141,7.8927584,0.44990143,0.11191535,-1.3184066,on bike mount,cyclo cross,True,asphalt,excellent
435ed585-a5af-4478-b250-df7187c001e1,d2559217-3c73-4c22-a6aa-6617ded560ac,8728fd75-a934-4ec2-b2e7-8b4ccac4af58,1633254506470,14.4778949,52.1787141,7.8927584,-1.9005716,-0.3774805,-0.6025953,on bike mount,cyclo cross,True,asphalt,excellent
435ed585-a5af-4478-b250-df7187c001e1,d2559217-3c73-4c22-a6aa-6617ded560ac,be891166-3e6b-490f-a01a-cce3566baa12,1633254506520,14.4778949,52.1787141,7.8927584,0.10933545,-0.66494775,0.20627785,on bike mount,cyclo cross,True,asphalt,excellent
435ed585-a5af-4478-b250-df7187c001e1,d2559217-3c73-4c22-a6aa-6617ded560ac,330cd99e-0254-410e-b01e-c45b35fd5f14,1633254506569,14.4778949,52.1787141,7.8927584,-0.068601936,-1.5439945,-2.5974073,on bike mount,cyclo cross,True,asphalt,excellent
435ed585-a5af-4478-b250-df7187c001e1,d2559217-3c73-4c22-a6aa-6617ded560ac,b5177bfc-aa2c-41cd-b1a6-52c4ae166bd7,1633254506621,14.4778949,52.1787141,7.8927584,-0.9104464,-2.8722563,0.46181774,on bike mount,cyclo cross,True,asphalt,excellent
435ed585-a5af-4478-b250-df7187c001e1,d2559217-3c73-4c22-a6aa-6617ded560ac,4176399a-eb57-4a34-9ec6-e7baf59283dd,1633254506688,14.4778949,52.1787141,7.8927584,-2.7951016,-2.5927346,0.69149303,on bike mount,cyclo cross,True,asphalt,excellent
435ed585-a5af-4478-b250-df7187c001e1,d2559217-3c73-4c22-a6aa-6617ded560ac,998c195a-e843-4d3b-b837-06a06b0ebd9e,1633254506738,14.4778949,52.1787141,7.8927584,3.3110995,3.0765796,0.32976055,on bike mount,cyclo cross,True,asphalt,excellent
435ed585-a5af-4478-b250-df7187c001e1,d2559217-3c73-4c22-a6aa-6617ded560ac,12f79469-6071-4bbb-98e6-ad47f19536b6,1633254506788,14.4778949,52.1787141,7.8927584,0.34227526,0.5133424,-3.8062057,on bike mount,cyclo cross,True,asphalt,excellent
435ed585-a5af-4478-b250-df7187c001e1,d2559217-3c73-4c22-a6aa-6617ded560ac,fce114a2-1ee3-4fa7-ba5c-1dfff117cb79,1633254506837,14.4778949,52.1787141,7.8927584,1.1478596,1.424355,0.22018242,on bike mount,cyclo cross,True,asphalt,excellent
435ed585-a5af-4478-b250-df7187c001e1,d2559217-3c73-4c22-a6aa-6617ded560ac,ff837d33-a1d3-4b9c-991c-9ed3e26fb832,1633254506888,14.4778949,52.1787141,7.8927584,0.18109798,3.9361148,-2.6540823,on bike mount,cyclo cross,True,asphalt,excellent
435ed585-a5af-4478-b250-df7187c001e1,d2559217-3c73-4c22-a6aa-6617ded560ac,53789c72-4e5e-41c7-9d83-e8df0ee9ae3f,1633254506938,14.4778949,52.1787141,7.8927584,1.7760571,-2.0108545,2.5430536,on bike mount,cyclo cross,True,asphalt,excellent
435ed585-a5af-4478-b250-df7187c001e1,d2559217-3c73-4c22-a6aa-6617ded560ac,a61f5a94-8a1e-4abd-9990-c22f57dc9e07,1633254506988,14.4778949,52.1787141,7.8927584,1.2263885,2.034347,-2.2152047,on bike mount,cyclo cross,True,asphalt,excellent
435ed585-a5af-4478-b250-df7187c001e1,d2559217-3c73-4c22-a6aa-6617ded560ac,d119af37-e64c-4803-a490-fff32de26e77,1633254507038,14.4778949,52.1787141,7.8927584,-1.218548,-1.401692,2.2377834,on bike mount,cyclo cross,True,asphalt,excellent
435ed585-a5af-4478-b250-df7187c001e1,d2559217-3c73-4c22-a6aa-6617ded560ac,708be292-7d7c-407a-8b20-8f22ef550706,1633254507087,14.4778949,52.1787141,7.8927584,0.17792791,-2.1561105,-1.5997667,on bike mount,cyclo cross,True,asphalt,excellent
435ed585-a5af-4478-b250-df7187c001e1,d2559217-3c73-4c22-a6aa-6617ded560ac,3b505c3f-a174-43fe-960f-6ed0d3da4a85,1633254507138,14.4778314,52.1787709,7.869202,0.080744565,0.6353657,-0.4013481,on bike mount,cyclo cross,True,asphalt,excellent
435ed585-a5af-4478-b250-df7187c001e1,d2559217-3c73-4c22-a6aa-6617ded560ac,455ec54c-6289-456e-bcf6-88d2acb08a82,1633254507188,14.4778314,52.1787709,7.869202,-3.668235,-4.7345433,1.5747843,on bike mount,cyclo cross,True,asphalt,excellent
435ed585-a5af-4478-b250-df7187c001e1,d2559217-3c73-4c22-a6aa-6617ded560ac,2477c004-8335-43a4-a869-e531067a942d,1633254507238,14.4778314,52.1787709,7.869202,0.69097096,1.7278028,0.049344063,on bike mount,cyclo cross,True,asphalt,excellent
435ed585-a5af-4478-b250-df7187c001e1,d2559217-3c73-4c22-a6aa-6617ded560ac,5addf34f-594a-4ae1-beaa-9fab82ef43b9,1633254507288,14.4778314,52.1787709,7.869202,0.18432671,-0.6919024,1.2023554,on bike mount,cyclo cross,True,asphalt,excellent
435ed585-a5af-4478-b250-df7187c001e1,d2559217-3c73-4c22-a6aa-6617ded560ac,5440931d-b0ff-4624-b650-fccd070b7f51,1633254507338,14.4778314,52.1787709,7.869202,0.051454674,0.12049556,-2.4593987,on bike mount,cyclo cross,True,asphalt,excellent
435ed585-a5af-4478-b250-df7187c001e1,d2559217-3c73-4c22-a6aa-6617ded560ac,453cdfe8-ac7f-4a66-8263-d6f53b0a8129,1633254507388,14.4778314,52.1787709,7.869202,-3.8319862,-0.9712224,1.3398428,on bike mount,cyclo cross,True,asphalt,excellent
435ed585-a5af-4478-b250-df7187c001e1,d2559217-3c73-4c22-a6aa-6617ded560ac,84b4174b-3009-47ed-936e-0aa4a752f245,1633254507438,14.4778314,52.1787709,7.869202,0.14438063,1.6290498,-0.29671097,on bike mount,cyclo cross,True,asphalt,excellent
435ed585-a5af-4478-b250-df7187c001e1,d2559217-3c73-4c22-a6aa-6617ded560ac,43c7d01d-adcd-4b6d-84f1-961d1e3658aa,1633254507488,14.4778314,52.1787709,7.869202,0.9652057,1.4365869,0.5804901,on bike mount,cyclo cross,True,asphalt,excellent
435ed585-a5af-4478-b250-df7187c001e1,d2559217-3c73-4c22-a6aa-6617ded560ac,53e4a3d5-542b-46af-9542-df151fcad11d,1633254507538,14.4778314,52.1787709,7.869202,2.1091118,1.1971204,2.453249,on bike mount,cyclo cross,True,asphalt,excellent
435ed585-a5af-4478-b250-df7187c001e1,d2559217-3c73-4c22-a6aa-6617ded560ac,63737656-10e2-49bf-97c7-30168fac6ce7,1633254507588,14.4778314,52.1787709,7.869202,-0.9530134,0.3903823,-0.33506584,on bike mount,cyclo cross,True,asphalt,excellent
435ed585-a5af-4478-b250-df7187c001e1,d2559217-3c73-4c22-a6aa-6617ded560ac,5233841f-4fc3-4285-8859-8cd6c34a1dce,1633254507638,14.4778314,52.1787709,7.869202,1.1306334,2.4316723,-3.653514,on bike mount,cyclo cross,True,asphalt,excellent
435ed585-a5af-4478-b250-df7187c001e1,d2559217-3c73-4c22-a6aa-6617ded560ac,d1c74c4b-afd4-4547-8fc1-d446e7926c82,1633254507688,14.4778314,52.1787709,7.869202,-2.2194736,-4.7452908,2.2455025,on bike mount,cyclo cross,True,asphalt,excellent
435ed585-a5af-4478-b250-df7187c001e1,d2559217-3c73-4c22-a6aa-6617ded560ac,8f8f5a84-a124-49bf-93c1-a5b948459599,1633254507738,14.4778314,52.1787709,7.869202,1.1583301,-0.6115749,-2.0824075,on bike mount,cyclo cross,True,asphalt,excellent
435ed585-a5af-4478-b250-df7187c001e1,d2559217-3c73-4c22-a6aa-6617ded560ac,22bd1b9d-4056-4d4a-aec4-072c95ed12d0,1633254507788,14.4778314,52.1787709,7.869202,-2.510891,1.0867233,1.0524092,on bike mount,cyclo cross,True,asphalt,excellent
435ed585-a5af-4478-b250-df7187c001e1,d2559217-3c73-4c22-a6aa-6617ded560ac,ef4658e3-1af9-4a93-9ad1-13f4c9ec8a0d,1633254507838,14.4778314,52.1787709,7.869202,1.6346111,-0.22147441,0.29955578,on bike mount,cyclo cross,True,asphalt,excellent
435ed585-a5af-4478-b250-df7187c001e1,d2559217-3c73-4c22-a6aa-6617ded560ac,70e0c079-8a24-4c2d-b606-23e24bb7b649,1633254507888,14.4778314,52.1787709,7.869202,-0.24254045,-3.2184615,2.0359945,on bike mount,cyclo cross,True,asphalt,excellent
435ed585-a5af-4478-b250-df7187c001e1,d2559217-3c73-4c22-a6aa-6617ded560ac,f140577d-f6ff-4361-b198-20c9b3cc7b66,1633254507938,14.4778314,52.1787709,7.869202,1.355741,1.0332968,-0.6995039,on bike mount,cyclo cross,True,asphalt,excellent
435ed585-a5af-4478-b250-df7187c001e1,d2559217-3c73-4c22-a6aa-6617ded560ac,6ee85a6d-f346-4795-8651-ebf6f7406b7d,1633254507988,14.4778314,52.1787709,7.869202,-0.5053744,1.0459285,-1.4751668,on bike mount,cyclo cross,True,asphalt,excellent
435ed585-a5af-4478-b250-df7187c001e1,d2559217-3c73-4c22-a6aa-6617ded560ac,a8aff4a6-3cc7-428a-ada5-c901acd12e80,1633254508038,14.4778314,52.1787709,7.869202,-0.84542537,-0.46108675,0.6750221,on bike mount,cyclo cross,True,asphalt,excellent
435ed585-a5af-4478-b250-df7187c001e1,d2559217-3c73-4c22-a6aa-6617ded560ac,405c2496-244f-4e54-902b-7bbe734a98b9,1633254508091,14.4778314,52.1787709,7.869202,-0.03616306,-1.1334007,0.13556194,on bike mount,cyclo cross,True,asphalt,excellent
435ed585-a5af-4478-b250-df7187c001e1,d2559217-3c73-4c22-a6aa-6617ded560ac,c505e40c-bed2-4951-9e0e-b958ce953472,1633254508157,14.477768,52.1788267,7.8397155,-0.6212629,-1.5068369,-0.033381462,on bike mount,cyclo cross,True,asphalt,excellent
435ed585-a5af-4478-b250-df7187c001e1,d2559217-3c73-4c22-a6aa-6617ded560ac,2581fbb9-26cb-4b05-b9c1-27e0a01c70a1,1633254508207,14.477768,52.1788267,7.8397155,-0.61603636,0.66271544,-1.749557,on bike mount,cyclo cross,True,asphalt,excellent
435ed585-a5af-4478-b250-df7187c001e1,d2559217-3c73-4c22-a6aa-6617ded560ac,2b694aa0-d853-4133-9149-6d47512e249b,1633254508257,14.477768,52.1788267,7.8397155,-2.907314,-2.927858,1.2955198,on bike mount,cyclo cross,True,asphalt,excellent
435ed585-a5af-4478-b250-df7187c001e1,d2559217-3c73-4c22-a6aa-6617ded560ac,ebc960fc-b2e5-4e64-b3a3-de0e063e8c1e,1633254508307,14.477768,52.1788267,7.8397155,1.198313,0.55927944,-1.1721034,on bike mount,cyclo cross,True,asphalt,excellent
435ed585-a5af-4478-b250-df7187c001e1,d2559217-3c73-4c22-a6aa-6617ded560ac,d319065f-90ef-4df4-98b7-0944510834d7,1633254508357,14.477768,52.1788267,7.8397155,-0.995836,-1.3781527,3.145958,on bike mount,cyclo cross,True,asphalt,excellent
435ed585-a5af-4478-b250-df7187c001e1,d2559217-3c73-4c22-a6aa-6617ded560ac,4a461883-aac6-4e90-9b61-731a490c9931,1633254508407,14.477768,52.1788267,7.8397155,0.12763059,-2.7430625,-0.6575699,on bike mount,cyclo cross,True,asphalt,excellent
435ed585-a5af-4478-b250-df7187c001e1,d2559217-3c73-4c22-a6aa-6617ded560ac,3c6fbbe9-1d58-4a36-8a42-a6213750d034,1633254508458,14.477768,52.1788267,7.8397155,0.3997838,0.86765003,-0.27336025,on bike mount,cyclo cross,True,asphalt,excellent
435ed585-a5af-4478-b250-df7187c001e1,d2559217-3c73-4c22-a6aa-6617ded560ac,eb2a8cfb-b222-44c3-8c05-a9e83f1700f1,1633254508524,14.477768,52.1788267,7.8397155,-1.9600859,-2.01715,10.13352,on bike mount,cyclo cross,True,asphalt,excellent
435ed585-a5af-4478-b250-df7187c001e1,d2559217-3c73-4c22-a6aa-6617ded560ac,f17b15a0-fcb9-4015-90d7-ac1dacd2c9a9,1633254508574,14.477768,52.1788267,7.8397155,-0.05272331,2.0657291,2.8044605,on bike mount,cyclo cross,True,asphalt,excellent
435ed585-a5af-4478-b250-df7187c001e1,d2559217-3c73-4c22-a6aa-6617ded560ac,738e72c6-088f-4998-9ba3-db6f8a714576,1633254508623,14.477768,52.1788267,7.8397155,0.21419397,-0.56931186,-1.2864909,on bike mount,cyclo cross,True,asphalt,excellent
435ed585-a5af-4478-b250-df7187c001e1,d2559217-3c73-4c22-a6aa-6617ded560ac,22044354-6d65-4cc8-bef1-e1818007fdd2,1633254508673,14.477768,52.1788267,7.8397155,0.5381934,-0.4118545,-0.34763336,on bike mount,cyclo cross,True,asphalt,excellent
435ed585-a5af-4478-b250-df7187c001e1,d2559217-3c73-4c22-a6aa-6617ded560ac,d7c19060-bbb0-489c-9efa-fc2b2092b50d,1633254508724,14.477768,52.1788267,7.8397155,0.30776256,0.13477945,-0.71024036,on bike mount,cyclo cross,True,asphalt,excellent
435ed585-a5af-4478-b250-df7187c001e1,d2559217-3c73-4c22-a6aa-6617ded560ac,d5496983-d1bf-48a8-9d3e-368cc72ab929,1633254508773,14.477768,52.1788267,7.8397155,-0.7494368,2.378086,-2.2982345,on bike mount,cyclo cross,True,asphalt,excellent
435ed585-a5af-4478-b250-df7187c001e1,d2559217-3c73-4c22-a6aa-6617ded560ac,4b66f277-dfd1-43b0-8cab-0228c771eed8,1633254508823,14.477768,52.1788267,7.8397155,-1.126719,0.2619846,0.34997082,on bike mount,cyclo cross,True,asphalt,excellent
435ed585-a5af-4478-b250-df7187c001e1,d2559217-3c73-4c22-a6aa-6617ded560ac,9f3f7f97-fd88-4b0d-bac3-ddf69ab99194,1633254508874,14.477768,52.1788267,7.8397155,1.0634007,-1.555012,-0.5167017,on bike mount,cyclo cross,True,asphalt,excellent
435ed585-a5af-4478-b250-df7187c001e1,d2559217-3c73-4c22-a6aa-6617ded560ac,84867045-c388-4664-9b2c-809409dcb602,1633254508924,14.477768,52.1788267,7.8397155,-1.19378,1.0719874,-1.1733465,on bike mount,cyclo cross,True,asphalt,excellent
435ed585-a5af-4478-b250-df7187c001e1,d2559217-3c73-4c22-a6aa-6617ded560ac,ddc441df-8634-47a9-ba9e-0fe65a73261f,1633254508975,14.477768,52.1788267,7.8397155,-1.2168434,0.36889434,1.0740976,on bike mount,cyclo cross,True,asphalt,excellent
435ed585-a5af-4478-b250-df7187c001e1,d2559217-3c73-4c22-a6aa-6617ded560ac,dca65fc6-cf95-4e22-a96a-cb071991a523,1633254509040,14.477768,52.1788267,7.8397155,0.14511368,-0.20066738,1.872549,on bike mount,cyclo cross,True,asphalt,excellent
435ed585-a5af-4478-b250-df7187c001e1,d2559217-3c73-4c22-a6aa-6617ded560ac,2fa20efd-d43f-4f70-970f-27b8c615c91d,1633254509095,14.477768,52.1788267,7.8397155,0.10014078,-1.1731805,-1.3589935,on bike mount,cyclo cross,True,asphalt,excellent
435ed585-a5af-4478-b250-df7187c001e1,d2559217-3c73-4c22-a6aa-6617ded560ac,cc7a8804-1e34-48e0-9fb4-8d26bd28cd6a,1633254509158,14.4777073,52.178884,7.785747,-0.21376115,1.770184,-0.27935505,on bike mount,cyclo cross,True,asphalt,excellent
435ed585-a5af-4478-b250-df7187c001e1,d2559217-3c73-4c22-a6aa-6617ded560ac,e57e4752-7e4f-4c1b-8581-6451aae2446f,1633254509209,14.4777073,52.178884,7.785747,-1.3117793,-1.016152,0.35068417,on bike mount,cyclo cross,True,asphalt,excellent
435ed585-a5af-4478-b250-df7187c001e1,d2559217-3c73-4c22-a6aa-6617ded560ac,5128a13f-2e0b-4983-a745-b3e756e716fa,1633254509275,14.4777073,52.178884,7.785747,0.4394213,0.63948345,-0.3976202,on bike mount,cyclo cross,True,asphalt,excellent
435ed585-a5af-4478-b250-df7187c001e1,d2559217-3c73-4c22-a6aa-6617ded560ac,7367e8e2-cc79-4cec-860b-00ff4845fd8e,1633254509325,14.4777073,52.178884,7.785747,-1.0253925,-2.1777158,-5.820897,on bike mount,cyclo cross,True,asphalt,excellent
435ed585-a5af-4478-b250-df7187c001e1,d2559217-3c73-4c22-a6aa-6617ded560ac,495ebc64-4843-4c18-8b2d-4c680beb342b,1633254509375,14.4777073,52.178884,7.785747,3.22113,1.6595469,1.1420083,on bike mount,cyclo cross,True,asphalt,excellent
435ed585-a5af-4478-b250-df7187c001e1,d2559217-3c73-4c22-a6aa-6617ded560ac,408ace5f-6b06-415d-b472-08054325ef62,1633254509425,14.4777073,52.178884,7.785747,0.21809316,0.23477864,1.7924786,on bike mount,cyclo cross,True,asphalt,excellent
435ed585-a5af-4478-b250-df7187c001e1,d2559217-3c73-4c22-a6aa-6617ded560ac,5a161fc0-4b71-4547-a08c-c6bb8e98e22c,1633254509474,14.4777073,52.178884,7.785747,-0.003330484,-1.4578846,1.2148743,on bike mount,cyclo cross,True,asphalt,excellent
435ed585-a5af-4478-b250-df7187c001e1,d2559217-3c73-4c22-a6aa-6617ded560ac,3fc59e45-8b03-49dc-9c27-4945ec1b5356,1633254509525,14.4777073,52.178884,7.785747,-0.30448675,-0.60389996,1.0860758,on bike mount,cyclo cross,True,asphalt,excellent
435ed585-a5af-4478-b250-df7187c001e1,d2559217-3c73-4c22-a6aa-6617ded560ac,ac07488f-09f0-44cf-a72f-794d3fcc02d3,1633254509575,14.4777073,52.178884,7.785747,0.524511,-0.60383296,1.113575,on bike mount,cyclo cross,True,asphalt,excellent
435ed585-a5af-4478-b250-df7187c001e1,d2559217-3c73-4c22-a6aa-6617ded560ac,a7b347f0-0721-40df-9249-e9b1278080a1,1633254509625,14.4777073,52.178884,7.785747,-0.24513091,0.50858736,0.3632517,on bike mount,cyclo cross,True,asphalt,excellent
435ed585-a5af-4478-b250-df7187c001e1,d2559217-3c73-4c22-a6aa-6617ded560ac,c2d02d40-d5cc-4cb5-b2f3-cc04766be6f4,1633254509675,14.4777073,52.178884,7.785747,-0.3337793,-0.5561373,-0.9006233,on bike mount,cyclo cross,True,asphalt,excellent
435ed585-a5af-4478-b250-df7187c001e1,d2559217-3c73-4c22-a6aa-6617ded560ac,40c6eea8-b428-4349-bfe8-4e731e2e90de,1633254509725,14.4777073,52.178884,7.785747,-0.84497553,0.33603215,0.62357616,on bike mount,cyclo cross,True,asphalt,excellent
435ed585-a5af-4478-b250-df7187c001e1,d2559217-3c73-4c22-a6aa-6617ded560ac,a3c6e03e-5e67-438f-bceb-9cdf6c75568c,1633254509775,14.4777073,52.178884,7.785747,-0.5183573,0.5296304,-1.4955702,on bike mount,cyclo cross,True,asphalt,excellent
435ed585-a5af-4478-b250-df7187c001e1,d2559217-3c73-4c22-a6aa-6617ded560ac,ad2cca01-4fa1-48ff-9f88-41c764912cf2,1633254509825,14.4777073,52.178884,7.785747,1.0488418,-0.2691717,0.7459421,on bike mount,cyclo cross,True,asphalt,excellent
435ed585-a5af-4478-b250-df7187c001e1,d2559217-3c73-4c22-a6aa-6617ded560ac,46f77ae3-4cc8-48ca-882a-348690ffe791,1633254509875,14.4777073,52.178884,7.785747,-0.8722373,0.6085012,0.33670235,on bike mount,cyclo cross,True,asphalt,excellent
435ed585-a5af-4478-b250-df7187c001e1,d2559217-3c73-4c22-a6aa-6617ded560ac,bc8578f9-6633-44b0-85d2-1bdc77b7babe,1633254509925,14.4777073,52.178884,7.785747,0.05766046,0.13001394,2.0278502,on bike mount,cyclo cross,True,asphalt,excellent
435ed585-a5af-4478-b250-df7187c001e1,d2559217-3c73-4c22-a6aa-6617ded560ac,298c3c31-79b2-4945-a392-bc039da467ea,1633254509976,14.4777073,52.178884,7.785747,-0.78611696,-1.8387698,-0.14108753,on bike mount,cyclo cross,True,asphalt,excellent
435ed585-a5af-4478-b250-df7187c001e1,d2559217-3c73-4c22-a6aa-6617ded560ac,03023228-77d9-4c27-b289-4d2b3986d55a,1633254510026,14.4777073,52.178884,7.785747,0.03078577,0.029154778,-0.92661333,on bike mount,cyclo cross,True,asphalt,excellent
435ed585-a5af-4478-b250-df7187c001e1,d2559217-3c73-4c22-a6aa-6617ded560ac,ad5123f9-bcaa-4979-ba1d-51740c5bb819,1633254510077,14.4777073,52.178884,7.785747,0.004771948,-0.39988804,-0.18559074,on bike mount,cyclo cross,True,asphalt,excellent
435ed585-a5af-4478-b250-df7187c001e1,d2559217-3c73-4c22-a6aa-6617ded560ac,be66c30c-1de6-4133-8bae-f890d696d79b,1633254510127,14.4776518,52.1789383,7.703338,0.52287227,0.5981152,0.871088,on bike mount,cyclo cross,True,asphalt,excellent
435ed585-a5af-4478-b250-df7187c001e1,d2559217-3c73-4c22-a6aa-6617ded560ac,3bf4b407-a40c-4946-ab2a-e99dfe3e0fbf,1633254510193,14.4776518,52.1789383,7.703338,0.9192691,0.4451356,-0.14565277,on bike mount,cyclo cross,True,asphalt,excellent
435ed585-a5af-4478-b250-df7187c001e1,d2559217-3c73-4c22-a6aa-6617ded560ac,cbf757b8-ac1a-4a6e-ae69-14162844515c,1633254510244,14.4776518,52.1789383,7.703338,0.9959013,0.98707056,-0.72999907,on bike mount,cyclo cross,True,asphalt,excellent
435ed585-a5af-4478-b250-df7187c001e1,d2559217-3c73-4c22-a6aa-6617ded560ac,0e5bae93-3152-42a2-827f-7b6649cd3310,1633254510294,14.4776518,52.1789383,7.703338,-0.78888446,-0.5169288,0.47171402,on bike mount,cyclo cross,True,asphalt,excellent
435ed585-a5af-4478-b250-df7187c001e1,d2559217-3c73-4c22-a6aa-6617ded560ac,675edff9-2b4b-44f7-ace8-62d2b9ab410f,1633254510343,14.4776518,52.1789383,7.703338,-0.08839506,0.8260491,0.26663208,on bike mount,cyclo cross,True,asphalt,excellent
435ed585-a5af-4478-b250-df7187c001e1,d2559217-3c73-4c22-a6aa-6617ded560ac,befccb25-329d-4ab2-b6d2-f81ca13621c1,1633254510393,14.4776518,52.1789383,7.703338,-1.5491107,0.31141114,-1.2195258,on bike mount,cyclo cross,True,asphalt,excellent
435ed585-a5af-4478-b250-df7187c001e1,d2559217-3c73-4c22-a6aa-6617ded560ac,73cd0133-fc59-4adc-a6e8-eeb272d93885,1633254510443,14.4776518,52.1789383,7.703338,-0.9359709,-0.12292695,-1.0602598,on bike mount,cyclo cross,True,asphalt,excellent
435ed585-a5af-4478-b250-df7187c001e1,d2559217-3c73-4c22-a6aa-6617ded560ac,5090e1d5-2d13-432a-be07-14902e3e6409,1633254510493,14.4776518,52.1789383,7.703338,0.5964839,-1.704669,0.95233154,on bike mount,cyclo cross,True,asphalt,excellent
435ed585-a5af-4478-b250-df7187c001e1,d2559217-3c73-4c22-a6aa-6617ded560ac,be63112d-8279-4539-b713-dde0b282cecb,1633254510544,14.4776518,52.1789383,7.703338,-0.2677981,1.3812826,-1.8638005,on bike mount,cyclo cross,True,asphalt,excellent
435ed585-a5af-4478-b250-df7187c001e1,d2559217-3c73-4c22-a6aa-6617ded560ac,ddfcf454-a402-42f7-aa0b-8dbac354fab6,1633254510593,14.4776518,52.1789383,7.703338,-1.3054507,-0.41373014,0.096897125,on bike mount,cyclo cross,True,asphalt,excellent
435ed585-a5af-4478-b250-df7187c001e1,d2559217-3c73-4c22-a6aa-6617ded560ac,f43b9184-1a3a-466c-944f-336e0bd90d8a,1633254510643,14.4776518,52.1789383,7.703338,-0.71514845,-0.2298708,-0.7333851,on bike mount,cyclo cross,True,asphalt,excellent
435ed585-a5af-4478-b250-df7187c001e1,d2559217-3c73-4c22-a6aa-6617ded560ac,b8145f88-f73a-48a4-b1db-fb5b349d56cd,1633254510694,14.4776518,52.1789383,7.703338,0.099739954,-0.16601586,2.028596,on bike mount,cyclo cross,True,asphalt,excellent
435ed585-a5af-4478-b250-df7187c001e1,d2559217-3c73-4c22-a6aa-6617ded560ac,dcc34bc2-a670-483b-a586-7eb742ff2272,1633254510745,14.4776518,52.1789383,7.703338,-0.37691882,-0.34536242,0.62513256,on bike mount,cyclo cross,True,asphalt,excellent
435ed585-a5af-4478-b250-df7187c001e1,d2559217-3c73-4c22-a6aa-6617ded560ac,2af015a9-452d-405c-9dc1-b98323e26b12,1633254510795,14.4776518,52.1789383,7.703338,1.3993737,-1.3341316,3.0443563,on bike mount,cyclo cross,True,asphalt,excellent
435ed585-a5af-4478-b250-df7187c001e1,d2559217-3c73-4c22-a6aa-6617ded560ac,03602afc-4d93-4751-b43c-ebd48528b9a9,1633254510845,14.4776518,52.1789383,7.703338,0.72775495,2.7613215,-4.894412,on bike mount,cyclo cross,True,asphalt,excellent
435ed585-a5af-4478-b250-df7187c001e1,d2559217-3c73-4c22-a6aa-6617ded560ac,2577f48b-3b34-477b-9925-68d43fe2fb93,1633254510895,14.4776518,52.1789383,7.703338,0.65059584,0.53013325,0.4815569,on bike mount,cyclo cross,True,asphalt,excellent
435ed585-a5af-4478-b250-df7187c001e1,d2559217-3c73-4c22-a6aa-6617ded560ac,1d465f3e-ad61-465b-bf54-5e5c79c87533,1633254510960,14.4776518,52.1789383,7.703338,-1.2175682,0.11581576,0.75618935,on bike mount,cyclo cross,True,asphalt,excellent
435ed585-a5af-4478-b250-df7187c001e1,d2559217-3c73-4c22-a6aa-6617ded560ac,9685d3bd-ea5f-4686-baf1-0ced854b084c,1633254511011,14.4776518,52.1789383,7.703338,1.2382057,2.4176311,-0.57658195,on bike mount,cyclo cross,True,asphalt,excellent
435ed585-a5af-4478-b250-df7187c001e1,d2559217-3c73-4c22-a6aa-6617ded560ac,98699b72-25cc-4adc-80f2-e8646e0a5b67,1633254511062,14.4776518,52.1789383,7.703338,-0.7263946,-2.4017458,-1.8311505,on bike mount,cyclo cross,True,asphalt,excellent
