bike_activity_uid,bike_activity_sample_uid,bike_activity_measurement,bike_activity_measurement_timestamp,bike_activity_measurement_lon,bike_activity_measurement_lat,bike_activity_measurement_speed,bike_activity_measurement_accelerometer_x,bike_activity_measurement_accelerometer_y,bike_activity_measurement_accelerometer_z,bike_activity_phone_position,bike_activity_bike_type,bike_activity_flagged_lab_conditions,bike_activity_surface_type,bike_activity_smoothness_type
521f7052-88c1-49eb-a1e8-99f60b6f9e02,f0920826-4810-454d-98cb-ce45cfd4b2e8,1c98fb6b-5c4d-4dbe-bcf0-c14c5535ef04,1627365666564,13.4155465,52.4807896,5.001371,-0.61925375,1.2851968,-0.8995347,on bike mount,cyclo cross,False,asphalt,excellent
521f7052-88c1-49eb-a1e8-99f60b6f9e02,f0920826-4810-454d-98cb-ce45cfd4b2e8,b76ad4c5-1318-41b3-841c-659976c0901a,1627365666614,13.4155465,52.4807896,5.001371,0.30728212,0.43861198,-1.9586139,on bike mount,cyclo cross,False,asphalt,excellent
521f7052-88c1-49eb-a1e8-99f60b6f9e02,f0920826-4810-454d-98cb-ce45cfd4b2e8,d0a13352-14b2-4ab8-89f8-db1bb5d091f0,1627365666664,13.4155465,52.4807896,5.001371,0.0538491,1.8858948,-1.7977953,on bike mount,cyclo cross,False,asphalt,excellent
521f7052-88c1-49eb-a1e8-99f60b6f9e02,f0920826-4810-454d-98cb-ce45cfd4b2e8,258799d9-9a24-4111-86ac-951d47232633,1627365666715,13.4155465,52.4807896,5.001371,0.10357162,-3.1239104,5.630927,on bike mount,cyclo cross,False,asphalt,excellent
521f7052-88c1-49eb-a1e8-99f60b6f9e02,f0920826-4810-454d-98cb-ce45cfd4b2e8,d1a0f6d9-957c-4728-becf-0f7bd3e16e0f,1627365666765,13.4155465,52.4807896,5.001371,-0.2411028,0.2734928,-1.5499067,on bike mount,cyclo cross,False,asphalt,excellent
521f7052-88c1-49eb-a1e8-99f60b6f9e02,f0920826-4810-454d-98cb-ce45cfd4b2e8,21b1a1fb-43ea-4b59-a120-4db81f9f9e8d,1627365666815,13.4155465,52.4807896,5.001371,-0.6017299,-6.59888,13.497643,on bike mount,cyclo cross,False,asphalt,excellent
521f7052-88c1-49eb-a1e8-99f60b6f9e02,f0920826-4810-454d-98cb-ce45cfd4b2e8,21ea625c-219e-456e-b337-ce49dfba223c,1627365666865,13.4155465,52.4807896,5.001371,2.2915926,-7.5122766,2.0339546,on bike mount,cyclo cross,False,asphalt,excellent
521f7052-88c1-49eb-a1e8-99f60b6f9e02,f0920826-4810-454d-98cb-ce45cfd4b2e8,5978be16-a733-40cf-9149-46f6a6c9c666,1627365666915,13.4155465,52.4807896,5.001371,-0.41727585,3.2199578,-0.09900665,on bike mount,cyclo cross,False,asphalt,excellent
521f7052-88c1-49eb-a1e8-99f60b6f9e02,f0920826-4810-454d-98cb-ce45cfd4b2e8,ebbd8462-2827-43d5-b3f3-5e7b0c2f1eca,1627365666965,13.4155465,52.4807896,5.001371,-2.066586,-2.098277,2.6882992,on bike mount,cyclo cross,False,asphalt,excellent
521f7052-88c1-49eb-a1e8-99f60b6f9e02,f0920826-4810-454d-98cb-ce45cfd4b2e8,85c7beab-dbe9-4344-a4c8-f56ea9b7ce59,1627365667015,13.4155465,52.4807896,5.001371,-2.4224057,1.1517739,2.3849783,on bike mount,cyclo cross,False,asphalt,excellent
521f7052-88c1-49eb-a1e8-99f60b6f9e02,f0920826-4810-454d-98cb-ce45cfd4b2e8,8f18a6d9-aa70-49db-8ddb-19101450d57a,1627365667065,13.4155465,52.4807896,5.001371,-2.410336,0.03830695,-2.8140993,on bike mount,cyclo cross,False,asphalt,excellent
521f7052-88c1-49eb-a1e8-99f60b6f9e02,f0920826-4810-454d-98cb-ce45cfd4b2e8,c13fc573-254e-4670-9c2f-67fea2dae2dd,1627365667116,13.4154742,52.4807996,5.1894774,-3.5392826,-1.8614572,5.5823,on bike mount,cyclo cross,False,asphalt,excellent
521f7052-88c1-49eb-a1e8-99f60b6f9e02,f0920826-4810-454d-98cb-ce45cfd4b2e8,b9b493c1-9a6a-4ff9-81c3-c7546c76ec55,1627365667166,13.4154742,52.4807996,5.1894774,-2.9205484,0.9336722,-0.67546844,on bike mount,cyclo cross,False,asphalt,excellent
521f7052-88c1-49eb-a1e8-99f60b6f9e02,f0920826-4810-454d-98cb-ce45cfd4b2e8,02fee436-581e-4146-9f04-a21bf3008352,1627365667216,13.4154742,52.4807996,5.1894774,0.1899116,3.2192106,5.1822186,on bike mount,cyclo cross,False,asphalt,excellent
521f7052-88c1-49eb-a1e8-99f60b6f9e02,f0920826-4810-454d-98cb-ce45cfd4b2e8,6b66f9d5-7dc0-437e-a549-472217114cb1,1627365667266,13.4154742,52.4807996,5.1894774,-2.3627808,-3.1509068,1.0687122,on bike mount,cyclo cross,False,asphalt,excellent
521f7052-88c1-49eb-a1e8-99f60b6f9e02,f0920826-4810-454d-98cb-ce45cfd4b2e8,d3b78f79-013a-49f6-a032-d5c06674673a,1627365667316,13.4154742,52.4807996,5.1894774,0.48151088,2.6876202,-8.278126,on bike mount,cyclo cross,False,asphalt,excellent
521f7052-88c1-49eb-a1e8-99f60b6f9e02,f0920826-4810-454d-98cb-ce45cfd4b2e8,a6ad04c0-fd7b-4d31-b9fd-d6226b07a4d0,1627365667366,13.4154742,52.4807996,5.1894774,-0.7538665,2.4905386,-1.3006787,on bike mount,cyclo cross,False,asphalt,excellent
521f7052-88c1-49eb-a1e8-99f60b6f9e02,f0920826-4810-454d-98cb-ce45cfd4b2e8,66c17762-e4d7-4cde-bba0-ce1a3f202010,1627365667416,13.4154742,52.4807996,5.1894774,-2.1333475,-1.9721959,2.2836561,on bike mount,cyclo cross,False,asphalt,excellent
521f7052-88c1-49eb-a1e8-99f60b6f9e02,f0920826-4810-454d-98cb-ce45cfd4b2e8,9056b9df-41c7-41da-8709-e9e174378320,1627365667466,13.4154742,52.4807996,5.1894774,0.25504553,-1.2538974,1.453022,on bike mount,cyclo cross,False,asphalt,excellent
521f7052-88c1-49eb-a1e8-99f60b6f9e02,f0920826-4810-454d-98cb-ce45cfd4b2e8,aa3be46e-1a99-4673-8203-a1b2fa34bcdf,1627365667516,13.4154742,52.4807996,5.1894774,-1.1719645,2.3740954,0.15501595,on bike mount,cyclo cross,False,asphalt,excellent
521f7052-88c1-49eb-a1e8-99f60b6f9e02,f0920826-4810-454d-98cb-ce45cfd4b2e8,43708351-2579-4cf5-bd33-04685879cc03,1627365667566,13.4154742,52.4807996,5.1894774,-0.13872755,-0.8299861,1.4758663,on bike mount,cyclo cross,False,asphalt,excellent
521f7052-88c1-49eb-a1e8-99f60b6f9e02,f0920826-4810-454d-98cb-ce45cfd4b2e8,d6069805-57b8-460c-b80e-e314233d5838,1627365667616,13.4154742,52.4807996,5.1894774,0.6668476,-0.8984935,4.606188,on bike mount,cyclo cross,False,asphalt,excellent
521f7052-88c1-49eb-a1e8-99f60b6f9e02,f0920826-4810-454d-98cb-ce45cfd4b2e8,b8bc748e-4243-4d17-851d-dc1906ec1825,1627365667666,13.4154742,52.4807996,5.1894774,0.818297,-1.0325708,-2.1020093,on bike mount,cyclo cross,False,asphalt,excellent
521f7052-88c1-49eb-a1e8-99f60b6f9e02,f0920826-4810-454d-98cb-ce45cfd4b2e8,385c76d2-9b83-41ac-9258-360b4856970c,1627365667716,13.4154742,52.4807996,5.1894774,1.6376108,-1.1336143,-1.2722449,on bike mount,cyclo cross,False,asphalt,excellent
521f7052-88c1-49eb-a1e8-99f60b6f9e02,f0920826-4810-454d-98cb-ce45cfd4b2e8,24e40c9c-e769-4dab-8e1b-c1de5f017eea,1627365667767,13.4154742,52.4807996,5.1894774,-0.080443665,-0.15244174,-5.9892282,on bike mount,cyclo cross,False,asphalt,excellent
521f7052-88c1-49eb-a1e8-99f60b6f9e02,f0920826-4810-454d-98cb-ce45cfd4b2e8,c2db9ef1-bdd1-4a15-93ca-f0e09e144a59,1627365667817,13.4154742,52.4807996,5.1894774,2.8168743,-5.9556227,1.1866922,on bike mount,cyclo cross,False,asphalt,excellent
521f7052-88c1-49eb-a1e8-99f60b6f9e02,f0920826-4810-454d-98cb-ce45cfd4b2e8,bed2aac1-dc66-49b7-b237-d2161793fa09,1627365667868,13.4154742,52.4807996,5.1894774,-1.437401,0.8691306,6.616584,on bike mount,cyclo cross,False,asphalt,excellent
521f7052-88c1-49eb-a1e8-99f60b6f9e02,f0920826-4810-454d-98cb-ce45cfd4b2e8,2771d528-c79b-46ca-83b3-70d3ae6dbc6d,1627365667918,13.4154742,52.4807996,5.1894774,1.0612514,0.13284421,-5.991722,on bike mount,cyclo cross,False,asphalt,excellent
521f7052-88c1-49eb-a1e8-99f60b6f9e02,f0920826-4810-454d-98cb-ce45cfd4b2e8,294b72c3-d642-4d92-b5ec-f8be4dd3d244,1627365667968,13.4154742,52.4807996,5.1894774,0.5309,-0.1329441,7.035837,on bike mount,cyclo cross,False,asphalt,excellent
521f7052-88c1-49eb-a1e8-99f60b6f9e02,f0920826-4810-454d-98cb-ce45cfd4b2e8,6a35f1c8-e669-470c-aadf-5bdad5239e25,1627365668035,13.4154742,52.4807996,5.1894774,0.78860676,2.0468044,2.240981,on bike mount,cyclo cross,False,asphalt,excellent
521f7052-88c1-49eb-a1e8-99f60b6f9e02,f0920826-4810-454d-98cb-ce45cfd4b2e8,29ec5a77-0cb6-43e1-9cf6-16348c3b7da3,1627365668085,13.4153951,52.4808125,5.8133173,1.3297133,7.1090555,-7.402136,on bike mount,cyclo cross,False,asphalt,excellent
521f7052-88c1-49eb-a1e8-99f60b6f9e02,f0920826-4810-454d-98cb-ce45cfd4b2e8,c03ff30f-ece5-4ea6-a41f-542d0123b77c,1627365668136,13.4153951,52.4808125,5.8133173,-3.7126818,2.809023,9.388027,on bike mount,cyclo cross,False,asphalt,excellent
521f7052-88c1-49eb-a1e8-99f60b6f9e02,f0920826-4810-454d-98cb-ce45cfd4b2e8,5a746ae2-da57-4a0b-84bd-eb695a4dd89b,1627365668186,13.4153951,52.4808125,5.8133173,-8.884991,-12.151522,-3.4005108,on bike mount,cyclo cross,False,asphalt,excellent
521f7052-88c1-49eb-a1e8-99f60b6f9e02,f0920826-4810-454d-98cb-ce45cfd4b2e8,55037649-7750-477a-97a8-a08251bba833,1627365668236,13.4153951,52.4808125,5.8133173,0.66011673,6.638566,-1.1872845,on bike mount,cyclo cross,False,asphalt,excellent
521f7052-88c1-49eb-a1e8-99f60b6f9e02,f0920826-4810-454d-98cb-ce45cfd4b2e8,f1dcd503-2dab-41c5-8f08-47c4406191fd,1627365668301,13.4153951,52.4808125,5.8133173,-0.8064284,2.3629212,-0.6626806,on bike mount,cyclo cross,False,asphalt,excellent
521f7052-88c1-49eb-a1e8-99f60b6f9e02,f0920826-4810-454d-98cb-ce45cfd4b2e8,8e240bfd-e0fd-4aab-b741-9b3dc5465162,1627365668351,13.4153951,52.4808125,5.8133173,4.0497074,-3.4191954,-1.4183154,on bike mount,cyclo cross,False,asphalt,excellent
521f7052-88c1-49eb-a1e8-99f60b6f9e02,f0920826-4810-454d-98cb-ce45cfd4b2e8,8fabda76-1e54-40c7-9664-d377fe40daa8,1627365668401,13.4153951,52.4808125,5.8133173,1.3111789,-3.3967187,-0.7588959,on bike mount,cyclo cross,False,asphalt,excellent
521f7052-88c1-49eb-a1e8-99f60b6f9e02,f0920826-4810-454d-98cb-ce45cfd4b2e8,e6ecd59f-f411-4e1b-87ad-bd9422e0483d,1627365668451,13.4153951,52.4808125,5.8133173,-0.53098625,-1.1847703,1.2404118,on bike mount,cyclo cross,False,asphalt,excellent
521f7052-88c1-49eb-a1e8-99f60b6f9e02,f0920826-4810-454d-98cb-ce45cfd4b2e8,0af3ab13-6c6e-4d49-9518-cb78204a37a2,1627365668502,13.4153951,52.4808125,5.8133173,1.2160269,0.6357703,0.9136877,on bike mount,cyclo cross,False,asphalt,excellent
521f7052-88c1-49eb-a1e8-99f60b6f9e02,f0920826-4810-454d-98cb-ce45cfd4b2e8,fd353e6d-799e-4d00-91fd-a75568d4f2f6,1627365668552,13.4153951,52.4808125,5.8133173,0.20835029,0.407928,0.7473297,on bike mount,cyclo cross,False,asphalt,excellent
521f7052-88c1-49eb-a1e8-99f60b6f9e02,f0920826-4810-454d-98cb-ce45cfd4b2e8,106540ad-720d-4138-9073-2958152a2d58,1627365668602,13.4153951,52.4808125,5.8133173,0.54383636,1.3665724,1.0390444,on bike mount,cyclo cross,False,asphalt,excellent
521f7052-88c1-49eb-a1e8-99f60b6f9e02,f0920826-4810-454d-98cb-ce45cfd4b2e8,3ef93bdc-ffdd-4f74-9ce2-5fcd5f0ef731,1627365668652,13.4153951,52.4808125,5.8133173,-0.9479254,0.11317682,-1.4311924,on bike mount,cyclo cross,False,asphalt,excellent
521f7052-88c1-49eb-a1e8-99f60b6f9e02,f0920826-4810-454d-98cb-ce45cfd4b2e8,358963f3-05bc-4619-b74a-f098f449ff9a,1627365668703,13.4153951,52.4808125,5.8133173,0.30777034,-1.1627395,1.0740347,on bike mount,cyclo cross,False,asphalt,excellent
521f7052-88c1-49eb-a1e8-99f60b6f9e02,f0920826-4810-454d-98cb-ce45cfd4b2e8,ab341b9a-997f-4566-b3fd-9989483a4487,1627365668752,13.4153951,52.4808125,5.8133173,0.98370343,-0.9190943,-0.3014803,on bike mount,cyclo cross,False,asphalt,excellent
521f7052-88c1-49eb-a1e8-99f60b6f9e02,f0920826-4810-454d-98cb-ce45cfd4b2e8,a7813a48-c3cb-488f-9434-81899d88f359,1627365668818,13.4153951,52.4808125,5.8133173,-0.73251146,-2.3863025,1.0039034,on bike mount,cyclo cross,False,asphalt,excellent
521f7052-88c1-49eb-a1e8-99f60b6f9e02,f0920826-4810-454d-98cb-ce45cfd4b2e8,6405aec0-5233-4afd-b28a-b2b7b42c970f,1627365668868,13.4153951,52.4808125,5.8133173,-0.7994449,-0.46900392,-0.91461897,on bike mount,cyclo cross,False,asphalt,excellent
521f7052-88c1-49eb-a1e8-99f60b6f9e02,f0920826-4810-454d-98cb-ce45cfd4b2e8,b3b9c2ac-e1f4-4667-acf9-219ebd1610e8,1627365668918,13.4153951,52.4808125,5.8133173,-0.39356595,-1.4045699,0.95625114,on bike mount,cyclo cross,False,asphalt,excellent
521f7052-88c1-49eb-a1e8-99f60b6f9e02,f0920826-4810-454d-98cb-ce45cfd4b2e8,f0c4b535-d6f0-4f5c-a14f-9825dac7f60e,1627365668969,13.4153951,52.4808125,5.8133173,-0.48099095,-2.087992,1.2157688,on bike mount,cyclo cross,False,asphalt,excellent
521f7052-88c1-49eb-a1e8-99f60b6f9e02,f0920826-4810-454d-98cb-ce45cfd4b2e8,3a5e8fc9-2175-4fda-a95a-c7147f8d1862,1627365669018,13.4153951,52.4808125,5.8133173,-0.26221603,1.6146779,-1.3546505,on bike mount,cyclo cross,False,asphalt,excellent
521f7052-88c1-49eb-a1e8-99f60b6f9e02,f0920826-4810-454d-98cb-ce45cfd4b2e8,733ee4ec-fc00-46d8-9aad-56492b35d73e,1627365669087,13.4153951,52.4808125,5.8133173,2.162311,-0.17185569,-0.10098553,on bike mount,cyclo cross,False,asphalt,excellent
521f7052-88c1-49eb-a1e8-99f60b6f9e02,f0920826-4810-454d-98cb-ce45cfd4b2e8,fbe03f46-32a1-45dc-b505-d9903f299271,1627365669136,13.4153055,52.4808188,6.1798615,0.39178768,0.018411398,-1.4047079,on bike mount,cyclo cross,False,asphalt,excellent
521f7052-88c1-49eb-a1e8-99f60b6f9e02,f0920826-4810-454d-98cb-ce45cfd4b2e8,f810af00-cea2-45d6-a3a1-3e17aa6770fb,1627365669186,13.4153055,52.4808188,6.1798615,-1.0309505,-2.7856905,3.7244205,on bike mount,cyclo cross,False,asphalt,excellent
521f7052-88c1-49eb-a1e8-99f60b6f9e02,f0920826-4810-454d-98cb-ce45cfd4b2e8,186a9195-c655-4786-8aad-6a3d3776d15d,1627365669236,13.4153055,52.4808188,6.1798615,1.5190744,1.0803182,-0.14872456,on bike mount,cyclo cross,False,asphalt,excellent
521f7052-88c1-49eb-a1e8-99f60b6f9e02,f0920826-4810-454d-98cb-ce45cfd4b2e8,ba5263f8-4bd3-4b53-9b77-60b4e263ce58,1627365669287,13.4153055,52.4808188,6.1798615,-0.72049856,0.2667477,-0.3735857,on bike mount,cyclo cross,False,asphalt,excellent
521f7052-88c1-49eb-a1e8-99f60b6f9e02,f0920826-4810-454d-98cb-ce45cfd4b2e8,a4c62c3a-4744-4143-83fe-68b0ab38c6a7,1627365669351,13.4153055,52.4808188,6.1798615,1.7049012,0.34552288,-1.6562929,on bike mount,cyclo cross,False,asphalt,excellent
521f7052-88c1-49eb-a1e8-99f60b6f9e02,f0920826-4810-454d-98cb-ce45cfd4b2e8,6efcf9bd-edae-4090-9a76-130d26f6c436,1627365669401,13.4153055,52.4808188,6.1798615,-0.9618849,2.3265076,0.74092674,on bike mount,cyclo cross,False,asphalt,excellent
521f7052-88c1-49eb-a1e8-99f60b6f9e02,f0920826-4810-454d-98cb-ce45cfd4b2e8,62b567ce-f2e6-4fa2-be5e-6875b18eb1f6,1627365669451,13.4153055,52.4808188,6.1798615,-0.3334287,0.010432243,-0.070139885,on bike mount,cyclo cross,False,asphalt,excellent
521f7052-88c1-49eb-a1e8-99f60b6f9e02,f0920826-4810-454d-98cb-ce45cfd4b2e8,b968d37f-5d6e-46d1-8f37-148dba50d41a,1627365669501,13.4153055,52.4808188,6.1798615,-0.6670016,-1.7326308,-0.8236418,on bike mount,cyclo cross,False,asphalt,excellent
521f7052-88c1-49eb-a1e8-99f60b6f9e02,f0920826-4810-454d-98cb-ce45cfd4b2e8,ea8e7278-4336-41db-81b2-146d83dba241,1627365669551,13.4153055,52.4808188,6.1798615,-1.2263232,-0.44929838,-0.982718,on bike mount,cyclo cross,False,asphalt,excellent
521f7052-88c1-49eb-a1e8-99f60b6f9e02,f0920826-4810-454d-98cb-ce45cfd4b2e8,3b2cdb9a-defc-4e0b-addc-90488451861e,1627365669601,13.4153055,52.4808188,6.1798615,-1.8366505,-0.95756316,-0.15054417,on bike mount,cyclo cross,False,asphalt,excellent
521f7052-88c1-49eb-a1e8-99f60b6f9e02,f0920826-4810-454d-98cb-ce45cfd4b2e8,9b9df71b-6452-41f4-a052-cc0674980f71,1627365669651,13.4153055,52.4808188,6.1798615,-0.96321714,-0.3957727,1.5034218,on bike mount,cyclo cross,False,asphalt,excellent
521f7052-88c1-49eb-a1e8-99f60b6f9e02,f0920826-4810-454d-98cb-ce45cfd4b2e8,93cd8634-5f30-4a7d-9314-de436d0d2091,1627365669701,13.4153055,52.4808188,6.1798615,-1.1472458,-1.0557542,-0.70798826,on bike mount,cyclo cross,False,asphalt,excellent
521f7052-88c1-49eb-a1e8-99f60b6f9e02,f0920826-4810-454d-98cb-ce45cfd4b2e8,344d605c-ba26-47a8-a173-7cee01038719,1627365669751,13.4153055,52.4808188,6.1798615,-1.2825688,0.8481684,0.31518555,on bike mount,cyclo cross,False,asphalt,excellent
521f7052-88c1-49eb-a1e8-99f60b6f9e02,f0920826-4810-454d-98cb-ce45cfd4b2e8,7b6e43f9-da01-4ba6-b01d-2d44f4e07fb1,1627365669801,13.4153055,52.4808188,6.1798615,0.6128479,-0.299726,3.309679,on bike mount,cyclo cross,False,asphalt,excellent
521f7052-88c1-49eb-a1e8-99f60b6f9e02,f0920826-4810-454d-98cb-ce45cfd4b2e8,a11c3090-1fd5-4c73-84d7-0ad03b57122e,1627365669852,13.4153055,52.4808188,6.1798615,-1.2808826,-0.067261934,-1.2779431,on bike mount,cyclo cross,False,asphalt,excellent
521f7052-88c1-49eb-a1e8-99f60b6f9e02,f0920826-4810-454d-98cb-ce45cfd4b2e8,671bdb06-a588-48ea-bc68-d9eb78f207da,1627365669902,13.4153055,52.4808188,6.1798615,-0.1423817,-0.14537263,1.0553999,on bike mount,cyclo cross,False,asphalt,excellent
521f7052-88c1-49eb-a1e8-99f60b6f9e02,f0920826-4810-454d-98cb-ce45cfd4b2e8,6a212d29-0af0-4ef2-a190-bb009ae69809,1627365669952,13.4153055,52.4808188,6.1798615,-0.49407503,0.43954515,1.0808563,on bike mount,cyclo cross,False,asphalt,excellent
521f7052-88c1-49eb-a1e8-99f60b6f9e02,f0920826-4810-454d-98cb-ce45cfd4b2e8,835d3629-87de-4836-957d-f1834effad8f,1627365670002,13.4153055,52.4808188,6.1798615,-1.0315909,-1.9472551,3.4445,on bike mount,cyclo cross,False,asphalt,excellent
521f7052-88c1-49eb-a1e8-99f60b6f9e02,f0920826-4810-454d-98cb-ce45cfd4b2e8,a3c4d90d-1a0e-4fc0-8d0f-887ca84063b6,1627365670052,13.4153055,52.4808188,6.1798615,2.6139517,-1.2900264,-0.91927147,on bike mount,cyclo cross,False,asphalt,excellent
521f7052-88c1-49eb-a1e8-99f60b6f9e02,f0920826-4810-454d-98cb-ce45cfd4b2e8,ef2600a2-f8c8-4786-be69-d5f99e99320a,1627365670102,13.4152136,52.4808318,6.62222,1.1034698,-0.2813983,0.14436531,on bike mount,cyclo cross,False,asphalt,excellent
521f7052-88c1-49eb-a1e8-99f60b6f9e02,f0920826-4810-454d-98cb-ce45cfd4b2e8,7953aa6b-fd5a-4bac-86c8-3d1e8e7c2a39,1627365670152,13.4152136,52.4808318,6.62222,-0.5219528,-1.2541122,1.4969006,on bike mount,cyclo cross,False,asphalt,excellent
521f7052-88c1-49eb-a1e8-99f60b6f9e02,f0920826-4810-454d-98cb-ce45cfd4b2e8,2e7bb887-fe58-48be-b09d-d57f405a434f,1627365670202,13.4152136,52.4808318,6.62222,-0.4165408,0.5740545,0.50635624,on bike mount,cyclo cross,False,asphalt,excellent
521f7052-88c1-49eb-a1e8-99f60b6f9e02,f0920826-4810-454d-98cb-ce45cfd4b2e8,a494b155-3f15-4ed7-97f5-005962b2ffb2,1627365670252,13.4152136,52.4808318,6.62222,-0.17990488,1.6743665,1.3720579,on bike mount,cyclo cross,False,asphalt,excellent
521f7052-88c1-49eb-a1e8-99f60b6f9e02,f0920826-4810-454d-98cb-ce45cfd4b2e8,3ac16dfd-adae-4056-b176-a44fecc5ed1c,1627365670303,13.4152136,52.4808318,6.62222,-1.5034895,-1.3523437,0.4737358,on bike mount,cyclo cross,False,asphalt,excellent
521f7052-88c1-49eb-a1e8-99f60b6f9e02,f0920826-4810-454d-98cb-ce45cfd4b2e8,8b231a0b-6696-4d1f-be8c-8c3deb35d1a3,1627365670353,13.4152136,52.4808318,6.62222,-1.4108392,0.6606786,2.1673841,on bike mount,cyclo cross,False,asphalt,excellent
521f7052-88c1-49eb-a1e8-99f60b6f9e02,f0920826-4810-454d-98cb-ce45cfd4b2e8,1477d7c5-3ab9-4ddb-8145-39737365511d,1627365670403,13.4152136,52.4808318,6.62222,0.46440333,-0.4448452,1.7879791,on bike mount,cyclo cross,False,asphalt,excellent
521f7052-88c1-49eb-a1e8-99f60b6f9e02,f0920826-4810-454d-98cb-ce45cfd4b2e8,8b5102be-7db9-4b41-a022-bda620105327,1627365670453,13.4152136,52.4808318,6.62222,0.13870439,0.95544887,0.32296658,on bike mount,cyclo cross,False,asphalt,excellent
521f7052-88c1-49eb-a1e8-99f60b6f9e02,f0920826-4810-454d-98cb-ce45cfd4b2e8,ad63f8ad-470c-4631-8e88-3fffe6d2945d,1627365670503,13.4152136,52.4808318,6.62222,-2.4390404,-0.6283393,0.38776875,on bike mount,cyclo cross,False,asphalt,excellent
521f7052-88c1-49eb-a1e8-99f60b6f9e02,f0920826-4810-454d-98cb-ce45cfd4b2e8,f1cbf152-3e03-45ff-9dcb-1f6f8771aa2e,1627365670555,13.4152136,52.4808318,6.62222,-0.9433594,0.4647851,-1.851902,on bike mount,cyclo cross,False,asphalt,excellent
521f7052-88c1-49eb-a1e8-99f60b6f9e02,f0920826-4810-454d-98cb-ce45cfd4b2e8,3b7a33d6-cdd5-4a99-b26c-9c3deadd6666,1627365670604,13.4152136,52.4808318,6.62222,0.40551972,-0.8255012,2.7489605,on bike mount,cyclo cross,False,asphalt,excellent
521f7052-88c1-49eb-a1e8-99f60b6f9e02,f0920826-4810-454d-98cb-ce45cfd4b2e8,c5621497-3387-4a32-8c70-3172c5b7433c,1627365670654,13.4152136,52.4808318,6.62222,-0.8897052,0.8441453,-1.1816435,on bike mount,cyclo cross,False,asphalt,excellent
521f7052-88c1-49eb-a1e8-99f60b6f9e02,f0920826-4810-454d-98cb-ce45cfd4b2e8,4f181a2d-bf4a-4555-a220-fb17fa6b86c6,1627365670704,13.4152136,52.4808318,6.62222,1.623607,-0.48603892,-2.3518777,on bike mount,cyclo cross,False,asphalt,excellent
521f7052-88c1-49eb-a1e8-99f60b6f9e02,f0920826-4810-454d-98cb-ce45cfd4b2e8,8c32f9cb-7f62-4325-b326-48eeb50c0789,1627365670754,13.4152136,52.4808318,6.62222,1.0372894,0.4508376,-0.18097687,on bike mount,cyclo cross,False,asphalt,excellent
521f7052-88c1-49eb-a1e8-99f60b6f9e02,f0920826-4810-454d-98cb-ce45cfd4b2e8,3d0dd1ba-13c4-467d-850a-bfe892c61e5d,1627365670836,13.4152136,52.4808318,6.62222,0.55954826,0.82381773,-4.254494,on bike mount,cyclo cross,False,asphalt,excellent
521f7052-88c1-49eb-a1e8-99f60b6f9e02,f0920826-4810-454d-98cb-ce45cfd4b2e8,5d2097e7-c6e8-47ac-ba17-931be7aac69d,1627365670885,13.4152136,52.4808318,6.62222,0.30564034,3.0700812,0.059676647,on bike mount,cyclo cross,False,asphalt,excellent
521f7052-88c1-49eb-a1e8-99f60b6f9e02,f0920826-4810-454d-98cb-ce45cfd4b2e8,5306bc27-1e9b-4647-b820-4e0afcbbf877,1627365670936,13.4152136,52.4808318,6.62222,-1.5529169,-1.260221,-0.39197254,on bike mount,cyclo cross,False,asphalt,excellent
521f7052-88c1-49eb-a1e8-99f60b6f9e02,f0920826-4810-454d-98cb-ce45cfd4b2e8,66dd7b7f-28ba-469b-9ab8-93abff872588,1627365670986,13.4152136,52.4808318,6.62222,-1.306539,0.29924226,-0.52234745,on bike mount,cyclo cross,False,asphalt,excellent
521f7052-88c1-49eb-a1e8-99f60b6f9e02,f0920826-4810-454d-98cb-ce45cfd4b2e8,974edb8e-7c8d-4da9-b6aa-37fc3ab803f4,1627365671036,13.4152136,52.4808318,6.62222,0.36480772,1.323564,1.5820627,on bike mount,cyclo cross,False,asphalt,excellent
521f7052-88c1-49eb-a1e8-99f60b6f9e02,f0920826-4810-454d-98cb-ce45cfd4b2e8,1b4c6ddb-1877-489a-97b1-f1c9996af349,1627365671085,13.4151205,52.4808495,6.6524568,-0.78128046,1.3424163,-3.0289688,on bike mount,cyclo cross,False,asphalt,excellent
521f7052-88c1-49eb-a1e8-99f60b6f9e02,f0920826-4810-454d-98cb-ce45cfd4b2e8,3203f8cd-af25-40e7-a279-2daf1389ebf1,1627365671135,13.4151205,52.4808495,6.6524568,0.8258282,-3.6048062,0.41571808,on bike mount,cyclo cross,False,asphalt,excellent
521f7052-88c1-49eb-a1e8-99f60b6f9e02,f0920826-4810-454d-98cb-ce45cfd4b2e8,73f3c555-c3ea-44ed-9b4e-748d259cba94,1627365671185,13.4151205,52.4808495,6.6524568,1.0260651,-2.4963396,0.009217262,on bike mount,cyclo cross,False,asphalt,excellent
521f7052-88c1-49eb-a1e8-99f60b6f9e02,f0920826-4810-454d-98cb-ce45cfd4b2e8,60e78225-4a3d-45fc-8811-9778f15e6f6c,1627365671241,13.4151205,52.4808495,6.6524568,-1.686812,0.37731624,1.126173,on bike mount,cyclo cross,False,asphalt,excellent
521f7052-88c1-49eb-a1e8-99f60b6f9e02,f0920826-4810-454d-98cb-ce45cfd4b2e8,bbca5084-2ebf-4726-b9d2-4aab23d39779,1627365671291,13.4151205,52.4808495,6.6524568,-1.5615771,0.86535954,0.56069565,on bike mount,cyclo cross,False,asphalt,excellent
521f7052-88c1-49eb-a1e8-99f60b6f9e02,f0920826-4810-454d-98cb-ce45cfd4b2e8,e53d1dab-6820-4599-bc34-fb774f9d2a66,1627365671341,13.4151205,52.4808495,6.6524568,-1.5432441,-1.9577466,-1.2780752,on bike mount,cyclo cross,False,asphalt,excellent
521f7052-88c1-49eb-a1e8-99f60b6f9e02,f0920826-4810-454d-98cb-ce45cfd4b2e8,1dcd3395-0f7d-468a-a51d-6e634e8c3fd0,1627365671391,13.4151205,52.4808495,6.6524568,-0.84673774,-0.80636454,0.66192436,on bike mount,cyclo cross,False,asphalt,excellent
521f7052-88c1-49eb-a1e8-99f60b6f9e02,f0920826-4810-454d-98cb-ce45cfd4b2e8,68e9ecd8-61cd-4c0e-bc4a-89575e1fcf84,1627365671441,13.4151205,52.4808495,6.6524568,-1.8681552,0.54455185,-0.8235655,on bike mount,cyclo cross,False,asphalt,excellent
521f7052-88c1-49eb-a1e8-99f60b6f9e02,f0920826-4810-454d-98cb-ce45cfd4b2e8,6a26060d-347f-4a05-8d09-66074ee0a74f,1627365671491,13.4151205,52.4808495,6.6524568,0.3072546,-1.986424,1.1673193,on bike mount,cyclo cross,False,asphalt,excellent
521f7052-88c1-49eb-a1e8-99f60b6f9e02,f0920826-4810-454d-98cb-ce45cfd4b2e8,40889047-cb93-4970-a19e-ab0bc4e24d87,1627365671540,13.4151205,52.4808495,6.6524568,0.206909,0.93720436,-1.0066276,on bike mount,cyclo cross,False,asphalt,excellent
521f7052-88c1-49eb-a1e8-99f60b6f9e02,f0920826-4810-454d-98cb-ce45cfd4b2e8,4cd03011-d00c-44eb-84e3-6e2be08012ab,1627365671590,13.4151205,52.4808495,6.6524568,-2.5930994,-2.5431745,0.04219532,on bike mount,cyclo cross,False,asphalt,excellent
521f7052-88c1-49eb-a1e8-99f60b6f9e02,f0920826-4810-454d-98cb-ce45cfd4b2e8,eeb227fa-6745-41f5-8ef4-2fa7856e032d,1627365671640,13.4151205,52.4808495,6.6524568,0.0055893064,1.1036782,-0.30782604,on bike mount,cyclo cross,False,asphalt,excellent
521f7052-88c1-49eb-a1e8-99f60b6f9e02,8ae45e1c-e14b-46ee-9463-8c09d8afcf60,3d0a0db8-374e-4a1b-8487-452475fa3f65,1627365670791,13.4152136,52.4808318,6.62222,-0.7977148,2.8231359,0.26941013,on bike mount,cyclo cross,False,asphalt,excellent
521f7052-88c1-49eb-a1e8-99f60b6f9e02,8ae45e1c-e14b-46ee-9463-8c09d8afcf60,e1b557f8-fafd-4090-a9bd-3496ec529d2e,1627365670841,13.4152136,52.4808318,6.62222,0.09718245,-0.7408507,-0.69271564,on bike mount,cyclo cross,False,asphalt,excellent
521f7052-88c1-49eb-a1e8-99f60b6f9e02,8ae45e1c-e14b-46ee-9463-8c09d8afcf60,21dff579-6137-478d-92f8-d810f6e6b658,1627365670891,13.4152136,52.4808318,6.62222,0.3254962,2.668479,-3.978566,on bike mount,cyclo cross,False,asphalt,excellent
521f7052-88c1-49eb-a1e8-99f60b6f9e02,8ae45e1c-e14b-46ee-9463-8c09d8afcf60,667f096d-3ca5-40b2-af77-69e11f24d31f,1627365670941,13.4152136,52.4808318,6.62222,-1.2774634,-0.50333214,-0.4452114,on bike mount,cyclo cross,False,asphalt,excellent
521f7052-88c1-49eb-a1e8-99f60b6f9e02,8ae45e1c-e14b-46ee-9463-8c09d8afcf60,2817ea00-35b9-44b1-bf05-9d2a550a738f,1627365670991,13.4152136,52.4808318,6.62222,-1.3508055,-0.4972806,0.54552364,on bike mount,cyclo cross,False,asphalt,excellent
521f7052-88c1-49eb-a1e8-99f60b6f9e02,8ae45e1c-e14b-46ee-9463-8c09d8afcf60,e766a16e-af70-4b9b-916e-2bced1998300,1627365671041,13.4152136,52.4808318,6.62222,-0.8518319,-1.5134516,-0.29902935,on bike mount,cyclo cross,False,asphalt,excellent
521f7052-88c1-49eb-a1e8-99f60b6f9e02,8ae45e1c-e14b-46ee-9463-8c09d8afcf60,2db55794-a6fc-420b-85bc-4b9fd6c6575e,1627365671091,13.4151205,52.4808495,6.6524568,-0.7463029,0.47393203,2.4358006,on bike mount,cyclo cross,False,asphalt,excellent
521f7052-88c1-49eb-a1e8-99f60b6f9e02,8ae45e1c-e14b-46ee-9463-8c09d8afcf60,52248bcd-0a3d-4cea-bbcf-baaa401fdad7,1627365671141,13.4151205,52.4808495,6.6524568,-0.9395726,-3.4024932,2.1722708,on bike mount,cyclo cross,False,asphalt,excellent
521f7052-88c1-49eb-a1e8-99f60b6f9e02,8ae45e1c-e14b-46ee-9463-8c09d8afcf60,0838e470-ad6f-48bc-a074-845f610b6107,1627365671191,13.4151205,52.4808495,6.6524568,0.016295135,0.39893985,0.80096626,on bike mount,cyclo cross,False,asphalt,excellent
521f7052-88c1-49eb-a1e8-99f60b6f9e02,8ae45e1c-e14b-46ee-9463-8c09d8afcf60,be5041d7-bc00-4f74-ad8b-d34df16f2631,1627365671242,13.4151205,52.4808495,6.6524568,-1.686812,0.37731624,1.126173,on bike mount,cyclo cross,False,asphalt,excellent
521f7052-88c1-49eb-a1e8-99f60b6f9e02,8ae45e1c-e14b-46ee-9463-8c09d8afcf60,f4774e4e-d90f-4334-97f9-60d4986fc40c,1627365671292,13.4151205,52.4808495,6.6524568,-1.5615771,0.86535954,0.56069565,on bike mount,cyclo cross,False,asphalt,excellent
521f7052-88c1-49eb-a1e8-99f60b6f9e02,8ae45e1c-e14b-46ee-9463-8c09d8afcf60,36ed62ee-5079-4c48-be75-31723e53b350,1627365671342,13.4151205,52.4808495,6.6524568,-1.5432441,-1.9577466,-1.2780752,on bike mount,cyclo cross,False,asphalt,excellent
521f7052-88c1-49eb-a1e8-99f60b6f9e02,8ae45e1c-e14b-46ee-9463-8c09d8afcf60,698e68d8-8931-474f-9b80-918188461cf1,1627365671392,13.4151205,52.4808495,6.6524568,-0.84673774,-0.80636454,0.66192436,on bike mount,cyclo cross,False,asphalt,excellent
521f7052-88c1-49eb-a1e8-99f60b6f9e02,8ae45e1c-e14b-46ee-9463-8c09d8afcf60,cf4889d4-3786-4bf8-84cd-1f7fa1c64941,1627365671442,13.4151205,52.4808495,6.6524568,-1.8681552,0.54455185,-0.8235655,on bike mount,cyclo cross,False,asphalt,excellent
521f7052-88c1-49eb-a1e8-99f60b6f9e02,8ae45e1c-e14b-46ee-9463-8c09d8afcf60,911a84a3-b399-42c8-b165-bc391270f37d,1627365671491,13.4151205,52.4808495,6.6524568,0.3072546,-1.986424,1.1673193,on bike mount,cyclo cross,False,asphalt,excellent
521f7052-88c1-49eb-a1e8-99f60b6f9e02,8ae45e1c-e14b-46ee-9463-8c09d8afcf60,cbb1d4bc-c2d6-40da-8332-bc082c3da32c,1627365671541,13.4151205,52.4808495,6.6524568,-0.9282483,0.49296808,-1.3773427,on bike mount,cyclo cross,False,asphalt,excellent
521f7052-88c1-49eb-a1e8-99f60b6f9e02,8ae45e1c-e14b-46ee-9463-8c09d8afcf60,22746936-1c8d-4808-8060-8b72000a00a7,1627365671591,13.4151205,52.4808495,6.6524568,-2.4491322,0.43184495,-1.0715175,on bike mount,cyclo cross,False,asphalt,excellent
521f7052-88c1-49eb-a1e8-99f60b6f9e02,8ae45e1c-e14b-46ee-9463-8c09d8afcf60,4fa89a99-da18-4f1a-a4d0-334c0c4a8673,1627365671641,13.4151205,52.4808495,6.6524568,-0.65525055,1.0233083,2.0273104,on bike mount,cyclo cross,False,asphalt,excellent
521f7052-88c1-49eb-a1e8-99f60b6f9e02,8ae45e1c-e14b-46ee-9463-8c09d8afcf60,afd24163-3507-42d3-ad2c-94fc1f5106fe,1627365671691,13.4151205,52.4808495,6.6524568,0.6056609,-0.20830894,0.816926,on bike mount,cyclo cross,False,asphalt,excellent
521f7052-88c1-49eb-a1e8-99f60b6f9e02,8ae45e1c-e14b-46ee-9463-8c09d8afcf60,30aa8b7d-5a6d-4349-8ebc-5f961f024e99,1627365671741,13.4151205,52.4808495,6.6524568,-1.27381,0.67846155,1.7130461,on bike mount,cyclo cross,False,asphalt,excellent
521f7052-88c1-49eb-a1e8-99f60b6f9e02,8ae45e1c-e14b-46ee-9463-8c09d8afcf60,3ae721b7-5b81-4d17-b909-7d4c0a29fdaf,1627365671791,13.4151205,52.4808495,6.6524568,-1.3455454,0.26883674,-0.26088905,on bike mount,cyclo cross,False,asphalt,excellent
521f7052-88c1-49eb-a1e8-99f60b6f9e02,8ae45e1c-e14b-46ee-9463-8c09d8afcf60,7bc4e690-94be-4303-9279-9114e39fbccd,1627365671841,13.4151205,52.4808495,6.6524568,0.5770453,-2.269299,1.7667322,on bike mount,cyclo cross,False,asphalt,excellent
521f7052-88c1-49eb-a1e8-99f60b6f9e02,8ae45e1c-e14b-46ee-9463-8c09d8afcf60,cf0010e3-dbb6-43ce-8da4-7d239ac694f8,1627365671891,13.4151205,52.4808495,6.6524568,-1.030066,-0.51508284,-2.7872934,on bike mount,cyclo cross,False,asphalt,excellent
521f7052-88c1-49eb-a1e8-99f60b6f9e02,8ae45e1c-e14b-46ee-9463-8c09d8afcf60,3a3be5bf-25b8-45ff-b783-35b4f50f04ca,1627365671942,13.4151205,52.4808495,6.6524568,0.796124,-1.4506841,-1.0534449,on bike mount,cyclo cross,False,asphalt,excellent
521f7052-88c1-49eb-a1e8-99f60b6f9e02,8ae45e1c-e14b-46ee-9463-8c09d8afcf60,c61d5267-9327-47ac-8d01-2919df1ca86b,1627365671992,13.4151205,52.4808495,6.6524568,-0.3147239,-0.42777133,-1.3839464,on bike mount,cyclo cross,False,asphalt,excellent
521f7052-88c1-49eb-a1e8-99f60b6f9e02,8ae45e1c-e14b-46ee-9463-8c09d8afcf60,4ccaf39f-e909-432a-a0f4-f848cbbb1fa6,1627365672054,13.4151205,52.4808495,6.6524568,-0.687165,2.2671576,-0.8323908,on bike mount,cyclo cross,False,asphalt,excellent
521f7052-88c1-49eb-a1e8-99f60b6f9e02,8ae45e1c-e14b-46ee-9463-8c09d8afcf60,3345c6ac-53ec-4a82-b394-96187c1b40fa,1627365672104,13.4150489,52.4808777,5.9462852,0.61907005,-1.7387804,0.06070137,on bike mount,cyclo cross,False,asphalt,excellent
521f7052-88c1-49eb-a1e8-99f60b6f9e02,8ae45e1c-e14b-46ee-9463-8c09d8afcf60,3df0e4ed-87a7-49e7-bad6-5595905e1c4a,1627365672154,13.4150489,52.4808777,5.9462852,-0.08933145,-1.7493097,1.709755,on bike mount,cyclo cross,False,asphalt,excellent
521f7052-88c1-49eb-a1e8-99f60b6f9e02,8ae45e1c-e14b-46ee-9463-8c09d8afcf60,ca0c6112-fb48-4133-a041-c0d7fac1a7e0,1627365672204,13.4150489,52.4808777,5.9462852,-1.8434186,-2.4551113,0.7762213,on bike mount,cyclo cross,False,asphalt,excellent
521f7052-88c1-49eb-a1e8-99f60b6f9e02,8ae45e1c-e14b-46ee-9463-8c09d8afcf60,8d2ad43f-7999-4602-9052-1e09be707d9e,1627365672254,13.4150489,52.4808777,5.9462852,0.56422234,-1.4240255,-0.16202068,on bike mount,cyclo cross,False,asphalt,excellent
521f7052-88c1-49eb-a1e8-99f60b6f9e02,8ae45e1c-e14b-46ee-9463-8c09d8afcf60,b17d8d81-78d4-4e24-97e1-1d76bd1702ab,1627365672321,13.4150489,52.4808777,5.9462852,0.043769583,-0.7047527,0.8521681,on bike mount,cyclo cross,False,asphalt,excellent
521f7052-88c1-49eb-a1e8-99f60b6f9e02,8ae45e1c-e14b-46ee-9463-8c09d8afcf60,9735a370-5fee-47d4-934c-32661a9b469c,1627365672371,13.4150489,52.4808777,5.9462852,0.10682398,0.13376904,2.1266632,on bike mount,cyclo cross,False,asphalt,excellent
521f7052-88c1-49eb-a1e8-99f60b6f9e02,8ae45e1c-e14b-46ee-9463-8c09d8afcf60,5fa55c67-9cd9-4a3f-be7b-ee993a6cdd38,1627365672421,13.4150489,52.4808777,5.9462852,-0.3796754,-1.0253384,0.41338825,on bike mount,cyclo cross,False,asphalt,excellent
521f7052-88c1-49eb-a1e8-99f60b6f9e02,8ae45e1c-e14b-46ee-9463-8c09d8afcf60,195a1b43-e568-4cc2-80ae-113ee4cd0f9e,1627365672471,13.4150489,52.4808777,5.9462852,1.129198,-1.3405937,-0.19127846,on bike mount,cyclo cross,False,asphalt,excellent
521f7052-88c1-49eb-a1e8-99f60b6f9e02,8ae45e1c-e14b-46ee-9463-8c09d8afcf60,a84bad5c-6d01-46b0-9a35-4ad8aee64327,1627365672521,13.4150489,52.4808777,5.9462852,1.305013,-1.9221182,-1.8271775,on bike mount,cyclo cross,False,asphalt,excellent
521f7052-88c1-49eb-a1e8-99f60b6f9e02,8ae45e1c-e14b-46ee-9463-8c09d8afcf60,c035d63e-17e6-4807-a373-e2a8e29f3e7b,1627365672597,13.4150489,52.4808777,5.9462852,0.52224183,-0.58920527,0.15444374,on bike mount,cyclo cross,False,asphalt,excellent
521f7052-88c1-49eb-a1e8-99f60b6f9e02,8ae45e1c-e14b-46ee-9463-8c09d8afcf60,f7495147-fe95-4375-825b-bb169cf3db1e,1627365672647,13.4150489,52.4808777,5.9462852,1.709431,-0.6836276,-0.59440136,on bike mount,cyclo cross,False,asphalt,excellent
521f7052-88c1-49eb-a1e8-99f60b6f9e02,8ae45e1c-e14b-46ee-9463-8c09d8afcf60,8e388eda-a686-4a46-8bd2-b06f8645f27c,1627365672697,13.4150489,52.4808777,5.9462852,-0.58747464,1.2256727,-2.997171,on bike mount,cyclo cross,False,asphalt,excellent
521f7052-88c1-49eb-a1e8-99f60b6f9e02,8ae45e1c-e14b-46ee-9463-8c09d8afcf60,45cf1495-9220-4c9f-b029-426148f54dfd,1627365672747,13.4150489,52.4808777,5.9462852,0.68597436,-2.1740758,-0.17927647,on bike mount,cyclo cross,False,asphalt,excellent
521f7052-88c1-49eb-a1e8-99f60b6f9e02,8ae45e1c-e14b-46ee-9463-8c09d8afcf60,973531bc-c5d3-4d4e-bf02-aeb5f4b4488c,1627365672797,13.4150489,52.4808777,5.9462852,-0.8955551,-0.7621801,0.1425848,on bike mount,cyclo cross,False,asphalt,excellent
521f7052-88c1-49eb-a1e8-99f60b6f9e02,8ae45e1c-e14b-46ee-9463-8c09d8afcf60,c7459b0f-b8be-46c8-800d-d11eca6f3c70,1627365672856,13.4150489,52.4808777,5.9462852,-0.10432994,0.7717509,0.80644417,on bike mount,cyclo cross,False,asphalt,excellent
521f7052-88c1-49eb-a1e8-99f60b6f9e02,8ae45e1c-e14b-46ee-9463-8c09d8afcf60,3db1cc65-3f08-4f4e-88f8-fabcf6af1ccc,1627365672906,13.4150489,52.4808777,5.9462852,0.41514868,-0.39139795,-1.4975572,on bike mount,cyclo cross,False,asphalt,excellent
521f7052-88c1-49eb-a1e8-99f60b6f9e02,8ae45e1c-e14b-46ee-9463-8c09d8afcf60,31c7e64c-0329-44a7-a032-20b06f6d002f,1627365672956,13.4150489,52.4808777,5.9462852,0.07107276,0.09732485,3.4157972,on bike mount,cyclo cross,False,asphalt,excellent
521f7052-88c1-49eb-a1e8-99f60b6f9e02,8ae45e1c-e14b-46ee-9463-8c09d8afcf60,747f5c5c-e056-41c7-ba25-8deb4698d942,1627365673006,13.4150489,52.4808777,5.9462852,0.545315,-1.1541281,-0.66950035,on bike mount,cyclo cross,False,asphalt,excellent
521f7052-88c1-49eb-a1e8-99f60b6f9e02,8ae45e1c-e14b-46ee-9463-8c09d8afcf60,bd304d30-329a-4e6e-b230-7b646082f86a,1627365673056,13.4150489,52.4808777,5.9462852,0.68607867,-0.12077093,1.2036238,on bike mount,cyclo cross,False,asphalt,excellent
521f7052-88c1-49eb-a1e8-99f60b6f9e02,8ae45e1c-e14b-46ee-9463-8c09d8afcf60,0be1d778-d2b6-456e-9eb6-3e682edf7f3c,1627365673107,13.414967,52.4809066,6.765837,-1.2734314,0.823545,0.2552395,on bike mount,cyclo cross,False,asphalt,excellent
521f7052-88c1-49eb-a1e8-99f60b6f9e02,8ae45e1c-e14b-46ee-9463-8c09d8afcf60,cd9a87cb-dd0e-4a29-a23b-4e1aff30c571,1627365673158,13.414967,52.4809066,6.765837,1.7082725,-2.2214987,-0.49991798,on bike mount,cyclo cross,False,asphalt,excellent
521f7052-88c1-49eb-a1e8-99f60b6f9e02,8ae45e1c-e14b-46ee-9463-8c09d8afcf60,cfb79c89-8eea-4cb1-bbdb-1bb5cfb1654c,1627365673208,13.414967,52.4809066,6.765837,0.32858425,-1.2879256,2.2938652,on bike mount,cyclo cross,False,asphalt,excellent
521f7052-88c1-49eb-a1e8-99f60b6f9e02,8ae45e1c-e14b-46ee-9463-8c09d8afcf60,89249f44-4314-41e6-b5df-8c8d569a6f92,1627365673258,13.414967,52.4809066,6.765837,0.28086865,-2.5423143,1.0811005,on bike mount,cyclo cross,False,asphalt,excellent
521f7052-88c1-49eb-a1e8-99f60b6f9e02,8ae45e1c-e14b-46ee-9463-8c09d8afcf60,c6d1ca1d-8190-4275-8b93-340793b8c74b,1627365673308,13.414967,52.4809066,6.765837,-0.70309466,-0.8264127,2.757866,on bike mount,cyclo cross,False,asphalt,excellent
521f7052-88c1-49eb-a1e8-99f60b6f9e02,8ae45e1c-e14b-46ee-9463-8c09d8afcf60,a44480b0-f29e-4fb8-aa99-4a5dfde1ce79,1627365673358,13.414967,52.4809066,6.765837,-1.4819651,-1.8046162,0.6915426,on bike mount,cyclo cross,False,asphalt,excellent
521f7052-88c1-49eb-a1e8-99f60b6f9e02,8ae45e1c-e14b-46ee-9463-8c09d8afcf60,0c7fb265-5693-49e4-a61e-a83d07702f5c,1627365673408,13.414967,52.4809066,6.765837,-0.8750094,0.8056927,-3.1777596,on bike mount,cyclo cross,False,asphalt,excellent
521f7052-88c1-49eb-a1e8-99f60b6f9e02,8ae45e1c-e14b-46ee-9463-8c09d8afcf60,44fe5a0e-058f-408a-9b98-42f82ac48491,1627365673458,13.414967,52.4809066,6.765837,-0.029697698,-0.6688247,1.8390083,on bike mount,cyclo cross,False,asphalt,excellent
521f7052-88c1-49eb-a1e8-99f60b6f9e02,8ae45e1c-e14b-46ee-9463-8c09d8afcf60,56e16511-228f-4eca-a2cf-55dd0642cfeb,1627365673508,13.414967,52.4809066,6.765837,0.7171978,1.6185212,-2.280457,on bike mount,cyclo cross,False,asphalt,excellent
521f7052-88c1-49eb-a1e8-99f60b6f9e02,8ae45e1c-e14b-46ee-9463-8c09d8afcf60,81366950-e879-45c5-8309-6958e839400e,1627365673558,13.414967,52.4809066,6.765837,-1.2125083,1.6002357,-0.68287086,on bike mount,cyclo cross,False,asphalt,excellent
521f7052-88c1-49eb-a1e8-99f60b6f9e02,8ae45e1c-e14b-46ee-9463-8c09d8afcf60,68b5c504-ab02-43fa-9775-16e6468e4e4b,1627365673608,13.414967,52.4809066,6.765837,-0.86438894,0.54140663,-1.6435614,on bike mount,cyclo cross,False,asphalt,excellent
521f7052-88c1-49eb-a1e8-99f60b6f9e02,8ae45e1c-e14b-46ee-9463-8c09d8afcf60,0bd6d96f-79d7-4d10-96c6-7b54c361e10c,1627365673673,13.414967,52.4809066,6.765837,-0.31703416,1.531445,-3.31629,on bike mount,cyclo cross,False,asphalt,excellent
521f7052-88c1-49eb-a1e8-99f60b6f9e02,8ae45e1c-e14b-46ee-9463-8c09d8afcf60,a8aad71d-2094-43be-8523-81f4338b64f1,1627365673724,13.414967,52.4809066,6.765837,-0.77690125,-1.2492399,0.061335564,on bike mount,cyclo cross,False,asphalt,excellent
521f7052-88c1-49eb-a1e8-99f60b6f9e02,8ae45e1c-e14b-46ee-9463-8c09d8afcf60,3ca8501a-fb4c-4f0e-89ed-de7eb54b0b30,1627365673774,13.414967,52.4809066,6.765837,0.067020535,-3.1621137,-0.5561657,on bike mount,cyclo cross,False,asphalt,excellent
521f7052-88c1-49eb-a1e8-99f60b6f9e02,8ae45e1c-e14b-46ee-9463-8c09d8afcf60,3afca31e-de3f-407f-a2a4-af15f75f0ea7,1627365673825,13.414967,52.4809066,6.765837,-0.613831,-1.2756333,-1.7471929,on bike mount,cyclo cross,False,asphalt,excellent
521f7052-88c1-49eb-a1e8-99f60b6f9e02,8ae45e1c-e14b-46ee-9463-8c09d8afcf60,bffb8490-c6d2-49dc-afda-87715631c147,1627365673874,13.414967,52.4809066,6.765837,-1.8277695,-1.2849721,1.9084663,on bike mount,cyclo cross,False,asphalt,excellent
521f7052-88c1-49eb-a1e8-99f60b6f9e02,8ae45e1c-e14b-46ee-9463-8c09d8afcf60,5a581613-1613-47f0-a236-8130c7fc7230,1627365673941,13.414967,52.4809066,6.765837,0.6116226,-2.8113644,1.3450689,on bike mount,cyclo cross,False,asphalt,excellent
521f7052-88c1-49eb-a1e8-99f60b6f9e02,8ae45e1c-e14b-46ee-9463-8c09d8afcf60,2036f278-117c-4855-83af-0384ac3b140c,1627365673990,13.414967,52.4809066,6.765837,-0.31179988,0.086990595,1.7717133,on bike mount,cyclo cross,False,asphalt,excellent
521f7052-88c1-49eb-a1e8-99f60b6f9e02,8ae45e1c-e14b-46ee-9463-8c09d8afcf60,21d3f2cb-c531-444c-9b09-b1130ddbe3ad,1627365674040,13.414967,52.4809066,6.765837,-0.21566734,3.160708,1.0610561,on bike mount,cyclo cross,False,asphalt,excellent
521f7052-88c1-49eb-a1e8-99f60b6f9e02,8ae45e1c-e14b-46ee-9463-8c09d8afcf60,25e9acb2-8ee7-453d-8b08-baa27eb0806c,1627365674090,13.4148705,52.4809292,6.9126334,-0.69355905,0.0824399,-0.70855427,on bike mount,cyclo cross,False,asphalt,excellent
521f7052-88c1-49eb-a1e8-99f60b6f9e02,8ae45e1c-e14b-46ee-9463-8c09d8afcf60,7cb595a7-ec37-44ea-b129-50e915a0b8f8,1627365674141,13.4148705,52.4809292,6.9126334,-0.60613984,-1.769186,-0.7547407,on bike mount,cyclo cross,False,asphalt,excellent
521f7052-88c1-49eb-a1e8-99f60b6f9e02,8ae45e1c-e14b-46ee-9463-8c09d8afcf60,6e76fd4d-35b3-42ee-b65e-c7a4200652f3,1627365674207,13.4148705,52.4809292,6.9126334,-0.86923456,-1.4964665,0.2848978,on bike mount,cyclo cross,False,asphalt,excellent
521f7052-88c1-49eb-a1e8-99f60b6f9e02,8ae45e1c-e14b-46ee-9463-8c09d8afcf60,88d2d99e-0309-4e9a-bf5e-1c382b32e1d8,1627365674257,13.4148705,52.4809292,6.9126334,-0.001311183,1.9203439,-0.6164608,on bike mount,cyclo cross,False,asphalt,excellent
521f7052-88c1-49eb-a1e8-99f60b6f9e02,8ae45e1c-e14b-46ee-9463-8c09d8afcf60,34031a33-718f-42a7-b69e-6205bbd523cd,1627365674307,13.4148705,52.4809292,6.9126334,-0.3087192,-1.4134307,-1.1917486,on bike mount,cyclo cross,False,asphalt,excellent
521f7052-88c1-49eb-a1e8-99f60b6f9e02,8ae45e1c-e14b-46ee-9463-8c09d8afcf60,c92deeee-e367-4528-93c2-7b91cdf490b7,1627365674358,13.4148705,52.4809292,6.9126334,-0.1068328,2.617084,0.790267,on bike mount,cyclo cross,False,asphalt,excellent
521f7052-88c1-49eb-a1e8-99f60b6f9e02,8ae45e1c-e14b-46ee-9463-8c09d8afcf60,9c4d99ec-51dc-46da-8ef5-f56b370e87c2,1627365674407,13.4148705,52.4809292,6.9126334,0.47249097,-1.3662789,0.13076496,on bike mount,cyclo cross,False,asphalt,excellent
521f7052-88c1-49eb-a1e8-99f60b6f9e02,8ae45e1c-e14b-46ee-9463-8c09d8afcf60,f36354ab-f887-49a7-b988-badf44f2ef05,1627365674475,13.4148705,52.4809292,6.9126334,-2.4381945,-3.331893,0.4599495,on bike mount,cyclo cross,False,asphalt,excellent
521f7052-88c1-49eb-a1e8-99f60b6f9e02,8ae45e1c-e14b-46ee-9463-8c09d8afcf60,714eddec-cde7-4a9a-b804-9db7376fb640,1627365674525,13.4148705,52.4809292,6.9126334,0.1721804,-2.8138797,1.484479,on bike mount,cyclo cross,False,asphalt,excellent
521f7052-88c1-49eb-a1e8-99f60b6f9e02,8ae45e1c-e14b-46ee-9463-8c09d8afcf60,d367ca1d-6faa-420c-88b2-1d9bd835fd76,1627365674575,13.4148705,52.4809292,6.9126334,-0.9754475,0.5736928,0.033522606,on bike mount,cyclo cross,False,asphalt,excellent
521f7052-88c1-49eb-a1e8-99f60b6f9e02,8ae45e1c-e14b-46ee-9463-8c09d8afcf60,cfde7ee4-9e79-4266-a69b-f86c39e7c928,1627365674625,13.4148705,52.4809292,6.9126334,-1.3690813,0.22345948,0.40653324,on bike mount,cyclo cross,False,asphalt,excellent
521f7052-88c1-49eb-a1e8-99f60b6f9e02,8ae45e1c-e14b-46ee-9463-8c09d8afcf60,466baf0a-adf6-4ac9-b7e2-d682bc5d0b24,1627365674675,13.4148705,52.4809292,6.9126334,0.333611,0.36616683,0.2820692,on bike mount,cyclo cross,False,asphalt,excellent
521f7052-88c1-49eb-a1e8-99f60b6f9e02,8ae45e1c-e14b-46ee-9463-8c09d8afcf60,5d7647ce-6125-4e56-9692-94c3b418fef1,1627365674741,13.4148705,52.4809292,6.9126334,-0.53648454,0.824183,-0.11081791,on bike mount,cyclo cross,False,asphalt,excellent
521f7052-88c1-49eb-a1e8-99f60b6f9e02,8ae45e1c-e14b-46ee-9463-8c09d8afcf60,bbc5d615-fbc1-4b14-8a9e-84edb9ef2ebe,1627365674791,13.4148705,52.4809292,6.9126334,0.07840395,-0.50106835,0.9778805,on bike mount,cyclo cross,False,asphalt,excellent
521f7052-88c1-49eb-a1e8-99f60b6f9e02,8ae45e1c-e14b-46ee-9463-8c09d8afcf60,0d0fae99-289a-4e4c-874d-6c0e3b467874,1627365674841,13.4148705,52.4809292,6.9126334,0.96827525,-1.4679842,0.23488522,on bike mount,cyclo cross,False,asphalt,excellent
521f7052-88c1-49eb-a1e8-99f60b6f9e02,8ae45e1c-e14b-46ee-9463-8c09d8afcf60,35e50276-0f0e-4d3a-a416-48c8df33078c,1627365674892,13.4148705,52.4809292,6.9126334,-0.8295552,-0.15816069,-1.0192018,on bike mount,cyclo cross,False,asphalt,excellent
521f7052-88c1-49eb-a1e8-99f60b6f9e02,8ae45e1c-e14b-46ee-9463-8c09d8afcf60,d639d56b-7fcf-4ef9-8bb0-a221d2d23c5d,1627365674942,13.4148705,52.4809292,6.9126334,-0.024939999,0.5378206,-0.5336323,on bike mount,cyclo cross,False,asphalt,excellent
521f7052-88c1-49eb-a1e8-99f60b6f9e02,8ae45e1c-e14b-46ee-9463-8c09d8afcf60,d3b3f8f4-b724-4d96-a9de-a7efb1dd074b,1627365675008,13.4148705,52.4809292,6.9126334,-0.28951305,2.1311204,-0.48860455,on bike mount,cyclo cross,False,asphalt,excellent
521f7052-88c1-49eb-a1e8-99f60b6f9e02,8ae45e1c-e14b-46ee-9463-8c09d8afcf60,1b8fa1bd-7c56-4084-834f-cda42696e63b,1627365675058,13.4148705,52.4809292,6.9126334,-0.6388364,0.5766225,-0.002035141,on bike mount,cyclo cross,False,asphalt,excellent
521f7052-88c1-49eb-a1e8-99f60b6f9e02,8ae45e1c-e14b-46ee-9463-8c09d8afcf60,3193535e-251c-44bb-a9b6-2b160eaa9a10,1627365675108,13.4147728,52.4809546,6.8459334,-0.80645436,-3.543833,0.5843649,on bike mount,cyclo cross,False,asphalt,excellent
521f7052-88c1-49eb-a1e8-99f60b6f9e02,8ae45e1c-e14b-46ee-9463-8c09d8afcf60,446933db-eae6-4039-8d4f-7d9501d88e9a,1627365675158,13.4147728,52.4809546,6.8459334,0.56492865,-0.48135448,-1.3943057,on bike mount,cyclo cross,False,asphalt,excellent
521f7052-88c1-49eb-a1e8-99f60b6f9e02,8ae45e1c-e14b-46ee-9463-8c09d8afcf60,6312b926-c9aa-4ea5-af9e-14862b449465,1627365675208,13.4147728,52.4809546,6.8459334,-0.31891078,-0.9642725,-1.2200475,on bike mount,cyclo cross,False,asphalt,excellent
521f7052-88c1-49eb-a1e8-99f60b6f9e02,8ae45e1c-e14b-46ee-9463-8c09d8afcf60,9c759081-12e1-43f2-93d3-45369589be32,1627365675276,13.4147728,52.4809546,6.8459334,0.82475173,0.6962018,1.1268053,on bike mount,cyclo cross,False,asphalt,excellent
521f7052-88c1-49eb-a1e8-99f60b6f9e02,8ae45e1c-e14b-46ee-9463-8c09d8afcf60,6682a326-3bab-4ff6-975a-2c7cb59a387c,1627365675326,13.4147728,52.4809546,6.8459334,-0.33977905,-1.0715845,-0.51440525,on bike mount,cyclo cross,False,asphalt,excellent
521f7052-88c1-49eb-a1e8-99f60b6f9e02,8ae45e1c-e14b-46ee-9463-8c09d8afcf60,2be5e88e-a93c-4794-ab28-e675457092d4,1627365675376,13.4147728,52.4809546,6.8459334,-1.4124645,1.1093452,1.5677519,on bike mount,cyclo cross,False,asphalt,excellent
521f7052-88c1-49eb-a1e8-99f60b6f9e02,8ae45e1c-e14b-46ee-9463-8c09d8afcf60,852d5e54-088c-4974-a03a-1e5d5dd73396,1627365675427,13.4147728,52.4809546,6.8459334,1.2702652,-0.6828859,1.8689823,on bike mount,cyclo cross,False,asphalt,excellent
521f7052-88c1-49eb-a1e8-99f60b6f9e02,8ae45e1c-e14b-46ee-9463-8c09d8afcf60,dc344fc7-b816-44ec-87f4-11414d8fe1bf,1627365675478,13.4147728,52.4809546,6.8459334,-0.5262541,0.46722865,0.7178173,on bike mount,cyclo cross,False,asphalt,excellent
521f7052-88c1-49eb-a1e8-99f60b6f9e02,8ae45e1c-e14b-46ee-9463-8c09d8afcf60,7cf4779f-5b02-455f-ae7c-da102af3de8b,1627365675542,13.4147728,52.4809546,6.8459334,0.09172256,0.35364532,-0.5475302,on bike mount,cyclo cross,False,asphalt,excellent
521f7052-88c1-49eb-a1e8-99f60b6f9e02,8ae45e1c-e14b-46ee-9463-8c09d8afcf60,e8b56f55-a4f6-49f9-8a43-d32bb1432cda,1627365675592,13.4147728,52.4809546,6.8459334,-0.126645,1.6002393,-1.2926688,on bike mount,cyclo cross,False,asphalt,excellent
521f7052-88c1-49eb-a1e8-99f60b6f9e02,8ae45e1c-e14b-46ee-9463-8c09d8afcf60,67549eab-3bd5-4175-9057-2b8dbc14626a,1627365675642,13.4147728,52.4809546,6.8459334,-0.061879613,-1.4420655,0.9768448,on bike mount,cyclo cross,False,asphalt,excellent
521f7052-88c1-49eb-a1e8-99f60b6f9e02,8ae45e1c-e14b-46ee-9463-8c09d8afcf60,0410e122-e0b7-4845-9145-a6d60b783906,1627365675693,13.4147728,52.4809546,6.8459334,-0.32571,1.7982898,-0.49101734,on bike mount,cyclo cross,False,asphalt,excellent
521f7052-88c1-49eb-a1e8-99f60b6f9e02,8ae45e1c-e14b-46ee-9463-8c09d8afcf60,120d0d97-bb08-4a58-87e8-5e3832800568,1627365675743,13.4147728,52.4809546,6.8459334,0.14769271,2.8148603,-1.2162805,on bike mount,cyclo cross,False,asphalt,excellent
521f7052-88c1-49eb-a1e8-99f60b6f9e02,8ae45e1c-e14b-46ee-9463-8c09d8afcf60,abb43f07-8ad4-4c69-bef2-1012a894b07e,1627365675810,13.4147728,52.4809546,6.8459334,-0.32032603,-1.1613798,0.8194828,on bike mount,cyclo cross,False,asphalt,excellent
521f7052-88c1-49eb-a1e8-99f60b6f9e02,8ae45e1c-e14b-46ee-9463-8c09d8afcf60,ef83a115-293b-43cb-9767-01384ac9a2a5,1627365675860,13.4147728,52.4809546,6.8459334,-0.443048,-1.4553173,0.7740421,on bike mount,cyclo cross,False,asphalt,excellent
521f7052-88c1-49eb-a1e8-99f60b6f9e02,8ae45e1c-e14b-46ee-9463-8c09d8afcf60,83cf9768-504f-440b-a28f-181bee3044a6,1627365675910,13.4147728,52.4809546,6.8459334,-1.2286339,0.45827794,2.5215034,on bike mount,cyclo cross,False,asphalt,excellent
521f7052-88c1-49eb-a1e8-99f60b6f9e02,8ae45e1c-e14b-46ee-9463-8c09d8afcf60,c7ed1ac8-2e67-43f2-835f-3d4ed64d0d72,1627365675960,13.4147728,52.4809546,6.8459334,-0.5102182,-0.50452805,-0.6746273,on bike mount,cyclo cross,False,asphalt,excellent
521f7052-88c1-49eb-a1e8-99f60b6f9e02,8ae45e1c-e14b-46ee-9463-8c09d8afcf60,04435c78-ddc4-4b81-b8e6-5a78619c3466,1627365676010,13.4147728,52.4809546,6.8459334,0.014705002,-0.47356272,1.2688074,on bike mount,cyclo cross,False,asphalt,excellent
521f7052-88c1-49eb-a1e8-99f60b6f9e02,8ae45e1c-e14b-46ee-9463-8c09d8afcf60,e3729d61-383e-4ef3-9b6e-77bd66062722,1627365676077,13.4147728,52.4809546,6.8459334,-0.9133176,-3.2479348,-3.1344562,on bike mount,cyclo cross,False,asphalt,excellent
521f7052-88c1-49eb-a1e8-99f60b6f9e02,8ae45e1c-e14b-46ee-9463-8c09d8afcf60,44e8746c-8c94-4680-9d65-a772ea5f7e66,1627365676127,13.4146734,52.4809744,6.8895035,0.4680734,0.8047509,0.66256046,on bike mount,cyclo cross,False,asphalt,excellent
521f7052-88c1-49eb-a1e8-99f60b6f9e02,8ae45e1c-e14b-46ee-9463-8c09d8afcf60,1be23838-ae08-4ec0-a26e-0dfbfe3acd70,1627365676177,13.4146734,52.4809744,6.8895035,0.95008653,-1.6104645,3.6353493,on bike mount,cyclo cross,False,asphalt,excellent
521f7052-88c1-49eb-a1e8-99f60b6f9e02,8ae45e1c-e14b-46ee-9463-8c09d8afcf60,893b21f5-43ea-4ec6-8f26-32bcd1169557,1627365676227,13.4146734,52.4809744,6.8895035,0.44469517,0.40473628,-1.9891071,on bike mount,cyclo cross,False,asphalt,excellent
521f7052-88c1-49eb-a1e8-99f60b6f9e02,8ae45e1c-e14b-46ee-9463-8c09d8afcf60,6ea0f0ea-ceb2-41a8-b2c4-35dad0796db1,1627365676277,13.4146734,52.4809744,6.8895035,0.30394265,0.2460556,0.21284199,on bike mount,cyclo cross,False,asphalt,excellent
521f7052-88c1-49eb-a1e8-99f60b6f9e02,8ae45e1c-e14b-46ee-9463-8c09d8afcf60,8d2067ee-9642-4242-a000-cd06c851d410,1627365676327,13.4146734,52.4809744,6.8895035,1.2984939,-1.4297843,1.6001062,on bike mount,cyclo cross,False,asphalt,excellent
521f7052-88c1-49eb-a1e8-99f60b6f9e02,8ae45e1c-e14b-46ee-9463-8c09d8afcf60,bd5c9a59-1ee1-423a-bea7-b6e057ed6c17,1627365676377,13.4146734,52.4809744,6.8895035,-0.27855423,-2.8644316,3.4987326,on bike mount,cyclo cross,False,asphalt,excellent
521f7052-88c1-49eb-a1e8-99f60b6f9e02,8ae45e1c-e14b-46ee-9463-8c09d8afcf60,7447b944-ebf4-40cb-a323-79e022315af4,1627365676427,13.4146734,52.4809744,6.8895035,-0.080130056,-0.28185892,-3.0964746,on bike mount,cyclo cross,False,asphalt,excellent
521f7052-88c1-49eb-a1e8-99f60b6f9e02,8ae45e1c-e14b-46ee-9463-8c09d8afcf60,37bcb76f-e852-46f6-928e-2fd8f76f602d,1627365676477,13.4146734,52.4809744,6.8895035,-1.5601046,4.425209,-3.5364408,on bike mount,cyclo cross,False,asphalt,excellent
521f7052-88c1-49eb-a1e8-99f60b6f9e02,8ae45e1c-e14b-46ee-9463-8c09d8afcf60,f66389d4-ab69-4347-ba1f-bc3b53f0be2c,1627365676528,13.4146734,52.4809744,6.8895035,-0.021006308,-1.1173184,0.9967718,on bike mount,cyclo cross,False,asphalt,excellent
521f7052-88c1-49eb-a1e8-99f60b6f9e02,8ae45e1c-e14b-46ee-9463-8c09d8afcf60,3b165fda-0c3d-41f1-9462-1709d92034f2,1627365676577,13.4146734,52.4809744,6.8895035,-0.40782887,0.94244194,-0.46281528,on bike mount,cyclo cross,False,asphalt,excellent
521f7052-88c1-49eb-a1e8-99f60b6f9e02,8ae45e1c-e14b-46ee-9463-8c09d8afcf60,13aa77ef-c333-4f45-9d37-3333a35db8ad,1627365676627,13.4146734,52.4809744,6.8895035,1.1104125,1.2524836,0.14429379,on bike mount,cyclo cross,False,asphalt,excellent
521f7052-88c1-49eb-a1e8-99f60b6f9e02,8ae45e1c-e14b-46ee-9463-8c09d8afcf60,644e24bc-9ec5-4549-800f-7bf947475e93,1627365676677,13.4146734,52.4809744,6.8895035,0.013882861,-1.6331488,-2.4511862,on bike mount,cyclo cross,False,asphalt,excellent
521f7052-88c1-49eb-a1e8-99f60b6f9e02,8ae45e1c-e14b-46ee-9463-8c09d8afcf60,d3b0c931-c804-4ad7-8525-62821c2cf0ba,1627365676727,13.4146734,52.4809744,6.8895035,0.8953398,2.960266,-0.15934944,on bike mount,cyclo cross,False,asphalt,excellent
521f7052-88c1-49eb-a1e8-99f60b6f9e02,8ae45e1c-e14b-46ee-9463-8c09d8afcf60,43c404df-66d8-42ef-90ec-f502ea4e18e7,1627365676777,13.4146734,52.4809744,6.8895035,-1.1583674,-2.633401,2.1961298,on bike mount,cyclo cross,False,asphalt,excellent
521f7052-88c1-49eb-a1e8-99f60b6f9e02,8ae45e1c-e14b-46ee-9463-8c09d8afcf60,9c5b5bec-9cea-43e4-ac4a-e6d29b7734ac,1627365676827,13.4146734,52.4809744,6.8895035,0.3895788,0.6133878,-0.76031685,on bike mount,cyclo cross,False,asphalt,excellent
521f7052-88c1-49eb-a1e8-99f60b6f9e02,8ae45e1c-e14b-46ee-9463-8c09d8afcf60,6d048639-200b-4867-b4fb-135d1c65546c,1627365676877,13.4146734,52.4809744,6.8895035,0.40208507,2.3374887,-0.5388799,on bike mount,cyclo cross,False,asphalt,excellent
521f7052-88c1-49eb-a1e8-99f60b6f9e02,8ae45e1c-e14b-46ee-9463-8c09d8afcf60,1953023e-0f3c-4a8a-b205-ea80150408f0,1627365676928,13.4146734,52.4809744,6.8895035,1.6200978,-0.81251717,2.080099,on bike mount,cyclo cross,False,asphalt,excellent
521f7052-88c1-49eb-a1e8-99f60b6f9e02,8ae45e1c-e14b-46ee-9463-8c09d8afcf60,914b1b7e-67cb-4272-bd1e-adaa5b756366,1627365676978,13.4146734,52.4809744,6.8895035,-0.51216274,-1.3194218,0.89332867,on bike mount,cyclo cross,False,asphalt,excellent
521f7052-88c1-49eb-a1e8-99f60b6f9e02,8ae45e1c-e14b-46ee-9463-8c09d8afcf60,79f0dfa0-ea22-48af-818d-280d4c26e85a,1627365677029,13.4146734,52.4809744,6.8895035,1.3277788,2.608798,-2.0472064,on bike mount,cyclo cross,False,asphalt,excellent
521f7052-88c1-49eb-a1e8-99f60b6f9e02,8ae45e1c-e14b-46ee-9463-8c09d8afcf60,341ffbad-48ae-4a51-b1e6-30c7369ea4f1,1627365677079,13.4145698,52.4809933,7.253037,-0.48615092,0.5004337,1.9048986,on bike mount,cyclo cross,False,asphalt,excellent
521f7052-88c1-49eb-a1e8-99f60b6f9e02,8ae45e1c-e14b-46ee-9463-8c09d8afcf60,d282fcbd-df39-40bb-86ff-85b3c37ef7e2,1627365677129,13.4145698,52.4809933,7.253037,0.6295565,-2.7498574,3.931982,on bike mount,cyclo cross,False,asphalt,excellent
521f7052-88c1-49eb-a1e8-99f60b6f9e02,8ae45e1c-e14b-46ee-9463-8c09d8afcf60,757f7343-2dab-4c2e-9410-a1e3ae6cda2b,1627365677179,13.4145698,52.4809933,7.253037,-0.7346393,1.3510385,1.799345,on bike mount,cyclo cross,False,asphalt,excellent
521f7052-88c1-49eb-a1e8-99f60b6f9e02,8ae45e1c-e14b-46ee-9463-8c09d8afcf60,2a1c099c-4089-4c41-9cca-17f6ad561958,1627365677230,13.4145698,52.4809933,7.253037,0.45382395,-0.15995741,1.8636074,on bike mount,cyclo cross,False,asphalt,excellent
521f7052-88c1-49eb-a1e8-99f60b6f9e02,8ae45e1c-e14b-46ee-9463-8c09d8afcf60,d9f106af-5e85-40ea-b4ca-25c22a17a9b0,1627365677279,13.4145698,52.4809933,7.253037,1.2168958,-2.235607,0.703784,on bike mount,cyclo cross,False,asphalt,excellent
521f7052-88c1-49eb-a1e8-99f60b6f9e02,8ae45e1c-e14b-46ee-9463-8c09d8afcf60,1778489c-2f76-43d5-9a8f-53c3e4a57230,1627365677329,13.4145698,52.4809933,7.253037,-0.67349946,0.9611831,-0.8710675,on bike mount,cyclo cross,False,asphalt,excellent
521f7052-88c1-49eb-a1e8-99f60b6f9e02,8ae45e1c-e14b-46ee-9463-8c09d8afcf60,e385ee2a-0da2-4e42-af31-cfa9afdfd443,1627365677379,13.4145698,52.4809933,7.253037,-0.5170058,0.06950927,1.6201153,on bike mount,cyclo cross,False,asphalt,excellent
521f7052-88c1-49eb-a1e8-99f60b6f9e02,8ae45e1c-e14b-46ee-9463-8c09d8afcf60,ba38584c-7d3c-46db-86d8-3bf7f7ee2d80,1627365677429,13.4145698,52.4809933,7.253037,0.33919334,-1.2675228,1.8695793,on bike mount,cyclo cross,False,asphalt,excellent
521f7052-88c1-49eb-a1e8-99f60b6f9e02,8ae45e1c-e14b-46ee-9463-8c09d8afcf60,840ef7fc-74b8-46e0-bad9-38f13105c956,1627365677479,13.4145698,52.4809933,7.253037,-0.45634764,-0.66816854,0.73617554,on bike mount,cyclo cross,False,asphalt,excellent
521f7052-88c1-49eb-a1e8-99f60b6f9e02,8ae45e1c-e14b-46ee-9463-8c09d8afcf60,1fed06ee-59ea-4174-8980-34df5aa046c7,1627365677529,13.4145698,52.4809933,7.253037,-1.45736,-1.362016,1.7340603,on bike mount,cyclo cross,False,asphalt,excellent
521f7052-88c1-49eb-a1e8-99f60b6f9e02,8ae45e1c-e14b-46ee-9463-8c09d8afcf60,5eb9978b-f003-46f2-bb5c-6769e5b9eb69,1627365677579,13.4145698,52.4809933,7.253037,2.1623697,1.1939023,1.0566511,on bike mount,cyclo cross,False,asphalt,excellent
521f7052-88c1-49eb-a1e8-99f60b6f9e02,8ae45e1c-e14b-46ee-9463-8c09d8afcf60,1c5f5922-9a19-4a35-8947-248306a406fe,1627365677629,13.4145698,52.4809933,7.253037,2.8684466,-0.44550514,-3.9004974,on bike mount,cyclo cross,False,asphalt,excellent
521f7052-88c1-49eb-a1e8-99f60b6f9e02,8ae45e1c-e14b-46ee-9463-8c09d8afcf60,956636ee-9bf2-483f-bf9d-8d5f79836a45,1627365677695,13.4145698,52.4809933,7.253037,1.3430035,1.9104667,2.193101,on bike mount,cyclo cross,False,asphalt,excellent
521f7052-88c1-49eb-a1e8-99f60b6f9e02,8ae45e1c-e14b-46ee-9463-8c09d8afcf60,8981e608-6f57-4cc7-bc0f-64ab5dbdf892,1627365677746,13.4145698,52.4809933,7.253037,1.631572,1.2192848,1.7894039,on bike mount,cyclo cross,False,asphalt,excellent
521f7052-88c1-49eb-a1e8-99f60b6f9e02,8ae45e1c-e14b-46ee-9463-8c09d8afcf60,bc61d82f-5018-40d2-9b44-f918ac3ff081,1627365677796,13.4145698,52.4809933,7.253037,-1.123838,-0.3245573,0.54225826,on bike mount,cyclo cross,False,asphalt,excellent
521f7052-88c1-49eb-a1e8-99f60b6f9e02,8ae45e1c-e14b-46ee-9463-8c09d8afcf60,20e1d7c2-8f7a-4578-9ae7-d67815c8f4aa,1627365677846,13.4145698,52.4809933,7.253037,0.07264775,-0.8829558,-3.6422286,on bike mount,cyclo cross,False,asphalt,excellent
521f7052-88c1-49eb-a1e8-99f60b6f9e02,8ae45e1c-e14b-46ee-9463-8c09d8afcf60,9780488f-f2d1-4ada-8ab8-fa9918259226,1627365677896,13.4145698,52.4809933,7.253037,1.6011568,5.731618,-2.587356,on bike mount,cyclo cross,False,asphalt,excellent
521f7052-88c1-49eb-a1e8-99f60b6f9e02,8ae45e1c-e14b-46ee-9463-8c09d8afcf60,60add240-8a41-4749-90a2-9ce3194e2bc5,1627365677962,13.4145698,52.4809933,7.253037,-2.4314759,-3.4132023,0.7683096,on bike mount,cyclo cross,False,asphalt,excellent
521f7052-88c1-49eb-a1e8-99f60b6f9e02,8ae45e1c-e14b-46ee-9463-8c09d8afcf60,ae1e179a-94a2-4ba7-a807-77865e06de0b,1627365678012,13.4145698,52.4809933,7.253037,-1.0907631,-2.7693646,2.949976,on bike mount,cyclo cross,False,asphalt,excellent
521f7052-88c1-49eb-a1e8-99f60b6f9e02,8ae45e1c-e14b-46ee-9463-8c09d8afcf60,7c9a9808-a9a6-4db4-b084-74f5974ff24b,1627365678062,13.4145698,52.4809933,7.253037,0.60833585,3.8800793,-2.379642,on bike mount,cyclo cross,False,asphalt,excellent
521f7052-88c1-49eb-a1e8-99f60b6f9e02,8ae45e1c-e14b-46ee-9463-8c09d8afcf60,d0641bd0-4f18-4949-a99f-6aa60a7a5435,1627365678112,13.4144634,52.4810118,7.0826087,-1.5698365,-0.2897923,-1.489459,on bike mount,cyclo cross,False,asphalt,excellent
521f7052-88c1-49eb-a1e8-99f60b6f9e02,8ae45e1c-e14b-46ee-9463-8c09d8afcf60,bb9836fc-8628-44f8-80f5-ae647a27e657,1627365678163,13.4144634,52.4810118,7.0826087,2.5127022,-0.8830209,0.44556618,on bike mount,cyclo cross,False,asphalt,excellent
521f7052-88c1-49eb-a1e8-99f60b6f9e02,8ae45e1c-e14b-46ee-9463-8c09d8afcf60,20b70e96-3d9a-46db-84a2-7974694e3559,1627365678229,13.4144634,52.4810118,7.0826087,-0.78787965,0.33255672,-1.5226092,on bike mount,cyclo cross,False,asphalt,excellent
521f7052-88c1-49eb-a1e8-99f60b6f9e02,8ae45e1c-e14b-46ee-9463-8c09d8afcf60,37f8dd09-98a2-4e77-81fd-5c539f0f08c6,1627365678280,13.4144634,52.4810118,7.0826087,-1.3585697,0.74671483,1.6532707,on bike mount,cyclo cross,False,asphalt,excellent
521f7052-88c1-49eb-a1e8-99f60b6f9e02,8ae45e1c-e14b-46ee-9463-8c09d8afcf60,7cca4bf3-d304-4721-84a4-bbc837216109,1627365678330,13.4144634,52.4810118,7.0826087,1.3681345,-1.9153165,-0.45486736,on bike mount,cyclo cross,False,asphalt,excellent
521f7052-88c1-49eb-a1e8-99f60b6f9e02,8ae45e1c-e14b-46ee-9463-8c09d8afcf60,4813bbd8-95c7-43ee-9871-3ace068e0d28,1627365678380,13.4144634,52.4810118,7.0826087,0.3974464,-0.8715658,-0.3195696,on bike mount,cyclo cross,False,asphalt,excellent
521f7052-88c1-49eb-a1e8-99f60b6f9e02,8ae45e1c-e14b-46ee-9463-8c09d8afcf60,8e2c7279-f962-4c22-ba33-4073295b2cb1,1627365678430,13.4144634,52.4810118,7.0826087,0.01349172,-0.04560709,-2.1791744,on bike mount,cyclo cross,False,asphalt,excellent
521f7052-88c1-49eb-a1e8-99f60b6f9e02,8ae45e1c-e14b-46ee-9463-8c09d8afcf60,0a42b261-1495-4ec3-b7ef-5f52105aa782,1627365678480,13.4144634,52.4810118,7.0826087,1.9434848,-2.4672465,-0.2837944,on bike mount,cyclo cross,False,asphalt,excellent
521f7052-88c1-49eb-a1e8-99f60b6f9e02,8ae45e1c-e14b-46ee-9463-8c09d8afcf60,32924416-732c-4844-a0f9-dde8e3e934b4,1627365678530,13.4144634,52.4810118,7.0826087,-0.40125054,-0.6105435,-5.7507215,on bike mount,cyclo cross,False,asphalt,excellent
521f7052-88c1-49eb-a1e8-99f60b6f9e02,8ae45e1c-e14b-46ee-9463-8c09d8afcf60,9ba41f3d-40e8-4701-86fe-1909be43e73a,1627365678580,13.4144634,52.4810118,7.0826087,1.1889261,-0.32869053,3.4063892,on bike mount,cyclo cross,False,asphalt,excellent
521f7052-88c1-49eb-a1e8-99f60b6f9e02,8ae45e1c-e14b-46ee-9463-8c09d8afcf60,14e2af10-823d-489e-be6c-ba5bbf13f300,1627365678630,13.4144634,52.4810118,7.0826087,-0.25166333,0.080489874,0.41924953,on bike mount,cyclo cross,False,asphalt,excellent
521f7052-88c1-49eb-a1e8-99f60b6f9e02,8ae45e1c-e14b-46ee-9463-8c09d8afcf60,c424df6e-1f3e-45a6-a5fd-415653d5b4c7,1627365678680,13.4144634,52.4810118,7.0826087,-1.8214778,0.709919,-0.5809679,on bike mount,cyclo cross,False,asphalt,excellent
521f7052-88c1-49eb-a1e8-99f60b6f9e02,8ae45e1c-e14b-46ee-9463-8c09d8afcf60,95bc04f2-a85d-45c1-b3d2-179c97c6f566,1627365678730,13.4144634,52.4810118,7.0826087,0.40081322,-4.837953,0.90885925,on bike mount,cyclo cross,False,asphalt,excellent
521f7052-88c1-49eb-a1e8-99f60b6f9e02,8ae45e1c-e14b-46ee-9463-8c09d8afcf60,fd3c1ab1-4c29-4686-bc0b-41abab09fb00,1627365678780,13.4144634,52.4810118,7.0826087,0.11149496,1.8019824,0.73561,on bike mount,cyclo cross,False,asphalt,excellent
521f7052-88c1-49eb-a1e8-99f60b6f9e02,8ae45e1c-e14b-46ee-9463-8c09d8afcf60,58f88c10-a211-4b43-8dba-07ed6fb14823,1627365678830,13.4144634,52.4810118,7.0826087,-1.3638133,-2.3816109,-4.279192,on bike mount,cyclo cross,False,asphalt,excellent
521f7052-88c1-49eb-a1e8-99f60b6f9e02,8ae45e1c-e14b-46ee-9463-8c09d8afcf60,4ae41f97-23e5-456c-86e1-ee17154d9c26,1627365678880,13.4144634,52.4810118,7.0826087,-0.19981651,-0.94344497,1.6667204,on bike mount,cyclo cross,False,asphalt,excellent
521f7052-88c1-49eb-a1e8-99f60b6f9e02,8ae45e1c-e14b-46ee-9463-8c09d8afcf60,355c6725-8643-458b-b592-8bb050444154,1627365678930,13.4144634,52.4810118,7.0826087,0.78403044,1.7503471,-1.3165178,on bike mount,cyclo cross,False,asphalt,excellent
521f7052-88c1-49eb-a1e8-99f60b6f9e02,8ae45e1c-e14b-46ee-9463-8c09d8afcf60,6537cc7f-ab5f-4336-b128-984354f27b65,1627365678980,13.4144634,52.4810118,7.0826087,0.1348825,-0.28223228,1.0817585,on bike mount,cyclo cross,False,asphalt,excellent
521f7052-88c1-49eb-a1e8-99f60b6f9e02,8ae45e1c-e14b-46ee-9463-8c09d8afcf60,041d0f7c-fdd4-48b3-a6a9-63d96a2064b7,1627365679030,13.4144634,52.4810118,7.0826087,1.8121696,-0.7932029,-2.3371248,on bike mount,cyclo cross,False,asphalt,excellent
521f7052-88c1-49eb-a1e8-99f60b6f9e02,8ae45e1c-e14b-46ee-9463-8c09d8afcf60,11d1c8f6-9f12-4abe-8044-bb4673ce4b19,1627365679079,13.4143602,52.481031,7.421976,0.018954009,-1.428592,-1.2890825,on bike mount,cyclo cross,False,asphalt,excellent
521f7052-88c1-49eb-a1e8-99f60b6f9e02,8ae45e1c-e14b-46ee-9463-8c09d8afcf60,3238b96e-07a8-4a4e-8d2c-5be7f49e1ee1,1627365679130,13.4143602,52.481031,7.421976,0.40790784,-0.0865767,3.1625175,on bike mount,cyclo cross,False,asphalt,excellent
521f7052-88c1-49eb-a1e8-99f60b6f9e02,8ae45e1c-e14b-46ee-9463-8c09d8afcf60,82116bcc-8f07-459c-923b-0ac4186222c8,1627365679180,13.4143602,52.481031,7.421976,-0.5743459,-1.8380337,-0.3261137,on bike mount,cyclo cross,False,asphalt,excellent
521f7052-88c1-49eb-a1e8-99f60b6f9e02,8ae45e1c-e14b-46ee-9463-8c09d8afcf60,999560c1-2c51-43fc-806d-84df67cf988c,1627365679229,13.4143602,52.481031,7.421976,-0.5962561,-0.6510353,-0.3958931,on bike mount,cyclo cross,False,asphalt,excellent
521f7052-88c1-49eb-a1e8-99f60b6f9e02,8ae45e1c-e14b-46ee-9463-8c09d8afcf60,5e37caa2-68ba-4c74-bd63-7a5f3ec5280d,1627365679279,13.4143602,52.481031,7.421976,-0.48972517,3.2051554,-0.5028753,on bike mount,cyclo cross,False,asphalt,excellent
521f7052-88c1-49eb-a1e8-99f60b6f9e02,8ae45e1c-e14b-46ee-9463-8c09d8afcf60,f3525e80-a355-4662-a2d1-61f6c277ed3b,1627365679329,13.4143602,52.481031,7.421976,1.532691,-1.6693392,-2.1550426,on bike mount,cyclo cross,False,asphalt,excellent
521f7052-88c1-49eb-a1e8-99f60b6f9e02,8ae45e1c-e14b-46ee-9463-8c09d8afcf60,94b9fcaf-3177-420b-8c6a-cf066aa12d22,1627365679379,13.4143602,52.481031,7.421976,-0.80796957,-0.5164237,-3.5777464,on bike mount,cyclo cross,False,asphalt,excellent
521f7052-88c1-49eb-a1e8-99f60b6f9e02,8ae45e1c-e14b-46ee-9463-8c09d8afcf60,eafccc6b-54fe-432a-9f71-cf1c1472e367,1627365679429,13.4143602,52.481031,7.421976,0.56890637,-1.6364844,-1.1787438,on bike mount,cyclo cross,False,asphalt,excellent
521f7052-88c1-49eb-a1e8-99f60b6f9e02,8ae45e1c-e14b-46ee-9463-8c09d8afcf60,46c8f995-c5bd-4687-af50-8f1d4ca846ab,1627365679479,13.4143602,52.481031,7.421976,-0.22580963,-0.94731855,1.5665026,on bike mount,cyclo cross,False,asphalt,excellent
521f7052-88c1-49eb-a1e8-99f60b6f9e02,8ae45e1c-e14b-46ee-9463-8c09d8afcf60,4251046b-c52b-48c8-824e-40f23c99c478,1627365679529,13.4143602,52.481031,7.421976,-0.84093416,-0.8438721,2.6380463,on bike mount,cyclo cross,False,asphalt,excellent
521f7052-88c1-49eb-a1e8-99f60b6f9e02,8ae45e1c-e14b-46ee-9463-8c09d8afcf60,c116d286-38e3-4abe-a4b3-d776e37929ac,1627365679580,13.4143602,52.481031,7.421976,0.14861786,-0.1506648,-1.7732415,on bike mount,cyclo cross,False,asphalt,excellent
521f7052-88c1-49eb-a1e8-99f60b6f9e02,8ae45e1c-e14b-46ee-9463-8c09d8afcf60,dbd98406-40ad-4705-9d10-d388def913de,1627365679630,13.4143602,52.481031,7.421976,0.5602658,1.8203707,-2.01128,on bike mount,cyclo cross,False,asphalt,excellent
521f7052-88c1-49eb-a1e8-99f60b6f9e02,8ae45e1c-e14b-46ee-9463-8c09d8afcf60,2e321b22-d775-4dcb-8ce0-1b1c4367a0de,1627365679680,13.4143602,52.481031,7.421976,-1.1325884,4.277598,-1.089273,on bike mount,cyclo cross,False,asphalt,excellent
521f7052-88c1-49eb-a1e8-99f60b6f9e02,8ae45e1c-e14b-46ee-9463-8c09d8afcf60,c2af6fa0-c4b7-4640-88a3-135f6c154bb4,1627365679730,13.4143602,52.481031,7.421976,1.043441,-1.7374898,1.1972513,on bike mount,cyclo cross,False,asphalt,excellent
521f7052-88c1-49eb-a1e8-99f60b6f9e02,8ae45e1c-e14b-46ee-9463-8c09d8afcf60,eda5dc94-c6fd-4d95-a6a4-280c3cd439a9,1627365679780,13.4143602,52.481031,7.421976,0.7498846,-0.89303946,-2.4842496,on bike mount,cyclo cross,False,asphalt,excellent
521f7052-88c1-49eb-a1e8-99f60b6f9e02,8ae45e1c-e14b-46ee-9463-8c09d8afcf60,4ddca961-849c-4d11-a9e0-0d534d9375f6,1627365679847,13.4143602,52.481031,7.421976,-0.46723896,-0.3942554,1.6476536,on bike mount,cyclo cross,False,asphalt,excellent
521f7052-88c1-49eb-a1e8-99f60b6f9e02,8ae45e1c-e14b-46ee-9463-8c09d8afcf60,75763193-3f16-4ed8-8d3c-b7ff212f14ad,1627365679897,13.4143602,52.481031,7.421976,-0.27375445,-0.013302088,-0.11646843,on bike mount,cyclo cross,False,asphalt,excellent
521f7052-88c1-49eb-a1e8-99f60b6f9e02,8ae45e1c-e14b-46ee-9463-8c09d8afcf60,877827a4-548a-4c60-9bd5-cd1655b1d6c5,1627365679947,13.4143602,52.481031,7.421976,-1.2611701,-1.4077151,1.1061172,on bike mount,cyclo cross,False,asphalt,excellent
521f7052-88c1-49eb-a1e8-99f60b6f9e02,8ae45e1c-e14b-46ee-9463-8c09d8afcf60,18227ca7-2c57-4d94-8fee-5abcdd6865aa,1627365679999,13.4143602,52.481031,7.421976,0.48040643,-1.2983245,1.9500742,on bike mount,cyclo cross,False,asphalt,excellent
521f7052-88c1-49eb-a1e8-99f60b6f9e02,8ae45e1c-e14b-46ee-9463-8c09d8afcf60,83cc3c45-6ed7-4047-aa80-5a292944e2ee,1627365680048,13.4143602,52.481031,7.421976,-0.4758308,1.5608077,-1.3849492,on bike mount,cyclo cross,False,asphalt,excellent
521f7052-88c1-49eb-a1e8-99f60b6f9e02,8ae45e1c-e14b-46ee-9463-8c09d8afcf60,0237d8b7-7006-4f17-8e54-8a9f908713e5,1627365680113,13.4142543,52.4810542,7.4107776,-0.50437754,0.50537086,-2.005333,on bike mount,cyclo cross,False,asphalt,excellent
521f7052-88c1-49eb-a1e8-99f60b6f9e02,8ae45e1c-e14b-46ee-9463-8c09d8afcf60,629bc8e5-34ad-4a63-b753-63c66fec1e67,1627365680163,13.4142543,52.4810542,7.4107776,0.7629799,3.8968306,0.5716076,on bike mount,cyclo cross,False,asphalt,excellent
521f7052-88c1-49eb-a1e8-99f60b6f9e02,8ae45e1c-e14b-46ee-9463-8c09d8afcf60,c5d81200-9378-4d54-bd99-016912fbf8a6,1627365680214,13.4142543,52.4810542,7.4107776,-0.15103899,0.94965315,0.19169807,on bike mount,cyclo cross,False,asphalt,excellent
521f7052-88c1-49eb-a1e8-99f60b6f9e02,8ae45e1c-e14b-46ee-9463-8c09d8afcf60,913a850a-95d3-4e56-be4d-f8058aa410fb,1627365680264,13.4142543,52.4810542,7.4107776,0.14924826,-1.5741355,-1.2503014,on bike mount,cyclo cross,False,asphalt,excellent
521f7052-88c1-49eb-a1e8-99f60b6f9e02,8ae45e1c-e14b-46ee-9463-8c09d8afcf60,3e3555c9-6b7b-429f-8028-691235b6e3c6,1627365680314,13.4142543,52.4810542,7.4107776,-0.5002844,-2.0623653,0.051696777,on bike mount,cyclo cross,False,asphalt,excellent
521f7052-88c1-49eb-a1e8-99f60b6f9e02,8ae45e1c-e14b-46ee-9463-8c09d8afcf60,97e631cb-6101-4622-a6b0-ce59ddded24b,1627365680381,13.4142543,52.4810542,7.4107776,-2.2908502,1.7359786,-1.7362828,on bike mount,cyclo cross,False,asphalt,excellent
521f7052-88c1-49eb-a1e8-99f60b6f9e02,8ae45e1c-e14b-46ee-9463-8c09d8afcf60,a8bad5cd-cdfb-40f0-88d9-75edcd661bb7,1627365680432,13.4142543,52.4810542,7.4107776,0.38404122,1.1605573,-3.1518617,on bike mount,cyclo cross,False,asphalt,excellent
521f7052-88c1-49eb-a1e8-99f60b6f9e02,8ae45e1c-e14b-46ee-9463-8c09d8afcf60,be1d64e9-08d2-4cfa-b720-b5a416b657c6,1627365680482,13.4142543,52.4810542,7.4107776,0.38096374,-0.979048,3.5007153,on bike mount,cyclo cross,False,asphalt,excellent
521f7052-88c1-49eb-a1e8-99f60b6f9e02,8ae45e1c-e14b-46ee-9463-8c09d8afcf60,4d0e3ce0-878a-4462-9283-ff629837e3b5,1627365680532,13.4142543,52.4810542,7.4107776,-0.96252114,0.68744874,-4.842655,on bike mount,cyclo cross,False,asphalt,excellent
521f7052-88c1-49eb-a1e8-99f60b6f9e02,8ae45e1c-e14b-46ee-9463-8c09d8afcf60,16d14e7e-889a-4cd4-9d32-e85d2e787e5c,1627365680582,13.4142543,52.4810542,7.4107776,1.3214566,-5.127898,3.6083002,on bike mount,cyclo cross,False,asphalt,excellent
521f7052-88c1-49eb-a1e8-99f60b6f9e02,8ae45e1c-e14b-46ee-9463-8c09d8afcf60,d7c5adab-6d7e-45af-9576-3ee6844bea0c,1627365680648,13.4142543,52.4810542,7.4107776,-0.14000973,-0.7777262,0.21926117,on bike mount,cyclo cross,False,asphalt,excellent
521f7052-88c1-49eb-a1e8-99f60b6f9e02,8ae45e1c-e14b-46ee-9463-8c09d8afcf60,43595200-c2e3-4f3e-a0dd-7966ffbfa663,1627365680698,13.4142543,52.4810542,7.4107776,0.29561663,1.1270194,0.71400833,on bike mount,cyclo cross,False,asphalt,excellent
521f7052-88c1-49eb-a1e8-99f60b6f9e02,8ae45e1c-e14b-46ee-9463-8c09d8afcf60,f1ae004a-4e4a-499e-b3ac-fd630581aad5,1627365680749,13.4142543,52.4810542,7.4107776,-0.7208747,0.26879692,0.42481804,on bike mount,cyclo cross,False,asphalt,excellent
521f7052-88c1-49eb-a1e8-99f60b6f9e02,8ae45e1c-e14b-46ee-9463-8c09d8afcf60,3ede8f4d-8474-4cfc-9f06-08d58208663b,1627365680799,13.4142543,52.4810542,7.4107776,-0.85494053,2.0990047,-0.66632366,on bike mount,cyclo cross,False,asphalt,excellent
521f7052-88c1-49eb-a1e8-99f60b6f9e02,8ae45e1c-e14b-46ee-9463-8c09d8afcf60,655da264-15f9-4426-bf37-cae87d16f21e,1627365680849,13.4142543,52.4810542,7.4107776,-0.09627251,-2.1751428,-0.65795326,on bike mount,cyclo cross,False,asphalt,excellent
521f7052-88c1-49eb-a1e8-99f60b6f9e02,8ae45e1c-e14b-46ee-9463-8c09d8afcf60,5ead3efa-2628-446d-bd56-2e30fbd0a496,1627365680899,13.4142543,52.4810542,7.4107776,0.03992492,1.273797,-0.5534582,on bike mount,cyclo cross,False,asphalt,excellent
521f7052-88c1-49eb-a1e8-99f60b6f9e02,8ae45e1c-e14b-46ee-9463-8c09d8afcf60,0b3ee1dd-8690-42b2-9c9a-d44818c52ef6,1627365680949,13.4142543,52.4810542,7.4107776,-0.42837277,-0.78705454,0.40150833,on bike mount,cyclo cross,False,asphalt,excellent
521f7052-88c1-49eb-a1e8-99f60b6f9e02,8ae45e1c-e14b-46ee-9463-8c09d8afcf60,43eefffc-6618-4bc2-9982-83f8a10722de,1627365680999,13.4142543,52.4810542,7.4107776,1.2479032,-1.5913528,0.07736397,on bike mount,cyclo cross,False,asphalt,excellent
521f7052-88c1-49eb-a1e8-99f60b6f9e02,8ae45e1c-e14b-46ee-9463-8c09d8afcf60,b75ac3a9-20e2-486b-b5c9-646c73a2f731,1627365681050,13.4142543,52.4810542,7.4107776,-0.4096889,1.502574,-0.29630327,on bike mount,cyclo cross,False,asphalt,excellent
521f7052-88c1-49eb-a1e8-99f60b6f9e02,8ae45e1c-e14b-46ee-9463-8c09d8afcf60,9ac133be-c26a-4554-b580-a138ba250309,1627365681099,13.4141453,52.4810761,7.690034,-0.41800526,0.307791,-0.43550873,on bike mount,cyclo cross,False,asphalt,excellent
521f7052-88c1-49eb-a1e8-99f60b6f9e02,8ae45e1c-e14b-46ee-9463-8c09d8afcf60,7df969e1-95a9-4a99-ae05-8b588654a611,1627365681149,13.4141453,52.4810761,7.690034,2.8625846,0.92355347,-0.6662798,on bike mount,cyclo cross,False,asphalt,excellent
521f7052-88c1-49eb-a1e8-99f60b6f9e02,8ae45e1c-e14b-46ee-9463-8c09d8afcf60,1d277a96-d1ed-479a-914e-4977aea08ae0,1627365681199,13.4141453,52.4810761,7.690034,0.86786985,0.13737917,-1.5015516,on bike mount,cyclo cross,False,asphalt,excellent
521f7052-88c1-49eb-a1e8-99f60b6f9e02,8ae45e1c-e14b-46ee-9463-8c09d8afcf60,407da090-97bb-4be4-9a35-d526537e90b4,1627365681249,13.4141453,52.4810761,7.690034,-0.6912146,-0.64756584,1.8991528,on bike mount,cyclo cross,False,asphalt,excellent
521f7052-88c1-49eb-a1e8-99f60b6f9e02,8ae45e1c-e14b-46ee-9463-8c09d8afcf60,455e69b7-abad-4619-8ef4-673c55543d33,1627365681299,13.4141453,52.4810761,7.690034,2.018807,0.26441574,-1.0374823,on bike mount,cyclo cross,False,asphalt,excellent
521f7052-88c1-49eb-a1e8-99f60b6f9e02,8ae45e1c-e14b-46ee-9463-8c09d8afcf60,23451f17-0b39-45c8-a25b-fd726391e30b,1627365681349,13.4141453,52.4810761,7.690034,-0.18530804,-0.5645025,-0.3386364,on bike mount,cyclo cross,False,asphalt,excellent
521f7052-88c1-49eb-a1e8-99f60b6f9e02,8ae45e1c-e14b-46ee-9463-8c09d8afcf60,26467f80-1142-402f-bd23-ae30da15bb4c,1627365681399,13.4141453,52.4810761,7.690034,0.51630086,0.070849895,-0.71885395,on bike mount,cyclo cross,False,asphalt,excellent
521f7052-88c1-49eb-a1e8-99f60b6f9e02,8ae45e1c-e14b-46ee-9463-8c09d8afcf60,ddf090f8-2fb6-4718-9d68-8925ead4d4e9,1627365681466,13.4141453,52.4810761,7.690034,-0.19403574,0.9431977,1.9854679,on bike mount,cyclo cross,False,asphalt,excellent
521f7052-88c1-49eb-a1e8-99f60b6f9e02,8ae45e1c-e14b-46ee-9463-8c09d8afcf60,d982315e-3a80-4724-acc8-3dc0bcd0ab09,1627365681515,13.4141453,52.4810761,7.690034,-0.78058016,-0.42240024,-0.35369396,on bike mount,cyclo cross,False,asphalt,excellent
521f7052-88c1-49eb-a1e8-99f60b6f9e02,8ae45e1c-e14b-46ee-9463-8c09d8afcf60,21cd22fd-f068-4c8c-bfa1-1de44e9a387f,1627365681565,13.4141453,52.4810761,7.690034,1.0772952,0.79149675,0.29326344,on bike mount,cyclo cross,False,asphalt,excellent
521f7052-88c1-49eb-a1e8-99f60b6f9e02,8ae45e1c-e14b-46ee-9463-8c09d8afcf60,e824180f-867c-4765-ab09-8937729f327e,1627365681615,13.4141453,52.4810761,7.690034,0.5048248,-1.1821576,0.9781141,on bike mount,cyclo cross,False,asphalt,excellent
521f7052-88c1-49eb-a1e8-99f60b6f9e02,8ae45e1c-e14b-46ee-9463-8c09d8afcf60,7a9d18b4-7a93-474e-a1f3-90405abab297,1627365681665,13.4141453,52.4810761,7.690034,-0.26275885,-0.31280398,-1.3588948,on bike mount,cyclo cross,False,asphalt,excellent
521f7052-88c1-49eb-a1e8-99f60b6f9e02,8ae45e1c-e14b-46ee-9463-8c09d8afcf60,05bdcf41-0673-41d2-a99b-fe2aee1600a7,1627365681733,13.4141453,52.4810761,7.690034,0.006911665,1.560622,1.0665035,on bike mount,cyclo cross,False,asphalt,excellent
521f7052-88c1-49eb-a1e8-99f60b6f9e02,8ae45e1c-e14b-46ee-9463-8c09d8afcf60,587c53a8-795e-44c1-bbf9-aa2896696437,1627365681782,13.4141453,52.4810761,7.690034,-0.9392022,2.8072667,-4.118578,on bike mount,cyclo cross,False,asphalt,excellent
521f7052-88c1-49eb-a1e8-99f60b6f9e02,8ae45e1c-e14b-46ee-9463-8c09d8afcf60,474eca96-dc86-4e4c-812b-ebd34e044752,1627365681832,13.4141453,52.4810761,7.690034,0.87538743,-0.06277466,0.5103483,on bike mount,cyclo cross,False,asphalt,excellent
521f7052-88c1-49eb-a1e8-99f60b6f9e02,8ae45e1c-e14b-46ee-9463-8c09d8afcf60,34fcf518-b161-4054-976e-23d771f57fe8,1627365681882,13.4141453,52.4810761,7.690034,-0.093416214,-1.0970984,1.7077703,on bike mount,cyclo cross,False,asphalt,excellent
521f7052-88c1-49eb-a1e8-99f60b6f9e02,8ae45e1c-e14b-46ee-9463-8c09d8afcf60,86f20a2d-a838-4208-a423-772d0993d1c6,1627365681932,13.4141453,52.4810761,7.690034,-0.6036632,-1.5715604,0.44826984,on bike mount,cyclo cross,False,asphalt,excellent
521f7052-88c1-49eb-a1e8-99f60b6f9e02,8ae45e1c-e14b-46ee-9463-8c09d8afcf60,7f1b171f-a8f4-4871-8d55-ef4fd0152320,1627365681982,13.4141453,52.4810761,7.690034,0.6828071,0.36568713,1.757349,on bike mount,cyclo cross,False,asphalt,excellent
521f7052-88c1-49eb-a1e8-99f60b6f9e02,8ae45e1c-e14b-46ee-9463-8c09d8afcf60,c0874547-5caf-46d9-9c54-710158202652,1627365682032,13.4141453,52.4810761,7.690034,0.00048254803,0.60805273,-2.6569414,on bike mount,cyclo cross,False,asphalt,excellent
521f7052-88c1-49eb-a1e8-99f60b6f9e02,8ae45e1c-e14b-46ee-9463-8c09d8afcf60,f4c27a3d-a8d5-46ea-8bc7-91757cdc9432,1627365682082,13.4140342,52.4810942,7.5362015,-0.62529695,-1.2767816,-2.0691266,on bike mount,cyclo cross,False,asphalt,excellent
521f7052-88c1-49eb-a1e8-99f60b6f9e02,8ae45e1c-e14b-46ee-9463-8c09d8afcf60,d4d6bbc9-975e-437c-baef-0638d62e08dd,1627365682132,13.4140342,52.4810942,7.5362015,0.2921574,2.0769024,3.1596594,on bike mount,cyclo cross,False,asphalt,excellent
521f7052-88c1-49eb-a1e8-99f60b6f9e02,8ae45e1c-e14b-46ee-9463-8c09d8afcf60,8615f1fe-93a8-4c5a-891e-c111ecacf064,1627365682182,13.4140342,52.4810942,7.5362015,-1.3208781,-0.45084834,0.5335312,on bike mount,cyclo cross,False,asphalt,excellent
521f7052-88c1-49eb-a1e8-99f60b6f9e02,8ae45e1c-e14b-46ee-9463-8c09d8afcf60,2a9159e6-c628-4a0c-b250-dc77e69bf8ef,1627365682232,13.4140342,52.4810942,7.5362015,-1.9006194,-1.4006907,3.6243696,on bike mount,cyclo cross,False,asphalt,excellent
521f7052-88c1-49eb-a1e8-99f60b6f9e02,8ae45e1c-e14b-46ee-9463-8c09d8afcf60,d4918f4f-b5b4-4c19-a3dd-c93f718b5d37,1627365682282,13.4140342,52.4810942,7.5362015,0.12167134,3.6764483,0.108784676,on bike mount,cyclo cross,False,asphalt,excellent
521f7052-88c1-49eb-a1e8-99f60b6f9e02,8ae45e1c-e14b-46ee-9463-8c09d8afcf60,4247505e-c5c6-48e8-8a4a-88b0f5188b4a,1627365682332,13.4140342,52.4810942,7.5362015,-1.2221004,-0.8086877,3.085415,on bike mount,cyclo cross,False,asphalt,excellent
521f7052-88c1-49eb-a1e8-99f60b6f9e02,8ae45e1c-e14b-46ee-9463-8c09d8afcf60,5c5da21e-defe-48cd-8bc4-9d8cd09d18d4,1627365682382,13.4140342,52.4810942,7.5362015,0.402667,-2.3301318,0.6837826,on bike mount,cyclo cross,False,asphalt,excellent
521f7052-88c1-49eb-a1e8-99f60b6f9e02,8ae45e1c-e14b-46ee-9463-8c09d8afcf60,b4c629f5-3491-4ab4-8bce-7d102ecf86af,1627365682432,13.4140342,52.4810942,7.5362015,0.9437089,2.5656724,-3.4758067,on bike mount,cyclo cross,False,asphalt,excellent
521f7052-88c1-49eb-a1e8-99f60b6f9e02,8ae45e1c-e14b-46ee-9463-8c09d8afcf60,ac91d100-36d3-4124-b382-d4f1f29a20c1,1627365682482,13.4140342,52.4810942,7.5362015,-1.1314249,1.9756265,-2.301793,on bike mount,cyclo cross,False,asphalt,excellent
521f7052-88c1-49eb-a1e8-99f60b6f9e02,8ae45e1c-e14b-46ee-9463-8c09d8afcf60,e12dbe26-a29e-412a-8b58-6482bec97cea,1627365682533,13.4140342,52.4810942,7.5362015,0.75995696,-0.1755526,1.4866343,on bike mount,cyclo cross,False,asphalt,excellent
521f7052-88c1-49eb-a1e8-99f60b6f9e02,8ae45e1c-e14b-46ee-9463-8c09d8afcf60,a693e542-7251-4635-9911-bcec0cb9197b,1627365682583,13.4140342,52.4810942,7.5362015,1.0244083,-0.21475863,2.345335,on bike mount,cyclo cross,False,asphalt,excellent
521f7052-88c1-49eb-a1e8-99f60b6f9e02,8ae45e1c-e14b-46ee-9463-8c09d8afcf60,8bd04c92-2223-44d9-b355-777724cfdbb1,1627365682633,13.4140342,52.4810942,7.5362015,-0.21522497,-2.2476277,-0.25479507,on bike mount,cyclo cross,False,asphalt,excellent
521f7052-88c1-49eb-a1e8-99f60b6f9e02,8ae45e1c-e14b-46ee-9463-8c09d8afcf60,217f5780-166b-4458-9182-e3903e33af4e,1627365682683,13.4140342,52.4810942,7.5362015,1.1564065,1.7764354,-0.009140968,on bike mount,cyclo cross,False,asphalt,excellent
521f7052-88c1-49eb-a1e8-99f60b6f9e02,8ae45e1c-e14b-46ee-9463-8c09d8afcf60,286fc2d7-f839-4469-95a8-04dab3c3987c,1627365682734,13.4140342,52.4810942,7.5362015,-0.055327684,-0.49599957,0.6926193,on bike mount,cyclo cross,False,asphalt,excellent
521f7052-88c1-49eb-a1e8-99f60b6f9e02,8ae45e1c-e14b-46ee-9463-8c09d8afcf60,ca3ee9bb-15b9-4219-8b0e-861750e32686,1627365682784,13.4140342,52.4810942,7.5362015,-0.32378048,-0.2588508,-0.54551697,on bike mount,cyclo cross,False,asphalt,excellent
521f7052-88c1-49eb-a1e8-99f60b6f9e02,8ae45e1c-e14b-46ee-9463-8c09d8afcf60,8cfcd046-3cd3-4016-b1be-af0baf21aef7,1627365682834,13.4140342,52.4810942,7.5362015,0.48476774,1.6146965,-1.9746671,on bike mount,cyclo cross,False,asphalt,excellent
521f7052-88c1-49eb-a1e8-99f60b6f9e02,8ae45e1c-e14b-46ee-9463-8c09d8afcf60,02996e0a-4127-4c00-b010-87ab4c31a01a,1627365682884,13.4140342,52.4810942,7.5362015,0.20666607,-1.5973827,-0.55529976,on bike mount,cyclo cross,False,asphalt,excellent
521f7052-88c1-49eb-a1e8-99f60b6f9e02,8ae45e1c-e14b-46ee-9463-8c09d8afcf60,8cd61ad5-1809-4c15-9187-33996161977b,1627365682934,13.4140342,52.4810942,7.5362015,-0.47112787,-0.6747184,-0.4645939,on bike mount,cyclo cross,False,asphalt,excellent
521f7052-88c1-49eb-a1e8-99f60b6f9e02,8ae45e1c-e14b-46ee-9463-8c09d8afcf60,95cf0b51-7984-4cff-8912-f5061fbc2c3d,1627365682984,13.4140342,52.4810942,7.5362015,0.58679616,-1.3071332,2.541562,on bike mount,cyclo cross,False,asphalt,excellent
521f7052-88c1-49eb-a1e8-99f60b6f9e02,8ae45e1c-e14b-46ee-9463-8c09d8afcf60,6a0778de-f9fd-4568-a761-a581472b1a62,1627365683034,13.4140342,52.4810942,7.5362015,-0.6032107,-0.86575055,-2.0407138,on bike mount,cyclo cross,False,asphalt,excellent
521f7052-88c1-49eb-a1e8-99f60b6f9e02,8ae45e1c-e14b-46ee-9463-8c09d8afcf60,9f6c3ef3-7f6e-484a-8a75-bb85d961b641,1627365683086,13.4139325,52.4811143,7.017402,1.2868536,-2.826676,1.4519196,on bike mount,cyclo cross,False,asphalt,excellent
521f7052-88c1-49eb-a1e8-99f60b6f9e02,8ae45e1c-e14b-46ee-9463-8c09d8afcf60,f7273740-d8a5-442b-a51f-c3498be51537,1627365683136,13.4139325,52.4811143,7.017402,1.5124371,-0.37803745,0.9670572,on bike mount,cyclo cross,False,asphalt,excellent
521f7052-88c1-49eb-a1e8-99f60b6f9e02,8ae45e1c-e14b-46ee-9463-8c09d8afcf60,9d95ee98-2406-4ef0-848b-b89fba60e635,1627365683186,13.4139325,52.4811143,7.017402,-1.7072651,-0.89249885,-0.5050478,on bike mount,cyclo cross,False,asphalt,excellent
521f7052-88c1-49eb-a1e8-99f60b6f9e02,8ae45e1c-e14b-46ee-9463-8c09d8afcf60,283d748f-679a-410c-8495-c7494bad49b7,1627365683236,13.4139325,52.4811143,7.017402,0.6003443,2.9326038,-2.6458817,on bike mount,cyclo cross,False,asphalt,excellent
521f7052-88c1-49eb-a1e8-99f60b6f9e02,8ae45e1c-e14b-46ee-9463-8c09d8afcf60,e667f286-f7a4-45a5-89a9-9713054255c0,1627365683287,13.4139325,52.4811143,7.017402,0.22992525,0.43821192,0.32674313,on bike mount,cyclo cross,False,asphalt,excellent
521f7052-88c1-49eb-a1e8-99f60b6f9e02,8ae45e1c-e14b-46ee-9463-8c09d8afcf60,c0c3276f-b538-4ee6-bca8-de2f63cfe342,1627365683351,13.4139325,52.4811143,7.017402,-1.1543586,1.008574,-1.8199186,on bike mount,cyclo cross,False,asphalt,excellent
521f7052-88c1-49eb-a1e8-99f60b6f9e02,8ae45e1c-e14b-46ee-9463-8c09d8afcf60,a188080d-b80f-465f-b96d-e4db000c84a2,1627365683401,13.4139325,52.4811143,7.017402,1.1500357,0.5093448,-0.44373322,on bike mount,cyclo cross,False,asphalt,excellent
521f7052-88c1-49eb-a1e8-99f60b6f9e02,8ae45e1c-e14b-46ee-9463-8c09d8afcf60,03acc2a3-eeb5-4904-a4c5-9f922cb42b05,1627365683451,13.4139325,52.4811143,7.017402,1.000408,-3.3645573,0.49329472,on bike mount,cyclo cross,False,asphalt,excellent
521f7052-88c1-49eb-a1e8-99f60b6f9e02,8ae45e1c-e14b-46ee-9463-8c09d8afcf60,6dec3556-ee4f-4e77-95b7-d9b69be78b47,1627365683502,13.4139325,52.4811143,7.017402,0.26780218,0.33086038,-0.24236012,on bike mount,cyclo cross,False,asphalt,excellent
521f7052-88c1-49eb-a1e8-99f60b6f9e02,8ae45e1c-e14b-46ee-9463-8c09d8afcf60,211a604b-7495-4663-b581-6c3fb50cd16c,1627365683552,13.4139325,52.4811143,7.017402,-0.8843703,10.292254,-2.6637616,on bike mount,cyclo cross,False,asphalt,excellent
521f7052-88c1-49eb-a1e8-99f60b6f9e02,8ae45e1c-e14b-46ee-9463-8c09d8afcf60,4f0cff21-e762-4b66-afed-d26d6f13f4b4,1627365683618,13.4139325,52.4811143,7.017402,-1.1372092,2.1905723,-1.1682558,on bike mount,cyclo cross,False,asphalt,excellent
521f7052-88c1-49eb-a1e8-99f60b6f9e02,8ae45e1c-e14b-46ee-9463-8c09d8afcf60,459acf15-ad12-41d3-a9dc-457d9dcb5e92,1627365683668,13.4139325,52.4811143,7.017402,0.762626,3.481174,2.1138573,on bike mount,cyclo cross,False,asphalt,excellent
521f7052-88c1-49eb-a1e8-99f60b6f9e02,8ae45e1c-e14b-46ee-9463-8c09d8afcf60,9148a754-fabb-41a4-b38f-0562c46d5c6b,1627365683718,13.4139325,52.4811143,7.017402,0.6438249,-3.6878452,-2.2135134,on bike mount,cyclo cross,False,asphalt,excellent
521f7052-88c1-49eb-a1e8-99f60b6f9e02,8ae45e1c-e14b-46ee-9463-8c09d8afcf60,c62c43b9-8356-4488-9645-8e89ac91ec9c,1627365683768,13.4139325,52.4811143,7.017402,0.5396607,-1.3276284,0.019921303,on bike mount,cyclo cross,False,asphalt,excellent
521f7052-88c1-49eb-a1e8-99f60b6f9e02,8ae45e1c-e14b-46ee-9463-8c09d8afcf60,2c707c4b-1240-448d-892e-76aedf16a661,1627365683818,13.4139325,52.4811143,7.017402,1.2903087,0.7599802,-0.1233778,on bike mount,cyclo cross,False,asphalt,excellent
521f7052-88c1-49eb-a1e8-99f60b6f9e02,8ae45e1c-e14b-46ee-9463-8c09d8afcf60,46cb551e-f593-4a25-9108-46ca5786121f,1627365683868,13.4139325,52.4811143,7.017402,-1.5699997,-0.39485097,1.3686724,on bike mount,cyclo cross,False,asphalt,excellent
521f7052-88c1-49eb-a1e8-99f60b6f9e02,8ae45e1c-e14b-46ee-9463-8c09d8afcf60,452eb298-9a75-40f5-90ab-a0a7ee4e87a4,1627365683918,13.4139325,52.4811143,7.017402,0.689976,2.1913483,-0.39365196,on bike mount,cyclo cross,False,asphalt,excellent
521f7052-88c1-49eb-a1e8-99f60b6f9e02,8ae45e1c-e14b-46ee-9463-8c09d8afcf60,981666a2-4dd6-4fdc-aba8-0d1c769965fa,1627365683968,13.4139325,52.4811143,7.017402,0.96932924,-2.5561063,1.6770773,on bike mount,cyclo cross,False,asphalt,excellent
521f7052-88c1-49eb-a1e8-99f60b6f9e02,8ae45e1c-e14b-46ee-9463-8c09d8afcf60,c80f5088-fb91-4f76-8c70-35f55dd3b052,1627365684018,13.4139325,52.4811143,7.017402,-0.41630137,-0.7900245,0.49144554,on bike mount,cyclo cross,False,asphalt,excellent
521f7052-88c1-49eb-a1e8-99f60b6f9e02,8ae45e1c-e14b-46ee-9463-8c09d8afcf60,ec0043ba-8623-4a41-b538-98ed97483613,1627365684068,13.4139325,52.4811143,7.017402,0.14082569,1.8426504,0.19391537,on bike mount,cyclo cross,False,asphalt,excellent
521f7052-88c1-49eb-a1e8-99f60b6f9e02,8ae45e1c-e14b-46ee-9463-8c09d8afcf60,b103e99a-4c39-4415-ae74-78d6d5afcc3e,1627365684119,13.4138317,52.4811341,7.310145,-0.060750335,-0.9044162,0.3317604,on bike mount,cyclo cross,False,asphalt,excellent
521f7052-88c1-49eb-a1e8-99f60b6f9e02,8ae45e1c-e14b-46ee-9463-8c09d8afcf60,6a0971a7-a404-4953-9b69-a845dbc68271,1627365684168,13.4138317,52.4811341,7.310145,0.17688784,1.8881612,-2.623159,on bike mount,cyclo cross,False,asphalt,excellent
521f7052-88c1-49eb-a1e8-99f60b6f9e02,8ae45e1c-e14b-46ee-9463-8c09d8afcf60,efcddaac-895a-4606-b5ce-02e42ceccace,1627365684218,13.4138317,52.4811341,7.310145,1.1253617,0.6437292,-2.7102938,on bike mount,cyclo cross,False,asphalt,excellent
521f7052-88c1-49eb-a1e8-99f60b6f9e02,8ae45e1c-e14b-46ee-9463-8c09d8afcf60,868a7d9c-1284-4fd7-8a1c-7445ed81143c,1627365684268,13.4138317,52.4811341,7.310145,0.17461175,-1.1155596,1.7762547,on bike mount,cyclo cross,False,asphalt,excellent
521f7052-88c1-49eb-a1e8-99f60b6f9e02,8ae45e1c-e14b-46ee-9463-8c09d8afcf60,06b85bb6-563f-4b62-a6d1-1fe17c6feb9d,1627365684318,13.4138317,52.4811341,7.310145,-0.45144898,-0.45263696,0.79500484,on bike mount,cyclo cross,False,asphalt,excellent
521f7052-88c1-49eb-a1e8-99f60b6f9e02,8ae45e1c-e14b-46ee-9463-8c09d8afcf60,c1ff2e47-c619-4d1d-bd87-5b13e3d73976,1627365684368,13.4138317,52.4811341,7.310145,0.7708224,0.9228909,-2.2030468,on bike mount,cyclo cross,False,asphalt,excellent
521f7052-88c1-49eb-a1e8-99f60b6f9e02,8ae45e1c-e14b-46ee-9463-8c09d8afcf60,d3aca467-c73e-44ae-8d3e-d229c029b820,1627365684435,13.4138317,52.4811341,7.310145,-0.012157172,-2.1507797,1.4907427,on bike mount,cyclo cross,False,asphalt,excellent
521f7052-88c1-49eb-a1e8-99f60b6f9e02,8ae45e1c-e14b-46ee-9463-8c09d8afcf60,e8e732c7-9d36-4ca4-be39-2a2bdd41b150,1627365684485,13.4138317,52.4811341,7.310145,0.7940903,-1.4711934,-0.89657116,on bike mount,cyclo cross,False,asphalt,excellent
521f7052-88c1-49eb-a1e8-99f60b6f9e02,8ae45e1c-e14b-46ee-9463-8c09d8afcf60,b417f3ea-2665-4e3d-b846-dc9aa91895e3,1627365684535,13.4138317,52.4811341,7.310145,0.45103896,3.4751654,-2.9761362,on bike mount,cyclo cross,False,asphalt,excellent
521f7052-88c1-49eb-a1e8-99f60b6f9e02,8ae45e1c-e14b-46ee-9463-8c09d8afcf60,fe492b90-f9d5-4f77-8860-1dd3734ed4e3,1627365684585,13.4138317,52.4811341,7.310145,0.11631002,0.8367188,4.754962,on bike mount,cyclo cross,False,asphalt,excellent
521f7052-88c1-49eb-a1e8-99f60b6f9e02,8ae45e1c-e14b-46ee-9463-8c09d8afcf60,56224303-85b0-447e-b9d2-21fd8be34749,1627365684635,13.4138317,52.4811341,7.310145,2.172306,-2.6350353,-2.3304276,on bike mount,cyclo cross,False,asphalt,excellent
521f7052-88c1-49eb-a1e8-99f60b6f9e02,8ae45e1c-e14b-46ee-9463-8c09d8afcf60,d2bb786e-f6d3-4181-9756-22d57435f668,1627365684702,13.4138317,52.4811341,7.310145,-1.8283145,-0.8285849,0.82074356,on bike mount,cyclo cross,False,asphalt,excellent
521f7052-88c1-49eb-a1e8-99f60b6f9e02,8ae45e1c-e14b-46ee-9463-8c09d8afcf60,d5d72005-f7f2-4d46-9dc2-a86b6828b702,1627365684752,13.4138317,52.4811341,7.310145,0.35806435,-2.9504871,-1.014247,on bike mount,cyclo cross,False,asphalt,excellent
521f7052-88c1-49eb-a1e8-99f60b6f9e02,8ae45e1c-e14b-46ee-9463-8c09d8afcf60,560eae75-4516-4ab3-a841-aac3eed8494a,1627365684802,13.4138317,52.4811341,7.310145,0.24676591,0.5354717,0.27973795,on bike mount,cyclo cross,False,asphalt,excellent
521f7052-88c1-49eb-a1e8-99f60b6f9e02,8ae45e1c-e14b-46ee-9463-8c09d8afcf60,e5b0f62c-b977-4289-a961-62191ff284bb,1627365684852,13.4138317,52.4811341,7.310145,-0.57359207,-1.8816888,2.673028,on bike mount,cyclo cross,False,asphalt,excellent
521f7052-88c1-49eb-a1e8-99f60b6f9e02,8ae45e1c-e14b-46ee-9463-8c09d8afcf60,4a740314-8799-465a-8ec9-79c351dbca4e,1627365684902,13.4138317,52.4811341,7.310145,0.54259926,-5.138328,3.199441,on bike mount,cyclo cross,False,asphalt,excellent
521f7052-88c1-49eb-a1e8-99f60b6f9e02,8ae45e1c-e14b-46ee-9463-8c09d8afcf60,d6c8e2b7-9f5e-4bca-9f1b-c6f612d8fe57,1627365684969,13.4138317,52.4811341,7.310145,-1.1088412,2.1355743,0.8280792,on bike mount,cyclo cross,False,asphalt,excellent
521f7052-88c1-49eb-a1e8-99f60b6f9e02,8ae45e1c-e14b-46ee-9463-8c09d8afcf60,cc82ab9c-bd74-48e0-bc5c-9292ea10feb3,1627365685019,13.4138317,52.4811341,7.310145,-2.506796,-1.9900621,-1.1963072,on bike mount,cyclo cross,False,asphalt,excellent
521f7052-88c1-49eb-a1e8-99f60b6f9e02,8ae45e1c-e14b-46ee-9463-8c09d8afcf60,403c9f23-477b-4706-9336-f3990e7a0da1,1627365685069,13.4138317,52.4811341,7.310145,-0.03057754,1.2907948,-0.73488045,on bike mount,cyclo cross,False,asphalt,excellent
521f7052-88c1-49eb-a1e8-99f60b6f9e02,8ae45e1c-e14b-46ee-9463-8c09d8afcf60,27de6e37-766b-4b42-b59a-ad0aa69e2e6e,1627365685119,13.4137295,52.4811558,7.418186,-0.6492328,-2.7222767,3.153451,on bike mount,cyclo cross,False,asphalt,excellent
521f7052-88c1-49eb-a1e8-99f60b6f9e02,8ae45e1c-e14b-46ee-9463-8c09d8afcf60,c72511af-d1e8-4706-940d-12e741a02c68,1627365685170,13.4137295,52.4811558,7.418186,0.84369504,0.2625239,0.4747448,on bike mount,cyclo cross,False,asphalt,excellent
521f7052-88c1-49eb-a1e8-99f60b6f9e02,8ae45e1c-e14b-46ee-9463-8c09d8afcf60,e6b7b45b-b55f-4ffd-ab64-bfce9ca0dd8e,1627365685236,13.4137295,52.4811558,7.418186,-1.8643124,-0.10480285,3.0722075,on bike mount,cyclo cross,False,asphalt,excellent
521f7052-88c1-49eb-a1e8-99f60b6f9e02,8ae45e1c-e14b-46ee-9463-8c09d8afcf60,94260a30-183a-4a16-80bc-48b907a2741b,1627365685286,13.4137295,52.4811558,7.418186,0.6937908,2.1783614,0.42323112,on bike mount,cyclo cross,False,asphalt,excellent
521f7052-88c1-49eb-a1e8-99f60b6f9e02,8ae45e1c-e14b-46ee-9463-8c09d8afcf60,235a04e5-0a7d-4ad7-b206-833ccba5b0ce,1627365685336,13.4137295,52.4811558,7.418186,0.39890963,-0.580616,1.1577053,on bike mount,cyclo cross,False,asphalt,excellent
521f7052-88c1-49eb-a1e8-99f60b6f9e02,8ae45e1c-e14b-46ee-9463-8c09d8afcf60,71d50c22-38d1-4e2e-a8b3-b42727b4d12a,1627365685386,13.4137295,52.4811558,7.418186,-0.50481474,0.2470138,1.8104382,on bike mount,cyclo cross,False,asphalt,excellent
521f7052-88c1-49eb-a1e8-99f60b6f9e02,8ae45e1c-e14b-46ee-9463-8c09d8afcf60,67216cd6-33de-4a40-8c6d-798dbea3d081,1627365685436,13.4137295,52.4811558,7.418186,-0.37290788,-1.9937522,-2.174666,on bike mount,cyclo cross,False,asphalt,excellent
521f7052-88c1-49eb-a1e8-99f60b6f9e02,8ae45e1c-e14b-46ee-9463-8c09d8afcf60,82f9b6ec-86dd-436a-bb4b-9d15cbf26e23,1627365685486,13.4137295,52.4811558,7.418186,0.7118974,0.4897914,1.8651304,on bike mount,cyclo cross,False,asphalt,excellent
521f7052-88c1-49eb-a1e8-99f60b6f9e02,8ae45e1c-e14b-46ee-9463-8c09d8afcf60,50532ad4-52b5-47e1-9add-9f7b27e7cfde,1627365685537,13.4137295,52.4811558,7.418186,-1.2619975,1.6882768,-1.0415606,on bike mount,cyclo cross,False,asphalt,excellent
521f7052-88c1-49eb-a1e8-99f60b6f9e02,8ae45e1c-e14b-46ee-9463-8c09d8afcf60,67b96c3f-1294-4285-a924-e620fef15d53,1627365685587,13.4137295,52.4811558,7.418186,0.5996989,0.5325637,-0.20602131,on bike mount,cyclo cross,False,asphalt,excellent
521f7052-88c1-49eb-a1e8-99f60b6f9e02,8ae45e1c-e14b-46ee-9463-8c09d8afcf60,d24b9a97-f8e3-4ea8-85b3-837f8751ea22,1627365685638,13.4137295,52.4811558,7.418186,-1.0160339,0.07689047,2.6411724,on bike mount,cyclo cross,False,asphalt,excellent
521f7052-88c1-49eb-a1e8-99f60b6f9e02,8ae45e1c-e14b-46ee-9463-8c09d8afcf60,1e37c6d0-941a-49c6-957c-61f3e66d56ab,1627365685688,13.4137295,52.4811558,7.418186,0.3212945,-0.71622837,0.8882513,on bike mount,cyclo cross,False,asphalt,excellent
521f7052-88c1-49eb-a1e8-99f60b6f9e02,8ae45e1c-e14b-46ee-9463-8c09d8afcf60,d2b422db-694d-4d11-bfb0-cb3fa96bf6c4,1627365685738,13.4137295,52.4811558,7.418186,0.20941897,0.6387203,0.28792858,on bike mount,cyclo cross,False,asphalt,excellent
521f7052-88c1-49eb-a1e8-99f60b6f9e02,8ae45e1c-e14b-46ee-9463-8c09d8afcf60,2a7ad67b-fee5-454a-a06e-ffb94b2f82cc,1627365685788,13.4137295,52.4811558,7.418186,0.33515733,-0.61806726,-1.446929,on bike mount,cyclo cross,False,asphalt,excellent
521f7052-88c1-49eb-a1e8-99f60b6f9e02,8ae45e1c-e14b-46ee-9463-8c09d8afcf60,39d235f3-82b9-4ed8-83a4-10e854232de5,1627365685838,13.4137295,52.4811558,7.418186,1.657767,-0.92817724,1.866827,on bike mount,cyclo cross,False,asphalt,excellent
521f7052-88c1-49eb-a1e8-99f60b6f9e02,8ae45e1c-e14b-46ee-9463-8c09d8afcf60,9f78fd43-2dad-4d05-ab74-d9ac5e241374,1627365685888,13.4137295,52.4811558,7.418186,-0.71487015,1.1710024,-2.403112,on bike mount,cyclo cross,False,asphalt,excellent
521f7052-88c1-49eb-a1e8-99f60b6f9e02,8ae45e1c-e14b-46ee-9463-8c09d8afcf60,177a7091-341e-4c5c-a6c5-a5d5f99e7013,1627365685939,13.4137295,52.4811558,7.418186,-0.8052839,3.6517916,-0.108882904,on bike mount,cyclo cross,False,asphalt,excellent
521f7052-88c1-49eb-a1e8-99f60b6f9e02,8ae45e1c-e14b-46ee-9463-8c09d8afcf60,66250cc6-2281-49d2-944f-af744e8d572d,1627365685989,13.4137295,52.4811558,7.418186,1.2916498,-0.20121169,2.4202318,on bike mount,cyclo cross,False,asphalt,excellent
521f7052-88c1-49eb-a1e8-99f60b6f9e02,8ae45e1c-e14b-46ee-9463-8c09d8afcf60,116479b5-e95f-4d63-9b14-3d50eb781afa,1627365686054,13.4137295,52.4811558,7.418186,0.3610659,-0.1331873,0.6042595,on bike mount,cyclo cross,False,asphalt,excellent
521f7052-88c1-49eb-a1e8-99f60b6f9e02,8ae45e1c-e14b-46ee-9463-8c09d8afcf60,ac53dbf9-9600-465c-8ff1-2c9e63383102,1627365686104,13.4136216,52.4811762,7.515876,1.4279611,-2.3871496,-0.48501396,on bike mount,cyclo cross,False,asphalt,excellent
521f7052-88c1-49eb-a1e8-99f60b6f9e02,8ae45e1c-e14b-46ee-9463-8c09d8afcf60,d600155a-7f79-429c-b518-6a4d1ddd0c8f,1627365686154,13.4136216,52.4811762,7.515876,0.80110455,0.48687005,-1.4242811,on bike mount,cyclo cross,False,asphalt,excellent
521f7052-88c1-49eb-a1e8-99f60b6f9e02,8ae45e1c-e14b-46ee-9463-8c09d8afcf60,196e7256-e443-4d20-b9c5-7f86b117427e,1627365686204,13.4136216,52.4811762,7.515876,-1.3726372,0.88575745,1.1532803,on bike mount,cyclo cross,False,asphalt,excellent
521f7052-88c1-49eb-a1e8-99f60b6f9e02,8ae45e1c-e14b-46ee-9463-8c09d8afcf60,afe4aa20-bf2f-49cf-ae15-d988add43d13,1627365686254,13.4136216,52.4811762,7.515876,0.44017845,-3.4604716,0.5880718,on bike mount,cyclo cross,False,asphalt,excellent
521f7052-88c1-49eb-a1e8-99f60b6f9e02,8ae45e1c-e14b-46ee-9463-8c09d8afcf60,00bd2702-f083-41b9-81a3-34b23c1b497c,1627365686321,13.4136216,52.4811762,7.515876,0.7853358,-0.58993554,-3.712181,on bike mount,cyclo cross,False,asphalt,excellent
521f7052-88c1-49eb-a1e8-99f60b6f9e02,8ae45e1c-e14b-46ee-9463-8c09d8afcf60,501eaa0b-332c-4eea-a9a9-93521f9277eb,1627365686371,13.4136216,52.4811762,7.515876,-0.8289316,-2.2336004,-0.9244852,on bike mount,cyclo cross,False,asphalt,excellent
521f7052-88c1-49eb-a1e8-99f60b6f9e02,8ae45e1c-e14b-46ee-9463-8c09d8afcf60,53e1e810-b5e2-4194-812b-822fee1d5866,1627365686421,13.4136216,52.4811762,7.515876,-0.05023271,3.7965508,-0.55147743,on bike mount,cyclo cross,False,asphalt,excellent
521f7052-88c1-49eb-a1e8-99f60b6f9e02,8ae45e1c-e14b-46ee-9463-8c09d8afcf60,8893ef09-239f-44eb-ad2f-305e07cef97b,1627365686471,13.4136216,52.4811762,7.515876,-0.7913892,0.35228157,-2.2597222,on bike mount,cyclo cross,False,asphalt,excellent
521f7052-88c1-49eb-a1e8-99f60b6f9e02,8ae45e1c-e14b-46ee-9463-8c09d8afcf60,6a1f75a5-8946-4477-a45e-935fe744b397,1627365686521,13.4136216,52.4811762,7.515876,0.20106158,1.3750544,-1.1402435,on bike mount,cyclo cross,False,asphalt,excellent
521f7052-88c1-49eb-a1e8-99f60b6f9e02,8ae45e1c-e14b-46ee-9463-8c09d8afcf60,5c0f7323-1803-4161-8a5d-6d51acaba1f5,1627365686587,13.4136216,52.4811762,7.515876,-0.40469533,2.7696538,-3.917905,on bike mount,cyclo cross,False,asphalt,excellent
521f7052-88c1-49eb-a1e8-99f60b6f9e02,8ae45e1c-e14b-46ee-9463-8c09d8afcf60,2084fd56-525a-4fbf-bc00-6d2b6d02d149,1627365686637,13.4136216,52.4811762,7.515876,-0.5518693,1.3127651,0.53475,on bike mount,cyclo cross,False,asphalt,excellent
521f7052-88c1-49eb-a1e8-99f60b6f9e02,8ae45e1c-e14b-46ee-9463-8c09d8afcf60,30c6dcfe-0357-4336-928e-88d183bddfb7,1627365686688,13.4136216,52.4811762,7.515876,1.1612202,1.4270778,-1.3773212,on bike mount,cyclo cross,False,asphalt,excellent
521f7052-88c1-49eb-a1e8-99f60b6f9e02,8ae45e1c-e14b-46ee-9463-8c09d8afcf60,e7abcddf-24e7-4169-b2c0-bb4b2c95291c,1627365686737,13.4136216,52.4811762,7.515876,-0.53334206,-3.1405783,1.3994064,on bike mount,cyclo cross,False,asphalt,excellent
521f7052-88c1-49eb-a1e8-99f60b6f9e02,8ae45e1c-e14b-46ee-9463-8c09d8afcf60,ec4f6fe3-24b4-47a7-946b-0a7a905163f1,1627365686787,13.4136216,52.4811762,7.515876,0.35179865,1.3014617,0.983407,on bike mount,cyclo cross,False,asphalt,excellent
521f7052-88c1-49eb-a1e8-99f60b6f9e02,8ae45e1c-e14b-46ee-9463-8c09d8afcf60,037e5dae-104d-4a60-802f-21ace2af40a5,1627365686837,13.4136216,52.4811762,7.515876,-0.5493169,2.2272587,0.5741234,on bike mount,cyclo cross,False,asphalt,excellent
521f7052-88c1-49eb-a1e8-99f60b6f9e02,8ae45e1c-e14b-46ee-9463-8c09d8afcf60,c78ab93b-2aea-4ddf-b481-1a3349bc49f0,1627365686887,13.4136216,52.4811762,7.515876,-0.36775345,-0.6394509,-4.178359,on bike mount,cyclo cross,False,asphalt,excellent
521f7052-88c1-49eb-a1e8-99f60b6f9e02,8ae45e1c-e14b-46ee-9463-8c09d8afcf60,3c68c835-c6ef-4bc2-bd58-7687d114e2f1,1627365686937,13.4136216,52.4811762,7.515876,1.0622023,1.4499934,-2.349391,on bike mount,cyclo cross,False,asphalt,excellent
521f7052-88c1-49eb-a1e8-99f60b6f9e02,8ae45e1c-e14b-46ee-9463-8c09d8afcf60,c9d8153e-1c37-4526-9ddf-da7f68a7b56e,1627365686987,13.4136216,52.4811762,7.515876,-0.57575613,3.678155,0.022381783,on bike mount,cyclo cross,False,asphalt,excellent
521f7052-88c1-49eb-a1e8-99f60b6f9e02,8ae45e1c-e14b-46ee-9463-8c09d8afcf60,fdaa58ad-5b61-4ffb-8842-b9e017e8831b,1627365687037,13.4136216,52.4811762,7.515876,-0.03182935,-3.7712812,5.0363617,on bike mount,cyclo cross,False,asphalt,excellent
521f7052-88c1-49eb-a1e8-99f60b6f9e02,8ae45e1c-e14b-46ee-9463-8c09d8afcf60,c5023887-f73f-40f9-b85a-7b239395e8f3,1627365687087,13.4135174,52.4811996,7.1804667,0.27028745,-1.5659354,-0.35366344,on bike mount,cyclo cross,False,asphalt,excellent
521f7052-88c1-49eb-a1e8-99f60b6f9e02,8ae45e1c-e14b-46ee-9463-8c09d8afcf60,62e380b4-fb9c-42eb-a668-1dfadb96e28f,1627365687137,13.4135174,52.4811996,7.1804667,-0.24805611,-2.1218424,1.1926718,on bike mount,cyclo cross,False,asphalt,excellent
521f7052-88c1-49eb-a1e8-99f60b6f9e02,8ae45e1c-e14b-46ee-9463-8c09d8afcf60,42e530bc-3bd1-4007-8884-6e5460b00301,1627365687188,13.4135174,52.4811996,7.1804667,-0.5685644,0.2145114,2.0545206,on bike mount,cyclo cross,False,asphalt,excellent
521f7052-88c1-49eb-a1e8-99f60b6f9e02,8ae45e1c-e14b-46ee-9463-8c09d8afcf60,57e4ad03-35b7-45e0-88cd-bef01069d3f4,1627365687239,13.4135174,52.4811996,7.1804667,0.46620703,0.6505408,-2.201497,on bike mount,cyclo cross,False,asphalt,excellent
521f7052-88c1-49eb-a1e8-99f60b6f9e02,8ae45e1c-e14b-46ee-9463-8c09d8afcf60,a5b1ea67-0141-40c2-aa7d-5df79f975e46,1627365687289,13.4135174,52.4811996,7.1804667,-0.117146604,-2.111263,1.377718,on bike mount,cyclo cross,False,asphalt,excellent
521f7052-88c1-49eb-a1e8-99f60b6f9e02,8ae45e1c-e14b-46ee-9463-8c09d8afcf60,f4324ad1-af96-4809-b56a-25237cd29918,1627365687339,13.4135174,52.4811996,7.1804667,-0.6468526,1.0379567,0.3223362,on bike mount,cyclo cross,False,asphalt,excellent
521f7052-88c1-49eb-a1e8-99f60b6f9e02,8ae45e1c-e14b-46ee-9463-8c09d8afcf60,65796a19-9360-4442-9e19-f70760799d4f,1627365687389,13.4135174,52.4811996,7.1804667,0.93196195,-1.1723311,1.2783327,on bike mount,cyclo cross,False,asphalt,excellent
521f7052-88c1-49eb-a1e8-99f60b6f9e02,8ae45e1c-e14b-46ee-9463-8c09d8afcf60,cc596ee1-5a3d-4207-92bf-4b0fbf61b166,1627365687439,13.4135174,52.4811996,7.1804667,0.82810754,3.1056287,-0.99910927,on bike mount,cyclo cross,False,asphalt,excellent
521f7052-88c1-49eb-a1e8-99f60b6f9e02,8ae45e1c-e14b-46ee-9463-8c09d8afcf60,4902cde1-ac7c-43b3-8369-9eb5fb011d50,1627365687489,13.4135174,52.4811996,7.1804667,0.4405809,-5.592096,1.6547604,on bike mount,cyclo cross,False,asphalt,excellent
521f7052-88c1-49eb-a1e8-99f60b6f9e02,8ae45e1c-e14b-46ee-9463-8c09d8afcf60,355845b9-cacb-4972-b7f9-c484aa22cb91,1627365687539,13.4135174,52.4811996,7.1804667,-0.39065564,-3.3590744,0.32344246,on bike mount,cyclo cross,False,asphalt,excellent
521f7052-88c1-49eb-a1e8-99f60b6f9e02,8ae45e1c-e14b-46ee-9463-8c09d8afcf60,e340065a-eb30-4543-8319-e1b884198267,1627365687589,13.4135174,52.4811996,7.1804667,1.2457167,3.1765137,-3.890808,on bike mount,cyclo cross,False,asphalt,excellent
521f7052-88c1-49eb-a1e8-99f60b6f9e02,8ae45e1c-e14b-46ee-9463-8c09d8afcf60,06ece70a-52d6-48a0-ab72-ffa952528be5,1627365687640,13.4135174,52.4811996,7.1804667,-0.64015895,4.9616566,-1.3216238,on bike mount,cyclo cross,False,asphalt,excellent
521f7052-88c1-49eb-a1e8-99f60b6f9e02,8ae45e1c-e14b-46ee-9463-8c09d8afcf60,3295cb95-f0ee-4c78-a030-3faaafb431d6,1627365687690,13.4135174,52.4811996,7.1804667,0.46770525,-3.2704406,-1.6688056,on bike mount,cyclo cross,False,asphalt,excellent
521f7052-88c1-49eb-a1e8-99f60b6f9e02,8ae45e1c-e14b-46ee-9463-8c09d8afcf60,f08ee72a-0f20-4102-ae70-f4848d652047,1627365687740,13.4135174,52.4811996,7.1804667,-1.1914557,1.6593435,-1.8635077,on bike mount,cyclo cross,False,asphalt,excellent
521f7052-88c1-49eb-a1e8-99f60b6f9e02,8ae45e1c-e14b-46ee-9463-8c09d8afcf60,c11f584f-0169-4846-a76f-4418f629465c,1627365687790,13.4135174,52.4811996,7.1804667,-0.06499371,-0.4879217,3.142043,on bike mount,cyclo cross,False,asphalt,excellent
521f7052-88c1-49eb-a1e8-99f60b6f9e02,8ae45e1c-e14b-46ee-9463-8c09d8afcf60,40806b89-93d6-4226-a37d-fab5f307fe84,1627365687840,13.4135174,52.4811996,7.1804667,0.29330945,-1.8527472,0.15895271,on bike mount,cyclo cross,False,asphalt,excellent
521f7052-88c1-49eb-a1e8-99f60b6f9e02,8ae45e1c-e14b-46ee-9463-8c09d8afcf60,26685786-5ea6-4345-848a-d4bf606bdfad,1627365687890,13.4135174,52.4811996,7.1804667,-0.9535117,-0.7520319,4.518778,on bike mount,cyclo cross,False,asphalt,excellent
521f7052-88c1-49eb-a1e8-99f60b6f9e02,8ae45e1c-e14b-46ee-9463-8c09d8afcf60,b64e45e0-28ff-430e-9d13-c19cbce6c5fd,1627365687940,13.4135174,52.4811996,7.1804667,-0.5544985,2.403719,-0.051439285,on bike mount,cyclo cross,False,asphalt,excellent
521f7052-88c1-49eb-a1e8-99f60b6f9e02,8ae45e1c-e14b-46ee-9463-8c09d8afcf60,5037fba5-88fc-446b-a4e4-b053204751f9,1627365687990,13.4135174,52.4811996,7.1804667,0.49261814,0.5320904,4.0062475,on bike mount,cyclo cross,False,asphalt,excellent
521f7052-88c1-49eb-a1e8-99f60b6f9e02,8ae45e1c-e14b-46ee-9463-8c09d8afcf60,07f36a54-8c79-448c-901a-3d0c401805ad,1627365688040,13.4135174,52.4811996,7.1804667,-1.2137779,-4.6882195,1.0580816,on bike mount,cyclo cross,False,asphalt,excellent
521f7052-88c1-49eb-a1e8-99f60b6f9e02,8ae45e1c-e14b-46ee-9463-8c09d8afcf60,072c5409-5872-4878-960f-8c5f6b30a1a7,1627365688090,13.4134152,52.481217,7.4927807,0.6350744,-0.55865216,2.0103617,on bike mount,cyclo cross,False,asphalt,excellent
521f7052-88c1-49eb-a1e8-99f60b6f9e02,8ae45e1c-e14b-46ee-9463-8c09d8afcf60,5659f4c3-6940-4c5d-943c-dfa6d4e0c798,1627365688140,13.4134152,52.481217,7.4927807,-1.4457569,1.0866926,-1.5681314,on bike mount,cyclo cross,False,asphalt,excellent
521f7052-88c1-49eb-a1e8-99f60b6f9e02,8ae45e1c-e14b-46ee-9463-8c09d8afcf60,00adb912-5d45-42d6-b5ab-0872b49a440c,1627365688210,13.4134152,52.481217,7.4927807,1.9169525,0.902194,-2.9153275,on bike mount,cyclo cross,False,asphalt,excellent
521f7052-88c1-49eb-a1e8-99f60b6f9e02,8ae45e1c-e14b-46ee-9463-8c09d8afcf60,83bed4ff-339f-4599-aba5-d6dd2fe81674,1627365688260,13.4134152,52.481217,7.4927807,0.20929116,2.7500958,-4.267931,on bike mount,cyclo cross,False,asphalt,excellent
521f7052-88c1-49eb-a1e8-99f60b6f9e02,8ae45e1c-e14b-46ee-9463-8c09d8afcf60,6c7c53a2-2d17-4b2e-8cc0-e032ebc9258c,1627365688310,13.4134152,52.481217,7.4927807,0.45580035,1.9366302,1.0092897,on bike mount,cyclo cross,False,asphalt,excellent
521f7052-88c1-49eb-a1e8-99f60b6f9e02,8ae45e1c-e14b-46ee-9463-8c09d8afcf60,6ce3ca35-19d7-4bf9-89cd-3236e122eae3,1627365688360,13.4134152,52.481217,7.4927807,0.16181487,-3.7845473,-2.3328815,on bike mount,cyclo cross,False,asphalt,excellent
521f7052-88c1-49eb-a1e8-99f60b6f9e02,8ae45e1c-e14b-46ee-9463-8c09d8afcf60,7f9e97bd-58ff-4832-8fc3-e9cf64b73d42,1627365688410,13.4134152,52.481217,7.4927807,-0.4658513,-1.4333924,-2.4486027,on bike mount,cyclo cross,False,asphalt,excellent
521f7052-88c1-49eb-a1e8-99f60b6f9e02,8ae45e1c-e14b-46ee-9463-8c09d8afcf60,b7018a26-76b1-491e-a00f-23a91571c2de,1627365688460,13.4134152,52.481217,7.4927807,2.656941,-0.78846717,2.6591644,on bike mount,cyclo cross,False,asphalt,excellent
521f7052-88c1-49eb-a1e8-99f60b6f9e02,8ae45e1c-e14b-46ee-9463-8c09d8afcf60,95342075-454c-47ac-9517-c85147ac7f71,1627365688511,13.4134152,52.481217,7.4927807,-1.4666853,3.236396,1.0315056,on bike mount,cyclo cross,False,asphalt,excellent
521f7052-88c1-49eb-a1e8-99f60b6f9e02,8ae45e1c-e14b-46ee-9463-8c09d8afcf60,eb98f7ce-8185-4727-b989-be74c3ed2ea4,1627365688561,13.4134152,52.481217,7.4927807,-1.5709589,-1.8978832,2.0393372,on bike mount,cyclo cross,False,asphalt,excellent
521f7052-88c1-49eb-a1e8-99f60b6f9e02,8ae45e1c-e14b-46ee-9463-8c09d8afcf60,addffd79-16d8-4300-a9ff-e962734318de,1627365688611,13.4134152,52.481217,7.4927807,2.186678,1.6454468,-1.049016,on bike mount,cyclo cross,False,asphalt,excellent
521f7052-88c1-49eb-a1e8-99f60b6f9e02,8ae45e1c-e14b-46ee-9463-8c09d8afcf60,41a2cd8d-015b-4a1e-a0f9-0d0be3a5feb3,1627365688661,13.4134152,52.481217,7.4927807,0.7393068,0.5560343,-1.4059811,on bike mount,cyclo cross,False,asphalt,excellent
521f7052-88c1-49eb-a1e8-99f60b6f9e02,8ae45e1c-e14b-46ee-9463-8c09d8afcf60,8af7bd66-c509-4485-9ba4-c36b6b9ecfba,1627365688711,13.4134152,52.481217,7.4927807,-1.2462869,4.124398,0.29461575,on bike mount,cyclo cross,False,asphalt,excellent
521f7052-88c1-49eb-a1e8-99f60b6f9e02,8ae45e1c-e14b-46ee-9463-8c09d8afcf60,bf969968-5658-4a46-adea-42d34bb5c716,1627365688761,13.4134152,52.481217,7.4927807,0.43941122,-2.2468598,-1.0603352,on bike mount,cyclo cross,False,asphalt,excellent
521f7052-88c1-49eb-a1e8-99f60b6f9e02,8ae45e1c-e14b-46ee-9463-8c09d8afcf60,6015139d-8989-4eed-ae2b-727cf837b3df,1627365688811,13.4134152,52.481217,7.4927807,0.8075322,-3.1873026,1.6734037,on bike mount,cyclo cross,False,asphalt,excellent
521f7052-88c1-49eb-a1e8-99f60b6f9e02,8ae45e1c-e14b-46ee-9463-8c09d8afcf60,311fbacf-3b02-4ad5-a68f-c7f8aee99982,1627365688861,13.4134152,52.481217,7.4927807,-0.5270896,-1.1436394,0.13694668,on bike mount,cyclo cross,False,asphalt,excellent
521f7052-88c1-49eb-a1e8-99f60b6f9e02,8ae45e1c-e14b-46ee-9463-8c09d8afcf60,822e5617-b39a-44f8-9e92-6b364ce794e8,1627365688911,13.4134152,52.481217,7.4927807,0.5923562,0.2023449,1.0140924,on bike mount,cyclo cross,False,asphalt,excellent
521f7052-88c1-49eb-a1e8-99f60b6f9e02,8ae45e1c-e14b-46ee-9463-8c09d8afcf60,691b1994-2222-4af8-ad08-c58b8b9ec35a,1627365688961,13.4134152,52.481217,7.4927807,-0.56780994,4.429198,-0.8548069,on bike mount,cyclo cross,False,asphalt,excellent
521f7052-88c1-49eb-a1e8-99f60b6f9e02,8ae45e1c-e14b-46ee-9463-8c09d8afcf60,abda8f6c-9a41-4e16-bae6-a770c00055de,1627365689024,13.4134152,52.481217,7.4927807,-0.41725856,-1.1274616,-2.001751,on bike mount,cyclo cross,False,asphalt,excellent
521f7052-88c1-49eb-a1e8-99f60b6f9e02,8ae45e1c-e14b-46ee-9463-8c09d8afcf60,d03af0d1-f24a-4c50-844f-072c852d2f40,1627365689074,13.4133082,52.4812359,7.294119,0.9842632,0.38968968,1.3970203,on bike mount,cyclo cross,False,asphalt,excellent
521f7052-88c1-49eb-a1e8-99f60b6f9e02,8ae45e1c-e14b-46ee-9463-8c09d8afcf60,3a66bfb5-5ebf-4834-97a1-04a1882f3864,1627365689125,13.4133082,52.4812359,7.294119,-0.80854225,-1.7957356,1.1582842,on bike mount,cyclo cross,False,asphalt,excellent
521f7052-88c1-49eb-a1e8-99f60b6f9e02,8ae45e1c-e14b-46ee-9463-8c09d8afcf60,b7960bb8-101a-4f57-9a7e-3f92b7ba3209,1627365689175,13.4133082,52.4812359,7.294119,1.000378,-5.5027695,3.0730743,on bike mount,cyclo cross,False,asphalt,excellent
521f7052-88c1-49eb-a1e8-99f60b6f9e02,8ae45e1c-e14b-46ee-9463-8c09d8afcf60,02e4d4ab-6862-49c9-bc1b-e19d0780d4e9,1627365689225,13.4133082,52.4812359,7.294119,-1.2671145,4.642804,-3.6105676,on bike mount,cyclo cross,False,asphalt,excellent
521f7052-88c1-49eb-a1e8-99f60b6f9e02,8ae45e1c-e14b-46ee-9463-8c09d8afcf60,8fe3a415-cc6e-4d90-bd56-6a558d6b685b,1627365689275,13.4133082,52.4812359,7.294119,-0.07271983,1.9728165,0.37948322,on bike mount,cyclo cross,False,asphalt,excellent
521f7052-88c1-49eb-a1e8-99f60b6f9e02,8ae45e1c-e14b-46ee-9463-8c09d8afcf60,2f81a6f9-18c6-4540-a673-0ca7c622d15e,1627365689325,13.4133082,52.4812359,7.294119,1.2905862,-2.2763808,-1.3484511,on bike mount,cyclo cross,False,asphalt,excellent
521f7052-88c1-49eb-a1e8-99f60b6f9e02,8ae45e1c-e14b-46ee-9463-8c09d8afcf60,56587dc8-4ca0-4302-abe9-57ea5344cc32,1627365689375,13.4133082,52.4812359,7.294119,-0.8027178,1.1844501,3.7833776,on bike mount,cyclo cross,False,asphalt,excellent
521f7052-88c1-49eb-a1e8-99f60b6f9e02,8ae45e1c-e14b-46ee-9463-8c09d8afcf60,c3c8557f-df05-4d40-954e-40b79400fdcb,1627365689425,13.4133082,52.4812359,7.294119,-0.020536259,0.5335009,-1.9084868,on bike mount,cyclo cross,False,asphalt,excellent
521f7052-88c1-49eb-a1e8-99f60b6f9e02,8ae45e1c-e14b-46ee-9463-8c09d8afcf60,7ea16e47-e6b0-4d3d-8aec-09f0cb270baa,1627365689475,13.4133082,52.4812359,7.294119,1.0451308,-1.706368,1.5891848,on bike mount,cyclo cross,False,asphalt,excellent
521f7052-88c1-49eb-a1e8-99f60b6f9e02,8ae45e1c-e14b-46ee-9463-8c09d8afcf60,c7fb2e97-4d15-48a0-8ea4-3f22cb89d042,1627365689525,13.4133082,52.4812359,7.294119,-0.07627204,-0.5126319,-1.8725085,on bike mount,cyclo cross,False,asphalt,excellent
521f7052-88c1-49eb-a1e8-99f60b6f9e02,8ae45e1c-e14b-46ee-9463-8c09d8afcf60,50eafe2a-6f08-41b6-ae1e-b2828b5bc109,1627365689575,13.4133082,52.4812359,7.294119,0.5332619,2.5671263,-0.9334626,on bike mount,cyclo cross,False,asphalt,excellent
521f7052-88c1-49eb-a1e8-99f60b6f9e02,8ae45e1c-e14b-46ee-9463-8c09d8afcf60,45f64ef7-7509-4145-8cc2-9a58ecd9285b,1627365689625,13.4133082,52.4812359,7.294119,-0.7584071,-0.19568563,5.0001354,on bike mount,cyclo cross,False,asphalt,excellent
521f7052-88c1-49eb-a1e8-99f60b6f9e02,8ae45e1c-e14b-46ee-9463-8c09d8afcf60,b2e6f674-dc2a-4e7e-9503-ebdf19db1ed5,1627365689675,13.4133082,52.4812359,7.294119,2.383127,3.622284,0.7902117,on bike mount,cyclo cross,False,asphalt,excellent
521f7052-88c1-49eb-a1e8-99f60b6f9e02,8ae45e1c-e14b-46ee-9463-8c09d8afcf60,f8721088-f981-4352-85b9-8b5ff4410448,1627365689725,13.4133082,52.4812359,7.294119,-0.53799635,0.20892644,0.043603897,on bike mount,cyclo cross,False,asphalt,excellent
521f7052-88c1-49eb-a1e8-99f60b6f9e02,8ae45e1c-e14b-46ee-9463-8c09d8afcf60,2865722c-70b0-41a5-810e-90c2cc3f734c,1627365689775,13.4133082,52.4812359,7.294119,2.5739863,2.1066122,-2.3656173,on bike mount,cyclo cross,False,asphalt,excellent
521f7052-88c1-49eb-a1e8-99f60b6f9e02,8ae45e1c-e14b-46ee-9463-8c09d8afcf60,3bb3b491-48a6-4517-a322-8b6aef43263f,1627365689841,13.4133082,52.4812359,7.294119,2.0521877,0.5377836,1.0779619,on bike mount,cyclo cross,False,asphalt,excellent
521f7052-88c1-49eb-a1e8-99f60b6f9e02,8ae45e1c-e14b-46ee-9463-8c09d8afcf60,6044680f-80e2-490c-8ff3-0e8e6f90a286,1627365689891,13.4133082,52.4812359,7.294119,-0.65900517,0.096137285,1.0648012,on bike mount,cyclo cross,False,asphalt,excellent
521f7052-88c1-49eb-a1e8-99f60b6f9e02,8ae45e1c-e14b-46ee-9463-8c09d8afcf60,f03ad9b8-65e9-4467-a0ab-b7e02e4d94a0,1627365689941,13.4133082,52.4812359,7.294119,-2.91721,0.50377035,-2.2511868,on bike mount,cyclo cross,False,asphalt,excellent
521f7052-88c1-49eb-a1e8-99f60b6f9e02,8ae45e1c-e14b-46ee-9463-8c09d8afcf60,767d22e4-be24-43ba-a34a-976d2268f12c,1627365689991,13.4133082,52.4812359,7.294119,-0.25433147,0.9641888,-1.4628129,on bike mount,cyclo cross,False,asphalt,excellent
521f7052-88c1-49eb-a1e8-99f60b6f9e02,8ae45e1c-e14b-46ee-9463-8c09d8afcf60,4d89b65f-9f6b-45fe-94eb-66354ad98221,1627365690041,13.4133082,52.4812359,7.294119,2.0080094,0.9222772,1.2555132,on bike mount,cyclo cross,False,asphalt,excellent
521f7052-88c1-49eb-a1e8-99f60b6f9e02,8ae45e1c-e14b-46ee-9463-8c09d8afcf60,36cbd4c8-82f2-4917-9750-cca638ff301e,1627365690091,13.4132066,52.4812603,7.4385223,0.09442231,-1.7730181,1.3169575,on bike mount,cyclo cross,False,asphalt,excellent
521f7052-88c1-49eb-a1e8-99f60b6f9e02,8ae45e1c-e14b-46ee-9463-8c09d8afcf60,72e5b71b-a9c4-4698-897a-8f9c6967b527,1627365690141,13.4132066,52.4812603,7.4385223,-0.6002768,-0.08283687,2.4666748,on bike mount,cyclo cross,False,asphalt,excellent
521f7052-88c1-49eb-a1e8-99f60b6f9e02,8ae45e1c-e14b-46ee-9463-8c09d8afcf60,ef5ac86c-bf82-4751-a822-481a142d3dbb,1627365690191,13.4132066,52.4812603,7.4385223,1.0499532,0.15794992,5.136341,on bike mount,cyclo cross,False,asphalt,excellent
521f7052-88c1-49eb-a1e8-99f60b6f9e02,8ae45e1c-e14b-46ee-9463-8c09d8afcf60,e45ea626-978e-4946-8c26-85d26c46b9db,1627365690241,13.4132066,52.4812603,7.4385223,-0.70047855,-2.0324504,-1.0209866,on bike mount,cyclo cross,False,asphalt,excellent
521f7052-88c1-49eb-a1e8-99f60b6f9e02,8ae45e1c-e14b-46ee-9463-8c09d8afcf60,5b7ca73a-eefa-41ea-9ca8-2b5387fa7458,1627365690291,13.4132066,52.4812603,7.4385223,-0.92507005,0.5432241,0.22051239,on bike mount,cyclo cross,False,asphalt,excellent
521f7052-88c1-49eb-a1e8-99f60b6f9e02,8ae45e1c-e14b-46ee-9463-8c09d8afcf60,b8599649-39d3-4fd5-8260-394b39785eb0,1627365690341,13.4132066,52.4812603,7.4385223,0.23245732,0.20309973,0.495286,on bike mount,cyclo cross,False,asphalt,excellent
521f7052-88c1-49eb-a1e8-99f60b6f9e02,8ae45e1c-e14b-46ee-9463-8c09d8afcf60,0f4c8fca-3abd-462c-a270-21a46c0cf7b7,1627365690393,13.4132066,52.4812603,7.4385223,-1.2812622,-0.8803289,-0.45166016,on bike mount,cyclo cross,False,asphalt,excellent
521f7052-88c1-49eb-a1e8-99f60b6f9e02,8ae45e1c-e14b-46ee-9463-8c09d8afcf60,540a7a88-2edf-4a7b-800a-da10442289f3,1627365690443,13.4132066,52.4812603,7.4385223,-0.19350785,0.34349465,-1.6381927,on bike mount,cyclo cross,False,asphalt,excellent
521f7052-88c1-49eb-a1e8-99f60b6f9e02,8ae45e1c-e14b-46ee-9463-8c09d8afcf60,0ed9012d-9338-4062-95f2-84ae67bb1f59,1627365690493,13.4132066,52.4812603,7.4385223,0.9400704,1.6019361,2.4085484,on bike mount,cyclo cross,False,asphalt,excellent
521f7052-88c1-49eb-a1e8-99f60b6f9e02,8ae45e1c-e14b-46ee-9463-8c09d8afcf60,19fb4913-feab-47d7-9c5d-7ee3f4dad06b,1627365690543,13.4132066,52.4812603,7.4385223,-0.56855714,-1.9515393,-2.1120424,on bike mount,cyclo cross,False,asphalt,excellent
521f7052-88c1-49eb-a1e8-99f60b6f9e02,8ae45e1c-e14b-46ee-9463-8c09d8afcf60,f5f527d0-0637-4265-a4e4-205da5d404c3,1627365690593,13.4132066,52.4812603,7.4385223,-0.39308125,-2.7306902,4.977751,on bike mount,cyclo cross,False,asphalt,excellent
521f7052-88c1-49eb-a1e8-99f60b6f9e02,8ae45e1c-e14b-46ee-9463-8c09d8afcf60,bb5e59e6-2529-4ebf-a392-1283e81188ca,1627365690659,13.4132066,52.4812603,7.4385223,-0.20301843,-2.6497626,-0.32711792,on bike mount,cyclo cross,False,asphalt,excellent
521f7052-88c1-49eb-a1e8-99f60b6f9e02,8ae45e1c-e14b-46ee-9463-8c09d8afcf60,ad61720f-fbb5-4476-8808-4bc22a9c52d3,1627365690709,13.4132066,52.4812603,7.4385223,-1.5298883,-2.5034664,1.5048532,on bike mount,cyclo cross,False,asphalt,excellent
521f7052-88c1-49eb-a1e8-99f60b6f9e02,8ae45e1c-e14b-46ee-9463-8c09d8afcf60,ebe85c40-e6a1-467f-bf75-75b98c437f65,1627365690760,13.4132066,52.4812603,7.4385223,-0.56206864,3.1315832,-0.053512573,on bike mount,cyclo cross,False,asphalt,excellent
521f7052-88c1-49eb-a1e8-99f60b6f9e02,8ae45e1c-e14b-46ee-9463-8c09d8afcf60,bf9f9079-9909-402e-9c31-ca5bc0edb000,1627365690810,13.4132066,52.4812603,7.4385223,-1.2417998,0.9945874,-2.4025493,on bike mount,cyclo cross,False,asphalt,excellent
521f7052-88c1-49eb-a1e8-99f60b6f9e02,8ae45e1c-e14b-46ee-9463-8c09d8afcf60,efcb3733-c813-48e1-81e6-c4605f5ee8e7,1627365690860,13.4132066,52.4812603,7.4385223,-0.2571746,-2.836378,2.8008432,on bike mount,cyclo cross,False,asphalt,excellent
521f7052-88c1-49eb-a1e8-99f60b6f9e02,8ae45e1c-e14b-46ee-9463-8c09d8afcf60,f10f5bd0-26dd-417c-accf-f96ccf044505,1627365690910,13.4132066,52.4812603,7.4385223,-0.115913436,-4.3890886,3.049426,on bike mount,cyclo cross,False,asphalt,excellent
521f7052-88c1-49eb-a1e8-99f60b6f9e02,8ae45e1c-e14b-46ee-9463-8c09d8afcf60,b2112ad2-f400-49fe-8cbd-b0959ab6341d,1627365690960,13.4132066,52.4812603,7.4385223,-0.76333326,1.0365748,-3.5672455,on bike mount,cyclo cross,False,asphalt,excellent
521f7052-88c1-49eb-a1e8-99f60b6f9e02,8ae45e1c-e14b-46ee-9463-8c09d8afcf60,99f5a702-3bea-46ee-a102-5399490c719d,1627365691010,13.4132066,52.4812603,7.4385223,-1.7031977,0.76883984,-1.4505334,on bike mount,cyclo cross,False,asphalt,excellent
521f7052-88c1-49eb-a1e8-99f60b6f9e02,8ae45e1c-e14b-46ee-9463-8c09d8afcf60,00339e4d-fbb9-4a51-9597-7332a5fb481a,1627365691061,13.4132066,52.4812603,7.4385223,0.17916572,-1.0582787,-2.0161457,on bike mount,cyclo cross,False,asphalt,excellent
521f7052-88c1-49eb-a1e8-99f60b6f9e02,8ae45e1c-e14b-46ee-9463-8c09d8afcf60,72ebb8e6-143c-4fcd-aa14-30413810e331,1627365691111,13.4130999,52.4812831,7.928513,-0.368021,-2.3591764,-1.151309,on bike mount,cyclo cross,False,asphalt,excellent
521f7052-88c1-49eb-a1e8-99f60b6f9e02,8ae45e1c-e14b-46ee-9463-8c09d8afcf60,1751434f-6b08-4924-94f8-33e2230b5d79,1627365691161,13.4130999,52.4812831,7.928513,0.6943979,0.6459818,-1.8579497,on bike mount,cyclo cross,False,asphalt,excellent
521f7052-88c1-49eb-a1e8-99f60b6f9e02,8ae45e1c-e14b-46ee-9463-8c09d8afcf60,a5902098-23ff-4501-9276-d245a681d6e6,1627365691211,13.4130999,52.4812831,7.928513,-0.101820946,0.87292814,0.52834606,on bike mount,cyclo cross,False,asphalt,excellent
521f7052-88c1-49eb-a1e8-99f60b6f9e02,8ae45e1c-e14b-46ee-9463-8c09d8afcf60,2ceba462-e4c5-4062-bfd9-1d27fc4dcfd1,1627365691261,13.4130999,52.4812831,7.928513,0.92197907,-0.19099927,-0.26750183,on bike mount,cyclo cross,False,asphalt,excellent
521f7052-88c1-49eb-a1e8-99f60b6f9e02,8ae45e1c-e14b-46ee-9463-8c09d8afcf60,e4ec1fa4-96e1-45ba-9717-a6a6eda0f020,1627365691311,13.4130999,52.4812831,7.928513,-0.3651626,2.5349855,-1.548604,on bike mount,cyclo cross,False,asphalt,excellent
521f7052-88c1-49eb-a1e8-99f60b6f9e02,8ae45e1c-e14b-46ee-9463-8c09d8afcf60,92a27972-acc7-49f1-b5c9-bb9ffb19b2ba,1627365691361,13.4130999,52.4812831,7.928513,-0.00018310547,-2.1328804,3.1612663,on bike mount,cyclo cross,False,asphalt,excellent
