bike_activity_uid,bike_activity_sample_uid,bike_activity_measurement,bike_activity_measurement_timestamp,bike_activity_measurement_lon,bike_activity_measurement_lat,bike_activity_measurement_speed,bike_activity_measurement_accelerometer_x,bike_activity_measurement_accelerometer_y,bike_activity_measurement_accelerometer_z,bike_activity_phone_position,bike_activity_bike_type,bike_activity_flagged_lab_conditions,bike_activity_surface_type,bike_activity_smoothness_type
6e734f5c-ea1f-4194-b666-1907dbe97233,8849368c-1502-4446-82cf-7233c6894235,24df2109-6e16-49ff-ba10-aa695b99c942,1633161325893,13.8247367,52.4012916,7.018038,0.15648842,2.9229028,-1.6207738,on bike mount,cyclo cross,True,asphalt,excellent
6e734f5c-ea1f-4194-b666-1907dbe97233,8849368c-1502-4446-82cf-7233c6894235,74e1cf25-cc78-4777-9c28-5c7fcda97069,1633161325960,13.8247367,52.4012916,7.018038,-0.31180382,1.2244248,-0.17442417,on bike mount,cyclo cross,True,asphalt,excellent
6e734f5c-ea1f-4194-b666-1907dbe97233,8849368c-1502-4446-82cf-7233c6894235,afde3e9f-b23f-487f-a049-2c378c6e9bef,1633161326027,13.8247367,52.4012916,7.018038,-0.14298105,0.54941416,-0.592535,on bike mount,cyclo cross,True,asphalt,excellent
6e734f5c-ea1f-4194-b666-1907dbe97233,8849368c-1502-4446-82cf-7233c6894235,317f327e-71fa-425b-8b57-2766778d2fd6,1633161326077,13.8247367,52.4012916,7.018038,-1.1511266,1.6506672,0.059366226,on bike mount,cyclo cross,True,asphalt,excellent
6e734f5c-ea1f-4194-b666-1907dbe97233,8849368c-1502-4446-82cf-7233c6894235,68afbdb8-0528-459f-8166-b9927137c75d,1633161326144,13.8247367,52.4012916,7.018038,0.3080907,-1.332444,0.06058693,on bike mount,cyclo cross,True,asphalt,excellent
6e734f5c-ea1f-4194-b666-1907dbe97233,8849368c-1502-4446-82cf-7233c6894235,af09f419-2ff3-45f7-bbef-689440ab389e,1633161326194,13.8247367,52.4012916,7.018038,-1.7968185,1.0921412,0.924098,on bike mount,cyclo cross,True,asphalt,excellent
6e734f5c-ea1f-4194-b666-1907dbe97233,8849368c-1502-4446-82cf-7233c6894235,ddd6e85f-b614-4508-b28e-ead07942db1b,1633161326244,13.8247367,52.4012916,7.018038,-0.86531913,0.09870267,-1.7745099,on bike mount,cyclo cross,True,asphalt,excellent
6e734f5c-ea1f-4194-b666-1907dbe97233,8849368c-1502-4446-82cf-7233c6894235,3c310a25-2e14-4a08-b07d-4ab2e6943401,1633161326311,13.8247367,52.4012916,7.018038,-0.8252178,-0.34314895,-0.2644167,on bike mount,cyclo cross,True,asphalt,excellent
6e734f5c-ea1f-4194-b666-1907dbe97233,8849368c-1502-4446-82cf-7233c6894235,a6e391f9-e096-4ff3-bfe7-c1de3a3a74d2,1633161326361,13.8247367,52.4012916,7.018038,-0.24301064,0.6765001,-0.53014565,on bike mount,cyclo cross,True,asphalt,excellent
6e734f5c-ea1f-4194-b666-1907dbe97233,8849368c-1502-4446-82cf-7233c6894235,e2c41f0e-ec07-436f-a94f-b05c1703d1ee,1633161326428,13.8247367,52.4012916,7.018038,-1.563005,-0.9669174,0.20929813,on bike mount,cyclo cross,True,asphalt,excellent
6e734f5c-ea1f-4194-b666-1907dbe97233,8849368c-1502-4446-82cf-7233c6894235,f857e290-a68c-4a73-b945-baa615f46620,1633161326495,13.8247367,52.4012916,7.018038,-1.159749,0.3960204,0.022380829,on bike mount,cyclo cross,True,asphalt,excellent
6e734f5c-ea1f-4194-b666-1907dbe97233,8849368c-1502-4446-82cf-7233c6894235,05724653-6ef8-4666-b351-767946fc5d61,1633161326561,13.8247367,52.4012916,7.018038,-0.3596709,0.21031833,1.0183449,on bike mount,cyclo cross,True,asphalt,excellent
6e734f5c-ea1f-4194-b666-1907dbe97233,8849368c-1502-4446-82cf-7233c6894235,c8f5118e-6dbc-4f4c-8305-9eb58febc3c3,1633161326612,13.8247367,52.4012916,7.018038,-0.21645983,0.18024945,2.8147507,on bike mount,cyclo cross,True,asphalt,excellent
6e734f5c-ea1f-4194-b666-1907dbe97233,8849368c-1502-4446-82cf-7233c6894235,a5170407-b28b-4dd9-b552-7457b6703579,1633161326678,13.8247405,52.4012299,6.8824587,-0.3397745,-0.8591161,0.2295103,on bike mount,cyclo cross,True,asphalt,excellent
6e734f5c-ea1f-4194-b666-1907dbe97233,8849368c-1502-4446-82cf-7233c6894235,24289841-a030-41c0-986f-117a482eb497,1633161326745,13.8247405,52.4012299,6.8824587,0.5367671,-0.26125813,-0.48733044,on bike mount,cyclo cross,True,asphalt,excellent
6e734f5c-ea1f-4194-b666-1907dbe97233,8849368c-1502-4446-82cf-7233c6894235,34603d16-2f4c-4e20-bd00-f1c86ad77414,1633161326812,13.8247405,52.4012299,6.8824587,1.5320917,2.5057716,2.7407598,on bike mount,cyclo cross,True,asphalt,excellent
6e734f5c-ea1f-4194-b666-1907dbe97233,8849368c-1502-4446-82cf-7233c6894235,6b0b336d-8a9c-494c-9d66-0001d4420a1c,1633161326879,13.8247405,52.4012299,6.8824587,0.20220491,0.076267004,2.0531664,on bike mount,cyclo cross,True,asphalt,excellent
6e734f5c-ea1f-4194-b666-1907dbe97233,8849368c-1502-4446-82cf-7233c6894235,3f963eb5-3148-41bd-b618-8310196f9be3,1633161326946,13.8247405,52.4012299,6.8824587,0.5160107,-0.18182707,0.05347252,on bike mount,cyclo cross,True,asphalt,excellent
6e734f5c-ea1f-4194-b666-1907dbe97233,8849368c-1502-4446-82cf-7233c6894235,e0144ec5-2b15-4adb-b684-b519dff0c69f,1633161327013,13.8247405,52.4012299,6.8824587,0.19469425,-0.032945156,-1.6511927,on bike mount,cyclo cross,True,asphalt,excellent
6e734f5c-ea1f-4194-b666-1907dbe97233,8849368c-1502-4446-82cf-7233c6894235,ac0d287d-5214-451d-9f2c-b4cbce42e826,1633161327079,13.8247405,52.4012299,6.8824587,-0.54684544,-0.39857125,-1.283915,on bike mount,cyclo cross,True,asphalt,excellent
6e734f5c-ea1f-4194-b666-1907dbe97233,8849368c-1502-4446-82cf-7233c6894235,56fb60d9-63b1-4da7-aba8-1bf22d7fe9b6,1633161327147,13.8247405,52.4012299,6.8824587,-0.36208558,0.2154944,0.3806734,on bike mount,cyclo cross,True,asphalt,excellent
6e734f5c-ea1f-4194-b666-1907dbe97233,8849368c-1502-4446-82cf-7233c6894235,7992ae0e-2adf-40a4-9a28-92b9ba7306f9,1633161327213,13.8247405,52.4012299,6.8824587,0.9229515,0.98372626,-3.066215,on bike mount,cyclo cross,True,asphalt,excellent
6e734f5c-ea1f-4194-b666-1907dbe97233,8849368c-1502-4446-82cf-7233c6894235,27195f7c-a2b4-4351-8dba-4effbf6cb600,1633161327280,13.8247405,52.4012299,6.8824587,-0.06788528,-0.4837892,-0.39636326,on bike mount,cyclo cross,True,asphalt,excellent
6e734f5c-ea1f-4194-b666-1907dbe97233,8849368c-1502-4446-82cf-7233c6894235,835599ba-8922-4192-b8df-eb73865826da,1633161327346,13.8247405,52.4012299,6.8824587,1.2520589,-1.4265645,2.4727488,on bike mount,cyclo cross,True,asphalt,excellent
6e734f5c-ea1f-4194-b666-1907dbe97233,8849368c-1502-4446-82cf-7233c6894235,0bbcefba-9fe0-43cc-92a9-4ca203537b8d,1633161327397,13.8247405,52.4012299,6.8824587,0.38702193,0.7719474,0.1248579,on bike mount,cyclo cross,True,asphalt,excellent
6e734f5c-ea1f-4194-b666-1907dbe97233,8849368c-1502-4446-82cf-7233c6894235,51fe2781-3c6c-4705-9004-a86fe8894cdb,1633161327464,13.8247405,52.4012299,6.8824587,0.53725725,0.23949313,-0.5691509,on bike mount,cyclo cross,True,asphalt,excellent
6e734f5c-ea1f-4194-b666-1907dbe97233,8849368c-1502-4446-82cf-7233c6894235,add80c35-f5e3-4793-b03d-b0cebf0b2cc5,1633161327530,13.8247405,52.4012299,6.8824587,-0.31169373,-0.6265688,-1.0894718,on bike mount,cyclo cross,True,asphalt,excellent
6e734f5c-ea1f-4194-b666-1907dbe97233,8849368c-1502-4446-82cf-7233c6894235,c362750b-dd78-4ee0-8bd4-625a2202b25a,1633161327581,13.8247405,52.4012299,6.8824587,0.17818728,0.51592135,1.5636272,on bike mount,cyclo cross,True,asphalt,excellent
6e734f5c-ea1f-4194-b666-1907dbe97233,8849368c-1502-4446-82cf-7233c6894235,3098e6e5-5df1-45ce-82fd-f0a431a32b9f,1633161327648,13.8247599,52.4011715,6.66676,0.8410316,-0.38067746,0.27848148,on bike mount,cyclo cross,True,asphalt,excellent
6e734f5c-ea1f-4194-b666-1907dbe97233,8849368c-1502-4446-82cf-7233c6894235,c9619792-33cb-4a6f-a995-fd3af7d0a00c,1633161327714,13.8247599,52.4011715,6.66676,0.8337554,-0.77321625,0.6212187,on bike mount,cyclo cross,True,asphalt,excellent
6e734f5c-ea1f-4194-b666-1907dbe97233,8849368c-1502-4446-82cf-7233c6894235,6811451f-dae3-4d61-9770-e379175402e9,1633161327781,13.8247599,52.4011715,6.66676,0.01152879,-0.21314502,0.6197195,on bike mount,cyclo cross,True,asphalt,excellent
6e734f5c-ea1f-4194-b666-1907dbe97233,8849368c-1502-4446-82cf-7233c6894235,4304b7b8-b12f-4f27-aa63-39a9966b3e3f,1633161327848,13.8247599,52.4011715,6.66676,-0.04145795,-0.49903512,1.115243,on bike mount,cyclo cross,True,asphalt,excellent
6e734f5c-ea1f-4194-b666-1907dbe97233,8849368c-1502-4446-82cf-7233c6894235,43fbcf21-9895-44c7-b156-a3b597f29b16,1633161327915,13.8247599,52.4011715,6.66676,0.7513088,-0.1339426,0.7629967,on bike mount,cyclo cross,True,asphalt,excellent
6e734f5c-ea1f-4194-b666-1907dbe97233,8849368c-1502-4446-82cf-7233c6894235,105153bd-d88e-4cd6-a54e-d4846e486a19,1633161327981,13.8247599,52.4011715,6.66676,-0.7246083,-0.5655496,1.0829458,on bike mount,cyclo cross,True,asphalt,excellent
6e734f5c-ea1f-4194-b666-1907dbe97233,8849368c-1502-4446-82cf-7233c6894235,5c514908-3cca-4f6c-b724-6eff5d892029,1633161328048,13.8247599,52.4011715,6.66676,0.05800797,-0.028479338,0.33708,on bike mount,cyclo cross,True,asphalt,excellent
6e734f5c-ea1f-4194-b666-1907dbe97233,8849368c-1502-4446-82cf-7233c6894235,d9fd4e31-24d9-401f-b7f8-c6a67683348c,1633161328099,13.8247599,52.4011715,6.66676,0.44189382,-0.0971303,0.043192863,on bike mount,cyclo cross,True,asphalt,excellent
6e734f5c-ea1f-4194-b666-1907dbe97233,8849368c-1502-4446-82cf-7233c6894235,ca01f79f-b84f-4776-a87c-f0e1b610c394,1633161328166,13.8247599,52.4011715,6.66676,-0.23877913,1.3957825,0.70243645,on bike mount,cyclo cross,True,asphalt,excellent
6e734f5c-ea1f-4194-b666-1907dbe97233,8849368c-1502-4446-82cf-7233c6894235,969511eb-0095-4cc6-8b77-3270587d8e19,1633161328232,13.8247599,52.4011715,6.66676,0.31208077,-2.6468015,8.445383,on bike mount,cyclo cross,True,asphalt,excellent
6e734f5c-ea1f-4194-b666-1907dbe97233,8849368c-1502-4446-82cf-7233c6894235,e941ffad-53a1-46a9-9347-f47f9cd5a447,1633161328299,13.8247599,52.4011715,6.66676,1.4400274,-0.51232505,1.7239876,on bike mount,cyclo cross,True,asphalt,excellent
6e734f5c-ea1f-4194-b666-1907dbe97233,8849368c-1502-4446-82cf-7233c6894235,5a290952-13d4-49dd-9ce7-08d47e9e0fa3,1633161328366,13.8247599,52.4011715,6.66676,0.6475393,0.4476049,-0.66280174,on bike mount,cyclo cross,True,asphalt,excellent
6e734f5c-ea1f-4194-b666-1907dbe97233,2cb4919c-458c-40a2-93a2-eb93d826925f,d13d791c-70c4-421b-8d20-6082232f9adc,1633161322335,13.8247541,52.4015397,7.2855186,1.2569499,0.50590014,1.7811184,on bike mount,cyclo cross,True,asphalt,excellent
6e734f5c-ea1f-4194-b666-1907dbe97233,2cb4919c-458c-40a2-93a2-eb93d826925f,91d5b3ea-cd85-4237-99ce-d97abbd86f5c,1633161322408,13.8247541,52.4015397,7.2855186,1.4689417,-2.2457016,1.557766,on bike mount,cyclo cross,True,asphalt,excellent
6e734f5c-ea1f-4194-b666-1907dbe97233,2cb4919c-458c-40a2-93a2-eb93d826925f,af989d5c-d092-4529-ae6d-137024b382fe,1633161322467,13.8247541,52.4015397,7.2855186,1.6092486,0.50469136,3.3806076,on bike mount,cyclo cross,True,asphalt,excellent
6e734f5c-ea1f-4194-b666-1907dbe97233,2cb4919c-458c-40a2-93a2-eb93d826925f,63576ed3-ea45-4e69-8f21-c540b8afa587,1633161322518,13.8247541,52.4015397,7.2855186,-5.4792185,1.1349378,-9.673197,on bike mount,cyclo cross,True,asphalt,excellent
6e734f5c-ea1f-4194-b666-1907dbe97233,2cb4919c-458c-40a2-93a2-eb93d826925f,4cf7119a-80c5-4f10-ab8f-d3eb1039fabc,1633161322585,13.8247541,52.4015397,7.2855186,0.40962285,-0.6286068,-0.33527184,on bike mount,cyclo cross,True,asphalt,excellent
6e734f5c-ea1f-4194-b666-1907dbe97233,2cb4919c-458c-40a2-93a2-eb93d826925f,bacd7366-58d9-4dd4-a634-8786edd0bbbd,1633161322639,13.8247579,52.401475,7.1625443,-0.21905267,0.7509155,-0.30677795,on bike mount,cyclo cross,True,asphalt,excellent
6e734f5c-ea1f-4194-b666-1907dbe97233,2cb4919c-458c-40a2-93a2-eb93d826925f,8fd4bb1f-29e2-40e0-9747-96a32e4d26a4,1633161322701,13.8247579,52.401475,7.1625443,0.8901937,-1.2423466,0.8097477,on bike mount,cyclo cross,True,asphalt,excellent
6e734f5c-ea1f-4194-b666-1907dbe97233,2cb4919c-458c-40a2-93a2-eb93d826925f,23094c66-0022-438c-9100-149c09a98fcf,1633161322752,13.8247579,52.401475,7.1625443,0.3060807,-1.4876883,-1.7555146,on bike mount,cyclo cross,True,asphalt,excellent
6e734f5c-ea1f-4194-b666-1907dbe97233,2cb4919c-458c-40a2-93a2-eb93d826925f,5e5efe89-dfb3-4473-b9f8-3885018a5a71,1633161322819,13.8247579,52.401475,7.1625443,0.18646406,-0.9400439,-0.53409004,on bike mount,cyclo cross,True,asphalt,excellent
6e734f5c-ea1f-4194-b666-1907dbe97233,2cb4919c-458c-40a2-93a2-eb93d826925f,7333eb6b-9522-42b3-b9ab-a0a90caf0af6,1633161322869,13.8247579,52.401475,7.1625443,-0.054627806,1.394062,0.45286942,on bike mount,cyclo cross,True,asphalt,excellent
6e734f5c-ea1f-4194-b666-1907dbe97233,2cb4919c-458c-40a2-93a2-eb93d826925f,7097dd57-b329-4ed7-ade3-ea48e1bfe16b,1633161322936,13.8247579,52.401475,7.1625443,0.6658466,0.9665561,0.62753296,on bike mount,cyclo cross,True,asphalt,excellent
6e734f5c-ea1f-4194-b666-1907dbe97233,2cb4919c-458c-40a2-93a2-eb93d826925f,6b34fc5b-2594-480c-b13e-d3a93a34f302,1633161323002,13.8247579,52.401475,7.1625443,-0.19122523,-0.64313436,-0.804265,on bike mount,cyclo cross,True,asphalt,excellent
6e734f5c-ea1f-4194-b666-1907dbe97233,2cb4919c-458c-40a2-93a2-eb93d826925f,ca8da408-4c37-4ad3-8981-c08b4b38896b,1633161323069,13.8247579,52.401475,7.1625443,0.43621087,-1.0600287,0.5506344,on bike mount,cyclo cross,True,asphalt,excellent
6e734f5c-ea1f-4194-b666-1907dbe97233,2cb4919c-458c-40a2-93a2-eb93d826925f,8854f580-fbf6-43a8-bd29-e3f6dba9a329,1633161323136,13.8247579,52.401475,7.1625443,0.26825234,-0.22548246,0.379364,on bike mount,cyclo cross,True,asphalt,excellent
6e734f5c-ea1f-4194-b666-1907dbe97233,2cb4919c-458c-40a2-93a2-eb93d826925f,c85f9732-59df-44db-b37d-221f172f93fa,1633161323203,13.8247579,52.401475,7.1625443,-0.7079246,0.5976553,-1.1745744,on bike mount,cyclo cross,True,asphalt,excellent
6e734f5c-ea1f-4194-b666-1907dbe97233,2cb4919c-458c-40a2-93a2-eb93d826925f,15be07cf-3caf-4483-9ba6-5379ef8ebb70,1633161323270,13.8247579,52.401475,7.1625443,0.77809954,-0.5288739,-2.0192046,on bike mount,cyclo cross,True,asphalt,excellent
6e734f5c-ea1f-4194-b666-1907dbe97233,2cb4919c-458c-40a2-93a2-eb93d826925f,ee254576-c357-4422-81ef-99e62fc3568d,1633161323320,13.8247579,52.401475,7.1625443,1.4416113,1.483675,1.215148,on bike mount,cyclo cross,True,asphalt,excellent
6e734f5c-ea1f-4194-b666-1907dbe97233,2cb4919c-458c-40a2-93a2-eb93d826925f,e1a7b3e8-e9c1-4a91-bd5b-7466c0fbfa20,1633161323370,13.8247579,52.401475,7.1625443,0.3401711,1.2465746,-1.2300653,on bike mount,cyclo cross,True,asphalt,excellent
6e734f5c-ea1f-4194-b666-1907dbe97233,2cb4919c-458c-40a2-93a2-eb93d826925f,e0093358-c89b-44e0-baf3-a49099894ea8,1633161323437,13.8247579,52.401475,7.1625443,-0.26209867,-1.8116442,3.3457603,on bike mount,cyclo cross,True,asphalt,excellent
6e734f5c-ea1f-4194-b666-1907dbe97233,2cb4919c-458c-40a2-93a2-eb93d826925f,ec5ad3f0-71a6-42bf-bf44-40d076594bb8,1633161323487,13.8247579,52.401475,7.1625443,0.39873478,0.35410714,1.0867338,on bike mount,cyclo cross,True,asphalt,excellent
6e734f5c-ea1f-4194-b666-1907dbe97233,2cb4919c-458c-40a2-93a2-eb93d826925f,95b2582b-7f23-4cf8-b801-21e2ae52953b,1633161323554,13.8247579,52.401475,7.1625443,0.6219756,-1.026938,-0.96168137,on bike mount,cyclo cross,True,asphalt,excellent
6e734f5c-ea1f-4194-b666-1907dbe97233,2cb4919c-458c-40a2-93a2-eb93d826925f,0f928d85-f9a6-454a-9d17-97632fe9753d,1633161323621,13.8247579,52.401475,7.1625443,-1.3548644,-0.17586637,-1.2270918,on bike mount,cyclo cross,True,asphalt,excellent
6e734f5c-ea1f-4194-b666-1907dbe97233,2cb4919c-458c-40a2-93a2-eb93d826925f,16eac436-a9b8-4494-914f-ecb228baf7ed,1633161323687,13.8247576,52.4014131,7.0189757,0.29072845,-0.25282598,1.5217209,on bike mount,cyclo cross,True,asphalt,excellent
6e734f5c-ea1f-4194-b666-1907dbe97233,2cb4919c-458c-40a2-93a2-eb93d826925f,935939e3-923e-406a-bc7c-865cf2134018,1633161323754,13.8247576,52.4014131,7.0189757,-0.20371342,0.12225175,0.94374275,on bike mount,cyclo cross,True,asphalt,excellent
6e734f5c-ea1f-4194-b666-1907dbe97233,2cb4919c-458c-40a2-93a2-eb93d826925f,275192de-c12c-4c7e-b42b-222cca58f0cb,1633161323821,13.8247576,52.4014131,7.0189757,0.69236445,-1.3076792,0.325346,on bike mount,cyclo cross,True,asphalt,excellent
6e734f5c-ea1f-4194-b666-1907dbe97233,2cb4919c-458c-40a2-93a2-eb93d826925f,3ae95c74-c14e-411f-ab19-0173a3e8e295,1633161323888,13.8247576,52.4014131,7.0189757,-0.39785844,-0.028990507,-2.6577706,on bike mount,cyclo cross,True,asphalt,excellent
6e734f5c-ea1f-4194-b666-1907dbe97233,2cb4919c-458c-40a2-93a2-eb93d826925f,fb683a56-6d61-444c-97bc-fd16c6c62509,1633161323955,13.8247576,52.4014131,7.0189757,-0.1395387,-1.0320259,-0.501317,on bike mount,cyclo cross,True,asphalt,excellent
6e734f5c-ea1f-4194-b666-1907dbe97233,2cb4919c-458c-40a2-93a2-eb93d826925f,72521909-2a47-4920-a390-3c42eb748866,1633161324005,13.8247576,52.4014131,7.0189757,-0.4366563,1.0869155,-1.6376257,on bike mount,cyclo cross,True,asphalt,excellent
6e734f5c-ea1f-4194-b666-1907dbe97233,2cb4919c-458c-40a2-93a2-eb93d826925f,6c86a1fb-8854-42a4-b853-e1ffe46bd9fb,1633161324072,13.8247576,52.4014131,7.0189757,0.28949422,0.7841139,-0.38572216,on bike mount,cyclo cross,True,asphalt,excellent
6e734f5c-ea1f-4194-b666-1907dbe97233,2cb4919c-458c-40a2-93a2-eb93d826925f,1d761e62-fe7c-4421-a404-45ff4ed7d9be,1633161324122,13.8247576,52.4014131,7.0189757,0.8743203,0.6210737,-0.395566,on bike mount,cyclo cross,True,asphalt,excellent
6e734f5c-ea1f-4194-b666-1907dbe97233,2cb4919c-458c-40a2-93a2-eb93d826925f,42bfc5db-d24c-4aee-a4dd-d1aa55ad3389,1633161324189,13.8247576,52.4014131,7.0189757,0.1739216,1.0455699,-1.0958338,on bike mount,cyclo cross,True,asphalt,excellent
6e734f5c-ea1f-4194-b666-1907dbe97233,2cb4919c-458c-40a2-93a2-eb93d826925f,9b336308-38d4-431f-bbaa-c865dd4e3795,1633161324239,13.8247576,52.4014131,7.0189757,0.42065886,-1.1205745,2.0958977,on bike mount,cyclo cross,True,asphalt,excellent
6e734f5c-ea1f-4194-b666-1907dbe97233,2cb4919c-458c-40a2-93a2-eb93d826925f,bddb49b9-40fb-4957-a54a-61e0cf915a1d,1633161324306,13.8247576,52.4014131,7.0189757,0.22785673,0.03368306,0.7761383,on bike mount,cyclo cross,True,asphalt,excellent
6e734f5c-ea1f-4194-b666-1907dbe97233,2cb4919c-458c-40a2-93a2-eb93d826925f,40eee4f3-bca9-4e47-998b-d2a4f6d8feed,1633161324373,13.8247576,52.4014131,7.0189757,0.17533186,-1.0409297,2.7559729,on bike mount,cyclo cross,True,asphalt,excellent
6e734f5c-ea1f-4194-b666-1907dbe97233,2cb4919c-458c-40a2-93a2-eb93d826925f,b639a090-ee74-48a6-8a82-c747b86bd072,1633161324423,13.8247576,52.4014131,7.0189757,-0.68308854,-0.3633287,-2.9874096,on bike mount,cyclo cross,True,asphalt,excellent
6e734f5c-ea1f-4194-b666-1907dbe97233,2cb4919c-458c-40a2-93a2-eb93d826925f,194f53dc-076d-4af2-b383-def7594e0dd1,1633161324489,13.8247576,52.4014131,7.0189757,-0.24808541,-1.1912351,0.42986488,on bike mount,cyclo cross,True,asphalt,excellent
6e734f5c-ea1f-4194-b666-1907dbe97233,2cb4919c-458c-40a2-93a2-eb93d826925f,4cf0e53b-744f-4e4f-a858-d5e5cd7176bc,1633161324556,13.8247576,52.4014131,7.0189757,-1.8363454,0.9368534,-0.2923603,on bike mount,cyclo cross,True,asphalt,excellent
6e734f5c-ea1f-4194-b666-1907dbe97233,2cb4919c-458c-40a2-93a2-eb93d826925f,0407c2db-03d4-40bd-abbc-33581617a9b4,1633161324607,13.8247576,52.4014131,7.0189757,-1.764237,0.6630931,0.20508385,on bike mount,cyclo cross,True,asphalt,excellent
6e734f5c-ea1f-4194-b666-1907dbe97233,2cb4919c-458c-40a2-93a2-eb93d826925f,79d45bd5-a04b-42f8-b0c2-1b9fb7757c42,1633161324673,13.8247466,52.4013517,6.9583616,-0.5457186,-0.515707,-3.1681657,on bike mount,cyclo cross,True,asphalt,excellent
6e734f5c-ea1f-4194-b666-1907dbe97233,2cb4919c-458c-40a2-93a2-eb93d826925f,93c8fd2a-2f01-4a44-9773-37f4cc9d88f5,1633161324740,13.8247466,52.4013517,6.9583616,-0.21077374,-1.3852341,-1.789362,on bike mount,cyclo cross,True,asphalt,excellent
6e734f5c-ea1f-4194-b666-1907dbe97233,2cb4919c-458c-40a2-93a2-eb93d826925f,aa26c88d-e165-4672-b906-c5680e7eb075,1633161324807,13.8247466,52.4013517,6.9583616,-0.63966966,0.89438224,2.1719542,on bike mount,cyclo cross,True,asphalt,excellent
6e734f5c-ea1f-4194-b666-1907dbe97233,2cb4919c-458c-40a2-93a2-eb93d826925f,95b86921-9dad-4212-820b-e40ce044c16f,1633161324874,13.8247466,52.4013517,6.9583616,-0.081594646,0.2547295,-0.15193939,on bike mount,cyclo cross,True,asphalt,excellent
6e734f5c-ea1f-4194-b666-1907dbe97233,2cb4919c-458c-40a2-93a2-eb93d826925f,d44235d4-dd1d-4003-ba75-8d18215bf813,1633161324941,13.8247466,52.4013517,6.9583616,-0.9910255,-2.7822816,-0.46179008,on bike mount,cyclo cross,True,asphalt,excellent
6e734f5c-ea1f-4194-b666-1907dbe97233,2cb4919c-458c-40a2-93a2-eb93d826925f,21189ff1-b412-4c8d-a645-c87543a2eddd,1633161325007,13.8247466,52.4013517,6.9583616,0.5206593,-2.6297007,1.9041872,on bike mount,cyclo cross,True,asphalt,excellent
6e734f5c-ea1f-4194-b666-1907dbe97233,2cb4919c-458c-40a2-93a2-eb93d826925f,f9fbfa1c-e1b0-449b-ab96-ca39a9ec6e73,1633161325074,13.8247466,52.4013517,6.9583616,-1.4619944,1.3240132,-0.10361767,on bike mount,cyclo cross,True,asphalt,excellent
6e734f5c-ea1f-4194-b666-1907dbe97233,2cb4919c-458c-40a2-93a2-eb93d826925f,3551184e-7c8a-4509-8edb-3140812d5c0b,1633161325141,13.8247466,52.4013517,6.9583616,-1.4342539,0.3875456,0.3672228,on bike mount,cyclo cross,True,asphalt,excellent
6e734f5c-ea1f-4194-b666-1907dbe97233,2cb4919c-458c-40a2-93a2-eb93d826925f,fd98606a-5fbc-41a0-a3e6-ddef0ee30d79,1633161325208,13.8247466,52.4013517,6.9583616,-1.0654752,0.17520356,0.48909855,on bike mount,cyclo cross,True,asphalt,excellent
6e734f5c-ea1f-4194-b666-1907dbe97233,2cb4919c-458c-40a2-93a2-eb93d826925f,19d6a3a1-cbc9-48b3-ac03-053014ba6491,1633161325275,13.8247466,52.4013517,6.9583616,-1.8754089,2.4431324,0.5527334,on bike mount,cyclo cross,True,asphalt,excellent
6e734f5c-ea1f-4194-b666-1907dbe97233,2cb4919c-458c-40a2-93a2-eb93d826925f,5a438a54-85ba-49b9-a71f-b19858b711f6,1633161325342,13.8247466,52.4013517,6.9583616,-0.34875283,-0.81454444,-0.94416237,on bike mount,cyclo cross,True,asphalt,excellent
6e734f5c-ea1f-4194-b666-1907dbe97233,2cb4919c-458c-40a2-93a2-eb93d826925f,cbb1b616-8dfe-4bfa-a1fa-640b1ab8e328,1633161325391,13.8247466,52.4013517,6.9583616,-0.6427985,-3.1026168,-3.73451,on bike mount,cyclo cross,True,asphalt,excellent
6e734f5c-ea1f-4194-b666-1907dbe97233,2cb4919c-458c-40a2-93a2-eb93d826925f,157cf568-4975-4a91-aef6-87d87bf3d31b,1633161325442,13.8247466,52.4013517,6.9583616,-1.4986622,-1.6507112,-2.8129911,on bike mount,cyclo cross,True,asphalt,excellent
6e734f5c-ea1f-4194-b666-1907dbe97233,2cb4919c-458c-40a2-93a2-eb93d826925f,67f4716b-ba13-4975-b28d-719200565619,1633161325509,13.8247466,52.4013517,6.9583616,-0.44107285,0.6871536,-2.1204314,on bike mount,cyclo cross,True,asphalt,excellent
6e734f5c-ea1f-4194-b666-1907dbe97233,2cb4919c-458c-40a2-93a2-eb93d826925f,0e64e38f-8af7-4a73-8196-61cbac041d7f,1633161325576,13.8247466,52.4013517,6.9583616,-0.41672868,0.7396071,1.5840511,on bike mount,cyclo cross,True,asphalt,excellent
6e734f5c-ea1f-4194-b666-1907dbe97233,2cb4919c-458c-40a2-93a2-eb93d826925f,f4400671-a732-4e4c-b99f-ccc03b0d08cc,1633161325629,13.8247466,52.4013517,6.9583616,-0.78657436,0.48652864,2.3830605,on bike mount,cyclo cross,True,asphalt,excellent
6e734f5c-ea1f-4194-b666-1907dbe97233,2cb4919c-458c-40a2-93a2-eb93d826925f,3cbaf9db-6de7-435e-bd05-4a788c82fb74,1633161325693,13.8247367,52.4012916,7.018038,-0.81206924,1.6860986,-2.1435308,on bike mount,cyclo cross,True,asphalt,excellent
6e734f5c-ea1f-4194-b666-1907dbe97233,2cb4919c-458c-40a2-93a2-eb93d826925f,fe8b1554-2137-45bd-b5e9-fe079e04be9e,1633161325760,13.8247367,52.4012916,7.018038,0.13156015,0.27676606,1.1408443,on bike mount,cyclo cross,True,asphalt,excellent
6e734f5c-ea1f-4194-b666-1907dbe97233,2cb4919c-458c-40a2-93a2-eb93d826925f,14509919-7eae-4240-a870-145604b1424f,1633161325826,13.8247367,52.4012916,7.018038,-0.67880845,1.3167148,0.2099886,on bike mount,cyclo cross,True,asphalt,excellent
6e734f5c-ea1f-4194-b666-1907dbe97233,2cb4919c-458c-40a2-93a2-eb93d826925f,2902c3aa-8e94-4023-b0f7-01c6316724e1,1633161325893,13.8247367,52.4012916,7.018038,0.15648842,2.9229028,-1.6207738,on bike mount,cyclo cross,True,asphalt,excellent
6e734f5c-ea1f-4194-b666-1907dbe97233,2cb4919c-458c-40a2-93a2-eb93d826925f,bf011173-9946-477c-ad85-b60e8d1d8672,1633161325960,13.8247367,52.4012916,7.018038,-0.31180382,1.2244248,-0.17442417,on bike mount,cyclo cross,True,asphalt,excellent
6e734f5c-ea1f-4194-b666-1907dbe97233,2cb4919c-458c-40a2-93a2-eb93d826925f,138007b4-b5eb-4a91-beb3-97f348e8bea3,1633161326027,13.8247367,52.4012916,7.018038,-0.14298105,0.54941416,-0.592535,on bike mount,cyclo cross,True,asphalt,excellent
6e734f5c-ea1f-4194-b666-1907dbe97233,2cb4919c-458c-40a2-93a2-eb93d826925f,21cedd7e-8e17-408a-9919-06da3dac6371,1633161326093,13.8247367,52.4012916,7.018038,-0.75250274,-0.5451467,1.7110786,on bike mount,cyclo cross,True,asphalt,excellent
6e734f5c-ea1f-4194-b666-1907dbe97233,2cb4919c-458c-40a2-93a2-eb93d826925f,98cd5d1d-371a-4928-9483-968b2f47d002,1633161326160,13.8247367,52.4012916,7.018038,-0.1787321,0.65565324,-3.4647655,on bike mount,cyclo cross,True,asphalt,excellent
6e734f5c-ea1f-4194-b666-1907dbe97233,2cb4919c-458c-40a2-93a2-eb93d826925f,3647a58d-f87f-4177-9003-81bf93ef86fc,1633161326227,13.8247367,52.4012916,7.018038,-0.4647501,0.12532091,2.1822634,on bike mount,cyclo cross,True,asphalt,excellent
6e734f5c-ea1f-4194-b666-1907dbe97233,2cb4919c-458c-40a2-93a2-eb93d826925f,75c890f7-5f7c-4101-8e02-0c843d5ffca5,1633161326294,13.8247367,52.4012916,7.018038,-0.21982425,-0.63750863,0.050017357,on bike mount,cyclo cross,True,asphalt,excellent
6e734f5c-ea1f-4194-b666-1907dbe97233,2cb4919c-458c-40a2-93a2-eb93d826925f,abb4841c-6bb4-4469-9586-8884d6d83635,1633161326361,13.8247367,52.4012916,7.018038,-0.24301064,0.6765001,-0.53014565,on bike mount,cyclo cross,True,asphalt,excellent
6e734f5c-ea1f-4194-b666-1907dbe97233,2cb4919c-458c-40a2-93a2-eb93d826925f,cd85336d-40ca-42ef-b299-fc604ff677cc,1633161326428,13.8247367,52.4012916,7.018038,-1.563005,-0.9669174,0.20929813,on bike mount,cyclo cross,True,asphalt,excellent
6e734f5c-ea1f-4194-b666-1907dbe97233,2cb4919c-458c-40a2-93a2-eb93d826925f,0f04a18e-3844-45c0-a4dd-7fb67b53dce0,1633161326478,13.8247367,52.4012916,7.018038,-0.42815793,-0.022575378,-0.49482155,on bike mount,cyclo cross,True,asphalt,excellent
6e734f5c-ea1f-4194-b666-1907dbe97233,2cb4919c-458c-40a2-93a2-eb93d826925f,830e6b6d-b5de-4c7f-b83c-9f7a551b86c8,1633161326544,13.8247367,52.4012916,7.018038,-0.12981915,0.8233886,-0.47433758,on bike mount,cyclo cross,True,asphalt,excellent
6e734f5c-ea1f-4194-b666-1907dbe97233,2cb4919c-458c-40a2-93a2-eb93d826925f,38e8983e-f827-4a5f-ab5a-1b9d17c54f68,1633161326595,13.8247367,52.4012916,7.018038,1.2531471,-0.71459603,-1.7753825,on bike mount,cyclo cross,True,asphalt,excellent
6e734f5c-ea1f-4194-b666-1907dbe97233,2cb4919c-458c-40a2-93a2-eb93d826925f,189b5cc6-5c76-4aa9-b476-de5ccce3c498,1633161326661,13.8247405,52.4012299,6.8824587,0.024095416,1.1601298,-0.3791237,on bike mount,cyclo cross,True,asphalt,excellent
6e734f5c-ea1f-4194-b666-1907dbe97233,2cb4919c-458c-40a2-93a2-eb93d826925f,30974365-879c-4565-a293-adec2492d011,1633161326728,13.8247405,52.4012299,6.8824587,0.32883352,-1.0927484,1.7825785,on bike mount,cyclo cross,True,asphalt,excellent
6e734f5c-ea1f-4194-b666-1907dbe97233,2cb4919c-458c-40a2-93a2-eb93d826925f,116a84f5-0878-46cc-aeed-bdc03dfdb718,1633161326795,13.8247405,52.4012299,6.8824587,0.34742612,0.3863771,-0.046736717,on bike mount,cyclo cross,True,asphalt,excellent
6e734f5c-ea1f-4194-b666-1907dbe97233,2cb4919c-458c-40a2-93a2-eb93d826925f,1d736b27-94a4-47fc-9f8c-74fcae8c6213,1633161326862,13.8247405,52.4012299,6.8824587,0.1461811,0.88684726,-0.99229336,on bike mount,cyclo cross,True,asphalt,excellent
6e734f5c-ea1f-4194-b666-1907dbe97233,2cb4919c-458c-40a2-93a2-eb93d826925f,d3576a5c-22e2-4930-8031-d44162b2fa31,1633161326929,13.8247405,52.4012299,6.8824587,0.29950416,-2.1259398,-0.055063248,on bike mount,cyclo cross,True,asphalt,excellent
6e734f5c-ea1f-4194-b666-1907dbe97233,2cb4919c-458c-40a2-93a2-eb93d826925f,db623973-c2ad-4262-b5ac-a05241011eb6,1633161326996,13.8247405,52.4012299,6.8824587,-0.8596373,1.6395245,0.24111652,on bike mount,cyclo cross,True,asphalt,excellent
6e734f5c-ea1f-4194-b666-1907dbe97233,2cb4919c-458c-40a2-93a2-eb93d826925f,27cdac2d-6e22-4b7d-b827-27e4bb66e201,1633161327062,13.8247405,52.4012299,6.8824587,-0.39798304,-1.5006309,1.1715746,on bike mount,cyclo cross,True,asphalt,excellent
6e734f5c-ea1f-4194-b666-1907dbe97233,2cb4919c-458c-40a2-93a2-eb93d826925f,f7a1eea7-8390-4cb7-a98e-7154217b541a,1633161327113,13.8247405,52.4012299,6.8824587,0.90482146,-0.12527871,0.22759151,on bike mount,cyclo cross,True,asphalt,excellent
6e734f5c-ea1f-4194-b666-1907dbe97233,2cb4919c-458c-40a2-93a2-eb93d826925f,0d2d115e-a66a-41b6-a2b8-85f99bf21d64,1633161327163,13.8247405,52.4012299,6.8824587,-0.5091947,-0.08150792,-1.5366321,on bike mount,cyclo cross,True,asphalt,excellent
6e734f5c-ea1f-4194-b666-1907dbe97233,2cb4919c-458c-40a2-93a2-eb93d826925f,6ea7574e-6bed-47df-b1ee-cd17542194ec,1633161327230,13.8247405,52.4012299,6.8824587,1.4741354,-1.2703996,0.47226334,on bike mount,cyclo cross,True,asphalt,excellent
6e734f5c-ea1f-4194-b666-1907dbe97233,2cb4919c-458c-40a2-93a2-eb93d826925f,f7606e60-4425-4c4e-99e0-6b9ec5beda42,1633161327297,13.8247405,52.4012299,6.8824587,-0.7071664,0.4846263,0.35785198,on bike mount,cyclo cross,True,asphalt,excellent
6e734f5c-ea1f-4194-b666-1907dbe97233,2cb4919c-458c-40a2-93a2-eb93d826925f,d3108f5d-018a-4896-8aac-238f5a81f6c3,1633161327364,13.8247405,52.4012299,6.8824587,0.16397107,0.53211164,-1.1763086,on bike mount,cyclo cross,True,asphalt,excellent
6e734f5c-ea1f-4194-b666-1907dbe97233,2cb4919c-458c-40a2-93a2-eb93d826925f,10382824-4d60-4055-a162-ce2d8ac666ec,1633161327430,13.8247405,52.4012299,6.8824587,0.34650326,0.20474648,0.7495413,on bike mount,cyclo cross,True,asphalt,excellent
6e734f5c-ea1f-4194-b666-1907dbe97233,2cb4919c-458c-40a2-93a2-eb93d826925f,fedecfc9-f939-4756-8543-79631e94387a,1633161327497,13.8247405,52.4012299,6.8824587,0.59147376,0.9165907,-0.102282524,on bike mount,cyclo cross,True,asphalt,excellent
6e734f5c-ea1f-4194-b666-1907dbe97233,2cb4919c-458c-40a2-93a2-eb93d826925f,f82cdf35-b048-4f3e-adb5-5c83d40f2e05,1633161327564,13.8247405,52.4012299,6.8824587,-0.4557801,-0.50406957,0.45597458,on bike mount,cyclo cross,True,asphalt,excellent
6e734f5c-ea1f-4194-b666-1907dbe97233,2cb4919c-458c-40a2-93a2-eb93d826925f,bdf18a56-5531-49b4-8830-d4bdcdc566f1,1633161327631,13.8247405,52.4012299,6.8824587,1.95619,-2.3190858,0.5243702,on bike mount,cyclo cross,True,asphalt,excellent
6e734f5c-ea1f-4194-b666-1907dbe97233,2cb4919c-458c-40a2-93a2-eb93d826925f,220ee770-42fa-48b2-99c1-3a7b0a985270,1633161327697,13.8247599,52.4011715,6.66676,0.8243211,1.2484598,-0.4475813,on bike mount,cyclo cross,True,asphalt,excellent
6e734f5c-ea1f-4194-b666-1907dbe97233,2cb4919c-458c-40a2-93a2-eb93d826925f,dc6bb32d-1106-4604-aec9-f3ce8955fc23,1633161327764,13.8247599,52.4011715,6.66676,0.7195786,-1.0053142,0.7659807,on bike mount,cyclo cross,True,asphalt,excellent
6e734f5c-ea1f-4194-b666-1907dbe97233,2cb4919c-458c-40a2-93a2-eb93d826925f,e586b06a-417a-4953-a14d-1a4e21917864,1633161327831,13.8247599,52.4011715,6.66676,-0.023855478,0.9093361,-0.34852123,on bike mount,cyclo cross,True,asphalt,excellent
6e734f5c-ea1f-4194-b666-1907dbe97233,2cb4919c-458c-40a2-93a2-eb93d826925f,311fdee2-5b4c-4e2c-abd6-397338c30858,1633161327898,13.8247599,52.4011715,6.66676,0.7471273,2.5782604,-0.5251579,on bike mount,cyclo cross,True,asphalt,excellent
6e734f5c-ea1f-4194-b666-1907dbe97233,2cb4919c-458c-40a2-93a2-eb93d826925f,c471e90a-8ae9-49b4-bf43-baeefefb00ec,1633161327965,13.8247599,52.4011715,6.66676,-0.5883992,-0.8249303,-0.0053195953,on bike mount,cyclo cross,True,asphalt,excellent
6e734f5c-ea1f-4194-b666-1907dbe97233,2cb4919c-458c-40a2-93a2-eb93d826925f,4afc11a9-2656-4b21-ba98-4c4cc0e25ffd,1633161328031,13.8247599,52.4011715,6.66676,-0.2317543,-2.0961607,0.864069,on bike mount,cyclo cross,True,asphalt,excellent
6e734f5c-ea1f-4194-b666-1907dbe97233,2cb4919c-458c-40a2-93a2-eb93d826925f,bb10f02f-a739-41fe-963c-830190cf1fa9,1633161328082,13.8247599,52.4011715,6.66676,-0.72772694,-1.2633741,0.8424692,on bike mount,cyclo cross,True,asphalt,excellent
6e734f5c-ea1f-4194-b666-1907dbe97233,2cb4919c-458c-40a2-93a2-eb93d826925f,80f88900-7d7c-43cd-a5b3-63821c98ed7b,1633161328149,13.8247599,52.4011715,6.66676,0.1864493,-0.3586588,-1.0131826,on bike mount,cyclo cross,True,asphalt,excellent
6e734f5c-ea1f-4194-b666-1907dbe97233,2cb4919c-458c-40a2-93a2-eb93d826925f,a1fbc33b-1b63-4af6-8103-b753b8bcd719,1633161328199,13.8247599,52.4011715,6.66676,0.19917527,-0.9695015,-0.4225874,on bike mount,cyclo cross,True,asphalt,excellent
6e734f5c-ea1f-4194-b666-1907dbe97233,2cb4919c-458c-40a2-93a2-eb93d826925f,52fa69c0-5801-40e2-8219-0404ad9efae1,1633161328266,13.8247599,52.4011715,6.66676,-0.02987954,1.6964741,2.8387527,on bike mount,cyclo cross,True,asphalt,excellent
6e734f5c-ea1f-4194-b666-1907dbe97233,2cb4919c-458c-40a2-93a2-eb93d826925f,bb7d00ff-1eb7-4586-99a2-adfc262d4f46,1633161328316,13.8247599,52.4011715,6.66676,-0.19743937,0.7788253,0.10659313,on bike mount,cyclo cross,True,asphalt,excellent
6e734f5c-ea1f-4194-b666-1907dbe97233,2cb4919c-458c-40a2-93a2-eb93d826925f,9ed63dd5-e2e0-4db2-8143-1c685faaa6d3,1633161328383,13.8247599,52.4011715,6.66676,0.3397317,0.49168563,-0.12401295,on bike mount,cyclo cross,True,asphalt,excellent
6e734f5c-ea1f-4194-b666-1907dbe97233,2cb4919c-458c-40a2-93a2-eb93d826925f,9b13f626-c7b5-4941-aa82-d4681fd91b97,1633161328449,13.8247599,52.4011715,6.66676,-0.266707,-0.063403845,0.63759327,on bike mount,cyclo cross,True,asphalt,excellent
6e734f5c-ea1f-4194-b666-1907dbe97233,2cb4919c-458c-40a2-93a2-eb93d826925f,5bf7a712-8cc8-42a1-8c1c-eb8464c310c7,1633161328516,13.8247599,52.4011715,6.66676,0.8231234,-0.6273434,-0.22841167,on bike mount,cyclo cross,True,asphalt,excellent
6e734f5c-ea1f-4194-b666-1907dbe97233,2cb4919c-458c-40a2-93a2-eb93d826925f,1247e0c5-4389-421a-ad08-4e8a9dd8fe32,1633161328583,13.8247599,52.4011715,6.66676,0.98392963,1.2241919,0.3291216,on bike mount,cyclo cross,True,asphalt,excellent
6e734f5c-ea1f-4194-b666-1907dbe97233,2cb4919c-458c-40a2-93a2-eb93d826925f,b550dd29-2a60-481e-b7a8-975bf23eb73b,1633161328650,13.8247599,52.4011715,6.66676,-0.087759465,-1.5518067,-0.48967934,on bike mount,cyclo cross,True,asphalt,excellent
6e734f5c-ea1f-4194-b666-1907dbe97233,2cb4919c-458c-40a2-93a2-eb93d826925f,2f59329c-08e2-4ee1-8847-dd71cd270f80,1633161328716,13.8247807,52.4011143,6.5001254,0.53076833,-0.5972669,1.0866938,on bike mount,cyclo cross,True,asphalt,excellent
6e734f5c-ea1f-4194-b666-1907dbe97233,2cb4919c-458c-40a2-93a2-eb93d826925f,f3922fe4-c6bf-4fa7-8aec-becdf76c2705,1633161328767,13.8247807,52.4011143,6.5001254,0.3340561,1.5444622,-0.30895424,on bike mount,cyclo cross,True,asphalt,excellent
6e734f5c-ea1f-4194-b666-1907dbe97233,2cb4919c-458c-40a2-93a2-eb93d826925f,12674552-e027-43ea-8b9a-e404e3afe5bd,1633161328834,13.8247807,52.4011143,6.5001254,0.67097795,-0.10919571,0.9079256,on bike mount,cyclo cross,True,asphalt,excellent
6e734f5c-ea1f-4194-b666-1907dbe97233,2cb4919c-458c-40a2-93a2-eb93d826925f,a413586c-3810-4ffe-ba0b-37aedfd2fd6a,1633161328884,13.8247807,52.4011143,6.5001254,-0.79984266,1.1108809,-0.14490318,on bike mount,cyclo cross,True,asphalt,excellent
6e734f5c-ea1f-4194-b666-1907dbe97233,2cb4919c-458c-40a2-93a2-eb93d826925f,ebf3b1cd-a1e0-4bbc-aeb8-cac5a5567fa2,1633161328951,13.8247807,52.4011143,6.5001254,0.005740851,-0.0715754,2.2261543,on bike mount,cyclo cross,True,asphalt,excellent
6e734f5c-ea1f-4194-b666-1907dbe97233,2cb4919c-458c-40a2-93a2-eb93d826925f,66168463-3150-4208-bee5-2d92b1b73d35,1633161329017,13.8247807,52.4011143,6.5001254,-0.12709138,-0.004470587,-2.1854477,on bike mount,cyclo cross,True,asphalt,excellent
6e734f5c-ea1f-4194-b666-1907dbe97233,2cb4919c-458c-40a2-93a2-eb93d826925f,7f57feb6-6ef9-4b39-ad3a-b64fe3671291,1633161329084,13.8247807,52.4011143,6.5001254,0.30382133,1.7265191,-0.7640171,on bike mount,cyclo cross,True,asphalt,excellent
6e734f5c-ea1f-4194-b666-1907dbe97233,2cb4919c-458c-40a2-93a2-eb93d826925f,c5244831-d187-4922-8ccf-e902a381b643,1633161329151,13.8247807,52.4011143,6.5001254,0.004598221,1.3140574,-0.81664467,on bike mount,cyclo cross,True,asphalt,excellent
6e734f5c-ea1f-4194-b666-1907dbe97233,2cb4919c-458c-40a2-93a2-eb93d826925f,95f734d1-54e4-4036-baf7-f56aed77b1d6,1633161329218,13.8247807,52.4011143,6.5001254,-0.28126198,0.5279982,-3.0600877,on bike mount,cyclo cross,True,asphalt,excellent
6e734f5c-ea1f-4194-b666-1907dbe97233,2cb4919c-458c-40a2-93a2-eb93d826925f,4cfa6842-2756-4220-b235-26a6a4999dc8,1633161329285,13.8247807,52.4011143,6.5001254,0.25575167,-0.6283667,1.1559248,on bike mount,cyclo cross,True,asphalt,excellent
6e734f5c-ea1f-4194-b666-1907dbe97233,2cb4919c-458c-40a2-93a2-eb93d826925f,2ec7e628-682f-449e-86c2-30515f14b350,1633161329352,13.8247807,52.4011143,6.5001254,0.35362422,0.3315847,1.0400095,on bike mount,cyclo cross,True,asphalt,excellent
6e734f5c-ea1f-4194-b666-1907dbe97233,2cb4919c-458c-40a2-93a2-eb93d826925f,09c39b52-40f8-4e2a-9d07-79ef371f0090,1633161329402,13.8247807,52.4011143,6.5001254,0.1860975,-2.2220886,-0.36605167,on bike mount,cyclo cross,True,asphalt,excellent
6e734f5c-ea1f-4194-b666-1907dbe97233,2cb4919c-458c-40a2-93a2-eb93d826925f,9b8a81e0-66d1-473f-9cc8-f9b049d70e45,1633161329469,13.8247807,52.4011143,6.5001254,2.348643,-0.81193674,0.7693672,on bike mount,cyclo cross,True,asphalt,excellent
6e734f5c-ea1f-4194-b666-1907dbe97233,2cb4919c-458c-40a2-93a2-eb93d826925f,be29c0f9-1277-4823-bc46-e2363dcb7cde,1633161329519,13.8247807,52.4011143,6.5001254,-0.059172392,0.99220085,0.5221472,on bike mount,cyclo cross,True,asphalt,excellent
6e734f5c-ea1f-4194-b666-1907dbe97233,2cb4919c-458c-40a2-93a2-eb93d826925f,5240d6b1-f42e-4b7e-b0d2-f25ace03c6ca,1633161329586,13.8247807,52.4011143,6.5001254,0.6608825,1.9768329,-1.404521,on bike mount,cyclo cross,True,asphalt,excellent
6e734f5c-ea1f-4194-b666-1907dbe97233,2cb4919c-458c-40a2-93a2-eb93d826925f,6cbdb7d7-f991-496e-bcd0-ed5c5f0f6a3c,1633161329637,13.8247807,52.4011143,6.5001254,0.48529768,1.190021,-1.557375,on bike mount,cyclo cross,True,asphalt,excellent
6e734f5c-ea1f-4194-b666-1907dbe97233,2cb4919c-458c-40a2-93a2-eb93d826925f,5e3ebf59-bcb3-4799-a67b-34d1f2caaa62,1633161329703,13.8247958,52.4010589,6.386538,0.11969817,0.030073404,0.6131935,on bike mount,cyclo cross,True,asphalt,excellent
6e734f5c-ea1f-4194-b666-1907dbe97233,2cb4919c-458c-40a2-93a2-eb93d826925f,5c7bebdb-99e3-4005-8ff2-c55ed0eee9ff,1633161329769,13.8247958,52.4010589,6.386538,0.038872063,1.9178932,0.46418095,on bike mount,cyclo cross,True,asphalt,excellent
6e734f5c-ea1f-4194-b666-1907dbe97233,2cb4919c-458c-40a2-93a2-eb93d826925f,ae1063a1-3ac7-453d-bae6-ad0f66904bbe,1633161329836,13.8247958,52.4010589,6.386538,0.41050965,0.10837293,-1.8794608,on bike mount,cyclo cross,True,asphalt,excellent
6e734f5c-ea1f-4194-b666-1907dbe97233,2cb4919c-458c-40a2-93a2-eb93d826925f,8f0ec623-9379-4798-aa54-457d9c2a1b97,1633161329903,13.8247958,52.4010589,6.386538,0.13923156,0.7432678,1.7458353,on bike mount,cyclo cross,True,asphalt,excellent
6e734f5c-ea1f-4194-b666-1907dbe97233,2cb4919c-458c-40a2-93a2-eb93d826925f,18aa0cff-d879-4119-9c23-2b75ea962060,1633161329969,13.8247958,52.4010589,6.386538,-0.7703697,-2.9611268,-2.0059233,on bike mount,cyclo cross,True,asphalt,excellent
6e734f5c-ea1f-4194-b666-1907dbe97233,2cb4919c-458c-40a2-93a2-eb93d826925f,f74965e2-f619-468f-b15f-d5d16cc52ba2,1633161330020,13.8247958,52.4010589,6.386538,-0.0428766,-1.2294098,0.067729,on bike mount,cyclo cross,True,asphalt,excellent
6e734f5c-ea1f-4194-b666-1907dbe97233,2cb4919c-458c-40a2-93a2-eb93d826925f,b08efc1c-b490-4fe5-9e4a-e928e53ad20e,1633161330086,13.8247958,52.4010589,6.386538,0.1974324,-1.3239223,-1.6726089,on bike mount,cyclo cross,True,asphalt,excellent
6e734f5c-ea1f-4194-b666-1907dbe97233,2cb4919c-458c-40a2-93a2-eb93d826925f,8983f040-50ba-4813-8746-abdde644fa0d,1633161330137,13.8247958,52.4010589,6.386538,0.1106524,-2.4806762,-0.65837955,on bike mount,cyclo cross,True,asphalt,excellent
6e734f5c-ea1f-4194-b666-1907dbe97233,2cb4919c-458c-40a2-93a2-eb93d826925f,6006ef8b-6094-4e3a-a9ba-054264b2ef2b,1633161330204,13.8247958,52.4010589,6.386538,0.65077114,1.5390964,2.3583345,on bike mount,cyclo cross,True,asphalt,excellent
6e734f5c-ea1f-4194-b666-1907dbe97233,2cb4919c-458c-40a2-93a2-eb93d826925f,df15482c-f1f5-4ae8-8e85-2669b2bc404b,1633161330254,13.8247958,52.4010589,6.386538,1.6023524,-1.7645049,4.615052,on bike mount,cyclo cross,True,asphalt,excellent
6e734f5c-ea1f-4194-b666-1907dbe97233,2cb4919c-458c-40a2-93a2-eb93d826925f,95eb17e4-2718-4718-aea1-2a8ae155ddab,1633161330321,13.8247958,52.4010589,6.386538,2.155917,1.5297661,0.9360523,on bike mount,cyclo cross,True,asphalt,excellent
6e734f5c-ea1f-4194-b666-1907dbe97233,2cb4919c-458c-40a2-93a2-eb93d826925f,ffd6c655-2e55-4f68-934e-fd190e963535,1633161330371,13.8247958,52.4010589,6.386538,1.4042524,-0.5383382,0.36550808,on bike mount,cyclo cross,True,asphalt,excellent
6e734f5c-ea1f-4194-b666-1907dbe97233,2cb4919c-458c-40a2-93a2-eb93d826925f,79aebcfb-33c8-4b28-a8fc-24962270ef52,1633161330438,13.8247958,52.4010589,6.386538,-1.1648223,-0.54325247,-0.2618103,on bike mount,cyclo cross,True,asphalt,excellent
6e734f5c-ea1f-4194-b666-1907dbe97233,2cb4919c-458c-40a2-93a2-eb93d826925f,f2a26101-1f4b-440d-8b27-c13277c54528,1633161330504,13.8247958,52.4010589,6.386538,0.07399556,-0.110080004,-1.1647444,on bike mount,cyclo cross,True,asphalt,excellent
6e734f5c-ea1f-4194-b666-1907dbe97233,2cb4919c-458c-40a2-93a2-eb93d826925f,7ed304fe-d886-4cf7-bef7-d1a76960d210,1633161330571,13.8247958,52.4010589,6.386538,-0.5183021,-2.0481846,1.894516,on bike mount,cyclo cross,True,asphalt,excellent
6e734f5c-ea1f-4194-b666-1907dbe97233,2cb4919c-458c-40a2-93a2-eb93d826925f,314bfdb0-f990-499d-b0bb-fcb02fecd636,1633161330622,13.8247958,52.4010589,6.386538,1.2484081,1.7135673,-2.0970926,on bike mount,cyclo cross,True,asphalt,excellent
6e734f5c-ea1f-4194-b666-1907dbe97233,2cb4919c-458c-40a2-93a2-eb93d826925f,da256b53-25be-4564-a474-56beffcc974f,1633161330688,13.8248015,52.4010071,6.698041,-1.9744774,2.088264,2.0873222,on bike mount,cyclo cross,True,asphalt,excellent
6e734f5c-ea1f-4194-b666-1907dbe97233,2cb4919c-458c-40a2-93a2-eb93d826925f,dae48bf9-c20f-414c-9135-b6ce01a158cc,1633161330755,13.8248015,52.4010071,6.698041,1.5584882,-1.1260331,-0.84999084,on bike mount,cyclo cross,True,asphalt,excellent
6e734f5c-ea1f-4194-b666-1907dbe97233,2cb4919c-458c-40a2-93a2-eb93d826925f,b9b31676-a1f4-4757-9dc3-3cadd9e58355,1633161330822,13.8248015,52.4010071,6.698041,-0.28688124,1.26702,-3.26935,on bike mount,cyclo cross,True,asphalt,excellent
6e734f5c-ea1f-4194-b666-1907dbe97233,2cb4919c-458c-40a2-93a2-eb93d826925f,ba37b3a5-8d3a-40a8-998e-1d351270b3f6,1633161330889,13.8248015,52.4010071,6.698041,0.121563405,-1.0317539,2.376896,on bike mount,cyclo cross,True,asphalt,excellent
6e734f5c-ea1f-4194-b666-1907dbe97233,2cb4919c-458c-40a2-93a2-eb93d826925f,8afcf169-aae9-4b03-a537-018aea890195,1633161330939,13.8248015,52.4010071,6.698041,0.5369669,-0.7793585,0.37813616,on bike mount,cyclo cross,True,asphalt,excellent
6e734f5c-ea1f-4194-b666-1907dbe97233,2cb4919c-458c-40a2-93a2-eb93d826925f,ac039d75-412b-4487-88b4-446de9bd2368,1633161331006,13.8248015,52.4010071,6.698041,1.2498113,1.422205,1.2055264,on bike mount,cyclo cross,True,asphalt,excellent
6e734f5c-ea1f-4194-b666-1907dbe97233,2cb4919c-458c-40a2-93a2-eb93d826925f,591f5ebd-001d-476d-8df7-6a7c9773e6cd,1633161331056,13.8248015,52.4010071,6.698041,0.7078279,1.0003552,-0.14364433,on bike mount,cyclo cross,True,asphalt,excellent
6e734f5c-ea1f-4194-b666-1907dbe97233,2cb4919c-458c-40a2-93a2-eb93d826925f,f33f7bbf-46a7-4b51-8ca6-25dbef2c4630,1633161331122,13.8248015,52.4010071,6.698041,-0.3263046,0.00038599968,1.3261156,on bike mount,cyclo cross,True,asphalt,excellent
6e734f5c-ea1f-4194-b666-1907dbe97233,2cb4919c-458c-40a2-93a2-eb93d826925f,31a639aa-16d4-42d5-ab56-aabac97d40d1,1633161331173,13.8248015,52.4010071,6.698041,0.19150996,-1.6979749,-0.6169491,on bike mount,cyclo cross,True,asphalt,excellent
6e734f5c-ea1f-4194-b666-1907dbe97233,2cb4919c-458c-40a2-93a2-eb93d826925f,c75475a9-3505-46f2-82a3-a59474157a92,1633161331240,13.8248015,52.4010071,6.698041,-1.8588265,-4.9250174,-3.7338338,on bike mount,cyclo cross,True,asphalt,excellent
6e734f5c-ea1f-4194-b666-1907dbe97233,2cb4919c-458c-40a2-93a2-eb93d826925f,3c524fce-0e16-4d90-b669-f9747fd9d9e6,1633161331306,13.8248015,52.4010071,6.698041,-0.8518789,-0.16586924,-1.7431107,on bike mount,cyclo cross,True,asphalt,excellent
6e734f5c-ea1f-4194-b666-1907dbe97233,2cb4919c-458c-40a2-93a2-eb93d826925f,2ee0dd07-0b3e-4209-b970-564c6c8cef59,1633161331373,13.8248015,52.4010071,6.698041,-1.403377,0.8679478,-0.23413372,on bike mount,cyclo cross,True,asphalt,excellent
6e734f5c-ea1f-4194-b666-1907dbe97233,2cb4919c-458c-40a2-93a2-eb93d826925f,21253202-1b64-4be4-a788-268edd8468c4,1633161331440,13.8248015,52.4010071,6.698041,0.7466644,-2.0795124,2.9845324,on bike mount,cyclo cross,True,asphalt,excellent
6e734f5c-ea1f-4194-b666-1907dbe97233,2cb4919c-458c-40a2-93a2-eb93d826925f,f4a4d26d-a31b-403a-941f-6de7032f126c,1633161331507,13.8248015,52.4010071,6.698041,-0.18647124,3.2266116,-2.1156464,on bike mount,cyclo cross,True,asphalt,excellent
6e734f5c-ea1f-4194-b666-1907dbe97233,2cb4919c-458c-40a2-93a2-eb93d826925f,67f1cbe2-4680-43c5-86cd-4f2f1fdd186d,1633161331574,13.8248015,52.4010071,6.698041,-1.1758236,-0.25575638,1.870409,on bike mount,cyclo cross,True,asphalt,excellent
6e734f5c-ea1f-4194-b666-1907dbe97233,2cb4919c-458c-40a2-93a2-eb93d826925f,2988186a-ac22-4e45-9881-9392ded8d55a,1633161331641,13.8248015,52.4010071,6.698041,-1.73828,-2.1068447,1.2032232,on bike mount,cyclo cross,True,asphalt,excellent
6e734f5c-ea1f-4194-b666-1907dbe97233,2cb4919c-458c-40a2-93a2-eb93d826925f,daf99947-de80-4430-8e71-9ee32e630e37,1633161331707,13.8247937,52.4009488,6.73817,0.24141145,1.5600278,-1.6063275,on bike mount,cyclo cross,True,asphalt,excellent
6e734f5c-ea1f-4194-b666-1907dbe97233,2cb4919c-458c-40a2-93a2-eb93d826925f,887ba0ab-e607-4cc9-a08b-d09c1da29187,1633161331774,13.8247937,52.4009488,6.73817,-0.9652705,-0.21693277,-0.46708107,on bike mount,cyclo cross,True,asphalt,excellent
6e734f5c-ea1f-4194-b666-1907dbe97233,2cb4919c-458c-40a2-93a2-eb93d826925f,b91214da-39e8-4a20-9d19-fda4cd6f8940,1633161331841,13.8247937,52.4009488,6.73817,-0.5193264,-1.1828262,0.04710579,on bike mount,cyclo cross,True,asphalt,excellent
6e734f5c-ea1f-4194-b666-1907dbe97233,2cb4919c-458c-40a2-93a2-eb93d826925f,bc112d13-a2e9-49ce-8ea8-ef8abcdc33c5,1633161331908,13.8247937,52.4009488,6.73817,-1.583979,1.5919175,0.6331053,on bike mount,cyclo cross,True,asphalt,excellent
6e734f5c-ea1f-4194-b666-1907dbe97233,2cb4919c-458c-40a2-93a2-eb93d826925f,1d31c6d1-0427-46e8-ac13-d5347947b41f,1633161331975,13.8247937,52.4009488,6.73817,-0.72519654,-0.13501716,2.3580608,on bike mount,cyclo cross,True,asphalt,excellent
6e734f5c-ea1f-4194-b666-1907dbe97233,2cb4919c-458c-40a2-93a2-eb93d826925f,95cba3cd-c8e8-4d3c-9ca3-0ab763f43af8,1633161332042,13.8247937,52.4009488,6.73817,-1.5991466,0.67280626,0.7687206,on bike mount,cyclo cross,True,asphalt,excellent
6e734f5c-ea1f-4194-b666-1907dbe97233,2cb4919c-458c-40a2-93a2-eb93d826925f,9604ca97-83a8-414f-a803-4a4c21bade72,1633161332108,13.8247937,52.4009488,6.73817,-0.9251583,-0.03979826,-4.7804317,on bike mount,cyclo cross,True,asphalt,excellent
6e734f5c-ea1f-4194-b666-1907dbe97233,2cb4919c-458c-40a2-93a2-eb93d826925f,b6ee127b-4989-4693-8b1a-0a3b35b8c3c9,1633161332175,13.8247937,52.4009488,6.73817,-0.8566618,3.8733854,-0.67544174,on bike mount,cyclo cross,True,asphalt,excellent
6e734f5c-ea1f-4194-b666-1907dbe97233,2cb4919c-458c-40a2-93a2-eb93d826925f,0c56ca40-a7e4-4dc1-84e7-f6bfc76114c1,1633161332242,13.8247937,52.4009488,6.73817,-2.32761,1.722991,1.8404751,on bike mount,cyclo cross,True,asphalt,excellent
6e734f5c-ea1f-4194-b666-1907dbe97233,2cb4919c-458c-40a2-93a2-eb93d826925f,202fc200-ed87-4838-8802-c540e68381cc,1633161332309,13.8247937,52.4009488,6.73817,-0.3178066,-0.9306785,-0.6167517,on bike mount,cyclo cross,True,asphalt,excellent
6e734f5c-ea1f-4194-b666-1907dbe97233,2cb4919c-458c-40a2-93a2-eb93d826925f,238ed417-ccde-4ccd-96e4-b88de2b8b912,1633161332376,13.8247937,52.4009488,6.73817,-1.1290352,2.276585,-0.32787895,on bike mount,cyclo cross,True,asphalt,excellent
6e734f5c-ea1f-4194-b666-1907dbe97233,2cb4919c-458c-40a2-93a2-eb93d826925f,3cd18a16-2f19-4ff5-90c0-3427c2f6b125,1633161332443,13.8247937,52.4009488,6.73817,-0.5688756,0.30043125,0.5820751,on bike mount,cyclo cross,True,asphalt,excellent
6e734f5c-ea1f-4194-b666-1907dbe97233,2cb4919c-458c-40a2-93a2-eb93d826925f,304b98d3-c1cf-4be5-a630-116605199eaa,1633161332493,13.8247937,52.4009488,6.73817,-0.4028979,0.51505804,-2.8354025,on bike mount,cyclo cross,True,asphalt,excellent
6e734f5c-ea1f-4194-b666-1907dbe97233,2cb4919c-458c-40a2-93a2-eb93d826925f,2fe423ba-0959-4adf-997e-769c66229731,1633161332543,13.8247937,52.4009488,6.73817,-1.2687879,-1.34765,1.4162731,on bike mount,cyclo cross,True,asphalt,excellent
6e734f5c-ea1f-4194-b666-1907dbe97233,2cb4919c-458c-40a2-93a2-eb93d826925f,d842cf92-cc5c-488d-95c0-ae40e5f77a81,1633161332610,13.8247937,52.4009488,6.73817,-1.4083828,-0.6799991,1.7960405,on bike mount,cyclo cross,True,asphalt,excellent
6e734f5c-ea1f-4194-b666-1907dbe97233,2cb4919c-458c-40a2-93a2-eb93d826925f,bf9f7f58-6722-4ba5-a1e3-7021eaec182b,1633161332676,13.8247816,52.4008895,6.7253265,-1.3149785,-0.002282858,-0.5223179,on bike mount,cyclo cross,True,asphalt,excellent
6e734f5c-ea1f-4194-b666-1907dbe97233,2cb4919c-458c-40a2-93a2-eb93d826925f,e6b13f8d-e88d-4ded-a1a8-ba3d907f684e,1633161332743,13.8247816,52.4008895,6.7253265,-0.40182906,0.77514124,2.4628496,on bike mount,cyclo cross,True,asphalt,excellent
6e734f5c-ea1f-4194-b666-1907dbe97233,2cb4919c-458c-40a2-93a2-eb93d826925f,ad1147a3-67a1-41ee-987d-4c681701af52,1633161332810,13.8247816,52.4008895,6.7253265,0.33789718,0.09402728,-3.554964,on bike mount,cyclo cross,True,asphalt,excellent
6e734f5c-ea1f-4194-b666-1907dbe97233,2cb4919c-458c-40a2-93a2-eb93d826925f,6538835f-e461-47a0-ad92-13b0429e7891,1633161332877,13.8247816,52.4008895,6.7253265,-0.04657209,2.9606228,-0.9064169,on bike mount,cyclo cross,True,asphalt,excellent
6e734f5c-ea1f-4194-b666-1907dbe97233,2cb4919c-458c-40a2-93a2-eb93d826925f,96c08850-88bc-4c56-85da-e21c62f6cfac,1633161332944,13.8247816,52.4008895,6.7253265,-1.2373545,-0.90054584,2.9324675,on bike mount,cyclo cross,True,asphalt,excellent
6e734f5c-ea1f-4194-b666-1907dbe97233,2cb4919c-458c-40a2-93a2-eb93d826925f,e90b6a53-88d8-4e5e-89d6-94aae314a628,1633161333011,13.8247816,52.4008895,6.7253265,-0.3768516,-0.71865606,1.4874668,on bike mount,cyclo cross,True,asphalt,excellent
6e734f5c-ea1f-4194-b666-1907dbe97233,2cb4919c-458c-40a2-93a2-eb93d826925f,ddc97c5e-0433-438d-82a6-46b74fc1390d,1633161333078,13.8247816,52.4008895,6.7253265,-0.98517317,-1.3930178,1.8056221,on bike mount,cyclo cross,True,asphalt,excellent
6e734f5c-ea1f-4194-b666-1907dbe97233,2cb4919c-458c-40a2-93a2-eb93d826925f,7288d006-2f1d-4e0b-a438-9ccc7b375137,1633161333128,13.8247816,52.4008895,6.7253265,-1.6637797,0.6192465,-2.1542935,on bike mount,cyclo cross,True,asphalt,excellent
6e734f5c-ea1f-4194-b666-1907dbe97233,2cb4919c-458c-40a2-93a2-eb93d826925f,ddbefbda-7749-4ca4-adba-5fec47dd953c,1633161333194,13.8247816,52.4008895,6.7253265,-2.0925448,0.8866577,-2.1224008,on bike mount,cyclo cross,True,asphalt,excellent
6e734f5c-ea1f-4194-b666-1907dbe97233,2cb4919c-458c-40a2-93a2-eb93d826925f,983287ef-2ae5-4cfb-b990-b6798269f68a,1633161333245,13.8247816,52.4008895,6.7253265,-0.09286547,-0.7732363,0.89227486,on bike mount,cyclo cross,True,asphalt,excellent
6e734f5c-ea1f-4194-b666-1907dbe97233,2cb4919c-458c-40a2-93a2-eb93d826925f,0a9fe048-71ec-46fc-8306-e25419a4a72e,1633161333311,13.8247816,52.4008895,6.7253265,-1.8409497,-1.5472491,1.1878519,on bike mount,cyclo cross,True,asphalt,excellent
6e734f5c-ea1f-4194-b666-1907dbe97233,2cb4919c-458c-40a2-93a2-eb93d826925f,822260b4-96d2-46e1-9352-940ba4b7ca56,1633161333362,13.8247816,52.4008895,6.7253265,0.38351166,-2.8575702,15.206189,on bike mount,cyclo cross,True,asphalt,excellent
6e734f5c-ea1f-4194-b666-1907dbe97233,2cb4919c-458c-40a2-93a2-eb93d826925f,67fa2876-e77a-4fd2-a954-192821f14c2f,1633161333412,13.8247816,52.4008895,6.7253265,-1.2142336,1.2452312,-4.07786,on bike mount,cyclo cross,True,asphalt,excellent
6e734f5c-ea1f-4194-b666-1907dbe97233,2cb4919c-458c-40a2-93a2-eb93d826925f,e5439d0b-7cbd-46e3-a755-f9717bb8ce6b,1633161333479,13.8247816,52.4008895,6.7253265,0.52798164,-0.26611662,-0.7190428,on bike mount,cyclo cross,True,asphalt,excellent
6e734f5c-ea1f-4194-b666-1907dbe97233,2cb4919c-458c-40a2-93a2-eb93d826925f,1cb5b293-c1b9-43fd-afff-433bd9cdef18,1633161333529,13.8247816,52.4008895,6.7253265,-0.5180302,-4.274398,2.5817385,on bike mount,cyclo cross,True,asphalt,excellent
6e734f5c-ea1f-4194-b666-1907dbe97233,2cb4919c-458c-40a2-93a2-eb93d826925f,257131ba-d513-443a-b1e7-3ed1e34dd1e9,1633161333595,13.8247816,52.4008895,6.7253265,-0.86659503,-1.507021,0.45699883,on bike mount,cyclo cross,True,asphalt,excellent
6e734f5c-ea1f-4194-b666-1907dbe97233,2cb4919c-458c-40a2-93a2-eb93d826925f,f565124d-0191-4032-9e8f-bf9d24b8aa6a,1633161333652,13.8247913,52.4008316,6.234407,0.23573256,-1.0533012,1.0998535,on bike mount,cyclo cross,True,asphalt,excellent
6e734f5c-ea1f-4194-b666-1907dbe97233,2cb4919c-458c-40a2-93a2-eb93d826925f,a79a22ff-abf0-4d96-b72f-e50ce9d646a2,1633161333712,13.8247913,52.4008316,6.234407,-0.07843435,1.9414377,0.82361126,on bike mount,cyclo cross,True,asphalt,excellent
6e734f5c-ea1f-4194-b666-1907dbe97233,2cb4919c-458c-40a2-93a2-eb93d826925f,53f3e211-1b52-4525-b553-46c65135fd53,1633161333779,13.8247913,52.4008316,6.234407,-0.3436255,-0.32792735,1.480382,on bike mount,cyclo cross,True,asphalt,excellent
6e734f5c-ea1f-4194-b666-1907dbe97233,2cb4919c-458c-40a2-93a2-eb93d826925f,98e58a37-d721-416f-9289-1776fba96ce6,1633161333846,13.8247913,52.4008316,6.234407,0.4824233,1.4094253,-4.39989,on bike mount,cyclo cross,True,asphalt,excellent
6e734f5c-ea1f-4194-b666-1907dbe97233,2cb4919c-458c-40a2-93a2-eb93d826925f,55d3ef9d-0405-425d-badd-4e30cb6ed05c,1633161333913,13.8247913,52.4008316,6.234407,-1.7486949,-0.36010838,0.5804701,on bike mount,cyclo cross,True,asphalt,excellent
6e734f5c-ea1f-4194-b666-1907dbe97233,2cb4919c-458c-40a2-93a2-eb93d826925f,a24b77a0-775f-4824-b5fc-d5abef2f4a91,1633161333980,13.8247913,52.4008316,6.234407,-0.7490604,2.0225966,0.41218472,on bike mount,cyclo cross,True,asphalt,excellent
6e734f5c-ea1f-4194-b666-1907dbe97233,2cb4919c-458c-40a2-93a2-eb93d826925f,ba49961d-c5b3-4e59-b552-b70aaa56a0b4,1633161334047,13.8247913,52.4008316,6.234407,-0.46735722,0.24936032,0.5898819,on bike mount,cyclo cross,True,asphalt,excellent
6e734f5c-ea1f-4194-b666-1907dbe97233,2cb4919c-458c-40a2-93a2-eb93d826925f,e362d2fd-7f10-48df-b9e9-4156dd1a0180,1633161334113,13.8247913,52.4008316,6.234407,0.31525552,1.7040288,2.7998228,on bike mount,cyclo cross,True,asphalt,excellent
6e734f5c-ea1f-4194-b666-1907dbe97233,2cb4919c-458c-40a2-93a2-eb93d826925f,565bd106-d8d1-4e06-b401-07cf3e69d61e,1633161334180,13.8247913,52.4008316,6.234407,-0.09520577,0.11713457,-0.60258675,on bike mount,cyclo cross,True,asphalt,excellent
6e734f5c-ea1f-4194-b666-1907dbe97233,2cb4919c-458c-40a2-93a2-eb93d826925f,a785218f-0290-474a-a880-e6e6559dfc00,1633161334247,13.8247913,52.4008316,6.234407,0.56572604,-1.3257022,-2.9879732,on bike mount,cyclo cross,True,asphalt,excellent
6e734f5c-ea1f-4194-b666-1907dbe97233,2cb4919c-458c-40a2-93a2-eb93d826925f,b83ab795-8944-41f2-bb64-88ef4503e9ca,1633161334314,13.8247913,52.4008316,6.234407,0.13084024,-1.7172372,-3.7263267,on bike mount,cyclo cross,True,asphalt,excellent
6e734f5c-ea1f-4194-b666-1907dbe97233,2cb4919c-458c-40a2-93a2-eb93d826925f,0f78ca55-6e2d-493f-b0c5-8edfd7413abd,1633161334381,13.8247913,52.4008316,6.234407,-0.642384,-3.7092412,-0.5160761,on bike mount,cyclo cross,True,asphalt,excellent
6e734f5c-ea1f-4194-b666-1907dbe97233,2cb4919c-458c-40a2-93a2-eb93d826925f,9e72327a-059c-47a5-8733-08055839dbf1,1633161334448,13.8247913,52.4008316,6.234407,-0.54524744,3.795403,-0.6722045,on bike mount,cyclo cross,True,asphalt,excellent
6e734f5c-ea1f-4194-b666-1907dbe97233,2cb4919c-458c-40a2-93a2-eb93d826925f,96734fde-668e-4950-bebc-d493d69b4bf2,1633161334498,13.8247913,52.4008316,6.234407,1.2854788,-0.9639263,2.7850313,on bike mount,cyclo cross,True,asphalt,excellent
6e734f5c-ea1f-4194-b666-1907dbe97233,2cb4919c-458c-40a2-93a2-eb93d826925f,b182079a-1d8a-4a1f-974b-de357966a5eb,1633161334565,13.8247913,52.4008316,6.234407,2.3789234,-3.567892,0.18849182,on bike mount,cyclo cross,True,asphalt,excellent
6e734f5c-ea1f-4194-b666-1907dbe97233,2cb4919c-458c-40a2-93a2-eb93d826925f,84385197-fe11-40fa-b943-f8e40f285536,1633161334632,13.8247913,52.4008316,6.234407,1.8832612,1.5704737,-3.6104603,on bike mount,cyclo cross,True,asphalt,excellent
6e734f5c-ea1f-4194-b666-1907dbe97233,2cb4919c-458c-40a2-93a2-eb93d826925f,ad93254e-87c5-422b-86ee-00cf693d64da,1633161334698,13.8248288,52.4007749,7.052715,0.56480944,-1.3924019,-2.0002031,on bike mount,cyclo cross,True,asphalt,excellent
6e734f5c-ea1f-4194-b666-1907dbe97233,2cb4919c-458c-40a2-93a2-eb93d826925f,6106bb88-1f74-475f-90d0-69444ed0e6a0,1633161334765,13.8248288,52.4007749,7.052715,-0.0026847422,1.6672602,2.038765,on bike mount,cyclo cross,True,asphalt,excellent
6e734f5c-ea1f-4194-b666-1907dbe97233,2cb4919c-458c-40a2-93a2-eb93d826925f,d7a4fe26-623c-45f0-86c2-cfb7272f7e5e,1633161334832,13.8248288,52.4007749,7.052715,1.0859066,-1.7198837,-3.5816011,on bike mount,cyclo cross,True,asphalt,excellent
6e734f5c-ea1f-4194-b666-1907dbe97233,2cb4919c-458c-40a2-93a2-eb93d826925f,7603eb25-a650-4eff-a69b-6aae4ce4e914,1633161334899,13.8248288,52.4007749,7.052715,1.1411865,-4.0452695,0.31650734,on bike mount,cyclo cross,True,asphalt,excellent
6e734f5c-ea1f-4194-b666-1907dbe97233,2cb4919c-458c-40a2-93a2-eb93d826925f,8fd224af-690b-44a6-837b-43ffa28e2dd4,1633161334965,13.8248288,52.4007749,7.052715,-0.95685184,1.1715636,0.29254818,on bike mount,cyclo cross,True,asphalt,excellent
6e734f5c-ea1f-4194-b666-1907dbe97233,2cb4919c-458c-40a2-93a2-eb93d826925f,950836e6-a95b-4138-b361-881b7de89357,1633161335016,13.8248288,52.4007749,7.052715,0.5831587,-0.57020307,1.4408712,on bike mount,cyclo cross,True,asphalt,excellent
6e734f5c-ea1f-4194-b666-1907dbe97233,2cb4919c-458c-40a2-93a2-eb93d826925f,28964f4a-53a1-4465-9f78-1a15cce1f76d,1633161335083,13.8248288,52.4007749,7.052715,0.22590995,0.3435402,-2.0662599,on bike mount,cyclo cross,True,asphalt,excellent
6e734f5c-ea1f-4194-b666-1907dbe97233,2cb4919c-458c-40a2-93a2-eb93d826925f,855e4548-77df-48b8-a697-bad7468f232b,1633161335133,13.8248288,52.4007749,7.052715,-0.062036216,1.7943902,2.2780666,on bike mount,cyclo cross,True,asphalt,excellent
6e734f5c-ea1f-4194-b666-1907dbe97233,2cb4919c-458c-40a2-93a2-eb93d826925f,be691365-08d7-4da7-a16c-7396e9bef6a3,1633161335200,13.8248288,52.4007749,7.052715,0.7160165,-0.29137182,-5.752106,on bike mount,cyclo cross,True,asphalt,excellent
6e734f5c-ea1f-4194-b666-1907dbe97233,2cb4919c-458c-40a2-93a2-eb93d826925f,77032801-eaf3-488c-81ad-4a4d64638319,1633161335266,13.8248288,52.4007749,7.052715,-0.8087462,-0.6259892,-0.93411255,on bike mount,cyclo cross,True,asphalt,excellent
6e734f5c-ea1f-4194-b666-1907dbe97233,2cb4919c-458c-40a2-93a2-eb93d826925f,0e37b3b3-02cd-4785-bba2-68911ba2ee95,1633161335333,13.8248288,52.4007749,7.052715,1.4135842,-12.956444,-0.42278957,on bike mount,cyclo cross,True,asphalt,excellent
6e734f5c-ea1f-4194-b666-1907dbe97233,2cb4919c-458c-40a2-93a2-eb93d826925f,2e994386-083b-4a8a-a84e-58d7c8566712,1633161335400,13.8248288,52.4007749,7.052715,0.3547087,3.6644106,-5.5677075,on bike mount,cyclo cross,True,asphalt,excellent
6e734f5c-ea1f-4194-b666-1907dbe97233,2cb4919c-458c-40a2-93a2-eb93d826925f,bef7cac3-e7f7-4965-b890-1760a7be86c1,1633161335467,13.8248288,52.4007749,7.052715,1.3858163,-0.38473892,-4.1196423,on bike mount,cyclo cross,True,asphalt,excellent
6e734f5c-ea1f-4194-b666-1907dbe97233,2cb4919c-458c-40a2-93a2-eb93d826925f,0d31402d-4d64-4072-8deb-13f137bd554d,1633161335534,13.8248288,52.4007749,7.052715,0.46517217,0.6916461,-2.2960567,on bike mount,cyclo cross,True,asphalt,excellent
6e734f5c-ea1f-4194-b666-1907dbe97233,2cb4919c-458c-40a2-93a2-eb93d826925f,bd750e98-ff38-4a8d-9e7b-ee6fc4bad4c3,1633161335584,13.8248288,52.4007749,7.052715,-0.4220903,-0.228863,-0.074780464,on bike mount,cyclo cross,True,asphalt,excellent
6e734f5c-ea1f-4194-b666-1907dbe97233,2cb4919c-458c-40a2-93a2-eb93d826925f,e62a55a8-ae39-4496-8656-3a26b352bb36,1633161335651,13.8248752,52.4007172,7.0259075,-0.15849906,-0.9400177,-2.8842397,on bike mount,cyclo cross,True,asphalt,excellent
6e734f5c-ea1f-4194-b666-1907dbe97233,2cb4919c-458c-40a2-93a2-eb93d826925f,08b5086d-77c4-462e-9961-9bd3786f4336,1633161335717,13.8248752,52.4007172,7.0259075,-0.23459613,0.9537728,-2.0018969,on bike mount,cyclo cross,True,asphalt,excellent
6e734f5c-ea1f-4194-b666-1907dbe97233,2cb4919c-458c-40a2-93a2-eb93d826925f,e6c00e61-9040-46be-8d06-d22c18dd9213,1633161335784,13.8248752,52.4007172,7.0259075,-0.3176583,-0.5464766,3.980647,on bike mount,cyclo cross,True,asphalt,excellent
6e734f5c-ea1f-4194-b666-1907dbe97233,2cb4919c-458c-40a2-93a2-eb93d826925f,3231e5c8-35c7-4e11-a081-91ee18b526a9,1633161335851,13.8248752,52.4007172,7.0259075,2.1359339,0.032846212,1.8939905,on bike mount,cyclo cross,True,asphalt,excellent
6e734f5c-ea1f-4194-b666-1907dbe97233,2cb4919c-458c-40a2-93a2-eb93d826925f,ac60e0ec-4a9e-4ccd-9606-048543fd128c,1633161335918,13.8248752,52.4007172,7.0259075,2.9846559,0.34682322,0.8146868,on bike mount,cyclo cross,True,asphalt,excellent
6e734f5c-ea1f-4194-b666-1907dbe97233,2cb4919c-458c-40a2-93a2-eb93d826925f,b37ddb4a-569e-4f69-9785-4169b45efd6d,1633161335985,13.8248752,52.4007172,7.0259075,0.027597427,-1.3920423,-0.048297882,on bike mount,cyclo cross,True,asphalt,excellent
6e734f5c-ea1f-4194-b666-1907dbe97233,2cb4919c-458c-40a2-93a2-eb93d826925f,3f0b5dc0-a043-43e4-82b9-65cb230e32a1,1633161336052,13.8248752,52.4007172,7.0259075,1.0366457,2.81879,-8.101767,on bike mount,cyclo cross,True,asphalt,excellent
6e734f5c-ea1f-4194-b666-1907dbe97233,2cb4919c-458c-40a2-93a2-eb93d826925f,41a38da6-c877-412c-bd30-3319998df220,1633161336102,13.8248752,52.4007172,7.0259075,0.8861978,2.1641946,1.7352705,on bike mount,cyclo cross,True,asphalt,excellent
6e734f5c-ea1f-4194-b666-1907dbe97233,2cb4919c-458c-40a2-93a2-eb93d826925f,bf4a6ed7-63c1-445c-be0d-f08c3e66bc98,1633161336169,13.8248752,52.4007172,7.0259075,-0.15441203,-1.4916593,0.45989704,on bike mount,cyclo cross,True,asphalt,excellent
6e734f5c-ea1f-4194-b666-1907dbe97233,2cb4919c-458c-40a2-93a2-eb93d826925f,c7f321e5-4178-46af-a125-4af960b44179,1633161336219,13.8248752,52.4007172,7.0259075,2.6247504,14.681799,-3.1837683,on bike mount,cyclo cross,True,asphalt,excellent
6e734f5c-ea1f-4194-b666-1907dbe97233,2cb4919c-458c-40a2-93a2-eb93d826925f,c39c15b6-f988-4020-a58e-ab91f9fd5254,1633161336285,13.8248752,52.4007172,7.0259075,-0.26702774,-2.6416028,3.2196808,on bike mount,cyclo cross,True,asphalt,excellent
6e734f5c-ea1f-4194-b666-1907dbe97233,2cb4919c-458c-40a2-93a2-eb93d826925f,65470f5e-b9df-48aa-bff2-16088bf972c0,1633161336336,13.8248752,52.4007172,7.0259075,1.2061284,-0.20920801,-1.133275,on bike mount,cyclo cross,True,asphalt,excellent
6e734f5c-ea1f-4194-b666-1907dbe97233,2cb4919c-458c-40a2-93a2-eb93d826925f,ecafe04e-32f3-4d7d-8e2e-67f468e531b1,1633161336386,13.8248752,52.4007172,7.0259075,1.8976616,-1.2488979,2.278761,on bike mount,cyclo cross,True,asphalt,excellent
6e734f5c-ea1f-4194-b666-1907dbe97233,2cb4919c-458c-40a2-93a2-eb93d826925f,80f7ee05-1470-49f8-afba-9cadf095fbba,1633161336453,13.8248752,52.4007172,7.0259075,-1.2963343,1.2439847,-0.6790285,on bike mount,cyclo cross,True,asphalt,excellent
6e734f5c-ea1f-4194-b666-1907dbe97233,2cb4919c-458c-40a2-93a2-eb93d826925f,ce4047f9-b67f-4bdb-b610-f7b48106b359,1633161336520,13.8248752,52.4007172,7.0259075,1.5686705,-2.6111424,-1.2330313,on bike mount,cyclo cross,True,asphalt,excellent
6e734f5c-ea1f-4194-b666-1907dbe97233,2cb4919c-458c-40a2-93a2-eb93d826925f,d0a178fa-15a8-4f8e-afb4-b8d2eb4aedc3,1633161336570,13.8248752,52.4007172,7.0259075,1.431488,0.6027739,-1.5887837,on bike mount,cyclo cross,True,asphalt,excellent
6e734f5c-ea1f-4194-b666-1907dbe97233,2cb4919c-458c-40a2-93a2-eb93d826925f,2b70968e-70c2-4d10-86f0-be2b87f37446,1633161336637,13.8248752,52.4007172,7.0259075,-0.62696505,-1.0005667,-0.76165867,on bike mount,cyclo cross,True,asphalt,excellent
6e734f5c-ea1f-4194-b666-1907dbe97233,2cb4919c-458c-40a2-93a2-eb93d826925f,fa564732-c6fe-4ee3-a58b-53bb42855338,1633161336703,13.8249128,52.4006551,7.2809677,1.318484,-2.0554276,1.4551878,on bike mount,cyclo cross,True,asphalt,excellent
6e734f5c-ea1f-4194-b666-1907dbe97233,2cb4919c-458c-40a2-93a2-eb93d826925f,8637ada0-7c5b-4020-b919-abef917578bc,1633161336770,13.8249128,52.4006551,7.2809677,0.78686935,-0.30895424,0.6003113,on bike mount,cyclo cross,True,asphalt,excellent
6e734f5c-ea1f-4194-b666-1907dbe97233,2cb4919c-458c-40a2-93a2-eb93d826925f,f5b5ebc0-52e4-495a-b637-1a90dc339c17,1633161336837,13.8249128,52.4006551,7.2809677,0.8251178,0.6405926,-0.9660449,on bike mount,cyclo cross,True,asphalt,excellent
6e734f5c-ea1f-4194-b666-1907dbe97233,2cb4919c-458c-40a2-93a2-eb93d826925f,bb405242-cd65-4374-9693-7f59b69f4bee,1633161336904,13.8249128,52.4006551,7.2809677,0.57396495,-0.76910233,-2.324438,on bike mount,cyclo cross,True,asphalt,excellent
6e734f5c-ea1f-4194-b666-1907dbe97233,2cb4919c-458c-40a2-93a2-eb93d826925f,8da76d3e-5a6f-4611-86d4-9b86f46a4b8d,1633161336971,13.8249128,52.4006551,7.2809677,0.42428064,-0.10046649,-0.69358635,on bike mount,cyclo cross,True,asphalt,excellent
6e734f5c-ea1f-4194-b666-1907dbe97233,2cb4919c-458c-40a2-93a2-eb93d826925f,30998429-5837-413d-80c0-beadd7982e1e,1633161337021,13.8249128,52.4006551,7.2809677,0.84054565,-0.29787564,-0.38480663,on bike mount,cyclo cross,True,asphalt,excellent
6e734f5c-ea1f-4194-b666-1907dbe97233,2cb4919c-458c-40a2-93a2-eb93d826925f,7707ef79-e079-4a03-b779-f4f1d306fc44,1633161337088,13.8249128,52.4006551,7.2809677,-0.14305231,0.38382816,-0.7504821,on bike mount,cyclo cross,True,asphalt,excellent
6e734f5c-ea1f-4194-b666-1907dbe97233,2cb4919c-458c-40a2-93a2-eb93d826925f,fbae19a6-839e-45c9-bfe1-117c1f2702d7,1633161337155,13.8249128,52.4006551,7.2809677,0.68460524,1.551414,-0.91721153,on bike mount,cyclo cross,True,asphalt,excellent
6e734f5c-ea1f-4194-b666-1907dbe97233,2cb4919c-458c-40a2-93a2-eb93d826925f,9f3e8c89-874f-4a1c-b211-cd7c6129f248,1633161337205,13.8249128,52.4006551,7.2809677,0.20312111,-0.022317886,0.73791885,on bike mount,cyclo cross,True,asphalt,excellent
6e734f5c-ea1f-4194-b666-1907dbe97233,2cb4919c-458c-40a2-93a2-eb93d826925f,1055db39-a886-4e7b-a423-68aab7e72a3f,1633161337255,13.8249128,52.4006551,7.2809677,0.29899728,-0.2649517,1.9822426,on bike mount,cyclo cross,True,asphalt,excellent
6e734f5c-ea1f-4194-b666-1907dbe97233,2cb4919c-458c-40a2-93a2-eb93d826925f,821861fd-23d0-478c-acef-282dbe2de7b7,1633161337322,13.8249128,52.4006551,7.2809677,0.2212986,-0.42543888,-0.76492596,on bike mount,cyclo cross,True,asphalt,excellent
6e734f5c-ea1f-4194-b666-1907dbe97233,2cb4919c-458c-40a2-93a2-eb93d826925f,eb8ddab5-9d3f-47d9-9f69-1bdd4f260c41,1633161337388,13.8249128,52.4006551,7.2809677,0.59423244,0.19220304,-0.82549,on bike mount,cyclo cross,True,asphalt,excellent
6e734f5c-ea1f-4194-b666-1907dbe97233,2cb4919c-458c-40a2-93a2-eb93d826925f,a911b7fd-09a2-488d-84dc-095439fadb80,1633161337455,13.8249128,52.4006551,7.2809677,0.11514297,-0.27155614,1.2346687,on bike mount,cyclo cross,True,asphalt,excellent
6e734f5c-ea1f-4194-b666-1907dbe97233,2cb4919c-458c-40a2-93a2-eb93d826925f,e025023b-5cb2-4082-af06-e6b1898a6682,1633161337522,13.8249128,52.4006551,7.2809677,0.20535101,-1.513112,0.95535946,on bike mount,cyclo cross,True,asphalt,excellent
6e734f5c-ea1f-4194-b666-1907dbe97233,2cb4919c-458c-40a2-93a2-eb93d826925f,d4a832a4-f412-4286-85ae-3665bfdc3e51,1633161337589,13.8249128,52.4006551,7.2809677,0.3449204,-0.64419484,-1.7081823,on bike mount,cyclo cross,True,asphalt,excellent
6e734f5c-ea1f-4194-b666-1907dbe97233,2cb4919c-458c-40a2-93a2-eb93d826925f,eb7b5a46-d7bf-4945-9225-9ac13c9a33d9,1633161337656,13.824932,52.4005918,7.227156,-0.00072076917,-1.5608333,0.31308937,on bike mount,cyclo cross,True,asphalt,excellent
6e734f5c-ea1f-4194-b666-1907dbe97233,2cb4919c-458c-40a2-93a2-eb93d826925f,0c57e054-1243-453b-9809-e9cebc530dc2,1633161337722,13.824932,52.4005918,7.227156,0.8358284,-2.391406,0.17255592,on bike mount,cyclo cross,True,asphalt,excellent
6e734f5c-ea1f-4194-b666-1907dbe97233,2cb4919c-458c-40a2-93a2-eb93d826925f,a38ebae9-9907-4ce2-9489-7a75bf44bedb,1633161337773,13.824932,52.4005918,7.227156,-0.13193268,-0.8291528,0.060017586,on bike mount,cyclo cross,True,asphalt,excellent
6e734f5c-ea1f-4194-b666-1907dbe97233,2cb4919c-458c-40a2-93a2-eb93d826925f,ee9eab6c-3a7d-4412-87db-716bc3df1054,1633161337839,13.824932,52.4005918,7.227156,0.5567273,-0.22491789,1.7014008,on bike mount,cyclo cross,True,asphalt,excellent
6e734f5c-ea1f-4194-b666-1907dbe97233,2cb4919c-458c-40a2-93a2-eb93d826925f,7b6caee5-41dc-44d6-b53a-ec64e517495a,1633161337890,13.824932,52.4005918,7.227156,1.3252494,1.3005757,-2.5520191,on bike mount,cyclo cross,True,asphalt,excellent
6e734f5c-ea1f-4194-b666-1907dbe97233,2cb4919c-458c-40a2-93a2-eb93d826925f,6430da44-1271-47dc-bef5-f9b9789bd7c6,1633161337956,13.824932,52.4005918,7.227156,0.09718856,-1.4210359,2.688527,on bike mount,cyclo cross,True,asphalt,excellent
6e734f5c-ea1f-4194-b666-1907dbe97233,2cb4919c-458c-40a2-93a2-eb93d826925f,3dca30be-f0ca-4e24-9220-2d26704fef17,1633161338023,13.824932,52.4005918,7.227156,-1.0629185,-2.754496,6.005496,on bike mount,cyclo cross,True,asphalt,excellent
6e734f5c-ea1f-4194-b666-1907dbe97233,2cb4919c-458c-40a2-93a2-eb93d826925f,903f49f4-6caa-4510-9a5b-26c7a08c84c8,1633161338090,13.824932,52.4005918,7.227156,1.4477282,-13.1148615,17.004875,on bike mount,cyclo cross,True,asphalt,excellent
6e734f5c-ea1f-4194-b666-1907dbe97233,2cb4919c-458c-40a2-93a2-eb93d826925f,36967496-aca1-420e-9a2b-64027ef572ea,1633161338157,13.824932,52.4005918,7.227156,-2.0341632,-0.2511537,2.6310472,on bike mount,cyclo cross,True,asphalt,excellent
6e734f5c-ea1f-4194-b666-1907dbe97233,2cb4919c-458c-40a2-93a2-eb93d826925f,05ce0f56-6e13-4b17-968e-f313ce60c7fe,1633161338224,13.824932,52.4005918,7.227156,0.10628931,-4.4100647,-1.1050186,on bike mount,cyclo cross,True,asphalt,excellent
6e734f5c-ea1f-4194-b666-1907dbe97233,2cb4919c-458c-40a2-93a2-eb93d826925f,0e53e227-9c81-43e9-a9ee-5dd16ac5ebd7,1633161338291,13.824932,52.4005918,7.227156,-0.93498975,4.3966284,-11.128381,on bike mount,cyclo cross,True,asphalt,excellent
6e734f5c-ea1f-4194-b666-1907dbe97233,2cb4919c-458c-40a2-93a2-eb93d826925f,8e28b845-2450-48c2-8b8f-e17fd637ca2b,1633161338341,13.824932,52.4005918,7.227156,-3.5530708,-1.4660215,2.3567572,on bike mount,cyclo cross,True,asphalt,excellent
6e734f5c-ea1f-4194-b666-1907dbe97233,2cb4919c-458c-40a2-93a2-eb93d826925f,39d27826-5fd5-41c0-abb2-806d03cc9c29,1633161338408,13.824932,52.4005918,7.227156,-0.28975695,-1.0506713,1.7343836,on bike mount,cyclo cross,True,asphalt,excellent
6e734f5c-ea1f-4194-b666-1907dbe97233,2cb4919c-458c-40a2-93a2-eb93d826925f,b98bdc48-eb8a-442e-b8d1-3c139b09047d,1633161338458,13.824932,52.4005918,7.227156,-0.05210363,2.809383,2.9914322,on bike mount,cyclo cross,True,asphalt,excellent
6e734f5c-ea1f-4194-b666-1907dbe97233,2cb4919c-458c-40a2-93a2-eb93d826925f,c3dde303-0af4-4353-9ef1-6e9c655160d3,1633161338525,13.824932,52.4005918,7.227156,0.35597736,-0.41986132,-1.3114624,on bike mount,cyclo cross,True,asphalt,excellent
6e734f5c-ea1f-4194-b666-1907dbe97233,2cb4919c-458c-40a2-93a2-eb93d826925f,953c9755-cce9-4435-8ab1-599465db55ff,1633161338575,13.824932,52.4005918,7.227156,1.065911,-1.6927415,-2.6934896,on bike mount,cyclo cross,True,asphalt,excellent
6e734f5c-ea1f-4194-b666-1907dbe97233,2cb4919c-458c-40a2-93a2-eb93d826925f,657f9bb1-abfc-4a0a-b03c-133bb939d76b,1633161338642,13.824932,52.4005918,7.227156,-0.3099161,0.6667745,-1.2610598,on bike mount,cyclo cross,True,asphalt,excellent
6e734f5c-ea1f-4194-b666-1907dbe97233,2cb4919c-458c-40a2-93a2-eb93d826925f,1f5e2153-3a80-4d3e-ba35-dfbac317e5cd,1633161338708,13.8249268,52.4005304,6.695873,1.3001988,-0.8990059,-3.0981278,on bike mount,cyclo cross,True,asphalt,excellent
6e734f5c-ea1f-4194-b666-1907dbe97233,2cb4919c-458c-40a2-93a2-eb93d826925f,f608cb09-7198-4ce0-8d7c-1f7b9b2353f3,1633161338775,13.8249268,52.4005304,6.695873,0.52912694,-0.034546852,-0.95704937,on bike mount,cyclo cross,True,asphalt,excellent
6e734f5c-ea1f-4194-b666-1907dbe97233,2cb4919c-458c-40a2-93a2-eb93d826925f,3ebc15a0-8700-4016-9282-1d1b07595400,1633161338842,13.8249268,52.4005304,6.695873,-0.0806115,-2.1504138,1.2089024,on bike mount,cyclo cross,True,asphalt,excellent
6e734f5c-ea1f-4194-b666-1907dbe97233,2cb4919c-458c-40a2-93a2-eb93d826925f,2e789aef-b7ee-4b00-9c14-51bff5bca0dc,1633161338909,13.8249268,52.4005304,6.695873,0.70514506,-0.057426214,0.5423422,on bike mount,cyclo cross,True,asphalt,excellent
6e734f5c-ea1f-4194-b666-1907dbe97233,2cb4919c-458c-40a2-93a2-eb93d826925f,d20f9c92-12cc-4573-b2c3-087d5d4ad7ca,1633161338976,13.8249268,52.4005304,6.695873,-0.40535522,0.058754683,-0.4135828,on bike mount,cyclo cross,True,asphalt,excellent
6e734f5c-ea1f-4194-b666-1907dbe97233,2cb4919c-458c-40a2-93a2-eb93d826925f,865564ef-dcc4-4766-92f5-56164b88cef4,1633161339043,13.8249268,52.4005304,6.695873,-0.6298948,-1.8946333,3.168418,on bike mount,cyclo cross,True,asphalt,excellent
6e734f5c-ea1f-4194-b666-1907dbe97233,2cb4919c-458c-40a2-93a2-eb93d826925f,64c896c5-ea7c-4f5b-94ac-bb46ef45937c,1633161339109,13.8249268,52.4005304,6.695873,-0.3503088,-0.6296606,0.90955925,on bike mount,cyclo cross,True,asphalt,excellent
6e734f5c-ea1f-4194-b666-1907dbe97233,2cb4919c-458c-40a2-93a2-eb93d826925f,7e1b8bce-7106-43b2-b5b0-79bd11975606,1633161339176,13.8249268,52.4005304,6.695873,-0.3059306,0.42119718,-1.8484101,on bike mount,cyclo cross,True,asphalt,excellent
6e734f5c-ea1f-4194-b666-1907dbe97233,2cb4919c-458c-40a2-93a2-eb93d826925f,e2f8686d-bd09-4dd7-ae72-d3eb2256f81e,1633161339243,13.8249268,52.4005304,6.695873,-0.71383965,-2.7426426,0.55124855,on bike mount,cyclo cross,True,asphalt,excellent
6e734f5c-ea1f-4194-b666-1907dbe97233,2cb4919c-458c-40a2-93a2-eb93d826925f,958f3822-7bcd-4141-98a6-97ac8ec43ad3,1633161339310,13.8249268,52.4005304,6.695873,-0.6116919,-0.19069743,2.409711,on bike mount,cyclo cross,True,asphalt,excellent
6e734f5c-ea1f-4194-b666-1907dbe97233,2cb4919c-458c-40a2-93a2-eb93d826925f,339aab21-f81e-49d3-8af1-7cc104503867,1633161339377,13.8249268,52.4005304,6.695873,-0.42318508,-0.59382033,-0.41025352,on bike mount,cyclo cross,True,asphalt,excellent
6e734f5c-ea1f-4194-b666-1907dbe97233,2cb4919c-458c-40a2-93a2-eb93d826925f,cdf15ce4-961d-4b01-a5a9-b117c0db1d0a,1633161339427,13.8249268,52.4005304,6.695873,-0.37150085,1.8062129,0.7299738,on bike mount,cyclo cross,True,asphalt,excellent
6e734f5c-ea1f-4194-b666-1907dbe97233,2cb4919c-458c-40a2-93a2-eb93d826925f,ab84e1b6-8a6b-45f9-9e57-a2d842e0b76b,1633161339494,13.8249268,52.4005304,6.695873,0.48079455,-0.11486602,1.665534,on bike mount,cyclo cross,True,asphalt,excellent
6e734f5c-ea1f-4194-b666-1907dbe97233,2cb4919c-458c-40a2-93a2-eb93d826925f,a378ab74-aee5-4113-88ba-5e430efa1a15,1633161339561,13.8249268,52.4005304,6.695873,-0.46441618,-0.90605175,0.5818281,on bike mount,cyclo cross,True,asphalt,excellent
6e734f5c-ea1f-4194-b666-1907dbe97233,2cb4919c-458c-40a2-93a2-eb93d826925f,ecee8833-e567-4044-be7a-cda4dd235d86,1633161339611,13.8249268,52.4005304,6.695873,-0.18327866,1.0087209,-0.41427612,on bike mount,cyclo cross,True,asphalt,excellent
6e734f5c-ea1f-4194-b666-1907dbe97233,2cb4919c-458c-40a2-93a2-eb93d826925f,72b4201d-7b48-4ee2-897e-87f5d2d29389,1633161339678,13.8249203,52.4004732,6.958377,1.7331597,-3.6603978,4.5461493,on bike mount,cyclo cross,True,asphalt,excellent
6e734f5c-ea1f-4194-b666-1907dbe97233,2cb4919c-458c-40a2-93a2-eb93d826925f,a86a225e-9984-4daa-9276-65af3f2e42d8,1633161339744,13.8249203,52.4004732,6.958377,-1.098793,-1.6134462,0.3422718,on bike mount,cyclo cross,True,asphalt,excellent
6e734f5c-ea1f-4194-b666-1907dbe97233,2cb4919c-458c-40a2-93a2-eb93d826925f,e83a54b6-25f4-451a-a7ee-38083de951fd,1633161339811,13.8249203,52.4004732,6.958377,-0.3161583,0.08067942,3.274809,on bike mount,cyclo cross,True,asphalt,excellent
6e734f5c-ea1f-4194-b666-1907dbe97233,2cb4919c-458c-40a2-93a2-eb93d826925f,9c972436-4852-4ff3-8b45-b46e5b10b1b7,1633161339878,13.8249203,52.4004732,6.958377,0.97586,-0.45247984,2.5545464,on bike mount,cyclo cross,True,asphalt,excellent
6e734f5c-ea1f-4194-b666-1907dbe97233,2cb4919c-458c-40a2-93a2-eb93d826925f,296d833a-c3e6-4472-8ffb-f9a54df3db29,1633161339945,13.8249203,52.4004732,6.958377,-0.063465625,-1.6462871,1.1810675,on bike mount,cyclo cross,True,asphalt,excellent
6e734f5c-ea1f-4194-b666-1907dbe97233,2cb4919c-458c-40a2-93a2-eb93d826925f,8bb02837-2d39-4e5a-87b4-b9af4058c6cf,1633161340012,13.8249203,52.4004732,6.958377,-0.30935493,0.20112085,1.5145102,on bike mount,cyclo cross,True,asphalt,excellent
6e734f5c-ea1f-4194-b666-1907dbe97233,2cb4919c-458c-40a2-93a2-eb93d826925f,c4a468c3-b1a1-4419-b8f2-a11665dfc236,1633161340078,13.8249203,52.4004732,6.958377,0.5894782,-0.65670586,-0.29007912,on bike mount,cyclo cross,True,asphalt,excellent
6e734f5c-ea1f-4194-b666-1907dbe97233,2cb4919c-458c-40a2-93a2-eb93d826925f,58b55027-6974-4bd0-80b4-c1635c52d5de,1633161340129,13.8249203,52.4004732,6.958377,1.2351792,0.63989353,-2.0112367,on bike mount,cyclo cross,True,asphalt,excellent
6e734f5c-ea1f-4194-b666-1907dbe97233,2cb4919c-458c-40a2-93a2-eb93d826925f,32b8791b-08fd-4f76-9f9c-f42f7fe976c8,1633161340179,13.8249203,52.4004732,6.958377,-0.28284538,-0.11896443,-1.7056594,on bike mount,cyclo cross,True,asphalt,excellent
6e734f5c-ea1f-4194-b666-1907dbe97233,2cb4919c-458c-40a2-93a2-eb93d826925f,74a970e5-5537-49b2-b540-2d57f7d76513,1633161340246,13.8249203,52.4004732,6.958377,-0.87180394,1.7490499,-0.6626959,on bike mount,cyclo cross,True,asphalt,excellent
6e734f5c-ea1f-4194-b666-1907dbe97233,2cb4919c-458c-40a2-93a2-eb93d826925f,e6df9e17-fffd-4243-be7b-d7753b2ad4ba,1633161340312,13.8249203,52.4004732,6.958377,0.011942029,-2.9805908,0.3272648,on bike mount,cyclo cross,True,asphalt,excellent
6e734f5c-ea1f-4194-b666-1907dbe97233,2cb4919c-458c-40a2-93a2-eb93d826925f,ae911335-b915-40c5-aa0e-fde321c30864,1633161340379,13.8249203,52.4004732,6.958377,0.24370332,-1.6661222,3.0374308,on bike mount,cyclo cross,True,asphalt,excellent
6e734f5c-ea1f-4194-b666-1907dbe97233,2cb4919c-458c-40a2-93a2-eb93d826925f,308eadc4-26d7-4ebc-8dbe-aa434b0ed2ab,1633161340446,13.8249203,52.4004732,6.958377,0.801376,-2.672545,2.8446503,on bike mount,cyclo cross,True,asphalt,excellent
6e734f5c-ea1f-4194-b666-1907dbe97233,2cb4919c-458c-40a2-93a2-eb93d826925f,2009acd9-e538-414f-9807-9cee97f7bbc8,1633161340513,13.8249203,52.4004732,6.958377,-0.09687495,-2.4189823,3.703559,on bike mount,cyclo cross,True,asphalt,excellent
6e734f5c-ea1f-4194-b666-1907dbe97233,2cb4919c-458c-40a2-93a2-eb93d826925f,35a9b9fd-944c-4d02-930d-ba86217073ca,1633161340580,13.8249203,52.4004732,6.958377,0.46973443,-0.008737087,-3.3433347,on bike mount,cyclo cross,True,asphalt,excellent
6e734f5c-ea1f-4194-b666-1907dbe97233,2cb4919c-458c-40a2-93a2-eb93d826925f,677907e9-85ac-4f5a-b1b0-4de9de953217,1633161340647,13.8249203,52.4004732,6.958377,-0.4617225,0.59835625,0.70952797,on bike mount,cyclo cross,True,asphalt,excellent
6e734f5c-ea1f-4194-b666-1907dbe97233,2cb4919c-458c-40a2-93a2-eb93d826925f,58c9814c-ed4b-420f-bcc7-efd08ff96cd8,1633161340713,13.8249135,52.4004152,6.8927107,-0.4062028,1.5855296,-1.9263825,on bike mount,cyclo cross,True,asphalt,excellent
6e734f5c-ea1f-4194-b666-1907dbe97233,2cb4919c-458c-40a2-93a2-eb93d826925f,c91938cd-3b5c-4edd-9c9f-54227415614c,1633161340764,13.8249135,52.4004152,6.8927107,0.14684388,-0.18556595,2.0286875,on bike mount,cyclo cross,True,asphalt,excellent
6e734f5c-ea1f-4194-b666-1907dbe97233,2cb4919c-458c-40a2-93a2-eb93d826925f,2925782b-a729-4e72-aa22-e6e832220e40,1633161340814,13.8249135,52.4004152,6.8927107,-1.1516981,-1.9832375,2.5603523,on bike mount,cyclo cross,True,asphalt,excellent
6e734f5c-ea1f-4194-b666-1907dbe97233,2cb4919c-458c-40a2-93a2-eb93d826925f,786dc605-2963-4285-ae0b-be0910dad21d,1633161340881,13.8249135,52.4004152,6.8927107,-1.1922779,1.5757027,-3.027635,on bike mount,cyclo cross,True,asphalt,excellent
6e734f5c-ea1f-4194-b666-1907dbe97233,2cb4919c-458c-40a2-93a2-eb93d826925f,0bbeabd4-368a-4d0d-8088-107fdde520d0,1633161340947,13.8249135,52.4004152,6.8927107,0.17238325,-0.35645843,1.9579449,on bike mount,cyclo cross,True,asphalt,excellent
6e734f5c-ea1f-4194-b666-1907dbe97233,2cb4919c-458c-40a2-93a2-eb93d826925f,409d8f55-1764-465e-a186-bb94f6d30cd2,1633161340998,13.8249135,52.4004152,6.8927107,0.1823923,1.060348,-0.10730648,on bike mount,cyclo cross,True,asphalt,excellent
6e734f5c-ea1f-4194-b666-1907dbe97233,2cb4919c-458c-40a2-93a2-eb93d826925f,70cfb329-960e-47f7-811a-fd8b3ad4c168,1633161341065,13.8249135,52.4004152,6.8927107,0.5002996,-2.3545456,4.076581,on bike mount,cyclo cross,True,asphalt,excellent
6e734f5c-ea1f-4194-b666-1907dbe97233,2cb4919c-458c-40a2-93a2-eb93d826925f,4ef07996-6f94-4679-9aa4-071e3036091d,1633161341131,13.8249135,52.4004152,6.8927107,-0.619004,1.8450632,-1.4383087,on bike mount,cyclo cross,True,asphalt,excellent
6e734f5c-ea1f-4194-b666-1907dbe97233,2cb4919c-458c-40a2-93a2-eb93d826925f,5a0010c0-a8cf-4bfd-8327-3891a155d7ef,1633161341198,13.8249135,52.4004152,6.8927107,-0.4308915,-1.1863093,0.8891926,on bike mount,cyclo cross,True,asphalt,excellent
6e734f5c-ea1f-4194-b666-1907dbe97233,2cb4919c-458c-40a2-93a2-eb93d826925f,b1de151c-eb9a-499a-b3f2-4aad40d74685,1633161341265,13.8249135,52.4004152,6.8927107,1.5991495,-2.7913854,1.8128004,on bike mount,cyclo cross,True,asphalt,excellent
6e734f5c-ea1f-4194-b666-1907dbe97233,2cb4919c-458c-40a2-93a2-eb93d826925f,4df49dc5-6b93-438c-9de0-f92124ae746d,1633161341332,13.8249135,52.4004152,6.8927107,-0.73862493,-1.5977975,-0.097076416,on bike mount,cyclo cross,True,asphalt,excellent
6e734f5c-ea1f-4194-b666-1907dbe97233,2cb4919c-458c-40a2-93a2-eb93d826925f,40b6cc35-fbbb-444b-bdca-ce36e96a408f,1633161341399,13.8249135,52.4004152,6.8927107,0.48310283,-0.45770597,0.15690422,on bike mount,cyclo cross,True,asphalt,excellent
6e734f5c-ea1f-4194-b666-1907dbe97233,2cb4919c-458c-40a2-93a2-eb93d826925f,200f4108-7579-472e-91df-a3850a11f15e,1633161341449,13.8249135,52.4004152,6.8927107,-0.9660898,0.7979727,0.48748398,on bike mount,cyclo cross,True,asphalt,excellent
6e734f5c-ea1f-4194-b666-1907dbe97233,2cb4919c-458c-40a2-93a2-eb93d826925f,9ae93f1c-362a-4ec0-8836-c901b297d9d3,1633161341516,13.8249135,52.4004152,6.8927107,-0.17843294,-1.0723739,-1.3022232,on bike mount,cyclo cross,True,asphalt,excellent
6e734f5c-ea1f-4194-b666-1907dbe97233,2cb4919c-458c-40a2-93a2-eb93d826925f,d82234c3-5616-4616-bd6b-950ed92035e5,1633161341582,13.8249135,52.4004152,6.8927107,0.2326435,-0.77550864,0.18909645,on bike mount,cyclo cross,True,asphalt,excellent
6e734f5c-ea1f-4194-b666-1907dbe97233,2cb4919c-458c-40a2-93a2-eb93d826925f,5cbca4f3-2057-428c-addf-d40726ecf1d3,1633161341638,13.8249042,52.400356,6.8239923,-0.21666907,-1.5105927,1.3207216,on bike mount,cyclo cross,True,asphalt,excellent
6e734f5c-ea1f-4194-b666-1907dbe97233,2cb4919c-458c-40a2-93a2-eb93d826925f,a8a0999b-bf7a-46c0-af42-2f6afd6c8e79,1633161341699,13.8249042,52.400356,6.8239923,-0.053355254,-0.97304106,-0.1187439,on bike mount,cyclo cross,True,asphalt,excellent
6e734f5c-ea1f-4194-b666-1907dbe97233,2cb4919c-458c-40a2-93a2-eb93d826925f,816ff63c-22aa-4037-b0e9-ace2dee17bbe,1633161341766,13.8249042,52.400356,6.8239923,-0.222622,-0.43079138,-0.28443623,on bike mount,cyclo cross,True,asphalt,excellent
6e734f5c-ea1f-4194-b666-1907dbe97233,2cb4919c-458c-40a2-93a2-eb93d826925f,ffc1f37a-da3c-4a1b-b813-62e5e2942cff,1633161341833,13.8249042,52.400356,6.8239923,0.6257059,0.8851409,0.7395296,on bike mount,cyclo cross,True,asphalt,excellent
6e734f5c-ea1f-4194-b666-1907dbe97233,2cb4919c-458c-40a2-93a2-eb93d826925f,e22bfc84-3dd7-47b2-9aa8-d8452e19d58b,1633161341900,13.8249042,52.400356,6.8239923,-0.5770714,0.14762855,-1.5883579,on bike mount,cyclo cross,True,asphalt,excellent
6e734f5c-ea1f-4194-b666-1907dbe97233,2cb4919c-458c-40a2-93a2-eb93d826925f,872d7eea-5121-4033-ac05-96481f3093c7,1633161341967,13.8249042,52.400356,6.8239923,-0.03100156,-2.1081192,1.3254557,on bike mount,cyclo cross,True,asphalt,excellent
6e734f5c-ea1f-4194-b666-1907dbe97233,2cb4919c-458c-40a2-93a2-eb93d826925f,92f5f6ef-bd28-4d92-9146-76258916440f,1633161342034,13.8249042,52.400356,6.8239923,-0.5864496,-0.53348875,-1.3118882,on bike mount,cyclo cross,True,asphalt,excellent
6e734f5c-ea1f-4194-b666-1907dbe97233,2cb4919c-458c-40a2-93a2-eb93d826925f,1c40a46a-e0f7-495f-bae6-96e65c3848a6,1633161342084,13.8249042,52.400356,6.8239923,0.83866197,1.1880677,0.9332504,on bike mount,cyclo cross,True,asphalt,excellent
6e734f5c-ea1f-4194-b666-1907dbe97233,2cb4919c-458c-40a2-93a2-eb93d826925f,7ed7eb99-268c-458b-8150-a23cd5c384c7,1633161342134,13.8249042,52.400356,6.8239923,-1.2957019,1.7447271,-1.2168989,on bike mount,cyclo cross,True,asphalt,excellent
6e734f5c-ea1f-4194-b666-1907dbe97233,2cb4919c-458c-40a2-93a2-eb93d826925f,756ed175-2378-4941-ac27-846a424d070f,1633161342201,13.8249042,52.400356,6.8239923,0.48179168,-0.45849633,-0.28872967,on bike mount,cyclo cross,True,asphalt,excellent
6e734f5c-ea1f-4194-b666-1907dbe97233,2cb4919c-458c-40a2-93a2-eb93d826925f,623660c6-65b5-47e7-b3c6-eae82212ae02,1633161342251,13.8249042,52.400356,6.8239923,0.041750908,-2.2848587,-0.42645836,on bike mount,cyclo cross,True,asphalt,excellent
6e734f5c-ea1f-4194-b666-1907dbe97233,2cb4919c-458c-40a2-93a2-eb93d826925f,904b33f3-465b-40b4-9bfe-671dcb0b81aa,1633161342317,13.8249042,52.400356,6.8239923,-0.2167271,0.090923786,0.38451576,on bike mount,cyclo cross,True,asphalt,excellent
6e734f5c-ea1f-4194-b666-1907dbe97233,2cb4919c-458c-40a2-93a2-eb93d826925f,3c11d529-1a3a-4ee7-b929-bac968a482b9,1633161342368,13.8249042,52.400356,6.8239923,0.10523406,2.7133527,-0.47396755,on bike mount,cyclo cross,True,asphalt,excellent
6e734f5c-ea1f-4194-b666-1907dbe97233,2cb4919c-458c-40a2-93a2-eb93d826925f,93ac2207-233e-44d0-8381-c5dff3c93700,1633161342418,13.8249042,52.400356,6.8239923,-0.48687285,-0.787091,-0.9684162,on bike mount,cyclo cross,True,asphalt,excellent
6e734f5c-ea1f-4194-b666-1907dbe97233,2cb4919c-458c-40a2-93a2-eb93d826925f,7278ec63-97aa-4894-aa7a-f096563cf880,1633161342485,13.8249042,52.400356,6.8239923,-0.292728,0.13381815,-1.5533438,on bike mount,cyclo cross,True,asphalt,excellent
6e734f5c-ea1f-4194-b666-1907dbe97233,2cb4919c-458c-40a2-93a2-eb93d826925f,3f3c315f-03d5-4ebc-8391-6cfd3cfe133d,1633161342552,13.8249042,52.400356,6.8239923,-0.2314092,0.16267419,0.28945255,on bike mount,cyclo cross,True,asphalt,excellent
6e734f5c-ea1f-4194-b666-1907dbe97233,2cb4919c-458c-40a2-93a2-eb93d826925f,9a1660a3-2337-4adb-bfc5-0f9f38e5b933,1633161342602,13.8249042,52.400356,6.8239923,-1.8213692,2.0685577,-1.7818575,on bike mount,cyclo cross,True,asphalt,excellent
6e734f5c-ea1f-4194-b666-1907dbe97233,2cb4919c-458c-40a2-93a2-eb93d826925f,3d4e69f6-3026-4c2d-9b5a-aea7bc5c9c15,1633161342668,13.8249023,52.4002947,6.922733,-0.56107306,-0.5892639,7.6654243,on bike mount,cyclo cross,True,asphalt,excellent
6e734f5c-ea1f-4194-b666-1907dbe97233,2cb4919c-458c-40a2-93a2-eb93d826925f,eaf98f29-5cf0-45d6-9e56-804c4a7f94be,1633161342735,13.8249023,52.4002947,6.922733,-0.82419986,1.1208367,-0.87471676,on bike mount,cyclo cross,True,asphalt,excellent
6e734f5c-ea1f-4194-b666-1907dbe97233,2cb4919c-458c-40a2-93a2-eb93d826925f,ab7aaa4b-226b-4081-b0ba-ee1936a549b7,1633161342802,13.8249023,52.4002947,6.922733,1.3239324,0.68831897,-8.143248,on bike mount,cyclo cross,True,asphalt,excellent
6e734f5c-ea1f-4194-b666-1907dbe97233,2cb4919c-458c-40a2-93a2-eb93d826925f,4129ad5e-b4f2-4b68-970c-58ab6d4a85a9,1633161342869,13.8249023,52.4002947,6.922733,3.717421,-5.7282386,-3.5629878,on bike mount,cyclo cross,True,asphalt,excellent
6e734f5c-ea1f-4194-b666-1907dbe97233,2cb4919c-458c-40a2-93a2-eb93d826925f,7dc7eaa5-8b9f-4ec0-8342-04409388eac4,1633161342936,13.8249023,52.4002947,6.922733,1.6601937,2.905199,-1.1397119,on bike mount,cyclo cross,True,asphalt,excellent
6e734f5c-ea1f-4194-b666-1907dbe97233,2cb4919c-458c-40a2-93a2-eb93d826925f,a9b8032e-2e54-482c-b4f8-4ef815c40ae2,1633161342986,13.8249023,52.4002947,6.922733,-0.2115838,1.5569377,-1.5743318,on bike mount,cyclo cross,True,asphalt,excellent
6e734f5c-ea1f-4194-b666-1907dbe97233,2cb4919c-458c-40a2-93a2-eb93d826925f,f80ec791-bbe7-436a-99a3-5e0e39be7e1d,1633161343053,13.8249023,52.4002947,6.922733,-1.4458376,0.20356297,3.4007473,on bike mount,cyclo cross,True,asphalt,excellent
6e734f5c-ea1f-4194-b666-1907dbe97233,2cb4919c-458c-40a2-93a2-eb93d826925f,eb6af405-e5b0-4f4b-bbd7-794a14017843,1633161343103,13.8249023,52.4002947,6.922733,-1.7432815,-2.572576,0.0957489,on bike mount,cyclo cross,True,asphalt,excellent
6e734f5c-ea1f-4194-b666-1907dbe97233,2cb4919c-458c-40a2-93a2-eb93d826925f,ccf35685-ba9f-4e02-9d3a-be330b7c672b,1633161343170,13.8249023,52.4002947,6.922733,-1.2118692,1.6908543,-0.38828945,on bike mount,cyclo cross,True,asphalt,excellent
6e734f5c-ea1f-4194-b666-1907dbe97233,2cb4919c-458c-40a2-93a2-eb93d826925f,34b4cbbb-9693-4f6c-9932-2f253f98ef0b,1633161343236,13.8249023,52.4002947,6.922733,-1.3190926,0.38078403,-1.5364118,on bike mount,cyclo cross,True,asphalt,excellent
6e734f5c-ea1f-4194-b666-1907dbe97233,2cb4919c-458c-40a2-93a2-eb93d826925f,64a60bd6-5557-4807-b53d-6a07975d07db,1633161343287,13.8249023,52.4002947,6.922733,-0.6744826,0.63764024,-1.6050773,on bike mount,cyclo cross,True,asphalt,excellent
6e734f5c-ea1f-4194-b666-1907dbe97233,2cb4919c-458c-40a2-93a2-eb93d826925f,b45cf6b7-0e88-4557-9c14-a302367c4694,1633161343337,13.8249023,52.4002947,6.922733,-1.5466695,1.4555783,-1.0736904,on bike mount,cyclo cross,True,asphalt,excellent
6e734f5c-ea1f-4194-b666-1907dbe97233,2cb4919c-458c-40a2-93a2-eb93d826925f,3bd74d28-378b-4dbf-b850-1ead61000a43,1633161343404,13.8249023,52.4002947,6.922733,-0.15253964,1.3393457,0.7065506,on bike mount,cyclo cross,True,asphalt,excellent
6e734f5c-ea1f-4194-b666-1907dbe97233,2cb4919c-458c-40a2-93a2-eb93d826925f,9b6ba3f9-3f3c-4801-bc54-9cb0366825bd,1633161343470,13.8249023,52.4002947,6.922733,-0.44115174,0.34046984,-2.2121453,on bike mount,cyclo cross,True,asphalt,excellent
6e734f5c-ea1f-4194-b666-1907dbe97233,2cb4919c-458c-40a2-93a2-eb93d826925f,b63c5985-eaaa-4921-bf11-aed935d59a84,1633161343521,13.8249023,52.4002947,6.922733,-0.9715834,-0.2247796,2.7319012,on bike mount,cyclo cross,True,asphalt,excellent
6e734f5c-ea1f-4194-b666-1907dbe97233,2cb4919c-458c-40a2-93a2-eb93d826925f,f292e4d0-6c5b-4bd9-95f6-c68d7d8b9256,1633161343587,13.8249023,52.4002947,6.922733,0.9897105,1.0787401,-0.63936806,on bike mount,cyclo cross,True,asphalt,excellent
6e734f5c-ea1f-4194-b666-1907dbe97233,2cb4919c-458c-40a2-93a2-eb93d826925f,e15a4628-9c10-4d81-810c-686f4ee80c82,1633161343642,13.8249088,52.4002302,6.9099407,-0.49313486,-0.08964348,0.18448925,on bike mount,cyclo cross,True,asphalt,excellent
6e734f5c-ea1f-4194-b666-1907dbe97233,2cb4919c-458c-40a2-93a2-eb93d826925f,1526fc50-e1ba-48bb-bdf4-a64e913617cc,1633161343704,13.8249088,52.4002302,6.9099407,-0.76702607,-1.0959631,0.59781265,on bike mount,cyclo cross,True,asphalt,excellent
6e734f5c-ea1f-4194-b666-1907dbe97233,2cb4919c-458c-40a2-93a2-eb93d826925f,e6ba1119-2994-46fd-b259-02a09cd7883c,1633161343771,13.8249088,52.4002302,6.9099407,0.626624,-1.5928316,2.2385244,on bike mount,cyclo cross,True,asphalt,excellent
6e734f5c-ea1f-4194-b666-1907dbe97233,2cb4919c-458c-40a2-93a2-eb93d826925f,47add3db-3951-4002-b9cf-8dd11e26c1a1,1633161343838,13.8249088,52.4002302,6.9099407,-1.4734032,-0.5519633,1.1610861,on bike mount,cyclo cross,True,asphalt,excellent
6e734f5c-ea1f-4194-b666-1907dbe97233,2cb4919c-458c-40a2-93a2-eb93d826925f,2b90201f-3a78-4585-a080-ae35318e0c89,1633161343905,13.8249088,52.4002302,6.9099407,0.10551882,-0.14067173,-0.70818233,on bike mount,cyclo cross,True,asphalt,excellent
6e734f5c-ea1f-4194-b666-1907dbe97233,2cb4919c-458c-40a2-93a2-eb93d826925f,6df0f5f4-6218-4ffb-ab6b-5bab0a58c19f,1633161343972,13.8249088,52.4002302,6.9099407,-0.36901456,-0.7317774,0.72143936,on bike mount,cyclo cross,True,asphalt,excellent
6e734f5c-ea1f-4194-b666-1907dbe97233,2cb4919c-458c-40a2-93a2-eb93d826925f,7b75705d-73a8-4920-9ac8-b2de7493dcf3,1633161344039,13.8249088,52.4002302,6.9099407,-0.01616165,-0.6132271,-0.58760357,on bike mount,cyclo cross,True,asphalt,excellent
6e734f5c-ea1f-4194-b666-1907dbe97233,2cb4919c-458c-40a2-93a2-eb93d826925f,e3aa3b00-1f3c-464f-8bd9-7f60c8fb55e5,1633161344105,13.8249088,52.4002302,6.9099407,-0.20566244,0.19734311,0.41456223,on bike mount,cyclo cross,True,asphalt,excellent
6e734f5c-ea1f-4194-b666-1907dbe97233,2cb4919c-458c-40a2-93a2-eb93d826925f,0d82ee32-4b84-4f72-a6ed-7192d79d7008,1633161344172,13.8249088,52.4002302,6.9099407,-0.21142642,0.51033854,0.19729519,on bike mount,cyclo cross,True,asphalt,excellent
6e734f5c-ea1f-4194-b666-1907dbe97233,2cb4919c-458c-40a2-93a2-eb93d826925f,089f8b24-9139-4364-822f-e526afb4e1a1,1633161344239,13.8249088,52.4002302,6.9099407,0.5320444,-0.04640603,-1.6764627,on bike mount,cyclo cross,True,asphalt,excellent
6e734f5c-ea1f-4194-b666-1907dbe97233,2cb4919c-458c-40a2-93a2-eb93d826925f,155d0113-7815-445d-bbc0-0ba3e849673b,1633161344306,13.8249088,52.4002302,6.9099407,-1.7365294,-0.2414186,1.2634449,on bike mount,cyclo cross,True,asphalt,excellent
6e734f5c-ea1f-4194-b666-1907dbe97233,2cb4919c-458c-40a2-93a2-eb93d826925f,32ff8a54-94c6-45fc-b014-7d660338fbf8,1633161344373,13.8249088,52.4002302,6.9099407,0.25521296,0.7524719,-1.4304929,on bike mount,cyclo cross,True,asphalt,excellent
6e734f5c-ea1f-4194-b666-1907dbe97233,2cb4919c-458c-40a2-93a2-eb93d826925f,3788964a-6199-4b05-8846-5f61866e132c,1633161344440,13.8249088,52.4002302,6.9099407,-0.26930466,0.5053487,-1.5892682,on bike mount,cyclo cross,True,asphalt,excellent
6e734f5c-ea1f-4194-b666-1907dbe97233,2cb4919c-458c-40a2-93a2-eb93d826925f,cee49399-f19c-461b-8ae3-5bdaf0805acb,1633161344490,13.8249088,52.4002302,6.9099407,-0.44102076,-0.9339709,-0.65449905,on bike mount,cyclo cross,True,asphalt,excellent
6e734f5c-ea1f-4194-b666-1907dbe97233,2cb4919c-458c-40a2-93a2-eb93d826925f,a764275e-18d4-4253-b688-f4700696cd20,1633161344557,13.8249088,52.4002302,6.9099407,-0.043659642,-0.21678114,0.10473633,on bike mount,cyclo cross,True,asphalt,excellent
6e734f5c-ea1f-4194-b666-1907dbe97233,2cb4919c-458c-40a2-93a2-eb93d826925f,13c076ac-e4d6-452b-a205-f265e0e51749,1633161344607,13.8249088,52.4002302,6.9099407,0.22390902,1.0936685,0.36234665,on bike mount,cyclo cross,True,asphalt,excellent
6e734f5c-ea1f-4194-b666-1907dbe97233,2cb4919c-458c-40a2-93a2-eb93d826925f,cc1bd936-d378-4be0-a8b5-9fba93e5721c,1633161344674,13.8249195,52.4001628,6.968282,1.0053605,-0.45693994,0.16679192,on bike mount,cyclo cross,True,asphalt,excellent
6e734f5c-ea1f-4194-b666-1907dbe97233,2cb4919c-458c-40a2-93a2-eb93d826925f,e709973a-131f-41cd-9f52-0fb00e293982,1633161344740,13.8249195,52.4001628,6.968282,0.44622937,0.08049607,-0.62734985,on bike mount,cyclo cross,True,asphalt,excellent
6e734f5c-ea1f-4194-b666-1907dbe97233,2cb4919c-458c-40a2-93a2-eb93d826925f,282f4d91-d5e6-4c9e-81b9-09fc8bcbde8b,1633161344807,13.8249195,52.4001628,6.968282,-1.1872871,0.11576867,0.34022236,on bike mount,cyclo cross,True,asphalt,excellent
6e734f5c-ea1f-4194-b666-1907dbe97233,2cb4919c-458c-40a2-93a2-eb93d826925f,0c373379-f8cd-4f08-8f37-f2c3532e98dd,1633161344874,13.8249195,52.4001628,6.968282,0.17195065,-1.7294419,-0.24292278,on bike mount,cyclo cross,True,asphalt,excellent
6e734f5c-ea1f-4194-b666-1907dbe97233,2cb4919c-458c-40a2-93a2-eb93d826925f,663d7169-7028-4658-927d-95a6db7f1ae8,1633161344941,13.8249195,52.4001628,6.968282,-0.46559,-0.44492507,0.79855824,on bike mount,cyclo cross,True,asphalt,excellent
6e734f5c-ea1f-4194-b666-1907dbe97233,2cb4919c-458c-40a2-93a2-eb93d826925f,854c8a84-0c54-4f49-95f0-4c83dc18e964,1633161345008,13.8249195,52.4001628,6.968282,-0.51582223,0.99230933,-0.25941563,on bike mount,cyclo cross,True,asphalt,excellent
6e734f5c-ea1f-4194-b666-1907dbe97233,2cb4919c-458c-40a2-93a2-eb93d826925f,8640a1db-00ff-4cee-8b9b-61c51f14d487,1633161345075,13.8249195,52.4001628,6.968282,-1.263769,1.865191,-0.789381,on bike mount,cyclo cross,True,asphalt,excellent
6e734f5c-ea1f-4194-b666-1907dbe97233,2cb4919c-458c-40a2-93a2-eb93d826925f,9f809efc-5154-4afe-a1dd-246ac67aa65f,1633161345125,13.8249195,52.4001628,6.968282,-0.14948732,0.9150996,-0.81904125,on bike mount,cyclo cross,True,asphalt,excellent
6e734f5c-ea1f-4194-b666-1907dbe97233,2cb4919c-458c-40a2-93a2-eb93d826925f,f9d4c579-88f0-4b07-82ae-9964f45b722d,1633161345192,13.8249195,52.4001628,6.968282,0.09311877,0.94054127,-2.6394706,on bike mount,cyclo cross,True,asphalt,excellent
6e734f5c-ea1f-4194-b666-1907dbe97233,2cb4919c-458c-40a2-93a2-eb93d826925f,b77a2f14-6cdd-45ee-bb86-6bfd1bb72ada,1633161345259,13.8249195,52.4001628,6.968282,-0.39099228,-0.525661,2.544343,on bike mount,cyclo cross,True,asphalt,excellent
6e734f5c-ea1f-4194-b666-1907dbe97233,2cb4919c-458c-40a2-93a2-eb93d826925f,cfd535c4-864a-41ab-aea1-956fed8acf40,1633161345325,13.8249195,52.4001628,6.968282,0.22072722,-0.69389963,1.1994772,on bike mount,cyclo cross,True,asphalt,excellent
6e734f5c-ea1f-4194-b666-1907dbe97233,2cb4919c-458c-40a2-93a2-eb93d826925f,a87eccc1-16c9-4ac4-a555-f8526cdda1a8,1633161345392,13.8249195,52.4001628,6.968282,-0.1777645,-0.06620431,-2.903409,on bike mount,cyclo cross,True,asphalt,excellent
6e734f5c-ea1f-4194-b666-1907dbe97233,2cb4919c-458c-40a2-93a2-eb93d826925f,298635b0-4429-483e-8731-839c9ec10c66,1633161345459,13.8249195,52.4001628,6.968282,0.87189025,1.486937,1.22824,on bike mount,cyclo cross,True,asphalt,excellent
6e734f5c-ea1f-4194-b666-1907dbe97233,2cb4919c-458c-40a2-93a2-eb93d826925f,3ca675c6-6c05-42e2-a533-dfbec5f31cfa,1633161345526,13.8249195,52.4001628,6.968282,-1.124671,-0.060738564,-0.54101086,on bike mount,cyclo cross,True,asphalt,excellent
6e734f5c-ea1f-4194-b666-1907dbe97233,2cb4919c-458c-40a2-93a2-eb93d826925f,edb12aab-98ba-421d-921e-dd26417a99b8,1633161345592,13.8249195,52.4001628,6.968282,0.28043872,-0.6573026,-0.46419144,on bike mount,cyclo cross,True,asphalt,excellent
6e734f5c-ea1f-4194-b666-1907dbe97233,2cb4919c-458c-40a2-93a2-eb93d826925f,3927efb1-09d5-45d0-8199-81e8810734dd,1633161345646,13.8249247,52.4000981,6.9452715,0.49950802,0.17751265,-0.24185467,on bike mount,cyclo cross,True,asphalt,excellent
6e734f5c-ea1f-4194-b666-1907dbe97233,2cb4919c-458c-40a2-93a2-eb93d826925f,9e8d82c9-2d46-4021-8565-ae6754bad326,1633161345709,13.8249247,52.4000981,6.9452715,-0.7324353,0.9608848,-0.49746418,on bike mount,cyclo cross,True,asphalt,excellent
6e734f5c-ea1f-4194-b666-1907dbe97233,2cb4919c-458c-40a2-93a2-eb93d826925f,5aa3bcc9-cd9b-4d5b-b477-366392d98aa8,1633161345776,13.8249247,52.4000981,6.9452715,1.7873263,-1.2652038,-0.45845318,on bike mount,cyclo cross,True,asphalt,excellent
6e734f5c-ea1f-4194-b666-1907dbe97233,2cb4919c-458c-40a2-93a2-eb93d826925f,12ffa0b7-e068-445e-8340-8770848c675b,1633161345843,13.8249247,52.4000981,6.9452715,-0.46234292,0.5691993,-0.9096432,on bike mount,cyclo cross,True,asphalt,excellent
6e734f5c-ea1f-4194-b666-1907dbe97233,2cb4919c-458c-40a2-93a2-eb93d826925f,db8978cf-a665-4178-bb98-a3c88f92704a,1633161345910,13.8249247,52.4000981,6.9452715,-0.3266578,0.21186805,0.097146034,on bike mount,cyclo cross,True,asphalt,excellent
6e734f5c-ea1f-4194-b666-1907dbe97233,2cb4919c-458c-40a2-93a2-eb93d826925f,6144a818-524b-4cb1-baca-666bcdf739e0,1633161345977,13.8249247,52.4000981,6.9452715,-0.08467302,-0.43793464,0.9762211,on bike mount,cyclo cross,True,asphalt,excellent
6e734f5c-ea1f-4194-b666-1907dbe97233,2cb4919c-458c-40a2-93a2-eb93d826925f,6f19ed16-fcfd-4d02-8829-8a3a3fe23117,1633161346044,13.8249247,52.4000981,6.9452715,0.4562751,-1.9632427,2.2098665,on bike mount,cyclo cross,True,asphalt,excellent
6e734f5c-ea1f-4194-b666-1907dbe97233,2cb4919c-458c-40a2-93a2-eb93d826925f,d2b53b87-dcd5-45af-8398-5bd166ccdd0e,1633161346094,13.8249247,52.4000981,6.9452715,0.163784,-0.22236252,-0.29870033,on bike mount,cyclo cross,True,asphalt,excellent
6e734f5c-ea1f-4194-b666-1907dbe97233,2cb4919c-458c-40a2-93a2-eb93d826925f,f3c6c50c-6f5e-4bbf-862f-f91e38365d0c,1633161346161,13.8249247,52.4000981,6.9452715,0.35808218,0.25689697,1.7837734,on bike mount,cyclo cross,True,asphalt,excellent
6e734f5c-ea1f-4194-b666-1907dbe97233,2cb4919c-458c-40a2-93a2-eb93d826925f,29d8459c-fdd5-470a-9782-411d2802fa35,1633161346211,13.8249247,52.4000981,6.9452715,0.95266855,-1.6777862,1.6253223,on bike mount,cyclo cross,True,asphalt,excellent
6e734f5c-ea1f-4194-b666-1907dbe97233,2cb4919c-458c-40a2-93a2-eb93d826925f,861da0a5-f1c5-485f-bcd3-9f58783e6733,1633161346278,13.8249247,52.4000981,6.9452715,-0.638422,-0.10663247,-0.8266959,on bike mount,cyclo cross,True,asphalt,excellent
6e734f5c-ea1f-4194-b666-1907dbe97233,2cb4919c-458c-40a2-93a2-eb93d826925f,8f0b4441-9765-4554-ae0c-fa39085ec6c8,1633161346328,13.8249247,52.4000981,6.9452715,0.7418041,-0.07705855,-0.86234,on bike mount,cyclo cross,True,asphalt,excellent
6e734f5c-ea1f-4194-b666-1907dbe97233,2cb4919c-458c-40a2-93a2-eb93d826925f,048be063-cf78-4749-801f-fbe42b7cd140,1633161346394,13.8249247,52.4000981,6.9452715,-0.8121685,1.625143,-1.5040498,on bike mount,cyclo cross,True,asphalt,excellent
6e734f5c-ea1f-4194-b666-1907dbe97233,2cb4919c-458c-40a2-93a2-eb93d826925f,707c1c91-8b31-4583-a235-1a9b5449a295,1633161346445,13.8249247,52.4000981,6.9452715,-0.9755368,-0.88640213,0.7679014,on bike mount,cyclo cross,True,asphalt,excellent
6e734f5c-ea1f-4194-b666-1907dbe97233,2cb4919c-458c-40a2-93a2-eb93d826925f,b5024273-7abc-4b6c-b9a3-9b66554fe52d,1633161346511,13.8249247,52.4000981,6.9452715,-0.28368828,1.9196348,-0.33275414,on bike mount,cyclo cross,True,asphalt,excellent
6e734f5c-ea1f-4194-b666-1907dbe97233,2cb4919c-458c-40a2-93a2-eb93d826925f,89d3b2e2-53e5-4a2b-87d4-0baa84a22fe7,1633161346562,13.8249247,52.4000981,6.9452715,-0.8297626,0.73801136,0.8486481,on bike mount,cyclo cross,True,asphalt,excellent
6e734f5c-ea1f-4194-b666-1907dbe97233,2cb4919c-458c-40a2-93a2-eb93d826925f,c8706e78-8cc5-4c1b-b75e-a5241af1b546,1633161346629,13.8249247,52.4000981,6.9452715,0.20755932,0.70023584,0.7774849,on bike mount,cyclo cross,True,asphalt,excellent
6e734f5c-ea1f-4194-b666-1907dbe97233,2cb4919c-458c-40a2-93a2-eb93d826925f,d7dd5213-1406-4999-bf34-6399a4dac760,1633161346695,13.824927,52.4000334,6.9443417,-0.53372896,0.20710707,-0.18418312,on bike mount,cyclo cross,True,asphalt,excellent
6e734f5c-ea1f-4194-b666-1907dbe97233,2cb4919c-458c-40a2-93a2-eb93d826925f,f7612bab-5ce1-4c62-940b-ad07e97229e5,1633161346762,13.824927,52.4000334,6.9443417,0.18959194,-0.6556001,0.50813675,on bike mount,cyclo cross,True,asphalt,excellent
6e734f5c-ea1f-4194-b666-1907dbe97233,2cb4919c-458c-40a2-93a2-eb93d826925f,d88bd5dd-aede-4c4c-bcc8-eae1a90bf808,1633161346829,13.824927,52.4000334,6.9443417,-1.1120778,1.4875472,-1.7656269,on bike mount,cyclo cross,True,asphalt,excellent
6e734f5c-ea1f-4194-b666-1907dbe97233,2cb4919c-458c-40a2-93a2-eb93d826925f,ba27ddff-2c37-4bb6-adea-98c6e7eb36b7,1633161346896,13.824927,52.4000334,6.9443417,0.84110045,-1.5534158,-0.07774258,on bike mount,cyclo cross,True,asphalt,excellent
6e734f5c-ea1f-4194-b666-1907dbe97233,2cb4919c-458c-40a2-93a2-eb93d826925f,53960b16-29d8-4f96-8228-c80c0d3a0569,1633161346963,13.824927,52.4000334,6.9443417,-0.08836453,-0.6531637,-0.84268665,on bike mount,cyclo cross,True,asphalt,excellent
6e734f5c-ea1f-4194-b666-1907dbe97233,2cb4919c-458c-40a2-93a2-eb93d826925f,0fd078b6-d7f0-4664-bbe4-a5580a582b8e,1633161347013,13.824927,52.4000334,6.9443417,-0.15251699,-0.44466114,0.12600231,on bike mount,cyclo cross,True,asphalt,excellent
6e734f5c-ea1f-4194-b666-1907dbe97233,2cb4919c-458c-40a2-93a2-eb93d826925f,c8a793de-8af8-44a7-b353-bfec74063882,1633161347080,13.824927,52.4000334,6.9443417,-0.01994598,0.40938473,-0.33131886,on bike mount,cyclo cross,True,asphalt,excellent
6e734f5c-ea1f-4194-b666-1907dbe97233,2cb4919c-458c-40a2-93a2-eb93d826925f,b31034c9-d441-46e6-9881-e269d271c55d,1633161347130,13.824927,52.4000334,6.9443417,0.09845479,-1.5083622,0.7327719,on bike mount,cyclo cross,True,asphalt,excellent
6e734f5c-ea1f-4194-b666-1907dbe97233,2cb4919c-458c-40a2-93a2-eb93d826925f,3c1adfe2-7278-445a-86a3-b12b014ee9d3,1633161347196,13.824927,52.4000334,6.9443417,1.2701292,0.7216461,-0.45214748,on bike mount,cyclo cross,True,asphalt,excellent
6e734f5c-ea1f-4194-b666-1907dbe97233,2cb4919c-458c-40a2-93a2-eb93d826925f,785439a5-5cbf-4a95-849b-eb91c9318450,1633161347263,13.824927,52.4000334,6.9443417,0.7071704,0.1728785,-0.26034164,on bike mount,cyclo cross,True,asphalt,excellent
6e734f5c-ea1f-4194-b666-1907dbe97233,2cb4919c-458c-40a2-93a2-eb93d826925f,0abbccfd-f401-4b10-92e7-40f29a51a140,1633161347330,13.824927,52.4000334,6.9443417,-1.0841992,-0.7159414,1.2448511,on bike mount,cyclo cross,True,asphalt,excellent
6e734f5c-ea1f-4194-b666-1907dbe97233,2cb4919c-458c-40a2-93a2-eb93d826925f,43d73c2f-0231-41f8-969b-c134fbb54428,1633161347422,13.824927,52.4000334,6.9443417,0.017393589,1.3013496,-0.86759806,on bike mount,cyclo cross,True,asphalt,excellent
6e734f5c-ea1f-4194-b666-1907dbe97233,2cb4919c-458c-40a2-93a2-eb93d826925f,f1218fd4-421b-4de5-8d59-4eff7e2a153f,1633161347481,13.824927,52.4000334,6.9443417,0.4070024,-1.0164769,2.5005627,on bike mount,cyclo cross,True,asphalt,excellent
6e734f5c-ea1f-4194-b666-1907dbe97233,2cb4919c-458c-40a2-93a2-eb93d826925f,4dacf68d-092d-437e-ba94-2a9cbaf811d8,1633161347531,13.824927,52.4000334,6.9443417,-0.23594782,-2.3243742,-0.7696085,on bike mount,cyclo cross,True,asphalt,excellent
6e734f5c-ea1f-4194-b666-1907dbe97233,2cb4919c-458c-40a2-93a2-eb93d826925f,269d2200-02ad-4ea8-8042-f0a793e33477,1633161347598,13.824927,52.4000334,6.9443417,0.20983483,-0.28019547,0.60167503,on bike mount,cyclo cross,True,asphalt,excellent
6e734f5c-ea1f-4194-b666-1907dbe97233,2cb4919c-458c-40a2-93a2-eb93d826925f,83adc63f-1109-4071-8895-c5fe99d87783,1633161347652,13.824929,52.3999708,6.9068317,-0.4039013,1.1803503,-1.9758296,on bike mount,cyclo cross,True,asphalt,excellent
6e734f5c-ea1f-4194-b666-1907dbe97233,2cb4919c-458c-40a2-93a2-eb93d826925f,064f9aa2-09ec-4439-b8ee-822df58ebbca,1633161347714,13.824929,52.3999708,6.9068317,-0.7437768,-0.25760865,-2.2485638,on bike mount,cyclo cross,True,asphalt,excellent
6e734f5c-ea1f-4194-b666-1907dbe97233,2cb4919c-458c-40a2-93a2-eb93d826925f,eed43f27-34de-4fe4-ab08-0b7e4e31cd22,1633161347765,13.824929,52.3999708,6.9068317,0.026612975,-1.7472887,-0.3696909,on bike mount,cyclo cross,True,asphalt,excellent
6e734f5c-ea1f-4194-b666-1907dbe97233,2cb4919c-458c-40a2-93a2-eb93d826925f,9cd6307c-a558-4aa4-903c-6e1b85a70fb8,1633161347831,13.824929,52.3999708,6.9068317,-0.39998573,0.45693564,-1.2561908,on bike mount,cyclo cross,True,asphalt,excellent
6e734f5c-ea1f-4194-b666-1907dbe97233,2cb4919c-458c-40a2-93a2-eb93d826925f,8c2fb509-a632-470e-952a-ca102abd8cc8,1633161347882,13.824929,52.3999708,6.9068317,0.21404453,-1.0011576,1.6017265,on bike mount,cyclo cross,True,asphalt,excellent
6e734f5c-ea1f-4194-b666-1907dbe97233,2cb4919c-458c-40a2-93a2-eb93d826925f,60739d38-09f9-44e4-bba2-53f78918fe06,1633161347949,13.824929,52.3999708,6.9068317,-0.29715866,0.19809937,-0.53253555,on bike mount,cyclo cross,True,asphalt,excellent
6e734f5c-ea1f-4194-b666-1907dbe97233,2cb4919c-458c-40a2-93a2-eb93d826925f,cf1387f1-61af-4983-ae0c-ea793753af92,1633161348015,13.824929,52.3999708,6.9068317,0.12959987,0.18308377,0.33578682,on bike mount,cyclo cross,True,asphalt,excellent
6e734f5c-ea1f-4194-b666-1907dbe97233,2cb4919c-458c-40a2-93a2-eb93d826925f,4df91906-25fb-4adf-862a-464c65f33f42,1633161348082,13.824929,52.3999708,6.9068317,0.049495354,0.72097063,1.1223783,on bike mount,cyclo cross,True,asphalt,excellent
6e734f5c-ea1f-4194-b666-1907dbe97233,2cb4919c-458c-40a2-93a2-eb93d826925f,4af3865f-eb1a-47d3-a738-f2d36281824d,1633161348149,13.824929,52.3999708,6.9068317,-0.87141925,-1.9006,-0.21179485,on bike mount,cyclo cross,True,asphalt,excellent
6e734f5c-ea1f-4194-b666-1907dbe97233,2cb4919c-458c-40a2-93a2-eb93d826925f,4b7ab30c-8718-4ae0-8528-4dae60ad0f1e,1633161348216,13.824929,52.3999708,6.9068317,-0.5254737,-0.6547642,0.8138685,on bike mount,cyclo cross,True,asphalt,excellent
6e734f5c-ea1f-4194-b666-1907dbe97233,2cb4919c-458c-40a2-93a2-eb93d826925f,7f9b680a-fbb7-4d7f-bb03-14c8c6d5624d,1633161348283,13.824929,52.3999708,6.9068317,-0.7262425,-1.4230946,2.0413427,on bike mount,cyclo cross,True,asphalt,excellent
6e734f5c-ea1f-4194-b666-1907dbe97233,2cb4919c-458c-40a2-93a2-eb93d826925f,8e8eaa23-1cf5-4bee-80ed-4a36a65e03a1,1633161348333,13.824929,52.3999708,6.9068317,0.830449,-0.33795118,-1.2371931,on bike mount,cyclo cross,True,asphalt,excellent
6e734f5c-ea1f-4194-b666-1907dbe97233,2cb4919c-458c-40a2-93a2-eb93d826925f,dd521e51-9c9a-483a-b90d-da8d966cf3d5,1633161348400,13.824929,52.3999708,6.9068317,-0.93029106,-0.5307429,0.39692688,on bike mount,cyclo cross,True,asphalt,excellent
6e734f5c-ea1f-4194-b666-1907dbe97233,2cb4919c-458c-40a2-93a2-eb93d826925f,8aeed0b6-5f1d-4fef-ad63-fd4d6ff91a3b,1633161348467,13.824929,52.3999708,6.9068317,-1.2166818,-0.8406155,0.44808197,on bike mount,cyclo cross,True,asphalt,excellent
6e734f5c-ea1f-4194-b666-1907dbe97233,2cb4919c-458c-40a2-93a2-eb93d826925f,b9bd5985-c569-41b9-b6c9-58acd8985949,1633161348533,13.824929,52.3999708,6.9068317,0.72720027,-0.33696103,1.2569532,on bike mount,cyclo cross,True,asphalt,excellent
6e734f5c-ea1f-4194-b666-1907dbe97233,2cb4919c-458c-40a2-93a2-eb93d826925f,ec4e986d-1651-4e61-a083-f9750d65e8ee,1633161348600,13.824929,52.3999708,6.9068317,-0.5143589,-0.728868,1.7964306,on bike mount,cyclo cross,True,asphalt,excellent
6e734f5c-ea1f-4194-b666-1907dbe97233,2cb4919c-458c-40a2-93a2-eb93d826925f,cffa01ef-9574-4395-a23e-099a1a86fb99,1633161348667,13.8249382,52.3999042,6.9036283,0.6890559,0.5317035,0.05612278,on bike mount,cyclo cross,True,asphalt,excellent
6e734f5c-ea1f-4194-b666-1907dbe97233,2cb4919c-458c-40a2-93a2-eb93d826925f,719c4a92-de20-4397-9de2-4a6d4692082c,1633161348733,13.8249382,52.3999042,6.9036283,0.016421556,-0.76513636,0.34777546,on bike mount,cyclo cross,True,asphalt,excellent
6e734f5c-ea1f-4194-b666-1907dbe97233,2cb4919c-458c-40a2-93a2-eb93d826925f,9cfd8915-1148-4773-a834-81bade5dd837,1633161348784,13.8249382,52.3999042,6.9036283,0.8577905,0.16241622,0.2671833,on bike mount,cyclo cross,True,asphalt,excellent
6e734f5c-ea1f-4194-b666-1907dbe97233,2cb4919c-458c-40a2-93a2-eb93d826925f,3a765238-0d29-4e2c-bda9-dca56e8ff33d,1633161348851,13.8249382,52.3999042,6.9036283,-0.018526435,-0.88057995,0.52700233,on bike mount,cyclo cross,True,asphalt,excellent
6e734f5c-ea1f-4194-b666-1907dbe97233,2cb4919c-458c-40a2-93a2-eb93d826925f,e09c9911-48a6-42f6-847d-53d107cad425,1633161348901,13.8249382,52.3999042,6.9036283,0.5292008,0.2383089,-1.0164342,on bike mount,cyclo cross,True,asphalt,excellent
6e734f5c-ea1f-4194-b666-1907dbe97233,2cb4919c-458c-40a2-93a2-eb93d826925f,6acc502d-618e-4dbc-bdc6-416acc9ce341,1633161348968,13.8249382,52.3999042,6.9036283,0.35587353,-0.39299464,0.35413837,on bike mount,cyclo cross,True,asphalt,excellent
6e734f5c-ea1f-4194-b666-1907dbe97233,2cb4919c-458c-40a2-93a2-eb93d826925f,2ff1f1a4-4a40-4467-ad0b-7a124d53d3a0,1633161349035,13.8249382,52.3999042,6.9036283,0.3441447,-0.56040907,-0.541975,on bike mount,cyclo cross,True,asphalt,excellent
6e734f5c-ea1f-4194-b666-1907dbe97233,2cb4919c-458c-40a2-93a2-eb93d826925f,2630600b-6949-43f0-a533-1bd27d866c27,1633161349085,13.8249382,52.3999042,6.9036283,-0.40886277,0.70709896,0.63020515,on bike mount,cyclo cross,True,asphalt,excellent
6e734f5c-ea1f-4194-b666-1907dbe97233,2cb4919c-458c-40a2-93a2-eb93d826925f,fae7eead-4dd4-4db2-843d-89cb39d1572f,1633161349152,13.8249382,52.3999042,6.9036283,0.14651772,0.4990213,-0.750515,on bike mount,cyclo cross,True,asphalt,excellent
6e734f5c-ea1f-4194-b666-1907dbe97233,2cb4919c-458c-40a2-93a2-eb93d826925f,cb6cd763-f7e8-4417-a021-98d0cd791433,1633161349218,13.8249382,52.3999042,6.9036283,0.55559623,-0.46098995,0.4741249,on bike mount,cyclo cross,True,asphalt,excellent
6e734f5c-ea1f-4194-b666-1907dbe97233,2cb4919c-458c-40a2-93a2-eb93d826925f,bec5d13d-ad9d-4dc9-bb52-70d1d58b74c7,1633161349285,13.8249382,52.3999042,6.9036283,-0.4450429,0.927021,0.18459415,on bike mount,cyclo cross,True,asphalt,excellent
6e734f5c-ea1f-4194-b666-1907dbe97233,2cb4919c-458c-40a2-93a2-eb93d826925f,4f14566a-6f7d-4c6c-99ae-833dc869bc97,1633161349352,13.8249382,52.3999042,6.9036283,-0.42068112,0.20263958,-0.5601368,on bike mount,cyclo cross,True,asphalt,excellent
6e734f5c-ea1f-4194-b666-1907dbe97233,2cb4919c-458c-40a2-93a2-eb93d826925f,25a05ba9-580c-4cac-ae71-e5065f5aae1c,1633161349419,13.8249382,52.3999042,6.9036283,-0.83439386,0.6857858,-1.738172,on bike mount,cyclo cross,True,asphalt,excellent
6e734f5c-ea1f-4194-b666-1907dbe97233,2cb4919c-458c-40a2-93a2-eb93d826925f,d21d2013-13f7-44a3-81c5-4cada9c73c1e,1633161349486,13.8249382,52.3999042,6.9036283,0.32005927,0.33005,-0.089749336,on bike mount,cyclo cross,True,asphalt,excellent
6e734f5c-ea1f-4194-b666-1907dbe97233,2cb4919c-458c-40a2-93a2-eb93d826925f,cfdd4d6c-0be2-4a11-bf6f-53361b0020f2,1633161349553,13.8249382,52.3999042,6.9036283,-0.08228846,-0.2577927,-0.80166435,on bike mount,cyclo cross,True,asphalt,excellent
6e734f5c-ea1f-4194-b666-1907dbe97233,2cb4919c-458c-40a2-93a2-eb93d826925f,9b37b0eb-4acd-4eda-a549-ff838704655e,1633161349603,13.8249382,52.3999042,6.9036283,-0.6759446,-0.36440587,-0.0031633377,on bike mount,cyclo cross,True,asphalt,excellent
6e734f5c-ea1f-4194-b666-1907dbe97233,2cb4919c-458c-40a2-93a2-eb93d826925f,0da8c332-fade-4347-a2ee-86460617db88,1633161349659,13.8249447,52.3998414,6.854633,0.14405209,0.32251573,-0.1452694,on bike mount,cyclo cross,True,asphalt,excellent
6e734f5c-ea1f-4194-b666-1907dbe97233,2cb4919c-458c-40a2-93a2-eb93d826925f,3cbc971f-ab0b-422a-8135-7f4cffbb3595,1633161349720,13.8249447,52.3998414,6.854633,-0.18272787,1.2537405,1.6412897,on bike mount,cyclo cross,True,asphalt,excellent
6e734f5c-ea1f-4194-b666-1907dbe97233,2cb4919c-458c-40a2-93a2-eb93d826925f,fd49977b-039a-42c2-b492-5e8126cb37d5,1633161349786,13.8249447,52.3998414,6.854633,0.29783985,-0.90844655,0.36875916,on bike mount,cyclo cross,True,asphalt,excellent
6e734f5c-ea1f-4194-b666-1907dbe97233,2cb4919c-458c-40a2-93a2-eb93d826925f,e23783e0-96c6-4edf-a2f2-c9ba06f4db09,1633161349853,13.8249447,52.3998414,6.854633,0.018110204,0.39069343,0.6234484,on bike mount,cyclo cross,True,asphalt,excellent
6e734f5c-ea1f-4194-b666-1907dbe97233,2cb4919c-458c-40a2-93a2-eb93d826925f,ab3a5416-f677-4fa4-800d-f0cbc3c55eb6,1633161349920,13.8249447,52.3998414,6.854633,-0.96568674,-1.0195237,0.98884296,on bike mount,cyclo cross,True,asphalt,excellent
6e734f5c-ea1f-4194-b666-1907dbe97233,2cb4919c-458c-40a2-93a2-eb93d826925f,89149228-95c8-4682-8e16-271da4ba466d,1633161349987,13.8249447,52.3998414,6.854633,-0.4639265,-0.96194506,-1.0108652,on bike mount,cyclo cross,True,asphalt,excellent
6e734f5c-ea1f-4194-b666-1907dbe97233,2cb4919c-458c-40a2-93a2-eb93d826925f,3d6fbc8f-9e67-4dc7-b254-bfff54fec384,1633161350054,13.8249447,52.3998414,6.854633,-0.46147177,-0.23227644,1.711484,on bike mount,cyclo cross,True,asphalt,excellent
6e734f5c-ea1f-4194-b666-1907dbe97233,2cb4919c-458c-40a2-93a2-eb93d826925f,de908395-721b-4e33-bb1b-6eefef8d18f0,1633161350121,13.8249447,52.3998414,6.854633,0.13694364,0.28271174,-0.23712635,on bike mount,cyclo cross,True,asphalt,excellent
6e734f5c-ea1f-4194-b666-1907dbe97233,2cb4919c-458c-40a2-93a2-eb93d826925f,ad6a71e7-b3e3-465a-bc6d-0ea699d998b9,1633161350187,13.8249447,52.3998414,6.854633,-0.94803745,1.5531414,-0.8726649,on bike mount,cyclo cross,True,asphalt,excellent
6e734f5c-ea1f-4194-b666-1907dbe97233,2cb4919c-458c-40a2-93a2-eb93d826925f,47fe48cc-51fb-439c-86e1-a4c61d57139a,1633161350254,13.8249447,52.3998414,6.854633,-1.0230542,1.0692368,0.5361538,on bike mount,cyclo cross,True,asphalt,excellent
6e734f5c-ea1f-4194-b666-1907dbe97233,2cb4919c-458c-40a2-93a2-eb93d826925f,f123f459-cf94-4c76-9a8e-29ea923516f7,1633161350321,13.8249447,52.3998414,6.854633,-0.34839085,0.7316518,-1.7245312,on bike mount,cyclo cross,True,asphalt,excellent
6e734f5c-ea1f-4194-b666-1907dbe97233,2cb4919c-458c-40a2-93a2-eb93d826925f,3f6fd64c-e160-4577-8f15-cc3fcc15a4eb,1633161350388,13.8249447,52.3998414,6.854633,0.15696898,0.35472846,2.6979895,on bike mount,cyclo cross,True,asphalt,excellent
6e734f5c-ea1f-4194-b666-1907dbe97233,2cb4919c-458c-40a2-93a2-eb93d826925f,71d062ef-8f3f-43a4-98da-78ecacb863bf,1633161350455,13.8249447,52.3998414,6.854633,-0.46523473,-0.46317434,1.9005527,on bike mount,cyclo cross,True,asphalt,excellent
6e734f5c-ea1f-4194-b666-1907dbe97233,2cb4919c-458c-40a2-93a2-eb93d826925f,d7aa42d6-1ad3-42cc-835e-60aa0649a6db,1633161350522,13.8249447,52.3998414,6.854633,2.8855617,4.707513,-3.2034621,on bike mount,cyclo cross,True,asphalt,excellent
6e734f5c-ea1f-4194-b666-1907dbe97233,2cb4919c-458c-40a2-93a2-eb93d826925f,519e8d68-1a09-4219-8241-b8535075e5e8,1633161350572,13.8249447,52.3998414,6.854633,-0.8177225,-3.4702344,1.1415491,on bike mount,cyclo cross,True,asphalt,excellent
6e734f5c-ea1f-4194-b666-1907dbe97233,2cb4919c-458c-40a2-93a2-eb93d826925f,ed178b67-770d-4513-9f88-a56f8faab678,1633161350638,13.8249447,52.3998414,6.854633,-1.0910887,-4.3806214,0.9631729,on bike mount,cyclo cross,True,asphalt,excellent
6e734f5c-ea1f-4194-b666-1907dbe97233,2cb4919c-458c-40a2-93a2-eb93d826925f,33c1978d-d40d-4f5b-93e5-f67a7a8d54a5,1633161350689,13.824936,52.3997827,6.818439,2.9337895,-2.4478974,-0.040246964,on bike mount,cyclo cross,True,asphalt,excellent
6e734f5c-ea1f-4194-b666-1907dbe97233,2cb4919c-458c-40a2-93a2-eb93d826925f,b2596b37-e27c-4364-bd65-00f9c077cf02,1633161350739,13.824936,52.3997827,6.818439,1.4015939,2.3775764,-0.16170979,on bike mount,cyclo cross,True,asphalt,excellent
6e734f5c-ea1f-4194-b666-1907dbe97233,2cb4919c-458c-40a2-93a2-eb93d826925f,de8555f1-181a-46a2-9898-9f0ac884c254,1633161350806,13.824936,52.3997827,6.818439,-1.0657183,0.33582067,0.7299032,on bike mount,cyclo cross,True,asphalt,excellent
6e734f5c-ea1f-4194-b666-1907dbe97233,2cb4919c-458c-40a2-93a2-eb93d826925f,0cd8402f-89b2-4c46-be5f-88679aea44b7,1633161350872,13.824936,52.3997827,6.818439,0.7129531,-1.1776508,0.48046684,on bike mount,cyclo cross,True,asphalt,excellent
6e734f5c-ea1f-4194-b666-1907dbe97233,2cb4919c-458c-40a2-93a2-eb93d826925f,1b5b6294-9da4-4e42-b8f3-f41dadedd9bc,1633161350923,13.824936,52.3997827,6.818439,-1.1430101,0.96049976,-0.72404194,on bike mount,cyclo cross,True,asphalt,excellent
6e734f5c-ea1f-4194-b666-1907dbe97233,2cb4919c-458c-40a2-93a2-eb93d826925f,547e1282-3a98-4ed7-88dd-3e473f083cd1,1633161350990,13.824936,52.3997827,6.818439,-0.18339571,0.5165806,0.12551689,on bike mount,cyclo cross,True,asphalt,excellent
6e734f5c-ea1f-4194-b666-1907dbe97233,2cb4919c-458c-40a2-93a2-eb93d826925f,c752ddec-dd2d-416e-b507-ba2633a23221,1633161351057,13.824936,52.3997827,6.818439,0.068164885,0.2850864,-1.0891137,on bike mount,cyclo cross,True,asphalt,excellent
6e734f5c-ea1f-4194-b666-1907dbe97233,2cb4919c-458c-40a2-93a2-eb93d826925f,ef46f23e-b20a-4a21-b38e-138c765ab02c,1633161351124,13.824936,52.3997827,6.818439,-0.38041103,1.1720347,-0.69335747,on bike mount,cyclo cross,True,asphalt,excellent
6e734f5c-ea1f-4194-b666-1907dbe97233,2cb4919c-458c-40a2-93a2-eb93d826925f,ddfc2f2a-62b2-4b81-b7c7-7fdbb93a3abd,1633161351190,13.824936,52.3997827,6.818439,-0.78712595,-0.24754643,-0.25434303,on bike mount,cyclo cross,True,asphalt,excellent
6e734f5c-ea1f-4194-b666-1907dbe97233,2cb4919c-458c-40a2-93a2-eb93d826925f,fbd279fa-ffe8-4d2a-a97d-80b7db1942ba,1633161351257,13.824936,52.3997827,6.818439,0.069309846,0.14660525,-0.1710825,on bike mount,cyclo cross,True,asphalt,excellent
