bike_activity_uid,bike_activity_sample_uid,bike_activity_measurement,bike_activity_measurement_timestamp,bike_activity_measurement_lon,bike_activity_measurement_lat,bike_activity_measurement_speed,bike_activity_measurement_accelerometer_x,bike_activity_measurement_accelerometer_y,bike_activity_measurement_accelerometer_z,bike_activity_phone_position,bike_activity_bike_type,bike_activity_flagged_lab_conditions,bike_activity_surface_type,bike_activity_smoothness_type
7c5c7670-85f0-4c34-9240-f6932a28d788,2c9b3e1e-6465-41e0-be92-4b9104d68e8c,319689cf-8f4d-42bd-86de-9255d7e0ec1f,1633165879848,14.1516206,52.3512405,5.6288176,-0.22604427,-0.8875698,0.08909702,on bike mount,cyclo cross,False,asphalt,excellent
7c5c7670-85f0-4c34-9240-f6932a28d788,2c9b3e1e-6465-41e0-be92-4b9104d68e8c,e053a747-336b-4db1-ab90-23a9d82e1837,1633165879915,14.1516206,52.3512405,5.6288176,-1.5779052,-0.029993057,2.5607939,on bike mount,cyclo cross,False,asphalt,excellent
7c5c7670-85f0-4c34-9240-f6932a28d788,2c9b3e1e-6465-41e0-be92-4b9104d68e8c,7f972cf9-519e-41b4-a577-7b28529e0fc8,1633165879965,14.1516206,52.3512405,5.6288176,0.17151815,-0.62940955,-0.7243967,on bike mount,cyclo cross,False,asphalt,excellent
7c5c7670-85f0-4c34-9240-f6932a28d788,2c9b3e1e-6465-41e0-be92-4b9104d68e8c,2375b617-6c2b-4a6f-970a-c164a5d6eb49,1633165880015,14.1516206,52.3512405,5.6288176,0.2113959,-1.6178101,-0.3696556,on bike mount,cyclo cross,False,asphalt,excellent
7c5c7670-85f0-4c34-9240-f6932a28d788,2c9b3e1e-6465-41e0-be92-4b9104d68e8c,8a85f9a1-eb2e-46ed-aaff-b49d4fd4c3b7,1633165880082,14.1516206,52.3512405,5.6288176,-0.53668034,-0.7674885,0.38756847,on bike mount,cyclo cross,False,asphalt,excellent
7c5c7670-85f0-4c34-9240-f6932a28d788,2c9b3e1e-6465-41e0-be92-4b9104d68e8c,4f5d8461-fe94-4c61-b6c8-cedb6635be2d,1633165880132,14.1516206,52.3512405,5.6288176,0.75870705,-0.5724635,1.4932165,on bike mount,cyclo cross,False,asphalt,excellent
7c5c7670-85f0-4c34-9240-f6932a28d788,2c9b3e1e-6465-41e0-be92-4b9104d68e8c,b500995e-436f-42de-8073-01421a6a8b92,1633165880199,14.1516206,52.3512405,5.6288176,0.2588146,-0.4867766,2.4519644,on bike mount,cyclo cross,False,asphalt,excellent
7c5c7670-85f0-4c34-9240-f6932a28d788,2c9b3e1e-6465-41e0-be92-4b9104d68e8c,319731a4-5b4a-439f-b400-8eb2c691ecd6,1633165880265,14.1516206,52.3512405,5.6288176,1.4274437,-0.00244236,-0.43686104,on bike mount,cyclo cross,False,asphalt,excellent
7c5c7670-85f0-4c34-9240-f6932a28d788,2c9b3e1e-6465-41e0-be92-4b9104d68e8c,4ac91aa6-e91c-4062-985f-ac9b8754c58f,1633165880316,14.1516206,52.3512405,5.6288176,1.5031624,1.2533994,0.519681,on bike mount,cyclo cross,False,asphalt,excellent
7c5c7670-85f0-4c34-9240-f6932a28d788,2c9b3e1e-6465-41e0-be92-4b9104d68e8c,8b3451b2-9640-4892-9340-45beee0789e1,1633165880366,14.1516206,52.3512405,5.6288176,-0.5147451,-1.9239986,-0.12772942,on bike mount,cyclo cross,False,asphalt,excellent
7c5c7670-85f0-4c34-9240-f6932a28d788,2c9b3e1e-6465-41e0-be92-4b9104d68e8c,9e8a4425-129d-43c8-b221-93bf96c97eeb,1633165880416,14.1516206,52.3512405,5.6288176,-0.18975058,1.2965705,1.1789265,on bike mount,cyclo cross,False,asphalt,excellent
7c5c7670-85f0-4c34-9240-f6932a28d788,2c9b3e1e-6465-41e0-be92-4b9104d68e8c,93f32d30-b2d1-4931-ab3a-23740b8c989a,1633165880466,14.1516206,52.3512405,5.6288176,0.19901276,-0.850693,-1.4974403,on bike mount,cyclo cross,False,asphalt,excellent
7c5c7670-85f0-4c34-9240-f6932a28d788,2c9b3e1e-6465-41e0-be92-4b9104d68e8c,18772890-1d42-4617-a223-883e719dd9da,1633165880533,14.1516206,52.3512405,5.6288176,0.0571917,1.0215039,0.058550835,on bike mount,cyclo cross,False,asphalt,excellent
7c5c7670-85f0-4c34-9240-f6932a28d788,2c9b3e1e-6465-41e0-be92-4b9104d68e8c,b06eee5f-6d3b-4473-8da6-f231a664fc58,1633165880583,14.1516206,52.3512405,5.6288176,0.24853104,0.59075594,-1.0557585,on bike mount,cyclo cross,False,asphalt,excellent
7c5c7670-85f0-4c34-9240-f6932a28d788,2c9b3e1e-6465-41e0-be92-4b9104d68e8c,53e481c1-05ae-4bde-8e20-a18a43e83fe1,1633165880650,14.1516206,52.3512405,5.6288176,0.948875,0.3305409,-1.2651348,on bike mount,cyclo cross,False,asphalt,excellent
7c5c7670-85f0-4c34-9240-f6932a28d788,2c9b3e1e-6465-41e0-be92-4b9104d68e8c,fd040e59-be46-459d-a4ea-86d3d70d9446,1633165880716,14.1516922,52.3512209,5.77681,-0.18659872,1.6906829,-2.0337057,on bike mount,cyclo cross,False,asphalt,excellent
7c5c7670-85f0-4c34-9240-f6932a28d788,2c9b3e1e-6465-41e0-be92-4b9104d68e8c,951d20e8-229e-4c06-9f55-594129934eb0,1633165880766,14.1516922,52.3512209,5.77681,-0.6034622,-0.5091152,-0.36403847,on bike mount,cyclo cross,False,asphalt,excellent
7c5c7670-85f0-4c34-9240-f6932a28d788,2c9b3e1e-6465-41e0-be92-4b9104d68e8c,ecd090ae-75dd-4ccb-afcf-992eb1e4a19c,1633165880817,14.1516922,52.3512209,5.77681,0.028053045,-0.0793314,0.89673805,on bike mount,cyclo cross,False,asphalt,excellent
7c5c7670-85f0-4c34-9240-f6932a28d788,2c9b3e1e-6465-41e0-be92-4b9104d68e8c,98f6b5cb-380d-4a46-9d19-244446d29321,1633165880867,14.1516922,52.3512209,5.77681,-0.41585588,-0.34394073,-0.0346241,on bike mount,cyclo cross,False,asphalt,excellent
7c5c7670-85f0-4c34-9240-f6932a28d788,2c9b3e1e-6465-41e0-be92-4b9104d68e8c,6588f821-164d-48cf-8572-07b632a07fb8,1633165880934,14.1516922,52.3512209,5.77681,1.6477886,-0.54400945,-0.5843973,on bike mount,cyclo cross,False,asphalt,excellent
7c5c7670-85f0-4c34-9240-f6932a28d788,2c9b3e1e-6465-41e0-be92-4b9104d68e8c,a4258ce3-4a7f-464e-9f19-7cb36fc7c70b,1633165881000,14.1516922,52.3512209,5.77681,-1.354381,0.19341445,-0.49669647,on bike mount,cyclo cross,False,asphalt,excellent
7c5c7670-85f0-4c34-9240-f6932a28d788,2c9b3e1e-6465-41e0-be92-4b9104d68e8c,4a950976-8882-4087-aa1e-b5852fdf84aa,1633165881051,14.1516922,52.3512209,5.77681,0.43518078,1.6401968,0.07471943,on bike mount,cyclo cross,False,asphalt,excellent
7c5c7670-85f0-4c34-9240-f6932a28d788,2c9b3e1e-6465-41e0-be92-4b9104d68e8c,01254e47-3739-473a-afc4-91cd305d2f86,1633165881117,14.1516922,52.3512209,5.77681,0.87091255,0.7048452,-0.5113745,on bike mount,cyclo cross,False,asphalt,excellent
7c5c7670-85f0-4c34-9240-f6932a28d788,2c9b3e1e-6465-41e0-be92-4b9104d68e8c,1128d5dc-5656-4b77-ac54-98b19520a2d8,1633165881168,14.1516922,52.3512209,5.77681,-0.8454521,-0.16231036,1.1252518,on bike mount,cyclo cross,False,asphalt,excellent
7c5c7670-85f0-4c34-9240-f6932a28d788,2c9b3e1e-6465-41e0-be92-4b9104d68e8c,8d38d136-0183-4c06-a22c-4b069f7179d6,1633165881218,14.1516922,52.3512209,5.77681,-0.10773456,-0.3447957,-1.909617,on bike mount,cyclo cross,False,asphalt,excellent
7c5c7670-85f0-4c34-9240-f6932a28d788,2c9b3e1e-6465-41e0-be92-4b9104d68e8c,8cc30125-3095-4c5b-8389-26f449e5e299,1633165881268,14.1516922,52.3512209,5.77681,0.62158346,-0.32190084,-0.19510746,on bike mount,cyclo cross,False,asphalt,excellent
7c5c7670-85f0-4c34-9240-f6932a28d788,2c9b3e1e-6465-41e0-be92-4b9104d68e8c,657177e9-9050-47f0-8d2e-cecc4c9da113,1633165881335,14.1516922,52.3512209,5.77681,-0.8594845,1.5602267,-2.7351532,on bike mount,cyclo cross,False,asphalt,excellent
7c5c7670-85f0-4c34-9240-f6932a28d788,2c9b3e1e-6465-41e0-be92-4b9104d68e8c,6f731c78-aa00-4fa1-8c38-12a705aee923,1633165881385,14.1516922,52.3512209,5.77681,-1.1753595,-2.7092204,0.35432816,on bike mount,cyclo cross,False,asphalt,excellent
7c5c7670-85f0-4c34-9240-f6932a28d788,2c9b3e1e-6465-41e0-be92-4b9104d68e8c,a9fc51bc-fc0a-4600-abd1-89a30080b3aa,1633165881452,14.1516922,52.3512209,5.77681,-0.4919567,1.684736,-1.7065182,on bike mount,cyclo cross,False,asphalt,excellent
7c5c7670-85f0-4c34-9240-f6932a28d788,2c9b3e1e-6465-41e0-be92-4b9104d68e8c,ac932497-d631-47c8-8568-7692042b7b7f,1633165881518,14.1516922,52.3512209,5.77681,-0.81458,-0.97303104,0.9260025,on bike mount,cyclo cross,False,asphalt,excellent
7c5c7670-85f0-4c34-9240-f6932a28d788,2c9b3e1e-6465-41e0-be92-4b9104d68e8c,1f19d7a8-6b27-4f6b-9d68-d65a850c04e1,1633165881569,14.1516922,52.3512209,5.77681,-0.68469393,-0.31161022,-2.07018,on bike mount,cyclo cross,False,asphalt,excellent
7c5c7670-85f0-4c34-9240-f6932a28d788,2c9b3e1e-6465-41e0-be92-4b9104d68e8c,f0ae014c-c772-436c-8807-aced57ffa1ca,1633165881636,14.1516922,52.3512209,5.77681,-0.6051626,-0.09885049,-1.4840288,on bike mount,cyclo cross,False,asphalt,excellent
7c5c7670-85f0-4c34-9240-f6932a28d788,2c9b3e1e-6465-41e0-be92-4b9104d68e8c,3447c97b-bd27-4e01-b28a-e5ecf3ff9816,1633165881702,14.1517701,52.3511997,5.8545794,0.5725742,-0.6240592,1.4629116,on bike mount,cyclo cross,False,asphalt,excellent
7c5c7670-85f0-4c34-9240-f6932a28d788,2c9b3e1e-6465-41e0-be92-4b9104d68e8c,983a471c-7bed-42e8-a6f1-8b0d9727bb67,1633165881769,14.1517701,52.3511997,5.8545794,0.41172823,1.9405756,-0.27780056,on bike mount,cyclo cross,False,asphalt,excellent
7c5c7670-85f0-4c34-9240-f6932a28d788,2c9b3e1e-6465-41e0-be92-4b9104d68e8c,d66176bd-cb7b-4a09-b005-fe7b5fac7628,1633165881836,14.1517701,52.3511997,5.8545794,-2.6707814,0.8101983,-2.567268,on bike mount,cyclo cross,False,asphalt,excellent
7c5c7670-85f0-4c34-9240-f6932a28d788,2c9b3e1e-6465-41e0-be92-4b9104d68e8c,68407c71-e34d-49a4-a09b-4703408274d0,1633165881903,14.1517701,52.3511997,5.8545794,0.9986277,-0.9401438,-0.25166607,on bike mount,cyclo cross,False,asphalt,excellent
7c5c7670-85f0-4c34-9240-f6932a28d788,2c9b3e1e-6465-41e0-be92-4b9104d68e8c,899509bc-60b9-44ab-a78c-c43d22da635b,1633165881969,14.1517701,52.3511997,5.8545794,-0.09440081,2.0273738,-0.33308887,on bike mount,cyclo cross,False,asphalt,excellent
7c5c7670-85f0-4c34-9240-f6932a28d788,2c9b3e1e-6465-41e0-be92-4b9104d68e8c,72f57d4f-ef77-49e9-924a-9f2383a297a5,1633165882020,14.1517701,52.3511997,5.8545794,1.1564914,-3.5698543,2.3199291,on bike mount,cyclo cross,False,asphalt,excellent
7c5c7670-85f0-4c34-9240-f6932a28d788,2c9b3e1e-6465-41e0-be92-4b9104d68e8c,1062097d-025a-4764-9483-84a18872fd88,1633165882070,14.1517701,52.3511997,5.8545794,0.66781354,-0.7554542,-0.44356918,on bike mount,cyclo cross,False,asphalt,excellent
7c5c7670-85f0-4c34-9240-f6932a28d788,2c9b3e1e-6465-41e0-be92-4b9104d68e8c,6e6c99c6-7966-4936-bca1-843714154136,1633165882137,14.1517701,52.3511997,5.8545794,-0.8415924,-1.5474006,0.5310688,on bike mount,cyclo cross,False,asphalt,excellent
7c5c7670-85f0-4c34-9240-f6932a28d788,2c9b3e1e-6465-41e0-be92-4b9104d68e8c,1c5c7621-4f99-442a-87ee-3d5b44fcf5ba,1633165882203,14.1517701,52.3511997,5.8545794,-0.5215477,0.95358324,0.1836052,on bike mount,cyclo cross,False,asphalt,excellent
7c5c7670-85f0-4c34-9240-f6932a28d788,2c9b3e1e-6465-41e0-be92-4b9104d68e8c,04bff7ec-2255-4beb-85b9-925352660721,1633165882254,14.1517701,52.3511997,5.8545794,-0.084949404,-0.13150597,-1.5298419,on bike mount,cyclo cross,False,asphalt,excellent
7c5c7670-85f0-4c34-9240-f6932a28d788,2c9b3e1e-6465-41e0-be92-4b9104d68e8c,692d7e25-324e-4946-8348-3add3f7539c6,1633165882320,14.1517701,52.3511997,5.8545794,-1.2262377,1.2264776,-0.93032837,on bike mount,cyclo cross,False,asphalt,excellent
7c5c7670-85f0-4c34-9240-f6932a28d788,2c9b3e1e-6465-41e0-be92-4b9104d68e8c,bc57d373-f294-408f-94bf-73b2153def3b,1633165882371,14.1517701,52.3511997,5.8545794,-0.14856479,0.7873659,2.2003584,on bike mount,cyclo cross,False,asphalt,excellent
7c5c7670-85f0-4c34-9240-f6932a28d788,2c9b3e1e-6465-41e0-be92-4b9104d68e8c,dec43145-f2a4-487f-a873-8ddee2abc8a4,1633165882421,14.1517701,52.3511997,5.8545794,-0.87559074,-0.37897205,0.98772717,on bike mount,cyclo cross,False,asphalt,excellent
7c5c7670-85f0-4c34-9240-f6932a28d788,2c9b3e1e-6465-41e0-be92-4b9104d68e8c,fcbb080d-ae94-4c86-b6b0-7f2c87a74373,1633165882471,14.1517701,52.3511997,5.8545794,-0.6379719,-1.0330398,1.5435686,on bike mount,cyclo cross,False,asphalt,excellent
7c5c7670-85f0-4c34-9240-f6932a28d788,2c9b3e1e-6465-41e0-be92-4b9104d68e8c,c0cc6615-36e7-4025-9086-a4d0502e756c,1633165882538,14.1517701,52.3511997,5.8545794,1.545382,-1.6506653,1.7722788,on bike mount,cyclo cross,False,asphalt,excellent
7c5c7670-85f0-4c34-9240-f6932a28d788,2c9b3e1e-6465-41e0-be92-4b9104d68e8c,82424fbb-4d03-424d-9773-b96bd70f892b,1633165882588,14.1517701,52.3511997,5.8545794,0.73427004,-1.1126145,-0.985157,on bike mount,cyclo cross,False,asphalt,excellent
7c5c7670-85f0-4c34-9240-f6932a28d788,2c9b3e1e-6465-41e0-be92-4b9104d68e8c,c58fd457-10b0-4138-8f2f-d97c7c656126,1633165882655,14.1517701,52.3511997,5.8545794,-0.36678106,1.3188133,0.8577585,on bike mount,cyclo cross,False,asphalt,excellent
7c5c7670-85f0-4c34-9240-f6932a28d788,2c9b3e1e-6465-41e0-be92-4b9104d68e8c,155b951b-15c7-4677-83b9-09891f581124,1633165882722,14.1518507,52.3511732,6.0023937,2.4959536,3.0612636,-2.0871806,on bike mount,cyclo cross,False,asphalt,excellent
7c5c7670-85f0-4c34-9240-f6932a28d788,2c9b3e1e-6465-41e0-be92-4b9104d68e8c,a11cca15-ece8-43e2-9cd4-315c70817474,1633165882771,14.1518507,52.3511732,6.0023937,1.1350415,-0.34681487,0.01442337,on bike mount,cyclo cross,False,asphalt,excellent
7c5c7670-85f0-4c34-9240-f6932a28d788,2c9b3e1e-6465-41e0-be92-4b9104d68e8c,ab3d8f11-5785-4aa7-938d-22b1b5f916bb,1633165882821,14.1518507,52.3511732,6.0023937,-0.29122624,1.4350939,2.8412104,on bike mount,cyclo cross,False,asphalt,excellent
7c5c7670-85f0-4c34-9240-f6932a28d788,2c9b3e1e-6465-41e0-be92-4b9104d68e8c,265afcee-129d-4261-a161-76e67dd645b4,1633165882872,14.1518507,52.3511732,6.0023937,-1.6878593,0.8007002,-0.14921665,on bike mount,cyclo cross,False,asphalt,excellent
7c5c7670-85f0-4c34-9240-f6932a28d788,2c9b3e1e-6465-41e0-be92-4b9104d68e8c,558b80c7-a97b-49ad-970f-cde8f7d82e38,1633165882922,14.1518507,52.3511732,6.0023937,0.24598232,-0.22599053,0.29477787,on bike mount,cyclo cross,False,asphalt,excellent
7c5c7670-85f0-4c34-9240-f6932a28d788,2c9b3e1e-6465-41e0-be92-4b9104d68e8c,96c0e4fa-6a44-4bc1-ade3-c6fac4a1932e,1633165882989,14.1518507,52.3511732,6.0023937,-1.0715194,-0.5860696,0.61359406,on bike mount,cyclo cross,False,asphalt,excellent
7c5c7670-85f0-4c34-9240-f6932a28d788,2c9b3e1e-6465-41e0-be92-4b9104d68e8c,f57ccbbf-d572-46d4-be07-03982da8da92,1633165883039,14.1518507,52.3511732,6.0023937,-1.4018515,0.86065793,-1.9111571,on bike mount,cyclo cross,False,asphalt,excellent
7c5c7670-85f0-4c34-9240-f6932a28d788,2c9b3e1e-6465-41e0-be92-4b9104d68e8c,779ab9d1-1e7b-4299-b13d-cd30d9eff649,1633165883106,14.1518507,52.3511732,6.0023937,-0.8214766,-1.5840342,0.7944555,on bike mount,cyclo cross,False,asphalt,excellent
7c5c7670-85f0-4c34-9240-f6932a28d788,2c9b3e1e-6465-41e0-be92-4b9104d68e8c,e335cdc8-8753-41ce-bff8-84d3213b0f63,1633165883172,14.1518507,52.3511732,6.0023937,-0.48451692,1.867188,-0.2900486,on bike mount,cyclo cross,False,asphalt,excellent
7c5c7670-85f0-4c34-9240-f6932a28d788,2c9b3e1e-6465-41e0-be92-4b9104d68e8c,b46ce466-219f-4bb9-ae09-56f071f8e6d7,1633165883223,14.1518507,52.3511732,6.0023937,-0.33460253,-0.79296803,1.721282,on bike mount,cyclo cross,False,asphalt,excellent
7c5c7670-85f0-4c34-9240-f6932a28d788,2c9b3e1e-6465-41e0-be92-4b9104d68e8c,cf25c6d2-7f3b-46c4-a483-4312a98394f2,1633165883273,14.1518507,52.3511732,6.0023937,-0.37179554,0.63075185,-3.004067,on bike mount,cyclo cross,False,asphalt,excellent
7c5c7670-85f0-4c34-9240-f6932a28d788,2c9b3e1e-6465-41e0-be92-4b9104d68e8c,dbadfd41-ebf2-4b27-9424-6dc45e3da838,1633165883339,14.1518507,52.3511732,6.0023937,-0.57707787,0.18460083,-0.76878357,on bike mount,cyclo cross,False,asphalt,excellent
7c5c7670-85f0-4c34-9240-f6932a28d788,2c9b3e1e-6465-41e0-be92-4b9104d68e8c,f0e6bbce-8dc3-411b-bc9a-fcd97edfb92f,1633165883390,14.1518507,52.3511732,6.0023937,0.89459,-1.2260139,-1.8396983,on bike mount,cyclo cross,False,asphalt,excellent
7c5c7670-85f0-4c34-9240-f6932a28d788,2c9b3e1e-6465-41e0-be92-4b9104d68e8c,a2f757db-2394-4b7f-b50a-78f9ce3d3d21,1633165883440,14.1518507,52.3511732,6.0023937,-1.8890643,-0.78766286,-2.8966703,on bike mount,cyclo cross,False,asphalt,excellent
7c5c7670-85f0-4c34-9240-f6932a28d788,2c9b3e1e-6465-41e0-be92-4b9104d68e8c,4d610919-d3fc-4ad9-8ee0-bf1ac0c63fae,1633165883490,14.1518507,52.3511732,6.0023937,1.181641,3.879117,-0.057552338,on bike mount,cyclo cross,False,asphalt,excellent
7c5c7670-85f0-4c34-9240-f6932a28d788,2c9b3e1e-6465-41e0-be92-4b9104d68e8c,f11c30d8-fb6f-45f9-a7b2-a17459ce06f9,1633165883557,14.1518507,52.3511732,6.0023937,-0.8963476,0.40538692,-0.54307747,on bike mount,cyclo cross,False,asphalt,excellent
7c5c7670-85f0-4c34-9240-f6932a28d788,2c9b3e1e-6465-41e0-be92-4b9104d68e8c,f8711d23-1303-4f52-a016-fc674fa78290,1633165883624,14.1518507,52.3511732,6.0023937,-0.3398537,-0.2478621,0.5051069,on bike mount,cyclo cross,False,asphalt,excellent
7c5c7670-85f0-4c34-9240-f6932a28d788,2c9b3e1e-6465-41e0-be92-4b9104d68e8c,6698a736-8f11-4dd1-83a7-cb9839a6bfc9,1633165883674,14.1519326,52.3511451,5.9273977,1.0450648,-2.8476388,-1.2846036,on bike mount,cyclo cross,False,asphalt,excellent
7c5c7670-85f0-4c34-9240-f6932a28d788,2c9b3e1e-6465-41e0-be92-4b9104d68e8c,03f401ec-c41e-482d-91e9-11dc3499ae42,1633165883740,14.1519326,52.3511451,5.9273977,0.33709744,-1.0367807,-1.546637,on bike mount,cyclo cross,False,asphalt,excellent
7c5c7670-85f0-4c34-9240-f6932a28d788,2c9b3e1e-6465-41e0-be92-4b9104d68e8c,498722b7-5826-4438-9bb9-b99fcd77afd7,1633165883791,14.1519326,52.3511451,5.9273977,0.34378064,-1.5188961,1.058733,on bike mount,cyclo cross,False,asphalt,excellent
7c5c7670-85f0-4c34-9240-f6932a28d788,2c9b3e1e-6465-41e0-be92-4b9104d68e8c,0f1d43f9-9d2f-4784-80e6-263e8d2f32d5,1633165883857,14.1519326,52.3511451,5.9273977,-0.29477626,0.04493141,1.420289,on bike mount,cyclo cross,False,asphalt,excellent
7c5c7670-85f0-4c34-9240-f6932a28d788,2c9b3e1e-6465-41e0-be92-4b9104d68e8c,15ae7901-fcd6-47c4-b40c-2fd2b4bb0dfa,1633165883907,14.1519326,52.3511451,5.9273977,-1.2976657,-0.008297443,1.2231874,on bike mount,cyclo cross,False,asphalt,excellent
7c5c7670-85f0-4c34-9240-f6932a28d788,2c9b3e1e-6465-41e0-be92-4b9104d68e8c,6162441c-9f42-49e0-a288-292fc0184d3e,1633165883957,14.1519326,52.3511451,5.9273977,-0.022629226,-1.5795174,-0.19988728,on bike mount,cyclo cross,False,asphalt,excellent
7c5c7670-85f0-4c34-9240-f6932a28d788,2c9b3e1e-6465-41e0-be92-4b9104d68e8c,aacf2c0e-3861-4ef0-b07c-7f96b5299354,1633165884008,14.1519326,52.3511451,5.9273977,-0.8519579,0.17664957,-0.18790722,on bike mount,cyclo cross,False,asphalt,excellent
7c5c7670-85f0-4c34-9240-f6932a28d788,2c9b3e1e-6465-41e0-be92-4b9104d68e8c,28c6a65b-f155-47c7-b920-4df89363de13,1633165884075,14.1519326,52.3511451,5.9273977,-0.7992122,0.76587677,2.175476,on bike mount,cyclo cross,False,asphalt,excellent
7c5c7670-85f0-4c34-9240-f6932a28d788,2c9b3e1e-6465-41e0-be92-4b9104d68e8c,c5d31eab-739f-4615-9730-63d7a7c0cd2f,1633165884142,14.1519326,52.3511451,5.9273977,0.14980155,0.4283352,1.7780733,on bike mount,cyclo cross,False,asphalt,excellent
7c5c7670-85f0-4c34-9240-f6932a28d788,2c9b3e1e-6465-41e0-be92-4b9104d68e8c,b646540d-75ea-4af5-9331-a8207cea9f22,1633165884192,14.1519326,52.3511451,5.9273977,-1.6660495,-0.74332285,1.7807798,on bike mount,cyclo cross,False,asphalt,excellent
7c5c7670-85f0-4c34-9240-f6932a28d788,2c9b3e1e-6465-41e0-be92-4b9104d68e8c,2f1e8705-a9c5-48e0-abb9-789e3d51eb1a,1633165884242,14.1519326,52.3511451,5.9273977,0.17423472,-1.0374117,1.5493288,on bike mount,cyclo cross,False,asphalt,excellent
7c5c7670-85f0-4c34-9240-f6932a28d788,2c9b3e1e-6465-41e0-be92-4b9104d68e8c,7203e63b-de38-44a1-bcd1-0b24629bb187,1633165884292,14.1519326,52.3511451,5.9273977,0.64711493,0.6540046,-1.2006454,on bike mount,cyclo cross,False,asphalt,excellent
7c5c7670-85f0-4c34-9240-f6932a28d788,2c9b3e1e-6465-41e0-be92-4b9104d68e8c,f5fbd13f-41dc-4ae3-a5bd-d8cf53ba90dd,1633165884359,14.1519326,52.3511451,5.9273977,-0.29031354,-1.2813787,-2.4560103,on bike mount,cyclo cross,False,asphalt,excellent
7c5c7670-85f0-4c34-9240-f6932a28d788,2c9b3e1e-6465-41e0-be92-4b9104d68e8c,2f4afcfe-81df-4a86-998d-180a0b79abe5,1633165884409,14.1519326,52.3511451,5.9273977,0.041633353,0.7561486,-0.035492897,on bike mount,cyclo cross,False,asphalt,excellent
7c5c7670-85f0-4c34-9240-f6932a28d788,2c9b3e1e-6465-41e0-be92-4b9104d68e8c,3d0bbc3e-e814-4eff-87c2-1e6b67a7cea8,1633165884476,14.1519326,52.3511451,5.9273977,-0.40741703,3.187599,-3.0488186,on bike mount,cyclo cross,False,asphalt,excellent
7c5c7670-85f0-4c34-9240-f6932a28d788,2c9b3e1e-6465-41e0-be92-4b9104d68e8c,da86ea68-542b-4411-b37c-705e48a99334,1633165884526,14.1519326,52.3511451,5.9273977,-1.6467942,-1.4898704,3.8907976,on bike mount,cyclo cross,False,asphalt,excellent
7c5c7670-85f0-4c34-9240-f6932a28d788,2c9b3e1e-6465-41e0-be92-4b9104d68e8c,13528ca8-c387-4752-b645-0baf0c95ba78,1633165884576,14.1519326,52.3511451,5.9273977,-0.6878651,0.7337265,-1.327518,on bike mount,cyclo cross,False,asphalt,excellent
7c5c7670-85f0-4c34-9240-f6932a28d788,2c9b3e1e-6465-41e0-be92-4b9104d68e8c,22b8845b-83dd-45d6-956f-1bad1ecb80e8,1633165884643,14.1519326,52.3511451,5.9273977,0.49449205,-1.8963497,-1.4103842,on bike mount,cyclo cross,False,asphalt,excellent
7c5c7670-85f0-4c34-9240-f6932a28d788,2c9b3e1e-6465-41e0-be92-4b9104d68e8c,f3b76b36-ced5-4cad-b537-6adec912dd53,1633165884709,14.1520155,52.3511178,6.142613,-0.6105635,0.620415,1.3514347,on bike mount,cyclo cross,False,asphalt,excellent
7c5c7670-85f0-4c34-9240-f6932a28d788,2c9b3e1e-6465-41e0-be92-4b9104d68e8c,2ce2f201-65bd-49b7-9207-01d223a079a6,1633165884760,14.1520155,52.3511178,6.142613,0.47422355,-0.71789193,1.348733,on bike mount,cyclo cross,False,asphalt,excellent
7c5c7670-85f0-4c34-9240-f6932a28d788,2c9b3e1e-6465-41e0-be92-4b9104d68e8c,914bda5f-7672-4c2e-bcb0-1ae492fcbf44,1633165884810,14.1520155,52.3511178,6.142613,1.5801258,-0.66197705,2.2124834,on bike mount,cyclo cross,False,asphalt,excellent
7c5c7670-85f0-4c34-9240-f6932a28d788,2c9b3e1e-6465-41e0-be92-4b9104d68e8c,bc3b6dd9-992c-4e3c-8a6d-f0a06b3b719f,1633165884877,14.1520155,52.3511178,6.142613,-0.00197272,0.75080776,0.29122925,on bike mount,cyclo cross,False,asphalt,excellent
7c5c7670-85f0-4c34-9240-f6932a28d788,2c9b3e1e-6465-41e0-be92-4b9104d68e8c,f53da5a3-3639-4263-9cd9-62c4c43261d5,1633165884927,14.1520155,52.3511178,6.142613,-1.4639299,-0.22633266,0.693614,on bike mount,cyclo cross,False,asphalt,excellent
7c5c7670-85f0-4c34-9240-f6932a28d788,2c9b3e1e-6465-41e0-be92-4b9104d68e8c,fd440dbe-d39f-4763-9ca9-2520da607f08,1633165884993,14.1520155,52.3511178,6.142613,-0.22268656,-0.37145114,-0.57805157,on bike mount,cyclo cross,False,asphalt,excellent
7c5c7670-85f0-4c34-9240-f6932a28d788,2c9b3e1e-6465-41e0-be92-4b9104d68e8c,d52f24f3-3bcb-4d70-b9ba-077aaa9363f3,1633165885043,14.1520155,52.3511178,6.142613,-0.23469347,0.47376084,1.3127604,on bike mount,cyclo cross,False,asphalt,excellent
7c5c7670-85f0-4c34-9240-f6932a28d788,2c9b3e1e-6465-41e0-be92-4b9104d68e8c,f4919655-285a-4533-94b7-16440578a862,1633165885094,14.1520155,52.3511178,6.142613,1.4907055,1.3622043,-0.50479126,on bike mount,cyclo cross,False,asphalt,excellent
7c5c7670-85f0-4c34-9240-f6932a28d788,2c9b3e1e-6465-41e0-be92-4b9104d68e8c,bfc64b7b-4151-4077-b88a-00ed880da372,1633165885144,14.1520155,52.3511178,6.142613,0.5180451,0.037629604,0.6597414,on bike mount,cyclo cross,False,asphalt,excellent
7c5c7670-85f0-4c34-9240-f6932a28d788,2c9b3e1e-6465-41e0-be92-4b9104d68e8c,15a2de5e-a9aa-407d-b07d-b75269cacd97,1633165885211,14.1520155,52.3511178,6.142613,0.9917417,-0.72310805,0.07280064,on bike mount,cyclo cross,False,asphalt,excellent
7c5c7670-85f0-4c34-9240-f6932a28d788,2c9b3e1e-6465-41e0-be92-4b9104d68e8c,6fbf2fec-8c8f-4508-bcae-962824c57b10,1633165885277,14.1520155,52.3511178,6.142613,0.58964026,0.8973553,-0.69806194,on bike mount,cyclo cross,False,asphalt,excellent
7c5c7670-85f0-4c34-9240-f6932a28d788,2c9b3e1e-6465-41e0-be92-4b9104d68e8c,a3017189-d679-4bbe-94fd-f89fa568dd2f,1633165885328,14.1520155,52.3511178,6.142613,-2.5382905,-2.570944,-2.5253606,on bike mount,cyclo cross,False,asphalt,excellent
7c5c7670-85f0-4c34-9240-f6932a28d788,2c9b3e1e-6465-41e0-be92-4b9104d68e8c,b34975e3-bef9-4f13-9369-ecb3a03dd26b,1633165885395,14.1520155,52.3511178,6.142613,-1.7369647,-1.1762801,-1.7339196,on bike mount,cyclo cross,False,asphalt,excellent
7c5c7670-85f0-4c34-9240-f6932a28d788,2c9b3e1e-6465-41e0-be92-4b9104d68e8c,509ebe0a-b2c7-41f3-802f-25066ad05faa,1633165885445,14.1520155,52.3511178,6.142613,-0.16968036,0.59766793,1.1537962,on bike mount,cyclo cross,False,asphalt,excellent
7c5c7670-85f0-4c34-9240-f6932a28d788,2c9b3e1e-6465-41e0-be92-4b9104d68e8c,5e7f88e3-ae21-467b-958c-f2683d92578f,1633165885512,14.1520155,52.3511178,6.142613,-0.023202676,-0.85072875,-1.004487,on bike mount,cyclo cross,False,asphalt,excellent
7c5c7670-85f0-4c34-9240-f6932a28d788,2c9b3e1e-6465-41e0-be92-4b9104d68e8c,ca751ec8-6c5a-43e2-a0b2-d2ee89536418,1633165885562,14.1520155,52.3511178,6.142613,-0.6403413,0.40243983,0.76191425,on bike mount,cyclo cross,False,asphalt,excellent
7c5c7670-85f0-4c34-9240-f6932a28d788,2c9b3e1e-6465-41e0-be92-4b9104d68e8c,fba3479c-19b3-4a5f-9c4c-c57ba9acb323,1633165885612,14.1520155,52.3511178,6.142613,-0.5347461,-0.12804484,1.4449654,on bike mount,cyclo cross,False,asphalt,excellent
7c5c7670-85f0-4c34-9240-f6932a28d788,2c9b3e1e-6465-41e0-be92-4b9104d68e8c,a4ad28b7-cc27-4cd4-8eb0-e20bb00ee2bf,1633165885679,14.152101,52.3510926,5.9752083,-0.54395676,-0.36136627,2.4692497,on bike mount,cyclo cross,False,asphalt,excellent
7c5c7670-85f0-4c34-9240-f6932a28d788,2c9b3e1e-6465-41e0-be92-4b9104d68e8c,2ddf1a59-b1ac-465e-a53c-868d693b2416,1633165885745,14.152101,52.3510926,5.9752083,0.72800565,-2.7814994,0.7776537,on bike mount,cyclo cross,False,asphalt,excellent
7c5c7670-85f0-4c34-9240-f6932a28d788,2c9b3e1e-6465-41e0-be92-4b9104d68e8c,79a89f79-c975-42c2-bb9f-fc4ea633b9c9,1633165885795,14.152101,52.3510926,5.9752083,-1.0139616,1.8784237,-2.5794592,on bike mount,cyclo cross,False,asphalt,excellent
7c5c7670-85f0-4c34-9240-f6932a28d788,2c9b3e1e-6465-41e0-be92-4b9104d68e8c,2006a208-8966-4189-8eed-7a80bc4e0a55,1633165885846,14.152101,52.3510926,5.9752083,0.09171377,0.05907345,-0.010736465,on bike mount,cyclo cross,False,asphalt,excellent
7c5c7670-85f0-4c34-9240-f6932a28d788,2c9b3e1e-6465-41e0-be92-4b9104d68e8c,b6fd0afb-1c0b-4031-a467-a6d2cc67586e,1633165885912,14.152101,52.3510926,5.9752083,-0.7408409,-3.317369,0.27472878,on bike mount,cyclo cross,False,asphalt,excellent
7c5c7670-85f0-4c34-9240-f6932a28d788,2c9b3e1e-6465-41e0-be92-4b9104d68e8c,23bd001d-5b0f-4b6a-93d9-3893e4063f4b,1633165885963,14.152101,52.3510926,5.9752083,-0.9806242,1.0889502,0.2635584,on bike mount,cyclo cross,False,asphalt,excellent
7c5c7670-85f0-4c34-9240-f6932a28d788,2c9b3e1e-6465-41e0-be92-4b9104d68e8c,e0ff4c70-9c96-4d1f-bedd-9402cd00cf91,1633165886013,14.152101,52.3510926,5.9752083,-0.3076837,-0.38886857,-0.119202614,on bike mount,cyclo cross,False,asphalt,excellent
7c5c7670-85f0-4c34-9240-f6932a28d788,2c9b3e1e-6465-41e0-be92-4b9104d68e8c,eef05dc7-e539-4cf5-8a94-21246498aad9,1633165886063,14.152101,52.3510926,5.9752083,-1.9194051,-0.47732997,-1.1264157,on bike mount,cyclo cross,False,asphalt,excellent
7c5c7670-85f0-4c34-9240-f6932a28d788,2c9b3e1e-6465-41e0-be92-4b9104d68e8c,85e2aea5-5105-47b5-90c9-ed2cf8dc802e,1633165886129,14.152101,52.3510926,5.9752083,0.0116609335,0.47658944,0.73635197,on bike mount,cyclo cross,False,asphalt,excellent
7c5c7670-85f0-4c34-9240-f6932a28d788,2c9b3e1e-6465-41e0-be92-4b9104d68e8c,f4a9531f-c0e5-49a8-8211-650884df0e1b,1633165886180,14.152101,52.3510926,5.9752083,0.51239693,-0.029217958,1.1897326,on bike mount,cyclo cross,False,asphalt,excellent
7c5c7670-85f0-4c34-9240-f6932a28d788,2c9b3e1e-6465-41e0-be92-4b9104d68e8c,7a2d019b-012e-4911-a1f2-191762071313,1633165886247,14.152101,52.3510926,5.9752083,-0.5925077,1.0666673,-0.062582016,on bike mount,cyclo cross,False,asphalt,excellent
7c5c7670-85f0-4c34-9240-f6932a28d788,2c9b3e1e-6465-41e0-be92-4b9104d68e8c,67b9c1ca-effe-414a-b76d-1e50b528b2f9,1633165886313,14.152101,52.3510926,5.9752083,0.36849883,-0.36786437,2.0432396,on bike mount,cyclo cross,False,asphalt,excellent
7c5c7670-85f0-4c34-9240-f6932a28d788,2c9b3e1e-6465-41e0-be92-4b9104d68e8c,08cce265-7f4c-4f76-a011-9f300dda8f27,1633165886363,14.152101,52.3510926,5.9752083,-0.5757481,-0.8500061,-0.25735378,on bike mount,cyclo cross,False,asphalt,excellent
7c5c7670-85f0-4c34-9240-f6932a28d788,2c9b3e1e-6465-41e0-be92-4b9104d68e8c,26cf0f48-7d45-430b-b194-8c29af9f1a23,1633165886414,14.152101,52.3510926,5.9752083,0.27351338,-1.190122,-0.45585823,on bike mount,cyclo cross,False,asphalt,excellent
7c5c7670-85f0-4c34-9240-f6932a28d788,2c9b3e1e-6465-41e0-be92-4b9104d68e8c,a74a6fe9-9b3c-4731-a420-0d0f48d81ddf,1633165886480,14.152101,52.3510926,5.9752083,-0.38188082,0.1492753,-4.0977416,on bike mount,cyclo cross,False,asphalt,excellent
7c5c7670-85f0-4c34-9240-f6932a28d788,2c9b3e1e-6465-41e0-be92-4b9104d68e8c,51455c6e-79e4-4763-ae7f-0c784d6a55d2,1633165886531,14.152101,52.3510926,5.9752083,0.9583926,0.22670794,-1.4781904,on bike mount,cyclo cross,False,asphalt,excellent
7c5c7670-85f0-4c34-9240-f6932a28d788,2c9b3e1e-6465-41e0-be92-4b9104d68e8c,c0f7e7a4-f318-45f3-a7c1-659105213a55,1633165886581,14.152101,52.3510926,5.9752083,0.41892156,-1.7322829,1.8454256,on bike mount,cyclo cross,False,asphalt,excellent
7c5c7670-85f0-4c34-9240-f6932a28d788,2c9b3e1e-6465-41e0-be92-4b9104d68e8c,4dd0700d-df2e-4706-a070-e22861023241,1633165886648,14.152101,52.3510926,5.9752083,-0.60533905,5.2489476,-1.4577866,on bike mount,cyclo cross,False,asphalt,excellent
7c5c7670-85f0-4c34-9240-f6932a28d788,2c9b3e1e-6465-41e0-be92-4b9104d68e8c,775d0f02-5bb9-4d7d-a00e-972c788042a1,1633165886714,14.1521821,52.3510729,5.8382645,5.1501417,0.2676723,-0.37870312,on bike mount,cyclo cross,False,asphalt,excellent
7c5c7670-85f0-4c34-9240-f6932a28d788,2c9b3e1e-6465-41e0-be92-4b9104d68e8c,9b8e6961-3488-49f6-9111-7298dfb56cec,1633165886764,14.1521821,52.3510729,5.8382645,-0.6669718,-3.5010705,-0.8251648,on bike mount,cyclo cross,False,asphalt,excellent
7c5c7670-85f0-4c34-9240-f6932a28d788,2c9b3e1e-6465-41e0-be92-4b9104d68e8c,e74e171f-1f8d-4d7f-8ecd-6590c416bc71,1633165886815,14.1521821,52.3510729,5.8382645,-0.55183107,-0.6522572,0.1747837,on bike mount,cyclo cross,False,asphalt,excellent
7c5c7670-85f0-4c34-9240-f6932a28d788,2c9b3e1e-6465-41e0-be92-4b9104d68e8c,5c9de266-73cd-4d0f-9b27-e65ca4cb451c,1633165886882,14.1521821,52.3510729,5.8382645,0.028625697,0.06730795,2.1888027,on bike mount,cyclo cross,False,asphalt,excellent
7c5c7670-85f0-4c34-9240-f6932a28d788,2c9b3e1e-6465-41e0-be92-4b9104d68e8c,8ba13d38-46ec-46ca-a128-341e9dff6ebd,1633165886932,14.1521821,52.3510729,5.8382645,0.2615726,-2.5312285,1.8959341,on bike mount,cyclo cross,False,asphalt,excellent
7c5c7670-85f0-4c34-9240-f6932a28d788,2c9b3e1e-6465-41e0-be92-4b9104d68e8c,ee7507e8-a52d-4e00-a0fb-3152e829b535,1633165886999,14.1521821,52.3510729,5.8382645,-0.5666739,1.9544044,0.011026382,on bike mount,cyclo cross,False,asphalt,excellent
7c5c7670-85f0-4c34-9240-f6932a28d788,2c9b3e1e-6465-41e0-be92-4b9104d68e8c,518050a4-6edb-4cbf-97a4-1917060e48d5,1633165887049,14.1521821,52.3510729,5.8382645,-0.47556776,-1.5539893,-1.1082091,on bike mount,cyclo cross,False,asphalt,excellent
7c5c7670-85f0-4c34-9240-f6932a28d788,2c9b3e1e-6465-41e0-be92-4b9104d68e8c,e03fe352-accc-4b86-9249-ca6463ac0c7f,1633165887115,14.1521821,52.3510729,5.8382645,0.57441294,0.56912184,-1.1238561,on bike mount,cyclo cross,False,asphalt,excellent
7c5c7670-85f0-4c34-9240-f6932a28d788,2c9b3e1e-6465-41e0-be92-4b9104d68e8c,8cb8a194-b534-4d17-a4da-ff6afe79ba83,1633165887166,14.1521821,52.3510729,5.8382645,-0.34026736,-0.8699844,-0.29516125,on bike mount,cyclo cross,False,asphalt,excellent
7c5c7670-85f0-4c34-9240-f6932a28d788,2c9b3e1e-6465-41e0-be92-4b9104d68e8c,3de01e07-23de-4575-99f0-23418811371d,1633165887215,14.1521821,52.3510729,5.8382645,0.31755912,1.290268,-1.2232809,on bike mount,cyclo cross,False,asphalt,excellent
7c5c7670-85f0-4c34-9240-f6932a28d788,2c9b3e1e-6465-41e0-be92-4b9104d68e8c,3f01efc5-014b-418e-a14d-709657c26950,1633165887266,14.1521821,52.3510729,5.8382645,0.7938055,-0.9328675,-1.6457772,on bike mount,cyclo cross,False,asphalt,excellent
7c5c7670-85f0-4c34-9240-f6932a28d788,2c9b3e1e-6465-41e0-be92-4b9104d68e8c,5fac361d-8755-4cfc-9004-87947773da5a,1633165887333,14.1521821,52.3510729,5.8382645,0.10171254,-0.16286922,-1.2538972,on bike mount,cyclo cross,False,asphalt,excellent
7c5c7670-85f0-4c34-9240-f6932a28d788,2c9b3e1e-6465-41e0-be92-4b9104d68e8c,d4b7fef6-212e-48c5-8ade-fbc1509df6f9,1633165887383,14.1521821,52.3510729,5.8382645,0.13659897,-3.15888,-1.3710542,on bike mount,cyclo cross,False,asphalt,excellent
7c5c7670-85f0-4c34-9240-f6932a28d788,2c9b3e1e-6465-41e0-be92-4b9104d68e8c,957a7abd-c156-4ac3-ac7d-934bdc673a79,1633165887433,14.1521821,52.3510729,5.8382645,0.58601695,-0.09828591,0.4541607,on bike mount,cyclo cross,False,asphalt,excellent
7c5c7670-85f0-4c34-9240-f6932a28d788,2c9b3e1e-6465-41e0-be92-4b9104d68e8c,e6456586-7480-47af-a9b2-44367691c204,1633165887500,14.1521821,52.3510729,5.8382645,-0.939468,0.5329666,-2.1204205,on bike mount,cyclo cross,False,asphalt,excellent
7c5c7670-85f0-4c34-9240-f6932a28d788,2c9b3e1e-6465-41e0-be92-4b9104d68e8c,d04e6c35-53b3-4bba-8aa2-8b55710b54e6,1633165887550,14.1521821,52.3510729,5.8382645,1.355195,1.0028152,-0.12312889,on bike mount,cyclo cross,False,asphalt,excellent
7c5c7670-85f0-4c34-9240-f6932a28d788,2c9b3e1e-6465-41e0-be92-4b9104d68e8c,5a6b455b-d0a2-4bfa-8253-ffb86a9a83d3,1633165887616,14.1521821,52.3510729,5.8382645,0.8098349,1.2154975,-0.54243183,on bike mount,cyclo cross,False,asphalt,excellent
7c5c7670-85f0-4c34-9240-f6932a28d788,2c9b3e1e-6465-41e0-be92-4b9104d68e8c,e5a8c144-bede-45e5-ace6-818fbb709c71,1633165887667,14.1521821,52.3510729,5.8382645,-0.474298,1.0811965,-1.4907479,on bike mount,cyclo cross,False,asphalt,excellent
7c5c7670-85f0-4c34-9240-f6932a28d788,2c9b3e1e-6465-41e0-be92-4b9104d68e8c,2048fd25-5123-4bc2-a269-d78e1b06360f,1633165887734,14.1522621,52.3510544,5.9337387,-0.23828246,1.0763364,-0.9551573,on bike mount,cyclo cross,False,asphalt,excellent
7c5c7670-85f0-4c34-9240-f6932a28d788,2c9b3e1e-6465-41e0-be92-4b9104d68e8c,ec56f673-b493-4508-9e0b-6dfd45ffa6cc,1633165887783,14.1522621,52.3510544,5.9337387,-0.5099166,0.97958136,0.15202427,on bike mount,cyclo cross,False,asphalt,excellent
7c5c7670-85f0-4c34-9240-f6932a28d788,2c9b3e1e-6465-41e0-be92-4b9104d68e8c,446b633a-fe88-4db0-83eb-2202d3318bf7,1633165887834,14.1522621,52.3510544,5.9337387,0.73467517,-0.061849117,1.1894512,on bike mount,cyclo cross,False,asphalt,excellent
7c5c7670-85f0-4c34-9240-f6932a28d788,2c9b3e1e-6465-41e0-be92-4b9104d68e8c,5f89ad04-a18c-46a1-a16a-2a6e39621937,1633165887901,14.1522621,52.3510544,5.9337387,-0.40096807,-0.3136282,-0.15457726,on bike mount,cyclo cross,False,asphalt,excellent
7c5c7670-85f0-4c34-9240-f6932a28d788,2c9b3e1e-6465-41e0-be92-4b9104d68e8c,193bd80b-5054-4c1c-b1db-4f9c200fad1d,1633165887951,14.1522621,52.3510544,5.9337387,0.010223359,1.3163891,-0.32288742,on bike mount,cyclo cross,False,asphalt,excellent
7c5c7670-85f0-4c34-9240-f6932a28d788,2c9b3e1e-6465-41e0-be92-4b9104d68e8c,85cd7cf5-9e47-4729-87ed-9c6f8d59cc4a,1633165888018,14.1522621,52.3510544,5.9337387,-0.7611084,0.4792905,-0.5831671,on bike mount,cyclo cross,False,asphalt,excellent
7c5c7670-85f0-4c34-9240-f6932a28d788,2c9b3e1e-6465-41e0-be92-4b9104d68e8c,1dd97dfb-9454-44a3-8678-1b3f9979083b,1633165888068,14.1522621,52.3510544,5.9337387,0.07497148,-2.7177398,1.6331139,on bike mount,cyclo cross,False,asphalt,excellent
7c5c7670-85f0-4c34-9240-f6932a28d788,2c9b3e1e-6465-41e0-be92-4b9104d68e8c,4376d344-ee90-431b-adaa-824c4682fb80,1633165888134,14.1522621,52.3510544,5.9337387,0.3346247,0.6801243,1.7429409,on bike mount,cyclo cross,False,asphalt,excellent
7c5c7670-85f0-4c34-9240-f6932a28d788,2c9b3e1e-6465-41e0-be92-4b9104d68e8c,b6ff6fc0-c130-43e6-bf11-e3f4b5aab03c,1633165888185,14.1522621,52.3510544,5.9337387,-0.32669842,-0.98536146,-1.5321879,on bike mount,cyclo cross,False,asphalt,excellent
7c5c7670-85f0-4c34-9240-f6932a28d788,2c9b3e1e-6465-41e0-be92-4b9104d68e8c,fbc3bdaf-73ec-437c-8b45-0a96bd02283f,1633165888235,14.1522621,52.3510544,5.9337387,-0.38802433,-0.07572651,1.3201227,on bike mount,cyclo cross,False,asphalt,excellent
7c5c7670-85f0-4c34-9240-f6932a28d788,2c9b3e1e-6465-41e0-be92-4b9104d68e8c,f76ef451-d9f9-4cb0-a14f-7e425943fbe5,1633165888302,14.1522621,52.3510544,5.9337387,0.7376038,-0.054727316,2.8118744,on bike mount,cyclo cross,False,asphalt,excellent
7c5c7670-85f0-4c34-9240-f6932a28d788,2c9b3e1e-6465-41e0-be92-4b9104d68e8c,54f7929a-e043-4b66-8153-d7869b1ca4f2,1633165888368,14.1522621,52.3510544,5.9337387,0.33418196,-0.005063772,0.2034111,on bike mount,cyclo cross,False,asphalt,excellent
7c5c7670-85f0-4c34-9240-f6932a28d788,2c9b3e1e-6465-41e0-be92-4b9104d68e8c,671b5bd1-8ca4-4b87-915c-f9c0496b2914,1633165888419,14.1522621,52.3510544,5.9337387,2.1216624,-0.034466743,0.508749,on bike mount,cyclo cross,False,asphalt,excellent
7c5c7670-85f0-4c34-9240-f6932a28d788,2c9b3e1e-6465-41e0-be92-4b9104d68e8c,f7dd01d3-0744-4b78-9e9e-55efd223acbe,1633165888469,14.1522621,52.3510544,5.9337387,-1.2097063,-0.47048163,-0.47840405,on bike mount,cyclo cross,False,asphalt,excellent
7c5c7670-85f0-4c34-9240-f6932a28d788,2c9b3e1e-6465-41e0-be92-4b9104d68e8c,e5951aa6-1b5b-4916-b2da-ba457a77f5e1,1633165888519,14.1522621,52.3510544,5.9337387,1.8221457,-2.1410756,1.4068079,on bike mount,cyclo cross,False,asphalt,excellent
7c5c7670-85f0-4c34-9240-f6932a28d788,2c9b3e1e-6465-41e0-be92-4b9104d68e8c,11e1acdf-49d4-41aa-9837-723629027114,1633165888586,14.1522621,52.3510544,5.9337387,-2.3080692,-2.274591,1.4879417,on bike mount,cyclo cross,False,asphalt,excellent
7c5c7670-85f0-4c34-9240-f6932a28d788,2c9b3e1e-6465-41e0-be92-4b9104d68e8c,cde018b6-a219-48ab-9c45-7c3aa112126c,1633165888653,14.1522621,52.3510544,5.9337387,2.043591,0.69953275,0.79037666,on bike mount,cyclo cross,False,asphalt,excellent
7c5c7670-85f0-4c34-9240-f6932a28d788,2c9b3e1e-6465-41e0-be92-4b9104d68e8c,b5ffa446-2d4d-4fcf-b246-def68bc75cfe,1633165888719,14.1523379,52.351033,5.8673563,-0.021999866,1.3988323,-1.4034872,on bike mount,cyclo cross,False,asphalt,excellent
7c5c7670-85f0-4c34-9240-f6932a28d788,2c9b3e1e-6465-41e0-be92-4b9104d68e8c,4a4dcb7c-bc43-4c70-b5bf-c97c23b65116,1633165888769,14.1523379,52.351033,5.8673563,0.46502772,2.6498885,-3.8030763,on bike mount,cyclo cross,False,asphalt,excellent
7c5c7670-85f0-4c34-9240-f6932a28d788,2c9b3e1e-6465-41e0-be92-4b9104d68e8c,5d455820-9376-4d1b-852d-8f9bd79f41d9,1633165888819,14.1523379,52.351033,5.8673563,-2.4185877,-2.6938615,1.3575668,on bike mount,cyclo cross,False,asphalt,excellent
7c5c7670-85f0-4c34-9240-f6932a28d788,2c9b3e1e-6465-41e0-be92-4b9104d68e8c,09cef8d7-c21c-493f-892b-d796ea98ae16,1633165888870,14.1523379,52.351033,5.8673563,1.0320257,0.78418684,0.57178974,on bike mount,cyclo cross,False,asphalt,excellent
7c5c7670-85f0-4c34-9240-f6932a28d788,2c9b3e1e-6465-41e0-be92-4b9104d68e8c,c65dc801-6984-424b-93b0-21251880996a,1633165888937,14.1523379,52.351033,5.8673563,-4.3203616,-2.8010912,0.59293175,on bike mount,cyclo cross,False,asphalt,excellent
7c5c7670-85f0-4c34-9240-f6932a28d788,2c9b3e1e-6465-41e0-be92-4b9104d68e8c,53b1e96b-7521-4708-a1fa-68d5d8624678,1633165889003,14.1523379,52.351033,5.8673563,1.2074611,-0.3786478,-0.42232895,on bike mount,cyclo cross,False,asphalt,excellent
7c5c7670-85f0-4c34-9240-f6932a28d788,2c9b3e1e-6465-41e0-be92-4b9104d68e8c,caefbee1-c58b-4704-be10-bb6a9dfc0e4b,1633165889053,14.1523379,52.351033,5.8673563,0.8273028,0.49213934,0.8385267,on bike mount,cyclo cross,False,asphalt,excellent
7c5c7670-85f0-4c34-9240-f6932a28d788,2c9b3e1e-6465-41e0-be92-4b9104d68e8c,e3b0cda3-c2ba-4d63-b4f9-39ceacfeccfe,1633165889104,14.1523379,52.351033,5.8673563,-1.1933763,-1.3737059,-0.13929176,on bike mount,cyclo cross,False,asphalt,excellent
7c5c7670-85f0-4c34-9240-f6932a28d788,2c9b3e1e-6465-41e0-be92-4b9104d68e8c,64f72e12-0138-4bca-8456-88427ef865ed,1633165889154,14.1523379,52.351033,5.8673563,1.1368234,1.0676408,-1.5641766,on bike mount,cyclo cross,False,asphalt,excellent
7c5c7670-85f0-4c34-9240-f6932a28d788,2c9b3e1e-6465-41e0-be92-4b9104d68e8c,cbf3d6b8-bce0-476e-956e-ef4de73e8982,1633165889204,14.1523379,52.351033,5.8673563,2.5077085,-0.2322402,1.238575,on bike mount,cyclo cross,False,asphalt,excellent
7c5c7670-85f0-4c34-9240-f6932a28d788,2c9b3e1e-6465-41e0-be92-4b9104d68e8c,fd0ff013-1836-4717-a43e-f747cff15e9c,1633165889271,14.1523379,52.351033,5.8673563,-0.7191633,0.28697538,1.1100054,on bike mount,cyclo cross,False,asphalt,excellent
7c5c7670-85f0-4c34-9240-f6932a28d788,2c9b3e1e-6465-41e0-be92-4b9104d68e8c,13ce1b94-a2ab-40b8-8287-4c5369b74f72,1633165889338,14.1523379,52.351033,5.8673563,-1.3413287,-1.5040257,0.35655117,on bike mount,cyclo cross,False,asphalt,excellent
7c5c7670-85f0-4c34-9240-f6932a28d788,2c9b3e1e-6465-41e0-be92-4b9104d68e8c,ad0938c9-143c-4f8f-b660-cab714136589,1633165889388,14.1523379,52.351033,5.8673563,0.22619094,2.3558364,-0.60243416,on bike mount,cyclo cross,False,asphalt,excellent
7c5c7670-85f0-4c34-9240-f6932a28d788,2c9b3e1e-6465-41e0-be92-4b9104d68e8c,2561a116-fa6f-41b1-9337-f490266a773a,1633165889454,14.1523379,52.351033,5.8673563,-0.48738712,0.6001375,-1.8769913,on bike mount,cyclo cross,False,asphalt,excellent
7c5c7670-85f0-4c34-9240-f6932a28d788,2c9b3e1e-6465-41e0-be92-4b9104d68e8c,3989e63d-887d-4284-90f1-4fae5a4b57ae,1633165889505,14.1523379,52.351033,5.8673563,0.36079943,-3.2183952,-0.6309948,on bike mount,cyclo cross,False,asphalt,excellent
7c5c7670-85f0-4c34-9240-f6932a28d788,2c9b3e1e-6465-41e0-be92-4b9104d68e8c,902a43d4-6efd-4564-8e93-9d606177ef06,1633165889555,14.1523379,52.351033,5.8673563,-0.58552366,-0.05382085,-0.07391453,on bike mount,cyclo cross,False,asphalt,excellent
7c5c7670-85f0-4c34-9240-f6932a28d788,2c9b3e1e-6465-41e0-be92-4b9104d68e8c,4f09c623-4ff2-4bb6-9c2c-76de3600a26a,1633165889605,14.1523379,52.351033,5.8673563,1.3468539,0.53809285,0.3039446,on bike mount,cyclo cross,False,asphalt,excellent
7c5c7670-85f0-4c34-9240-f6932a28d788,2c9b3e1e-6465-41e0-be92-4b9104d68e8c,90a5edac-5d0b-4493-b878-35697aa0821f,1633165889672,14.1523379,52.351033,5.8673563,-6.85594,3.1018896,-0.06360912,on bike mount,cyclo cross,False,asphalt,excellent
7c5c7670-85f0-4c34-9240-f6932a28d788,2c9b3e1e-6465-41e0-be92-4b9104d68e8c,99ab513b-2662-4336-a12e-e5409fa2d8c6,1633165889738,14.1524209,52.3510081,6.510333,0.03501399,-0.91448855,3.2591028,on bike mount,cyclo cross,False,asphalt,excellent
7c5c7670-85f0-4c34-9240-f6932a28d788,2c9b3e1e-6465-41e0-be92-4b9104d68e8c,efd7002d-0955-4c30-b529-a20dec22e1c1,1633165889805,14.1524209,52.3510081,6.510333,0.62233716,-1.2812073,1.6048326,on bike mount,cyclo cross,False,asphalt,excellent
7c5c7670-85f0-4c34-9240-f6932a28d788,2c9b3e1e-6465-41e0-be92-4b9104d68e8c,3731a828-9540-4456-b9a5-a2da8e3afacb,1633165889856,14.1524209,52.3510081,6.510333,-1.873749,-1.6522509,0.17916012,on bike mount,cyclo cross,False,asphalt,excellent
7c5c7670-85f0-4c34-9240-f6932a28d788,2c9b3e1e-6465-41e0-be92-4b9104d68e8c,00eb3231-87d7-4c52-bd5d-4e21c88a9f3b,1633165889906,14.1524209,52.3510081,6.510333,0.7791849,3.6313362,-1.9259944,on bike mount,cyclo cross,False,asphalt,excellent
7c5c7670-85f0-4c34-9240-f6932a28d788,2c9b3e1e-6465-41e0-be92-4b9104d68e8c,a4ab8c35-880d-46e6-b06c-8ff3940724f6,1633165889956,14.1524209,52.3510081,6.510333,0.8562429,-2.3205502,1.7995644,on bike mount,cyclo cross,False,asphalt,excellent
7c5c7670-85f0-4c34-9240-f6932a28d788,2c9b3e1e-6465-41e0-be92-4b9104d68e8c,cd91a802-dd16-44c6-86ce-8d9034f2ca83,1633165890023,14.1524209,52.3510081,6.510333,1.6222764,-0.5627644,1.7308264,on bike mount,cyclo cross,False,asphalt,excellent
7c5c7670-85f0-4c34-9240-f6932a28d788,2c9b3e1e-6465-41e0-be92-4b9104d68e8c,4a71242d-5456-4fac-9d52-d7b4fcbbf676,1633165890073,14.1524209,52.3510081,6.510333,-2.6358874,-2.564343,-1.0269146,on bike mount,cyclo cross,False,asphalt,excellent
7c5c7670-85f0-4c34-9240-f6932a28d788,2c9b3e1e-6465-41e0-be92-4b9104d68e8c,955eb445-7416-496e-bfc8-a776d2ebcf7b,1633165890123,14.1524209,52.3510081,6.510333,0.00832057,2.5022888,-1.3585658,on bike mount,cyclo cross,False,asphalt,excellent
7c5c7670-85f0-4c34-9240-f6932a28d788,2c9b3e1e-6465-41e0-be92-4b9104d68e8c,4c5fcdc2-2d75-47ec-ac5d-9921c43d1418,1633165890190,14.1524209,52.3510081,6.510333,-2.4800591,1.0082996,2.444415,on bike mount,cyclo cross,False,asphalt,excellent
7c5c7670-85f0-4c34-9240-f6932a28d788,2c9b3e1e-6465-41e0-be92-4b9104d68e8c,06160063-1db9-42a9-87af-126543d8802a,1633165890256,14.1524209,52.3510081,6.510333,0.049931735,0.12824726,-0.7719879,on bike mount,cyclo cross,False,asphalt,excellent
7c5c7670-85f0-4c34-9240-f6932a28d788,2c9b3e1e-6465-41e0-be92-4b9104d68e8c,9387414f-ff12-4f82-a6b8-22d4ed17144a,1633165890307,14.1524209,52.3510081,6.510333,3.8244958,3.9409108,-2.654264,on bike mount,cyclo cross,False,asphalt,excellent
7c5c7670-85f0-4c34-9240-f6932a28d788,2c9b3e1e-6465-41e0-be92-4b9104d68e8c,31d040c8-b249-48c4-8a53-d9cdbff643a0,1633165890357,14.1524209,52.3510081,6.510333,-0.22595665,-1.314142,1.6530867,on bike mount,cyclo cross,False,asphalt,excellent
7c5c7670-85f0-4c34-9240-f6932a28d788,2c9b3e1e-6465-41e0-be92-4b9104d68e8c,43377f11-a36f-4c0c-aae1-8020cc411711,1633165890423,14.1524209,52.3510081,6.510333,0.09847073,0.117602825,0.12867737,on bike mount,cyclo cross,False,asphalt,excellent
7c5c7670-85f0-4c34-9240-f6932a28d788,2c9b3e1e-6465-41e0-be92-4b9104d68e8c,d4e48fbc-05d8-402f-a597-e9c35320e0da,1633165890474,14.1524209,52.3510081,6.510333,1.3413618,2.5764298,-0.23593712,on bike mount,cyclo cross,False,asphalt,excellent
7c5c7670-85f0-4c34-9240-f6932a28d788,2c9b3e1e-6465-41e0-be92-4b9104d68e8c,81ba8226-d1ed-4f12-a4b5-e0fc2d503319,1633165890541,14.1524209,52.3510081,6.510333,0.21165907,-8.615226,6.3030777,on bike mount,cyclo cross,False,asphalt,excellent
7c5c7670-85f0-4c34-9240-f6932a28d788,2c9b3e1e-6465-41e0-be92-4b9104d68e8c,b26bc5bc-956f-46c3-b199-e3d9b0778580,1633165890591,14.1524209,52.3510081,6.510333,-2.2156754,-0.77164423,0.3971939,on bike mount,cyclo cross,False,asphalt,excellent
7c5c7670-85f0-4c34-9240-f6932a28d788,2c9b3e1e-6465-41e0-be92-4b9104d68e8c,b2525fd3-184f-45cf-853d-eba5b8cdcdc0,1633165890642,14.1524209,52.3510081,6.510333,-3.5448515,4.1194124,-1.7810326,on bike mount,cyclo cross,False,asphalt,excellent
7c5c7670-85f0-4c34-9240-f6932a28d788,2c9b3e1e-6465-41e0-be92-4b9104d68e8c,5a8df9b4-cb2f-4087-b517-bdc21137821d,1633165890708,14.1525035,52.3509792,6.003343,-0.56079894,4.177625,0.0971899,on bike mount,cyclo cross,False,asphalt,excellent
7c5c7670-85f0-4c34-9240-f6932a28d788,2c9b3e1e-6465-41e0-be92-4b9104d68e8c,28526c50-1696-4e1d-92a8-86c4b3d7052d,1633165890775,14.1525035,52.3509792,6.003343,-1.0421339,-2.4057474,1.9520445,on bike mount,cyclo cross,False,asphalt,excellent
7c5c7670-85f0-4c34-9240-f6932a28d788,2c9b3e1e-6465-41e0-be92-4b9104d68e8c,432dd6bf-7193-466a-8c7d-7e9c97acb7d7,1633165890842,14.1525035,52.3509792,6.003343,-0.30219638,0.68646765,-4.5248795,on bike mount,cyclo cross,False,asphalt,excellent
7c5c7670-85f0-4c34-9240-f6932a28d788,2c9b3e1e-6465-41e0-be92-4b9104d68e8c,be640923-02de-486b-ac41-07cb376c8870,1633165890908,14.1525035,52.3509792,6.003343,0.3046781,-1.1505526,0.20965004,on bike mount,cyclo cross,False,asphalt,excellent
7c5c7670-85f0-4c34-9240-f6932a28d788,2c9b3e1e-6465-41e0-be92-4b9104d68e8c,d69665fa-401f-48d3-b9f8-7bed6f9da798,1633165890976,14.1525035,52.3509792,6.003343,1.041148,1.160605,-0.11601162,on bike mount,cyclo cross,False,asphalt,excellent
7c5c7670-85f0-4c34-9240-f6932a28d788,2c9b3e1e-6465-41e0-be92-4b9104d68e8c,a81e95e1-d5a5-480f-b6f3-50f7da3178bd,1633165891042,14.1525035,52.3509792,6.003343,-0.4910586,3.5585115,-1.013587,on bike mount,cyclo cross,False,asphalt,excellent
7c5c7670-85f0-4c34-9240-f6932a28d788,2c9b3e1e-6465-41e0-be92-4b9104d68e8c,ac35c327-dbaa-46aa-b93c-d7ec2aa0bbd5,1633165891109,14.1525035,52.3509792,6.003343,-0.6193202,1.0355921,0.43327427,on bike mount,cyclo cross,False,asphalt,excellent
7c5c7670-85f0-4c34-9240-f6932a28d788,2c9b3e1e-6465-41e0-be92-4b9104d68e8c,8d08deed-a38a-4664-bd5f-d3ecffed78b5,1633165891176,14.1525035,52.3509792,6.003343,-0.8937123,-0.6346631,2.677659,on bike mount,cyclo cross,False,asphalt,excellent
7c5c7670-85f0-4c34-9240-f6932a28d788,2c9b3e1e-6465-41e0-be92-4b9104d68e8c,233e0f46-c1e9-43f3-b3db-44b43f58afbc,1633165891225,14.1525035,52.3509792,6.003343,1.376004,1.4736018,0.80330276,on bike mount,cyclo cross,False,asphalt,excellent
7c5c7670-85f0-4c34-9240-f6932a28d788,2c9b3e1e-6465-41e0-be92-4b9104d68e8c,af6f572e-e26f-4b8b-8035-1981456ea882,1633165891276,14.1525035,52.3509792,6.003343,2.2317853,1.1630147,-3.2987785,on bike mount,cyclo cross,False,asphalt,excellent
7c5c7670-85f0-4c34-9240-f6932a28d788,2c9b3e1e-6465-41e0-be92-4b9104d68e8c,fe07b09b-9489-4910-9868-138837dd96f6,1633165891343,14.1525035,52.3509792,6.003343,1.3637406,1.3072565,-1.7257562,on bike mount,cyclo cross,False,asphalt,excellent
7c5c7670-85f0-4c34-9240-f6932a28d788,2c9b3e1e-6465-41e0-be92-4b9104d68e8c,7030052a-cdaa-4f52-a20f-9cbce2d6a177,1633165891393,14.1525035,52.3509792,6.003343,-1.1221194,2.2267299,1.9768391,on bike mount,cyclo cross,False,asphalt,excellent
7c5c7670-85f0-4c34-9240-f6932a28d788,2c9b3e1e-6465-41e0-be92-4b9104d68e8c,2949e609-a2d6-4e81-a3d9-3b3711534826,1633165891443,14.1525035,52.3509792,6.003343,0.9339737,-2.0168839,2.5081806,on bike mount,cyclo cross,False,asphalt,excellent
7c5c7670-85f0-4c34-9240-f6932a28d788,2c9b3e1e-6465-41e0-be92-4b9104d68e8c,d340dfd2-b9e7-4167-808b-99148611b055,1633165891510,14.1525035,52.3509792,6.003343,-0.4644786,-3.959038,1.2280321,on bike mount,cyclo cross,False,asphalt,excellent
7c5c7670-85f0-4c34-9240-f6932a28d788,2c9b3e1e-6465-41e0-be92-4b9104d68e8c,7b472aaf-f072-4cd6-8010-fcc01244ee92,1633165891576,14.1525035,52.3509792,6.003343,-0.9191781,-1.3311703,0.6396408,on bike mount,cyclo cross,False,asphalt,excellent
7c5c7670-85f0-4c34-9240-f6932a28d788,2c9b3e1e-6465-41e0-be92-4b9104d68e8c,ee41b21c-f837-4049-aa7f-05e76e303137,1633165891627,14.1525035,52.3509792,6.003343,-1.0666419,0.26276064,-0.894537,on bike mount,cyclo cross,False,asphalt,excellent
7c5c7670-85f0-4c34-9240-f6932a28d788,2c9b3e1e-6465-41e0-be92-4b9104d68e8c,f8f6a97f-82c1-4453-9015-035058bb2531,1633165891677,14.1525843,52.3509545,6.246162,0.77125543,1.0594585,-2.2637038,on bike mount,cyclo cross,False,asphalt,excellent
7c5c7670-85f0-4c34-9240-f6932a28d788,2c9b3e1e-6465-41e0-be92-4b9104d68e8c,34c4e0d3-eded-45a0-9f7d-34e5f8da41a8,1633165891743,14.1525843,52.3509545,6.246162,0.57655424,3.8766952,-0.7662449,on bike mount,cyclo cross,False,asphalt,excellent
7c5c7670-85f0-4c34-9240-f6932a28d788,2c9b3e1e-6465-41e0-be92-4b9104d68e8c,6e9fc33a-617d-4b45-ae29-e657e412977c,1633165891793,14.1525843,52.3509545,6.246162,0.52778536,1.8977327,-1.1756396,on bike mount,cyclo cross,False,asphalt,excellent
7c5c7670-85f0-4c34-9240-f6932a28d788,2c9b3e1e-6465-41e0-be92-4b9104d68e8c,b8b4e89f-fb40-46a3-a9c0-fb64a10cf472,1633165891860,14.1525843,52.3509545,6.246162,-0.25194412,7.6324663,4.605036,on bike mount,cyclo cross,False,asphalt,excellent
7c5c7670-85f0-4c34-9240-f6932a28d788,2c9b3e1e-6465-41e0-be92-4b9104d68e8c,e2a42c00-eebb-4a1c-ae95-7f4ad5f653b8,1633165891927,14.1525843,52.3509545,6.246162,-0.8619457,-3.0530581,0.24472713,on bike mount,cyclo cross,False,asphalt,excellent
7c5c7670-85f0-4c34-9240-f6932a28d788,2c9b3e1e-6465-41e0-be92-4b9104d68e8c,dc72788a-5f1e-4020-80c1-30031116d55c,1633165891994,14.1525843,52.3509545,6.246162,0.86820376,-2.2829144,2.3128757,on bike mount,cyclo cross,False,asphalt,excellent
7c5c7670-85f0-4c34-9240-f6932a28d788,2c9b3e1e-6465-41e0-be92-4b9104d68e8c,35d8e3f4-4d57-468a-bfb9-8a4a9637f202,1633165892061,14.1525843,52.3509545,6.246162,-1.3239344,2.0334697,-1.5522003,on bike mount,cyclo cross,False,asphalt,excellent
7c5c7670-85f0-4c34-9240-f6932a28d788,2c9b3e1e-6465-41e0-be92-4b9104d68e8c,62134d13-8128-4b0b-9e71-f882eb22723e,1633165892111,14.1525843,52.3509545,6.246162,0.92652285,2.5184689,0.5831194,on bike mount,cyclo cross,False,asphalt,excellent
7c5c7670-85f0-4c34-9240-f6932a28d788,2c9b3e1e-6465-41e0-be92-4b9104d68e8c,cacb8864-adfd-4a68-b77f-b58c6738b677,1633165892178,14.1525843,52.3509545,6.246162,0.37028447,-0.8659141,-2.818562,on bike mount,cyclo cross,False,asphalt,excellent
7c5c7670-85f0-4c34-9240-f6932a28d788,2c9b3e1e-6465-41e0-be92-4b9104d68e8c,6b1dd608-d9c4-4ae2-8058-023b3cbcb271,1633165892228,14.1525843,52.3509545,6.246162,-0.55870265,-1.5073698,3.7444868,on bike mount,cyclo cross,False,asphalt,excellent
7c5c7670-85f0-4c34-9240-f6932a28d788,2c9b3e1e-6465-41e0-be92-4b9104d68e8c,f92ba38d-0439-49d0-acf2-51a021da578f,1633165892295,14.1525843,52.3509545,6.246162,-0.631305,1.4393253,0.1508112,on bike mount,cyclo cross,False,asphalt,excellent
7c5c7670-85f0-4c34-9240-f6932a28d788,2c9b3e1e-6465-41e0-be92-4b9104d68e8c,296152d2-0495-4314-bfab-736fcaff020c,1633165892361,14.1525843,52.3509545,6.246162,0.120380156,-0.06800842,0.72180176,on bike mount,cyclo cross,False,asphalt,excellent
7c5c7670-85f0-4c34-9240-f6932a28d788,2c9b3e1e-6465-41e0-be92-4b9104d68e8c,e4ae6d5b-eca1-4203-a706-b6a0365d917d,1633165892411,14.1525843,52.3509545,6.246162,-0.27781516,-0.5070312,-0.13645267,on bike mount,cyclo cross,False,asphalt,excellent
7c5c7670-85f0-4c34-9240-f6932a28d788,2c9b3e1e-6465-41e0-be92-4b9104d68e8c,7e191e7f-fe84-41b5-bfe7-ce573cbc36a5,1633165892462,14.1525843,52.3509545,6.246162,-1.1027426,-2.2519102,1.2724934,on bike mount,cyclo cross,False,asphalt,excellent
7c5c7670-85f0-4c34-9240-f6932a28d788,2c9b3e1e-6465-41e0-be92-4b9104d68e8c,4aa9fc42-5a9e-4fbc-a3d2-6e24d3b27295,1633165892529,14.1525843,52.3509545,6.246162,-1.2330598,-1.0434835,1.7735443,on bike mount,cyclo cross,False,asphalt,excellent
7c5c7670-85f0-4c34-9240-f6932a28d788,2c9b3e1e-6465-41e0-be92-4b9104d68e8c,766fa21a-8ba4-4db2-81b0-5d171881bd61,1633165892579,14.1525843,52.3509545,6.246162,-0.65296,0.35999298,0.6741333,on bike mount,cyclo cross,False,asphalt,excellent
7c5c7670-85f0-4c34-9240-f6932a28d788,2c9b3e1e-6465-41e0-be92-4b9104d68e8c,c45844dc-e29d-461e-9b44-791726c64bc9,1633165892629,14.1525843,52.3509545,6.246162,0.3307352,0.74064016,0.21918201,on bike mount,cyclo cross,False,asphalt,excellent
7c5c7670-85f0-4c34-9240-f6932a28d788,2c9b3e1e-6465-41e0-be92-4b9104d68e8c,be0d9ba3-799a-4020-a6b5-28803cb6c798,1633165892696,14.152673,52.3509337,6.158654,0.50383425,0.4994762,0.08223629,on bike mount,cyclo cross,False,asphalt,excellent
7c5c7670-85f0-4c34-9240-f6932a28d788,2c9b3e1e-6465-41e0-be92-4b9104d68e8c,4440471d-c791-4369-9422-549ec38e7fb1,1633165892762,14.152673,52.3509337,6.158654,-2.8739989,-1.327409,-0.94167995,on bike mount,cyclo cross,False,asphalt,excellent
7c5c7670-85f0-4c34-9240-f6932a28d788,2c9b3e1e-6465-41e0-be92-4b9104d68e8c,d5717168-5cf7-4877-bc57-af6b61ffd39f,1633165892812,14.152673,52.3509337,6.158654,0.28929418,3.3742118,-1.0063391,on bike mount,cyclo cross,False,asphalt,excellent
7c5c7670-85f0-4c34-9240-f6932a28d788,2c9b3e1e-6465-41e0-be92-4b9104d68e8c,cbc0e572-b9c4-4aed-9c46-342e68345250,1633165892863,14.152673,52.3509337,6.158654,2.1722224,-0.7480576,0.3046322,on bike mount,cyclo cross,False,asphalt,excellent
7c5c7670-85f0-4c34-9240-f6932a28d788,2c9b3e1e-6465-41e0-be92-4b9104d68e8c,4d149afe-c3bf-4e4c-86b3-a8b232c281fc,1633165892913,14.152673,52.3509337,6.158654,1.3189756,1.0512934,-1.7036924,on bike mount,cyclo cross,False,asphalt,excellent
7c5c7670-85f0-4c34-9240-f6932a28d788,2c9b3e1e-6465-41e0-be92-4b9104d68e8c,6831c8ba-b82c-444c-8bc6-fdc5684a5b39,1633165892980,14.152673,52.3509337,6.158654,-1.3578358,3.1999917,-3.974819,on bike mount,cyclo cross,False,asphalt,excellent
7c5c7670-85f0-4c34-9240-f6932a28d788,2c9b3e1e-6465-41e0-be92-4b9104d68e8c,bacbd087-f0d5-40de-8e1b-5ed0b2f0a70a,1633165893030,14.152673,52.3509337,6.158654,0.137772,-1.93765,-0.34403706,on bike mount,cyclo cross,False,asphalt,excellent
7c5c7670-85f0-4c34-9240-f6932a28d788,2c9b3e1e-6465-41e0-be92-4b9104d68e8c,f1843fb9-e92f-4823-ba59-a1dcd0881e61,1633165893097,14.152673,52.3509337,6.158654,-0.6182894,1.8802633,2.0091534,on bike mount,cyclo cross,False,asphalt,excellent
7c5c7670-85f0-4c34-9240-f6932a28d788,2c9b3e1e-6465-41e0-be92-4b9104d68e8c,3b9d2194-4622-424f-be6b-390c9e287071,1633165893163,14.152673,52.3509337,6.158654,0.8901211,0.48597407,0.09821224,on bike mount,cyclo cross,False,asphalt,excellent
7c5c7670-85f0-4c34-9240-f6932a28d788,2c9b3e1e-6465-41e0-be92-4b9104d68e8c,290e3c9e-e15f-4f51-ba38-d7125679c0dc,1633165893213,14.152673,52.3509337,6.158654,-1.0472045,-1.2437612,3.0215368,on bike mount,cyclo cross,False,asphalt,excellent
7c5c7670-85f0-4c34-9240-f6932a28d788,2c9b3e1e-6465-41e0-be92-4b9104d68e8c,0a1b4b59-eea5-4e81-a138-468225029e9c,1633165893263,14.152673,52.3509337,6.158654,-1.5592577,0.47185254,-3.038259,on bike mount,cyclo cross,False,asphalt,excellent
7c5c7670-85f0-4c34-9240-f6932a28d788,2c9b3e1e-6465-41e0-be92-4b9104d68e8c,205d04a7-135f-40e5-81d0-367430c82309,1633165893314,14.152673,52.3509337,6.158654,0.4996159,0.6174841,-0.45478725,on bike mount,cyclo cross,False,asphalt,excellent
7c5c7670-85f0-4c34-9240-f6932a28d788,2c9b3e1e-6465-41e0-be92-4b9104d68e8c,e0e9cac0-0ee4-4521-9f81-9f2024edea04,1633165893381,14.152673,52.3509337,6.158654,0.65003526,1.0805619,2.0634432,on bike mount,cyclo cross,False,asphalt,excellent
7c5c7670-85f0-4c34-9240-f6932a28d788,2c9b3e1e-6465-41e0-be92-4b9104d68e8c,e0ba3dc4-ce5c-4325-9bb7-54fd2a402019,1633165893431,14.152673,52.3509337,6.158654,-0.22554153,0.101144314,0.7167206,on bike mount,cyclo cross,False,asphalt,excellent
7c5c7670-85f0-4c34-9240-f6932a28d788,2c9b3e1e-6465-41e0-be92-4b9104d68e8c,f7dba37a-f77a-473e-bce2-e3e749c9b1e8,1633165893498,14.152673,52.3509337,6.158654,1.3402655,-1.921251,-0.022981644,on bike mount,cyclo cross,False,asphalt,excellent
7c5c7670-85f0-4c34-9240-f6932a28d788,2c9b3e1e-6465-41e0-be92-4b9104d68e8c,47f5ffa2-0793-4c4a-a22d-813757a7e922,1633165893564,14.152673,52.3509337,6.158654,0.7095591,-1.9112941,2.6651802,on bike mount,cyclo cross,False,asphalt,excellent
7c5c7670-85f0-4c34-9240-f6932a28d788,2c9b3e1e-6465-41e0-be92-4b9104d68e8c,c30ede5f-1da7-4cbb-8f3c-27f5e176fef0,1633165893614,14.152673,52.3509337,6.158654,-0.63319373,2.4818254,-4.154834,on bike mount,cyclo cross,False,asphalt,excellent
7c5c7670-85f0-4c34-9240-f6932a28d788,2c9b3e1e-6465-41e0-be92-4b9104d68e8c,2f9656e8-4e4e-47ad-82a0-d4bb30a8347f,1633165893669,14.152673,52.3509337,6.158654,0.9460146,-0.13964033,-1.5431919,on bike mount,cyclo cross,False,asphalt,excellent
7c5c7670-85f0-4c34-9240-f6932a28d788,91360d8e-5283-4ec4-8bba-45b58a4a85a2,13c14a1c-a204-467d-bfcf-733abbddfe32,1633165889522,14.1523379,52.351033,5.8673563,1.0236552,0.743433,0.8225374,on bike mount,cyclo cross,False,asphalt,excellent
7c5c7670-85f0-4c34-9240-f6932a28d788,91360d8e-5283-4ec4-8bba-45b58a4a85a2,03f11ce5-5723-4325-8a58-15cb2f59a5a4,1633165889601,14.1523379,52.351033,5.8673563,1.8236146,0.010537863,-0.42823696,on bike mount,cyclo cross,False,asphalt,excellent
7c5c7670-85f0-4c34-9240-f6932a28d788,91360d8e-5283-4ec4-8bba-45b58a4a85a2,15e107b8-125b-4cb8-b81e-2501181b62f3,1633165889655,14.1523379,52.351033,5.8673563,-5.895301,2.3004546,-0.9704361,on bike mount,cyclo cross,False,asphalt,excellent
7c5c7670-85f0-4c34-9240-f6932a28d788,91360d8e-5283-4ec4-8bba-45b58a4a85a2,8c15171b-06e1-4082-82c5-8fdf2e257fc9,1633165889721,14.1524209,52.3510081,6.510333,4.688964,5.8360863,-2.6348782,on bike mount,cyclo cross,False,asphalt,excellent
7c5c7670-85f0-4c34-9240-f6932a28d788,91360d8e-5283-4ec4-8bba-45b58a4a85a2,a3f94735-ba1c-4111-8688-ea7140da144d,1633165889772,14.1524209,52.3510081,6.510333,0.5053506,-0.06909275,-1.4415879,on bike mount,cyclo cross,False,asphalt,excellent
7c5c7670-85f0-4c34-9240-f6932a28d788,91360d8e-5283-4ec4-8bba-45b58a4a85a2,dfebffd1-583a-41fa-b597-a7543784382f,1633165889839,14.1524209,52.3510081,6.510333,-3.3667364,1.3366022,-0.9457865,on bike mount,cyclo cross,False,asphalt,excellent
7c5c7670-85f0-4c34-9240-f6932a28d788,91360d8e-5283-4ec4-8bba-45b58a4a85a2,2992df7e-8a55-4b14-999c-d0a6e006c8c5,1633165889889,14.1524209,52.3510081,6.510333,-0.930764,-5.1232567,5.0267067,on bike mount,cyclo cross,False,asphalt,excellent
7c5c7670-85f0-4c34-9240-f6932a28d788,91360d8e-5283-4ec4-8bba-45b58a4a85a2,62652060-0f53-467e-9530-e80ff183a920,1633165889956,14.1524209,52.3510081,6.510333,0.8562429,-2.3205502,1.7995644,on bike mount,cyclo cross,False,asphalt,excellent
7c5c7670-85f0-4c34-9240-f6932a28d788,91360d8e-5283-4ec4-8bba-45b58a4a85a2,aba60559-c79f-40b1-8c59-b59b4d462350,1633165890006,14.1524209,52.3510081,6.510333,1.7191107,2.2854066,-0.13724232,on bike mount,cyclo cross,False,asphalt,excellent
7c5c7670-85f0-4c34-9240-f6932a28d788,91360d8e-5283-4ec4-8bba-45b58a4a85a2,71d95954-442e-48e6-8f64-9dcb6c162c4c,1633165890056,14.1524209,52.3510081,6.510333,0.35851192,2.5403214,-1.0247307,on bike mount,cyclo cross,False,asphalt,excellent
7c5c7670-85f0-4c34-9240-f6932a28d788,91360d8e-5283-4ec4-8bba-45b58a4a85a2,a899a400-bcdd-4861-803c-1aa3404171b5,1633165890123,14.1524209,52.3510081,6.510333,0.00832057,2.5022888,-1.3585658,on bike mount,cyclo cross,False,asphalt,excellent
7c5c7670-85f0-4c34-9240-f6932a28d788,91360d8e-5283-4ec4-8bba-45b58a4a85a2,eed5701c-12e1-4df5-8cc4-06641ec208ae,1633165890190,14.1524209,52.3510081,6.510333,-2.4800591,1.0082996,2.444415,on bike mount,cyclo cross,False,asphalt,excellent
7c5c7670-85f0-4c34-9240-f6932a28d788,91360d8e-5283-4ec4-8bba-45b58a4a85a2,77936049-580d-4a6f-ad6d-db8c47517e0d,1633165890240,14.1524209,52.3510081,6.510333,3.2339406,-1.7389841,4.244954,on bike mount,cyclo cross,False,asphalt,excellent
7c5c7670-85f0-4c34-9240-f6932a28d788,91360d8e-5283-4ec4-8bba-45b58a4a85a2,e2615dd9-54f6-4fb1-b65f-a0afb9323313,1633165890290,14.1524209,52.3510081,6.510333,-0.86548275,-0.59503186,3.122755,on bike mount,cyclo cross,False,asphalt,excellent
7c5c7670-85f0-4c34-9240-f6932a28d788,91360d8e-5283-4ec4-8bba-45b58a4a85a2,506b27ce-6282-41bc-acf1-0b9e0cb5ddec,1633165890357,14.1524209,52.3510081,6.510333,-0.22595665,-1.314142,1.6530867,on bike mount,cyclo cross,False,asphalt,excellent
7c5c7670-85f0-4c34-9240-f6932a28d788,91360d8e-5283-4ec4-8bba-45b58a4a85a2,cd4fc8d0-74cd-4ad7-a6ae-0cc9bf28a216,1633165890407,14.1524209,52.3510081,6.510333,-0.45151502,4.7831163,-1.9934592,on bike mount,cyclo cross,False,asphalt,excellent
7c5c7670-85f0-4c34-9240-f6932a28d788,91360d8e-5283-4ec4-8bba-45b58a4a85a2,6416c045-191d-4113-b5aa-286c594035ee,1633165890474,14.1524209,52.3510081,6.510333,1.7335948,0.11360192,-0.5638132,on bike mount,cyclo cross,False,asphalt,excellent
7c5c7670-85f0-4c34-9240-f6932a28d788,91360d8e-5283-4ec4-8bba-45b58a4a85a2,4f25fc70-528a-44ef-94c0-86abc08ad86e,1633165890523,14.1524209,52.3510081,6.510333,0.82645607,5.923067,-6.8462086,on bike mount,cyclo cross,False,asphalt,excellent
7c5c7670-85f0-4c34-9240-f6932a28d788,91360d8e-5283-4ec4-8bba-45b58a4a85a2,4bddfdb5-1c1b-4171-8aa5-24318034a866,1633165890574,14.1524209,52.3510081,6.510333,0.5502957,2.2309146,-3.1004467,on bike mount,cyclo cross,False,asphalt,excellent
7c5c7670-85f0-4c34-9240-f6932a28d788,91360d8e-5283-4ec4-8bba-45b58a4a85a2,21efc14d-1289-4c2a-ab8e-ecb20d28b703,1633165890642,14.1524209,52.3510081,6.510333,-3.5448515,4.1194124,-1.7810326,on bike mount,cyclo cross,False,asphalt,excellent
7c5c7670-85f0-4c34-9240-f6932a28d788,91360d8e-5283-4ec4-8bba-45b58a4a85a2,1c888492-0734-4593-a64a-d6141cb65bf4,1633165890708,14.1525035,52.3509792,6.003343,-0.56079894,4.177625,0.0971899,on bike mount,cyclo cross,False,asphalt,excellent
7c5c7670-85f0-4c34-9240-f6932a28d788,91360d8e-5283-4ec4-8bba-45b58a4a85a2,387a0b21-3d10-4609-8d6d-b8fad4beb53a,1633165890774,14.1525035,52.3509792,6.003343,-1.2888933,-4.6564713,2.0705528,on bike mount,cyclo cross,False,asphalt,excellent
7c5c7670-85f0-4c34-9240-f6932a28d788,91360d8e-5283-4ec4-8bba-45b58a4a85a2,8b708c70-17d5-4957-a7c5-824cdf93f0d1,1633165890841,14.1525035,52.3509792,6.003343,-0.30219638,0.68646765,-4.5248795,on bike mount,cyclo cross,False,asphalt,excellent
7c5c7670-85f0-4c34-9240-f6932a28d788,91360d8e-5283-4ec4-8bba-45b58a4a85a2,1f47b368-17d9-4eec-a86f-6519be034425,1633165890908,14.1525035,52.3509792,6.003343,0.3046781,-1.1505526,0.20965004,on bike mount,cyclo cross,False,asphalt,excellent
7c5c7670-85f0-4c34-9240-f6932a28d788,91360d8e-5283-4ec4-8bba-45b58a4a85a2,03dd057b-4f69-4b00-9646-7902cfe3186c,1633165890975,14.1525035,52.3509792,6.003343,1.041148,1.160605,-0.11601162,on bike mount,cyclo cross,False,asphalt,excellent
7c5c7670-85f0-4c34-9240-f6932a28d788,91360d8e-5283-4ec4-8bba-45b58a4a85a2,3fb2c18b-5f26-43d7-ac5b-25b36db40722,1633165891042,14.1525035,52.3509792,6.003343,-1.0981146,2.1972415,-2.348556,on bike mount,cyclo cross,False,asphalt,excellent
7c5c7670-85f0-4c34-9240-f6932a28d788,91360d8e-5283-4ec4-8bba-45b58a4a85a2,7877a6c6-eb29-4e82-9c4e-c024345ddc4d,1633165891092,14.1525035,52.3509792,6.003343,-1.0301442,3.6621919,1.0144472,on bike mount,cyclo cross,False,asphalt,excellent
7c5c7670-85f0-4c34-9240-f6932a28d788,91360d8e-5283-4ec4-8bba-45b58a4a85a2,d2cc36d1-abce-4238-bba4-8d861d3d037f,1633165891159,14.1525035,52.3509792,6.003343,-0.82366806,-1.9137515,2.7600088,on bike mount,cyclo cross,False,asphalt,excellent
7c5c7670-85f0-4c34-9240-f6932a28d788,91360d8e-5283-4ec4-8bba-45b58a4a85a2,d459729d-2deb-40c4-9f57-dd3328fa481b,1633165891209,14.1525035,52.3509792,6.003343,1.100683,-4.606892,0.38706017,on bike mount,cyclo cross,False,asphalt,excellent
7c5c7670-85f0-4c34-9240-f6932a28d788,91360d8e-5283-4ec4-8bba-45b58a4a85a2,b63e2289-e3fa-4e27-86c2-e4a1c5f5f0c7,1633165891275,14.1525035,52.3509792,6.003343,1.4767731,-0.8995595,-3.5221367,on bike mount,cyclo cross,False,asphalt,excellent
7c5c7670-85f0-4c34-9240-f6932a28d788,91360d8e-5283-4ec4-8bba-45b58a4a85a2,767c7927-09db-4253-a768-43357cb60eef,1633165891326,14.1525035,52.3509792,6.003343,-0.648468,-1.218179,2.2555494,on bike mount,cyclo cross,False,asphalt,excellent
7c5c7670-85f0-4c34-9240-f6932a28d788,91360d8e-5283-4ec4-8bba-45b58a4a85a2,2d600ced-6cd0-48e9-951f-45bfdb2ba493,1633165891376,14.1525035,52.3509792,6.003343,-0.8508999,-0.7048147,-1.9843473,on bike mount,cyclo cross,False,asphalt,excellent
7c5c7670-85f0-4c34-9240-f6932a28d788,91360d8e-5283-4ec4-8bba-45b58a4a85a2,25f077b3-f364-4020-8e3b-7f427061d924,1633165891443,14.1525035,52.3509792,6.003343,0.9339737,-2.0168839,2.5081806,on bike mount,cyclo cross,False,asphalt,excellent
7c5c7670-85f0-4c34-9240-f6932a28d788,91360d8e-5283-4ec4-8bba-45b58a4a85a2,8c8a46d9-a0f9-4e80-aa0d-fe0dc5e10815,1633165891510,14.1525035,52.3509792,6.003343,-0.4644786,-3.959038,1.2280321,on bike mount,cyclo cross,False,asphalt,excellent
7c5c7670-85f0-4c34-9240-f6932a28d788,91360d8e-5283-4ec4-8bba-45b58a4a85a2,16aecc1d-d8f9-43b8-babf-c16d8edda862,1633165891560,14.1525035,52.3509792,6.003343,1.9247752,-0.39182281,1.543519,on bike mount,cyclo cross,False,asphalt,excellent
7c5c7670-85f0-4c34-9240-f6932a28d788,91360d8e-5283-4ec4-8bba-45b58a4a85a2,771c8883-9871-463d-b16a-f4db2eea448a,1633165891610,14.1525035,52.3509792,6.003343,0.017012,0.16340446,1.4884167,on bike mount,cyclo cross,False,asphalt,excellent
7c5c7670-85f0-4c34-9240-f6932a28d788,91360d8e-5283-4ec4-8bba-45b58a4a85a2,e89fe096-c7c1-4774-8ae0-109e8edeed32,1633165891676,14.1525843,52.3509545,6.246162,0.77125543,1.0594585,-2.2637038,on bike mount,cyclo cross,False,asphalt,excellent
7c5c7670-85f0-4c34-9240-f6932a28d788,91360d8e-5283-4ec4-8bba-45b58a4a85a2,8c5d3390-0429-40c6-a958-e7c09c261828,1633165891727,14.1525843,52.3509545,6.246162,0.13617402,-2.1369581,1.6267147,on bike mount,cyclo cross,False,asphalt,excellent
7c5c7670-85f0-4c34-9240-f6932a28d788,91360d8e-5283-4ec4-8bba-45b58a4a85a2,982f3479-3cc7-419f-b7b4-b4b0ec61436e,1633165891777,14.1525843,52.3509545,6.246162,-2.6994247,-1.4515196,-1.4156623,on bike mount,cyclo cross,False,asphalt,excellent
7c5c7670-85f0-4c34-9240-f6932a28d788,91360d8e-5283-4ec4-8bba-45b58a4a85a2,3048ed39-658a-477d-a146-577b5cb16d22,1633165891843,14.1525843,52.3509545,6.246162,0.31356514,-8.750814,10.033609,on bike mount,cyclo cross,False,asphalt,excellent
7c5c7670-85f0-4c34-9240-f6932a28d788,91360d8e-5283-4ec4-8bba-45b58a4a85a2,e10dd343-0ad2-42b6-b4d9-ec4ee17ea31f,1633165891893,14.1525843,52.3509545,6.246162,3.28177,-2.8591733,-0.02461052,on bike mount,cyclo cross,False,asphalt,excellent
7c5c7670-85f0-4c34-9240-f6932a28d788,91360d8e-5283-4ec4-8bba-45b58a4a85a2,cd70e275-3afa-4c0c-9c4a-1aa3f7a8f7f1,1633165891944,14.1525843,52.3509545,6.246162,-1.2984283,-1.4077321,-2.9303765,on bike mount,cyclo cross,False,asphalt,excellent
7c5c7670-85f0-4c34-9240-f6932a28d788,91360d8e-5283-4ec4-8bba-45b58a4a85a2,611a12f5-800f-4958-9112-4a79ab5be973,1633165892011,14.1525843,52.3509545,6.246162,0.871451,0.876214,4.37922,on bike mount,cyclo cross,False,asphalt,excellent
7c5c7670-85f0-4c34-9240-f6932a28d788,91360d8e-5283-4ec4-8bba-45b58a4a85a2,a11faa8c-d012-4d35-a67b-c6853ea68bf9,1633165892061,14.1525843,52.3509545,6.246162,-1.9007502,0.18097663,0.86833096,on bike mount,cyclo cross,False,asphalt,excellent
7c5c7670-85f0-4c34-9240-f6932a28d788,91360d8e-5283-4ec4-8bba-45b58a4a85a2,3aaefc14-22c3-4a75-9f79-ca0c93f31571,1633165892128,14.1525843,52.3509545,6.246162,2.3088267,1.6084082,-0.5369234,on bike mount,cyclo cross,False,asphalt,excellent
7c5c7670-85f0-4c34-9240-f6932a28d788,91360d8e-5283-4ec4-8bba-45b58a4a85a2,ce0c6c45-1224-465c-8f35-a60552cf02f4,1633165892195,14.1525843,52.3509545,6.246162,0.62696195,-2.1825356,5.847765,on bike mount,cyclo cross,False,asphalt,excellent
7c5c7670-85f0-4c34-9240-f6932a28d788,91360d8e-5283-4ec4-8bba-45b58a4a85a2,b2d559b8-ceb5-4ff1-bf3c-9229305beca3,1633165892261,14.1525843,52.3509545,6.246162,1.1956098,-1.7036457,2.5622559,on bike mount,cyclo cross,False,asphalt,excellent
7c5c7670-85f0-4c34-9240-f6932a28d788,91360d8e-5283-4ec4-8bba-45b58a4a85a2,7bfb2ee6-7981-4d72-8b19-3b58fb2e82ca,1633165892311,14.1525843,52.3509545,6.246162,0.045462817,1.1714227,-2.9929771,on bike mount,cyclo cross,False,asphalt,excellent
7c5c7670-85f0-4c34-9240-f6932a28d788,91360d8e-5283-4ec4-8bba-45b58a4a85a2,1ac189d0-de87-4560-8f10-f459e4f75bcd,1633165892362,14.1525843,52.3509545,6.246162,0.120380156,-0.06800842,0.72180176,on bike mount,cyclo cross,False,asphalt,excellent
7c5c7670-85f0-4c34-9240-f6932a28d788,91360d8e-5283-4ec4-8bba-45b58a4a85a2,9eeacf3d-300d-468a-bc0a-fba5b8aacd64,1633165892428,14.1525843,52.3509545,6.246162,-0.8542669,1.3347836,1.8485937,on bike mount,cyclo cross,False,asphalt,excellent
7c5c7670-85f0-4c34-9240-f6932a28d788,91360d8e-5283-4ec4-8bba-45b58a4a85a2,68bf1141-bc9a-4f5f-a846-de2d3d7b714a,1633165892478,14.1525843,52.3509545,6.246162,-0.6074252,-0.603261,-1.8863206,on bike mount,cyclo cross,False,asphalt,excellent
7c5c7670-85f0-4c34-9240-f6932a28d788,91360d8e-5283-4ec4-8bba-45b58a4a85a2,30f2f41a-10d1-419c-8a92-afff3b657d56,1633165892529,14.1525843,52.3509545,6.246162,-1.2330598,-1.0434835,1.7735443,on bike mount,cyclo cross,False,asphalt,excellent
7c5c7670-85f0-4c34-9240-f6932a28d788,91360d8e-5283-4ec4-8bba-45b58a4a85a2,d8d5ffa4-1279-4ffc-b69d-0424ce5f1287,1633165892596,14.1525843,52.3509545,6.246162,-0.9731251,2.486939,-3.494925,on bike mount,cyclo cross,False,asphalt,excellent
7c5c7670-85f0-4c34-9240-f6932a28d788,91360d8e-5283-4ec4-8bba-45b58a4a85a2,790fe1f3-0bf3-4899-8e01-f2e8f18394a4,1633165892646,14.1525843,52.3509545,6.246162,0.38262248,-2.3410585,-1.9433694,on bike mount,cyclo cross,False,asphalt,excellent
7c5c7670-85f0-4c34-9240-f6932a28d788,91360d8e-5283-4ec4-8bba-45b58a4a85a2,47aa05d9-21e0-4f8b-8f3b-6301c36dde10,1633165892712,14.152673,52.3509337,6.158654,0.05935332,1.9049206,-3.0206985,on bike mount,cyclo cross,False,asphalt,excellent
7c5c7670-85f0-4c34-9240-f6932a28d788,91360d8e-5283-4ec4-8bba-45b58a4a85a2,48b445a0-7c45-48a2-9f5a-3254e1dd5f30,1633165892779,14.152673,52.3509337,6.158654,-2.5572736,1.1623678,-0.64745045,on bike mount,cyclo cross,False,asphalt,excellent
7c5c7670-85f0-4c34-9240-f6932a28d788,91360d8e-5283-4ec4-8bba-45b58a4a85a2,e63b24f5-bb5e-46aa-84dd-79d10e4444ab,1633165892846,14.152673,52.3509337,6.158654,0.9039773,-1.0703877,-0.8324022,on bike mount,cyclo cross,False,asphalt,excellent
7c5c7670-85f0-4c34-9240-f6932a28d788,91360d8e-5283-4ec4-8bba-45b58a4a85a2,caaaf916-0837-4a6c-9391-96f8cababbf6,1633165892913,14.152673,52.3509337,6.158654,1.0809909,2.9107037,-1.2708368,on bike mount,cyclo cross,False,asphalt,excellent
7c5c7670-85f0-4c34-9240-f6932a28d788,91360d8e-5283-4ec4-8bba-45b58a4a85a2,e96f20d1-46ca-4421-acce-37e43ae35e1a,1633165892963,14.152673,52.3509337,6.158654,-0.28376642,-0.77955675,2.0338268,on bike mount,cyclo cross,False,asphalt,excellent
7c5c7670-85f0-4c34-9240-f6932a28d788,91360d8e-5283-4ec4-8bba-45b58a4a85a2,a8051525-be20-4462-8e5f-6291e33908a5,1633165893030,14.152673,52.3509337,6.158654,0.137772,-1.93765,-0.34403706,on bike mount,cyclo cross,False,asphalt,excellent
7c5c7670-85f0-4c34-9240-f6932a28d788,91360d8e-5283-4ec4-8bba-45b58a4a85a2,d688b72c-2252-47ce-8526-79a0f13ed9a7,1633165893080,14.152673,52.3509337,6.158654,0.347084,-2.2757773,-3.3730145,on bike mount,cyclo cross,False,asphalt,excellent
7c5c7670-85f0-4c34-9240-f6932a28d788,91360d8e-5283-4ec4-8bba-45b58a4a85a2,38a667b3-2a3a-4680-8581-4973baf246e1,1633165893130,14.152673,52.3509337,6.158654,0.7300603,-0.5398495,1.3552084,on bike mount,cyclo cross,False,asphalt,excellent
7c5c7670-85f0-4c34-9240-f6932a28d788,91360d8e-5283-4ec4-8bba-45b58a4a85a2,ca3b2d4d-e9cf-4754-80ae-9ca3130ebb1d,1633165893197,14.152673,52.3509337,6.158654,-1.5346049,1.1644826,-1.2172728,on bike mount,cyclo cross,False,asphalt,excellent
7c5c7670-85f0-4c34-9240-f6932a28d788,91360d8e-5283-4ec4-8bba-45b58a4a85a2,e3d1ea36-5710-472f-819d-55e78122779a,1633165893247,14.152673,52.3509337,6.158654,-1.8671684,0.18588185,1.9434223,on bike mount,cyclo cross,False,asphalt,excellent
7c5c7670-85f0-4c34-9240-f6932a28d788,91360d8e-5283-4ec4-8bba-45b58a4a85a2,12b23124-2779-407f-b5c5-2be106d6ec99,1633165893314,14.152673,52.3509337,6.158654,0.4996159,0.6174841,-0.45478725,on bike mount,cyclo cross,False,asphalt,excellent
7c5c7670-85f0-4c34-9240-f6932a28d788,91360d8e-5283-4ec4-8bba-45b58a4a85a2,8daba4d7-04a1-4062-952d-bfc30a16801b,1633165893364,14.152673,52.3509337,6.158654,0.9352788,0.054685593,-2.0660915,on bike mount,cyclo cross,False,asphalt,excellent
7c5c7670-85f0-4c34-9240-f6932a28d788,91360d8e-5283-4ec4-8bba-45b58a4a85a2,79c3d537-d7b6-4bc2-8705-2892641458a2,1633165893430,14.152673,52.3509337,6.158654,-0.9222249,0.64502406,-0.42699146,on bike mount,cyclo cross,False,asphalt,excellent
7c5c7670-85f0-4c34-9240-f6932a28d788,91360d8e-5283-4ec4-8bba-45b58a4a85a2,be77ec35-0424-4ecc-a5c7-2d27aaae0955,1633165893481,14.152673,52.3509337,6.158654,0.15391463,1.3041115,-0.67274475,on bike mount,cyclo cross,False,asphalt,excellent
7c5c7670-85f0-4c34-9240-f6932a28d788,91360d8e-5283-4ec4-8bba-45b58a4a85a2,604ea861-df76-455a-a38a-2b4291f842c9,1633165893531,14.152673,52.3509337,6.158654,0.18446466,2.3270936,-1.7322192,on bike mount,cyclo cross,False,asphalt,excellent
7c5c7670-85f0-4c34-9240-f6932a28d788,91360d8e-5283-4ec4-8bba-45b58a4a85a2,4de96b6a-388e-4a8b-a44a-41f92f69af0d,1633165893598,14.152673,52.3509337,6.158654,0.8697767,-0.40567684,2.246004,on bike mount,cyclo cross,False,asphalt,excellent
7c5c7670-85f0-4c34-9240-f6932a28d788,91360d8e-5283-4ec4-8bba-45b58a4a85a2,ee6e7bd3-945c-4a0e-9f0d-446de87a6928,1633165893665,14.152673,52.3509337,6.158654,0.5702385,-0.95892024,-2.365477,on bike mount,cyclo cross,False,asphalt,excellent
7c5c7670-85f0-4c34-9240-f6932a28d788,91360d8e-5283-4ec4-8bba-45b58a4a85a2,13dcc4cd-cf8e-4e1b-ac82-a72e2c5a8376,1633165893731,14.1527646,52.350909,6.6638727,0.633049,1.6151261,-2.8014607,on bike mount,cyclo cross,False,asphalt,excellent
7c5c7670-85f0-4c34-9240-f6932a28d788,91360d8e-5283-4ec4-8bba-45b58a4a85a2,3098856b-6c45-4212-86d1-295d47cd8e35,1633165893782,14.1527646,52.350909,6.6638727,0.94232637,0.30242658,0.6708145,on bike mount,cyclo cross,False,asphalt,excellent
7c5c7670-85f0-4c34-9240-f6932a28d788,91360d8e-5283-4ec4-8bba-45b58a4a85a2,a508adc1-99a2-4e8c-8159-7e181d46f7ef,1633165893848,14.1527646,52.350909,6.6638727,0.5483073,2.5900228,2.0566025,on bike mount,cyclo cross,False,asphalt,excellent
7c5c7670-85f0-4c34-9240-f6932a28d788,91360d8e-5283-4ec4-8bba-45b58a4a85a2,c4c0bec3-2604-446b-91ee-f071ef46f02d,1633165893898,14.1527646,52.350909,6.6638727,-0.53265566,-2.1867719,0.25862217,on bike mount,cyclo cross,False,asphalt,excellent
7c5c7670-85f0-4c34-9240-f6932a28d788,91360d8e-5283-4ec4-8bba-45b58a4a85a2,f3d3d349-c182-4b07-96de-832469cf7210,1633165893949,14.1527646,52.350909,6.6638727,1.0462921,0.34339714,-1.6242151,on bike mount,cyclo cross,False,asphalt,excellent
7c5c7670-85f0-4c34-9240-f6932a28d788,91360d8e-5283-4ec4-8bba-45b58a4a85a2,aea4892a-5aea-424e-99d6-8ab36ada0699,1633165894015,14.1527646,52.350909,6.6638727,0.47076023,0.19850612,1.349906,on bike mount,cyclo cross,False,asphalt,excellent
7c5c7670-85f0-4c34-9240-f6932a28d788,91360d8e-5283-4ec4-8bba-45b58a4a85a2,0c1df849-ac21-4dd8-a252-e9edbbbef70e,1633165894065,14.1527646,52.350909,6.6638727,0.07064152,1.0265238,-1.0817399,on bike mount,cyclo cross,False,asphalt,excellent
7c5c7670-85f0-4c34-9240-f6932a28d788,91360d8e-5283-4ec4-8bba-45b58a4a85a2,c4e6f4c4-ab6c-4079-9f0a-89f0b6f2b1e1,1633165894116,14.1527646,52.350909,6.6638727,-1.1369373,-0.18631434,-0.48727608,on bike mount,cyclo cross,False,asphalt,excellent
7c5c7670-85f0-4c34-9240-f6932a28d788,91360d8e-5283-4ec4-8bba-45b58a4a85a2,66fc30dd-a812-45d2-9846-0d6b6cca8685,1633165894182,14.1527646,52.350909,6.6638727,-0.6859751,1.0505884,-2.526503,on bike mount,cyclo cross,False,asphalt,excellent
7c5c7670-85f0-4c34-9240-f6932a28d788,91360d8e-5283-4ec4-8bba-45b58a4a85a2,8cb3a070-27bf-42b9-b2cf-5f1a892f035d,1633165894249,14.1527646,52.350909,6.6638727,-0.99371386,-0.08555412,0.629756,on bike mount,cyclo cross,False,asphalt,excellent
7c5c7670-85f0-4c34-9240-f6932a28d788,91360d8e-5283-4ec4-8bba-45b58a4a85a2,3765109d-468b-4eeb-8212-cc8d67430c2f,1633165894316,14.1527646,52.350909,6.6638727,0.6651435,2.206989,0.78257275,on bike mount,cyclo cross,False,asphalt,excellent
7c5c7670-85f0-4c34-9240-f6932a28d788,91360d8e-5283-4ec4-8bba-45b58a4a85a2,e24f8e55-8ea6-42fb-9e2e-25d7bfb8806d,1633165894383,14.1527646,52.350909,6.6638727,1.6461878,0.9078808,-0.7793865,on bike mount,cyclo cross,False,asphalt,excellent
7c5c7670-85f0-4c34-9240-f6932a28d788,91360d8e-5283-4ec4-8bba-45b58a4a85a2,d0a4719f-0b65-41d2-b7fb-60dbcee687f8,1633165894449,14.1527646,52.350909,6.6638727,0.18340898,-0.42151093,1.3641443,on bike mount,cyclo cross,False,asphalt,excellent
7c5c7670-85f0-4c34-9240-f6932a28d788,91360d8e-5283-4ec4-8bba-45b58a4a85a2,5ee98988-cabd-44ef-9e8f-161ec9e2be17,1633165894500,14.1527646,52.350909,6.6638727,-0.20835313,-2.1219091,0.9623661,on bike mount,cyclo cross,False,asphalt,excellent
7c5c7670-85f0-4c34-9240-f6932a28d788,91360d8e-5283-4ec4-8bba-45b58a4a85a2,2a06470d-56a6-4a04-a2a6-4e4cfa21d494,1633165894567,14.1527646,52.350909,6.6638727,-1.7827939,0.4940288,1.1753197,on bike mount,cyclo cross,False,asphalt,excellent
7c5c7670-85f0-4c34-9240-f6932a28d788,91360d8e-5283-4ec4-8bba-45b58a4a85a2,f6280f48-422e-49c3-bcc2-c2903d16bd40,1633165894634,14.1527646,52.350909,6.6638727,1.0426621,-0.30911374,-1.3787985,on bike mount,cyclo cross,False,asphalt,excellent
7c5c7670-85f0-4c34-9240-f6932a28d788,91360d8e-5283-4ec4-8bba-45b58a4a85a2,a64012e1-3b53-4ee8-953a-07548ccffacc,1633165894700,14.1528562,52.3508868,6.2490077,-1.0771545,-0.014830351,0.26179028,on bike mount,cyclo cross,False,asphalt,excellent
7c5c7670-85f0-4c34-9240-f6932a28d788,91360d8e-5283-4ec4-8bba-45b58a4a85a2,9abe3b91-91c1-4e9f-ba34-e4262a487b03,1633165894750,14.1528562,52.3508868,6.2490077,-1.7134987,-0.96785724,-0.7554951,on bike mount,cyclo cross,False,asphalt,excellent
7c5c7670-85f0-4c34-9240-f6932a28d788,91360d8e-5283-4ec4-8bba-45b58a4a85a2,3a350497-838c-41d1-91b1-48fbcdadd286,1633165894800,14.1528562,52.3508868,6.2490077,-0.503772,-0.06967664,0.75209236,on bike mount,cyclo cross,False,asphalt,excellent
7c5c7670-85f0-4c34-9240-f6932a28d788,91360d8e-5283-4ec4-8bba-45b58a4a85a2,5dfee288-a0da-43f6-92d5-8c5ff852e899,1633165894851,14.1528562,52.3508868,6.2490077,0.34112757,1.1373487,1.8972311,on bike mount,cyclo cross,False,asphalt,excellent
7c5c7670-85f0-4c34-9240-f6932a28d788,91360d8e-5283-4ec4-8bba-45b58a4a85a2,5622aeb5-77e2-45ce-aaea-b9f9a8b97ebc,1633165894917,14.1528562,52.3508868,6.2490077,0.058300376,-2.3391724,3.532382,on bike mount,cyclo cross,False,asphalt,excellent
7c5c7670-85f0-4c34-9240-f6932a28d788,91360d8e-5283-4ec4-8bba-45b58a4a85a2,f45b549c-9982-42b1-b1d3-b8fe4887ac94,1633165894968,14.1528562,52.3508868,6.2490077,0.31779823,-5.3491793,4.154089,on bike mount,cyclo cross,False,asphalt,excellent
7c5c7670-85f0-4c34-9240-f6932a28d788,91360d8e-5283-4ec4-8bba-45b58a4a85a2,9083b14c-a59d-4039-b5f0-563977945c13,1633165895018,14.1528562,52.3508868,6.2490077,-2.8762698,-3.16742,-1.4511604,on bike mount,cyclo cross,False,asphalt,excellent
7c5c7670-85f0-4c34-9240-f6932a28d788,91360d8e-5283-4ec4-8bba-45b58a4a85a2,d2df18e9-4919-4b5c-a081-2e5bfe6c9cc9,1633165895085,14.1528562,52.3508868,6.2490077,0.1117492,0.087801695,1.024725,on bike mount,cyclo cross,False,asphalt,excellent
7c5c7670-85f0-4c34-9240-f6932a28d788,91360d8e-5283-4ec4-8bba-45b58a4a85a2,8d72b929-30b4-4097-9e05-e7e09aedd0ee,1633165895135,14.1528562,52.3508868,6.2490077,1.1275814,2.5440297,1.0016375,on bike mount,cyclo cross,False,asphalt,excellent
7c5c7670-85f0-4c34-9240-f6932a28d788,91360d8e-5283-4ec4-8bba-45b58a4a85a2,972661eb-7a27-4bed-9f35-3336e2d79afb,1633165895201,14.1528562,52.3508868,6.2490077,-0.21853475,0.7997041,-3.1711822,on bike mount,cyclo cross,False,asphalt,excellent
7c5c7670-85f0-4c34-9240-f6932a28d788,91360d8e-5283-4ec4-8bba-45b58a4a85a2,f39c0035-623e-4416-a154-fc26d9d03bd4,1633165895251,14.1528562,52.3508868,6.2490077,-1.5582262,-1.3656888,0.56623745,on bike mount,cyclo cross,False,asphalt,excellent
7c5c7670-85f0-4c34-9240-f6932a28d788,91360d8e-5283-4ec4-8bba-45b58a4a85a2,e813160e-cea6-46d5-85a6-a897ef538709,1633165895302,14.1528562,52.3508868,6.2490077,-0.22376806,0.31190395,1.4107409,on bike mount,cyclo cross,False,asphalt,excellent
7c5c7670-85f0-4c34-9240-f6932a28d788,91360d8e-5283-4ec4-8bba-45b58a4a85a2,f3e0b99f-3d1a-43ae-9059-8a12c4c15b77,1633165895352,14.1528562,52.3508868,6.2490077,-0.18368268,2.490018,-1.433208,on bike mount,cyclo cross,False,asphalt,excellent
7c5c7670-85f0-4c34-9240-f6932a28d788,91360d8e-5283-4ec4-8bba-45b58a4a85a2,4edc0ec6-f9fa-47d7-85ff-f3dfb3a74986,1633165895419,14.1528562,52.3508868,6.2490077,0.6023874,-0.4066255,0.4071989,on bike mount,cyclo cross,False,asphalt,excellent
7c5c7670-85f0-4c34-9240-f6932a28d788,91360d8e-5283-4ec4-8bba-45b58a4a85a2,13e9b9cd-cc0e-4e2d-9643-26cd499c31d0,1633165895485,14.1528562,52.3508868,6.2490077,-1.2187506,-2.1109214,-1.0394855,on bike mount,cyclo cross,False,asphalt,excellent
7c5c7670-85f0-4c34-9240-f6932a28d788,91360d8e-5283-4ec4-8bba-45b58a4a85a2,087eac21-6394-4d14-bc4a-f87fe0468b13,1633165895536,14.1528562,52.3508868,6.2490077,-0.934018,0.2216556,-1.6638737,on bike mount,cyclo cross,False,asphalt,excellent
7c5c7670-85f0-4c34-9240-f6932a28d788,91360d8e-5283-4ec4-8bba-45b58a4a85a2,e6765a3f-87b3-41d6-9c9d-03f729d65f15,1633165895586,14.1528562,52.3508868,6.2490077,0.6326884,0.6608076,-1.7985935,on bike mount,cyclo cross,False,asphalt,excellent
7c5c7670-85f0-4c34-9240-f6932a28d788,91360d8e-5283-4ec4-8bba-45b58a4a85a2,da639d15-b1f7-4f08-b1a1-25e5f1b91483,1633165895653,14.1528562,52.3508868,6.2490077,0.19237408,-1.5443099,-1.1139746,on bike mount,cyclo cross,False,asphalt,excellent
7c5c7670-85f0-4c34-9240-f6932a28d788,91360d8e-5283-4ec4-8bba-45b58a4a85a2,7bcce97b-49de-4467-8a7a-f55403d5a145,1633165895719,14.1529417,52.3508636,6.4345984,0.3879949,0.72355604,-0.12598515,on bike mount,cyclo cross,False,asphalt,excellent
7c5c7670-85f0-4c34-9240-f6932a28d788,91360d8e-5283-4ec4-8bba-45b58a4a85a2,c912c608-bc67-4023-83b5-80133b7ccca4,1633165895770,14.1529417,52.3508636,6.4345984,1.090441,-0.085711,2.6410217,on bike mount,cyclo cross,False,asphalt,excellent
7c5c7670-85f0-4c34-9240-f6932a28d788,91360d8e-5283-4ec4-8bba-45b58a4a85a2,27dbe152-d6cb-4935-a1cd-ad7c721908ec,1633165895819,14.1529417,52.3508636,6.4345984,-0.90679973,-1.1999044,0.74912643,on bike mount,cyclo cross,False,asphalt,excellent
7c5c7670-85f0-4c34-9240-f6932a28d788,91360d8e-5283-4ec4-8bba-45b58a4a85a2,1b27333d-8f56-46a1-9369-8e7ec139e8d2,1633165895870,14.1529417,52.3508636,6.4345984,-1.150106,-0.6284416,-4.7632713,on bike mount,cyclo cross,False,asphalt,excellent
7c5c7670-85f0-4c34-9240-f6932a28d788,91360d8e-5283-4ec4-8bba-45b58a4a85a2,74fe9fe6-716e-423f-98cf-045c03b8520c,1633165895936,14.1529417,52.3508636,6.4345984,0.85160446,1.6953216,0.11532593,on bike mount,cyclo cross,False,asphalt,excellent
7c5c7670-85f0-4c34-9240-f6932a28d788,91360d8e-5283-4ec4-8bba-45b58a4a85a2,4835b57b-c4d0-46e1-9aaf-24c1b4acadbf,1633165895987,14.1529417,52.3508636,6.4345984,0.062984645,1.6727557,-1.9000306,on bike mount,cyclo cross,False,asphalt,excellent
7c5c7670-85f0-4c34-9240-f6932a28d788,91360d8e-5283-4ec4-8bba-45b58a4a85a2,3ce1db8c-a13d-4488-81bb-c4b873f59b88,1633165896053,14.1529417,52.3508636,6.4345984,-0.4504761,-0.53555775,-0.31166744,on bike mount,cyclo cross,False,asphalt,excellent
7c5c7670-85f0-4c34-9240-f6932a28d788,91360d8e-5283-4ec4-8bba-45b58a4a85a2,903e6bd3-04e2-4628-af35-15d70dc886f0,1633165896104,14.1529417,52.3508636,6.4345984,0.57401663,-0.33597636,0.15632343,on bike mount,cyclo cross,False,asphalt,excellent
7c5c7670-85f0-4c34-9240-f6932a28d788,91360d8e-5283-4ec4-8bba-45b58a4a85a2,7830ebae-8808-4bc3-bc33-acff402f31fd,1633165896170,14.1529417,52.3508636,6.4345984,1.6190126,1.1442451,-1.1550717,on bike mount,cyclo cross,False,asphalt,excellent
7c5c7670-85f0-4c34-9240-f6932a28d788,91360d8e-5283-4ec4-8bba-45b58a4a85a2,428e8d9c-6139-475e-b341-c6755dc6d242,1633165896221,14.1529417,52.3508636,6.4345984,0.5011089,0.5354333,-1.2969542,on bike mount,cyclo cross,False,asphalt,excellent
7c5c7670-85f0-4c34-9240-f6932a28d788,91360d8e-5283-4ec4-8bba-45b58a4a85a2,27de5265-acbf-4a95-88db-9ca93a0104bb,1633165896271,14.1529417,52.3508636,6.4345984,-1.15688,-2.0591757,1.7274904,on bike mount,cyclo cross,False,asphalt,excellent
7c5c7670-85f0-4c34-9240-f6932a28d788,91360d8e-5283-4ec4-8bba-45b58a4a85a2,2aead36c-0705-4866-9045-384881315501,1633165896321,14.1529417,52.3508636,6.4345984,-1.0850297,-0.4991722,-0.4244175,on bike mount,cyclo cross,False,asphalt,excellent
7c5c7670-85f0-4c34-9240-f6932a28d788,91360d8e-5283-4ec4-8bba-45b58a4a85a2,4f07566e-5e79-4c9e-8fc4-e11949fc8e09,1633165896388,14.1529417,52.3508636,6.4345984,0.5858123,0.36481905,-1.1632781,on bike mount,cyclo cross,False,asphalt,excellent
7c5c7670-85f0-4c34-9240-f6932a28d788,91360d8e-5283-4ec4-8bba-45b58a4a85a2,c3d17f08-5b17-4084-b641-964d222803e0,1633165896454,14.1529417,52.3508636,6.4345984,0.7833401,-0.4306481,0.86903286,on bike mount,cyclo cross,False,asphalt,excellent
7c5c7670-85f0-4c34-9240-f6932a28d788,91360d8e-5283-4ec4-8bba-45b58a4a85a2,6b611053-7c36-466f-afaa-1f6b52107652,1633165896505,14.1529417,52.3508636,6.4345984,-0.0072954446,-0.074316025,1.4275675,on bike mount,cyclo cross,False,asphalt,excellent
7c5c7670-85f0-4c34-9240-f6932a28d788,91360d8e-5283-4ec4-8bba-45b58a4a85a2,504639f6-f879-4023-bb5b-e496cc8730d4,1633165896555,14.1529417,52.3508636,6.4345984,-0.49672604,-0.32011437,2.102251,on bike mount,cyclo cross,False,asphalt,excellent
7c5c7670-85f0-4c34-9240-f6932a28d788,91360d8e-5283-4ec4-8bba-45b58a4a85a2,4c8e4f48-edf4-4de4-afc7-b06abc69a7a5,1633165896622,14.1529417,52.3508636,6.4345984,0.099127896,0.3274424,-0.30347252,on bike mount,cyclo cross,False,asphalt,excellent
7c5c7670-85f0-4c34-9240-f6932a28d788,91360d8e-5283-4ec4-8bba-45b58a4a85a2,2c591dc5-3556-4162-85fe-df450b2d6133,1633165896676,14.1530348,52.3508457,6.3962936,-0.56368613,1.735779,-3.0266519,on bike mount,cyclo cross,False,asphalt,excellent
7c5c7670-85f0-4c34-9240-f6932a28d788,91360d8e-5283-4ec4-8bba-45b58a4a85a2,63d3ed58-d5ad-410d-a7ca-81c62c889093,1633165896739,14.1530348,52.3508457,6.3962936,0.5974429,2.103672,-1.3028555,on bike mount,cyclo cross,False,asphalt,excellent
7c5c7670-85f0-4c34-9240-f6932a28d788,91360d8e-5283-4ec4-8bba-45b58a4a85a2,ff86ddab-f808-4eee-be55-8320d4a045fe,1633165896789,14.1530348,52.3508457,6.3962936,-0.4916199,-0.27285933,1.2351494,on bike mount,cyclo cross,False,asphalt,excellent
7c5c7670-85f0-4c34-9240-f6932a28d788,91360d8e-5283-4ec4-8bba-45b58a4a85a2,4e4c57ef-abbb-49c0-b6bc-2f8303a00a6d,1633165896855,14.1530348,52.3508457,6.3962936,-0.5564935,1.9316204,-1.5378389,on bike mount,cyclo cross,False,asphalt,excellent
7c5c7670-85f0-4c34-9240-f6932a28d788,91360d8e-5283-4ec4-8bba-45b58a4a85a2,81943ca3-9001-4e20-b42b-2394f45a13ee,1633165896905,14.1530348,52.3508457,6.3962936,0.281712,-0.26029038,1.6047564,on bike mount,cyclo cross,False,asphalt,excellent
7c5c7670-85f0-4c34-9240-f6932a28d788,91360d8e-5283-4ec4-8bba-45b58a4a85a2,1948e4a9-e679-4088-9e92-171d7bf0bb4b,1633165896956,14.1530348,52.3508457,6.3962936,1.5377998,0.306005,-0.61883354,on bike mount,cyclo cross,False,asphalt,excellent
7c5c7670-85f0-4c34-9240-f6932a28d788,91360d8e-5283-4ec4-8bba-45b58a4a85a2,8f1342b4-f5f5-49e2-9cca-227da9a4ccc3,1633165897006,14.1530348,52.3508457,6.3962936,0.063432485,0.7098918,-1.737947,on bike mount,cyclo cross,False,asphalt,excellent
7c5c7670-85f0-4c34-9240-f6932a28d788,91360d8e-5283-4ec4-8bba-45b58a4a85a2,30c238d3-bcee-424b-a12b-1f7e525af002,1633165897073,14.1530348,52.3508457,6.3962936,-0.52206635,-0.2356329,0.9022484,on bike mount,cyclo cross,False,asphalt,excellent
7c5c7670-85f0-4c34-9240-f6932a28d788,91360d8e-5283-4ec4-8bba-45b58a4a85a2,8c535758-fc68-4744-b5eb-f0751a366169,1633165897140,14.1530348,52.3508457,6.3962936,-2.2203069,3.8063917,0.237566,on bike mount,cyclo cross,False,asphalt,excellent
7c5c7670-85f0-4c34-9240-f6932a28d788,91360d8e-5283-4ec4-8bba-45b58a4a85a2,f280ec6e-55a3-47db-a489-8d2192671805,1633165897190,14.1530348,52.3508457,6.3962936,0.2073151,-0.015974283,-0.75969124,on bike mount,cyclo cross,False,asphalt,excellent
7c5c7670-85f0-4c34-9240-f6932a28d788,91360d8e-5283-4ec4-8bba-45b58a4a85a2,fb35cdb0-edcb-4668-9aba-1ab9d7bdfd99,1633165897240,14.1530348,52.3508457,6.3962936,-0.08419034,-0.3905623,0.12539005,on bike mount,cyclo cross,False,asphalt,excellent
7c5c7670-85f0-4c34-9240-f6932a28d788,91360d8e-5283-4ec4-8bba-45b58a4a85a2,65bc899d-e36b-4a05-9007-d6c4ab589316,1633165897290,14.1530348,52.3508457,6.3962936,0.061868012,-0.6606922,-2.7904153,on bike mount,cyclo cross,False,asphalt,excellent
7c5c7670-85f0-4c34-9240-f6932a28d788,91360d8e-5283-4ec4-8bba-45b58a4a85a2,c1b973a4-be47-4c19-874d-bb9247056ea7,1633165897357,14.1530348,52.3508457,6.3962936,-0.4569479,-0.59241056,-0.06286049,on bike mount,cyclo cross,False,asphalt,excellent
7c5c7670-85f0-4c34-9240-f6932a28d788,91360d8e-5283-4ec4-8bba-45b58a4a85a2,f947c1d9-8d64-4c13-8db1-778bcff9e96d,1633165897407,14.1530348,52.3508457,6.3962936,-0.7691823,0.24442744,-4.5470333,on bike mount,cyclo cross,False,asphalt,excellent
7c5c7670-85f0-4c34-9240-f6932a28d788,91360d8e-5283-4ec4-8bba-45b58a4a85a2,a6c524fa-213e-4c65-8311-dc1a0b387345,1633165897474,14.1530348,52.3508457,6.3962936,-0.06581639,-0.84337974,0.5872164,on bike mount,cyclo cross,False,asphalt,excellent
7c5c7670-85f0-4c34-9240-f6932a28d788,91360d8e-5283-4ec4-8bba-45b58a4a85a2,1f3601ad-efc4-4a49-ab77-8b151178a042,1633165897524,14.1530348,52.3508457,6.3962936,0.46721786,1.4245276,-0.89195156,on bike mount,cyclo cross,False,asphalt,excellent
7c5c7670-85f0-4c34-9240-f6932a28d788,91360d8e-5283-4ec4-8bba-45b58a4a85a2,9b01b240-4911-497a-8c1d-f7e5cf7db8ba,1633165897591,14.1530348,52.3508457,6.3962936,-0.44834083,4.277506,-5.0807896,on bike mount,cyclo cross,False,asphalt,excellent
7c5c7670-85f0-4c34-9240-f6932a28d788,91360d8e-5283-4ec4-8bba-45b58a4a85a2,7fad23b9-7a66-4983-adb4-f88b1bf2e452,1633165897641,14.1530348,52.3508457,6.3962936,1.7403178,-3.065525,1.1882563,on bike mount,cyclo cross,False,asphalt,excellent
7c5c7670-85f0-4c34-9240-f6932a28d788,91360d8e-5283-4ec4-8bba-45b58a4a85a2,1f1b835d-c47b-441b-a8e2-47e7c234c81e,1633165897708,14.1531262,52.3508232,6.280502,-1.5371715,-0.0638845,-3.169705,on bike mount,cyclo cross,False,asphalt,excellent
7c5c7670-85f0-4c34-9240-f6932a28d788,91360d8e-5283-4ec4-8bba-45b58a4a85a2,56987aa4-9ccf-4061-88c8-a2cce6c61f26,1633165897757,14.1531262,52.3508232,6.280502,-0.07914758,-2.2584262,-1.1612463,on bike mount,cyclo cross,False,asphalt,excellent
7c5c7670-85f0-4c34-9240-f6932a28d788,91360d8e-5283-4ec4-8bba-45b58a4a85a2,d4f92412-7f1b-45d6-a130-02ee400143c0,1633165897808,14.1531262,52.3508232,6.280502,1.3932854,-2.7588384,0.19809246,on bike mount,cyclo cross,False,asphalt,excellent
7c5c7670-85f0-4c34-9240-f6932a28d788,91360d8e-5283-4ec4-8bba-45b58a4a85a2,d3da106c-6845-431c-ae4b-0fbee70b3776,1633165897859,14.1531262,52.3508232,6.280502,2.0963087,-0.9560089,-0.56507206,on bike mount,cyclo cross,False,asphalt,excellent
7c5c7670-85f0-4c34-9240-f6932a28d788,91360d8e-5283-4ec4-8bba-45b58a4a85a2,c8d81239-ab55-4278-966c-5132d67326ea,1633165897925,14.1531262,52.3508232,6.280502,-1.1088266,4.5207415,-2.2611299,on bike mount,cyclo cross,False,asphalt,excellent
7c5c7670-85f0-4c34-9240-f6932a28d788,91360d8e-5283-4ec4-8bba-45b58a4a85a2,50a8e9dd-8b93-4692-8f8e-030aa9438016,1633165897992,14.1531262,52.3508232,6.280502,-0.27120867,2.1431694,1.9997778,on bike mount,cyclo cross,False,asphalt,excellent
7c5c7670-85f0-4c34-9240-f6932a28d788,91360d8e-5283-4ec4-8bba-45b58a4a85a2,bbd8f7f8-8487-479c-bcae-07254abc9383,1633165898042,14.1531262,52.3508232,6.280502,0.5061755,3.2412438,1.266798,on bike mount,cyclo cross,False,asphalt,excellent
7c5c7670-85f0-4c34-9240-f6932a28d788,91360d8e-5283-4ec4-8bba-45b58a4a85a2,b89a294b-5ef6-435f-bb66-2910528dfd1e,1633165898109,14.1531262,52.3508232,6.280502,0.73203486,0.5117173,-1.0764594,on bike mount,cyclo cross,False,asphalt,excellent
7c5c7670-85f0-4c34-9240-f6932a28d788,91360d8e-5283-4ec4-8bba-45b58a4a85a2,5ea92726-2181-4652-a7f3-f71cfd5d8b59,1633165898159,14.1531262,52.3508232,6.280502,-0.42425668,3.6222796,-3.8574176,on bike mount,cyclo cross,False,asphalt,excellent
7c5c7670-85f0-4c34-9240-f6932a28d788,91360d8e-5283-4ec4-8bba-45b58a4a85a2,aa773379-8d4a-4829-83e9-e3565edd0786,1633165898225,14.1531262,52.3508232,6.280502,1.9039264,1.6878133,0.01880455,on bike mount,cyclo cross,False,asphalt,excellent
7c5c7670-85f0-4c34-9240-f6932a28d788,91360d8e-5283-4ec4-8bba-45b58a4a85a2,ca321159-e8b1-44f6-abbc-d9f0d38eca49,1633165898276,14.1531262,52.3508232,6.280502,1.12883,2.863698,-2.5888572,on bike mount,cyclo cross,False,asphalt,excellent
7c5c7670-85f0-4c34-9240-f6932a28d788,91360d8e-5283-4ec4-8bba-45b58a4a85a2,78676f40-5c2a-4276-b940-a92471181168,1633165898326,14.1531262,52.3508232,6.280502,-1.4383552,2.007637,-1.1186132,on bike mount,cyclo cross,False,asphalt,excellent
7c5c7670-85f0-4c34-9240-f6932a28d788,91360d8e-5283-4ec4-8bba-45b58a4a85a2,3808b3bf-a848-49a7-bf17-99044e061b9a,1633165898376,14.1531262,52.3508232,6.280502,0.38818073,3.2654428,0.33783913,on bike mount,cyclo cross,False,asphalt,excellent
7c5c7670-85f0-4c34-9240-f6932a28d788,91360d8e-5283-4ec4-8bba-45b58a4a85a2,aab66fce-a988-4c8e-82cc-5c8ebf7e1022,1633165898443,14.1531262,52.3508232,6.280502,-0.34939247,2.593264,0.7105675,on bike mount,cyclo cross,False,asphalt,excellent
7c5c7670-85f0-4c34-9240-f6932a28d788,91360d8e-5283-4ec4-8bba-45b58a4a85a2,8d73d4e5-a567-41bf-b2d4-3b544fa828ff,1633165898509,14.1531262,52.3508232,6.280502,-1.1427658,1.6691585,3.2131577,on bike mount,cyclo cross,False,asphalt,excellent
7c5c7670-85f0-4c34-9240-f6932a28d788,91360d8e-5283-4ec4-8bba-45b58a4a85a2,690a6d6b-e9d8-4a7b-a7b8-7f1f125c85a4,1633165898560,14.1531262,52.3508232,6.280502,-0.37119454,1.1801114,-0.35279846,on bike mount,cyclo cross,False,asphalt,excellent
7c5c7670-85f0-4c34-9240-f6932a28d788,91360d8e-5283-4ec4-8bba-45b58a4a85a2,cae103b6-a4aa-4738-8d8e-bb243778ca7c,1633165898610,14.1531262,52.3508232,6.280502,0.43239325,-1.0175864,-2.8341918,on bike mount,cyclo cross,False,asphalt,excellent
7c5c7670-85f0-4c34-9240-f6932a28d788,91360d8e-5283-4ec4-8bba-45b58a4a85a2,19f967f3-fdc8-4491-84a0-321160e4c34c,1633165898664,14.1532145,52.3508007,6.3384404,0.5685217,-0.06315827,0.15943623,on bike mount,cyclo cross,False,asphalt,excellent
7c5c7670-85f0-4c34-9240-f6932a28d788,91360d8e-5283-4ec4-8bba-45b58a4a85a2,ceda638f-cb96-49b1-9ada-00d3cd1ed27c,1633165898727,14.1532145,52.3508007,6.3384404,-1.000227,-0.35736465,-2.6622586,on bike mount,cyclo cross,False,asphalt,excellent
7c5c7670-85f0-4c34-9240-f6932a28d788,91360d8e-5283-4ec4-8bba-45b58a4a85a2,e4845aa7-99a8-4668-b768-d033aafb657b,1633165898793,14.1532145,52.3508007,6.3384404,0.5667089,1.9972467,-2.1057854,on bike mount,cyclo cross,False,asphalt,excellent
7c5c7670-85f0-4c34-9240-f6932a28d788,91360d8e-5283-4ec4-8bba-45b58a4a85a2,73595185-f3e2-4fac-a5c0-042b89759408,1633165898844,14.1532145,52.3508007,6.3384404,-0.14990121,-0.09612274,0.9999943,on bike mount,cyclo cross,False,asphalt,excellent
7c5c7670-85f0-4c34-9240-f6932a28d788,91360d8e-5283-4ec4-8bba-45b58a4a85a2,1d95cc09-fe14-42d6-909d-c33cfb07682c,1633165898894,14.1532145,52.3508007,6.3384404,0.60128903,-1.0456548,-1.1417055,on bike mount,cyclo cross,False,asphalt,excellent
7c5c7670-85f0-4c34-9240-f6932a28d788,91360d8e-5283-4ec4-8bba-45b58a4a85a2,d3e92773-99f7-404b-a424-a649099a7d8f,1633165898944,14.1532145,52.3508007,6.3384404,0.9029777,-1.0889074,-1.6697354,on bike mount,cyclo cross,False,asphalt,excellent
7c5c7670-85f0-4c34-9240-f6932a28d788,91360d8e-5283-4ec4-8bba-45b58a4a85a2,8a9f6064-9b5d-475d-b63d-8db2fa8981bd,1633165899011,14.1532145,52.3508007,6.3384404,-0.16451782,1.0947926,-1.0375185,on bike mount,cyclo cross,False,asphalt,excellent
7c5c7670-85f0-4c34-9240-f6932a28d788,91360d8e-5283-4ec4-8bba-45b58a4a85a2,0d5ebb4e-fe30-4163-8bd6-7cf26cbc5c03,1633165899078,14.1532145,52.3508007,6.3384404,0.524455,0.35482788,-3.1435795,on bike mount,cyclo cross,False,asphalt,excellent
7c5c7670-85f0-4c34-9240-f6932a28d788,91360d8e-5283-4ec4-8bba-45b58a4a85a2,d680b7d0-9141-4edc-8966-0d6275bba18b,1633165899128,14.1532145,52.3508007,6.3384404,-0.07745199,0.21928787,-1.8987517,on bike mount,cyclo cross,False,asphalt,excellent
7c5c7670-85f0-4c34-9240-f6932a28d788,91360d8e-5283-4ec4-8bba-45b58a4a85a2,a1d197d7-f1aa-48c3-82a1-ea834eacd00f,1633165899194,14.1532145,52.3508007,6.3384404,-0.66266346,-1.4020704,1.9104309,on bike mount,cyclo cross,False,asphalt,excellent
7c5c7670-85f0-4c34-9240-f6932a28d788,91360d8e-5283-4ec4-8bba-45b58a4a85a2,b64d83bd-acb0-4d1e-b783-adf0f938ab0e,1633165899245,14.1532145,52.3508007,6.3384404,-0.1654756,0.094997644,-1.8682804,on bike mount,cyclo cross,False,asphalt,excellent
7c5c7670-85f0-4c34-9240-f6932a28d788,91360d8e-5283-4ec4-8bba-45b58a4a85a2,4a46aa8f-4b8c-4349-967d-44935a07d27a,1633165899294,14.1532145,52.3508007,6.3384404,-0.9561577,-2.017257,1.1410656,on bike mount,cyclo cross,False,asphalt,excellent
7c5c7670-85f0-4c34-9240-f6932a28d788,91360d8e-5283-4ec4-8bba-45b58a4a85a2,6370a5bb-7d70-4288-877c-db402ca0924e,1633165899345,14.1532145,52.3508007,6.3384404,1.4323571,-0.5386715,1.2822971,on bike mount,cyclo cross,False,asphalt,excellent
7c5c7670-85f0-4c34-9240-f6932a28d788,91360d8e-5283-4ec4-8bba-45b58a4a85a2,16133212-9bf5-4f10-a3a8-0aa62b3fb72b,1633165899412,14.1532145,52.3508007,6.3384404,-0.6704302,-0.29899073,1.1338453,on bike mount,cyclo cross,False,asphalt,excellent
7c5c7670-85f0-4c34-9240-f6932a28d788,91360d8e-5283-4ec4-8bba-45b58a4a85a2,98890a52-c041-4527-be9d-e74dd146ffaf,1633165899479,14.1532145,52.3508007,6.3384404,-0.57893384,-0.9446461,0.51085854,on bike mount,cyclo cross,False,asphalt,excellent
7c5c7670-85f0-4c34-9240-f6932a28d788,91360d8e-5283-4ec4-8bba-45b58a4a85a2,854d66e1-f676-4741-8c69-767727d183f4,1633165899529,14.1532145,52.3508007,6.3384404,-0.112379804,2.5152993,2.2306213,on bike mount,cyclo cross,False,asphalt,excellent
7c5c7670-85f0-4c34-9240-f6932a28d788,91360d8e-5283-4ec4-8bba-45b58a4a85a2,aae27c26-3871-4c73-96a2-5bee972c17e3,1633165899595,14.1532145,52.3508007,6.3384404,0.72955453,-2.0340908,2.3178978,on bike mount,cyclo cross,False,asphalt,excellent
7c5c7670-85f0-4c34-9240-f6932a28d788,91360d8e-5283-4ec4-8bba-45b58a4a85a2,9304363b-2aa6-4e44-aabc-45f253da841a,1633165899646,14.1532145,52.3508007,6.3384404,-0.18402469,-0.717916,-1.2698846,on bike mount,cyclo cross,False,asphalt,excellent
7c5c7670-85f0-4c34-9240-f6932a28d788,91360d8e-5283-4ec4-8bba-45b58a4a85a2,9343a6b4-29bd-4974-880c-42c614c623e8,1633165899712,14.1532982,52.3507786,6.4572864,0.7890241,0.6967399,-0.9029856,on bike mount,cyclo cross,False,asphalt,excellent
7c5c7670-85f0-4c34-9240-f6932a28d788,91360d8e-5283-4ec4-8bba-45b58a4a85a2,3a48fe59-59cb-44fb-9c7b-8467770a89e9,1633165899762,14.1532982,52.3507786,6.4572864,-0.15784746,-2.5521216,-1.1595583,on bike mount,cyclo cross,False,asphalt,excellent
7c5c7670-85f0-4c34-9240-f6932a28d788,91360d8e-5283-4ec4-8bba-45b58a4a85a2,54c6091b-e92c-4e84-853b-26c870838e29,1633165899813,14.1532982,52.3507786,6.4572864,-1.3474393,-0.1543436,1.7236328,on bike mount,cyclo cross,False,asphalt,excellent
7c5c7670-85f0-4c34-9240-f6932a28d788,91360d8e-5283-4ec4-8bba-45b58a4a85a2,d309fa79-1266-4f90-be98-f9ac5f482153,1633165899863,14.1532982,52.3507786,6.4572864,0.89700365,1.2799869,4.2293816,on bike mount,cyclo cross,False,asphalt,excellent
7c5c7670-85f0-4c34-9240-f6932a28d788,91360d8e-5283-4ec4-8bba-45b58a4a85a2,36832055-4c07-4493-82df-9a9b72cc3480,1633165899929,14.1532982,52.3507786,6.4572864,1.7497399,-3.9766383,-1.2672043,on bike mount,cyclo cross,False,asphalt,excellent
7c5c7670-85f0-4c34-9240-f6932a28d788,91360d8e-5283-4ec4-8bba-45b58a4a85a2,9810178f-6f1c-487a-86ea-08b5dd1a5800,1633165899980,14.1532982,52.3507786,6.4572864,0.481125,-3.2326653,5.2281713,on bike mount,cyclo cross,False,asphalt,excellent
7c5c7670-85f0-4c34-9240-f6932a28d788,91360d8e-5283-4ec4-8bba-45b58a4a85a2,b52d5adc-92fb-4287-b0c9-69201929427f,1633165900046,14.1532982,52.3507786,6.4572864,1.4083372,-3.6015286,3.0041523,on bike mount,cyclo cross,False,asphalt,excellent
7c5c7670-85f0-4c34-9240-f6932a28d788,91360d8e-5283-4ec4-8bba-45b58a4a85a2,4a94d6ab-a0b3-4e36-ae9e-27e883cf7b90,1633165900097,14.1532982,52.3507786,6.4572864,0.66182756,-5.248561,0.9565611,on bike mount,cyclo cross,False,asphalt,excellent
7c5c7670-85f0-4c34-9240-f6932a28d788,91360d8e-5283-4ec4-8bba-45b58a4a85a2,c018d83f-c0ec-4828-859b-533a7e04958c,1633165900164,14.1532982,52.3507786,6.4572864,1.976721,-4.268949,-0.45855522,on bike mount,cyclo cross,False,asphalt,excellent
7c5c7670-85f0-4c34-9240-f6932a28d788,91360d8e-5283-4ec4-8bba-45b58a4a85a2,b5566039-f253-4d76-94f6-ceecd27fa99c,1633165900230,14.1532982,52.3507786,6.4572864,1.5078034,-3.0324183,0.93787766,on bike mount,cyclo cross,False,asphalt,excellent
7c5c7670-85f0-4c34-9240-f6932a28d788,91360d8e-5283-4ec4-8bba-45b58a4a85a2,2eaffa17-d2fa-48b2-844c-a0b605f26114,1633165900280,14.1532982,52.3507786,6.4572864,0.1453693,1.8438835,-1.2548966,on bike mount,cyclo cross,False,asphalt,excellent
7c5c7670-85f0-4c34-9240-f6932a28d788,91360d8e-5283-4ec4-8bba-45b58a4a85a2,e7a7b9c3-0e23-45c5-9c27-d6fb133fdd25,1633165900331,14.1532982,52.3507786,6.4572864,0.46904922,-1.970874,3.5090141,on bike mount,cyclo cross,False,asphalt,excellent
7c5c7670-85f0-4c34-9240-f6932a28d788,91360d8e-5283-4ec4-8bba-45b58a4a85a2,12567ded-e662-421a-b0e3-cf38c5527563,1633165900381,14.1532982,52.3507786,6.4572864,-0.1919874,2.0709012,0.06923485,on bike mount,cyclo cross,False,asphalt,excellent
7c5c7670-85f0-4c34-9240-f6932a28d788,91360d8e-5283-4ec4-8bba-45b58a4a85a2,224cbcad-e6cf-464a-9f58-6172ce635f8b,1633165900448,14.1532982,52.3507786,6.4572864,1.3352406,-5.018761,-0.7967701,on bike mount,cyclo cross,False,asphalt,excellent
7c5c7670-85f0-4c34-9240-f6932a28d788,91360d8e-5283-4ec4-8bba-45b58a4a85a2,25727f03-68fa-4c2e-a444-b19e2fd8af35,1633165900514,14.1532982,52.3507786,6.4572864,0.23761654,0.20244169,-0.03729725,on bike mount,cyclo cross,False,asphalt,excellent
7c5c7670-85f0-4c34-9240-f6932a28d788,91360d8e-5283-4ec4-8bba-45b58a4a85a2,89d4d1ff-7aba-4b4d-844d-2107335c9cdc,1633165900565,14.1532982,52.3507786,6.4572864,-0.2925474,2.3793945,-3.202014,on bike mount,cyclo cross,False,asphalt,excellent
7c5c7670-85f0-4c34-9240-f6932a28d788,91360d8e-5283-4ec4-8bba-45b58a4a85a2,1e3df490-719d-4fa1-90dc-45c0dd9d280a,1633165900632,14.1532982,52.3507786,6.4572864,0.9909023,3.4923599,2.1360493,on bike mount,cyclo cross,False,asphalt,excellent
7c5c7670-85f0-4c34-9240-f6932a28d788,91360d8e-5283-4ec4-8bba-45b58a4a85a2,6935067f-a969-43b9-b5c4-625a3f2b66b3,1633165900698,14.1533914,52.350758,6.480877,2.53784,-7.1022596,2.181551,on bike mount,cyclo cross,False,asphalt,excellent
7c5c7670-85f0-4c34-9240-f6932a28d788,91360d8e-5283-4ec4-8bba-45b58a4a85a2,9ac33f9b-5b3d-49b1-97fc-515ae3dcf7d1,1633165900748,14.1533914,52.350758,6.480877,-2.155364,1.4876978,-5.2195177,on bike mount,cyclo cross,False,asphalt,excellent
7c5c7670-85f0-4c34-9240-f6932a28d788,91360d8e-5283-4ec4-8bba-45b58a4a85a2,339b22c8-447c-459e-9e33-c8939e5fd465,1633165900798,14.1533914,52.350758,6.480877,0.86623836,0.42727375,1.0122538,on bike mount,cyclo cross,False,asphalt,excellent
7c5c7670-85f0-4c34-9240-f6932a28d788,91360d8e-5283-4ec4-8bba-45b58a4a85a2,8eb865c3-48c5-4759-92a3-13a19ce632fe,1633165900849,14.1533914,52.350758,6.480877,0.56170285,-2.2987301,8.375178,on bike mount,cyclo cross,False,asphalt,excellent
7c5c7670-85f0-4c34-9240-f6932a28d788,91360d8e-5283-4ec4-8bba-45b58a4a85a2,c5516574-0fe7-4313-ad00-46fc24d7c458,1633165900915,14.1533914,52.350758,6.480877,0.16477019,0.49884295,-0.2475872,on bike mount,cyclo cross,False,asphalt,excellent
7c5c7670-85f0-4c34-9240-f6932a28d788,91360d8e-5283-4ec4-8bba-45b58a4a85a2,74fb1ce2-efbd-4436-8c42-e9d34ac95bb2,1633165900966,14.1533914,52.350758,6.480877,-0.122284904,1.184371,-1.8608923,on bike mount,cyclo cross,False,asphalt,excellent
7c5c7670-85f0-4c34-9240-f6932a28d788,91360d8e-5283-4ec4-8bba-45b58a4a85a2,ca9fa6a0-d251-46ee-ac78-78c5f01fe6ac,1633165901016,14.1533914,52.350758,6.480877,1.0820347,-5.4148164,5.724351,on bike mount,cyclo cross,False,asphalt,excellent
7c5c7670-85f0-4c34-9240-f6932a28d788,91360d8e-5283-4ec4-8bba-45b58a4a85a2,0e1397ae-b1dc-4a83-9d8b-5c03f9758e82,1633165901083,14.1533914,52.350758,6.480877,0.58875376,1.7246008,2.0520735,on bike mount,cyclo cross,False,asphalt,excellent
7c5c7670-85f0-4c34-9240-f6932a28d788,91360d8e-5283-4ec4-8bba-45b58a4a85a2,a0184070-fd84-46e5-8e8f-af132efbc03c,1633165901132,14.1533914,52.350758,6.480877,-1.3110977,0.9641781,-4.2857227,on bike mount,cyclo cross,False,asphalt,excellent
7c5c7670-85f0-4c34-9240-f6932a28d788,91360d8e-5283-4ec4-8bba-45b58a4a85a2,98a9ba3c-534e-4695-8355-3e7f3c4acf02,1633165901183,14.1533914,52.350758,6.480877,0.48702857,-0.40078735,-1.9174485,on bike mount,cyclo cross,False,asphalt,excellent
7c5c7670-85f0-4c34-9240-f6932a28d788,91360d8e-5283-4ec4-8bba-45b58a4a85a2,42dbd531-fa95-456e-a9d8-146387f69272,1633165901250,14.1533914,52.350758,6.480877,-1.3618141,-1.1640937,-5.5999775,on bike mount,cyclo cross,False,asphalt,excellent
7c5c7670-85f0-4c34-9240-f6932a28d788,91360d8e-5283-4ec4-8bba-45b58a4a85a2,7da34d5a-ffcd-4d8a-a722-cecb090edb91,1633165901300,14.1533914,52.350758,6.480877,0.75772214,-0.8751786,-2.9529204,on bike mount,cyclo cross,False,asphalt,excellent
7c5c7670-85f0-4c34-9240-f6932a28d788,91360d8e-5283-4ec4-8bba-45b58a4a85a2,f4cfd72f-9a21-4773-abc8-184bd2612c10,1633165901366,14.1533914,52.350758,6.480877,-0.7792671,0.896029,1.8431883,on bike mount,cyclo cross,False,asphalt,excellent
7c5c7670-85f0-4c34-9240-f6932a28d788,91360d8e-5283-4ec4-8bba-45b58a4a85a2,34e4f712-c51c-4476-a8e1-766451676bbe,1633165901417,14.1533914,52.350758,6.480877,1.8352612,2.2169626,-0.45364904,on bike mount,cyclo cross,False,asphalt,excellent
7c5c7670-85f0-4c34-9240-f6932a28d788,91360d8e-5283-4ec4-8bba-45b58a4a85a2,5c75f338-52df-4748-b54d-796d7010db46,1633165901467,14.1533914,52.350758,6.480877,1.2037954,3.0149646,1.8922281,on bike mount,cyclo cross,False,asphalt,excellent
7c5c7670-85f0-4c34-9240-f6932a28d788,91360d8e-5283-4ec4-8bba-45b58a4a85a2,66934ab4-5d31-499f-a18b-9affd9bb847a,1633165901534,14.1533914,52.350758,6.480877,-1.0897104,-10.464194,3.6917944,on bike mount,cyclo cross,False,asphalt,excellent
7c5c7670-85f0-4c34-9240-f6932a28d788,91360d8e-5283-4ec4-8bba-45b58a4a85a2,94701a55-d106-4b10-9f27-7ecf8bcc419f,1633165901600,14.1533914,52.350758,6.480877,-0.041499093,-0.33675766,-3.4906435,on bike mount,cyclo cross,False,asphalt,excellent
7c5c7670-85f0-4c34-9240-f6932a28d788,91360d8e-5283-4ec4-8bba-45b58a4a85a2,27768ecd-5514-4f04-99ac-d317992e9891,1633165901655,14.1534786,52.3507377,6.3029933,0.82849765,-0.73400533,-2.348226,on bike mount,cyclo cross,False,asphalt,excellent
7c5c7670-85f0-4c34-9240-f6932a28d788,91360d8e-5283-4ec4-8bba-45b58a4a85a2,1fc99555-780e-4d83-858f-308140aa51c8,1633165901717,14.1534786,52.3507377,6.3029933,-0.87670386,-14.694023,10.743729,on bike mount,cyclo cross,False,asphalt,excellent
7c5c7670-85f0-4c34-9240-f6932a28d788,91360d8e-5283-4ec4-8bba-45b58a4a85a2,58b0b8e5-2b00-469e-9051-33b6654afc7b,1633165901768,14.1534786,52.3507377,6.3029933,1.780092,0.29455853,7.2302732,on bike mount,cyclo cross,False,asphalt,excellent
7c5c7670-85f0-4c34-9240-f6932a28d788,91360d8e-5283-4ec4-8bba-45b58a4a85a2,7afda30e-e9e0-4d07-87af-7f438bb27bef,1633165901818,14.1534786,52.3507377,6.3029933,-0.5368402,-1.694202,3.014655,on bike mount,cyclo cross,False,asphalt,excellent
7c5c7670-85f0-4c34-9240-f6932a28d788,91360d8e-5283-4ec4-8bba-45b58a4a85a2,63b86351-70a4-4be8-a9f1-72789eef1017,1633165901885,14.1534786,52.3507377,6.3029933,-1.6663058,-5.4429097,0.5477991,on bike mount,cyclo cross,False,asphalt,excellent
7c5c7670-85f0-4c34-9240-f6932a28d788,91360d8e-5283-4ec4-8bba-45b58a4a85a2,35d8b5a7-b392-4463-af6b-3aa443bbc39b,1633165901935,14.1534786,52.3507377,6.3029933,-0.18001348,5.0587835,1.2263508,on bike mount,cyclo cross,False,asphalt,excellent
7c5c7670-85f0-4c34-9240-f6932a28d788,91360d8e-5283-4ec4-8bba-45b58a4a85a2,e5823f9a-fbee-43c3-be46-60188d64e374,1633165901985,14.1534786,52.3507377,6.3029933,0.47204888,0.84942913,-1.2172751,on bike mount,cyclo cross,False,asphalt,excellent
7c5c7670-85f0-4c34-9240-f6932a28d788,91360d8e-5283-4ec4-8bba-45b58a4a85a2,b6e3795b-02b6-4c9f-8e3f-daec7b0f0d75,1633165902052,14.1534786,52.3507377,6.3029933,0.43191624,0.261266,0.19605064,on bike mount,cyclo cross,False,asphalt,excellent
7c5c7670-85f0-4c34-9240-f6932a28d788,91360d8e-5283-4ec4-8bba-45b58a4a85a2,03eeab45-1873-4e40-8431-6ee948b9356b,1633165902118,14.1534786,52.3507377,6.3029933,-1.9857891,-0.6020348,2.3989258,on bike mount,cyclo cross,False,asphalt,excellent
7c5c7670-85f0-4c34-9240-f6932a28d788,91360d8e-5283-4ec4-8bba-45b58a4a85a2,0b224a41-ec2e-4d76-92f9-84e44aad4d2f,1633165902168,14.1534786,52.3507377,6.3029933,1.0208938,0.06327772,0.49255943,on bike mount,cyclo cross,False,asphalt,excellent
7c5c7670-85f0-4c34-9240-f6932a28d788,91360d8e-5283-4ec4-8bba-45b58a4a85a2,dd6b5ca6-9ffa-4f12-b182-2ade2e5695e5,1633165902219,14.1534786,52.3507377,6.3029933,-0.223517,3.2263741,-0.28275394,on bike mount,cyclo cross,False,asphalt,excellent
7c5c7670-85f0-4c34-9240-f6932a28d788,91360d8e-5283-4ec4-8bba-45b58a4a85a2,6b4fbf8a-108a-400d-b9c2-fed464c233a9,1633165902269,14.1534786,52.3507377,6.3029933,-0.56504494,2.6999626,-2.0805712,on bike mount,cyclo cross,False,asphalt,excellent
7c5c7670-85f0-4c34-9240-f6932a28d788,91360d8e-5283-4ec4-8bba-45b58a4a85a2,5c8b05b6-a41e-4b3b-a4d9-d1a4e2e802af,1633165902319,14.1534786,52.3507377,6.3029933,-0.3315458,0.1848681,0.55365086,on bike mount,cyclo cross,False,asphalt,excellent
7c5c7670-85f0-4c34-9240-f6932a28d788,91360d8e-5283-4ec4-8bba-45b58a4a85a2,c754bd5e-5a7e-4aa7-9433-e8c020c47fcb,1633165902386,14.1534786,52.3507377,6.3029933,0.26710266,-1.5804622,-0.75213337,on bike mount,cyclo cross,False,asphalt,excellent
7c5c7670-85f0-4c34-9240-f6932a28d788,91360d8e-5283-4ec4-8bba-45b58a4a85a2,c66258ed-5300-4fd3-a755-a8b09c6671e9,1633165902453,14.1534786,52.3507377,6.3029933,0.7468877,0.9297309,-0.38056183,on bike mount,cyclo cross,False,asphalt,excellent
7c5c7670-85f0-4c34-9240-f6932a28d788,91360d8e-5283-4ec4-8bba-45b58a4a85a2,dfb36384-1747-4ecf-b769-1281c44d0232,1633165902519,14.1534786,52.3507377,6.3029933,-1.1793216,0.7149515,1.0664349,on bike mount,cyclo cross,False,asphalt,excellent
7c5c7670-85f0-4c34-9240-f6932a28d788,91360d8e-5283-4ec4-8bba-45b58a4a85a2,ec2722c7-8224-4740-b6a0-9ddcf7c8b5fa,1633165902570,14.1534786,52.3507377,6.3029933,-0.47964403,0.85443497,1.1351128,on bike mount,cyclo cross,False,asphalt,excellent
7c5c7670-85f0-4c34-9240-f6932a28d788,91360d8e-5283-4ec4-8bba-45b58a4a85a2,bcdc03b9-f031-4fdf-ad59-66f9fed01589,1633165902637,14.1534786,52.3507377,6.3029933,0.017707705,-1.3526579,2.869338,on bike mount,cyclo cross,False,asphalt,excellent
7c5c7670-85f0-4c34-9240-f6932a28d788,91360d8e-5283-4ec4-8bba-45b58a4a85a2,38fa1aec-f656-4b40-9ace-83eed1158b13,1633165902686,14.153568,52.350714,6.4207435,0.33176365,0.45063233,1.079421,on bike mount,cyclo cross,False,asphalt,excellent
7c5c7670-85f0-4c34-9240-f6932a28d788,91360d8e-5283-4ec4-8bba-45b58a4a85a2,e1560d66-2f5e-4915-b96c-2f22573286b1,1633165902736,14.153568,52.350714,6.4207435,1.0398722,-1.9098494,1.0381908,on bike mount,cyclo cross,False,asphalt,excellent
7c5c7670-85f0-4c34-9240-f6932a28d788,91360d8e-5283-4ec4-8bba-45b58a4a85a2,543c73be-2e1f-4f9b-89d2-bb7b5285ab2d,1633165902787,14.153568,52.350714,6.4207435,1.4181409,0.5575025,0.1004591,on bike mount,cyclo cross,False,asphalt,excellent
7c5c7670-85f0-4c34-9240-f6932a28d788,91360d8e-5283-4ec4-8bba-45b58a4a85a2,88d77603-5212-49f9-8ee7-f1614112df1d,1633165902854,14.153568,52.350714,6.4207435,-1.0299797,-0.51202226,0.7175112,on bike mount,cyclo cross,False,asphalt,excellent
7c5c7670-85f0-4c34-9240-f6932a28d788,91360d8e-5283-4ec4-8bba-45b58a4a85a2,4c7a85ad-5047-4605-83f1-18f18e440207,1633165902921,14.153568,52.350714,6.4207435,-1.6296382,-1.3842903,1.3536663,on bike mount,cyclo cross,False,asphalt,excellent
7c5c7670-85f0-4c34-9240-f6932a28d788,91360d8e-5283-4ec4-8bba-45b58a4a85a2,c3d773c6-d51e-433d-b082-524b89fc61aa,1633165902988,14.153568,52.350714,6.4207435,0.11198054,0.5336232,-2.7723427,on bike mount,cyclo cross,False,asphalt,excellent
7c5c7670-85f0-4c34-9240-f6932a28d788,91360d8e-5283-4ec4-8bba-45b58a4a85a2,c17a4f6e-f315-4413-815a-b32a2fafd1c6,1633165903054,14.153568,52.350714,6.4207435,0.37168306,1.4706507,-2.2990127,on bike mount,cyclo cross,False,asphalt,excellent
7c5c7670-85f0-4c34-9240-f6932a28d788,91360d8e-5283-4ec4-8bba-45b58a4a85a2,2966b1a5-65c3-4f0b-943f-4fd15254a9de,1633165903106,14.153568,52.350714,6.4207435,1.06216,1.8648582,-3.5151577,on bike mount,cyclo cross,False,asphalt,excellent
7c5c7670-85f0-4c34-9240-f6932a28d788,91360d8e-5283-4ec4-8bba-45b58a4a85a2,fda47ec0-1a25-44ce-9056-70d98daf8d9f,1633165903278,14.153568,52.350714,6.4207435,2.6383586,-1.5160079,3.1691456,on bike mount,cyclo cross,False,asphalt,excellent
7c5c7670-85f0-4c34-9240-f6932a28d788,91360d8e-5283-4ec4-8bba-45b58a4a85a2,cfd28ac1-fdf4-45c2-a6b3-3de7b15b7549,1633165903329,14.153568,52.350714,6.4207435,-0.04286447,0.27984095,-0.747797,on bike mount,cyclo cross,False,asphalt,excellent
7c5c7670-85f0-4c34-9240-f6932a28d788,91360d8e-5283-4ec4-8bba-45b58a4a85a2,37b04e24-9264-4829-b8a5-2131cb3628a2,1633165903378,14.153568,52.350714,6.4207435,-0.92391664,1.0539837,-1.5047612,on bike mount,cyclo cross,False,asphalt,excellent
7c5c7670-85f0-4c34-9240-f6932a28d788,91360d8e-5283-4ec4-8bba-45b58a4a85a2,7b3ebeac-547a-43f9-aa33-c3ad61df6668,1633165903445,14.153568,52.350714,6.4207435,0.11953145,-4.6258163,-1.0883808,on bike mount,cyclo cross,False,asphalt,excellent
7c5c7670-85f0-4c34-9240-f6932a28d788,91360d8e-5283-4ec4-8bba-45b58a4a85a2,da8e04ff-8ccc-47b7-a680-17e7d34afe3f,1633165903494,14.153568,52.350714,6.4207435,0.04603243,0.98885393,-2.1140046,on bike mount,cyclo cross,False,asphalt,excellent
7c5c7670-85f0-4c34-9240-f6932a28d788,91360d8e-5283-4ec4-8bba-45b58a4a85a2,871fa3bd-0cee-4d8c-b0d9-419b789b7cc2,1633165903544,14.153568,52.350714,6.4207435,0.24441908,0.86507225,1.6938219,on bike mount,cyclo cross,False,asphalt,excellent
7c5c7670-85f0-4c34-9240-f6932a28d788,91360d8e-5283-4ec4-8bba-45b58a4a85a2,951877dc-101b-4cdd-b9a9-95457430fd25,1633165903594,14.153568,52.350714,6.4207435,-0.8626298,-2.9684126,-2.5362582,on bike mount,cyclo cross,False,asphalt,excellent
7c5c7670-85f0-4c34-9240-f6932a28d788,91360d8e-5283-4ec4-8bba-45b58a4a85a2,b6f93225-ed47-4995-94e9-87e0e55a1e08,1633165903645,14.153568,52.350714,6.4207435,-0.5940604,-0.42147005,0.6284342,on bike mount,cyclo cross,False,asphalt,excellent
7c5c7670-85f0-4c34-9240-f6932a28d788,91360d8e-5283-4ec4-8bba-45b58a4a85a2,d8be6add-d46d-4f05-980c-375ef23a3931,1633165903696,14.153568,52.350714,6.4207435,0.85599494,2.226614,-2.7947793,on bike mount,cyclo cross,False,asphalt,excellent
7c5c7670-85f0-4c34-9240-f6932a28d788,91360d8e-5283-4ec4-8bba-45b58a4a85a2,791370ab-d8ce-449d-b0b1-fc02d5e12b89,1633165903746,14.153568,52.350714,6.4207435,-0.036716104,5.3255258,-1.6732683,on bike mount,cyclo cross,False,asphalt,excellent
7c5c7670-85f0-4c34-9240-f6932a28d788,91360d8e-5283-4ec4-8bba-45b58a4a85a2,c94d37d4-924d-4823-b6ba-b3b41d8c5e79,1633165903796,14.153568,52.350714,6.4207435,1.1869661,-0.47059202,-0.76365185,on bike mount,cyclo cross,False,asphalt,excellent
7c5c7670-85f0-4c34-9240-f6932a28d788,91360d8e-5283-4ec4-8bba-45b58a4a85a2,86810d93-736a-436f-8e3d-644a221eadf4,1633165903846,14.153568,52.350714,6.4207435,0.7796795,-1.5555071,1.840622,on bike mount,cyclo cross,False,asphalt,excellent
7c5c7670-85f0-4c34-9240-f6932a28d788,91360d8e-5283-4ec4-8bba-45b58a4a85a2,d1ce2d63-6cfb-4dfe-b2b9-de4e13c8a475,1633165903894,14.153568,52.350714,6.4207435,-0.4588775,-1.2077593,0.7166748,on bike mount,cyclo cross,False,asphalt,excellent
7c5c7670-85f0-4c34-9240-f6932a28d788,91360d8e-5283-4ec4-8bba-45b58a4a85a2,85d9afa1-b53a-4352-af07-ebc48a316ade,1633165903944,14.153568,52.350714,6.4207435,-0.82271993,1.0845413,1.1895742,on bike mount,cyclo cross,False,asphalt,excellent
7c5c7670-85f0-4c34-9240-f6932a28d788,91360d8e-5283-4ec4-8bba-45b58a4a85a2,f1c4fb90-1c5c-4dc6-8b5d-9319fd0ea610,1633165903994,14.153568,52.350714,6.4207435,0.93402886,0.5125005,0.19859314,on bike mount,cyclo cross,False,asphalt,excellent
7c5c7670-85f0-4c34-9240-f6932a28d788,91360d8e-5283-4ec4-8bba-45b58a4a85a2,83604186-c96c-46ea-af11-4bcdb80fee63,1633165904045,14.153568,52.350714,6.4207435,-1.3206158,3.2574291,-1.204473,on bike mount,cyclo cross,False,asphalt,excellent
7c5c7670-85f0-4c34-9240-f6932a28d788,91360d8e-5283-4ec4-8bba-45b58a4a85a2,086e36e9-9bde-4ad3-8d73-fd2f6e0bb76c,1633165904094,14.153568,52.350714,6.4207435,0.11549269,1.1443949,2.4748306,on bike mount,cyclo cross,False,asphalt,excellent
7c5c7670-85f0-4c34-9240-f6932a28d788,91360d8e-5283-4ec4-8bba-45b58a4a85a2,44171561-f0ff-494f-a341-7616a4905d1b,1633165904144,14.153568,52.350714,6.4207435,0.045688212,-1.3361162,-1.9018717,on bike mount,cyclo cross,False,asphalt,excellent
7c5c7670-85f0-4c34-9240-f6932a28d788,91360d8e-5283-4ec4-8bba-45b58a4a85a2,2ac10384-f435-48b9-953a-430ccf8e70cf,1633165904194,14.153568,52.350714,6.4207435,0.7537797,-0.0036518574,-1.7489886,on bike mount,cyclo cross,False,asphalt,excellent
7c5c7670-85f0-4c34-9240-f6932a28d788,91360d8e-5283-4ec4-8bba-45b58a4a85a2,600d6869-5b62-4a19-bc03-4735532210d9,1633165904244,14.153568,52.350714,6.4207435,-0.47830403,-0.67162514,-0.91460896,on bike mount,cyclo cross,False,asphalt,excellent
7c5c7670-85f0-4c34-9240-f6932a28d788,91360d8e-5283-4ec4-8bba-45b58a4a85a2,136f5e22-4034-4748-9b56-5a1533758fb7,1633165904294,14.153568,52.350714,6.4207435,2.085696,1.313524,-0.6807165,on bike mount,cyclo cross,False,asphalt,excellent
7c5c7670-85f0-4c34-9240-f6932a28d788,91360d8e-5283-4ec4-8bba-45b58a4a85a2,d12b5928-2fb9-4aa9-bc4b-f2bb03283616,1633165904344,14.153568,52.350714,6.4207435,1.9691358,-1.3655035,1.2624531,on bike mount,cyclo cross,False,asphalt,excellent
7c5c7670-85f0-4c34-9240-f6932a28d788,91360d8e-5283-4ec4-8bba-45b58a4a85a2,0d22a07b-2890-402c-89e9-b3cd57447af0,1633165904395,14.153568,52.350714,6.4207435,-0.35769808,-0.9264977,0.32597828,on bike mount,cyclo cross,False,asphalt,excellent
7c5c7670-85f0-4c34-9240-f6932a28d788,91360d8e-5283-4ec4-8bba-45b58a4a85a2,73ae5669-9a35-467e-b394-88cd73b8f02d,1633165904445,14.153568,52.350714,6.4207435,-1.120738,2.4182644,-0.1506691,on bike mount,cyclo cross,False,asphalt,excellent
7c5c7670-85f0-4c34-9240-f6932a28d788,91360d8e-5283-4ec4-8bba-45b58a4a85a2,ebf98463-4350-4daa-bcec-eb8222b013e2,1633165904495,14.153568,52.350714,6.4207435,1.956722,-0.0144917965,-0.45468426,on bike mount,cyclo cross,False,asphalt,excellent
