bike_activity_uid,bike_activity_sample_uid,bike_activity_measurement,bike_activity_measurement_timestamp,bike_activity_measurement_lon,bike_activity_measurement_lat,bike_activity_measurement_speed,bike_activity_measurement_accelerometer_x,bike_activity_measurement_accelerometer_y,bike_activity_measurement_accelerometer_z,bike_activity_phone_position,bike_activity_bike_type,bike_activity_flagged_lab_conditions,bike_activity_surface_type,bike_activity_smoothness_type
986c3e9a-e0bf-4ad5-bfd4-d9ee2b16ecfb,3ae7a474-3c70-4261-af10-51828535c73b,91a59b84-2076-4a51-a84f-61debd706528,1634109689354,13.4027853,52.4724319,5.310311,1.3321604,2.0777102,-5.2079372,on bike mount,cyclo cross,True,paving stones,good
986c3e9a-e0bf-4ad5-bfd4-d9ee2b16ecfb,3ae7a474-3c70-4261-af10-51828535c73b,284645a8-7680-49e5-9ebf-a1a008f7de08,1634109689405,13.4027853,52.4724319,5.310311,1.6027521,5.2116833,-4.942129,on bike mount,cyclo cross,True,paving stones,good
986c3e9a-e0bf-4ad5-bfd4-d9ee2b16ecfb,3ae7a474-3c70-4261-af10-51828535c73b,1d2cb0ca-2a39-4527-87af-3c067d43de04,1634109689455,13.4027038,52.4724298,5.4494767,0.84443295,-4.32623,1.1050615,on bike mount,cyclo cross,True,paving stones,good
986c3e9a-e0bf-4ad5-bfd4-d9ee2b16ecfb,3ae7a474-3c70-4261-af10-51828535c73b,346a308a-4863-4152-996f-0ed4c0a9bf97,1634109689506,13.4027038,52.4724298,5.4494767,1.0121799,-4.897484,1.7478848,on bike mount,cyclo cross,True,paving stones,good
986c3e9a-e0bf-4ad5-bfd4-d9ee2b16ecfb,3ae7a474-3c70-4261-af10-51828535c73b,e6230ed4-30e5-45eb-8bbc-1e8841191848,1634109689557,13.4027038,52.4724298,5.4494767,-0.3978291,-1.5244428,-0.03147888,on bike mount,cyclo cross,True,paving stones,good
986c3e9a-e0bf-4ad5-bfd4-d9ee2b16ecfb,3ae7a474-3c70-4261-af10-51828535c73b,b18c57f7-9403-4d19-9921-31d985d3273a,1634109689622,13.4027038,52.4724298,5.4494767,-1.3532448,-2.0422513,-1.2037802,on bike mount,cyclo cross,True,paving stones,good
986c3e9a-e0bf-4ad5-bfd4-d9ee2b16ecfb,3ae7a474-3c70-4261-af10-51828535c73b,d7cb103c-9fd6-420a-9396-a42b0070c017,1634109689673,13.4027038,52.4724298,5.4494767,-0.60965323,0.5532336,-4.232992,on bike mount,cyclo cross,True,paving stones,good
986c3e9a-e0bf-4ad5-bfd4-d9ee2b16ecfb,3ae7a474-3c70-4261-af10-51828535c73b,b8fed292-f562-4ffb-b4ee-422863f6dafd,1634109689739,13.4027038,52.4724298,5.4494767,-0.77926713,-0.82505083,-3.1629887,on bike mount,cyclo cross,True,paving stones,good
986c3e9a-e0bf-4ad5-bfd4-d9ee2b16ecfb,3ae7a474-3c70-4261-af10-51828535c73b,0fc6757f-baed-4921-9214-be8977991bd9,1634109689789,13.4027038,52.4724298,5.4494767,-0.98573816,-2.0323746,3.832634,on bike mount,cyclo cross,True,paving stones,good
986c3e9a-e0bf-4ad5-bfd4-d9ee2b16ecfb,3ae7a474-3c70-4261-af10-51828535c73b,7ff76877-e8ff-4787-a01d-881435338569,1634109689839,13.4027038,52.4724298,5.4494767,0.36042133,4.525896,-2.327229,on bike mount,cyclo cross,True,paving stones,good
986c3e9a-e0bf-4ad5-bfd4-d9ee2b16ecfb,3ae7a474-3c70-4261-af10-51828535c73b,3a66cf02-5aab-4364-9f93-e713e39545ac,1634109689889,13.4027038,52.4724298,5.4494767,-0.4287595,0.1823957,-2.0720325,on bike mount,cyclo cross,True,paving stones,good
986c3e9a-e0bf-4ad5-bfd4-d9ee2b16ecfb,3ae7a474-3c70-4261-af10-51828535c73b,419d0440-37b4-4493-9367-4a31f73addd9,1634109689939,13.4027038,52.4724298,5.4494767,-1.3916165,-1.3561015,-2.298616,on bike mount,cyclo cross,True,paving stones,good
986c3e9a-e0bf-4ad5-bfd4-d9ee2b16ecfb,3ae7a474-3c70-4261-af10-51828535c73b,3ab4fad7-cb89-4ef6-87e3-2a78a6c8e68c,1634109689989,13.4027038,52.4724298,5.4494767,-0.22610721,-2.5307703,-1.3162017,on bike mount,cyclo cross,True,paving stones,good
986c3e9a-e0bf-4ad5-bfd4-d9ee2b16ecfb,3ae7a474-3c70-4261-af10-51828535c73b,f1906f17-1268-42a6-976c-bfaa93c9df74,1634109690040,13.4027038,52.4724298,5.4494767,-0.86465347,-0.9364443,0.67503834,on bike mount,cyclo cross,True,paving stones,good
986c3e9a-e0bf-4ad5-bfd4-d9ee2b16ecfb,3ae7a474-3c70-4261-af10-51828535c73b,fec40da8-d2c6-4158-ba87-a5260f00ea6d,1634109690089,13.4027038,52.4724298,5.4494767,0.6227708,-1.5271202,-1.2160745,on bike mount,cyclo cross,True,paving stones,good
986c3e9a-e0bf-4ad5-bfd4-d9ee2b16ecfb,3ae7a474-3c70-4261-af10-51828535c73b,428eee27-39d6-43e9-beb4-83ac69d787f0,1634109690140,13.4027038,52.4724298,5.4494767,0.9956302,1.5970831,-4.0540733,on bike mount,cyclo cross,True,paving stones,good
986c3e9a-e0bf-4ad5-bfd4-d9ee2b16ecfb,3ae7a474-3c70-4261-af10-51828535c73b,e35961f8-104b-4245-91f9-e4f4464473a3,1634109690190,13.4027038,52.4724298,5.4494767,0.5547183,1.8098636,1.8659868,on bike mount,cyclo cross,True,paving stones,good
986c3e9a-e0bf-4ad5-bfd4-d9ee2b16ecfb,3ae7a474-3c70-4261-af10-51828535c73b,7602bb23-539e-48f5-8cd4-76545344d4fe,1634109690240,13.4027038,52.4724298,5.4494767,-0.96496576,0.3231666,3.2529411,on bike mount,cyclo cross,True,paving stones,good
986c3e9a-e0bf-4ad5-bfd4-d9ee2b16ecfb,3ae7a474-3c70-4261-af10-51828535c73b,23868623-95cc-4b27-914f-babef05bbe0c,1634109690291,13.4027038,52.4724298,5.4494767,-0.5609147,1.3199382,-0.41091347,on bike mount,cyclo cross,True,paving stones,good
986c3e9a-e0bf-4ad5-bfd4-d9ee2b16ecfb,3ae7a474-3c70-4261-af10-51828535c73b,22bb72d8-31fa-4ef5-8d86-405d5205b750,1634109690341,13.4027038,52.4724298,5.4494767,-0.13688342,2.3704984,1.2859621,on bike mount,cyclo cross,True,paving stones,good
986c3e9a-e0bf-4ad5-bfd4-d9ee2b16ecfb,3ae7a474-3c70-4261-af10-51828535c73b,6dd13e8a-7ca4-4865-aac5-ee69a41d182e,1634109690391,13.4027038,52.4724298,5.4494767,-0.7568697,1.3724837,-1.9965482,on bike mount,cyclo cross,True,paving stones,good
986c3e9a-e0bf-4ad5-bfd4-d9ee2b16ecfb,3ae7a474-3c70-4261-af10-51828535c73b,aea1b561-4fbc-45c4-84b5-6f0ea2c63680,1634109690442,13.4027038,52.4724298,5.4494767,1.4554566,-2.3306706,2.5782852,on bike mount,cyclo cross,True,paving stones,good
986c3e9a-e0bf-4ad5-bfd4-d9ee2b16ecfb,3ae7a474-3c70-4261-af10-51828535c73b,a5be4e9d-aade-4aa1-a89d-114d087c2461,1634109690492,13.4026252,52.4724297,5.3106575,-2.294526,3.2205167,-3.836472,on bike mount,cyclo cross,True,paving stones,good
986c3e9a-e0bf-4ad5-bfd4-d9ee2b16ecfb,3ae7a474-3c70-4261-af10-51828535c73b,3b3143e8-39e4-49cb-accf-c7e531bfcc71,1634109690559,13.4026252,52.4724297,5.3106575,1.4876065,-2.8728752,0.55389595,on bike mount,cyclo cross,True,paving stones,good
986c3e9a-e0bf-4ad5-bfd4-d9ee2b16ecfb,3ae7a474-3c70-4261-af10-51828535c73b,051bee84-317b-40a1-a3c0-267d4aa9e4cc,1634109690608,13.4026252,52.4724297,5.3106575,0.4097433,-1.2579648,2.4641228,on bike mount,cyclo cross,True,paving stones,good
986c3e9a-e0bf-4ad5-bfd4-d9ee2b16ecfb,3ae7a474-3c70-4261-af10-51828535c73b,c8bbc430-1c56-4e75-b48d-95f15851887d,1634109690659,13.4026252,52.4724297,5.3106575,-0.4441613,1.208076,-0.68684673,on bike mount,cyclo cross,True,paving stones,good
986c3e9a-e0bf-4ad5-bfd4-d9ee2b16ecfb,3ae7a474-3c70-4261-af10-51828535c73b,08524cf2-3077-40cc-937f-714c35c46d96,1634109690710,13.4026252,52.4724297,5.3106575,0.5003236,-0.29933333,-1.1889095,on bike mount,cyclo cross,True,paving stones,good
986c3e9a-e0bf-4ad5-bfd4-d9ee2b16ecfb,3ae7a474-3c70-4261-af10-51828535c73b,77911345-a3d9-438f-aae1-af2554ddf040,1634109690775,13.4026252,52.4724297,5.3106575,0.29810983,-2.9579015,-1.0847721,on bike mount,cyclo cross,True,paving stones,good
986c3e9a-e0bf-4ad5-bfd4-d9ee2b16ecfb,3ae7a474-3c70-4261-af10-51828535c73b,1ae36af4-b1eb-4015-9937-5a13e225039b,1634109690826,13.4026252,52.4724297,5.3106575,-1.2240965,-1.4412649,0.80170536,on bike mount,cyclo cross,True,paving stones,good
986c3e9a-e0bf-4ad5-bfd4-d9ee2b16ecfb,3ae7a474-3c70-4261-af10-51828535c73b,ad063997-5e6f-45bd-96b9-6823ccd4826a,1634109690877,13.4026252,52.4724297,5.3106575,-0.0017638104,-1.6360197,-0.6100006,on bike mount,cyclo cross,True,paving stones,good
986c3e9a-e0bf-4ad5-bfd4-d9ee2b16ecfb,3ae7a474-3c70-4261-af10-51828535c73b,4ea5a562-f035-49f2-92ba-d0ddeb481e89,1634109690927,13.4026252,52.4724297,5.3106575,0.29726368,0.17591715,2.7285528,on bike mount,cyclo cross,True,paving stones,good
986c3e9a-e0bf-4ad5-bfd4-d9ee2b16ecfb,3ae7a474-3c70-4261-af10-51828535c73b,2043d672-bbc5-4ea0-a179-5e66a5f60008,1634109690993,13.4026252,52.4724297,5.3106575,0.74502385,-0.124302626,0.59695053,on bike mount,cyclo cross,True,paving stones,good
986c3e9a-e0bf-4ad5-bfd4-d9ee2b16ecfb,3ae7a474-3c70-4261-af10-51828535c73b,7d8c995e-9c0a-4826-8bde-4acc18b324b2,1634109691044,13.4026252,52.4724297,5.3106575,0.10959625,0.30653453,0.06646919,on bike mount,cyclo cross,True,paving stones,good
986c3e9a-e0bf-4ad5-bfd4-d9ee2b16ecfb,3ae7a474-3c70-4261-af10-51828535c73b,7e3bf9b2-b525-4bf8-b6bf-796a3b93d67d,1634109691093,13.4026252,52.4724297,5.3106575,2.1936193,-5.285491,-0.409297,on bike mount,cyclo cross,True,paving stones,good
986c3e9a-e0bf-4ad5-bfd4-d9ee2b16ecfb,3ae7a474-3c70-4261-af10-51828535c73b,01247b82-7236-4353-a4e4-04d61e8ee07e,1634109691143,13.4026252,52.4724297,5.3106575,-0.9210802,-0.04975915,-0.21712112,on bike mount,cyclo cross,True,paving stones,good
986c3e9a-e0bf-4ad5-bfd4-d9ee2b16ecfb,3ae7a474-3c70-4261-af10-51828535c73b,348af92e-60bf-411e-9b10-98a22ba0ce35,1634109691194,13.4026252,52.4724297,5.3106575,1.3776937,-2.6073759,-1.1383367,on bike mount,cyclo cross,True,paving stones,good
986c3e9a-e0bf-4ad5-bfd4-d9ee2b16ecfb,3ae7a474-3c70-4261-af10-51828535c73b,ddfc1ec4-9453-456e-8d8d-1036009ca587,1634109691261,13.4026252,52.4724297,5.3106575,-1.5010362,0.57190704,1.880209,on bike mount,cyclo cross,True,paving stones,good
986c3e9a-e0bf-4ad5-bfd4-d9ee2b16ecfb,3ae7a474-3c70-4261-af10-51828535c73b,7b61e84f-fc61-4ece-8b31-fb4e84849193,1634109691311,13.4026252,52.4724297,5.3106575,-0.45646703,-2.7057323,2.2076387,on bike mount,cyclo cross,True,paving stones,good
986c3e9a-e0bf-4ad5-bfd4-d9ee2b16ecfb,3ae7a474-3c70-4261-af10-51828535c73b,adbad1cf-b834-49d0-a2c8-042c4aa662ad,1634109691361,13.4026252,52.4724297,5.3106575,0.07037902,-0.4491856,1.7924213,on bike mount,cyclo cross,True,paving stones,good
986c3e9a-e0bf-4ad5-bfd4-d9ee2b16ecfb,3ae7a474-3c70-4261-af10-51828535c73b,bd6d74b8-537e-4c6e-9341-5814e2e5f080,1634109691413,13.4026252,52.4724297,5.3106575,0.67329335,1.211278,-2.8271966,on bike mount,cyclo cross,True,paving stones,good
986c3e9a-e0bf-4ad5-bfd4-d9ee2b16ecfb,3ae7a474-3c70-4261-af10-51828535c73b,1719f8ed-6a51-46f2-8fa9-d95068657874,1634109691477,13.4025467,52.4724241,5.2603345,-0.87669647,-0.10901785,2.5739002,on bike mount,cyclo cross,True,paving stones,good
986c3e9a-e0bf-4ad5-bfd4-d9ee2b16ecfb,3ae7a474-3c70-4261-af10-51828535c73b,7971d7c3-8791-4abe-aff8-f54fca7eb650,1634109691528,13.4025467,52.4724241,5.2603345,0.6437896,5.1704464,0.24753094,on bike mount,cyclo cross,True,paving stones,good
986c3e9a-e0bf-4ad5-bfd4-d9ee2b16ecfb,3ae7a474-3c70-4261-af10-51828535c73b,a6915166-bc5e-4ac6-806c-ab2a37501caf,1634109691578,13.4025467,52.4724241,5.2603345,0.4399479,1.9940441,2.9081116,on bike mount,cyclo cross,True,paving stones,good
986c3e9a-e0bf-4ad5-bfd4-d9ee2b16ecfb,3ae7a474-3c70-4261-af10-51828535c73b,27f92859-ca3a-48bc-af10-b7538bce560b,1634109691628,13.4025467,52.4724241,5.2603345,1.6398642,-2.1100445,-5.9576178,on bike mount,cyclo cross,True,paving stones,good
986c3e9a-e0bf-4ad5-bfd4-d9ee2b16ecfb,3ae7a474-3c70-4261-af10-51828535c73b,63aa5197-1f95-46ca-9964-c8b1b71a981e,1634109691679,13.4025467,52.4724241,5.2603345,2.2552938,2.5660954,-2.0106883,on bike mount,cyclo cross,True,paving stones,good
986c3e9a-e0bf-4ad5-bfd4-d9ee2b16ecfb,3ae7a474-3c70-4261-af10-51828535c73b,9c26f562-6c70-4cf3-b77e-11c225594b1e,1634109691729,13.4025467,52.4724241,5.2603345,0.49500403,-2.514782,1.5520964,on bike mount,cyclo cross,True,paving stones,good
986c3e9a-e0bf-4ad5-bfd4-d9ee2b16ecfb,3ae7a474-3c70-4261-af10-51828535c73b,308b3be6-8385-4da7-b196-3c44149d739a,1634109691780,13.4025467,52.4724241,5.2603345,0.26169726,-2.3406956,0.17751503,on bike mount,cyclo cross,True,paving stones,good
986c3e9a-e0bf-4ad5-bfd4-d9ee2b16ecfb,3ae7a474-3c70-4261-af10-51828535c73b,3478448b-b960-436c-9fb7-0c504f3ea112,1634109691846,13.4025467,52.4724241,5.2603345,0.52052057,7.246747,-0.7883568,on bike mount,cyclo cross,True,paving stones,good
986c3e9a-e0bf-4ad5-bfd4-d9ee2b16ecfb,3ae7a474-3c70-4261-af10-51828535c73b,187ab1ba-67d8-4c11-a7d2-9c5e850bd9f9,1634109691896,13.4025467,52.4724241,5.2603345,0.8279373,-4.3685064,2.1253166,on bike mount,cyclo cross,True,paving stones,good
986c3e9a-e0bf-4ad5-bfd4-d9ee2b16ecfb,3ae7a474-3c70-4261-af10-51828535c73b,6757f819-347d-40f5-806e-6044b3e4934e,1634109691947,13.4025467,52.4724241,5.2603345,0.7182883,-4.2213182,7.2391853,on bike mount,cyclo cross,True,paving stones,good
986c3e9a-e0bf-4ad5-bfd4-d9ee2b16ecfb,3ae7a474-3c70-4261-af10-51828535c73b,a3b9f285-40bd-4737-a83d-85bb2722a291,1634109691997,13.4025467,52.4724241,5.2603345,-0.4638946,5.0809855,-2.9488044,on bike mount,cyclo cross,True,paving stones,good
986c3e9a-e0bf-4ad5-bfd4-d9ee2b16ecfb,3ae7a474-3c70-4261-af10-51828535c73b,ef6b244a-8897-49cd-a38a-a9842b900e24,1634109692047,13.4025467,52.4724241,5.2603345,1.3323233,-5.2729874,2.3445501,on bike mount,cyclo cross,True,paving stones,good
986c3e9a-e0bf-4ad5-bfd4-d9ee2b16ecfb,3ae7a474-3c70-4261-af10-51828535c73b,97cae07a-2cd7-4a4f-aef2-f66dd723abb1,1634109692098,13.4025467,52.4724241,5.2603345,-1.0146432,1.6127038,-3.4724383,on bike mount,cyclo cross,True,paving stones,good
986c3e9a-e0bf-4ad5-bfd4-d9ee2b16ecfb,3ae7a474-3c70-4261-af10-51828535c73b,fcb966e6-861c-4eef-98a3-5f52c8748d09,1634109692163,13.4025467,52.4724241,5.2603345,-1.2614422,-4.6320133,1.4953661,on bike mount,cyclo cross,True,paving stones,good
986c3e9a-e0bf-4ad5-bfd4-d9ee2b16ecfb,3ae7a474-3c70-4261-af10-51828535c73b,d56809d7-5ae0-42b8-a075-80d085ed829a,1634109692213,13.4025467,52.4724241,5.2603345,-2.6857216,-3.7341957,4.2452116,on bike mount,cyclo cross,True,paving stones,good
986c3e9a-e0bf-4ad5-bfd4-d9ee2b16ecfb,3ae7a474-3c70-4261-af10-51828535c73b,55545bea-d845-4d3c-b811-fab6791cbee4,1634109692263,13.4025467,52.4724241,5.2603345,1.1749561,3.516323,-2.3661494,on bike mount,cyclo cross,True,paving stones,good
986c3e9a-e0bf-4ad5-bfd4-d9ee2b16ecfb,3ae7a474-3c70-4261-af10-51828535c73b,f0d9e38e-b0f7-4b76-b8b8-1c2854cc6b99,1634109692313,13.4025467,52.4724241,5.2603345,0.06364977,2.6558776,-3.2374997,on bike mount,cyclo cross,True,paving stones,good
986c3e9a-e0bf-4ad5-bfd4-d9ee2b16ecfb,3ae7a474-3c70-4261-af10-51828535c73b,9e287ad5-669e-4a85-95a3-705d2c3efa2e,1634109692363,13.4025467,52.4724241,5.2603345,-2.5271373,2.0270004,-3.4851398,on bike mount,cyclo cross,True,paving stones,good
986c3e9a-e0bf-4ad5-bfd4-d9ee2b16ecfb,3ae7a474-3c70-4261-af10-51828535c73b,7e164a38-805c-45d0-9ac6-c67d44863776,1634109692414,13.4025467,52.4724241,5.2603345,-2.465081,7.1695075,0.6843605,on bike mount,cyclo cross,True,paving stones,good
986c3e9a-e0bf-4ad5-bfd4-d9ee2b16ecfb,3ae7a474-3c70-4261-af10-51828535c73b,a849bd45-37d8-40e3-978c-f426f22a4a94,1634109692464,13.4024675,52.4724215,5.3635793,-1.768367,-1.0551834,-3.9721599,on bike mount,cyclo cross,True,paving stones,good
986c3e9a-e0bf-4ad5-bfd4-d9ee2b16ecfb,3ae7a474-3c70-4261-af10-51828535c73b,a33cab69-33e5-47fc-bf01-56ef8f99e0ed,1634109692514,13.4024675,52.4724215,5.3635793,-0.41590732,0.45973015,-1.2182922,on bike mount,cyclo cross,True,paving stones,good
986c3e9a-e0bf-4ad5-bfd4-d9ee2b16ecfb,3ae7a474-3c70-4261-af10-51828535c73b,9700855c-8efc-4b65-a33b-6d0fa019b330,1634109692565,13.4024675,52.4724215,5.3635793,-1.4139534,-1.0081602,-2.065887,on bike mount,cyclo cross,True,paving stones,good
986c3e9a-e0bf-4ad5-bfd4-d9ee2b16ecfb,3ae7a474-3c70-4261-af10-51828535c73b,43cb11ff-8a0f-41ff-a7f6-e5076954e116,1634109692615,13.4024675,52.4724215,5.3635793,0.57053787,-0.8207307,0.90872574,on bike mount,cyclo cross,True,paving stones,good
986c3e9a-e0bf-4ad5-bfd4-d9ee2b16ecfb,3ae7a474-3c70-4261-af10-51828535c73b,02a9b98d-b450-46e0-aa6a-42b08037c1d6,1634109692665,13.4024675,52.4724215,5.3635793,0.32524034,0.19342017,-0.13663769,on bike mount,cyclo cross,True,paving stones,good
986c3e9a-e0bf-4ad5-bfd4-d9ee2b16ecfb,3ae7a474-3c70-4261-af10-51828535c73b,bf36c335-cabb-44de-a43f-33c380e0f05e,1634109692716,13.4024675,52.4724215,5.3635793,-0.3089533,1.8848996,2.2299824,on bike mount,cyclo cross,True,paving stones,good
986c3e9a-e0bf-4ad5-bfd4-d9ee2b16ecfb,3ae7a474-3c70-4261-af10-51828535c73b,7704ab8d-72da-4163-89f3-46e1f17dfa38,1634109692782,13.4024675,52.4724215,5.3635793,-0.18621811,-5.7883525,1.8070469,on bike mount,cyclo cross,True,paving stones,good
986c3e9a-e0bf-4ad5-bfd4-d9ee2b16ecfb,3ae7a474-3c70-4261-af10-51828535c73b,b66992b4-cedd-4b39-ad04-4f9e29c6b012,1634109692832,13.4024675,52.4724215,5.3635793,0.48346016,-2.4321754,1.245471,on bike mount,cyclo cross,True,paving stones,good
986c3e9a-e0bf-4ad5-bfd4-d9ee2b16ecfb,3ae7a474-3c70-4261-af10-51828535c73b,e3885254-05b3-4872-b220-3ff26a7e4c08,1634109692883,13.4024675,52.4724215,5.3635793,0.7072213,-2.7442296,1.7337999,on bike mount,cyclo cross,True,paving stones,good
986c3e9a-e0bf-4ad5-bfd4-d9ee2b16ecfb,3ae7a474-3c70-4261-af10-51828535c73b,e0764756-0dfc-41dc-a9aa-85ccb655810f,1634109692935,13.4024675,52.4724215,5.3635793,-0.12952143,1.2784309,0.4648304,on bike mount,cyclo cross,True,paving stones,good
986c3e9a-e0bf-4ad5-bfd4-d9ee2b16ecfb,3ae7a474-3c70-4261-af10-51828535c73b,17725fff-c5f7-4421-9e58-b316b36c4d21,1634109693000,13.4024675,52.4724215,5.3635793,0.2848871,1.7692742,-1.2263865,on bike mount,cyclo cross,True,paving stones,good
986c3e9a-e0bf-4ad5-bfd4-d9ee2b16ecfb,3ae7a474-3c70-4261-af10-51828535c73b,05dfa9fd-633b-46c1-bf11-46ad3cf3833d,1634109693050,13.4024675,52.4724215,5.3635793,-0.9820064,0.15545559,-2.7044587,on bike mount,cyclo cross,True,paving stones,good
986c3e9a-e0bf-4ad5-bfd4-d9ee2b16ecfb,3ae7a474-3c70-4261-af10-51828535c73b,8ccc86ae-64e2-4d97-94bd-64bde15c5e4f,1634109693100,13.4024675,52.4724215,5.3635793,-0.1672346,-0.21721339,-4.375891,on bike mount,cyclo cross,True,paving stones,good
986c3e9a-e0bf-4ad5-bfd4-d9ee2b16ecfb,3ae7a474-3c70-4261-af10-51828535c73b,e20a755f-29c6-44e7-a9f0-cc1c52a6eb4a,1634109693152,13.4024675,52.4724215,5.3635793,-0.53287965,-7.1775513,-0.00028896332,on bike mount,cyclo cross,True,paving stones,good
986c3e9a-e0bf-4ad5-bfd4-d9ee2b16ecfb,3ae7a474-3c70-4261-af10-51828535c73b,03cbf369-4f9b-4c16-a8b4-b0d1faa7413f,1634109693218,13.4024675,52.4724215,5.3635793,-0.009147085,2.359568,1.391634,on bike mount,cyclo cross,True,paving stones,good
986c3e9a-e0bf-4ad5-bfd4-d9ee2b16ecfb,3ae7a474-3c70-4261-af10-51828535c73b,c7b71a43-efdb-452c-b673-b68cbcb8f31e,1634109693269,13.4024675,52.4724215,5.3635793,1.23668,2.2728863,1.0579967,on bike mount,cyclo cross,True,paving stones,good
986c3e9a-e0bf-4ad5-bfd4-d9ee2b16ecfb,3ae7a474-3c70-4261-af10-51828535c73b,d517c0bb-2f6e-4d9e-bc18-1983e46b171c,1634109693334,13.4024675,52.4724215,5.3635793,-0.62664086,-7.913371,1.6431799,on bike mount,cyclo cross,True,paving stones,good
986c3e9a-e0bf-4ad5-bfd4-d9ee2b16ecfb,3ae7a474-3c70-4261-af10-51828535c73b,60781612-a22e-4e16-997d-13bd746ac1df,1634109693387,13.4024675,52.4724215,5.3635793,-0.95056564,-4.3188086,1.7788181,on bike mount,cyclo cross,True,paving stones,good
986c3e9a-e0bf-4ad5-bfd4-d9ee2b16ecfb,3ae7a474-3c70-4261-af10-51828535c73b,362fb780-bc85-4f4b-ab10-381613511371,1634109693440,13.4023866,52.4724249,5.387807,-1.3127406,-1.597712,0.6708889,on bike mount,cyclo cross,True,paving stones,good
986c3e9a-e0bf-4ad5-bfd4-d9ee2b16ecfb,3ae7a474-3c70-4261-af10-51828535c73b,f1848328-cdb1-4e83-a603-4f1c45fa41b1,1634109693501,13.4023866,52.4724249,5.387807,1.201342,0.17966437,-1.6252737,on bike mount,cyclo cross,True,paving stones,good
986c3e9a-e0bf-4ad5-bfd4-d9ee2b16ecfb,3ae7a474-3c70-4261-af10-51828535c73b,d1e4006c-ec90-4709-b1a9-fa4546cee755,1634109693552,13.4023866,52.4724249,5.387807,0.5707958,-0.8123584,-6.994181,on bike mount,cyclo cross,True,paving stones,good
986c3e9a-e0bf-4ad5-bfd4-d9ee2b16ecfb,0481f086-9fc9-4818-977c-76c7e65b11f3,353fea9b-ac94-428f-a592-dafc68aba6a7,1634109692283,13.4025467,52.4724241,5.2603345,0.53378975,-4.639617,0.55032635,on bike mount,cyclo cross,True,paving stones,good
986c3e9a-e0bf-4ad5-bfd4-d9ee2b16ecfb,0481f086-9fc9-4818-977c-76c7e65b11f3,307728a9-2857-46e0-8856-278b96f33f85,1634109692347,13.4025467,52.4724241,5.2603345,-0.008665271,1.6659102,4.1471567,on bike mount,cyclo cross,True,paving stones,good
986c3e9a-e0bf-4ad5-bfd4-d9ee2b16ecfb,0481f086-9fc9-4818-977c-76c7e65b11f3,4c6353e9-15bb-46e1-b27b-1c91b8c38e51,1634109692398,13.4025467,52.4724241,5.2603345,-0.5385779,0.88453054,0.7470913,on bike mount,cyclo cross,True,paving stones,good
986c3e9a-e0bf-4ad5-bfd4-d9ee2b16ecfb,0481f086-9fc9-4818-977c-76c7e65b11f3,5dc90b0f-699d-4b3f-a37a-071ea019da0e,1634109692448,13.4024675,52.4724215,5.3635793,3.0875335,-3.7784019,15.596199,on bike mount,cyclo cross,True,paving stones,good
986c3e9a-e0bf-4ad5-bfd4-d9ee2b16ecfb,0481f086-9fc9-4818-977c-76c7e65b11f3,7a725a49-9eec-4eb5-976a-0a803f7ae83b,1634109692498,13.4024675,52.4724215,5.3635793,-1.6605258,0.13543582,1.5208797,on bike mount,cyclo cross,True,paving stones,good
986c3e9a-e0bf-4ad5-bfd4-d9ee2b16ecfb,0481f086-9fc9-4818-977c-76c7e65b11f3,95fbef84-74a3-49ab-9fa8-097e1868d3a9,1634109692549,13.4024675,52.4724215,5.3635793,0.350602,-2.1795223,4.456709,on bike mount,cyclo cross,True,paving stones,good
986c3e9a-e0bf-4ad5-bfd4-d9ee2b16ecfb,0481f086-9fc9-4818-977c-76c7e65b11f3,13829f3d-4663-463d-8d84-d5df80f5c8cf,1634109692599,13.4024675,52.4724215,5.3635793,0.6511041,3.4574244,-1.9529834,on bike mount,cyclo cross,True,paving stones,good
986c3e9a-e0bf-4ad5-bfd4-d9ee2b16ecfb,0481f086-9fc9-4818-977c-76c7e65b11f3,d8aae334-db3f-4cc7-8edc-67465c94c3e9,1634109692649,13.4024675,52.4724215,5.3635793,-0.28894812,0.97897005,0.01891613,on bike mount,cyclo cross,True,paving stones,good
986c3e9a-e0bf-4ad5-bfd4-d9ee2b16ecfb,0481f086-9fc9-4818-977c-76c7e65b11f3,daad2123-79b2-4d3d-acee-5292dd4f97f0,1634109692700,13.4024675,52.4724215,5.3635793,-0.78604746,-1.9906478,-1.3669891,on bike mount,cyclo cross,True,paving stones,good
986c3e9a-e0bf-4ad5-bfd4-d9ee2b16ecfb,0481f086-9fc9-4818-977c-76c7e65b11f3,43cd973e-fc83-4949-b2d8-75402e818d25,1634109692767,13.4024675,52.4724215,5.3635793,0.038704373,0.28079224,-3.7391675,on bike mount,cyclo cross,True,paving stones,good
986c3e9a-e0bf-4ad5-bfd4-d9ee2b16ecfb,0481f086-9fc9-4818-977c-76c7e65b11f3,bb6023da-2a5a-4186-a108-5d2feb255129,1634109692817,13.4024675,52.4724215,5.3635793,-1.224561,1.3201056,-1.654182,on bike mount,cyclo cross,True,paving stones,good
986c3e9a-e0bf-4ad5-bfd4-d9ee2b16ecfb,0481f086-9fc9-4818-977c-76c7e65b11f3,61c50406-f275-46e5-9fd3-1f4a19f3030a,1634109692882,13.4024675,52.4724215,5.3635793,0.7072213,-2.7442296,1.7337999,on bike mount,cyclo cross,True,paving stones,good
986c3e9a-e0bf-4ad5-bfd4-d9ee2b16ecfb,0481f086-9fc9-4818-977c-76c7e65b11f3,14848b73-d444-42d4-996b-8f1172aa17ac,1634109692932,13.4024675,52.4724215,5.3635793,-1.1739914,1.7130218,-1.8563614,on bike mount,cyclo cross,True,paving stones,good
986c3e9a-e0bf-4ad5-bfd4-d9ee2b16ecfb,0481f086-9fc9-4818-977c-76c7e65b11f3,5477c630-90a8-4417-9b78-d51fb9463e79,1634109692984,13.4024675,52.4724215,5.3635793,0.30750886,-0.91779137,2.799981,on bike mount,cyclo cross,True,paving stones,good
986c3e9a-e0bf-4ad5-bfd4-d9ee2b16ecfb,0481f086-9fc9-4818-977c-76c7e65b11f3,b3f9875c-234e-491f-af8d-52039725d8ed,1634109693035,13.4024675,52.4724215,5.3635793,-0.060246766,-0.17110991,0.49939775,on bike mount,cyclo cross,True,paving stones,good
986c3e9a-e0bf-4ad5-bfd4-d9ee2b16ecfb,0481f086-9fc9-4818-977c-76c7e65b11f3,cec970a9-970d-4109-b08a-7a56b7fc6b40,1634109693100,13.4024675,52.4724215,5.3635793,-0.1672346,-0.21721339,-4.375891,on bike mount,cyclo cross,True,paving stones,good
986c3e9a-e0bf-4ad5-bfd4-d9ee2b16ecfb,0481f086-9fc9-4818-977c-76c7e65b11f3,6693fbd2-92b6-4e92-9bf2-154c41307105,1634109693151,13.4024675,52.4724215,5.3635793,-0.53287965,-7.1775513,-0.00028896332,on bike mount,cyclo cross,True,paving stones,good
986c3e9a-e0bf-4ad5-bfd4-d9ee2b16ecfb,0481f086-9fc9-4818-977c-76c7e65b11f3,e0731bf0-0058-4aa2-a259-9616970651ac,1634109693218,13.4024675,52.4724215,5.3635793,-0.009147085,2.359568,1.391634,on bike mount,cyclo cross,True,paving stones,good
986c3e9a-e0bf-4ad5-bfd4-d9ee2b16ecfb,0481f086-9fc9-4818-977c-76c7e65b11f3,919374e1-207d-4754-87ce-05ebba7b8f5a,1634109693269,13.4024675,52.4724215,5.3635793,1.23668,2.2728863,1.0579967,on bike mount,cyclo cross,True,paving stones,good
986c3e9a-e0bf-4ad5-bfd4-d9ee2b16ecfb,0481f086-9fc9-4818-977c-76c7e65b11f3,fc9483d3-3c6a-4d01-9b39-53cda8057cf8,1634109693333,13.4024675,52.4724215,5.3635793,-0.4535682,-6.551541,2.621953,on bike mount,cyclo cross,True,paving stones,good
986c3e9a-e0bf-4ad5-bfd4-d9ee2b16ecfb,0481f086-9fc9-4818-977c-76c7e65b11f3,e5f434a1-adeb-4f88-acbc-449737dd65b0,1634109693385,13.4024675,52.4724215,5.3635793,-0.024603361,-3.2839024,2.6744719,on bike mount,cyclo cross,True,paving stones,good
986c3e9a-e0bf-4ad5-bfd4-d9ee2b16ecfb,0481f086-9fc9-4818-977c-76c7e65b11f3,81c6f0ed-c647-4bb7-ae57-94323f04f2ee,1634109693438,13.4023866,52.4724249,5.387807,0.14729902,-1.3886887,0.4697075,on bike mount,cyclo cross,True,paving stones,good
986c3e9a-e0bf-4ad5-bfd4-d9ee2b16ecfb,0481f086-9fc9-4818-977c-76c7e65b11f3,d94366d8-b4a3-473f-96aa-c33c0af47eb9,1634109693500,13.4023866,52.4724249,5.387807,1.201342,0.17966437,-1.6252737,on bike mount,cyclo cross,True,paving stones,good
986c3e9a-e0bf-4ad5-bfd4-d9ee2b16ecfb,0481f086-9fc9-4818-977c-76c7e65b11f3,994a8106-901a-4c82-88c4-744492f4378c,1634109693551,13.4023866,52.4724249,5.387807,0.5707958,-0.8123584,-6.994181,on bike mount,cyclo cross,True,paving stones,good
986c3e9a-e0bf-4ad5-bfd4-d9ee2b16ecfb,0481f086-9fc9-4818-977c-76c7e65b11f3,370cb383-e0bc-4276-8a28-f684fd5c2c4b,1634109693600,13.4023866,52.4724249,5.387807,0.4314385,-3.1844475,2.2526493,on bike mount,cyclo cross,True,paving stones,good
986c3e9a-e0bf-4ad5-bfd4-d9ee2b16ecfb,0481f086-9fc9-4818-977c-76c7e65b11f3,51a5f8ad-5e3b-4c68-a48a-33819ae109f1,1634109693652,13.4023866,52.4724249,5.387807,0.32933775,-4.843018,0.40153217,on bike mount,cyclo cross,True,paving stones,good
986c3e9a-e0bf-4ad5-bfd4-d9ee2b16ecfb,0481f086-9fc9-4818-977c-76c7e65b11f3,eb354568-d03b-4e80-bfd4-1437621e93ee,1634109693703,13.4023866,52.4724249,5.387807,-0.26285785,-0.8925941,5.4161577,on bike mount,cyclo cross,True,paving stones,good
986c3e9a-e0bf-4ad5-bfd4-d9ee2b16ecfb,0481f086-9fc9-4818-977c-76c7e65b11f3,02f4f143-f0c3-4b10-9a31-28d44120e671,1634109693753,13.4023866,52.4724249,5.387807,0.07969624,-2.1881466,2.585268,on bike mount,cyclo cross,True,paving stones,good
986c3e9a-e0bf-4ad5-bfd4-d9ee2b16ecfb,0481f086-9fc9-4818-977c-76c7e65b11f3,9d47496a-1604-40e6-a0e5-a1f994f35e9d,1634109693819,13.4023866,52.4724249,5.387807,-0.14558491,0.38442445,-5.610941,on bike mount,cyclo cross,True,paving stones,good
986c3e9a-e0bf-4ad5-bfd4-d9ee2b16ecfb,0481f086-9fc9-4818-977c-76c7e65b11f3,73692ebb-5f27-4cdb-b6ce-11efb2ab8f0f,1634109693869,13.4023866,52.4724249,5.387807,-1.3031324,-0.45228744,-2.033505,on bike mount,cyclo cross,True,paving stones,good
986c3e9a-e0bf-4ad5-bfd4-d9ee2b16ecfb,0481f086-9fc9-4818-977c-76c7e65b11f3,12d55de3-2ceb-447c-9eae-21c324a0cd9b,1634109693920,13.4023866,52.4724249,5.387807,-0.35946217,-2.5180318,-0.16038036,on bike mount,cyclo cross,True,paving stones,good
986c3e9a-e0bf-4ad5-bfd4-d9ee2b16ecfb,0481f086-9fc9-4818-977c-76c7e65b11f3,631febe8-bfe6-45ac-9695-304dc7e83b5b,1634109693971,13.4023866,52.4724249,5.387807,-0.790442,-3.9629703,0.12585926,on bike mount,cyclo cross,True,paving stones,good
986c3e9a-e0bf-4ad5-bfd4-d9ee2b16ecfb,0481f086-9fc9-4818-977c-76c7e65b11f3,cb75b6d2-b98c-442c-bcd4-3d8fa6995970,1634109694035,13.4023866,52.4724249,5.387807,-0.56596,1.5184388,4.1177263,on bike mount,cyclo cross,True,paving stones,good
986c3e9a-e0bf-4ad5-bfd4-d9ee2b16ecfb,0481f086-9fc9-4818-977c-76c7e65b11f3,6a2c4b1d-6635-4361-befc-c6437593f0a6,1634109694086,13.4023866,52.4724249,5.387807,1.2523401,-1.7682468,3.632041,on bike mount,cyclo cross,True,paving stones,good
986c3e9a-e0bf-4ad5-bfd4-d9ee2b16ecfb,0481f086-9fc9-4818-977c-76c7e65b11f3,47fdcaea-d778-4a54-9062-b102332a9fd2,1634109694137,13.4023866,52.4724249,5.387807,-0.10908544,2.9983242,-1.4697952,on bike mount,cyclo cross,True,paving stones,good
986c3e9a-e0bf-4ad5-bfd4-d9ee2b16ecfb,0481f086-9fc9-4818-977c-76c7e65b11f3,444059cd-2450-4de1-9182-d227b7dd0d1a,1634109694188,13.4023866,52.4724249,5.387807,-0.85504663,0.6330652,1.4789114,on bike mount,cyclo cross,True,paving stones,good
986c3e9a-e0bf-4ad5-bfd4-d9ee2b16ecfb,0481f086-9fc9-4818-977c-76c7e65b11f3,4b3a95ba-1bb8-461b-ad57-1796d2f78888,1634109694254,13.4023866,52.4724249,5.387807,0.46293354,1.8718472,-1.4844851,on bike mount,cyclo cross,True,paving stones,good
986c3e9a-e0bf-4ad5-bfd4-d9ee2b16ecfb,0481f086-9fc9-4818-977c-76c7e65b11f3,7bfac5ed-9735-4597-aadc-013853333dae,1634109694304,13.4023866,52.4724249,5.387807,0.5760475,1.9273887,0.093771935,on bike mount,cyclo cross,True,paving stones,good
986c3e9a-e0bf-4ad5-bfd4-d9ee2b16ecfb,0481f086-9fc9-4818-977c-76c7e65b11f3,324783fa-07c5-4b26-8f61-784a46dc48b9,1634109694354,13.4023866,52.4724249,5.387807,-0.2181621,8.948055,-10.792697,on bike mount,cyclo cross,True,paving stones,good
986c3e9a-e0bf-4ad5-bfd4-d9ee2b16ecfb,0481f086-9fc9-4818-977c-76c7e65b11f3,b02471e7-9477-4b55-9d61-3cb909be7f3f,1634109694406,13.4023866,52.4724249,5.387807,-0.015129775,4.485071,-0.040628433,on bike mount,cyclo cross,True,paving stones,good
986c3e9a-e0bf-4ad5-bfd4-d9ee2b16ecfb,0481f086-9fc9-4818-977c-76c7e65b11f3,e369cb51-7251-425e-b63c-7b8e185a5e38,1634109694456,13.4023033,52.4724236,5.362653,-0.59979916,-8.052786,3.5256386,on bike mount,cyclo cross,True,paving stones,good
986c3e9a-e0bf-4ad5-bfd4-d9ee2b16ecfb,0481f086-9fc9-4818-977c-76c7e65b11f3,55e84853-32d5-4dfe-8786-1605aa4a4c29,1634109694521,13.4023033,52.4724236,5.362653,0.5946471,3.8462496,-1.6206374,on bike mount,cyclo cross,True,paving stones,good
986c3e9a-e0bf-4ad5-bfd4-d9ee2b16ecfb,0481f086-9fc9-4818-977c-76c7e65b11f3,9d0d2e43-feb2-4ead-b6b7-eb4a524f609c,1634109694571,13.4023033,52.4724236,5.362653,-1.7110596,-5.8111167,2.8664513,on bike mount,cyclo cross,True,paving stones,good
986c3e9a-e0bf-4ad5-bfd4-d9ee2b16ecfb,0481f086-9fc9-4818-977c-76c7e65b11f3,92f60ce9-b88b-4f82-8b0f-035cfd38ef0a,1634109694622,13.4023033,52.4724236,5.362653,-2.1201046,4.154258,-4.074749,on bike mount,cyclo cross,True,paving stones,good
986c3e9a-e0bf-4ad5-bfd4-d9ee2b16ecfb,0481f086-9fc9-4818-977c-76c7e65b11f3,fd2143b8-b1b8-4f4a-a765-c252b5feaed6,1634109694672,13.4023033,52.4724236,5.362653,0.38082296,4.7264547,1.8719835,on bike mount,cyclo cross,True,paving stones,good
986c3e9a-e0bf-4ad5-bfd4-d9ee2b16ecfb,0481f086-9fc9-4818-977c-76c7e65b11f3,4184cc75-5040-430e-b697-decb870571e3,1634109694722,13.4023033,52.4724236,5.362653,-0.6178921,2.5645401,2.4751015,on bike mount,cyclo cross,True,paving stones,good
986c3e9a-e0bf-4ad5-bfd4-d9ee2b16ecfb,0481f086-9fc9-4818-977c-76c7e65b11f3,50964be0-7084-4c47-a721-111d3b9f5cea,1634109694773,13.4023033,52.4724236,5.362653,0.2618568,1.9800472,-7.469034,on bike mount,cyclo cross,True,paving stones,good
986c3e9a-e0bf-4ad5-bfd4-d9ee2b16ecfb,0481f086-9fc9-4818-977c-76c7e65b11f3,5a914727-0edc-44e8-be70-4f2f5c4fb932,1634109694824,13.4023033,52.4724236,5.362653,1.5494108,-0.28534937,-0.47793102,on bike mount,cyclo cross,True,paving stones,good
986c3e9a-e0bf-4ad5-bfd4-d9ee2b16ecfb,0481f086-9fc9-4818-977c-76c7e65b11f3,bfddb835-964a-461e-9af1-a64d95e2ef25,1634109694873,13.4023033,52.4724236,5.362653,1.5704129,-6.838094,5.965329,on bike mount,cyclo cross,True,paving stones,good
986c3e9a-e0bf-4ad5-bfd4-d9ee2b16ecfb,0481f086-9fc9-4818-977c-76c7e65b11f3,5a963887-243d-4491-b3bc-75cb26e0d1a4,1634109694924,13.4023033,52.4724236,5.362653,-0.031208783,1.8793863,-0.42705822,on bike mount,cyclo cross,True,paving stones,good
986c3e9a-e0bf-4ad5-bfd4-d9ee2b16ecfb,0481f086-9fc9-4818-977c-76c7e65b11f3,a9e9208c-5492-469b-b903-bca54c1f2b8d,1634109694989,13.4023033,52.4724236,5.362653,-0.03940767,2.533267,6.2501583,on bike mount,cyclo cross,True,paving stones,good
986c3e9a-e0bf-4ad5-bfd4-d9ee2b16ecfb,0481f086-9fc9-4818-977c-76c7e65b11f3,94157b0a-dfbc-4c32-99b1-21ab6ff60b27,1634109695039,13.4023033,52.4724236,5.362653,0.38657236,3.966609,-4.7816052,on bike mount,cyclo cross,True,paving stones,good
986c3e9a-e0bf-4ad5-bfd4-d9ee2b16ecfb,0481f086-9fc9-4818-977c-76c7e65b11f3,030d6ca4-30cd-423b-96fa-be381513eab0,1634109695089,13.4023033,52.4724236,5.362653,0.17571685,0.077269316,1.472496,on bike mount,cyclo cross,True,paving stones,good
986c3e9a-e0bf-4ad5-bfd4-d9ee2b16ecfb,0481f086-9fc9-4818-977c-76c7e65b11f3,fcdd43b5-c28a-423b-903b-8fda771b2b22,1634109695139,13.4023033,52.4724236,5.362653,-0.37841693,0.510638,-2.4190059,on bike mount,cyclo cross,True,paving stones,good
986c3e9a-e0bf-4ad5-bfd4-d9ee2b16ecfb,0481f086-9fc9-4818-977c-76c7e65b11f3,48cceba0-7340-4cdf-bf5c-4d3e34dc33fa,1634109695191,13.4023033,52.4724236,5.362653,0.91800004,4.296931,-6.5176063,on bike mount,cyclo cross,True,paving stones,good
986c3e9a-e0bf-4ad5-bfd4-d9ee2b16ecfb,0481f086-9fc9-4818-977c-76c7e65b11f3,4c2fa46d-d29c-4073-aa8b-fa8e8393fcc5,1634109695241,13.4023033,52.4724236,5.362653,1.0960321,0.61288214,-1.2814126,on bike mount,cyclo cross,True,paving stones,good
986c3e9a-e0bf-4ad5-bfd4-d9ee2b16ecfb,0481f086-9fc9-4818-977c-76c7e65b11f3,9b54e99b-b20d-4269-af5a-74544c405354,1634109695307,13.4023033,52.4724236,5.362653,-1.0577607,0.5551691,0.5094547,on bike mount,cyclo cross,True,paving stones,good
986c3e9a-e0bf-4ad5-bfd4-d9ee2b16ecfb,0481f086-9fc9-4818-977c-76c7e65b11f3,8ee71d04-665e-4937-b3c7-bcf1886d9a34,1634109695357,13.4023033,52.4724236,5.362653,0.2812373,2.7598271,4.775405,on bike mount,cyclo cross,True,paving stones,good
986c3e9a-e0bf-4ad5-bfd4-d9ee2b16ecfb,0481f086-9fc9-4818-977c-76c7e65b11f3,9c3642e8-e4b7-484d-89ac-dded7d6e319e,1634109695408,13.4023033,52.4724236,5.362653,1.8244586,4.0297933,1.1460333,on bike mount,cyclo cross,True,paving stones,good
986c3e9a-e0bf-4ad5-bfd4-d9ee2b16ecfb,0481f086-9fc9-4818-977c-76c7e65b11f3,006127d3-6200-40ae-889a-8d41bc982b78,1634109695459,13.4022223,52.4724163,5.429097,-1.4398488,2.0321946,-0.0882082,on bike mount,cyclo cross,True,paving stones,good
986c3e9a-e0bf-4ad5-bfd4-d9ee2b16ecfb,0481f086-9fc9-4818-977c-76c7e65b11f3,69213ce3-0040-4e09-8cc5-533fbdad16e0,1634109695524,13.4022223,52.4724163,5.429097,-0.725909,-4.6264462,-2.049613,on bike mount,cyclo cross,True,paving stones,good
986c3e9a-e0bf-4ad5-bfd4-d9ee2b16ecfb,0481f086-9fc9-4818-977c-76c7e65b11f3,91aafb7d-c121-47d4-9a38-74d6ff20a76b,1634109695574,13.4022223,52.4724163,5.429097,-0.40681767,2.0673037,-0.9816351,on bike mount,cyclo cross,True,paving stones,good
986c3e9a-e0bf-4ad5-bfd4-d9ee2b16ecfb,0481f086-9fc9-4818-977c-76c7e65b11f3,2bf5d019-a719-41fd-834d-d38a3e5c670a,1634109695625,13.4022223,52.4724163,5.429097,-1.2151084,0.6932938,-2.2819371,on bike mount,cyclo cross,True,paving stones,good
986c3e9a-e0bf-4ad5-bfd4-d9ee2b16ecfb,0481f086-9fc9-4818-977c-76c7e65b11f3,7d927058-dc58-443e-84ee-eea4360546f2,1634109695675,13.4022223,52.4724163,5.429097,-1.0340981,0.38250136,1.0040617,on bike mount,cyclo cross,True,paving stones,good
986c3e9a-e0bf-4ad5-bfd4-d9ee2b16ecfb,0481f086-9fc9-4818-977c-76c7e65b11f3,28e2f606-4ca7-4876-acc1-b8e68f24fcc7,1634109695726,13.4022223,52.4724163,5.429097,0.23655066,1.4686108,-0.96393967,on bike mount,cyclo cross,True,paving stones,good
986c3e9a-e0bf-4ad5-bfd4-d9ee2b16ecfb,0481f086-9fc9-4818-977c-76c7e65b11f3,c96f087c-328a-4cf0-9879-bdb1e0ef8c1e,1634109695776,13.4022223,52.4724163,5.429097,0.34385532,-4.9725943,4.7234735,on bike mount,cyclo cross,True,paving stones,good
986c3e9a-e0bf-4ad5-bfd4-d9ee2b16ecfb,0481f086-9fc9-4818-977c-76c7e65b11f3,4aa22405-b9ea-46fd-82ed-5df7b5eb967f,1634109695825,13.4022223,52.4724163,5.429097,0.20450905,2.6475484,3.7336245,on bike mount,cyclo cross,True,paving stones,good
986c3e9a-e0bf-4ad5-bfd4-d9ee2b16ecfb,0481f086-9fc9-4818-977c-76c7e65b11f3,d25064ab-a493-472d-ad8f-4a55d5ba48de,1634109695876,13.4022223,52.4724163,5.429097,-1.1320972,2.901687,2.0506115,on bike mount,cyclo cross,True,paving stones,good
986c3e9a-e0bf-4ad5-bfd4-d9ee2b16ecfb,0481f086-9fc9-4818-977c-76c7e65b11f3,2b931b31-a16b-419d-a9bf-af28c5f6d38b,1634109695926,13.4022223,52.4724163,5.429097,-0.44702977,1.0664873,-1.4794555,on bike mount,cyclo cross,True,paving stones,good
986c3e9a-e0bf-4ad5-bfd4-d9ee2b16ecfb,0481f086-9fc9-4818-977c-76c7e65b11f3,8ffb7790-e587-4a38-9520-5b79a4798482,1634109695976,13.4022223,52.4724163,5.429097,-0.4878199,-0.53936434,8.419348,on bike mount,cyclo cross,True,paving stones,good
986c3e9a-e0bf-4ad5-bfd4-d9ee2b16ecfb,0481f086-9fc9-4818-977c-76c7e65b11f3,a1daabc8-0246-4ff3-a595-deb9518dd3a7,1634109696026,13.4022223,52.4724163,5.429097,0.71884274,-0.16371584,4.3438215,on bike mount,cyclo cross,True,paving stones,good
986c3e9a-e0bf-4ad5-bfd4-d9ee2b16ecfb,0481f086-9fc9-4818-977c-76c7e65b11f3,741cdb7c-3b61-444b-a867-4d238d832cee,1634109696076,13.4022223,52.4724163,5.429097,0.7200975,-4.3617268,0.04396248,on bike mount,cyclo cross,True,paving stones,good
986c3e9a-e0bf-4ad5-bfd4-d9ee2b16ecfb,0481f086-9fc9-4818-977c-76c7e65b11f3,12f193da-246f-4e82-a60b-4bc5c42757ed,1634109696127,13.4022223,52.4724163,5.429097,0.55448204,1.9858727,-1.4285789,on bike mount,cyclo cross,True,paving stones,good
986c3e9a-e0bf-4ad5-bfd4-d9ee2b16ecfb,0481f086-9fc9-4818-977c-76c7e65b11f3,434f9e9c-d762-4ec5-bf15-05aee3fa8013,1634109696178,13.4022223,52.4724163,5.429097,1.4755299,-4.0835648,5.4479218,on bike mount,cyclo cross,True,paving stones,good
986c3e9a-e0bf-4ad5-bfd4-d9ee2b16ecfb,0481f086-9fc9-4818-977c-76c7e65b11f3,7ae030b9-4727-43b2-a3ed-a2a0d9de5b49,1634109696244,13.4022223,52.4724163,5.429097,0.39670002,1.1716254,2.862483,on bike mount,cyclo cross,True,paving stones,good
986c3e9a-e0bf-4ad5-bfd4-d9ee2b16ecfb,0481f086-9fc9-4818-977c-76c7e65b11f3,fccf2d28-b11f-4efc-a7be-aa46b3e681f5,1634109696295,13.4022223,52.4724163,5.429097,-0.87855315,-2.132958,3.7256804,on bike mount,cyclo cross,True,paving stones,good
986c3e9a-e0bf-4ad5-bfd4-d9ee2b16ecfb,0481f086-9fc9-4818-977c-76c7e65b11f3,4b774635-a7f8-42e7-ae7a-48aa7296437e,1634109696361,13.4022223,52.4724163,5.429097,-0.43070632,-4.1564403,-1.8479986,on bike mount,cyclo cross,True,paving stones,good
986c3e9a-e0bf-4ad5-bfd4-d9ee2b16ecfb,0481f086-9fc9-4818-977c-76c7e65b11f3,347ec284-5dca-4a51-be8c-a299368308bb,1634109696413,13.4022223,52.4724163,5.429097,-1.4357914,-2.3566844,0.2934084,on bike mount,cyclo cross,True,paving stones,good
986c3e9a-e0bf-4ad5-bfd4-d9ee2b16ecfb,0481f086-9fc9-4818-977c-76c7e65b11f3,83aefbde-b63e-4e72-adfb-b8c670cf0539,1634109696462,13.4021405,52.4724115,5.4000063,0.13726701,-0.6238067,2.071828,on bike mount,cyclo cross,True,paving stones,good
986c3e9a-e0bf-4ad5-bfd4-d9ee2b16ecfb,0481f086-9fc9-4818-977c-76c7e65b11f3,8233e292-343c-4fe8-a3c0-9d80a87107c6,1634109696527,13.4021405,52.4724115,5.4000063,-0.15259233,3.194632,-3.6759253,on bike mount,cyclo cross,True,paving stones,good
986c3e9a-e0bf-4ad5-bfd4-d9ee2b16ecfb,0481f086-9fc9-4818-977c-76c7e65b11f3,39dcea42-ebd7-4c6c-ac0c-2f1809150ea3,1634109696579,13.4021405,52.4724115,5.4000063,-0.011572659,0.34844017,-0.6450949,on bike mount,cyclo cross,True,paving stones,good
986c3e9a-e0bf-4ad5-bfd4-d9ee2b16ecfb,0481f086-9fc9-4818-977c-76c7e65b11f3,81418557-f189-4640-a065-f263385fe929,1634109696629,13.4021405,52.4724115,5.4000063,-0.25298792,2.4287076,-1.0403695,on bike mount,cyclo cross,True,paving stones,good
986c3e9a-e0bf-4ad5-bfd4-d9ee2b16ecfb,0481f086-9fc9-4818-977c-76c7e65b11f3,8b896eb4-dd8a-4209-9475-4bd4decdb77b,1634109696680,13.4021405,52.4724115,5.4000063,-1.0244803,-1.2861029,0.43250656,on bike mount,cyclo cross,True,paving stones,good
986c3e9a-e0bf-4ad5-bfd4-d9ee2b16ecfb,0481f086-9fc9-4818-977c-76c7e65b11f3,f4bf36a1-9b94-46e0-adf8-e02581efad99,1634109696745,13.4021405,52.4724115,5.4000063,1.4839262,-1.8692114,2.8834257,on bike mount,cyclo cross,True,paving stones,good
986c3e9a-e0bf-4ad5-bfd4-d9ee2b16ecfb,0481f086-9fc9-4818-977c-76c7e65b11f3,12dc86d4-8d03-4f38-b120-dff12bf79f5f,1634109696796,13.4021405,52.4724115,5.4000063,-1.0802522,0.4079454,2.0119772,on bike mount,cyclo cross,True,paving stones,good
986c3e9a-e0bf-4ad5-bfd4-d9ee2b16ecfb,0481f086-9fc9-4818-977c-76c7e65b11f3,7447eef4-ce95-40ef-aaf7-320a1ad466e5,1634109696848,13.4021405,52.4724115,5.4000063,-0.9766551,1.5059319,0.7378464,on bike mount,cyclo cross,True,paving stones,good
986c3e9a-e0bf-4ad5-bfd4-d9ee2b16ecfb,0481f086-9fc9-4818-977c-76c7e65b11f3,e333abab-46f4-466b-8e2d-38239d79df32,1634109696912,13.4021405,52.4724115,5.4000063,1.3452561,-1.4004639,-0.81668663,on bike mount,cyclo cross,True,paving stones,good
986c3e9a-e0bf-4ad5-bfd4-d9ee2b16ecfb,0481f086-9fc9-4818-977c-76c7e65b11f3,6e63feae-e55c-49fd-bc56-6601920d1a8e,1634109696963,13.4021405,52.4724115,5.4000063,2.3902216,1.2469251,-2.6891232,on bike mount,cyclo cross,True,paving stones,good
986c3e9a-e0bf-4ad5-bfd4-d9ee2b16ecfb,0481f086-9fc9-4818-977c-76c7e65b11f3,57aefbfc-49d4-454e-9b6e-e13ba30df4bb,1634109697013,13.4021405,52.4724115,5.4000063,1.1345463,-0.27014852,1.5780077,on bike mount,cyclo cross,True,paving stones,good
986c3e9a-e0bf-4ad5-bfd4-d9ee2b16ecfb,0481f086-9fc9-4818-977c-76c7e65b11f3,ccb1049b-4803-4149-a794-6550cc88dd94,1634109697063,13.4021405,52.4724115,5.4000063,-2.17204,-2.683797,1.893487,on bike mount,cyclo cross,True,paving stones,good
986c3e9a-e0bf-4ad5-bfd4-d9ee2b16ecfb,0481f086-9fc9-4818-977c-76c7e65b11f3,30587382-f0bc-4dd7-85cb-23c3281f2406,1634109697113,13.4021405,52.4724115,5.4000063,-0.07403299,-3.779664,0.289546,on bike mount,cyclo cross,True,paving stones,good
986c3e9a-e0bf-4ad5-bfd4-d9ee2b16ecfb,0481f086-9fc9-4818-977c-76c7e65b11f3,9f46d834-e077-49df-8114-8bfae1743447,1634109697163,13.4021405,52.4724115,5.4000063,1.2752618,-1.414342,0.71637917,on bike mount,cyclo cross,True,paving stones,good
986c3e9a-e0bf-4ad5-bfd4-d9ee2b16ecfb,0481f086-9fc9-4818-977c-76c7e65b11f3,af350924-add3-421b-a70e-e1cccdbe7863,1634109697213,13.4021405,52.4724115,5.4000063,1.0146844,7.991118,-0.16801357,on bike mount,cyclo cross,True,paving stones,good
986c3e9a-e0bf-4ad5-bfd4-d9ee2b16ecfb,0481f086-9fc9-4818-977c-76c7e65b11f3,9f2a0e25-1c78-4968-ad5b-978a67dfbb41,1634109697264,13.4021405,52.4724115,5.4000063,0.31798917,3.7919893,1.0564585,on bike mount,cyclo cross,True,paving stones,good
986c3e9a-e0bf-4ad5-bfd4-d9ee2b16ecfb,0481f086-9fc9-4818-977c-76c7e65b11f3,d61e5297-4986-428d-922a-c5d9bf38235b,1634109697315,13.4021405,52.4724115,5.4000063,0.84327096,2.4901466,-5.043452,on bike mount,cyclo cross,True,paving stones,good
986c3e9a-e0bf-4ad5-bfd4-d9ee2b16ecfb,0481f086-9fc9-4818-977c-76c7e65b11f3,aeb8b1dc-9695-442a-9809-d1a05fe17728,1634109697380,13.4021405,52.4724115,5.4000063,-2.478582,1.4344587,1.8321724,on bike mount,cyclo cross,True,paving stones,good
986c3e9a-e0bf-4ad5-bfd4-d9ee2b16ecfb,0481f086-9fc9-4818-977c-76c7e65b11f3,f0107b3e-df7d-4c00-a032-09f69478faf6,1634109697432,13.4021405,52.4724115,5.4000063,-0.9072461,-4.482072,-0.5472975,on bike mount,cyclo cross,True,paving stones,good
986c3e9a-e0bf-4ad5-bfd4-d9ee2b16ecfb,0481f086-9fc9-4818-977c-76c7e65b11f3,92dbb912-cb6b-4de3-bdbc-ca428ffb17be,1634109697497,13.4020588,52.4724116,5.429852,-0.6098978,0.5148494,-4.157426,on bike mount,cyclo cross,True,paving stones,good
986c3e9a-e0bf-4ad5-bfd4-d9ee2b16ecfb,0481f086-9fc9-4818-977c-76c7e65b11f3,03d294e9-607b-4387-befe-df36de754fca,1634109697547,13.4020588,52.4724116,5.429852,0.70522153,-1.01026,-0.38428307,on bike mount,cyclo cross,True,paving stones,good
986c3e9a-e0bf-4ad5-bfd4-d9ee2b16ecfb,0481f086-9fc9-4818-977c-76c7e65b11f3,19532583-e8b4-4970-9b88-a9c5145e20f2,1634109697598,13.4020588,52.4724116,5.429852,0.3566699,-1.3937562,-0.5675869,on bike mount,cyclo cross,True,paving stones,good
986c3e9a-e0bf-4ad5-bfd4-d9ee2b16ecfb,0481f086-9fc9-4818-977c-76c7e65b11f3,069e0e31-5845-443b-b552-7e67de154b9d,1634109697648,13.4020588,52.4724116,5.429852,-0.3254491,1.7131052,-1.9633598,on bike mount,cyclo cross,True,paving stones,good
986c3e9a-e0bf-4ad5-bfd4-d9ee2b16ecfb,0481f086-9fc9-4818-977c-76c7e65b11f3,2084c315-707c-482c-9023-b294b6534830,1634109697698,13.4020588,52.4724116,5.429852,0.5696851,-1.9451653,-2.9824224,on bike mount,cyclo cross,True,paving stones,good
986c3e9a-e0bf-4ad5-bfd4-d9ee2b16ecfb,0481f086-9fc9-4818-977c-76c7e65b11f3,f521cb84-f856-402d-98b0-db5ae53a47c5,1634109697749,13.4020588,52.4724116,5.429852,0.4453717,-3.8403504,1.3696451,on bike mount,cyclo cross,True,paving stones,good
986c3e9a-e0bf-4ad5-bfd4-d9ee2b16ecfb,0481f086-9fc9-4818-977c-76c7e65b11f3,b4ef4717-4662-439b-bf1b-e38869973119,1634109697799,13.4020588,52.4724116,5.429852,0.9572829,-2.721527,3.150856,on bike mount,cyclo cross,True,paving stones,good
986c3e9a-e0bf-4ad5-bfd4-d9ee2b16ecfb,0481f086-9fc9-4818-977c-76c7e65b11f3,cd85aa77-cfd2-4998-a594-2b90a0f85e96,1634109697849,13.4020588,52.4724116,5.429852,-0.86748606,-2.5577018,-1.2828636,on bike mount,cyclo cross,True,paving stones,good
986c3e9a-e0bf-4ad5-bfd4-d9ee2b16ecfb,0481f086-9fc9-4818-977c-76c7e65b11f3,d05c859c-8968-4822-b747-41d47477180d,1634109697900,13.4020588,52.4724116,5.429852,-0.5499766,-0.040724277,4.988637,on bike mount,cyclo cross,True,paving stones,good
986c3e9a-e0bf-4ad5-bfd4-d9ee2b16ecfb,0481f086-9fc9-4818-977c-76c7e65b11f3,75fc7eef-6c23-4282-bcaf-461025b3d5cc,1634109697951,13.4020588,52.4724116,5.429852,-2.2816467,-1.8575778,1.0069275,on bike mount,cyclo cross,True,paving stones,good
986c3e9a-e0bf-4ad5-bfd4-d9ee2b16ecfb,0481f086-9fc9-4818-977c-76c7e65b11f3,aa390f8f-dfb8-4332-a321-77cc020e023a,1634109698015,13.4020588,52.4724116,5.429852,-0.89991903,-5.969894,0.680521,on bike mount,cyclo cross,True,paving stones,good
986c3e9a-e0bf-4ad5-bfd4-d9ee2b16ecfb,0481f086-9fc9-4818-977c-76c7e65b11f3,f3deff21-471d-4445-ad91-66d4e312047d,1634109698066,13.4020588,52.4724116,5.429852,0.5369836,-2.8709474,-1.2274103,on bike mount,cyclo cross,True,paving stones,good
986c3e9a-e0bf-4ad5-bfd4-d9ee2b16ecfb,0481f086-9fc9-4818-977c-76c7e65b11f3,e51eb1cb-86ea-46c4-aa93-76eb25ec87df,1634109698117,13.4020588,52.4724116,5.429852,0.3624366,-0.58499575,-1.8723588,on bike mount,cyclo cross,True,paving stones,good
986c3e9a-e0bf-4ad5-bfd4-d9ee2b16ecfb,0481f086-9fc9-4818-977c-76c7e65b11f3,3051d0c0-36aa-4f58-9343-f310db4debce,1634109698167,13.4020588,52.4724116,5.429852,0.17909203,-3.140265,0.15368366,on bike mount,cyclo cross,True,paving stones,good
986c3e9a-e0bf-4ad5-bfd4-d9ee2b16ecfb,0481f086-9fc9-4818-977c-76c7e65b11f3,a18f4d79-da94-4707-8ee3-0aad2ec1a373,1634109698217,13.4020588,52.4724116,5.429852,-0.3675694,-2.6702654,0.16044807,on bike mount,cyclo cross,True,paving stones,good
986c3e9a-e0bf-4ad5-bfd4-d9ee2b16ecfb,0481f086-9fc9-4818-977c-76c7e65b11f3,efb5ec45-7188-44cf-a06b-8ecef8e2d85f,1634109698268,13.4020588,52.4724116,5.429852,-0.6181054,0.32218957,4.0550184,on bike mount,cyclo cross,True,paving stones,good
986c3e9a-e0bf-4ad5-bfd4-d9ee2b16ecfb,0481f086-9fc9-4818-977c-76c7e65b11f3,0f1e3a20-ab46-4a5a-a296-ce9c8c8fa33b,1634109698319,13.4020588,52.4724116,5.429852,1.0291126,1.2786694,2.6427155,on bike mount,cyclo cross,True,paving stones,good
986c3e9a-e0bf-4ad5-bfd4-d9ee2b16ecfb,0481f086-9fc9-4818-977c-76c7e65b11f3,c1d4c8d8-1b5e-4547-9fc6-d0959dac0c58,1634109698384,13.4020588,52.4724116,5.429852,-0.08205661,4.503589,-2.7553005,on bike mount,cyclo cross,True,paving stones,good
986c3e9a-e0bf-4ad5-bfd4-d9ee2b16ecfb,0481f086-9fc9-4818-977c-76c7e65b11f3,f50b0485-9af3-43d4-80bf-df6191cde2fb,1634109698435,13.4020588,52.4724116,5.429852,0.53604007,6.3015947,-4.986019,on bike mount,cyclo cross,True,paving stones,good
986c3e9a-e0bf-4ad5-bfd4-d9ee2b16ecfb,0481f086-9fc9-4818-977c-76c7e65b11f3,41c021df-f862-482c-bf97-63cd15291be3,1634109698501,13.4019791,52.4724132,5.439852,0.6438994,-0.9422064,-2.9912438,on bike mount,cyclo cross,True,paving stones,good
986c3e9a-e0bf-4ad5-bfd4-d9ee2b16ecfb,0481f086-9fc9-4818-977c-76c7e65b11f3,a47f9a6b-626c-41b9-bd57-971b11a46dd4,1634109698553,13.4019791,52.4724132,5.439852,-0.8827095,1.0911131,-1.058259,on bike mount,cyclo cross,True,paving stones,good
986c3e9a-e0bf-4ad5-bfd4-d9ee2b16ecfb,0481f086-9fc9-4818-977c-76c7e65b11f3,7d40f076-be5a-40b7-a8d4-3c5cf8c3e84a,1634109698618,13.4019791,52.4724132,5.439852,1.7437079,-0.17523456,-1.4499102,on bike mount,cyclo cross,True,paving stones,good
986c3e9a-e0bf-4ad5-bfd4-d9ee2b16ecfb,0481f086-9fc9-4818-977c-76c7e65b11f3,415e56c4-a4af-4328-8d3f-3b53dbe6474f,1634109698668,13.4019791,52.4724132,5.439852,0.53427124,-0.8100362,-2.9154482,on bike mount,cyclo cross,True,paving stones,good
986c3e9a-e0bf-4ad5-bfd4-d9ee2b16ecfb,0481f086-9fc9-4818-977c-76c7e65b11f3,84ac35ba-525f-49e1-a6ef-70e1651a7da6,1634109698719,13.4019791,52.4724132,5.439852,1.3093259,3.9814973,-6.8781924,on bike mount,cyclo cross,True,paving stones,good
986c3e9a-e0bf-4ad5-bfd4-d9ee2b16ecfb,0481f086-9fc9-4818-977c-76c7e65b11f3,5eb20867-2cef-445a-b535-655931521a36,1634109698769,13.4019791,52.4724132,5.439852,-2.138157,-0.72688484,0.06307888,on bike mount,cyclo cross,True,paving stones,good
986c3e9a-e0bf-4ad5-bfd4-d9ee2b16ecfb,0481f086-9fc9-4818-977c-76c7e65b11f3,3398e0ef-353b-43cf-89d9-18e06ab62070,1634109698819,13.4019791,52.4724132,5.439852,0.968398,0.4237845,-2.7333474,on bike mount,cyclo cross,True,paving stones,good
986c3e9a-e0bf-4ad5-bfd4-d9ee2b16ecfb,0481f086-9fc9-4818-977c-76c7e65b11f3,78f54eac-eaea-4413-91a9-cdd255b40057,1634109698869,13.4019791,52.4724132,5.439852,-0.41348648,-1.087201,-1.2495813,on bike mount,cyclo cross,True,paving stones,good
986c3e9a-e0bf-4ad5-bfd4-d9ee2b16ecfb,0481f086-9fc9-4818-977c-76c7e65b11f3,6511d135-ed1d-4d44-9331-2f89a1059fd0,1634109698920,13.4019791,52.4724132,5.439852,-1.2369837,-3.7437396,4.255459,on bike mount,cyclo cross,True,paving stones,good
986c3e9a-e0bf-4ad5-bfd4-d9ee2b16ecfb,0481f086-9fc9-4818-977c-76c7e65b11f3,acd93a76-21a9-47f0-b0c1-20b1e2bf880a,1634109698970,13.4019791,52.4724132,5.439852,-0.8663235,-0.79760516,-1.3456287,on bike mount,cyclo cross,True,paving stones,good
986c3e9a-e0bf-4ad5-bfd4-d9ee2b16ecfb,0481f086-9fc9-4818-977c-76c7e65b11f3,20457ad3-668a-4fee-b04e-154a8b88a720,1634109699021,13.4019791,52.4724132,5.439852,0.36586198,-4.9534616,1.7217646,on bike mount,cyclo cross,True,paving stones,good
986c3e9a-e0bf-4ad5-bfd4-d9ee2b16ecfb,0481f086-9fc9-4818-977c-76c7e65b11f3,74092f61-06ee-4f18-9314-9e1ed461195a,1634109699086,13.4019791,52.4724132,5.439852,-1.4765644,4.73594,0.666193,on bike mount,cyclo cross,True,paving stones,good
986c3e9a-e0bf-4ad5-bfd4-d9ee2b16ecfb,0481f086-9fc9-4818-977c-76c7e65b11f3,e95b127a-ce65-4605-b33e-58299bd1c354,1634109699137,13.4019791,52.4724132,5.439852,-1.5009742,4.4468417,-0.87999964,on bike mount,cyclo cross,True,paving stones,good
986c3e9a-e0bf-4ad5-bfd4-d9ee2b16ecfb,0481f086-9fc9-4818-977c-76c7e65b11f3,a6e1f421-429f-4b66-8c26-d02d7f346e2f,1634109699188,13.4019791,52.4724132,5.439852,0.36505714,-1.6974391,1.0844765,on bike mount,cyclo cross,True,paving stones,good
986c3e9a-e0bf-4ad5-bfd4-d9ee2b16ecfb,0481f086-9fc9-4818-977c-76c7e65b11f3,bd82a1cd-d8f1-413a-b47e-0da53e5b7f90,1634109699238,13.4019791,52.4724132,5.439852,-0.80069304,4.34393,-7.961483,on bike mount,cyclo cross,True,paving stones,good
986c3e9a-e0bf-4ad5-bfd4-d9ee2b16ecfb,0481f086-9fc9-4818-977c-76c7e65b11f3,099a18aa-0eee-4c96-a361-54314ed68b6c,1634109699305,13.4019791,52.4724132,5.439852,0.293063,-5.8027,6.958112,on bike mount,cyclo cross,True,paving stones,good
986c3e9a-e0bf-4ad5-bfd4-d9ee2b16ecfb,0481f086-9fc9-4818-977c-76c7e65b11f3,97815da3-bc1e-45d6-9e76-03587c05308e,1634109699356,13.4019791,52.4724132,5.439852,0.011038303,-1.6088121,0.99020195,on bike mount,cyclo cross,True,paving stones,good
986c3e9a-e0bf-4ad5-bfd4-d9ee2b16ecfb,0481f086-9fc9-4818-977c-76c7e65b11f3,97fec1f0-f383-4508-89e7-c7a69b129964,1634109699422,13.4019791,52.4724132,5.439852,0.51530194,-1.7934506,1.8679924,on bike mount,cyclo cross,True,paving stones,good
986c3e9a-e0bf-4ad5-bfd4-d9ee2b16ecfb,0481f086-9fc9-4818-977c-76c7e65b11f3,aceebaf2-0f20-4b80-80af-4ede34f00974,1634109699472,13.4018997,52.4724141,5.479662,-0.79982436,-0.07129383,-0.03076458,on bike mount,cyclo cross,True,paving stones,good
986c3e9a-e0bf-4ad5-bfd4-d9ee2b16ecfb,0481f086-9fc9-4818-977c-76c7e65b11f3,efb0cc8f-8da8-43e1-8628-8960389e62a7,1634109699538,13.4018997,52.4724141,5.479662,-0.79687417,-3.920281,-0.26129627,on bike mount,cyclo cross,True,paving stones,good
986c3e9a-e0bf-4ad5-bfd4-d9ee2b16ecfb,0481f086-9fc9-4818-977c-76c7e65b11f3,fd40b070-94cc-4b4a-9d58-9de657d244d2,1634109699588,13.4018997,52.4724141,5.479662,-0.6537583,0.41416788,-1.2629275,on bike mount,cyclo cross,True,paving stones,good
986c3e9a-e0bf-4ad5-bfd4-d9ee2b16ecfb,0481f086-9fc9-4818-977c-76c7e65b11f3,ac8b082e-91a6-485a-8731-5f339e69c414,1634109699638,13.4018997,52.4724141,5.479662,2.3807466,3.8359976,-0.97137356,on bike mount,cyclo cross,True,paving stones,good
986c3e9a-e0bf-4ad5-bfd4-d9ee2b16ecfb,0481f086-9fc9-4818-977c-76c7e65b11f3,359bf39d-b813-4898-a70d-5dfe82eb9250,1634109699688,13.4018997,52.4724141,5.479662,-1.602927,-9.643546,1.8495445,on bike mount,cyclo cross,True,paving stones,good
986c3e9a-e0bf-4ad5-bfd4-d9ee2b16ecfb,0481f086-9fc9-4818-977c-76c7e65b11f3,9274cf57-ce6d-4742-bf3e-0d28b77573f7,1634109699739,13.4018997,52.4724141,5.479662,1.4938717,-8.24371,-0.2995863,on bike mount,cyclo cross,True,paving stones,good
986c3e9a-e0bf-4ad5-bfd4-d9ee2b16ecfb,0481f086-9fc9-4818-977c-76c7e65b11f3,a83c6324-16c1-4024-a142-8749fa40f232,1634109699788,13.4018997,52.4724141,5.479662,-1.3405823,3.4606671,-2.569594,on bike mount,cyclo cross,True,paving stones,good
986c3e9a-e0bf-4ad5-bfd4-d9ee2b16ecfb,0481f086-9fc9-4818-977c-76c7e65b11f3,a421d048-0380-4907-9917-3930ae337c72,1634109699839,13.4018997,52.4724141,5.479662,0.15198079,-4.441022,3.2245665,on bike mount,cyclo cross,True,paving stones,good
986c3e9a-e0bf-4ad5-bfd4-d9ee2b16ecfb,0481f086-9fc9-4818-977c-76c7e65b11f3,a6f56942-8e08-4a4d-ab95-35a97e887233,1634109699890,13.4018997,52.4724141,5.479662,1.40901,0.7602987,-4.1418414,on bike mount,cyclo cross,True,paving stones,good
986c3e9a-e0bf-4ad5-bfd4-d9ee2b16ecfb,0481f086-9fc9-4818-977c-76c7e65b11f3,da1c4b6b-3c40-4ff1-ab92-39d4cf0fa40f,1634109699941,13.4018997,52.4724141,5.479662,-1.450795,4.3378043,0.6536665,on bike mount,cyclo cross,True,paving stones,good
986c3e9a-e0bf-4ad5-bfd4-d9ee2b16ecfb,0481f086-9fc9-4818-977c-76c7e65b11f3,dd273d89-e832-4ba6-9b56-92da62f9a040,1634109699990,13.4018997,52.4724141,5.479662,0.22666591,4.6680193,-3.0295496,on bike mount,cyclo cross,True,paving stones,good
986c3e9a-e0bf-4ad5-bfd4-d9ee2b16ecfb,0481f086-9fc9-4818-977c-76c7e65b11f3,8eaf8fc8-f697-474e-9054-6b0f32989293,1634109700040,13.4018997,52.4724141,5.479662,-0.90985924,2.8884506,-0.7395749,on bike mount,cyclo cross,True,paving stones,good
986c3e9a-e0bf-4ad5-bfd4-d9ee2b16ecfb,0481f086-9fc9-4818-977c-76c7e65b11f3,4c3deea1-132c-4470-9d2e-2b6ab9b97b0f,1634109700090,13.4018997,52.4724141,5.479662,-2.250143,-1.1540333,-1.7954402,on bike mount,cyclo cross,True,paving stones,good
986c3e9a-e0bf-4ad5-bfd4-d9ee2b16ecfb,0481f086-9fc9-4818-977c-76c7e65b11f3,cd660727-97b6-4bfb-abad-fda3fb641c50,1634109700141,13.4018997,52.4724141,5.479662,0.3384819,0.9475107,0.13753891,on bike mount,cyclo cross,True,paving stones,good
986c3e9a-e0bf-4ad5-bfd4-d9ee2b16ecfb,0481f086-9fc9-4818-977c-76c7e65b11f3,94885cd6-2b01-4f86-973c-ecd2ea6713a6,1634109700190,13.4018997,52.4724141,5.479662,-0.8397557,-3.290798,1.007268,on bike mount,cyclo cross,True,paving stones,good
986c3e9a-e0bf-4ad5-bfd4-d9ee2b16ecfb,0481f086-9fc9-4818-977c-76c7e65b11f3,a5640c0d-0321-4004-b24a-e454217b3029,1634109700241,13.4018997,52.4724141,5.479662,0.11241338,0.45982838,0.7814932,on bike mount,cyclo cross,True,paving stones,good
986c3e9a-e0bf-4ad5-bfd4-d9ee2b16ecfb,0481f086-9fc9-4818-977c-76c7e65b11f3,db9d2a89-0a89-41a4-9eb3-cf17978f2ffc,1634109700291,13.4018997,52.4724141,5.479662,0.019455552,2.7122207,3.7950277,on bike mount,cyclo cross,True,paving stones,good
986c3e9a-e0bf-4ad5-bfd4-d9ee2b16ecfb,0481f086-9fc9-4818-977c-76c7e65b11f3,4181c4ba-464d-4ff2-b0ea-fa4b2bac9c0a,1634109700341,13.4018997,52.4724141,5.479662,-0.7070987,4.5833755,3.1136293,on bike mount,cyclo cross,True,paving stones,good
986c3e9a-e0bf-4ad5-bfd4-d9ee2b16ecfb,0481f086-9fc9-4818-977c-76c7e65b11f3,15b65513-b1af-4724-9ce9-57fb3dce9cc2,1634109700391,13.4018997,52.4724141,5.479662,-0.46851617,-2.9896142,5.5162,on bike mount,cyclo cross,True,paving stones,good
986c3e9a-e0bf-4ad5-bfd4-d9ee2b16ecfb,0481f086-9fc9-4818-977c-76c7e65b11f3,f682e699-62f8-45f2-b41a-fab8019a9be8,1634109700443,13.4018997,52.4724141,5.479662,-1.2828494,-3.4139566,5.2868986,on bike mount,cyclo cross,True,paving stones,good
986c3e9a-e0bf-4ad5-bfd4-d9ee2b16ecfb,0481f086-9fc9-4818-977c-76c7e65b11f3,348c1e19-1e7d-41da-9f48-14a9db6cb59c,1634109700507,13.4018214,52.4724142,5.4401693,0.2333265,-1.4805164,-9.04166,on bike mount,cyclo cross,True,paving stones,good
986c3e9a-e0bf-4ad5-bfd4-d9ee2b16ecfb,0481f086-9fc9-4818-977c-76c7e65b11f3,a54bbebf-575c-433b-8824-ea55f1725202,1634109700558,13.4018214,52.4724142,5.4401693,2.3159328,-4.05877,-8.034128,on bike mount,cyclo cross,True,paving stones,good
986c3e9a-e0bf-4ad5-bfd4-d9ee2b16ecfb,0481f086-9fc9-4818-977c-76c7e65b11f3,35c275e6-191b-4ca6-96c5-8e73c8848fcf,1634109700608,13.4018214,52.4724142,5.4401693,-0.3075605,0.07096505,-7.265979,on bike mount,cyclo cross,True,paving stones,good
986c3e9a-e0bf-4ad5-bfd4-d9ee2b16ecfb,0481f086-9fc9-4818-977c-76c7e65b11f3,07546647-1b76-46dd-a887-8c59d9ac424c,1634109700658,13.4018214,52.4724142,5.4401693,-0.5857439,-2.3983345,-4.8864264,on bike mount,cyclo cross,True,paving stones,good
986c3e9a-e0bf-4ad5-bfd4-d9ee2b16ecfb,0481f086-9fc9-4818-977c-76c7e65b11f3,7836c415-3aac-4736-ade5-27a9b91f505c,1634109700708,13.4018214,52.4724142,5.4401693,-1.0468616,0.32373142,-0.357522,on bike mount,cyclo cross,True,paving stones,good
986c3e9a-e0bf-4ad5-bfd4-d9ee2b16ecfb,0481f086-9fc9-4818-977c-76c7e65b11f3,e97b9fa2-9d68-4baa-a008-1316826152b4,1634109700758,13.4018214,52.4724142,5.4401693,-0.32112217,-2.4093528,0.83000946,on bike mount,cyclo cross,True,paving stones,good
986c3e9a-e0bf-4ad5-bfd4-d9ee2b16ecfb,0481f086-9fc9-4818-977c-76c7e65b11f3,261e4cf1-3e1f-4ccd-ac4f-5f7460abb4c6,1634109700809,13.4018214,52.4724142,5.4401693,-0.56775993,-7.1507206,0.53267,on bike mount,cyclo cross,True,paving stones,good
986c3e9a-e0bf-4ad5-bfd4-d9ee2b16ecfb,0481f086-9fc9-4818-977c-76c7e65b11f3,401593cb-9aa3-4f60-b040-5f5d2b2d96f7,1634109700860,13.4018214,52.4724142,5.4401693,0.21041158,-2.9662037,-1.8501363,on bike mount,cyclo cross,True,paving stones,good
986c3e9a-e0bf-4ad5-bfd4-d9ee2b16ecfb,0481f086-9fc9-4818-977c-76c7e65b11f3,68437233-0d83-4f7e-b061-746f1dedf5d9,1634109700927,13.4018214,52.4724142,5.4401693,0.1731141,-3.6325526,2.8789816,on bike mount,cyclo cross,True,paving stones,good
986c3e9a-e0bf-4ad5-bfd4-d9ee2b16ecfb,0481f086-9fc9-4818-977c-76c7e65b11f3,f8f08dd1-e905-47df-8011-b69c0e617b87,1634109700976,13.4018214,52.4724142,5.4401693,0.13262478,-1.939486,0.985384,on bike mount,cyclo cross,True,paving stones,good
986c3e9a-e0bf-4ad5-bfd4-d9ee2b16ecfb,0481f086-9fc9-4818-977c-76c7e65b11f3,d4fcc550-73d9-4bb0-8fd1-42204aed6e25,1634109701027,13.4018214,52.4724142,5.4401693,0.68831825,-2.068863,4.5639,on bike mount,cyclo cross,True,paving stones,good
986c3e9a-e0bf-4ad5-bfd4-d9ee2b16ecfb,0481f086-9fc9-4818-977c-76c7e65b11f3,d4d536e8-d0d1-497f-80e8-883cef3ae461,1634109701077,13.4018214,52.4724142,5.4401693,0.76772124,2.9084644,-0.84316826,on bike mount,cyclo cross,True,paving stones,good
986c3e9a-e0bf-4ad5-bfd4-d9ee2b16ecfb,0481f086-9fc9-4818-977c-76c7e65b11f3,77e54543-2c95-48a4-aed5-1d1ae694eb24,1634109701127,13.4018214,52.4724142,5.4401693,0.22064734,1.3244247,3.5204792,on bike mount,cyclo cross,True,paving stones,good
986c3e9a-e0bf-4ad5-bfd4-d9ee2b16ecfb,0481f086-9fc9-4818-977c-76c7e65b11f3,3ca04761-4214-4e17-92ec-aacc93e03582,1634109701177,13.4018214,52.4724142,5.4401693,0.19305931,0.6235957,2.2941418,on bike mount,cyclo cross,True,paving stones,good
986c3e9a-e0bf-4ad5-bfd4-d9ee2b16ecfb,0481f086-9fc9-4818-977c-76c7e65b11f3,8275de3e-c32e-4928-a29e-3169369e8e89,1634109701227,13.4018214,52.4724142,5.4401693,2.097201,3.0293245,-0.45698452,on bike mount,cyclo cross,True,paving stones,good
986c3e9a-e0bf-4ad5-bfd4-d9ee2b16ecfb,0481f086-9fc9-4818-977c-76c7e65b11f3,3644df4b-5e1c-473b-b1f2-ff842d6fb6e1,1634109701277,13.4018214,52.4724142,5.4401693,-1.8258127,0.06846714,5.015918,on bike mount,cyclo cross,True,paving stones,good
986c3e9a-e0bf-4ad5-bfd4-d9ee2b16ecfb,0481f086-9fc9-4818-977c-76c7e65b11f3,320e49fc-8a1e-481f-aca8-0d88703af332,1634109701327,13.4018214,52.4724142,5.4401693,-1.8461113,-0.019983053,1.4551363,on bike mount,cyclo cross,True,paving stones,good
986c3e9a-e0bf-4ad5-bfd4-d9ee2b16ecfb,0481f086-9fc9-4818-977c-76c7e65b11f3,f649df91-b252-4704-ac21-56c5920cf30c,1634109701378,13.4018214,52.4724142,5.4401693,0.902558,-0.7351055,5.637414,on bike mount,cyclo cross,True,paving stones,good
986c3e9a-e0bf-4ad5-bfd4-d9ee2b16ecfb,0481f086-9fc9-4818-977c-76c7e65b11f3,36810af9-98b3-4646-ac18-bfc73ba8f32c,1634109701444,13.4017441,52.4724114,5.3404474,-0.1587609,-4.3596487,-2.111342,on bike mount,cyclo cross,True,paving stones,good
986c3e9a-e0bf-4ad5-bfd4-d9ee2b16ecfb,0481f086-9fc9-4818-977c-76c7e65b11f3,d5d381cd-44d8-41b5-8217-50e063e5be42,1634109701494,13.4017441,52.4724114,5.3404474,0.889004,-4.855256,-2.8737879,on bike mount,cyclo cross,True,paving stones,good
986c3e9a-e0bf-4ad5-bfd4-d9ee2b16ecfb,0481f086-9fc9-4818-977c-76c7e65b11f3,923aa030-8bf3-4744-ae5e-dce4fcd96741,1634109701545,13.4017441,52.4724114,5.3404474,0.34912255,-5.0534496,4.8246326,on bike mount,cyclo cross,True,paving stones,good
986c3e9a-e0bf-4ad5-bfd4-d9ee2b16ecfb,0481f086-9fc9-4818-977c-76c7e65b11f3,23fbe584-7bd3-45cb-9eb8-0bf950a4bd24,1634109701595,13.4017441,52.4724114,5.3404474,1.2460418,-1.8572391,2.7535267,on bike mount,cyclo cross,True,paving stones,good
986c3e9a-e0bf-4ad5-bfd4-d9ee2b16ecfb,0481f086-9fc9-4818-977c-76c7e65b11f3,8fe88026-f71f-4d55-aa9f-06a334678683,1634109701646,13.4017441,52.4724114,5.3404474,0.34051323,-1.284613,-1.9974022,on bike mount,cyclo cross,True,paving stones,good
986c3e9a-e0bf-4ad5-bfd4-d9ee2b16ecfb,0481f086-9fc9-4818-977c-76c7e65b11f3,d5373ce5-04f2-4473-b1e2-782cf08f589b,1634109701697,13.4017441,52.4724114,5.3404474,1.14301,-1.028965,1.1671658,on bike mount,cyclo cross,True,paving stones,good
986c3e9a-e0bf-4ad5-bfd4-d9ee2b16ecfb,0481f086-9fc9-4818-977c-76c7e65b11f3,f4063a23-768c-4820-a1af-e716c5c2497e,1634109701763,13.4017441,52.4724114,5.3404474,-1.7575972,2.2842975,1.5318365,on bike mount,cyclo cross,True,paving stones,good
986c3e9a-e0bf-4ad5-bfd4-d9ee2b16ecfb,0481f086-9fc9-4818-977c-76c7e65b11f3,8ec27d6a-ad27-4eac-8a6f-78c064e9f1d4,1634109701813,13.4017441,52.4724114,5.3404474,-1.90708,0.86247516,2.0602398,on bike mount,cyclo cross,True,paving stones,good
986c3e9a-e0bf-4ad5-bfd4-d9ee2b16ecfb,0481f086-9fc9-4818-977c-76c7e65b11f3,684ae449-0181-4ade-a0dc-24eb406042a1,1634109701862,13.4017441,52.4724114,5.3404474,-0.31295738,-0.30917788,3.0767508,on bike mount,cyclo cross,True,paving stones,good
986c3e9a-e0bf-4ad5-bfd4-d9ee2b16ecfb,0481f086-9fc9-4818-977c-76c7e65b11f3,7926a42f-ed87-4abd-9e1c-ff81481c65c8,1634109701913,13.4017441,52.4724114,5.3404474,0.08302294,6.247547,-0.004682064,on bike mount,cyclo cross,True,paving stones,good
986c3e9a-e0bf-4ad5-bfd4-d9ee2b16ecfb,0481f086-9fc9-4818-977c-76c7e65b11f3,dfcbf5f3-b845-4311-975b-f4a116aee103,1634109701963,13.4017441,52.4724114,5.3404474,1.8804252,-2.6815956,1.9991255,on bike mount,cyclo cross,True,paving stones,good
986c3e9a-e0bf-4ad5-bfd4-d9ee2b16ecfb,0481f086-9fc9-4818-977c-76c7e65b11f3,f4b09f08-5d38-4fee-981f-6b8e4068ff01,1634109702014,13.4017441,52.4724114,5.3404474,0.7595707,-3.5886106,4.9502974,on bike mount,cyclo cross,True,paving stones,good
986c3e9a-e0bf-4ad5-bfd4-d9ee2b16ecfb,0481f086-9fc9-4818-977c-76c7e65b11f3,efff5f40-82c1-4b57-91b3-50eb6d88c4e3,1634109702080,13.4017441,52.4724114,5.3404474,-0.122702405,-0.5097656,1.9052849,on bike mount,cyclo cross,True,paving stones,good
986c3e9a-e0bf-4ad5-bfd4-d9ee2b16ecfb,0481f086-9fc9-4818-977c-76c7e65b11f3,3ad7ebe7-8b6e-4e9a-a800-2d09aa4227fe,1634109702131,13.4017441,52.4724114,5.3404474,-1.1274769,1.1684971,-0.6459975,on bike mount,cyclo cross,True,paving stones,good
986c3e9a-e0bf-4ad5-bfd4-d9ee2b16ecfb,0481f086-9fc9-4818-977c-76c7e65b11f3,c80db7f6-da3f-4abe-86a2-a64eca20e820,1634109702182,13.4017441,52.4724114,5.3404474,-0.79168135,-9.159139,2.576007,on bike mount,cyclo cross,True,paving stones,good
986c3e9a-e0bf-4ad5-bfd4-d9ee2b16ecfb,0481f086-9fc9-4818-977c-76c7e65b11f3,3e2e71a0-5e85-48e1-b4f5-458981a2391b,1634109702247,13.4017441,52.4724114,5.3404474,-0.843249,2.924734,1.6612635,on bike mount,cyclo cross,True,paving stones,good
986c3e9a-e0bf-4ad5-bfd4-d9ee2b16ecfb,0481f086-9fc9-4818-977c-76c7e65b11f3,84fc025b-8cf4-4cc7-b7e1-348887d700ff,1634109702298,13.4017441,52.4724114,5.3404474,-1.2980267,-2.1520433,3.72124,on bike mount,cyclo cross,True,paving stones,good
986c3e9a-e0bf-4ad5-bfd4-d9ee2b16ecfb,0481f086-9fc9-4818-977c-76c7e65b11f3,e88b4ea8-4cfe-4c65-b753-ff5b69937dd0,1634109702347,13.4017441,52.4724114,5.3404474,-0.7470268,2.4868207,2.7179813,on bike mount,cyclo cross,True,paving stones,good
986c3e9a-e0bf-4ad5-bfd4-d9ee2b16ecfb,0481f086-9fc9-4818-977c-76c7e65b11f3,7173fe85-ad8a-42c3-9175-f08fd13d68b4,1634109702398,13.4017441,52.4724114,5.3404474,-0.6318052,1.0643725,7.7985554,on bike mount,cyclo cross,True,paving stones,good
986c3e9a-e0bf-4ad5-bfd4-d9ee2b16ecfb,0481f086-9fc9-4818-977c-76c7e65b11f3,755abd98-05d8-4786-a8fe-6535d6d4f788,1634109702466,13.4016628,52.4724131,5.5892487,-0.8503376,1.6861649,-8.081544,on bike mount,cyclo cross,True,paving stones,good
986c3e9a-e0bf-4ad5-bfd4-d9ee2b16ecfb,0481f086-9fc9-4818-977c-76c7e65b11f3,e2182f60-3972-4e92-ac88-de351bf66f5b,1634109702517,13.4016628,52.4724131,5.5892487,-1.210304,0.6032741,-0.56882286,on bike mount,cyclo cross,True,paving stones,good
986c3e9a-e0bf-4ad5-bfd4-d9ee2b16ecfb,0481f086-9fc9-4818-977c-76c7e65b11f3,9cc151ae-1329-47bc-9656-a90bfbe77a09,1634109702566,13.4016628,52.4724131,5.5892487,-0.4811565,-0.9058783,0.9726925,on bike mount,cyclo cross,True,paving stones,good
986c3e9a-e0bf-4ad5-bfd4-d9ee2b16ecfb,0481f086-9fc9-4818-977c-76c7e65b11f3,96237a2c-b799-4d6f-95a3-f8e8541a85f7,1634109702616,13.4016628,52.4724131,5.5892487,0.5020683,-5.123767,1.0220242,on bike mount,cyclo cross,True,paving stones,good
986c3e9a-e0bf-4ad5-bfd4-d9ee2b16ecfb,0481f086-9fc9-4818-977c-76c7e65b11f3,10ab7229-a7fb-4efb-8320-83c9f0f52164,1634109702682,13.4016628,52.4724131,5.5892487,1.5988783,3.7967038,-1.0782003,on bike mount,cyclo cross,True,paving stones,good
986c3e9a-e0bf-4ad5-bfd4-d9ee2b16ecfb,0481f086-9fc9-4818-977c-76c7e65b11f3,df2e5a28-08d9-4140-8fb0-93dfd4ab7336,1634109702733,13.4016628,52.4724131,5.5892487,-1.0491755,1.30861,0.3343296,on bike mount,cyclo cross,True,paving stones,good
986c3e9a-e0bf-4ad5-bfd4-d9ee2b16ecfb,0481f086-9fc9-4818-977c-76c7e65b11f3,bccb676b-6b4d-4247-969f-b055fa47e87b,1634109702783,13.4016628,52.4724131,5.5892487,0.70032823,-2.1519854,0.6732397,on bike mount,cyclo cross,True,paving stones,good
986c3e9a-e0bf-4ad5-bfd4-d9ee2b16ecfb,0481f086-9fc9-4818-977c-76c7e65b11f3,e7a0cd3f-8c17-4b66-b6c8-0c14c90ddf94,1634109702833,13.4016628,52.4724131,5.5892487,-1.8014071,-1.5088695,4.0802355,on bike mount,cyclo cross,True,paving stones,good
986c3e9a-e0bf-4ad5-bfd4-d9ee2b16ecfb,0481f086-9fc9-4818-977c-76c7e65b11f3,8bf67d4e-f987-40c9-b377-168cc54860f2,1634109702884,13.4016628,52.4724131,5.5892487,-1.1178776,-0.698735,0.12193966,on bike mount,cyclo cross,True,paving stones,good
986c3e9a-e0bf-4ad5-bfd4-d9ee2b16ecfb,0481f086-9fc9-4818-977c-76c7e65b11f3,418f1ace-dc73-466c-ab3c-62c730779ae7,1634109702949,13.4016628,52.4724131,5.5892487,1.7555256,-0.5980208,-3.0878758,on bike mount,cyclo cross,True,paving stones,good
986c3e9a-e0bf-4ad5-bfd4-d9ee2b16ecfb,0481f086-9fc9-4818-977c-76c7e65b11f3,616348b3-331a-4703-80e7-3e08ec57bd02,1634109703000,13.4016628,52.4724131,5.5892487,-0.97561884,5.284026,-0.45062637,on bike mount,cyclo cross,True,paving stones,good
986c3e9a-e0bf-4ad5-bfd4-d9ee2b16ecfb,0481f086-9fc9-4818-977c-76c7e65b11f3,1fa2dd71-88fa-49c5-95e5-20b222dafed2,1634109703049,13.4016628,52.4724131,5.5892487,-1.1203635,1.998467,-2.2583413,on bike mount,cyclo cross,True,paving stones,good
986c3e9a-e0bf-4ad5-bfd4-d9ee2b16ecfb,0481f086-9fc9-4818-977c-76c7e65b11f3,26ffae48-ee17-4dcb-aa01-46b730202c92,1634109703099,13.4016628,52.4724131,5.5892487,-0.49073687,4.5266232,-6.8888984,on bike mount,cyclo cross,True,paving stones,good
986c3e9a-e0bf-4ad5-bfd4-d9ee2b16ecfb,0481f086-9fc9-4818-977c-76c7e65b11f3,da5f38f2-c08e-4e31-a0b5-6cd259dd74ba,1634109703150,13.4016628,52.4724131,5.5892487,0.805401,2.9006486,0.050953865,on bike mount,cyclo cross,True,paving stones,good
986c3e9a-e0bf-4ad5-bfd4-d9ee2b16ecfb,0481f086-9fc9-4818-977c-76c7e65b11f3,05d8796b-300b-4709-a882-5d52704075de,1634109703199,13.4016628,52.4724131,5.5892487,0.65615237,2.1765344,-7.844722,on bike mount,cyclo cross,True,paving stones,good
986c3e9a-e0bf-4ad5-bfd4-d9ee2b16ecfb,0481f086-9fc9-4818-977c-76c7e65b11f3,78f781e4-60b7-44b0-b2e4-0c1e36ec0888,1634109703251,13.4016628,52.4724131,5.5892487,0.21868429,2.2777705,-6.3536673,on bike mount,cyclo cross,True,paving stones,good
986c3e9a-e0bf-4ad5-bfd4-d9ee2b16ecfb,0481f086-9fc9-4818-977c-76c7e65b11f3,5e50bb44-7427-4e42-9dc5-0d0a0e1044eb,1634109703301,13.4016628,52.4724131,5.5892487,0.8136606,0.69224405,-6.7239714,on bike mount,cyclo cross,True,paving stones,good
986c3e9a-e0bf-4ad5-bfd4-d9ee2b16ecfb,0481f086-9fc9-4818-977c-76c7e65b11f3,ec7d504d-5290-4ca8-8189-b3a86905a538,1634109703368,13.4016628,52.4724131,5.5892487,-0.35982195,4.39513,4.8606167,on bike mount,cyclo cross,True,paving stones,good
986c3e9a-e0bf-4ad5-bfd4-d9ee2b16ecfb,0481f086-9fc9-4818-977c-76c7e65b11f3,7b8b6c94-f7fd-40fb-a00b-4483c422abef,1634109703420,13.4016628,52.4724131,5.5892487,-0.5619989,-2.277226,-2.1561818,on bike mount,cyclo cross,True,paving stones,good
986c3e9a-e0bf-4ad5-bfd4-d9ee2b16ecfb,0481f086-9fc9-4818-977c-76c7e65b11f3,b22e014c-c955-47cc-be6b-49c2e913f153,1634109703484,13.4015761,52.4724177,5.3697376,-0.55547416,3.2933068,-0.6789789,on bike mount,cyclo cross,True,paving stones,good
986c3e9a-e0bf-4ad5-bfd4-d9ee2b16ecfb,0481f086-9fc9-4818-977c-76c7e65b11f3,f3f1431f-943e-4c85-8604-3f97be5ce57c,1634109703534,13.4015761,52.4724177,5.3697376,-0.8137891,1.4072218,-3.7945104,on bike mount,cyclo cross,True,paving stones,good
986c3e9a-e0bf-4ad5-bfd4-d9ee2b16ecfb,0481f086-9fc9-4818-977c-76c7e65b11f3,d8ae2063-b050-4400-9413-242164662a0b,1634109703585,13.4015761,52.4724177,5.3697376,-0.2404353,-0.7861037,-2.398604,on bike mount,cyclo cross,True,paving stones,good
986c3e9a-e0bf-4ad5-bfd4-d9ee2b16ecfb,0481f086-9fc9-4818-977c-76c7e65b11f3,01cca931-71aa-4160-aca4-f379d97c0e82,1634109703636,13.4015761,52.4724177,5.3697376,-1.1459136,-3.384284,1.7259512,on bike mount,cyclo cross,True,paving stones,good
986c3e9a-e0bf-4ad5-bfd4-d9ee2b16ecfb,0481f086-9fc9-4818-977c-76c7e65b11f3,a1031f83-0de4-491b-bad9-488a4613fd10,1634109703686,13.4015761,52.4724177,5.3697376,-3.6071954,-6.1684165,4.0819817,on bike mount,cyclo cross,True,paving stones,good
986c3e9a-e0bf-4ad5-bfd4-d9ee2b16ecfb,0481f086-9fc9-4818-977c-76c7e65b11f3,ddc06792-c633-443e-90c6-3729491cfc15,1634109703736,13.4015761,52.4724177,5.3697376,0.73005843,-1.8745118,-1.1833429,on bike mount,cyclo cross,True,paving stones,good
986c3e9a-e0bf-4ad5-bfd4-d9ee2b16ecfb,0481f086-9fc9-4818-977c-76c7e65b11f3,70aa77e8-3b38-4462-abe6-e68e0934ae71,1634109703785,13.4015761,52.4724177,5.3697376,0.53262246,-0.89417934,-1.502707,on bike mount,cyclo cross,True,paving stones,good
986c3e9a-e0bf-4ad5-bfd4-d9ee2b16ecfb,0481f086-9fc9-4818-977c-76c7e65b11f3,0d1f579a-71cd-478b-95e2-2c2448f49855,1634109703836,13.4015761,52.4724177,5.3697376,0.21704446,1.4669261,2.5499363,on bike mount,cyclo cross,True,paving stones,good
986c3e9a-e0bf-4ad5-bfd4-d9ee2b16ecfb,0481f086-9fc9-4818-977c-76c7e65b11f3,cbdcd522-25a3-49e7-889d-6fe0962a0299,1634109703886,13.4015761,52.4724177,5.3697376,-1.2329708,4.6648297,0.7769232,on bike mount,cyclo cross,True,paving stones,good
986c3e9a-e0bf-4ad5-bfd4-d9ee2b16ecfb,0481f086-9fc9-4818-977c-76c7e65b11f3,95fe0498-7260-4a6e-b110-6311d1a0db96,1634109703936,13.4015761,52.4724177,5.3697376,0.98827016,-3.7209756,5.0630417,on bike mount,cyclo cross,True,paving stones,good
986c3e9a-e0bf-4ad5-bfd4-d9ee2b16ecfb,0481f086-9fc9-4818-977c-76c7e65b11f3,b28c5307-2cb3-48e8-94a4-e8618ef4cb91,1634109703986,13.4015761,52.4724177,5.3697376,-1.0240614,2.6790586,0.1849556,on bike mount,cyclo cross,True,paving stones,good
986c3e9a-e0bf-4ad5-bfd4-d9ee2b16ecfb,0481f086-9fc9-4818-977c-76c7e65b11f3,c99a1715-8d77-4805-a9af-247bc7406436,1634109704037,13.4015761,52.4724177,5.3697376,0.43102044,1.4694288,-10.112593,on bike mount,cyclo cross,True,paving stones,good
986c3e9a-e0bf-4ad5-bfd4-d9ee2b16ecfb,0481f086-9fc9-4818-977c-76c7e65b11f3,50c582c5-7ed5-4f0d-b732-966084493f2a,1634109704087,13.4015761,52.4724177,5.3697376,0.70279413,2.0595136,-12.823505,on bike mount,cyclo cross,True,paving stones,good
986c3e9a-e0bf-4ad5-bfd4-d9ee2b16ecfb,0481f086-9fc9-4818-977c-76c7e65b11f3,3e59bc18-ee5f-4aa4-b70f-827ede35d570,1634109704138,13.4015761,52.4724177,5.3697376,-0.23049688,5.6411276,-12.306817,on bike mount,cyclo cross,True,paving stones,good
986c3e9a-e0bf-4ad5-bfd4-d9ee2b16ecfb,0481f086-9fc9-4818-977c-76c7e65b11f3,09996570-dc72-4639-acf4-e3df9ca7d1ae,1634109704203,13.4015761,52.4724177,5.3697376,-1.2980449,-5.92476,2.004776,on bike mount,cyclo cross,True,paving stones,good
986c3e9a-e0bf-4ad5-bfd4-d9ee2b16ecfb,0481f086-9fc9-4818-977c-76c7e65b11f3,75bc4107-09ea-41ee-8f07-c43d8ef830d5,1634109704253,13.4015761,52.4724177,5.3697376,0.6729136,5.1386595,-2.548077,on bike mount,cyclo cross,True,paving stones,good
986c3e9a-e0bf-4ad5-bfd4-d9ee2b16ecfb,0481f086-9fc9-4818-977c-76c7e65b11f3,fc273c6d-3e8c-44ad-aa89-48fa73c68b2d,1634109704305,13.4015761,52.4724177,5.3697376,-0.047127634,6.9164534,2.9361744,on bike mount,cyclo cross,True,paving stones,good
986c3e9a-e0bf-4ad5-bfd4-d9ee2b16ecfb,0481f086-9fc9-4818-977c-76c7e65b11f3,a3509ddf-c3ce-4967-8ebe-11f186ea9341,1634109704355,13.4015761,52.4724177,5.3697376,0.31613052,6.290039,-3.812573,on bike mount,cyclo cross,True,paving stones,good
986c3e9a-e0bf-4ad5-bfd4-d9ee2b16ecfb,0481f086-9fc9-4818-977c-76c7e65b11f3,b1a08716-7de8-44c8-b2ee-00ec4e859928,1634109704405,13.4015761,52.4724177,5.3697376,0.7320515,2.9253325,-4.696704,on bike mount,cyclo cross,True,paving stones,good
986c3e9a-e0bf-4ad5-bfd4-d9ee2b16ecfb,0481f086-9fc9-4818-977c-76c7e65b11f3,4ef2ca39-262f-4739-9889-cf7866c994c7,1634109704455,13.4014939,52.4724213,5.4294224,-0.33117476,0.3181057,-5.404598,on bike mount,cyclo cross,True,paving stones,good
986c3e9a-e0bf-4ad5-bfd4-d9ee2b16ecfb,0481f086-9fc9-4818-977c-76c7e65b11f3,7bbf1c21-12c2-483f-aa02-31c194fb2f52,1634109704521,13.4014939,52.4724213,5.4294224,-0.41651738,0.061505318,-0.20154,on bike mount,cyclo cross,True,paving stones,good
986c3e9a-e0bf-4ad5-bfd4-d9ee2b16ecfb,0481f086-9fc9-4818-977c-76c7e65b11f3,3727cb60-cb7a-4ed5-a6f3-3a5563d81c68,1634109704571,13.4014939,52.4724213,5.4294224,-2.3856626,1.7511444,1.0707521,on bike mount,cyclo cross,True,paving stones,good
986c3e9a-e0bf-4ad5-bfd4-d9ee2b16ecfb,0481f086-9fc9-4818-977c-76c7e65b11f3,c85cd4c2-4da2-4bce-b6d0-e853a6adc5b7,1634109704621,13.4014939,52.4724213,5.4294224,0.37844753,1.0834708,-0.6488123,on bike mount,cyclo cross,True,paving stones,good
986c3e9a-e0bf-4ad5-bfd4-d9ee2b16ecfb,0481f086-9fc9-4818-977c-76c7e65b11f3,e6fe4e72-d42c-46d5-9cda-d92f513e1e8b,1634109704673,13.4014939,52.4724213,5.4294224,-1.0168531,1.4796462,5.8251123,on bike mount,cyclo cross,True,paving stones,good
986c3e9a-e0bf-4ad5-bfd4-d9ee2b16ecfb,0481f086-9fc9-4818-977c-76c7e65b11f3,dbf890bd-8318-44bd-a8c4-2653566163ac,1634109704723,13.4014939,52.4724213,5.4294224,-1.5043693,4.6489506,-0.16667175,on bike mount,cyclo cross,True,paving stones,good
986c3e9a-e0bf-4ad5-bfd4-d9ee2b16ecfb,0481f086-9fc9-4818-977c-76c7e65b11f3,d2ee33fe-12ab-45f9-a346-15d459c003ca,1634109704772,13.4014939,52.4724213,5.4294224,0.7242982,1.5078242,0.9998722,on bike mount,cyclo cross,True,paving stones,good
986c3e9a-e0bf-4ad5-bfd4-d9ee2b16ecfb,0481f086-9fc9-4818-977c-76c7e65b11f3,173d19d0-dcbe-44bd-8aaf-7c365fc855dc,1634109704822,13.4014939,52.4724213,5.4294224,0.9972547,-10.013233,6.2809687,on bike mount,cyclo cross,True,paving stones,good
986c3e9a-e0bf-4ad5-bfd4-d9ee2b16ecfb,0481f086-9fc9-4818-977c-76c7e65b11f3,0f007a0c-c6c1-4586-bbbd-46c6ca647f49,1634109704873,13.4014939,52.4724213,5.4294224,0.50530666,-2.7078629,3.0126877,on bike mount,cyclo cross,True,paving stones,good
986c3e9a-e0bf-4ad5-bfd4-d9ee2b16ecfb,0481f086-9fc9-4818-977c-76c7e65b11f3,b21f1639-44d3-4233-b31e-19da9fa7ae30,1634109704923,13.4014939,52.4724213,5.4294224,2.6744866,1.4760838,-0.72630596,on bike mount,cyclo cross,True,paving stones,good
986c3e9a-e0bf-4ad5-bfd4-d9ee2b16ecfb,0481f086-9fc9-4818-977c-76c7e65b11f3,4aa44af6-11f8-4d61-b4aa-6de63a1077d2,1634109704973,13.4014939,52.4724213,5.4294224,0.09901422,-3.7705078,1.1442337,on bike mount,cyclo cross,True,paving stones,good
986c3e9a-e0bf-4ad5-bfd4-d9ee2b16ecfb,0481f086-9fc9-4818-977c-76c7e65b11f3,32d36fab-51f0-4d7a-af05-af12f1da5e8a,1634109705023,13.4014939,52.4724213,5.4294224,-0.2765328,0.6650102,4.738755,on bike mount,cyclo cross,True,paving stones,good
986c3e9a-e0bf-4ad5-bfd4-d9ee2b16ecfb,0481f086-9fc9-4818-977c-76c7e65b11f3,0977fe9c-0945-4851-84b9-27a80474b648,1634109705073,13.4014939,52.4724213,5.4294224,-1.6151963,2.438995,-0.59113884,on bike mount,cyclo cross,True,paving stones,good
986c3e9a-e0bf-4ad5-bfd4-d9ee2b16ecfb,0481f086-9fc9-4818-977c-76c7e65b11f3,2b3ef647-0b9d-4be9-8879-0ed97998844e,1634109705123,13.4014939,52.4724213,5.4294224,-1.6246876,-3.0693333,7.023782,on bike mount,cyclo cross,True,paving stones,good
986c3e9a-e0bf-4ad5-bfd4-d9ee2b16ecfb,0481f086-9fc9-4818-977c-76c7e65b11f3,1b4cab4a-f5f6-4976-864f-fca619c0c966,1634109705173,13.4014939,52.4724213,5.4294224,1.1605226,-0.6240642,5.2184515,on bike mount,cyclo cross,True,paving stones,good
986c3e9a-e0bf-4ad5-bfd4-d9ee2b16ecfb,0481f086-9fc9-4818-977c-76c7e65b11f3,f49ec8ee-a90c-4391-9fa2-1f3ab790d7f2,1634109705224,13.4014939,52.4724213,5.4294224,1.1435951,4.67551,-1.2402029,on bike mount,cyclo cross,True,paving stones,good
986c3e9a-e0bf-4ad5-bfd4-d9ee2b16ecfb,0481f086-9fc9-4818-977c-76c7e65b11f3,a1e4b7b8-6159-45fb-9eaf-e3efc376bf09,1634109705275,13.4014939,52.4724213,5.4294224,-1.5850128,1.3230817,4.2971992,on bike mount,cyclo cross,True,paving stones,good
986c3e9a-e0bf-4ad5-bfd4-d9ee2b16ecfb,0481f086-9fc9-4818-977c-76c7e65b11f3,78aa12d1-54ee-4a56-b48f-896158a9ec39,1634109705341,13.4014939,52.4724213,5.4294224,-1.7915499,-2.5685651,1.6267939,on bike mount,cyclo cross,True,paving stones,good
986c3e9a-e0bf-4ad5-bfd4-d9ee2b16ecfb,0481f086-9fc9-4818-977c-76c7e65b11f3,a0a2c724-95b0-4d46-94bd-13fce6db47f1,1634109705392,13.4014939,52.4724213,5.4294224,1.2820065,-5.614756,-0.09305668,on bike mount,cyclo cross,True,paving stones,good
986c3e9a-e0bf-4ad5-bfd4-d9ee2b16ecfb,0481f086-9fc9-4818-977c-76c7e65b11f3,fb5ddbf1-8b5c-48de-9727-72a99e168298,1634109705459,13.4014135,52.4724218,5.185812,-0.25341308,1.1807117,6.691785,on bike mount,cyclo cross,True,paving stones,good
986c3e9a-e0bf-4ad5-bfd4-d9ee2b16ecfb,0481f086-9fc9-4818-977c-76c7e65b11f3,fb479d29-973d-4466-9553-9c16efead68c,1634109705509,13.4014135,52.4724218,5.185812,-1.8941665,5.4512277,-1.6915565,on bike mount,cyclo cross,True,paving stones,good
986c3e9a-e0bf-4ad5-bfd4-d9ee2b16ecfb,0481f086-9fc9-4818-977c-76c7e65b11f3,4d94f111-ec75-4fcb-a498-cbbfd8f5f520,1634109705560,13.4014135,52.4724218,5.185812,1.8846197,-5.756301,1.9451294,on bike mount,cyclo cross,True,paving stones,good
986c3e9a-e0bf-4ad5-bfd4-d9ee2b16ecfb,0481f086-9fc9-4818-977c-76c7e65b11f3,860d0479-0dce-4a4e-a285-cf2ed10ffb35,1634109705625,13.4014135,52.4724218,5.185812,-1.3684723,0.7397084,-0.43973923,on bike mount,cyclo cross,True,paving stones,good
986c3e9a-e0bf-4ad5-bfd4-d9ee2b16ecfb,0481f086-9fc9-4818-977c-76c7e65b11f3,256d4479-bcf4-474b-9955-6289ccf690d8,1634109705675,13.4014135,52.4724218,5.185812,0.38046253,-3.417098,5.2035294,on bike mount,cyclo cross,True,paving stones,good
986c3e9a-e0bf-4ad5-bfd4-d9ee2b16ecfb,0481f086-9fc9-4818-977c-76c7e65b11f3,a49157ae-1fed-4fd7-a4f9-38661e5a6a5a,1634109705727,13.4014135,52.4724218,5.185812,1.064293,3.2737265,0.97207737,on bike mount,cyclo cross,True,paving stones,good
986c3e9a-e0bf-4ad5-bfd4-d9ee2b16ecfb,0481f086-9fc9-4818-977c-76c7e65b11f3,410efeb1-7e4d-447f-a2e9-0c8039022687,1634109705777,13.4014135,52.4724218,5.185812,1.7645292,1.8864512,-2.7560081,on bike mount,cyclo cross,True,paving stones,good
986c3e9a-e0bf-4ad5-bfd4-d9ee2b16ecfb,0481f086-9fc9-4818-977c-76c7e65b11f3,7ec5fa20-94a1-4474-ae74-81cfc4d2714f,1634109705843,13.4014135,52.4724218,5.185812,-1.480724,-0.6414174,-1.4296465,on bike mount,cyclo cross,True,paving stones,good
986c3e9a-e0bf-4ad5-bfd4-d9ee2b16ecfb,0481f086-9fc9-4818-977c-76c7e65b11f3,04e89f40-150b-4824-bee7-e7233e0e11d7,1634109705893,13.4014135,52.4724218,5.185812,-0.4368118,-1.967077,0.53269386,on bike mount,cyclo cross,True,paving stones,good
986c3e9a-e0bf-4ad5-bfd4-d9ee2b16ecfb,0481f086-9fc9-4818-977c-76c7e65b11f3,5d329541-75bf-4681-991c-8083c02d1658,1634109705944,13.4014135,52.4724218,5.185812,-1.4552994,0.9015231,-0.8612833,on bike mount,cyclo cross,True,paving stones,good
986c3e9a-e0bf-4ad5-bfd4-d9ee2b16ecfb,0481f086-9fc9-4818-977c-76c7e65b11f3,3f42813d-0322-4bed-b008-bf2deb1703f2,1634109705994,13.4014135,52.4724218,5.185812,-0.120706946,-0.6317611,-0.28678417,on bike mount,cyclo cross,True,paving stones,good
986c3e9a-e0bf-4ad5-bfd4-d9ee2b16ecfb,0481f086-9fc9-4818-977c-76c7e65b11f3,b117c1ff-88e0-4621-bba0-f7b8f514335d,1634109706044,13.4014135,52.4724218,5.185812,-2.0127015,0.21764112,2.9602985,on bike mount,cyclo cross,True,paving stones,good
986c3e9a-e0bf-4ad5-bfd4-d9ee2b16ecfb,0481f086-9fc9-4818-977c-76c7e65b11f3,a955bf29-5d57-46f8-88cf-c5958622eb12,1634109706095,13.4014135,52.4724218,5.185812,-0.2959376,1.6203427,-1.9403672,on bike mount,cyclo cross,True,paving stones,good
986c3e9a-e0bf-4ad5-bfd4-d9ee2b16ecfb,0481f086-9fc9-4818-977c-76c7e65b11f3,a3ae1d6c-b5ff-4cd2-8dbf-0011327ec174,1634109706144,13.4014135,52.4724218,5.185812,0.042983964,-0.1706667,0.17111206,on bike mount,cyclo cross,True,paving stones,good
986c3e9a-e0bf-4ad5-bfd4-d9ee2b16ecfb,0481f086-9fc9-4818-977c-76c7e65b11f3,d806bf75-e7eb-4a67-9890-bf86a3356abf,1634109706194,13.4014135,52.4724218,5.185812,-2.0361533,-1.3348755,-0.15765667,on bike mount,cyclo cross,True,paving stones,good
986c3e9a-e0bf-4ad5-bfd4-d9ee2b16ecfb,0481f086-9fc9-4818-977c-76c7e65b11f3,f5e8bd8b-70a0-44a5-9bc2-38d3400e054e,1634109706244,13.4014135,52.4724218,5.185812,1.4870126,-1.2145578,4.648032,on bike mount,cyclo cross,True,paving stones,good
986c3e9a-e0bf-4ad5-bfd4-d9ee2b16ecfb,0481f086-9fc9-4818-977c-76c7e65b11f3,0e154a42-cfb8-4397-a73b-bbaa8947b53b,1634109706294,13.4014135,52.4724218,5.185812,-0.0026351232,-4.461005,-1.4711084,on bike mount,cyclo cross,True,paving stones,good
986c3e9a-e0bf-4ad5-bfd4-d9ee2b16ecfb,0481f086-9fc9-4818-977c-76c7e65b11f3,8be3a7ed-bcd0-4cad-a36d-af5873351748,1634109706345,13.4014135,52.4724218,5.185812,-2.6332228,-0.27789116,-3.099,on bike mount,cyclo cross,True,paving stones,good
986c3e9a-e0bf-4ad5-bfd4-d9ee2b16ecfb,0481f086-9fc9-4818-977c-76c7e65b11f3,30027cd3-a25f-4175-8183-df2913cae209,1634109706394,13.4014135,52.4724218,5.185812,-0.083516,-3.4074068,2.1491385,on bike mount,cyclo cross,True,paving stones,good
986c3e9a-e0bf-4ad5-bfd4-d9ee2b16ecfb,0481f086-9fc9-4818-977c-76c7e65b11f3,6b9ea02c-d1f8-44b0-a73e-8d5a3a68ceea,1634109706446,13.4013393,52.4724197,5.406615,2.331944,-1.6502626,3.637207,on bike mount,cyclo cross,True,paving stones,good
986c3e9a-e0bf-4ad5-bfd4-d9ee2b16ecfb,0481f086-9fc9-4818-977c-76c7e65b11f3,40bb329d-ff7d-42c7-88e5-2ebba035967e,1634109706497,13.4013393,52.4724197,5.406615,-0.17121571,-1.752607,-0.09177685,on bike mount,cyclo cross,True,paving stones,good
986c3e9a-e0bf-4ad5-bfd4-d9ee2b16ecfb,0481f086-9fc9-4818-977c-76c7e65b11f3,8ba328bf-472e-4fd2-bf05-c18d201d883c,1634109706562,13.4013393,52.4724197,5.406615,-0.120590195,-0.36832917,1.1907883,on bike mount,cyclo cross,True,paving stones,good
986c3e9a-e0bf-4ad5-bfd4-d9ee2b16ecfb,0481f086-9fc9-4818-977c-76c7e65b11f3,bef4a71a-308d-4f0d-8527-e47ea488a153,1634109706613,13.4013393,52.4724197,5.406615,0.27125877,0.8520162,-3.9850552,on bike mount,cyclo cross,True,paving stones,good
986c3e9a-e0bf-4ad5-bfd4-d9ee2b16ecfb,0481f086-9fc9-4818-977c-76c7e65b11f3,f50554b3-ba00-4adb-80d7-b0a0a909d0be,1634109706678,13.4013393,52.4724197,5.406615,0.9019185,3.9524345,-0.65880156,on bike mount,cyclo cross,True,paving stones,good
986c3e9a-e0bf-4ad5-bfd4-d9ee2b16ecfb,0481f086-9fc9-4818-977c-76c7e65b11f3,3bcfacc6-3855-4ac2-8379-91fb72018005,1634109706729,13.4013393,52.4724197,5.406615,-1.624726,-0.42489004,2.7131128,on bike mount,cyclo cross,True,paving stones,good
986c3e9a-e0bf-4ad5-bfd4-d9ee2b16ecfb,0481f086-9fc9-4818-977c-76c7e65b11f3,0059f9eb-9f05-4dca-87dd-23abc7b84c56,1634109706779,13.4013393,52.4724197,5.406615,0.94457686,-5.063574,8.035686,on bike mount,cyclo cross,True,paving stones,good
986c3e9a-e0bf-4ad5-bfd4-d9ee2b16ecfb,0481f086-9fc9-4818-977c-76c7e65b11f3,d4303479-5a3d-43dc-8d3c-73098666617f,1634109706829,13.4013393,52.4724197,5.406615,1.282017,0.058578253,-1.0267601,on bike mount,cyclo cross,True,paving stones,good
986c3e9a-e0bf-4ad5-bfd4-d9ee2b16ecfb,0481f086-9fc9-4818-977c-76c7e65b11f3,c76a7291-f29c-4387-89df-6f91a4d6896f,1634109706880,13.4013393,52.4724197,5.406615,-0.7679176,-0.47687078,-1.7700167,on bike mount,cyclo cross,True,paving stones,good
986c3e9a-e0bf-4ad5-bfd4-d9ee2b16ecfb,0481f086-9fc9-4818-977c-76c7e65b11f3,0ceb4ec8-78a5-40a1-9dd9-7a386e112742,1634109706930,13.4013393,52.4724197,5.406615,-0.96885824,3.5328116,-4.534551,on bike mount,cyclo cross,True,paving stones,good
986c3e9a-e0bf-4ad5-bfd4-d9ee2b16ecfb,0481f086-9fc9-4818-977c-76c7e65b11f3,180a34e1-3400-4974-bcb6-fadf104f715e,1634109706997,13.4013393,52.4724197,5.406615,-0.03535956,0.049294233,0.2814064,on bike mount,cyclo cross,True,paving stones,good
986c3e9a-e0bf-4ad5-bfd4-d9ee2b16ecfb,0481f086-9fc9-4818-977c-76c7e65b11f3,290c82cb-52fa-4b0f-b16b-f8c480103233,1634109707048,13.4013393,52.4724197,5.406615,-0.22607987,2.077763,-2.3661795,on bike mount,cyclo cross,True,paving stones,good
986c3e9a-e0bf-4ad5-bfd4-d9ee2b16ecfb,0481f086-9fc9-4818-977c-76c7e65b11f3,31e0100e-cff9-4f6a-ba6f-603235cee8a4,1634109707114,13.4013393,52.4724197,5.406615,-0.23411837,-1.9411956,0.89158726,on bike mount,cyclo cross,True,paving stones,good
986c3e9a-e0bf-4ad5-bfd4-d9ee2b16ecfb,0481f086-9fc9-4818-977c-76c7e65b11f3,fb5f6787-043c-4c88-bb1e-dd24692d84ee,1634109707179,13.4013393,52.4724197,5.406615,1.6858455,-1.1541548,1.3680868,on bike mount,cyclo cross,True,paving stones,good
986c3e9a-e0bf-4ad5-bfd4-d9ee2b16ecfb,0481f086-9fc9-4818-977c-76c7e65b11f3,0e5c5a88-2a36-4576-9075-e44814415ac9,1634109707230,13.4013393,52.4724197,5.406615,0.24748236,-3.7354155,1.6189089,on bike mount,cyclo cross,True,paving stones,good
986c3e9a-e0bf-4ad5-bfd4-d9ee2b16ecfb,0481f086-9fc9-4818-977c-76c7e65b11f3,d1d2d9ab-8b19-41dd-a0f8-37f4b80b029a,1634109707280,13.4013393,52.4724197,5.406615,1.916475,-0.43048644,1.5890617,on bike mount,cyclo cross,True,paving stones,good
986c3e9a-e0bf-4ad5-bfd4-d9ee2b16ecfb,0481f086-9fc9-4818-977c-76c7e65b11f3,2874f964-84fc-4347-80f4-0c2467537073,1634109707331,13.4013393,52.4724197,5.406615,-0.52582586,-5.1277924,8.512602,on bike mount,cyclo cross,True,paving stones,good
986c3e9a-e0bf-4ad5-bfd4-d9ee2b16ecfb,0481f086-9fc9-4818-977c-76c7e65b11f3,47acec0b-fe41-4e68-914e-368f5a1f278f,1634109707381,13.4013393,52.4724197,5.406615,-0.82803774,1.1726677,-1.7827101,on bike mount,cyclo cross,True,paving stones,good
986c3e9a-e0bf-4ad5-bfd4-d9ee2b16ecfb,0481f086-9fc9-4818-977c-76c7e65b11f3,5d583b27-6eb8-49a9-93f9-0aa60f96706b,1634109707431,13.4013393,52.4724197,5.406615,0.8677504,1.0996804,1.9441452,on bike mount,cyclo cross,True,paving stones,good
986c3e9a-e0bf-4ad5-bfd4-d9ee2b16ecfb,0481f086-9fc9-4818-977c-76c7e65b11f3,5f3e5bd1-fc37-41fb-aa26-909be88de6ac,1634109707497,13.4012608,52.4724173,5.1613884,-0.87919056,0.8467977,-3.6138897,on bike mount,cyclo cross,True,paving stones,good
986c3e9a-e0bf-4ad5-bfd4-d9ee2b16ecfb,0481f086-9fc9-4818-977c-76c7e65b11f3,1f9c0926-9671-4142-9869-be5c11045aea,1634109707548,13.4012608,52.4724173,5.1613884,-0.7303192,-2.3891218,0.27144718,on bike mount,cyclo cross,True,paving stones,good
986c3e9a-e0bf-4ad5-bfd4-d9ee2b16ecfb,0481f086-9fc9-4818-977c-76c7e65b11f3,aaae7a76-bee3-4256-a036-025341f2ff2a,1634109707598,13.4012608,52.4724173,5.1613884,1.5666261,-6.8121595,6.6378202,on bike mount,cyclo cross,True,paving stones,good
986c3e9a-e0bf-4ad5-bfd4-d9ee2b16ecfb,0481f086-9fc9-4818-977c-76c7e65b11f3,0e3e1542-5337-425f-9e40-973dda6a7748,1634109707648,13.4012608,52.4724173,5.1613884,-0.13604307,2.5284486,-0.6373577,on bike mount,cyclo cross,True,paving stones,good
986c3e9a-e0bf-4ad5-bfd4-d9ee2b16ecfb,0481f086-9fc9-4818-977c-76c7e65b11f3,f5c150a3-d209-48d4-bd48-4d07b7916933,1634109707699,13.4012608,52.4724173,5.1613884,-0.59520954,0.2882328,0.85501003,on bike mount,cyclo cross,True,paving stones,good
986c3e9a-e0bf-4ad5-bfd4-d9ee2b16ecfb,0481f086-9fc9-4818-977c-76c7e65b11f3,4b773227-ca86-400c-b3d6-8b89ef44e290,1634109707750,13.4012608,52.4724173,5.1613884,1.6192619,3.9545202,2.9980984,on bike mount,cyclo cross,True,paving stones,good
986c3e9a-e0bf-4ad5-bfd4-d9ee2b16ecfb,0481f086-9fc9-4818-977c-76c7e65b11f3,42b03be9-3c12-4598-95bf-392f673fafb7,1634109707816,13.4012608,52.4724173,5.1613884,1.5033491,-3.3911252,0.7267494,on bike mount,cyclo cross,True,paving stones,good
986c3e9a-e0bf-4ad5-bfd4-d9ee2b16ecfb,0481f086-9fc9-4818-977c-76c7e65b11f3,b001b252-5b82-4e33-9a77-4531cedf70cc,1634109707866,13.4012608,52.4724173,5.1613884,-1.1468055,-2.7648647,2.436864,on bike mount,cyclo cross,True,paving stones,good
986c3e9a-e0bf-4ad5-bfd4-d9ee2b16ecfb,0481f086-9fc9-4818-977c-76c7e65b11f3,2abdba65-5bb0-4d83-a922-b44c6915d30b,1634109707916,13.4012608,52.4724173,5.1613884,-0.53702414,0.44991064,1.9356956,on bike mount,cyclo cross,True,paving stones,good
986c3e9a-e0bf-4ad5-bfd4-d9ee2b16ecfb,0481f086-9fc9-4818-977c-76c7e65b11f3,85a76672-97ef-4f36-9313-cc186d633a49,1634109707966,13.4012608,52.4724173,5.1613884,-0.9833943,-0.28291082,2.7579155,on bike mount,cyclo cross,True,paving stones,good
986c3e9a-e0bf-4ad5-bfd4-d9ee2b16ecfb,0481f086-9fc9-4818-977c-76c7e65b11f3,0a62c7cd-adc1-46b7-94ef-4178f5a61807,1634109708017,13.4012608,52.4724173,5.1613884,-1.2841916,0.8053937,0.9802189,on bike mount,cyclo cross,True,paving stones,good
986c3e9a-e0bf-4ad5-bfd4-d9ee2b16ecfb,0481f086-9fc9-4818-977c-76c7e65b11f3,8541451e-784b-4d5d-80ae-4d0c4abdc9a4,1634109708067,13.4012608,52.4724173,5.1613884,0.26922047,1.5519056,0.9597359,on bike mount,cyclo cross,True,paving stones,good
986c3e9a-e0bf-4ad5-bfd4-d9ee2b16ecfb,0481f086-9fc9-4818-977c-76c7e65b11f3,818f212c-7501-40cd-aaa1-4eb0f830bed8,1634109708118,13.4012608,52.4724173,5.1613884,0.54076695,1.4459972,-1.1089778,on bike mount,cyclo cross,True,paving stones,good
986c3e9a-e0bf-4ad5-bfd4-d9ee2b16ecfb,0481f086-9fc9-4818-977c-76c7e65b11f3,da615e2a-2d3b-4f85-839b-44757b11194f,1634109708168,13.4012608,52.4724173,5.1613884,0.9330786,1.279824,-3.1770802,on bike mount,cyclo cross,True,paving stones,good
986c3e9a-e0bf-4ad5-bfd4-d9ee2b16ecfb,0481f086-9fc9-4818-977c-76c7e65b11f3,b2f05fb2-05da-4e12-9378-5a936d20c280,1634109708218,13.4012608,52.4724173,5.1613884,-0.30502486,-3.3806267,-0.3490162,on bike mount,cyclo cross,True,paving stones,good
986c3e9a-e0bf-4ad5-bfd4-d9ee2b16ecfb,0481f086-9fc9-4818-977c-76c7e65b11f3,2a6885c3-52fd-4529-8238-edee9616c4af,1634109708283,13.4012608,52.4724173,5.1613884,1.5734257,2.3525672,-1.7723603,on bike mount,cyclo cross,True,paving stones,good
986c3e9a-e0bf-4ad5-bfd4-d9ee2b16ecfb,0481f086-9fc9-4818-977c-76c7e65b11f3,7c448876-deb2-483e-871d-376ac0453455,1634109708334,13.4012608,52.4724173,5.1613884,0.72910273,1.4754403,1.8586645,on bike mount,cyclo cross,True,paving stones,good
986c3e9a-e0bf-4ad5-bfd4-d9ee2b16ecfb,0481f086-9fc9-4818-977c-76c7e65b11f3,4a2139c5-731b-4bc0-a1c3-bd0ea24aa68c,1634109708385,13.4012608,52.4724173,5.1613884,0.9414407,-1.4270124,4.1994505,on bike mount,cyclo cross,True,paving stones,good
986c3e9a-e0bf-4ad5-bfd4-d9ee2b16ecfb,0481f086-9fc9-4818-977c-76c7e65b11f3,00b354e4-5ad2-4610-9c0e-e4d660f3961f,1634109708451,13.4012608,52.4724173,5.1613884,3.4463031,-4.9930153,5.582391,on bike mount,cyclo cross,True,paving stones,good
986c3e9a-e0bf-4ad5-bfd4-d9ee2b16ecfb,0481f086-9fc9-4818-977c-76c7e65b11f3,9da32f0a-14f1-4fe7-afd1-4564619539a2,1634109708501,13.4011852,52.4724145,5.197964,-4.7655315,3.828617,-5.8393006,on bike mount,cyclo cross,True,paving stones,good
986c3e9a-e0bf-4ad5-bfd4-d9ee2b16ecfb,0481f086-9fc9-4818-977c-76c7e65b11f3,7d8a9ab3-dced-4b82-89a9-1b2b3ad10edc,1634109708551,13.4011852,52.4724145,5.197964,2.5752707,-3.7111845,4.404394,on bike mount,cyclo cross,True,paving stones,good
986c3e9a-e0bf-4ad5-bfd4-d9ee2b16ecfb,0481f086-9fc9-4818-977c-76c7e65b11f3,53b3c44e-433c-46fe-88b4-7b91cfbcbe2e,1634109708601,13.4011852,52.4724145,5.197964,-2.9207487,3.2735212,2.652587,on bike mount,cyclo cross,True,paving stones,good
986c3e9a-e0bf-4ad5-bfd4-d9ee2b16ecfb,0481f086-9fc9-4818-977c-76c7e65b11f3,43096ad3-48a3-463b-b009-6b6b4b4ec0f1,1634109708651,13.4011852,52.4724145,5.197964,-0.7453209,-0.088992596,3.2463827,on bike mount,cyclo cross,True,paving stones,good
986c3e9a-e0bf-4ad5-bfd4-d9ee2b16ecfb,0481f086-9fc9-4818-977c-76c7e65b11f3,11a0dc09-e06d-42f6-8b98-c96724c84494,1634109708702,13.4011852,52.4724145,5.197964,-1.3890096,-0.26395297,-0.66445446,on bike mount,cyclo cross,True,paving stones,good
986c3e9a-e0bf-4ad5-bfd4-d9ee2b16ecfb,0481f086-9fc9-4818-977c-76c7e65b11f3,534bb30c-29fe-47a5-85d9-4907afad8b30,1634109708753,13.4011852,52.4724145,5.197964,4.264516,-0.43669915,-2.0453587,on bike mount,cyclo cross,True,paving stones,good
986c3e9a-e0bf-4ad5-bfd4-d9ee2b16ecfb,0481f086-9fc9-4818-977c-76c7e65b11f3,ed1f3b5f-7af2-49c3-a4b8-e1e2f80e2a76,1634109708818,13.4011852,52.4724145,5.197964,-4.3293433,2.8279128,-2.553862,on bike mount,cyclo cross,True,paving stones,good
986c3e9a-e0bf-4ad5-bfd4-d9ee2b16ecfb,0481f086-9fc9-4818-977c-76c7e65b11f3,52f11f06-e036-4112-9deb-08df76999230,1634109708869,13.4011852,52.4724145,5.197964,-3.8024452,5.1796813,-3.3059602,on bike mount,cyclo cross,True,paving stones,good
986c3e9a-e0bf-4ad5-bfd4-d9ee2b16ecfb,0481f086-9fc9-4818-977c-76c7e65b11f3,270d607d-79d0-4bba-8403-54163b7a22cf,1634109708920,13.4011852,52.4724145,5.197964,0.5353433,0.6512928,-6.287101,on bike mount,cyclo cross,True,paving stones,good
986c3e9a-e0bf-4ad5-bfd4-d9ee2b16ecfb,0481f086-9fc9-4818-977c-76c7e65b11f3,dd421c4e-7b78-4129-bb0b-4a96db65fd2f,1634109708986,13.4011852,52.4724145,5.197964,-0.8510725,1.5124288,-1.1789384,on bike mount,cyclo cross,True,paving stones,good
986c3e9a-e0bf-4ad5-bfd4-d9ee2b16ecfb,0481f086-9fc9-4818-977c-76c7e65b11f3,ac2b48c1-8caf-4891-a056-ae0325d9d152,1634109709036,13.4011852,52.4724145,5.197964,-3.831771,-0.049332142,0.7905388,on bike mount,cyclo cross,True,paving stones,good
986c3e9a-e0bf-4ad5-bfd4-d9ee2b16ecfb,0481f086-9fc9-4818-977c-76c7e65b11f3,5f03a56b-9e4d-49cd-96b5-843fb890108b,1634109709087,13.4011852,52.4724145,5.197964,-1.5110874,0.28593683,0.6552515,on bike mount,cyclo cross,True,paving stones,good
986c3e9a-e0bf-4ad5-bfd4-d9ee2b16ecfb,0481f086-9fc9-4818-977c-76c7e65b11f3,15ded5a4-0812-4304-b44f-015d52ef7ff1,1634109709138,13.4011852,52.4724145,5.197964,-0.11499214,-2.535796,2.1277676,on bike mount,cyclo cross,True,paving stones,good
986c3e9a-e0bf-4ad5-bfd4-d9ee2b16ecfb,0481f086-9fc9-4818-977c-76c7e65b11f3,b1102805-0fb1-4fae-b20e-a52f4ed6bed5,1634109709188,13.4011852,52.4724145,5.197964,0.040753245,-0.28576326,-1.4622345,on bike mount,cyclo cross,True,paving stones,good
986c3e9a-e0bf-4ad5-bfd4-d9ee2b16ecfb,0481f086-9fc9-4818-977c-76c7e65b11f3,813dcf7a-1ea1-4183-a8c3-50f0814f281e,1634109709237,13.4011852,52.4724145,5.197964,3.8282993,0.9425454,0.5393028,on bike mount,cyclo cross,True,paving stones,good
986c3e9a-e0bf-4ad5-bfd4-d9ee2b16ecfb,0481f086-9fc9-4818-977c-76c7e65b11f3,d49b1860-ca5a-4c7f-a95f-3af88cc4a652,1634109709287,13.4011852,52.4724145,5.197964,-0.21958661,-2.363026,-3.8603163,on bike mount,cyclo cross,True,paving stones,good
986c3e9a-e0bf-4ad5-bfd4-d9ee2b16ecfb,0481f086-9fc9-4818-977c-76c7e65b11f3,084a4e55-1a33-4d1a-a310-bd144412e3a1,1634109709338,13.4011852,52.4724145,5.197964,3.8628945,-10.2970705,2.9034967,on bike mount,cyclo cross,True,paving stones,good
986c3e9a-e0bf-4ad5-bfd4-d9ee2b16ecfb,0481f086-9fc9-4818-977c-76c7e65b11f3,c712d730-b993-445b-8a1a-b6b19fe1d742,1634109709388,13.4011852,52.4724145,5.197964,-5.2266684,4.9263535,-1.0207133,on bike mount,cyclo cross,True,paving stones,good
986c3e9a-e0bf-4ad5-bfd4-d9ee2b16ecfb,0481f086-9fc9-4818-977c-76c7e65b11f3,65f380fb-2884-44ce-92d4-d0d8572b6626,1634109709438,13.4011152,52.4724104,5.1323915,-0.37515804,2.873569,-0.6333723,on bike mount,cyclo cross,True,paving stones,good
986c3e9a-e0bf-4ad5-bfd4-d9ee2b16ecfb,0481f086-9fc9-4818-977c-76c7e65b11f3,7199dad2-c3a3-4c89-848f-4b71d8e8e47f,1634109709489,13.4011152,52.4724104,5.1323915,-1.9840117,-1.4230897,-6.1847677,on bike mount,cyclo cross,True,paving stones,good
986c3e9a-e0bf-4ad5-bfd4-d9ee2b16ecfb,0481f086-9fc9-4818-977c-76c7e65b11f3,6c276af1-9624-4eed-9f73-ec84ff805969,1634109709540,13.4011152,52.4724104,5.1323915,0.1253081,1.5014691,-5.9117284,on bike mount,cyclo cross,True,paving stones,good
986c3e9a-e0bf-4ad5-bfd4-d9ee2b16ecfb,0481f086-9fc9-4818-977c-76c7e65b11f3,ab2979ab-8493-4a90-a587-0135f8786274,1634109709605,13.4011152,52.4724104,5.1323915,1.2769263,2.437801,0.15573025,on bike mount,cyclo cross,True,paving stones,good
986c3e9a-e0bf-4ad5-bfd4-d9ee2b16ecfb,0481f086-9fc9-4818-977c-76c7e65b11f3,8979c014-b588-40a0-a9e0-36cba60f083f,1634109709655,13.4011152,52.4724104,5.1323915,0.35038435,-1.0358891,0.24380684,on bike mount,cyclo cross,True,paving stones,good
986c3e9a-e0bf-4ad5-bfd4-d9ee2b16ecfb,0481f086-9fc9-4818-977c-76c7e65b11f3,4d4af4a3-b754-4ed8-a0a8-767f164716db,1634109709705,13.4011152,52.4724104,5.1323915,0.14569971,0.9940517,-1.8403335,on bike mount,cyclo cross,True,paving stones,good
986c3e9a-e0bf-4ad5-bfd4-d9ee2b16ecfb,0481f086-9fc9-4818-977c-76c7e65b11f3,0be2b61b-e639-48c6-b1df-e47d1f044513,1634109709756,13.4011152,52.4724104,5.1323915,-0.64777476,-2.015565,1.3509636,on bike mount,cyclo cross,True,paving stones,good
986c3e9a-e0bf-4ad5-bfd4-d9ee2b16ecfb,0481f086-9fc9-4818-977c-76c7e65b11f3,ea346afd-b10b-4da3-83e5-c8913b842a1a,1634109709807,13.4011152,52.4724104,5.1323915,-0.25756747,-1.986856,-2.525167,on bike mount,cyclo cross,True,paving stones,good
986c3e9a-e0bf-4ad5-bfd4-d9ee2b16ecfb,0481f086-9fc9-4818-977c-76c7e65b11f3,684add3e-5710-468e-bae5-4b180b7c4ebf,1634109709857,13.4011152,52.4724104,5.1323915,0.08163881,2.0652103,3.5707808,on bike mount,cyclo cross,True,paving stones,good
986c3e9a-e0bf-4ad5-bfd4-d9ee2b16ecfb,0481f086-9fc9-4818-977c-76c7e65b11f3,5cfbbc72-58cf-4682-bef4-c0486154b57e,1634109709923,13.4011152,52.4724104,5.1323915,-0.32363188,-4.4992585,-0.31380367,on bike mount,cyclo cross,True,paving stones,good
986c3e9a-e0bf-4ad5-bfd4-d9ee2b16ecfb,0481f086-9fc9-4818-977c-76c7e65b11f3,c7c7abc8-34a1-4520-aa0c-aeb8f7240aba,1634109709973,13.4011152,52.4724104,5.1323915,1.9604999,1.5136721,0.4384718,on bike mount,cyclo cross,True,paving stones,good
986c3e9a-e0bf-4ad5-bfd4-d9ee2b16ecfb,0481f086-9fc9-4818-977c-76c7e65b11f3,6fd55c6d-d07b-4735-b070-588b3f30e199,1634109710024,13.4011152,52.4724104,5.1323915,-2.5261426,1.561338,-0.31997395,on bike mount,cyclo cross,True,paving stones,good
986c3e9a-e0bf-4ad5-bfd4-d9ee2b16ecfb,0481f086-9fc9-4818-977c-76c7e65b11f3,80d6fe39-4703-4000-96b4-5379cfebec5f,1634109710074,13.4011152,52.4724104,5.1323915,-0.9372708,3.3040247,-2.0731869,on bike mount,cyclo cross,True,paving stones,good
986c3e9a-e0bf-4ad5-bfd4-d9ee2b16ecfb,0481f086-9fc9-4818-977c-76c7e65b11f3,129042d1-7c01-4c6f-8a84-a907fa5def12,1634109710124,13.4011152,52.4724104,5.1323915,1.5521362,1.2591748,0.33379078,on bike mount,cyclo cross,True,paving stones,good
986c3e9a-e0bf-4ad5-bfd4-d9ee2b16ecfb,0481f086-9fc9-4818-977c-76c7e65b11f3,bd57422a-6690-40bd-83fd-edd80580170c,1634109710175,13.4011152,52.4724104,5.1323915,1.8562968,-2.176986,0.5446911,on bike mount,cyclo cross,True,paving stones,good
986c3e9a-e0bf-4ad5-bfd4-d9ee2b16ecfb,0481f086-9fc9-4818-977c-76c7e65b11f3,36912f91-5781-4de0-be55-7256dafea802,1634109710239,13.4011152,52.4724104,5.1323915,-2.185658,1.8477983,0.33335114,on bike mount,cyclo cross,True,paving stones,good
986c3e9a-e0bf-4ad5-bfd4-d9ee2b16ecfb,0481f086-9fc9-4818-977c-76c7e65b11f3,7999efed-5894-4ca8-b1ff-cec745a7269d,1634109710291,13.4011152,52.4724104,5.1323915,1.8866954,-6.545206,3.259718,on bike mount,cyclo cross,True,paving stones,good
986c3e9a-e0bf-4ad5-bfd4-d9ee2b16ecfb,0481f086-9fc9-4818-977c-76c7e65b11f3,8811c9c1-9bee-458b-b3b5-0a7f819fcf6d,1634109710342,13.4011152,52.4724104,5.1323915,0.45077425,0.09526944,1.1000586,on bike mount,cyclo cross,True,paving stones,good
986c3e9a-e0bf-4ad5-bfd4-d9ee2b16ecfb,0481f086-9fc9-4818-977c-76c7e65b11f3,161cdad7-22fd-417a-9ed9-c8e329fab4d6,1634109710407,13.4011152,52.4724104,5.1323915,-4.4116135,8.005573,-1.8543115,on bike mount,cyclo cross,True,paving stones,good
986c3e9a-e0bf-4ad5-bfd4-d9ee2b16ecfb,0481f086-9fc9-4818-977c-76c7e65b11f3,187d09f5-3cdd-49a9-92ad-ddf8dd6e47f5,1634109710458,13.4010422,52.4724062,5.1463842,0.68686,0.91760683,-6.628192,on bike mount,cyclo cross,True,paving stones,good
986c3e9a-e0bf-4ad5-bfd4-d9ee2b16ecfb,0481f086-9fc9-4818-977c-76c7e65b11f3,52606293-3779-47b7-9f6a-3d0325a7ba2f,1634109710508,13.4010422,52.4724062,5.1463842,0.734097,-1.1149687,-2.4511395,on bike mount,cyclo cross,True,paving stones,good
986c3e9a-e0bf-4ad5-bfd4-d9ee2b16ecfb,0481f086-9fc9-4818-977c-76c7e65b11f3,eed4c409-9742-4f8a-a2f8-c68b3ccb974f,1634109710559,13.4010422,52.4724062,5.1463842,2.6785066,-2.088347,2.3008995,on bike mount,cyclo cross,True,paving stones,good
986c3e9a-e0bf-4ad5-bfd4-d9ee2b16ecfb,0481f086-9fc9-4818-977c-76c7e65b11f3,546e376c-a591-4c6f-9d06-0613ba9fe582,1634109710624,13.4010422,52.4724062,5.1463842,-2.0850334,0.0045952797,-3.4169493,on bike mount,cyclo cross,True,paving stones,good
986c3e9a-e0bf-4ad5-bfd4-d9ee2b16ecfb,0481f086-9fc9-4818-977c-76c7e65b11f3,bcc2c048-90e1-4ad5-9731-3521fce73f8f,1634109710675,13.4010422,52.4724062,5.1463842,0.30874658,-0.16384578,0.74878407,on bike mount,cyclo cross,True,paving stones,good
986c3e9a-e0bf-4ad5-bfd4-d9ee2b16ecfb,0481f086-9fc9-4818-977c-76c7e65b11f3,33150a59-98aa-494c-85db-6a832c85bc79,1634109710726,13.4010422,52.4724062,5.1463842,1.3963675,-4.4868774,1.1403704,on bike mount,cyclo cross,True,paving stones,good
986c3e9a-e0bf-4ad5-bfd4-d9ee2b16ecfb,0481f086-9fc9-4818-977c-76c7e65b11f3,9ca08157-0f53-404d-ac62-0058ed4f9321,1634109710777,13.4010422,52.4724062,5.1463842,-3.058957,0.65863085,0.46513176,on bike mount,cyclo cross,True,paving stones,good
986c3e9a-e0bf-4ad5-bfd4-d9ee2b16ecfb,0481f086-9fc9-4818-977c-76c7e65b11f3,2cf3bd1c-0d4b-4bab-8203-8b6bdb7edbc3,1634109710842,13.4010422,52.4724062,5.1463842,-1.752708,-1.0399082,-3.0737705,on bike mount,cyclo cross,True,paving stones,good
986c3e9a-e0bf-4ad5-bfd4-d9ee2b16ecfb,0481f086-9fc9-4818-977c-76c7e65b11f3,f8837093-3ff5-44a5-b083-58c0ba21d890,1634109710892,13.4010422,52.4724062,5.1463842,3.7731874,-2.1764526,-1.1066613,on bike mount,cyclo cross,True,paving stones,good
986c3e9a-e0bf-4ad5-bfd4-d9ee2b16ecfb,0481f086-9fc9-4818-977c-76c7e65b11f3,87d5bd1a-7a62-4d60-8b75-bb6f29124ada,1634109710942,13.4010422,52.4724062,5.1463842,0.21953344,-2.7560174,2.9748087,on bike mount,cyclo cross,True,paving stones,good
986c3e9a-e0bf-4ad5-bfd4-d9ee2b16ecfb,0481f086-9fc9-4818-977c-76c7e65b11f3,5dd44df2-ecba-4466-bb08-527655c9b255,1634109710992,13.4010422,52.4724062,5.1463842,-2.1414251,-2.7132087,0.64425087,on bike mount,cyclo cross,True,paving stones,good
986c3e9a-e0bf-4ad5-bfd4-d9ee2b16ecfb,0481f086-9fc9-4818-977c-76c7e65b11f3,bed9009e-8215-4297-8274-d01b1a553be7,1634109711043,13.4010422,52.4724062,5.1463842,1.5384934,-5.194175,1.0386591,on bike mount,cyclo cross,True,paving stones,good
986c3e9a-e0bf-4ad5-bfd4-d9ee2b16ecfb,0481f086-9fc9-4818-977c-76c7e65b11f3,8def47ef-a982-4a24-830a-cf9e5a94b147,1634109711093,13.4010422,52.4724062,5.1463842,-3.7181664,3.1042733,-5.247451,on bike mount,cyclo cross,True,paving stones,good
986c3e9a-e0bf-4ad5-bfd4-d9ee2b16ecfb,0481f086-9fc9-4818-977c-76c7e65b11f3,5be69a4c-ca58-4c55-a3fb-ffb8eb439fa6,1634109711144,13.4010422,52.4724062,5.1463842,-3.6512938,8.905228,-4.940966,on bike mount,cyclo cross,True,paving stones,good
986c3e9a-e0bf-4ad5-bfd4-d9ee2b16ecfb,0481f086-9fc9-4818-977c-76c7e65b11f3,4be37fcc-cdcc-4951-849f-8050591712a5,1634109711194,13.4010422,52.4724062,5.1463842,-0.4487255,-3.8481793,4.60734,on bike mount,cyclo cross,True,paving stones,good
986c3e9a-e0bf-4ad5-bfd4-d9ee2b16ecfb,0481f086-9fc9-4818-977c-76c7e65b11f3,a2debb56-9502-44ac-91b6-b1ec9a4efe85,1634109711244,13.4010422,52.4724062,5.1463842,-1.9690305,-2.2478287,-5.3287554,on bike mount,cyclo cross,True,paving stones,good
986c3e9a-e0bf-4ad5-bfd4-d9ee2b16ecfb,0481f086-9fc9-4818-977c-76c7e65b11f3,046a874c-776f-4992-9243-cb9492eb039c,1634109711294,13.4010422,52.4724062,5.1463842,3.412318,-6.2543387,3.791503,on bike mount,cyclo cross,True,paving stones,good
986c3e9a-e0bf-4ad5-bfd4-d9ee2b16ecfb,0481f086-9fc9-4818-977c-76c7e65b11f3,bd0f57f6-2c95-496d-ba3a-4b4ad7927107,1634109711346,13.4010422,52.4724062,5.1463842,0.11254652,-0.36644197,-1.2652807,on bike mount,cyclo cross,True,paving stones,good
986c3e9a-e0bf-4ad5-bfd4-d9ee2b16ecfb,0481f086-9fc9-4818-977c-76c7e65b11f3,bd1325f3-c33c-4aca-bf17-ab8126a068e8,1634109711411,13.4010422,52.4724062,5.1463842,-0.48699394,2.4815502,-2.2131133,on bike mount,cyclo cross,True,paving stones,good
986c3e9a-e0bf-4ad5-bfd4-d9ee2b16ecfb,0481f086-9fc9-4818-977c-76c7e65b11f3,fe5ae635-d6b4-40e5-827f-0e6913b17626,1634109711462,13.4009742,52.4724053,5.1894536,-0.4963715,1.6462159,-3.0272388,on bike mount,cyclo cross,True,paving stones,good
986c3e9a-e0bf-4ad5-bfd4-d9ee2b16ecfb,0481f086-9fc9-4818-977c-76c7e65b11f3,cde95a6d-1e22-4d7e-82be-a9d3acbde00a,1634109711529,13.4009742,52.4724053,5.1894536,-0.57367593,3.5089312,-4.545706,on bike mount,cyclo cross,True,paving stones,good
986c3e9a-e0bf-4ad5-bfd4-d9ee2b16ecfb,0481f086-9fc9-4818-977c-76c7e65b11f3,65500169-d804-4be7-adaf-0f27a9bc7e57,1634109711578,13.4009742,52.4724053,5.1894536,6.206157,0.48514557,-4.9405317,on bike mount,cyclo cross,True,paving stones,good
986c3e9a-e0bf-4ad5-bfd4-d9ee2b16ecfb,0481f086-9fc9-4818-977c-76c7e65b11f3,618aa46c-64fe-47bf-8496-0a070a466b7a,1634109711629,13.4009742,52.4724053,5.1894536,1.6319206,-1.5003686,8.447696,on bike mount,cyclo cross,True,paving stones,good
986c3e9a-e0bf-4ad5-bfd4-d9ee2b16ecfb,0481f086-9fc9-4818-977c-76c7e65b11f3,b5684492-ceda-4847-a894-8262ebad814d,1634109711694,13.4009742,52.4724053,5.1894536,-5.0914264,8.582714,-5.402137,on bike mount,cyclo cross,True,paving stones,good
986c3e9a-e0bf-4ad5-bfd4-d9ee2b16ecfb,0481f086-9fc9-4818-977c-76c7e65b11f3,2f9ea288-befc-4feb-bc4c-5500fc3a08d0,1634109711746,13.4009742,52.4724053,5.1894536,2.0616245,0.7165861,-1.5251989,on bike mount,cyclo cross,True,paving stones,good
986c3e9a-e0bf-4ad5-bfd4-d9ee2b16ecfb,0481f086-9fc9-4818-977c-76c7e65b11f3,0642ec2a-9167-4c9e-b009-493e930bb5ee,1634109711795,13.4009742,52.4724053,5.1894536,-0.76440215,-2.0474582,2.6151524,on bike mount,cyclo cross,True,paving stones,good
986c3e9a-e0bf-4ad5-bfd4-d9ee2b16ecfb,0481f086-9fc9-4818-977c-76c7e65b11f3,9f22200e-2d20-4298-a60f-45406c17cc55,1634109711846,13.4009742,52.4724053,5.1894536,-2.9962673,3.8419304,0.07750797,on bike mount,cyclo cross,True,paving stones,good
986c3e9a-e0bf-4ad5-bfd4-d9ee2b16ecfb,0481f086-9fc9-4818-977c-76c7e65b11f3,2b9b706a-b4f7-4bd6-a477-6e60ef75cb27,1634109711896,13.4009742,52.4724053,5.1894536,3.3561006,-2.7862957,-0.44521236,on bike mount,cyclo cross,True,paving stones,good
986c3e9a-e0bf-4ad5-bfd4-d9ee2b16ecfb,0481f086-9fc9-4818-977c-76c7e65b11f3,5f4c9e7e-ddc8-4805-8d78-4fbfbbb3dee0,1634109711946,13.4009742,52.4724053,5.1894536,1.1303129,-1.0243497,2.0328054,on bike mount,cyclo cross,True,paving stones,good
986c3e9a-e0bf-4ad5-bfd4-d9ee2b16ecfb,0481f086-9fc9-4818-977c-76c7e65b11f3,854be050-ff14-4c56-81db-4613c16d0b0f,1634109711997,13.4009742,52.4724053,5.1894536,1.1792036,-3.0681458,-0.7282753,on bike mount,cyclo cross,True,paving stones,good
986c3e9a-e0bf-4ad5-bfd4-d9ee2b16ecfb,0481f086-9fc9-4818-977c-76c7e65b11f3,0de19ec9-638a-4a21-bceb-978a579182f3,1634109712046,13.4009742,52.4724053,5.1894536,-1.5553648,-2.9969401,1.8564625,on bike mount,cyclo cross,True,paving stones,good
986c3e9a-e0bf-4ad5-bfd4-d9ee2b16ecfb,0481f086-9fc9-4818-977c-76c7e65b11f3,1d1fff0f-706b-47be-a47d-ce41ea3059a3,1634109712097,13.4009742,52.4724053,5.1894536,-3.561963,0.73225594,1.209238,on bike mount,cyclo cross,True,paving stones,good
986c3e9a-e0bf-4ad5-bfd4-d9ee2b16ecfb,0481f086-9fc9-4818-977c-76c7e65b11f3,df344ae0-d809-4435-970a-498e4c71020d,1634109712147,13.4009742,52.4724053,5.1894536,-2.4927702,0.44216752,3.0995579,on bike mount,cyclo cross,True,paving stones,good
986c3e9a-e0bf-4ad5-bfd4-d9ee2b16ecfb,0481f086-9fc9-4818-977c-76c7e65b11f3,d39e6150-9f19-40b5-99ea-2855fcde9caa,1634109712198,13.4009742,52.4724053,5.1894536,-0.36207393,1.4343238,0.71022415,on bike mount,cyclo cross,True,paving stones,good
986c3e9a-e0bf-4ad5-bfd4-d9ee2b16ecfb,0481f086-9fc9-4818-977c-76c7e65b11f3,f9518c2b-fe53-4d92-9c31-ae8f3eed4e34,1634109712264,13.4009742,52.4724053,5.1894536,-2.7339125,1.9870329,1.5972223,on bike mount,cyclo cross,True,paving stones,good
986c3e9a-e0bf-4ad5-bfd4-d9ee2b16ecfb,0481f086-9fc9-4818-977c-76c7e65b11f3,d253178e-c859-4fb5-8347-88f0602c8f52,1634109712315,13.4009742,52.4724053,5.1894536,-2.7585568,-2.2545545,2.1493893,on bike mount,cyclo cross,True,paving stones,good
986c3e9a-e0bf-4ad5-bfd4-d9ee2b16ecfb,0481f086-9fc9-4818-977c-76c7e65b11f3,5a0f479f-0ff2-41c1-a050-ed3ea78ed97f,1634109712364,13.4009742,52.4724053,5.1894536,-3.1559038,0.9361415,0.116378784,on bike mount,cyclo cross,True,paving stones,good
986c3e9a-e0bf-4ad5-bfd4-d9ee2b16ecfb,0481f086-9fc9-4818-977c-76c7e65b11f3,e3b4d277-7315-4f12-84f5-2515f93244e2,1634109712414,13.4009742,52.4724053,5.1894536,-0.2865845,1.642129,3.6372156,on bike mount,cyclo cross,True,paving stones,good
986c3e9a-e0bf-4ad5-bfd4-d9ee2b16ecfb,0481f086-9fc9-4818-977c-76c7e65b11f3,b62a10d0-4faf-412a-b908-cc37d4240976,1634109712465,13.4009008,52.4724039,5.170019,0.9726521,-4.9982667,-2.7188144,on bike mount,cyclo cross,True,paving stones,good
986c3e9a-e0bf-4ad5-bfd4-d9ee2b16ecfb,0481f086-9fc9-4818-977c-76c7e65b11f3,721e311d-07a7-4b62-b66b-f7f6556524d5,1634109712515,13.4009008,52.4724039,5.170019,0.34545076,1.7480412,8.430999,on bike mount,cyclo cross,True,paving stones,good
986c3e9a-e0bf-4ad5-bfd4-d9ee2b16ecfb,0481f086-9fc9-4818-977c-76c7e65b11f3,a2a390c2-51d2-41e8-93ee-8dbe3ac42f8c,1634109712565,13.4009008,52.4724039,5.170019,0.5279916,-6.172685,0.3020239,on bike mount,cyclo cross,True,paving stones,good
986c3e9a-e0bf-4ad5-bfd4-d9ee2b16ecfb,0481f086-9fc9-4818-977c-76c7e65b11f3,13737217-f41f-4c9e-becc-4332a3a716a1,1634109712615,13.4009008,52.4724039,5.170019,-0.4732465,5.341218,-6.526594,on bike mount,cyclo cross,True,paving stones,good
986c3e9a-e0bf-4ad5-bfd4-d9ee2b16ecfb,0481f086-9fc9-4818-977c-76c7e65b11f3,38e42440-ab5a-4f65-98a3-137a764107c1,1634109712666,13.4009008,52.4724039,5.170019,0.20063055,7.3357286,-9.685166,on bike mount,cyclo cross,True,paving stones,good
986c3e9a-e0bf-4ad5-bfd4-d9ee2b16ecfb,0481f086-9fc9-4818-977c-76c7e65b11f3,9be128fc-a67d-4ca7-8fe9-82cd1614e15e,1634109712731,13.4009008,52.4724039,5.170019,1.8808599,-1.6653457,5.699793,on bike mount,cyclo cross,True,paving stones,good
986c3e9a-e0bf-4ad5-bfd4-d9ee2b16ecfb,0481f086-9fc9-4818-977c-76c7e65b11f3,c72ec263-647b-4f15-9abd-a1987a1f42df,1634109712781,13.4009008,52.4724039,5.170019,-3.0694516,0.68552804,-0.8608389,on bike mount,cyclo cross,True,paving stones,good
986c3e9a-e0bf-4ad5-bfd4-d9ee2b16ecfb,0481f086-9fc9-4818-977c-76c7e65b11f3,a069857c-d663-4d2c-919a-837931e43298,1634109712831,13.4009008,52.4724039,5.170019,-2.0577455,-4.73673,2.6380205,on bike mount,cyclo cross,True,paving stones,good
986c3e9a-e0bf-4ad5-bfd4-d9ee2b16ecfb,0481f086-9fc9-4818-977c-76c7e65b11f3,92e24f80-5111-47eb-88f4-8ea740e54a59,1634109712883,13.4009008,52.4724039,5.170019,-0.17858821,-0.8859801,-0.16900253,on bike mount,cyclo cross,True,paving stones,good
986c3e9a-e0bf-4ad5-bfd4-d9ee2b16ecfb,0481f086-9fc9-4818-977c-76c7e65b11f3,59d166fb-7a18-4b4b-bf3f-0cb55ff8b40e,1634109712949,13.4009008,52.4724039,5.170019,-1.0591781,0.07661986,2.2848358,on bike mount,cyclo cross,True,paving stones,good
986c3e9a-e0bf-4ad5-bfd4-d9ee2b16ecfb,0481f086-9fc9-4818-977c-76c7e65b11f3,7a1e1c4b-93fa-4755-99b0-8cf1dc583e86,1634109713000,13.4009008,52.4724039,5.170019,0.18111461,-3.1605682,2.1122465,on bike mount,cyclo cross,True,paving stones,good
986c3e9a-e0bf-4ad5-bfd4-d9ee2b16ecfb,0481f086-9fc9-4818-977c-76c7e65b11f3,ac2f40ec-7223-42c2-9402-f9031520dd8b,1634109713050,13.4009008,52.4724039,5.170019,0.24779275,-3.32199,1.5466299,on bike mount,cyclo cross,True,paving stones,good
986c3e9a-e0bf-4ad5-bfd4-d9ee2b16ecfb,0481f086-9fc9-4818-977c-76c7e65b11f3,f9ba84a8-ecc7-4410-a391-0b13ff864ad9,1634109713100,13.4009008,52.4724039,5.170019,-0.26855254,-2.9202337,-1.6093569,on bike mount,cyclo cross,True,paving stones,good
986c3e9a-e0bf-4ad5-bfd4-d9ee2b16ecfb,0481f086-9fc9-4818-977c-76c7e65b11f3,d51bf7a1-9e8e-4c6c-9aed-9b4960c86a23,1634109713150,13.4009008,52.4724039,5.170019,-0.57633805,-2.4434936,2.029173,on bike mount,cyclo cross,True,paving stones,good
986c3e9a-e0bf-4ad5-bfd4-d9ee2b16ecfb,0481f086-9fc9-4818-977c-76c7e65b11f3,ddb1db4f-87a5-4945-bc43-6277e1045d46,1634109713202,13.4009008,52.4724039,5.170019,1.1787966,-0.3309822,-0.496027,on bike mount,cyclo cross,True,paving stones,good
986c3e9a-e0bf-4ad5-bfd4-d9ee2b16ecfb,0481f086-9fc9-4818-977c-76c7e65b11f3,c01cc2ba-8c26-4bfd-9b52-7354a7bcf59e,1634109713252,13.4009008,52.4724039,5.170019,0.11247128,-0.4272833,4.827154,on bike mount,cyclo cross,True,paving stones,good
986c3e9a-e0bf-4ad5-bfd4-d9ee2b16ecfb,0481f086-9fc9-4818-977c-76c7e65b11f3,5c69dfe4-c8cc-45e1-9e3f-139f337907e7,1634109713318,13.4009008,52.4724039,5.170019,-3.7262397,2.8663769,-5.253289,on bike mount,cyclo cross,True,paving stones,good
986c3e9a-e0bf-4ad5-bfd4-d9ee2b16ecfb,0481f086-9fc9-4818-977c-76c7e65b11f3,41fe6117-588e-4523-addd-452df742ede9,1634109713368,13.4009008,52.4724039,5.170019,5.0089874,0.42732573,-2.815361,on bike mount,cyclo cross,True,paving stones,good
986c3e9a-e0bf-4ad5-bfd4-d9ee2b16ecfb,0481f086-9fc9-4818-977c-76c7e65b11f3,3b4e0798-6000-45a5-a4c5-78439fd7a5bb,1634109713421,13.4009008,52.4724039,5.170019,1.6475923,-2.3141954,-3.6308813,on bike mount,cyclo cross,True,paving stones,good
986c3e9a-e0bf-4ad5-bfd4-d9ee2b16ecfb,0481f086-9fc9-4818-977c-76c7e65b11f3,5f0ccd2e-5988-459f-8293-b8eadf694dd0,1634109713483,13.400827,52.4724003,5.5161805,-0.09025839,-0.2316947,-1.3918376,on bike mount,cyclo cross,True,paving stones,good
986c3e9a-e0bf-4ad5-bfd4-d9ee2b16ecfb,0481f086-9fc9-4818-977c-76c7e65b11f3,f9b742ce-bcf0-44fc-931b-a1a945f3404e,1634109713535,13.400827,52.4724003,5.5161805,-0.4731424,-1.9806815,4.0991917,on bike mount,cyclo cross,True,paving stones,good
986c3e9a-e0bf-4ad5-bfd4-d9ee2b16ecfb,0481f086-9fc9-4818-977c-76c7e65b11f3,44cae71c-5dc9-4b1e-803b-e8e38b671b47,1634109713585,13.400827,52.4724003,5.5161805,-0.27563015,-1.2594368,-1.7203703,on bike mount,cyclo cross,True,paving stones,good
986c3e9a-e0bf-4ad5-bfd4-d9ee2b16ecfb,0481f086-9fc9-4818-977c-76c7e65b11f3,7176cf40-96d5-4d78-91a9-ff3c9de8f0c7,1634109713652,13.400827,52.4724003,5.5161805,-0.33972007,-3.2181191,1.2237978,on bike mount,cyclo cross,True,paving stones,good
986c3e9a-e0bf-4ad5-bfd4-d9ee2b16ecfb,0481f086-9fc9-4818-977c-76c7e65b11f3,a7ae8924-c3f9-477a-8a47-f8ddadf9f2c7,1634109713702,13.400827,52.4724003,5.5161805,0.50660217,1.3920302,-6.9017553,on bike mount,cyclo cross,True,paving stones,good
986c3e9a-e0bf-4ad5-bfd4-d9ee2b16ecfb,0481f086-9fc9-4818-977c-76c7e65b11f3,38a17b9b-86cc-47b1-9d2f-5e050493283c,1634109713753,13.400827,52.4724003,5.5161805,0.34981304,1.6350203,0.55162525,on bike mount,cyclo cross,True,paving stones,good
986c3e9a-e0bf-4ad5-bfd4-d9ee2b16ecfb,0481f086-9fc9-4818-977c-76c7e65b11f3,bbc62d18-464e-419b-b2f1-dff158ecf528,1634109713803,13.400827,52.4724003,5.5161805,-0.4761008,-6.357071,1.9152441,on bike mount,cyclo cross,True,paving stones,good
986c3e9a-e0bf-4ad5-bfd4-d9ee2b16ecfb,0481f086-9fc9-4818-977c-76c7e65b11f3,34a07be4-90f2-438c-a160-354c34fe49cd,1634109713852,13.400827,52.4724003,5.5161805,1.0088027,-1.5436873,0.26141548,on bike mount,cyclo cross,True,paving stones,good
986c3e9a-e0bf-4ad5-bfd4-d9ee2b16ecfb,0481f086-9fc9-4818-977c-76c7e65b11f3,a49c7ef8-22fb-4b3c-b9df-e53d88b75716,1634109713903,13.400827,52.4724003,5.5161805,1.2376755,0.6342683,1.3824368,on bike mount,cyclo cross,True,paving stones,good
986c3e9a-e0bf-4ad5-bfd4-d9ee2b16ecfb,0481f086-9fc9-4818-977c-76c7e65b11f3,1fce8586-327c-464c-a700-7da3a9011475,1634109713953,13.400827,52.4724003,5.5161805,0.30017722,-0.91393614,1.244832,on bike mount,cyclo cross,True,paving stones,good
986c3e9a-e0bf-4ad5-bfd4-d9ee2b16ecfb,0481f086-9fc9-4818-977c-76c7e65b11f3,a1461e7f-8a2f-4e15-a238-4175ab8316c9,1634109714003,13.400827,52.4724003,5.5161805,2.8011684,0.7575984,1.0561047,on bike mount,cyclo cross,True,paving stones,good
986c3e9a-e0bf-4ad5-bfd4-d9ee2b16ecfb,0481f086-9fc9-4818-977c-76c7e65b11f3,6badb774-0c59-4fac-ac9e-01e5f67356c2,1634109714053,13.400827,52.4724003,5.5161805,-0.06747091,3.5522943,2.6917667,on bike mount,cyclo cross,True,paving stones,good
986c3e9a-e0bf-4ad5-bfd4-d9ee2b16ecfb,0481f086-9fc9-4818-977c-76c7e65b11f3,6fdb80ba-645c-4545-9c8b-5758b54ebbb5,1634109714105,13.400827,52.4724003,5.5161805,-1.1300521,1.0947802,0.17181301,on bike mount,cyclo cross,True,paving stones,good
986c3e9a-e0bf-4ad5-bfd4-d9ee2b16ecfb,0481f086-9fc9-4818-977c-76c7e65b11f3,e07ba76d-1cf0-4a03-8653-e0455b93400a,1634109714155,13.400827,52.4724003,5.5161805,3.2026792,2.8235188,-4.0665936,on bike mount,cyclo cross,True,paving stones,good
986c3e9a-e0bf-4ad5-bfd4-d9ee2b16ecfb,0481f086-9fc9-4818-977c-76c7e65b11f3,d2b0a5d3-6437-408d-8250-b695516c082e,1634109714220,13.400827,52.4724003,5.5161805,-0.24320441,-3.567988,-1.3956585,on bike mount,cyclo cross,True,paving stones,good
986c3e9a-e0bf-4ad5-bfd4-d9ee2b16ecfb,0481f086-9fc9-4818-977c-76c7e65b11f3,dc7ebd56-df0f-4ad7-a7cd-cf925c3bce05,1634109714270,13.400827,52.4724003,5.5161805,-0.3618164,-1.27526,0.8405485,on bike mount,cyclo cross,True,paving stones,good
986c3e9a-e0bf-4ad5-bfd4-d9ee2b16ecfb,0481f086-9fc9-4818-977c-76c7e65b11f3,a97d6081-d921-44ad-b6f4-498075876292,1634109714320,13.400827,52.4724003,5.5161805,1.2375758,-2.6798873,2.1617737,on bike mount,cyclo cross,True,paving stones,good
986c3e9a-e0bf-4ad5-bfd4-d9ee2b16ecfb,0481f086-9fc9-4818-977c-76c7e65b11f3,e892a49f-ab44-45c6-be8b-80274d2dcc3d,1634109714370,13.400827,52.4724003,5.5161805,2.2290845,2.438548,-1.2596545,on bike mount,cyclo cross,True,paving stones,good
986c3e9a-e0bf-4ad5-bfd4-d9ee2b16ecfb,0481f086-9fc9-4818-977c-76c7e65b11f3,b471f23d-f8d1-41d0-8ee9-37879baae2ac,1634109714423,13.400827,52.4724003,5.5161805,-0.87861073,0.27441072,-0.8195596,on bike mount,cyclo cross,True,paving stones,good
986c3e9a-e0bf-4ad5-bfd4-d9ee2b16ecfb,0481f086-9fc9-4818-977c-76c7e65b11f3,c551a984-f7f0-4822-8059-f674b27773fe,1634109714487,13.4007488,52.4723954,5.3010817,-0.48666507,-1.4609667,1.4257936,on bike mount,cyclo cross,True,paving stones,good
986c3e9a-e0bf-4ad5-bfd4-d9ee2b16ecfb,0481f086-9fc9-4818-977c-76c7e65b11f3,85b76563-58b5-4c33-97a8-74a2743c1dd4,1634109714537,13.4007488,52.4723954,5.3010817,0.21481311,1.3506546,-8.209139,on bike mount,cyclo cross,True,paving stones,good
