bike_activity_uid,bike_activity_sample_uid,bike_activity_measurement,bike_activity_measurement_timestamp,bike_activity_measurement_lon,bike_activity_measurement_lat,bike_activity_measurement_speed,bike_activity_measurement_accelerometer_x,bike_activity_measurement_accelerometer_y,bike_activity_measurement_accelerometer_z,bike_activity_phone_position,bike_activity_bike_type,bike_activity_flagged_lab_conditions,bike_activity_surface_type,bike_activity_smoothness_type
a6e39179-91f4-4a75-95de-c840d53e742b,46d648c5-c5cd-48b6-bdc8-0ab018303627,8dc23901-907e-423f-9a22-90a838aa2521,1632391579127,13.4372443,52.4935086,0.42080536,0.055386633,-0.012976885,0.0042905807,on bike mount,cyclo cross,True,sett,intermediate
a6e39179-91f4-4a75-95de-c840d53e742b,46d648c5-c5cd-48b6-bdc8-0ab018303627,7d6cf3c5-465b-427b-9125-f9d28e5f0e59,1632391579193,13.4372443,52.4935086,0.42080536,0.14052618,0.018687963,-0.035800934,on bike mount,cyclo cross,True,sett,intermediate
a6e39179-91f4-4a75-95de-c840d53e742b,46d648c5-c5cd-48b6-bdc8-0ab018303627,37e116fc-ba04-4bc9-b7d3-91a24cdb1ce9,1632391579244,13.4372418,52.493507,0.4103641,0.082986325,-0.047618628,-0.03691387,on bike mount,cyclo cross,True,sett,intermediate
a6e39179-91f4-4a75-95de-c840d53e742b,46d648c5-c5cd-48b6-bdc8-0ab018303627,f32c8f2c-c5fb-4a87-92bf-26f1f07eb595,1632391579311,13.4372418,52.493507,0.4103641,0.17481112,-0.02436757,0.01793766,on bike mount,cyclo cross,True,sett,intermediate
a6e39179-91f4-4a75-95de-c840d53e742b,46d648c5-c5cd-48b6-bdc8-0ab018303627,b180926b-2d9b-4558-b388-1facc1ac218d,1632391579378,13.4372418,52.493507,0.4103641,0.103969276,-0.107518435,0.033717155,on bike mount,cyclo cross,True,sett,intermediate
a6e39179-91f4-4a75-95de-c840d53e742b,46d648c5-c5cd-48b6-bdc8-0ab018303627,dc7c7a1b-8467-47a3-b675-ad9999bcaf0b,1632391579428,13.4372418,52.493507,0.4103641,-0.060687125,-0.0408144,0.004213333,on bike mount,cyclo cross,True,sett,intermediate
a6e39179-91f4-4a75-95de-c840d53e742b,46d648c5-c5cd-48b6-bdc8-0ab018303627,7168787b-8422-4a68-871b-263bea14e2b5,1632391579494,13.4372418,52.493507,0.4103641,0.058210045,0.27582765,-0.02998066,on bike mount,cyclo cross,True,sett,intermediate
a6e39179-91f4-4a75-95de-c840d53e742b,46d648c5-c5cd-48b6-bdc8-0ab018303627,b652b27a-efa8-4c8c-8393-b207a9619820,1632391579544,13.4372418,52.493507,0.4103641,0.38132763,0.07951188,0.04633808,on bike mount,cyclo cross,True,sett,intermediate
a6e39179-91f4-4a75-95de-c840d53e742b,46d648c5-c5cd-48b6-bdc8-0ab018303627,8bcae90d-1538-49a8-9e02-26de44b12b97,1632391579595,13.4372418,52.493507,0.4103641,0.21463394,-0.18057418,0.078974724,on bike mount,cyclo cross,True,sett,intermediate
a6e39179-91f4-4a75-95de-c840d53e742b,46d648c5-c5cd-48b6-bdc8-0ab018303627,06d98721-fa1f-409e-afc8-fce2598d4c42,1632391579645,13.4372418,52.493507,0.4103641,-0.6102501,0.0046339035,0.09104729,on bike mount,cyclo cross,True,sett,intermediate
a6e39179-91f4-4a75-95de-c840d53e742b,46d648c5-c5cd-48b6-bdc8-0ab018303627,fc84ee11-5014-4394-8312-0a1a1764bc6c,1632391579695,13.4372418,52.493507,0.4103641,-0.056950867,-0.23863411,0.07117081,on bike mount,cyclo cross,True,sett,intermediate
a6e39179-91f4-4a75-95de-c840d53e742b,46d648c5-c5cd-48b6-bdc8-0ab018303627,fdc99cd0-3ab9-439d-9fdc-f11a1501dabe,1632391579762,13.4372418,52.493507,0.4103641,0.1098578,-0.0709579,0.008634567,on bike mount,cyclo cross,True,sett,intermediate
a6e39179-91f4-4a75-95de-c840d53e742b,46d648c5-c5cd-48b6-bdc8-0ab018303627,3e10a0cb-5f27-4958-a3d9-bbaf1bc823ab,1632391579828,13.4372418,52.493507,0.4103641,-0.27542478,-0.0145692825,0.09519482,on bike mount,cyclo cross,True,sett,intermediate
a6e39179-91f4-4a75-95de-c840d53e742b,46d648c5-c5cd-48b6-bdc8-0ab018303627,784e68f4-4b5b-4e18-bf1d-bda1f19f6a7a,1632391579878,13.4372418,52.493507,0.4103641,-0.38480467,0.25894928,-0.052687645,on bike mount,cyclo cross,True,sett,intermediate
a6e39179-91f4-4a75-95de-c840d53e742b,46d648c5-c5cd-48b6-bdc8-0ab018303627,6104930e-0f41-4b5f-a85b-bef09becf494,1632391579929,13.4372418,52.493507,0.4103641,0.16632324,0.10481882,-0.059667587,on bike mount,cyclo cross,True,sett,intermediate
a6e39179-91f4-4a75-95de-c840d53e742b,46d648c5-c5cd-48b6-bdc8-0ab018303627,39db7caf-0d5b-482a-94cd-a55099ee32b0,1632391579995,13.4372418,52.493507,0.4103641,0.058684886,-0.089520216,-0.021546364,on bike mount,cyclo cross,True,sett,intermediate
a6e39179-91f4-4a75-95de-c840d53e742b,46d648c5-c5cd-48b6-bdc8-0ab018303627,f5a64090-9499-4426-a4ab-be5a915d51be,1632391580045,13.4372418,52.493507,0.4103641,-0.109273404,0.05343342,0.04574871,on bike mount,cyclo cross,True,sett,intermediate
a6e39179-91f4-4a75-95de-c840d53e742b,46d648c5-c5cd-48b6-bdc8-0ab018303627,84d7aabb-1fe8-458e-8a51-99a08fb9f68c,1632391580096,13.4372418,52.493507,0.4103641,-0.039148122,-0.018648863,-0.018421173,on bike mount,cyclo cross,True,sett,intermediate
a6e39179-91f4-4a75-95de-c840d53e742b,46d648c5-c5cd-48b6-bdc8-0ab018303627,691701d1-6ca7-42ca-8456-a31bd194615d,1632391580145,13.4372418,52.493507,0.4103641,-0.014373034,0.07161951,0.004855156,on bike mount,cyclo cross,True,sett,intermediate
a6e39179-91f4-4a75-95de-c840d53e742b,46d648c5-c5cd-48b6-bdc8-0ab018303627,a701f40d-a8c7-4f83-8450-0cdbc97c9009,1632391580196,13.437236,52.4935089,0.37232587,0.06171578,0.0382123,-0.026371956,on bike mount,cyclo cross,True,sett,intermediate
a6e39179-91f4-4a75-95de-c840d53e742b,46d648c5-c5cd-48b6-bdc8-0ab018303627,bc45a198-0777-4188-aec3-0935ce1caf43,1632391580263,13.437236,52.4935089,0.37232587,-0.00892812,0.004482031,0.05780506,on bike mount,cyclo cross,True,sett,intermediate
a6e39179-91f4-4a75-95de-c840d53e742b,46d648c5-c5cd-48b6-bdc8-0ab018303627,7659a3af-0677-4b92-afa9-b3a644de4812,1632391580329,13.437236,52.4935089,0.37232587,0.0810895,-0.0709517,0.01097393,on bike mount,cyclo cross,True,sett,intermediate
a6e39179-91f4-4a75-95de-c840d53e742b,46d648c5-c5cd-48b6-bdc8-0ab018303627,012212dc-7134-438c-b3ec-f1546cbcc36a,1632391580396,13.437236,52.4935089,0.37232587,0.10060868,-0.04159093,0.006542206,on bike mount,cyclo cross,True,sett,intermediate
a6e39179-91f4-4a75-95de-c840d53e742b,46d648c5-c5cd-48b6-bdc8-0ab018303627,142466cf-b36c-48e8-92de-087178741650,1632391580463,13.437236,52.4935089,0.37232587,0.031380087,-0.021909475,0.010439873,on bike mount,cyclo cross,True,sett,intermediate
a6e39179-91f4-4a75-95de-c840d53e742b,46d648c5-c5cd-48b6-bdc8-0ab018303627,37113561-645f-48dd-91d7-162584db51a0,1632391580530,13.437236,52.4935089,0.37232587,-0.013638586,0.0053715706,-0.020431519,on bike mount,cyclo cross,True,sett,intermediate
a6e39179-91f4-4a75-95de-c840d53e742b,46d648c5-c5cd-48b6-bdc8-0ab018303627,b6645ce6-a010-4b04-b186-a6495820b2a0,1632391580596,13.437236,52.4935089,0.37232587,0.0020149946,0.017280579,0.020436287,on bike mount,cyclo cross,True,sett,intermediate
a6e39179-91f4-4a75-95de-c840d53e742b,46d648c5-c5cd-48b6-bdc8-0ab018303627,cdfc3979-2f73-4e50-b755-fe3517ee2d89,1632391580646,13.437236,52.4935089,0.37232587,0.05531749,-0.041456938,-0.01651287,on bike mount,cyclo cross,True,sett,intermediate
a6e39179-91f4-4a75-95de-c840d53e742b,46d648c5-c5cd-48b6-bdc8-0ab018303627,0803762c-3258-453a-9881-0744ef1b9575,1632391580697,13.437236,52.4935089,0.37232587,-0.047056884,0.011980534,0.0122385025,on bike mount,cyclo cross,True,sett,intermediate
a6e39179-91f4-4a75-95de-c840d53e742b,46d648c5-c5cd-48b6-bdc8-0ab018303627,a67caa28-ac0b-42e7-9932-08a33c323af9,1632391580747,13.437236,52.4935089,0.37232587,0.036991864,0.011105776,-0.05877781,on bike mount,cyclo cross,True,sett,intermediate
a6e39179-91f4-4a75-95de-c840d53e742b,46d648c5-c5cd-48b6-bdc8-0ab018303627,b8eb23c7-3e76-45b1-91e5-e066e048c5ba,1632391580813,13.437236,52.4935089,0.37232587,0.0018679798,0.011795521,-0.0035037994,on bike mount,cyclo cross,True,sett,intermediate
a6e39179-91f4-4a75-95de-c840d53e742b,46d648c5-c5cd-48b6-bdc8-0ab018303627,69dced38-d984-4828-84f5-1f6bad84ef38,1632391580864,13.437236,52.4935089,0.37232587,-0.043089032,-0.016051292,0.030332565,on bike mount,cyclo cross,True,sett,intermediate
a6e39179-91f4-4a75-95de-c840d53e742b,46d648c5-c5cd-48b6-bdc8-0ab018303627,4fdf7d03-cae0-4ddd-a1da-ee58e817922f,1632391580930,13.437236,52.4935089,0.37232587,-0.02968666,0.01617217,-0.019439697,on bike mount,cyclo cross,True,sett,intermediate
a6e39179-91f4-4a75-95de-c840d53e742b,46d648c5-c5cd-48b6-bdc8-0ab018303627,1c041a2b-0a5c-4690-bda7-f8beaa2f7739,1632391580981,13.437236,52.4935089,0.37232587,-0.028937608,0.027251244,0.022838593,on bike mount,cyclo cross,True,sett,intermediate
a6e39179-91f4-4a75-95de-c840d53e742b,46d648c5-c5cd-48b6-bdc8-0ab018303627,8f9c32d4-76c7-4c49-9c3b-4b11041459b8,1632391581030,13.437236,52.4935089,0.37232587,-0.0035122335,0.015321016,0.04598999,on bike mount,cyclo cross,True,sett,intermediate
a6e39179-91f4-4a75-95de-c840d53e742b,46d648c5-c5cd-48b6-bdc8-0ab018303627,6f53f6ef-7ce3-4bf6-ac87-f905ed3a5f0d,1632391581081,13.437236,52.4935089,0.37232587,-0.030140132,-0.011550903,-0.004286766,on bike mount,cyclo cross,True,sett,intermediate
a6e39179-91f4-4a75-95de-c840d53e742b,46d648c5-c5cd-48b6-bdc8-0ab018303627,b3b88e1f-ed8f-48c3-9449-49c40bf3459e,1632391581148,13.437236,52.4935089,0.37232587,0.0033829212,0.009666443,-0.012730598,on bike mount,cyclo cross,True,sett,intermediate
a6e39179-91f4-4a75-95de-c840d53e742b,46d648c5-c5cd-48b6-bdc8-0ab018303627,0fb51218-7af7-4005-aca2-9e85eba971fc,1632391581197,13.437228,52.4935113,0.37935108,0.028967768,-0.0037362576,0.02458191,on bike mount,cyclo cross,True,sett,intermediate
a6e39179-91f4-4a75-95de-c840d53e742b,46d648c5-c5cd-48b6-bdc8-0ab018303627,75bffcdf-f03f-49e1-b5ad-2e04c4aaf094,1632391581263,13.437228,52.4935113,0.37935108,-0.070687115,0.013235569,0.011795044,on bike mount,cyclo cross,True,sett,intermediate
a6e39179-91f4-4a75-95de-c840d53e742b,46d648c5-c5cd-48b6-bdc8-0ab018303627,0329cd9b-a90f-4326-84f6-a32f8b53a14f,1632391581314,13.437228,52.4935113,0.37935108,0.0049833953,-0.022804737,0.0033521652,on bike mount,cyclo cross,True,sett,intermediate
a6e39179-91f4-4a75-95de-c840d53e742b,46d648c5-c5cd-48b6-bdc8-0ab018303627,e583c891-6541-42af-b977-a6398038fdc2,1632391581364,13.437228,52.4935113,0.37935108,-0.010723054,0.011704922,-0.027410507,on bike mount,cyclo cross,True,sett,intermediate
a6e39179-91f4-4a75-95de-c840d53e742b,08af1f03-0369-4a41-b003-7a740afe0149,f9246280-44bf-4646-9dab-51f1ab2bb9c9,1632391577609,13.4372442,52.4935113,0.0686131,0.037888765,-0.011567116,-0.010090828,on bike mount,cyclo cross,True,sett,intermediate
a6e39179-91f4-4a75-95de-c840d53e742b,08af1f03-0369-4a41-b003-7a740afe0149,5beed9fb-40ef-48df-8dc6-cf849631a08f,1632391577699,13.4372442,52.4935113,0.0686131,-0.008463025,-0.030987263,0.009473801,on bike mount,cyclo cross,True,sett,intermediate
a6e39179-91f4-4a75-95de-c840d53e742b,08af1f03-0369-4a41-b003-7a740afe0149,0eee887d-9530-4256-8045-a4a212ed5bac,1632391577758,13.4372442,52.4935113,0.0686131,-0.058663815,0.018175602,-0.04132843,on bike mount,cyclo cross,True,sett,intermediate
a6e39179-91f4-4a75-95de-c840d53e742b,08af1f03-0369-4a41-b003-7a740afe0149,6478abff-83c7-4b40-ae0c-304c4f6559a0,1632391577825,13.4372442,52.4935113,0.0686131,0.017274529,0.009233952,0.01808548,on bike mount,cyclo cross,True,sett,intermediate
a6e39179-91f4-4a75-95de-c840d53e742b,08af1f03-0369-4a41-b003-7a740afe0149,1e05055f-2af9-414d-a4f7-f55cc94cc40a,1632391577892,13.4372442,52.4935113,0.0686131,0.017023474,-0.047816515,0.052430153,on bike mount,cyclo cross,True,sett,intermediate
a6e39179-91f4-4a75-95de-c840d53e742b,08af1f03-0369-4a41-b003-7a740afe0149,76475314-0893-4d94-8294-e500de6083c0,1632391577958,13.4372442,52.4935113,0.0686131,-0.047268897,-0.007928133,0.0019550323,on bike mount,cyclo cross,True,sett,intermediate
a6e39179-91f4-4a75-95de-c840d53e742b,08af1f03-0369-4a41-b003-7a740afe0149,3932b490-c51b-405c-9dac-2c163a530f5c,1632391578009,13.4372442,52.4935113,0.0686131,0.035118163,0.017857313,-0.024373055,on bike mount,cyclo cross,True,sett,intermediate
a6e39179-91f4-4a75-95de-c840d53e742b,08af1f03-0369-4a41-b003-7a740afe0149,82bbdb9c-9056-4d15-a92a-1be1408e32c3,1632391578075,13.4372442,52.4935113,0.0686131,-0.017416388,0.014243126,0.037020683,on bike mount,cyclo cross,True,sett,intermediate
a6e39179-91f4-4a75-95de-c840d53e742b,08af1f03-0369-4a41-b003-7a740afe0149,fa7cada7-2389-47ca-baaa-f65a0cba215b,1632391578125,13.4372442,52.4935113,0.0686131,0.004291743,0.03353238,-0.020964622,on bike mount,cyclo cross,True,sett,intermediate
a6e39179-91f4-4a75-95de-c840d53e742b,08af1f03-0369-4a41-b003-7a740afe0149,51343e62-fff7-4e23-bebf-ded81fff5c79,1632391578176,13.4372442,52.4935113,0.0686131,-0.007868111,0.0102574825,-0.032336235,on bike mount,cyclo cross,True,sett,intermediate
a6e39179-91f4-4a75-95de-c840d53e742b,08af1f03-0369-4a41-b003-7a740afe0149,7b1bfc1e-87cf-4b8f-a171-00f3f343c59e,1632391578242,13.4372443,52.4935086,0.42080536,0.025975615,0.013873577,0.012769699,on bike mount,cyclo cross,True,sett,intermediate
a6e39179-91f4-4a75-95de-c840d53e742b,08af1f03-0369-4a41-b003-7a740afe0149,ceadc90d-6e77-4c84-9164-4dba904f8974,1632391578309,13.4372443,52.4935086,0.42080536,0.013248831,-0.010488033,0.008980751,on bike mount,cyclo cross,True,sett,intermediate
a6e39179-91f4-4a75-95de-c840d53e742b,08af1f03-0369-4a41-b003-7a740afe0149,6acb08e0-d245-4e9f-8d6d-ef06cdad3232,1632391578376,13.4372443,52.4935086,0.42080536,0.0026684403,0.04459858,-0.012600899,on bike mount,cyclo cross,True,sett,intermediate
a6e39179-91f4-4a75-95de-c840d53e742b,08af1f03-0369-4a41-b003-7a740afe0149,bc88b435-f6d9-4d87-b695-92af4704ce04,1632391578443,13.4372443,52.4935086,0.42080536,-0.02399838,-0.028095007,-0.020781517,on bike mount,cyclo cross,True,sett,intermediate
a6e39179-91f4-4a75-95de-c840d53e742b,08af1f03-0369-4a41-b003-7a740afe0149,e4ccd7ae-3314-4c3b-b1a4-9345885326b9,1632391578492,13.4372443,52.4935086,0.42080536,0.001360476,-0.05705905,0.05042267,on bike mount,cyclo cross,True,sett,intermediate
a6e39179-91f4-4a75-95de-c840d53e742b,08af1f03-0369-4a41-b003-7a740afe0149,42dc7b9e-bc9d-4ac2-89e1-7bdcfa0ebe88,1632391578543,13.4372443,52.4935086,0.42080536,0.0011424422,0.015123844,-0.047947884,on bike mount,cyclo cross,True,sett,intermediate
a6e39179-91f4-4a75-95de-c840d53e742b,08af1f03-0369-4a41-b003-7a740afe0149,4e5c6293-6bd3-4842-8054-0af373116fef,1632391578609,13.4372443,52.4935086,0.42080536,-0.029861331,0.023804188,0.027401924,on bike mount,cyclo cross,True,sett,intermediate
a6e39179-91f4-4a75-95de-c840d53e742b,08af1f03-0369-4a41-b003-7a740afe0149,a0a1ebc2-be7d-4f02-bdff-75bc897ef14a,1632391578660,13.4372443,52.4935086,0.42080536,0.019959718,0.03014493,-0.035119057,on bike mount,cyclo cross,True,sett,intermediate
a6e39179-91f4-4a75-95de-c840d53e742b,08af1f03-0369-4a41-b003-7a740afe0149,a237fa79-7751-4f55-b5aa-9d5f5193b6e4,1632391578710,13.4372443,52.4935086,0.42080536,-0.006567806,0.0056385994,0.012791634,on bike mount,cyclo cross,True,sett,intermediate
a6e39179-91f4-4a75-95de-c840d53e742b,08af1f03-0369-4a41-b003-7a740afe0149,e94473ff-ff69-4bd8-9a40-8109c1ac8109,1632391578760,13.4372443,52.4935086,0.42080536,-0.026879668,-0.008321524,-0.03622341,on bike mount,cyclo cross,True,sett,intermediate
a6e39179-91f4-4a75-95de-c840d53e742b,08af1f03-0369-4a41-b003-7a740afe0149,545b72b5-8123-4654-9ab5-e1d7110a8b98,1632391578826,13.4372443,52.4935086,0.42080536,-0.053407192,-0.022740602,0.044402122,on bike mount,cyclo cross,True,sett,intermediate
a6e39179-91f4-4a75-95de-c840d53e742b,08af1f03-0369-4a41-b003-7a740afe0149,086cbeb2-dead-4a77-89e6-7c1a9cd639a5,1632391578877,13.4372443,52.4935086,0.42080536,-0.050009936,-0.021716118,-0.0057783127,on bike mount,cyclo cross,True,sett,intermediate
a6e39179-91f4-4a75-95de-c840d53e742b,08af1f03-0369-4a41-b003-7a740afe0149,8609bfff-10bb-4e6b-a279-45e96667bf47,1632391578943,13.4372443,52.4935086,0.42080536,-0.06795347,0.016154766,0.026410103,on bike mount,cyclo cross,True,sett,intermediate
a6e39179-91f4-4a75-95de-c840d53e742b,08af1f03-0369-4a41-b003-7a740afe0149,bdd76007-662c-40b8-a691-e225af2be4e7,1632391578994,13.4372443,52.4935086,0.42080536,-0.09194118,0.022416592,-0.0075244904,on bike mount,cyclo cross,True,sett,intermediate
a6e39179-91f4-4a75-95de-c840d53e742b,08af1f03-0369-4a41-b003-7a740afe0149,dd4957a7-64e4-4238-88fc-6309b93b4b5d,1632391579043,13.4372443,52.4935086,0.42080536,-0.04198125,0.0062704086,0.000538826,on bike mount,cyclo cross,True,sett,intermediate
a6e39179-91f4-4a75-95de-c840d53e742b,08af1f03-0369-4a41-b003-7a740afe0149,c2fb356b-e178-460a-a00d-2df89ca431ad,1632391579094,13.4372443,52.4935086,0.42080536,-0.078504205,0.043127537,-0.023421288,on bike mount,cyclo cross,True,sett,intermediate
a6e39179-91f4-4a75-95de-c840d53e742b,08af1f03-0369-4a41-b003-7a740afe0149,7164910a-67ce-4911-ab60-473781bed0cb,1632391579160,13.4372443,52.4935086,0.42080536,0.046003193,-0.0061445236,-0.055015564,on bike mount,cyclo cross,True,sett,intermediate
a6e39179-91f4-4a75-95de-c840d53e742b,08af1f03-0369-4a41-b003-7a740afe0149,575c6234-4d57-4798-b5ce-9ce8ad8a573d,1632391579210,13.4372418,52.493507,0.4103641,0.15812576,-0.011158705,-0.008928299,on bike mount,cyclo cross,True,sett,intermediate
a6e39179-91f4-4a75-95de-c840d53e742b,08af1f03-0369-4a41-b003-7a740afe0149,47f8993a-803c-4e01-8986-8a135c6b40d2,1632391579261,13.4372418,52.493507,0.4103641,0.13908517,0.06365442,-0.005291939,on bike mount,cyclo cross,True,sett,intermediate
a6e39179-91f4-4a75-95de-c840d53e742b,08af1f03-0369-4a41-b003-7a740afe0149,0b771ad9-6123-4041-b744-620613e168c5,1632391579328,13.4372418,52.493507,0.4103641,0.10812259,-0.0033783913,-0.019830704,on bike mount,cyclo cross,True,sett,intermediate
a6e39179-91f4-4a75-95de-c840d53e742b,08af1f03-0369-4a41-b003-7a740afe0149,d26c66b5-d2bb-46e4-b0f1-50549c0a7f7c,1632391579394,13.4372418,52.493507,0.4103641,0.03879851,-0.11662078,0.1377964,on bike mount,cyclo cross,True,sett,intermediate
a6e39179-91f4-4a75-95de-c840d53e742b,08af1f03-0369-4a41-b003-7a740afe0149,a63f40ef-3bbb-431e-bfb3-d405a6c11439,1632391579444,13.4372418,52.493507,0.4103641,-0.3817788,0.00992775,0.03299713,on bike mount,cyclo cross,True,sett,intermediate
a6e39179-91f4-4a75-95de-c840d53e742b,08af1f03-0369-4a41-b003-7a740afe0149,034bd568-e077-4457-9257-92f86f289a91,1632391579495,13.4372418,52.493507,0.4103641,0.057240248,0.33564663,-0.08906174,on bike mount,cyclo cross,True,sett,intermediate
a6e39179-91f4-4a75-95de-c840d53e742b,08af1f03-0369-4a41-b003-7a740afe0149,9b744168-d142-4c42-955c-58c8cd1171ae,1632391579561,13.4372418,52.493507,0.4103641,0.69431233,-0.037950993,-0.013929367,on bike mount,cyclo cross,True,sett,intermediate
a6e39179-91f4-4a75-95de-c840d53e742b,08af1f03-0369-4a41-b003-7a740afe0149,01d2dc79-06ef-4bdd-9d04-b37c117d0479,1632391579628,13.4372418,52.493507,0.4103641,-0.5420259,-0.0067141056,0.11719799,on bike mount,cyclo cross,True,sett,intermediate
a6e39179-91f4-4a75-95de-c840d53e742b,08af1f03-0369-4a41-b003-7a740afe0149,2bfa48f3-814d-4e80-a0f9-48074d18878f,1632391579695,13.4372418,52.493507,0.4103641,-0.056950867,-0.23863411,0.07117081,on bike mount,cyclo cross,True,sett,intermediate
a6e39179-91f4-4a75-95de-c840d53e742b,08af1f03-0369-4a41-b003-7a740afe0149,3be4866f-e268-46af-8235-81765d010d2a,1632391579762,13.4372418,52.493507,0.4103641,0.1098578,-0.0709579,0.008634567,on bike mount,cyclo cross,True,sett,intermediate
a6e39179-91f4-4a75-95de-c840d53e742b,08af1f03-0369-4a41-b003-7a740afe0149,930552f8-8a20-467e-bf72-f81ac3a641e7,1632391579812,13.4372418,52.493507,0.4103641,0.022264332,-0.10902619,0.04528618,on bike mount,cyclo cross,True,sett,intermediate
a6e39179-91f4-4a75-95de-c840d53e742b,08af1f03-0369-4a41-b003-7a740afe0149,1766e28b-fce6-4835-bf2f-c8d99c675ab1,1632391579862,13.4372418,52.493507,0.4103641,-0.6046242,0.23224759,-0.060341835,on bike mount,cyclo cross,True,sett,intermediate
a6e39179-91f4-4a75-95de-c840d53e742b,08af1f03-0369-4a41-b003-7a740afe0149,8ba75580-ad95-444f-bcac-e09a725942c5,1632391579928,13.4372418,52.493507,0.4103641,0.16632324,0.10481882,-0.059667587,on bike mount,cyclo cross,True,sett,intermediate
a6e39179-91f4-4a75-95de-c840d53e742b,08af1f03-0369-4a41-b003-7a740afe0149,f12e9b16-5794-42e4-908d-460493716a1f,1632391579979,13.4372418,52.493507,0.4103641,0.062004477,-0.07062006,0.0063142776,on bike mount,cyclo cross,True,sett,intermediate
a6e39179-91f4-4a75-95de-c840d53e742b,08af1f03-0369-4a41-b003-7a740afe0149,87e83ee6-65d6-489e-a168-335e98b95b15,1632391580029,13.4372418,52.493507,0.4103641,-0.042949945,0.028763533,0.036580086,on bike mount,cyclo cross,True,sett,intermediate
a6e39179-91f4-4a75-95de-c840d53e742b,08af1f03-0369-4a41-b003-7a740afe0149,16bf33dd-3707-457b-9e45-4d1db2615c52,1632391580079,13.4372418,52.493507,0.4103641,-0.108134314,0.010035276,0.01885891,on bike mount,cyclo cross,True,sett,intermediate
a6e39179-91f4-4a75-95de-c840d53e742b,08af1f03-0369-4a41-b003-7a740afe0149,8e4f50f4-0c6f-4552-9b54-9039195ab957,1632391580129,13.4372418,52.493507,0.4103641,0.026111454,-0.008530617,-0.10215855,on bike mount,cyclo cross,True,sett,intermediate
a6e39179-91f4-4a75-95de-c840d53e742b,08af1f03-0369-4a41-b003-7a740afe0149,f593c5bf-a19b-4dbc-a73b-0261922b0729,1632391580195,13.4372418,52.493507,0.4103641,0.06171578,0.0382123,-0.026371956,on bike mount,cyclo cross,True,sett,intermediate
a6e39179-91f4-4a75-95de-c840d53e742b,08af1f03-0369-4a41-b003-7a740afe0149,2df429e0-c93a-4937-8e6e-0098ff609455,1632391580246,13.437236,52.4935089,0.37232587,0.026833415,-0.039491415,0.06943512,on bike mount,cyclo cross,True,sett,intermediate
a6e39179-91f4-4a75-95de-c840d53e742b,08af1f03-0369-4a41-b003-7a740afe0149,96ae345f-7a3c-477f-a9fa-58f87c928bc8,1632391580296,13.437236,52.4935089,0.37232587,0.0698345,-0.049838543,0.045965195,on bike mount,cyclo cross,True,sett,intermediate
a6e39179-91f4-4a75-95de-c840d53e742b,08af1f03-0369-4a41-b003-7a740afe0149,42ffb8fd-21e9-425f-9471-9ce4fc2bae26,1632391580363,13.437236,52.4935089,0.37232587,0.060605228,-0.039360523,-0.012932777,on bike mount,cyclo cross,True,sett,intermediate
a6e39179-91f4-4a75-95de-c840d53e742b,08af1f03-0369-4a41-b003-7a740afe0149,e48c9d2c-9574-4be1-b705-025b854d750c,1632391580413,13.437236,52.4935089,0.37232587,0.072099686,0.007340193,0.0005645752,on bike mount,cyclo cross,True,sett,intermediate
a6e39179-91f4-4a75-95de-c840d53e742b,08af1f03-0369-4a41-b003-7a740afe0149,1131c8a0-4bbe-4f82-adff-59907aae4cb2,1632391580480,13.437236,52.4935089,0.37232587,0.019230366,-0.017891407,-0.016622543,on bike mount,cyclo cross,True,sett,intermediate
a6e39179-91f4-4a75-95de-c840d53e742b,08af1f03-0369-4a41-b003-7a740afe0149,49679981-6019-46e0-8c00-7b5e9ab70bfa,1632391580530,13.437236,52.4935089,0.37232587,-0.013638586,0.0053715706,-0.020431519,on bike mount,cyclo cross,True,sett,intermediate
a6e39179-91f4-4a75-95de-c840d53e742b,08af1f03-0369-4a41-b003-7a740afe0149,7984bf02-9ce2-4881-a08d-097fb8e511ac,1632391580597,13.437236,52.4935089,0.37232587,0.0020149946,0.017280579,0.020436287,on bike mount,cyclo cross,True,sett,intermediate
a6e39179-91f4-4a75-95de-c840d53e742b,08af1f03-0369-4a41-b003-7a740afe0149,639a9833-2fc0-4043-8029-8da661a79b7f,1632391580663,13.437236,52.4935089,0.37232587,0.037715852,0.005582094,0.0014543533,on bike mount,cyclo cross,True,sett,intermediate
a6e39179-91f4-4a75-95de-c840d53e742b,08af1f03-0369-4a41-b003-7a740afe0149,28a0d0b0-246a-4671-82bf-7ef7e8ac8ac5,1632391580730,13.437236,52.4935089,0.37232587,-0.017005444,-0.008221626,0.014447212,on bike mount,cyclo cross,True,sett,intermediate
a6e39179-91f4-4a75-95de-c840d53e742b,08af1f03-0369-4a41-b003-7a740afe0149,9afea0e7-6ef8-4bf3-867c-19a63bd0d5b9,1632391580797,13.437236,52.4935089,0.37232587,-0.03122446,-0.0009994507,0.0011386871,on bike mount,cyclo cross,True,sett,intermediate
a6e39179-91f4-4a75-95de-c840d53e742b,08af1f03-0369-4a41-b003-7a740afe0149,da7658cd-2873-46be-935e-f52f552988c6,1632391580863,13.437236,52.4935089,0.37232587,-0.043089032,-0.016051292,0.030332565,on bike mount,cyclo cross,True,sett,intermediate
a6e39179-91f4-4a75-95de-c840d53e742b,08af1f03-0369-4a41-b003-7a740afe0149,07d1c2ed-d63d-4418-a46f-353e4744c378,1632391580914,13.437236,52.4935089,0.37232587,-0.043122947,0.0009047985,0.010440826,on bike mount,cyclo cross,True,sett,intermediate
a6e39179-91f4-4a75-95de-c840d53e742b,08af1f03-0369-4a41-b003-7a740afe0149,cabf6d01-61d2-46c3-8c5e-1f959f889172,1632391580964,13.437236,52.4935089,0.37232587,-0.018883497,0.030548811,0.005171776,on bike mount,cyclo cross,True,sett,intermediate
a6e39179-91f4-4a75-95de-c840d53e742b,08af1f03-0369-4a41-b003-7a740afe0149,d23ac7e9-bc71-4c5a-999b-1c4cc96868b7,1632391581014,13.437236,52.4935089,0.37232587,-0.015023023,0.019307613,0.0032949448,on bike mount,cyclo cross,True,sett,intermediate
a6e39179-91f4-4a75-95de-c840d53e742b,08af1f03-0369-4a41-b003-7a740afe0149,f49625f2-65f1-4c00-a147-903941850139,1632391581064,13.437236,52.4935089,0.37232587,0.002391249,-0.0062499046,-0.0057058334,on bike mount,cyclo cross,True,sett,intermediate
a6e39179-91f4-4a75-95de-c840d53e742b,08af1f03-0369-4a41-b003-7a740afe0149,0be85185-56e1-4d3f-a42b-3b30a1445c1b,1632391581131,13.437236,52.4935089,0.37232587,0.022906452,-0.0306499,0.0071725845,on bike mount,cyclo cross,True,sett,intermediate
a6e39179-91f4-4a75-95de-c840d53e742b,08af1f03-0369-4a41-b003-7a740afe0149,03dfae39-b908-4d63-9618-b05fea7fc44f,1632391581181,13.437228,52.4935113,0.37935108,-0.0012103617,-0.034395218,0.017202377,on bike mount,cyclo cross,True,sett,intermediate
a6e39179-91f4-4a75-95de-c840d53e742b,08af1f03-0369-4a41-b003-7a740afe0149,538f1953-0b37-467a-aea5-4ed6d38b90a0,1632391581247,13.437228,52.4935113,0.37935108,-0.018424481,0.007960081,-0.0044431686,on bike mount,cyclo cross,True,sett,intermediate
a6e39179-91f4-4a75-95de-c840d53e742b,08af1f03-0369-4a41-b003-7a740afe0149,4cbdd4d4-ce91-4ed9-b598-1d433c988e8b,1632391581297,13.437228,52.4935113,0.37935108,-0.028560787,-0.018306494,0.0108270645,on bike mount,cyclo cross,True,sett,intermediate
a6e39179-91f4-4a75-95de-c840d53e742b,08af1f03-0369-4a41-b003-7a740afe0149,a4f59640-9e87-4dce-ae3c-7aba0bd2b768,1632391581347,13.437228,52.4935113,0.37935108,-0.0055648386,0.019516468,-0.058021545,on bike mount,cyclo cross,True,sett,intermediate
a6e39179-91f4-4a75-95de-c840d53e742b,08af1f03-0369-4a41-b003-7a740afe0149,28473694-8ef2-41b3-a1df-6f2f2fff6b89,1632391581414,13.437228,52.4935113,0.37935108,-0.018398762,0.031183481,-0.023690224,on bike mount,cyclo cross,True,sett,intermediate
a6e39179-91f4-4a75-95de-c840d53e742b,08af1f03-0369-4a41-b003-7a740afe0149,2866f8bb-108a-485d-9803-69e97dacb1fc,1632391581465,13.437228,52.4935113,0.37935108,0.018632919,0.019845963,0.02611351,on bike mount,cyclo cross,True,sett,intermediate
a6e39179-91f4-4a75-95de-c840d53e742b,08af1f03-0369-4a41-b003-7a740afe0149,7875668d-1309-4e73-8301-9de038310f3f,1632391581515,13.437228,52.4935113,0.37935108,0.0052252114,-0.013015509,0.023126602,on bike mount,cyclo cross,True,sett,intermediate
a6e39179-91f4-4a75-95de-c840d53e742b,08af1f03-0369-4a41-b003-7a740afe0149,5c857c2b-397a-44fb-a0be-7ea95501ac11,1632391581565,13.437228,52.4935113,0.37935108,0.021177918,0.0013196468,0.029751778,on bike mount,cyclo cross,True,sett,intermediate
a6e39179-91f4-4a75-95de-c840d53e742b,08af1f03-0369-4a41-b003-7a740afe0149,39d30778-0515-4078-b96a-dd15a5e580ed,1632391581615,13.437228,52.4935113,0.37935108,-0.009955406,-0.0020546913,0.025795937,on bike mount,cyclo cross,True,sett,intermediate
a6e39179-91f4-4a75-95de-c840d53e742b,08af1f03-0369-4a41-b003-7a740afe0149,eb7f90e6-631d-4bd9-a20c-3f2cde2e7e1f,1632391581682,13.437228,52.4935113,0.37935108,0.005803764,-0.026939869,0.0060167313,on bike mount,cyclo cross,True,sett,intermediate
a6e39179-91f4-4a75-95de-c840d53e742b,08af1f03-0369-4a41-b003-7a740afe0149,95ce41d0-0bb2-412b-bfc1-92be277430d0,1632391581748,13.437228,52.4935113,0.37935108,0.022890598,-0.0076577663,0.010605812,on bike mount,cyclo cross,True,sett,intermediate
a6e39179-91f4-4a75-95de-c840d53e742b,08af1f03-0369-4a41-b003-7a740afe0149,c0e6967b-cdd3-4f15-8d6c-41f996e95919,1632391581798,13.437228,52.4935113,0.37935108,0.005427927,-0.028766155,-0.027058601,on bike mount,cyclo cross,True,sett,intermediate
a6e39179-91f4-4a75-95de-c840d53e742b,08af1f03-0369-4a41-b003-7a740afe0149,6bbdcf6b-9031-4d01-9989-c105990b95e0,1632391581849,13.437228,52.4935113,0.37935108,-0.029697865,-0.0040328503,-0.018551826,on bike mount,cyclo cross,True,sett,intermediate
a6e39179-91f4-4a75-95de-c840d53e742b,08af1f03-0369-4a41-b003-7a740afe0149,b7fe9e78-210a-4278-8de2-248b2f6be0db,1632391581899,13.437228,52.4935113,0.37935108,0.008090824,-0.02844143,-0.046985626,on bike mount,cyclo cross,True,sett,intermediate
a6e39179-91f4-4a75-95de-c840d53e742b,08af1f03-0369-4a41-b003-7a740afe0149,2a29f578-293f-4c1c-9ccc-fa00ae0a5043,1632391581965,13.437228,52.4935113,0.37935108,-0.029191703,0.02863717,0.025960922,on bike mount,cyclo cross,True,sett,intermediate
a6e39179-91f4-4a75-95de-c840d53e742b,08af1f03-0369-4a41-b003-7a740afe0149,24b8bee1-b37a-4c03-83f8-397b7fa8d3f7,1632391582016,13.437228,52.4935113,0.37935108,0.0069167316,0.021064758,0.0033798218,on bike mount,cyclo cross,True,sett,intermediate
a6e39179-91f4-4a75-95de-c840d53e742b,08af1f03-0369-4a41-b003-7a740afe0149,648bc6c0-3067-4be0-836a-766138354a25,1632391582066,13.437228,52.4935113,0.37935108,-0.019737244,0.036669016,-0.00053691864,on bike mount,cyclo cross,True,sett,intermediate
a6e39179-91f4-4a75-95de-c840d53e742b,08af1f03-0369-4a41-b003-7a740afe0149,4dec445d-f362-4d0e-bec6-23518e6653a5,1632391582116,13.437228,52.4935113,0.37935108,-0.007448226,0.010016203,-0.008705139,on bike mount,cyclo cross,True,sett,intermediate
a6e39179-91f4-4a75-95de-c840d53e742b,08af1f03-0369-4a41-b003-7a740afe0149,5b8222b6-9b84-441f-bb11-f0a9a04d1fee,1632391582166,13.437228,52.4935113,0.37935108,-0.004488975,-0.028440475,0.003282547,on bike mount,cyclo cross,True,sett,intermediate
a6e39179-91f4-4a75-95de-c840d53e742b,08af1f03-0369-4a41-b003-7a740afe0149,a7b77cc3-c828-4f08-8ff8-8fe54b145836,1632391582232,13.4372225,52.4935129,0.39471698,0.025081277,0.010176659,-0.0098314285,on bike mount,cyclo cross,True,sett,intermediate
a6e39179-91f4-4a75-95de-c840d53e742b,08af1f03-0369-4a41-b003-7a740afe0149,63972443-8002-49f1-92e4-7fe117e6a385,1632391582282,13.4372225,52.4935129,0.39471698,0.018952727,-0.0028383732,0.022354126,on bike mount,cyclo cross,True,sett,intermediate
a6e39179-91f4-4a75-95de-c840d53e742b,08af1f03-0369-4a41-b003-7a740afe0149,c7b6cd8a-0eb2-40d8-8be8-48099693c2a5,1632391582333,13.4372225,52.4935129,0.39471698,0.02156037,-0.052284718,-0.010617256,on bike mount,cyclo cross,True,sett,intermediate
a6e39179-91f4-4a75-95de-c840d53e742b,08af1f03-0369-4a41-b003-7a740afe0149,c7ba9901-ec40-465e-b1db-e1005dca9435,1632391582399,13.4372225,52.4935129,0.39471698,-0.027962923,0.06410456,-0.023706436,on bike mount,cyclo cross,True,sett,intermediate
a6e39179-91f4-4a75-95de-c840d53e742b,08af1f03-0369-4a41-b003-7a740afe0149,8dc47893-bc45-4092-a3a4-fd80cb8ef75e,1632391582450,13.4372225,52.4935129,0.39471698,0.011955202,0.0013775826,-0.008134842,on bike mount,cyclo cross,True,sett,intermediate
a6e39179-91f4-4a75-95de-c840d53e742b,08af1f03-0369-4a41-b003-7a740afe0149,1a97b77d-e874-4957-9697-c0bd2b9fdb78,1632391582500,13.4372225,52.4935129,0.39471698,0.024264604,-0.0026090145,0.0072155,on bike mount,cyclo cross,True,sett,intermediate
a6e39179-91f4-4a75-95de-c840d53e742b,08af1f03-0369-4a41-b003-7a740afe0149,dcfa830a-d1fc-401f-ad8e-d9baeadd3ae8,1632391582566,13.4372225,52.4935129,0.39471698,-0.0045160353,0.031125784,-0.016504288,on bike mount,cyclo cross,True,sett,intermediate
a6e39179-91f4-4a75-95de-c840d53e742b,08af1f03-0369-4a41-b003-7a740afe0149,4361c55c-a9b7-44e2-be76-7570bf4ccc65,1632391582617,13.4372225,52.4935129,0.39471698,-0.035323888,0.08061385,0.0075588226,on bike mount,cyclo cross,True,sett,intermediate
a6e39179-91f4-4a75-95de-c840d53e742b,08af1f03-0369-4a41-b003-7a740afe0149,a8cb60f1-d0e6-4892-9b89-8cb5d3b4928b,1632391582667,13.4372225,52.4935129,0.39471698,-0.013204396,0.015004635,-0.0028524399,on bike mount,cyclo cross,True,sett,intermediate
a6e39179-91f4-4a75-95de-c840d53e742b,08af1f03-0369-4a41-b003-7a740afe0149,ba10737f-697b-4eb2-ac07-965df5448df5,1632391582733,13.4372225,52.4935129,0.39471698,-0.047923863,0.01509881,-0.01964569,on bike mount,cyclo cross,True,sett,intermediate
a6e39179-91f4-4a75-95de-c840d53e742b,08af1f03-0369-4a41-b003-7a740afe0149,5b51161c-259f-4715-a3bf-8bce78e64b73,1632391582783,13.4372225,52.4935129,0.39471698,-0.015061289,-0.0031926632,0.042459488,on bike mount,cyclo cross,True,sett,intermediate
a6e39179-91f4-4a75-95de-c840d53e742b,08af1f03-0369-4a41-b003-7a740afe0149,55883565-7e6b-4d7d-8791-48ad8cd1c0d1,1632391582834,13.4372225,52.4935129,0.39471698,-0.0027235746,-0.008724451,0.007727623,on bike mount,cyclo cross,True,sett,intermediate
a6e39179-91f4-4a75-95de-c840d53e742b,08af1f03-0369-4a41-b003-7a740afe0149,fa987df6-4ea2-46be-bfba-cf53ec7e02a0,1632391582884,13.4372225,52.4935129,0.39471698,0.018777966,0.003525257,0.003668785,on bike mount,cyclo cross,True,sett,intermediate
a6e39179-91f4-4a75-95de-c840d53e742b,08af1f03-0369-4a41-b003-7a740afe0149,6af95fad-8226-4654-8d02-bf24a4906493,1632391582951,13.4372225,52.4935129,0.39471698,0.028337747,-0.049057484,-0.015798569,on bike mount,cyclo cross,True,sett,intermediate
a6e39179-91f4-4a75-95de-c840d53e742b,08af1f03-0369-4a41-b003-7a740afe0149,28c571cf-de8b-4792-b718-0d17c142f4d7,1632391583001,13.4372225,52.4935129,0.39471698,-0.056068838,0.08520079,0.018724442,on bike mount,cyclo cross,True,sett,intermediate
a6e39179-91f4-4a75-95de-c840d53e742b,08af1f03-0369-4a41-b003-7a740afe0149,e943a81e-6970-4e43-81b8-325e560ab98c,1632391583051,13.4372225,52.4935129,0.39471698,-0.012499481,-0.06798625,0.014889717,on bike mount,cyclo cross,True,sett,intermediate
a6e39179-91f4-4a75-95de-c840d53e742b,08af1f03-0369-4a41-b003-7a740afe0149,f700f15e-ebef-4664-be6c-9b8c63e99182,1632391583117,13.4372225,52.4935129,0.39471698,0.03331542,-0.044691563,0.014862061,on bike mount,cyclo cross,True,sett,intermediate
a6e39179-91f4-4a75-95de-c840d53e742b,08af1f03-0369-4a41-b003-7a740afe0149,5866ef90-7fc2-4cfe-a124-b3e4437f9b46,1632391583168,13.4372225,52.4935129,0.39471698,0.008227468,-0.013571739,-0.03096199,on bike mount,cyclo cross,True,sett,intermediate
a6e39179-91f4-4a75-95de-c840d53e742b,08af1f03-0369-4a41-b003-7a740afe0149,fb524ff2-271f-452f-a19f-ac25e7d001d0,1632391583234,13.4372238,52.4935106,0.5018956,-0.0007557273,-0.012929201,0.006881714,on bike mount,cyclo cross,True,sett,intermediate
a6e39179-91f4-4a75-95de-c840d53e742b,08af1f03-0369-4a41-b003-7a740afe0149,47ec08e6-72ea-435d-9395-72dfa800fa0a,1632391583284,13.4372238,52.4935106,0.5018956,-0.0003068447,-0.020724773,-0.02375412,on bike mount,cyclo cross,True,sett,intermediate
a6e39179-91f4-4a75-95de-c840d53e742b,08af1f03-0369-4a41-b003-7a740afe0149,a70b0a2d-a428-42a7-860c-3c59a0473517,1632391583335,13.4372238,52.4935106,0.5018956,-0.007690221,0.0018296242,-0.0044431686,on bike mount,cyclo cross,True,sett,intermediate
a6e39179-91f4-4a75-95de-c840d53e742b,08af1f03-0369-4a41-b003-7a740afe0149,ce3ff298-da10-4cf6-a122-61b5705cd9d9,1632391583402,13.4372238,52.4935106,0.5018956,-0.033771545,0.00054192543,-0.030052185,on bike mount,cyclo cross,True,sett,intermediate
a6e39179-91f4-4a75-95de-c840d53e742b,08af1f03-0369-4a41-b003-7a740afe0149,a2010328-96a6-46da-afc5-624895f5d293,1632391583451,13.4372238,52.4935106,0.5018956,0.027299583,0.001344204,0.0033540726,on bike mount,cyclo cross,True,sett,intermediate
a6e39179-91f4-4a75-95de-c840d53e742b,08af1f03-0369-4a41-b003-7a740afe0149,93448b33-6bbb-4134-97a5-2b4f75f8b17e,1632391583502,13.4372238,52.4935106,0.5018956,0.006481439,0.0071988106,0.023370743,on bike mount,cyclo cross,True,sett,intermediate
a6e39179-91f4-4a75-95de-c840d53e742b,08af1f03-0369-4a41-b003-7a740afe0149,207bb808-d1b9-483e-973a-55fd585d7ac1,1632391583552,13.4372238,52.4935106,0.5018956,0.0007919073,0.0292902,-0.01699543,on bike mount,cyclo cross,True,sett,intermediate
a6e39179-91f4-4a75-95de-c840d53e742b,08af1f03-0369-4a41-b003-7a740afe0149,5c1bc73e-df4a-4866-940a-a58e6c315f82,1632391583619,13.4372238,52.4935106,0.5018956,0.034601837,0.023003817,-0.003926277,on bike mount,cyclo cross,True,sett,intermediate
a6e39179-91f4-4a75-95de-c840d53e742b,08af1f03-0369-4a41-b003-7a740afe0149,e150a240-a178-40bf-8802-dfe773da1a7b,1632391583668,13.4372238,52.4935106,0.5018956,0.023435444,-0.02305913,0.019043922,on bike mount,cyclo cross,True,sett,intermediate
a6e39179-91f4-4a75-95de-c840d53e742b,08af1f03-0369-4a41-b003-7a740afe0149,8933403d-80b2-49cf-8d84-ec79eba7e70f,1632391583719,13.4372238,52.4935106,0.5018956,0.008871555,-0.020005465,0.03746605,on bike mount,cyclo cross,True,sett,intermediate
a6e39179-91f4-4a75-95de-c840d53e742b,08af1f03-0369-4a41-b003-7a740afe0149,3430ccae-42f1-48d2-9a86-0dba9eb5edf9,1632391583769,13.4372238,52.4935106,0.5018956,-0.006551355,0.013626814,0.022260666,on bike mount,cyclo cross,True,sett,intermediate
a6e39179-91f4-4a75-95de-c840d53e742b,08af1f03-0369-4a41-b003-7a740afe0149,272758d7-4074-4a59-9843-c40d8b1b13b4,1632391583819,13.4372238,52.4935106,0.5018956,-0.009222746,-0.023399353,-0.0038890839,on bike mount,cyclo cross,True,sett,intermediate
a6e39179-91f4-4a75-95de-c840d53e742b,08af1f03-0369-4a41-b003-7a740afe0149,fe8dcba8-26cb-4550-8c6d-977eaee5beae,1632391583886,13.4372238,52.4935106,0.5018956,-0.0053150356,-0.0022006035,-0.0045490265,on bike mount,cyclo cross,True,sett,intermediate
a6e39179-91f4-4a75-95de-c840d53e742b,08af1f03-0369-4a41-b003-7a740afe0149,7a9470b3-5a54-4f32-9f95-2de146744c5d,1632391583952,13.4372238,52.4935106,0.5018956,0.022351474,0.001313448,0.033107758,on bike mount,cyclo cross,True,sett,intermediate
a6e39179-91f4-4a75-95de-c840d53e742b,08af1f03-0369-4a41-b003-7a740afe0149,1553480e-2bd0-4fb7-a1ec-392ece37a6b0,1632391584002,13.4372238,52.4935106,0.5018956,-0.020737737,-0.013967514,-0.010609627,on bike mount,cyclo cross,True,sett,intermediate
a6e39179-91f4-4a75-95de-c840d53e742b,08af1f03-0369-4a41-b003-7a740afe0149,aba4fa12-8191-4965-9e96-aa77e4c07bf3,1632391584053,13.4372238,52.4935106,0.5018956,0.0061483383,0.0025160313,0.02550602,on bike mount,cyclo cross,True,sett,intermediate
a6e39179-91f4-4a75-95de-c840d53e742b,08af1f03-0369-4a41-b003-7a740afe0149,2b900b8d-7dd8-487e-922c-a162b8f9ef85,1632391584103,13.4372238,52.4935106,0.5018956,-0.012149304,0.007862806,-0.018771172,on bike mount,cyclo cross,True,sett,intermediate
a6e39179-91f4-4a75-95de-c840d53e742b,08af1f03-0369-4a41-b003-7a740afe0149,b348f8b9-f66c-43fd-93e5-94201d749be1,1632391584153,13.4372238,52.4935106,0.5018956,-0.0011925101,0.002005577,-0.017086983,on bike mount,cyclo cross,True,sett,intermediate
a6e39179-91f4-4a75-95de-c840d53e742b,08af1f03-0369-4a41-b003-7a740afe0149,c3b0fd59-eab4-4d57-b7b5-b57472489ee0,1632391584203,13.4372262,52.4935088,0.49219614,0.0030559897,0.037007093,-0.02544403,on bike mount,cyclo cross,True,sett,intermediate
a6e39179-91f4-4a75-95de-c840d53e742b,08af1f03-0369-4a41-b003-7a740afe0149,e553b6e3-e44d-43b3-b09d-4633bf080765,1632391584253,13.4372262,52.4935088,0.49219614,0.00012865663,0.017941236,0.014092445,on bike mount,cyclo cross,True,sett,intermediate
a6e39179-91f4-4a75-95de-c840d53e742b,08af1f03-0369-4a41-b003-7a740afe0149,b4094ce8-9fe7-46db-bb8e-ffcac02d6288,1632391584320,13.4372262,52.4935088,0.49219614,-0.0036661625,-0.02692175,-0.02011776,on bike mount,cyclo cross,True,sett,intermediate
a6e39179-91f4-4a75-95de-c840d53e742b,08af1f03-0369-4a41-b003-7a740afe0149,deae673f-850a-4743-aff0-dd1baf4a8b38,1632391584386,13.4372262,52.4935088,0.49219614,-0.007950962,-0.0076887608,-0.041722298,on bike mount,cyclo cross,True,sett,intermediate
a6e39179-91f4-4a75-95de-c840d53e742b,08af1f03-0369-4a41-b003-7a740afe0149,2aa6da54-6572-4169-bdf6-3fa627735cc1,1632391584437,13.4372262,52.4935088,0.49219614,-0.036005348,0.033112526,-0.04236126,on bike mount,cyclo cross,True,sett,intermediate
a6e39179-91f4-4a75-95de-c840d53e742b,08af1f03-0369-4a41-b003-7a740afe0149,8d938253-ea3a-4f3f-9cd6-6008d5655639,1632391584487,13.4372262,52.4935088,0.49219614,-0.0023802817,0.031629324,-0.052969933,on bike mount,cyclo cross,True,sett,intermediate
a6e39179-91f4-4a75-95de-c840d53e742b,08af1f03-0369-4a41-b003-7a740afe0149,0aaa7aaa-0aaf-47b8-a54b-7944ff7dc071,1632391584537,13.4372262,52.4935088,0.49219614,-0.0230439,0.005481243,0.024964333,on bike mount,cyclo cross,True,sett,intermediate
a6e39179-91f4-4a75-95de-c840d53e742b,08af1f03-0369-4a41-b003-7a740afe0149,a32ec57c-78ab-4131-b251-a3ef7e2b1f3e,1632391584603,13.4372262,52.4935088,0.49219614,0.016301394,0.021161318,-0.0613451,on bike mount,cyclo cross,True,sett,intermediate
a6e39179-91f4-4a75-95de-c840d53e742b,08af1f03-0369-4a41-b003-7a740afe0149,9ce92bd1-ddf1-425b-8fab-2a267c8377c2,1632391584654,13.4372262,52.4935088,0.49219614,0.019237012,-0.02000165,-0.023734093,on bike mount,cyclo cross,True,sett,intermediate
a6e39179-91f4-4a75-95de-c840d53e742b,08af1f03-0369-4a41-b003-7a740afe0149,b344ee0d-8b80-4ce2-9a83-e3c992afb7a8,1632391584704,13.4372262,52.4935088,0.49219614,-0.09940684,0.04370451,-0.009963989,on bike mount,cyclo cross,True,sett,intermediate
a6e39179-91f4-4a75-95de-c840d53e742b,08af1f03-0369-4a41-b003-7a740afe0149,c1b129e3-8c47-4f00-bba3-67f1b8ddaabe,1632391584770,13.4372262,52.4935088,0.49219614,0.038992375,-0.03275013,6.389618e-05,on bike mount,cyclo cross,True,sett,intermediate
a6e39179-91f4-4a75-95de-c840d53e742b,08af1f03-0369-4a41-b003-7a740afe0149,55f217a7-ed38-48dc-93d0-33caae432c4a,1632391584821,13.4372262,52.4935088,0.49219614,-0.022844225,-0.003314495,0.0014696121,on bike mount,cyclo cross,True,sett,intermediate
a6e39179-91f4-4a75-95de-c840d53e742b,08af1f03-0369-4a41-b003-7a740afe0149,2de75a36-dd31-4c0b-8eb1-1f3f89ccc07c,1632391584887,13.4372262,52.4935088,0.49219614,0.041258693,-0.0074546337,0.02547741,on bike mount,cyclo cross,True,sett,intermediate
a6e39179-91f4-4a75-95de-c840d53e742b,08af1f03-0369-4a41-b003-7a740afe0149,9117caf6-adca-40da-8453-89314611a3b1,1632391584937,13.4372262,52.4935088,0.49219614,0.05275327,-0.01802516,-0.016449928,on bike mount,cyclo cross,True,sett,intermediate
a6e39179-91f4-4a75-95de-c840d53e742b,08af1f03-0369-4a41-b003-7a740afe0149,7a8f3772-89bd-4c61-afec-0d05ea76d9c1,1632391584988,13.4372262,52.4935088,0.49219614,-0.00057837367,-0.00052666664,-0.014957428,on bike mount,cyclo cross,True,sett,intermediate
a6e39179-91f4-4a75-95de-c840d53e742b,08af1f03-0369-4a41-b003-7a740afe0149,d7f85391-ff62-4b80-97cd-3c15addacf64,1632391585038,13.4372262,52.4935088,0.49219614,0.0012159348,-0.008836508,-0.038729668,on bike mount,cyclo cross,True,sett,intermediate
a6e39179-91f4-4a75-95de-c840d53e742b,08af1f03-0369-4a41-b003-7a740afe0149,ab072c84-d985-4518-89bb-384a9bec1ba1,1632391585088,13.4372262,52.4935088,0.49219614,0.0088715255,0.0017995834,-0.016335487,on bike mount,cyclo cross,True,sett,intermediate
a6e39179-91f4-4a75-95de-c840d53e742b,08af1f03-0369-4a41-b003-7a740afe0149,48450196-097c-4de6-b056-5b41d9424b50,1632391585155,13.4372262,52.4935088,0.49219614,0.031407893,-0.020007133,-0.030862808,on bike mount,cyclo cross,True,sett,intermediate
a6e39179-91f4-4a75-95de-c840d53e742b,08af1f03-0369-4a41-b003-7a740afe0149,f1767395-fe1a-4dc2-b15b-a447825a4dba,1632391585204,13.4372282,52.4935077,0.4382977,-0.017351002,0.014526606,0.0347538,on bike mount,cyclo cross,True,sett,intermediate
a6e39179-91f4-4a75-95de-c840d53e742b,08af1f03-0369-4a41-b003-7a740afe0149,b402bf8c-afc6-479b-99c3-28e8c6c5ecee,1632391585255,13.4372282,52.4935077,0.4382977,0.004854113,0.030085087,0.027021408,on bike mount,cyclo cross,True,sett,intermediate
a6e39179-91f4-4a75-95de-c840d53e742b,08af1f03-0369-4a41-b003-7a740afe0149,9745900e-a046-49fa-be75-dbfd2d047849,1632391585305,13.4372282,52.4935077,0.4382977,0.020795286,0.002860546,-0.03466606,on bike mount,cyclo cross,True,sett,intermediate
a6e39179-91f4-4a75-95de-c840d53e742b,08af1f03-0369-4a41-b003-7a740afe0149,fc91c306-15f7-44a9-a97b-313f6f2b5cc0,1632391585372,13.4372282,52.4935077,0.4382977,-0.0030113459,-0.016630411,0.010876656,on bike mount,cyclo cross,True,sett,intermediate
a6e39179-91f4-4a75-95de-c840d53e742b,08af1f03-0369-4a41-b003-7a740afe0149,f69d450e-09c5-4e1a-b52d-78561e92d74b,1632391585422,13.4372282,52.4935077,0.4382977,0.048805147,-0.011709213,-0.017992973,on bike mount,cyclo cross,True,sett,intermediate
a6e39179-91f4-4a75-95de-c840d53e742b,08af1f03-0369-4a41-b003-7a740afe0149,a0bb520d-d3e7-4ba0-8517-0ef2d8b84fb0,1632391585488,13.4372282,52.4935077,0.4382977,-0.008266121,-0.022239208,0.006087303,on bike mount,cyclo cross,True,sett,intermediate
a6e39179-91f4-4a75-95de-c840d53e742b,08af1f03-0369-4a41-b003-7a740afe0149,a09c323e-b156-4370-927d-83448309f7d6,1632391585538,13.4372282,52.4935077,0.4382977,-0.020017833,-0.049746513,-0.04275036,on bike mount,cyclo cross,True,sett,intermediate
a6e39179-91f4-4a75-95de-c840d53e742b,08af1f03-0369-4a41-b003-7a740afe0149,df4ef98a-6676-4455-8fdb-e32e2aaad0b9,1632391585588,13.4372282,52.4935077,0.4382977,-0.019477397,0.009348869,0.0006351471,on bike mount,cyclo cross,True,sett,intermediate
a6e39179-91f4-4a75-95de-c840d53e742b,08af1f03-0369-4a41-b003-7a740afe0149,ffcaa380-37ae-457b-8102-a1b4395d295d,1632391585639,13.4372282,52.4935077,0.4382977,-0.005156964,0.007716894,0.034394264,on bike mount,cyclo cross,True,sett,intermediate
a6e39179-91f4-4a75-95de-c840d53e742b,08af1f03-0369-4a41-b003-7a740afe0149,205fd371-85e1-4685-a356-1335d63ad16b,1632391585706,13.4372282,52.4935077,0.4382977,0.012516379,0.029034138,0.016842842,on bike mount,cyclo cross,True,sett,intermediate
a6e39179-91f4-4a75-95de-c840d53e742b,08af1f03-0369-4a41-b003-7a740afe0149,a355866c-c3d8-4995-80ec-5ee9115fd718,1632391585756,13.4372282,52.4935077,0.4382977,0.022622794,-0.0132956505,-0.008395195,on bike mount,cyclo cross,True,sett,intermediate
a6e39179-91f4-4a75-95de-c840d53e742b,08af1f03-0369-4a41-b003-7a740afe0149,e7aac43c-0044-40d8-afa0-914de95b89cc,1632391585822,13.4372282,52.4935077,0.4382977,0.015663296,-0.0071766376,0.032082558,on bike mount,cyclo cross,True,sett,intermediate
a6e39179-91f4-4a75-95de-c840d53e742b,08af1f03-0369-4a41-b003-7a740afe0149,30c7fab2-b40e-43ec-b8af-81317e006a1d,1632391585872,13.4372282,52.4935077,0.4382977,-0.028728604,0.04544425,0.041570663,on bike mount,cyclo cross,True,sett,intermediate
a6e39179-91f4-4a75-95de-c840d53e742b,08af1f03-0369-4a41-b003-7a740afe0149,6036d8af-8148-4604-8a65-b802a7ac3644,1632391585922,13.4372282,52.4935077,0.4382977,-0.04221818,-0.004349947,-0.06609154,on bike mount,cyclo cross,True,sett,intermediate
a6e39179-91f4-4a75-95de-c840d53e742b,08af1f03-0369-4a41-b003-7a740afe0149,bb4d17a4-62f3-4f09-9ae8-79de9baa255c,1632391585973,13.4372282,52.4935077,0.4382977,0.014072835,0.0048208237,0.02171135,on bike mount,cyclo cross,True,sett,intermediate
a6e39179-91f4-4a75-95de-c840d53e742b,08af1f03-0369-4a41-b003-7a740afe0149,2ff711a4-b386-4948-812e-3b0586936858,1632391586023,13.4372282,52.4935077,0.4382977,-0.035567105,-0.03395605,0.031873703,on bike mount,cyclo cross,True,sett,intermediate
a6e39179-91f4-4a75-95de-c840d53e742b,08af1f03-0369-4a41-b003-7a740afe0149,acf09f59-47e2-4b0e-8006-3312d5c9d55a,1632391586090,13.4372282,52.4935077,0.4382977,-0.009791255,-0.014040709,0.035051346,on bike mount,cyclo cross,True,sett,intermediate
a6e39179-91f4-4a75-95de-c840d53e742b,08af1f03-0369-4a41-b003-7a740afe0149,8352b418-b45a-4c0a-94e8-c74cbf17d09f,1632391586140,13.4372282,52.4935077,0.4382977,0.013918728,-0.010514259,-0.0032157898,on bike mount,cyclo cross,True,sett,intermediate
a6e39179-91f4-4a75-95de-c840d53e742b,08af1f03-0369-4a41-b003-7a740afe0149,4d51a866-7904-4bf7-adb0-118ea4f818e9,1632391586207,13.4372308,52.4935069,0.45895705,0.017318338,-0.00559783,-0.029725075,on bike mount,cyclo cross,True,sett,intermediate
a6e39179-91f4-4a75-95de-c840d53e742b,08af1f03-0369-4a41-b003-7a740afe0149,50d7d1a0-b0a1-41f8-9aa2-c814b4c17209,1632391586257,13.4372308,52.4935069,0.45895705,-0.018029243,-0.0074009895,0.009932518,on bike mount,cyclo cross,True,sett,intermediate
a6e39179-91f4-4a75-95de-c840d53e742b,08af1f03-0369-4a41-b003-7a740afe0149,3cf379c3-50ec-40ca-a844-3bea6d5060c6,1632391586323,13.4372308,52.4935069,0.45895705,0.0055672824,-0.0037698746,-0.014995575,on bike mount,cyclo cross,True,sett,intermediate
a6e39179-91f4-4a75-95de-c840d53e742b,08af1f03-0369-4a41-b003-7a740afe0149,70b1c3ab-0238-4714-9b34-889d459015bc,1632391586373,13.4372308,52.4935069,0.45895705,-0.0134859085,-0.035446644,0.012965202,on bike mount,cyclo cross,True,sett,intermediate
a6e39179-91f4-4a75-95de-c840d53e742b,08af1f03-0369-4a41-b003-7a740afe0149,c680a66d-38f0-46b7-b852-96be07aa684b,1632391586424,13.4372308,52.4935069,0.45895705,-0.02269435,0.014623642,0.016343117,on bike mount,cyclo cross,True,sett,intermediate
a6e39179-91f4-4a75-95de-c840d53e742b,08af1f03-0369-4a41-b003-7a740afe0149,c3ed3bb6-b733-4399-9e67-d32bd645a971,1632391586490,13.4372308,52.4935069,0.45895705,-0.02419597,-0.020472765,-0.04917431,on bike mount,cyclo cross,True,sett,intermediate
a6e39179-91f4-4a75-95de-c840d53e742b,08af1f03-0369-4a41-b003-7a740afe0149,93e3b979-0279-4b53-9b72-b3b3472cef59,1632391586541,13.4372308,52.4935069,0.45895705,0.007955074,0.01623869,-0.047682762,on bike mount,cyclo cross,True,sett,intermediate
a6e39179-91f4-4a75-95de-c840d53e742b,08af1f03-0369-4a41-b003-7a740afe0149,6c3cd6de-26d1-41ca-bfa0-32c4cc449eea,1632391586590,13.4372308,52.4935069,0.45895705,-0.044990838,-0.044128656,0.0012969971,on bike mount,cyclo cross,True,sett,intermediate
a6e39179-91f4-4a75-95de-c840d53e742b,08af1f03-0369-4a41-b003-7a740afe0149,3a3f514c-8bbb-4403-9de6-22bd1ea188ef,1632391586641,13.4372308,52.4935069,0.45895705,0.048513234,-0.036860704,-0.022359848,on bike mount,cyclo cross,True,sett,intermediate
a6e39179-91f4-4a75-95de-c840d53e742b,08af1f03-0369-4a41-b003-7a740afe0149,51a180a4-912c-4538-8c60-9cbc1cdbc2dc,1632391586707,13.4372308,52.4935069,0.45895705,-0.04220602,0.0057735443,-0.029278755,on bike mount,cyclo cross,True,sett,intermediate
a6e39179-91f4-4a75-95de-c840d53e742b,08af1f03-0369-4a41-b003-7a740afe0149,f0fea521-4254-46e7-9d68-bef497c32870,1632391586757,13.4372308,52.4935069,0.45895705,-0.018016785,0.014616251,-0.020659447,on bike mount,cyclo cross,True,sett,intermediate
a6e39179-91f4-4a75-95de-c840d53e742b,08af1f03-0369-4a41-b003-7a740afe0149,e9a8d7f3-1ec9-4b09-9604-cb42211d179d,1632391586807,13.4372308,52.4935069,0.45895705,-0.004630685,-0.017631292,-0.016822815,on bike mount,cyclo cross,True,sett,intermediate
a6e39179-91f4-4a75-95de-c840d53e742b,08af1f03-0369-4a41-b003-7a740afe0149,96ca0908-0f0b-4811-9246-2f811af496b6,1632391586858,13.4372308,52.4935069,0.45895705,-0.034317523,-0.006816387,-0.0022935867,on bike mount,cyclo cross,True,sett,intermediate
a6e39179-91f4-4a75-95de-c840d53e742b,08af1f03-0369-4a41-b003-7a740afe0149,f7fc3c14-10de-4c72-b44b-2c44a7425b9c,1632391586924,13.4372308,52.4935069,0.45895705,0.00023844838,-0.014739752,-0.04102993,on bike mount,cyclo cross,True,sett,intermediate
a6e39179-91f4-4a75-95de-c840d53e742b,08af1f03-0369-4a41-b003-7a740afe0149,12f268d4-b47c-448c-9834-db60c9bd8376,1632391586975,13.4372308,52.4935069,0.45895705,0.027126282,-0.04154873,0.02457714,on bike mount,cyclo cross,True,sett,intermediate
a6e39179-91f4-4a75-95de-c840d53e742b,08af1f03-0369-4a41-b003-7a740afe0149,b25a7a4c-6834-496a-8099-bdbfd9b5fef7,1632391587025,13.4372308,52.4935069,0.45895705,-0.02235666,0.023082495,0.020442009,on bike mount,cyclo cross,True,sett,intermediate
a6e39179-91f4-4a75-95de-c840d53e742b,08af1f03-0369-4a41-b003-7a740afe0149,90628fde-d198-4552-a635-990c5b2d8ec8,1632391587075,13.4372308,52.4935069,0.45895705,-0.021744907,0.0035190582,-0.0752573,on bike mount,cyclo cross,True,sett,intermediate
a6e39179-91f4-4a75-95de-c840d53e742b,08af1f03-0369-4a41-b003-7a740afe0149,8b14a22b-e694-4078-b903-8352feb08273,1632391587142,13.4372308,52.4935069,0.45895705,-0.017727524,-0.015754461,0.009095192,on bike mount,cyclo cross,True,sett,intermediate
a6e39179-91f4-4a75-95de-c840d53e742b,08af1f03-0369-4a41-b003-7a740afe0149,93cd57e8-208d-4380-a7a3-3aa5bdf480c0,1632391587208,13.4372322,52.4935082,0.44630238,0.0075789094,-0.011174917,-0.0026302338,on bike mount,cyclo cross,True,sett,intermediate
a6e39179-91f4-4a75-95de-c840d53e742b,08af1f03-0369-4a41-b003-7a740afe0149,b5ec30f3-5fd9-4d53-abe6-fad4d70c9cc7,1632391587276,13.4372322,52.4935082,0.44630238,-0.007930845,-0.003323555,-0.017518997,on bike mount,cyclo cross,True,sett,intermediate
a6e39179-91f4-4a75-95de-c840d53e742b,08af1f03-0369-4a41-b003-7a740afe0149,1e328461-50bc-440c-b873-7f9c8ba0ed70,1632391587342,13.4372322,52.4935082,0.44630238,0.014172733,-0.007305622,-0.012108803,on bike mount,cyclo cross,True,sett,intermediate
a6e39179-91f4-4a75-95de-c840d53e742b,08af1f03-0369-4a41-b003-7a740afe0149,61540a1d-eced-465d-90b8-6a6f8f14f8a3,1632391587408,13.4372322,52.4935082,0.44630238,0.029094428,0.008197069,0.01649952,on bike mount,cyclo cross,True,sett,intermediate
a6e39179-91f4-4a75-95de-c840d53e742b,08af1f03-0369-4a41-b003-7a740afe0149,11d64501-5280-4699-a87a-aa8de6501500,1632391587459,13.4372322,52.4935082,0.44630238,-0.0094076395,-0.010659218,0.004916191,on bike mount,cyclo cross,True,sett,intermediate
a6e39179-91f4-4a75-95de-c840d53e742b,08af1f03-0369-4a41-b003-7a740afe0149,ad30cf8c-75ec-4a40-b18c-e1e5b9c8700a,1632391587525,13.4372322,52.4935082,0.44630238,-0.010005534,-0.006755829,-0.006583214,on bike mount,cyclo cross,True,sett,intermediate
a6e39179-91f4-4a75-95de-c840d53e742b,08af1f03-0369-4a41-b003-7a740afe0149,bcbe2808-e6fe-4910-b7d9-f39d98acd3a1,1632391587592,13.4372322,52.4935082,0.44630238,0.04195988,-0.037050247,0.016311646,on bike mount,cyclo cross,True,sett,intermediate
a6e39179-91f4-4a75-95de-c840d53e742b,08af1f03-0369-4a41-b003-7a740afe0149,61d73720-4b62-4bb7-b110-d5b5381cfd02,1632391587659,13.4372322,52.4935082,0.44630238,-0.045250654,0.03216672,-0.03357601,on bike mount,cyclo cross,True,sett,intermediate
a6e39179-91f4-4a75-95de-c840d53e742b,08af1f03-0369-4a41-b003-7a740afe0149,6febe2f5-0e5a-4de6-b3d7-78f16f960258,1632391587726,13.4372322,52.4935082,0.44630238,0.00048074126,-0.021600723,0.009101868,on bike mount,cyclo cross,True,sett,intermediate
a6e39179-91f4-4a75-95de-c840d53e742b,08af1f03-0369-4a41-b003-7a740afe0149,987a22bc-9c9c-4026-ad52-70c0a6c75440,1632391587793,13.4372322,52.4935082,0.44630238,0.028724939,-0.028016806,0.04703045,on bike mount,cyclo cross,True,sett,intermediate
a6e39179-91f4-4a75-95de-c840d53e742b,08af1f03-0369-4a41-b003-7a740afe0149,6e653ae4-2eec-4291-b133-d3123a779d75,1632391587843,13.4372322,52.4935082,0.44630238,0.00488165,0.0030920506,0.031115532,on bike mount,cyclo cross,True,sett,intermediate
a6e39179-91f4-4a75-95de-c840d53e742b,08af1f03-0369-4a41-b003-7a740afe0149,16f66684-5adc-4649-ad6b-1d7112269303,1632391587910,13.4372322,52.4935082,0.44630238,0.0010133386,0.045033455,-0.00713253,on bike mount,cyclo cross,True,sett,intermediate
a6e39179-91f4-4a75-95de-c840d53e742b,08af1f03-0369-4a41-b003-7a740afe0149,a5937aad-5ee4-46ab-b2b3-ddc80667db89,1632391587959,13.4372322,52.4935082,0.44630238,-0.0027650297,-0.012496471,-0.014785767,on bike mount,cyclo cross,True,sett,intermediate
a6e39179-91f4-4a75-95de-c840d53e742b,08af1f03-0369-4a41-b003-7a740afe0149,680893f7-7df6-424f-ac75-c93c2dddbe3c,1632391588010,13.4372322,52.4935082,0.44630238,0.0044964254,-0.00088214874,-0.014810562,on bike mount,cyclo cross,True,sett,intermediate
a6e39179-91f4-4a75-95de-c840d53e742b,08af1f03-0369-4a41-b003-7a740afe0149,33ba5728-8960-4318-b2f4-cc18040b734b,1632391588060,13.4372322,52.4935082,0.44630238,-0.013534993,-0.012767553,-0.010499954,on bike mount,cyclo cross,True,sett,intermediate
a6e39179-91f4-4a75-95de-c840d53e742b,08af1f03-0369-4a41-b003-7a740afe0149,3a27e41c-ec19-4b6a-a2c6-8a166abaa22d,1632391588127,13.4372322,52.4935082,0.44630238,-0.007896304,-0.004443884,0.011389732,on bike mount,cyclo cross,True,sett,intermediate
a6e39179-91f4-4a75-95de-c840d53e742b,08af1f03-0369-4a41-b003-7a740afe0149,f46d4721-9244-4a7c-a010-9ba1f9789887,1632391588193,13.4372322,52.4935082,0.44630238,0.020256877,-0.015571594,0.012133598,on bike mount,cyclo cross,True,sett,intermediate
a6e39179-91f4-4a75-95de-c840d53e742b,08af1f03-0369-4a41-b003-7a740afe0149,11f33a82-53b9-4b0e-856b-705974deaee2,1632391588260,13.4372293,52.4935139,0.40395147,-0.017930329,-0.016301155,-0.007071495,on bike mount,cyclo cross,True,sett,intermediate
a6e39179-91f4-4a75-95de-c840d53e742b,08af1f03-0369-4a41-b003-7a740afe0149,6eb2dec1-99eb-4720-b676-adae7e0f527d,1632391588327,13.4372293,52.4935139,0.40395147,0.021446675,-0.0048806667,-0.014034271,on bike mount,cyclo cross,True,sett,intermediate
a6e39179-91f4-4a75-95de-c840d53e742b,08af1f03-0369-4a41-b003-7a740afe0149,a8795ba7-d74b-4cc0-b479-9a92ff7dcf2f,1632391588394,13.4372293,52.4935139,0.40395147,0.0031826794,0.010046482,0.0065574646,on bike mount,cyclo cross,True,sett,intermediate
a6e39179-91f4-4a75-95de-c840d53e742b,08af1f03-0369-4a41-b003-7a740afe0149,3db8823b-2596-41ea-a0a4-7568916e63b2,1632391588461,13.4372293,52.4935139,0.40395147,-0.0059791505,-0.0157547,-0.016518593,on bike mount,cyclo cross,True,sett,intermediate
a6e39179-91f4-4a75-95de-c840d53e742b,08af1f03-0369-4a41-b003-7a740afe0149,59cb831b-5221-4aab-8c5d-3c721d8b6dcc,1632391588527,13.4372293,52.4935139,0.40395147,-0.023163319,-0.018102646,0.0172081,on bike mount,cyclo cross,True,sett,intermediate
a6e39179-91f4-4a75-95de-c840d53e742b,08af1f03-0369-4a41-b003-7a740afe0149,7b576278-0e67-45b1-b866-e8edd63429b9,1632391588594,13.4372293,52.4935139,0.40395147,-0.018890053,-0.0042939186,0.014151573,on bike mount,cyclo cross,True,sett,intermediate
a6e39179-91f4-4a75-95de-c840d53e742b,08af1f03-0369-4a41-b003-7a740afe0149,1dcef861-8c2b-4df1-86ce-84e525ecf55c,1632391588661,13.4372293,52.4935139,0.40395147,0.042908132,-0.0042583942,-0.011164665,on bike mount,cyclo cross,True,sett,intermediate
a6e39179-91f4-4a75-95de-c840d53e742b,08af1f03-0369-4a41-b003-7a740afe0149,d3d415b8-940b-4151-8ffd-ea0dee6943ab,1632391588727,13.4372293,52.4935139,0.40395147,0.0112018585,0.004045248,0.0110788345,on bike mount,cyclo cross,True,sett,intermediate
a6e39179-91f4-4a75-95de-c840d53e742b,08af1f03-0369-4a41-b003-7a740afe0149,87b9cf5b-a6da-4671-9abe-90b8127a053a,1632391588778,13.4372293,52.4935139,0.40395147,-0.0047677457,-0.04595089,0.050323486,on bike mount,cyclo cross,True,sett,intermediate
a6e39179-91f4-4a75-95de-c840d53e742b,08af1f03-0369-4a41-b003-7a740afe0149,d60d923a-4983-46d2-b94d-99f93daa0e90,1632391588845,13.4372293,52.4935139,0.40395147,-0.03159815,0.021603823,-0.020341873,on bike mount,cyclo cross,True,sett,intermediate
a6e39179-91f4-4a75-95de-c840d53e742b,08af1f03-0369-4a41-b003-7a740afe0149,ad735906-c2f5-488f-9a4b-6873e7e090ec,1632391588895,13.4372293,52.4935139,0.40395147,0.038458943,0.0070109367,-0.026124954,on bike mount,cyclo cross,True,sett,intermediate
a6e39179-91f4-4a75-95de-c840d53e742b,08af1f03-0369-4a41-b003-7a740afe0149,b3b58e6b-e1ad-4fd1-88e1-24a44369acf2,1632391588961,13.4372293,52.4935139,0.40395147,0.028020918,-0.008971214,-0.026272774,on bike mount,cyclo cross,True,sett,intermediate
a6e39179-91f4-4a75-95de-c840d53e742b,08af1f03-0369-4a41-b003-7a740afe0149,25365657-da56-41c9-b545-170a86877de2,1632391589011,13.4372293,52.4935139,0.40395147,-0.023926616,-0.035722256,-0.04009056,on bike mount,cyclo cross,True,sett,intermediate
a6e39179-91f4-4a75-95de-c840d53e742b,08af1f03-0369-4a41-b003-7a740afe0149,3286aaf7-a067-4455-8568-0bddd59b71eb,1632391589062,13.4372293,52.4935139,0.40395147,0.009690702,-0.025975227,-0.015236855,on bike mount,cyclo cross,True,sett,intermediate
a6e39179-91f4-4a75-95de-c840d53e742b,08af1f03-0369-4a41-b003-7a740afe0149,234fc3f5-5d91-463c-a1a5-ab97cd04a34e,1632391589112,13.4372293,52.4935139,0.40395147,-0.00037056208,-0.006472826,-0.0051412582,on bike mount,cyclo cross,True,sett,intermediate
a6e39179-91f4-4a75-95de-c840d53e742b,08af1f03-0369-4a41-b003-7a740afe0149,867b1646-cad5-44ba-94b4-efc76057ccb9,1632391589162,13.4372293,52.4935139,0.40395147,0.014881223,-0.008373737,0.027637482,on bike mount,cyclo cross,True,sett,intermediate
a6e39179-91f4-4a75-95de-c840d53e742b,08af1f03-0369-4a41-b003-7a740afe0149,808daff5-636e-475f-896b-ab58f909016b,1632391589211,13.437226,52.4935202,0.41948307,-0.005941272,0.0022792816,0.033037186,on bike mount,cyclo cross,True,sett,intermediate
a6e39179-91f4-4a75-95de-c840d53e742b,08af1f03-0369-4a41-b003-7a740afe0149,a8cbada8-97f5-44d3-ae72-39dbb9606537,1632391589278,13.437226,52.4935202,0.41948307,-0.0032809973,0.0027825832,0.0004644394,on bike mount,cyclo cross,True,sett,intermediate
a6e39179-91f4-4a75-95de-c840d53e742b,08af1f03-0369-4a41-b003-7a740afe0149,af7d55ad-9b84-4ffa-ab3b-55a5dfa9bb1b,1632391589328,13.437226,52.4935202,0.41948307,-0.032470554,-0.024531126,-0.010900497,on bike mount,cyclo cross,True,sett,intermediate
a6e39179-91f4-4a75-95de-c840d53e742b,08af1f03-0369-4a41-b003-7a740afe0149,7fe31704-8b83-4308-99fa-a7caaf81d4e5,1632391589379,13.437226,52.4935202,0.41948307,0.016807765,0.01364851,0.004467964,on bike mount,cyclo cross,True,sett,intermediate
a6e39179-91f4-4a75-95de-c840d53e742b,08af1f03-0369-4a41-b003-7a740afe0149,c5d868ab-c0c4-471e-bf7e-f151f37b4305,1632391589445,13.437226,52.4935202,0.41948307,-0.011843145,0.02639103,0.031218529,on bike mount,cyclo cross,True,sett,intermediate
a6e39179-91f4-4a75-95de-c840d53e742b,08af1f03-0369-4a41-b003-7a740afe0149,85a19609-42fa-416b-a743-3ff826f8aa91,1632391589496,13.437226,52.4935202,0.41948307,-0.017250955,0.025702953,-0.017438889,on bike mount,cyclo cross,True,sett,intermediate
a6e39179-91f4-4a75-95de-c840d53e742b,08af1f03-0369-4a41-b003-7a740afe0149,e8f6d2dd-432d-491a-af36-beba1ae3d341,1632391589546,13.437226,52.4935202,0.41948307,0.0036075413,-0.008153915,-0.04302597,on bike mount,cyclo cross,True,sett,intermediate
a6e39179-91f4-4a75-95de-c840d53e742b,08af1f03-0369-4a41-b003-7a740afe0149,a14dd06f-0bcb-4716-9576-6cb6765d7770,1632391589596,13.437226,52.4935202,0.41948307,0.0035201907,-0.0016255379,0.023387909,on bike mount,cyclo cross,True,sett,intermediate
a6e39179-91f4-4a75-95de-c840d53e742b,08af1f03-0369-4a41-b003-7a740afe0149,e8dd55b2-b722-4690-b226-65f7cb1bf7aa,1632391589663,13.437226,52.4935202,0.41948307,0.017071009,-0.010376692,-0.0029945374,on bike mount,cyclo cross,True,sett,intermediate
a6e39179-91f4-4a75-95de-c840d53e742b,08af1f03-0369-4a41-b003-7a740afe0149,f75be850-24c9-4e8a-b46c-75d6cd917fc8,1632391589712,13.437226,52.4935202,0.41948307,0.021517545,-0.061487436,-0.020698547,on bike mount,cyclo cross,True,sett,intermediate
a6e39179-91f4-4a75-95de-c840d53e742b,08af1f03-0369-4a41-b003-7a740afe0149,66e36167-6839-45bd-9894-48af41884243,1632391589763,13.437226,52.4935202,0.41948307,0.012650639,0.003451109,0.015363693,on bike mount,cyclo cross,True,sett,intermediate
a6e39179-91f4-4a75-95de-c840d53e742b,08af1f03-0369-4a41-b003-7a740afe0149,59dfa234-2029-4134-aea9-caf41b662b64,1632391589813,13.437226,52.4935202,0.41948307,0.0045972764,0.019983768,-0.006005287,on bike mount,cyclo cross,True,sett,intermediate
a6e39179-91f4-4a75-95de-c840d53e742b,08af1f03-0369-4a41-b003-7a740afe0149,2fd00c20-fd24-418f-8c97-89ffb29701cc,1632391589863,13.437226,52.4935202,0.41948307,-0.025467455,0.026382208,0.016614914,on bike mount,cyclo cross,True,sett,intermediate
a6e39179-91f4-4a75-95de-c840d53e742b,08af1f03-0369-4a41-b003-7a740afe0149,e2ee644d-a1d6-4188-911c-853ab3f04e66,1632391589930,13.437226,52.4935202,0.41948307,-0.035940945,-0.0046362877,-0.025457382,on bike mount,cyclo cross,True,sett,intermediate
a6e39179-91f4-4a75-95de-c840d53e742b,08af1f03-0369-4a41-b003-7a740afe0149,0e248287-7d5e-4b89-af43-fda5a884cd8f,1632391589980,13.437226,52.4935202,0.41948307,-0.015462428,-0.008673668,-0.017769814,on bike mount,cyclo cross,True,sett,intermediate
a6e39179-91f4-4a75-95de-c840d53e742b,08af1f03-0369-4a41-b003-7a740afe0149,1ec8ba1c-2ee2-43e0-94ae-e886f512a014,1632391590047,13.437226,52.4935202,0.41948307,0.01660949,-0.00859189,0.0034322739,on bike mount,cyclo cross,True,sett,intermediate
a6e39179-91f4-4a75-95de-c840d53e742b,08af1f03-0369-4a41-b003-7a740afe0149,ed5d0856-dd38-4f0e-884b-8b5844fee5b3,1632391590097,13.437226,52.4935202,0.41948307,-0.015571624,0.053536654,-0.044589996,on bike mount,cyclo cross,True,sett,intermediate
a6e39179-91f4-4a75-95de-c840d53e742b,08af1f03-0369-4a41-b003-7a740afe0149,49efc625-dc4c-4271-b4d7-7bbcc6418727,1632391590164,13.437226,52.4935202,0.41948307,-0.005332291,-0.01725769,-0.0022058487,on bike mount,cyclo cross,True,sett,intermediate
a6e39179-91f4-4a75-95de-c840d53e742b,08af1f03-0369-4a41-b003-7a740afe0149,cf238096-55ee-4f50-adf4-db305108ae35,1632391590230,13.4372229,52.4935245,0.46258616,-0.021021217,-0.012087107,-0.015633583,on bike mount,cyclo cross,True,sett,intermediate
a6e39179-91f4-4a75-95de-c840d53e742b,08af1f03-0369-4a41-b003-7a740afe0149,06a90966-7559-4f05-b1fe-025217ad3b4a,1632391590297,13.4372229,52.4935245,0.46258616,0.0068205,0.0034697056,-0.0029792786,on bike mount,cyclo cross,True,sett,intermediate
a6e39179-91f4-4a75-95de-c840d53e742b,08af1f03-0369-4a41-b003-7a740afe0149,ded159a3-ef8c-4ace-83f4-9d74bb5ce1d4,1632391590364,13.4372229,52.4935245,0.46258616,0.058808863,0.0022821426,0.0053253174,on bike mount,cyclo cross,True,sett,intermediate
a6e39179-91f4-4a75-95de-c840d53e742b,08af1f03-0369-4a41-b003-7a740afe0149,37c65740-0fbf-4c45-a1c5-1994bc720153,1632391590414,13.4372229,52.4935245,0.46258616,-0.06613526,-0.0054113865,0.005331993,on bike mount,cyclo cross,True,sett,intermediate
a6e39179-91f4-4a75-95de-c840d53e742b,08af1f03-0369-4a41-b003-7a740afe0149,643232ad-a63e-4c83-bcd3-905ad3062f0f,1632391590481,13.4372229,52.4935245,0.46258616,-0.019238472,-0.017990828,-0.017233849,on bike mount,cyclo cross,True,sett,intermediate
a6e39179-91f4-4a75-95de-c840d53e742b,08af1f03-0369-4a41-b003-7a740afe0149,b694a296-280c-43e3-9b0f-87b70bc53a92,1632391590547,13.4372229,52.4935245,0.46258616,-0.015218258,-0.0018672943,0.011145592,on bike mount,cyclo cross,True,sett,intermediate
a6e39179-91f4-4a75-95de-c840d53e742b,08af1f03-0369-4a41-b003-7a740afe0149,1427b874-41f0-4c2e-bd4c-92aa8c97f935,1632391590614,13.4372229,52.4935245,0.46258616,-0.010800332,-0.016141653,0.0072164536,on bike mount,cyclo cross,True,sett,intermediate
a6e39179-91f4-4a75-95de-c840d53e742b,08af1f03-0369-4a41-b003-7a740afe0149,53f4eb2f-fe9d-436e-a529-8fc20fc4ccbf,1632391590681,13.4372229,52.4935245,0.46258616,0.016859204,-0.017990112,-0.023695946,on bike mount,cyclo cross,True,sett,intermediate
a6e39179-91f4-4a75-95de-c840d53e742b,08af1f03-0369-4a41-b003-7a740afe0149,ccacaab7-85a1-4319-8f3e-efccefea2c95,1632391590748,13.4372229,52.4935245,0.46258616,-0.030382097,0.037753582,-0.06393719,on bike mount,cyclo cross,True,sett,intermediate
a6e39179-91f4-4a75-95de-c840d53e742b,08af1f03-0369-4a41-b003-7a740afe0149,ea9d0540-e102-4659-841d-03d5837b81a9,1632391590814,13.4372229,52.4935245,0.46258616,-0.00053948164,-0.019421339,0.00878334,on bike mount,cyclo cross,True,sett,intermediate
a6e39179-91f4-4a75-95de-c840d53e742b,08af1f03-0369-4a41-b003-7a740afe0149,488a3c0c-60de-40fe-b055-c35f5d7e2f76,1632391590864,13.4372229,52.4935245,0.46258616,-0.005557388,-0.05322337,0.0047473907,on bike mount,cyclo cross,True,sett,intermediate
a6e39179-91f4-4a75-95de-c840d53e742b,08af1f03-0369-4a41-b003-7a740afe0149,46436c15-8ac5-416f-995b-53ceeb62ea42,1632391590915,13.4372229,52.4935245,0.46258616,0.03866121,-0.021828175,0.0122003555,on bike mount,cyclo cross,True,sett,intermediate
a6e39179-91f4-4a75-95de-c840d53e742b,08af1f03-0369-4a41-b003-7a740afe0149,b193ec4f-8618-44f9-a71b-da59649df57e,1632391590965,13.4372229,52.4935245,0.46258616,-0.043718845,0.026988745,-0.02318573,on bike mount,cyclo cross,True,sett,intermediate
a6e39179-91f4-4a75-95de-c840d53e742b,08af1f03-0369-4a41-b003-7a740afe0149,c9442a86-d871-401f-9d15-aaa73477559d,1632391591015,13.4372229,52.4935245,0.46258616,0.017938703,0.012542009,-0.0025606155,on bike mount,cyclo cross,True,sett,intermediate
a6e39179-91f4-4a75-95de-c840d53e742b,08af1f03-0369-4a41-b003-7a740afe0149,7d5a6e60-44ca-4def-9a90-94e0bbabf358,1632391591081,13.4372229,52.4935245,0.46258616,0.017153203,0.0532279,-0.018681526,on bike mount,cyclo cross,True,sett,intermediate
a6e39179-91f4-4a75-95de-c840d53e742b,08af1f03-0369-4a41-b003-7a740afe0149,2799fcb4-73c5-4619-b1f4-c5c277c6ea70,1632391591131,13.4372229,52.4935245,0.46258616,-0.01453498,-0.010549784,-0.012495995,on bike mount,cyclo cross,True,sett,intermediate
a6e39179-91f4-4a75-95de-c840d53e742b,08af1f03-0369-4a41-b003-7a740afe0149,b537ad14-2d36-47af-9e59-12545b74d8dd,1632391591182,13.4372204,52.4935268,0.37549853,0.01845321,-0.009088516,0.013575554,on bike mount,cyclo cross,True,sett,intermediate
a6e39179-91f4-4a75-95de-c840d53e742b,08af1f03-0369-4a41-b003-7a740afe0149,94f16518-a2e3-48bd-8568-0f740b4771e4,1632391591248,13.4372204,52.4935268,0.37549853,0.018249989,0.004319191,0.035837173,on bike mount,cyclo cross,True,sett,intermediate
a6e39179-91f4-4a75-95de-c840d53e742b,08af1f03-0369-4a41-b003-7a740afe0149,f3a8a6db-3f87-435d-adc3-c8272017e674,1632391591299,13.4372204,52.4935268,0.37549853,-0.0071002543,0.00019049644,0.012428284,on bike mount,cyclo cross,True,sett,intermediate
a6e39179-91f4-4a75-95de-c840d53e742b,08af1f03-0369-4a41-b003-7a740afe0149,70d98db3-a36d-4589-a59b-0c3673a0a276,1632391591349,13.4372204,52.4935268,0.37549853,-0.05161178,0.022561789,-0.033377647,on bike mount,cyclo cross,True,sett,intermediate
a6e39179-91f4-4a75-95de-c840d53e742b,08af1f03-0369-4a41-b003-7a740afe0149,d835dd6d-f7a3-46ba-be0f-6df592978afb,1632391591416,13.4372204,52.4935268,0.37549853,0.036486417,0.014549017,0.0033063889,on bike mount,cyclo cross,True,sett,intermediate
a6e39179-91f4-4a75-95de-c840d53e742b,08af1f03-0369-4a41-b003-7a740afe0149,bd7c9b98-8f75-430f-8999-c52579ca7238,1632391591466,13.4372204,52.4935268,0.37549853,-0.027270794,-0.033015013,0.012493134,on bike mount,cyclo cross,True,sett,intermediate
a6e39179-91f4-4a75-95de-c840d53e742b,08af1f03-0369-4a41-b003-7a740afe0149,d453e5c3-d826-41e6-a125-b90cb7cc6574,1632391591516,13.4372204,52.4935268,0.37549853,0.004232496,-0.03549528,-0.014115334,on bike mount,cyclo cross,True,sett,intermediate
a6e39179-91f4-4a75-95de-c840d53e742b,08af1f03-0369-4a41-b003-7a740afe0149,a6d882e3-24cb-484e-a652-d0b6d3e6645d,1632391591582,13.4372204,52.4935268,0.37549853,-0.032755226,-0.016643524,0.005126953,on bike mount,cyclo cross,True,sett,intermediate
a6e39179-91f4-4a75-95de-c840d53e742b,08af1f03-0369-4a41-b003-7a740afe0149,27ced6f9-c0fc-4e78-8534-235ac19c0ae0,1632391591632,13.4372204,52.4935268,0.37549853,-0.02346149,0.0063147545,-0.0143117905,on bike mount,cyclo cross,True,sett,intermediate
a6e39179-91f4-4a75-95de-c840d53e742b,08af1f03-0369-4a41-b003-7a740afe0149,ede43af3-5f97-4d9d-b3c5-c189911b515c,1632391591683,13.4372204,52.4935268,0.37549853,-0.039304525,0.030443907,0.011583328,on bike mount,cyclo cross,True,sett,intermediate
a6e39179-91f4-4a75-95de-c840d53e742b,08af1f03-0369-4a41-b003-7a740afe0149,d2f2801a-ed49-430b-b2d1-610ddcc96caa,1632391591733,13.4372204,52.4935268,0.37549853,-0.00019997358,0.035680294,-0.044308662,on bike mount,cyclo cross,True,sett,intermediate
a6e39179-91f4-4a75-95de-c840d53e742b,08af1f03-0369-4a41-b003-7a740afe0149,1f3aaff7-5598-4469-b3e2-791ca1ff37f4,1632391591799,13.4372204,52.4935268,0.37549853,-0.001391679,0.013508558,0.06024456,on bike mount,cyclo cross,True,sett,intermediate
a6e39179-91f4-4a75-95de-c840d53e742b,08af1f03-0369-4a41-b003-7a740afe0149,a387a67e-fe31-4786-92d9-17e81b2bf2b3,1632391591849,13.4372204,52.4935268,0.37549853,-0.006653458,-0.018849134,-0.005712509,on bike mount,cyclo cross,True,sett,intermediate
a6e39179-91f4-4a75-95de-c840d53e742b,08af1f03-0369-4a41-b003-7a740afe0149,135e4861-b7cc-4efa-a5ab-2341c51f007e,1632391591900,13.4372204,52.4935268,0.37549853,-0.007885873,-0.03270173,0.0069055557,on bike mount,cyclo cross,True,sett,intermediate
a6e39179-91f4-4a75-95de-c840d53e742b,08af1f03-0369-4a41-b003-7a740afe0149,d32c5ce0-2cf4-426d-a62a-9de9aca44825,1632391591966,13.4372204,52.4935268,0.37549853,0.0065120757,-0.010555744,-0.0038194656,on bike mount,cyclo cross,True,sett,intermediate
a6e39179-91f4-4a75-95de-c840d53e742b,08af1f03-0369-4a41-b003-7a740afe0149,3d74a6ba-0a5e-4003-84fa-dd0d469b45af,1632391592016,13.4372204,52.4935268,0.37549853,-0.048642427,0.026473045,-0.0132341385,on bike mount,cyclo cross,True,sett,intermediate
a6e39179-91f4-4a75-95de-c840d53e742b,08af1f03-0369-4a41-b003-7a740afe0149,ed0c8adc-2f32-4989-8b2f-e3e113666f90,1632391592067,13.4372204,52.4935268,0.37549853,-0.008523256,-0.014313698,0.0068092346,on bike mount,cyclo cross,True,sett,intermediate
a6e39179-91f4-4a75-95de-c840d53e742b,08af1f03-0369-4a41-b003-7a740afe0149,80f476e9-21c8-41de-b34d-0099dee29371,1632391592117,13.4372204,52.4935268,0.37549853,0.016274631,-0.023794174,-0.017458916,on bike mount,cyclo cross,True,sett,intermediate
a6e39179-91f4-4a75-95de-c840d53e742b,08af1f03-0369-4a41-b003-7a740afe0149,e713c94d-0291-4bb1-8104-715234a8c275,1632391592167,13.4372204,52.4935268,0.37549853,-0.023923367,0.003394127,-0.0063762665,on bike mount,cyclo cross,True,sett,intermediate
a6e39179-91f4-4a75-95de-c840d53e742b,08af1f03-0369-4a41-b003-7a740afe0149,ba88dd9e-05cf-4bcf-b6f6-94a58e41c177,1632391592233,13.4372196,52.4935285,0.28199598,-0.023828298,0.0031192303,-0.024691582,on bike mount,cyclo cross,True,sett,intermediate
a6e39179-91f4-4a75-95de-c840d53e742b,08af1f03-0369-4a41-b003-7a740afe0149,df94d47a-52d3-4f7f-9410-00245dd9df86,1632391592284,13.4372196,52.4935285,0.28199598,0.022958726,0.018170118,-0.028470993,on bike mount,cyclo cross,True,sett,intermediate
a6e39179-91f4-4a75-95de-c840d53e742b,08af1f03-0369-4a41-b003-7a740afe0149,77a0c1f0-50bb-4848-9f5e-cc850a283f40,1632391592350,13.4372196,52.4935285,0.28199598,-0.007853687,-0.023412228,-0.0015954971,on bike mount,cyclo cross,True,sett,intermediate
a6e39179-91f4-4a75-95de-c840d53e742b,08af1f03-0369-4a41-b003-7a740afe0149,752100d9-84fc-4682-a1ad-1a3b082acdc9,1632391592400,13.4372196,52.4935285,0.28199598,-0.0036468804,-0.029828072,0.01689148,on bike mount,cyclo cross,True,sett,intermediate
a6e39179-91f4-4a75-95de-c840d53e742b,08af1f03-0369-4a41-b003-7a740afe0149,972880a4-8a94-44b2-94a9-5eac73cc3b63,1632391592450,13.4372196,52.4935285,0.28199598,-0.017311007,0.020511389,-0.019540787,on bike mount,cyclo cross,True,sett,intermediate
a6e39179-91f4-4a75-95de-c840d53e742b,08af1f03-0369-4a41-b003-7a740afe0149,e9924e47-a9da-4b35-bb64-90c5dac677bf,1632391592501,13.4372196,52.4935285,0.28199598,-0.008612782,-0.025613785,0.00012397766,on bike mount,cyclo cross,True,sett,intermediate
a6e39179-91f4-4a75-95de-c840d53e742b,08af1f03-0369-4a41-b003-7a740afe0149,dea10efe-4a9a-429c-a4e1-1cfa21f18cb0,1632391592567,13.4372196,52.4935285,0.28199598,-0.0054814816,-0.0073473454,-0.020572662,on bike mount,cyclo cross,True,sett,intermediate
a6e39179-91f4-4a75-95de-c840d53e742b,08af1f03-0369-4a41-b003-7a740afe0149,bb27b861-b199-47a4-b24e-844341a959ff,1632391592617,13.4372196,52.4935285,0.28199598,-0.022464842,0.025487423,-0.034057617,on bike mount,cyclo cross,True,sett,intermediate
a6e39179-91f4-4a75-95de-c840d53e742b,08af1f03-0369-4a41-b003-7a740afe0149,1c89a93a-15cd-4430-baac-02b40cb4cc94,1632391592668,13.4372196,52.4935285,0.28199598,-0.03818661,-0.0031409264,0.0032052994,on bike mount,cyclo cross,True,sett,intermediate
a6e39179-91f4-4a75-95de-c840d53e742b,08af1f03-0369-4a41-b003-7a740afe0149,56f16523-a848-4e7b-a86a-9e8c81d23eea,1632391592718,13.4372196,52.4935285,0.28199598,-0.041004658,-0.014078617,-0.0020446777,on bike mount,cyclo cross,True,sett,intermediate
a6e39179-91f4-4a75-95de-c840d53e742b,08af1f03-0369-4a41-b003-7a740afe0149,b0f505f7-cb33-4335-b18f-2fa43fb7501a,1632391592785,13.4372196,52.4935285,0.28199598,0.014613241,0.029098988,0.03770542,on bike mount,cyclo cross,True,sett,intermediate
a6e39179-91f4-4a75-95de-c840d53e742b,08af1f03-0369-4a41-b003-7a740afe0149,07377b67-7f3d-47c6-b9dd-ab2e87da5255,1632391592851,13.4372196,52.4935285,0.28199598,-0.0092687905,-0.0004913807,0.029294014,on bike mount,cyclo cross,True,sett,intermediate
a6e39179-91f4-4a75-95de-c840d53e742b,08af1f03-0369-4a41-b003-7a740afe0149,81133610-2df4-4aab-9c58-14ddd194b10d,1632391592902,13.4372196,52.4935285,0.28199598,-0.047635168,0.019565105,0.011745453,on bike mount,cyclo cross,True,sett,intermediate
a6e39179-91f4-4a75-95de-c840d53e742b,08af1f03-0369-4a41-b003-7a740afe0149,e9a62b46-db9b-43c0-a7ae-39d46f2018c3,1632391592951,13.4372196,52.4935285,0.28199598,-0.014484018,-0.011029482,-0.005795479,on bike mount,cyclo cross,True,sett,intermediate
a6e39179-91f4-4a75-95de-c840d53e742b,08af1f03-0369-4a41-b003-7a740afe0149,dffddac4-69ac-485c-81b2-41f4662cd487,1632391593001,13.4372196,52.4935285,0.28199598,-0.0014927387,0.0078001022,0.018052101,on bike mount,cyclo cross,True,sett,intermediate
a6e39179-91f4-4a75-95de-c840d53e742b,08af1f03-0369-4a41-b003-7a740afe0149,a7a498d7-aca7-49d6-8cac-f0b659122fd0,1632391593068,13.4372196,52.4935285,0.28199598,0.021443754,-0.0039081573,0.006688118,on bike mount,cyclo cross,True,sett,intermediate
a6e39179-91f4-4a75-95de-c840d53e742b,08af1f03-0369-4a41-b003-7a740afe0149,13e346f0-6877-4e76-a952-64f22a783080,1632391593135,13.4372196,52.4935285,0.28199598,0.014443308,-0.0048508644,0.01000309,on bike mount,cyclo cross,True,sett,intermediate
a6e39179-91f4-4a75-95de-c840d53e742b,08af1f03-0369-4a41-b003-7a740afe0149,798cb3ae-1b0d-40e2-8baa-59f42e7b878d,1632391593202,13.4372197,52.4935295,0.19571932,0.0072745383,-0.004125595,0.0028915405,on bike mount,cyclo cross,True,sett,intermediate
a6e39179-91f4-4a75-95de-c840d53e742b,08af1f03-0369-4a41-b003-7a740afe0149,3454d8de-7a49-43d6-9f21-6a71a99a6663,1632391593268,13.4372197,52.4935295,0.19571932,0.012496859,0.025737047,0.026127815,on bike mount,cyclo cross,True,sett,intermediate
a6e39179-91f4-4a75-95de-c840d53e742b,08af1f03-0369-4a41-b003-7a740afe0149,2b297add-da75-48d7-9803-b762b4c4860d,1632391593318,13.4372197,52.4935295,0.19571932,-0.0695876,0.02502489,-0.015820503,on bike mount,cyclo cross,True,sett,intermediate
a6e39179-91f4-4a75-95de-c840d53e742b,08af1f03-0369-4a41-b003-7a740afe0149,ad49b52e-dbf2-4d3e-96c8-0ba9c6ff2a04,1632391593369,13.4372197,52.4935295,0.19571932,0.0073106587,-0.021518469,-0.011831284,on bike mount,cyclo cross,True,sett,intermediate
a6e39179-91f4-4a75-95de-c840d53e742b,08af1f03-0369-4a41-b003-7a740afe0149,a07fb13b-7137-493b-92fb-593a030b12e0,1632391593419,13.4372197,52.4935295,0.19571932,-0.015431821,-0.021797419,0.07306099,on bike mount,cyclo cross,True,sett,intermediate
a6e39179-91f4-4a75-95de-c840d53e742b,08af1f03-0369-4a41-b003-7a740afe0149,d0813a5a-015b-46af-aad4-2993bde0865f,1632391593486,13.4372197,52.4935295,0.19571932,-0.017926812,-0.016957998,-0.021821976,on bike mount,cyclo cross,True,sett,intermediate
a6e39179-91f4-4a75-95de-c840d53e742b,08af1f03-0369-4a41-b003-7a740afe0149,5dfefc2a-0427-45ca-a0f6-f26470a7dba9,1632391593535,13.4372197,52.4935295,0.19571932,-0.04172489,-0.011446953,-0.0050210953,on bike mount,cyclo cross,True,sett,intermediate
a6e39179-91f4-4a75-95de-c840d53e742b,08af1f03-0369-4a41-b003-7a740afe0149,4f511ee7-b490-4955-9564-0587cc77ca0e,1632391593586,13.4372197,52.4935295,0.19571932,-0.0061061084,0.006994486,-0.03495121,on bike mount,cyclo cross,True,sett,intermediate
a6e39179-91f4-4a75-95de-c840d53e742b,08af1f03-0369-4a41-b003-7a740afe0149,c8df83f2-a615-4469-b463-d272a2f3ce7f,1632391593636,13.4372197,52.4935295,0.19571932,0.013710618,0.00793004,0.004088402,on bike mount,cyclo cross,True,sett,intermediate
a6e39179-91f4-4a75-95de-c840d53e742b,08af1f03-0369-4a41-b003-7a740afe0149,5126b92c-56a7-4901-9b39-041d2e41bd8f,1632391593703,13.4372197,52.4935295,0.19571932,-0.01333192,-0.020239592,0.0763731,on bike mount,cyclo cross,True,sett,intermediate
a6e39179-91f4-4a75-95de-c840d53e742b,08af1f03-0369-4a41-b003-7a740afe0149,bf120196-e350-421d-9d1b-45350f90706f,1632391593769,13.4372197,52.4935295,0.19571932,0.027133673,0.007243395,-0.012453079,on bike mount,cyclo cross,True,sett,intermediate
a6e39179-91f4-4a75-95de-c840d53e742b,08af1f03-0369-4a41-b003-7a740afe0149,5a1fae74-ecd6-4fa5-bceb-c8e15b8e05ff,1632391593819,13.4372197,52.4935295,0.19571932,0.047559798,0.0044765472,-0.022291183,on bike mount,cyclo cross,True,sett,intermediate
a6e39179-91f4-4a75-95de-c840d53e742b,08af1f03-0369-4a41-b003-7a740afe0149,94c14066-f624-4366-b6a3-025aee1e63bc,1632391593870,13.4372197,52.4935295,0.19571932,0.021863103,-0.019285917,-0.0008087158,on bike mount,cyclo cross,True,sett,intermediate
a6e39179-91f4-4a75-95de-c840d53e742b,08af1f03-0369-4a41-b003-7a740afe0149,5b84e31f-208c-41d6-a338-9c9f1dfeeb5a,1632391593920,13.4372197,52.4935295,0.19571932,-0.010176212,-0.0143146515,0.0013666153,on bike mount,cyclo cross,True,sett,intermediate
a6e39179-91f4-4a75-95de-c840d53e742b,08af1f03-0369-4a41-b003-7a740afe0149,e461fe5b-e6d3-4bc0-a36a-400b30ce9641,1632391593970,13.4372197,52.4935295,0.19571932,-0.034957916,0.014707565,-0.032323837,on bike mount,cyclo cross,True,sett,intermediate
a6e39179-91f4-4a75-95de-c840d53e742b,08af1f03-0369-4a41-b003-7a740afe0149,49bb25a3-d5b1-4a1b-8850-475f78085439,1632391594037,13.4372197,52.4935295,0.19571932,0.01708737,0.019273996,0.0027542114,on bike mount,cyclo cross,True,sett,intermediate
a6e39179-91f4-4a75-95de-c840d53e742b,08af1f03-0369-4a41-b003-7a740afe0149,09576c9d-da2d-47dd-97a0-3adccf6b91c0,1632391594087,13.4372197,52.4935295,0.19571932,0.020191848,-0.026252985,-0.0012197495,on bike mount,cyclo cross,True,sett,intermediate
a6e39179-91f4-4a75-95de-c840d53e742b,08af1f03-0369-4a41-b003-7a740afe0149,2d925e54-aabc-44b3-9198-187110e48afb,1632391594137,13.4372197,52.4935295,0.19571932,0.0085247755,-0.04133892,-0.008969307,on bike mount,cyclo cross,True,sett,intermediate
a6e39179-91f4-4a75-95de-c840d53e742b,08af1f03-0369-4a41-b003-7a740afe0149,72b10ec5-a9e3-4c73-82d2-65aec5ae87f6,1632391594203,13.4372209,52.4935302,0.13366456,0.014437914,0.015982628,-0.005098343,on bike mount,cyclo cross,True,sett,intermediate
a6e39179-91f4-4a75-95de-c840d53e742b,08af1f03-0369-4a41-b003-7a740afe0149,210be0a0-1956-4f5f-bfbd-43ae3c644434,1632391594270,13.4372209,52.4935302,0.13366456,-0.04362288,0.031597376,-0.007041931,on bike mount,cyclo cross,True,sett,intermediate
a6e39179-91f4-4a75-95de-c840d53e742b,08af1f03-0369-4a41-b003-7a740afe0149,4da057a8-9c74-4646-9e37-67000c80e4b0,1632391594337,13.4372209,52.4935302,0.13366456,0.019854218,0.011053324,-0.004758835,on bike mount,cyclo cross,True,sett,intermediate
a6e39179-91f4-4a75-95de-c840d53e742b,08af1f03-0369-4a41-b003-7a740afe0149,82d035d5-5693-4883-8f66-139df8b03139,1632391594404,13.4372209,52.4935302,0.13366456,-0.0059099793,0.021082163,-0.04545021,on bike mount,cyclo cross,True,sett,intermediate
a6e39179-91f4-4a75-95de-c840d53e742b,08af1f03-0369-4a41-b003-7a740afe0149,ca7f7876-0492-49b1-8639-ade84631a5f5,1632391594471,13.4372209,52.4935302,0.13366456,0.016409993,0.008191824,-0.06803894,on bike mount,cyclo cross,True,sett,intermediate
a6e39179-91f4-4a75-95de-c840d53e742b,08af1f03-0369-4a41-b003-7a740afe0149,2fc1c066-7f2d-4e0f-95b8-c616475b5bac,1632391594521,13.4372209,52.4935302,0.13366456,-0.003481418,0.010261059,0.032906532,on bike mount,cyclo cross,True,sett,intermediate
a6e39179-91f4-4a75-95de-c840d53e742b,08af1f03-0369-4a41-b003-7a740afe0149,0e5292d3-803d-4fef-9b5e-c06ece7e08e8,1632391594571,13.4372209,52.4935302,0.13366456,-0.006537229,0.0069289207,0.024787903,on bike mount,cyclo cross,True,sett,intermediate
a6e39179-91f4-4a75-95de-c840d53e742b,08af1f03-0369-4a41-b003-7a740afe0149,9bc2063f-1ab9-4f8b-b807-ade7273cfe4e,1632391594638,13.4372209,52.4935302,0.13366456,-0.003141284,-0.026011229,-0.023246765,on bike mount,cyclo cross,True,sett,intermediate
a6e39179-91f4-4a75-95de-c840d53e742b,08af1f03-0369-4a41-b003-7a740afe0149,81f34fa4-4b08-4e8c-8be3-a93bf3f69702,1632391594688,13.4372209,52.4935302,0.13366456,-0.021363825,-0.007074356,-0.007866859,on bike mount,cyclo cross,True,sett,intermediate
a6e39179-91f4-4a75-95de-c840d53e742b,08af1f03-0369-4a41-b003-7a740afe0149,65c760bd-b620-4bbc-96a2-4d275dd9869d,1632391594738,13.4372209,52.4935302,0.13366456,0.0099108815,-0.022808075,0.02338314,on bike mount,cyclo cross,True,sett,intermediate
a6e39179-91f4-4a75-95de-c840d53e742b,08af1f03-0369-4a41-b003-7a740afe0149,604e3ed3-73dc-4487-ab14-7ff89056df29,1632391594804,13.4372209,52.4935302,0.13366456,0.020107388,-0.013245106,-0.0053863525,on bike mount,cyclo cross,True,sett,intermediate
a6e39179-91f4-4a75-95de-c840d53e742b,08af1f03-0369-4a41-b003-7a740afe0149,673dd97d-e2a4-49b1-80e7-9479b392855e,1632391594855,13.4372209,52.4935302,0.13366456,-0.017163098,0.0037879944,-0.002354622,on bike mount,cyclo cross,True,sett,intermediate
a6e39179-91f4-4a75-95de-c840d53e742b,08af1f03-0369-4a41-b003-7a740afe0149,40653c2b-8435-47c5-bd90-6d91c7a34ef0,1632391594905,13.4372209,52.4935302,0.13366456,-0.013677955,0.015009165,-0.03449917,on bike mount,cyclo cross,True,sett,intermediate
a6e39179-91f4-4a75-95de-c840d53e742b,08af1f03-0369-4a41-b003-7a740afe0149,45aceeb4-6127-4954-bd2f-41425218142c,1632391594955,13.4372209,52.4935302,0.13366456,0.034666628,-0.00055265427,-0.010135651,on bike mount,cyclo cross,True,sett,intermediate
a6e39179-91f4-4a75-95de-c840d53e742b,08af1f03-0369-4a41-b003-7a740afe0149,34e3a92a-23cc-4a91-8c34-9eeecbcc5f63,1632391595022,13.4372209,52.4935302,0.13366456,-0.023865849,0.0016634464,-0.029788971,on bike mount,cyclo cross,True,sett,intermediate
a6e39179-91f4-4a75-95de-c840d53e742b,08af1f03-0369-4a41-b003-7a740afe0149,c681b668-d44c-4729-b4bd-a69634340f6e,1632391595088,13.4372209,52.4935302,0.13366456,-0.026492894,-0.0166533,0.027580261,on bike mount,cyclo cross,True,sett,intermediate
a6e39179-91f4-4a75-95de-c840d53e742b,08af1f03-0369-4a41-b003-7a740afe0149,42436d00-e1c9-418f-a21b-d4745505be00,1632391595138,13.4372209,52.4935302,0.13366456,0.0011412501,-0.019108772,-0.005818367,on bike mount,cyclo cross,True,sett,intermediate
a6e39179-91f4-4a75-95de-c840d53e742b,08af1f03-0369-4a41-b003-7a740afe0149,e499cb38-9a6b-441f-9dfb-39c55d971da6,1632391595189,13.437223,52.4935306,0.1205209,-0.008272469,-0.012667656,0.010339737,on bike mount,cyclo cross,True,sett,intermediate
a6e39179-91f4-4a75-95de-c840d53e742b,08af1f03-0369-4a41-b003-7a740afe0149,8d87eb0c-3193-41a1-b283-0372ae72b93c,1632391595255,13.437223,52.4935306,0.1205209,-0.019123912,-0.00036358833,-0.023928642,on bike mount,cyclo cross,True,sett,intermediate
a6e39179-91f4-4a75-95de-c840d53e742b,08af1f03-0369-4a41-b003-7a740afe0149,d97a996e-6a1c-4cb8-a174-9783fa23cab4,1632391595322,13.437223,52.4935306,0.1205209,0.001355797,0.0029804707,0.028382301,on bike mount,cyclo cross,True,sett,intermediate
a6e39179-91f4-4a75-95de-c840d53e742b,08af1f03-0369-4a41-b003-7a740afe0149,d24f56e7-1f7f-4670-ab31-6f5f7fca13a7,1632391595389,13.437223,52.4935306,0.1205209,-0.026266158,0.013471365,-0.017225266,on bike mount,cyclo cross,True,sett,intermediate
a6e39179-91f4-4a75-95de-c840d53e742b,08af1f03-0369-4a41-b003-7a740afe0149,d79b1ba5-f0cf-40e6-9301-59fd6d3eeafa,1632391595456,13.437223,52.4935306,0.1205209,-0.0022131205,-0.010103941,-0.011726379,on bike mount,cyclo cross,True,sett,intermediate
a6e39179-91f4-4a75-95de-c840d53e742b,08af1f03-0369-4a41-b003-7a740afe0149,fa9c573b-db1d-4053-8abf-1a1717516b9c,1632391595506,13.437223,52.4935306,0.1205209,0.0069302917,0.0144946575,0.02076912,on bike mount,cyclo cross,True,sett,intermediate
a6e39179-91f4-4a75-95de-c840d53e742b,08af1f03-0369-4a41-b003-7a740afe0149,a9bd934a-b0c2-45f0-9f21-33e3cc3847eb,1632391595556,13.437223,52.4935306,0.1205209,-0.03570755,0.0236938,0.013203621,on bike mount,cyclo cross,True,sett,intermediate
a6e39179-91f4-4a75-95de-c840d53e742b,08af1f03-0369-4a41-b003-7a740afe0149,c861d07f-d92b-48a0-8e81-4b1d7c043261,1632391595606,13.437223,52.4935306,0.1205209,-0.0008036196,0.02291894,-0.01492691,on bike mount,cyclo cross,True,sett,intermediate
a6e39179-91f4-4a75-95de-c840d53e742b,08af1f03-0369-4a41-b003-7a740afe0149,475a6151-4ed7-428b-a13f-dec98a65c0ed,1632391595673,13.437223,52.4935306,0.1205209,-0.03420417,0.058318853,0.0027008057,on bike mount,cyclo cross,True,sett,intermediate
a6e39179-91f4-4a75-95de-c840d53e742b,08af1f03-0369-4a41-b003-7a740afe0149,8558f7eb-2477-406e-985b-d1f077212b66,1632391595723,13.437223,52.4935306,0.1205209,0.036673576,0.00012493134,-0.012444496,on bike mount,cyclo cross,True,sett,intermediate
a6e39179-91f4-4a75-95de-c840d53e742b,08af1f03-0369-4a41-b003-7a740afe0149,973d05bc-c756-4be8-b1d4-fd4b72f5ba08,1632391595773,13.437223,52.4935306,0.1205209,-0.007888854,-4.9591064e-05,0.07490635,on bike mount,cyclo cross,True,sett,intermediate
a6e39179-91f4-4a75-95de-c840d53e742b,08af1f03-0369-4a41-b003-7a740afe0149,9f90082d-a5ec-448d-9f74-62df844ee104,1632391595840,13.437223,52.4935306,0.1205209,-0.031952053,-0.022290707,0.009643555,on bike mount,cyclo cross,True,sett,intermediate
a6e39179-91f4-4a75-95de-c840d53e742b,08af1f03-0369-4a41-b003-7a740afe0149,3caccd6f-8320-4c14-8d57-4f0e58036216,1632391595890,13.437223,52.4935306,0.1205209,0.008754998,0.029706478,-0.052966118,on bike mount,cyclo cross,True,sett,intermediate
a6e39179-91f4-4a75-95de-c840d53e742b,08af1f03-0369-4a41-b003-7a740afe0149,c49efb2c-d2a0-49e8-9d8e-37c624d2796a,1632391595940,13.437223,52.4935306,0.1205209,-0.044661626,0.027984858,0.025981903,on bike mount,cyclo cross,True,sett,intermediate
a6e39179-91f4-4a75-95de-c840d53e742b,08af1f03-0369-4a41-b003-7a740afe0149,0dc593cb-f9f6-43ec-a9f4-ec0eb7ab9eb4,1632391596006,13.437223,52.4935306,0.1205209,-0.073755816,0.05209613,-0.014779091,on bike mount,cyclo cross,True,sett,intermediate
a6e39179-91f4-4a75-95de-c840d53e742b,08af1f03-0369-4a41-b003-7a740afe0149,907fc227-9167-4075-ba0a-9f2f9a1a4baa,1632391596057,13.437223,52.4935306,0.1205209,-0.016083136,-0.009819746,-0.022259712,on bike mount,cyclo cross,True,sett,intermediate
a6e39179-91f4-4a75-95de-c840d53e742b,08af1f03-0369-4a41-b003-7a740afe0149,38cf0a8a-23b4-4811-b25b-530c72728c38,1632391596123,13.437223,52.4935306,0.1205209,0.026177883,0.005238056,-0.006843567,on bike mount,cyclo cross,True,sett,intermediate
a6e39179-91f4-4a75-95de-c840d53e742b,08af1f03-0369-4a41-b003-7a740afe0149,c2472fbd-0347-44e6-ba82-01650f3dc539,1632391596174,13.437223,52.4935306,0.1205209,0.011528969,-0.040955544,-0.0719471,on bike mount,cyclo cross,True,sett,intermediate
a6e39179-91f4-4a75-95de-c840d53e742b,08af1f03-0369-4a41-b003-7a740afe0149,b0a872a5-184f-4fa8-9214-9e83914940f8,1632391596240,13.4372254,52.4935313,0.14500187,-0.019482136,-0.004774332,0.001581192,on bike mount,cyclo cross,True,sett,intermediate
a6e39179-91f4-4a75-95de-c840d53e742b,08af1f03-0369-4a41-b003-7a740afe0149,a1d2a4ce-430a-46c4-aded-f484c3afa1f7,1632391596307,13.4372254,52.4935313,0.14500187,-0.025820732,-0.017571926,0.007863998,on bike mount,cyclo cross,True,sett,intermediate
a6e39179-91f4-4a75-95de-c840d53e742b,08af1f03-0369-4a41-b003-7a740afe0149,cbc7f330-5bff-4271-9835-3fdad5bc4b57,1632391596374,13.4372254,52.4935313,0.14500187,-0.051052555,0.030143023,-0.017802238,on bike mount,cyclo cross,True,sett,intermediate
a6e39179-91f4-4a75-95de-c840d53e742b,08af1f03-0369-4a41-b003-7a740afe0149,c3bc03ae-7c1c-4d78-ae58-0cfb83911c0a,1632391596441,13.4372254,52.4935313,0.14500187,-0.00912872,-0.017499447,-0.029616356,on bike mount,cyclo cross,True,sett,intermediate
a6e39179-91f4-4a75-95de-c840d53e742b,08af1f03-0369-4a41-b003-7a740afe0149,5bd4a8a6-8992-4c78-bf5b-85a38a8f8b1f,1632391596491,13.4372254,52.4935313,0.14500187,-0.042544305,0.030099392,0.028662682,on bike mount,cyclo cross,True,sett,intermediate
a6e39179-91f4-4a75-95de-c840d53e742b,08af1f03-0369-4a41-b003-7a740afe0149,b77cc716-1e97-481c-b1a2-6dc1ab56bc04,1632391596541,13.4372254,52.4935313,0.14500187,-0.039582044,0.048773766,-0.008152962,on bike mount,cyclo cross,True,sett,intermediate
a6e39179-91f4-4a75-95de-c840d53e742b,08af1f03-0369-4a41-b003-7a740afe0149,8ec340b5-fdff-4794-8940-ea80e0a67fa2,1632391596608,13.4372254,52.4935313,0.14500187,-0.011467919,0.007486582,-0.044700623,on bike mount,cyclo cross,True,sett,intermediate
a6e39179-91f4-4a75-95de-c840d53e742b,08af1f03-0369-4a41-b003-7a740afe0149,9f34ad55-1f62-43f7-abcf-4d1bdc5bcfc4,1632391596658,13.4372254,52.4935313,0.14500187,0.012867272,-0.049276352,-0.014239311,on bike mount,cyclo cross,True,sett,intermediate
a6e39179-91f4-4a75-95de-c840d53e742b,08af1f03-0369-4a41-b003-7a740afe0149,11424de7-5de4-4577-b991-c4a96dd5636b,1632391596708,13.4372254,52.4935313,0.14500187,0.07796121,-0.06369662,0.070308685,on bike mount,cyclo cross,True,sett,intermediate
a6e39179-91f4-4a75-95de-c840d53e742b,08af1f03-0369-4a41-b003-7a740afe0149,ec7f4112-0e95-4ac0-9464-e3fe8481c0a7,1632391596775,13.4372254,52.4935313,0.14500187,-0.074179605,-0.071651936,0.032107353,on bike mount,cyclo cross,True,sett,intermediate
a6e39179-91f4-4a75-95de-c840d53e742b,08af1f03-0369-4a41-b003-7a740afe0149,3a87d12d-4b7f-4945-a9a2-3c36ef7d9575,1632391596825,13.4372254,52.4935313,0.14500187,0.014189899,0.016000986,0.024593353,on bike mount,cyclo cross,True,sett,intermediate
a6e39179-91f4-4a75-95de-c840d53e742b,08af1f03-0369-4a41-b003-7a740afe0149,eaf49069-7889-4ffe-a5b6-d90f053a8655,1632391596875,13.4372254,52.4935313,0.14500187,0.023937345,-0.09995365,0.05169487,on bike mount,cyclo cross,True,sett,intermediate
a6e39179-91f4-4a75-95de-c840d53e742b,08af1f03-0369-4a41-b003-7a740afe0149,00b767c6-7173-4383-bfe6-557b8e2eac04,1632391596941,13.4372254,52.4935313,0.14500187,0.007828802,-0.16513348,0.08611584,on bike mount,cyclo cross,True,sett,intermediate
a6e39179-91f4-4a75-95de-c840d53e742b,08af1f03-0369-4a41-b003-7a740afe0149,e063da73-27fb-4ef3-877f-bd1c49d54777,1632391596991,13.4372254,52.4935313,0.14500187,-0.0032438487,-0.2039969,0.032061577,on bike mount,cyclo cross,True,sett,intermediate
a6e39179-91f4-4a75-95de-c840d53e742b,08af1f03-0369-4a41-b003-7a740afe0149,e395da6f-9f74-4fbb-a320-f4bbd9d67da2,1632391597042,13.4372254,52.4935313,0.14500187,0.014818221,-0.073251486,0.05523777,on bike mount,cyclo cross,True,sett,intermediate
a6e39179-91f4-4a75-95de-c840d53e742b,08af1f03-0369-4a41-b003-7a740afe0149,a50b6b38-fc84-4b50-bf37-2d9ecd082460,1632391597092,13.4372254,52.4935313,0.14500187,0.050198704,0.0074100494,-0.014330864,on bike mount,cyclo cross,True,sett,intermediate
a6e39179-91f4-4a75-95de-c840d53e742b,08af1f03-0369-4a41-b003-7a740afe0149,b6247857-3a9e-4141-98c2-128ba5341bed,1632391597159,13.4372254,52.4935313,0.14500187,0.13870636,0.012542248,-0.042517662,on bike mount,cyclo cross,True,sett,intermediate
a6e39179-91f4-4a75-95de-c840d53e742b,08af1f03-0369-4a41-b003-7a740afe0149,0735f46c-4279-40ae-8e54-15c1c45cd325,1632391597208,13.4372282,52.4935323,0.18556711,0.075535044,0.22410798,-0.1080513,on bike mount,cyclo cross,True,sett,intermediate
a6e39179-91f4-4a75-95de-c840d53e742b,08af1f03-0369-4a41-b003-7a740afe0149,db5ea12d-6e0c-47fb-b4f0-810439c7bacf,1632391597275,13.4372282,52.4935323,0.18556711,0.25114292,0.30312157,-0.11843777,on bike mount,cyclo cross,True,sett,intermediate
a6e39179-91f4-4a75-95de-c840d53e742b,08af1f03-0369-4a41-b003-7a740afe0149,a157e2d7-fba9-473d-a18d-98c693fa3692,1632391597342,13.4372282,52.4935323,0.18556711,0.58520734,0.33073807,-0.1077795,on bike mount,cyclo cross,True,sett,intermediate
a6e39179-91f4-4a75-95de-c840d53e742b,08af1f03-0369-4a41-b003-7a740afe0149,84cf66a0-bcf6-4329-8e4c-d0a171b17ed3,1632391597409,13.4372282,52.4935323,0.18556711,0.013251737,0.56938267,-0.22486496,on bike mount,cyclo cross,True,sett,intermediate
a6e39179-91f4-4a75-95de-c840d53e742b,08af1f03-0369-4a41-b003-7a740afe0149,ecdedfae-addc-4063-8c85-011e7cb2e825,1632391597475,13.4372282,52.4935323,0.18556711,-0.051648207,0.7379923,-0.28966045,on bike mount,cyclo cross,True,sett,intermediate
a6e39179-91f4-4a75-95de-c840d53e742b,08af1f03-0369-4a41-b003-7a740afe0149,9bb0ffa9-0aa4-4a96-b818-b9c96ded0b6a,1632391597526,13.4372282,52.4935323,0.18556711,-0.24514681,0.7012775,-0.26275158,on bike mount,cyclo cross,True,sett,intermediate
a6e39179-91f4-4a75-95de-c840d53e742b,08af1f03-0369-4a41-b003-7a740afe0149,f5681923-e44e-451a-996b-678519fd1a37,1632391597576,13.4372282,52.4935323,0.18556711,-0.40516144,1.0787654,-0.13826847,on bike mount,cyclo cross,True,sett,intermediate
a6e39179-91f4-4a75-95de-c840d53e742b,08af1f03-0369-4a41-b003-7a740afe0149,bc8864ec-5bac-45b9-af6a-8a9cb4d71df2,1632391597643,13.4372282,52.4935323,0.18556711,-0.29754066,1.5429542,-0.19834805,on bike mount,cyclo cross,True,sett,intermediate
a6e39179-91f4-4a75-95de-c840d53e742b,08af1f03-0369-4a41-b003-7a740afe0149,dc233c34-fd1f-4f5c-9969-177e2532b0c5,1632391597693,13.4372282,52.4935323,0.18556711,-0.21333404,2.2066145,-0.7774019,on bike mount,cyclo cross,True,sett,intermediate
a6e39179-91f4-4a75-95de-c840d53e742b,08af1f03-0369-4a41-b003-7a740afe0149,06f5b4bf-1bb2-46c9-bfb8-00ec95823f51,1632391597743,13.4372282,52.4935323,0.18556711,-0.49826047,1.9223475,-0.46185207,on bike mount,cyclo cross,True,sett,intermediate
a6e39179-91f4-4a75-95de-c840d53e742b,08af1f03-0369-4a41-b003-7a740afe0149,0e483fc3-d46b-4dac-8ccf-b8cac96424ed,1632391597810,13.4372282,52.4935323,0.18556711,-0.03268566,0.88615465,-0.8630967,on bike mount,cyclo cross,True,sett,intermediate
a6e39179-91f4-4a75-95de-c840d53e742b,08af1f03-0369-4a41-b003-7a740afe0149,afc99639-d5bf-48f8-9397-e4725a342500,1632391597860,13.4372282,52.4935323,0.18556711,-0.42348498,0.69027853,-0.51221466,on bike mount,cyclo cross,True,sett,intermediate
a6e39179-91f4-4a75-95de-c840d53e742b,08af1f03-0369-4a41-b003-7a740afe0149,86d2a4ed-154e-40e5-b0a5-9e97e5326a35,1632391597927,13.4372282,52.4935323,0.18556711,-0.2494016,0.9491892,-0.2507105,on bike mount,cyclo cross,True,sett,intermediate
a6e39179-91f4-4a75-95de-c840d53e742b,08af1f03-0369-4a41-b003-7a740afe0149,c9c318de-003e-4462-b025-a5082d46e671,1632391597977,13.4372282,52.4935323,0.18556711,-0.4041603,0.57572985,0.48878193,on bike mount,cyclo cross,True,sett,intermediate
a6e39179-91f4-4a75-95de-c840d53e742b,08af1f03-0369-4a41-b003-7a740afe0149,8a28bb36-e41a-4434-8700-8d3de9849ed6,1632391598043,13.4372282,52.4935323,0.18556711,-0.8009703,1.8995333,-1.4718409,on bike mount,cyclo cross,True,sett,intermediate
a6e39179-91f4-4a75-95de-c840d53e742b,08af1f03-0369-4a41-b003-7a740afe0149,caa13c49-43f0-4980-96a7-b73a150415f5,1632391598169,13.4372282,52.4935323,0.18556711,0.39937198,-0.9409113,-2.3953795,on bike mount,cyclo cross,True,sett,intermediate
a6e39179-91f4-4a75-95de-c840d53e742b,08af1f03-0369-4a41-b003-7a740afe0149,a2694712-5f3f-4f8c-9a39-835a5762ab31,1632391598227,13.4372307,52.4935326,0.17368856,0.38580778,-2.5521128,-2.5836687,on bike mount,cyclo cross,True,sett,intermediate
a6e39179-91f4-4a75-95de-c840d53e742b,08af1f03-0369-4a41-b003-7a740afe0149,0fe9064f-1991-490b-b420-8cf02eb9f114,1632391598294,13.4372307,52.4935326,0.17368856,-1.4106448,1.1217785,2.613512,on bike mount,cyclo cross,True,sett,intermediate
a6e39179-91f4-4a75-95de-c840d53e742b,08af1f03-0369-4a41-b003-7a740afe0149,7bbff269-f7c8-4d1b-abb8-652bc12135b0,1632391598361,13.4372307,52.4935326,0.17368856,2.3579075,1.0787649,0.024543762,on bike mount,cyclo cross,True,sett,intermediate
a6e39179-91f4-4a75-95de-c840d53e742b,08af1f03-0369-4a41-b003-7a740afe0149,1eb5c559-25a4-4289-9126-5f58bf805203,1632391598411,13.4372307,52.4935326,0.17368856,-1.5064291,2.9926867,2.7716274,on bike mount,cyclo cross,True,sett,intermediate
a6e39179-91f4-4a75-95de-c840d53e742b,08af1f03-0369-4a41-b003-7a740afe0149,fbe732ff-3130-413e-b8db-eb16f3d57aac,1632391598477,13.4372307,52.4935326,0.17368856,0.79881656,-1.5555713,-4.792278,on bike mount,cyclo cross,True,sett,intermediate
a6e39179-91f4-4a75-95de-c840d53e742b,08af1f03-0369-4a41-b003-7a740afe0149,79a65fa9-33b5-4c4a-9297-ffdf986ad50a,1632391598527,13.4372307,52.4935326,0.17368856,-0.28507832,0.7956686,-1.5388064,on bike mount,cyclo cross,True,sett,intermediate
a6e39179-91f4-4a75-95de-c840d53e742b,08af1f03-0369-4a41-b003-7a740afe0149,313626f4-3867-43b4-9626-ef881d92d0e2,1632391598578,13.4372307,52.4935326,0.17368856,-0.52004826,1.5585644,-2.7001166,on bike mount,cyclo cross,True,sett,intermediate
a6e39179-91f4-4a75-95de-c840d53e742b,08af1f03-0369-4a41-b003-7a740afe0149,f750e66f-3f0a-48ca-8e67-d97d16ec5b02,1632391598628,13.4372307,52.4935326,0.17368856,2.200713,-0.93999434,-5.2264175,on bike mount,cyclo cross,True,sett,intermediate
a6e39179-91f4-4a75-95de-c840d53e742b,08af1f03-0369-4a41-b003-7a740afe0149,d1bfb9fa-6026-44d1-8cba-2270556f9536,1632391598678,13.4372307,52.4935326,0.17368856,-2.7820773,-1.8160553,11.87512,on bike mount,cyclo cross,True,sett,intermediate
a6e39179-91f4-4a75-95de-c840d53e742b,08af1f03-0369-4a41-b003-7a740afe0149,360a01ad-3bdd-46d3-9d28-ae8ad7ce6e8a,1632391598745,13.4372307,52.4935326,0.17368856,2.0706034,4.493739,2.6907482,on bike mount,cyclo cross,True,sett,intermediate
a6e39179-91f4-4a75-95de-c840d53e742b,08af1f03-0369-4a41-b003-7a740afe0149,3d1bf186-96d2-43ec-ba35-6691d27adb87,1632391598795,13.4372307,52.4935326,0.17368856,-0.10319263,-3.3182113,0.21284771,on bike mount,cyclo cross,True,sett,intermediate
a6e39179-91f4-4a75-95de-c840d53e742b,08af1f03-0369-4a41-b003-7a740afe0149,b645c949-9082-49e3-b497-8e23672372fa,1632391598862,13.4372307,52.4935326,0.17368856,-0.9752033,-1.9128755,8.11529,on bike mount,cyclo cross,True,sett,intermediate
a6e39179-91f4-4a75-95de-c840d53e742b,08af1f03-0369-4a41-b003-7a740afe0149,6facf68f-ec48-46ed-bcc9-d535c1b02ed0,1632391598912,13.4372307,52.4935326,0.17368856,0.44404742,-4.1136026,-1.0858369,on bike mount,cyclo cross,True,sett,intermediate
a6e39179-91f4-4a75-95de-c840d53e742b,08af1f03-0369-4a41-b003-7a740afe0149,220eae93-acf2-4256-9d51-904491e89888,1632391598978,13.4372307,52.4935326,0.17368856,-2.6838322,-0.50238085,-0.060958862,on bike mount,cyclo cross,True,sett,intermediate
a6e39179-91f4-4a75-95de-c840d53e742b,08af1f03-0369-4a41-b003-7a740afe0149,240e3959-884c-4b90-87ff-c57031e0a1b2,1632391599028,13.4372307,52.4935326,0.17368856,3.6631129,1.1204746,7.6388626,on bike mount,cyclo cross,True,sett,intermediate
a6e39179-91f4-4a75-95de-c840d53e742b,08af1f03-0369-4a41-b003-7a740afe0149,6dc43ea7-4439-4405-a298-707b2ca80289,1632391599078,13.4372307,52.4935326,0.17368856,-1.6881161,2.2986941,-0.30908966,on bike mount,cyclo cross,True,sett,intermediate
a6e39179-91f4-4a75-95de-c840d53e742b,08af1f03-0369-4a41-b003-7a740afe0149,f42831ac-9366-4e47-b786-400aa5e6d0ac,1632391599129,13.4372307,52.4935326,0.17368856,-1.4684509,0.17626047,-0.6511793,on bike mount,cyclo cross,True,sett,intermediate
a6e39179-91f4-4a75-95de-c840d53e742b,08af1f03-0369-4a41-b003-7a740afe0149,3c39f70f-7e21-4cd5-ac8c-e7cc2f838933,1632391599179,13.4372307,52.4935326,0.17368856,3.101698,1.0704603,-5.3065696,on bike mount,cyclo cross,True,sett,intermediate
a6e39179-91f4-4a75-95de-c840d53e742b,08af1f03-0369-4a41-b003-7a740afe0149,9e20afc3-c633-4c12-bab8-739cb61148f8,1632391599245,13.4372514,52.4935322,2.6029449,-5.872633,5.694447,-4.531925,on bike mount,cyclo cross,True,sett,intermediate
a6e39179-91f4-4a75-95de-c840d53e742b,08af1f03-0369-4a41-b003-7a740afe0149,444128ba-48ee-4563-80ca-d38e2868fac6,1632391599296,13.4372514,52.4935322,2.6029449,8.878979,-6.276791,-7.271855,on bike mount,cyclo cross,True,sett,intermediate
a6e39179-91f4-4a75-95de-c840d53e742b,08af1f03-0369-4a41-b003-7a740afe0149,166e3d3e-b276-4ab5-982d-aca267797b9c,1632391599362,13.4372514,52.4935322,2.6029449,1.6735922,-0.5289521,5.4548826,on bike mount,cyclo cross,True,sett,intermediate
a6e39179-91f4-4a75-95de-c840d53e742b,08af1f03-0369-4a41-b003-7a740afe0149,746560b5-b368-4eed-bfa8-4f97bb25c454,1632391599412,13.4372514,52.4935322,2.6029449,2.1380985,-7.184978,-0.25741768,on bike mount,cyclo cross,True,sett,intermediate
a6e39179-91f4-4a75-95de-c840d53e742b,08af1f03-0369-4a41-b003-7a740afe0149,63d4fc23-8aa8-4248-8f0b-1b526d52f1c7,1632391599463,13.4372514,52.4935322,2.6029449,-1.0182502,6.8543777,-5.694584,on bike mount,cyclo cross,True,sett,intermediate
a6e39179-91f4-4a75-95de-c840d53e742b,08af1f03-0369-4a41-b003-7a740afe0149,ee8d2f50-fa1f-4379-ad8f-7d54c45f9e6a,1632391599512,13.4372514,52.4935322,2.6029449,-0.16515183,-1.400779,-1.8879981,on bike mount,cyclo cross,True,sett,intermediate
a6e39179-91f4-4a75-95de-c840d53e742b,08af1f03-0369-4a41-b003-7a740afe0149,5f247f27-37b9-46cc-9ed6-3ac50163f4da,1632391599562,13.4372514,52.4935322,2.6029449,3.0966733,-6.3818893,7.2597704,on bike mount,cyclo cross,True,sett,intermediate
a6e39179-91f4-4a75-95de-c840d53e742b,08af1f03-0369-4a41-b003-7a740afe0149,f528667d-3b75-447a-8d03-e73d6f2a377d,1632391599613,13.4372514,52.4935322,2.6029449,-0.74384964,1.1628172,-5.4272966,on bike mount,cyclo cross,True,sett,intermediate
a6e39179-91f4-4a75-95de-c840d53e742b,08af1f03-0369-4a41-b003-7a740afe0149,55ffd73b-4f6b-4a4a-8bc1-3058b9345fe8,1632391599680,13.4372514,52.4935322,2.6029449,-1.6096929,1.3753257,1.3310108,on bike mount,cyclo cross,True,sett,intermediate
a6e39179-91f4-4a75-95de-c840d53e742b,08af1f03-0369-4a41-b003-7a740afe0149,cd38244f-3b76-49f0-9cd2-ac13a881639d,1632391599730,13.4372514,52.4935322,2.6029449,-0.41503823,8.625929,9.009203,on bike mount,cyclo cross,True,sett,intermediate
a6e39179-91f4-4a75-95de-c840d53e742b,08af1f03-0369-4a41-b003-7a740afe0149,50e520db-1d48-4340-8d98-8f8510b74daf,1632391599797,13.4372514,52.4935322,2.6029449,0.120645195,4.5297713,-5.7337503,on bike mount,cyclo cross,True,sett,intermediate
a6e39179-91f4-4a75-95de-c840d53e742b,08af1f03-0369-4a41-b003-7a740afe0149,2a79c34d-538b-42db-b084-e57f1a6d0911,1632391599847,13.4372514,52.4935322,2.6029449,1.4471341,3.4606862,1.5683098,on bike mount,cyclo cross,True,sett,intermediate
a6e39179-91f4-4a75-95de-c840d53e742b,08af1f03-0369-4a41-b003-7a740afe0149,0664d4ba-beeb-487f-bb05-37544c133afb,1632391599897,13.4372514,52.4935322,2.6029449,-1.9054356,-0.8933449,-2.0881934,on bike mount,cyclo cross,True,sett,intermediate
a6e39179-91f4-4a75-95de-c840d53e742b,08af1f03-0369-4a41-b003-7a740afe0149,a35db381-b449-476b-a96c-f0f31048fc2f,1632391599963,13.4372514,52.4935322,2.6029449,-3.0439095,1.7653823,-2.527636,on bike mount,cyclo cross,True,sett,intermediate
a6e39179-91f4-4a75-95de-c840d53e742b,08af1f03-0369-4a41-b003-7a740afe0149,dd55276d-2d1b-447e-9175-b4db46fb6b65,1632391600013,13.4372514,52.4935322,2.6029449,-0.8572508,1.2714629,-1.8904023,on bike mount,cyclo cross,True,sett,intermediate
a6e39179-91f4-4a75-95de-c840d53e742b,08af1f03-0369-4a41-b003-7a740afe0149,26d62329-ecb8-42a4-942e-1bb6f2481d89,1632391600064,13.4372514,52.4935322,2.6029449,5.218589,-5.7739873,8.34794,on bike mount,cyclo cross,True,sett,intermediate
a6e39179-91f4-4a75-95de-c840d53e742b,08af1f03-0369-4a41-b003-7a740afe0149,31815f40-c157-4713-ac4a-a89b4c56dae9,1632391600130,13.4372514,52.4935322,2.6029449,0.36993632,0.3650074,-12.336748,on bike mount,cyclo cross,True,sett,intermediate
a6e39179-91f4-4a75-95de-c840d53e742b,08af1f03-0369-4a41-b003-7a740afe0149,6163a069-8872-445d-b9bb-c687cb088e93,1632391600182,13.4372915,52.4935283,3.2796578,-3.1216335,-0.1854217,-5.473035,on bike mount,cyclo cross,True,sett,intermediate
a6e39179-91f4-4a75-95de-c840d53e742b,08af1f03-0369-4a41-b003-7a740afe0149,1b62829b-acae-4d8c-805e-d1d6307038b2,1632391600247,13.4372915,52.4935283,3.2796578,-5.30688,3.0065732,-7.006678,on bike mount,cyclo cross,True,sett,intermediate
a6e39179-91f4-4a75-95de-c840d53e742b,08af1f03-0369-4a41-b003-7a740afe0149,809bb069-f8e6-4657-bc61-d346a0f9dbcb,1632391600314,13.4372915,52.4935283,3.2796578,-1.2835574,-9.950392,-0.08360767,on bike mount,cyclo cross,True,sett,intermediate
a6e39179-91f4-4a75-95de-c840d53e742b,08af1f03-0369-4a41-b003-7a740afe0149,4bd6fde0-def5-401b-9ae4-4a19f3e566bf,1632391600381,13.4372915,52.4935283,3.2796578,-0.7137754,1.8584628,-2.3146205,on bike mount,cyclo cross,True,sett,intermediate
a6e39179-91f4-4a75-95de-c840d53e742b,08af1f03-0369-4a41-b003-7a740afe0149,89bc2045-3d83-4ad8-b029-53ff192db874,1632391600448,13.4372915,52.4935283,3.2796578,-4.101248,9.396384,-7.0870485,on bike mount,cyclo cross,True,sett,intermediate
a6e39179-91f4-4a75-95de-c840d53e742b,08af1f03-0369-4a41-b003-7a740afe0149,13c20b79-db7d-43ff-94fb-d744633ed33e,1632391600498,13.4372915,52.4935283,3.2796578,-0.6537163,8.434941,-7.9769583,on bike mount,cyclo cross,True,sett,intermediate
a6e39179-91f4-4a75-95de-c840d53e742b,08af1f03-0369-4a41-b003-7a740afe0149,dd4e5a5c-aee7-4e24-9ed5-e98599e7397e,1632391600564,13.4372915,52.4935283,3.2796578,0.42241532,8.7785015,-7.3584914,on bike mount,cyclo cross,True,sett,intermediate
a6e39179-91f4-4a75-95de-c840d53e742b,08af1f03-0369-4a41-b003-7a740afe0149,c92caa7e-9f2e-47bd-810a-7b2d135c479e,1632391600615,13.4372915,52.4935283,3.2796578,1.7994701,9.428347,-5.5813227,on bike mount,cyclo cross,True,sett,intermediate
a6e39179-91f4-4a75-95de-c840d53e742b,08af1f03-0369-4a41-b003-7a740afe0149,c8bda890-67fd-4b69-a2fc-4c7e12fa7fca,1632391600665,13.4372915,52.4935283,3.2796578,-6.578417,-0.30031562,-8.371948,on bike mount,cyclo cross,True,sett,intermediate
a6e39179-91f4-4a75-95de-c840d53e742b,08af1f03-0369-4a41-b003-7a740afe0149,577795de-d01f-46b1-82dc-26d1f66f6dc4,1632391600715,13.4372915,52.4935283,3.2796578,-3.1161013,3.6263514,-4.05766,on bike mount,cyclo cross,True,sett,intermediate
a6e39179-91f4-4a75-95de-c840d53e742b,08af1f03-0369-4a41-b003-7a740afe0149,4da4ae51-69f6-4b8e-9ec2-3eda16b4ca9c,1632391600782,13.4372915,52.4935283,3.2796578,-0.21683113,-9.285799,9.155447,on bike mount,cyclo cross,True,sett,intermediate
a6e39179-91f4-4a75-95de-c840d53e742b,08af1f03-0369-4a41-b003-7a740afe0149,b23ea374-4ba7-4e69-b72a-6f949c7a004a,1632391600831,13.4372915,52.4935283,3.2796578,0.538439,-4.410749,13.466512,on bike mount,cyclo cross,True,sett,intermediate
a6e39179-91f4-4a75-95de-c840d53e742b,08af1f03-0369-4a41-b003-7a740afe0149,36b1c622-61cf-4232-a347-aa981785a08a,1632391600882,13.4372915,52.4935283,3.2796578,5.765089,9.983881,-5.6686277,on bike mount,cyclo cross,True,sett,intermediate
a6e39179-91f4-4a75-95de-c840d53e742b,08af1f03-0369-4a41-b003-7a740afe0149,9d9d417e-0077-4214-9fa9-03360fec1a4d,1632391600932,13.4372915,52.4935283,3.2796578,2.483308,-5.0009804,-5.1878614,on bike mount,cyclo cross,True,sett,intermediate
a6e39179-91f4-4a75-95de-c840d53e742b,08af1f03-0369-4a41-b003-7a740afe0149,a611f756-2717-4d04-8597-37349b4bc2d1,1632391600999,13.4372915,52.4935283,3.2796578,1.4470961,-5.9825683,-7.156782,on bike mount,cyclo cross,True,sett,intermediate
a6e39179-91f4-4a75-95de-c840d53e742b,08af1f03-0369-4a41-b003-7a740afe0149,f875fc97-7743-4aba-85f8-0420dab0eadd,1632391601049,13.4372915,52.4935283,3.2796578,-4.8131304,-3.9907672,-1.5094495,on bike mount,cyclo cross,True,sett,intermediate
a6e39179-91f4-4a75-95de-c840d53e742b,08af1f03-0369-4a41-b003-7a740afe0149,311716a2-4260-45ed-ae1c-8d9d203edb31,1632391601099,13.4372915,52.4935283,3.2796578,-0.40857548,-0.6318636,5.0791407,on bike mount,cyclo cross,True,sett,intermediate
a6e39179-91f4-4a75-95de-c840d53e742b,08af1f03-0369-4a41-b003-7a740afe0149,9418d55d-da24-469c-94c5-fe764d01a98c,1632391601166,13.4372915,52.4935283,3.2796578,-1.4047254,2.231265,5.0361185,on bike mount,cyclo cross,True,sett,intermediate
a6e39179-91f4-4a75-95de-c840d53e742b,08af1f03-0369-4a41-b003-7a740afe0149,7a391430-f139-4c5e-9558-73295908dafc,1632391601215,13.4373342,52.4935155,3.218109,-7.617873,10.802659,-3.6454563,on bike mount,cyclo cross,True,sett,intermediate
a6e39179-91f4-4a75-95de-c840d53e742b,08af1f03-0369-4a41-b003-7a740afe0149,617de37f-b3b6-432d-951d-834beecca777,1632391601265,13.4373342,52.4935155,3.218109,2.3539734,5.726445,9.582737,on bike mount,cyclo cross,True,sett,intermediate
a6e39179-91f4-4a75-95de-c840d53e742b,08af1f03-0369-4a41-b003-7a740afe0149,84be112c-a704-4ceb-b67b-6d36b2256e5d,1632391601316,13.4373342,52.4935155,3.218109,0.120865345,10.626752,-4.5616,on bike mount,cyclo cross,True,sett,intermediate
a6e39179-91f4-4a75-95de-c840d53e742b,08af1f03-0369-4a41-b003-7a740afe0149,f342b593-6907-4429-a29d-53e6cec0442d,1632391601383,13.4373342,52.4935155,3.218109,-1.3383017,-13.226883,-0.564836,on bike mount,cyclo cross,True,sett,intermediate
a6e39179-91f4-4a75-95de-c840d53e742b,08af1f03-0369-4a41-b003-7a740afe0149,d95e0b81-e8c3-4f76-9f4f-0b3f9928de61,1632391601449,13.4373342,52.4935155,3.218109,1.6912016,0.6626873,-2.2299337,on bike mount,cyclo cross,True,sett,intermediate
a6e39179-91f4-4a75-95de-c840d53e742b,08af1f03-0369-4a41-b003-7a740afe0149,0a240bb9-f759-45ea-a2ae-90006f8d2243,1632391601516,13.4373342,52.4935155,3.218109,-10.005987,-7.4742537,-11.375284,on bike mount,cyclo cross,True,sett,intermediate
a6e39179-91f4-4a75-95de-c840d53e742b,08af1f03-0369-4a41-b003-7a740afe0149,95bae7b2-a265-40f6-8d92-7e6110d68571,1632391601583,13.4373342,52.4935155,3.218109,5.232582,-7.1086884,-6.019898,on bike mount,cyclo cross,True,sett,intermediate
a6e39179-91f4-4a75-95de-c840d53e742b,08af1f03-0369-4a41-b003-7a740afe0149,10bd1978-c42c-4f88-bde5-dfed574adb02,1632391601650,13.4373342,52.4935155,3.218109,1.1531156,-12.134781,-6.735004,on bike mount,cyclo cross,True,sett,intermediate
a6e39179-91f4-4a75-95de-c840d53e742b,08af1f03-0369-4a41-b003-7a740afe0149,a614a636-2df4-4d07-9b61-fff777373420,1632391601700,13.4373342,52.4935155,3.218109,-2.5186808,16.315664,-9.534773,on bike mount,cyclo cross,True,sett,intermediate
a6e39179-91f4-4a75-95de-c840d53e742b,08af1f03-0369-4a41-b003-7a740afe0149,ecbd1acc-5784-4016-acf0-8b1303034a93,1632391601750,13.4373342,52.4935155,3.218109,6.195672,2.3819995,7.3544445,on bike mount,cyclo cross,True,sett,intermediate
a6e39179-91f4-4a75-95de-c840d53e742b,08af1f03-0369-4a41-b003-7a740afe0149,1a328ad9-08d1-40f4-a953-853ada1de88c,1632391601800,13.4373342,52.4935155,3.218109,-9.486852,13.552309,-21.163832,on bike mount,cyclo cross,True,sett,intermediate
a6e39179-91f4-4a75-95de-c840d53e742b,08af1f03-0369-4a41-b003-7a740afe0149,ef85d017-16c8-4f65-bdac-337c872803fa,1632391601867,13.4373342,52.4935155,3.218109,10.709946,-33.103436,13.066113,on bike mount,cyclo cross,True,sett,intermediate
a6e39179-91f4-4a75-95de-c840d53e742b,08af1f03-0369-4a41-b003-7a740afe0149,8418063f-b26b-4218-b819-7808cea9fc34,1632391601934,13.4373342,52.4935155,3.218109,-0.14584589,-5.266862,-4.1300187,on bike mount,cyclo cross,True,sett,intermediate
a6e39179-91f4-4a75-95de-c840d53e742b,08af1f03-0369-4a41-b003-7a740afe0149,b329e493-4cba-4698-a3fd-6b18f468b540,1632391601984,13.4373342,52.4935155,3.218109,1.4806125,-12.549564,0.6073837,on bike mount,cyclo cross,True,sett,intermediate
a6e39179-91f4-4a75-95de-c840d53e742b,08af1f03-0369-4a41-b003-7a740afe0149,99ed152e-3436-48e6-b758-17eb786bbade,1632391602034,13.4373342,52.4935155,3.218109,4.276036,-22.800303,-0.32773304,on bike mount,cyclo cross,True,sett,intermediate
a6e39179-91f4-4a75-95de-c840d53e742b,08af1f03-0369-4a41-b003-7a740afe0149,6c00dd6d-7678-4489-a270-6b5aaada427f,1632391602101,13.4373342,52.4935155,3.218109,-4.051714,13.201494,-18.00233,on bike mount,cyclo cross,True,sett,intermediate
a6e39179-91f4-4a75-95de-c840d53e742b,08af1f03-0369-4a41-b003-7a740afe0149,e19ed90d-2712-4ed3-9f05-462b2e8925f7,1632391602150,13.4373342,52.4935155,3.218109,5.4788704,-3.3063807,0.5894184,on bike mount,cyclo cross,True,sett,intermediate
a6e39179-91f4-4a75-95de-c840d53e742b,08af1f03-0369-4a41-b003-7a740afe0149,23d4b6b2-29cf-4f9b-96f7-8877dec9c18c,1632391602200,13.4373746,52.4935037,3.8190315,5.898091,-1.6561493,-10.150488,on bike mount,cyclo cross,True,sett,intermediate
a6e39179-91f4-4a75-95de-c840d53e742b,08af1f03-0369-4a41-b003-7a740afe0149,4752b678-8e21-4369-80e6-2fcf4def65e8,1632391602250,13.4373746,52.4935037,3.8190315,1.7692997,17.586721,0.7352514,on bike mount,cyclo cross,True,sett,intermediate
a6e39179-91f4-4a75-95de-c840d53e742b,08af1f03-0369-4a41-b003-7a740afe0149,3db2b7d5-62da-46c6-9bf5-745a1b1a2dcc,1632391602301,13.4373746,52.4935037,3.8190315,5.0413504,-16.120468,8.474047,on bike mount,cyclo cross,True,sett,intermediate
a6e39179-91f4-4a75-95de-c840d53e742b,08af1f03-0369-4a41-b003-7a740afe0149,7ffdc42d-9ef2-4c4d-86bb-66a4ccfaae56,1632391602367,13.4373746,52.4935037,3.8190315,-3.5265625,-6.8984127,12.309811,on bike mount,cyclo cross,True,sett,intermediate
a6e39179-91f4-4a75-95de-c840d53e742b,08af1f03-0369-4a41-b003-7a740afe0149,61727f03-ab3f-4681-a640-b543ea1c15c7,1632391602434,13.4373746,52.4935037,3.8190315,2.2976377,7.4394274,-2.610592,on bike mount,cyclo cross,True,sett,intermediate
a6e39179-91f4-4a75-95de-c840d53e742b,08af1f03-0369-4a41-b003-7a740afe0149,feb48139-9abc-4550-81a4-934fcfbeb296,1632391602501,13.4373746,52.4935037,3.8190315,-1.0658665,-22.74485,7.106537,on bike mount,cyclo cross,True,sett,intermediate
a6e39179-91f4-4a75-95de-c840d53e742b,08af1f03-0369-4a41-b003-7a740afe0149,54167668-b177-48da-93a7-080d5003b67a,1632391602568,13.4373746,52.4935037,3.8190315,0.46262288,-19.878325,-7.258095,on bike mount,cyclo cross,True,sett,intermediate
a6e39179-91f4-4a75-95de-c840d53e742b,08af1f03-0369-4a41-b003-7a740afe0149,4f06b12f-3967-4335-9b3d-be2838b87dc0,1632391602694,13.4373746,52.4935037,3.8190315,-7.292287,10.945084,-15.29946,on bike mount,cyclo cross,True,sett,intermediate
a6e39179-91f4-4a75-95de-c840d53e742b,08af1f03-0369-4a41-b003-7a740afe0149,72727d26-9e7b-4bcb-859d-367a8ab2a657,1632391602751,13.4373746,52.4935037,3.8190315,-11.182081,-5.9752483,-11.430132,on bike mount,cyclo cross,True,sett,intermediate
a6e39179-91f4-4a75-95de-c840d53e742b,08af1f03-0369-4a41-b003-7a740afe0149,7b2f54a9-8540-4905-8138-4d59c7c80a69,1632391602801,13.4373746,52.4935037,3.8190315,-10.790178,32.044647,-22.46895,on bike mount,cyclo cross,True,sett,intermediate
a6e39179-91f4-4a75-95de-c840d53e742b,08af1f03-0369-4a41-b003-7a740afe0149,5d5125ce-8cbd-4f46-acad-35a093e0a6a3,1632391602852,13.4373746,52.4935037,3.8190315,2.156313,26.872452,-16.921082,on bike mount,cyclo cross,True,sett,intermediate
a6e39179-91f4-4a75-95de-c840d53e742b,08af1f03-0369-4a41-b003-7a740afe0149,cc3f8591-ac65-4885-807b-fc33007f9efc,1632391602902,13.4373746,52.4935037,3.8190315,4.3785663,-12.30087,8.140764,on bike mount,cyclo cross,True,sett,intermediate
a6e39179-91f4-4a75-95de-c840d53e742b,08af1f03-0369-4a41-b003-7a740afe0149,16b4d5cc-69eb-41ec-8b39-30894ce6ed51,1632391602969,13.4373746,52.4935037,3.8190315,-2.0516856,15.712427,-14.24346,on bike mount,cyclo cross,True,sett,intermediate
a6e39179-91f4-4a75-95de-c840d53e742b,08af1f03-0369-4a41-b003-7a740afe0149,2d1d4d7d-c49b-426f-8f83-62b5fd179871,1632391603019,13.4373746,52.4935037,3.8190315,-4.817773,-8.7136345,1.0778933,on bike mount,cyclo cross,True,sett,intermediate
a6e39179-91f4-4a75-95de-c840d53e742b,08af1f03-0369-4a41-b003-7a740afe0149,6eba5793-cf9d-4600-aa7d-00ae20b07d6d,1632391603085,13.4373746,52.4935037,3.8190315,-3.566498,12.442858,-10.714699,on bike mount,cyclo cross,True,sett,intermediate
a6e39179-91f4-4a75-95de-c840d53e742b,08af1f03-0369-4a41-b003-7a740afe0149,6a3345ee-71e0-4e37-956c-0951c62babd0,1632391603136,13.4373746,52.4935037,3.8190315,-10.201164,17.423191,1.7093248,on bike mount,cyclo cross,True,sett,intermediate
a6e39179-91f4-4a75-95de-c840d53e742b,08af1f03-0369-4a41-b003-7a740afe0149,b5304f39-b02a-45c0-829d-39738fb6360e,1632391603186,13.4374208,52.4935094,3.1374,-1.7875249,-14.989543,9.719249,on bike mount,cyclo cross,True,sett,intermediate
a6e39179-91f4-4a75-95de-c840d53e742b,08af1f03-0369-4a41-b003-7a740afe0149,e4ca7cfe-8c19-4310-a9ae-c4957698d366,1632391603252,13.4374208,52.4935094,3.1374,4.4662967,5.06267,3.348484,on bike mount,cyclo cross,True,sett,intermediate
a6e39179-91f4-4a75-95de-c840d53e742b,08af1f03-0369-4a41-b003-7a740afe0149,d3c947b9-3570-4ad8-9104-59b8fc18ed02,1632391603319,13.4374208,52.4935094,3.1374,-4.909752,10.310746,-6.3313184,on bike mount,cyclo cross,True,sett,intermediate
a6e39179-91f4-4a75-95de-c840d53e742b,08af1f03-0369-4a41-b003-7a740afe0149,ddadc231-dd4f-4f8a-86cd-a0765e41fc3b,1632391603386,13.4374208,52.4935094,3.1374,0.10378865,-23.517242,6.397152,on bike mount,cyclo cross,True,sett,intermediate
a6e39179-91f4-4a75-95de-c840d53e742b,08af1f03-0369-4a41-b003-7a740afe0149,b2585065-3fc9-4473-b4a2-daa23c97520d,1632391603453,13.4374208,52.4935094,3.1374,0.35522473,-6.23473,-15.310703,on bike mount,cyclo cross,True,sett,intermediate
a6e39179-91f4-4a75-95de-c840d53e742b,08af1f03-0369-4a41-b003-7a740afe0149,7e2deb04-2975-46e3-acc7-a478e9ddf512,1632391603503,13.4374208,52.4935094,3.1374,0.88562274,-7.584859,-2.7202737,on bike mount,cyclo cross,True,sett,intermediate
a6e39179-91f4-4a75-95de-c840d53e742b,08af1f03-0369-4a41-b003-7a740afe0149,3e57d352-1330-42b0-89a8-15795daf80a0,1632391603569,13.4374208,52.4935094,3.1374,-1.1992273,25.358494,-22.961235,on bike mount,cyclo cross,True,sett,intermediate
a6e39179-91f4-4a75-95de-c840d53e742b,08af1f03-0369-4a41-b003-7a740afe0149,8dceb699-bd06-4918-9dd8-cb6b3ed2ebcb,1632391603620,13.4374208,52.4935094,3.1374,-8.825786,5.880836,-2.5171142,on bike mount,cyclo cross,True,sett,intermediate
a6e39179-91f4-4a75-95de-c840d53e742b,08af1f03-0369-4a41-b003-7a740afe0149,18fab0b3-1cc0-444c-8c3c-49cb565e3de7,1632391603686,13.4374208,52.4935094,3.1374,-3.083922,-9.726921,6.214079,on bike mount,cyclo cross,True,sett,intermediate
a6e39179-91f4-4a75-95de-c840d53e742b,08af1f03-0369-4a41-b003-7a740afe0149,1f2835ae-f61b-4e61-818a-430d4cab30cc,1632391603737,13.4374208,52.4935094,3.1374,3.433499,-25.069592,10.257833,on bike mount,cyclo cross,True,sett,intermediate
a6e39179-91f4-4a75-95de-c840d53e742b,08af1f03-0369-4a41-b003-7a740afe0149,55cf0626-a4f2-4e11-af60-cc4c960e0314,1632391603787,13.4374208,52.4935094,3.1374,-11.351116,29.825512,-8.440458,on bike mount,cyclo cross,True,sett,intermediate
a6e39179-91f4-4a75-95de-c840d53e742b,08af1f03-0369-4a41-b003-7a740afe0149,4977de50-a55a-4772-a09b-d78772d07548,1632391603837,13.4374208,52.4935094,3.1374,-1.5112097,19.661469,-29.703531,on bike mount,cyclo cross,True,sett,intermediate
a6e39179-91f4-4a75-95de-c840d53e742b,08af1f03-0369-4a41-b003-7a740afe0149,2e7230a4-351b-4558-b9d5-5693210097da,1632391603903,13.4374296,52.4935176,2.7915838,-14.021794,-11.229582,25.631968,on bike mount,cyclo cross,True,sett,intermediate
a6e39179-91f4-4a75-95de-c840d53e742b,08af1f03-0369-4a41-b003-7a740afe0149,73eb4f4c-0759-4f52-a8f2-08f14d780f90,1632391603954,13.4374296,52.4935176,2.7915838,0.44603342,7.575801,-11.565268,on bike mount,cyclo cross,True,sett,intermediate
a6e39179-91f4-4a75-95de-c840d53e742b,08af1f03-0369-4a41-b003-7a740afe0149,841e44ed-bd81-43cb-9e2d-fe3cf291dda1,1632391604020,13.4374296,52.4935176,2.7915838,-2.9977584,-15.904234,8.406173,on bike mount,cyclo cross,True,sett,intermediate
