bike_activity_uid,bike_activity_sample_uid,bike_activity_measurement,bike_activity_measurement_timestamp,bike_activity_measurement_lon,bike_activity_measurement_lat,bike_activity_measurement_speed,bike_activity_measurement_accelerometer_x,bike_activity_measurement_accelerometer_y,bike_activity_measurement_accelerometer_z,bike_activity_phone_position,bike_activity_bike_type,bike_activity_flagged_lab_conditions,bike_activity_surface_type,bike_activity_smoothness_type
a96b5a89-73b3-47d2-ba91-3e06bdcd6feb,6b857981-bc86-421b-83e5-21547a04e764,c36ef884-20ee-4c2f-85d4-ae704940738c,1632650991422,13.4376407,52.493429,0.84802675,0.13643503,0.08364284,0.010268211,on bike mount,cyclo cross,True,sett,intermediate
a96b5a89-73b3-47d2-ba91-3e06bdcd6feb,6b857981-bc86-421b-83e5-21547a04e764,2453d1b5-c5ef-4670-baf4-e4fe360aba0d,1632650991488,13.4376407,52.493429,0.84802675,-0.13893795,-0.25940585,-0.049930573,on bike mount,cyclo cross,True,sett,intermediate
a96b5a89-73b3-47d2-ba91-3e06bdcd6feb,6b857981-bc86-421b-83e5-21547a04e764,ad739004-1b68-4e1c-acc6-b01f2203d24f,1632650991556,13.4376407,52.493429,0.84802675,0.005872965,0.30419326,-0.021701813,on bike mount,cyclo cross,True,sett,intermediate
a96b5a89-73b3-47d2-ba91-3e06bdcd6feb,6b857981-bc86-421b-83e5-21547a04e764,f738e21b-4728-4106-b491-f580bca1ce4c,1632650991624,13.4376407,52.493429,0.84802675,0.015455723,0.28845286,0.017317772,on bike mount,cyclo cross,True,sett,intermediate
a96b5a89-73b3-47d2-ba91-3e06bdcd6feb,6b857981-bc86-421b-83e5-21547a04e764,dfb38ae3-f034-4f1b-9dec-ba37f6cd7ca2,1632650991690,13.4376407,52.493429,0.84802675,-0.04651618,0.10535967,-0.04649067,on bike mount,cyclo cross,True,sett,intermediate
a96b5a89-73b3-47d2-ba91-3e06bdcd6feb,6b857981-bc86-421b-83e5-21547a04e764,fc0a7e93-f0ec-41fe-9012-dbadc7357bf0,1632650991757,13.4376407,52.493429,0.84802675,-0.002269268,0.060007572,0.03674984,on bike mount,cyclo cross,True,sett,intermediate
a96b5a89-73b3-47d2-ba91-3e06bdcd6feb,6b857981-bc86-421b-83e5-21547a04e764,f2b28c64-8405-4cb5-bb49-9413df722796,1632650991824,13.4376407,52.493429,0.84802675,-0.034962416,0.06911838,-0.010840416,on bike mount,cyclo cross,True,sett,intermediate
a96b5a89-73b3-47d2-ba91-3e06bdcd6feb,6b857981-bc86-421b-83e5-21547a04e764,7f65508d-a057-4171-bd2e-f7baf3c75561,1632650991891,13.4376407,52.493429,0.84802675,0.018485308,0.06371772,-0.025661469,on bike mount,cyclo cross,True,sett,intermediate
a96b5a89-73b3-47d2-ba91-3e06bdcd6feb,6b857981-bc86-421b-83e5-21547a04e764,d2d1a24a-1bc9-4bed-aaaa-d9744b84aeb7,1632650991957,13.4376407,52.493429,0.84802675,0.010184526,-0.035803556,0.032422066,on bike mount,cyclo cross,True,sett,intermediate
a96b5a89-73b3-47d2-ba91-3e06bdcd6feb,6b857981-bc86-421b-83e5-21547a04e764,9027e3c8-5c27-46ac-96bf-63f5dee58e4e,1632650992024,13.4376407,52.493429,0.84802675,0.0050365925,0.008582115,0.07171631,on bike mount,cyclo cross,True,sett,intermediate
a96b5a89-73b3-47d2-ba91-3e06bdcd6feb,6b857981-bc86-421b-83e5-21547a04e764,acde7998-7131-4b93-9ab1-75cea589a9cf,1632650992092,13.4376407,52.493429,0.84802675,0.02429533,0.030189157,0.00065231323,on bike mount,cyclo cross,True,sett,intermediate
a96b5a89-73b3-47d2-ba91-3e06bdcd6feb,6b857981-bc86-421b-83e5-21547a04e764,5f40b952-e582-499c-a49e-573a3768ff2c,1632650992157,13.4376418,52.4934238,0.5166308,-0.01970625,0.048289895,0.04412651,on bike mount,cyclo cross,True,sett,intermediate
a96b5a89-73b3-47d2-ba91-3e06bdcd6feb,6b857981-bc86-421b-83e5-21547a04e764,52337ef3-d914-4085-b951-0bb18068fd24,1632650992224,13.4376418,52.4934238,0.5166308,-0.0034136772,-0.012974739,0.014039993,on bike mount,cyclo cross,True,sett,intermediate
a96b5a89-73b3-47d2-ba91-3e06bdcd6feb,6b857981-bc86-421b-83e5-21547a04e764,e55db4fa-c206-4b4d-a54e-f7a30136747a,1632650992291,13.4376418,52.4934238,0.5166308,-0.010478735,-0.014970303,-0.002916336,on bike mount,cyclo cross,True,sett,intermediate
a96b5a89-73b3-47d2-ba91-3e06bdcd6feb,6b857981-bc86-421b-83e5-21547a04e764,f1c42c33-9ae5-4640-ab42-b3431a28e592,1632650992358,13.4376418,52.4934238,0.5166308,-0.03931141,0.011477232,0.02582264,on bike mount,cyclo cross,True,sett,intermediate
a96b5a89-73b3-47d2-ba91-3e06bdcd6feb,6b857981-bc86-421b-83e5-21547a04e764,83ad2561-992e-4466-aa7d-2aa223949291,1632650992425,13.4376418,52.4934238,0.5166308,-0.0053818226,0.053584933,0.02684784,on bike mount,cyclo cross,True,sett,intermediate
a96b5a89-73b3-47d2-ba91-3e06bdcd6feb,6b857981-bc86-421b-83e5-21547a04e764,0fdad525-afd5-4df0-a209-25748434648c,1632650992492,13.4376418,52.4934238,0.5166308,0.014029741,0.0437423,0.007001877,on bike mount,cyclo cross,True,sett,intermediate
a96b5a89-73b3-47d2-ba91-3e06bdcd6feb,6b857981-bc86-421b-83e5-21547a04e764,6bb1921c-aafc-4cf0-bb60-c4ba266eb55e,1632650992558,13.4376418,52.4934238,0.5166308,0.024704456,0.007578969,0.0009288788,on bike mount,cyclo cross,True,sett,intermediate
a96b5a89-73b3-47d2-ba91-3e06bdcd6feb,6b857981-bc86-421b-83e5-21547a04e764,27392e64-4c1e-49f7-b7a3-94f1641be774,1632650992625,13.4376418,52.4934238,0.5166308,0.008279324,0.0319978,0.007903099,on bike mount,cyclo cross,True,sett,intermediate
a96b5a89-73b3-47d2-ba91-3e06bdcd6feb,6b857981-bc86-421b-83e5-21547a04e764,69245313-cc22-4685-9566-cf8fdf7ffbc6,1632650992692,13.4376418,52.4934238,0.5166308,-0.017422438,-0.009866118,-0.04726219,on bike mount,cyclo cross,True,sett,intermediate
a96b5a89-73b3-47d2-ba91-3e06bdcd6feb,6b857981-bc86-421b-83e5-21547a04e764,4330b625-1085-4ec5-9161-ac6bd9389941,1632650992758,13.4376418,52.4934238,0.5166308,0.019335032,-0.006017685,0.00962162,on bike mount,cyclo cross,True,sett,intermediate
a96b5a89-73b3-47d2-ba91-3e06bdcd6feb,6b857981-bc86-421b-83e5-21547a04e764,f8a10c36-5c3a-45cc-9c44-5d197a8cd173,1632650992825,13.4376418,52.4934238,0.5166308,-0.045494795,0.0022439957,-0.04932499,on bike mount,cyclo cross,True,sett,intermediate
a96b5a89-73b3-47d2-ba91-3e06bdcd6feb,6b857981-bc86-421b-83e5-21547a04e764,e1a1ae11-a97f-4f10-8142-5d3c18b0013f,1632650992893,13.4376418,52.4934238,0.5166308,-0.011352539,0.047905803,0.027461052,on bike mount,cyclo cross,True,sett,intermediate
a96b5a89-73b3-47d2-ba91-3e06bdcd6feb,6b857981-bc86-421b-83e5-21547a04e764,c5da1333-f3b4-4050-9eff-23afbc7d1da1,1632650992957,13.4376418,52.4934238,0.5166308,0.038826227,0.101682305,0.03437519,on bike mount,cyclo cross,True,sett,intermediate
a96b5a89-73b3-47d2-ba91-3e06bdcd6feb,6b857981-bc86-421b-83e5-21547a04e764,e77fd0bb-b37a-4a53-b5e5-6694870616b3,1632650993026,13.4376418,52.4934238,0.5166308,-0.0083322525,0.0693295,0.064925194,on bike mount,cyclo cross,True,sett,intermediate
a96b5a89-73b3-47d2-ba91-3e06bdcd6feb,6b857981-bc86-421b-83e5-21547a04e764,d4eb5d33-6f45-4fe7-80d9-df479a6b173b,1632650993092,13.4376418,52.4934238,0.5166308,-0.009682417,0.06725073,0.0020370483,on bike mount,cyclo cross,True,sett,intermediate
a96b5a89-73b3-47d2-ba91-3e06bdcd6feb,6b857981-bc86-421b-83e5-21547a04e764,3e94ad29-cba6-4d0b-9031-925387a4389a,1632650993158,13.4376435,52.4934185,0.29115734,0.010830164,0.048636556,0.038707733,on bike mount,cyclo cross,True,sett,intermediate
a96b5a89-73b3-47d2-ba91-3e06bdcd6feb,6b857981-bc86-421b-83e5-21547a04e764,0c89e792-d7a9-45c5-8909-c37826c4765c,1632650993226,13.4376435,52.4934185,0.29115734,0.034475803,0.06187904,-0.0034189224,on bike mount,cyclo cross,True,sett,intermediate
a96b5a89-73b3-47d2-ba91-3e06bdcd6feb,6b857981-bc86-421b-83e5-21547a04e764,03f7cb98-4538-47a4-9df7-58f7b8f547c0,1632650993293,13.4376435,52.4934185,0.29115734,0.033275366,-0.059081793,0.05395031,on bike mount,cyclo cross,True,sett,intermediate
a96b5a89-73b3-47d2-ba91-3e06bdcd6feb,6b857981-bc86-421b-83e5-21547a04e764,ea41c307-c56f-44b6-8874-2be7e394fc23,1632650993359,13.4376435,52.4934185,0.29115734,-0.041707516,-0.034138203,-0.007379532,on bike mount,cyclo cross,True,sett,intermediate
a96b5a89-73b3-47d2-ba91-3e06bdcd6feb,6b857981-bc86-421b-83e5-21547a04e764,45768e74-b2ac-4550-b094-22bfbc5eda3c,1632650993426,13.4376435,52.4934185,0.29115734,0.04061961,0.07827389,0.02326107,on bike mount,cyclo cross,True,sett,intermediate
a96b5a89-73b3-47d2-ba91-3e06bdcd6feb,6b857981-bc86-421b-83e5-21547a04e764,60d7c97d-933a-4446-b6a5-40b09959355f,1632650993493,13.4376435,52.4934185,0.29115734,0.005204916,0.056687117,-0.011384964,on bike mount,cyclo cross,True,sett,intermediate
a96b5a89-73b3-47d2-ba91-3e06bdcd6feb,6b857981-bc86-421b-83e5-21547a04e764,3a1b15dd-de02-4e32-ab7d-de4457c1bcf8,1632650993559,13.4376435,52.4934185,0.29115734,0.016569138,0.027590632,0.03069973,on bike mount,cyclo cross,True,sett,intermediate
a96b5a89-73b3-47d2-ba91-3e06bdcd6feb,6b857981-bc86-421b-83e5-21547a04e764,5394ba7d-cc02-4233-823c-37be276e9186,1632650993626,13.4376435,52.4934185,0.29115734,0.029331684,0.03164029,-0.034276962,on bike mount,cyclo cross,True,sett,intermediate
a96b5a89-73b3-47d2-ba91-3e06bdcd6feb,6b857981-bc86-421b-83e5-21547a04e764,ca3ceffe-eb6b-4991-8f9a-4b782011ff8d,1632650993693,13.4376435,52.4934185,0.29115734,-0.030804873,0.03316784,-0.0035362244,on bike mount,cyclo cross,True,sett,intermediate
a96b5a89-73b3-47d2-ba91-3e06bdcd6feb,6b857981-bc86-421b-83e5-21547a04e764,78e9a3fb-dd42-4b30-94c2-b69bbae94624,1632650993760,13.4376435,52.4934185,0.29115734,0.012052774,0.02733779,0.015779495,on bike mount,cyclo cross,True,sett,intermediate
a96b5a89-73b3-47d2-ba91-3e06bdcd6feb,6b857981-bc86-421b-83e5-21547a04e764,93998665-add6-4a02-b75b-3e82017890f8,1632650993827,13.4376435,52.4934185,0.29115734,-0.056314945,0.010237694,0.02575016,on bike mount,cyclo cross,True,sett,intermediate
a96b5a89-73b3-47d2-ba91-3e06bdcd6feb,6b857981-bc86-421b-83e5-21547a04e764,75c007f1-6fba-42ae-a4cf-5ceabedee068,1632650993894,13.4376435,52.4934185,0.29115734,0.024350643,0.08941436,-0.04523468,on bike mount,cyclo cross,True,sett,intermediate
a96b5a89-73b3-47d2-ba91-3e06bdcd6feb,6b857981-bc86-421b-83e5-21547a04e764,a1c9e086-4dad-41e2-b4a3-9ef76e074f0e,1632650993960,13.4376435,52.4934185,0.29115734,0.0088636875,0.04856181,-0.002978325,on bike mount,cyclo cross,True,sett,intermediate
a96b5a89-73b3-47d2-ba91-3e06bdcd6feb,6b857981-bc86-421b-83e5-21547a04e764,e7aa2010-03e4-40e5-bf54-4567deb81e41,1632650994027,13.4376435,52.4934185,0.29115734,-0.036756277,-0.0018564463,-0.041270256,on bike mount,cyclo cross,True,sett,intermediate
a96b5a89-73b3-47d2-ba91-3e06bdcd6feb,6b857981-bc86-421b-83e5-21547a04e764,0abafaa8-9fdf-443f-b5cc-0ed9db87a70a,1632650994094,13.4376435,52.4934185,0.29115734,0.034926176,0.008834124,0.020092964,on bike mount,cyclo cross,True,sett,intermediate
a96b5a89-73b3-47d2-ba91-3e06bdcd6feb,6b857981-bc86-421b-83e5-21547a04e764,199cf2d7-1ed9-4fae-9e4c-b09c82d74176,1632650994161,13.4376456,52.4934173,0.2783903,-0.0069270134,0.05045271,0.05827999,on bike mount,cyclo cross,True,sett,intermediate
a96b5a89-73b3-47d2-ba91-3e06bdcd6feb,6b857981-bc86-421b-83e5-21547a04e764,97f826c5-93d2-4158-bab7-5c8a89c2a671,1632650994228,13.4376456,52.4934173,0.2783903,0.03445959,-0.015179038,0.013010025,on bike mount,cyclo cross,True,sett,intermediate
a96b5a89-73b3-47d2-ba91-3e06bdcd6feb,6b857981-bc86-421b-83e5-21547a04e764,7a1cd8ee-b228-4970-a194-546cae954ce8,1632650994294,13.4376456,52.4934173,0.2783903,0.007193804,-0.027686238,-0.0299263,on bike mount,cyclo cross,True,sett,intermediate
a96b5a89-73b3-47d2-ba91-3e06bdcd6feb,6b857981-bc86-421b-83e5-21547a04e764,a3fc1ac2-8629-4536-b02a-84f2af5f2ab7,1632650994361,13.4376456,52.4934173,0.2783903,0.01864314,-0.00036036968,0.019826889,on bike mount,cyclo cross,True,sett,intermediate
a96b5a89-73b3-47d2-ba91-3e06bdcd6feb,6b857981-bc86-421b-83e5-21547a04e764,5bbf22bd-5841-4c88-b218-6407162f13df,1632650994428,13.4376456,52.4934173,0.2783903,-0.025540113,0.030543327,0.064248085,on bike mount,cyclo cross,True,sett,intermediate
a96b5a89-73b3-47d2-ba91-3e06bdcd6feb,6b857981-bc86-421b-83e5-21547a04e764,f1f58801-b78e-4938-a09f-f1ed338e1f49,1632650994495,13.4376456,52.4934173,0.2783903,0.013602495,0.05565381,0.039237022,on bike mount,cyclo cross,True,sett,intermediate
a96b5a89-73b3-47d2-ba91-3e06bdcd6feb,6b857981-bc86-421b-83e5-21547a04e764,066e1705-e400-4827-9206-ff0fcddab340,1632650994558,13.4376456,52.4934173,0.2783903,0.022154093,0.020703912,0.0067691803,on bike mount,cyclo cross,True,sett,intermediate
a96b5a89-73b3-47d2-ba91-3e06bdcd6feb,6b857981-bc86-421b-83e5-21547a04e764,ab0a4a16-0bd2-456c-90da-664190a39725,1632650994626,13.4376456,52.4934173,0.2783903,0.0041217804,-0.00421834,0.015958786,on bike mount,cyclo cross,True,sett,intermediate
a96b5a89-73b3-47d2-ba91-3e06bdcd6feb,6b857981-bc86-421b-83e5-21547a04e764,247084e1-e6cc-4f4e-93e0-9a86dae50784,1632650994692,13.4376456,52.4934173,0.2783903,-0.022141218,0.035376668,-0.012444496,on bike mount,cyclo cross,True,sett,intermediate
a96b5a89-73b3-47d2-ba91-3e06bdcd6feb,6b857981-bc86-421b-83e5-21547a04e764,a847b4ed-a8b3-4dba-9ce1-045872e13e9d,1632650994760,13.4376456,52.4934173,0.2783903,0.029970169,0.10262859,-0.010667801,on bike mount,cyclo cross,True,sett,intermediate
a96b5a89-73b3-47d2-ba91-3e06bdcd6feb,6b857981-bc86-421b-83e5-21547a04e764,b0d30ce6-92e5-4079-99f4-7cade340a8d8,1632650994827,13.4376456,52.4934173,0.2783903,-0.004472494,-0.033296227,0.030591011,on bike mount,cyclo cross,True,sett,intermediate
a96b5a89-73b3-47d2-ba91-3e06bdcd6feb,6b857981-bc86-421b-83e5-21547a04e764,f12bef6f-751c-4011-9723-ac2261195e1d,1632650994894,13.4376456,52.4934173,0.2783903,0.026249886,0.024025083,0.07346439,on bike mount,cyclo cross,True,sett,intermediate
a96b5a89-73b3-47d2-ba91-3e06bdcd6feb,6b857981-bc86-421b-83e5-21547a04e764,761e9b1a-de7e-4869-a062-4fe0236d9b23,1632650994962,13.4376456,52.4934173,0.2783903,0.041779995,0.060590744,0.021417618,on bike mount,cyclo cross,True,sett,intermediate
a96b5a89-73b3-47d2-ba91-3e06bdcd6feb,6b857981-bc86-421b-83e5-21547a04e764,2ba66e9f-580f-42be-a858-a85d2a28a1ff,1632650995029,13.4376456,52.4934173,0.2783903,-0.018118143,0.032717466,-0.014454842,on bike mount,cyclo cross,True,sett,intermediate
a96b5a89-73b3-47d2-ba91-3e06bdcd6feb,6b857981-bc86-421b-83e5-21547a04e764,b8a007e3-f160-4e3f-a662-1a07ad69c529,1632650995094,13.4376456,52.4934173,0.2783903,-0.008296967,-0.12125838,0.024112701,on bike mount,cyclo cross,True,sett,intermediate
a96b5a89-73b3-47d2-ba91-3e06bdcd6feb,6b857981-bc86-421b-83e5-21547a04e764,34648456-b933-4b63-936b-81b34f50af3a,1632650995161,13.4376561,52.4934191,0.100574926,-0.09093475,-0.12871945,0.0049057007,on bike mount,cyclo cross,True,sett,intermediate
a96b5a89-73b3-47d2-ba91-3e06bdcd6feb,6b857981-bc86-421b-83e5-21547a04e764,ffed08cd-4fa2-47be-bb1f-e51c767d621f,1632650995230,13.4376561,52.4934191,0.100574926,0.030340195,0.08419669,-0.025387764,on bike mount,cyclo cross,True,sett,intermediate
a96b5a89-73b3-47d2-ba91-3e06bdcd6feb,6b857981-bc86-421b-83e5-21547a04e764,39254bb6-e074-4b9c-93b4-67e92f54921a,1632650995296,13.4376561,52.4934191,0.100574926,0.025401354,0.07035756,-0.035806656,on bike mount,cyclo cross,True,sett,intermediate
a96b5a89-73b3-47d2-ba91-3e06bdcd6feb,6b857981-bc86-421b-83e5-21547a04e764,a9bd6f4f-98ed-4e36-8756-2e9625d319c4,1632650995362,13.4376561,52.4934191,0.100574926,0.004956007,0.06359756,-0.0021543503,on bike mount,cyclo cross,True,sett,intermediate
a96b5a89-73b3-47d2-ba91-3e06bdcd6feb,6b857981-bc86-421b-83e5-21547a04e764,228fbafd-752a-4fea-b8d2-2c75dea03a7c,1632650995429,13.4376561,52.4934191,0.100574926,0.09988332,0.082942724,0.069758415,on bike mount,cyclo cross,True,sett,intermediate
a96b5a89-73b3-47d2-ba91-3e06bdcd6feb,6b857981-bc86-421b-83e5-21547a04e764,3d210232-3e34-4698-97e0-1325032494c9,1632650995497,13.4376561,52.4934191,0.100574926,0.0011944771,-0.013896942,0.02116108,on bike mount,cyclo cross,True,sett,intermediate
a96b5a89-73b3-47d2-ba91-3e06bdcd6feb,6b857981-bc86-421b-83e5-21547a04e764,d2321c1b-8041-46d8-94c2-9d47f3d066ce,1632650995562,13.4376561,52.4934191,0.100574926,-0.03547907,-0.030116081,0.0035133362,on bike mount,cyclo cross,True,sett,intermediate
a96b5a89-73b3-47d2-ba91-3e06bdcd6feb,6b857981-bc86-421b-83e5-21547a04e764,8ffe088b-9c93-4e1a-9907-5c5defcf8ebb,1632650995629,13.4376561,52.4934191,0.100574926,0.017532587,0.0334872,-0.025362015,on bike mount,cyclo cross,True,sett,intermediate
a96b5a89-73b3-47d2-ba91-3e06bdcd6feb,6b857981-bc86-421b-83e5-21547a04e764,60175287-7ac8-44e3-8fa1-c2ba2261bc38,1632650995696,13.4376561,52.4934191,0.100574926,-0.06560969,0.010083914,-0.03779888,on bike mount,cyclo cross,True,sett,intermediate
a96b5a89-73b3-47d2-ba91-3e06bdcd6feb,6b857981-bc86-421b-83e5-21547a04e764,8fdab219-484b-4f50-8434-547f7ae38145,1632650995763,13.4376561,52.4934191,0.100574926,-0.0152180195,0.005303979,0.0007200241,on bike mount,cyclo cross,True,sett,intermediate
a96b5a89-73b3-47d2-ba91-3e06bdcd6feb,6b857981-bc86-421b-83e5-21547a04e764,7ca3ed2f-5617-4beb-866a-72c773e33f71,1632650995830,13.4376561,52.4934191,0.100574926,0.0145561695,0.05042863,-0.0071144104,on bike mount,cyclo cross,True,sett,intermediate
a96b5a89-73b3-47d2-ba91-3e06bdcd6feb,6b857981-bc86-421b-83e5-21547a04e764,d0d05db0-b9bf-4aad-9e3a-cce2f3544353,1632650995897,13.4376561,52.4934191,0.100574926,0.041150093,0.03312695,-0.031781197,on bike mount,cyclo cross,True,sett,intermediate
a96b5a89-73b3-47d2-ba91-3e06bdcd6feb,6b857981-bc86-421b-83e5-21547a04e764,05c41a57-e2a4-4f7b-bb15-be08bd8f05dc,1632650995963,13.4376561,52.4934191,0.100574926,0.022187471,0.017728686,0.050296783,on bike mount,cyclo cross,True,sett,intermediate
a96b5a89-73b3-47d2-ba91-3e06bdcd6feb,6b857981-bc86-421b-83e5-21547a04e764,6920faa8-a1d7-4e67-9f42-339da1a42eb0,1632650996030,13.4376561,52.4934191,0.100574926,0.034258604,0.027352214,0.0056972504,on bike mount,cyclo cross,True,sett,intermediate
a96b5a89-73b3-47d2-ba91-3e06bdcd6feb,6b857981-bc86-421b-83e5-21547a04e764,36e66bf3-abe7-4e37-a15c-bf1a8aee0500,1632650996098,13.4376561,52.4934191,0.100574926,0.020590067,0.0038887262,0.05034733,on bike mount,cyclo cross,True,sett,intermediate
a96b5a89-73b3-47d2-ba91-3e06bdcd6feb,6b857981-bc86-421b-83e5-21547a04e764,0728a2fe-3433-4e1f-bd63-112a2df0c1e9,1632650996162,13.4376595,52.4934196,0.0037537462,0.01108861,0.029976726,0.00062179565,on bike mount,cyclo cross,True,sett,intermediate
a96b5a89-73b3-47d2-ba91-3e06bdcd6feb,6b857981-bc86-421b-83e5-21547a04e764,3b10b964-6af9-4139-ab8f-6c6db43ef224,1632650996231,13.4376595,52.4934196,0.0037537462,0.0148983,0.032404065,0.0057086945,on bike mount,cyclo cross,True,sett,intermediate
a96b5a89-73b3-47d2-ba91-3e06bdcd6feb,6b857981-bc86-421b-83e5-21547a04e764,9505229c-cb35-4db5-ac4b-4c6d6eb0517d,1632650996297,13.4376595,52.4934196,0.0037537462,0.011189222,0.04076743,0.017103195,on bike mount,cyclo cross,True,sett,intermediate
a96b5a89-73b3-47d2-ba91-3e06bdcd6feb,6b857981-bc86-421b-83e5-21547a04e764,43c677c3-4fbc-4832-b046-b5d1324babe3,1632650996364,13.4376595,52.4934196,0.0037537462,-0.020927906,0.0108498335,0.005346298,on bike mount,cyclo cross,True,sett,intermediate
a96b5a89-73b3-47d2-ba91-3e06bdcd6feb,6b857981-bc86-421b-83e5-21547a04e764,82404d0f-d443-4b8a-a198-4379d615f89d,1632650996431,13.4376595,52.4934196,0.0037537462,0.012181759,0.06796861,0.00052547455,on bike mount,cyclo cross,True,sett,intermediate
a96b5a89-73b3-47d2-ba91-3e06bdcd6feb,6b857981-bc86-421b-83e5-21547a04e764,93ee9258-f885-46b3-8d0d-0042d6231bf5,1632650996497,13.4376595,52.4934196,0.0037537462,0.007918119,-0.031441092,0.044011116,on bike mount,cyclo cross,True,sett,intermediate
a96b5a89-73b3-47d2-ba91-3e06bdcd6feb,6b857981-bc86-421b-83e5-21547a04e764,be93b6c7-e65d-421e-a1e0-ff179f33220b,1632650996564,13.4376595,52.4934196,0.0037537462,-0.0052895546,-0.049881816,-0.0056905746,on bike mount,cyclo cross,True,sett,intermediate
a96b5a89-73b3-47d2-ba91-3e06bdcd6feb,6b857981-bc86-421b-83e5-21547a04e764,e9b0be56-2d49-4287-88b0-9d12b46ccc76,1632650996631,13.4376595,52.4934196,0.0037537462,-0.011654854,0.005690217,-0.040146828,on bike mount,cyclo cross,True,sett,intermediate
a96b5a89-73b3-47d2-ba91-3e06bdcd6feb,6b857981-bc86-421b-83e5-21547a04e764,f9218158-6734-49d5-9cbb-a4e3af3fb9b3,1632650996698,13.4376595,52.4934196,0.0037537462,0.010849476,-0.013769865,0.01246357,on bike mount,cyclo cross,True,sett,intermediate
a96b5a89-73b3-47d2-ba91-3e06bdcd6feb,6b857981-bc86-421b-83e5-21547a04e764,56eb3438-0e8b-49c9-b4a1-7cc635b3f282,1632650996765,13.4376595,52.4934196,0.0037537462,0.0090203285,-0.018901229,0.044376373,on bike mount,cyclo cross,True,sett,intermediate
a96b5a89-73b3-47d2-ba91-3e06bdcd6feb,6b857981-bc86-421b-83e5-21547a04e764,1ce53104-7a49-4014-bcd4-897086b4cf31,1632650996831,13.4376595,52.4934196,0.0037537462,-0.012834549,0.0076770782,-0.016607285,on bike mount,cyclo cross,True,sett,intermediate
a96b5a89-73b3-47d2-ba91-3e06bdcd6feb,6b857981-bc86-421b-83e5-21547a04e764,7f587b39-a634-4ec8-bcf0-993ef50a1644,1632650996898,13.4376595,52.4934196,0.0037537462,-0.08580971,0.060264707,-0.0011482239,on bike mount,cyclo cross,True,sett,intermediate
a96b5a89-73b3-47d2-ba91-3e06bdcd6feb,6b857981-bc86-421b-83e5-21547a04e764,20b2c6d2-5994-4c11-bba7-f357451f3116,1632650996966,13.4376595,52.4934196,0.0037537462,0.047083378,0.11569011,-0.07017231,on bike mount,cyclo cross,True,sett,intermediate
a96b5a89-73b3-47d2-ba91-3e06bdcd6feb,6b857981-bc86-421b-83e5-21547a04e764,e670d4b6-731b-4319-ae88-00d0ebce153e,1632650997032,13.4376595,52.4934196,0.0037537462,-0.0026991367,0.02346766,0.032461166,on bike mount,cyclo cross,True,sett,intermediate
a96b5a89-73b3-47d2-ba91-3e06bdcd6feb,6b857981-bc86-421b-83e5-21547a04e764,92a18864-53e5-4e0c-845c-9a7a2e8bd30b,1632650997099,13.4376595,52.4934196,0.0037537462,0.029770374,-0.012249708,-0.012046814,on bike mount,cyclo cross,True,sett,intermediate
a96b5a89-73b3-47d2-ba91-3e06bdcd6feb,6b857981-bc86-421b-83e5-21547a04e764,e776beb3-48f8-4c2a-88eb-d4131cb08682,1632650997164,13.4376623,52.4934195,0.0015778488,0.019195557,-0.0022161007,0.007133484,on bike mount,cyclo cross,True,sett,intermediate
a96b5a89-73b3-47d2-ba91-3e06bdcd6feb,6b857981-bc86-421b-83e5-21547a04e764,aa7819d3-3bf5-4601-94fa-6d093f5e8c2d,1632650997232,13.4376623,52.4934195,0.0015778488,0.013382196,0.022794843,0.011975288,on bike mount,cyclo cross,True,sett,intermediate
a96b5a89-73b3-47d2-ba91-3e06bdcd6feb,6b857981-bc86-421b-83e5-21547a04e764,489df2b4-f6de-4d22-92eb-cc5f5825104f,1632650997298,13.4376623,52.4934195,0.0015778488,0.030941486,0.03691888,0.015254021,on bike mount,cyclo cross,True,sett,intermediate
a96b5a89-73b3-47d2-ba91-3e06bdcd6feb,6b857981-bc86-421b-83e5-21547a04e764,11c51885-46de-43c4-81f8-0c3613745b0a,1632650997366,13.4376623,52.4934195,0.0015778488,0.029893398,-0.015018344,0.038492203,on bike mount,cyclo cross,True,sett,intermediate
a96b5a89-73b3-47d2-ba91-3e06bdcd6feb,6b857981-bc86-421b-83e5-21547a04e764,3b7a3db2-ddea-4454-a5d9-33e59e989853,1632650997434,13.4376623,52.4934195,0.0015778488,-0.024785995,-0.07194686,0.011898041,on bike mount,cyclo cross,True,sett,intermediate
a96b5a89-73b3-47d2-ba91-3e06bdcd6feb,6b857981-bc86-421b-83e5-21547a04e764,22bd3a8a-d5be-41d9-9867-d9a9ae40f50f,1632650997499,13.4376623,52.4934195,0.0015778488,-0.0015480518,0.008784056,0.0037765503,on bike mount,cyclo cross,True,sett,intermediate
a96b5a89-73b3-47d2-ba91-3e06bdcd6feb,6b857981-bc86-421b-83e5-21547a04e764,29bc4ec5-efee-4bd5-9b24-ba57bc06ee8d,1632650997566,13.4376623,52.4934195,0.0015778488,0.030447006,0.07590628,0.009140968,on bike mount,cyclo cross,True,sett,intermediate
a96b5a89-73b3-47d2-ba91-3e06bdcd6feb,6b857981-bc86-421b-83e5-21547a04e764,ed452280-d5de-4935-97b0-7aad5e06555a,1632650997632,13.4376623,52.4934195,0.0015778488,0.0073485374,0.040153384,0.038292885,on bike mount,cyclo cross,True,sett,intermediate
a96b5a89-73b3-47d2-ba91-3e06bdcd6feb,6b857981-bc86-421b-83e5-21547a04e764,2b0f62ab-31bc-4e14-ac99-a6b48ffff08f,1632650997699,13.4376623,52.4934195,0.0015778488,0.0013501644,-0.016455173,0.0023641586,on bike mount,cyclo cross,True,sett,intermediate
a96b5a89-73b3-47d2-ba91-3e06bdcd6feb,6b857981-bc86-421b-83e5-21547a04e764,aa91a41b-4abb-4aff-9a3f-9cd4b9cc27e0,1632650997766,13.4376623,52.4934195,0.0015778488,-0.00739336,-0.05564642,-0.012957573,on bike mount,cyclo cross,True,sett,intermediate
a96b5a89-73b3-47d2-ba91-3e06bdcd6feb,6b857981-bc86-421b-83e5-21547a04e764,3782801b-eef4-4f31-8c61-52deae958da2,1632650997833,13.4376623,52.4934195,0.0015778488,0.053612232,0.0061262846,-0.010237694,on bike mount,cyclo cross,True,sett,intermediate
a96b5a89-73b3-47d2-ba91-3e06bdcd6feb,6b857981-bc86-421b-83e5-21547a04e764,c92533ab-225a-4bc2-8f1c-ce18d264706a,1632650997899,13.4376623,52.4934195,0.0015778488,0.017436504,0.041216493,0.027751923,on bike mount,cyclo cross,True,sett,intermediate
a96b5a89-73b3-47d2-ba91-3e06bdcd6feb,6b857981-bc86-421b-83e5-21547a04e764,e7a50d89-d337-46d3-b8ec-04c83d68882a,1632650997966,13.4376623,52.4934195,0.0015778488,0.0018258095,-0.008099675,0.041009903,on bike mount,cyclo cross,True,sett,intermediate
a96b5a89-73b3-47d2-ba91-3e06bdcd6feb,6b857981-bc86-421b-83e5-21547a04e764,cc0be4f9-0280-40d3-96b6-59151c8461df,1632650998033,13.4376623,52.4934195,0.0015778488,-0.037899017,-0.09672582,-0.036715508,on bike mount,cyclo cross,True,sett,intermediate
a96b5a89-73b3-47d2-ba91-3e06bdcd6feb,6b857981-bc86-421b-83e5-21547a04e764,b39bd5f9-90e2-4ad7-a20d-47d021a609c4,1632650998099,13.4376623,52.4934195,0.0015778488,0.043082714,0.03167081,0.07473183,on bike mount,cyclo cross,True,sett,intermediate
a96b5a89-73b3-47d2-ba91-3e06bdcd6feb,6b857981-bc86-421b-83e5-21547a04e764,059cdfb1-cf46-4871-81a1-f44d015f02c1,1632650998165,13.4376637,52.4934189,0.0010917574,-0.027338743,0.005836606,-0.009305954,on bike mount,cyclo cross,True,sett,intermediate
a96b5a89-73b3-47d2-ba91-3e06bdcd6feb,6b857981-bc86-421b-83e5-21547a04e764,167c1aef-57db-4794-93b3-643f37c33399,1632650998233,13.4376637,52.4934189,0.0010917574,-0.009758711,0.053886056,-0.005713463,on bike mount,cyclo cross,True,sett,intermediate
a96b5a89-73b3-47d2-ba91-3e06bdcd6feb,6b857981-bc86-421b-83e5-21547a04e764,439635fc-00b9-47b1-907a-316438845119,1632650998301,13.4376637,52.4934189,0.0010917574,-0.063892126,-0.015914798,9.059906e-05,on bike mount,cyclo cross,True,sett,intermediate
a96b5a89-73b3-47d2-ba91-3e06bdcd6feb,6b857981-bc86-421b-83e5-21547a04e764,b2461d74-54a0-4815-b628-3cf00d1c624e,1632650998367,13.4376637,52.4934189,0.0010917574,0.0016233921,0.031196594,0.017238617,on bike mount,cyclo cross,True,sett,intermediate
a96b5a89-73b3-47d2-ba91-3e06bdcd6feb,6b857981-bc86-421b-83e5-21547a04e764,028e51d0-59be-4bcd-8cb4-a9af239efacd,1632650998434,13.4376637,52.4934189,0.0010917574,0.030627728,-0.022654057,-0.0064439774,on bike mount,cyclo cross,True,sett,intermediate
a96b5a89-73b3-47d2-ba91-3e06bdcd6feb,6b857981-bc86-421b-83e5-21547a04e764,75e10998-e764-4e50-a5a7-570c28222fbf,1632650998500,13.4376637,52.4934189,0.0010917574,0.006668091,-0.09026784,-0.022444725,on bike mount,cyclo cross,True,sett,intermediate
a96b5a89-73b3-47d2-ba91-3e06bdcd6feb,6b857981-bc86-421b-83e5-21547a04e764,0e1a671f-6540-4f3f-b19d-8015dec06f7b,1632650998567,13.4376637,52.4934189,0.0010917574,-0.020424604,-0.059665143,0.046204567,on bike mount,cyclo cross,True,sett,intermediate
a96b5a89-73b3-47d2-ba91-3e06bdcd6feb,6b857981-bc86-421b-83e5-21547a04e764,3470c80f-eb0a-4181-a2b5-14a275dd3be0,1632650998634,13.4376637,52.4934189,0.0010917574,0.01306057,-0.026237607,-0.00023651123,on bike mount,cyclo cross,True,sett,intermediate
a96b5a89-73b3-47d2-ba91-3e06bdcd6feb,6b857981-bc86-421b-83e5-21547a04e764,90f6c11c-c35d-44bd-b1c7-a49f9cb3f31a,1632650998701,13.4376637,52.4934189,0.0010917574,0.009916782,-0.049666345,0.04101181,on bike mount,cyclo cross,True,sett,intermediate
a96b5a89-73b3-47d2-ba91-3e06bdcd6feb,6b857981-bc86-421b-83e5-21547a04e764,ad4c013a-a3fd-4b37-aeee-85b72c3d24ea,1632650998768,13.4376637,52.4934189,0.0010917574,-0.012996197,-0.018838644,0.029943466,on bike mount,cyclo cross,True,sett,intermediate
a96b5a89-73b3-47d2-ba91-3e06bdcd6feb,6b857981-bc86-421b-83e5-21547a04e764,0f26e568-06a1-47e9-b0cd-e830d3eb841f,1632650998834,13.4376637,52.4934189,0.0010917574,0.027183533,0.08735955,0.045381546,on bike mount,cyclo cross,True,sett,intermediate
a96b5a89-73b3-47d2-ba91-3e06bdcd6feb,6b857981-bc86-421b-83e5-21547a04e764,e8836ba6-10a8-44d4-8274-beecc862bc2f,1632650998901,13.4376637,52.4934189,0.0010917574,-0.037907124,0.056498647,-0.05244255,on bike mount,cyclo cross,True,sett,intermediate
a96b5a89-73b3-47d2-ba91-3e06bdcd6feb,6b857981-bc86-421b-83e5-21547a04e764,104d2b7c-4b07-4146-8c15-6ea6ef4d34b3,1632650998968,13.4376637,52.4934189,0.0010917574,0.013536215,0.051193357,0.021346092,on bike mount,cyclo cross,True,sett,intermediate
a96b5a89-73b3-47d2-ba91-3e06bdcd6feb,6b857981-bc86-421b-83e5-21547a04e764,18277d4f-d365-423e-96e0-934fbf1831db,1632650999035,13.4376637,52.4934189,0.0010917574,0.03835535,0.04743564,0.0074415207,on bike mount,cyclo cross,True,sett,intermediate
a96b5a89-73b3-47d2-ba91-3e06bdcd6feb,6b857981-bc86-421b-83e5-21547a04e764,de6e683c-6764-4e96-a342-22b61c1dc60f,1632650999102,13.4376637,52.4934189,0.0010917574,-0.003326416,0.06700587,-0.014788628,on bike mount,cyclo cross,True,sett,intermediate
a96b5a89-73b3-47d2-ba91-3e06bdcd6feb,6b857981-bc86-421b-83e5-21547a04e764,a1aa2b57-dc36-4186-911c-30f5b790ac9f,1632650999167,13.4376646,52.4934184,0.0006981075,0.016804934,0.05067134,0.010512352,on bike mount,cyclo cross,True,sett,intermediate
a96b5a89-73b3-47d2-ba91-3e06bdcd6feb,6b857981-bc86-421b-83e5-21547a04e764,200e92fe-79f6-47c4-92ce-4bf51e858ae5,1632650999235,13.4376646,52.4934184,0.0006981075,-0.034958124,0.023716807,0.0035657883,on bike mount,cyclo cross,True,sett,intermediate
a96b5a89-73b3-47d2-ba91-3e06bdcd6feb,6b857981-bc86-421b-83e5-21547a04e764,2999dc4b-3f6b-41a7-a523-a0f5edeaf791,1632650999302,13.4376646,52.4934184,0.0006981075,0.032814264,-0.052013993,-0.0073251724,on bike mount,cyclo cross,True,sett,intermediate
a96b5a89-73b3-47d2-ba91-3e06bdcd6feb,6b857981-bc86-421b-83e5-21547a04e764,8a68a937-a999-42f5-af63-24067409de2a,1632650999369,13.4376646,52.4934184,0.0006981075,0.015058517,-0.025014281,0.0681963,on bike mount,cyclo cross,True,sett,intermediate
a96b5a89-73b3-47d2-ba91-3e06bdcd6feb,6b857981-bc86-421b-83e5-21547a04e764,4b0e204e-40d7-4583-aba2-fc0df3d08451,1632650999436,13.4376646,52.4934184,0.0006981075,0.00572443,-0.02234137,0.009950638,on bike mount,cyclo cross,True,sett,intermediate
a96b5a89-73b3-47d2-ba91-3e06bdcd6feb,6b857981-bc86-421b-83e5-21547a04e764,488971e3-01ef-4c2d-ae21-e5897b4b4e69,1632650999502,13.4376646,52.4934184,0.0006981075,-0.015519857,0.005084634,0.016817093,on bike mount,cyclo cross,True,sett,intermediate
a96b5a89-73b3-47d2-ba91-3e06bdcd6feb,6b857981-bc86-421b-83e5-21547a04e764,cd138ce6-4028-434d-80a6-a1da7a2cc81b,1632650999568,13.4376646,52.4934184,0.0006981075,0.018731117,-0.018689513,0.025838852,on bike mount,cyclo cross,True,sett,intermediate
a96b5a89-73b3-47d2-ba91-3e06bdcd6feb,6b857981-bc86-421b-83e5-21547a04e764,5c043863-ae53-42eb-af68-a9b53ff3188c,1632650999635,13.4376646,52.4934184,0.0006981075,-0.030327797,0.030638218,0.042948723,on bike mount,cyclo cross,True,sett,intermediate
a96b5a89-73b3-47d2-ba91-3e06bdcd6feb,6b857981-bc86-421b-83e5-21547a04e764,614cea52-840e-42b3-88c7-70a89e32a8bb,1632650999702,13.4376646,52.4934184,0.0006981075,-0.05750251,0.018840432,-0.0044441223,on bike mount,cyclo cross,True,sett,intermediate
a96b5a89-73b3-47d2-ba91-3e06bdcd6feb,6b857981-bc86-421b-83e5-21547a04e764,aded6190-16d6-401a-8f17-e69702635a7f,1632650999769,13.4376646,52.4934184,0.0006981075,0.014173269,0.041525006,0.0071697235,on bike mount,cyclo cross,True,sett,intermediate
a96b5a89-73b3-47d2-ba91-3e06bdcd6feb,6b857981-bc86-421b-83e5-21547a04e764,42a55517-0f38-4bd4-b86c-cff94a6ba376,1632650999835,13.4376654,52.4934177,0.00084240263,-0.038333416,-0.06901348,0.031788826,on bike mount,cyclo cross,True,sett,intermediate
a96b5a89-73b3-47d2-ba91-3e06bdcd6feb,6b857981-bc86-421b-83e5-21547a04e764,13082e4d-683c-4013-bd6e-aa4371ce83a0,1632650999903,13.4376654,52.4934177,0.00084240263,0.0154800415,-0.013081908,0.023405075,on bike mount,cyclo cross,True,sett,intermediate
a96b5a89-73b3-47d2-ba91-3e06bdcd6feb,6b857981-bc86-421b-83e5-21547a04e764,885d3d01-b0b1-4219-a12e-d19222c3b3be,1632650999970,13.4376654,52.4934177,0.00084240263,0.016047955,0.02670312,-0.034920692,on bike mount,cyclo cross,True,sett,intermediate
a96b5a89-73b3-47d2-ba91-3e06bdcd6feb,6b857981-bc86-421b-83e5-21547a04e764,63db2207-5b75-4704-bcfc-4f1aeaab7d8a,1632651000037,13.4376654,52.4934177,0.00084240263,0.0042755604,0.020590425,-0.024851799,on bike mount,cyclo cross,True,sett,intermediate
a96b5a89-73b3-47d2-ba91-3e06bdcd6feb,6b857981-bc86-421b-83e5-21547a04e764,ba3732f7-f36c-43dd-ab42-c29f33754363,1632651000108,13.4376654,52.4934177,0.00084240263,0.022753954,-0.029300809,-0.008723259,on bike mount,cyclo cross,True,sett,intermediate
a96b5a89-73b3-47d2-ba91-3e06bdcd6feb,6b857981-bc86-421b-83e5-21547a04e764,02a8b3f5-0603-401a-806c-242aaf967d1d,1632651000169,13.4376654,52.4934177,0.00084240263,-0.014467478,0.003961444,-0.0194273,on bike mount,cyclo cross,True,sett,intermediate
a96b5a89-73b3-47d2-ba91-3e06bdcd6feb,6b857981-bc86-421b-83e5-21547a04e764,9d4ea1bc-f6cf-415e-95f7-633ab17d11bb,1632651000237,13.4376654,52.4934177,0.00084240263,-0.00011754036,-0.0140064955,-0.0031633377,on bike mount,cyclo cross,True,sett,intermediate
a96b5a89-73b3-47d2-ba91-3e06bdcd6feb,6b857981-bc86-421b-83e5-21547a04e764,a9af4d8f-5033-4bc4-a8f3-7e9b26693731,1632651000303,13.4376654,52.4934177,0.00084240263,0.019482374,0.05265808,0.06530857,on bike mount,cyclo cross,True,sett,intermediate
a96b5a89-73b3-47d2-ba91-3e06bdcd6feb,6b857981-bc86-421b-83e5-21547a04e764,39b61ad4-be4f-4c06-90d5-84711b2819f8,1632651000370,13.4376654,52.4934177,0.00084240263,0.018635273,0.010748386,0.0032672882,on bike mount,cyclo cross,True,sett,intermediate
a96b5a89-73b3-47d2-ba91-3e06bdcd6feb,6b857981-bc86-421b-83e5-21547a04e764,6790721e-ee27-4477-b150-882dbf95ecd4,1632651000436,13.4376654,52.4934177,0.00084240263,0.005665064,0.044442773,0.011876106,on bike mount,cyclo cross,True,sett,intermediate
a96b5a89-73b3-47d2-ba91-3e06bdcd6feb,6b857981-bc86-421b-83e5-21547a04e764,152a92c3-a436-43d6-b32e-1f9907bda1ea,1632651000503,13.4376654,52.4934177,0.00084240263,-0.007602215,0.055330634,0.015919685,on bike mount,cyclo cross,True,sett,intermediate
a96b5a89-73b3-47d2-ba91-3e06bdcd6feb,6b857981-bc86-421b-83e5-21547a04e764,c0390c3d-a9d0-4fcb-8907-c7b7b6eebf96,1632651000571,13.4376654,52.4934177,0.00084240263,-0.044351816,-0.033210397,-0.004623413,on bike mount,cyclo cross,True,sett,intermediate
a96b5a89-73b3-47d2-ba91-3e06bdcd6feb,6b857981-bc86-421b-83e5-21547a04e764,1c2c02b1-c5c1-447e-8c0a-c4c4ebf542ec,1632651000637,13.4376654,52.4934177,0.00084240263,-0.028613329,-0.0074771643,-0.009080887,on bike mount,cyclo cross,True,sett,intermediate
a96b5a89-73b3-47d2-ba91-3e06bdcd6feb,6b857981-bc86-421b-83e5-21547a04e764,b6586228-5b00-4813-bfaf-f39e5b8a816c,1632651000704,13.4376654,52.4934177,0.00084240263,-0.033385992,-0.00074470043,0.012641907,on bike mount,cyclo cross,True,sett,intermediate
a96b5a89-73b3-47d2-ba91-3e06bdcd6feb,6b857981-bc86-421b-83e5-21547a04e764,56fc9e4d-959c-43a1-967e-a02d8626bc5b,1632651000775,13.4376654,52.4934177,0.00084240263,0.0280447,-0.036252737,0.023762703,on bike mount,cyclo cross,True,sett,intermediate
a96b5a89-73b3-47d2-ba91-3e06bdcd6feb,6b857981-bc86-421b-83e5-21547a04e764,b6a9434f-7c3a-4de6-89a2-07c7a21a0745,1632651000829,13.4376654,52.4934177,0.00084240263,-0.0070991516,-0.08241117,-0.010676384,on bike mount,cyclo cross,True,sett,intermediate
a96b5a89-73b3-47d2-ba91-3e06bdcd6feb,6b857981-bc86-421b-83e5-21547a04e764,41d29ba3-98e2-4939-9335-9277db9a3e14,1632651000879,13.4376654,52.4934177,0.00084240263,0.06156373,0.037566185,-0.033608437,on bike mount,cyclo cross,True,sett,intermediate
a96b5a89-73b3-47d2-ba91-3e06bdcd6feb,6b857981-bc86-421b-83e5-21547a04e764,33327132-6358-4865-a102-d371b0453a52,1632651000929,13.4376654,52.4934177,0.00084240263,0.06842518,0.07172978,0.016153336,on bike mount,cyclo cross,True,sett,intermediate
a96b5a89-73b3-47d2-ba91-3e06bdcd6feb,6b857981-bc86-421b-83e5-21547a04e764,3bc937c5-aafd-4a77-9e43-2815f624e771,1632651000996,13.4376654,52.4934177,0.00084240263,-0.0033464432,0.04433036,0.026339531,on bike mount,cyclo cross,True,sett,intermediate
a96b5a89-73b3-47d2-ba91-3e06bdcd6feb,6b857981-bc86-421b-83e5-21547a04e764,5ebe690f-0fa4-4606-9bfc-a8194731da40,1632651001046,13.4376654,52.4934177,0.00084240263,0.025473833,0.012826681,0.013935089,on bike mount,cyclo cross,True,sett,intermediate
a96b5a89-73b3-47d2-ba91-3e06bdcd6feb,6b857981-bc86-421b-83e5-21547a04e764,550671ec-9fb3-4b4d-b0b4-6ce3c81e1e38,1632651001101,13.4376645,52.4934179,0.00025343595,-0.05182004,0.008870482,0.0027561188,on bike mount,cyclo cross,True,sett,intermediate
a96b5a89-73b3-47d2-ba91-3e06bdcd6feb,6b857981-bc86-421b-83e5-21547a04e764,eeeafdd1-5a69-469d-88e6-7e4916bd5fd1,1632651001163,13.4376645,52.4934179,0.00025343595,0.048038006,0.1272881,0.001912117,on bike mount,cyclo cross,True,sett,intermediate
a96b5a89-73b3-47d2-ba91-3e06bdcd6feb,6b857981-bc86-421b-83e5-21547a04e764,dabf7c95-70c5-4116-ae8e-d8a401a55193,1632651001230,13.4376645,52.4934179,0.00025343595,-0.28603625,-0.097670496,-0.017554283,on bike mount,cyclo cross,True,sett,intermediate
a96b5a89-73b3-47d2-ba91-3e06bdcd6feb,6b857981-bc86-421b-83e5-21547a04e764,996ee880-4200-40e5-8d3b-3589c6e5ecaa,1632651001297,13.4376645,52.4934179,0.00025343595,0.08472395,0.03573227,-0.07639408,on bike mount,cyclo cross,True,sett,intermediate
a96b5a89-73b3-47d2-ba91-3e06bdcd6feb,6b857981-bc86-421b-83e5-21547a04e764,968614e8-7445-4950-af10-47026f2e49a3,1632651001364,13.4376645,52.4934179,0.00025343595,-0.05006671,-0.105725646,0.07526302,on bike mount,cyclo cross,True,sett,intermediate
a96b5a89-73b3-47d2-ba91-3e06bdcd6feb,6b857981-bc86-421b-83e5-21547a04e764,9fecf33c-b338-428b-94a8-8b408cc19821,1632651001430,13.4376645,52.4934179,0.00025343595,-0.06237054,-0.23334736,-0.033120155,on bike mount,cyclo cross,True,sett,intermediate
a96b5a89-73b3-47d2-ba91-3e06bdcd6feb,6b857981-bc86-421b-83e5-21547a04e764,623db9d3-95d2-4663-8c9c-d7197794f016,1632651001480,13.4376645,52.4934179,0.00025343595,-0.03289962,-0.13006026,0.06561279,on bike mount,cyclo cross,True,sett,intermediate
a96b5a89-73b3-47d2-ba91-3e06bdcd6feb,6b857981-bc86-421b-83e5-21547a04e764,ff06ca46-049e-4bf7-87e2-7dc52693ac88,1632651001531,13.4376645,52.4934179,0.00025343595,0.0516479,0.023496747,0.07206726,on bike mount,cyclo cross,True,sett,intermediate
a96b5a89-73b3-47d2-ba91-3e06bdcd6feb,6b857981-bc86-421b-83e5-21547a04e764,cda39dc6-4818-42bf-8297-09cd35487a9b,1632651001597,13.4376645,52.4934179,0.00025343595,0.05302024,-0.025843501,0.0052394867,on bike mount,cyclo cross,True,sett,intermediate
a96b5a89-73b3-47d2-ba91-3e06bdcd6feb,6b857981-bc86-421b-83e5-21547a04e764,f88441cd-2174-4408-911d-fe028aa9a23d,1632651001664,13.4376645,52.4934179,0.00025343595,0.01266098,-0.044686913,-0.00807476,on bike mount,cyclo cross,True,sett,intermediate
a96b5a89-73b3-47d2-ba91-3e06bdcd6feb,6b857981-bc86-421b-83e5-21547a04e764,eb2f30f7-ea9a-4d5e-87c3-1c340a72050f,1632651001731,13.4376645,52.4934179,0.00025343595,-0.059601784,-0.0009738207,0.04042244,on bike mount,cyclo cross,True,sett,intermediate
a96b5a89-73b3-47d2-ba91-3e06bdcd6feb,6b857981-bc86-421b-83e5-21547a04e764,9897e0d9-6404-4d58-96f5-bfa27e40d20d,1632651001797,13.4376645,52.4934179,0.00025343595,-0.039202213,0.09351766,0.009874344,on bike mount,cyclo cross,True,sett,intermediate
a96b5a89-73b3-47d2-ba91-3e06bdcd6feb,6b857981-bc86-421b-83e5-21547a04e764,8e42de65-2729-4efb-9b91-a18c9a1deca7,1632651001847,13.4376645,52.4934179,0.00025343595,-0.036777973,0.03943968,0.019599915,on bike mount,cyclo cross,True,sett,intermediate
a96b5a89-73b3-47d2-ba91-3e06bdcd6feb,6b857981-bc86-421b-83e5-21547a04e764,47ce15e3-57aa-4e5a-a293-59eb5b000b43,1632651001897,13.4376645,52.4934179,0.00025343595,-0.00047183037,0.04997313,0.018008232,on bike mount,cyclo cross,True,sett,intermediate
a96b5a89-73b3-47d2-ba91-3e06bdcd6feb,6b857981-bc86-421b-83e5-21547a04e764,1d89d020-706c-4ef1-89ac-ce45e0f9e980,1632651001948,13.4376645,52.4934179,0.00025343595,0.027273178,-0.0007753372,0.038636208,on bike mount,cyclo cross,True,sett,intermediate
a96b5a89-73b3-47d2-ba91-3e06bdcd6feb,6b857981-bc86-421b-83e5-21547a04e764,99866c31-1972-41b0-883d-b6a3f195f431,1632651002015,13.4376645,52.4934179,0.00025343595,0.046874046,0.043717027,0.010035515,on bike mount,cyclo cross,True,sett,intermediate
a96b5a89-73b3-47d2-ba91-3e06bdcd6feb,6b857981-bc86-421b-83e5-21547a04e764,f889f401-2ef5-4e6c-a249-0c3b14265f22,1632651002082,13.4376645,52.4934179,0.00025343595,0.019461155,0.023776531,-0.011381149,on bike mount,cyclo cross,True,sett,intermediate
a96b5a89-73b3-47d2-ba91-3e06bdcd6feb,6b857981-bc86-421b-83e5-21547a04e764,f306f45d-2d40-46f6-aab4-af8898eb1016,1632651002148,13.4376652,52.4934178,0.00047893985,0.020583391,-0.005447507,0.04184532,on bike mount,cyclo cross,True,sett,intermediate
a96b5a89-73b3-47d2-ba91-3e06bdcd6feb,6b857981-bc86-421b-83e5-21547a04e764,980eae3f-4d15-4ac4-8e85-12dc64ca1d76,1632651002215,13.4376652,52.4934178,0.00047893985,0.033486128,-0.033366323,-0.02026844,on bike mount,cyclo cross,True,sett,intermediate
a96b5a89-73b3-47d2-ba91-3e06bdcd6feb,6b857981-bc86-421b-83e5-21547a04e764,49456bb7-eb56-4094-aa57-1bac076eb7b6,1632651002281,13.4376652,52.4934178,0.00047893985,0.026775599,-0.002444625,0.067793846,on bike mount,cyclo cross,True,sett,intermediate
a96b5a89-73b3-47d2-ba91-3e06bdcd6feb,6b857981-bc86-421b-83e5-21547a04e764,69dcac65-25fc-4667-a58f-bbe3ce6588e2,1632651002332,13.4376652,52.4934178,0.00047893985,-0.029829025,0.014642477,0.024139404,on bike mount,cyclo cross,True,sett,intermediate
a96b5a89-73b3-47d2-ba91-3e06bdcd6feb,6b857981-bc86-421b-83e5-21547a04e764,69e7ad91-fc02-4518-acb6-6e2290238037,1632651002398,13.4376652,52.4934178,0.00047893985,0.021027803,0.015835762,0.034065247,on bike mount,cyclo cross,True,sett,intermediate
a96b5a89-73b3-47d2-ba91-3e06bdcd6feb,6b857981-bc86-421b-83e5-21547a04e764,5258a02d-8a37-42ff-a9df-14e1f3916fdc,1632651002448,13.4376652,52.4934178,0.00047893985,0.025408268,0.050531507,0.0073833466,on bike mount,cyclo cross,True,sett,intermediate
a96b5a89-73b3-47d2-ba91-3e06bdcd6feb,6b857981-bc86-421b-83e5-21547a04e764,c83717d4-8640-491b-802e-a19648c2cb71,1632651002498,13.4376652,52.4934178,0.00047893985,-0.027342796,0.0090276,0.022768974,on bike mount,cyclo cross,True,sett,intermediate
a96b5a89-73b3-47d2-ba91-3e06bdcd6feb,6b857981-bc86-421b-83e5-21547a04e764,5db29331-1573-4dda-9b47-1d3b9df0c9a5,1632651002549,13.4376652,52.4934178,0.00047893985,-0.03862524,-0.022202373,0.06893635,on bike mount,cyclo cross,True,sett,intermediate
a96b5a89-73b3-47d2-ba91-3e06bdcd6feb,6b857981-bc86-421b-83e5-21547a04e764,e4ee5398-1ae8-420e-9d74-4f0200d1e8e2,1632651002615,13.4376652,52.4934178,0.00047893985,0.021848202,0.067405224,-0.0044908524,on bike mount,cyclo cross,True,sett,intermediate
a96b5a89-73b3-47d2-ba91-3e06bdcd6feb,6b857981-bc86-421b-83e5-21547a04e764,8e02f4c6-1f49-476e-991a-228944206525,1632651002666,13.4376652,52.4934178,0.00047893985,0.019201994,0.012372494,0.035393715,on bike mount,cyclo cross,True,sett,intermediate
a96b5a89-73b3-47d2-ba91-3e06bdcd6feb,6b857981-bc86-421b-83e5-21547a04e764,b88be85a-bf78-40ed-8374-a5ea324fae8a,1632651002733,13.4376652,52.4934178,0.00047893985,0.0017096996,0.018623948,0.034729958,on bike mount,cyclo cross,True,sett,intermediate
a96b5a89-73b3-47d2-ba91-3e06bdcd6feb,6b857981-bc86-421b-83e5-21547a04e764,dbad3b4a-1f98-4974-aa6d-416b03630a4a,1632651002782,13.4376652,52.4934178,0.00047893985,-0.0073895454,0.012882829,-0.006587982,on bike mount,cyclo cross,True,sett,intermediate
a96b5a89-73b3-47d2-ba91-3e06bdcd6feb,6b857981-bc86-421b-83e5-21547a04e764,502021bc-a06b-4ad6-8b4e-bb3d17b197ab,1632651002849,13.4376652,52.4934178,0.00047893985,-0.023337364,0.0074584484,-0.011199951,on bike mount,cyclo cross,True,sett,intermediate
a96b5a89-73b3-47d2-ba91-3e06bdcd6feb,6b857981-bc86-421b-83e5-21547a04e764,c22bcb4a-c055-4303-9b09-a35458527711,1632651002916,13.4376652,52.4934178,0.00047893985,-0.025499344,-0.042799473,0.004252434,on bike mount,cyclo cross,True,sett,intermediate
a96b5a89-73b3-47d2-ba91-3e06bdcd6feb,6b857981-bc86-421b-83e5-21547a04e764,709966af-c963-4755-96c0-10eef6c98385,1632651002982,13.4376652,52.4934178,0.00047893985,0.030980587,0.018537402,0.06710529,on bike mount,cyclo cross,True,sett,intermediate
a96b5a89-73b3-47d2-ba91-3e06bdcd6feb,6b857981-bc86-421b-83e5-21547a04e764,1ca5c294-f0d4-4d3b-88eb-829621be431b,1632651003032,13.4376652,52.4934178,0.00047893985,-0.012765408,0.018826127,0.0541296,on bike mount,cyclo cross,True,sett,intermediate
a96b5a89-73b3-47d2-ba91-3e06bdcd6feb,6b857981-bc86-421b-83e5-21547a04e764,3d66baba-f211-4165-839c-b7f5c7c55a7f,1632651003099,13.4376652,52.4934178,0.00047893985,-0.087272644,-0.04365301,0.042690277,on bike mount,cyclo cross,True,sett,intermediate
a96b5a89-73b3-47d2-ba91-3e06bdcd6feb,6b857981-bc86-421b-83e5-21547a04e764,f2c2644e-b647-4bec-bd6c-1156fd84f8c4,1632651003149,13.4376657,52.4934177,0.0003722268,-0.020516157,-0.012363672,0.009013176,on bike mount,cyclo cross,True,sett,intermediate
a96b5a89-73b3-47d2-ba91-3e06bdcd6feb,6b857981-bc86-421b-83e5-21547a04e764,94c4c9a2-5a86-4278-8d8a-0b3150d3f8e9,1632651003200,13.4376657,52.4934177,0.0003722268,0.00073218346,0.017397404,-0.0030183792,on bike mount,cyclo cross,True,sett,intermediate
a96b5a89-73b3-47d2-ba91-3e06bdcd6feb,6b857981-bc86-421b-83e5-21547a04e764,b1692407-014e-4a6b-8f9e-180c488c733b,1632651003266,13.4376657,52.4934177,0.0003722268,0.014097691,-0.00525856,0.03281784,on bike mount,cyclo cross,True,sett,intermediate
a96b5a89-73b3-47d2-ba91-3e06bdcd6feb,6b857981-bc86-421b-83e5-21547a04e764,476841ca-759a-480f-9e1b-f7cdffc27055,1632651003316,13.4376657,52.4934177,0.0003722268,-0.03178358,-0.008346915,-0.004734993,on bike mount,cyclo cross,True,sett,intermediate
a96b5a89-73b3-47d2-ba91-3e06bdcd6feb,6b857981-bc86-421b-83e5-21547a04e764,f8825979-84d9-4d29-9dcc-3114f20583c1,1632651003367,13.4376657,52.4934177,0.0003722268,0.014802694,0.0034148693,0.012208939,on bike mount,cyclo cross,True,sett,intermediate
a96b5a89-73b3-47d2-ba91-3e06bdcd6feb,6b857981-bc86-421b-83e5-21547a04e764,d0cca4e9-25ec-4b94-8930-6c628608c566,1632651003433,13.4376657,52.4934177,0.0003722268,0.014493704,0.040679693,0.03140068,on bike mount,cyclo cross,True,sett,intermediate
a96b5a89-73b3-47d2-ba91-3e06bdcd6feb,6b857981-bc86-421b-83e5-21547a04e764,4c2c8a65-2ca9-43ba-b194-aa5bfd9fab1d,1632651003500,13.4376657,52.4934177,0.0003722268,-0.042606354,-0.009773254,-0.03371048,on bike mount,cyclo cross,True,sett,intermediate
a96b5a89-73b3-47d2-ba91-3e06bdcd6feb,6b857981-bc86-421b-83e5-21547a04e764,ec244410-50db-4a3b-bde7-faa95908ad7c,1632651003566,13.4376657,52.4934177,0.0003722268,0.025874138,0.019050002,-0.014009476,on bike mount,cyclo cross,True,sett,intermediate
a96b5a89-73b3-47d2-ba91-3e06bdcd6feb,6b857981-bc86-421b-83e5-21547a04e764,84b65f05-2bba-411d-b10b-b1950085cf9a,1632651003633,13.4376657,52.4934177,0.0003722268,0.008386612,-0.008250117,0.09619236,on bike mount,cyclo cross,True,sett,intermediate
a96b5a89-73b3-47d2-ba91-3e06bdcd6feb,6b857981-bc86-421b-83e5-21547a04e764,db4d2b6b-4995-455c-92e7-6bb75be4288d,1632651003683,13.4376657,52.4934177,0.0003722268,-0.03751278,-0.023996234,0.030963898,on bike mount,cyclo cross,True,sett,intermediate
a96b5a89-73b3-47d2-ba91-3e06bdcd6feb,6b857981-bc86-421b-83e5-21547a04e764,c7db05a4-89d9-4c43-9fd1-49a20d761fe1,1632651003733,13.4376657,52.4934177,0.0003722268,-0.011932611,0.031367302,0.007977486,on bike mount,cyclo cross,True,sett,intermediate
a96b5a89-73b3-47d2-ba91-3e06bdcd6feb,6b857981-bc86-421b-83e5-21547a04e764,19dd21c9-ee58-47d9-92ae-df13365509c3,1632651003783,13.4376657,52.4934177,0.0003722268,0.00911355,0.040239215,0.099814415,on bike mount,cyclo cross,True,sett,intermediate
a96b5a89-73b3-47d2-ba91-3e06bdcd6feb,6b857981-bc86-421b-83e5-21547a04e764,bea36ed4-0af9-4acf-af05-0ae108537f93,1632651003850,13.4376657,52.4934177,0.0003722268,0.019046068,-0.04595828,0.0129413605,on bike mount,cyclo cross,True,sett,intermediate
a96b5a89-73b3-47d2-ba91-3e06bdcd6feb,6b857981-bc86-421b-83e5-21547a04e764,3db6bdee-a275-490d-8523-be5d1b050d12,1632651003900,13.4376657,52.4934177,0.0003722268,0.033325434,-0.019586325,0.03360939,on bike mount,cyclo cross,True,sett,intermediate
a96b5a89-73b3-47d2-ba91-3e06bdcd6feb,6b857981-bc86-421b-83e5-21547a04e764,64b5c326-e1a3-4397-a57d-bea785b623dc,1632651003950,13.4376657,52.4934177,0.0003722268,-0.006989956,0.023074627,0.0012712479,on bike mount,cyclo cross,True,sett,intermediate
a96b5a89-73b3-47d2-ba91-3e06bdcd6feb,6b857981-bc86-421b-83e5-21547a04e764,1a5d40e8-2af3-48db-ac2d-3c4db484794a,1632651004017,13.4376657,52.4934177,0.0003722268,-0.013440371,0.038203,0.007361412,on bike mount,cyclo cross,True,sett,intermediate
a96b5a89-73b3-47d2-ba91-3e06bdcd6feb,6b857981-bc86-421b-83e5-21547a04e764,ea7ec1eb-2982-4585-940c-f426a4559534,1632651004084,13.4376657,52.4934177,0.0003722268,-0.01559639,0.041078925,0.02270031,on bike mount,cyclo cross,True,sett,intermediate
a96b5a89-73b3-47d2-ba91-3e06bdcd6feb,6b857981-bc86-421b-83e5-21547a04e764,b356cc12-d7fb-4061-bf57-c67d1d9c6dcf,1632651004151,13.4376679,52.4934107,0.011972615,0.018265724,0.019727945,0.028822899,on bike mount,cyclo cross,True,sett,intermediate
a96b5a89-73b3-47d2-ba91-3e06bdcd6feb,6b857981-bc86-421b-83e5-21547a04e764,2095c49c-141b-4b70-8b34-57b18c6d3b65,1632651004217,13.4376679,52.4934107,0.011972615,0.020660877,-0.011935353,0.036226273,on bike mount,cyclo cross,True,sett,intermediate
a96b5a89-73b3-47d2-ba91-3e06bdcd6feb,6b857981-bc86-421b-83e5-21547a04e764,c0f85425-1237-4dec-ae19-f83336217279,1632651004268,13.4376679,52.4934107,0.011972615,-0.028410196,-0.016702294,0.0488863,on bike mount,cyclo cross,True,sett,intermediate
a96b5a89-73b3-47d2-ba91-3e06bdcd6feb,6b857981-bc86-421b-83e5-21547a04e764,c4c86af3-0cf5-423e-92a5-a912c28cf50b,1632651004334,13.4376679,52.4934107,0.011972615,-0.0065727234,0.034155726,-0.038855553,on bike mount,cyclo cross,True,sett,intermediate
a96b5a89-73b3-47d2-ba91-3e06bdcd6feb,6b857981-bc86-421b-83e5-21547a04e764,02a00aca-2dce-458a-94c0-063422e9e0c7,1632651004385,13.4376679,52.4934107,0.011972615,0.0067329407,0.046228647,0.04818058,on bike mount,cyclo cross,True,sett,intermediate
a96b5a89-73b3-47d2-ba91-3e06bdcd6feb,6b857981-bc86-421b-83e5-21547a04e764,cd5e28bf-0961-4e74-8655-57c0e19626d2,1632651004452,13.4376679,52.4934107,0.011972615,-0.012121677,-0.036757827,0.0025720596,on bike mount,cyclo cross,True,sett,intermediate
a96b5a89-73b3-47d2-ba91-3e06bdcd6feb,6b857981-bc86-421b-83e5-21547a04e764,2e8c19af-b8bf-47e8-a3f6-48d2d7b0d6ec,1632651004518,13.4376679,52.4934107,0.011972615,0.021494389,-0.017380595,0.010088921,on bike mount,cyclo cross,True,sett,intermediate
a96b5a89-73b3-47d2-ba91-3e06bdcd6feb,6b857981-bc86-421b-83e5-21547a04e764,595653f7-13a1-4e88-ac92-5e1d5c96a3fc,1632651004584,13.4376679,52.4934107,0.011972615,-0.024488926,-0.006734371,-0.0014514923,on bike mount,cyclo cross,True,sett,intermediate
a96b5a89-73b3-47d2-ba91-3e06bdcd6feb,6b857981-bc86-421b-83e5-21547a04e764,23a4e367-9b32-4b6f-be4b-85589125b2d0,1632651004651,13.4376679,52.4934107,0.011972615,0.013916731,0.013688922,0.028029442,on bike mount,cyclo cross,True,sett,intermediate
a96b5a89-73b3-47d2-ba91-3e06bdcd6feb,6b857981-bc86-421b-83e5-21547a04e764,1e231589-5afc-433d-9d95-98586e3f449b,1632651004718,13.4376679,52.4934107,0.011972615,0.02473116,0.034588456,0.048436165,on bike mount,cyclo cross,True,sett,intermediate
a96b5a89-73b3-47d2-ba91-3e06bdcd6feb,6b857981-bc86-421b-83e5-21547a04e764,cd748b36-5238-4576-ab2d-d2a1fed2bb55,1632651004770,13.4376689,52.4934074,0.14032248,0.03467083,0.019595742,0.008913994,on bike mount,cyclo cross,True,sett,intermediate
a96b5a89-73b3-47d2-ba91-3e06bdcd6feb,6b857981-bc86-421b-83e5-21547a04e764,c50aad6c-cf9d-41f3-8cca-728a6fb32c0c,1632651004835,13.4376689,52.4934074,0.14032248,-0.027271748,-0.012194157,0.048039436,on bike mount,cyclo cross,True,sett,intermediate
a96b5a89-73b3-47d2-ba91-3e06bdcd6feb,6b857981-bc86-421b-83e5-21547a04e764,da0c4b15-156c-414a-9ec7-eafd2cef47c0,1632651004902,13.4376689,52.4934074,0.14032248,-0.007368803,-0.018507838,-0.039782524,on bike mount,cyclo cross,True,sett,intermediate
a96b5a89-73b3-47d2-ba91-3e06bdcd6feb,6b857981-bc86-421b-83e5-21547a04e764,bf044615-d84f-4eb8-8c08-dae3b6ec68c3,1632651004969,13.4376689,52.4934074,0.14032248,-0.004710436,0.048356175,-0.031780243,on bike mount,cyclo cross,True,sett,intermediate
a96b5a89-73b3-47d2-ba91-3e06bdcd6feb,6b857981-bc86-421b-83e5-21547a04e764,b5b1ceb7-c0ac-443f-8e1e-0b7b1eb85adc,1632651005035,13.4376689,52.4934074,0.14032248,0.025517225,-0.0158422,0.090765,on bike mount,cyclo cross,True,sett,intermediate
a96b5a89-73b3-47d2-ba91-3e06bdcd6feb,6b857981-bc86-421b-83e5-21547a04e764,c1d62b0d-8930-483f-aae0-fc9e5ef7825a,1632651005087,13.4376689,52.4934074,0.14032248,0.005015373,-0.006071806,-0.0025615692,on bike mount,cyclo cross,True,sett,intermediate
a96b5a89-73b3-47d2-ba91-3e06bdcd6feb,6b857981-bc86-421b-83e5-21547a04e764,36b1339b-aeb1-4836-984f-d2136d61385d,1632651005152,13.4376689,52.4934074,0.14032248,0.018762827,-0.009304881,0.017897606,on bike mount,cyclo cross,True,sett,intermediate
a96b5a89-73b3-47d2-ba91-3e06bdcd6feb,6b857981-bc86-421b-83e5-21547a04e764,efc8c48d-c19a-4583-82f7-c6ed4a1a9af8,1632651005219,13.4376689,52.4934074,0.14032248,-0.006644249,0.008383155,-0.032297134,on bike mount,cyclo cross,True,sett,intermediate
a96b5a89-73b3-47d2-ba91-3e06bdcd6feb,6b857981-bc86-421b-83e5-21547a04e764,1bca04b2-64a4-4154-b7d3-ba7dbfc81d5d,1632651005286,13.4376689,52.4934074,0.14032248,-0.0140936375,-0.028607845,0.05585289,on bike mount,cyclo cross,True,sett,intermediate
a96b5a89-73b3-47d2-ba91-3e06bdcd6feb,6b857981-bc86-421b-83e5-21547a04e764,31af849e-d919-48ee-a359-ca575eb682fa,1632651005352,13.4376689,52.4934074,0.14032248,0.005486965,-0.00658679,0.02189064,on bike mount,cyclo cross,True,sett,intermediate
a96b5a89-73b3-47d2-ba91-3e06bdcd6feb,6b857981-bc86-421b-83e5-21547a04e764,d97fc300-2c6f-4235-b101-454016f1c81b,1632651005419,13.4376689,52.4934074,0.14032248,-0.017074347,0.011804819,0.018136978,on bike mount,cyclo cross,True,sett,intermediate
a96b5a89-73b3-47d2-ba91-3e06bdcd6feb,6b857981-bc86-421b-83e5-21547a04e764,7d2c2ec9-36a5-4e23-9fff-7953e9aa37a5,1632651005469,13.4376689,52.4934074,0.14032248,-0.04458499,0.0027714968,0.015254974,on bike mount,cyclo cross,True,sett,intermediate
a96b5a89-73b3-47d2-ba91-3e06bdcd6feb,6b857981-bc86-421b-83e5-21547a04e764,a25789ac-2648-4a82-a828-653892b448a6,1632651005519,13.4376689,52.4934074,0.14032248,-0.0047318935,0.0014032125,-0.030729294,on bike mount,cyclo cross,True,sett,intermediate
a96b5a89-73b3-47d2-ba91-3e06bdcd6feb,6b857981-bc86-421b-83e5-21547a04e764,18061592-1e90-44e1-a571-7e63fdfa785d,1632651005570,13.4376689,52.4934074,0.14032248,0.00019812584,-0.003106594,0.029773712,on bike mount,cyclo cross,True,sett,intermediate
a96b5a89-73b3-47d2-ba91-3e06bdcd6feb,6b857981-bc86-421b-83e5-21547a04e764,18ca5b22-e761-42d8-9f74-04a4334b5410,1632651005637,13.4376689,52.4934074,0.14032248,0.007584572,-0.002964735,0.04423523,on bike mount,cyclo cross,True,sett,intermediate
a96b5a89-73b3-47d2-ba91-3e06bdcd6feb,6b857981-bc86-421b-83e5-21547a04e764,d1d2945a-087c-497b-b05a-70344fd2a726,1632651005704,13.4376689,52.4934074,0.14032248,0.042345762,0.007944822,0.01401329,on bike mount,cyclo cross,True,sett,intermediate
a96b5a89-73b3-47d2-ba91-3e06bdcd6feb,6b857981-bc86-421b-83e5-21547a04e764,2bf5e5a9-e614-4ac9-9d2d-2e42eba61b82,1632651005753,13.4376689,52.4934074,0.14032248,-0.029555082,-0.007856607,0.014059067,on bike mount,cyclo cross,True,sett,intermediate
a96b5a89-73b3-47d2-ba91-3e06bdcd6feb,6b857981-bc86-421b-83e5-21547a04e764,e29615e9-b479-4c3b-a2f0-db76500d18b0,1632651005820,13.4376689,52.4934074,0.14032248,0.0867393,0.026354551,-0.006556511,on bike mount,cyclo cross,True,sett,intermediate
a96b5a89-73b3-47d2-ba91-3e06bdcd6feb,6b857981-bc86-421b-83e5-21547a04e764,3c69239e-ab52-4dea-a7d0-ef0e5b69dcef,1632651005887,13.4376689,52.4934074,0.14032248,-0.08835602,0.11977053,-0.0010900497,on bike mount,cyclo cross,True,sett,intermediate
a96b5a89-73b3-47d2-ba91-3e06bdcd6feb,6b857981-bc86-421b-83e5-21547a04e764,4052c68d-5d7f-468f-8d35-f38ea7e7a205,1632651005953,13.4376689,52.4934074,0.14032248,-0.019087791,-0.010030866,-0.012414932,on bike mount,cyclo cross,True,sett,intermediate
a96b5a89-73b3-47d2-ba91-3e06bdcd6feb,6b857981-bc86-421b-83e5-21547a04e764,9253e752-7735-4654-9442-9ca7d3aaa89b,1632651006003,13.4376689,52.4934074,0.14032248,-0.09120083,-0.026156068,0.052908897,on bike mount,cyclo cross,True,sett,intermediate
a96b5a89-73b3-47d2-ba91-3e06bdcd6feb,6b857981-bc86-421b-83e5-21547a04e764,d117f9a5-540a-4d86-978b-9d174a62150c,1632651006053,13.4376689,52.4934074,0.14032248,0.059408665,0.0752902,-0.039074898,on bike mount,cyclo cross,True,sett,intermediate
a96b5a89-73b3-47d2-ba91-3e06bdcd6feb,6b857981-bc86-421b-83e5-21547a04e764,3bce7bbc-a71b-4c99-8624-446870eb026c,1632651006107,13.4376709,52.4934038,0.20994392,0.11099219,0.13610494,0.03065586,on bike mount,cyclo cross,True,sett,intermediate
a96b5a89-73b3-47d2-ba91-3e06bdcd6feb,6b857981-bc86-421b-83e5-21547a04e764,838c4c8a-e09f-4eda-85a1-9aea5ff09b4f,1632651006170,13.4376709,52.4934038,0.20994392,0.014448404,-0.03242922,0.013542175,on bike mount,cyclo cross,True,sett,intermediate
a96b5a89-73b3-47d2-ba91-3e06bdcd6feb,6b857981-bc86-421b-83e5-21547a04e764,56c9f4c6-310a-4c33-83ff-8ecfe6329f3b,1632651006221,13.4376709,52.4934038,0.20994392,-0.0082297325,-0.14207387,0.036293983,on bike mount,cyclo cross,True,sett,intermediate
a96b5a89-73b3-47d2-ba91-3e06bdcd6feb,6b857981-bc86-421b-83e5-21547a04e764,557a646d-5bff-4107-b165-7ad170211d48,1632651006287,13.4376709,52.4934038,0.20994392,-0.068754435,-0.16149259,-0.005797386,on bike mount,cyclo cross,True,sett,intermediate
a96b5a89-73b3-47d2-ba91-3e06bdcd6feb,6b857981-bc86-421b-83e5-21547a04e764,46088d7a-e157-4a10-976a-307ad8598ced,1632651006337,13.4376709,52.4934038,0.20994392,-0.01260066,-0.0064502954,0.013502121,on bike mount,cyclo cross,True,sett,intermediate
a96b5a89-73b3-47d2-ba91-3e06bdcd6feb,6b857981-bc86-421b-83e5-21547a04e764,bae40c3a-73d0-4eb0-a075-06421ed91fb7,1632651006388,13.4376709,52.4934038,0.20994392,-0.010784864,0.095541835,-0.009473801,on bike mount,cyclo cross,True,sett,intermediate
a96b5a89-73b3-47d2-ba91-3e06bdcd6feb,6b857981-bc86-421b-83e5-21547a04e764,e11727fb-d256-436e-a451-f7ec072bea38,1632651006454,13.4376709,52.4934038,0.20994392,0.024315834,-0.04001355,0.029075623,on bike mount,cyclo cross,True,sett,intermediate
a96b5a89-73b3-47d2-ba91-3e06bdcd6feb,6b857981-bc86-421b-83e5-21547a04e764,5f409cb3-0457-44cf-87a4-9cb4950ca230,1632651006505,13.4376709,52.4934038,0.20994392,-0.03416252,-0.019183874,0.027409554,on bike mount,cyclo cross,True,sett,intermediate
a96b5a89-73b3-47d2-ba91-3e06bdcd6feb,6b857981-bc86-421b-83e5-21547a04e764,f2af6ee1-13c8-4d51-a6ee-b768fc7dbcf9,1632651006572,13.4376709,52.4934038,0.20994392,0.043218613,0.033675075,-0.025298119,on bike mount,cyclo cross,True,sett,intermediate
a96b5a89-73b3-47d2-ba91-3e06bdcd6feb,6b857981-bc86-421b-83e5-21547a04e764,6318c308-7ee6-4e0e-9e9f-4a88120554a3,1632651006638,13.4376709,52.4934038,0.20994392,0.032841444,0.047505975,0.04351425,on bike mount,cyclo cross,True,sett,intermediate
a96b5a89-73b3-47d2-ba91-3e06bdcd6feb,6b857981-bc86-421b-83e5-21547a04e764,ae4e8aa2-40ac-4550-a763-75adf5522b9a,1632651006704,13.4376709,52.4934038,0.20994392,0.0019314289,0.06503141,0.0013284683,on bike mount,cyclo cross,True,sett,intermediate
a96b5a89-73b3-47d2-ba91-3e06bdcd6feb,6b857981-bc86-421b-83e5-21547a04e764,2207c864-c2db-4078-a8b4-f933c0039f78,1632651006771,13.4376709,52.4934038,0.20994392,0.0015597343,0.016860485,0.0028524399,on bike mount,cyclo cross,True,sett,intermediate
a96b5a89-73b3-47d2-ba91-3e06bdcd6feb,6b857981-bc86-421b-83e5-21547a04e764,1ba62e85-b974-4287-a938-90ecde66ed7e,1632651006838,13.4376709,52.4934038,0.20994392,0.017927647,0.024079323,-0.017523766,on bike mount,cyclo cross,True,sett,intermediate
a96b5a89-73b3-47d2-ba91-3e06bdcd6feb,6b857981-bc86-421b-83e5-21547a04e764,2a51284a-fea4-4ca7-9174-6c736df6a384,1632651006905,13.4376709,52.4934038,0.20994392,-0.02653122,-0.02464211,-0.02557373,on bike mount,cyclo cross,True,sett,intermediate
a96b5a89-73b3-47d2-ba91-3e06bdcd6feb,6b857981-bc86-421b-83e5-21547a04e764,e0a0d6e4-eba9-4dcf-b7ae-1fdf7044d5a6,1632651006972,13.4376709,52.4934038,0.20994392,0.06716061,0.047581553,0.05903244,on bike mount,cyclo cross,True,sett,intermediate
a96b5a89-73b3-47d2-ba91-3e06bdcd6feb,6b857981-bc86-421b-83e5-21547a04e764,c0067546-4ca0-4ce4-a739-79bb61426dd2,1632651007038,13.4376709,52.4934038,0.20994392,-0.0043702126,-0.023012757,0.03217411,on bike mount,cyclo cross,True,sett,intermediate
a96b5a89-73b3-47d2-ba91-3e06bdcd6feb,6b857981-bc86-421b-83e5-21547a04e764,1fb8f094-1cb1-4032-b41b-c08af8131210,1632651007093,13.437671,52.4934035,0.112355605,-0.018168211,-0.020563722,0.059022903,on bike mount,cyclo cross,True,sett,intermediate
a96b5a89-73b3-47d2-ba91-3e06bdcd6feb,6b857981-bc86-421b-83e5-21547a04e764,18310de2-d3ab-458e-bcc9-e2be0e379587,1632651007155,13.437671,52.4934035,0.112355605,0.0071308613,-0.008046031,-0.008652687,on bike mount,cyclo cross,True,sett,intermediate
a96b5a89-73b3-47d2-ba91-3e06bdcd6feb,6b857981-bc86-421b-83e5-21547a04e764,a0e77acc-9a02-4dc5-bb5b-9dbf22564f6a,1632651007222,13.437671,52.4934035,0.112355605,-0.0121097565,-0.004196048,-0.0070934296,on bike mount,cyclo cross,True,sett,intermediate
a96b5a89-73b3-47d2-ba91-3e06bdcd6feb,6b857981-bc86-421b-83e5-21547a04e764,91e035b8-91ef-411b-aa88-f6a1123957ee,1632651007289,13.437671,52.4934035,0.112355605,-0.02249217,0.0044517517,0.010523796,on bike mount,cyclo cross,True,sett,intermediate
a96b5a89-73b3-47d2-ba91-3e06bdcd6feb,6b857981-bc86-421b-83e5-21547a04e764,9256da90-b9a7-44cf-adf8-72b9a8c843d9,1632651007355,13.437671,52.4934035,0.112355605,-0.01181674,0.04137528,-0.018461227,on bike mount,cyclo cross,True,sett,intermediate
a96b5a89-73b3-47d2-ba91-3e06bdcd6feb,6b857981-bc86-421b-83e5-21547a04e764,0b0c3108-c99a-40e8-9094-d80451bbd076,1632651007406,13.437671,52.4934035,0.112355605,-0.017455101,-0.005568385,-0.00086307526,on bike mount,cyclo cross,True,sett,intermediate
a96b5a89-73b3-47d2-ba91-3e06bdcd6feb,6b857981-bc86-421b-83e5-21547a04e764,0499b20b-ebe9-4ddc-99d9-e3aca96ab05a,1632651007473,13.437671,52.4934035,0.112355605,-0.011750221,-0.019188404,0.02850914,on bike mount,cyclo cross,True,sett,intermediate
a96b5a89-73b3-47d2-ba91-3e06bdcd6feb,6b857981-bc86-421b-83e5-21547a04e764,4e0c2d96-49e5-40a3-828e-59fb16d08f7d,1632651007539,13.437671,52.4934035,0.112355605,0.0306046,0.024220109,0.0132312775,on bike mount,cyclo cross,True,sett,intermediate
a96b5a89-73b3-47d2-ba91-3e06bdcd6feb,6b857981-bc86-421b-83e5-21547a04e764,a1f7d6b6-419f-4401-82a5-70ce9dc120da,1632651007606,13.437671,52.4934035,0.112355605,-0.0016655922,0.021066427,0.058182716,on bike mount,cyclo cross,True,sett,intermediate
a96b5a89-73b3-47d2-ba91-3e06bdcd6feb,6b857981-bc86-421b-83e5-21547a04e764,8160ec5c-14d9-47ec-9170-55aeb1620b7d,1632651007673,13.437671,52.4934035,0.112355605,0.009165525,-0.0077631474,0.009568214,on bike mount,cyclo cross,True,sett,intermediate
a96b5a89-73b3-47d2-ba91-3e06bdcd6feb,6b857981-bc86-421b-83e5-21547a04e764,c1793bbf-7ea5-42e0-b703-5346bdb97b2a,1632651007739,13.437671,52.4934035,0.112355605,0.039520264,-0.018927097,0.024910927,on bike mount,cyclo cross,True,sett,intermediate
a96b5a89-73b3-47d2-ba91-3e06bdcd6feb,6b857981-bc86-421b-83e5-21547a04e764,925c8242-af7a-46d4-9a7b-dda177dcb7f0,1632651007789,13.437671,52.4934035,0.112355605,-0.014269114,0.0077232122,0.0061836243,on bike mount,cyclo cross,True,sett,intermediate
a96b5a89-73b3-47d2-ba91-3e06bdcd6feb,6b857981-bc86-421b-83e5-21547a04e764,20c6a7b9-0c75-4e1b-85df-61a76176f412,1632651007840,13.437671,52.4934035,0.112355605,0.0010659695,-0.012154222,-0.0076932907,on bike mount,cyclo cross,True,sett,intermediate
a96b5a89-73b3-47d2-ba91-3e06bdcd6feb,6b857981-bc86-421b-83e5-21547a04e764,9b57f1cf-8e51-4b60-ba3b-70c1a1bb4741,1632651007906,13.437671,52.4934035,0.112355605,-0.058032274,-0.029241204,-0.009139061,on bike mount,cyclo cross,True,sett,intermediate
a96b5a89-73b3-47d2-ba91-3e06bdcd6feb,6b857981-bc86-421b-83e5-21547a04e764,e465cdf4-b001-44b7-aca3-7c69526394e0,1632651007956,13.437671,52.4934035,0.112355605,0.0049493313,-0.0022855997,-0.025154114,on bike mount,cyclo cross,True,sett,intermediate
a96b5a89-73b3-47d2-ba91-3e06bdcd6feb,5ee405e4-461c-4e97-8822-e3084d83ad76,855856ab-5bb3-4786-826e-6914e2edd260,1632651000706,13.4376654,52.4934177,0.00084240263,-0.033385992,-0.00074470043,0.012641907,on bike mount,cyclo cross,True,sett,intermediate
a96b5a89-73b3-47d2-ba91-3e06bdcd6feb,5ee405e4-461c-4e97-8822-e3084d83ad76,e0d5804e-7c52-4c71-a74f-aac7bdada743,1632651000775,13.4376654,52.4934177,0.00084240263,0.0280447,-0.036252737,0.023762703,on bike mount,cyclo cross,True,sett,intermediate
a96b5a89-73b3-47d2-ba91-3e06bdcd6feb,5ee405e4-461c-4e97-8822-e3084d83ad76,8c0348ab-b98c-4cfc-b05a-f0378cd7bc81,1632651000830,13.4376654,52.4934177,0.00084240263,-0.013345003,-0.027601361,0.037452698,on bike mount,cyclo cross,True,sett,intermediate
a96b5a89-73b3-47d2-ba91-3e06bdcd6feb,5ee405e4-461c-4e97-8822-e3084d83ad76,f838830a-f654-4d41-97ed-4f54f85077ed,1632651000896,13.4376654,52.4934177,0.00084240263,0.07886505,0.058408856,-0.019953728,on bike mount,cyclo cross,True,sett,intermediate
a96b5a89-73b3-47d2-ba91-3e06bdcd6feb,5ee405e4-461c-4e97-8822-e3084d83ad76,2a901464-96fc-477b-b32c-4501a41efeb5,1632651000963,13.4376654,52.4934177,0.00084240263,0.0121126175,0.05314684,0.03148842,on bike mount,cyclo cross,True,sett,intermediate
a96b5a89-73b3-47d2-ba91-3e06bdcd6feb,5ee405e4-461c-4e97-8822-e3084d83ad76,8d0e7d47-9e1a-4542-944e-25b618886fcc,1632651001030,13.4376654,52.4934177,0.00084240263,-0.012051344,0.027143717,0.02029705,on bike mount,cyclo cross,True,sett,intermediate
a96b5a89-73b3-47d2-ba91-3e06bdcd6feb,5ee405e4-461c-4e97-8822-e3084d83ad76,1aaf09f2-d69f-4b41-91a4-ec87385c2917,1632651001096,13.4376654,52.4934177,0.00084240263,-0.04273963,0.05896032,0.010140419,on bike mount,cyclo cross,True,sett,intermediate
a96b5a89-73b3-47d2-ba91-3e06bdcd6feb,5ee405e4-461c-4e97-8822-e3084d83ad76,2c5bd47e-e34c-4df5-8a80-cddfba346ce3,1632651001163,13.4376645,52.4934179,0.00025343595,0.048038006,0.1272881,0.001912117,on bike mount,cyclo cross,True,sett,intermediate
a96b5a89-73b3-47d2-ba91-3e06bdcd6feb,5ee405e4-461c-4e97-8822-e3084d83ad76,7b8c3f27-cb00-4f40-887a-f9802e25d9cc,1632651001230,13.4376645,52.4934179,0.00025343595,-0.28603625,-0.097670496,-0.017554283,on bike mount,cyclo cross,True,sett,intermediate
a96b5a89-73b3-47d2-ba91-3e06bdcd6feb,5ee405e4-461c-4e97-8822-e3084d83ad76,7bf9e2b0-11b1-485b-b30e-de71ccad96ac,1632651001296,13.4376645,52.4934179,0.00025343595,0.08472395,0.03573227,-0.07639408,on bike mount,cyclo cross,True,sett,intermediate
a96b5a89-73b3-47d2-ba91-3e06bdcd6feb,5ee405e4-461c-4e97-8822-e3084d83ad76,0d6e7220-577f-49d0-8fd9-f51925671573,1632651001363,13.4376645,52.4934179,0.00025343595,-0.05006671,-0.105725646,0.07526302,on bike mount,cyclo cross,True,sett,intermediate
a96b5a89-73b3-47d2-ba91-3e06bdcd6feb,5ee405e4-461c-4e97-8822-e3084d83ad76,84d6a3f2-4f85-4e1d-94d0-456f5518c9db,1632651001413,13.4376645,52.4934179,0.00025343595,-0.039249897,-0.25065696,0.032958984,on bike mount,cyclo cross,True,sett,intermediate
a96b5a89-73b3-47d2-ba91-3e06bdcd6feb,5ee405e4-461c-4e97-8822-e3084d83ad76,d7e46d2c-3db9-4eb3-b1a9-2b85338ffe74,1632651001463,13.4376645,52.4934179,0.00025343595,0.00847435,-0.123304605,0.005042076,on bike mount,cyclo cross,True,sett,intermediate
a96b5a89-73b3-47d2-ba91-3e06bdcd6feb,5ee405e4-461c-4e97-8822-e3084d83ad76,6033275f-da9e-43f8-9ade-fe1253902613,1632651001513,13.4376645,52.4934179,0.00025343595,0.027504921,-0.06295496,0.07779312,on bike mount,cyclo cross,True,sett,intermediate
a96b5a89-73b3-47d2-ba91-3e06bdcd6feb,5ee405e4-461c-4e97-8822-e3084d83ad76,b295e7ac-3e63-48f8-a5fa-a2550563c3d9,1632651001580,13.4376645,52.4934179,0.00025343595,0.118059635,0.024563432,0.04578209,on bike mount,cyclo cross,True,sett,intermediate
a96b5a89-73b3-47d2-ba91-3e06bdcd6feb,5ee405e4-461c-4e97-8822-e3084d83ad76,659b38bc-b930-4869-820e-1c2d9d3be2af,1632651001630,13.4376645,52.4934179,0.00025343595,0.046149254,-0.024786592,0.064538,on bike mount,cyclo cross,True,sett,intermediate
a96b5a89-73b3-47d2-ba91-3e06bdcd6feb,5ee405e4-461c-4e97-8822-e3084d83ad76,c88d0ad8-6ef3-4010-b06a-d234d2c17665,1632651001681,13.4376645,52.4934179,0.00025343595,-0.020772934,-0.02195847,0.032650948,on bike mount,cyclo cross,True,sett,intermediate
a96b5a89-73b3-47d2-ba91-3e06bdcd6feb,5ee405e4-461c-4e97-8822-e3084d83ad76,e6ac96b1-859d-47a2-852c-86b1a322bbe7,1632651001747,13.4376645,52.4934179,0.00025343595,-0.013089895,0.0052298307,-0.028505325,on bike mount,cyclo cross,True,sett,intermediate
a96b5a89-73b3-47d2-ba91-3e06bdcd6feb,5ee405e4-461c-4e97-8822-e3084d83ad76,96f2ddac-ebf8-4582-9280-72e347f595eb,1632651001814,13.4376645,52.4934179,0.00025343595,-0.053895473,0.11602056,-0.011581421,on bike mount,cyclo cross,True,sett,intermediate
a96b5a89-73b3-47d2-ba91-3e06bdcd6feb,5ee405e4-461c-4e97-8822-e3084d83ad76,48f175bd-903c-49c4-b0d8-408ab62d2d4b,1632651001881,13.4376645,52.4934179,0.00025343595,-0.03177309,0.051308155,-0.011117935,on bike mount,cyclo cross,True,sett,intermediate
a96b5a89-73b3-47d2-ba91-3e06bdcd6feb,5ee405e4-461c-4e97-8822-e3084d83ad76,087f7347-30d8-467c-89ef-04fb82db0ba9,1632651001947,13.4376645,52.4934179,0.00025343595,0.0054528713,0.0395844,-0.030420303,on bike mount,cyclo cross,True,sett,intermediate
a96b5a89-73b3-47d2-ba91-3e06bdcd6feb,5ee405e4-461c-4e97-8822-e3084d83ad76,805fecd4-9459-488c-a2bb-498fac04b792,1632651002014,13.4376645,52.4934179,0.00025343595,0.04002762,0.059437275,0.065244675,on bike mount,cyclo cross,True,sett,intermediate
a96b5a89-73b3-47d2-ba91-3e06bdcd6feb,5ee405e4-461c-4e97-8822-e3084d83ad76,aabea237-fb75-486c-9909-387e2fc9d2ac,1632651002064,13.4376645,52.4934179,0.00025343595,0.07169175,0.0784533,0.038154602,on bike mount,cyclo cross,True,sett,intermediate
a96b5a89-73b3-47d2-ba91-3e06bdcd6feb,5ee405e4-461c-4e97-8822-e3084d83ad76,2f8f653b-241b-4ce9-802e-df31e868c014,1632651002115,13.4376652,52.4934178,0.00047893985,0.029538155,0.009136438,0.021287918,on bike mount,cyclo cross,True,sett,intermediate
a96b5a89-73b3-47d2-ba91-3e06bdcd6feb,5ee405e4-461c-4e97-8822-e3084d83ad76,196bdf45-58c0-473e-b9e1-e3e2e777175b,1632651002181,13.4376652,52.4934178,0.00047893985,0.040370703,0.0049966574,0.051808357,on bike mount,cyclo cross,True,sett,intermediate
a96b5a89-73b3-47d2-ba91-3e06bdcd6feb,5ee405e4-461c-4e97-8822-e3084d83ad76,53c7504c-9e90-4b0f-b88f-7bafa6942a15,1632651002231,13.4376652,52.4934178,0.00047893985,0.026365519,-0.03488195,0.015687943,on bike mount,cyclo cross,True,sett,intermediate
a96b5a89-73b3-47d2-ba91-3e06bdcd6feb,5ee405e4-461c-4e97-8822-e3084d83ad76,fb2f1c69-e573-4e6f-93af-e243f5debd70,1632651002282,13.4376652,52.4934178,0.00047893985,-0.0063040257,-0.008730769,0.049277306,on bike mount,cyclo cross,True,sett,intermediate
a96b5a89-73b3-47d2-ba91-3e06bdcd6feb,5ee405e4-461c-4e97-8822-e3084d83ad76,1361faee-b845-46b1-89c8-d1fc868a8ed8,1632651002348,13.4376652,52.4934178,0.00047893985,-0.02844286,0.030933142,0.026389122,on bike mount,cyclo cross,True,sett,intermediate
a96b5a89-73b3-47d2-ba91-3e06bdcd6feb,5ee405e4-461c-4e97-8822-e3084d83ad76,0de924bf-241e-445c-a5bb-8bbe993279ad,1632651002399,13.4376652,52.4934178,0.00047893985,0.021027803,0.015835762,0.034065247,on bike mount,cyclo cross,True,sett,intermediate
a96b5a89-73b3-47d2-ba91-3e06bdcd6feb,5ee405e4-461c-4e97-8822-e3084d83ad76,50e0c553-d29a-495e-8666-001f7b034427,1632651002465,13.4376652,52.4934178,0.00047893985,-0.027668476,0.01224947,0.0074090958,on bike mount,cyclo cross,True,sett,intermediate
a96b5a89-73b3-47d2-ba91-3e06bdcd6feb,5ee405e4-461c-4e97-8822-e3084d83ad76,ce815da1-7746-451f-a223-5f2e232d6e69,1632651002532,13.4376652,52.4934178,0.00047893985,-0.034347296,-0.0004196167,0.003686905,on bike mount,cyclo cross,True,sett,intermediate
a96b5a89-73b3-47d2-ba91-3e06bdcd6feb,5ee405e4-461c-4e97-8822-e3084d83ad76,d1617901-f05d-452e-aee7-80c7a958835d,1632651002598,13.4376652,52.4934178,0.00047893985,0.019506931,0.021208405,0.01543808,on bike mount,cyclo cross,True,sett,intermediate
a96b5a89-73b3-47d2-ba91-3e06bdcd6feb,5ee405e4-461c-4e97-8822-e3084d83ad76,ca483d12-9ef1-4af9-8ac2-65ddbd3af405,1632651002665,13.4376652,52.4934178,0.00047893985,0.019201994,0.012372494,0.035393715,on bike mount,cyclo cross,True,sett,intermediate
a96b5a89-73b3-47d2-ba91-3e06bdcd6feb,5ee405e4-461c-4e97-8822-e3084d83ad76,97621727-79a8-4fe9-a5db-7bb4e9f071c9,1632651002732,13.4376652,52.4934178,0.00047893985,0.0017096996,0.018623948,0.034729958,on bike mount,cyclo cross,True,sett,intermediate
a96b5a89-73b3-47d2-ba91-3e06bdcd6feb,5ee405e4-461c-4e97-8822-e3084d83ad76,4c431e0d-7479-47f8-90fc-448119f60a73,1632651002799,13.4376652,52.4934178,0.00047893985,0.025124073,-0.025149465,0.007917404,on bike mount,cyclo cross,True,sett,intermediate
a96b5a89-73b3-47d2-ba91-3e06bdcd6feb,5ee405e4-461c-4e97-8822-e3084d83ad76,36a6b409-aea3-4070-9721-63abfc3eaeb2,1632651002866,13.4376652,52.4934178,0.00047893985,-0.012596846,-0.025527,0.018654823,on bike mount,cyclo cross,True,sett,intermediate
a96b5a89-73b3-47d2-ba91-3e06bdcd6feb,5ee405e4-461c-4e97-8822-e3084d83ad76,e45ceed8-9dc7-4f19-bc22-5fd914169c35,1632651002932,13.4376652,52.4934178,0.00047893985,0.004897833,-0.03458035,-0.003411293,on bike mount,cyclo cross,True,sett,intermediate
a96b5a89-73b3-47d2-ba91-3e06bdcd6feb,5ee405e4-461c-4e97-8822-e3084d83ad76,0e550734-1e3c-4e11-9d31-de54c7afad75,1632651002983,13.4376652,52.4934178,0.00047893985,-0.0057361126,0.020394087,0.023534775,on bike mount,cyclo cross,True,sett,intermediate
a96b5a89-73b3-47d2-ba91-3e06bdcd6feb,5ee405e4-461c-4e97-8822-e3084d83ad76,97f4991a-6003-4fe6-a22e-53bc2f42adb7,1632651003049,13.4376652,52.4934178,0.00047893985,0.025137186,-0.061067104,0.057909966,on bike mount,cyclo cross,True,sett,intermediate
a96b5a89-73b3-47d2-ba91-3e06bdcd6feb,5ee405e4-461c-4e97-8822-e3084d83ad76,d4b86ac7-11ec-4ff7-a2fa-f0b6cc004c66,1632651003116,13.4376657,52.4934177,0.0003722268,-0.040721893,-0.04844868,0.008166313,on bike mount,cyclo cross,True,sett,intermediate
a96b5a89-73b3-47d2-ba91-3e06bdcd6feb,5ee405e4-461c-4e97-8822-e3084d83ad76,efdb4755-ab37-43f2-a10e-3a5ff0e82ba1,1632651003182,13.4376657,52.4934177,0.0003722268,0.02317214,-0.024106622,0.024401665,on bike mount,cyclo cross,True,sett,intermediate
a96b5a89-73b3-47d2-ba91-3e06bdcd6feb,5ee405e4-461c-4e97-8822-e3084d83ad76,14f29bc6-1051-495c-94d5-9a8fd5de4546,1632651003233,13.4376657,52.4934177,0.0003722268,-0.022331715,0.031551957,0.042941093,on bike mount,cyclo cross,True,sett,intermediate
a96b5a89-73b3-47d2-ba91-3e06bdcd6feb,5ee405e4-461c-4e97-8822-e3084d83ad76,c3850dcd-dc8c-4079-873e-0b6bdbb8826a,1632651003299,13.4376657,52.4934177,0.0003722268,0.007762432,4.7445297e-05,0.0046844482,on bike mount,cyclo cross,True,sett,intermediate
a96b5a89-73b3-47d2-ba91-3e06bdcd6feb,5ee405e4-461c-4e97-8822-e3084d83ad76,207bc326-6e40-450b-96df-3a02121ec889,1632651003366,13.4376657,52.4934177,0.0003722268,0.025269508,0.03735125,0.0342865,on bike mount,cyclo cross,True,sett,intermediate
a96b5a89-73b3-47d2-ba91-3e06bdcd6feb,5ee405e4-461c-4e97-8822-e3084d83ad76,742a39d1-2061-4f49-82a6-5f6dcff31eba,1632651003416,13.4376657,52.4934177,0.0003722268,-0.05011487,0.048502922,-0.014588356,on bike mount,cyclo cross,True,sett,intermediate
a96b5a89-73b3-47d2-ba91-3e06bdcd6feb,5ee405e4-461c-4e97-8822-e3084d83ad76,2a801ff8-5976-4af1-9a1c-6970efb56c07,1632651003466,13.4376657,52.4934177,0.0003722268,0.0023071766,0.020828009,0.004421234,on bike mount,cyclo cross,True,sett,intermediate
a96b5a89-73b3-47d2-ba91-3e06bdcd6feb,5ee405e4-461c-4e97-8822-e3084d83ad76,b1b6224c-33dd-476b-b21e-366fd20fd77f,1632651003516,13.4376657,52.4934177,0.0003722268,-0.009165764,0.008990645,0.001742363,on bike mount,cyclo cross,True,sett,intermediate
a96b5a89-73b3-47d2-ba91-3e06bdcd6feb,5ee405e4-461c-4e97-8822-e3084d83ad76,a0a138af-9881-4400-b4e2-e0375bc26c95,1632651003567,13.4376657,52.4934177,0.0003722268,0.0022082329,-0.014623404,0.019848824,on bike mount,cyclo cross,True,sett,intermediate
a96b5a89-73b3-47d2-ba91-3e06bdcd6feb,5ee405e4-461c-4e97-8822-e3084d83ad76,a7dde5b7-b9a2-464d-baa1-ad15eccae9bb,1632651003634,13.4376657,52.4934177,0.0003722268,0.008386612,-0.008250117,0.09619236,on bike mount,cyclo cross,True,sett,intermediate
a96b5a89-73b3-47d2-ba91-3e06bdcd6feb,5ee405e4-461c-4e97-8822-e3084d83ad76,e5888ad9-be86-4c2d-84b8-7bd1e8457fc2,1632651003700,13.4376657,52.4934177,0.0003722268,-0.013418198,-0.011121392,0.020217896,on bike mount,cyclo cross,True,sett,intermediate
a96b5a89-73b3-47d2-ba91-3e06bdcd6feb,5ee405e4-461c-4e97-8822-e3084d83ad76,ff2e5e38-5c2f-451d-a380-da2bb6244aba,1632651003750,13.4376657,52.4934177,0.0003722268,0.012795687,0.0037521124,-0.034254074,on bike mount,cyclo cross,True,sett,intermediate
a96b5a89-73b3-47d2-ba91-3e06bdcd6feb,5ee405e4-461c-4e97-8822-e3084d83ad76,5ac4a277-b77d-4fef-8865-6971def58c94,1632651003800,13.4376657,52.4934177,0.0003722268,-0.014160395,0.03167224,0.046027184,on bike mount,cyclo cross,True,sett,intermediate
a96b5a89-73b3-47d2-ba91-3e06bdcd6feb,5ee405e4-461c-4e97-8822-e3084d83ad76,08bf68a5-0d20-4090-960c-7b68e7d73783,1632651003851,13.4376657,52.4934177,0.0003722268,0.019046068,-0.04595828,0.0129413605,on bike mount,cyclo cross,True,sett,intermediate
a96b5a89-73b3-47d2-ba91-3e06bdcd6feb,5ee405e4-461c-4e97-8822-e3084d83ad76,c22966fd-6f56-4943-8504-4cd1bea8e96c,1632651003917,13.4376657,52.4934177,0.0003722268,0.015091896,0.010371923,0.020563126,on bike mount,cyclo cross,True,sett,intermediate
a96b5a89-73b3-47d2-ba91-3e06bdcd6feb,5ee405e4-461c-4e97-8822-e3084d83ad76,6ee5f404-672a-4351-a5e2-032e5b687ee3,1632651003984,13.4376657,52.4934177,0.0003722268,-0.017429113,0.038044095,0.030286789,on bike mount,cyclo cross,True,sett,intermediate
a96b5a89-73b3-47d2-ba91-3e06bdcd6feb,5ee405e4-461c-4e97-8822-e3084d83ad76,8e70b624-8ef5-4702-82f0-5c0bc1c6b2ea,1632651004051,13.4376657,52.4934177,0.0003722268,-0.041893482,-0.026670218,0.01662159,on bike mount,cyclo cross,True,sett,intermediate
a96b5a89-73b3-47d2-ba91-3e06bdcd6feb,5ee405e4-461c-4e97-8822-e3084d83ad76,6eb2dc6d-9e3c-4d29-bdae-4fc2c3146d96,1632651004117,13.4376679,52.4934107,0.011972615,-0.020751715,0.0340209,0.012832642,on bike mount,cyclo cross,True,sett,intermediate
a96b5a89-73b3-47d2-ba91-3e06bdcd6feb,5ee405e4-461c-4e97-8822-e3084d83ad76,d9d07566-6283-4225-a262-52298c1a817f,1632651004184,13.4376679,52.4934107,0.011972615,0.026767492,0.0042467117,0.026293755,on bike mount,cyclo cross,True,sett,intermediate
a96b5a89-73b3-47d2-ba91-3e06bdcd6feb,5ee405e4-461c-4e97-8822-e3084d83ad76,daba1d9b-01df-4376-94c3-00c42dce6d47,1632651004251,13.4376679,52.4934107,0.011972615,-0.013962746,-0.0307585,-0.0052757263,on bike mount,cyclo cross,True,sett,intermediate
a96b5a89-73b3-47d2-ba91-3e06bdcd6feb,5ee405e4-461c-4e97-8822-e3084d83ad76,901539f6-1941-46c6-ba65-37d076e88abf,1632651004318,13.4376679,52.4934107,0.011972615,0.007570982,0.033032656,-0.020747185,on bike mount,cyclo cross,True,sett,intermediate
a96b5a89-73b3-47d2-ba91-3e06bdcd6feb,5ee405e4-461c-4e97-8822-e3084d83ad76,9e251b68-9df1-48d1-8616-689fd4a23382,1632651004384,13.4376679,52.4934107,0.011972615,0.04135394,0.029040098,0.021899223,on bike mount,cyclo cross,True,sett,intermediate
a96b5a89-73b3-47d2-ba91-3e06bdcd6feb,5ee405e4-461c-4e97-8822-e3084d83ad76,9c1222ad-76bf-4db4-9ed1-fc5b80751613,1632651004451,13.4376679,52.4934107,0.011972615,-0.008209467,0.009717226,0.0066394806,on bike mount,cyclo cross,True,sett,intermediate
a96b5a89-73b3-47d2-ba91-3e06bdcd6feb,5ee405e4-461c-4e97-8822-e3084d83ad76,c0873669-582d-4f55-b34b-9f49da159adc,1632651004501,13.4376679,52.4934107,0.011972615,0.00663352,-0.045166016,-0.0072278976,on bike mount,cyclo cross,True,sett,intermediate
a96b5a89-73b3-47d2-ba91-3e06bdcd6feb,5ee405e4-461c-4e97-8822-e3084d83ad76,251c56c4-4312-423b-8ac1-5ba13a81e50a,1632651004551,13.4376679,52.4934107,0.011972615,-0.011183977,-0.004454255,0.015443802,on bike mount,cyclo cross,True,sett,intermediate
a96b5a89-73b3-47d2-ba91-3e06bdcd6feb,5ee405e4-461c-4e97-8822-e3084d83ad76,fc69a27b-b5bc-40a6-952c-a0f7ad6e24a2,1632651004617,13.4376679,52.4934107,0.011972615,-0.032047033,0.004630685,0.052256584,on bike mount,cyclo cross,True,sett,intermediate
a96b5a89-73b3-47d2-ba91-3e06bdcd6feb,5ee405e4-461c-4e97-8822-e3084d83ad76,bb4e51e4-fb69-4bae-b0bc-9e37d2057d69,1632651004668,13.4376679,52.4934107,0.011972615,0.032070875,-0.0031040907,0.025410652,on bike mount,cyclo cross,True,sett,intermediate
a96b5a89-73b3-47d2-ba91-3e06bdcd6feb,5ee405e4-461c-4e97-8822-e3084d83ad76,225c1b47-484a-4462-b7ea-34bf74ca2add,1632651004735,13.4376679,52.4934107,0.011972615,-0.024904251,0.0137171745,-0.014105797,on bike mount,cyclo cross,True,sett,intermediate
a96b5a89-73b3-47d2-ba91-3e06bdcd6feb,5ee405e4-461c-4e97-8822-e3084d83ad76,ac31c8c0-c5f8-4ec7-b67b-6648b4f40f48,1632651004801,13.4376689,52.4934074,0.14032248,0.04395652,0.006165862,0.05338955,on bike mount,cyclo cross,True,sett,intermediate
a96b5a89-73b3-47d2-ba91-3e06bdcd6feb,5ee405e4-461c-4e97-8822-e3084d83ad76,def1d586-d550-4e9c-a44f-8c1f5741002c,1632651004868,13.4376689,52.4934074,0.14032248,-0.057336807,-0.007966876,-0.0010890961,on bike mount,cyclo cross,True,sett,intermediate
a96b5a89-73b3-47d2-ba91-3e06bdcd6feb,5ee405e4-461c-4e97-8822-e3084d83ad76,37781fd7-e39a-43d3-957b-6f2383a4fb75,1632651004919,13.4376689,52.4934074,0.14032248,0.011307001,-4.196167e-05,-0.016409874,on bike mount,cyclo cross,True,sett,intermediate
a96b5a89-73b3-47d2-ba91-3e06bdcd6feb,5ee405e4-461c-4e97-8822-e3084d83ad76,5b9dfbe1-9555-4a2c-baf3-83799f8e8eff,1632651004985,13.4376689,52.4934074,0.14032248,0.0028059483,0.040510774,0.018021584,on bike mount,cyclo cross,True,sett,intermediate
a96b5a89-73b3-47d2-ba91-3e06bdcd6feb,5ee405e4-461c-4e97-8822-e3084d83ad76,93a1558d-bed6-4f9e-8e2a-177bc4796057,1632651005036,13.4376689,52.4934074,0.14032248,0.025517225,-0.0158422,0.090765,on bike mount,cyclo cross,True,sett,intermediate
a96b5a89-73b3-47d2-ba91-3e06bdcd6feb,5ee405e4-461c-4e97-8822-e3084d83ad76,a463fe25-fb5a-4145-a332-6b4b717dc9f2,1632651005102,13.4376689,52.4934074,0.14032248,-0.0071644783,-0.0019133091,0.009689331,on bike mount,cyclo cross,True,sett,intermediate
a96b5a89-73b3-47d2-ba91-3e06bdcd6feb,5ee405e4-461c-4e97-8822-e3084d83ad76,7ac0a905-d3fc-4544-9a2d-c7a2fd947585,1632651005169,13.4376689,52.4934074,0.14032248,0.00032496452,-0.016676307,0.025603294,on bike mount,cyclo cross,True,sett,intermediate
a96b5a89-73b3-47d2-ba91-3e06bdcd6feb,5ee405e4-461c-4e97-8822-e3084d83ad76,06b9cbad-0546-4c37-807d-aa197f9472e0,1632651005236,13.4376689,52.4934074,0.14032248,-0.008165121,-0.038179636,0.03667164,on bike mount,cyclo cross,True,sett,intermediate
a96b5a89-73b3-47d2-ba91-3e06bdcd6feb,5ee405e4-461c-4e97-8822-e3084d83ad76,220c8300-27c7-47fe-8e9f-40e300a43d48,1632651005302,13.4376689,52.4934074,0.14032248,-0.017185926,0.0045012236,0.02189064,on bike mount,cyclo cross,True,sett,intermediate
a96b5a89-73b3-47d2-ba91-3e06bdcd6feb,5ee405e4-461c-4e97-8822-e3084d83ad76,913ca42a-c7f8-4f67-83b7-eeb97b5bf243,1632651005369,13.4376689,52.4934074,0.14032248,0.019062042,-0.00059235096,0.009870529,on bike mount,cyclo cross,True,sett,intermediate
a96b5a89-73b3-47d2-ba91-3e06bdcd6feb,5ee405e4-461c-4e97-8822-e3084d83ad76,55d86e9b-4aea-478d-9919-f1a41ad9a853,1632651005436,13.4376689,52.4934074,0.14032248,0.02189064,0.044594526,0.025224686,on bike mount,cyclo cross,True,sett,intermediate
a96b5a89-73b3-47d2-ba91-3e06bdcd6feb,5ee405e4-461c-4e97-8822-e3084d83ad76,c3839fc1-c300-4678-b3ae-5ad23b4ff456,1632651005503,13.4376689,52.4934074,0.14032248,-0.018081903,0.02673018,-8.106232e-05,on bike mount,cyclo cross,True,sett,intermediate
a96b5a89-73b3-47d2-ba91-3e06bdcd6feb,5ee405e4-461c-4e97-8822-e3084d83ad76,f5821114-272d-4f6a-84ae-9022e6553744,1632651005569,13.4376689,52.4934074,0.14032248,0.00019812584,-0.003106594,0.029773712,on bike mount,cyclo cross,True,sett,intermediate
a96b5a89-73b3-47d2-ba91-3e06bdcd6feb,5ee405e4-461c-4e97-8822-e3084d83ad76,5403586f-282f-4217-b477-8b07fae1bd2b,1632651005636,13.4376689,52.4934074,0.14032248,0.02385354,0.034621716,0.04092121,on bike mount,cyclo cross,True,sett,intermediate
a96b5a89-73b3-47d2-ba91-3e06bdcd6feb,5ee405e4-461c-4e97-8822-e3084d83ad76,6b07aa69-f5e1-4a86-b0f4-f51a7ab915db,1632651005703,13.4376689,52.4934074,0.14032248,0.042345762,0.007944822,0.01401329,on bike mount,cyclo cross,True,sett,intermediate
a96b5a89-73b3-47d2-ba91-3e06bdcd6feb,5ee405e4-461c-4e97-8822-e3084d83ad76,7fce50f4-a3aa-403b-8f18-ab3b98f58f2d,1632651005770,13.4376689,52.4934074,0.14032248,0.05141163,-0.026206732,0.020454407,on bike mount,cyclo cross,True,sett,intermediate
a96b5a89-73b3-47d2-ba91-3e06bdcd6feb,5ee405e4-461c-4e97-8822-e3084d83ad76,0622abd7-53f0-47a4-87b4-a45d3c398952,1632651005837,13.4376689,52.4934074,0.14032248,-0.007963181,0.043638825,0.032883644,on bike mount,cyclo cross,True,sett,intermediate
a96b5a89-73b3-47d2-ba91-3e06bdcd6feb,5ee405e4-461c-4e97-8822-e3084d83ad76,dea5fb00-5ae0-48ac-aa0f-719ccf9c47e8,1632651005903,13.4376689,52.4934074,0.14032248,-0.019341469,0.062462926,0.029706955,on bike mount,cyclo cross,True,sett,intermediate
a96b5a89-73b3-47d2-ba91-3e06bdcd6feb,5ee405e4-461c-4e97-8822-e3084d83ad76,53edda1c-5828-4265-939c-f2eb7ae1ab18,1632651005954,13.4376689,52.4934074,0.14032248,-0.04593253,-0.008024693,-0.02909565,on bike mount,cyclo cross,True,sett,intermediate
a96b5a89-73b3-47d2-ba91-3e06bdcd6feb,5ee405e4-461c-4e97-8822-e3084d83ad76,2731b6d1-6bc5-48e7-808d-b3ae2d3f35d1,1632651006020,13.4376689,52.4934074,0.14032248,0.014881134,-0.026913762,0.0605793,on bike mount,cyclo cross,True,sett,intermediate
a96b5a89-73b3-47d2-ba91-3e06bdcd6feb,5ee405e4-461c-4e97-8822-e3084d83ad76,9db4c539-120a-4bd2-84b3-30d1d58f7183,1632651006070,13.4376689,52.4934074,0.14032248,0.089556694,0.111533165,0.009306908,on bike mount,cyclo cross,True,sett,intermediate
a96b5a89-73b3-47d2-ba91-3e06bdcd6feb,5ee405e4-461c-4e97-8822-e3084d83ad76,d85f0937-9070-442e-9443-44c0bc4a703f,1632651006120,13.4376709,52.4934038,0.20994392,0.07038975,0.080935836,-0.0014219284,on bike mount,cyclo cross,True,sett,intermediate
a96b5a89-73b3-47d2-ba91-3e06bdcd6feb,5ee405e4-461c-4e97-8822-e3084d83ad76,b00bfe19-033f-49b2-88e9-e02b707b851a,1632651006187,13.4376709,52.4934038,0.20994392,-0.026818037,-0.087590694,-0.016440392,on bike mount,cyclo cross,True,sett,intermediate
a96b5a89-73b3-47d2-ba91-3e06bdcd6feb,5ee405e4-461c-4e97-8822-e3084d83ad76,55cf5bea-1e57-4cef-860a-c4aa38673f9e,1632651006254,13.4376709,52.4934038,0.20994392,-0.0069696903,-0.20130646,0.006205559,on bike mount,cyclo cross,True,sett,intermediate
a96b5a89-73b3-47d2-ba91-3e06bdcd6feb,5ee405e4-461c-4e97-8822-e3084d83ad76,34942729-b662-453d-90d0-769bdea6bded,1632651006321,13.4376709,52.4934038,0.20994392,-0.018232584,0.002098918,-0.0037822723,on bike mount,cyclo cross,True,sett,intermediate
a96b5a89-73b3-47d2-ba91-3e06bdcd6feb,5ee405e4-461c-4e97-8822-e3084d83ad76,4fd764c7-e210-4cfe-8ae7-3613c21e259a,1632651006387,13.4376709,52.4934038,0.20994392,-0.010784864,0.095541835,-0.009473801,on bike mount,cyclo cross,True,sett,intermediate
a96b5a89-73b3-47d2-ba91-3e06bdcd6feb,5ee405e4-461c-4e97-8822-e3084d83ad76,1b0a883d-62e0-4066-8800-3015b479ac71,1632651006437,13.4376709,52.4934038,0.20994392,0.009497166,0.013491988,0.025326729,on bike mount,cyclo cross,True,sett,intermediate
a96b5a89-73b3-47d2-ba91-3e06bdcd6feb,5ee405e4-461c-4e97-8822-e3084d83ad76,6c555aff-30fb-4762-914f-7455a03ab8aa,1632651006504,13.4376709,52.4934038,0.20994392,-0.03416252,-0.019183874,0.027409554,on bike mount,cyclo cross,True,sett,intermediate
a96b5a89-73b3-47d2-ba91-3e06bdcd6feb,5ee405e4-461c-4e97-8822-e3084d83ad76,3f0a4e6a-aa1a-4d07-a9a5-6dc219b27c83,1632651006571,13.4376709,52.4934038,0.20994392,0.053878307,0.0066360235,-0.0056505203,on bike mount,cyclo cross,True,sett,intermediate
a96b5a89-73b3-47d2-ba91-3e06bdcd6feb,5ee405e4-461c-4e97-8822-e3084d83ad76,648f3418-9ddb-481d-809a-c30bae280e60,1632651006638,13.4376709,52.4934038,0.20994392,0.032841444,0.047505975,0.04351425,on bike mount,cyclo cross,True,sett,intermediate
a96b5a89-73b3-47d2-ba91-3e06bdcd6feb,5ee405e4-461c-4e97-8822-e3084d83ad76,df413311-2a32-48b0-a4f6-d0665ecf7352,1632651006705,13.4376709,52.4934038,0.20994392,0.0019314289,0.06503141,0.0013284683,on bike mount,cyclo cross,True,sett,intermediate
a96b5a89-73b3-47d2-ba91-3e06bdcd6feb,5ee405e4-461c-4e97-8822-e3084d83ad76,2e904611-7f6d-470b-86f5-deda3476181b,1632651006772,13.4376709,52.4934038,0.20994392,0.022268057,0.057043314,0.0016546249,on bike mount,cyclo cross,True,sett,intermediate
a96b5a89-73b3-47d2-ba91-3e06bdcd6feb,5ee405e4-461c-4e97-8822-e3084d83ad76,7fc9485c-fd7a-4b6e-98eb-888d303a1f4d,1632651006839,13.4376709,52.4934038,0.20994392,0.017927647,0.024079323,-0.017523766,on bike mount,cyclo cross,True,sett,intermediate
a96b5a89-73b3-47d2-ba91-3e06bdcd6feb,5ee405e4-461c-4e97-8822-e3084d83ad76,1cc6172f-61c9-4e34-a3c0-ee0e75809254,1632651006888,13.4376709,52.4934038,0.20994392,-0.0057582855,-0.044742703,-0.0040664673,on bike mount,cyclo cross,True,sett,intermediate
a96b5a89-73b3-47d2-ba91-3e06bdcd6feb,5ee405e4-461c-4e97-8822-e3084d83ad76,d2f24fb2-455a-47ca-807f-1af1e72ab782,1632651006938,13.4376709,52.4934038,0.20994392,0.010584593,0.029788733,0.011996269,on bike mount,cyclo cross,True,sett,intermediate
a96b5a89-73b3-47d2-ba91-3e06bdcd6feb,5ee405e4-461c-4e97-8822-e3084d83ad76,65a36c29-eda4-4180-bcfc-72ed8ad05433,1632651006988,13.4376709,52.4934038,0.20994392,0.025403261,-0.005918145,0.01299572,on bike mount,cyclo cross,True,sett,intermediate
a96b5a89-73b3-47d2-ba91-3e06bdcd6feb,5ee405e4-461c-4e97-8822-e3084d83ad76,64340c36-ef74-4fbf-9528-aadedfdffa5b,1632651007039,13.4376709,52.4934038,0.20994392,-0.0043702126,-0.023012757,0.03217411,on bike mount,cyclo cross,True,sett,intermediate
a96b5a89-73b3-47d2-ba91-3e06bdcd6feb,5ee405e4-461c-4e97-8822-e3084d83ad76,f2d4189f-7884-4ab5-9399-5689a46b7db5,1632651007105,13.437671,52.4934035,0.112355605,-0.017454386,-0.010095239,0.015808105,on bike mount,cyclo cross,True,sett,intermediate
a96b5a89-73b3-47d2-ba91-3e06bdcd6feb,5ee405e4-461c-4e97-8822-e3084d83ad76,2e401a71-7521-47b6-9547-caa10ef4203f,1632651007155,13.437671,52.4934035,0.112355605,0.0071308613,-0.008046031,-0.008652687,on bike mount,cyclo cross,True,sett,intermediate
a96b5a89-73b3-47d2-ba91-3e06bdcd6feb,5ee405e4-461c-4e97-8822-e3084d83ad76,a5735737-9286-4dea-b5c3-c4f7fb750769,1632651007205,13.437671,52.4934035,0.112355605,-0.0060486794,-0.00976944,0.0074453354,on bike mount,cyclo cross,True,sett,intermediate
a96b5a89-73b3-47d2-ba91-3e06bdcd6feb,5ee405e4-461c-4e97-8822-e3084d83ad76,d11f77a2-cdf6-465c-a3b5-fd6381e2c523,1632651007272,13.437671,52.4934035,0.112355605,0.0020906925,0.028281927,0.059152603,on bike mount,cyclo cross,True,sett,intermediate
a96b5a89-73b3-47d2-ba91-3e06bdcd6feb,5ee405e4-461c-4e97-8822-e3084d83ad76,2e001389-5aad-4250-824c-aa265ef22376,1632651007339,13.437671,52.4934035,0.112355605,-0.0065276623,0.019965053,0.0052700043,on bike mount,cyclo cross,True,sett,intermediate
a96b5a89-73b3-47d2-ba91-3e06bdcd6feb,5ee405e4-461c-4e97-8822-e3084d83ad76,cac32695-35ca-4737-be53-3092f75b690c,1632651007406,13.437671,52.4934035,0.112355605,-0.017455101,-0.005568385,-0.00086307526,on bike mount,cyclo cross,True,sett,intermediate
a96b5a89-73b3-47d2-ba91-3e06bdcd6feb,5ee405e4-461c-4e97-8822-e3084d83ad76,5df33c15-5a3f-4dca-bb91-a9e2e225bc7a,1632651007472,13.437671,52.4934035,0.112355605,-0.011750221,-0.019188404,0.02850914,on bike mount,cyclo cross,True,sett,intermediate
a96b5a89-73b3-47d2-ba91-3e06bdcd6feb,5ee405e4-461c-4e97-8822-e3084d83ad76,c68f945f-0634-4e4e-9dba-a4907dca5295,1632651007522,13.437671,52.4934035,0.112355605,-7.9631805e-05,0.001355052,0.04770279,on bike mount,cyclo cross,True,sett,intermediate
a96b5a89-73b3-47d2-ba91-3e06bdcd6feb,5ee405e4-461c-4e97-8822-e3084d83ad76,4990c98b-500f-497e-aacc-d4b4625404cc,1632651007573,13.437671,52.4934035,0.112355605,-0.034107924,0.012406945,-0.040398598,on bike mount,cyclo cross,True,sett,intermediate
a96b5a89-73b3-47d2-ba91-3e06bdcd6feb,5ee405e4-461c-4e97-8822-e3084d83ad76,315cce78-b878-462f-ae1d-9d69ab60dc06,1632651007639,13.437671,52.4934035,0.112355605,0.010736704,-0.048577666,0.012270927,on bike mount,cyclo cross,True,sett,intermediate
a96b5a89-73b3-47d2-ba91-3e06bdcd6feb,5ee405e4-461c-4e97-8822-e3084d83ad76,791fe587-0eee-40b4-bc68-b989d5badf57,1632651007689,13.437671,52.4934035,0.112355605,0.0077855587,-0.020183206,0.048754692,on bike mount,cyclo cross,True,sett,intermediate
a96b5a89-73b3-47d2-ba91-3e06bdcd6feb,5ee405e4-461c-4e97-8822-e3084d83ad76,4fea75c7-8d71-4924-b7e7-a88799f7950a,1632651007740,13.437671,52.4934035,0.112355605,-0.028749943,0.023185968,0.05059147,on bike mount,cyclo cross,True,sett,intermediate
a96b5a89-73b3-47d2-ba91-3e06bdcd6feb,5ee405e4-461c-4e97-8822-e3084d83ad76,d86ce2d6-0ffb-4366-b3b6-e148f933a4bf,1632651007806,13.437671,52.4934035,0.112355605,-0.0011839867,-0.015061855,0.013742447,on bike mount,cyclo cross,True,sett,intermediate
a96b5a89-73b3-47d2-ba91-3e06bdcd6feb,5ee405e4-461c-4e97-8822-e3084d83ad76,991a18d7-3234-415c-94cd-f035e50bed1c,1632651007856,13.437671,52.4934035,0.112355605,-0.02434969,-0.020380497,0.0068674088,on bike mount,cyclo cross,True,sett,intermediate
a96b5a89-73b3-47d2-ba91-3e06bdcd6feb,5ee405e4-461c-4e97-8822-e3084d83ad76,a292ccce-f309-4012-ae97-99e38dbc260e,1632651007907,13.437671,52.4934035,0.112355605,-0.058032274,-0.029241204,-0.009139061,on bike mount,cyclo cross,True,sett,intermediate
a96b5a89-73b3-47d2-ba91-3e06bdcd6feb,5ee405e4-461c-4e97-8822-e3084d83ad76,cbfacf71-a556-4c6f-b303-95659e1f5cbb,1632651007973,13.437671,52.4934035,0.112355605,0.014734745,-0.020122766,0.0059051514,on bike mount,cyclo cross,True,sett,intermediate
a96b5a89-73b3-47d2-ba91-3e06bdcd6feb,5ee405e4-461c-4e97-8822-e3084d83ad76,ebe45d07-031c-4d0d-bf1b-870a829a15b0,1632651008023,13.437671,52.4934035,0.112355605,0.008300066,-0.003631115,0.05835247,on bike mount,cyclo cross,True,sett,intermediate
a96b5a89-73b3-47d2-ba91-3e06bdcd6feb,5ee405e4-461c-4e97-8822-e3084d83ad76,1dfd7e08-ba2c-4dc0-bf8e-f34a883d06fc,1632651008074,13.437671,52.4934035,0.112355605,-0.008876085,-0.013538003,-0.013315201,on bike mount,cyclo cross,True,sett,intermediate
a96b5a89-73b3-47d2-ba91-3e06bdcd6feb,5ee405e4-461c-4e97-8822-e3084d83ad76,4fb94734-83af-4f18-98b3-03625d1bea52,1632651008140,13.437671,52.4934037,0.03777494,0.03157997,0.009281993,0.0020341873,on bike mount,cyclo cross,True,sett,intermediate
a96b5a89-73b3-47d2-ba91-3e06bdcd6feb,5ee405e4-461c-4e97-8822-e3084d83ad76,cee4687a-1148-4ed8-ac06-5f26c190c3eb,1632651008207,13.437671,52.4934037,0.03777494,-0.03208375,-0.019195318,0.009693146,on bike mount,cyclo cross,True,sett,intermediate
a96b5a89-73b3-47d2-ba91-3e06bdcd6feb,5ee405e4-461c-4e97-8822-e3084d83ad76,e39505e6-4294-447d-8235-79bbbb390028,1632651008274,13.437671,52.4934037,0.03777494,-0.02861929,-0.045758605,0.04020977,on bike mount,cyclo cross,True,sett,intermediate
a96b5a89-73b3-47d2-ba91-3e06bdcd6feb,5ee405e4-461c-4e97-8822-e3084d83ad76,e29fa613-5e88-4257-ae4c-fe5656bba5fb,1632651008340,13.437671,52.4934037,0.03777494,0.023617506,0.042274833,0.015188217,on bike mount,cyclo cross,True,sett,intermediate
a96b5a89-73b3-47d2-ba91-3e06bdcd6feb,5ee405e4-461c-4e97-8822-e3084d83ad76,2aae5ab1-80b0-4ad9-b69d-9cedd5c6ede7,1632651008407,13.437671,52.4934037,0.03777494,0.051717043,0.030604124,0.016937256,on bike mount,cyclo cross,True,sett,intermediate
a96b5a89-73b3-47d2-ba91-3e06bdcd6feb,5ee405e4-461c-4e97-8822-e3084d83ad76,f9473b54-74ce-44ea-9b82-c1feed1efb4c,1632651008457,13.437671,52.4934037,0.03777494,-0.032249928,-0.0114735365,0.024406433,on bike mount,cyclo cross,True,sett,intermediate
a96b5a89-73b3-47d2-ba91-3e06bdcd6feb,5ee405e4-461c-4e97-8822-e3084d83ad76,ac5875f4-42bf-4dc0-a794-c6a533808c79,1632651008524,13.437671,52.4934037,0.03777494,0.037417173,0.032490015,0.03421879,on bike mount,cyclo cross,True,sett,intermediate
a96b5a89-73b3-47d2-ba91-3e06bdcd6feb,5ee405e4-461c-4e97-8822-e3084d83ad76,74d16361-d878-4266-a4f2-248bbbec612a,1632651008591,13.437671,52.4934037,0.03777494,0.036927223,0.050441384,0.024538994,on bike mount,cyclo cross,True,sett,intermediate
a96b5a89-73b3-47d2-ba91-3e06bdcd6feb,5ee405e4-461c-4e97-8822-e3084d83ad76,804ea684-aa52-4118-9128-ff9a52b884a1,1632651008658,13.437671,52.4934037,0.03777494,-0.0198555,0.017514825,0.020583153,on bike mount,cyclo cross,True,sett,intermediate
a96b5a89-73b3-47d2-ba91-3e06bdcd6feb,5ee405e4-461c-4e97-8822-e3084d83ad76,75f856fe-84af-4caf-85e6-6418da2d1e7f,1632651008724,13.437671,52.4934037,0.03777494,0.013035774,-0.020088553,0.041654587,on bike mount,cyclo cross,True,sett,intermediate
a96b5a89-73b3-47d2-ba91-3e06bdcd6feb,5ee405e4-461c-4e97-8822-e3084d83ad76,bceeb032-f3fb-47cb-863e-f8727c629183,1632651008791,13.437671,52.4934037,0.03777494,0.02162981,-0.012860537,0.024311066,on bike mount,cyclo cross,True,sett,intermediate
a96b5a89-73b3-47d2-ba91-3e06bdcd6feb,5ee405e4-461c-4e97-8822-e3084d83ad76,978c2693-e138-49a4-9364-6157eecd45fc,1632651008858,13.437671,52.4934037,0.03777494,0.004498005,-0.0030857325,0.02477932,on bike mount,cyclo cross,True,sett,intermediate
a96b5a89-73b3-47d2-ba91-3e06bdcd6feb,5ee405e4-461c-4e97-8822-e3084d83ad76,146e2134-3adf-4cee-8727-26e754eac14e,1632651008925,13.437671,52.4934037,0.03777494,-0.008174658,0.004665613,0.023087502,on bike mount,cyclo cross,True,sett,intermediate
a96b5a89-73b3-47d2-ba91-3e06bdcd6feb,5ee405e4-461c-4e97-8822-e3084d83ad76,60d92b6f-67f4-40c7-b5d0-4a6bc2d0f4dd,1632651008991,13.437671,52.4934037,0.03777494,-0.025690794,0.011203527,0.036652565,on bike mount,cyclo cross,True,sett,intermediate
a96b5a89-73b3-47d2-ba91-3e06bdcd6feb,5ee405e4-461c-4e97-8822-e3084d83ad76,0107668b-ed77-42ff-b022-0c45312334b1,1632651009058,13.437671,52.4934037,0.03777494,-0.0010256767,0.009685874,-0.012937546,on bike mount,cyclo cross,True,sett,intermediate
a96b5a89-73b3-47d2-ba91-3e06bdcd6feb,5ee405e4-461c-4e97-8822-e3084d83ad76,4177233d-1c08-4246-b0e2-51bc1c85c916,1632651009108,13.4376709,52.4934039,0.004438757,-0.0120744705,0.026032686,-0.0061588287,on bike mount,cyclo cross,True,sett,intermediate
a96b5a89-73b3-47d2-ba91-3e06bdcd6feb,5ee405e4-461c-4e97-8822-e3084d83ad76,46aecb74-b1c7-4e5c-afbf-23a1e3c58cf4,1632651009158,13.4376709,52.4934039,0.004438757,0.038145542,-0.038764834,-0.020359993,on bike mount,cyclo cross,True,sett,intermediate
a96b5a89-73b3-47d2-ba91-3e06bdcd6feb,5ee405e4-461c-4e97-8822-e3084d83ad76,9a3036e9-a7b9-4386-8114-700050f75185,1632651009225,13.4376709,52.4934039,0.004438757,-0.032802343,-0.022275329,0.016701698,on bike mount,cyclo cross,True,sett,intermediate
a96b5a89-73b3-47d2-ba91-3e06bdcd6feb,5ee405e4-461c-4e97-8822-e3084d83ad76,201fdc3e-56bc-49e4-9393-d943768f3068,1632651009275,13.4376709,52.4934039,0.004438757,0.029237032,0.030424953,0.008981705,on bike mount,cyclo cross,True,sett,intermediate
a96b5a89-73b3-47d2-ba91-3e06bdcd6feb,5ee405e4-461c-4e97-8822-e3084d83ad76,5becb701-a98d-467a-9e3d-d3a50acef558,1632651009342,13.4376709,52.4934039,0.004438757,-0.025498152,0.06301546,0.033213615,on bike mount,cyclo cross,True,sett,intermediate
a96b5a89-73b3-47d2-ba91-3e06bdcd6feb,5ee405e4-461c-4e97-8822-e3084d83ad76,c8f8bee3-3fde-44f3-bc9b-ce77b98ad21e,1632651009409,13.4376709,52.4934039,0.004438757,0.02876997,-0.035126567,0.067131996,on bike mount,cyclo cross,True,sett,intermediate
a96b5a89-73b3-47d2-ba91-3e06bdcd6feb,5ee405e4-461c-4e97-8822-e3084d83ad76,2934278a-c3ef-46ae-8824-761b6a7035a3,1632651009476,13.4376709,52.4934039,0.004438757,-0.015297651,-0.058734655,0.047208786,on bike mount,cyclo cross,True,sett,intermediate
a96b5a89-73b3-47d2-ba91-3e06bdcd6feb,5ee405e4-461c-4e97-8822-e3084d83ad76,adc61e2a-8e07-4e33-9899-145ffd19268a,1632651009543,13.4376709,52.4934039,0.004438757,0.0063939095,-0.015980482,-0.024388313,on bike mount,cyclo cross,True,sett,intermediate
a96b5a89-73b3-47d2-ba91-3e06bdcd6feb,5ee405e4-461c-4e97-8822-e3084d83ad76,9ea226ce-c669-4f01-814f-743d6d5e8f3c,1632651009609,13.4376709,52.4934039,0.004438757,0.01144743,0.09221709,0.0036420822,on bike mount,cyclo cross,True,sett,intermediate
a96b5a89-73b3-47d2-ba91-3e06bdcd6feb,5ee405e4-461c-4e97-8822-e3084d83ad76,6e558d30-c439-4618-9a8b-32e9999fbf79,1632651009675,13.4376709,52.4934039,0.004438757,0.23325467,-0.7471215,0.4260702,on bike mount,cyclo cross,True,sett,intermediate
a96b5a89-73b3-47d2-ba91-3e06bdcd6feb,5ee405e4-461c-4e97-8822-e3084d83ad76,ee4630cc-099d-4e16-bd31-73f7fef81525,1632651009742,13.4376709,52.4934039,0.004438757,-0.34517145,0.12938726,-0.21602154,on bike mount,cyclo cross,True,sett,intermediate
a96b5a89-73b3-47d2-ba91-3e06bdcd6feb,5ee405e4-461c-4e97-8822-e3084d83ad76,81e4b88a-9a6e-4a50-b5fd-9a785aa4855b,1632651009792,13.4376708,52.4934039,0.003978008,0.009546757,0.12688684,-0.30764008,on bike mount,cyclo cross,True,sett,intermediate
a96b5a89-73b3-47d2-ba91-3e06bdcd6feb,5ee405e4-461c-4e97-8822-e3084d83ad76,e919988a-10cd-45f2-9bef-41dc9a4c3bd4,1632651009859,13.4376708,52.4934039,0.003978008,-0.07284546,-0.05136037,0.13362122,on bike mount,cyclo cross,True,sett,intermediate
a96b5a89-73b3-47d2-ba91-3e06bdcd6feb,5ee405e4-461c-4e97-8822-e3084d83ad76,d037a110-629f-4f73-941e-2d7a51c9163d,1632651009909,13.4376708,52.4934039,0.003978008,-0.005764723,-0.10127771,0.037629128,on bike mount,cyclo cross,True,sett,intermediate
a96b5a89-73b3-47d2-ba91-3e06bdcd6feb,5ee405e4-461c-4e97-8822-e3084d83ad76,f247b2ff-bc78-4de6-8de0-50ee894b0c05,1632651009959,13.4376708,52.4934039,0.003978008,0.09661126,0.043578267,0.025432587,on bike mount,cyclo cross,True,sett,intermediate
a96b5a89-73b3-47d2-ba91-3e06bdcd6feb,5ee405e4-461c-4e97-8822-e3084d83ad76,7f784f5b-a957-4b4b-80fa-c79f47a0efb5,1632651010026,13.4376708,52.4934039,0.003978008,0.08758831,0.065730214,0.057424545,on bike mount,cyclo cross,True,sett,intermediate
a96b5a89-73b3-47d2-ba91-3e06bdcd6feb,5ee405e4-461c-4e97-8822-e3084d83ad76,e4d66961-50a5-4c27-bd90-3f1d78144ace,1632651010077,13.4376708,52.4934039,0.003978008,0.0050952435,0.008915782,0.028532982,on bike mount,cyclo cross,True,sett,intermediate
a96b5a89-73b3-47d2-ba91-3e06bdcd6feb,5ee405e4-461c-4e97-8822-e3084d83ad76,18a48af5-00d1-4571-a80c-dc40d80712c2,1632651010143,13.4376708,52.4934039,0.003978008,-0.082561255,-0.08300269,0.028265,on bike mount,cyclo cross,True,sett,intermediate
a96b5a89-73b3-47d2-ba91-3e06bdcd6feb,5ee405e4-461c-4e97-8822-e3084d83ad76,1a73a11f-258a-4954-a0ae-6442c002554a,1632651010210,13.4376708,52.4934039,0.003978008,0.047503233,0.058779716,0.06419277,on bike mount,cyclo cross,True,sett,intermediate
a96b5a89-73b3-47d2-ba91-3e06bdcd6feb,5ee405e4-461c-4e97-8822-e3084d83ad76,0da9289e-30f2-4b46-9f75-172e99371f77,1632651010276,13.4376708,52.4934039,0.003978008,-0.040371656,0.057491064,0.02456379,on bike mount,cyclo cross,True,sett,intermediate
a96b5a89-73b3-47d2-ba91-3e06bdcd6feb,5ee405e4-461c-4e97-8822-e3084d83ad76,40be4402-1f69-4a5e-8526-4f634c038a53,1632651010343,13.4376708,52.4934039,0.003978008,-0.016026974,0.050860405,-0.018951416,on bike mount,cyclo cross,True,sett,intermediate
a96b5a89-73b3-47d2-ba91-3e06bdcd6feb,5ee405e4-461c-4e97-8822-e3084d83ad76,e651b947-9239-47cf-b5d8-be791db6de38,1632651010410,13.4376708,52.4934039,0.003978008,0.02305293,0.048692465,-0.017547607,on bike mount,cyclo cross,True,sett,intermediate
a96b5a89-73b3-47d2-ba91-3e06bdcd6feb,5ee405e4-461c-4e97-8822-e3084d83ad76,615d97e1-cefa-45f2-9988-91a1a887cb80,1632651010460,13.4376708,52.4934039,0.003978008,0.019604921,-0.006316066,-0.00019741058,on bike mount,cyclo cross,True,sett,intermediate
a96b5a89-73b3-47d2-ba91-3e06bdcd6feb,5ee405e4-461c-4e97-8822-e3084d83ad76,ed7f4d68-eed9-4e12-9745-917b8f59c127,1632651010510,13.4376708,52.4934039,0.003978008,0.051615715,0.0297755,0.009314537,on bike mount,cyclo cross,True,sett,intermediate
a96b5a89-73b3-47d2-ba91-3e06bdcd6feb,5ee405e4-461c-4e97-8822-e3084d83ad76,c7d3d3db-7430-4d4e-9e26-702b7e33cf9a,1632651010561,13.4376708,52.4934039,0.003978008,-0.015162945,-0.0019407272,0.00015449524,on bike mount,cyclo cross,True,sett,intermediate
a96b5a89-73b3-47d2-ba91-3e06bdcd6feb,5ee405e4-461c-4e97-8822-e3084d83ad76,c6866a82-1f81-455f-a8ae-62140f7923ad,1632651010627,13.4376708,52.4934039,0.003978008,0.010502815,-0.034354568,0.028718948,on bike mount,cyclo cross,True,sett,intermediate
a96b5a89-73b3-47d2-ba91-3e06bdcd6feb,5ee405e4-461c-4e97-8822-e3084d83ad76,908444c3-aed5-4c2a-b718-9c4572088517,1632651010677,13.4376708,52.4934039,0.003978008,-0.032262087,-0.055885434,-0.0017337799,on bike mount,cyclo cross,True,sett,intermediate
a96b5a89-73b3-47d2-ba91-3e06bdcd6feb,5ee405e4-461c-4e97-8822-e3084d83ad76,53ecd014-ebef-4898-865f-14cf121e6dbf,1632651010727,13.4376708,52.4934039,0.003978008,0.030358076,0.009028077,0.017606735,on bike mount,cyclo cross,True,sett,intermediate
a96b5a89-73b3-47d2-ba91-3e06bdcd6feb,5ee405e4-461c-4e97-8822-e3084d83ad76,09559d9e-3c98-4bb9-b148-405352dc4530,1632651010777,13.4376708,52.4934039,0.003978008,-0.013987541,-0.05853939,-0.013401985,on bike mount,cyclo cross,True,sett,intermediate
a96b5a89-73b3-47d2-ba91-3e06bdcd6feb,5ee405e4-461c-4e97-8822-e3084d83ad76,411f3e8c-497c-4639-a2ce-fca9f79900d8,1632651010844,13.4376708,52.4934039,0.003978008,-0.054344177,-0.10724175,0.08326435,on bike mount,cyclo cross,True,sett,intermediate
a96b5a89-73b3-47d2-ba91-3e06bdcd6feb,5ee405e4-461c-4e97-8822-e3084d83ad76,903ce94c-e892-47df-98fc-c97631f2e75c,1632651010894,13.4376708,52.4934039,0.003978008,-0.06474161,-0.09302622,0.021717072,on bike mount,cyclo cross,True,sett,intermediate
a96b5a89-73b3-47d2-ba91-3e06bdcd6feb,5ee405e4-461c-4e97-8822-e3084d83ad76,ec2b69df-4220-4dfd-acee-97ffa207aac2,1632651010944,13.4376708,52.4934039,0.003978008,-0.028907776,0.0090738535,0.03510666,on bike mount,cyclo cross,True,sett,intermediate
a96b5a89-73b3-47d2-ba91-3e06bdcd6feb,5ee405e4-461c-4e97-8822-e3084d83ad76,de509d36-72d1-4e34-8f57-86c804f998d2,1632651010994,13.4376708,52.4934039,0.003978008,0.0069286823,0.013481736,-0.0144376755,on bike mount,cyclo cross,True,sett,intermediate
a96b5a89-73b3-47d2-ba91-3e06bdcd6feb,5ee405e4-461c-4e97-8822-e3084d83ad76,6ac61dae-4e1d-4361-ac28-daedcd05df72,1632651011061,13.4376708,52.4934039,0.003978008,-0.010433912,0.0016640425,0.022622108,on bike mount,cyclo cross,True,sett,intermediate
a96b5a89-73b3-47d2-ba91-3e06bdcd6feb,5ee405e4-461c-4e97-8822-e3084d83ad76,6c665bf5-719d-49f2-ab8e-3b9944f1b076,1632651011111,13.4376722,52.4934044,0.04420935,0.014698029,0.021549225,0.0021944046,on bike mount,cyclo cross,True,sett,intermediate
a96b5a89-73b3-47d2-ba91-3e06bdcd6feb,5ee405e4-461c-4e97-8822-e3084d83ad76,82fe7dfc-60b4-41f4-9a40-f9f18b66a66b,1632651011161,13.4376722,52.4934044,0.04420935,0.0121052265,0.018622756,-0.024107933,on bike mount,cyclo cross,True,sett,intermediate
a96b5a89-73b3-47d2-ba91-3e06bdcd6feb,5ee405e4-461c-4e97-8822-e3084d83ad76,7f8d4469-0761-424d-843b-3e65be26cbbc,1632651011228,13.4376722,52.4934044,0.04420935,-0.014075756,0.043674707,0.0018348694,on bike mount,cyclo cross,True,sett,intermediate
a96b5a89-73b3-47d2-ba91-3e06bdcd6feb,5ee405e4-461c-4e97-8822-e3084d83ad76,61b7d0c2-3bc3-4841-a4f7-b2d9abd8975d,1632651011278,13.4376722,52.4934044,0.04420935,-0.0048441887,0.08432984,0.020959854,on bike mount,cyclo cross,True,sett,intermediate
a96b5a89-73b3-47d2-ba91-3e06bdcd6feb,5ee405e4-461c-4e97-8822-e3084d83ad76,8df6fdea-844a-46d1-9593-232965dc20cc,1632651011345,13.4376722,52.4934044,0.04420935,0.010582209,0.004086137,0.0310812,on bike mount,cyclo cross,True,sett,intermediate
a96b5a89-73b3-47d2-ba91-3e06bdcd6feb,5ee405e4-461c-4e97-8822-e3084d83ad76,cdd95616-c12e-4b7c-8307-94692aa15710,1632651011412,13.4376722,52.4934044,0.04420935,0.019305944,0.02027917,0.035730362,on bike mount,cyclo cross,True,sett,intermediate
a96b5a89-73b3-47d2-ba91-3e06bdcd6feb,5ee405e4-461c-4e97-8822-e3084d83ad76,36c44ebd-3ecf-4488-8253-55c32d8ae15f,1632651011478,13.4376722,52.4934044,0.04420935,0.023849249,0.004846692,0.03541279,on bike mount,cyclo cross,True,sett,intermediate
a96b5a89-73b3-47d2-ba91-3e06bdcd6feb,5ee405e4-461c-4e97-8822-e3084d83ad76,32eae431-c50d-4f96-b386-6f21b5ec119a,1632651011529,13.4376722,52.4934044,0.04420935,-0.022456884,-0.0022205114,0.032048225,on bike mount,cyclo cross,True,sett,intermediate
a96b5a89-73b3-47d2-ba91-3e06bdcd6feb,5ee405e4-461c-4e97-8822-e3084d83ad76,1e3d309a-bc98-404f-b5c4-6afbc814fd9c,1632651011595,13.4376722,52.4934044,0.04420935,0.025824547,-0.016304731,0.0044317245,on bike mount,cyclo cross,True,sett,intermediate
a96b5a89-73b3-47d2-ba91-3e06bdcd6feb,5ee405e4-461c-4e97-8822-e3084d83ad76,ba984eea-5aec-491d-a649-bc4933ab4e0e,1632651011646,13.4376722,52.4934044,0.04420935,-0.00954628,0.042640805,0.028060913,on bike mount,cyclo cross,True,sett,intermediate
a96b5a89-73b3-47d2-ba91-3e06bdcd6feb,5ee405e4-461c-4e97-8822-e3084d83ad76,ad595717-038e-4241-91e9-e0278187b6b8,1632651011712,13.4376722,52.4934044,0.04420935,-0.0059235096,-0.026736021,-0.0076761246,on bike mount,cyclo cross,True,sett,intermediate
a96b5a89-73b3-47d2-ba91-3e06bdcd6feb,5ee405e4-461c-4e97-8822-e3084d83ad76,119cf1c8-6a60-4e95-96aa-053b28daf6eb,1632651011762,13.4376722,52.4934044,0.04420935,0.012951851,0.026775718,0.011897087,on bike mount,cyclo cross,True,sett,intermediate
a96b5a89-73b3-47d2-ba91-3e06bdcd6feb,5ee405e4-461c-4e97-8822-e3084d83ad76,039034ea-38a5-477f-9cb2-6af43246aac8,1632651011812,13.4376722,52.4934044,0.04420935,-0.02233529,0.02155304,0.019495964,on bike mount,cyclo cross,True,sett,intermediate
a96b5a89-73b3-47d2-ba91-3e06bdcd6feb,5ee405e4-461c-4e97-8822-e3084d83ad76,4a717a1c-da3e-4c31-936b-eb3ce0dac30d,1632651011879,13.4376722,52.4934044,0.04420935,-0.0004975796,-0.022832513,0.04707241,on bike mount,cyclo cross,True,sett,intermediate
a96b5a89-73b3-47d2-ba91-3e06bdcd6feb,5ee405e4-461c-4e97-8822-e3084d83ad76,86a9c140-85a7-4fcc-9275-aaa739fb9c3a,1632651011929,13.4376722,52.4934044,0.04420935,0.010958672,0.018182993,0.011844635,on bike mount,cyclo cross,True,sett,intermediate
a96b5a89-73b3-47d2-ba91-3e06bdcd6feb,5ee405e4-461c-4e97-8822-e3084d83ad76,b9d17b71-7469-4c0a-aefd-a358ff939c99,1632651011979,13.4376722,52.4934044,0.04420935,0.015998125,-0.012108922,0.033327103,on bike mount,cyclo cross,True,sett,intermediate
a96b5a89-73b3-47d2-ba91-3e06bdcd6feb,5ee405e4-461c-4e97-8822-e3084d83ad76,998b55ff-ca2a-447a-8440-31c8c9d65b89,1632651012029,13.4376722,52.4934044,0.04420935,-0.0026757717,0.008457065,0.006752014,on bike mount,cyclo cross,True,sett,intermediate
a96b5a89-73b3-47d2-ba91-3e06bdcd6feb,5ee405e4-461c-4e97-8822-e3084d83ad76,e36080ae-c237-49fe-a5c6-cda163d781f3,1632651012080,13.4376722,52.4934044,0.04420935,-0.0062539577,0.032491207,-0.023656845,on bike mount,cyclo cross,True,sett,intermediate
a96b5a89-73b3-47d2-ba91-3e06bdcd6feb,5ee405e4-461c-4e97-8822-e3084d83ad76,7eff13d3-cda6-4ad4-af59-3c9a62f645c1,1632651012146,13.4376723,52.4934044,0.025322169,-0.03445244,0.036385298,0.011837006,on bike mount,cyclo cross,True,sett,intermediate
a96b5a89-73b3-47d2-ba91-3e06bdcd6feb,5ee405e4-461c-4e97-8822-e3084d83ad76,aa9f8948-ab45-430f-9c3c-15178ea74b51,1632651012213,13.4376723,52.4934044,0.025322169,0.018452644,0.09620297,-0.034466743,on bike mount,cyclo cross,True,sett,intermediate
a96b5a89-73b3-47d2-ba91-3e06bdcd6feb,5ee405e4-461c-4e97-8822-e3084d83ad76,dcd88135-cd65-4ce4-96eb-75826264c644,1632651012263,13.4376723,52.4934044,0.025322169,-0.031787872,0.07779515,-0.04590702,on bike mount,cyclo cross,True,sett,intermediate
a96b5a89-73b3-47d2-ba91-3e06bdcd6feb,5ee405e4-461c-4e97-8822-e3084d83ad76,1daf238d-cf7c-44a5-8558-0a592f6b0830,1632651012313,13.4376723,52.4934044,0.025322169,0.06302047,0.046740294,0.012098312,on bike mount,cyclo cross,True,sett,intermediate
a96b5a89-73b3-47d2-ba91-3e06bdcd6feb,5ee405e4-461c-4e97-8822-e3084d83ad76,a066be0a-f0ef-42ee-8976-e2f6cac77567,1632651012363,13.4376723,52.4934044,0.025322169,0.06643748,0.022787452,0.044320107,on bike mount,cyclo cross,True,sett,intermediate
a96b5a89-73b3-47d2-ba91-3e06bdcd6feb,5ee405e4-461c-4e97-8822-e3084d83ad76,ea27a54e-dfdd-44f9-a715-95a937f24e54,1632651012413,13.4376723,52.4934044,0.025322169,-0.007220745,-0.18293828,0.037086487,on bike mount,cyclo cross,True,sett,intermediate
a96b5a89-73b3-47d2-ba91-3e06bdcd6feb,5ee405e4-461c-4e97-8822-e3084d83ad76,1760ed2b-757c-4f95-955d-dd89d6d57eec,1632651012480,13.4376723,52.4934044,0.025322169,0.06670475,-0.21103454,0.08189106,on bike mount,cyclo cross,True,sett,intermediate
a96b5a89-73b3-47d2-ba91-3e06bdcd6feb,5ee405e4-461c-4e97-8822-e3084d83ad76,a3bdb5bc-7a91-4986-8fa2-68773591f752,1632651012547,13.4376723,52.4934044,0.025322169,-0.032106876,-0.1734792,0.053839684,on bike mount,cyclo cross,True,sett,intermediate
a96b5a89-73b3-47d2-ba91-3e06bdcd6feb,5ee405e4-461c-4e97-8822-e3084d83ad76,30fb0468-0b93-4c73-bc92-065989b70e31,1632651012614,13.4376723,52.4934044,0.025322169,-0.02286625,-0.17029637,0.050951004,on bike mount,cyclo cross,True,sett,intermediate
a96b5a89-73b3-47d2-ba91-3e06bdcd6feb,5ee405e4-461c-4e97-8822-e3084d83ad76,e285468d-589b-4405-b08a-f48ec8cd7116,1632651012680,13.4376723,52.4934044,0.025322169,0.09756875,-0.10346818,0.06768036,on bike mount,cyclo cross,True,sett,intermediate
a96b5a89-73b3-47d2-ba91-3e06bdcd6feb,5ee405e4-461c-4e97-8822-e3084d83ad76,f2170717-efcc-41f2-bbc6-c078d4e56fa6,1632651012731,13.4376723,52.4934044,0.025322169,-0.0043127537,-0.024844348,-0.0680933,on bike mount,cyclo cross,True,sett,intermediate
a96b5a89-73b3-47d2-ba91-3e06bdcd6feb,5ee405e4-461c-4e97-8822-e3084d83ad76,0751ba99-7583-4c41-8deb-73902f2e81f7,1632651012797,13.4376723,52.4934044,0.025322169,-0.17553997,0.2833147,-0.079361916,on bike mount,cyclo cross,True,sett,intermediate
a96b5a89-73b3-47d2-ba91-3e06bdcd6feb,5ee405e4-461c-4e97-8822-e3084d83ad76,c9d3fda0-b6c2-4283-bdf6-4491afc1fdcf,1632651012847,13.4376723,52.4934044,0.025322169,-0.45257473,0.7679322,0.0054559708,on bike mount,cyclo cross,True,sett,intermediate
a96b5a89-73b3-47d2-ba91-3e06bdcd6feb,5ee405e4-461c-4e97-8822-e3084d83ad76,7ec2d525-4314-4ef6-b784-eacd45a75c4c,1632651012897,13.4376723,52.4934044,0.025322169,-0.07790756,1.4181602,-0.5963659,on bike mount,cyclo cross,True,sett,intermediate
a96b5a89-73b3-47d2-ba91-3e06bdcd6feb,5ee405e4-461c-4e97-8822-e3084d83ad76,d129f212-a121-4ad5-8a0d-d2d5a86f1784,1632651012964,13.4376723,52.4934044,0.025322169,-0.4866693,2.0457191,-0.25801277,on bike mount,cyclo cross,True,sett,intermediate
a96b5a89-73b3-47d2-ba91-3e06bdcd6feb,5ee405e4-461c-4e97-8822-e3084d83ad76,7c2ccab1-3ff6-4ae6-a4c8-3fdfa615c76a,1632651013014,13.4376723,52.4934044,0.025322169,-0.21582627,0.6893208,-0.18751526,on bike mount,cyclo cross,True,sett,intermediate
a96b5a89-73b3-47d2-ba91-3e06bdcd6feb,5ee405e4-461c-4e97-8822-e3084d83ad76,70425548-cadd-40b6-bdab-69e21fdf2a08,1632651013064,13.4376723,52.4934044,0.025322169,0.4121077,-0.34381282,0.28122616,on bike mount,cyclo cross,True,sett,intermediate
a96b5a89-73b3-47d2-ba91-3e06bdcd6feb,5ee405e4-461c-4e97-8822-e3084d83ad76,9ea64fd1-cf83-441b-a096-216502f787ea,1632651013131,13.4376723,52.4934044,0.00950974,1.1444311,1.3242977,-0.16008663,on bike mount,cyclo cross,True,sett,intermediate
a96b5a89-73b3-47d2-ba91-3e06bdcd6feb,5ee405e4-461c-4e97-8822-e3084d83ad76,22b26375-54f2-48cd-abc6-0a8c881a95f9,1632651013181,13.4376723,52.4934044,0.00950974,-1.7211518,-0.5068827,0.8923216,on bike mount,cyclo cross,True,sett,intermediate
a96b5a89-73b3-47d2-ba91-3e06bdcd6feb,5ee405e4-461c-4e97-8822-e3084d83ad76,00dfe2b2-46e3-4441-9903-8bf352b17315,1632651013248,13.4376723,52.4934044,0.00950974,-0.070328236,-0.062690735,-0.24241161,on bike mount,cyclo cross,True,sett,intermediate
a96b5a89-73b3-47d2-ba91-3e06bdcd6feb,5ee405e4-461c-4e97-8822-e3084d83ad76,4cd97ea3-143b-45a5-99ab-b0cc8ec51319,1632651013315,13.4376723,52.4934044,0.00950974,-0.5156988,0.4235587,0.16662407,on bike mount,cyclo cross,True,sett,intermediate
a96b5a89-73b3-47d2-ba91-3e06bdcd6feb,5ee405e4-461c-4e97-8822-e3084d83ad76,38c5915f-0319-4f8d-a0e9-f4db05044e72,1632651013382,13.4376723,52.4934044,0.00950974,0.15723777,0.47838998,-0.6472187,on bike mount,cyclo cross,True,sett,intermediate
a96b5a89-73b3-47d2-ba91-3e06bdcd6feb,5ee405e4-461c-4e97-8822-e3084d83ad76,d3e2bc60-3a0e-4fdf-9559-871d285641ee,1632651013448,13.4376723,52.4934044,0.00950974,-1.9443612,1.1272244,-0.6260452,on bike mount,cyclo cross,True,sett,intermediate
a96b5a89-73b3-47d2-ba91-3e06bdcd6feb,5ee405e4-461c-4e97-8822-e3084d83ad76,b1485eb8-940d-4680-948f-f726b757888c,1632651013515,13.4376723,52.4934044,0.00950974,-1.0110278,2.1246367,0.094789505,on bike mount,cyclo cross,True,sett,intermediate
a96b5a89-73b3-47d2-ba91-3e06bdcd6feb,5ee405e4-461c-4e97-8822-e3084d83ad76,5f00fe3f-5c06-4367-a80f-cf15369c8072,1632651013565,13.4376723,52.4934044,0.00950974,-0.3985203,0.47626495,-0.2963047,on bike mount,cyclo cross,True,sett,intermediate
a96b5a89-73b3-47d2-ba91-3e06bdcd6feb,5ee405e4-461c-4e97-8822-e3084d83ad76,d341d02f-14e7-424c-8a14-0c481dfe5b98,1632651013615,13.4376723,52.4934044,0.00950974,-0.82276404,0.5947499,0.6042805,on bike mount,cyclo cross,True,sett,intermediate
a96b5a89-73b3-47d2-ba91-3e06bdcd6feb,5ee405e4-461c-4e97-8822-e3084d83ad76,d3295ea0-8773-4098-9bd5-bb9364e965b1,1632651013665,13.4376723,52.4934044,0.00950974,0.22431713,1.3325438,-0.024111748,on bike mount,cyclo cross,True,sett,intermediate
a96b5a89-73b3-47d2-ba91-3e06bdcd6feb,5ee405e4-461c-4e97-8822-e3084d83ad76,9fd5b92b-20ab-45a7-a61b-c7fcd6049318,1632651013732,13.4376723,52.4934044,0.00950974,-0.05978185,1.3414679,-0.4931898,on bike mount,cyclo cross,True,sett,intermediate
a96b5a89-73b3-47d2-ba91-3e06bdcd6feb,5ee405e4-461c-4e97-8822-e3084d83ad76,6c42cb94-16de-4167-99bc-84ed95d4918f,1632651013782,13.4376723,52.4934044,0.00950974,-1.8893541,0.55393195,-0.016236305,on bike mount,cyclo cross,True,sett,intermediate
a96b5a89-73b3-47d2-ba91-3e06bdcd6feb,5ee405e4-461c-4e97-8822-e3084d83ad76,00e6821e-05c6-4b09-ada9-05a75bff655c,1632651013832,13.4376723,52.4934044,0.00950974,-1.5140713,2.118248,1.5652905,on bike mount,cyclo cross,True,sett,intermediate
a96b5a89-73b3-47d2-ba91-3e06bdcd6feb,5ee405e4-461c-4e97-8822-e3084d83ad76,e4e660a8-32ba-497d-8682-5ef91d4e324f,1632651013882,13.4376723,52.4934044,0.00950974,-0.112020016,-0.34668183,1.840333,on bike mount,cyclo cross,True,sett,intermediate
a96b5a89-73b3-47d2-ba91-3e06bdcd6feb,5ee405e4-461c-4e97-8822-e3084d83ad76,62a67769-77ab-4da9-8bf3-1b17fdd8017c,1632651013949,13.4376723,52.4934044,0.00950974,0.32551706,2.7069645,0.63551235,on bike mount,cyclo cross,True,sett,intermediate
a96b5a89-73b3-47d2-ba91-3e06bdcd6feb,5ee405e4-461c-4e97-8822-e3084d83ad76,df445ffe-015a-4a21-b893-89692941e6ad,1632651013999,13.4376723,52.4934044,0.00950974,-0.55810916,-0.041407824,1.2926207,on bike mount,cyclo cross,True,sett,intermediate
a96b5a89-73b3-47d2-ba91-3e06bdcd6feb,5ee405e4-461c-4e97-8822-e3084d83ad76,705fafcf-8cb0-4d7d-ab4b-7ee76e2d7e24,1632651014049,13.4376723,52.4934044,0.00950974,0.9542538,2.2028165,0.0028018951,on bike mount,cyclo cross,True,sett,intermediate
a96b5a89-73b3-47d2-ba91-3e06bdcd6feb,5ee405e4-461c-4e97-8822-e3084d83ad76,b851c8fe-2fd6-4406-a200-4d7392225fe7,1632651014102,13.4376722,52.4934044,0.0016044483,1.6762736,0.12835097,-1.6086435,on bike mount,cyclo cross,True,sett,intermediate
a96b5a89-73b3-47d2-ba91-3e06bdcd6feb,5ee405e4-461c-4e97-8822-e3084d83ad76,67f0e0fd-fd05-446c-95f0-64eeb05ea6c4,1632651014166,13.4376722,52.4934044,0.0016044483,-0.95103467,0.58827114,-2.0854683,on bike mount,cyclo cross,True,sett,intermediate
a96b5a89-73b3-47d2-ba91-3e06bdcd6feb,5ee405e4-461c-4e97-8822-e3084d83ad76,d6636690-57d5-4bb3-87d0-330b2a13c42a,1632651014233,13.4376722,52.4934044,0.0016044483,0.40887427,-1.3467407,2.9180508,on bike mount,cyclo cross,True,sett,intermediate
a96b5a89-73b3-47d2-ba91-3e06bdcd6feb,5ee405e4-461c-4e97-8822-e3084d83ad76,85e44af6-1986-4528-9957-d8c901ac1502,1632651014300,13.4376722,52.4934044,0.0016044483,0.517299,2.5887127,-1.0665379,on bike mount,cyclo cross,True,sett,intermediate
a96b5a89-73b3-47d2-ba91-3e06bdcd6feb,5ee405e4-461c-4e97-8822-e3084d83ad76,d9e13553-bd64-4cbb-bcba-9afa45552dc4,1632651014367,13.4376722,52.4934044,0.0016044483,-1.9493728,-1.7933375,8.104731,on bike mount,cyclo cross,True,sett,intermediate
a96b5a89-73b3-47d2-ba91-3e06bdcd6feb,5ee405e4-461c-4e97-8822-e3084d83ad76,d3f4da0f-1ebe-47f4-81ad-15e54435c477,1632651014433,13.4376722,52.4934044,0.0016044483,0.1426579,1.508573,-0.20928001,on bike mount,cyclo cross,True,sett,intermediate
a96b5a89-73b3-47d2-ba91-3e06bdcd6feb,5ee405e4-461c-4e97-8822-e3084d83ad76,cbb2dcdd-f456-41ad-ba28-265455a479ad,1632651014483,13.4376722,52.4934044,0.0016044483,1.1989717,1.7239242,-1.4426975,on bike mount,cyclo cross,True,sett,intermediate
a96b5a89-73b3-47d2-ba91-3e06bdcd6feb,5ee405e4-461c-4e97-8822-e3084d83ad76,55821867-1472-4e6c-b3d7-a4d43e4835ea,1632651014534,13.4376722,52.4934044,0.0016044483,-0.90838826,-0.625108,-1.6951847,on bike mount,cyclo cross,True,sett,intermediate
a96b5a89-73b3-47d2-ba91-3e06bdcd6feb,5ee405e4-461c-4e97-8822-e3084d83ad76,ac5caca8-d34b-4986-adb0-a14dbb8e70c5,1632651014600,13.4376722,52.4934044,0.0016044483,0.32406652,-2.6781447,6.0045347,on bike mount,cyclo cross,True,sett,intermediate
a96b5a89-73b3-47d2-ba91-3e06bdcd6feb,5ee405e4-461c-4e97-8822-e3084d83ad76,0aa655f8-069d-4da0-a4a5-9a6967722be1,1632651014667,13.4376722,52.4934044,0.0016044483,-0.51125616,-1.2267398,-0.9686761,on bike mount,cyclo cross,True,sett,intermediate
a96b5a89-73b3-47d2-ba91-3e06bdcd6feb,5ee405e4-461c-4e97-8822-e3084d83ad76,a596434f-0a62-40e6-ab08-a9535c6f8bf2,1632651014734,13.4376722,52.4934044,0.0016044483,0.14787549,0.5762484,0.62228584,on bike mount,cyclo cross,True,sett,intermediate
a96b5a89-73b3-47d2-ba91-3e06bdcd6feb,5ee405e4-461c-4e97-8822-e3084d83ad76,688dae5d-66a2-487c-9301-3fe06904e463,1632651014801,13.4376721,52.4934044,0.003157985,0.34742123,-0.30063152,-2.7933812,on bike mount,cyclo cross,True,sett,intermediate
a96b5a89-73b3-47d2-ba91-3e06bdcd6feb,5ee405e4-461c-4e97-8822-e3084d83ad76,bd6fc1cc-9108-415d-a6b2-b2b85082458f,1632651014867,13.4376721,52.4934044,0.003157985,0.10204275,-0.84884477,3.5440807,on bike mount,cyclo cross,True,sett,intermediate
a96b5a89-73b3-47d2-ba91-3e06bdcd6feb,5ee405e4-461c-4e97-8822-e3084d83ad76,56d689bb-e23d-40be-aa93-e4dc218c2c32,1632651014917,13.4376721,52.4934044,0.003157985,-0.5424948,0.41433024,0.02512455,on bike mount,cyclo cross,True,sett,intermediate
a96b5a89-73b3-47d2-ba91-3e06bdcd6feb,5ee405e4-461c-4e97-8822-e3084d83ad76,c5c6fda1-f0ed-4bc3-9482-184ac7a143f0,1632651014984,13.4376721,52.4934044,0.003157985,1.5914794,-3.3475544,4.4485817,on bike mount,cyclo cross,True,sett,intermediate
a96b5a89-73b3-47d2-ba91-3e06bdcd6feb,5ee405e4-461c-4e97-8822-e3084d83ad76,71826123-5cda-4234-a439-70b9570e4bde,1632651015034,13.4376721,52.4934044,0.003157985,0.5061081,0.30664015,-0.50167656,on bike mount,cyclo cross,True,sett,intermediate
a96b5a89-73b3-47d2-ba91-3e06bdcd6feb,5ee405e4-461c-4e97-8822-e3084d83ad76,9d918469-badd-4d26-bcea-f24e6f913149,1632651015085,13.4376721,52.4934044,0.003157985,-0.16619524,-1.5286293,4.249441,on bike mount,cyclo cross,True,sett,intermediate
