bike_activity_uid,bike_activity_sample_uid,bike_activity_measurement,bike_activity_measurement_timestamp,bike_activity_measurement_lon,bike_activity_measurement_lat,bike_activity_measurement_speed,bike_activity_measurement_accelerometer_x,bike_activity_measurement_accelerometer_y,bike_activity_measurement_accelerometer_z,bike_activity_phone_position,bike_activity_bike_type,bike_activity_flagged_lab_conditions,bike_activity_surface_type,bike_activity_smoothness_type
aa460e9e-5072-4184-b5d4-d40d99b4c733,cea3994f-88fc-4f66-b66b-0b1df8f095e4,e668ea98-65b7-4935-9a3c-e6c18d79d87f,1635695329039,13.4173058,52.4767243,4.47659,-1.178625,2.8276114,-1.001504,on bike mount,cyclo cross,True,concrete plates,good
aa460e9e-5072-4184-b5d4-d40d99b4c733,cea3994f-88fc-4f66-b66b-0b1df8f095e4,c71c332c-04d0-4483-98ca-a84130af286f,1635695329089,13.4173058,52.4767243,4.47659,0.5566643,-0.37707663,1.5709267,on bike mount,cyclo cross,True,concrete plates,good
aa460e9e-5072-4184-b5d4-d40d99b4c733,cea3994f-88fc-4f66-b66b-0b1df8f095e4,cc3c5b4d-ebca-4529-9c39-c696e4eaec8c,1635695329140,13.4173058,52.4767243,4.47659,-0.14968999,-2.517895,1.190795,on bike mount,cyclo cross,True,concrete plates,good
aa460e9e-5072-4184-b5d4-d40d99b4c733,cea3994f-88fc-4f66-b66b-0b1df8f095e4,297c00d7-ce06-4933-8b0d-9512777a1a71,1635695329191,13.4173058,52.4767243,4.47659,0.45179626,-2.3552573,0.59624577,on bike mount,cyclo cross,True,concrete plates,good
aa460e9e-5072-4184-b5d4-d40d99b4c733,cea3994f-88fc-4f66-b66b-0b1df8f095e4,abd0aa28-a2e4-4267-8dfe-924c8cabe824,1635695329240,13.4173058,52.4767243,4.47659,-1.1847098,3.254508,0.4148798,on bike mount,cyclo cross,True,concrete plates,good
aa460e9e-5072-4184-b5d4-d40d99b4c733,cea3994f-88fc-4f66-b66b-0b1df8f095e4,f614a379-8f1d-4f13-a6c1-a3ca55242f39,1635695329291,13.4173058,52.4767243,4.47659,0.32379737,0.25161934,-1.7438002,on bike mount,cyclo cross,True,concrete plates,good
aa460e9e-5072-4184-b5d4-d40d99b4c733,cea3994f-88fc-4f66-b66b-0b1df8f095e4,2d45e99e-9cd4-42d8-88f3-a612ad4a3907,1635695329341,13.4173058,52.4767243,4.47659,-0.28218088,-1.3851008,-0.47698402,on bike mount,cyclo cross,True,concrete plates,good
aa460e9e-5072-4184-b5d4-d40d99b4c733,cea3994f-88fc-4f66-b66b-0b1df8f095e4,773e87fb-cdd2-4087-ba3d-6cae45a4889b,1635695329391,13.4173058,52.4767243,4.47659,-0.39371863,-1.6706928,1.6390076,on bike mount,cyclo cross,True,concrete plates,good
aa460e9e-5072-4184-b5d4-d40d99b4c733,cea3994f-88fc-4f66-b66b-0b1df8f095e4,cf723f25-c836-4a98-9940-70a8b4e41e72,1635695329440,13.4173058,52.4767243,4.47659,8.145004,-0.6880584,1.8753977,on bike mount,cyclo cross,True,concrete plates,good
aa460e9e-5072-4184-b5d4-d40d99b4c733,cea3994f-88fc-4f66-b66b-0b1df8f095e4,6431fb91-b876-4381-abab-bcc359816b76,1635695329492,13.4173058,52.4767243,4.47659,1.0249178,-1.6665583,-6.3805375,on bike mount,cyclo cross,True,concrete plates,good
aa460e9e-5072-4184-b5d4-d40d99b4c733,cea3994f-88fc-4f66-b66b-0b1df8f095e4,846e1013-139a-4018-9412-c7e1075a3bf4,1635695329541,13.4173058,52.4767243,4.47659,-0.081392705,1.6921573,3.9211168,on bike mount,cyclo cross,True,concrete plates,good
aa460e9e-5072-4184-b5d4-d40d99b4c733,cea3994f-88fc-4f66-b66b-0b1df8f095e4,698da37a-555c-48e4-9cbf-12eb42dc26c1,1635695329591,13.4173058,52.4767243,4.47659,0.15110183,-2.2056906,-1.9357738,on bike mount,cyclo cross,True,concrete plates,good
aa460e9e-5072-4184-b5d4-d40d99b4c733,cea3994f-88fc-4f66-b66b-0b1df8f095e4,7a6d5b6c-c48c-47e1-b8c4-dcbee402d2fe,1635695329642,13.4173058,52.4767243,4.47659,-1.2204438,0.48064256,0.08796692,on bike mount,cyclo cross,True,concrete plates,good
aa460e9e-5072-4184-b5d4-d40d99b4c733,cea3994f-88fc-4f66-b66b-0b1df8f095e4,aa931eac-8c6a-4c82-aff9-c3adba75e1f4,1635695329692,13.41712,52.476697,4.683789,-1.6758864,0.511636,-2.3394613,on bike mount,cyclo cross,True,concrete plates,good
aa460e9e-5072-4184-b5d4-d40d99b4c733,cea3994f-88fc-4f66-b66b-0b1df8f095e4,08d2e8c8-864d-4104-9fc5-2c25a030be6b,1635695329743,13.41712,52.476697,4.683789,-1.1279701,-1.6148592,1.1449575,on bike mount,cyclo cross,True,concrete plates,good
aa460e9e-5072-4184-b5d4-d40d99b4c733,cea3994f-88fc-4f66-b66b-0b1df8f095e4,6b98c9d7-b4df-408e-bd85-6758881bd256,1635695329793,13.41712,52.476697,4.683789,0.14725605,-0.26305103,-1.0434189,on bike mount,cyclo cross,True,concrete plates,good
aa460e9e-5072-4184-b5d4-d40d99b4c733,cea3994f-88fc-4f66-b66b-0b1df8f095e4,32176fe3-795a-4a9c-a44d-18ce5346e388,1635695329843,13.41712,52.476697,4.683789,-1.9430128,1.1069779,-1.4435892,on bike mount,cyclo cross,True,concrete plates,good
aa460e9e-5072-4184-b5d4-d40d99b4c733,cea3994f-88fc-4f66-b66b-0b1df8f095e4,da2fc5f7-46a7-436f-a7ca-fd57797ab00c,1635695329892,13.41712,52.476697,4.683789,-0.72412306,0.9518204,1.5197392,on bike mount,cyclo cross,True,concrete plates,good
aa460e9e-5072-4184-b5d4-d40d99b4c733,cea3994f-88fc-4f66-b66b-0b1df8f095e4,2b6e7718-b0b5-4a06-9fdf-26a8bed87033,1635695329943,13.41712,52.476697,4.683789,-0.86754763,2.763997,-2.2488575,on bike mount,cyclo cross,True,concrete plates,good
aa460e9e-5072-4184-b5d4-d40d99b4c733,cea3994f-88fc-4f66-b66b-0b1df8f095e4,35674edc-dce6-46cf-9de1-813d72332cb0,1635695330009,13.41712,52.476697,4.683789,1.6758733,1.2684283,-1.948307,on bike mount,cyclo cross,True,concrete plates,good
aa460e9e-5072-4184-b5d4-d40d99b4c733,cea3994f-88fc-4f66-b66b-0b1df8f095e4,1da743e9-978f-491a-aca2-f50db8a4783a,1635695330060,13.41712,52.476697,4.683789,0.15310103,-1.3855737,-1.4269695,on bike mount,cyclo cross,True,concrete plates,good
aa460e9e-5072-4184-b5d4-d40d99b4c733,cea3994f-88fc-4f66-b66b-0b1df8f095e4,9a654029-4150-4121-b88b-70909ea19b6e,1635695330110,13.41712,52.476697,4.683789,0.3583631,-0.16134763,-0.7154355,on bike mount,cyclo cross,True,concrete plates,good
aa460e9e-5072-4184-b5d4-d40d99b4c733,cea3994f-88fc-4f66-b66b-0b1df8f095e4,43549bab-36dd-463b-99fa-63208669c778,1635695330159,13.41712,52.476697,4.683789,-0.52816063,1.1502671,-1.0162435,on bike mount,cyclo cross,True,concrete plates,good
aa460e9e-5072-4184-b5d4-d40d99b4c733,cea3994f-88fc-4f66-b66b-0b1df8f095e4,80f301eb-a2dc-46e3-8fa6-8fcf4f283313,1635695330211,13.41712,52.476697,4.683789,1.2633497,0.6846757,0.9912319,on bike mount,cyclo cross,True,concrete plates,good
aa460e9e-5072-4184-b5d4-d40d99b4c733,cea3994f-88fc-4f66-b66b-0b1df8f095e4,20372389-252c-44b1-9a27-37db0ea69aad,1635695330261,13.41712,52.476697,4.683789,-0.6910552,-0.9702778,-0.5863762,on bike mount,cyclo cross,True,concrete plates,good
aa460e9e-5072-4184-b5d4-d40d99b4c733,cea3994f-88fc-4f66-b66b-0b1df8f095e4,14d512b7-6289-489b-a406-257fbb97afb1,1635695330311,13.41712,52.476697,4.683789,-0.45806623,4.2132807,1.2948866,on bike mount,cyclo cross,True,concrete plates,good
aa460e9e-5072-4184-b5d4-d40d99b4c733,cea3994f-88fc-4f66-b66b-0b1df8f095e4,962f8f15-53ba-4ed7-899a-15f365848dec,1635695330361,13.41712,52.476697,4.683789,-0.38708383,4.076114,-0.40216923,on bike mount,cyclo cross,True,concrete plates,good
aa460e9e-5072-4184-b5d4-d40d99b4c733,cea3994f-88fc-4f66-b66b-0b1df8f095e4,dc1e3d3d-bcfc-464d-a23f-2475d9d607e5,1635695330411,13.41712,52.476697,4.683789,0.0373227,-0.8430655,-2.0539942,on bike mount,cyclo cross,True,concrete plates,good
aa460e9e-5072-4184-b5d4-d40d99b4c733,cea3994f-88fc-4f66-b66b-0b1df8f095e4,297506c2-3a15-4b18-bad8-73a32dec3310,1635695330461,13.41712,52.476697,4.683789,-3.2104948,-0.46194553,2.004547,on bike mount,cyclo cross,True,concrete plates,good
aa460e9e-5072-4184-b5d4-d40d99b4c733,cea3994f-88fc-4f66-b66b-0b1df8f095e4,87eafa76-0d21-40a7-bcb7-621e95a39565,1635695330529,13.41712,52.476697,4.683789,4.228138,0.039517164,0.11375332,on bike mount,cyclo cross,True,concrete plates,good
aa460e9e-5072-4184-b5d4-d40d99b4c733,cea3994f-88fc-4f66-b66b-0b1df8f095e4,9c48c4ad-89d3-43ce-8192-44971fe07378,1635695330592,13.41712,52.476697,4.683789,0.4443891,0.5239649,-0.70747185,on bike mount,cyclo cross,True,concrete plates,good
aa460e9e-5072-4184-b5d4-d40d99b4c733,cea3994f-88fc-4f66-b66b-0b1df8f095e4,7349556f-b3ee-4e4c-ba58-59594bfcee9c,1635695330644,13.41712,52.476697,4.683789,-1.0141786,-0.85534906,-3.631977,on bike mount,cyclo cross,True,concrete plates,good
aa460e9e-5072-4184-b5d4-d40d99b4c733,cea3994f-88fc-4f66-b66b-0b1df8f095e4,04c15110-cb87-4b33-a99b-925c94954bc4,1635695330696,13.4169041,52.4766591,5.460486,5.659374,-0.41822958,-3.9764497,on bike mount,cyclo cross,True,concrete plates,good
aa460e9e-5072-4184-b5d4-d40d99b4c733,cea3994f-88fc-4f66-b66b-0b1df8f095e4,93dd1d95-10f1-4889-a80e-83c16eadeaec,1635695330761,13.4169041,52.4766591,5.460486,0.12636149,-1.4031596,0.18903446,on bike mount,cyclo cross,True,concrete plates,good
aa460e9e-5072-4184-b5d4-d40d99b4c733,cea3994f-88fc-4f66-b66b-0b1df8f095e4,8a65beb0-f512-4f31-a9b9-b90bda1befe4,1635695330828,13.4169041,52.4766591,5.460486,1.8972422,1.4427593,-1.1030273,on bike mount,cyclo cross,True,concrete plates,good
aa460e9e-5072-4184-b5d4-d40d99b4c733,cea3994f-88fc-4f66-b66b-0b1df8f095e4,0677f9c9-ac9e-466f-8818-1c6c28073bc4,1635695330879,13.4169041,52.4766591,5.460486,-1.4089768,-0.28673863,-1.1683884,on bike mount,cyclo cross,True,concrete plates,good
aa460e9e-5072-4184-b5d4-d40d99b4c733,cea3994f-88fc-4f66-b66b-0b1df8f095e4,98a7766d-1c24-4af3-84d4-d9516b29b8bd,1635695330929,13.4169041,52.4766591,5.460486,-4.59345,-0.26297712,0.86544704,on bike mount,cyclo cross,True,concrete plates,good
aa460e9e-5072-4184-b5d4-d40d99b4c733,cea3994f-88fc-4f66-b66b-0b1df8f095e4,f0066841-776b-477e-9664-fa358de48515,1635695330993,13.4169041,52.4766591,5.460486,3.1123621,4.941922,-2.1806788,on bike mount,cyclo cross,True,concrete plates,good
aa460e9e-5072-4184-b5d4-d40d99b4c733,cea3994f-88fc-4f66-b66b-0b1df8f095e4,e20ed2ec-bb4e-4ab9-9967-a83cfb32118f,1635695331044,13.4169041,52.4766591,5.460486,0.017827004,-3.7523267,-0.050923347,on bike mount,cyclo cross,True,concrete plates,good
aa460e9e-5072-4184-b5d4-d40d99b4c733,cea3994f-88fc-4f66-b66b-0b1df8f095e4,f16cca95-3d07-40cc-8b84-de37a84df5ee,1635695331094,13.4169041,52.4766591,5.460486,-0.42310745,1.7370253,-0.2499218,on bike mount,cyclo cross,True,concrete plates,good
aa460e9e-5072-4184-b5d4-d40d99b4c733,cea3994f-88fc-4f66-b66b-0b1df8f095e4,856d0543-a565-4055-a651-3856f68626c1,1635695331144,13.4169041,52.4766591,5.460486,-0.54655784,2.4778247,-0.5746012,on bike mount,cyclo cross,True,concrete plates,good
aa460e9e-5072-4184-b5d4-d40d99b4c733,cea3994f-88fc-4f66-b66b-0b1df8f095e4,26944964-53f2-4b92-80e6-a1520da696e2,1635695331194,13.4169041,52.4766591,5.460486,-1.2589881,-3.2320628,1.432416,on bike mount,cyclo cross,True,concrete plates,good
aa460e9e-5072-4184-b5d4-d40d99b4c733,cea3994f-88fc-4f66-b66b-0b1df8f095e4,8bfd28c9-65a1-47c2-a993-9beebb865cc2,1635695331244,13.4169041,52.4766591,5.460486,-0.68377185,1.7467041,-0.6330395,on bike mount,cyclo cross,True,concrete plates,good
aa460e9e-5072-4184-b5d4-d40d99b4c733,cea3994f-88fc-4f66-b66b-0b1df8f095e4,94f7fa49-fe7c-4bc4-8ae9-f13cdd8f14f0,1635695331294,13.4169041,52.4766591,5.460486,0.14450647,1.2779751,0.30947304,on bike mount,cyclo cross,True,concrete plates,good
aa460e9e-5072-4184-b5d4-d40d99b4c733,cea3994f-88fc-4f66-b66b-0b1df8f095e4,be693ea3-38db-4b42-be16-498b105e47ef,1635695331344,13.4169041,52.4766591,5.460486,-5.2149696,-5.6449633,0.118712425,on bike mount,cyclo cross,True,concrete plates,good
aa460e9e-5072-4184-b5d4-d40d99b4c733,cea3994f-88fc-4f66-b66b-0b1df8f095e4,a2822eff-2e42-4703-80e6-b89346df21f1,1635695331396,13.4169041,52.4766591,5.460486,6.201165,-0.6470642,-1.3477345,on bike mount,cyclo cross,True,concrete plates,good
aa460e9e-5072-4184-b5d4-d40d99b4c733,cea3994f-88fc-4f66-b66b-0b1df8f095e4,26b5ae7f-e1b1-47ca-b7df-4f76fe83d81c,1635695331446,13.4169041,52.4766591,5.460486,-4.168365,-3.9253151,-1.4331489,on bike mount,cyclo cross,True,concrete plates,good
aa460e9e-5072-4184-b5d4-d40d99b4c733,cea3994f-88fc-4f66-b66b-0b1df8f095e4,a36d2cbf-74d5-4da9-8889-bb492e161756,1635695331496,13.4169041,52.4766591,5.460486,0.20672792,-0.91145897,-0.69430065,on bike mount,cyclo cross,True,concrete plates,good
aa460e9e-5072-4184-b5d4-d40d99b4c733,cea3994f-88fc-4f66-b66b-0b1df8f095e4,d69e9762-4185-4709-85da-67708704d2e4,1635695331564,13.4169041,52.4766591,5.460486,0.18837878,-5.355646,2.349553,on bike mount,cyclo cross,True,concrete plates,good
aa460e9e-5072-4184-b5d4-d40d99b4c733,cea3994f-88fc-4f66-b66b-0b1df8f095e4,fdfbc864-b6d8-46d7-9656-1c5378dde964,1635695331629,13.4169041,52.4766591,5.460486,-0.8646554,2.0803833,5.908495,on bike mount,cyclo cross,True,concrete plates,good
aa460e9e-5072-4184-b5d4-d40d99b4c733,cea3994f-88fc-4f66-b66b-0b1df8f095e4,92b05c25-9425-4283-b0b5-88eedb13ba45,1635695331682,13.4169041,52.4766591,5.460486,-0.82382554,-0.85430837,0.31578732,on bike mount,cyclo cross,True,concrete plates,good
aa460e9e-5072-4184-b5d4-d40d99b4c733,cea3994f-88fc-4f66-b66b-0b1df8f095e4,7cfa5df4-ae4f-443e-8601-c6dc293004ee,1635695331745,13.4165631,52.4766169,6.337236,1.9745562,-3.369144,-0.15571499,on bike mount,cyclo cross,True,concrete plates,good
aa460e9e-5072-4184-b5d4-d40d99b4c733,cea3994f-88fc-4f66-b66b-0b1df8f095e4,17e8ff31-ba0f-47d8-879c-95b4424124b9,1635695331796,13.4165631,52.4766169,6.337236,-1.0524698,0.5688038,1.0741615,on bike mount,cyclo cross,True,concrete plates,good
aa460e9e-5072-4184-b5d4-d40d99b4c733,cea3994f-88fc-4f66-b66b-0b1df8f095e4,d6ae9230-681a-4250-a60a-d3ceeada86aa,1635695331846,13.4165631,52.4766169,6.337236,1.653899,2.8908014,-2.4942327,on bike mount,cyclo cross,True,concrete plates,good
aa460e9e-5072-4184-b5d4-d40d99b4c733,cea3994f-88fc-4f66-b66b-0b1df8f095e4,3cf3b23f-6184-4ba1-acb4-b6fccad1a9e6,1635695331897,13.4165631,52.4766169,6.337236,-0.9307163,-1.4183908,5.4085054,on bike mount,cyclo cross,True,concrete plates,good
aa460e9e-5072-4184-b5d4-d40d99b4c733,cea3994f-88fc-4f66-b66b-0b1df8f095e4,a626ec81-a9a2-4c8a-bb36-6b40331ee126,1635695331962,13.4165631,52.4766169,6.337236,-1.7239976,0.2934022,2.408657,on bike mount,cyclo cross,True,concrete plates,good
aa460e9e-5072-4184-b5d4-d40d99b4c733,cea3994f-88fc-4f66-b66b-0b1df8f095e4,f2a9f34c-3607-48c1-9933-2c8b93e6d4d4,1635695332013,13.4165631,52.4766169,6.337236,-0.37360802,-2.8985195,-0.15734386,on bike mount,cyclo cross,True,concrete plates,good
aa460e9e-5072-4184-b5d4-d40d99b4c733,cea3994f-88fc-4f66-b66b-0b1df8f095e4,5fff0de8-9a16-46e3-8fec-71c33ef5af79,1635695332063,13.4165631,52.4766169,6.337236,-0.45333326,-0.7730553,-2.7692237,on bike mount,cyclo cross,True,concrete plates,good
aa460e9e-5072-4184-b5d4-d40d99b4c733,cea3994f-88fc-4f66-b66b-0b1df8f095e4,7bcaa32a-c874-454d-92b4-6b59427cb989,1635695332113,13.4165631,52.4766169,6.337236,-3.4097002,-2.3415935,3.189929,on bike mount,cyclo cross,True,concrete plates,good
aa460e9e-5072-4184-b5d4-d40d99b4c733,cea3994f-88fc-4f66-b66b-0b1df8f095e4,e519f0aa-085b-42c7-81c2-b4334ad00833,1635695332164,13.4165631,52.4766169,6.337236,-0.81107485,-0.5333979,0.72490597,on bike mount,cyclo cross,True,concrete plates,good
aa460e9e-5072-4184-b5d4-d40d99b4c733,cea3994f-88fc-4f66-b66b-0b1df8f095e4,27646369-7d32-4b6f-929e-1f30585aab46,1635695332215,13.4165631,52.4766169,6.337236,0.9911177,1.1411619,-1.5844622,on bike mount,cyclo cross,True,concrete plates,good
aa460e9e-5072-4184-b5d4-d40d99b4c733,cea3994f-88fc-4f66-b66b-0b1df8f095e4,557d7b5a-0861-4091-83ea-0edd416577a9,1635695332282,13.4165631,52.4766169,6.337236,-1.3326862,0.49597335,-3.6666303,on bike mount,cyclo cross,True,concrete plates,good
aa460e9e-5072-4184-b5d4-d40d99b4c733,cea3994f-88fc-4f66-b66b-0b1df8f095e4,e57adac6-cbc6-41d5-98be-6953acf10654,1635695332348,13.4165631,52.4766169,6.337236,-2.7935467,1.4859576,-2.4872231,on bike mount,cyclo cross,True,concrete plates,good
aa460e9e-5072-4184-b5d4-d40d99b4c733,cea3994f-88fc-4f66-b66b-0b1df8f095e4,905f7e8d-461f-4e1e-9004-774ea6ef6d86,1635695332399,13.4165631,52.4766169,6.337236,0.33807003,-3.6370416,5.80867,on bike mount,cyclo cross,True,concrete plates,good
aa460e9e-5072-4184-b5d4-d40d99b4c733,cea3994f-88fc-4f66-b66b-0b1df8f095e4,99186a8f-9fc5-4c86-ae8e-8fd9a9801ecc,1635695332448,13.4165631,52.4766169,6.337236,-3.6168842,-1.3364975,-3.9511995,on bike mount,cyclo cross,True,concrete plates,good
aa460e9e-5072-4184-b5d4-d40d99b4c733,cea3994f-88fc-4f66-b66b-0b1df8f095e4,989929d4-7b6c-479e-aab2-2fced659d425,1635695332499,13.4165631,52.4766169,6.337236,-2.985467,-1.9002925,1.6773348,on bike mount,cyclo cross,True,concrete plates,good
aa460e9e-5072-4184-b5d4-d40d99b4c733,cea3994f-88fc-4f66-b66b-0b1df8f095e4,1e79b958-0a94-43fd-8b38-679d731162c4,1635695332548,13.4165631,52.4766169,6.337236,0.6854198,-8.106752,4.752509,on bike mount,cyclo cross,True,concrete plates,good
aa460e9e-5072-4184-b5d4-d40d99b4c733,cea3994f-88fc-4f66-b66b-0b1df8f095e4,338ae1ce-6bac-4f10-92ca-58277f5729c2,1635695332598,13.4165631,52.4766169,6.337236,-2.0917704,4.9808702,-7.543121,on bike mount,cyclo cross,True,concrete plates,good
aa460e9e-5072-4184-b5d4-d40d99b4c733,cea3994f-88fc-4f66-b66b-0b1df8f095e4,f20d3224-312d-4879-b8b2-6e963a9fda7e,1635695332648,13.4165631,52.4766169,6.337236,-3.058835,1.3171878,-5.768255,on bike mount,cyclo cross,True,concrete plates,good
aa460e9e-5072-4184-b5d4-d40d99b4c733,cea3994f-88fc-4f66-b66b-0b1df8f095e4,827dd6e3-2a7c-4e3f-a735-01fb68d03d86,1635695332715,13.416442,52.4766283,6.852573,-1.6350092,-0.850126,1.9553356,on bike mount,cyclo cross,True,concrete plates,good
aa460e9e-5072-4184-b5d4-d40d99b4c733,cea3994f-88fc-4f66-b66b-0b1df8f095e4,78313b46-057d-4304-b17f-839b464d0ce3,1635695332765,13.416442,52.4766283,6.852573,-1.728199,5.066872,0.40843868,on bike mount,cyclo cross,True,concrete plates,good
aa460e9e-5072-4184-b5d4-d40d99b4c733,cea3994f-88fc-4f66-b66b-0b1df8f095e4,e12d3ec5-5f99-45f4-8414-7df6eebdd372,1635695332815,13.416442,52.4766283,6.852573,-1.9010074,5.257064,-0.735023,on bike mount,cyclo cross,True,concrete plates,good
aa460e9e-5072-4184-b5d4-d40d99b4c733,cea3994f-88fc-4f66-b66b-0b1df8f095e4,d99e83d5-b812-4956-b578-730f776d04f3,1635695332865,13.416442,52.4766283,6.852573,0.7236972,-3.8892488,-1.0670643,on bike mount,cyclo cross,True,concrete plates,good
aa460e9e-5072-4184-b5d4-d40d99b4c733,cea3994f-88fc-4f66-b66b-0b1df8f095e4,0ef52452-ce56-4808-ae33-e5bcdbba8cc8,1635695332915,13.416442,52.4766283,6.852573,0.53133273,-7.658094,-0.20086956,on bike mount,cyclo cross,True,concrete plates,good
aa460e9e-5072-4184-b5d4-d40d99b4c733,cea3994f-88fc-4f66-b66b-0b1df8f095e4,b09e37b1-f6db-478d-9f7b-3aa33011d2b0,1635695332964,13.416442,52.4766283,6.852573,3.0363374,-11.138883,9.593202,on bike mount,cyclo cross,True,concrete plates,good
aa460e9e-5072-4184-b5d4-d40d99b4c733,cea3994f-88fc-4f66-b66b-0b1df8f095e4,dc22d87b-cbff-4679-93f1-d74a4f4a2e29,1635695333014,13.416442,52.4766283,6.852573,1.0077969,0.0036771297,-1.9638739,on bike mount,cyclo cross,True,concrete plates,good
aa460e9e-5072-4184-b5d4-d40d99b4c733,cea3994f-88fc-4f66-b66b-0b1df8f095e4,b3dc5319-0fb4-4250-aa9c-0b7d20ebdfa8,1635695333066,13.416442,52.4766283,6.852573,-1.7586787,-3.6099145,-0.5394869,on bike mount,cyclo cross,True,concrete plates,good
aa460e9e-5072-4184-b5d4-d40d99b4c733,cea3994f-88fc-4f66-b66b-0b1df8f095e4,d4d7a09f-5085-4be6-b9b9-3f406d739160,1635695333116,13.416442,52.4766283,6.852573,-0.18985507,3.0177288,-0.80016184,on bike mount,cyclo cross,True,concrete plates,good
aa460e9e-5072-4184-b5d4-d40d99b4c733,cea3994f-88fc-4f66-b66b-0b1df8f095e4,96ed1b5c-16a8-4d36-a905-7621bfce10eb,1635695333168,13.416442,52.4766283,6.852573,-0.048092484,-3.3760128,2.2283163,on bike mount,cyclo cross,True,concrete plates,good
aa460e9e-5072-4184-b5d4-d40d99b4c733,cea3994f-88fc-4f66-b66b-0b1df8f095e4,94c84e5f-39d6-4fe8-b23d-be91dcd6fadb,1635695333233,13.416442,52.4766283,6.852573,-1.0230078,-2.7891788,-0.25625134,on bike mount,cyclo cross,True,concrete plates,good
aa460e9e-5072-4184-b5d4-d40d99b4c733,cea3994f-88fc-4f66-b66b-0b1df8f095e4,d5347782-b440-475e-bd41-df2710ebe8e0,1635695333299,13.416442,52.4766283,6.852573,-2.0721736,5.0365744,-3.432197,on bike mount,cyclo cross,True,concrete plates,good
aa460e9e-5072-4184-b5d4-d40d99b4c733,cea3994f-88fc-4f66-b66b-0b1df8f095e4,54a5b2a4-4763-49e4-8695-07e940cd917b,1635695333348,13.416442,52.4766283,6.852573,-2.9095478,-3.2061527,7.2718906,on bike mount,cyclo cross,True,concrete plates,good
aa460e9e-5072-4184-b5d4-d40d99b4c733,cea3994f-88fc-4f66-b66b-0b1df8f095e4,9597734a-3a71-49dd-8c3b-1785f8607dd7,1635695333399,13.416442,52.4766283,6.852573,-3.5269923,-3.4426992,6.7178125,on bike mount,cyclo cross,True,concrete plates,good
aa460e9e-5072-4184-b5d4-d40d99b4c733,cea3994f-88fc-4f66-b66b-0b1df8f095e4,3015ffe6-8308-471d-880a-33288d2b47ed,1635695333451,13.416442,52.4766283,6.852573,-3.4655573,3.0994673,0.19193459,on bike mount,cyclo cross,True,concrete plates,good
aa460e9e-5072-4184-b5d4-d40d99b4c733,cea3994f-88fc-4f66-b66b-0b1df8f095e4,55d19876-fc42-4c30-96cf-5563ffa60ac3,1635695333501,13.416442,52.4766283,6.852573,0.024186552,2.6301618,3.5866194,on bike mount,cyclo cross,True,concrete plates,good
aa460e9e-5072-4184-b5d4-d40d99b4c733,cea3994f-88fc-4f66-b66b-0b1df8f095e4,71da7ce0-cf0f-4f96-86d0-6b9b587354a1,1635695333571,13.416442,52.4766283,6.852573,0.20577174,-0.2944677,1.7961931,on bike mount,cyclo cross,True,concrete plates,good
aa460e9e-5072-4184-b5d4-d40d99b4c733,cea3994f-88fc-4f66-b66b-0b1df8f095e4,27b8575e-943a-44ac-8791-18059344c301,1635695333636,13.416442,52.4766283,6.852573,-0.7294283,-0.43129826,-2.3903437,on bike mount,cyclo cross,True,concrete plates,good
aa460e9e-5072-4184-b5d4-d40d99b4c733,cea3994f-88fc-4f66-b66b-0b1df8f095e4,911e7dc0-cca4-4f0f-9fbe-b94251d41748,1635695333699,13.4163214,52.4766299,7.172814,1.1591923,6.239739,-7.007118,on bike mount,cyclo cross,True,concrete plates,good
aa460e9e-5072-4184-b5d4-d40d99b4c733,cea3994f-88fc-4f66-b66b-0b1df8f095e4,48e42507-8f71-4548-bc7b-8ce6853a53f1,1635695333749,13.4163214,52.4766299,7.172814,1.4290663,2.761345,-1.7399392,on bike mount,cyclo cross,True,concrete plates,good
aa460e9e-5072-4184-b5d4-d40d99b4c733,cea3994f-88fc-4f66-b66b-0b1df8f095e4,5449a706-ea93-400f-af1b-5792e1722727,1635695333799,13.4163214,52.4766299,7.172814,-0.49948558,-1.2931051,-0.18638325,on bike mount,cyclo cross,True,concrete plates,good
aa460e9e-5072-4184-b5d4-d40d99b4c733,cea3994f-88fc-4f66-b66b-0b1df8f095e4,51f22f08-c635-475d-821f-256aff0a3475,1635695333851,13.4163214,52.4766299,7.172814,1.5071214,-0.05128002,-2.4231882,on bike mount,cyclo cross,True,concrete plates,good
aa460e9e-5072-4184-b5d4-d40d99b4c733,cea3994f-88fc-4f66-b66b-0b1df8f095e4,19cec5f9-811c-46ed-98f6-1365c8bf8b29,1635695333915,13.4163214,52.4766299,7.172814,-1.3411721,-2.8555984,-1.5000634,on bike mount,cyclo cross,True,concrete plates,good
aa460e9e-5072-4184-b5d4-d40d99b4c733,cea3994f-88fc-4f66-b66b-0b1df8f095e4,587ad8f7-9481-4299-8dbd-0dbfb1592eb9,1635695333966,13.4163214,52.4766299,7.172814,-0.15609807,-3.9007397,-4.8257437,on bike mount,cyclo cross,True,concrete plates,good
aa460e9e-5072-4184-b5d4-d40d99b4c733,cea3994f-88fc-4f66-b66b-0b1df8f095e4,4c75692e-65c4-405d-9cce-6c1e96055d23,1635695334016,13.4163214,52.4766299,7.172814,-0.79715383,-0.8733647,1.0973978,on bike mount,cyclo cross,True,concrete plates,good
aa460e9e-5072-4184-b5d4-d40d99b4c733,cea3994f-88fc-4f66-b66b-0b1df8f095e4,4cfd2a0d-a988-4569-baa1-7275191f51be,1635695334066,13.4163214,52.4766299,7.172814,-0.93099165,-0.09816384,0.4281435,on bike mount,cyclo cross,True,concrete plates,good
aa460e9e-5072-4184-b5d4-d40d99b4c733,cea3994f-88fc-4f66-b66b-0b1df8f095e4,1d37106c-e63b-436e-81c0-b6c73f307ef1,1635695334116,13.4163214,52.4766299,7.172814,-0.4246553,-1.2933404,-1.5463262,on bike mount,cyclo cross,True,concrete plates,good
aa460e9e-5072-4184-b5d4-d40d99b4c733,cea3994f-88fc-4f66-b66b-0b1df8f095e4,8eef5cd7-9c90-4e35-80a5-3c40607f878d,1635695334166,13.4163214,52.4766299,7.172814,-1.3500419,-3.9917727,-1.9272504,on bike mount,cyclo cross,True,concrete plates,good
aa460e9e-5072-4184-b5d4-d40d99b4c733,cea3994f-88fc-4f66-b66b-0b1df8f095e4,ee9c0056-96c7-4e3f-8558-5647c9724361,1635695334216,13.4163214,52.4766299,7.172814,-1.6815248,3.2033372,-3.6029077,on bike mount,cyclo cross,True,concrete plates,good
aa460e9e-5072-4184-b5d4-d40d99b4c733,cea3994f-88fc-4f66-b66b-0b1df8f095e4,3b5da24d-39a6-46ac-aafd-8be8d15e22b4,1635695334266,13.4163214,52.4766299,7.172814,0.1397813,0.113358974,-4.5236588,on bike mount,cyclo cross,True,concrete plates,good
aa460e9e-5072-4184-b5d4-d40d99b4c733,cea3994f-88fc-4f66-b66b-0b1df8f095e4,abd05dce-08bd-4f99-8dee-a3d9db030e8d,1635695334318,13.4163214,52.4766299,7.172814,0.95513594,-1.3459775,-1.3505373,on bike mount,cyclo cross,True,concrete plates,good
aa460e9e-5072-4184-b5d4-d40d99b4c733,cea3994f-88fc-4f66-b66b-0b1df8f095e4,d0a2b368-ef96-4e2b-adc3-268d54bfcbc3,1635695334385,13.4163214,52.4766299,7.172814,-0.8089774,-2.8494678,-2.2112384,on bike mount,cyclo cross,True,concrete plates,good
aa460e9e-5072-4184-b5d4-d40d99b4c733,cea3994f-88fc-4f66-b66b-0b1df8f095e4,c15ff8df-1b7d-449f-bc0e-9e8e63baf139,1635695334451,13.4163214,52.4766299,7.172814,-0.5556413,0.8590448,-0.34608364,on bike mount,cyclo cross,True,concrete plates,good
aa460e9e-5072-4184-b5d4-d40d99b4c733,cea3994f-88fc-4f66-b66b-0b1df8f095e4,e1fff18d-946a-40d6-8e66-71952bc5ba49,1635695334501,13.4163214,52.4766299,7.172814,-0.7144728,2.9412603,4.6405983,on bike mount,cyclo cross,True,concrete plates,good
aa460e9e-5072-4184-b5d4-d40d99b4c733,cea3994f-88fc-4f66-b66b-0b1df8f095e4,99cd313f-9ee2-4161-aa7c-06d3d8451a6c,1635695334553,13.4163214,52.4766299,7.172814,-0.4445627,1.0060694,-1.4042921,on bike mount,cyclo cross,True,concrete plates,good
aa460e9e-5072-4184-b5d4-d40d99b4c733,cea3994f-88fc-4f66-b66b-0b1df8f095e4,d33bac4a-a79e-42a5-960a-04a80acafcb1,1635695334619,13.4163214,52.4766299,7.172814,0.52090424,-2.2949939,2.145258,on bike mount,cyclo cross,True,concrete plates,good
aa460e9e-5072-4184-b5d4-d40d99b4c733,cea3994f-88fc-4f66-b66b-0b1df8f095e4,22783f65-6e5e-47af-9f1b-f0d1fde8c51d,1635695334677,13.4163214,52.4766299,7.172814,0.7001846,-0.24903297,0.3706646,on bike mount,cyclo cross,True,concrete plates,good
aa460e9e-5072-4184-b5d4-d40d99b4c733,cea3994f-88fc-4f66-b66b-0b1df8f095e4,f35c9ea4-caa2-4953-9961-c1a8662ab6ce,1635695334736,13.4161997,52.4766231,7.120677,-1.684782,-2.3445313,0.24896622,on bike mount,cyclo cross,True,concrete plates,good
aa460e9e-5072-4184-b5d4-d40d99b4c733,cea3994f-88fc-4f66-b66b-0b1df8f095e4,8440e360-c71f-47ef-ab7c-afce3f4e4dc3,1635695334800,13.4161997,52.4766231,7.120677,1.1569169,-0.9724891,4.0004416,on bike mount,cyclo cross,True,concrete plates,good
aa460e9e-5072-4184-b5d4-d40d99b4c733,cea3994f-88fc-4f66-b66b-0b1df8f095e4,ca994721-11db-4433-b641-4bde840210e7,1635695334852,13.4161997,52.4766231,7.120677,-1.1517669,1.4054632,-3.281879,on bike mount,cyclo cross,True,concrete plates,good
aa460e9e-5072-4184-b5d4-d40d99b4c733,cea3994f-88fc-4f66-b66b-0b1df8f095e4,1140c754-ae9c-4eeb-9dd2-d3c80c1c6af6,1635695334902,13.4161997,52.4766231,7.120677,-0.08301329,0.18142629,-4.1176724,on bike mount,cyclo cross,True,concrete plates,good
aa460e9e-5072-4184-b5d4-d40d99b4c733,cea3994f-88fc-4f66-b66b-0b1df8f095e4,ae2b66e3-521b-4563-8e23-3132adf37644,1635695334953,13.4161997,52.4766231,7.120677,-0.85536134,-0.29541516,-2.7614088,on bike mount,cyclo cross,True,concrete plates,good
aa460e9e-5072-4184-b5d4-d40d99b4c733,cea3994f-88fc-4f66-b66b-0b1df8f095e4,e02106cb-7f81-4c35-8f6d-c2a5acdcb6ac,1635695335018,13.4161997,52.4766231,7.120677,-2.4441257,3.3155437,1.4562979,on bike mount,cyclo cross,True,concrete plates,good
aa460e9e-5072-4184-b5d4-d40d99b4c733,cea3994f-88fc-4f66-b66b-0b1df8f095e4,a9d75aa3-5e3a-471f-8d7d-47ad152f2026,1635695335069,13.4161997,52.4766231,7.120677,-1.0523672,-0.020016193,3.498869,on bike mount,cyclo cross,True,concrete plates,good
aa460e9e-5072-4184-b5d4-d40d99b4c733,cea3994f-88fc-4f66-b66b-0b1df8f095e4,f9eb8202-5e50-4172-afb4-39347ea29436,1635695335120,13.4161997,52.4766231,7.120677,0.3919344,0.11002827,1.2868166,on bike mount,cyclo cross,True,concrete plates,good
aa460e9e-5072-4184-b5d4-d40d99b4c733,cea3994f-88fc-4f66-b66b-0b1df8f095e4,4a5b09f7-c244-438b-a202-75026cc10df2,1635695335170,13.4161997,52.4766231,7.120677,-0.75104624,-0.9199424,1.5209169,on bike mount,cyclo cross,True,concrete plates,good
aa460e9e-5072-4184-b5d4-d40d99b4c733,cea3994f-88fc-4f66-b66b-0b1df8f095e4,1bc6109c-5896-4000-8e2c-5da8acc28c79,1635695335235,13.4161997,52.4766231,7.120677,-1.5958226,1.2860465,-2.3540492,on bike mount,cyclo cross,True,concrete plates,good
aa460e9e-5072-4184-b5d4-d40d99b4c733,cea3994f-88fc-4f66-b66b-0b1df8f095e4,5f93ef07-cc85-460e-9d2c-3b3a862415cf,1635695335288,13.4161997,52.4766231,7.120677,1.221659,-0.49404764,1.4034138,on bike mount,cyclo cross,True,concrete plates,good
aa460e9e-5072-4184-b5d4-d40d99b4c733,cea3994f-88fc-4f66-b66b-0b1df8f095e4,36088f8a-d597-4e7f-9778-e6bec25ab446,1635695335353,13.4161997,52.4766231,7.120677,-0.17400178,-3.6470342,-0.20846653,on bike mount,cyclo cross,True,concrete plates,good
aa460e9e-5072-4184-b5d4-d40d99b4c733,cea3994f-88fc-4f66-b66b-0b1df8f095e4,cb547668-3973-405c-809b-e6c08b19b901,1635695335404,13.4161997,52.4766231,7.120677,-0.8294475,-2.993874,-0.5295534,on bike mount,cyclo cross,True,concrete plates,good
aa460e9e-5072-4184-b5d4-d40d99b4c733,cea3994f-88fc-4f66-b66b-0b1df8f095e4,5f9008ac-827c-4850-9b14-961037a38d5b,1635695335455,13.4161997,52.4766231,7.120677,-0.13136274,4.1777124,-2.6887155,on bike mount,cyclo cross,True,concrete plates,good
aa460e9e-5072-4184-b5d4-d40d99b4c733,cea3994f-88fc-4f66-b66b-0b1df8f095e4,f212ff9f-c5a1-40f6-b95d-f4fa48240eac,1635695335520,13.4161997,52.4766231,7.120677,0.46184215,-1.5762485,0.863039,on bike mount,cyclo cross,True,concrete plates,good
aa460e9e-5072-4184-b5d4-d40d99b4c733,cea3994f-88fc-4f66-b66b-0b1df8f095e4,bf6e139d-1adf-4196-80e4-f3fa06a8e4b5,1635695335571,13.4161997,52.4766231,7.120677,-0.35363328,-0.53007126,2.229847,on bike mount,cyclo cross,True,concrete plates,good
aa460e9e-5072-4184-b5d4-d40d99b4c733,cea3994f-88fc-4f66-b66b-0b1df8f095e4,0f97351a-de22-490d-9024-e492c4d33a2a,1635695335621,13.4161997,52.4766231,7.120677,2.7893794,-4.646333,0.25902462,on bike mount,cyclo cross,True,concrete plates,good
aa460e9e-5072-4184-b5d4-d40d99b4c733,cea3994f-88fc-4f66-b66b-0b1df8f095e4,75312687-08c6-46af-9eb8-80c2767b5e37,1635695335675,13.4161997,52.4766231,7.120677,0.4844448,-1.2671993,-2.8336425,on bike mount,cyclo cross,True,concrete plates,good
aa460e9e-5072-4184-b5d4-d40d99b4c733,cea3994f-88fc-4f66-b66b-0b1df8f095e4,cc0b7e6e-ccd9-4a95-819b-e20b4e7b4669,1635695335736,13.4160784,52.4766184,7.3795047,0.8995644,-1.8645102,-2.167213,on bike mount,cyclo cross,True,concrete plates,good
aa460e9e-5072-4184-b5d4-d40d99b4c733,cea3994f-88fc-4f66-b66b-0b1df8f095e4,558bb17c-e8d4-42c9-ab39-2dd666afd688,1635695335788,13.4160784,52.4766184,7.3795047,-1.505132,-0.006435871,-0.3207407,on bike mount,cyclo cross,True,concrete plates,good
aa460e9e-5072-4184-b5d4-d40d99b4c733,cea3994f-88fc-4f66-b66b-0b1df8f095e4,d15b5be1-02eb-4edc-97f7-76f58e194bc3,1635695335853,13.4160784,52.4766184,7.3795047,-0.47315717,1.405294,0.850482,on bike mount,cyclo cross,True,concrete plates,good
aa460e9e-5072-4184-b5d4-d40d99b4c733,cea3994f-88fc-4f66-b66b-0b1df8f095e4,a54b579a-4370-444e-ba50-8f1d50975380,1635695335904,13.4160784,52.4766184,7.3795047,-0.17597222,-0.85406685,-0.7992382,on bike mount,cyclo cross,True,concrete plates,good
aa460e9e-5072-4184-b5d4-d40d99b4c733,cea3994f-88fc-4f66-b66b-0b1df8f095e4,2cedf651-f568-405a-b3c0-b09f82b2f605,1635695335970,13.4160784,52.4766184,7.3795047,1.4560915,-2.4664934,1.3092232,on bike mount,cyclo cross,True,concrete plates,good
aa460e9e-5072-4184-b5d4-d40d99b4c733,cea3994f-88fc-4f66-b66b-0b1df8f095e4,c0b46928-45bf-4c3b-a406-7e8d91db2284,1635695336020,13.4160784,52.4766184,7.3795047,-1.3045204,-0.89086926,-3.823059,on bike mount,cyclo cross,True,concrete plates,good
aa460e9e-5072-4184-b5d4-d40d99b4c733,cea3994f-88fc-4f66-b66b-0b1df8f095e4,0beb3e6e-f7b4-4f3d-9205-2505bdb4879b,1635695336072,13.4160784,52.4766184,7.3795047,1.4721241,4.136629,-4.7932816,on bike mount,cyclo cross,True,concrete plates,good
aa460e9e-5072-4184-b5d4-d40d99b4c733,cea3994f-88fc-4f66-b66b-0b1df8f095e4,cab2a4c2-a049-426b-887d-145c908b9dcb,1635695336123,13.4160784,52.4766184,7.3795047,1.070535,-0.80811954,-7.6037827,on bike mount,cyclo cross,True,concrete plates,good
aa460e9e-5072-4184-b5d4-d40d99b4c733,cea3994f-88fc-4f66-b66b-0b1df8f095e4,5fa6a7aa-71c2-4c31-9280-2bae4e78ceaa,1635695336172,13.4160784,52.4766184,7.3795047,-1.309147,0.15737462,3.6185608,on bike mount,cyclo cross,True,concrete plates,good
aa460e9e-5072-4184-b5d4-d40d99b4c733,cea3994f-88fc-4f66-b66b-0b1df8f095e4,c6b9f770-228d-44df-a1c5-6b7f5b4e6d08,1635695336222,13.4160784,52.4766184,7.3795047,-2.6100917,1.163188,1.5017748,on bike mount,cyclo cross,True,concrete plates,good
aa460e9e-5072-4184-b5d4-d40d99b4c733,cea3994f-88fc-4f66-b66b-0b1df8f095e4,bd694736-9ecd-480d-873f-6437169994a9,1635695336271,13.4160784,52.4766184,7.3795047,0.5477729,-4.992587,4.6635046,on bike mount,cyclo cross,True,concrete plates,good
aa460e9e-5072-4184-b5d4-d40d99b4c733,cea3994f-88fc-4f66-b66b-0b1df8f095e4,74fc2b2e-d918-4eb7-a749-125e369dd286,1635695336322,13.4160784,52.4766184,7.3795047,-0.14291984,-0.23631763,-3.3433366,on bike mount,cyclo cross,True,concrete plates,good
aa460e9e-5072-4184-b5d4-d40d99b4c733,cea3994f-88fc-4f66-b66b-0b1df8f095e4,4c2e228f-ba0c-4c3a-8cc6-b2d275bd92ad,1635695336389,13.4160784,52.4766184,7.3795047,0.1808703,1.4421766,0.7413416,on bike mount,cyclo cross,True,concrete plates,good
aa460e9e-5072-4184-b5d4-d40d99b4c733,cea3994f-88fc-4f66-b66b-0b1df8f095e4,8dd1e574-613b-4d51-85fb-2d212fd0e1a8,1635695336440,13.4160784,52.4766184,7.3795047,0.59131795,-0.3507445,0.983737,on bike mount,cyclo cross,True,concrete plates,good
aa460e9e-5072-4184-b5d4-d40d99b4c733,cea3994f-88fc-4f66-b66b-0b1df8f095e4,5e7fbb95-26f5-42be-aad7-dd342d3aefdd,1635695336506,13.4160784,52.4766184,7.3795047,-2.3431768,4.63785,-0.70686007,on bike mount,cyclo cross,True,concrete plates,good
aa460e9e-5072-4184-b5d4-d40d99b4c733,cea3994f-88fc-4f66-b66b-0b1df8f095e4,8028ba26-5768-4c97-bedf-f522e29ff107,1635695336555,13.4160784,52.4766184,7.3795047,-3.0189476,0.18100739,2.920251,on bike mount,cyclo cross,True,concrete plates,good
aa460e9e-5072-4184-b5d4-d40d99b4c733,cea3994f-88fc-4f66-b66b-0b1df8f095e4,ddd3742f-8f08-4f1f-a0a9-73a6c165fe64,1635695336607,13.4160784,52.4766184,7.3795047,1.0752325,-0.33796477,1.5033045,on bike mount,cyclo cross,True,concrete plates,good
aa460e9e-5072-4184-b5d4-d40d99b4c733,cea3994f-88fc-4f66-b66b-0b1df8f095e4,79dbae34-239e-4ead-a477-2fda9c547505,1635695336676,13.4160784,52.4766184,7.3795047,-0.62839866,-1.7446322,2.6700153,on bike mount,cyclo cross,True,concrete plates,good
aa460e9e-5072-4184-b5d4-d40d99b4c733,cea3994f-88fc-4f66-b66b-0b1df8f095e4,cb27d6e1-bb1a-4a03-9cd5-d2e1c1b8c1ae,1635695336738,13.4159553,52.476621,7.659056,0.9710733,-0.33412385,-7.1960754,on bike mount,cyclo cross,True,concrete plates,good
aa460e9e-5072-4184-b5d4-d40d99b4c733,cea3994f-88fc-4f66-b66b-0b1df8f095e4,0c6297db-1f6b-4f94-9fc0-de0195ef985a,1635695336790,13.4159553,52.476621,7.659056,-3.453476,-2.677342,0.14542675,on bike mount,cyclo cross,True,concrete plates,good
aa460e9e-5072-4184-b5d4-d40d99b4c733,cea3994f-88fc-4f66-b66b-0b1df8f095e4,5657485b-a30e-44ca-801f-4d89cb9fd4ef,1635695336856,13.4159553,52.476621,7.659056,5.878554,-4.7750583,2.0969,on bike mount,cyclo cross,True,concrete plates,good
aa460e9e-5072-4184-b5d4-d40d99b4c733,cea3994f-88fc-4f66-b66b-0b1df8f095e4,14a2c1d9-af0f-4334-8168-18455b6b6b17,1635695336906,13.4159553,52.476621,7.659056,-0.26161563,0.6950419,0.10958195,on bike mount,cyclo cross,True,concrete plates,good
aa460e9e-5072-4184-b5d4-d40d99b4c733,cea3994f-88fc-4f66-b66b-0b1df8f095e4,ebe413cf-34f8-4a41-9c6c-80855c363e25,1635695336956,13.4159553,52.476621,7.659056,0.13358158,4.221922,-7.136868,on bike mount,cyclo cross,True,concrete plates,good
aa460e9e-5072-4184-b5d4-d40d99b4c733,cea3994f-88fc-4f66-b66b-0b1df8f095e4,baf8ccd5-1bbf-4034-8c6b-a68c1edaac81,1635695337007,13.4159553,52.476621,7.659056,-0.2222059,-2.5420322,5.0213766,on bike mount,cyclo cross,True,concrete plates,good
aa460e9e-5072-4184-b5d4-d40d99b4c733,cea3994f-88fc-4f66-b66b-0b1df8f095e4,fa84300e-5ca9-48b6-ad26-7341c523d6be,1635695337075,13.4159553,52.476621,7.659056,-0.12386423,-3.2334056,-2.7803063,on bike mount,cyclo cross,True,concrete plates,good
aa460e9e-5072-4184-b5d4-d40d99b4c733,cea3994f-88fc-4f66-b66b-0b1df8f095e4,6b410480-3316-4cb0-ba39-816df940ca2f,1635695337124,13.4159553,52.476621,7.659056,0.3672759,-1.2050099,-1.0197692,on bike mount,cyclo cross,True,concrete plates,good
aa460e9e-5072-4184-b5d4-d40d99b4c733,cea3994f-88fc-4f66-b66b-0b1df8f095e4,4beeb7fd-fdb4-48b5-a446-780141456edf,1635695337174,13.4159553,52.476621,7.659056,-1.2422292,-3.5528653,0.34937572,on bike mount,cyclo cross,True,concrete plates,good
aa460e9e-5072-4184-b5d4-d40d99b4c733,cea3994f-88fc-4f66-b66b-0b1df8f095e4,43f97649-c935-40db-82a3-fe43689f12be,1635695337225,13.4159553,52.476621,7.659056,1.0412208,-5.4827127,2.2007923,on bike mount,cyclo cross,True,concrete plates,good
aa460e9e-5072-4184-b5d4-d40d99b4c733,cea3994f-88fc-4f66-b66b-0b1df8f095e4,e5fa855f-9d87-4fd8-97f7-eaa9d17deda3,1635695337290,13.4159553,52.476621,7.659056,0.8879087,2.2222624,5.2816486,on bike mount,cyclo cross,True,concrete plates,good
aa460e9e-5072-4184-b5d4-d40d99b4c733,cea3994f-88fc-4f66-b66b-0b1df8f095e4,74c37b37-b33e-475f-9754-ca6fc11c74b9,1635695337342,13.4159553,52.476621,7.659056,-0.4301762,-1.3018293,2.8168821,on bike mount,cyclo cross,True,concrete plates,good
aa460e9e-5072-4184-b5d4-d40d99b4c733,cea3994f-88fc-4f66-b66b-0b1df8f095e4,947d0f8a-30e4-4a53-8edc-8e9e0dfdcf5d,1635695337406,13.4159553,52.476621,7.659056,0.36166242,-0.23793483,2.4282026,on bike mount,cyclo cross,True,concrete plates,good
aa460e9e-5072-4184-b5d4-d40d99b4c733,cea3994f-88fc-4f66-b66b-0b1df8f095e4,2d37bf3b-3e65-4694-83a7-10c5cf720b39,1635695337457,13.4159553,52.476621,7.659056,-0.31725323,-5.517973,-3.6213136,on bike mount,cyclo cross,True,concrete plates,good
aa460e9e-5072-4184-b5d4-d40d99b4c733,cea3994f-88fc-4f66-b66b-0b1df8f095e4,db210210-5ce0-4a03-bcb1-3cd6d1774e9d,1635695337523,13.4159553,52.476621,7.659056,0.9437151,-3.5239255,-0.4431696,on bike mount,cyclo cross,True,concrete plates,good
aa460e9e-5072-4184-b5d4-d40d99b4c733,cea3994f-88fc-4f66-b66b-0b1df8f095e4,478e0ee5-c810-4e14-850f-37fd3a0d575d,1635695337573,13.4159553,52.476621,7.659056,1.7545087,0.75280213,1.2688398,on bike mount,cyclo cross,True,concrete plates,good
aa460e9e-5072-4184-b5d4-d40d99b4c733,cea3994f-88fc-4f66-b66b-0b1df8f095e4,0b498d32-3c34-4cc3-81cd-0fec5e74daf5,1635695337625,13.4159553,52.476621,7.659056,0.12585983,3.9771314,-2.6138349,on bike mount,cyclo cross,True,concrete plates,good
aa460e9e-5072-4184-b5d4-d40d99b4c733,cea3994f-88fc-4f66-b66b-0b1df8f095e4,95b0e1da-3934-417c-b67a-1f7354702cda,1635695337690,13.4159553,52.476621,7.659056,0.468134,-2.783136,-0.021316528,on bike mount,cyclo cross,True,concrete plates,good
aa460e9e-5072-4184-b5d4-d40d99b4c733,cea3994f-88fc-4f66-b66b-0b1df8f095e4,577afb7d-cc89-478b-8506-097143a1de91,1635695337740,13.4158334,52.4766294,7.4108133,0.007882394,-0.9593986,1.5926428,on bike mount,cyclo cross,True,concrete plates,good
aa460e9e-5072-4184-b5d4-d40d99b4c733,cea3994f-88fc-4f66-b66b-0b1df8f095e4,f5188ab9-b521-46c7-b7b4-1c16cb1d136f,1635695337791,13.4158334,52.4766294,7.4108133,0.8400087,1.3481588,-1.5229077,on bike mount,cyclo cross,True,concrete plates,good
aa460e9e-5072-4184-b5d4-d40d99b4c733,cea3994f-88fc-4f66-b66b-0b1df8f095e4,f83c1f81-c51f-4f41-8f7e-761d69689b19,1635695337842,13.4158334,52.4766294,7.4108133,0.44270158,1.8970613,-1.1426682,on bike mount,cyclo cross,True,concrete plates,good
aa460e9e-5072-4184-b5d4-d40d99b4c733,cea3994f-88fc-4f66-b66b-0b1df8f095e4,e8a865a8-97e3-49d2-b69a-622828bbedeb,1635695337910,13.4158334,52.4766294,7.4108133,0.9775663,-3.8047059,2.6547098,on bike mount,cyclo cross,True,concrete plates,good
aa460e9e-5072-4184-b5d4-d40d99b4c733,cea3994f-88fc-4f66-b66b-0b1df8f095e4,6183978e-9409-42ff-a018-648bb2e9c2b5,1635695337975,13.4158334,52.4766294,7.4108133,0.85937506,2.8269496,-5.650874,on bike mount,cyclo cross,True,concrete plates,good
aa460e9e-5072-4184-b5d4-d40d99b4c733,cea3994f-88fc-4f66-b66b-0b1df8f095e4,b36197b6-6ab1-4496-8d82-c2db47828b5c,1635695338026,13.4158334,52.4766294,7.4108133,-1.2265674,-2.787501,-4.142926,on bike mount,cyclo cross,True,concrete plates,good
aa460e9e-5072-4184-b5d4-d40d99b4c733,cea3994f-88fc-4f66-b66b-0b1df8f095e4,25da6b67-db11-47ea-8a91-15d34d45991f,1635695338077,13.4158334,52.4766294,7.4108133,1.0249152,-13.813402,-3.2134395,on bike mount,cyclo cross,True,concrete plates,good
aa460e9e-5072-4184-b5d4-d40d99b4c733,cea3994f-88fc-4f66-b66b-0b1df8f095e4,dc0d8fb7-a791-42bf-980a-cd21ec072fcd,1635695338142,13.4158334,52.4766294,7.4108133,-0.8913755,5.000517,-1.5472193,on bike mount,cyclo cross,True,concrete plates,good
aa460e9e-5072-4184-b5d4-d40d99b4c733,cea3994f-88fc-4f66-b66b-0b1df8f095e4,e497fbc4-2be2-4426-9169-7f2943685712,1635695338194,13.4158334,52.4766294,7.4108133,1.8781804,-2.7483215,-1.1780663,on bike mount,cyclo cross,True,concrete plates,good
aa460e9e-5072-4184-b5d4-d40d99b4c733,cea3994f-88fc-4f66-b66b-0b1df8f095e4,ba47507c-cfc4-447e-876f-f6573410d207,1635695338257,13.4158334,52.4766294,7.4108133,0.9798174,-3.1961675,-0.22431564,on bike mount,cyclo cross,True,concrete plates,good
aa460e9e-5072-4184-b5d4-d40d99b4c733,cea3994f-88fc-4f66-b66b-0b1df8f095e4,64a5fac5-a6e6-4bc0-8b6b-91212d2c86dc,1635695338311,13.4158334,52.4766294,7.4108133,-0.83052087,4.443793,-2.7996068,on bike mount,cyclo cross,True,concrete plates,good
aa460e9e-5072-4184-b5d4-d40d99b4c733,cea3994f-88fc-4f66-b66b-0b1df8f095e4,300099c8-f7e7-477e-bdcf-2c11a8453335,1635695338369,13.4158334,52.4766294,7.4108133,0.4870942,-2.2812734,0.2567129,on bike mount,cyclo cross,True,concrete plates,good
aa460e9e-5072-4184-b5d4-d40d99b4c733,cea3994f-88fc-4f66-b66b-0b1df8f095e4,68f252ca-9834-4a7d-a6c3-7d03e21efd16,1635695338425,13.4158334,52.4766294,7.4108133,0.10451195,2.5050707,0.06714058,on bike mount,cyclo cross,True,concrete plates,good
aa460e9e-5072-4184-b5d4-d40d99b4c733,cea3994f-88fc-4f66-b66b-0b1df8f095e4,25a3d146-36c8-4927-8622-d145eb6f7b51,1635695338477,13.4158334,52.4766294,7.4108133,0.25321782,2.1626673,-4.853364,on bike mount,cyclo cross,True,concrete plates,good
aa460e9e-5072-4184-b5d4-d40d99b4c733,cea3994f-88fc-4f66-b66b-0b1df8f095e4,34531339-bad5-4969-a34f-3eaff1f84d57,1635695338542,13.4158334,52.4766294,7.4108133,1.0211163,-1.0658793,-2.4650269,on bike mount,cyclo cross,True,concrete plates,good
aa460e9e-5072-4184-b5d4-d40d99b4c733,cea3994f-88fc-4f66-b66b-0b1df8f095e4,d185b769-c0f6-4ac9-bcb6-4dff50aa8937,1635695338594,13.4158334,52.4766294,7.4108133,-0.9863424,1.0176558,0.34046936,on bike mount,cyclo cross,True,concrete plates,good
aa460e9e-5072-4184-b5d4-d40d99b4c733,cea3994f-88fc-4f66-b66b-0b1df8f095e4,75d68cf0-bbae-4f2b-a881-59b2f21e397c,1635695338644,13.4158334,52.4766294,7.4108133,-1.1600775,-2.5717275,-3.045426,on bike mount,cyclo cross,True,concrete plates,good
aa460e9e-5072-4184-b5d4-d40d99b4c733,cea3994f-88fc-4f66-b66b-0b1df8f095e4,7c80c4b4-b358-4592-89fe-0604e5d2965c,1635695338714,13.4157145,52.4766356,7.8664966,0.46630484,0.34091425,-0.2084713,on bike mount,cyclo cross,True,concrete plates,good
aa460e9e-5072-4184-b5d4-d40d99b4c733,cea3994f-88fc-4f66-b66b-0b1df8f095e4,c4924ae9-d4d8-40bd-a6a8-d62291540b15,1635695338775,13.4157145,52.4766356,7.8664966,0.13312206,-0.30674005,0.051574707,on bike mount,cyclo cross,True,concrete plates,good
aa460e9e-5072-4184-b5d4-d40d99b4c733,cea3994f-88fc-4f66-b66b-0b1df8f095e4,71acb8a1-3cbc-4f80-a9e1-68a1bcfb9439,1635695338827,13.4157145,52.4766356,7.8664966,-0.34016037,-0.44172573,-5.024517,on bike mount,cyclo cross,True,concrete plates,good
aa460e9e-5072-4184-b5d4-d40d99b4c733,cea3994f-88fc-4f66-b66b-0b1df8f095e4,1cca80f7-b8a4-4da9-a0e7-dbcb722e8d3a,1635695338876,13.4157145,52.4766356,7.8664966,0.12542623,-0.055669785,-0.9709606,on bike mount,cyclo cross,True,concrete plates,good
aa460e9e-5072-4184-b5d4-d40d99b4c733,cea3994f-88fc-4f66-b66b-0b1df8f095e4,62f0a265-a0ec-4dcb-b8a5-65c5f42fdea1,1635695338926,13.4157145,52.4766356,7.8664966,-1.5442227,-1.5253587,-2.9259176,on bike mount,cyclo cross,True,concrete plates,good
aa460e9e-5072-4184-b5d4-d40d99b4c733,cea3994f-88fc-4f66-b66b-0b1df8f095e4,672bc425-adb7-48f0-880c-0d30797ff5ba,1635695338975,13.4157145,52.4766356,7.8664966,-0.9132482,-1.8289418,-3.9104161,on bike mount,cyclo cross,True,concrete plates,good
aa460e9e-5072-4184-b5d4-d40d99b4c733,cea3994f-88fc-4f66-b66b-0b1df8f095e4,b5ff0b76-1cbf-48b9-a9bf-a60000258aea,1635695339027,13.4157145,52.4766356,7.8664966,0.2732794,-1.2855095,4.2861586,on bike mount,cyclo cross,True,concrete plates,good
aa460e9e-5072-4184-b5d4-d40d99b4c733,cea3994f-88fc-4f66-b66b-0b1df8f095e4,d5c75117-6c84-4269-891b-603615386ddb,1635695339093,13.4157145,52.4766356,7.8664966,-0.61145616,-5.4380894,-4.2067842,on bike mount,cyclo cross,True,concrete plates,good
aa460e9e-5072-4184-b5d4-d40d99b4c733,cea3994f-88fc-4f66-b66b-0b1df8f095e4,80a68126-c9e5-46fa-82c1-33cdc6c24e54,1635695339144,13.4157145,52.4766356,7.8664966,1.3229127,2.9181228,-3.654207,on bike mount,cyclo cross,True,concrete plates,good
aa460e9e-5072-4184-b5d4-d40d99b4c733,cea3994f-88fc-4f66-b66b-0b1df8f095e4,a661a795-d112-4055-9e7e-c40661bc5695,1635695339195,13.4157145,52.4766356,7.8664966,0.014112115,2.0784307,0.43140125,on bike mount,cyclo cross,True,concrete plates,good
aa460e9e-5072-4184-b5d4-d40d99b4c733,cea3994f-88fc-4f66-b66b-0b1df8f095e4,2d597828-06a8-416a-af45-eea5c4992b0f,1635695339260,13.4157145,52.4766356,7.8664966,1.1650702,-0.9916983,1.5652475,on bike mount,cyclo cross,True,concrete plates,good
aa460e9e-5072-4184-b5d4-d40d99b4c733,cea3994f-88fc-4f66-b66b-0b1df8f095e4,aa0a8b4b-7b56-45dc-9e66-6b05c54ed353,1635695339311,13.4157145,52.4766356,7.8664966,-3.0826504,3.1001115,0.23396873,on bike mount,cyclo cross,True,concrete plates,good
aa460e9e-5072-4184-b5d4-d40d99b4c733,cea3994f-88fc-4f66-b66b-0b1df8f095e4,5e7b931c-849d-4e37-82d6-a604a3d5a69d,1635695339362,13.4157145,52.4766356,7.8664966,-1.3190384,0.26807547,1.2116995,on bike mount,cyclo cross,True,concrete plates,good
aa460e9e-5072-4184-b5d4-d40d99b4c733,cea3994f-88fc-4f66-b66b-0b1df8f095e4,8b382719-f36c-445f-a03d-d3acfa39bbc8,1635695339412,13.4157145,52.4766356,7.8664966,-1.2578646,-3.5086107,-0.9542494,on bike mount,cyclo cross,True,concrete plates,good
aa460e9e-5072-4184-b5d4-d40d99b4c733,cea3994f-88fc-4f66-b66b-0b1df8f095e4,7898d18f-d623-436b-9818-2d1a5f7b8ed5,1635695339477,13.4157145,52.4766356,7.8664966,0.7407043,1.0026579,-0.70115185,on bike mount,cyclo cross,True,concrete plates,good
aa460e9e-5072-4184-b5d4-d40d99b4c733,cea3994f-88fc-4f66-b66b-0b1df8f095e4,c16daebc-9ad3-48bb-b734-a8e4c5034cd6,1635695339529,13.4157145,52.4766356,7.8664966,0.3950951,-0.27140617,-2.3540244,on bike mount,cyclo cross,True,concrete plates,good
aa460e9e-5072-4184-b5d4-d40d99b4c733,cea3994f-88fc-4f66-b66b-0b1df8f095e4,8d847bb5-a2c6-4fbe-84a0-5b1e1d27ef3b,1635695339595,13.4157145,52.4766356,7.8664966,-2.1181538,1.171622,-1.817781,on bike mount,cyclo cross,True,concrete plates,good
aa460e9e-5072-4184-b5d4-d40d99b4c733,cea3994f-88fc-4f66-b66b-0b1df8f095e4,82db7b9b-6094-4743-b1f1-61bdc44ddf94,1635695339660,13.4157145,52.4766356,7.8664966,0.29950655,-1.3470135,-0.55626106,on bike mount,cyclo cross,True,concrete plates,good
aa460e9e-5072-4184-b5d4-d40d99b4c733,cea3994f-88fc-4f66-b66b-0b1df8f095e4,bb8ad264-e8b9-46db-80e3-1263ee9b03d6,1635695339713,13.4155934,52.476644,7.740413,-0.56381524,-1.0035268,0.7752104,on bike mount,cyclo cross,True,concrete plates,good
aa460e9e-5072-4184-b5d4-d40d99b4c733,cea3994f-88fc-4f66-b66b-0b1df8f095e4,327f1446-1b8e-4ab3-ba50-6c95aa688a10,1635695339763,13.4155934,52.476644,7.740413,1.0875639,0.0058968067,-2.1781063,on bike mount,cyclo cross,True,concrete plates,good
aa460e9e-5072-4184-b5d4-d40d99b4c733,cea3994f-88fc-4f66-b66b-0b1df8f095e4,5d0c8d28-8041-4b99-91ad-e5dc5c40ee85,1635695339827,13.4155934,52.476644,7.740413,-0.70415056,-1.3290329,-1.740768,on bike mount,cyclo cross,True,concrete plates,good
aa460e9e-5072-4184-b5d4-d40d99b4c733,cea3994f-88fc-4f66-b66b-0b1df8f095e4,b46b7f2b-8cfc-44ac-a83d-aa3da8662da2,1635695339877,13.4155934,52.476644,7.740413,-0.20789741,0.3681655,3.6815014,on bike mount,cyclo cross,True,concrete plates,good
aa460e9e-5072-4184-b5d4-d40d99b4c733,cea3994f-88fc-4f66-b66b-0b1df8f095e4,559b017f-e9bb-4817-9b67-0415ca30743d,1635695339929,13.4155934,52.476644,7.740413,0.099516004,-2.0010638,-3.1175332,on bike mount,cyclo cross,True,concrete plates,good
aa460e9e-5072-4184-b5d4-d40d99b4c733,cea3994f-88fc-4f66-b66b-0b1df8f095e4,38a48918-1267-442a-8b11-6295627f854e,1635695339979,13.4155934,52.476644,7.740413,-0.5998772,-0.856879,-0.45666885,on bike mount,cyclo cross,True,concrete plates,good
aa460e9e-5072-4184-b5d4-d40d99b4c733,cea3994f-88fc-4f66-b66b-0b1df8f095e4,8092589d-4f99-4564-974a-726d729eae78,1635695340029,13.4155934,52.476644,7.740413,0.013309211,-0.56633043,5.2381287,on bike mount,cyclo cross,True,concrete plates,good
aa460e9e-5072-4184-b5d4-d40d99b4c733,cea3994f-88fc-4f66-b66b-0b1df8f095e4,c3907a2f-03f9-4156-b0c1-6df21af14e86,1635695340079,13.4155934,52.476644,7.740413,1.1762607,-6.573742,4.850669,on bike mount,cyclo cross,True,concrete plates,good
aa460e9e-5072-4184-b5d4-d40d99b4c733,cea3994f-88fc-4f66-b66b-0b1df8f095e4,4db53cbd-e072-4b31-9ac0-6f4483424215,1635695340147,13.4155934,52.476644,7.740413,1.1622045,-3.6647835,4.384924,on bike mount,cyclo cross,True,concrete plates,good
aa460e9e-5072-4184-b5d4-d40d99b4c733,cea3994f-88fc-4f66-b66b-0b1df8f095e4,564a9c90-7a20-4756-b374-a89cf370e75b,1635695340213,13.4155934,52.476644,7.740413,0.9330202,1.4611497,-1.289186,on bike mount,cyclo cross,True,concrete plates,good
aa460e9e-5072-4184-b5d4-d40d99b4c733,cea3994f-88fc-4f66-b66b-0b1df8f095e4,903978e6-90b1-4b82-a43f-ce667c476743,1635695340279,13.4155934,52.476644,7.740413,-1.9741464,2.9539576,-1.2262206,on bike mount,cyclo cross,True,concrete plates,good
aa460e9e-5072-4184-b5d4-d40d99b4c733,cea3994f-88fc-4f66-b66b-0b1df8f095e4,c5ca2b5d-25d6-462d-b938-b9d7fb425f4c,1635695340330,13.4155934,52.476644,7.740413,0.012204073,-0.9210124,1.6517773,on bike mount,cyclo cross,True,concrete plates,good
aa460e9e-5072-4184-b5d4-d40d99b4c733,cea3994f-88fc-4f66-b66b-0b1df8f095e4,64756185-3689-46a2-b016-2fd62d40b4df,1635695340396,13.4155934,52.476644,7.740413,-0.58254564,-0.8372004,1.0204258,on bike mount,cyclo cross,True,concrete plates,good
aa460e9e-5072-4184-b5d4-d40d99b4c733,cea3994f-88fc-4f66-b66b-0b1df8f095e4,93fd215e-6953-4283-a28b-9398c05f1c11,1635695340446,13.4155934,52.476644,7.740413,-1.3324276,-0.8507123,-3.1488705,on bike mount,cyclo cross,True,concrete plates,good
aa460e9e-5072-4184-b5d4-d40d99b4c733,cea3994f-88fc-4f66-b66b-0b1df8f095e4,813237fa-90cb-4878-b16a-66030819a480,1635695340497,13.4155934,52.476644,7.740413,-0.28680885,-6.170188,3.5404549,on bike mount,cyclo cross,True,concrete plates,good
aa460e9e-5072-4184-b5d4-d40d99b4c733,cea3994f-88fc-4f66-b66b-0b1df8f095e4,9a3481db-797e-4b02-8649-db9e36de1bee,1635695340562,13.4155934,52.476644,7.740413,0.08625147,2.9565663,0.3820839,on bike mount,cyclo cross,True,concrete plates,good
aa460e9e-5072-4184-b5d4-d40d99b4c733,cea3994f-88fc-4f66-b66b-0b1df8f095e4,fc9b15c4-f650-40ff-8385-15e87aa71693,1635695340612,13.4155934,52.476644,7.740413,0.514024,-15.342487,1.0494919,on bike mount,cyclo cross,True,concrete plates,good
aa460e9e-5072-4184-b5d4-d40d99b4c733,cea3994f-88fc-4f66-b66b-0b1df8f095e4,29605599-3fcb-41e7-859d-0118f2ab5830,1635695340662,13.4155934,52.476644,7.740413,2.2908988,-4.1005683,-1.0960889,on bike mount,cyclo cross,True,concrete plates,good
aa460e9e-5072-4184-b5d4-d40d99b4c733,cea3994f-88fc-4f66-b66b-0b1df8f095e4,08b83516-6b87-4cdc-9acb-1155d75e3fe8,1635695340715,13.4154736,52.4766461,7.8895454,0.4197791,2.6628122,-1.4816341,on bike mount,cyclo cross,True,concrete plates,good
aa460e9e-5072-4184-b5d4-d40d99b4c733,cea3994f-88fc-4f66-b66b-0b1df8f095e4,0c808fec-4f35-4689-8c95-69cc51051ab2,1635695340779,13.4154736,52.4766461,7.8895454,1.2187109,0.50868917,-1.3903551,on bike mount,cyclo cross,True,concrete plates,good
aa460e9e-5072-4184-b5d4-d40d99b4c733,cea3994f-88fc-4f66-b66b-0b1df8f095e4,200eb685-192e-445d-a58b-5a7c92c3fbc1,1635695340834,13.4154736,52.4766461,7.8895454,-0.24140522,1.2211866,2.5876427,on bike mount,cyclo cross,True,concrete plates,good
aa460e9e-5072-4184-b5d4-d40d99b4c733,cea3994f-88fc-4f66-b66b-0b1df8f095e4,7bfa2453-74e5-4095-b8a7-df6b2cb4581a,1635695340897,13.4154736,52.4766461,7.8895454,-0.4570353,-2.2230585,-0.3203478,on bike mount,cyclo cross,True,concrete plates,good
aa460e9e-5072-4184-b5d4-d40d99b4c733,cea3994f-88fc-4f66-b66b-0b1df8f095e4,ef6f5455-7bab-488b-b7e8-18bc978ba1b1,1635695340947,13.4154736,52.4766461,7.8895454,3.1550694,-1.2400709,-0.14824009,on bike mount,cyclo cross,True,concrete plates,good
aa460e9e-5072-4184-b5d4-d40d99b4c733,cea3994f-88fc-4f66-b66b-0b1df8f095e4,be7114db-e119-4c66-8729-3bba22a90ca7,1635695340998,13.4154736,52.4766461,7.8895454,2.4638278,-0.5655887,-0.1986866,on bike mount,cyclo cross,True,concrete plates,good
aa460e9e-5072-4184-b5d4-d40d99b4c733,cea3994f-88fc-4f66-b66b-0b1df8f095e4,bf0d4c5e-f3eb-4864-bca4-29f7a64ff628,1635695341048,13.4154736,52.4766461,7.8895454,3.1431174,-6.484283,5.356476,on bike mount,cyclo cross,True,concrete plates,good
aa460e9e-5072-4184-b5d4-d40d99b4c733,cea3994f-88fc-4f66-b66b-0b1df8f095e4,e9c382ef-b9c6-4a05-949c-3200dcfce392,1635695341099,13.4154736,52.4766461,7.8895454,-5.4049463,1.3639057,-3.056697,on bike mount,cyclo cross,True,concrete plates,good
aa460e9e-5072-4184-b5d4-d40d99b4c733,cea3994f-88fc-4f66-b66b-0b1df8f095e4,6bc88eee-e9a2-4d79-8329-49446883f61f,1635695341164,13.4154736,52.4766461,7.8895454,1.0368643,-1.89985,-0.73246,on bike mount,cyclo cross,True,concrete plates,good
aa460e9e-5072-4184-b5d4-d40d99b4c733,cea3994f-88fc-4f66-b66b-0b1df8f095e4,84f9f66d-ba75-42b0-9073-a5e3da513ab9,1635695341216,13.4154736,52.4766461,7.8895454,0.9532954,-0.30981612,-3.5865774,on bike mount,cyclo cross,True,concrete plates,good
aa460e9e-5072-4184-b5d4-d40d99b4c733,cea3994f-88fc-4f66-b66b-0b1df8f095e4,ce5d1b8a-40ba-46df-8b6d-67056c007b46,1635695341266,13.4154736,52.4766461,7.8895454,1.424921,0.6875,3.6826935,on bike mount,cyclo cross,True,concrete plates,good
aa460e9e-5072-4184-b5d4-d40d99b4c733,cea3994f-88fc-4f66-b66b-0b1df8f095e4,0ad3f5ba-8c7a-4c7a-a8a1-9f4ee25b6585,1635695341316,13.4154736,52.4766461,7.8895454,-2.394236,2.5207746,-1.6852732,on bike mount,cyclo cross,True,concrete plates,good
aa460e9e-5072-4184-b5d4-d40d99b4c733,cea3994f-88fc-4f66-b66b-0b1df8f095e4,bafbb1e9-c2f8-4e5e-878c-a405f5921010,1635695341382,13.4154736,52.4766461,7.8895454,2.2029793,1.9068308,-2.942474,on bike mount,cyclo cross,True,concrete plates,good
aa460e9e-5072-4184-b5d4-d40d99b4c733,cea3994f-88fc-4f66-b66b-0b1df8f095e4,511e7647-d73e-4fc6-9912-13e1d48f4e2c,1635695341449,13.4154736,52.4766461,7.8895454,-0.6960191,4.104388,-2.3646336,on bike mount,cyclo cross,True,concrete plates,good
aa460e9e-5072-4184-b5d4-d40d99b4c733,cea3994f-88fc-4f66-b66b-0b1df8f095e4,fd466ce6-95fd-40f5-a0f6-854144c72f7e,1635695341514,13.4154736,52.4766461,7.8895454,0.26823717,0.36329794,-0.8854284,on bike mount,cyclo cross,True,concrete plates,good
aa460e9e-5072-4184-b5d4-d40d99b4c733,cea3994f-88fc-4f66-b66b-0b1df8f095e4,c695d496-ab35-4fac-9caa-7200f91276a5,1635695341565,13.4154736,52.4766461,7.8895454,-0.05190687,4.792844,-1.3360362,on bike mount,cyclo cross,True,concrete plates,good
aa460e9e-5072-4184-b5d4-d40d99b4c733,cea3994f-88fc-4f66-b66b-0b1df8f095e4,b957b12c-e09e-45ee-a6e1-8855e44dcacf,1635695341616,13.4154736,52.4766461,7.8895454,-1.0475338,-3.256581,6.909049,on bike mount,cyclo cross,True,concrete plates,good
aa460e9e-5072-4184-b5d4-d40d99b4c733,cea3994f-88fc-4f66-b66b-0b1df8f095e4,bece8bde-9b31-4571-8f98-15d46b6da67c,1635695341667,13.4154736,52.4766461,7.8895454,0.026234835,0.94907975,-7.4950523,on bike mount,cyclo cross,True,concrete plates,good
aa460e9e-5072-4184-b5d4-d40d99b4c733,cea3994f-88fc-4f66-b66b-0b1df8f095e4,24ef4e96-fda3-4c86-9401-85fe7d23b006,1635695341732,13.4153513,52.4766468,7.9298906,3.1104376,1.2466121,-1.4543118,on bike mount,cyclo cross,True,concrete plates,good
aa460e9e-5072-4184-b5d4-d40d99b4c733,cea3994f-88fc-4f66-b66b-0b1df8f095e4,6c4394b7-d75e-4014-a620-bcf46474e89a,1635695341782,13.4153513,52.4766468,7.9298906,0.87196535,-5.7801237,2.0459461,on bike mount,cyclo cross,True,concrete plates,good
aa460e9e-5072-4184-b5d4-d40d99b4c733,cea3994f-88fc-4f66-b66b-0b1df8f095e4,c336203c-1d76-4d23-a285-defb0a3cd8d1,1635695341831,13.4153513,52.4766468,7.9298906,0.5975258,3.1611328,-2.9766374,on bike mount,cyclo cross,True,concrete plates,good
aa460e9e-5072-4184-b5d4-d40d99b4c733,cea3994f-88fc-4f66-b66b-0b1df8f095e4,abf2b06c-3567-4e59-911f-390bb1314176,1635695341882,13.4153513,52.4766468,7.9298906,-2.2351723,2.9748983,-5.5855894,on bike mount,cyclo cross,True,concrete plates,good
aa460e9e-5072-4184-b5d4-d40d99b4c733,cea3994f-88fc-4f66-b66b-0b1df8f095e4,e1e9292c-eff5-4c67-b0f0-5684380afe3a,1635695341932,13.4153513,52.4766468,7.9298906,0.44604415,-1.7342837,4.972885,on bike mount,cyclo cross,True,concrete plates,good
aa460e9e-5072-4184-b5d4-d40d99b4c733,cea3994f-88fc-4f66-b66b-0b1df8f095e4,7a7b4e04-2352-4c67-817e-2ac503e8220f,1635695341984,13.4153513,52.4766468,7.9298906,0.073492765,-1.200048,0.98777103,on bike mount,cyclo cross,True,concrete plates,good
aa460e9e-5072-4184-b5d4-d40d99b4c733,cea3994f-88fc-4f66-b66b-0b1df8f095e4,e341b66c-f3d4-4cf6-b4a7-609a771db2d8,1635695342049,13.4153513,52.4766468,7.9298906,-2.4090445,-2.0057876,-1.3424611,on bike mount,cyclo cross,True,concrete plates,good
aa460e9e-5072-4184-b5d4-d40d99b4c733,cea3994f-88fc-4f66-b66b-0b1df8f095e4,0c9eccef-015c-4cd9-ae64-cde36cca63c7,1635695342100,13.4153513,52.4766468,7.9298906,1.2144153,3.5853257,1.7888908,on bike mount,cyclo cross,True,concrete plates,good
aa460e9e-5072-4184-b5d4-d40d99b4c733,cea3994f-88fc-4f66-b66b-0b1df8f095e4,c9d5cdaa-e62e-415e-adde-66d3f5df9df6,1635695342150,13.4153513,52.4766468,7.9298906,0.167355,-0.7838342,-0.18473148,on bike mount,cyclo cross,True,concrete plates,good
aa460e9e-5072-4184-b5d4-d40d99b4c733,cea3994f-88fc-4f66-b66b-0b1df8f095e4,d40a9ddb-7107-4a5d-83cc-1354c79c0163,1635695342200,13.4153513,52.4766468,7.9298906,-0.16734868,-3.6922712,-3.0834584,on bike mount,cyclo cross,True,concrete plates,good
aa460e9e-5072-4184-b5d4-d40d99b4c733,cea3994f-88fc-4f66-b66b-0b1df8f095e4,28c0cbea-2d3c-46a7-9a71-99918323fac2,1635695342251,13.4153513,52.4766468,7.9298906,-0.9000865,-0.46403122,-1.9002209,on bike mount,cyclo cross,True,concrete plates,good
aa460e9e-5072-4184-b5d4-d40d99b4c733,cea3994f-88fc-4f66-b66b-0b1df8f095e4,01274d52-783e-4712-845a-315cdf830343,1635695342301,13.4153513,52.4766468,7.9298906,1.5150414,-2.2808335,0.54024315,on bike mount,cyclo cross,True,concrete plates,good
aa460e9e-5072-4184-b5d4-d40d99b4c733,cea3994f-88fc-4f66-b66b-0b1df8f095e4,fead709a-50c6-4f71-8293-a6f3735a3ef3,1635695342367,13.4153513,52.4766468,7.9298906,-0.28299206,-0.6196308,-1.0786824,on bike mount,cyclo cross,True,concrete plates,good
aa460e9e-5072-4184-b5d4-d40d99b4c733,cea3994f-88fc-4f66-b66b-0b1df8f095e4,167bd8d4-edd0-4759-8391-f342180fb7a3,1635695342416,13.4153513,52.4766468,7.9298906,2.8761823,-2.3215392,-0.03408432,on bike mount,cyclo cross,True,concrete plates,good
aa460e9e-5072-4184-b5d4-d40d99b4c733,cea3994f-88fc-4f66-b66b-0b1df8f095e4,a7e1ffe2-1f5e-4875-ae19-f31491f4db04,1635695342468,13.4153513,52.4766468,7.9298906,-0.97348034,-0.088879585,-2.3357449,on bike mount,cyclo cross,True,concrete plates,good
aa460e9e-5072-4184-b5d4-d40d99b4c733,cea3994f-88fc-4f66-b66b-0b1df8f095e4,053c1885-6d0d-4fe2-8ad6-37f8b55bf39e,1635695342518,13.4153513,52.4766468,7.9298906,0.07351646,-2.9460526,-0.7560272,on bike mount,cyclo cross,True,concrete plates,good
aa460e9e-5072-4184-b5d4-d40d99b4c733,cea3994f-88fc-4f66-b66b-0b1df8f095e4,62f55986-2167-4d95-8718-881723ef3e4d,1635695342568,13.4153513,52.4766468,7.9298906,1.1398282,2.5973063,2.6948252,on bike mount,cyclo cross,True,concrete plates,good
aa460e9e-5072-4184-b5d4-d40d99b4c733,cea3994f-88fc-4f66-b66b-0b1df8f095e4,329345db-b886-4ba2-ab65-738d0bd9d075,1635695342618,13.4153513,52.4766468,7.9298906,-0.20501292,2.2480354,1.9101038,on bike mount,cyclo cross,True,concrete plates,good
aa460e9e-5072-4184-b5d4-d40d99b4c733,cea3994f-88fc-4f66-b66b-0b1df8f095e4,7edc3fdf-2804-4c1d-94ee-58a9a5bd1dba,1635695342669,13.4153513,52.4766468,7.9298906,1.0040897,0.17528605,0.4547491,on bike mount,cyclo cross,True,concrete plates,good
aa460e9e-5072-4184-b5d4-d40d99b4c733,cea3994f-88fc-4f66-b66b-0b1df8f095e4,577961b0-2a07-4dd0-ac36-15a6a3189dbc,1635695342733,13.4152297,52.4766494,7.9100976,-1.5497483,-1.0576792,1.900981,on bike mount,cyclo cross,True,concrete plates,good
aa460e9e-5072-4184-b5d4-d40d99b4c733,cea3994f-88fc-4f66-b66b-0b1df8f095e4,1e7d48e5-3fe1-4c07-8944-ba0e65e8b463,1635695342784,13.4152297,52.4766494,7.9100976,0.001138866,-1.7461841,0.7229128,on bike mount,cyclo cross,True,concrete plates,good
aa460e9e-5072-4184-b5d4-d40d99b4c733,cea3994f-88fc-4f66-b66b-0b1df8f095e4,1ee996b0-28d9-44cc-b41f-31defefc8291,1635695342835,13.4152297,52.4766494,7.9100976,-1.2408478,1.459825,8.545403,on bike mount,cyclo cross,True,concrete plates,good
aa460e9e-5072-4184-b5d4-d40d99b4c733,cea3994f-88fc-4f66-b66b-0b1df8f095e4,f3f2381c-5d65-4e98-87b7-5ae56dddc0d5,1635695342886,13.4152297,52.4766494,7.9100976,-2.8147564,-1.2880534,1.2412424,on bike mount,cyclo cross,True,concrete plates,good
aa460e9e-5072-4184-b5d4-d40d99b4c733,cea3994f-88fc-4f66-b66b-0b1df8f095e4,b66b11f0-f6ed-4f32-8a39-236f6ad94e5d,1635695342951,13.4152297,52.4766494,7.9100976,1.3935198,-1.8260574,-0.2585745,on bike mount,cyclo cross,True,concrete plates,good
aa460e9e-5072-4184-b5d4-d40d99b4c733,cea3994f-88fc-4f66-b66b-0b1df8f095e4,ff7fa528-d42a-42ca-a8db-36e085f5b259,1635695343001,13.4152297,52.4766494,7.9100976,-0.5417772,-1.5570902,-4.0353355,on bike mount,cyclo cross,True,concrete plates,good
aa460e9e-5072-4184-b5d4-d40d99b4c733,cea3994f-88fc-4f66-b66b-0b1df8f095e4,03e751bd-7794-4817-aa91-a29aff9e7313,1635695343051,13.4152297,52.4766494,7.9100976,-0.93445414,-5.4835997,5.758774,on bike mount,cyclo cross,True,concrete plates,good
aa460e9e-5072-4184-b5d4-d40d99b4c733,cea3994f-88fc-4f66-b66b-0b1df8f095e4,56e01fca-36d6-482e-ac80-eed1e3379706,1635695343101,13.4152297,52.4766494,7.9100976,1.4258486,1.1949244,-2.3192997,on bike mount,cyclo cross,True,concrete plates,good
aa460e9e-5072-4184-b5d4-d40d99b4c733,cea3994f-88fc-4f66-b66b-0b1df8f095e4,ee35eaa1-ebcc-4543-9c76-ccdc55aa37a1,1635695343152,13.4152297,52.4766494,7.9100976,0.49011663,2.3655057,0.08206272,on bike mount,cyclo cross,True,concrete plates,good
aa460e9e-5072-4184-b5d4-d40d99b4c733,cea3994f-88fc-4f66-b66b-0b1df8f095e4,af06f4c9-9512-42c0-9a88-3837647fe0b2,1635695343219,13.4152297,52.4766494,7.9100976,0.044528283,-3.0869064,-0.31367493,on bike mount,cyclo cross,True,concrete plates,good
aa460e9e-5072-4184-b5d4-d40d99b4c733,cea3994f-88fc-4f66-b66b-0b1df8f095e4,90ad731a-b8a3-4db3-a7c9-358a26b6c9c1,1635695343286,13.4152297,52.4766494,7.9100976,1.0876528,-4.3285666,5.5422363,on bike mount,cyclo cross,True,concrete plates,good
aa460e9e-5072-4184-b5d4-d40d99b4c733,cea3994f-88fc-4f66-b66b-0b1df8f095e4,b0c5b5aa-e55e-4d47-b005-7766cdde6d38,1635695343336,13.4152297,52.4766494,7.9100976,-0.14000979,0.015747309,-4.728381,on bike mount,cyclo cross,True,concrete plates,good
aa460e9e-5072-4184-b5d4-d40d99b4c733,cea3994f-88fc-4f66-b66b-0b1df8f095e4,8bf5dc95-bc94-4137-8bd2-852d0fa7f638,1635695343402,13.4152297,52.4766494,7.9100976,1.133168,-2.0163422,-2.2764401,on bike mount,cyclo cross,True,concrete plates,good
aa460e9e-5072-4184-b5d4-d40d99b4c733,cea3994f-88fc-4f66-b66b-0b1df8f095e4,42d5dd98-0938-4d42-8790-efbf9f5b7e06,1635695343453,13.4152297,52.4766494,7.9100976,-0.19054982,-0.6229358,-0.3795719,on bike mount,cyclo cross,True,concrete plates,good
aa460e9e-5072-4184-b5d4-d40d99b4c733,cea3994f-88fc-4f66-b66b-0b1df8f095e4,4adda6e9-5116-44da-8dd1-20fd0256a2fe,1635695343503,13.4152297,52.4766494,7.9100976,-0.43628472,0.9416094,-0.7615433,on bike mount,cyclo cross,True,concrete plates,good
aa460e9e-5072-4184-b5d4-d40d99b4c733,cea3994f-88fc-4f66-b66b-0b1df8f095e4,9a7666fa-4e1c-4659-ad09-4b29bbbe4a30,1635695343570,13.4152297,52.4766494,7.9100976,-0.008346587,-0.8622105,-2.4297967,on bike mount,cyclo cross,True,concrete plates,good
aa460e9e-5072-4184-b5d4-d40d99b4c733,cea3994f-88fc-4f66-b66b-0b1df8f095e4,5cbec211-2774-4bf8-b2ae-68a56de5fc12,1635695343636,13.4152297,52.4766494,7.9100976,-0.3096836,-2.114676,-1.9373875,on bike mount,cyclo cross,True,concrete plates,good
aa460e9e-5072-4184-b5d4-d40d99b4c733,cea3994f-88fc-4f66-b66b-0b1df8f095e4,c0ae6a4b-880c-4892-bf70-4dfa5d351031,1635695343687,13.4151097,52.4766597,8.208977,0.4976995,0.78915405,-3.2498622,on bike mount,cyclo cross,True,concrete plates,good
aa460e9e-5072-4184-b5d4-d40d99b4c733,cea3994f-88fc-4f66-b66b-0b1df8f095e4,b3723f9d-9a5d-4414-9f7c-c167dc5dbdfc,1635695343752,13.4151097,52.4766597,8.208977,-0.42134142,0.67417526,0.8553715,on bike mount,cyclo cross,True,concrete plates,good
aa460e9e-5072-4184-b5d4-d40d99b4c733,cea3994f-88fc-4f66-b66b-0b1df8f095e4,864ec588-e46a-4c8c-b63e-b18cd56a3112,1635695343803,13.4151097,52.4766597,8.208977,1.8292428,-2.117113,0.032982826,on bike mount,cyclo cross,True,concrete plates,good
aa460e9e-5072-4184-b5d4-d40d99b4c733,cea3994f-88fc-4f66-b66b-0b1df8f095e4,0dcf321d-f105-43e5-bc17-400cfd94fe65,1635695343853,13.4151097,52.4766597,8.208977,-0.13994105,0.05210972,-2.281487,on bike mount,cyclo cross,True,concrete plates,good
aa460e9e-5072-4184-b5d4-d40d99b4c733,cea3994f-88fc-4f66-b66b-0b1df8f095e4,8f9b1edc-60bb-4d14-aa47-12b61f67bb62,1635695343904,13.4151097,52.4766597,8.208977,0.92787874,-2.4214869,-3.911469,on bike mount,cyclo cross,True,concrete plates,good
aa460e9e-5072-4184-b5d4-d40d99b4c733,cea3994f-88fc-4f66-b66b-0b1df8f095e4,2a4cd061-d1ea-4b1e-bb68-f6713fba990d,1635695343969,13.4151097,52.4766597,8.208977,-0.28730828,2.6696644,-5.920248,on bike mount,cyclo cross,True,concrete plates,good
aa460e9e-5072-4184-b5d4-d40d99b4c733,cea3994f-88fc-4f66-b66b-0b1df8f095e4,5c64c479-9ba7-4570-b8cb-12af891282ae,1635695344021,13.4151097,52.4766597,8.208977,-3.59339,-24.131882,15.12833,on bike mount,cyclo cross,True,concrete plates,good
aa460e9e-5072-4184-b5d4-d40d99b4c733,cea3994f-88fc-4f66-b66b-0b1df8f095e4,b3224746-73c2-4044-9bea-3429c273f233,1635695344071,13.4151097,52.4766597,8.208977,-6.2611437,-4.5458775,-9.886067,on bike mount,cyclo cross,True,concrete plates,good
aa460e9e-5072-4184-b5d4-d40d99b4c733,cea3994f-88fc-4f66-b66b-0b1df8f095e4,a85e0799-0278-40dc-b0c4-a9f6d19bb06b,1635695344138,13.4151097,52.4766597,8.208977,1.277727,-8.296432,-0.7941818,on bike mount,cyclo cross,True,concrete plates,good
aa460e9e-5072-4184-b5d4-d40d99b4c733,cea3994f-88fc-4f66-b66b-0b1df8f095e4,69af8d4c-a7f0-4532-b98b-4b5828628add,1635695344188,13.4151097,52.4766597,8.208977,-2.0351725,1.6240029,-3.7546237,on bike mount,cyclo cross,True,concrete plates,good
aa460e9e-5072-4184-b5d4-d40d99b4c733,cea3994f-88fc-4f66-b66b-0b1df8f095e4,0188695d-e560-479a-8228-e4748c6de7d1,1635695344254,13.4151097,52.4766597,8.208977,1.397851,-1.9908564,1.0619316,on bike mount,cyclo cross,True,concrete plates,good
aa460e9e-5072-4184-b5d4-d40d99b4c733,cea3994f-88fc-4f66-b66b-0b1df8f095e4,dda2da6d-41be-436f-aec4-50a960f0ef0f,1635695344304,13.4151097,52.4766597,8.208977,0.056828648,-2.3119237,-1.3768797,on bike mount,cyclo cross,True,concrete plates,good
aa460e9e-5072-4184-b5d4-d40d99b4c733,cea3994f-88fc-4f66-b66b-0b1df8f095e4,2aa0ab36-50d1-4fdf-ab35-affdca269e59,1635695344356,13.4151097,52.4766597,8.208977,-0.30541587,-0.7372501,-0.5003195,on bike mount,cyclo cross,True,concrete plates,good
aa460e9e-5072-4184-b5d4-d40d99b4c733,cea3994f-88fc-4f66-b66b-0b1df8f095e4,cf0344a0-f793-49b1-939e-0bc0abee39e3,1635695344421,13.4151097,52.4766597,8.208977,1.0500907,-3.2457716,-1.4107418,on bike mount,cyclo cross,True,concrete plates,good
aa460e9e-5072-4184-b5d4-d40d99b4c733,cea3994f-88fc-4f66-b66b-0b1df8f095e4,b4a49d50-575d-48fe-81d2-a915314377ee,1635695344471,13.4151097,52.4766597,8.208977,0.12261397,0.63183236,0.9995184,on bike mount,cyclo cross,True,concrete plates,good
aa460e9e-5072-4184-b5d4-d40d99b4c733,cea3994f-88fc-4f66-b66b-0b1df8f095e4,9a45f2cc-a862-4814-aec6-fdc4cc8ae56d,1635695344536,13.4151097,52.4766597,8.208977,-0.5319663,-1.3716229,-3.651484,on bike mount,cyclo cross,True,concrete plates,good
aa460e9e-5072-4184-b5d4-d40d99b4c733,cea3994f-88fc-4f66-b66b-0b1df8f095e4,7accc8c5-e20b-4bc3-aac9-d8fb81701d2e,1635695344586,13.4151097,52.4766597,8.208977,1.0646996,0.9983034,-2.1577926,on bike mount,cyclo cross,True,concrete plates,good
aa460e9e-5072-4184-b5d4-d40d99b4c733,cea3994f-88fc-4f66-b66b-0b1df8f095e4,f516c446-403b-4e5a-8d9e-a468556045ed,1635695344638,13.4151097,52.4766597,8.208977,1.0372846,-1.1221449,-0.5461855,on bike mount,cyclo cross,True,concrete plates,good
aa460e9e-5072-4184-b5d4-d40d99b4c733,cea3994f-88fc-4f66-b66b-0b1df8f095e4,c6cc1852-2fec-4bbe-b1e9-a7cdec0fd0ab,1635695344689,13.41499,52.476674,7.692134,-1.5884026,-2.4987023,-2.9859843,on bike mount,cyclo cross,True,concrete plates,good
aa460e9e-5072-4184-b5d4-d40d99b4c733,cea3994f-88fc-4f66-b66b-0b1df8f095e4,9deb8a16-bd50-44b7-a037-bca528f7cc67,1635695344754,13.41499,52.476674,7.692134,1.1812731,-7.270541,5.429657,on bike mount,cyclo cross,True,concrete plates,good
aa460e9e-5072-4184-b5d4-d40d99b4c733,cea3994f-88fc-4f66-b66b-0b1df8f095e4,87e6f90f-bb26-4e60-950a-a562017d77fc,1635695344805,13.41499,52.476674,7.692134,1.6460674,-1.8433076,1.7476635,on bike mount,cyclo cross,True,concrete plates,good
aa460e9e-5072-4184-b5d4-d40d99b4c733,cea3994f-88fc-4f66-b66b-0b1df8f095e4,2936016d-0b55-4f44-8383-edeb804accf4,1635695344856,13.41499,52.476674,7.692134,-0.98604584,6.11446,-0.030379295,on bike mount,cyclo cross,True,concrete plates,good
aa460e9e-5072-4184-b5d4-d40d99b4c733,cea3994f-88fc-4f66-b66b-0b1df8f095e4,ea7efba4-77c8-482b-8e3b-ca035fdb20fc,1635695344921,13.41499,52.476674,7.692134,1.1977911,-0.40514088,-3.848606,on bike mount,cyclo cross,True,concrete plates,good
aa460e9e-5072-4184-b5d4-d40d99b4c733,cea3994f-88fc-4f66-b66b-0b1df8f095e4,44830b2b-258a-43db-9124-6bf80678ef66,1635695344973,13.41499,52.476674,7.692134,0.8047601,0.7740381,-1.1787982,on bike mount,cyclo cross,True,concrete plates,good
aa460e9e-5072-4184-b5d4-d40d99b4c733,cea3994f-88fc-4f66-b66b-0b1df8f095e4,81474aaf-2877-4559-ae67-b373167bebe3,1635695345023,13.41499,52.476674,7.692134,-0.8966098,2.9430513,4.949457,on bike mount,cyclo cross,True,concrete plates,good
aa460e9e-5072-4184-b5d4-d40d99b4c733,cea3994f-88fc-4f66-b66b-0b1df8f095e4,6d6b724b-d727-49f7-aab8-ed84d1e5c1c9,1635695345089,13.41499,52.476674,7.692134,0.1246424,-1.1752336,1.7534218,on bike mount,cyclo cross,True,concrete plates,good
aa460e9e-5072-4184-b5d4-d40d99b4c733,cea3994f-88fc-4f66-b66b-0b1df8f095e4,0cea77ca-2dad-4763-8800-36dbc390f259,1635695345141,13.41499,52.476674,7.692134,3.033038,1.528027,-0.8303747,on bike mount,cyclo cross,True,concrete plates,good
aa460e9e-5072-4184-b5d4-d40d99b4c733,cea3994f-88fc-4f66-b66b-0b1df8f095e4,204c1ad6-aa08-4893-ae05-1db75a889206,1635695345205,13.41499,52.476674,7.692134,-0.69674075,-3.5419075,4.4432993,on bike mount,cyclo cross,True,concrete plates,good
aa460e9e-5072-4184-b5d4-d40d99b4c733,cea3994f-88fc-4f66-b66b-0b1df8f095e4,1d39a391-7ec1-46bb-80e1-bbe20025b93b,1635695345256,13.41499,52.476674,7.692134,-0.68134874,-4.624439,2.8656464,on bike mount,cyclo cross,True,concrete plates,good
aa460e9e-5072-4184-b5d4-d40d99b4c733,cea3994f-88fc-4f66-b66b-0b1df8f095e4,a0f1c395-6161-49e7-9003-2ddb74702806,1635695345321,13.41499,52.476674,7.692134,-0.94311404,-4.3443627,3.6321878,on bike mount,cyclo cross,True,concrete plates,good
aa460e9e-5072-4184-b5d4-d40d99b4c733,cea3994f-88fc-4f66-b66b-0b1df8f095e4,4d0cc32c-aca8-4074-9f0a-04672668a561,1635695345372,13.41499,52.476674,7.692134,0.1381686,-2.887328,1.1770058,on bike mount,cyclo cross,True,concrete plates,good
aa460e9e-5072-4184-b5d4-d40d99b4c733,cea3994f-88fc-4f66-b66b-0b1df8f095e4,7848165a-ca9a-452e-875e-7ecdcb3012b4,1635695345423,13.41499,52.476674,7.692134,-0.35521376,-0.8190663,-0.13243198,on bike mount,cyclo cross,True,concrete plates,good
aa460e9e-5072-4184-b5d4-d40d99b4c733,cea3994f-88fc-4f66-b66b-0b1df8f095e4,3b773b54-5685-4e6f-9fef-ed663c0ab75d,1635695345489,13.41499,52.476674,7.692134,0.8606998,-1.7768234,0.3168087,on bike mount,cyclo cross,True,concrete plates,good
aa460e9e-5072-4184-b5d4-d40d99b4c733,cea3994f-88fc-4f66-b66b-0b1df8f095e4,96969a1e-3e4f-4a44-85fa-4f66a950da6b,1635695345540,13.41499,52.476674,7.692134,1.1701094,-0.70250154,4.2736473,on bike mount,cyclo cross,True,concrete plates,good
aa460e9e-5072-4184-b5d4-d40d99b4c733,cea3994f-88fc-4f66-b66b-0b1df8f095e4,a7520387-3831-4777-8c71-66c441ead0b8,1635695345591,13.41499,52.476674,7.692134,-0.95403373,-0.26855755,-4.0716543,on bike mount,cyclo cross,True,concrete plates,good
aa460e9e-5072-4184-b5d4-d40d99b4c733,cea3994f-88fc-4f66-b66b-0b1df8f095e4,ef719ac9-44ae-4643-ab51-232117682504,1635695345656,13.41499,52.476674,7.692134,0.44641843,1.0787508,-2.9960604,on bike mount,cyclo cross,True,concrete plates,good
aa460e9e-5072-4184-b5d4-d40d99b4c733,cea3994f-88fc-4f66-b66b-0b1df8f095e4,c1a60d31-73f6-4902-8ee3-db810990ae91,1635695345708,13.4148757,52.4766898,8.244989,-0.586086,0.041199207,-0.45274162,on bike mount,cyclo cross,True,concrete plates,good
aa460e9e-5072-4184-b5d4-d40d99b4c733,cea3994f-88fc-4f66-b66b-0b1df8f095e4,84ab0f31-cbf1-4d7b-8bb1-f9b74e8e772d,1635695345758,13.4148757,52.4766898,8.244989,0.2884997,1.327683,-2.565524,on bike mount,cyclo cross,True,concrete plates,good
aa460e9e-5072-4184-b5d4-d40d99b4c733,cea3994f-88fc-4f66-b66b-0b1df8f095e4,495ce985-336d-4c6b-89d4-4a3544863681,1635695345808,13.4148757,52.4766898,8.244989,1.9367287,2.2598596,0.54722166,on bike mount,cyclo cross,True,concrete plates,good
aa460e9e-5072-4184-b5d4-d40d99b4c733,cea3994f-88fc-4f66-b66b-0b1df8f095e4,a3d45120-a9d5-4383-9946-8ee681e2a2ea,1635695345858,13.4148757,52.4766898,8.244989,1.0616536,3.3582053,1.2999086,on bike mount,cyclo cross,True,concrete plates,good
aa460e9e-5072-4184-b5d4-d40d99b4c733,cea3994f-88fc-4f66-b66b-0b1df8f095e4,192a319c-7900-4925-aa1d-1e8ec54fd172,1635695345926,13.4148757,52.4766898,8.244989,-0.83223176,0.7710962,-4.0825195,on bike mount,cyclo cross,True,concrete plates,good
aa460e9e-5072-4184-b5d4-d40d99b4c733,cea3994f-88fc-4f66-b66b-0b1df8f095e4,9ab61cd0-e859-4d7a-a5bf-a88e8a4a24fb,1635695345990,13.4148757,52.4766898,8.244989,1.7834433,-1.1092532,0.4764471,on bike mount,cyclo cross,True,concrete plates,good
aa460e9e-5072-4184-b5d4-d40d99b4c733,cea3994f-88fc-4f66-b66b-0b1df8f095e4,a029fb79-5e78-459f-b406-f27fbf99d891,1635695346041,13.4148757,52.4766898,8.244989,-1.747819,-1.1604354,-1.4209762,on bike mount,cyclo cross,True,concrete plates,good
aa460e9e-5072-4184-b5d4-d40d99b4c733,cea3994f-88fc-4f66-b66b-0b1df8f095e4,a138e065-cf32-4896-b5c9-abb13ec2ad39,1635695346106,13.4148757,52.4766898,8.244989,-0.78767407,0.09728336,-0.24856758,on bike mount,cyclo cross,True,concrete plates,good
aa460e9e-5072-4184-b5d4-d40d99b4c733,cea3994f-88fc-4f66-b66b-0b1df8f095e4,eb0787ec-03d6-4994-8340-c8fd9f923062,1635695346158,13.4148757,52.4766898,8.244989,1.8127611,2.6822762,0.363719,on bike mount,cyclo cross,True,concrete plates,good
aa460e9e-5072-4184-b5d4-d40d99b4c733,cea3994f-88fc-4f66-b66b-0b1df8f095e4,c4ebf7ac-4c46-4bbf-9580-9064a9b044ab,1635695346208,13.4148757,52.4766898,8.244989,-0.10270053,1.500351,3.7152624,on bike mount,cyclo cross,True,concrete plates,good
aa460e9e-5072-4184-b5d4-d40d99b4c733,cea3994f-88fc-4f66-b66b-0b1df8f095e4,d64bc31d-e46e-4e14-9e56-95e1d0956934,1635695346275,13.4148757,52.4766898,8.244989,-0.030587018,5.672486,0.9587679,on bike mount,cyclo cross,True,concrete plates,good
aa460e9e-5072-4184-b5d4-d40d99b4c733,cea3994f-88fc-4f66-b66b-0b1df8f095e4,4702aa6c-2106-4504-97f6-7fb71c5fd12e,1635695346326,13.4148757,52.4766898,8.244989,0.745296,3.1672611,4.2317495,on bike mount,cyclo cross,True,concrete plates,good
aa460e9e-5072-4184-b5d4-d40d99b4c733,cea3994f-88fc-4f66-b66b-0b1df8f095e4,79a02301-edf1-4ab9-bf74-1780533d9559,1635695346375,13.4148757,52.4766898,8.244989,1.7328569,-3.5209603,-7.448131,on bike mount,cyclo cross,True,concrete plates,good
aa460e9e-5072-4184-b5d4-d40d99b4c733,cea3994f-88fc-4f66-b66b-0b1df8f095e4,5416b46b-65f1-4340-92db-830598e1cc9d,1635695346425,13.4148757,52.4766898,8.244989,1.9455061,-3.4716043,-2.9923306,on bike mount,cyclo cross,True,concrete plates,good
aa460e9e-5072-4184-b5d4-d40d99b4c733,cea3994f-88fc-4f66-b66b-0b1df8f095e4,a5deb48f-1bff-406f-b4c1-6c20f2e0c7ed,1635695346491,13.4148757,52.4766898,8.244989,-1.2626035,2.46975,-0.8564882,on bike mount,cyclo cross,True,concrete plates,good
aa460e9e-5072-4184-b5d4-d40d99b4c733,cea3994f-88fc-4f66-b66b-0b1df8f095e4,130a651e-a528-4b43-a06b-9a4c1465edb1,1635695346543,13.4148757,52.4766898,8.244989,-0.11806697,6.380902,-0.2747097,on bike mount,cyclo cross,True,concrete plates,good
aa460e9e-5072-4184-b5d4-d40d99b4c733,cea3994f-88fc-4f66-b66b-0b1df8f095e4,db4e5118-43a3-4f0f-a79d-ae1b96a19359,1635695346609,13.4148757,52.4766898,8.244989,0.630758,-4.4842815,4.3304586,on bike mount,cyclo cross,True,concrete plates,good
aa460e9e-5072-4184-b5d4-d40d99b4c733,cea3994f-88fc-4f66-b66b-0b1df8f095e4,a7911caf-0605-47e8-8afc-51dfd7436ff3,1635695346660,13.4148757,52.4766898,8.244989,-2.7686362,1.3309441,-1.7126303,on bike mount,cyclo cross,True,concrete plates,good
aa460e9e-5072-4184-b5d4-d40d99b4c733,cea3994f-88fc-4f66-b66b-0b1df8f095e4,d3de7fb9-e8e1-4aea-a64e-4c816e0f4c39,1635695346710,13.4147544,52.4767169,7.786531,-1.754152,1.5332155,1.0794115,on bike mount,cyclo cross,True,concrete plates,good
aa460e9e-5072-4184-b5d4-d40d99b4c733,cea3994f-88fc-4f66-b66b-0b1df8f095e4,e96be5ff-ef50-438e-afe8-fc847afcdb22,1635695346760,13.4147544,52.4767169,7.786531,-2.9986773,-4.7003374,0.21833897,on bike mount,cyclo cross,True,concrete plates,good
aa460e9e-5072-4184-b5d4-d40d99b4c733,cea3994f-88fc-4f66-b66b-0b1df8f095e4,af450877-d563-4dde-ac7f-576a1d0816fa,1635695346810,13.4147544,52.4767169,7.786531,1.1973957,5.5004435,-3.496193,on bike mount,cyclo cross,True,concrete plates,good
aa460e9e-5072-4184-b5d4-d40d99b4c733,cea3994f-88fc-4f66-b66b-0b1df8f095e4,2c8fd8f9-fa8e-478a-9c8a-d2fd3c9c8302,1635695346860,13.4147544,52.4767169,7.786531,-0.29582867,1.8007431,-1.2822633,on bike mount,cyclo cross,True,concrete plates,good
aa460e9e-5072-4184-b5d4-d40d99b4c733,cea3994f-88fc-4f66-b66b-0b1df8f095e4,7debe53a-435d-49d6-bce9-2b068fb0ca04,1635695346926,13.4147544,52.4767169,7.786531,0.029838175,-1.1239743,0.8510885,on bike mount,cyclo cross,True,concrete plates,good
aa460e9e-5072-4184-b5d4-d40d99b4c733,cea3994f-88fc-4f66-b66b-0b1df8f095e4,af4b7998-2379-41b8-abbc-8364b5bb3cd3,1635695346993,13.4147544,52.4767169,7.786531,-0.3610161,-5.5299892,2.9476938,on bike mount,cyclo cross,True,concrete plates,good
aa460e9e-5072-4184-b5d4-d40d99b4c733,cea3994f-88fc-4f66-b66b-0b1df8f095e4,5a76c859-08f5-4756-8312-c10cde9d0410,1635695347060,13.4147544,52.4767169,7.786531,0.3974776,0.24424934,-3.444346,on bike mount,cyclo cross,True,concrete plates,good
aa460e9e-5072-4184-b5d4-d40d99b4c733,cea3994f-88fc-4f66-b66b-0b1df8f095e4,eb3d881b-6bfa-4f58-a155-6c151c81ab10,1635695347125,13.4147544,52.4767169,7.786531,0.70440876,-5.1795883,11.268711,on bike mount,cyclo cross,True,concrete plates,good
aa460e9e-5072-4184-b5d4-d40d99b4c733,cea3994f-88fc-4f66-b66b-0b1df8f095e4,c8516ddc-b19c-40fb-b134-e6969a5ee5f2,1635695347176,13.4147544,52.4767169,7.786531,-0.053956635,3.7606497,1.6629715,on bike mount,cyclo cross,True,concrete plates,good
aa460e9e-5072-4184-b5d4-d40d99b4c733,cea3994f-88fc-4f66-b66b-0b1df8f095e4,a1a5e23b-93b3-4f4c-a77c-a3ff44fb1f3e,1635695347226,13.4147544,52.4767169,7.786531,-0.9323876,0.037344933,1.2177172,on bike mount,cyclo cross,True,concrete plates,good
aa460e9e-5072-4184-b5d4-d40d99b4c733,cea3994f-88fc-4f66-b66b-0b1df8f095e4,ed66a878-1a5e-49f7-bb0c-835b8adc54d2,1635695347276,13.4147544,52.4767169,7.786531,3.0055573,-4.4464874,-4.21163,on bike mount,cyclo cross,True,concrete plates,good
aa460e9e-5072-4184-b5d4-d40d99b4c733,cea3994f-88fc-4f66-b66b-0b1df8f095e4,76c3572c-439e-4631-964c-3e01ea480943,1635695347328,13.4147544,52.4767169,7.786531,0.18662971,1.9307251,4.5468616,on bike mount,cyclo cross,True,concrete plates,good
aa460e9e-5072-4184-b5d4-d40d99b4c733,cea3994f-88fc-4f66-b66b-0b1df8f095e4,cefe484b-6156-457c-bfc6-89d94d913a6c,1635695347377,13.4147544,52.4767169,7.786531,-2.0168865,-1.1020004,1.730381,on bike mount,cyclo cross,True,concrete plates,good
aa460e9e-5072-4184-b5d4-d40d99b4c733,cea3994f-88fc-4f66-b66b-0b1df8f095e4,75cc50e7-e145-481a-9696-1f1dbf84582f,1635695347427,13.4147544,52.4767169,7.786531,0.67617905,3.006609,3.1927843,on bike mount,cyclo cross,True,concrete plates,good
aa460e9e-5072-4184-b5d4-d40d99b4c733,cea3994f-88fc-4f66-b66b-0b1df8f095e4,5482e31b-b545-411f-9805-e191da0e1dfc,1635695347477,13.4147544,52.4767169,7.786531,0.08740854,1.0822098,-0.9839845,on bike mount,cyclo cross,True,concrete plates,good
aa460e9e-5072-4184-b5d4-d40d99b4c733,cea3994f-88fc-4f66-b66b-0b1df8f095e4,d787b2a5-4569-4078-b3c7-bcabe329e4e2,1635695347527,13.4147544,52.4767169,7.786531,-0.7571192,-0.4473524,1.9528875,on bike mount,cyclo cross,True,concrete plates,good
aa460e9e-5072-4184-b5d4-d40d99b4c733,cea3994f-88fc-4f66-b66b-0b1df8f095e4,6202bd1f-a752-4afd-8798-67ce3cb89379,1635695347577,13.4147544,52.4767169,7.786531,0.24307811,0.65213966,-1.1620011,on bike mount,cyclo cross,True,concrete plates,good
aa460e9e-5072-4184-b5d4-d40d99b4c733,cea3994f-88fc-4f66-b66b-0b1df8f095e4,31e537bb-d9d6-4465-a3c7-cb8ec0f97264,1635695347628,13.4147544,52.4767169,7.786531,0.8577635,-1.7663844,0.4195547,on bike mount,cyclo cross,True,concrete plates,good
aa460e9e-5072-4184-b5d4-d40d99b4c733,cea3994f-88fc-4f66-b66b-0b1df8f095e4,eeaac1aa-57f6-44c3-b532-cc5f61f35793,1635695347678,13.4147544,52.4767169,7.786531,-0.7098596,-0.6151638,-1.8173833,on bike mount,cyclo cross,True,concrete plates,good
aa460e9e-5072-4184-b5d4-d40d99b4c733,cea3994f-88fc-4f66-b66b-0b1df8f095e4,5adc2d71-e7c7-4e9d-8cab-4a6f39182652,1635695347743,13.4146378,52.4767433,8.109023,-1.7172472,1.0291033,-1.4071374,on bike mount,cyclo cross,True,concrete plates,good
aa460e9e-5072-4184-b5d4-d40d99b4c733,cea3994f-88fc-4f66-b66b-0b1df8f095e4,23d77dcd-3772-4cb6-a862-0b1be7c52417,1635695347795,13.4146378,52.4767433,8.109023,-0.37598282,-5.4701805,3.834877,on bike mount,cyclo cross,True,concrete plates,good
aa460e9e-5072-4184-b5d4-d40d99b4c733,cea3994f-88fc-4f66-b66b-0b1df8f095e4,d4f76c08-79a8-43e0-9c7f-68510d2cef3c,1635695347863,13.4146378,52.4767433,8.109023,-0.03092052,1.2659879,3.2460966,on bike mount,cyclo cross,True,concrete plates,good
aa460e9e-5072-4184-b5d4-d40d99b4c733,cea3994f-88fc-4f66-b66b-0b1df8f095e4,feec9bb6-bc7e-4595-a3ff-556bb165d9c3,1635695347929,13.4146378,52.4767433,8.109023,-0.61601555,1.03128,2.0283136,on bike mount,cyclo cross,True,concrete plates,good
aa460e9e-5072-4184-b5d4-d40d99b4c733,cea3994f-88fc-4f66-b66b-0b1df8f095e4,ebda4d92-0efb-4ba1-9efe-88a578aaa896,1635695347995,13.4146378,52.4767433,8.109023,-0.67973095,2.3390298,-3.870512,on bike mount,cyclo cross,True,concrete plates,good
aa460e9e-5072-4184-b5d4-d40d99b4c733,cea3994f-88fc-4f66-b66b-0b1df8f095e4,7d4a5ec0-2ad1-42f8-9509-c86ab3d33344,1635695348045,13.4146378,52.4767433,8.109023,2.1326003,-1.525882,2.107029,on bike mount,cyclo cross,True,concrete plates,good
aa460e9e-5072-4184-b5d4-d40d99b4c733,cea3994f-88fc-4f66-b66b-0b1df8f095e4,326844be-7614-48f2-9fa3-d1cc917c7041,1635695348112,13.4146378,52.4767433,8.109023,-0.27168342,2.2861524,-4.5109158,on bike mount,cyclo cross,True,concrete plates,good
aa460e9e-5072-4184-b5d4-d40d99b4c733,cea3994f-88fc-4f66-b66b-0b1df8f095e4,7cc83f0c-44bf-482a-99e3-1fb901b4bb19,1635695348163,13.4146378,52.4767433,8.109023,-0.68546104,1.7847414,-2.0602512,on bike mount,cyclo cross,True,concrete plates,good
aa460e9e-5072-4184-b5d4-d40d99b4c733,cea3994f-88fc-4f66-b66b-0b1df8f095e4,1d691bec-b9af-455d-a4cb-5a3c6423f75d,1635695348213,13.4146378,52.4767433,8.109023,-0.3497284,1.1270666,-1.6300116,on bike mount,cyclo cross,True,concrete plates,good
aa460e9e-5072-4184-b5d4-d40d99b4c733,cea3994f-88fc-4f66-b66b-0b1df8f095e4,8c21ad4e-26e3-411c-866d-637262efc2d9,1635695348263,13.4146378,52.4767433,8.109023,0.2833232,-2.6295474,-0.33524513,on bike mount,cyclo cross,True,concrete plates,good
aa460e9e-5072-4184-b5d4-d40d99b4c733,cea3994f-88fc-4f66-b66b-0b1df8f095e4,d5346010-d05c-455c-ab43-456c30cfa892,1635695348328,13.4146378,52.4767433,8.109023,-1.7039346,-0.6984551,-0.98623896,on bike mount,cyclo cross,True,concrete plates,good
aa460e9e-5072-4184-b5d4-d40d99b4c733,cea3994f-88fc-4f66-b66b-0b1df8f095e4,3bf907b5-b5f5-4d97-a64f-39e86d67447f,1635695348377,13.4146378,52.4767433,8.109023,1.0745847,-2.3214626,5.4352922,on bike mount,cyclo cross,True,concrete plates,good
aa460e9e-5072-4184-b5d4-d40d99b4c733,cea3994f-88fc-4f66-b66b-0b1df8f095e4,8d914f67-aeda-4ce6-b770-c32658453daa,1635695348428,13.4146378,52.4767433,8.109023,0.85200006,3.7144876,-0.78647804,on bike mount,cyclo cross,True,concrete plates,good
aa460e9e-5072-4184-b5d4-d40d99b4c733,cea3994f-88fc-4f66-b66b-0b1df8f095e4,8eac2d18-1f56-49aa-b8f1-eccc9e2cc4ee,1635695348478,13.4146378,52.4767433,8.109023,-0.58122754,-1.684715,0.5309553,on bike mount,cyclo cross,True,concrete plates,good
aa460e9e-5072-4184-b5d4-d40d99b4c733,cea3994f-88fc-4f66-b66b-0b1df8f095e4,3c741c62-9a91-4361-b43d-b9b5fc7c77ce,1635695348530,13.4146378,52.4767433,8.109023,-0.3632013,3.164781,-0.33295918,on bike mount,cyclo cross,True,concrete plates,good
aa460e9e-5072-4184-b5d4-d40d99b4c733,cea3994f-88fc-4f66-b66b-0b1df8f095e4,9b9c4995-46e9-4e17-9fb2-fdfc8e43f0a9,1635695348580,13.4146378,52.4767433,8.109023,-0.7090997,0.4339006,-2.170289,on bike mount,cyclo cross,True,concrete plates,good
aa460e9e-5072-4184-b5d4-d40d99b4c733,cea3994f-88fc-4f66-b66b-0b1df8f095e4,71e3b256-cd47-45e7-bb9c-b9d806cacaf9,1635695348646,13.4146378,52.4767433,8.109023,-0.021978974,1.0694914,-2.0136013,on bike mount,cyclo cross,True,concrete plates,good
aa460e9e-5072-4184-b5d4-d40d99b4c733,cea3994f-88fc-4f66-b66b-0b1df8f095e4,924db38f-49cb-4416-9d5f-54870c979fcd,1635695348715,13.414521,52.4767694,7.8103447,-0.19772899,-1.5735128,-0.06367874,on bike mount,cyclo cross,True,concrete plates,good
aa460e9e-5072-4184-b5d4-d40d99b4c733,cea3994f-88fc-4f66-b66b-0b1df8f095e4,8321c2b4-bb44-48d2-9318-f5d1161c308b,1635695348778,13.414521,52.4767694,7.8103447,-0.27534655,2.4386282,-1.141087,on bike mount,cyclo cross,True,concrete plates,good
aa460e9e-5072-4184-b5d4-d40d99b4c733,cea3994f-88fc-4f66-b66b-0b1df8f095e4,8bbc9e0d-220f-4581-be95-f83509f5064c,1635695348832,13.414521,52.4767694,7.8103447,-1.1587346,-2.1163826,3.8152876,on bike mount,cyclo cross,True,concrete plates,good
aa460e9e-5072-4184-b5d4-d40d99b4c733,cea3994f-88fc-4f66-b66b-0b1df8f095e4,0f073b00-0db5-4697-8899-b1c5d5c5f80f,1635695348897,13.414521,52.4767694,7.8103447,-1.3120925,2.5767667,-1.3737679,on bike mount,cyclo cross,True,concrete plates,good
aa460e9e-5072-4184-b5d4-d40d99b4c733,cea3994f-88fc-4f66-b66b-0b1df8f095e4,3faf446b-1bc9-4e72-99ba-5b6948a1d4a6,1635695348947,13.414521,52.4767694,7.8103447,-0.5418228,-1.838338,3.5211954,on bike mount,cyclo cross,True,concrete plates,good
aa460e9e-5072-4184-b5d4-d40d99b4c733,cea3994f-88fc-4f66-b66b-0b1df8f095e4,74a81644-7d5a-4afe-81cf-0b3e4356e6fc,1635695348997,13.414521,52.4767694,7.8103447,-1.5284243,-0.27736115,0.6979084,on bike mount,cyclo cross,True,concrete plates,good
aa460e9e-5072-4184-b5d4-d40d99b4c733,cea3994f-88fc-4f66-b66b-0b1df8f095e4,ba152efc-2318-4b3b-a095-f46c2a783d00,1635695349047,13.414521,52.4767694,7.8103447,-1.0888977,-0.46580505,0.39537334,on bike mount,cyclo cross,True,concrete plates,good
aa460e9e-5072-4184-b5d4-d40d99b4c733,cea3994f-88fc-4f66-b66b-0b1df8f095e4,2f38d5d0-f051-425d-8b93-56e00ca8b6a5,1635695349097,13.414521,52.4767694,7.8103447,-1.457508,0.882679,2.6311598,on bike mount,cyclo cross,True,concrete plates,good
aa460e9e-5072-4184-b5d4-d40d99b4c733,cea3994f-88fc-4f66-b66b-0b1df8f095e4,25900ee0-9c31-4df3-88a4-ba1685258b5a,1635695349148,13.414521,52.4767694,7.8103447,-0.56003356,-0.3277862,1.7691212,on bike mount,cyclo cross,True,concrete plates,good
aa460e9e-5072-4184-b5d4-d40d99b4c733,cea3994f-88fc-4f66-b66b-0b1df8f095e4,2957ce9e-6761-4302-a81a-aaa8a1a871c5,1635695349213,13.414521,52.4767694,7.8103447,-0.30250728,0.23694468,-1.0612373,on bike mount,cyclo cross,True,concrete plates,good
aa460e9e-5072-4184-b5d4-d40d99b4c733,cea3994f-88fc-4f66-b66b-0b1df8f095e4,7a30d731-1ff8-4eac-aa0c-8f243874d3e1,1635695349265,13.414521,52.4767694,7.8103447,0.017855316,-1.4605368,-0.68257046,on bike mount,cyclo cross,True,concrete plates,good
aa460e9e-5072-4184-b5d4-d40d99b4c733,cea3994f-88fc-4f66-b66b-0b1df8f095e4,6e861d62-0b6c-41c6-a0b5-c95957a71ae7,1635695349330,13.414521,52.4767694,7.8103447,-0.32861358,-4.001026,1.8129625,on bike mount,cyclo cross,True,concrete plates,good
aa460e9e-5072-4184-b5d4-d40d99b4c733,cea3994f-88fc-4f66-b66b-0b1df8f095e4,a7888eef-a7cc-41a9-9cae-67ab87764684,1635695349382,13.414521,52.4767694,7.8103447,0.3437673,0.04003954,-0.4458542,on bike mount,cyclo cross,True,concrete plates,good
aa460e9e-5072-4184-b5d4-d40d99b4c733,cea3994f-88fc-4f66-b66b-0b1df8f095e4,7f77b71c-8ece-45a5-bdc2-bc9854bbe12e,1635695349431,13.414521,52.4767694,7.8103447,1.2530835,0.25743175,-0.46501637,on bike mount,cyclo cross,True,concrete plates,good
aa460e9e-5072-4184-b5d4-d40d99b4c733,cea3994f-88fc-4f66-b66b-0b1df8f095e4,793e3f6a-f87b-40b7-872a-b06b8c45c324,1635695349482,13.414521,52.4767694,7.8103447,0.39737308,-2.8630009,0.6666584,on bike mount,cyclo cross,True,concrete plates,good
aa460e9e-5072-4184-b5d4-d40d99b4c733,cea3994f-88fc-4f66-b66b-0b1df8f095e4,fe81b90f-a548-4060-8038-c2e8238afb93,1635695349550,13.414521,52.4767694,7.8103447,-1.2225399,2.3145962,0.37320995,on bike mount,cyclo cross,True,concrete plates,good
aa460e9e-5072-4184-b5d4-d40d99b4c733,cea3994f-88fc-4f66-b66b-0b1df8f095e4,c57224b2-c7b3-401b-87fe-3fe95cb38497,1635695349615,13.414521,52.4767694,7.8103447,0.28042126,2.552289,-2.4283032,on bike mount,cyclo cross,True,concrete plates,good
aa460e9e-5072-4184-b5d4-d40d99b4c733,cea3994f-88fc-4f66-b66b-0b1df8f095e4,3a10edd1-57bb-4d46-9940-a10a8d88308f,1635695349665,13.414521,52.4767694,7.8103447,0.31920663,1.3410144,-2.7872643,on bike mount,cyclo cross,True,concrete plates,good
aa460e9e-5072-4184-b5d4-d40d99b4c733,cea3994f-88fc-4f66-b66b-0b1df8f095e4,845b9735-e30c-4920-bf0e-2e4364ca21be,1635695349715,13.4144044,52.4767872,8.009171,-0.41113162,-1.6059017,-0.9430971,on bike mount,cyclo cross,True,concrete plates,good
aa460e9e-5072-4184-b5d4-d40d99b4c733,cea3994f-88fc-4f66-b66b-0b1df8f095e4,d5cf9f85-55cd-40dc-a1b4-43210b125908,1635695349780,13.4144044,52.4767872,8.009171,-0.7111001,1.3955164,2.160388,on bike mount,cyclo cross,True,concrete plates,good
aa460e9e-5072-4184-b5d4-d40d99b4c733,cea3994f-88fc-4f66-b66b-0b1df8f095e4,fa6bc2d6-f1cf-4d7a-9c11-3bdb64f8527b,1635695349831,13.4144044,52.4767872,8.009171,-0.39404127,-0.47886682,-1.3137097,on bike mount,cyclo cross,True,concrete plates,good
aa460e9e-5072-4184-b5d4-d40d99b4c733,cea3994f-88fc-4f66-b66b-0b1df8f095e4,e3d9a842-ce26-4b49-8f86-693bebcd1ac9,1635695349882,13.4144044,52.4767872,8.009171,-0.82758373,-2.2707224,0.14211845,on bike mount,cyclo cross,True,concrete plates,good
aa460e9e-5072-4184-b5d4-d40d99b4c733,cea3994f-88fc-4f66-b66b-0b1df8f095e4,66045885-526e-426e-9b2d-7d04861e0797,1635695349932,13.4144044,52.4767872,8.009171,-0.4547522,-3.1387877,-0.38012028,on bike mount,cyclo cross,True,concrete plates,good
aa460e9e-5072-4184-b5d4-d40d99b4c733,cea3994f-88fc-4f66-b66b-0b1df8f095e4,6f457897-291c-4caa-8750-cc5e5a2c430f,1635695349997,13.4144044,52.4767872,8.009171,0.29373327,2.0848804,2.5072556,on bike mount,cyclo cross,True,concrete plates,good
aa460e9e-5072-4184-b5d4-d40d99b4c733,cea3994f-88fc-4f66-b66b-0b1df8f095e4,1de063b4-345e-4d53-b0d0-d57d3bbdb47b,1635695350048,13.4144044,52.4767872,8.009171,0.2946023,-1.7789654,0.85299015,on bike mount,cyclo cross,True,concrete plates,good
aa460e9e-5072-4184-b5d4-d40d99b4c733,cea3994f-88fc-4f66-b66b-0b1df8f095e4,f223f396-5d89-4529-beb0-26944eda3765,1635695350100,13.4144044,52.4767872,8.009171,2.049594,-0.88488317,1.4865484,on bike mount,cyclo cross,True,concrete plates,good
aa460e9e-5072-4184-b5d4-d40d99b4c733,cea3994f-88fc-4f66-b66b-0b1df8f095e4,62c428bf-ee4a-4722-b223-599d0a866634,1635695350150,13.4144044,52.4767872,8.009171,-0.2784088,0.40449715,-0.61503506,on bike mount,cyclo cross,True,concrete plates,good
aa460e9e-5072-4184-b5d4-d40d99b4c733,cea3994f-88fc-4f66-b66b-0b1df8f095e4,d3afa106-6809-4c42-99f5-e239f420beb6,1635695350215,13.4144044,52.4767872,8.009171,-0.77902323,-0.6246867,-0.05882454,on bike mount,cyclo cross,True,concrete plates,good
aa460e9e-5072-4184-b5d4-d40d99b4c733,cea3994f-88fc-4f66-b66b-0b1df8f095e4,df38fc69-e73e-4cb1-bf69-8eddff422b8d,1635695350265,13.4144044,52.4767872,8.009171,0.54557323,-1.6418538,2.643404,on bike mount,cyclo cross,True,concrete plates,good
aa460e9e-5072-4184-b5d4-d40d99b4c733,cea3994f-88fc-4f66-b66b-0b1df8f095e4,86003939-0b03-4e2c-9ae2-3c5a2d7e7b26,1635695350315,13.4144044,52.4767872,8.009171,0.16612509,1.2357128,-1.3487282,on bike mount,cyclo cross,True,concrete plates,good
aa460e9e-5072-4184-b5d4-d40d99b4c733,cea3994f-88fc-4f66-b66b-0b1df8f095e4,f80c9521-99e8-4b87-95c8-2d6ee62f8c6a,1635695350367,13.4144044,52.4767872,8.009171,1.0681994,2.938688,2.3401823,on bike mount,cyclo cross,True,concrete plates,good
aa460e9e-5072-4184-b5d4-d40d99b4c733,cea3994f-88fc-4f66-b66b-0b1df8f095e4,f50d847e-3021-4be3-a5e3-d13d68f86498,1635695350431,13.4144044,52.4767872,8.009171,-0.5151733,1.7906559,-2.4059725,on bike mount,cyclo cross,True,concrete plates,good
aa460e9e-5072-4184-b5d4-d40d99b4c733,cea3994f-88fc-4f66-b66b-0b1df8f095e4,157f7519-8f05-4184-9419-0e521d085cda,1635695350482,13.4144044,52.4767872,8.009171,0.1624474,1.0279298,-1.8932705,on bike mount,cyclo cross,True,concrete plates,good
aa460e9e-5072-4184-b5d4-d40d99b4c733,cea3994f-88fc-4f66-b66b-0b1df8f095e4,75ea30a6-dcb2-4855-b8f6-f53c316ba841,1635695350532,13.4144044,52.4767872,8.009171,0.15282023,-1.1156569,0.45691967,on bike mount,cyclo cross,True,concrete plates,good
aa460e9e-5072-4184-b5d4-d40d99b4c733,cea3994f-88fc-4f66-b66b-0b1df8f095e4,712168dd-3792-4dd7-b44d-ac9af37f9b26,1635695350582,13.4144044,52.4767872,8.009171,0.10801454,-3.664168,0.04585743,on bike mount,cyclo cross,True,concrete plates,good
aa460e9e-5072-4184-b5d4-d40d99b4c733,cea3994f-88fc-4f66-b66b-0b1df8f095e4,d23a9961-cc21-4f76-9d00-d0e3b340a697,1635695350632,13.4144044,52.4767872,8.009171,-0.9722028,0.9769299,-1.2521195,on bike mount,cyclo cross,True,concrete plates,good
aa460e9e-5072-4184-b5d4-d40d99b4c733,cea3994f-88fc-4f66-b66b-0b1df8f095e4,50571b0f-fdec-4c70-9683-4ecbea18f4c8,1635695350683,13.4144044,52.4767872,8.009171,-0.59234643,1.5997958,0.2663908,on bike mount,cyclo cross,True,concrete plates,good
aa460e9e-5072-4184-b5d4-d40d99b4c733,cea3994f-88fc-4f66-b66b-0b1df8f095e4,576f665c-fb47-47d9-91f2-2704dd86fc9f,1635695350734,13.4142876,52.4768028,8.009997,1.8885925,1.9394937,-2.5090714,on bike mount,cyclo cross,True,concrete plates,good
aa460e9e-5072-4184-b5d4-d40d99b4c733,cea3994f-88fc-4f66-b66b-0b1df8f095e4,6d742d99-224e-4660-b14d-d3cb3065f910,1635695350785,13.4142876,52.4768028,8.009997,0.17962646,0.40038323,0.64184093,on bike mount,cyclo cross,True,concrete plates,good
aa460e9e-5072-4184-b5d4-d40d99b4c733,cea3994f-88fc-4f66-b66b-0b1df8f095e4,8077c524-4f19-4318-b851-a20e05d3eac8,1635695350850,13.4142876,52.4768028,8.009997,0.52995914,0.3895805,2.1608267,on bike mount,cyclo cross,True,concrete plates,good
aa460e9e-5072-4184-b5d4-d40d99b4c733,cea3994f-88fc-4f66-b66b-0b1df8f095e4,4a2d8c0a-752e-463a-ae07-da78ec4d95b2,1635695350902,13.4142876,52.4768028,8.009997,-0.64803314,-0.794441,-3.5355272,on bike mount,cyclo cross,True,concrete plates,good
aa460e9e-5072-4184-b5d4-d40d99b4c733,cea3994f-88fc-4f66-b66b-0b1df8f095e4,30509989-bdb8-499a-aeba-1212511d99f4,1635695350967,13.4142876,52.4768028,8.009997,-1.9886827,-2.9085164,4.3606462,on bike mount,cyclo cross,True,concrete plates,good
aa460e9e-5072-4184-b5d4-d40d99b4c733,cea3994f-88fc-4f66-b66b-0b1df8f095e4,5260a735-b8ac-406f-b4bb-041714a9b1e7,1635695351017,13.4142876,52.4768028,8.009997,0.51293606,0.252069,2.0138044,on bike mount,cyclo cross,True,concrete plates,good
aa460e9e-5072-4184-b5d4-d40d99b4c733,cea3994f-88fc-4f66-b66b-0b1df8f095e4,62027d48-b0eb-4ad6-a832-cf6e3741fb34,1635695351067,13.4142876,52.4768028,8.009997,-0.13136584,2.6200132,-2.6122804,on bike mount,cyclo cross,True,concrete plates,good
aa460e9e-5072-4184-b5d4-d40d99b4c733,cea3994f-88fc-4f66-b66b-0b1df8f095e4,f7af5115-ff04-40b7-963e-1803abbd0889,1635695351118,13.4142876,52.4768028,8.009997,-0.1623244,0.6967273,1.2629805,on bike mount,cyclo cross,True,concrete plates,good
aa460e9e-5072-4184-b5d4-d40d99b4c733,cea3994f-88fc-4f66-b66b-0b1df8f095e4,284c60e1-ed09-4a98-9480-84213af3f423,1635695351167,13.4142876,52.4768028,8.009997,-0.13297658,1.7268417,-2.5243511,on bike mount,cyclo cross,True,concrete plates,good
aa460e9e-5072-4184-b5d4-d40d99b4c733,cea3994f-88fc-4f66-b66b-0b1df8f095e4,2bf56848-3375-4bf5-8d01-729ea0daf2ed,1635695351218,13.4142876,52.4768028,8.009997,0.56217396,2.9903936,1.2815962,on bike mount,cyclo cross,True,concrete plates,good
aa460e9e-5072-4184-b5d4-d40d99b4c733,cea3994f-88fc-4f66-b66b-0b1df8f095e4,6a798ec0-7660-4df8-9069-66d4cd255eb1,1635695351269,13.4142876,52.4768028,8.009997,-1.3108952,-1.4147568,-1.4353266,on bike mount,cyclo cross,True,concrete plates,good
aa460e9e-5072-4184-b5d4-d40d99b4c733,cea3994f-88fc-4f66-b66b-0b1df8f095e4,acf5d85e-6a11-4ad6-bbbd-232d73126387,1635695351319,13.4142876,52.4768028,8.009997,-0.49951753,2.9485826,-4.4184866,on bike mount,cyclo cross,True,concrete plates,good
aa460e9e-5072-4184-b5d4-d40d99b4c733,cea3994f-88fc-4f66-b66b-0b1df8f095e4,7f22eba0-0f21-4df6-b149-ef9acad3ecbe,1635695351369,13.4142876,52.4768028,8.009997,0.78748053,-2.7153137,3.2173576,on bike mount,cyclo cross,True,concrete plates,good
aa460e9e-5072-4184-b5d4-d40d99b4c733,cea3994f-88fc-4f66-b66b-0b1df8f095e4,a7ba98b6-0eb9-42d7-8e91-16f711d6c3aa,1635695351419,13.4142876,52.4768028,8.009997,0.34059644,4.126279,-2.941196,on bike mount,cyclo cross,True,concrete plates,good
aa460e9e-5072-4184-b5d4-d40d99b4c733,cea3994f-88fc-4f66-b66b-0b1df8f095e4,211f57ba-6242-4c0e-becc-c723f4bdb032,1635695351469,13.4142876,52.4768028,8.009997,0.024601579,1.2617099,-0.18610573,on bike mount,cyclo cross,True,concrete plates,good
aa460e9e-5072-4184-b5d4-d40d99b4c733,cea3994f-88fc-4f66-b66b-0b1df8f095e4,d92c52cf-4664-4ae8-97e6-b78e75ca71a1,1635695351519,13.4142876,52.4768028,8.009997,-0.02496484,-0.6211543,-4.6764965,on bike mount,cyclo cross,True,concrete plates,good
aa460e9e-5072-4184-b5d4-d40d99b4c733,cea3994f-88fc-4f66-b66b-0b1df8f095e4,42dd351d-7c3e-42f7-9138-99ab44dcf6ff,1635695351569,13.4142876,52.4768028,8.009997,0.81177497,-1.6327407,-1.0728507,on bike mount,cyclo cross,True,concrete plates,good
aa460e9e-5072-4184-b5d4-d40d99b4c733,cea3994f-88fc-4f66-b66b-0b1df8f095e4,24c9b069-ed70-4dcb-850d-e6092b932467,1635695351634,13.4142876,52.4768028,8.009997,1.2875353,0.40239763,-0.9029436,on bike mount,cyclo cross,True,concrete plates,good
aa460e9e-5072-4184-b5d4-d40d99b4c733,cea3994f-88fc-4f66-b66b-0b1df8f095e4,6094d2ec-b488-4de5-be05-e78756dd884b,1635695351685,13.4141705,52.476819,8.1494875,0.006459862,0.0018982887,-0.9027891,on bike mount,cyclo cross,True,concrete plates,good
aa460e9e-5072-4184-b5d4-d40d99b4c733,cea3994f-88fc-4f66-b66b-0b1df8f095e4,edaaa55d-982e-40ad-a29d-6a8a2b53467a,1635695351735,13.4141705,52.476819,8.1494875,-0.29425246,-2.8811965,-1.1925278,on bike mount,cyclo cross,True,concrete plates,good
aa460e9e-5072-4184-b5d4-d40d99b4c733,cea3994f-88fc-4f66-b66b-0b1df8f095e4,8fa8f0ae-05f0-4a0d-bccd-be2568415624,1635695351785,13.4141705,52.476819,8.1494875,1.1546657,3.2731109,-2.2839494,on bike mount,cyclo cross,True,concrete plates,good
aa460e9e-5072-4184-b5d4-d40d99b4c733,cea3994f-88fc-4f66-b66b-0b1df8f095e4,fd09f1cf-e15e-45f6-986e-84b10a2551c2,1635695351836,13.4141705,52.476819,8.1494875,0.78718215,1.0390477,-0.20733738,on bike mount,cyclo cross,True,concrete plates,good
aa460e9e-5072-4184-b5d4-d40d99b4c733,cea3994f-88fc-4f66-b66b-0b1df8f095e4,7e7dd83a-d465-47c9-afd3-d5ba69740b97,1635695351887,13.4141705,52.476819,8.1494875,1.2828615,0.3527131,-1.7148008,on bike mount,cyclo cross,True,concrete plates,good
aa460e9e-5072-4184-b5d4-d40d99b4c733,cea3994f-88fc-4f66-b66b-0b1df8f095e4,65c5356e-0ea8-44ce-9224-ab4a7943baf9,1635695351951,13.4141705,52.476819,8.1494875,-0.15647092,1.3446136,-1.3041482,on bike mount,cyclo cross,True,concrete plates,good
aa460e9e-5072-4184-b5d4-d40d99b4c733,cea3994f-88fc-4f66-b66b-0b1df8f095e4,e81dbdc9-97fa-4d10-98d3-48211e632e85,1635695352002,13.4141705,52.476819,8.1494875,1.2817833,-2.958745,0.115893364,on bike mount,cyclo cross,True,concrete plates,good
aa460e9e-5072-4184-b5d4-d40d99b4c733,cea3994f-88fc-4f66-b66b-0b1df8f095e4,40eeaec6-9731-4012-8f4e-d5681351437d,1635695352052,13.4141705,52.476819,8.1494875,1.1051134,1.7138152,-0.55364513,on bike mount,cyclo cross,True,concrete plates,good
aa460e9e-5072-4184-b5d4-d40d99b4c733,cea3994f-88fc-4f66-b66b-0b1df8f095e4,ef1581b6-9aa1-4423-9f9f-d3d78878d2d4,1635695352104,13.4141705,52.476819,8.1494875,-0.6614835,3.6824675,-2.0402784,on bike mount,cyclo cross,True,concrete plates,good
aa460e9e-5072-4184-b5d4-d40d99b4c733,cea3994f-88fc-4f66-b66b-0b1df8f095e4,b0ecd8ae-3720-4a99-9ec4-4c9d98d06f3b,1635695352154,13.4141705,52.476819,8.1494875,1.9595366,2.793714,-0.31560135,on bike mount,cyclo cross,True,concrete plates,good
aa460e9e-5072-4184-b5d4-d40d99b4c733,cea3994f-88fc-4f66-b66b-0b1df8f095e4,a5f32cd0-a12c-41b0-835a-9c024190d940,1635695352202,13.4141705,52.476819,8.1494875,1.4793116,-3.9224598,1.5587053,on bike mount,cyclo cross,True,concrete plates,good
aa460e9e-5072-4184-b5d4-d40d99b4c733,cea3994f-88fc-4f66-b66b-0b1df8f095e4,fec3075d-e4cc-4fca-aa3c-fcf003bc8f33,1635695352252,13.4141705,52.476819,8.1494875,0.6072448,0.77760935,-2.0837536,on bike mount,cyclo cross,True,concrete plates,good
aa460e9e-5072-4184-b5d4-d40d99b4c733,cea3994f-88fc-4f66-b66b-0b1df8f095e4,fa44a3f4-c15c-469f-9b10-463bf704a53f,1635695352302,13.4141705,52.476819,8.1494875,-1.1225245,0.8429465,-3.0617585,on bike mount,cyclo cross,True,concrete plates,good
aa460e9e-5072-4184-b5d4-d40d99b4c733,cea3994f-88fc-4f66-b66b-0b1df8f095e4,4c36e744-f8b5-4148-a273-ea9f3ee8b64e,1635695352353,13.4141705,52.476819,8.1494875,2.4066176,1.1286213,1.5477343,on bike mount,cyclo cross,True,concrete plates,good
aa460e9e-5072-4184-b5d4-d40d99b4c733,cea3994f-88fc-4f66-b66b-0b1df8f095e4,78ee21d0-97e3-4211-985b-7fefcfa7185d,1635695352404,13.4141705,52.476819,8.1494875,-0.39856791,-3.3152857,1.1422939,on bike mount,cyclo cross,True,concrete plates,good
aa460e9e-5072-4184-b5d4-d40d99b4c733,cea3994f-88fc-4f66-b66b-0b1df8f095e4,fbaf09b4-13ca-4928-a57f-93c4e1381180,1635695352454,13.4141705,52.476819,8.1494875,-1.0553814,-1.031827,-1.1054621,on bike mount,cyclo cross,True,concrete plates,good
aa460e9e-5072-4184-b5d4-d40d99b4c733,cea3994f-88fc-4f66-b66b-0b1df8f095e4,17ec6dc1-71ba-4031-91e8-169f4d3a4763,1635695352504,13.4141705,52.476819,8.1494875,2.802353,4.357813,-1.2985349,on bike mount,cyclo cross,True,concrete plates,good
aa460e9e-5072-4184-b5d4-d40d99b4c733,cea3994f-88fc-4f66-b66b-0b1df8f095e4,2d5f0af5-a200-4b3f-bceb-e496c266af9f,1635695352570,13.4141705,52.476819,8.1494875,-1.1805096,-3.1100557,2.1973848,on bike mount,cyclo cross,True,concrete plates,good
aa460e9e-5072-4184-b5d4-d40d99b4c733,cea3994f-88fc-4f66-b66b-0b1df8f095e4,d68787f0-abb4-4b88-bee7-d85458ce924e,1635695352621,13.4141705,52.476819,8.1494875,-0.1494019,3.9614372,-0.122962,on bike mount,cyclo cross,True,concrete plates,good
aa460e9e-5072-4184-b5d4-d40d99b4c733,cea3994f-88fc-4f66-b66b-0b1df8f095e4,2b182ff4-92d0-4f51-99ae-41a7bd3098fd,1635695352677,13.4141705,52.476819,8.1494875,0.08671987,-2.5611188,2.0798092,on bike mount,cyclo cross,True,concrete plates,good
aa460e9e-5072-4184-b5d4-d40d99b4c733,cea3994f-88fc-4f66-b66b-0b1df8f095e4,8fe956a4-bc0a-4e33-a10a-298594f14651,1635695352736,13.4140532,52.4768346,7.8947034,0.8280728,-1.4383469,4.4283667,on bike mount,cyclo cross,True,concrete plates,good
aa460e9e-5072-4184-b5d4-d40d99b4c733,cea3994f-88fc-4f66-b66b-0b1df8f095e4,a4224454-2d40-4226-8356-422573d3d1b8,1635695352788,13.4140532,52.4768346,7.8947034,-1.011028,2.1630774,-4.7790494,on bike mount,cyclo cross,True,concrete plates,good
aa460e9e-5072-4184-b5d4-d40d99b4c733,cea3994f-88fc-4f66-b66b-0b1df8f095e4,def1319e-1f31-4650-96f4-37f445bcf64d,1635695352839,13.4140532,52.4768346,7.8947034,-0.44378108,4.069473,1.1770821,on bike mount,cyclo cross,True,concrete plates,good
aa460e9e-5072-4184-b5d4-d40d99b4c733,cea3994f-88fc-4f66-b66b-0b1df8f095e4,9398223d-fafd-48ab-aea8-937d9306040b,1635695352905,13.4140532,52.4768346,7.8947034,2.8977752,0.57130384,0.015686989,on bike mount,cyclo cross,True,concrete plates,good
aa460e9e-5072-4184-b5d4-d40d99b4c733,cea3994f-88fc-4f66-b66b-0b1df8f095e4,37d109b8-4a9f-4dd6-ab9d-32b08b3e089f,1635695352956,13.4140532,52.4768346,7.8947034,1.054472,3.8824902,2.4191236,on bike mount,cyclo cross,True,concrete plates,good
aa460e9e-5072-4184-b5d4-d40d99b4c733,cea3994f-88fc-4f66-b66b-0b1df8f095e4,967479bf-bf03-4b0c-8e79-75fd6751be0d,1635695353022,13.4140532,52.4768346,7.8947034,-0.29274607,-2.428178,-0.16448212,on bike mount,cyclo cross,True,concrete plates,good
aa460e9e-5072-4184-b5d4-d40d99b4c733,cea3994f-88fc-4f66-b66b-0b1df8f095e4,75e0a7b9-63fb-46fc-a922-a28cdefea3a9,1635695353073,13.4140532,52.4768346,7.8947034,-0.58379334,1.8803673,0.11283493,on bike mount,cyclo cross,True,concrete plates,good
aa460e9e-5072-4184-b5d4-d40d99b4c733,cea3994f-88fc-4f66-b66b-0b1df8f095e4,aea5764f-ff52-4ece-9e4d-2352ba40df5f,1635695353137,13.4140532,52.4768346,7.8947034,0.03417802,-0.10828638,1.4011793,on bike mount,cyclo cross,True,concrete plates,good
aa460e9e-5072-4184-b5d4-d40d99b4c733,2b8c94b4-3671-4f24-ae72-37cf55a32ac3,cd060d8a-9920-4d31-b264-2db6d8e2b708,1635695350484,13.4144044,52.4767872,8.009171,0.1624474,1.0279298,-1.8932705,on bike mount,cyclo cross,True,concrete plates,good
aa460e9e-5072-4184-b5d4-d40d99b4c733,2b8c94b4-3671-4f24-ae72-37cf55a32ac3,aa4d824f-a9c7-4ff0-8c95-9f241701daab,1635695350533,13.4144044,52.4767872,8.009171,0.15282023,-1.1156569,0.45691967,on bike mount,cyclo cross,True,concrete plates,good
aa460e9e-5072-4184-b5d4-d40d99b4c733,2b8c94b4-3671-4f24-ae72-37cf55a32ac3,4f428b89-8bbd-468c-a691-2f6d4fc27f3c,1635695350584,13.4144044,52.4767872,8.009171,-1.6686156,-0.986644,-1.5289593,on bike mount,cyclo cross,True,concrete plates,good
aa460e9e-5072-4184-b5d4-d40d99b4c733,2b8c94b4-3671-4f24-ae72-37cf55a32ac3,a0492232-4a86-4893-b90d-268ed684d715,1635695350634,13.4144044,52.4767872,8.009171,-0.38685438,1.3089061,0.31399727,on bike mount,cyclo cross,True,concrete plates,good
aa460e9e-5072-4184-b5d4-d40d99b4c733,2b8c94b4-3671-4f24-ae72-37cf55a32ac3,138b4824-8dcf-404a-977d-e00753fab17a,1635695350686,13.4142876,52.4768028,8.009997,-0.37214413,3.3257947,1.4918613,on bike mount,cyclo cross,True,concrete plates,good
aa460e9e-5072-4184-b5d4-d40d99b4c733,2b8c94b4-3671-4f24-ae72-37cf55a32ac3,14f53c4b-c0f1-4947-b91c-7f7bcbcc20df,1635695350749,13.4142876,52.4768028,8.009997,0.98643506,-0.21202493,0.18542957,on bike mount,cyclo cross,True,concrete plates,good
aa460e9e-5072-4184-b5d4-d40d99b4c733,2b8c94b4-3671-4f24-ae72-37cf55a32ac3,47f0066d-66c9-48ce-9a35-bf17e167c33b,1635695350799,13.4142876,52.4768028,8.009997,-1.0005058,-0.26737761,-0.8439808,on bike mount,cyclo cross,True,concrete plates,good
aa460e9e-5072-4184-b5d4-d40d99b4c733,2b8c94b4-3671-4f24-ae72-37cf55a32ac3,12fd04f8-fa27-4322-b483-fd9f41c43d2a,1635695350850,13.4142876,52.4768028,8.009997,0.52995914,0.3895805,2.1608267,on bike mount,cyclo cross,True,concrete plates,good
aa460e9e-5072-4184-b5d4-d40d99b4c733,2b8c94b4-3671-4f24-ae72-37cf55a32ac3,1db2bdfa-e637-4955-a6b0-02ac40a55c19,1635695350902,13.4142876,52.4768028,8.009997,-0.64803314,-0.794441,-3.5355272,on bike mount,cyclo cross,True,concrete plates,good
aa460e9e-5072-4184-b5d4-d40d99b4c733,2b8c94b4-3671-4f24-ae72-37cf55a32ac3,36a17a74-5c15-4496-8e2c-0fe93a56148a,1635695350968,13.4142876,52.4768028,8.009997,-1.9886827,-2.9085164,4.3606462,on bike mount,cyclo cross,True,concrete plates,good
aa460e9e-5072-4184-b5d4-d40d99b4c733,2b8c94b4-3671-4f24-ae72-37cf55a32ac3,c4fd95ea-60d9-47c9-82a5-437e3aa1b8e8,1635695351035,13.4142876,52.4768028,8.009997,1.3964014,3.0036802,1.8947372,on bike mount,cyclo cross,True,concrete plates,good
aa460e9e-5072-4184-b5d4-d40d99b4c733,2b8c94b4-3671-4f24-ae72-37cf55a32ac3,13290d60-adc8-4452-a98b-d68ce18c2002,1635695351084,13.4142876,52.4768028,8.009997,0.80506206,-2.4065075,-0.12552929,on bike mount,cyclo cross,True,concrete plates,good
aa460e9e-5072-4184-b5d4-d40d99b4c733,2b8c94b4-3671-4f24-ae72-37cf55a32ac3,401a659f-674d-4199-9c7c-fdd8099e3d08,1635695351134,13.4142876,52.4768028,8.009997,0.25272307,-1.391945,-2.308515,on bike mount,cyclo cross,True,concrete plates,good
aa460e9e-5072-4184-b5d4-d40d99b4c733,2b8c94b4-3671-4f24-ae72-37cf55a32ac3,438ae1d2-76da-4ed7-b122-10f525daa8f7,1635695351185,13.4142876,52.4768028,8.009997,-0.26967525,-0.28705692,-1.0044336,on bike mount,cyclo cross,True,concrete plates,good
aa460e9e-5072-4184-b5d4-d40d99b4c733,2b8c94b4-3671-4f24-ae72-37cf55a32ac3,cfef4dcc-32e7-46cb-8f07-de04ffb56f5e,1635695351235,13.4142876,52.4768028,8.009997,0.6797359,-1.016932,-0.1847868,on bike mount,cyclo cross,True,concrete plates,good
aa460e9e-5072-4184-b5d4-d40d99b4c733,2b8c94b4-3671-4f24-ae72-37cf55a32ac3,b6529060-97f6-48f4-90c6-6500c73f53e7,1635695351300,13.4142876,52.4768028,8.009997,-1.5502993,-2.4950144,2.1608534,on bike mount,cyclo cross,True,concrete plates,good
aa460e9e-5072-4184-b5d4-d40d99b4c733,2b8c94b4-3671-4f24-ae72-37cf55a32ac3,dced1868-abe3-408c-9119-678eac490c5b,1635695351352,13.4142876,52.4768028,8.009997,-0.7656651,3.8225143,-3.3156857,on bike mount,cyclo cross,True,concrete plates,good
aa460e9e-5072-4184-b5d4-d40d99b4c733,2b8c94b4-3671-4f24-ae72-37cf55a32ac3,c7451cf4-0b51-4d75-8cab-24de7a4ee553,1635695351417,13.4142876,52.4768028,8.009997,0.69427943,0.69360304,-0.5947552,on bike mount,cyclo cross,True,concrete plates,good
aa460e9e-5072-4184-b5d4-d40d99b4c733,2b8c94b4-3671-4f24-ae72-37cf55a32ac3,a489b44a-75ca-4559-84d5-7d49336c71d7,1635695351467,13.4142876,52.4768028,8.009997,-1.563439,-2.1388485,0.6836386,on bike mount,cyclo cross,True,concrete plates,good
aa460e9e-5072-4184-b5d4-d40d99b4c733,2b8c94b4-3671-4f24-ae72-37cf55a32ac3,ad67c527-ec8f-4aa5-bae6-ed635c1e8495,1635695351517,13.4142876,52.4768028,8.009997,-0.32207203,-1.6696709,-2.7120056,on bike mount,cyclo cross,True,concrete plates,good
aa460e9e-5072-4184-b5d4-d40d99b4c733,2b8c94b4-3671-4f24-ae72-37cf55a32ac3,33884605-f16d-4b3b-a442-d15d5ae431b5,1635695351567,13.4142876,52.4768028,8.009997,0.81177497,-1.6327407,-1.0728507,on bike mount,cyclo cross,True,concrete plates,good
aa460e9e-5072-4184-b5d4-d40d99b4c733,2b8c94b4-3671-4f24-ae72-37cf55a32ac3,15d35ef4-6b1b-4c57-8d6f-c68b5922bb9a,1635695351617,13.4142876,52.4768028,8.009997,-0.39112067,0.8021827,1.7475386,on bike mount,cyclo cross,True,concrete plates,good
aa460e9e-5072-4184-b5d4-d40d99b4c733,2b8c94b4-3671-4f24-ae72-37cf55a32ac3,d60fb3d4-c715-45f6-b203-36d2d4a10dd0,1635695351670,13.4142876,52.4768028,8.009997,-1.8076541,0.65830994,-0.5565367,on bike mount,cyclo cross,True,concrete plates,good
aa460e9e-5072-4184-b5d4-d40d99b4c733,2b8c94b4-3671-4f24-ae72-37cf55a32ac3,5a1fb14c-06aa-4ae9-b7a6-332b772a46d8,1635695351734,13.4141705,52.476819,8.1494875,-0.29425246,-2.8811965,-1.1925278,on bike mount,cyclo cross,True,concrete plates,good
aa460e9e-5072-4184-b5d4-d40d99b4c733,2b8c94b4-3671-4f24-ae72-37cf55a32ac3,c251cd45-7421-4e4f-a31a-a9bb9cc08677,1635695351784,13.4141705,52.476819,8.1494875,1.1546657,3.2731109,-2.2839494,on bike mount,cyclo cross,True,concrete plates,good
aa460e9e-5072-4184-b5d4-d40d99b4c733,2b8c94b4-3671-4f24-ae72-37cf55a32ac3,51350162-b273-45e4-8ebe-807c9f07ec20,1635695351834,13.4141705,52.476819,8.1494875,0.71388745,0.79036903,-0.5657921,on bike mount,cyclo cross,True,concrete plates,good
aa460e9e-5072-4184-b5d4-d40d99b4c733,2b8c94b4-3671-4f24-ae72-37cf55a32ac3,2f3b629b-95ee-4d5b-ac5a-560f997f4196,1635695351885,13.4141705,52.476819,8.1494875,0.69988245,4.127533,-3.7071495,on bike mount,cyclo cross,True,concrete plates,good
aa460e9e-5072-4184-b5d4-d40d99b4c733,2b8c94b4-3671-4f24-ae72-37cf55a32ac3,21ba2bfe-a8f3-4b93-8d3e-4b6f465b278d,1635695351936,13.4141705,52.476819,8.1494875,0.35567492,-1.2382727,-0.38284588,on bike mount,cyclo cross,True,concrete plates,good
aa460e9e-5072-4184-b5d4-d40d99b4c733,2b8c94b4-3671-4f24-ae72-37cf55a32ac3,22e56871-e5ba-4969-9419-cce4da641631,1635695351987,13.4141705,52.476819,8.1494875,-0.0961892,-0.34915924,2.5153494,on bike mount,cyclo cross,True,concrete plates,good
aa460e9e-5072-4184-b5d4-d40d99b4c733,2b8c94b4-3671-4f24-ae72-37cf55a32ac3,729dda4b-fb65-441a-a402-b3430fafa4ff,1635695352052,13.4141705,52.476819,8.1494875,1.1051134,1.7138152,-0.55364513,on bike mount,cyclo cross,True,concrete plates,good
aa460e9e-5072-4184-b5d4-d40d99b4c733,2b8c94b4-3671-4f24-ae72-37cf55a32ac3,137141d8-a300-4980-aa57-aa7d8b6534bb,1635695352102,13.4141705,52.476819,8.1494875,-0.9383255,4.9519444,-2.3639054,on bike mount,cyclo cross,True,concrete plates,good
aa460e9e-5072-4184-b5d4-d40d99b4c733,2b8c94b4-3671-4f24-ae72-37cf55a32ac3,6db629fb-4054-4f42-9a3a-bb1b0c64b07e,1635695352153,13.4141705,52.476819,8.1494875,1.9595366,2.793714,-0.31560135,on bike mount,cyclo cross,True,concrete plates,good
aa460e9e-5072-4184-b5d4-d40d99b4c733,2b8c94b4-3671-4f24-ae72-37cf55a32ac3,cfa4e59d-fd18-4e8f-8fb8-56588fd1f091,1635695352204,13.4141705,52.476819,8.1494875,1.8134977,-3.6581197,2.448656,on bike mount,cyclo cross,True,concrete plates,good
aa460e9e-5072-4184-b5d4-d40d99b4c733,2b8c94b4-3671-4f24-ae72-37cf55a32ac3,09d08a19-5a52-4aa8-810e-9e34a74a3302,1635695352254,13.4141705,52.476819,8.1494875,0.028577626,0.7653389,-3.2620673,on bike mount,cyclo cross,True,concrete plates,good
aa460e9e-5072-4184-b5d4-d40d99b4c733,2b8c94b4-3671-4f24-ae72-37cf55a32ac3,89cba9e1-f716-426a-aaa2-c317acc3372a,1635695352304,13.4141705,52.476819,8.1494875,-1.4396576,2.1642957,-1.3202267,on bike mount,cyclo cross,True,concrete plates,good
aa460e9e-5072-4184-b5d4-d40d99b4c733,2b8c94b4-3671-4f24-ae72-37cf55a32ac3,c1a385f2-800b-44e4-b722-038f54204f17,1635695352371,13.4141705,52.476819,8.1494875,0.3013252,0.3470223,-0.47748566,on bike mount,cyclo cross,True,concrete plates,good
aa460e9e-5072-4184-b5d4-d40d99b4c733,2b8c94b4-3671-4f24-ae72-37cf55a32ac3,a32e25bc-f2e2-4000-954b-5048767efb4b,1635695352422,13.4141705,52.476819,8.1494875,0.19700143,3.2229834,-0.98248196,on bike mount,cyclo cross,True,concrete plates,good
aa460e9e-5072-4184-b5d4-d40d99b4c733,2b8c94b4-3671-4f24-ae72-37cf55a32ac3,6b11e0cb-454e-43ee-ada6-84bc13fcc351,1635695352487,13.4141705,52.476819,8.1494875,0.7269592,-3.2573996,0.1566906,on bike mount,cyclo cross,True,concrete plates,good
aa460e9e-5072-4184-b5d4-d40d99b4c733,2b8c94b4-3671-4f24-ae72-37cf55a32ac3,ec1455ab-ad9e-4788-b583-db0196a65a3b,1635695352538,13.4141705,52.476819,8.1494875,2.0223167,1.0802529,-0.16908169,on bike mount,cyclo cross,True,concrete plates,good
aa460e9e-5072-4184-b5d4-d40d99b4c733,2b8c94b4-3671-4f24-ae72-37cf55a32ac3,07a3ba03-ddaa-4d29-8a42-f15beda2957c,1635695352604,13.4141705,52.476819,8.1494875,1.398695,-4.968539,-1.2637682,on bike mount,cyclo cross,True,concrete plates,good
aa460e9e-5072-4184-b5d4-d40d99b4c733,2b8c94b4-3671-4f24-ae72-37cf55a32ac3,2a5336ba-36b5-4b4e-b050-0fd5b94d2fa8,1635695352655,13.4141705,52.476819,8.1494875,1.2853025,0.4847269,-1.4035897,on bike mount,cyclo cross,True,concrete plates,good
aa460e9e-5072-4184-b5d4-d40d99b4c733,2b8c94b4-3671-4f24-ae72-37cf55a32ac3,4591d497-9451-4164-8d11-ebe7fe846325,1635695352704,13.4140532,52.4768346,7.8947034,-0.7630065,-1.1105617,1.9542799,on bike mount,cyclo cross,True,concrete plates,good
aa460e9e-5072-4184-b5d4-d40d99b4c733,2b8c94b4-3671-4f24-ae72-37cf55a32ac3,67e10ab7-5e6e-4814-a5b8-9a6b189313ff,1635695352753,13.4140532,52.4768346,7.8947034,-0.52921045,1.215838,-2.7228098,on bike mount,cyclo cross,True,concrete plates,good
aa460e9e-5072-4184-b5d4-d40d99b4c733,2b8c94b4-3671-4f24-ae72-37cf55a32ac3,7043754a-0022-449c-8c85-e3cc5e472467,1635695352804,13.4140532,52.4768346,7.8947034,0.68302,3.6449275,0.18391418,on bike mount,cyclo cross,True,concrete plates,good
aa460e9e-5072-4184-b5d4-d40d99b4c733,2b8c94b4-3671-4f24-ae72-37cf55a32ac3,a3f3bd90-96ce-4a0c-a49b-ef4fb9e437ef,1635695352854,13.4140532,52.4768346,7.8947034,-0.005857557,-0.05442357,-0.9590893,on bike mount,cyclo cross,True,concrete plates,good
aa460e9e-5072-4184-b5d4-d40d99b4c733,2b8c94b4-3671-4f24-ae72-37cf55a32ac3,a48face4-a5f4-4c38-af04-e69e9f15cdc7,1635695352907,13.4140532,52.4768346,7.8947034,0.72646636,3.895873,-0.7559891,on bike mount,cyclo cross,True,concrete plates,good
aa460e9e-5072-4184-b5d4-d40d99b4c733,2b8c94b4-3671-4f24-ae72-37cf55a32ac3,66d5040e-cdfb-4ec5-b09c-4b72b90f9576,1635695352971,13.4140532,52.4768346,7.8947034,1.774122,-1.7665063,-1.121902,on bike mount,cyclo cross,True,concrete plates,good
aa460e9e-5072-4184-b5d4-d40d99b4c733,2b8c94b4-3671-4f24-ae72-37cf55a32ac3,e1896676-ad6f-4180-8f87-d086ee38ab49,1635695353024,13.4140532,52.4768346,7.8947034,-1.3822682,0.83987,-0.72150517,on bike mount,cyclo cross,True,concrete plates,good
aa460e9e-5072-4184-b5d4-d40d99b4c733,2b8c94b4-3671-4f24-ae72-37cf55a32ac3,e039349a-6214-484c-add0-931b62c1a1bc,1635695353087,13.4140532,52.4768346,7.8947034,1.0960553,2.1370678,1.4429083,on bike mount,cyclo cross,True,concrete plates,good
aa460e9e-5072-4184-b5d4-d40d99b4c733,2b8c94b4-3671-4f24-ae72-37cf55a32ac3,5c4e6586-e5fb-44f9-a1a8-3ae0f452ea7f,1635695353139,13.4140532,52.4768346,7.8947034,0.27096665,-1.5197241,0.19820976,on bike mount,cyclo cross,True,concrete plates,good
aa460e9e-5072-4184-b5d4-d40d99b4c733,2b8c94b4-3671-4f24-ae72-37cf55a32ac3,279c133c-abdd-4544-afd9-9971026b3953,1635695353205,13.4140532,52.4768346,7.8947034,-0.39279592,4.6436796,0.14997959,on bike mount,cyclo cross,True,concrete plates,good
aa460e9e-5072-4184-b5d4-d40d99b4c733,2b8c94b4-3671-4f24-ae72-37cf55a32ac3,87971694-1030-498d-b865-19f9fb47aaa0,1635695353256,13.4140532,52.4768346,7.8947034,0.35240358,0.500515,-1.0014791,on bike mount,cyclo cross,True,concrete plates,good
aa460e9e-5072-4184-b5d4-d40d99b4c733,2b8c94b4-3671-4f24-ae72-37cf55a32ac3,726d7a38-c4f5-4ad2-9816-fc4020103d23,1635695353306,13.4140532,52.4768346,7.8947034,0.49087524,-3.719171,0.18155289,on bike mount,cyclo cross,True,concrete plates,good
aa460e9e-5072-4184-b5d4-d40d99b4c733,2b8c94b4-3671-4f24-ae72-37cf55a32ac3,fc13a1b8-cdbd-4ce6-adce-55be79e2b494,1635695353372,13.4140532,52.4768346,7.8947034,0.04933302,-0.21641564,-4.500154,on bike mount,cyclo cross,True,concrete plates,good
aa460e9e-5072-4184-b5d4-d40d99b4c733,2b8c94b4-3671-4f24-ae72-37cf55a32ac3,c859cfa8-0c04-4fab-8558-309939b48784,1635695353422,13.4140532,52.4768346,7.8947034,1.936869,0.6667552,-0.6083498,on bike mount,cyclo cross,True,concrete plates,good
aa460e9e-5072-4184-b5d4-d40d99b4c733,2b8c94b4-3671-4f24-ae72-37cf55a32ac3,86b845e4-6621-4ebb-bb1c-2e1e32442516,1635695353471,13.4140532,52.4768346,7.8947034,-1.4922642,-2.2222273,3.3598518,on bike mount,cyclo cross,True,concrete plates,good
aa460e9e-5072-4184-b5d4-d40d99b4c733,2b8c94b4-3671-4f24-ae72-37cf55a32ac3,38871e80-7baa-4dcf-94a7-3a017b064f62,1635695353522,13.4140532,52.4768346,7.8947034,-0.5339611,-2.5009892,0.7240038,on bike mount,cyclo cross,True,concrete plates,good
aa460e9e-5072-4184-b5d4-d40d99b4c733,2b8c94b4-3671-4f24-ae72-37cf55a32ac3,a968963f-d62c-4858-934b-5ac82a30fa27,1635695353573,13.4140532,52.4768346,7.8947034,-0.5390674,1.6463671,2.443821,on bike mount,cyclo cross,True,concrete plates,good
aa460e9e-5072-4184-b5d4-d40d99b4c733,2b8c94b4-3671-4f24-ae72-37cf55a32ac3,daae7c3b-48b3-43dc-9b98-dae176c15119,1635695353624,13.4140532,52.4768346,7.8947034,0.20668805,2.5956483,-0.77195835,on bike mount,cyclo cross,True,concrete plates,good
aa460e9e-5072-4184-b5d4-d40d99b4c733,2b8c94b4-3671-4f24-ae72-37cf55a32ac3,ef4ca365-4665-4ad7-af3d-507605e64186,1635695353678,13.4140532,52.4768346,7.8947034,0.9652579,-4.7217426,0.853281,on bike mount,cyclo cross,True,concrete plates,good
