bike_activity_uid,bike_activity_sample_uid,bike_activity_measurement,bike_activity_measurement_timestamp,bike_activity_measurement_lon,bike_activity_measurement_lat,bike_activity_measurement_speed,bike_activity_measurement_accelerometer_x,bike_activity_measurement_accelerometer_y,bike_activity_measurement_accelerometer_z,bike_activity_phone_position,bike_activity_bike_type,bike_activity_flagged_lab_conditions,bike_activity_surface_type,bike_activity_smoothness_type
aec73f87-871e-407c-b499-b32400fdae9d,ceb5cfda-79d5-4671-bf55-c8cc887418d7,10a2e5b1-e5ce-455f-9ba4-3f789aa14334,1633625091485,13.4172178,52.4922067,5.0040226,-1.4944897,6.0295734,-8.236568,on bike mount,cyclo cross,True,sett,intermediate
aec73f87-871e-407c-b499-b32400fdae9d,ceb5cfda-79d5-4671-bf55-c8cc887418d7,961dfd15-d819-4589-b127-789f3dfb5262,1633625091541,13.4172178,52.4922067,5.0040226,1.3734131,-26.55738,12.083401,on bike mount,cyclo cross,True,sett,intermediate
aec73f87-871e-407c-b499-b32400fdae9d,ceb5cfda-79d5-4671-bf55-c8cc887418d7,aed1e3c2-cf9b-4fc1-bd0a-fb038d322de5,1633625091602,13.4172647,52.4922497,5.000495,-2.702508,0.69388103,2.7203813,on bike mount,cyclo cross,True,sett,intermediate
aec73f87-871e-407c-b499-b32400fdae9d,ceb5cfda-79d5-4671-bf55-c8cc887418d7,22a23a2b-5915-49b6-870b-00dc31641b16,1633625091652,13.4172647,52.4922497,5.000495,3.9859874,-25.145199,2.8160896,on bike mount,cyclo cross,True,sett,intermediate
aec73f87-871e-407c-b499-b32400fdae9d,ceb5cfda-79d5-4671-bf55-c8cc887418d7,ccacde8c-f424-413f-a7ff-76a9852f4870,1633625091703,13.4172647,52.4922497,5.000495,4.7527714,2.7139282,-11.15331,on bike mount,cyclo cross,True,sett,intermediate
aec73f87-871e-407c-b499-b32400fdae9d,ceb5cfda-79d5-4671-bf55-c8cc887418d7,7c2cecdf-98c5-4d40-9f20-4ee16b9b5f18,1633625091752,13.4172647,52.4922497,5.000495,-0.58636355,6.4907684,-0.32548618,on bike mount,cyclo cross,True,sett,intermediate
aec73f87-871e-407c-b499-b32400fdae9d,ceb5cfda-79d5-4671-bf55-c8cc887418d7,f4a839f8-130e-4af4-af88-bebdee29331c,1633625091802,13.4172647,52.4922497,5.000495,0.6089032,-4.580768,7.465927,on bike mount,cyclo cross,True,sett,intermediate
aec73f87-871e-407c-b499-b32400fdae9d,ceb5cfda-79d5-4671-bf55-c8cc887418d7,e2e6254c-a435-4dde-8320-61116fd4f760,1633625091852,13.4172647,52.4922497,5.000495,1.9840547,-4.3559737,3.6514444,on bike mount,cyclo cross,True,sett,intermediate
aec73f87-871e-407c-b499-b32400fdae9d,ceb5cfda-79d5-4671-bf55-c8cc887418d7,d6ca547c-939d-47cd-9c26-7a737fe7871c,1633625091902,13.4172647,52.4922497,5.000495,4.3156624,2.8179994,2.077599,on bike mount,cyclo cross,True,sett,intermediate
aec73f87-871e-407c-b499-b32400fdae9d,ceb5cfda-79d5-4671-bf55-c8cc887418d7,d43b9080-2dd1-4671-b025-2a2d1498cc9b,1633625091952,13.4172647,52.4922497,5.000495,-1.9468279,-3.238851,3.2802753,on bike mount,cyclo cross,True,sett,intermediate
aec73f87-871e-407c-b499-b32400fdae9d,ceb5cfda-79d5-4671-bf55-c8cc887418d7,4768f951-372a-4345-bff4-f99a824d007c,1633625092002,13.4172647,52.4922497,5.000495,12.947258,14.579868,1.4679494,on bike mount,cyclo cross,True,sett,intermediate
aec73f87-871e-407c-b499-b32400fdae9d,ceb5cfda-79d5-4671-bf55-c8cc887418d7,c79c4fdd-3290-4d01-8f0e-64babe0bb102,1633625092054,13.4172647,52.4922497,5.000495,-0.26501173,-11.997419,7.9522915,on bike mount,cyclo cross,True,sett,intermediate
aec73f87-871e-407c-b499-b32400fdae9d,ceb5cfda-79d5-4671-bf55-c8cc887418d7,d414b366-ff11-4777-a502-1852b093c666,1633625092104,13.4172647,52.4922497,5.000495,-0.40341777,-8.466929,21.998787,on bike mount,cyclo cross,True,sett,intermediate
aec73f87-871e-407c-b499-b32400fdae9d,ceb5cfda-79d5-4671-bf55-c8cc887418d7,c4215b2c-7780-43f6-9288-ff902152121c,1633625092154,13.4172647,52.4922497,5.000495,-1.3483813,1.1025381,7.49973,on bike mount,cyclo cross,True,sett,intermediate
aec73f87-871e-407c-b499-b32400fdae9d,ceb5cfda-79d5-4671-bf55-c8cc887418d7,00aeb5ad-1dd4-4d0e-91f5-ddf6f1bc077e,1633625092220,13.4172647,52.4922497,5.000495,1.2773135,13.671311,-15.631419,on bike mount,cyclo cross,True,sett,intermediate
aec73f87-871e-407c-b499-b32400fdae9d,ceb5cfda-79d5-4671-bf55-c8cc887418d7,7745a2c2-44ab-4463-8bfb-6e4b1e5fa4d0,1633625092269,13.4172647,52.4922497,5.000495,3.7591214,-8.535925,-4.848368,on bike mount,cyclo cross,True,sett,intermediate
aec73f87-871e-407c-b499-b32400fdae9d,ceb5cfda-79d5-4671-bf55-c8cc887418d7,cca0c189-bb74-47ee-b4c5-468932875971,1633625092321,13.4172647,52.4922497,5.000495,1.9086025,-2.5339332,-1.7237005,on bike mount,cyclo cross,True,sett,intermediate
aec73f87-871e-407c-b499-b32400fdae9d,ceb5cfda-79d5-4671-bf55-c8cc887418d7,d3c46e05-0740-4681-b73c-5c14e6c34962,1633625092388,13.4172647,52.4922497,5.000495,-1.3352728,9.167817,-8.525141,on bike mount,cyclo cross,True,sett,intermediate
aec73f87-871e-407c-b499-b32400fdae9d,ceb5cfda-79d5-4671-bf55-c8cc887418d7,6d9f35a9-98b2-406d-88ae-0cb3908e439c,1633625092438,13.4172647,52.4922497,5.000495,-2.297717,-13.873158,9.962774,on bike mount,cyclo cross,True,sett,intermediate
aec73f87-871e-407c-b499-b32400fdae9d,ceb5cfda-79d5-4671-bf55-c8cc887418d7,1956d580-9e16-40a3-89c3-9c06d1315b63,1633625092489,13.4172647,52.4922497,5.000495,-2.1417997,14.416962,-5.98263,on bike mount,cyclo cross,True,sett,intermediate
aec73f87-871e-407c-b499-b32400fdae9d,ceb5cfda-79d5-4671-bf55-c8cc887418d7,947bfc5a-9353-4523-bac0-58c3ad7979bc,1633625092539,13.4172647,52.4922497,5.000495,-1.0466596,-8.185375,4.0096254,on bike mount,cyclo cross,True,sett,intermediate
aec73f87-871e-407c-b499-b32400fdae9d,ceb5cfda-79d5-4671-bf55-c8cc887418d7,5b121640-2717-4986-b0b7-a6ed9ab48fc7,1633625092589,13.417311,52.4922879,4.971849,-1.0903475,16.331524,-17.173382,on bike mount,cyclo cross,True,sett,intermediate
aec73f87-871e-407c-b499-b32400fdae9d,ceb5cfda-79d5-4671-bf55-c8cc887418d7,f65aa7f4-7da4-444b-9c30-a844129e5233,1633625092654,13.417311,52.4922879,4.971849,-0.20720083,-2.2824504,19.755247,on bike mount,cyclo cross,True,sett,intermediate
aec73f87-871e-407c-b499-b32400fdae9d,ceb5cfda-79d5-4671-bf55-c8cc887418d7,db933c92-9227-4245-835d-6e8205a85acc,1633625092707,13.417311,52.4922879,4.971849,-4.664004,3.55062,1.0174656,on bike mount,cyclo cross,True,sett,intermediate
aec73f87-871e-407c-b499-b32400fdae9d,ceb5cfda-79d5-4671-bf55-c8cc887418d7,a5904f83-4037-4cd8-b598-3880b3e6b51e,1633625092772,13.417311,52.4922879,4.971849,7.945896,7.188026,-3.0234919,on bike mount,cyclo cross,True,sett,intermediate
aec73f87-871e-407c-b499-b32400fdae9d,ceb5cfda-79d5-4671-bf55-c8cc887418d7,fa256d4c-8a47-4837-8a87-1865e14a0664,1633625092822,13.417311,52.4922879,4.971849,-3.4726965,2.6976118,7.7977858,on bike mount,cyclo cross,True,sett,intermediate
aec73f87-871e-407c-b499-b32400fdae9d,ceb5cfda-79d5-4671-bf55-c8cc887418d7,37c0533e-8d2b-4566-8102-0a668cafd048,1633625092872,13.417311,52.4922879,4.971849,1.4202554,4.303999,-1.8227544,on bike mount,cyclo cross,True,sett,intermediate
aec73f87-871e-407c-b499-b32400fdae9d,ceb5cfda-79d5-4671-bf55-c8cc887418d7,a7c582b2-d22a-4741-b322-ab7e7d0dcd74,1633625092922,13.417311,52.4922879,4.971849,-1.6778338,-3.9122334,-7.108346,on bike mount,cyclo cross,True,sett,intermediate
aec73f87-871e-407c-b499-b32400fdae9d,ceb5cfda-79d5-4671-bf55-c8cc887418d7,3faa3150-3795-4c4a-bbb9-6d9df398ee98,1633625092973,13.417311,52.4922879,4.971849,-2.4857187,15.2682,-4.1151314,on bike mount,cyclo cross,True,sett,intermediate
aec73f87-871e-407c-b499-b32400fdae9d,ceb5cfda-79d5-4671-bf55-c8cc887418d7,4eda7560-fac3-49e8-870d-55bd516b9793,1633625093024,13.417311,52.4922879,4.971849,-2.5659726,-4.2632422,-0.89504147,on bike mount,cyclo cross,True,sett,intermediate
aec73f87-871e-407c-b499-b32400fdae9d,ceb5cfda-79d5-4671-bf55-c8cc887418d7,3ce17ae0-f14e-48f2-8956-e1930562c445,1633625093090,13.417311,52.4922879,4.971849,-1.7254605,-7.2091494,12.49319,on bike mount,cyclo cross,True,sett,intermediate
aec73f87-871e-407c-b499-b32400fdae9d,ceb5cfda-79d5-4671-bf55-c8cc887418d7,2317461c-2262-4153-8105-77478c114f99,1633625093141,13.417311,52.4922879,4.971849,-0.4162299,-7.7846775,1.4087343,on bike mount,cyclo cross,True,sett,intermediate
aec73f87-871e-407c-b499-b32400fdae9d,ceb5cfda-79d5-4671-bf55-c8cc887418d7,038d4c89-dce1-4f40-97e4-6e3f249c4fdd,1633625093206,13.417311,52.4922879,4.971849,-0.098716736,5.5362635,-9.864872,on bike mount,cyclo cross,True,sett,intermediate
aec73f87-871e-407c-b499-b32400fdae9d,ceb5cfda-79d5-4671-bf55-c8cc887418d7,2bfd9ff5-04d5-4354-ae81-d78304bc7961,1633625093257,13.417311,52.4922879,4.971849,0.8547342,-1.2869327,12.756291,on bike mount,cyclo cross,True,sett,intermediate
aec73f87-871e-407c-b499-b32400fdae9d,ceb5cfda-79d5-4671-bf55-c8cc887418d7,7cf196be-dea9-4b22-bab8-038160de6765,1633625093307,13.417311,52.4922879,4.971849,-1.7398924,-1.6618111,5.2679653,on bike mount,cyclo cross,True,sett,intermediate
aec73f87-871e-407c-b499-b32400fdae9d,ceb5cfda-79d5-4671-bf55-c8cc887418d7,22aae9da-eeca-41bd-85df-0b831b907f37,1633625093356,13.417311,52.4922879,4.971849,-3.6886353,-6.6780024,-8.116302,on bike mount,cyclo cross,True,sett,intermediate
aec73f87-871e-407c-b499-b32400fdae9d,ceb5cfda-79d5-4671-bf55-c8cc887418d7,e21f462f-3d7f-435e-ab3e-54e78a55df19,1633625093407,13.417311,52.4922879,4.971849,0.31288946,23.957993,-10.861154,on bike mount,cyclo cross,True,sett,intermediate
aec73f87-871e-407c-b499-b32400fdae9d,ceb5cfda-79d5-4671-bf55-c8cc887418d7,3375508f-b35d-4c01-bb97-20f6222016b8,1633625093458,13.417311,52.4922879,4.971849,-7.0321455,1.9754705,-7.309259,on bike mount,cyclo cross,True,sett,intermediate
aec73f87-871e-407c-b499-b32400fdae9d,ceb5cfda-79d5-4671-bf55-c8cc887418d7,c064ceb7-2ff8-4e3d-b20e-600d18efa0e8,1633625093524,13.417311,52.4922879,4.971849,1.0750468,12.36817,-25.036444,on bike mount,cyclo cross,True,sett,intermediate
aec73f87-871e-407c-b499-b32400fdae9d,ceb5cfda-79d5-4671-bf55-c8cc887418d7,a7e71928-3282-42c0-8092-3070c57643f9,1633625093589,13.4173275,52.4923248,4.920104,0.3221467,-10.045603,-0.046834946,on bike mount,cyclo cross,True,sett,intermediate
aec73f87-871e-407c-b499-b32400fdae9d,ceb5cfda-79d5-4671-bf55-c8cc887418d7,aabcdf58-9aa9-4135-9ffa-01b516c4da75,1633625093639,13.4173275,52.4923248,4.920104,3.8647776,-5.486702,2.0456324,on bike mount,cyclo cross,True,sett,intermediate
aec73f87-871e-407c-b499-b32400fdae9d,ceb5cfda-79d5-4671-bf55-c8cc887418d7,16180498-78e2-42e3-990a-2772a2619761,1633625093690,13.4173275,52.4923248,4.920104,-12.723812,28.868532,-7.695345,on bike mount,cyclo cross,True,sett,intermediate
aec73f87-871e-407c-b499-b32400fdae9d,ceb5cfda-79d5-4671-bf55-c8cc887418d7,651b4313-10d4-4917-bd93-4b40968b89e9,1633625093741,13.4173275,52.4923248,4.920104,-6.3288965,6.176112,-15.126286,on bike mount,cyclo cross,True,sett,intermediate
aec73f87-871e-407c-b499-b32400fdae9d,ceb5cfda-79d5-4671-bf55-c8cc887418d7,833f4654-0299-427d-ad3d-5fb27da722b1,1633625093809,13.4173275,52.4923248,4.920104,7.9327,9.348229,-24.185696,on bike mount,cyclo cross,True,sett,intermediate
aec73f87-871e-407c-b499-b32400fdae9d,ceb5cfda-79d5-4671-bf55-c8cc887418d7,c15c387f-ab60-4631-b5ba-6cc4f8104bad,1633625093874,13.4173275,52.4923248,4.920104,-3.9916732,-12.470119,17.504065,on bike mount,cyclo cross,True,sett,intermediate
aec73f87-871e-407c-b499-b32400fdae9d,ceb5cfda-79d5-4671-bf55-c8cc887418d7,a8190ee7-1cda-479b-9d68-8e15d87d40e8,1633625093925,13.4173275,52.4923248,4.920104,-0.7713759,-10.4200115,9.720245,on bike mount,cyclo cross,True,sett,intermediate
aec73f87-871e-407c-b499-b32400fdae9d,ceb5cfda-79d5-4671-bf55-c8cc887418d7,8f52c84f-2933-4593-814f-ff9954c5180c,1633625093975,13.4173275,52.4923248,4.920104,-7.8866425,18.422749,-13.976087,on bike mount,cyclo cross,True,sett,intermediate
aec73f87-871e-407c-b499-b32400fdae9d,ceb5cfda-79d5-4671-bf55-c8cc887418d7,960cd9cd-cd74-40b3-afc4-a2ff3181a146,1633625094026,13.4173275,52.4923248,4.920104,-6.046859,4.958919,-5.3426075,on bike mount,cyclo cross,True,sett,intermediate
aec73f87-871e-407c-b499-b32400fdae9d,ceb5cfda-79d5-4671-bf55-c8cc887418d7,8e3eabc4-d893-49c4-8103-ccb8f078a213,1633625094092,13.4173275,52.4923248,4.920104,1.2359365,-0.2721343,-7.3214426,on bike mount,cyclo cross,True,sett,intermediate
aec73f87-871e-407c-b499-b32400fdae9d,ceb5cfda-79d5-4671-bf55-c8cc887418d7,15c2216d-cc0e-4999-89bb-a1b203a3fec6,1633625094157,13.4173275,52.4923248,4.920104,-0.77737546,-6.913686,6.9912825,on bike mount,cyclo cross,True,sett,intermediate
aec73f87-871e-407c-b499-b32400fdae9d,ceb5cfda-79d5-4671-bf55-c8cc887418d7,218e0e6e-fa80-4a4d-89f1-79970103de9a,1633625094209,13.4173275,52.4923248,4.920104,-2.2760794,3.1640925,-11.474813,on bike mount,cyclo cross,True,sett,intermediate
aec73f87-871e-407c-b499-b32400fdae9d,ceb5cfda-79d5-4671-bf55-c8cc887418d7,47996ba8-e2a0-4b73-864c-c8fc04648543,1633625094276,13.4173275,52.4923248,4.920104,-0.3764897,-11.108125,4.8483963,on bike mount,cyclo cross,True,sett,intermediate
aec73f87-871e-407c-b499-b32400fdae9d,ceb5cfda-79d5-4671-bf55-c8cc887418d7,6d88294b-31cd-46c7-a52e-d6c7822fd69a,1633625094342,13.4173275,52.4923248,4.920104,9.986885,7.3469343,-3.779648,on bike mount,cyclo cross,True,sett,intermediate
aec73f87-871e-407c-b499-b32400fdae9d,ceb5cfda-79d5-4671-bf55-c8cc887418d7,81fd56fc-0a59-40bc-a4ad-b9c45fe11db2,1633625094393,13.4173275,52.4923248,4.920104,2.1131883,-15.2072935,11.196941,on bike mount,cyclo cross,True,sett,intermediate
aec73f87-871e-407c-b499-b32400fdae9d,ceb5cfda-79d5-4671-bf55-c8cc887418d7,1342a48a-5f34-42bb-aec6-d5df42fed6a8,1633625094443,13.4173275,52.4923248,4.920104,7.255046,4.224331,0.46247387,on bike mount,cyclo cross,True,sett,intermediate
aec73f87-871e-407c-b499-b32400fdae9d,ceb5cfda-79d5-4671-bf55-c8cc887418d7,ac02f2fa-2903-4542-a23b-a02dad1e09ec,1633625094493,13.4173275,52.4923248,4.920104,0.021948598,4.2012415,-6.170246,on bike mount,cyclo cross,True,sett,intermediate
aec73f87-871e-407c-b499-b32400fdae9d,ceb5cfda-79d5-4671-bf55-c8cc887418d7,a4b4172c-98e6-4a73-88b8-1b1d7b2437d8,1633625094542,13.4173399,52.4923686,4.9444737,-1.1582358,-23.129349,15.406759,on bike mount,cyclo cross,True,sett,intermediate
aec73f87-871e-407c-b499-b32400fdae9d,ceb5cfda-79d5-4671-bf55-c8cc887418d7,2bca3b45-c84f-4c10-b026-428f9322e8d8,1633625094593,13.4173399,52.4923686,4.9444737,3.8662767,-23.817272,23.456493,on bike mount,cyclo cross,True,sett,intermediate
aec73f87-871e-407c-b499-b32400fdae9d,ceb5cfda-79d5-4671-bf55-c8cc887418d7,00620c81-6834-44a4-8a2a-8112b44b6d44,1633625094658,13.4173399,52.4923686,4.9444737,-7.0216,11.068321,-6.9441943,on bike mount,cyclo cross,True,sett,intermediate
aec73f87-871e-407c-b499-b32400fdae9d,ceb5cfda-79d5-4671-bf55-c8cc887418d7,b506c1af-c3c7-4d75-a9e4-7613f8382259,1633625094709,13.4173399,52.4923686,4.9444737,5.5798974,6.586548,-9.399841,on bike mount,cyclo cross,True,sett,intermediate
aec73f87-871e-407c-b499-b32400fdae9d,ceb5cfda-79d5-4671-bf55-c8cc887418d7,ee0704cb-eacd-4681-a1a9-9be05ef6b35a,1633625094759,13.4173399,52.4923686,4.9444737,5.7710204,-17.749989,17.206831,on bike mount,cyclo cross,True,sett,intermediate
aec73f87-871e-407c-b499-b32400fdae9d,ceb5cfda-79d5-4671-bf55-c8cc887418d7,f9ad7aae-dc45-4bf6-b2b5-50381da1e680,1633625094809,13.4173399,52.4923686,4.9444737,-4.738045,-11.659155,-12.811235,on bike mount,cyclo cross,True,sett,intermediate
aec73f87-871e-407c-b499-b32400fdae9d,ceb5cfda-79d5-4671-bf55-c8cc887418d7,2e115013-d8ee-42c8-817d-95586ca7aebc,1633625094861,13.4173399,52.4923686,4.9444737,1.751575,-4.341534,3.257285,on bike mount,cyclo cross,True,sett,intermediate
aec73f87-871e-407c-b499-b32400fdae9d,ceb5cfda-79d5-4671-bf55-c8cc887418d7,68dee727-0e2d-42fa-8217-66800fb4eb12,1633625094910,13.4173399,52.4923686,4.9444737,-3.209965,-6.7944922,5.714465,on bike mount,cyclo cross,True,sett,intermediate
aec73f87-871e-407c-b499-b32400fdae9d,ceb5cfda-79d5-4671-bf55-c8cc887418d7,0652bc20-a60f-402e-9a07-4aeae16440df,1633625094959,13.4173399,52.4923686,4.9444737,-0.7243846,21.179317,-4.33274,on bike mount,cyclo cross,True,sett,intermediate
aec73f87-871e-407c-b499-b32400fdae9d,ceb5cfda-79d5-4671-bf55-c8cc887418d7,ef5a5b12-730b-4b2a-893e-1859e14eedd2,1633625095011,13.4173399,52.4923686,4.9444737,-0.089264214,-16.026285,19.371618,on bike mount,cyclo cross,True,sett,intermediate
aec73f87-871e-407c-b499-b32400fdae9d,ceb5cfda-79d5-4671-bf55-c8cc887418d7,f683f30a-95fc-42ad-8df3-2204bb98ee6a,1633625095061,13.4173399,52.4923686,4.9444737,-4.550996,-10.907284,12.317341,on bike mount,cyclo cross,True,sett,intermediate
aec73f87-871e-407c-b499-b32400fdae9d,ceb5cfda-79d5-4671-bf55-c8cc887418d7,f555ee33-2bc7-49b4-8fc8-338fe248e8d7,1633625095127,13.4173399,52.4923686,4.9444737,0.9427812,-10.264475,20.320684,on bike mount,cyclo cross,True,sett,intermediate
aec73f87-871e-407c-b499-b32400fdae9d,ceb5cfda-79d5-4671-bf55-c8cc887418d7,d152f077-324f-4506-8114-ff9ec42ae7f5,1633625095193,13.4173399,52.4923686,4.9444737,7.5979505,4.9983697,-2.9755392,on bike mount,cyclo cross,True,sett,intermediate
aec73f87-871e-407c-b499-b32400fdae9d,ceb5cfda-79d5-4671-bf55-c8cc887418d7,c3c08335-0881-4a09-a28f-d7a9adea355c,1633625095244,13.4173399,52.4923686,4.9444737,-4.299606,21.796524,-6.279757,on bike mount,cyclo cross,True,sett,intermediate
aec73f87-871e-407c-b499-b32400fdae9d,ceb5cfda-79d5-4671-bf55-c8cc887418d7,14108470-847c-4f8b-b0a3-f4b47c9a9394,1633625095294,13.4173399,52.4923686,4.9444737,-4.710204,13.287985,-13.053949,on bike mount,cyclo cross,True,sett,intermediate
aec73f87-871e-407c-b499-b32400fdae9d,ceb5cfda-79d5-4671-bf55-c8cc887418d7,0d05fd5b-bd52-44c0-b1ff-c692c93a27d2,1633625095346,13.4173399,52.4923686,4.9444737,-4.1285896,-23.278593,6.7724113,on bike mount,cyclo cross,True,sett,intermediate
aec73f87-871e-407c-b499-b32400fdae9d,ceb5cfda-79d5-4671-bf55-c8cc887418d7,892f1c9b-a0b6-4339-9ded-78438492e130,1633625095411,13.4173399,52.4923686,4.9444737,-6.823043,16.809742,-15.784254,on bike mount,cyclo cross,True,sett,intermediate
aec73f87-871e-407c-b499-b32400fdae9d,ceb5cfda-79d5-4671-bf55-c8cc887418d7,5eab81bc-2720-4529-bbdf-3f9b9b484c83,1633625095478,13.4173399,52.4923686,4.9444737,1.3810883,6.3624773,-18.231205,on bike mount,cyclo cross,True,sett,intermediate
aec73f87-871e-407c-b499-b32400fdae9d,ceb5cfda-79d5-4671-bf55-c8cc887418d7,72c1795d-3534-429a-92ea-8e3973dc93f2,1633625095544,13.4173399,52.4923686,4.9444737,1.560739,-5.3486633,6.2807713,on bike mount,cyclo cross,True,sett,intermediate
aec73f87-871e-407c-b499-b32400fdae9d,ceb5cfda-79d5-4671-bf55-c8cc887418d7,c6914d97-f91e-4491-bf90-07e41fa71e47,1633625095594,13.4173588,52.4924137,5.0175405,-3.156803,0.06567049,-14.115194,on bike mount,cyclo cross,True,sett,intermediate
aec73f87-871e-407c-b499-b32400fdae9d,ceb5cfda-79d5-4671-bf55-c8cc887418d7,03107fe9-a282-41f5-b0f1-3ad212a63671,1633625095644,13.4173588,52.4924137,5.0175405,2.1262639,3.5695648,-1.6284571,on bike mount,cyclo cross,True,sett,intermediate
aec73f87-871e-407c-b499-b32400fdae9d,ceb5cfda-79d5-4671-bf55-c8cc887418d7,b188b1b9-ce68-4586-ab9e-c26983002583,1633625095695,13.4173588,52.4924137,5.0175405,-2.342579,1.67313,19.871021,on bike mount,cyclo cross,True,sett,intermediate
aec73f87-871e-407c-b499-b32400fdae9d,ceb5cfda-79d5-4671-bf55-c8cc887418d7,c9bf818f-9507-42f0-b1cd-9efbc35ebd1d,1633625095761,13.4173588,52.4924137,5.0175405,-2.7253556,32.614956,-0.3392973,on bike mount,cyclo cross,True,sett,intermediate
aec73f87-871e-407c-b499-b32400fdae9d,ceb5cfda-79d5-4671-bf55-c8cc887418d7,35aabb00-6c83-4f16-ad59-368328c7ee0d,1633625095812,13.4173588,52.4924137,5.0175405,-1.4980135,-6.9515443,19.627735,on bike mount,cyclo cross,True,sett,intermediate
aec73f87-871e-407c-b499-b32400fdae9d,ceb5cfda-79d5-4671-bf55-c8cc887418d7,eb6fc00c-5265-43a8-a831-9ae7c8cd400c,1633625095863,13.4173588,52.4924137,5.0175405,-2.7893984,-15.757381,1.3603153,on bike mount,cyclo cross,True,sett,intermediate
aec73f87-871e-407c-b499-b32400fdae9d,ceb5cfda-79d5-4671-bf55-c8cc887418d7,b0be5945-7b5e-48d9-afe0-f9c19f6186d9,1633625095928,13.4173588,52.4924137,5.0175405,-0.045730494,-5.1197815,11.146793,on bike mount,cyclo cross,True,sett,intermediate
aec73f87-871e-407c-b499-b32400fdae9d,ceb5cfda-79d5-4671-bf55-c8cc887418d7,6c0d76af-fa4f-4e0e-9370-66333e20c46f,1633625095978,13.4173588,52.4924137,5.0175405,-6.2141786,-15.261857,2.3025599,on bike mount,cyclo cross,True,sett,intermediate
aec73f87-871e-407c-b499-b32400fdae9d,ceb5cfda-79d5-4671-bf55-c8cc887418d7,5d994366-3d4e-4e73-9545-9f135aceb8cb,1633625096029,13.4173588,52.4924137,5.0175405,-0.037684277,0.7690277,-6.391858,on bike mount,cyclo cross,True,sett,intermediate
aec73f87-871e-407c-b499-b32400fdae9d,ceb5cfda-79d5-4671-bf55-c8cc887418d7,bfe31273-7478-48a8-8f92-92e9dc3a034a,1633625096080,13.4173588,52.4924137,5.0175405,3.3457212,-1.181819,11.002972,on bike mount,cyclo cross,True,sett,intermediate
aec73f87-871e-407c-b499-b32400fdae9d,ceb5cfda-79d5-4671-bf55-c8cc887418d7,55129627-524a-4aee-b37e-797abbc4e659,1633625096130,13.4173588,52.4924137,5.0175405,-0.47629684,-14.977068,18.43201,on bike mount,cyclo cross,True,sett,intermediate
aec73f87-871e-407c-b499-b32400fdae9d,ceb5cfda-79d5-4671-bf55-c8cc887418d7,1a9006c6-1169-482f-a17e-8805b806b447,1633625096180,13.4173588,52.4924137,5.0175405,0.7502682,19.566689,-7.9598665,on bike mount,cyclo cross,True,sett,intermediate
aec73f87-871e-407c-b499-b32400fdae9d,ceb5cfda-79d5-4671-bf55-c8cc887418d7,6bb46ebe-5573-43f7-97e6-59ddfe078d2c,1633625096248,13.4173588,52.4924137,5.0175405,11.018629,-11.5849,-9.037743,on bike mount,cyclo cross,True,sett,intermediate
aec73f87-871e-407c-b499-b32400fdae9d,ceb5cfda-79d5-4671-bf55-c8cc887418d7,e7c698bd-723f-408d-9c49-3568ae11c7d8,1633625096313,13.4173588,52.4924137,5.0175405,-5.7607036,6.252178,-6.1200805,on bike mount,cyclo cross,True,sett,intermediate
aec73f87-871e-407c-b499-b32400fdae9d,ceb5cfda-79d5-4671-bf55-c8cc887418d7,0b1161ff-8061-4a3b-a566-1e0d0dbe8202,1633625096363,13.4173588,52.4924137,5.0175405,2.72612,-9.634171,24.893454,on bike mount,cyclo cross,True,sett,intermediate
aec73f87-871e-407c-b499-b32400fdae9d,ceb5cfda-79d5-4671-bf55-c8cc887418d7,7a8084f6-8458-47f4-88d4-c3d8532038f2,1633625096414,13.4173588,52.4924137,5.0175405,4.6259003,30.975338,-14.0059595,on bike mount,cyclo cross,True,sett,intermediate
aec73f87-871e-407c-b499-b32400fdae9d,ceb5cfda-79d5-4671-bf55-c8cc887418d7,0e3c77f7-51ca-42d1-be61-724773c59396,1633625096464,13.4173588,52.4924137,5.0175405,-2.6642218,16.42742,-7.2487054,on bike mount,cyclo cross,True,sett,intermediate
aec73f87-871e-407c-b499-b32400fdae9d,ceb5cfda-79d5-4671-bf55-c8cc887418d7,6f31fdc1-d16a-416d-b6e9-6c0cb961e522,1633625096531,13.4173588,52.4924137,5.0175405,4.2066693,-6.744258,5.4662113,on bike mount,cyclo cross,True,sett,intermediate
aec73f87-871e-407c-b499-b32400fdae9d,ceb5cfda-79d5-4671-bf55-c8cc887418d7,6c71c3ca-6ac3-4767-bf2a-36933c854379,1633625096583,13.4174,52.4924608,5.028153,3.7177014,6.9626546,-6.1591563,on bike mount,cyclo cross,True,sett,intermediate
aec73f87-871e-407c-b499-b32400fdae9d,ceb5cfda-79d5-4671-bf55-c8cc887418d7,b3ee1505-14c8-4250-a53b-3a771a670d96,1633625096647,13.4174,52.4924608,5.028153,5.1262317,-14.970587,14.683513,on bike mount,cyclo cross,True,sett,intermediate
aec73f87-871e-407c-b499-b32400fdae9d,ceb5cfda-79d5-4671-bf55-c8cc887418d7,e24adeae-4743-4707-b153-fd7a8a794083,1633625096714,13.4174,52.4924608,5.028153,-0.29353592,6.590266,6.4224186,on bike mount,cyclo cross,True,sett,intermediate
aec73f87-871e-407c-b499-b32400fdae9d,ceb5cfda-79d5-4671-bf55-c8cc887418d7,20c140a2-6769-47b5-87e3-3e91062b19ff,1633625096765,13.4174,52.4924608,5.028153,-5.0379934,-17.196297,20.0654,on bike mount,cyclo cross,True,sett,intermediate
aec73f87-871e-407c-b499-b32400fdae9d,ceb5cfda-79d5-4671-bf55-c8cc887418d7,c482c870-c46b-48e5-9fee-302d75482fa3,1633625096830,13.4174,52.4924608,5.028153,0.35027403,-0.7343154,0.45370007,on bike mount,cyclo cross,True,sett,intermediate
aec73f87-871e-407c-b499-b32400fdae9d,ceb5cfda-79d5-4671-bf55-c8cc887418d7,0982fdd0-bc86-40eb-9b4b-de6e7a1ac45b,1633625096881,13.4174,52.4924608,5.028153,-0.58563817,-1.0442259,19.834236,on bike mount,cyclo cross,True,sett,intermediate
aec73f87-871e-407c-b499-b32400fdae9d,ceb5cfda-79d5-4671-bf55-c8cc887418d7,0b082b67-7981-4f33-ba2a-8249022da3ba,1633625096932,13.4174,52.4924608,5.028153,-2.1384485,-5.0751486,-0.61563206,on bike mount,cyclo cross,True,sett,intermediate
aec73f87-871e-407c-b499-b32400fdae9d,ceb5cfda-79d5-4671-bf55-c8cc887418d7,97d6e203-bb16-42d7-8f90-9ddc47b3e545,1633625096997,13.4174,52.4924608,5.028153,0.075363696,5.825323,-9.166608,on bike mount,cyclo cross,True,sett,intermediate
aec73f87-871e-407c-b499-b32400fdae9d,ceb5cfda-79d5-4671-bf55-c8cc887418d7,f3f353c2-76aa-46bb-9b71-b2c3688c0eed,1633625097048,13.4174,52.4924608,5.028153,-1.7710617,-9.057778,1.3072968,on bike mount,cyclo cross,True,sett,intermediate
aec73f87-871e-407c-b499-b32400fdae9d,ceb5cfda-79d5-4671-bf55-c8cc887418d7,4cf78ed6-c895-428c-adaa-88762da0e3f6,1633625097099,13.4174,52.4924608,5.028153,-0.25079322,-5.4626703,-0.28195095,on bike mount,cyclo cross,True,sett,intermediate
aec73f87-871e-407c-b499-b32400fdae9d,ceb5cfda-79d5-4671-bf55-c8cc887418d7,6903d0ec-9e81-4fd5-93ec-762344d6791c,1633625097148,13.4174,52.4924608,5.028153,-0.2352714,10.980986,-25.925104,on bike mount,cyclo cross,True,sett,intermediate
aec73f87-871e-407c-b499-b32400fdae9d,ceb5cfda-79d5-4671-bf55-c8cc887418d7,ee4ba83f-e70a-4aa9-9cbd-4a34ab14c2db,1633625097199,13.4174,52.4924608,5.028153,3.7353945,3.8461504,14.977917,on bike mount,cyclo cross,True,sett,intermediate
aec73f87-871e-407c-b499-b32400fdae9d,ceb5cfda-79d5-4671-bf55-c8cc887418d7,bd84560e-87b6-4309-8be6-b4891b9c2c72,1633625097250,13.4174,52.4924608,5.028153,0.8996853,4.2594194,-13.465534,on bike mount,cyclo cross,True,sett,intermediate
aec73f87-871e-407c-b499-b32400fdae9d,ceb5cfda-79d5-4671-bf55-c8cc887418d7,13e700df-3565-4f79-94a7-dad7116ce99f,1633625097315,13.4174,52.4924608,5.028153,1.3859348,-5.4062614,6.2599144,on bike mount,cyclo cross,True,sett,intermediate
aec73f87-871e-407c-b499-b32400fdae9d,ceb5cfda-79d5-4671-bf55-c8cc887418d7,106294db-0850-4366-b0e2-d7fbd81aea00,1633625097366,13.4174,52.4924608,5.028153,2.4969816,-5.4623513,2.4834585,on bike mount,cyclo cross,True,sett,intermediate
aec73f87-871e-407c-b499-b32400fdae9d,ceb5cfda-79d5-4671-bf55-c8cc887418d7,dabe6f48-58ab-41f6-906c-6a99c28834f5,1633625097416,13.4174,52.4924608,5.028153,10.9544735,-21.962357,-11.933371,on bike mount,cyclo cross,True,sett,intermediate
aec73f87-871e-407c-b499-b32400fdae9d,ceb5cfda-79d5-4671-bf55-c8cc887418d7,c1844fd9-86d1-4fb2-a0ea-941afe920852,1633625097467,13.4174,52.4924608,5.028153,13.956053,-10.6583395,12.213139,on bike mount,cyclo cross,True,sett,intermediate
aec73f87-871e-407c-b499-b32400fdae9d,ceb5cfda-79d5-4671-bf55-c8cc887418d7,9076bf29-95a0-4a29-9a5b-d0f9323bebb5,1633625097516,13.4174,52.4924608,5.028153,4.023879,-2.1690512,14.159407,on bike mount,cyclo cross,True,sett,intermediate
aec73f87-871e-407c-b499-b32400fdae9d,ceb5cfda-79d5-4671-bf55-c8cc887418d7,e318d4e4-945a-47ef-8782-91dfa84f426f,1633625097566,13.4174361,52.4925116,5.074478,4.06051,12.198209,6.96873,on bike mount,cyclo cross,True,sett,intermediate
aec73f87-871e-407c-b499-b32400fdae9d,ceb5cfda-79d5-4671-bf55-c8cc887418d7,cd661d06-1810-4fb3-bf4f-e3fe91746c73,1633625097615,13.4174361,52.4925116,5.074478,-2.1813674,0.82628965,-1.4377117,on bike mount,cyclo cross,True,sett,intermediate
aec73f87-871e-407c-b499-b32400fdae9d,ceb5cfda-79d5-4671-bf55-c8cc887418d7,bf0d0c07-f595-456b-be15-6416bc2322ad,1633625097666,13.4174361,52.4925116,5.074478,0.39416736,1.8979297,-13.070468,on bike mount,cyclo cross,True,sett,intermediate
aec73f87-871e-407c-b499-b32400fdae9d,ceb5cfda-79d5-4671-bf55-c8cc887418d7,429e53bc-a9bb-4015-bbf2-2020591962a4,1633625097716,13.4174361,52.4925116,5.074478,0.13648379,-2.578412,-5.8096476,on bike mount,cyclo cross,True,sett,intermediate
aec73f87-871e-407c-b499-b32400fdae9d,ceb5cfda-79d5-4671-bf55-c8cc887418d7,5abbb388-9e39-43e9-a800-c3ab89131653,1633625097767,13.4174361,52.4925116,5.074478,2.4835718,2.4134512,-2.0135465,on bike mount,cyclo cross,True,sett,intermediate
aec73f87-871e-407c-b499-b32400fdae9d,ceb5cfda-79d5-4671-bf55-c8cc887418d7,0ec7fdfd-e9b7-4826-bc3e-df9ed8c2fe8e,1633625097834,13.4174361,52.4925116,5.074478,-4.629445,13.814986,29.691986,on bike mount,cyclo cross,True,sett,intermediate
aec73f87-871e-407c-b499-b32400fdae9d,ceb5cfda-79d5-4671-bf55-c8cc887418d7,0c2859e7-f3fa-42ac-967c-8c5efa935f06,1633625097884,13.4174361,52.4925116,5.074478,-2.3720334,7.86746,-6.396848,on bike mount,cyclo cross,True,sett,intermediate
aec73f87-871e-407c-b499-b32400fdae9d,ceb5cfda-79d5-4671-bf55-c8cc887418d7,f2a34d74-0d1d-4d97-bc43-a531999710fb,1633625097951,13.4174361,52.4925116,5.074478,1.9042982,-17.82345,21.350243,on bike mount,cyclo cross,True,sett,intermediate
aec73f87-871e-407c-b499-b32400fdae9d,ceb5cfda-79d5-4671-bf55-c8cc887418d7,60665c15-2ae5-4366-9ec8-97b0bb479c46,1633625098002,13.4174361,52.4925116,5.074478,-1.5286679,65.47008,6.302889,on bike mount,cyclo cross,True,sett,intermediate
aec73f87-871e-407c-b499-b32400fdae9d,ceb5cfda-79d5-4671-bf55-c8cc887418d7,c163a937-67fb-4afc-a80a-de6d2ca2f7b2,1633625098067,13.4174361,52.4925116,5.074478,-0.68655354,-14.602083,23.981056,on bike mount,cyclo cross,True,sett,intermediate
aec73f87-871e-407c-b499-b32400fdae9d,ceb5cfda-79d5-4671-bf55-c8cc887418d7,20ad9395-fbe2-4a44-9fe4-3aa250fe25f8,1633625098117,13.4174361,52.4925116,5.074478,-1.9829223,-13.412279,9.485931,on bike mount,cyclo cross,True,sett,intermediate
aec73f87-871e-407c-b499-b32400fdae9d,ceb5cfda-79d5-4671-bf55-c8cc887418d7,52431ec1-1c44-4e57-9bd7-1e2c38cf9d9d,1633625098183,13.4174361,52.4925116,5.074478,5.937494,8.879038,-7.833537,on bike mount,cyclo cross,True,sett,intermediate
aec73f87-871e-407c-b499-b32400fdae9d,ceb5cfda-79d5-4671-bf55-c8cc887418d7,52384ced-2fd2-4073-b3c3-4ad31f1776a2,1633625098235,13.4174361,52.4925116,5.074478,3.5848076,22.406374,-15.70244,on bike mount,cyclo cross,True,sett,intermediate
aec73f87-871e-407c-b499-b32400fdae9d,ceb5cfda-79d5-4671-bf55-c8cc887418d7,f2204e0d-27b1-4ad8-a54e-acdb528cbdd3,1633625098300,13.4174361,52.4925116,5.074478,-0.36648348,8.552682,-9.160302,on bike mount,cyclo cross,True,sett,intermediate
aec73f87-871e-407c-b499-b32400fdae9d,ceb5cfda-79d5-4671-bf55-c8cc887418d7,a2f9a4b8-777b-4a05-ad78-9e35d72154fa,1633625098351,13.4174361,52.4925116,5.074478,-0.011967562,18.28133,-10.091486,on bike mount,cyclo cross,True,sett,intermediate
aec73f87-871e-407c-b499-b32400fdae9d,ceb5cfda-79d5-4671-bf55-c8cc887418d7,21d351ff-225d-4541-bd26-d233436b6812,1633625098402,13.4174361,52.4925116,5.074478,-3.1502995,15.283667,12.534889,on bike mount,cyclo cross,True,sett,intermediate
aec73f87-871e-407c-b499-b32400fdae9d,ceb5cfda-79d5-4671-bf55-c8cc887418d7,d7bf3e46-72d6-43c6-9160-fc2fde9f5001,1633625098467,13.4174361,52.4925116,5.074478,-1.7801478,10.3876095,-8.392157,on bike mount,cyclo cross,True,sett,intermediate
aec73f87-871e-407c-b499-b32400fdae9d,ceb5cfda-79d5-4671-bf55-c8cc887418d7,a99bd06a-e7e7-4e6d-9b10-5b49f18123da,1633625098517,13.4174361,52.4925116,5.074478,-8.955319,7.662689,-2.7842598,on bike mount,cyclo cross,True,sett,intermediate
aec73f87-871e-407c-b499-b32400fdae9d,ceb5cfda-79d5-4671-bf55-c8cc887418d7,0572a4dd-c681-416c-9954-bb8ffc7b9753,1633625098568,13.4174712,52.4925599,5.102133,-2.9534504,35.800888,-13.26632,on bike mount,cyclo cross,True,sett,intermediate
aec73f87-871e-407c-b499-b32400fdae9d,ceb5cfda-79d5-4671-bf55-c8cc887418d7,9733afce-6d47-49f3-a402-6d672e4f07fb,1633625098618,13.4174712,52.4925599,5.102133,-9.957433,14.234203,-4.2522783,on bike mount,cyclo cross,True,sett,intermediate
aec73f87-871e-407c-b499-b32400fdae9d,ceb5cfda-79d5-4671-bf55-c8cc887418d7,e3aae885-8e74-498d-a058-1dad34329c0b,1633625098668,13.4174712,52.4925599,5.102133,1.9320798,5.6920505,3.0684643,on bike mount,cyclo cross,True,sett,intermediate
aec73f87-871e-407c-b499-b32400fdae9d,ceb5cfda-79d5-4671-bf55-c8cc887418d7,11a176a8-c94b-4301-a1e9-b3cf19332bc8,1633625098718,13.4174712,52.4925599,5.102133,-0.431289,-10.923152,11.178213,on bike mount,cyclo cross,True,sett,intermediate
aec73f87-871e-407c-b499-b32400fdae9d,ceb5cfda-79d5-4671-bf55-c8cc887418d7,14470deb-a4d4-46b6-bf19-75356ee209eb,1633625098768,13.4174712,52.4925599,5.102133,1.6997199,-23.215967,-0.6341758,on bike mount,cyclo cross,True,sett,intermediate
aec73f87-871e-407c-b499-b32400fdae9d,ceb5cfda-79d5-4671-bf55-c8cc887418d7,6329db70-1b0b-40bc-b19b-843da8a4ae09,1633625098819,13.4174712,52.4925599,5.102133,0.893546,-7.0806875,8.771801,on bike mount,cyclo cross,True,sett,intermediate
aec73f87-871e-407c-b499-b32400fdae9d,ceb5cfda-79d5-4671-bf55-c8cc887418d7,0436b5c7-d2bd-434d-ae33-b39b447d43a7,1633625098885,13.4174712,52.4925599,5.102133,0.5266193,6.8303432,19.732965,on bike mount,cyclo cross,True,sett,intermediate
aec73f87-871e-407c-b499-b32400fdae9d,ceb5cfda-79d5-4671-bf55-c8cc887418d7,c3b8ba76-2479-4fd3-a6bd-2fb120869a94,1633625098936,13.4174712,52.4925599,5.102133,-5.6915574,-42.771404,42.81942,on bike mount,cyclo cross,True,sett,intermediate
aec73f87-871e-407c-b499-b32400fdae9d,ceb5cfda-79d5-4671-bf55-c8cc887418d7,acfbe8ba-fb04-4cf7-a4f4-729993add19b,1633625098986,13.4174712,52.4925599,5.102133,-5.4248495,-18.407688,14.666986,on bike mount,cyclo cross,True,sett,intermediate
aec73f87-871e-407c-b499-b32400fdae9d,ceb5cfda-79d5-4671-bf55-c8cc887418d7,d23eaf89-13a0-4303-8525-393e2f216e80,1633625099036,13.4174712,52.4925599,5.102133,0.15425348,-13.305716,17.260733,on bike mount,cyclo cross,True,sett,intermediate
aec73f87-871e-407c-b499-b32400fdae9d,ceb5cfda-79d5-4671-bf55-c8cc887418d7,a34486d4-8448-4cc2-adb2-18121ff9be74,1633625099103,13.4174712,52.4925599,5.102133,-0.4237892,-18.157204,22.736202,on bike mount,cyclo cross,True,sett,intermediate
aec73f87-871e-407c-b499-b32400fdae9d,ceb5cfda-79d5-4671-bf55-c8cc887418d7,e078efd4-ac57-420c-a5ac-6e76fb00fa8b,1633625099153,13.4174712,52.4925599,5.102133,-1.2171428,-17.792591,20.652935,on bike mount,cyclo cross,True,sett,intermediate
aec73f87-871e-407c-b499-b32400fdae9d,ceb5cfda-79d5-4671-bf55-c8cc887418d7,04055fa2-7453-44b0-b1aa-31e629437a9f,1633625099204,13.4174712,52.4925599,5.102133,-0.18048823,-9.701755,23.54702,on bike mount,cyclo cross,True,sett,intermediate
aec73f87-871e-407c-b499-b32400fdae9d,ceb5cfda-79d5-4671-bf55-c8cc887418d7,4900995e-4c2e-4832-8aae-faa6d5d46751,1633625099269,13.4174712,52.4925599,5.102133,1.8073885,16.019043,-17.236408,on bike mount,cyclo cross,True,sett,intermediate
aec73f87-871e-407c-b499-b32400fdae9d,ceb5cfda-79d5-4671-bf55-c8cc887418d7,5d797003-f757-468f-ab58-3635d612afb6,1633625099319,13.4174712,52.4925599,5.102133,-2.7078047,-18.836515,10.24535,on bike mount,cyclo cross,True,sett,intermediate
aec73f87-871e-407c-b499-b32400fdae9d,ceb5cfda-79d5-4671-bf55-c8cc887418d7,60ee04b0-6c8b-4e21-8132-0e2fd521e63d,1633625099371,13.4174712,52.4925599,5.102133,-1.0269833,-0.99732995,12.744322,on bike mount,cyclo cross,True,sett,intermediate
aec73f87-871e-407c-b499-b32400fdae9d,ceb5cfda-79d5-4671-bf55-c8cc887418d7,b8128fc5-11d6-4367-91a5-3765d268a587,1633625099421,13.4174712,52.4925599,5.102133,-3.500868,8.412453,5.423171,on bike mount,cyclo cross,True,sett,intermediate
aec73f87-871e-407c-b499-b32400fdae9d,ceb5cfda-79d5-4671-bf55-c8cc887418d7,a14c121e-b29b-4c1b-b1c5-acce5e3bb3a7,1633625099471,13.4174712,52.4925599,5.102133,-1.7436571,-6.4698505,3.9129848,on bike mount,cyclo cross,True,sett,intermediate
aec73f87-871e-407c-b499-b32400fdae9d,ceb5cfda-79d5-4671-bf55-c8cc887418d7,9acd71b4-652b-47bf-9356-81ddd7a345a7,1633625099521,13.4174712,52.4925599,5.102133,-1.8247491,-6.1068554,-5.4640117,on bike mount,cyclo cross,True,sett,intermediate
aec73f87-871e-407c-b499-b32400fdae9d,ceb5cfda-79d5-4671-bf55-c8cc887418d7,9611c813-48f9-4805-82c6-41e68d42f89d,1633625099573,13.4174838,52.4925974,5.0610723,-5.225118,-20.005058,6.826522,on bike mount,cyclo cross,True,sett,intermediate
aec73f87-871e-407c-b499-b32400fdae9d,ceb5cfda-79d5-4671-bf55-c8cc887418d7,13573065-e0b4-427f-9fee-e5b97e21ad31,1633625099636,13.4174838,52.4925974,5.0610723,1.5698704,1.5142603,1.8366814,on bike mount,cyclo cross,True,sett,intermediate
aec73f87-871e-407c-b499-b32400fdae9d,ceb5cfda-79d5-4671-bf55-c8cc887418d7,dcd0c1d6-623f-4da3-9b2d-74377dbcf73c,1633625099688,13.4174838,52.4925974,5.0610723,0.3140043,8.251738,-5.375202,on bike mount,cyclo cross,True,sett,intermediate
aec73f87-871e-407c-b499-b32400fdae9d,ceb5cfda-79d5-4671-bf55-c8cc887418d7,83701518-218a-4b01-81d0-d13ed75d47e7,1633625099738,13.4174838,52.4925974,5.0610723,0.84413666,2.0969033,-9.432453,on bike mount,cyclo cross,True,sett,intermediate
aec73f87-871e-407c-b499-b32400fdae9d,ceb5cfda-79d5-4671-bf55-c8cc887418d7,9e820340-7c8d-4ceb-8724-2b38f5c4f137,1633625099789,13.4174838,52.4925974,5.0610723,-1.2896566,4.9617577,-11.866501,on bike mount,cyclo cross,True,sett,intermediate
aec73f87-871e-407c-b499-b32400fdae9d,ceb5cfda-79d5-4671-bf55-c8cc887418d7,2015baaf-c36a-4c21-be79-188aac522799,1633625099853,13.4174838,52.4925974,5.0610723,1.2994305,-16.931122,12.063286,on bike mount,cyclo cross,True,sett,intermediate
aec73f87-871e-407c-b499-b32400fdae9d,ceb5cfda-79d5-4671-bf55-c8cc887418d7,0b03ce6e-a2fb-4f4b-8afe-0656503d57f1,1633625099904,13.4174838,52.4925974,5.0610723,-0.8522468,4.4356217,-15.6299,on bike mount,cyclo cross,True,sett,intermediate
aec73f87-871e-407c-b499-b32400fdae9d,ceb5cfda-79d5-4671-bf55-c8cc887418d7,704c4afd-fc42-4bcf-9c70-2c0cb9cfd841,1633625099953,13.4174838,52.4925974,5.0610723,0.8972584,15.747597,-1.32409,on bike mount,cyclo cross,True,sett,intermediate
aec73f87-871e-407c-b499-b32400fdae9d,ceb5cfda-79d5-4671-bf55-c8cc887418d7,ed9db263-65f8-40ce-a627-aee78f4771b5,1633625100004,13.4174838,52.4925974,5.0610723,1.4861808,7.170656,7.921673,on bike mount,cyclo cross,True,sett,intermediate
aec73f87-871e-407c-b499-b32400fdae9d,ceb5cfda-79d5-4671-bf55-c8cc887418d7,5f28d45b-f73d-4f41-b591-8b2eb08f8150,1633625100055,13.4174838,52.4925974,5.0610723,0.03043807,8.73138,3.8145952,on bike mount,cyclo cross,True,sett,intermediate
aec73f87-871e-407c-b499-b32400fdae9d,ceb5cfda-79d5-4671-bf55-c8cc887418d7,acfe5618-1115-4b4d-a7a7-c139c54dcc86,1633625100106,13.4174838,52.4925974,5.0610723,-2.2573633,-4.884391,10.829325,on bike mount,cyclo cross,True,sett,intermediate
aec73f87-871e-407c-b499-b32400fdae9d,ceb5cfda-79d5-4671-bf55-c8cc887418d7,f3db2318-aa36-4369-b7a6-cbec08455063,1633625100173,13.4174838,52.4925974,5.0610723,-0.91369796,7.6113043,6.7630844,on bike mount,cyclo cross,True,sett,intermediate
aec73f87-871e-407c-b499-b32400fdae9d,ceb5cfda-79d5-4671-bf55-c8cc887418d7,19b4c047-da20-4487-81ad-ba6720777d25,1633625100223,13.4174838,52.4925974,5.0610723,2.7415776,-1.8256994,4.691065,on bike mount,cyclo cross,True,sett,intermediate
aec73f87-871e-407c-b499-b32400fdae9d,ceb5cfda-79d5-4671-bf55-c8cc887418d7,c7b92be1-f0a9-4b0c-a11c-10cec5666c5d,1633625100289,13.4174838,52.4925974,5.0610723,-0.8666061,-3.9808338,-6.2772946,on bike mount,cyclo cross,True,sett,intermediate
aec73f87-871e-407c-b499-b32400fdae9d,ceb5cfda-79d5-4671-bf55-c8cc887418d7,e0649ff3-095e-4370-9e9c-d041901cc9d6,1633625100339,13.4174838,52.4925974,5.0610723,1.2895892,-15.765447,-2.595272,on bike mount,cyclo cross,True,sett,intermediate
aec73f87-871e-407c-b499-b32400fdae9d,ceb5cfda-79d5-4671-bf55-c8cc887418d7,23c67f49-3120-44e0-8c61-4e6eafca3f14,1633625100389,13.4174838,52.4925974,5.0610723,1.4699543,-3.870436,-2.3042212,on bike mount,cyclo cross,True,sett,intermediate
aec73f87-871e-407c-b499-b32400fdae9d,ceb5cfda-79d5-4671-bf55-c8cc887418d7,6d603c2e-bfe8-4178-8856-1b14ca94b01a,1633625100456,13.4174838,52.4925974,5.0610723,1.7999918,-17.966787,14.786598,on bike mount,cyclo cross,True,sett,intermediate
aec73f87-871e-407c-b499-b32400fdae9d,ceb5cfda-79d5-4671-bf55-c8cc887418d7,b191af67-0a9a-46fb-9a58-8f254280a4a0,1633625100506,13.4174838,52.4925974,5.0610723,2.6316807,12.223381,4.146447,on bike mount,cyclo cross,True,sett,intermediate
aec73f87-871e-407c-b499-b32400fdae9d,ceb5cfda-79d5-4671-bf55-c8cc887418d7,6903b986-045e-4bb5-86d5-e46bc7b9bc94,1633625100572,13.4175,52.4926292,5.020554,-1.7138882,-7.506119,5.328226,on bike mount,cyclo cross,True,sett,intermediate
aec73f87-871e-407c-b499-b32400fdae9d,ceb5cfda-79d5-4671-bf55-c8cc887418d7,5712ed45-2a07-42e6-a0d4-a5583506f7df,1633625100623,13.4175,52.4926292,5.020554,-2.6730568,-16.577614,5.7936172,on bike mount,cyclo cross,True,sett,intermediate
aec73f87-871e-407c-b499-b32400fdae9d,ceb5cfda-79d5-4671-bf55-c8cc887418d7,95cafe11-cdb0-444b-a227-d61058257afd,1633625100690,13.4175,52.4926292,5.020554,-0.3221841,9.80883,-3.676973,on bike mount,cyclo cross,True,sett,intermediate
aec73f87-871e-407c-b499-b32400fdae9d,ceb5cfda-79d5-4671-bf55-c8cc887418d7,25489337-2950-4029-ad89-eae7bc0e8845,1633625100739,13.4175,52.4926292,5.020554,2.893671,0.6383836,-0.12021446,on bike mount,cyclo cross,True,sett,intermediate
aec73f87-871e-407c-b499-b32400fdae9d,ceb5cfda-79d5-4671-bf55-c8cc887418d7,9c51d63e-66b9-4000-8781-66cf55451025,1633625100789,13.4175,52.4926292,5.020554,1.6212094,8.087793,-8.627193,on bike mount,cyclo cross,True,sett,intermediate
aec73f87-871e-407c-b499-b32400fdae9d,ceb5cfda-79d5-4671-bf55-c8cc887418d7,7fa7b945-7057-4640-b6ad-39b396a61747,1633625100839,13.4175,52.4926292,5.020554,-1.0636941,-4.2354794,5.763917,on bike mount,cyclo cross,True,sett,intermediate
aec73f87-871e-407c-b499-b32400fdae9d,ceb5cfda-79d5-4671-bf55-c8cc887418d7,cc917bc9-507b-4ed2-8d6b-7aaa3cc1b817,1633625100889,13.4175,52.4926292,5.020554,-0.40236473,-1.6155603,-9.415099,on bike mount,cyclo cross,True,sett,intermediate
aec73f87-871e-407c-b499-b32400fdae9d,ceb5cfda-79d5-4671-bf55-c8cc887418d7,1c4c6852-ff33-4fc5-924f-76f54bc0a36b,1633625100939,13.4175,52.4926292,5.020554,-0.5783117,-5.5645695,-7.1493893,on bike mount,cyclo cross,True,sett,intermediate
aec73f87-871e-407c-b499-b32400fdae9d,ceb5cfda-79d5-4671-bf55-c8cc887418d7,301f9ee7-b54a-479d-8dd2-be899dccad9c,1633625100989,13.4175,52.4926292,5.020554,-4.7025733,0.39966774,7.293498,on bike mount,cyclo cross,True,sett,intermediate
aec73f87-871e-407c-b499-b32400fdae9d,ceb5cfda-79d5-4671-bf55-c8cc887418d7,41777ae8-6a1a-45f0-8560-44e92017d992,1633625101040,13.4175,52.4926292,5.020554,-1.1494825,-5.405036,-0.6464758,on bike mount,cyclo cross,True,sett,intermediate
aec73f87-871e-407c-b499-b32400fdae9d,ceb5cfda-79d5-4671-bf55-c8cc887418d7,8eb3b42c-ff74-4a68-85a7-8e97a07376ef,1633625101091,13.4175,52.4926292,5.020554,2.8267863,-16.708136,8.59123,on bike mount,cyclo cross,True,sett,intermediate
aec73f87-871e-407c-b499-b32400fdae9d,ceb5cfda-79d5-4671-bf55-c8cc887418d7,53ba66b3-2e78-47bd-9053-6993a560cadf,1633625101141,13.4175,52.4926292,5.020554,0.023353338,-11.460676,3.7268,on bike mount,cyclo cross,True,sett,intermediate
aec73f87-871e-407c-b499-b32400fdae9d,ceb5cfda-79d5-4671-bf55-c8cc887418d7,21d74dca-40b3-4412-b7df-06e442219306,1633625101192,13.4175,52.4926292,5.020554,-3.7886634,-8.832146,0.46365452,on bike mount,cyclo cross,True,sett,intermediate
aec73f87-871e-407c-b499-b32400fdae9d,ceb5cfda-79d5-4671-bf55-c8cc887418d7,98109ccd-1523-4c36-86d4-9cb2beb495e0,1633625101258,13.4175,52.4926292,5.020554,0.3471917,-6.091012,-0.727437,on bike mount,cyclo cross,True,sett,intermediate
aec73f87-871e-407c-b499-b32400fdae9d,ceb5cfda-79d5-4671-bf55-c8cc887418d7,ecdc5dc1-5718-48ac-9ca5-9ee61ff72c18,1633625101308,13.4175,52.4926292,5.020554,-5.8898954,12.406184,-2.3262095,on bike mount,cyclo cross,True,sett,intermediate
aec73f87-871e-407c-b499-b32400fdae9d,ceb5cfda-79d5-4671-bf55-c8cc887418d7,a6172267-2830-4bac-8d1d-482f845c8b8c,1633625101359,13.4175,52.4926292,5.020554,0.75362736,17.961695,-1.6675625,on bike mount,cyclo cross,True,sett,intermediate
aec73f87-871e-407c-b499-b32400fdae9d,ceb5cfda-79d5-4671-bf55-c8cc887418d7,bddcbf02-77ea-4295-a157-9658b4a05c08,1633625101425,13.4175,52.4926292,5.020554,-3.035885,4.8737755,-0.65199375,on bike mount,cyclo cross,True,sett,intermediate
aec73f87-871e-407c-b499-b32400fdae9d,ceb5cfda-79d5-4671-bf55-c8cc887418d7,b6193ce8-1d16-43b2-8c2e-449932f6dc20,1633625101475,13.4175,52.4926292,5.020554,-2.5732803,-3.502495,-6.089031,on bike mount,cyclo cross,True,sett,intermediate
aec73f87-871e-407c-b499-b32400fdae9d,ceb5cfda-79d5-4671-bf55-c8cc887418d7,6ca94193-2c53-4376-b058-1c9d343923ec,1633625101547,13.4175,52.4926292,5.020554,2.17906,-10.476088,16.490639,on bike mount,cyclo cross,True,sett,intermediate
aec73f87-871e-407c-b499-b32400fdae9d,ceb5cfda-79d5-4671-bf55-c8cc887418d7,16bff5bb-59cd-42c7-86ad-dd4f86b9a1e9,1633625101608,13.4175367,52.4926662,5.0276437,-3.7887535,-9.296756,11.024784,on bike mount,cyclo cross,True,sett,intermediate
aec73f87-871e-407c-b499-b32400fdae9d,ceb5cfda-79d5-4671-bf55-c8cc887418d7,5c045aea-1aac-4937-9ea8-73d2c6ce62a5,1633625101658,13.4175367,52.4926662,5.0276437,-5.089998,-13.751025,20.792377,on bike mount,cyclo cross,True,sett,intermediate
aec73f87-871e-407c-b499-b32400fdae9d,ceb5cfda-79d5-4671-bf55-c8cc887418d7,96ded115-e074-41bb-ae85-a32de60c6a93,1633625101709,13.4175367,52.4926662,5.0276437,1.1521544,4.4490156,-1.707324,on bike mount,cyclo cross,True,sett,intermediate
aec73f87-871e-407c-b499-b32400fdae9d,ceb5cfda-79d5-4671-bf55-c8cc887418d7,3cb7530b-045e-4516-a251-88f9f2d37d95,1633625101758,13.4175367,52.4926662,5.0276437,-2.4685419,-4.1566367,-3.9503932,on bike mount,cyclo cross,True,sett,intermediate
aec73f87-871e-407c-b499-b32400fdae9d,ceb5cfda-79d5-4671-bf55-c8cc887418d7,36d83555-33c8-44f1-86e4-a11cd0c66ce4,1633625101809,13.4175367,52.4926662,5.0276437,3.7640991,11.5147,-8.865484,on bike mount,cyclo cross,True,sett,intermediate
aec73f87-871e-407c-b499-b32400fdae9d,ceb5cfda-79d5-4671-bf55-c8cc887418d7,91e1b27e-85e4-450d-a01d-aa642d6b0024,1633625101858,13.4175367,52.4926662,5.0276437,0.38563228,15.481028,-8.139063,on bike mount,cyclo cross,True,sett,intermediate
aec73f87-871e-407c-b499-b32400fdae9d,ceb5cfda-79d5-4671-bf55-c8cc887418d7,ddd0c9b2-90fc-4257-b559-dc2a05a3c558,1633625101909,13.4175367,52.4926662,5.0276437,-0.7114173,-5.773924,4.5827,on bike mount,cyclo cross,True,sett,intermediate
aec73f87-871e-407c-b499-b32400fdae9d,ceb5cfda-79d5-4671-bf55-c8cc887418d7,79c15d68-e288-44ab-9299-aa7d2e1bbfcc,1633625101960,13.4175367,52.4926662,5.0276437,-0.76860726,-0.26235247,-0.2510662,on bike mount,cyclo cross,True,sett,intermediate
aec73f87-871e-407c-b499-b32400fdae9d,ceb5cfda-79d5-4671-bf55-c8cc887418d7,7b94b11e-cbe0-4bbd-b655-943e071a2974,1633625102010,13.4175367,52.4926662,5.0276437,-2.7345798,-15.949846,7.2315693,on bike mount,cyclo cross,True,sett,intermediate
aec73f87-871e-407c-b499-b32400fdae9d,ceb5cfda-79d5-4671-bf55-c8cc887418d7,1927e27c-617a-4e00-9a5f-5a96ffb0ad2c,1633625102061,13.4175367,52.4926662,5.0276437,-2.5477853,-24.104992,18.198105,on bike mount,cyclo cross,True,sett,intermediate
aec73f87-871e-407c-b499-b32400fdae9d,ceb5cfda-79d5-4671-bf55-c8cc887418d7,9207969d-c474-43e2-8220-412b9e76ed07,1633625102126,13.4175367,52.4926662,5.0276437,0.17086141,1.3654633,7.1707563,on bike mount,cyclo cross,True,sett,intermediate
aec73f87-871e-407c-b499-b32400fdae9d,ceb5cfda-79d5-4671-bf55-c8cc887418d7,936f204a-723a-488b-9203-c0ba277b7edd,1633625102177,13.4175367,52.4926662,5.0276437,0.84858567,-2.3917189,1.249649,on bike mount,cyclo cross,True,sett,intermediate
aec73f87-871e-407c-b499-b32400fdae9d,ceb5cfda-79d5-4671-bf55-c8cc887418d7,b5ab50e9-c0cf-400e-bd55-189cc645c888,1633625102227,13.4175367,52.4926662,5.0276437,0.6671306,-4.127205,3.5971346,on bike mount,cyclo cross,True,sett,intermediate
aec73f87-871e-407c-b499-b32400fdae9d,ceb5cfda-79d5-4671-bf55-c8cc887418d7,423e4f62-2e9a-4f32-8796-96c02b1d75ca,1633625102277,13.4175367,52.4926662,5.0276437,-1.2990097,-6.9281425,7.078105,on bike mount,cyclo cross,True,sett,intermediate
aec73f87-871e-407c-b499-b32400fdae9d,ceb5cfda-79d5-4671-bf55-c8cc887418d7,18c2e486-45d4-4814-987d-1d53d3ccad4e,1633625102326,13.4175367,52.4926662,5.0276437,1.6009644,-10.645098,18.544594,on bike mount,cyclo cross,True,sett,intermediate
aec73f87-871e-407c-b499-b32400fdae9d,ceb5cfda-79d5-4671-bf55-c8cc887418d7,d23ff67a-624b-4d08-9e03-c3ce0f301e25,1633625102377,13.4175367,52.4926662,5.0276437,-2.0589266,-8.078007,2.289011,on bike mount,cyclo cross,True,sett,intermediate
aec73f87-871e-407c-b499-b32400fdae9d,ceb5cfda-79d5-4671-bf55-c8cc887418d7,6ac554ab-b8d8-43f1-8cf1-9f9a6665d632,1633625102428,13.4175367,52.4926662,5.0276437,-0.93803763,18.392445,-6.9270444,on bike mount,cyclo cross,True,sett,intermediate
aec73f87-871e-407c-b499-b32400fdae9d,ceb5cfda-79d5-4671-bf55-c8cc887418d7,062ee8fd-61ce-47d5-a5e2-a72792a007dc,1633625102493,13.4175367,52.4926662,5.0276437,1.3735555,-4.106642,9.751355,on bike mount,cyclo cross,True,sett,intermediate
aec73f87-871e-407c-b499-b32400fdae9d,ceb5cfda-79d5-4671-bf55-c8cc887418d7,0f6ff36a-c7ef-41c1-9246-5522ecf1d054,1633625102551,13.4175367,52.4926662,5.0276437,4.0586433,-9.802148,4.5786743,on bike mount,cyclo cross,True,sett,intermediate
aec73f87-871e-407c-b499-b32400fdae9d,ceb5cfda-79d5-4671-bf55-c8cc887418d7,f41101d9-d319-404f-a0bf-2547b52893eb,1633625102609,13.4175682,52.4927078,5.059731,4.0521507,14.934613,5.095565,on bike mount,cyclo cross,True,sett,intermediate
aec73f87-871e-407c-b499-b32400fdae9d,ceb5cfda-79d5-4671-bf55-c8cc887418d7,58b8b5d7-45bf-4d39-9904-8e5424a51e4c,1633625102660,13.4175682,52.4927078,5.059731,-1.3011729,-0.78833675,-11.057905,on bike mount,cyclo cross,True,sett,intermediate
aec73f87-871e-407c-b499-b32400fdae9d,ceb5cfda-79d5-4671-bf55-c8cc887418d7,e46fc073-a330-4805-8d97-ea19e1f378e1,1633625102726,13.4175682,52.4927078,5.059731,-4.9846983,-10.37596,12.953987,on bike mount,cyclo cross,True,sett,intermediate
aec73f87-871e-407c-b499-b32400fdae9d,ceb5cfda-79d5-4671-bf55-c8cc887418d7,209892a8-30b6-4df4-95e8-bf38f464907b,1633625102777,13.4175682,52.4927078,5.059731,-2.939762,-17.872576,0.5635042,on bike mount,cyclo cross,True,sett,intermediate
aec73f87-871e-407c-b499-b32400fdae9d,ceb5cfda-79d5-4671-bf55-c8cc887418d7,bd8e246a-a8e0-4eea-b709-38af528126d9,1633625102843,13.4175682,52.4927078,5.059731,3.2325628,9.1333275,-17.327291,on bike mount,cyclo cross,True,sett,intermediate
aec73f87-871e-407c-b499-b32400fdae9d,ceb5cfda-79d5-4671-bf55-c8cc887418d7,a0fb1907-4bc4-4ee5-be3d-91708ee5cd86,1633625102893,13.4175682,52.4927078,5.059731,-3.6478796,13.959362,-2.9515262,on bike mount,cyclo cross,True,sett,intermediate
aec73f87-871e-407c-b499-b32400fdae9d,ceb5cfda-79d5-4671-bf55-c8cc887418d7,38c1325f-de9f-4d70-b0a6-2f4d4bf485f8,1633625102944,13.4175682,52.4927078,5.059731,0.119899094,-34.95337,25.212671,on bike mount,cyclo cross,True,sett,intermediate
aec73f87-871e-407c-b499-b32400fdae9d,ceb5cfda-79d5-4671-bf55-c8cc887418d7,aa087bd4-2826-4882-b0b5-07ac50c4bf13,1633625102995,13.4175682,52.4927078,5.059731,-2.0182703,11.889328,0.16395473,on bike mount,cyclo cross,True,sett,intermediate
aec73f87-871e-407c-b499-b32400fdae9d,ceb5cfda-79d5-4671-bf55-c8cc887418d7,1b1e276f-9338-4760-8fba-4b3845e68acb,1633625103061,13.4175682,52.4927078,5.059731,-4.5520334,-12.760411,-0.96750546,on bike mount,cyclo cross,True,sett,intermediate
aec73f87-871e-407c-b499-b32400fdae9d,ceb5cfda-79d5-4671-bf55-c8cc887418d7,89fb9f30-2403-428e-b5f9-376fe60528a5,1633625103129,13.4175682,52.4927078,5.059731,-5.099409,-8.613005,13.272087,on bike mount,cyclo cross,True,sett,intermediate
aec73f87-871e-407c-b499-b32400fdae9d,ceb5cfda-79d5-4671-bf55-c8cc887418d7,374b5464-0255-4b0d-aff1-e4dd3a7fd9b6,1633625103179,13.4175682,52.4927078,5.059731,3.6653638,9.285602,32.375134,on bike mount,cyclo cross,True,sett,intermediate
aec73f87-871e-407c-b499-b32400fdae9d,ceb5cfda-79d5-4671-bf55-c8cc887418d7,c658f55c-2785-4230-9425-d6c4dd3a1313,1633625103230,13.4175682,52.4927078,5.059731,-7.330354,7.2222295,-19.597858,on bike mount,cyclo cross,True,sett,intermediate
aec73f87-871e-407c-b499-b32400fdae9d,ceb5cfda-79d5-4671-bf55-c8cc887418d7,e85bc126-cd4e-4adf-8c6d-5fc5992e6ba3,1633625103295,13.4175682,52.4927078,5.059731,5.2778616,3.8421564,-17.271366,on bike mount,cyclo cross,True,sett,intermediate
aec73f87-871e-407c-b499-b32400fdae9d,ceb5cfda-79d5-4671-bf55-c8cc887418d7,1ab6e89b-d4ee-4f74-b9dc-53b959140348,1633625103345,13.4175682,52.4927078,5.059731,2.561595,-14.552153,9.35244,on bike mount,cyclo cross,True,sett,intermediate
aec73f87-871e-407c-b499-b32400fdae9d,ceb5cfda-79d5-4671-bf55-c8cc887418d7,cc03768c-bfce-4896-9494-33147cefbad6,1633625103395,13.4175682,52.4927078,5.059731,-3.3983026,15.9270935,7.343588,on bike mount,cyclo cross,True,sett,intermediate
aec73f87-871e-407c-b499-b32400fdae9d,ceb5cfda-79d5-4671-bf55-c8cc887418d7,26e4f794-9d68-4238-b8c0-f33dd95cca8d,1633625103446,13.4175682,52.4927078,5.059731,-1.8462143,11.176743,-1.1572704,on bike mount,cyclo cross,True,sett,intermediate
aec73f87-871e-407c-b499-b32400fdae9d,ceb5cfda-79d5-4671-bf55-c8cc887418d7,2fd6618c-b88f-4550-aee6-ab3d6a969fb7,1633625103496,13.4175682,52.4927078,5.059731,4.6373444,17.668592,-13.178723,on bike mount,cyclo cross,True,sett,intermediate
aec73f87-871e-407c-b499-b32400fdae9d,ceb5cfda-79d5-4671-bf55-c8cc887418d7,23f3f1d1-b408-4314-81a7-3e3e19571d7d,1633625103552,13.4175893,52.4927529,5.0648146,-2.154963,-12.938293,-11.650759,on bike mount,cyclo cross,True,sett,intermediate
aec73f87-871e-407c-b499-b32400fdae9d,ceb5cfda-79d5-4671-bf55-c8cc887418d7,9ec038d4-e68d-4343-a178-2fe375b84385,1633625103612,13.4175893,52.4927529,5.0648146,-1.9856688,18.690876,-14.046973,on bike mount,cyclo cross,True,sett,intermediate
aec73f87-871e-407c-b499-b32400fdae9d,ceb5cfda-79d5-4671-bf55-c8cc887418d7,5ab80813-2b4d-4ab6-9b96-ce74bab0f445,1633625103663,13.4175893,52.4927529,5.0648146,-13.324879,0.80764484,-2.0054607,on bike mount,cyclo cross,True,sett,intermediate
aec73f87-871e-407c-b499-b32400fdae9d,ceb5cfda-79d5-4671-bf55-c8cc887418d7,82325b94-55d2-4014-801e-da577e485ca0,1633625103714,13.4175893,52.4927529,5.0648146,0.16938609,-6.5869503,12.815779,on bike mount,cyclo cross,True,sett,intermediate
aec73f87-871e-407c-b499-b32400fdae9d,ceb5cfda-79d5-4671-bf55-c8cc887418d7,f562139c-35a2-4000-81d8-5c77133638b0,1633625103778,13.4175893,52.4927529,5.0648146,-1.103483,6.9617567,22.138826,on bike mount,cyclo cross,True,sett,intermediate
aec73f87-871e-407c-b499-b32400fdae9d,ceb5cfda-79d5-4671-bf55-c8cc887418d7,73886d01-c06e-48a7-84e7-8400482d06ae,1633625103828,13.4175893,52.4927529,5.0648146,0.39138508,0.6582804,-11.964407,on bike mount,cyclo cross,True,sett,intermediate
aec73f87-871e-407c-b499-b32400fdae9d,ceb5cfda-79d5-4671-bf55-c8cc887418d7,37130315-3a18-464c-aee8-621b8420124f,1633625103880,13.4175893,52.4927529,5.0648146,0.5426383,3.2252588,1.1226201,on bike mount,cyclo cross,True,sett,intermediate
aec73f87-871e-407c-b499-b32400fdae9d,ceb5cfda-79d5-4671-bf55-c8cc887418d7,886f16e6-b1b4-47ae-b64e-b40641e36d5f,1633625103930,13.4175893,52.4927529,5.0648146,-0.35051858,2.897543,5.5710707,on bike mount,cyclo cross,True,sett,intermediate
aec73f87-871e-407c-b499-b32400fdae9d,ceb5cfda-79d5-4671-bf55-c8cc887418d7,b5834236-ab84-4798-bc1a-57794e93171a,1633625103980,13.4175893,52.4927529,5.0648146,0.91645837,-0.3150487,-9.722162,on bike mount,cyclo cross,True,sett,intermediate
aec73f87-871e-407c-b499-b32400fdae9d,ceb5cfda-79d5-4671-bf55-c8cc887418d7,82056013-8237-484c-9da0-86448a3d1a24,1633625104030,13.4175893,52.4927529,5.0648146,-1.5418476,-1.7719605,-1.5274043,on bike mount,cyclo cross,True,sett,intermediate
aec73f87-871e-407c-b499-b32400fdae9d,ceb5cfda-79d5-4671-bf55-c8cc887418d7,62fa3120-16e3-40bd-9910-563a81edc10d,1633625104081,13.4175893,52.4927529,5.0648146,-0.9929871,-41.03961,5.8226194,on bike mount,cyclo cross,True,sett,intermediate
aec73f87-871e-407c-b499-b32400fdae9d,ceb5cfda-79d5-4671-bf55-c8cc887418d7,6142d2f0-7767-44c1-9603-2faff23d6785,1633625104131,13.4175893,52.4927529,5.0648146,-0.45658052,-5.518262,11.501897,on bike mount,cyclo cross,True,sett,intermediate
aec73f87-871e-407c-b499-b32400fdae9d,ceb5cfda-79d5-4671-bf55-c8cc887418d7,9cedc6b4-5033-444e-88b6-fc53c565d87a,1633625104182,13.4175893,52.4927529,5.0648146,6.522858,-1.5752976,1.7617121,on bike mount,cyclo cross,True,sett,intermediate
aec73f87-871e-407c-b499-b32400fdae9d,ceb5cfda-79d5-4671-bf55-c8cc887418d7,21412d62-2d1f-4b40-9293-4cc834f5373c,1633625104247,13.4175893,52.4927529,5.0648146,-0.45315003,-4.34038,-1.4479733,on bike mount,cyclo cross,True,sett,intermediate
aec73f87-871e-407c-b499-b32400fdae9d,ceb5cfda-79d5-4671-bf55-c8cc887418d7,567f5bec-b44f-4750-a1be-2d76795e7340,1633625104297,13.4175893,52.4927529,5.0648146,0.82875377,2.2950287,-6.70075,on bike mount,cyclo cross,True,sett,intermediate
aec73f87-871e-407c-b499-b32400fdae9d,ceb5cfda-79d5-4671-bf55-c8cc887418d7,5b0554a3-8d5e-4041-9b23-a9d814adfe1a,1633625104348,13.4175893,52.4927529,5.0648146,-4.2021065,8.543648,2.2374964,on bike mount,cyclo cross,True,sett,intermediate
aec73f87-871e-407c-b499-b32400fdae9d,ceb5cfda-79d5-4671-bf55-c8cc887418d7,d060ab6c-da12-40a7-937f-23d0556743a9,1633625104399,13.4175893,52.4927529,5.0648146,0.16540149,-3.2027183,3.0786934,on bike mount,cyclo cross,True,sett,intermediate
aec73f87-871e-407c-b499-b32400fdae9d,ceb5cfda-79d5-4671-bf55-c8cc887418d7,09b67690-73cb-44a3-8c06-6f4c39b4c256,1633625104450,13.4175893,52.4927529,5.0648146,1.1378411,-3.9242806,-8.585213,on bike mount,cyclo cross,True,sett,intermediate
aec73f87-871e-407c-b499-b32400fdae9d,ceb5cfda-79d5-4671-bf55-c8cc887418d7,20e67ea6-bdc6-43a5-89db-ee43a20c612a,1633625104515,13.4175893,52.4927529,5.0648146,4.9012504,1.6035633,-2.6264353,on bike mount,cyclo cross,True,sett,intermediate
aec73f87-871e-407c-b499-b32400fdae9d,ceb5cfda-79d5-4671-bf55-c8cc887418d7,782ce4e8-8809-49c3-8786-221c0e7f3eed,1633625104564,13.4176171,52.4927942,5.0296874,-1.6224781,4.003871,8.806873,on bike mount,cyclo cross,True,sett,intermediate
aec73f87-871e-407c-b499-b32400fdae9d,ceb5cfda-79d5-4671-bf55-c8cc887418d7,98bedeaf-13c2-42a4-8697-c8efdea44acb,1633625104614,13.4176171,52.4927942,5.0296874,2.4802465,-26.570087,18.046766,on bike mount,cyclo cross,True,sett,intermediate
aec73f87-871e-407c-b499-b32400fdae9d,ceb5cfda-79d5-4671-bf55-c8cc887418d7,f696ad24-6ea0-40bc-b70f-67d7e8e7f2e1,1633625104665,13.4176171,52.4927942,5.0296874,-1.72142,6.20026,-12.444767,on bike mount,cyclo cross,True,sett,intermediate
aec73f87-871e-407c-b499-b32400fdae9d,ceb5cfda-79d5-4671-bf55-c8cc887418d7,701e47fe-0eea-4f54-90b5-992b5ab6d608,1633625104716,13.4176171,52.4927942,5.0296874,-2.890275,-7.0836515,-2.0436707,on bike mount,cyclo cross,True,sett,intermediate
aec73f87-871e-407c-b499-b32400fdae9d,ceb5cfda-79d5-4671-bf55-c8cc887418d7,b7679ba1-641a-4300-8fef-9106b176b09c,1633625104782,13.4176171,52.4927942,5.0296874,1.1399908,-12.159912,7.4857836,on bike mount,cyclo cross,True,sett,intermediate
aec73f87-871e-407c-b499-b32400fdae9d,ceb5cfda-79d5-4671-bf55-c8cc887418d7,82636171-44ff-4f8e-aea6-e735386297ed,1633625104832,13.4176171,52.4927942,5.0296874,8.700072,16.070805,-15.78261,on bike mount,cyclo cross,True,sett,intermediate
aec73f87-871e-407c-b499-b32400fdae9d,ceb5cfda-79d5-4671-bf55-c8cc887418d7,acaf39fe-e18e-4593-94e4-a41bb61c7048,1633625104882,13.4176171,52.4927942,5.0296874,-2.6500778,2.9328594,3.617756,on bike mount,cyclo cross,True,sett,intermediate
aec73f87-871e-407c-b499-b32400fdae9d,ceb5cfda-79d5-4671-bf55-c8cc887418d7,ceedb2f8-2e28-4528-aa4e-4b9c403b7ae2,1633625104950,13.4176171,52.4927942,5.0296874,-0.8165331,-4.75874,-9.503346,on bike mount,cyclo cross,True,sett,intermediate
aec73f87-871e-407c-b499-b32400fdae9d,ceb5cfda-79d5-4671-bf55-c8cc887418d7,25aa8ed0-56bf-46d8-bd2a-8082c1c74194,1633625105015,13.4176171,52.4927942,5.0296874,3.5467653,12.26292,-4.8281493,on bike mount,cyclo cross,True,sett,intermediate
aec73f87-871e-407c-b499-b32400fdae9d,ceb5cfda-79d5-4671-bf55-c8cc887418d7,23105319-a134-4bf6-9061-36d548f6190a,1633625105067,13.4176171,52.4927942,5.0296874,-0.017552242,-14.888013,7.965067,on bike mount,cyclo cross,True,sett,intermediate
aec73f87-871e-407c-b499-b32400fdae9d,ceb5cfda-79d5-4671-bf55-c8cc887418d7,9aee2679-bcea-4dd5-bb10-542b00fee3c7,1633625105134,13.4176171,52.4927942,5.0296874,-0.6520704,-6.49857,5.1177673,on bike mount,cyclo cross,True,sett,intermediate
aec73f87-871e-407c-b499-b32400fdae9d,ceb5cfda-79d5-4671-bf55-c8cc887418d7,cd0ab2ca-c469-46c4-91d4-4776e3f22f95,1633625105199,13.4176171,52.4927942,5.0296874,0.9441873,-6.099939,-4.101427,on bike mount,cyclo cross,True,sett,intermediate
aec73f87-871e-407c-b499-b32400fdae9d,ceb5cfda-79d5-4671-bf55-c8cc887418d7,1b49713e-a9a0-4e33-bf4a-695e59871090,1633625105249,13.4176171,52.4927942,5.0296874,1.9223747,0.20510626,0.12250805,on bike mount,cyclo cross,True,sett,intermediate
aec73f87-871e-407c-b499-b32400fdae9d,ceb5cfda-79d5-4671-bf55-c8cc887418d7,47ef70de-6f7e-43fc-9db5-638d5b2339a3,1633625105300,13.4176171,52.4927942,5.0296874,0.58576685,-4.8769245,-10.02673,on bike mount,cyclo cross,True,sett,intermediate
aec73f87-871e-407c-b499-b32400fdae9d,ceb5cfda-79d5-4671-bf55-c8cc887418d7,9322e397-6cdf-4514-9061-75c85287e915,1633625105350,13.4176171,52.4927942,5.0296874,-1.0161111,3.739067,-3.833946,on bike mount,cyclo cross,True,sett,intermediate
aec73f87-871e-407c-b499-b32400fdae9d,ceb5cfda-79d5-4671-bf55-c8cc887418d7,de38b2dd-ad49-4dd9-a03e-d0f6a476091c,1633625105401,13.4176171,52.4927942,5.0296874,1.5452565,0.26138115,3.1768503,on bike mount,cyclo cross,True,sett,intermediate
aec73f87-871e-407c-b499-b32400fdae9d,ceb5cfda-79d5-4671-bf55-c8cc887418d7,e0c69824-ea44-4041-941b-0722897d97b8,1633625105467,13.4176171,52.4927942,5.0296874,-2.0185432,9.943043,-17.643429,on bike mount,cyclo cross,True,sett,intermediate
aec73f87-871e-407c-b499-b32400fdae9d,ceb5cfda-79d5-4671-bf55-c8cc887418d7,223c6e9e-e779-45ab-ba1a-76d429a1f5cf,1633625105518,13.4176171,52.4927942,5.0296874,-4.3941536,4.3051662,-1.8747072,on bike mount,cyclo cross,True,sett,intermediate
aec73f87-871e-407c-b499-b32400fdae9d,ceb5cfda-79d5-4671-bf55-c8cc887418d7,fef13771-5942-421d-a64d-1e35bf772bcd,1633625105584,13.4176421,52.4928353,4.9967,2.0220199,-8.18626,5.823001,on bike mount,cyclo cross,True,sett,intermediate
aec73f87-871e-407c-b499-b32400fdae9d,ceb5cfda-79d5-4671-bf55-c8cc887418d7,256ca877-1881-42ef-8cd1-de6b55f8e458,1633625105649,13.4176421,52.4928353,4.9967,-4.900964,-12.659415,5.8340073,on bike mount,cyclo cross,True,sett,intermediate
aec73f87-871e-407c-b499-b32400fdae9d,ceb5cfda-79d5-4671-bf55-c8cc887418d7,fb691856-2410-44ae-aee0-3543ae37a829,1633625105702,13.4176421,52.4928353,4.9967,0.51176894,-3.2384853,10.534746,on bike mount,cyclo cross,True,sett,intermediate
aec73f87-871e-407c-b499-b32400fdae9d,ceb5cfda-79d5-4671-bf55-c8cc887418d7,435a4b16-4c1f-452a-a55a-f32453bf8b68,1633625105751,13.4176421,52.4928353,4.9967,0.04240033,-13.9386015,14.040667,on bike mount,cyclo cross,True,sett,intermediate
aec73f87-871e-407c-b499-b32400fdae9d,ceb5cfda-79d5-4671-bf55-c8cc887418d7,2bfe7839-5a20-400d-8d4e-250db348cf72,1633625105801,13.4176421,52.4928353,4.9967,1.6038673,10.622563,-13.833655,on bike mount,cyclo cross,True,sett,intermediate
aec73f87-871e-407c-b499-b32400fdae9d,ceb5cfda-79d5-4671-bf55-c8cc887418d7,0ac5356a-f7ff-4905-9a0d-efb6a05d2a4b,1633625105851,13.4176421,52.4928353,4.9967,-1.7237339,-12.177225,2.2590942,on bike mount,cyclo cross,True,sett,intermediate
aec73f87-871e-407c-b499-b32400fdae9d,ceb5cfda-79d5-4671-bf55-c8cc887418d7,d20a9344-6fcf-443c-9498-216434510ee4,1633625105901,13.4176421,52.4928353,4.9967,1.3147727,1.3209071,-11.38828,on bike mount,cyclo cross,True,sett,intermediate
aec73f87-871e-407c-b499-b32400fdae9d,ceb5cfda-79d5-4671-bf55-c8cc887418d7,7493a8e2-9a88-4588-845f-3764a2c3de93,1633625105951,13.4176421,52.4928353,4.9967,-3.9351556,12.636391,-14.702246,on bike mount,cyclo cross,True,sett,intermediate
aec73f87-871e-407c-b499-b32400fdae9d,ceb5cfda-79d5-4671-bf55-c8cc887418d7,994fe3e9-efd6-4291-be85-bdf0e2c656b1,1633625106001,13.4176421,52.4928353,4.9967,0.5229437,3.4945946,0.59171534,on bike mount,cyclo cross,True,sett,intermediate
aec73f87-871e-407c-b499-b32400fdae9d,ceb5cfda-79d5-4671-bf55-c8cc887418d7,0818da72-6994-4f00-b885-ea8eb193e313,1633625106052,13.4176421,52.4928353,4.9967,-0.72820437,-8.400164,-5.089681,on bike mount,cyclo cross,True,sett,intermediate
aec73f87-871e-407c-b499-b32400fdae9d,ceb5cfda-79d5-4671-bf55-c8cc887418d7,71f71857-06f3-4ce4-ad8e-09b4ef7888e8,1633625106102,13.4176421,52.4928353,4.9967,-2.5851617,0.66877794,-2.0866604,on bike mount,cyclo cross,True,sett,intermediate
aec73f87-871e-407c-b499-b32400fdae9d,ceb5cfda-79d5-4671-bf55-c8cc887418d7,0b79ffae-f3b1-4a29-bfae-cd2350da9181,1633625106167,13.4176421,52.4928353,4.9967,0.36430687,-2.6759627,1.4125175,on bike mount,cyclo cross,True,sett,intermediate
aec73f87-871e-407c-b499-b32400fdae9d,ceb5cfda-79d5-4671-bf55-c8cc887418d7,decd5a26-14b7-4de6-913a-b6a8464bf461,1633625106218,13.4176421,52.4928353,4.9967,3.0616484,-10.545618,7.9842615,on bike mount,cyclo cross,True,sett,intermediate
aec73f87-871e-407c-b499-b32400fdae9d,ceb5cfda-79d5-4671-bf55-c8cc887418d7,eea2ed20-9c1d-446a-b12e-27bc6f455017,1633625106269,13.4176421,52.4928353,4.9967,-1.600128,18.603945,-18.693726,on bike mount,cyclo cross,True,sett,intermediate
aec73f87-871e-407c-b499-b32400fdae9d,ceb5cfda-79d5-4671-bf55-c8cc887418d7,376c8df7-f9f0-4eda-aa41-3d3e6c36207e,1633625106334,13.4176421,52.4928353,4.9967,2.4047346,-10.404194,-6.135382,on bike mount,cyclo cross,True,sett,intermediate
aec73f87-871e-407c-b499-b32400fdae9d,ceb5cfda-79d5-4671-bf55-c8cc887418d7,ffc587e5-df0f-473f-9fc2-c3db57e57ac3,1633625106386,13.4176421,52.4928353,4.9967,-2.1634831,-1.9319626,-4.554467,on bike mount,cyclo cross,True,sett,intermediate
aec73f87-871e-407c-b499-b32400fdae9d,ceb5cfda-79d5-4671-bf55-c8cc887418d7,91d458c2-488c-46e7-af0d-8b8cb49c525e,1633625106453,13.4176421,52.4928353,4.9967,-1.3663096,-1.3278625,-1.3615456,on bike mount,cyclo cross,True,sett,intermediate
aec73f87-871e-407c-b499-b32400fdae9d,ceb5cfda-79d5-4671-bf55-c8cc887418d7,1e77fac3-0dde-499b-9528-eb535903abb0,1633625106519,13.4176421,52.4928353,4.9967,0.8258551,-16.687828,6.962393,on bike mount,cyclo cross,True,sett,intermediate
aec73f87-871e-407c-b499-b32400fdae9d,ceb5cfda-79d5-4671-bf55-c8cc887418d7,68f25b69-285d-4813-9896-3f6c7ef8c04b,1633625106569,13.4176858,52.4928932,5.1197095,-4.027569,4.0064487,6.302305,on bike mount,cyclo cross,True,sett,intermediate
aec73f87-871e-407c-b499-b32400fdae9d,ceb5cfda-79d5-4671-bf55-c8cc887418d7,bbf81433-1838-4575-90d3-b6260fb3655f,1633625106619,13.4176858,52.4928932,5.1197095,-0.007132776,-0.5175266,7.446067,on bike mount,cyclo cross,True,sett,intermediate
aec73f87-871e-407c-b499-b32400fdae9d,ceb5cfda-79d5-4671-bf55-c8cc887418d7,b506b6fd-35f0-495d-a098-810a8c0c61ff,1633625106686,13.4176858,52.4928932,5.1197095,-0.6901275,-16.156723,4.629697,on bike mount,cyclo cross,True,sett,intermediate
aec73f87-871e-407c-b499-b32400fdae9d,ceb5cfda-79d5-4671-bf55-c8cc887418d7,8ec410df-9e13-48cb-a825-56a45d80933c,1633625106753,13.4176858,52.4928932,5.1197095,-7.463822,0.47352028,9.74078,on bike mount,cyclo cross,True,sett,intermediate
aec73f87-871e-407c-b499-b32400fdae9d,ceb5cfda-79d5-4671-bf55-c8cc887418d7,fbe96fe4-e73f-4713-9219-a22d717e6726,1633625106803,13.4176858,52.4928932,5.1197095,0.9880859,2.6838248,-4.5430565,on bike mount,cyclo cross,True,sett,intermediate
aec73f87-871e-407c-b499-b32400fdae9d,ceb5cfda-79d5-4671-bf55-c8cc887418d7,b8d02801-21b4-4051-bced-77e5701ad54f,1633625106853,13.4176858,52.4928932,5.1197095,0.08508387,0.0033216476,-8.671139,on bike mount,cyclo cross,True,sett,intermediate
aec73f87-871e-407c-b499-b32400fdae9d,ceb5cfda-79d5-4671-bf55-c8cc887418d7,b1d15658-b4a6-44a7-a36d-05fdab65d0c6,1633625106903,13.4176858,52.4928932,5.1197095,-0.6463138,1.6515002,3.713748,on bike mount,cyclo cross,True,sett,intermediate
aec73f87-871e-407c-b499-b32400fdae9d,ceb5cfda-79d5-4671-bf55-c8cc887418d7,e3721f4a-b308-4f53-9a9d-363168d3b80d,1633625106953,13.4176858,52.4928932,5.1197095,-0.91914165,5.26213,-16.285252,on bike mount,cyclo cross,True,sett,intermediate
aec73f87-871e-407c-b499-b32400fdae9d,ceb5cfda-79d5-4671-bf55-c8cc887418d7,70befde3-af33-47c5-9542-dfa875c2f063,1633625107003,13.4176858,52.4928932,5.1197095,-0.668084,-11.97463,16.32082,on bike mount,cyclo cross,True,sett,intermediate
aec73f87-871e-407c-b499-b32400fdae9d,ceb5cfda-79d5-4671-bf55-c8cc887418d7,c2608cac-358b-4625-a700-046ccbb0e39f,1633625107053,13.4176858,52.4928932,5.1197095,0.75228095,7.450294,-13.399262,on bike mount,cyclo cross,True,sett,intermediate
aec73f87-871e-407c-b499-b32400fdae9d,ceb5cfda-79d5-4671-bf55-c8cc887418d7,3b000a19-f943-4e56-b1bd-2f25f52c35c0,1633625107104,13.4176858,52.4928932,5.1197095,0.50416905,-7.190594,2.9724026,on bike mount,cyclo cross,True,sett,intermediate
aec73f87-871e-407c-b499-b32400fdae9d,ceb5cfda-79d5-4671-bf55-c8cc887418d7,2de7b315-3557-4c3a-a794-48309231c3a0,1633625107155,13.4176858,52.4928932,5.1197095,-1.8851221,6.095213,-7.2347836,on bike mount,cyclo cross,True,sett,intermediate
aec73f87-871e-407c-b499-b32400fdae9d,ceb5cfda-79d5-4671-bf55-c8cc887418d7,14e8df33-025c-47cb-96b2-63b9db1cd7ae,1633625107220,13.4176858,52.4928932,5.1197095,0.21704987,-5.544847,17.175629,on bike mount,cyclo cross,True,sett,intermediate
aec73f87-871e-407c-b499-b32400fdae9d,ceb5cfda-79d5-4671-bf55-c8cc887418d7,25001db9-746b-4562-9718-28b13d1fc802,1633625107271,13.4176858,52.4928932,5.1197095,1.3145458,-6.1919556,-8.628527,on bike mount,cyclo cross,True,sett,intermediate
aec73f87-871e-407c-b499-b32400fdae9d,ceb5cfda-79d5-4671-bf55-c8cc887418d7,a07ec1b0-ac57-4690-a1e8-63b13e3842e8,1633625107321,13.4176858,52.4928932,5.1197095,-0.13926119,-3.9271374,-7.3822737,on bike mount,cyclo cross,True,sett,intermediate
aec73f87-871e-407c-b499-b32400fdae9d,ceb5cfda-79d5-4671-bf55-c8cc887418d7,cb46ad5e-69cf-4369-8e02-193ead026a6f,1633625107376,13.4176858,52.4928932,5.1197095,1.023129,3.2610884,3.2919512,on bike mount,cyclo cross,True,sett,intermediate
aec73f87-871e-407c-b499-b32400fdae9d,ceb5cfda-79d5-4671-bf55-c8cc887418d7,867a00e0-7271-499d-9a03-aa8ac7c4a52a,1633625107436,13.4176858,52.4928932,5.1197095,-2.0899906,23.025385,-8.563994,on bike mount,cyclo cross,True,sett,intermediate
aec73f87-871e-407c-b499-b32400fdae9d,ceb5cfda-79d5-4671-bf55-c8cc887418d7,2b93c0b9-7aa3-4f16-bc11-36c14111607d,1633625107487,13.4176858,52.4928932,5.1197095,-2.0271816,-9.2725525,15.255901,on bike mount,cyclo cross,True,sett,intermediate
aec73f87-871e-407c-b499-b32400fdae9d,ceb5cfda-79d5-4671-bf55-c8cc887418d7,df4341d7-f12e-4d30-bde4-2bdcda03974a,1633625107539,13.4176858,52.4928932,5.1197095,-0.16356066,2.2577271,8.977788,on bike mount,cyclo cross,True,sett,intermediate
aec73f87-871e-407c-b499-b32400fdae9d,ceb5cfda-79d5-4671-bf55-c8cc887418d7,30bfdece-1442-49f6-b1ee-0937147bd407,1633625107589,13.4177282,52.4929506,5.1749573,4.3061466,-2.5945177,-6.398857,on bike mount,cyclo cross,True,sett,intermediate
aec73f87-871e-407c-b499-b32400fdae9d,ceb5cfda-79d5-4671-bf55-c8cc887418d7,10face0b-b0cc-46d7-9162-9cc7df2c4e19,1633625107653,13.4177282,52.4929506,5.1749573,-4.203556,-2.3502097,-11.074892,on bike mount,cyclo cross,True,sett,intermediate
aec73f87-871e-407c-b499-b32400fdae9d,ceb5cfda-79d5-4671-bf55-c8cc887418d7,5739e874-4a60-4283-a387-9db85dd41497,1633625107703,13.4177282,52.4929506,5.1749573,-0.57393354,-22.489231,13.359482,on bike mount,cyclo cross,True,sett,intermediate
aec73f87-871e-407c-b499-b32400fdae9d,ceb5cfda-79d5-4671-bf55-c8cc887418d7,947ad6bf-250a-4aef-8de3-1064f3bb1e10,1633625107753,13.4177282,52.4929506,5.1749573,0.5077208,-20.639067,-13.859933,on bike mount,cyclo cross,True,sett,intermediate
aec73f87-871e-407c-b499-b32400fdae9d,ceb5cfda-79d5-4671-bf55-c8cc887418d7,c1067f11-5a28-4eb4-9679-8324756f0c6d,1633625107803,13.4177282,52.4929506,5.1749573,-1.2184513,14.768401,-19.52864,on bike mount,cyclo cross,True,sett,intermediate
aec73f87-871e-407c-b499-b32400fdae9d,ceb5cfda-79d5-4671-bf55-c8cc887418d7,0726a8f3-4aae-45d5-a9be-67011d77193e,1633625107855,13.4177282,52.4929506,5.1749573,2.458629,6.3021717,-0.010899544,on bike mount,cyclo cross,True,sett,intermediate
aec73f87-871e-407c-b499-b32400fdae9d,ceb5cfda-79d5-4671-bf55-c8cc887418d7,3537fb7c-d42e-411e-a5c1-fe6b6126f33a,1633625107921,13.4177282,52.4929506,5.1749573,-0.5927527,-18.308218,7.4359922,on bike mount,cyclo cross,True,sett,intermediate
aec73f87-871e-407c-b499-b32400fdae9d,ceb5cfda-79d5-4671-bf55-c8cc887418d7,91021fbc-48a5-478c-82c0-4ba45b983a8c,1633625107971,13.4177282,52.4929506,5.1749573,3.782966,26.03892,9.803842,on bike mount,cyclo cross,True,sett,intermediate
aec73f87-871e-407c-b499-b32400fdae9d,ceb5cfda-79d5-4671-bf55-c8cc887418d7,8cdfd7e6-2f1e-4729-a0ec-39a3f9d235b9,1633625108022,13.4177282,52.4929506,5.1749573,0.2542395,6.7141542,-10.932323,on bike mount,cyclo cross,True,sett,intermediate
aec73f87-871e-407c-b499-b32400fdae9d,ceb5cfda-79d5-4671-bf55-c8cc887418d7,f1cae449-266e-433e-9356-1e2100269fb6,1633625108088,13.4177282,52.4929506,5.1749573,0.55910933,-7.565882,19.617256,on bike mount,cyclo cross,True,sett,intermediate
aec73f87-871e-407c-b499-b32400fdae9d,ceb5cfda-79d5-4671-bf55-c8cc887418d7,e5400da6-aa04-4b53-b11f-1de0a6c72e82,1633625108139,13.4177282,52.4929506,5.1749573,0.09494026,-3.599594,-2.8496642,on bike mount,cyclo cross,True,sett,intermediate
aec73f87-871e-407c-b499-b32400fdae9d,ceb5cfda-79d5-4671-bf55-c8cc887418d7,6f33873b-73b5-46ba-8803-9a5ba9ff66f8,1633625108190,13.4177282,52.4929506,5.1749573,4.339534,-5.0675964,-0.9196329,on bike mount,cyclo cross,True,sett,intermediate
aec73f87-871e-407c-b499-b32400fdae9d,ceb5cfda-79d5-4671-bf55-c8cc887418d7,49a44836-2850-4078-b87e-84e89a8e7b7b,1633625108255,13.4177282,52.4929506,5.1749573,3.039309,-4.922014,2.0445623,on bike mount,cyclo cross,True,sett,intermediate
aec73f87-871e-407c-b499-b32400fdae9d,ceb5cfda-79d5-4671-bf55-c8cc887418d7,e6936095-c277-4c87-9cb5-264ece73fa94,1633625108305,13.4177282,52.4929506,5.1749573,1.1049545,1.7810149,-8.74946,on bike mount,cyclo cross,True,sett,intermediate
aec73f87-871e-407c-b499-b32400fdae9d,ceb5cfda-79d5-4671-bf55-c8cc887418d7,dd8a3487-8af5-494d-aba7-65e086eddae4,1633625108356,13.4177282,52.4929506,5.1749573,-1.6041284,1.6709986,-8.947109,on bike mount,cyclo cross,True,sett,intermediate
aec73f87-871e-407c-b499-b32400fdae9d,ceb5cfda-79d5-4671-bf55-c8cc887418d7,8031d148-f47f-478c-82fb-c2373b40c54b,1633625108406,13.4177282,52.4929506,5.1749573,0.26009113,10.359667,-0.96045923,on bike mount,cyclo cross,True,sett,intermediate
aec73f87-871e-407c-b499-b32400fdae9d,ceb5cfda-79d5-4671-bf55-c8cc887418d7,b202c7a1-fc6e-481b-aaf7-10361ea5b06f,1633625108455,13.4177282,52.4929506,5.1749573,-1.4364532,-2.9611433,-0.29196548,on bike mount,cyclo cross,True,sett,intermediate
aec73f87-871e-407c-b499-b32400fdae9d,ceb5cfda-79d5-4671-bf55-c8cc887418d7,824c6bd7-da83-4b68-8409-606ed0096f25,1633625108505,13.4177282,52.4929506,5.1749573,0.76821107,6.932144,7.303507,on bike mount,cyclo cross,True,sett,intermediate
aec73f87-871e-407c-b499-b32400fdae9d,ceb5cfda-79d5-4671-bf55-c8cc887418d7,dffe65af-3dbb-444e-811d-0b23571570b9,1633625108557,13.4177741,52.492993,5.1446114,-0.7995746,-1.9615464,1.2901812,on bike mount,cyclo cross,True,sett,intermediate
aec73f87-871e-407c-b499-b32400fdae9d,ceb5cfda-79d5-4671-bf55-c8cc887418d7,3a000afb-7d6c-4d55-a3ba-11639fa01cd2,1633625108607,13.4177741,52.492993,5.1446114,-1.6148034,-12.405334,17.681068,on bike mount,cyclo cross,True,sett,intermediate
aec73f87-871e-407c-b499-b32400fdae9d,ceb5cfda-79d5-4671-bf55-c8cc887418d7,0f2544ab-b09e-4707-9a61-999ba104ad85,1633625108656,13.4177741,52.492993,5.1446114,-5.2069654,-18.495663,5.4457006,on bike mount,cyclo cross,True,sett,intermediate
aec73f87-871e-407c-b499-b32400fdae9d,ceb5cfda-79d5-4671-bf55-c8cc887418d7,60a85ea3-9ce1-443f-9875-7a1c08a0af8a,1633625108706,13.4177741,52.492993,5.1446114,-1.6234992,-2.4594433,9.157425,on bike mount,cyclo cross,True,sett,intermediate
aec73f87-871e-407c-b499-b32400fdae9d,ceb5cfda-79d5-4671-bf55-c8cc887418d7,7f35deab-4ef0-496d-8ed6-4eced5ab12fe,1633625108757,13.4177741,52.492993,5.1446114,-6.208373,-17.310524,19.184563,on bike mount,cyclo cross,True,sett,intermediate
aec73f87-871e-407c-b499-b32400fdae9d,ceb5cfda-79d5-4671-bf55-c8cc887418d7,42bdc1d7-4eed-4686-abd6-ae121e3d5713,1633625108823,13.4177741,52.492993,5.1446114,2.1848552,3.9362612,4.6766853,on bike mount,cyclo cross,True,sett,intermediate
aec73f87-871e-407c-b499-b32400fdae9d,ceb5cfda-79d5-4671-bf55-c8cc887418d7,948769ab-5324-4ecb-be48-11fc517b6d06,1633625108874,13.4177741,52.492993,5.1446114,11.328734,14.713807,-18.784258,on bike mount,cyclo cross,True,sett,intermediate
aec73f87-871e-407c-b499-b32400fdae9d,ceb5cfda-79d5-4671-bf55-c8cc887418d7,7e339e48-2910-4f6d-9b36-3d42a424721f,1633625108925,13.4177741,52.492993,5.1446114,-2.0981183,-1.6130376,8.88233,on bike mount,cyclo cross,True,sett,intermediate
aec73f87-871e-407c-b499-b32400fdae9d,ceb5cfda-79d5-4671-bf55-c8cc887418d7,d633f552-8eae-4d25-8769-61f8c5e56a14,1633625108990,13.4177741,52.492993,5.1446114,-8.324642,20.42025,-14.672954,on bike mount,cyclo cross,True,sett,intermediate
aec73f87-871e-407c-b499-b32400fdae9d,ceb5cfda-79d5-4671-bf55-c8cc887418d7,9053bf00-3acb-413f-baeb-1fea9e416a5f,1633625109041,13.4177741,52.492993,5.1446114,8.713202,25.19984,-15.061849,on bike mount,cyclo cross,True,sett,intermediate
aec73f87-871e-407c-b499-b32400fdae9d,ceb5cfda-79d5-4671-bf55-c8cc887418d7,236f7ab6-f6cb-49d3-87f4-d654d2c82922,1633625109092,13.4177741,52.492993,5.1446114,-6.677537,18.456474,-20.59432,on bike mount,cyclo cross,True,sett,intermediate
aec73f87-871e-407c-b499-b32400fdae9d,ceb5cfda-79d5-4671-bf55-c8cc887418d7,ccf6a1c5-cf1c-4f0f-afb0-c84b8d8c1e7f,1633625109142,13.4177741,52.492993,5.1446114,-0.06914973,-20.218494,10.148289,on bike mount,cyclo cross,True,sett,intermediate
aec73f87-871e-407c-b499-b32400fdae9d,ceb5cfda-79d5-4671-bf55-c8cc887418d7,bfa61fb4-f9b9-4e20-a1ac-70bc7a8b32cd,1633625109207,13.4177741,52.492993,5.1446114,4.9855146,15.293964,-12.624186,on bike mount,cyclo cross,True,sett,intermediate
aec73f87-871e-407c-b499-b32400fdae9d,ceb5cfda-79d5-4671-bf55-c8cc887418d7,7650bd44-1520-4d0f-9137-3795989a46b4,1633625109257,13.4177741,52.492993,5.1446114,-3.9306238,12.840862,-3.1315126,on bike mount,cyclo cross,True,sett,intermediate
aec73f87-871e-407c-b499-b32400fdae9d,ceb5cfda-79d5-4671-bf55-c8cc887418d7,6ccc77fa-9f4b-4396-abbb-3d7e70a73b27,1633625109308,13.4177741,52.492993,5.1446114,3.1938553,-16.097641,12.8306675,on bike mount,cyclo cross,True,sett,intermediate
aec73f87-871e-407c-b499-b32400fdae9d,ceb5cfda-79d5-4671-bf55-c8cc887418d7,c5658169-aaf4-42b2-b2e5-faec071f6e15,1633625109358,13.4177741,52.492993,5.1446114,0.5133862,-37.005577,26.674812,on bike mount,cyclo cross,True,sett,intermediate
aec73f87-871e-407c-b499-b32400fdae9d,ceb5cfda-79d5-4671-bf55-c8cc887418d7,ae2a1d14-3410-4944-94b0-3472af121a69,1633625109408,13.4177741,52.492993,5.1446114,2.0706792,-13.078761,29.361006,on bike mount,cyclo cross,True,sett,intermediate
aec73f87-871e-407c-b499-b32400fdae9d,ceb5cfda-79d5-4671-bf55-c8cc887418d7,8d1c6f6a-170d-4ad9-a218-bd4658a5561b,1633625109458,13.4177741,52.492993,5.1446114,-4.3406286,-5.0313444,-5.6222525,on bike mount,cyclo cross,True,sett,intermediate
aec73f87-871e-407c-b499-b32400fdae9d,ceb5cfda-79d5-4671-bf55-c8cc887418d7,dc6be7f0-8055-466e-9b1e-64f7760293e9,1633625109509,13.4177741,52.492993,5.1446114,2.9050047,-3.7770991,-14.44539,on bike mount,cyclo cross,True,sett,intermediate
aec73f87-871e-407c-b499-b32400fdae9d,ceb5cfda-79d5-4671-bf55-c8cc887418d7,bb670d05-2059-4470-bb81-cf8a2cec40cf,1633625109575,13.4178161,52.4930283,5.128655,-0.6305444,-30.297344,20.725706,on bike mount,cyclo cross,True,sett,intermediate
aec73f87-871e-407c-b499-b32400fdae9d,ceb5cfda-79d5-4671-bf55-c8cc887418d7,b40a83ab-2526-4a05-8736-c7f7dcb970f6,1633625109625,13.4178161,52.4930283,5.128655,-1.073169,-3.1006618,18.714626,on bike mount,cyclo cross,True,sett,intermediate
aec73f87-871e-407c-b499-b32400fdae9d,ceb5cfda-79d5-4671-bf55-c8cc887418d7,75203942-524c-496e-93f5-33c9eff5e50c,1633625109677,13.4178161,52.4930283,5.128655,-3.7271929,-12.388009,10.86946,on bike mount,cyclo cross,True,sett,intermediate
aec73f87-871e-407c-b499-b32400fdae9d,ceb5cfda-79d5-4671-bf55-c8cc887418d7,2d5c403e-eb36-4a66-aa87-559fcaaa6e03,1633625109741,13.4178161,52.4930283,5.128655,-5.5028844,2.142685,14.197473,on bike mount,cyclo cross,True,sett,intermediate
aec73f87-871e-407c-b499-b32400fdae9d,ceb5cfda-79d5-4671-bf55-c8cc887418d7,79ee8761-6076-429c-959b-5f638f94c3f6,1633625109792,13.4178161,52.4930283,5.128655,2.6900985,-26.028696,26.559635,on bike mount,cyclo cross,True,sett,intermediate
aec73f87-871e-407c-b499-b32400fdae9d,ceb5cfda-79d5-4671-bf55-c8cc887418d7,b5b0c90e-4ffc-4605-abbf-7b2147473ebd,1633625109842,13.4178161,52.4930283,5.128655,0.08271717,-29.819315,19.110323,on bike mount,cyclo cross,True,sett,intermediate
aec73f87-871e-407c-b499-b32400fdae9d,ceb5cfda-79d5-4671-bf55-c8cc887418d7,b0130f37-742b-49f2-8ee7-93cc2d3d3aa9,1633625109892,13.4178161,52.4930283,5.128655,-7.646038,-27.838905,14.432741,on bike mount,cyclo cross,True,sett,intermediate
aec73f87-871e-407c-b499-b32400fdae9d,ceb5cfda-79d5-4671-bf55-c8cc887418d7,74fce2a5-6786-48cf-a225-168d8126e5b2,1633625109942,13.4178161,52.4930283,5.128655,0.5267105,-22.65461,7.1218557,on bike mount,cyclo cross,True,sett,intermediate
aec73f87-871e-407c-b499-b32400fdae9d,ceb5cfda-79d5-4671-bf55-c8cc887418d7,24bb5bc0-1446-45e2-a045-5ffc6d747293,1633625109992,13.4178161,52.4930283,5.128655,-1.6732976,25.793728,-19.05972,on bike mount,cyclo cross,True,sett,intermediate
aec73f87-871e-407c-b499-b32400fdae9d,ceb5cfda-79d5-4671-bf55-c8cc887418d7,ffda4e20-15ce-4f9e-a838-bf769cd7f0b2,1633625110043,13.4178161,52.4930283,5.128655,-1.9799981,19.770487,-9.929553,on bike mount,cyclo cross,True,sett,intermediate
aec73f87-871e-407c-b499-b32400fdae9d,ceb5cfda-79d5-4671-bf55-c8cc887418d7,3a5c4ec0-84b6-44de-bdc5-3a7950e1b6a6,1633625110094,13.4178161,52.4930283,5.128655,1.7643123,5.149206,-13.102841,on bike mount,cyclo cross,True,sett,intermediate
aec73f87-871e-407c-b499-b32400fdae9d,ceb5cfda-79d5-4671-bf55-c8cc887418d7,1fd30390-6913-44a7-a371-ab8144c894c0,1633625110145,13.4178161,52.4930283,5.128655,4.193039,3.3269062,-6.7362814,on bike mount,cyclo cross,True,sett,intermediate
aec73f87-871e-407c-b499-b32400fdae9d,ceb5cfda-79d5-4671-bf55-c8cc887418d7,ee61ef1a-cbf4-4324-91b8-0881e8076f75,1633625110210,13.4178161,52.4930283,5.128655,-1.5188324,3.4262943,11.093123,on bike mount,cyclo cross,True,sett,intermediate
aec73f87-871e-407c-b499-b32400fdae9d,ceb5cfda-79d5-4671-bf55-c8cc887418d7,0f8dce65-fbb7-4c4a-8951-8f024ce16f9f,1633625110261,13.4178161,52.4930283,5.128655,-2.166793,-5.5056305,12.573181,on bike mount,cyclo cross,True,sett,intermediate
aec73f87-871e-407c-b499-b32400fdae9d,ceb5cfda-79d5-4671-bf55-c8cc887418d7,817c7a52-002d-44d7-aaf6-93e3a9fa6527,1633625110326,13.4178161,52.4930283,5.128655,-2.0000782,1.8714395,1.6765432,on bike mount,cyclo cross,True,sett,intermediate
aec73f87-871e-407c-b499-b32400fdae9d,ceb5cfda-79d5-4671-bf55-c8cc887418d7,8e7ec78a-c03e-4aeb-9ebf-5de424425a75,1633625110377,13.4178161,52.4930283,5.128655,-0.74671876,-12.405949,-1.3861303,on bike mount,cyclo cross,True,sett,intermediate
aec73f87-871e-407c-b499-b32400fdae9d,ceb5cfda-79d5-4671-bf55-c8cc887418d7,680d8a6c-b726-4c86-a204-22a83386910f,1633625110427,13.4178161,52.4930283,5.128655,-0.478485,-11.847451,11.597691,on bike mount,cyclo cross,True,sett,intermediate
aec73f87-871e-407c-b499-b32400fdae9d,ceb5cfda-79d5-4671-bf55-c8cc887418d7,073cca83-93bb-4775-9bdf-d1fedbafd2dd,1633625110477,13.4178161,52.4930283,5.128655,-2.6016471,-15.570176,7.532793,on bike mount,cyclo cross,True,sett,intermediate
aec73f87-871e-407c-b499-b32400fdae9d,ceb5cfda-79d5-4671-bf55-c8cc887418d7,3173a100-654b-46c9-a7b5-95113ab7f61d,1633625110528,13.4178161,52.4930283,5.128655,-0.82837224,-8.956093,5.6676273,on bike mount,cyclo cross,True,sett,intermediate
aec73f87-871e-407c-b499-b32400fdae9d,ceb5cfda-79d5-4671-bf55-c8cc887418d7,3b309d0a-f731-4319-9017-e5abb5b648cc,1633625110582,13.4178553,52.4930724,5.1566234,3.0023842,-0.8029587,20.582714,on bike mount,cyclo cross,True,sett,intermediate
aec73f87-871e-407c-b499-b32400fdae9d,ceb5cfda-79d5-4671-bf55-c8cc887418d7,3a794ebe-f718-4a6f-bd85-75cf9d924b12,1633625110643,13.4178553,52.4930724,5.1566234,-4.9458303,-7.6854916,15.891617,on bike mount,cyclo cross,True,sett,intermediate
aec73f87-871e-407c-b499-b32400fdae9d,ceb5cfda-79d5-4671-bf55-c8cc887418d7,3a0a0f1f-8955-4d40-9c08-c1fcb33cdd96,1633625110695,13.4178553,52.4930724,5.1566234,-0.65260947,-12.2287,16.039276,on bike mount,cyclo cross,True,sett,intermediate
aec73f87-871e-407c-b499-b32400fdae9d,ceb5cfda-79d5-4671-bf55-c8cc887418d7,d8e23551-9988-4567-8045-3c35075f63d8,1633625110760,13.4178553,52.4930724,5.1566234,-2.8536963,-13.947545,13.527727,on bike mount,cyclo cross,True,sett,intermediate
aec73f87-871e-407c-b499-b32400fdae9d,ceb5cfda-79d5-4671-bf55-c8cc887418d7,82ac5f15-34db-4c6a-8ceb-314fea17180a,1633625110811,13.4178553,52.4930724,5.1566234,0.9895831,-36.175613,15.652002,on bike mount,cyclo cross,True,sett,intermediate
aec73f87-871e-407c-b499-b32400fdae9d,ceb5cfda-79d5-4671-bf55-c8cc887418d7,8e11448b-6c29-4157-a863-54f8993db2c9,1633625110860,13.4178553,52.4930724,5.1566234,-0.6157378,-3.5250735,7.4122868,on bike mount,cyclo cross,True,sett,intermediate
aec73f87-871e-407c-b499-b32400fdae9d,ceb5cfda-79d5-4671-bf55-c8cc887418d7,ded87f61-68df-40bc-91a6-6c110c98a6f5,1633625110912,13.4178553,52.4930724,5.1566234,1.0342476,5.549155,8.715147,on bike mount,cyclo cross,True,sett,intermediate
aec73f87-871e-407c-b499-b32400fdae9d,ceb5cfda-79d5-4671-bf55-c8cc887418d7,4db04bf8-dc8f-493a-a3a6-c0f7b76cc9d5,1633625110979,13.4178553,52.4930724,5.1566234,-1.3578119,-3.8603396,3.538558,on bike mount,cyclo cross,True,sett,intermediate
aec73f87-871e-407c-b499-b32400fdae9d,ceb5cfda-79d5-4671-bf55-c8cc887418d7,c995c829-dc93-433c-ba89-787237f03146,1633625111046,13.4178553,52.4930724,5.1566234,-0.22793925,-12.284159,14.494916,on bike mount,cyclo cross,True,sett,intermediate
aec73f87-871e-407c-b499-b32400fdae9d,ceb5cfda-79d5-4671-bf55-c8cc887418d7,74d29dec-caba-42de-9c16-acc4381a435a,1633625111096,13.4178553,52.4930724,5.1566234,-0.47976035,-31.924583,27.336903,on bike mount,cyclo cross,True,sett,intermediate
aec73f87-871e-407c-b499-b32400fdae9d,ceb5cfda-79d5-4671-bf55-c8cc887418d7,49ba6400-3a2a-4e9e-aa9b-a93718db3f58,1633625111147,13.4178553,52.4930724,5.1566234,-2.5930033,11.10371,36.33078,on bike mount,cyclo cross,True,sett,intermediate
aec73f87-871e-407c-b499-b32400fdae9d,ceb5cfda-79d5-4671-bf55-c8cc887418d7,d8b45e88-d971-484b-ad65-0046ace80752,1633625111214,13.4178553,52.4930724,5.1566234,-2.2515001,-14.842771,10.455906,on bike mount,cyclo cross,True,sett,intermediate
aec73f87-871e-407c-b499-b32400fdae9d,ceb5cfda-79d5-4671-bf55-c8cc887418d7,c8839109-ae7c-48a0-b68b-dd125261a503,1633625111279,13.4178553,52.4930724,5.1566234,2.20325,-7.3677206,0.30473232,on bike mount,cyclo cross,True,sett,intermediate
aec73f87-871e-407c-b499-b32400fdae9d,ceb5cfda-79d5-4671-bf55-c8cc887418d7,c8bfb0c4-a43f-4307-adb4-53033d10d904,1633625111330,13.4178553,52.4930724,5.1566234,2.9103596,-4.869993,5.6954937,on bike mount,cyclo cross,True,sett,intermediate
aec73f87-871e-407c-b499-b32400fdae9d,ceb5cfda-79d5-4671-bf55-c8cc887418d7,9348733c-7d0a-4f88-8aab-b869cf0b231d,1633625111396,13.4178553,52.4930724,5.1566234,-1.4054843,14.117066,-19.696814,on bike mount,cyclo cross,True,sett,intermediate
aec73f87-871e-407c-b499-b32400fdae9d,ceb5cfda-79d5-4671-bf55-c8cc887418d7,6a651567-64ad-4f52-9604-437a92e2a0a6,1633625111447,13.4178553,52.4930724,5.1566234,4.7847824,18.123518,-12.6338005,on bike mount,cyclo cross,True,sett,intermediate
aec73f87-871e-407c-b499-b32400fdae9d,ceb5cfda-79d5-4671-bf55-c8cc887418d7,962f0d10-a946-4b5a-a982-cf84e8a3692b,1633625111497,13.4178553,52.4930724,5.1566234,-0.8632537,0.25626326,-7.4063697,on bike mount,cyclo cross,True,sett,intermediate
aec73f87-871e-407c-b499-b32400fdae9d,ceb5cfda-79d5-4671-bf55-c8cc887418d7,53f2cba4-c5da-465a-a62a-4af070cc5da7,1633625111563,13.4179084,52.4931302,4.6615767,-2.3531241,5.631818,2.0934978,on bike mount,cyclo cross,True,sett,intermediate
aec73f87-871e-407c-b499-b32400fdae9d,ceb5cfda-79d5-4671-bf55-c8cc887418d7,71eaca5c-84f2-4a30-b664-1422a18af5cd,1633625111612,13.4179084,52.4931302,4.6615767,4.9282856,2.3299375,-3.9155724,on bike mount,cyclo cross,True,sett,intermediate
aec73f87-871e-407c-b499-b32400fdae9d,ceb5cfda-79d5-4671-bf55-c8cc887418d7,d145334c-5c20-4af9-a599-469ebb61a19b,1633625111662,13.4179084,52.4931302,4.6615767,3.060571,14.00128,-12.733652,on bike mount,cyclo cross,True,sett,intermediate
aec73f87-871e-407c-b499-b32400fdae9d,ceb5cfda-79d5-4671-bf55-c8cc887418d7,df1f5f0a-a6c7-4aa5-b8ba-6090690d2d43,1633625111714,13.4179084,52.4931302,4.6615767,-0.11681855,-2.7716215,-8.686755,on bike mount,cyclo cross,True,sett,intermediate
aec73f87-871e-407c-b499-b32400fdae9d,ceb5cfda-79d5-4671-bf55-c8cc887418d7,6ce11dc5-e986-4fed-92ba-9f9b8f2def37,1633625111780,13.4179084,52.4931302,4.6615767,-4.453189,14.607071,-8.494537,on bike mount,cyclo cross,True,sett,intermediate
aec73f87-871e-407c-b499-b32400fdae9d,ceb5cfda-79d5-4671-bf55-c8cc887418d7,71fdcb77-3242-4add-b702-5337913df1f8,1633625111831,13.4179084,52.4931302,4.6615767,-0.09340218,-7.36522,-6.5049767,on bike mount,cyclo cross,True,sett,intermediate
aec73f87-871e-407c-b499-b32400fdae9d,ceb5cfda-79d5-4671-bf55-c8cc887418d7,f668e73c-3cf9-4dee-ba1b-4f66cb863d20,1633625111880,13.4179084,52.4931302,4.6615767,2.0857992,4.7708893,12.016943,on bike mount,cyclo cross,True,sett,intermediate
aec73f87-871e-407c-b499-b32400fdae9d,ceb5cfda-79d5-4671-bf55-c8cc887418d7,8d4ad683-3776-421d-aa5d-16a1cc62a781,1633625111931,13.4179084,52.4931302,4.6615767,-2.2431788,-12.739638,19.371916,on bike mount,cyclo cross,True,sett,intermediate
aec73f87-871e-407c-b499-b32400fdae9d,ceb5cfda-79d5-4671-bf55-c8cc887418d7,c009dba4-4ff3-4c0c-ba5f-cf4cd337fbef,1633625111982,13.4179084,52.4931302,4.6615767,-0.7543669,-40.963478,34.165527,on bike mount,cyclo cross,True,sett,intermediate
aec73f87-871e-407c-b499-b32400fdae9d,ceb5cfda-79d5-4671-bf55-c8cc887418d7,a5bb47a0-c559-4be0-a402-f2569d1c1e2b,1633625112048,13.4179084,52.4931302,4.6615767,-7.3603373,-8.975718,14.148258,on bike mount,cyclo cross,True,sett,intermediate
aec73f87-871e-407c-b499-b32400fdae9d,ceb5cfda-79d5-4671-bf55-c8cc887418d7,7ec3eb36-79cc-4d3d-adeb-328871623f4b,1633625112097,13.4179084,52.4931302,4.6615767,-2.1066804,-31.411041,19.82252,on bike mount,cyclo cross,True,sett,intermediate
aec73f87-871e-407c-b499-b32400fdae9d,ceb5cfda-79d5-4671-bf55-c8cc887418d7,d057f6b0-7109-4623-9e58-b8a9268b6129,1633625112148,13.4179084,52.4931302,4.6615767,-1.3430355,10.5582905,2.747429,on bike mount,cyclo cross,True,sett,intermediate
aec73f87-871e-407c-b499-b32400fdae9d,ceb5cfda-79d5-4671-bf55-c8cc887418d7,0581a08d-9856-461c-b973-b6b90f6470ba,1633625112198,13.4179084,52.4931302,4.6615767,-0.64830136,-3.8154843,5.974786,on bike mount,cyclo cross,True,sett,intermediate
aec73f87-871e-407c-b499-b32400fdae9d,ceb5cfda-79d5-4671-bf55-c8cc887418d7,786a6788-4fef-4883-8ac6-c4ec4477a6df,1633625112248,13.4179084,52.4931302,4.6615767,1.705764,2.1637459,-2.9732451,on bike mount,cyclo cross,True,sett,intermediate
aec73f87-871e-407c-b499-b32400fdae9d,ceb5cfda-79d5-4671-bf55-c8cc887418d7,819cda63-a8c6-4800-b19c-c8a2ab33b0ce,1633625112299,13.4179084,52.4931302,4.6615767,0.2901973,-3.3525696,11.400753,on bike mount,cyclo cross,True,sett,intermediate
aec73f87-871e-407c-b499-b32400fdae9d,ceb5cfda-79d5-4671-bf55-c8cc887418d7,bab1b7e5-c213-46ce-9b17-542a47732467,1633625112366,13.4179084,52.4931302,4.6615767,-1.7372139,5.7687144,7.2979937,on bike mount,cyclo cross,True,sett,intermediate
aec73f87-871e-407c-b499-b32400fdae9d,ceb5cfda-79d5-4671-bf55-c8cc887418d7,769e7ed2-c94a-497c-81f4-cfad77fb2e30,1633625112415,13.4179084,52.4931302,4.6615767,-0.6161132,-14.042114,13.860178,on bike mount,cyclo cross,True,sett,intermediate
aec73f87-871e-407c-b499-b32400fdae9d,ceb5cfda-79d5-4671-bf55-c8cc887418d7,a7cc0f75-078c-4b88-88ad-9ff61a2d95ee,1633625112465,13.4179084,52.4931302,4.6615767,1.0914509,4.299773,-3.3804631,on bike mount,cyclo cross,True,sett,intermediate
aec73f87-871e-407c-b499-b32400fdae9d,ceb5cfda-79d5-4671-bf55-c8cc887418d7,3931cf93-06ac-4451-a5b7-f6f90a6ce723,1633625112516,13.4179084,52.4931302,4.6615767,-2.0341034,17.684196,-5.2042084,on bike mount,cyclo cross,True,sett,intermediate
aec73f87-871e-407c-b499-b32400fdae9d,ceb5cfda-79d5-4671-bf55-c8cc887418d7,78779b28-2fa7-46a7-8529-3386b5a064a3,1633625112582,13.4179377,52.4931783,4.91595,2.887163,-5.142782,25.977373,on bike mount,cyclo cross,True,sett,intermediate
aec73f87-871e-407c-b499-b32400fdae9d,ceb5cfda-79d5-4671-bf55-c8cc887418d7,78e4648d-dca6-4c13-a0a8-b8ad8c48ad4c,1633625112631,13.4179377,52.4931783,4.91595,-0.15662527,5.6391068,-1.8146415,on bike mount,cyclo cross,True,sett,intermediate
aec73f87-871e-407c-b499-b32400fdae9d,ceb5cfda-79d5-4671-bf55-c8cc887418d7,63f1343d-6d59-4b28-bfcd-c4c48cccd423,1633625112682,13.4179377,52.4931783,4.91595,2.620092,-24.186283,15.972103,on bike mount,cyclo cross,True,sett,intermediate
aec73f87-871e-407c-b499-b32400fdae9d,ceb5cfda-79d5-4671-bf55-c8cc887418d7,8bd3786a-005e-4890-8a9c-82a93429cb52,1633625112733,13.4179377,52.4931783,4.91595,-2.2767746,15.884211,1.0198593,on bike mount,cyclo cross,True,sett,intermediate
aec73f87-871e-407c-b499-b32400fdae9d,ceb5cfda-79d5-4671-bf55-c8cc887418d7,bd3594e2-99a5-4581-820e-c438d3f802c2,1633625112799,13.4179377,52.4931783,4.91595,1.3447428,-9.086932,3.2460198,on bike mount,cyclo cross,True,sett,intermediate
aec73f87-871e-407c-b499-b32400fdae9d,ceb5cfda-79d5-4671-bf55-c8cc887418d7,8bea718b-9b87-42b5-a1ee-b0f941ceabae,1633625112850,13.4179377,52.4931783,4.91595,1.1351819,5.404149,-0.15493631,on bike mount,cyclo cross,True,sett,intermediate
aec73f87-871e-407c-b499-b32400fdae9d,ceb5cfda-79d5-4671-bf55-c8cc887418d7,b67f3a02-a5d3-48b1-aec7-c198b0e1dd44,1633625112901,13.4179377,52.4931783,4.91595,4.7759285,-0.35179758,5.09037,on bike mount,cyclo cross,True,sett,intermediate
aec73f87-871e-407c-b499-b32400fdae9d,ceb5cfda-79d5-4671-bf55-c8cc887418d7,78adbd4a-8143-4e7b-907e-16e56c2ed400,1633625112966,13.4179377,52.4931783,4.91595,0.42226428,-15.740538,14.129276,on bike mount,cyclo cross,True,sett,intermediate
aec73f87-871e-407c-b499-b32400fdae9d,ceb5cfda-79d5-4671-bf55-c8cc887418d7,7828310a-d819-483d-bb0c-2fb4873eb8ee,1633625113016,13.4179377,52.4931783,4.91595,4.4673386,-24.376102,8.1116495,on bike mount,cyclo cross,True,sett,intermediate
aec73f87-871e-407c-b499-b32400fdae9d,ceb5cfda-79d5-4671-bf55-c8cc887418d7,79439cde-cc3e-49d8-8404-8f016db91c70,1633625113066,13.4179377,52.4931783,4.91595,1.9687414,6.843355,2.342235,on bike mount,cyclo cross,True,sett,intermediate
aec73f87-871e-407c-b499-b32400fdae9d,ceb5cfda-79d5-4671-bf55-c8cc887418d7,c30fac3a-b205-42a2-a08f-742cdc6c0042,1633625113116,13.4179377,52.4931783,4.91595,-1.9617068,12.565454,-19.24684,on bike mount,cyclo cross,True,sett,intermediate
aec73f87-871e-407c-b499-b32400fdae9d,ceb5cfda-79d5-4671-bf55-c8cc887418d7,98b29d63-60e9-40fe-994a-b1eb0f5f7b4d,1633625113167,13.4179377,52.4931783,4.91595,0.88629097,2.3896313,-12.057924,on bike mount,cyclo cross,True,sett,intermediate
aec73f87-871e-407c-b499-b32400fdae9d,ceb5cfda-79d5-4671-bf55-c8cc887418d7,dbd3fd32-885a-48f8-93f2-74e1b329d9a1,1633625113218,13.4179377,52.4931783,4.91595,-0.26361537,-4.9300346,-3.605929,on bike mount,cyclo cross,True,sett,intermediate
aec73f87-871e-407c-b499-b32400fdae9d,ceb5cfda-79d5-4671-bf55-c8cc887418d7,51910c13-605a-4eac-9895-7108fda739c1,1633625113284,13.4179377,52.4931783,4.91595,1.1509408,-5.681605,-2.0385818,on bike mount,cyclo cross,True,sett,intermediate
aec73f87-871e-407c-b499-b32400fdae9d,ceb5cfda-79d5-4671-bf55-c8cc887418d7,066272e3-eb39-46e0-8145-68d348fc0c5d,1633625113335,13.4179377,52.4931783,4.91595,5.1146765,2.668262,2.3252802,on bike mount,cyclo cross,True,sett,intermediate
aec73f87-871e-407c-b499-b32400fdae9d,ceb5cfda-79d5-4671-bf55-c8cc887418d7,8af86bc9-100c-4159-9048-c3aad8ccaa45,1633625113400,13.4179377,52.4931783,4.91595,0.80175877,2.6863651,-5.8586335,on bike mount,cyclo cross,True,sett,intermediate
aec73f87-871e-407c-b499-b32400fdae9d,ceb5cfda-79d5-4671-bf55-c8cc887418d7,78e9897a-7716-480e-84c8-515acbcb6bbf,1633625113451,13.4179377,52.4931783,4.91595,-0.84763634,-0.6212349,12.829717,on bike mount,cyclo cross,True,sett,intermediate
aec73f87-871e-407c-b499-b32400fdae9d,ceb5cfda-79d5-4671-bf55-c8cc887418d7,153aa4ec-42ea-4f8a-8a86-895769de4ac2,1633625113517,13.4179377,52.4931783,4.91595,-4.3556194,4.2751684,-3.9252386,on bike mount,cyclo cross,True,sett,intermediate
aec73f87-871e-407c-b499-b32400fdae9d,ceb5cfda-79d5-4671-bf55-c8cc887418d7,cc4a878f-c27d-4699-86f3-7e0dd2e05707,1633625113568,13.4179769,52.493217,4.928977,-2.0736055,-6.8891478,5.0878315,on bike mount,cyclo cross,True,sett,intermediate
aec73f87-871e-407c-b499-b32400fdae9d,ceb5cfda-79d5-4671-bf55-c8cc887418d7,c0f81e8d-3111-4354-a2e0-3e83b0a43412,1633625113633,13.4179769,52.493217,4.928977,-0.8352076,0.4390018,6.3052187,on bike mount,cyclo cross,True,sett,intermediate
aec73f87-871e-407c-b499-b32400fdae9d,ceb5cfda-79d5-4671-bf55-c8cc887418d7,a11ee437-88f9-4874-8933-c8c27de1b038,1633625113684,13.4179769,52.493217,4.928977,-0.6492133,5.491045,9.082197,on bike mount,cyclo cross,True,sett,intermediate
aec73f87-871e-407c-b499-b32400fdae9d,ceb5cfda-79d5-4671-bf55-c8cc887418d7,9d7a2f85-1fc6-4d2b-8154-07018190b3de,1633625113735,13.4179769,52.493217,4.928977,-3.0436716,11.038162,-9.123902,on bike mount,cyclo cross,True,sett,intermediate
aec73f87-871e-407c-b499-b32400fdae9d,ceb5cfda-79d5-4671-bf55-c8cc887418d7,bafeeeec-604f-4266-8b6c-845bda121103,1633625113786,13.4179769,52.493217,4.928977,1.9397082,-10.233665,8.800465,on bike mount,cyclo cross,True,sett,intermediate
aec73f87-871e-407c-b499-b32400fdae9d,ceb5cfda-79d5-4671-bf55-c8cc887418d7,07bc3c47-881e-4bcc-a84b-5e6e99262937,1633625113853,13.4179769,52.493217,4.928977,2.9120193,-4.908193,5.2429,on bike mount,cyclo cross,True,sett,intermediate
aec73f87-871e-407c-b499-b32400fdae9d,ceb5cfda-79d5-4671-bf55-c8cc887418d7,c007a724-a63d-4dd8-9f2e-824325029e69,1633625113902,13.4179769,52.493217,4.928977,1.0067492,1.8914566,-3.0573912,on bike mount,cyclo cross,True,sett,intermediate
aec73f87-871e-407c-b499-b32400fdae9d,ceb5cfda-79d5-4671-bf55-c8cc887418d7,92b1c77c-b515-4e49-835c-088ff5e31f50,1633625113953,13.4179769,52.493217,4.928977,2.0059927,0.5374696,-5.5638742,on bike mount,cyclo cross,True,sett,intermediate
aec73f87-871e-407c-b499-b32400fdae9d,ceb5cfda-79d5-4671-bf55-c8cc887418d7,d3616c85-c7d5-4e34-831c-4ff512114b22,1633625114003,13.4179769,52.493217,4.928977,-0.18498707,-2.8850803,10.862518,on bike mount,cyclo cross,True,sett,intermediate
aec73f87-871e-407c-b499-b32400fdae9d,ceb5cfda-79d5-4671-bf55-c8cc887418d7,c9259a97-26be-445f-84ba-0ccea9bbaa92,1633625114069,13.4179769,52.493217,4.928977,0.6950193,-16.527054,19.048386,on bike mount,cyclo cross,True,sett,intermediate
aec73f87-871e-407c-b499-b32400fdae9d,ceb5cfda-79d5-4671-bf55-c8cc887418d7,b4bacb14-ecba-465b-9e10-1d3a22734b22,1633625114121,13.4179769,52.493217,4.928977,0.86069655,1.0859866,-6.707171,on bike mount,cyclo cross,True,sett,intermediate
aec73f87-871e-407c-b499-b32400fdae9d,ceb5cfda-79d5-4671-bf55-c8cc887418d7,b2889595-1eea-4a2f-b5fb-0e4f16a27151,1633625114186,13.4179769,52.493217,4.928977,0.8364235,-23.192272,16.94818,on bike mount,cyclo cross,True,sett,intermediate
aec73f87-871e-407c-b499-b32400fdae9d,ceb5cfda-79d5-4671-bf55-c8cc887418d7,3120c7f5-2e61-4dce-8a26-6ece4ead33ba,1633625114236,13.4179769,52.493217,4.928977,-0.2647635,-8.452192,-2.5471401,on bike mount,cyclo cross,True,sett,intermediate
aec73f87-871e-407c-b499-b32400fdae9d,ceb5cfda-79d5-4671-bf55-c8cc887418d7,b056e2cb-8242-4a63-819a-daf36382a5ec,1633625114286,13.4179769,52.493217,4.928977,0.44459695,5.8585863,10.2263,on bike mount,cyclo cross,True,sett,intermediate
aec73f87-871e-407c-b499-b32400fdae9d,ceb5cfda-79d5-4671-bf55-c8cc887418d7,86b06295-4256-4f77-901e-356f63ba6ee5,1633625114337,13.4179769,52.493217,4.928977,-2.7408466,-2.4488223,-1.4585252,on bike mount,cyclo cross,True,sett,intermediate
aec73f87-871e-407c-b499-b32400fdae9d,ceb5cfda-79d5-4671-bf55-c8cc887418d7,4512897e-cadd-4d7d-831c-6821d79e391e,1633625114389,13.4179769,52.493217,4.928977,0.039221108,6.5966387,-4.6702127,on bike mount,cyclo cross,True,sett,intermediate
aec73f87-871e-407c-b499-b32400fdae9d,ceb5cfda-79d5-4671-bf55-c8cc887418d7,230ff4be-1420-48e9-bdbf-1d192e40a510,1633625114453,13.4179769,52.493217,4.928977,-1.6283591,3.988926,-11.440124,on bike mount,cyclo cross,True,sett,intermediate
aec73f87-871e-407c-b499-b32400fdae9d,ceb5cfda-79d5-4671-bf55-c8cc887418d7,43975531-a130-415f-996e-13b186c70764,1633625114504,13.4179769,52.493217,4.928977,0.3284478,-8.067112,-7.519063,on bike mount,cyclo cross,True,sett,intermediate
aec73f87-871e-407c-b499-b32400fdae9d,ceb5cfda-79d5-4671-bf55-c8cc887418d7,ebf8fc49-93b9-4793-b76c-b7012f0bd30a,1633625114569,13.4180161,52.4932547,4.915824,-2.9526298,-1.4237831,-0.34337044,on bike mount,cyclo cross,True,sett,intermediate
aec73f87-871e-407c-b499-b32400fdae9d,ceb5cfda-79d5-4671-bf55-c8cc887418d7,9bf84649-6a37-4bb5-909b-a1be3e0d7de4,1633625114621,13.4180161,52.4932547,4.915824,-0.593402,0.4150877,17.037424,on bike mount,cyclo cross,True,sett,intermediate
aec73f87-871e-407c-b499-b32400fdae9d,ceb5cfda-79d5-4671-bf55-c8cc887418d7,d933b545-83ef-4c3e-9f10-51aa917402e4,1633625114686,13.4180161,52.4932547,4.915824,1.116381,-14.2038,7.750348,on bike mount,cyclo cross,True,sett,intermediate
aec73f87-871e-407c-b499-b32400fdae9d,ceb5cfda-79d5-4671-bf55-c8cc887418d7,f012fa42-d6c0-4d88-aac9-c39b49b39661,1633625114737,13.4180161,52.4932547,4.915824,1.2062466,-0.71969986,4.762491,on bike mount,cyclo cross,True,sett,intermediate
aec73f87-871e-407c-b499-b32400fdae9d,ceb5cfda-79d5-4671-bf55-c8cc887418d7,5c510f25-4970-4ba8-8943-69e8bddfdde4,1633625114788,13.4180161,52.4932547,4.915824,-1.8299279,-4.680986,7.5892076,on bike mount,cyclo cross,True,sett,intermediate
aec73f87-871e-407c-b499-b32400fdae9d,ceb5cfda-79d5-4671-bf55-c8cc887418d7,e39365fb-ac76-44ed-9c15-f0f696eeb0d5,1633625114853,13.4180161,52.4932547,4.915824,0.078657925,-1.4114299,5.758539,on bike mount,cyclo cross,True,sett,intermediate
aec73f87-871e-407c-b499-b32400fdae9d,ceb5cfda-79d5-4671-bf55-c8cc887418d7,08e59ddb-0cf3-4621-a74c-dcdf3e2e3be5,1633625114904,13.4180161,52.4932547,4.915824,-1.2076524,2.8760238,-8.360607,on bike mount,cyclo cross,True,sett,intermediate
aec73f87-871e-407c-b499-b32400fdae9d,ceb5cfda-79d5-4671-bf55-c8cc887418d7,df75f7e6-416b-49ac-9de1-dcf8f5b2e5c5,1633625114955,13.4180161,52.4932547,4.915824,0.28106964,-10.09757,-0.77891254,on bike mount,cyclo cross,True,sett,intermediate
aec73f87-871e-407c-b499-b32400fdae9d,ceb5cfda-79d5-4671-bf55-c8cc887418d7,22fefbc9-a131-4949-83e2-a57a6c959ccd,1633625115021,13.4180161,52.4932547,4.915824,-0.18249458,9.279992,-2.467535,on bike mount,cyclo cross,True,sett,intermediate
aec73f87-871e-407c-b499-b32400fdae9d,ceb5cfda-79d5-4671-bf55-c8cc887418d7,7f2b778e-c914-486b-8cc5-590ef01f6c25,1633625115088,13.4180161,52.4932547,4.915824,-2.0492501,-0.38532877,0.33300686,on bike mount,cyclo cross,True,sett,intermediate
aec73f87-871e-407c-b499-b32400fdae9d,ceb5cfda-79d5-4671-bf55-c8cc887418d7,efc72f1f-6222-4753-9f8c-a6bd51c82157,1633625115155,13.4180161,52.4932547,4.915824,3.9564369,13.490458,-24.495586,on bike mount,cyclo cross,True,sett,intermediate
aec73f87-871e-407c-b499-b32400fdae9d,ceb5cfda-79d5-4671-bf55-c8cc887418d7,86d32c2a-2184-4a25-af71-247938b5f839,1633625115223,13.4180161,52.4932547,4.915824,-3.5696094,11.133404,-13.5066805,on bike mount,cyclo cross,True,sett,intermediate
aec73f87-871e-407c-b499-b32400fdae9d,ceb5cfda-79d5-4671-bf55-c8cc887418d7,ea0b1fb4-26d7-4aee-a2a3-6adcb374cb18,1633625115288,13.4180161,52.4932547,4.915824,3.8055625,-27.694069,11.969752,on bike mount,cyclo cross,True,sett,intermediate
aec73f87-871e-407c-b499-b32400fdae9d,ceb5cfda-79d5-4671-bf55-c8cc887418d7,48c62395-0ed4-458c-94bb-66c448af7779,1633625115338,13.4180161,52.4932547,4.915824,-0.6055758,-8.804363,0.2536416,on bike mount,cyclo cross,True,sett,intermediate
aec73f87-871e-407c-b499-b32400fdae9d,ceb5cfda-79d5-4671-bf55-c8cc887418d7,22d43dc6-7986-484e-9b3d-448f26c7689d,1633625115405,13.4180161,52.4932547,4.915824,-0.023149401,-9.755617,1.9451218,on bike mount,cyclo cross,True,sett,intermediate
aec73f87-871e-407c-b499-b32400fdae9d,ceb5cfda-79d5-4671-bf55-c8cc887418d7,6d0b6fab-25ec-4402-8ce6-2978d31e3156,1633625115455,13.4180161,52.4932547,4.915824,-1.1769369,-14.366127,5.0140104,on bike mount,cyclo cross,True,sett,intermediate
aec73f87-871e-407c-b499-b32400fdae9d,ceb5cfda-79d5-4671-bf55-c8cc887418d7,475c1c7e-e7be-4c21-aca2-03c63b4bad93,1633625115505,13.4180161,52.4932547,4.915824,1.2818584,-19.084429,1.3503485,on bike mount,cyclo cross,True,sett,intermediate
aec73f87-871e-407c-b499-b32400fdae9d,ceb5cfda-79d5-4671-bf55-c8cc887418d7,f252f76c-0d3c-4b55-92dc-8b42bcd91e93,1633625115556,13.4180458,52.4932921,4.8694286,2.5891237,15.974905,-11.699361,on bike mount,cyclo cross,True,sett,intermediate
aec73f87-871e-407c-b499-b32400fdae9d,ceb5cfda-79d5-4671-bf55-c8cc887418d7,d08d52f0-9b41-488f-82e1-f979aaf2608c,1633625115609,13.4180458,52.4932921,4.8694286,2.234341,-5.443453,7.718317,on bike mount,cyclo cross,True,sett,intermediate
aec73f87-871e-407c-b499-b32400fdae9d,ceb5cfda-79d5-4671-bf55-c8cc887418d7,6b36c972-c5dd-433a-b4e2-a7c20f428598,1633625115672,13.4180458,52.4932921,4.8694286,-0.22115648,-0.58696175,13.304534,on bike mount,cyclo cross,True,sett,intermediate
aec73f87-871e-407c-b499-b32400fdae9d,ceb5cfda-79d5-4671-bf55-c8cc887418d7,ba84669e-f730-41a6-b60a-1bd72f94e589,1633625115722,13.4180458,52.4932921,4.8694286,-4.483472,-6.628022,-2.9238677,on bike mount,cyclo cross,True,sett,intermediate
aec73f87-871e-407c-b499-b32400fdae9d,ceb5cfda-79d5-4671-bf55-c8cc887418d7,61326b3c-03b1-4cab-8764-1e141a120030,1633625115772,13.4180458,52.4932921,4.8694286,0.30236727,15.864896,-8.021349,on bike mount,cyclo cross,True,sett,intermediate
aec73f87-871e-407c-b499-b32400fdae9d,ceb5cfda-79d5-4671-bf55-c8cc887418d7,178a5d85-9fba-46e8-92bd-371a718231bc,1633625115823,13.4180458,52.4932921,4.8694286,2.1365123,-11.297897,10.51067,on bike mount,cyclo cross,True,sett,intermediate
aec73f87-871e-407c-b499-b32400fdae9d,ceb5cfda-79d5-4671-bf55-c8cc887418d7,f89231c8-e55e-4a08-a6f4-24d9047e170e,1633625115890,13.4180458,52.4932921,4.8694286,0.09615224,2.0638819,0.17572308,on bike mount,cyclo cross,True,sett,intermediate
aec73f87-871e-407c-b499-b32400fdae9d,ceb5cfda-79d5-4671-bf55-c8cc887418d7,789adb5e-84f8-4f51-9d73-fb4ebc6fe0a5,1633625115940,13.4180458,52.4932921,4.8694286,3.9514244,-0.825351,-1.40943,on bike mount,cyclo cross,True,sett,intermediate
aec73f87-871e-407c-b499-b32400fdae9d,ceb5cfda-79d5-4671-bf55-c8cc887418d7,aae07432-2e70-49b4-a3c7-cfd25692d9ba,1633625116006,13.4180458,52.4932921,4.8694286,-2.259623,-13.148302,-1.6088238,on bike mount,cyclo cross,True,sett,intermediate
aec73f87-871e-407c-b499-b32400fdae9d,ceb5cfda-79d5-4671-bf55-c8cc887418d7,f65b9628-b3aa-485e-9c2a-33da774a5467,1633625116057,13.4180458,52.4932921,4.8694286,6.58856,16.38551,-18.90455,on bike mount,cyclo cross,True,sett,intermediate
aec73f87-871e-407c-b499-b32400fdae9d,ceb5cfda-79d5-4671-bf55-c8cc887418d7,55a68e5a-26e2-45d8-8ad4-8844d57ce31e,1633625116106,13.4180458,52.4932921,4.8694286,-2.4154892,6.0922346,-9.315775,on bike mount,cyclo cross,True,sett,intermediate
aec73f87-871e-407c-b499-b32400fdae9d,ceb5cfda-79d5-4671-bf55-c8cc887418d7,109a58c6-9b39-4154-afe6-820bef4df25b,1633625116157,13.4180458,52.4932921,4.8694286,0.53209496,-6.7053432,0.48749256,on bike mount,cyclo cross,True,sett,intermediate
aec73f87-871e-407c-b499-b32400fdae9d,ceb5cfda-79d5-4671-bf55-c8cc887418d7,edd847e7-28e4-464b-b120-840cdb03b299,1633625116207,13.4180458,52.4932921,4.8694286,0.93636775,-10.651814,9.749194,on bike mount,cyclo cross,True,sett,intermediate
aec73f87-871e-407c-b499-b32400fdae9d,ceb5cfda-79d5-4671-bf55-c8cc887418d7,3d319aa8-934d-41e4-8727-ea1bad445116,1633625116258,13.4180458,52.4932921,4.8694286,1.3266135,-4.3031635,6.1181345,on bike mount,cyclo cross,True,sett,intermediate
aec73f87-871e-407c-b499-b32400fdae9d,ceb5cfda-79d5-4671-bf55-c8cc887418d7,1affca57-ec42-4393-9424-dad188a05b5a,1633625116308,13.4180458,52.4932921,4.8694286,-0.2017617,4.571267,2.816774,on bike mount,cyclo cross,True,sett,intermediate
aec73f87-871e-407c-b499-b32400fdae9d,ceb5cfda-79d5-4671-bf55-c8cc887418d7,5d5a82da-c974-4917-807a-624c1bc72d03,1633625116374,13.4180458,52.4932921,4.8694286,-0.79052097,1.0361328,22.23458,on bike mount,cyclo cross,True,sett,intermediate
aec73f87-871e-407c-b499-b32400fdae9d,ceb5cfda-79d5-4671-bf55-c8cc887418d7,dd55205a-6bdc-4072-ad5c-2c2590211f82,1633625116425,13.4180458,52.4932921,4.8694286,-5.8679237,-6.304878,11.565969,on bike mount,cyclo cross,True,sett,intermediate
aec73f87-871e-407c-b499-b32400fdae9d,ceb5cfda-79d5-4671-bf55-c8cc887418d7,ed754870-a46e-42ab-8c9b-4d447b20e785,1633625116490,13.4180458,52.4932921,4.8694286,5.0075803,6.3460083,0.20836926,on bike mount,cyclo cross,True,sett,intermediate
aec73f87-871e-407c-b499-b32400fdae9d,ceb5cfda-79d5-4671-bf55-c8cc887418d7,060c381d-0a26-48ac-9a1b-0651cd175f8e,1633625116541,13.4180458,52.4932921,4.8694286,2.9662356,-2.4274614,0.8425064,on bike mount,cyclo cross,True,sett,intermediate
aec73f87-871e-407c-b499-b32400fdae9d,ceb5cfda-79d5-4671-bf55-c8cc887418d7,dc3319b9-0bbd-41c2-94f9-8998770e64ab,1633625116591,13.4180717,52.4933239,4.878593,3.4175897,-5.0456324,0.8393297,on bike mount,cyclo cross,True,sett,intermediate
aec73f87-871e-407c-b499-b32400fdae9d,6fbceb7e-b888-492f-9e05-415000f61e36,9c97212c-08b7-4422-8649-7082e352648c,1633625114387,13.4179769,52.493217,4.928977,-2.2644072,7.4451094,-4.2064447,on bike mount,cyclo cross,True,sett,intermediate
aec73f87-871e-407c-b499-b32400fdae9d,6fbceb7e-b888-492f-9e05-415000f61e36,c9493b4c-8f68-4c7d-bce9-13e8fe5a460a,1633625114437,13.4179769,52.493217,4.928977,0.96405864,2.3104467,-12.225017,on bike mount,cyclo cross,True,sett,intermediate
aec73f87-871e-407c-b499-b32400fdae9d,6fbceb7e-b888-492f-9e05-415000f61e36,8611c183-97f1-43c8-8f06-4922a1a4299c,1633625114504,13.4179769,52.493217,4.928977,0.3284478,-8.067112,-7.519063,on bike mount,cyclo cross,True,sett,intermediate
aec73f87-871e-407c-b499-b32400fdae9d,6fbceb7e-b888-492f-9e05-415000f61e36,97e2c234-8a48-4100-b087-857053991464,1633625114569,13.4180161,52.4932547,4.915824,-2.9526298,-1.4237831,-0.34337044,on bike mount,cyclo cross,True,sett,intermediate
aec73f87-871e-407c-b499-b32400fdae9d,6fbceb7e-b888-492f-9e05-415000f61e36,a4ec4b36-b743-4a95-9493-06bf4c7156b4,1633625114621,13.4180161,52.4932547,4.915824,-0.593402,0.4150877,17.037424,on bike mount,cyclo cross,True,sett,intermediate
aec73f87-871e-407c-b499-b32400fdae9d,6fbceb7e-b888-492f-9e05-415000f61e36,9677e9f6-ef55-487a-aba7-90b15c476245,1633625114686,13.4180161,52.4932547,4.915824,1.116381,-14.2038,7.750348,on bike mount,cyclo cross,True,sett,intermediate
aec73f87-871e-407c-b499-b32400fdae9d,6fbceb7e-b888-492f-9e05-415000f61e36,198fdf6f-1137-4b40-a5a0-ed7a9cb13b67,1633625114737,13.4180161,52.4932547,4.915824,1.2062466,-0.71969986,4.762491,on bike mount,cyclo cross,True,sett,intermediate
aec73f87-871e-407c-b499-b32400fdae9d,6fbceb7e-b888-492f-9e05-415000f61e36,9518e57b-d020-41b4-bbd3-bd2f22060c8e,1633625114788,13.4180161,52.4932547,4.915824,-1.8299279,-4.680986,7.5892076,on bike mount,cyclo cross,True,sett,intermediate
aec73f87-871e-407c-b499-b32400fdae9d,6fbceb7e-b888-492f-9e05-415000f61e36,19f899a8-a8b7-42bf-a114-229dbcf79559,1633625114853,13.4180161,52.4932547,4.915824,0.078657925,-1.4114299,5.758539,on bike mount,cyclo cross,True,sett,intermediate
aec73f87-871e-407c-b499-b32400fdae9d,6fbceb7e-b888-492f-9e05-415000f61e36,1593c493-3c83-4331-9bc2-0a66c0d9a23a,1633625114903,13.4180161,52.4932547,4.915824,-1.2076524,2.8760238,-8.360607,on bike mount,cyclo cross,True,sett,intermediate
aec73f87-871e-407c-b499-b32400fdae9d,6fbceb7e-b888-492f-9e05-415000f61e36,48672a49-cae4-4ca9-9d26-ec86fcb53c31,1633625114953,13.4180161,52.4932547,4.915824,-0.34600204,-12.182762,0.8596544,on bike mount,cyclo cross,True,sett,intermediate
aec73f87-871e-407c-b499-b32400fdae9d,6fbceb7e-b888-492f-9e05-415000f61e36,a7905435-cba2-4522-b424-f45d28e259af,1633625115003,13.4180161,52.4932547,4.915824,1.1599903,2.2159033,1.455903,on bike mount,cyclo cross,True,sett,intermediate
aec73f87-871e-407c-b499-b32400fdae9d,6fbceb7e-b888-492f-9e05-415000f61e36,1069b714-db85-46d7-ae7b-733c4230f242,1633625115053,13.4180161,52.4932547,4.915824,-4.431715,13.479887,1.0886536,on bike mount,cyclo cross,True,sett,intermediate
aec73f87-871e-407c-b499-b32400fdae9d,6fbceb7e-b888-492f-9e05-415000f61e36,7d6971d3-c6b7-4a15-a1fc-6a5696fd7566,1633625115104,13.4180161,52.4932547,4.915824,0.3340404,11.925546,-10.482559,on bike mount,cyclo cross,True,sett,intermediate
aec73f87-871e-407c-b499-b32400fdae9d,6fbceb7e-b888-492f-9e05-415000f61e36,685b2ff2-7eb6-440b-b971-3666bb7bb4b5,1633625115155,13.4180161,52.4932547,4.915824,3.9564369,13.490458,-24.495586,on bike mount,cyclo cross,True,sett,intermediate
aec73f87-871e-407c-b499-b32400fdae9d,6fbceb7e-b888-492f-9e05-415000f61e36,ce23e9ea-ae80-4534-a90d-dbddbf6bc2ad,1633625115223,13.4180161,52.4932547,4.915824,-3.5696094,11.133404,-13.5066805,on bike mount,cyclo cross,True,sett,intermediate
aec73f87-871e-407c-b499-b32400fdae9d,6fbceb7e-b888-492f-9e05-415000f61e36,cba3804a-23fe-461c-8a24-b93aab3214c4,1633625115289,13.4180161,52.4932547,4.915824,3.8055625,-27.694069,11.969752,on bike mount,cyclo cross,True,sett,intermediate
aec73f87-871e-407c-b499-b32400fdae9d,6fbceb7e-b888-492f-9e05-415000f61e36,20e5c3e4-da52-452b-9c95-bb1383feaf28,1633625115340,13.4180161,52.4932547,4.915824,-0.19345567,0.53170824,4.6182394,on bike mount,cyclo cross,True,sett,intermediate
aec73f87-871e-407c-b499-b32400fdae9d,6fbceb7e-b888-492f-9e05-415000f61e36,5973908e-eccd-4a82-8d00-98e1aed73651,1633625115406,13.4180161,52.4932547,4.915824,-0.023149401,-9.755617,1.9451218,on bike mount,cyclo cross,True,sett,intermediate
aec73f87-871e-407c-b499-b32400fdae9d,6fbceb7e-b888-492f-9e05-415000f61e36,60c95efd-ea75-4c35-893a-4a0c28215846,1633625115457,13.4180161,52.4932547,4.915824,0.26078016,-13.988199,-0.7373266,on bike mount,cyclo cross,True,sett,intermediate
aec73f87-871e-407c-b499-b32400fdae9d,6fbceb7e-b888-492f-9e05-415000f61e36,8d852fbf-5f48-48d2-ab82-bb6f8af51c08,1633625115523,13.4180161,52.4932547,4.915824,1.7967876,8.179951,2.869604,on bike mount,cyclo cross,True,sett,intermediate
aec73f87-871e-407c-b499-b32400fdae9d,6fbceb7e-b888-492f-9e05-415000f61e36,14c6d621-09b4-4174-91f0-6a3a23b8a54f,1633625115588,13.4180458,52.4932921,4.8694286,-0.89499354,5.728055,3.296749,on bike mount,cyclo cross,True,sett,intermediate
aec73f87-871e-407c-b499-b32400fdae9d,6fbceb7e-b888-492f-9e05-415000f61e36,fe7749dc-d8d7-4c0e-b86d-5392ad41bafc,1633625115638,13.4180458,52.4932921,4.8694286,-0.62310565,0.8203583,7.966714,on bike mount,cyclo cross,True,sett,intermediate
aec73f87-871e-407c-b499-b32400fdae9d,6fbceb7e-b888-492f-9e05-415000f61e36,125210dd-0d4e-4363-99c4-a3fc8b866de2,1633625115688,13.4180458,52.4932921,4.8694286,-1.5613594,-0.32516447,-9.751964,on bike mount,cyclo cross,True,sett,intermediate
aec73f87-871e-407c-b499-b32400fdae9d,6fbceb7e-b888-492f-9e05-415000f61e36,591d9e27-9895-4465-9cd1-53e64b0a0a7d,1633625115739,13.4180458,52.4932921,4.8694286,-0.9239347,1.1420455,7.4372997,on bike mount,cyclo cross,True,sett,intermediate
aec73f87-871e-407c-b499-b32400fdae9d,6fbceb7e-b888-492f-9e05-415000f61e36,62470dfb-b3fd-4554-a8d1-f0943c9aa05a,1633625115790,13.4180458,52.4932921,4.8694286,1.1752045,-14.289415,8.449104,on bike mount,cyclo cross,True,sett,intermediate
aec73f87-871e-407c-b499-b32400fdae9d,6fbceb7e-b888-492f-9e05-415000f61e36,7425a3f7-8fc3-46e9-8b60-370f056c510b,1633625115840,13.4180458,52.4932921,4.8694286,-0.84508556,11.150656,-6.481093,on bike mount,cyclo cross,True,sett,intermediate
aec73f87-871e-407c-b499-b32400fdae9d,6fbceb7e-b888-492f-9e05-415000f61e36,88db8db1-0462-4e18-ba32-7332b8e4f325,1633625115906,13.4180458,52.4932921,4.8694286,0.5601259,-7.2587748,-7.579363,on bike mount,cyclo cross,True,sett,intermediate
aec73f87-871e-407c-b499-b32400fdae9d,6fbceb7e-b888-492f-9e05-415000f61e36,ca02c0c2-5901-4a62-b906-ecedfe06bb4f,1633625115956,13.4180458,52.4932921,4.8694286,2.290595,-5.484726,-8.78198,on bike mount,cyclo cross,True,sett,intermediate
aec73f87-871e-407c-b499-b32400fdae9d,6fbceb7e-b888-492f-9e05-415000f61e36,76c6b46a-9570-4f6c-8a70-69a59eb2008b,1633625116007,13.4180458,52.4932921,4.8694286,-1.4670612,-10.457317,-2.588283,on bike mount,cyclo cross,True,sett,intermediate
aec73f87-871e-407c-b499-b32400fdae9d,6fbceb7e-b888-492f-9e05-415000f61e36,08dee0ee-30d8-4436-a814-1da350220b8e,1633625116073,13.4180458,52.4932921,4.8694286,-2.3134289,-1.2566614,15.70739,on bike mount,cyclo cross,True,sett,intermediate
aec73f87-871e-407c-b499-b32400fdae9d,6fbceb7e-b888-492f-9e05-415000f61e36,9d355f32-1567-4e43-960e-06706ace6277,1633625116140,13.4180458,52.4932921,4.8694286,4.498394,15.509772,-8.592749,on bike mount,cyclo cross,True,sett,intermediate
aec73f87-871e-407c-b499-b32400fdae9d,6fbceb7e-b888-492f-9e05-415000f61e36,794bc103-58a5-4da6-b92d-521ef27ee284,1633625116191,13.4180458,52.4932921,4.8694286,-0.046780735,6.3559637,-6.2785935,on bike mount,cyclo cross,True,sett,intermediate
aec73f87-871e-407c-b499-b32400fdae9d,6fbceb7e-b888-492f-9e05-415000f61e36,c0d706f3-dfcd-4eac-860d-c0ae022e3b67,1633625116257,13.4180458,52.4932921,4.8694286,1.3266135,-4.3031635,6.1181345,on bike mount,cyclo cross,True,sett,intermediate
aec73f87-871e-407c-b499-b32400fdae9d,6fbceb7e-b888-492f-9e05-415000f61e36,49b9860d-9141-4f7b-8398-9d991a8cd474,1633625116307,13.4180458,52.4932921,4.8694286,-0.2017617,4.571267,2.816774,on bike mount,cyclo cross,True,sett,intermediate
aec73f87-871e-407c-b499-b32400fdae9d,6fbceb7e-b888-492f-9e05-415000f61e36,45f77478-a94a-4308-a77b-904daa05e9a8,1633625116357,13.4180458,52.4932921,4.8694286,0.08366823,-1.4891756,5.6214275,on bike mount,cyclo cross,True,sett,intermediate
aec73f87-871e-407c-b499-b32400fdae9d,6fbceb7e-b888-492f-9e05-415000f61e36,3fb690bd-7e4b-4155-b876-ee002a136df8,1633625116407,13.4180458,52.4932921,4.8694286,1.5010154,7.4841604,-12.967164,on bike mount,cyclo cross,True,sett,intermediate
aec73f87-871e-407c-b499-b32400fdae9d,6fbceb7e-b888-492f-9e05-415000f61e36,f31f77e7-b571-41b2-8bd5-ddaf7b5d09a1,1633625116458,13.4180458,52.4932921,4.8694286,-2.3398328,9.851987,-13.741027,on bike mount,cyclo cross,True,sett,intermediate
aec73f87-871e-407c-b499-b32400fdae9d,6fbceb7e-b888-492f-9e05-415000f61e36,859cc772-3344-4139-a73e-94c4d258ce05,1633625116523,13.4180458,52.4932921,4.8694286,0.63635826,-0.12846518,3.495926,on bike mount,cyclo cross,True,sett,intermediate
aec73f87-871e-407c-b499-b32400fdae9d,6fbceb7e-b888-492f-9e05-415000f61e36,39c46ac1-fb98-4511-a480-3dcc40926b3c,1633625116574,13.4180717,52.4933239,4.878593,-1.7030156,12.850754,12.130193,on bike mount,cyclo cross,True,sett,intermediate
