bike_activity_uid,bike_activity_sample_uid,bike_activity_measurement,bike_activity_measurement_timestamp,bike_activity_measurement_lon,bike_activity_measurement_lat,bike_activity_measurement_speed,bike_activity_measurement_accelerometer_x,bike_activity_measurement_accelerometer_y,bike_activity_measurement_accelerometer_z,bike_activity_phone_position,bike_activity_bike_type,bike_activity_flagged_lab_conditions,bike_activity_surface_type,bike_activity_smoothness_type
b44d874b-8a72-49d5-b329-e6ad5858dddf,4a631ecb-dee7-4769-a313-3eaffcdcf86d,e7356c39-caab-4bc2-82aa-38a6e83a79f5,1624969658737,-16.917772,32.7703649,1.7747741,1.2512343,2.0902734,0.8248531,other,other,False,mixed,mixed
b44d874b-8a72-49d5-b329-e6ad5858dddf,4a631ecb-dee7-4769-a313-3eaffcdcf86d,ddccf4d6-e902-4e07-ab33-0110edeb8819,1624969658787,-16.917772,32.7703649,1.7747741,-0.49308586,-0.39527988,0.43314588,other,other,False,mixed,mixed
b44d874b-8a72-49d5-b329-e6ad5858dddf,4a631ecb-dee7-4769-a313-3eaffcdcf86d,664330d9-2a73-48a1-b0e9-c0751dbad4e4,1624969658838,-16.917772,32.7703649,1.7747741,-3.768178,-7.796194,-6.2521377,other,other,False,mixed,mixed
b44d874b-8a72-49d5-b329-e6ad5858dddf,4a631ecb-dee7-4769-a313-3eaffcdcf86d,17a9752c-edf6-4a63-97b6-0cfeb5568279,1624969658888,-16.917772,32.7703649,1.7747741,1.1227618,-8.224746,-3.5191119,other,other,False,mixed,mixed
b44d874b-8a72-49d5-b329-e6ad5858dddf,4a631ecb-dee7-4769-a313-3eaffcdcf86d,bffdd9e4-b82d-4636-963b-9e4f94a542ab,1624969658938,-16.917772,32.7703649,1.7747741,1.8965566,-1.6913748,-1.0601463,other,other,False,mixed,mixed
b44d874b-8a72-49d5-b329-e6ad5858dddf,4a631ecb-dee7-4769-a313-3eaffcdcf86d,dcd1386b-c052-4209-8c6a-e9fa2e95cce5,1624969658989,-16.917772,32.7703649,1.7747741,-0.32744956,0.9197588,0.09076919,other,other,False,mixed,mixed
b44d874b-8a72-49d5-b329-e6ad5858dddf,4a631ecb-dee7-4769-a313-3eaffcdcf86d,4e5a3028-4cfc-4f15-8a58-0b38a63f736f,1624969659039,-16.917772,32.7703649,1.7747741,-0.2578163,3.618846,0.82909435,other,other,False,mixed,mixed
b44d874b-8a72-49d5-b329-e6ad5858dddf,4a631ecb-dee7-4769-a313-3eaffcdcf86d,3e8cd728-74c8-4200-8bd9-579a4bee267b,1624969659089,-16.917772,32.7703649,1.7747741,0.54088974,4.9295683,0.3821187,other,other,False,mixed,mixed
b44d874b-8a72-49d5-b329-e6ad5858dddf,4a631ecb-dee7-4769-a313-3eaffcdcf86d,f93ad916-729d-4f02-b50a-46e4fb6057bd,1624969659139,-16.9177719,32.7703714,1.7718183,0.7192248,5.291295,0.62203425,other,other,False,mixed,mixed
b44d874b-8a72-49d5-b329-e6ad5858dddf,4a631ecb-dee7-4769-a313-3eaffcdcf86d,b4afd3cd-bd77-4fa7-b306-a0cfc3fecb3a,1624969659422,-16.9177719,32.7703714,1.7718183,0.7192248,5.291295,0.62203425,other,other,False,mixed,mixed
b44d874b-8a72-49d5-b329-e6ad5858dddf,4a631ecb-dee7-4769-a313-3eaffcdcf86d,e0df7157-cd2f-419d-879b-30d4e93cb753,1624969659472,-16.9177719,32.7703714,1.7718183,-0.34967566,-0.123514175,-0.80930924,other,other,False,mixed,mixed
b44d874b-8a72-49d5-b329-e6ad5858dddf,4a631ecb-dee7-4769-a313-3eaffcdcf86d,fabd21b1-cde1-4d13-81f5-215167db9679,1624969659524,-16.9177719,32.7703714,1.7718183,-0.8587711,2.5481029,0.4416722,other,other,False,mixed,mixed
b44d874b-8a72-49d5-b329-e6ad5858dddf,4a631ecb-dee7-4769-a313-3eaffcdcf86d,d18992c3-fe90-4a23-9af3-c6d4d0a6f783,1624969659573,-16.9177719,32.7703714,1.7718183,0.44811416,3.8692775,0.05505696,other,other,False,mixed,mixed
b44d874b-8a72-49d5-b329-e6ad5858dddf,4a631ecb-dee7-4769-a313-3eaffcdcf86d,123520fd-b9af-478c-bcb5-b3c543d2a2b4,1624969659624,-16.9177719,32.7703714,1.7718183,1.0140085,3.5675273,0.45612174,other,other,False,mixed,mixed
b44d874b-8a72-49d5-b329-e6ad5858dddf,4a631ecb-dee7-4769-a313-3eaffcdcf86d,a879249d-4c27-41e3-8e7d-28d4477727db,1624969659674,-16.9177719,32.7703714,1.7718183,1.9259415,4.095659,0.22152221,other,other,False,mixed,mixed
b44d874b-8a72-49d5-b329-e6ad5858dddf,4a631ecb-dee7-4769-a313-3eaffcdcf86d,4ebe0343-cede-4541-8b0d-522fb3a98daf,1624969659725,-16.9177719,32.7703714,1.7718183,1.6372366,2.7837434,0.5250781,other,other,False,mixed,mixed
b44d874b-8a72-49d5-b329-e6ad5858dddf,4a631ecb-dee7-4769-a313-3eaffcdcf86d,a843ab0e-51af-47cf-a927-5341c9196a80,1624969660570,-16.9177719,32.7703714,1.7718183,1.6372366,2.7837434,0.5250781,other,other,False,mixed,mixed
b44d874b-8a72-49d5-b329-e6ad5858dddf,4a631ecb-dee7-4769-a313-3eaffcdcf86d,61565886-1720-4237-ae13-a662061f46b6,1624969660620,-16.9177676,32.770392,1.7378354,1.2240508,3.7923794,0.28777784,other,other,False,mixed,mixed
b44d874b-8a72-49d5-b329-e6ad5858dddf,4a631ecb-dee7-4769-a313-3eaffcdcf86d,60d0131e-9d16-4f87-a631-65455d92edc9,1624969660670,-16.9177676,32.770392,1.7378354,0.75330126,2.6198816,0.4279616,other,other,False,mixed,mixed
b44d874b-8a72-49d5-b329-e6ad5858dddf,4a631ecb-dee7-4769-a313-3eaffcdcf86d,bc0bba6f-a01c-4451-88e5-ebc9ad2e61c6,1624969660721,-16.9177676,32.770392,1.7378354,0.7626711,2.1498876,0.5567254,other,other,False,mixed,mixed
b44d874b-8a72-49d5-b329-e6ad5858dddf,4a631ecb-dee7-4769-a313-3eaffcdcf86d,31e46547-8ec0-4543-b138-089b91e08661,1624969661569,-16.9177676,32.770392,1.7378354,0.7626711,2.1498876,0.5567254,other,other,False,mixed,mixed
b44d874b-8a72-49d5-b329-e6ad5858dddf,4a631ecb-dee7-4769-a313-3eaffcdcf86d,cb0015a0-3f5a-49e6-84f7-8863f4b8a9b6,1624969661621,-16.9177633,32.7704065,1.7028881,0.5305115,1.5057657,0.15000427,other,other,False,mixed,mixed
b44d874b-8a72-49d5-b329-e6ad5858dddf,4a631ecb-dee7-4769-a313-3eaffcdcf86d,8acfcefe-029d-4c3c-b3aa-5a647649c284,1624969661671,-16.9177633,32.7704065,1.7028881,1.1615443,4.0231786,0.56453735,other,other,False,mixed,mixed
b44d874b-8a72-49d5-b329-e6ad5858dddf,4a631ecb-dee7-4769-a313-3eaffcdcf86d,9deae557-35c6-4c22-90d6-5302b2a3367d,1624969661721,-16.9177633,32.7704065,1.7028881,0.8243045,2.3120356,0.63488764,other,other,False,mixed,mixed
b44d874b-8a72-49d5-b329-e6ad5858dddf,4a631ecb-dee7-4769-a313-3eaffcdcf86d,c157869f-7f6c-47dc-9ed5-d2d65701eb73,1624969661772,-16.9177633,32.7704065,1.7028881,0.8243045,2.3120356,0.63488764,other,other,False,mixed,mixed
b44d874b-8a72-49d5-b329-e6ad5858dddf,4a631ecb-dee7-4769-a313-3eaffcdcf86d,829b57f6-80fa-4418-9ead-26235332e239,1624969661822,-16.9177633,32.7704065,1.7028881,-3.2897558,-9.636605,-12.2691965,other,other,False,mixed,mixed
b44d874b-8a72-49d5-b329-e6ad5858dddf,4a631ecb-dee7-4769-a313-3eaffcdcf86d,cb6d1d71-e65a-44b2-a1c8-633737aa4e2c,1624969661872,-16.9177633,32.7704065,1.7028881,1.9059514,-3.5366707,-1.5560067,other,other,False,mixed,mixed
b44d874b-8a72-49d5-b329-e6ad5858dddf,4a631ecb-dee7-4769-a313-3eaffcdcf86d,bd968ba9-43be-4153-9a90-fcda7fd08bc2,1624969661924,-16.9177633,32.7704065,1.7028881,0.67348194,-1.3033886,-0.35044467,other,other,False,mixed,mixed
b44d874b-8a72-49d5-b329-e6ad5858dddf,4a631ecb-dee7-4769-a313-3eaffcdcf86d,62b03740-6d95-4bcd-a095-93a8977a9053,1624969661973,-16.9177633,32.7704065,1.7028881,0.006939411,0.83484554,0.25107104,other,other,False,mixed,mixed
b44d874b-8a72-49d5-b329-e6ad5858dddf,4a631ecb-dee7-4769-a313-3eaffcdcf86d,fc3257a0-76a0-4bd9-937d-7dcb8200789f,1624969662043,-16.9177633,32.7704065,1.7028881,-0.41354704,1.9840736,0.60931426,other,other,False,mixed,mixed
b44d874b-8a72-49d5-b329-e6ad5858dddf,4a631ecb-dee7-4769-a313-3eaffcdcf86d,07937cb0-c56f-452f-be5c-6bc055581011,1624969662092,-16.9177633,32.7704065,1.7028881,1.1185318,5.288645,-0.0213885,other,other,False,mixed,mixed
b44d874b-8a72-49d5-b329-e6ad5858dddf,4a631ecb-dee7-4769-a313-3eaffcdcf86d,28d2f057-1355-4582-b3c1-eb4d5d17987b,1624969662143,-16.9177633,32.7704065,1.7028881,1.191324,5.023932,0.32732207,other,other,False,mixed,mixed
b44d874b-8a72-49d5-b329-e6ad5858dddf,4a631ecb-dee7-4769-a313-3eaffcdcf86d,141154c2-0ca0-4bcf-a325-c62f47f70e2e,1624969662194,-16.9177633,32.7704065,1.7028881,1.7441723,3.2524137,1.1201894,other,other,False,mixed,mixed
b44d874b-8a72-49d5-b329-e6ad5858dddf,4a631ecb-dee7-4769-a313-3eaffcdcf86d,683fde94-3b87-42f8-af52-9863b061e71e,1624969662244,-16.9177633,32.7704065,1.7028881,2.187176,2.1643696,0.21422118,other,other,False,mixed,mixed
b44d874b-8a72-49d5-b329-e6ad5858dddf,4a631ecb-dee7-4769-a313-3eaffcdcf86d,cb22d0e6-018a-4955-9d23-d7232860fe85,1624969662295,-16.9177633,32.7704065,1.7028881,-10.980061,-11.523807,-6.28829,other,other,False,mixed,mixed
b44d874b-8a72-49d5-b329-e6ad5858dddf,4a631ecb-dee7-4769-a313-3eaffcdcf86d,74e71fc8-10ae-4d4d-bfca-617edb79823f,1624969662346,-16.9177633,32.7704065,1.7028881,-0.56711054,-7.3350697,-0.3381393,other,other,False,mixed,mixed
b44d874b-8a72-49d5-b329-e6ad5858dddf,4a631ecb-dee7-4769-a313-3eaffcdcf86d,102c4dd5-95ea-4bac-8f5e-178dfe8b7b4d,1624969662397,-16.9177633,32.7704065,1.7028881,0.7021414,-1.1776848,-0.19669995,other,other,False,mixed,mixed
b44d874b-8a72-49d5-b329-e6ad5858dddf,4a631ecb-dee7-4769-a313-3eaffcdcf86d,3bbb6a0d-1756-479c-a3ac-3abc00242d84,1624969662447,-16.9177633,32.7704065,1.7028881,0.34606707,-0.286273,-0.829738,other,other,False,mixed,mixed
b44d874b-8a72-49d5-b329-e6ad5858dddf,4a631ecb-dee7-4769-a313-3eaffcdcf86d,5e924ecb-3f6e-4b9a-b757-2229595ccdd5,1624969662497,-16.9177633,32.7704065,1.7028881,-0.090248585,3.3325644,0.11166829,other,other,False,mixed,mixed
b44d874b-8a72-49d5-b329-e6ad5858dddf,4a631ecb-dee7-4769-a313-3eaffcdcf86d,4b92e6f3-9f70-4525-98d9-ada71e957d4a,1624969662550,-16.9177633,32.7704065,1.7028881,0.8971132,5.718504,-0.20134234,other,other,False,mixed,mixed
b44d874b-8a72-49d5-b329-e6ad5858dddf,4a631ecb-dee7-4769-a313-3eaffcdcf86d,f38ea62a-1841-43b4-8114-60a44ef47253,1624969662599,-16.9177587,32.7704196,1.7168285,1.7913268,5.2045007,0.45802277,other,other,False,mixed,mixed
b44d874b-8a72-49d5-b329-e6ad5858dddf,4a631ecb-dee7-4769-a313-3eaffcdcf86d,66154e21-3a2f-446b-8692-50056ab9620e,1624969662650,-16.9177587,32.7704196,1.7168285,1.1734447,4.053883,1.955725,other,other,False,mixed,mixed
b44d874b-8a72-49d5-b329-e6ad5858dddf,4a631ecb-dee7-4769-a313-3eaffcdcf86d,97fadf1e-b499-4661-9b2a-208d0cd93830,1624969662700,-16.9177587,32.7704196,1.7168285,-0.24440217,0.50737286,0.59423995,other,other,False,mixed,mixed
b44d874b-8a72-49d5-b329-e6ad5858dddf,4a631ecb-dee7-4769-a313-3eaffcdcf86d,e6afbcad-2bc2-4c46-ae80-0d907bd2dd97,1624969662750,-16.9177587,32.7704196,1.7168285,-2.3904824,-4.77407,-0.27444598,other,other,False,mixed,mixed
b44d874b-8a72-49d5-b329-e6ad5858dddf,4a631ecb-dee7-4769-a313-3eaffcdcf86d,a2218cd0-36a9-476f-8242-689d1d53b63d,1624969662801,-16.9177587,32.7704196,1.7168285,-1.6439295,-8.824554,-7.392609,other,other,False,mixed,mixed
b44d874b-8a72-49d5-b329-e6ad5858dddf,4a631ecb-dee7-4769-a313-3eaffcdcf86d,33dce3bf-281a-47f1-9814-7169c2171327,1624969662851,-16.9177587,32.7704196,1.7168285,3.210203,-1.4455614,-1.4877913,other,other,False,mixed,mixed
b44d874b-8a72-49d5-b329-e6ad5858dddf,4a631ecb-dee7-4769-a313-3eaffcdcf86d,30969eb2-c81b-4b5e-9bdb-a5ef1045b956,1624969662900,-16.9177587,32.7704196,1.7168285,1.2494454,-0.08328724,-0.4118994,other,other,False,mixed,mixed
b44d874b-8a72-49d5-b329-e6ad5858dddf,4a631ecb-dee7-4769-a313-3eaffcdcf86d,83649f06-ce3e-4507-bb9d-aa7b7924371c,1624969662952,-16.9177587,32.7704196,1.7168285,-0.26257682,1.7070146,0.0594545,other,other,False,mixed,mixed
b44d874b-8a72-49d5-b329-e6ad5858dddf,4a631ecb-dee7-4769-a313-3eaffcdcf86d,3b352849-d526-4bb0-bcdf-a33dc605f243,1624969663002,-16.9177587,32.7704196,1.7168285,0.19698822,2.9087403,-0.3337537,other,other,False,mixed,mixed
b44d874b-8a72-49d5-b329-e6ad5858dddf,4a631ecb-dee7-4769-a313-3eaffcdcf86d,93c803d6-f3f7-4248-a3d9-fbbcf1f80d11,1624969663567,-16.9177587,32.7704196,1.7168285,0.33630013,3.7146795,-0.40951338,other,other,False,mixed,mixed
b44d874b-8a72-49d5-b329-e6ad5858dddf,4a631ecb-dee7-4769-a313-3eaffcdcf86d,6ccc966f-e0ba-4660-b057-9a33480a806c,1624969663617,-16.9177551,32.7704365,1.7499404,1.9370674,3.1326227,0.40500382,other,other,False,mixed,mixed
b44d874b-8a72-49d5-b329-e6ad5858dddf,4a631ecb-dee7-4769-a313-3eaffcdcf86d,33bf9f1b-0935-4b1e-b175-8c7afac4fff1,1624969663668,-16.9177551,32.7704365,1.7499404,1.6666318,1.5239325,0.49345905,other,other,False,mixed,mixed
b44d874b-8a72-49d5-b329-e6ad5858dddf,4a631ecb-dee7-4769-a313-3eaffcdcf86d,2a861777-8deb-4529-b9a3-3b1e9ecde04b,1624969663743,-16.9177551,32.7704365,1.7499404,0.41420317,1.1846352,0.32752836,other,other,False,mixed,mixed
b44d874b-8a72-49d5-b329-e6ad5858dddf,4a631ecb-dee7-4769-a313-3eaffcdcf86d,3b69e635-81a3-4ee5-a919-918cb0e02a14,1624969663792,-16.9177551,32.7704365,1.7499404,-1.050569,-10.457321,-7.40535,other,other,False,mixed,mixed
b44d874b-8a72-49d5-b329-e6ad5858dddf,4a631ecb-dee7-4769-a313-3eaffcdcf86d,089e8803-aaba-4b0a-afff-e3b9abc7e510,1624969663842,-16.9177551,32.7704365,1.7499404,1.8987708,-2.2761421,-1.5830209,other,other,False,mixed,mixed
b44d874b-8a72-49d5-b329-e6ad5858dddf,4a631ecb-dee7-4769-a313-3eaffcdcf86d,5597344c-5352-4667-ad25-a2a3912987b2,1624969663893,-16.9177551,32.7704365,1.7499404,0.488724,-0.04710579,-0.4947156,other,other,False,mixed,mixed
b44d874b-8a72-49d5-b329-e6ad5858dddf,4a631ecb-dee7-4769-a313-3eaffcdcf86d,77651407-ace8-4a24-b127-6eb0551fc363,1624969663943,-16.9177551,32.7704365,1.7499404,0.015835047,2.524911,0.31787026,other,other,False,mixed,mixed
b44d874b-8a72-49d5-b329-e6ad5858dddf,4a631ecb-dee7-4769-a313-3eaffcdcf86d,1ede1326-0f52-40f6-9014-882a23c3483b,1624969663994,-16.9177551,32.7704365,1.7499404,0.19570994,3.4548764,0.12964228,other,other,False,mixed,mixed
b44d874b-8a72-49d5-b329-e6ad5858dddf,4a631ecb-dee7-4769-a313-3eaffcdcf86d,ce7e895d-80ef-4c87-9f87-69f83f5672f1,1624969664567,-16.9177551,32.7704365,1.7499404,0.19570994,3.4548764,0.12964228,other,other,False,mixed,mixed
b44d874b-8a72-49d5-b329-e6ad5858dddf,4a631ecb-dee7-4769-a313-3eaffcdcf86d,1df4c0a5-0ea5-4693-9f96-7680fca5c5c1,1624969664622,-16.917752,32.7704514,1.7398741,0.58186877,0.8876748,0.18737912,other,other,False,mixed,mixed
b44d874b-8a72-49d5-b329-e6ad5858dddf,4a631ecb-dee7-4769-a313-3eaffcdcf86d,0d814062-4ee5-4c41-8dcb-6a3d889b5ee5,1624969664672,-16.917752,32.7704514,1.7398741,0.35327876,2.7877455,0.5914615,other,other,False,mixed,mixed
b44d874b-8a72-49d5-b329-e6ad5858dddf,4a631ecb-dee7-4769-a313-3eaffcdcf86d,af00b834-3c5f-4ed8-a8e5-50ca5669c3ca,1624969664722,-16.917752,32.7704514,1.7398741,-2.092605,-2.1907415,0.52375245,other,other,False,mixed,mixed
b44d874b-8a72-49d5-b329-e6ad5858dddf,4a631ecb-dee7-4769-a313-3eaffcdcf86d,aa2ec3a8-a5cb-4a0b-8a1d-42f49d9b0420,1624969664772,-16.917752,32.7704514,1.7398741,-5.4246006,-11.509548,-10.945978,other,other,False,mixed,mixed
b44d874b-8a72-49d5-b329-e6ad5858dddf,4a631ecb-dee7-4769-a313-3eaffcdcf86d,a50e6b28-2cb4-4b82-b799-c1bcb73a53ba,1624969665565,-16.917752,32.7704514,1.7398741,-5.4246006,-11.509548,-10.945978,other,other,False,mixed,mixed
b44d874b-8a72-49d5-b329-e6ad5858dddf,4a631ecb-dee7-4769-a313-3eaffcdcf86d,3219c9f3-d4f7-493d-8875-31aafe18e06e,1624969665614,-16.917752,32.7704514,1.7398741,1.7440333,2.940021,0.9005171,other,other,False,mixed,mixed
b44d874b-8a72-49d5-b329-e6ad5858dddf,4a631ecb-dee7-4769-a313-3eaffcdcf86d,2ea40c6b-058a-423e-a500-36cfd9dcb809,1624969665665,-16.917748,32.7704668,1.748216,0.09131074,0.8489876,0.5057843,other,other,False,mixed,mixed
b44d874b-8a72-49d5-b329-e6ad5858dddf,4a631ecb-dee7-4769-a313-3eaffcdcf86d,cb469616-f0b3-47e3-97b2-a03a0044f67c,1624969665715,-16.917748,32.7704668,1.748216,-3.4564185,-4.2239456,-0.69927275,other,other,False,mixed,mixed
b44d874b-8a72-49d5-b329-e6ad5858dddf,4a631ecb-dee7-4769-a313-3eaffcdcf86d,42520a13-a0f5-4985-bfde-12415ffb67fb,1624969665765,-16.917748,32.7704668,1.748216,-4.5575857,-9.746821,-8.494749,other,other,False,mixed,mixed
b44d874b-8a72-49d5-b329-e6ad5858dddf,4a631ecb-dee7-4769-a313-3eaffcdcf86d,8cab9512-c8ca-4f9c-b513-af2876f0f123,1624969665815,-16.917748,32.7704668,1.748216,-4.5575857,-9.746821,-8.494749,other,other,False,mixed,mixed
b44d874b-8a72-49d5-b329-e6ad5858dddf,4a631ecb-dee7-4769-a313-3eaffcdcf86d,031b28a8-6ad7-4833-b707-d4f31d2c6b03,1624969665866,-16.917748,32.7704668,1.748216,1.103206,0.4909649,0.11241037,other,other,False,mixed,mixed
b44d874b-8a72-49d5-b329-e6ad5858dddf,4a631ecb-dee7-4769-a313-3eaffcdcf86d,d7b87aba-e9c1-4988-ae30-51ceaee61112,1624969665916,-16.917748,32.7704668,1.748216,-0.8773922,2.061184,0.9350772,other,other,False,mixed,mixed
b44d874b-8a72-49d5-b329-e6ad5858dddf,4a631ecb-dee7-4769-a313-3eaffcdcf86d,debdddab-9a67-41cb-8eef-d67ba1a62fa2,1624969665965,-16.917748,32.7704668,1.748216,-1.048909,4.150272,0.5741336,other,other,False,mixed,mixed
b44d874b-8a72-49d5-b329-e6ad5858dddf,4a631ecb-dee7-4769-a313-3eaffcdcf86d,c19b8892-82e3-496e-8e89-42fd2f72ca7f,1624969666015,-16.917748,32.7704668,1.748216,0.13396752,3.1218812,0.48250484,other,other,False,mixed,mixed
b44d874b-8a72-49d5-b329-e6ad5858dddf,4a631ecb-dee7-4769-a313-3eaffcdcf86d,73824a43-2399-4771-a12d-4b559dc03055,1624969666139,-16.917748,32.7704668,1.748216,0.16773808,3.9610596,0.512401,other,other,False,mixed,mixed
b44d874b-8a72-49d5-b329-e6ad5858dddf,4a631ecb-dee7-4769-a313-3eaffcdcf86d,7ad75a01-982d-4a57-b98d-fec4784b2e26,1624969666189,-16.917748,32.7704668,1.748216,0.23361158,-5.1666965,3.0048442,other,other,False,mixed,mixed
b44d874b-8a72-49d5-b329-e6ad5858dddf,4a631ecb-dee7-4769-a313-3eaffcdcf86d,d2199cd8-eee2-4668-bbe3-a2aa1f6138af,1624969666238,-16.917748,32.7704668,1.748216,-8.244775,-5.6335773,-9.386372,other,other,False,mixed,mixed
b44d874b-8a72-49d5-b329-e6ad5858dddf,4a631ecb-dee7-4769-a313-3eaffcdcf86d,6f9d976a-cd02-48e3-a930-11d128998690,1624969666289,-16.917748,32.7704668,1.748216,-0.43634796,-6.730134,-0.4100818,other,other,False,mixed,mixed
b44d874b-8a72-49d5-b329-e6ad5858dddf,4a631ecb-dee7-4769-a313-3eaffcdcf86d,94dbb221-b827-4990-9528-2e06b49ca076,1624969666340,-16.917748,32.7704668,1.748216,0.9788071,-0.93075466,-0.327672,other,other,False,mixed,mixed
b44d874b-8a72-49d5-b329-e6ad5858dddf,4a631ecb-dee7-4769-a313-3eaffcdcf86d,04eec3b6-4c74-48ea-ad0b-2adcbff775df,1624969666390,-16.917748,32.7704668,1.748216,0.018718243,0.74936485,-1.4595437,other,other,False,mixed,mixed
b44d874b-8a72-49d5-b329-e6ad5858dddf,4a631ecb-dee7-4769-a313-3eaffcdcf86d,a92054e6-d51a-45d5-abb6-ae6cc12d15eb,1624969666440,-16.917748,32.7704668,1.748216,-0.5740142,2.7297678,0.63872874,other,other,False,mixed,mixed
b44d874b-8a72-49d5-b329-e6ad5858dddf,4a631ecb-dee7-4769-a313-3eaffcdcf86d,ec11f949-9ddc-4816-9ad2-62af61441938,1624969666490,-16.917748,32.7704668,1.748216,0.5676478,3.5099635,0.23807222,other,other,False,mixed,mixed
b44d874b-8a72-49d5-b329-e6ad5858dddf,4a631ecb-dee7-4769-a313-3eaffcdcf86d,da336737-d557-4a09-a346-8842221ed923,1624969666540,-16.9177451,32.7704796,1.7548373,1.2994236,3.4133697,0.52387446,other,other,False,mixed,mixed
b44d874b-8a72-49d5-b329-e6ad5858dddf,4a631ecb-dee7-4769-a313-3eaffcdcf86d,febe9de8-5b3d-4642-89ac-32d193e48768,1624969667044,-16.9177451,32.7704796,1.7548373,1.3457032,3.2944927,0.76106834,other,other,False,mixed,mixed
b44d874b-8a72-49d5-b329-e6ad5858dddf,4a631ecb-dee7-4769-a313-3eaffcdcf86d,0ee684f1-f1c5-4027-bdd1-dd3476910541,1624969667094,-16.9177451,32.7704796,1.7548373,1.8147047,2.294794,0.6485809,other,other,False,mixed,mixed
b44d874b-8a72-49d5-b329-e6ad5858dddf,4a631ecb-dee7-4769-a313-3eaffcdcf86d,9e842240-5616-417e-a67b-3d33f65d3f85,1624969667144,-16.9177422,32.7704887,1.7402505,1.1193864,-0.44023323,0.72739583,other,other,False,mixed,mixed
b44d874b-8a72-49d5-b329-e6ad5858dddf,4a631ecb-dee7-4769-a313-3eaffcdcf86d,57e9ff0e-9c45-4f44-bc37-0a5b4dbd4632,1624969667194,-16.9177422,32.7704887,1.7402505,-3.4576483,-9.175569,-0.8306531,other,other,False,mixed,mixed
b44d874b-8a72-49d5-b329-e6ad5858dddf,4a631ecb-dee7-4769-a313-3eaffcdcf86d,4276b45b-9c78-41e8-8fc1-fc22b00d777d,1624969667245,-16.9177422,32.7704887,1.7402505,-3.4576483,-9.175569,-0.8306531,other,other,False,mixed,mixed
b44d874b-8a72-49d5-b329-e6ad5858dddf,4a631ecb-dee7-4769-a313-3eaffcdcf86d,bf1287c1-72d2-45ce-ac52-1cbfbddea7be,1624969667295,-16.9177422,32.7704887,1.7402505,1.4548213,-1.9432144,0.36715072,other,other,False,mixed,mixed
b44d874b-8a72-49d5-b329-e6ad5858dddf,4a631ecb-dee7-4769-a313-3eaffcdcf86d,1a56f1e3-ab2e-44a8-bf73-62d6e7297547,1624969667345,-16.9177422,32.7704887,1.7402505,0.30896688,0.91697454,-0.04064752,other,other,False,mixed,mixed
b44d874b-8a72-49d5-b329-e6ad5858dddf,4a631ecb-dee7-4769-a313-3eaffcdcf86d,1266d1c1-d035-46b9-a0f9-b2268b7188ee,1624969667395,-16.9177422,32.7704887,1.7402505,0.5228263,3.9100122,0.06631224,other,other,False,mixed,mixed
b44d874b-8a72-49d5-b329-e6ad5858dddf,4a631ecb-dee7-4769-a313-3eaffcdcf86d,bc548715-b733-4ccd-a281-6c7ed43bae58,1624969667445,-16.9177422,32.7704887,1.7402505,1.3552383,3.998573,-0.057308573,other,other,False,mixed,mixed
b44d874b-8a72-49d5-b329-e6ad5858dddf,4a631ecb-dee7-4769-a313-3eaffcdcf86d,f743ac30-1f36-43f0-b7b3-2316fcefb1d9,1624969667508,-16.9177422,32.7704887,1.7402505,1.459945,4.117807,0.09527508,other,other,False,mixed,mixed
b44d874b-8a72-49d5-b329-e6ad5858dddf,4a631ecb-dee7-4769-a313-3eaffcdcf86d,57b3f860-0064-4589-a260-c998c6a2a5fd,1624969667558,-16.9177422,32.7704887,1.7402505,0.71988535,2.508875,1.6657968,other,other,False,mixed,mixed
b44d874b-8a72-49d5-b329-e6ad5858dddf,4a631ecb-dee7-4769-a313-3eaffcdcf86d,29a2be93-82c1-462c-83cb-cae5ed28218e,1624969667608,-16.9177422,32.7704887,1.7402505,-0.76884365,0.56803226,-0.61578083,other,other,False,mixed,mixed
b44d874b-8a72-49d5-b329-e6ad5858dddf,4a631ecb-dee7-4769-a313-3eaffcdcf86d,fd05eae3-1cc6-4702-9370-bbe8b058ce13,1624969667660,-16.9177422,32.7704887,1.7402505,-2.7448845,-3.8621864,-1.4102703,other,other,False,mixed,mixed
b44d874b-8a72-49d5-b329-e6ad5858dddf,4a631ecb-dee7-4769-a313-3eaffcdcf86d,6decb461-61ff-411d-93ab-ead193c80957,1624969667710,-16.9177422,32.7704887,1.7402505,0.62896526,-6.9956417,-4.600404,other,other,False,mixed,mixed
b44d874b-8a72-49d5-b329-e6ad5858dddf,4a631ecb-dee7-4769-a313-3eaffcdcf86d,d644e61e-e086-462a-8fa4-084136f6df16,1624969667759,-16.9177422,32.7704887,1.7402505,2.4589167,-1.8657017,-1.8270811,other,other,False,mixed,mixed
b44d874b-8a72-49d5-b329-e6ad5858dddf,4a631ecb-dee7-4769-a313-3eaffcdcf86d,67782788-95dd-4953-8cd7-d3a32e8a97c9,1624969667808,-16.9177422,32.7704887,1.7402505,0.928746,0.019418716,-0.40432107,other,other,False,mixed,mixed
b44d874b-8a72-49d5-b329-e6ad5858dddf,4a631ecb-dee7-4769-a313-3eaffcdcf86d,161daeff-ca67-4941-a5f5-df81a7252dd8,1624969667859,-16.9177422,32.7704887,1.7402505,-0.13874424,2.244226,0.60615575,other,other,False,mixed,mixed
b44d874b-8a72-49d5-b329-e6ad5858dddf,4a631ecb-dee7-4769-a313-3eaffcdcf86d,50cc04a1-66b4-477a-8985-e29bebf5afda,1624969667909,-16.9177422,32.7704887,1.7402505,-0.092810035,3.2905326,0.6100849,other,other,False,mixed,mixed
b44d874b-8a72-49d5-b329-e6ad5858dddf,4a631ecb-dee7-4769-a313-3eaffcdcf86d,18be1798-18e7-4b80-a3fa-e0ba705e6084,1624969667959,-16.9177422,32.7704887,1.7402505,0.10200119,4.582508,0.9962314,other,other,False,mixed,mixed
b44d874b-8a72-49d5-b329-e6ad5858dddf,4a631ecb-dee7-4769-a313-3eaffcdcf86d,7d027964-f21a-422b-87cc-7f75d4739321,1624969668565,-16.9177422,32.7704887,1.7402505,0.10200119,4.582508,0.9962314,other,other,False,mixed,mixed
b44d874b-8a72-49d5-b329-e6ad5858dddf,4a631ecb-dee7-4769-a313-3eaffcdcf86d,c9569aca-8504-419c-97b7-67799d486db2,1624969668615,-16.9177422,32.7704887,1.7402505,-0.58989334,-0.659564,-0.21808922,other,other,False,mixed,mixed
b44d874b-8a72-49d5-b329-e6ad5858dddf,4a631ecb-dee7-4769-a313-3eaffcdcf86d,71e5fc56-4711-4e2f-a573-7285a2cabb65,1624969668666,-16.9177346,32.7705112,1.7380805,-7.113893,-10.441716,-17.127602,other,other,False,mixed,mixed
b44d874b-8a72-49d5-b329-e6ad5858dddf,4a631ecb-dee7-4769-a313-3eaffcdcf86d,49ecd712-3048-468d-a707-3e8213af2485,1624969668715,-16.9177346,32.7705112,1.7380805,4.92806,-4.5450754,-0.43628407,other,other,False,mixed,mixed
b44d874b-8a72-49d5-b329-e6ad5858dddf,4a631ecb-dee7-4769-a313-3eaffcdcf86d,273a58cc-4e85-4a80-94ec-cc3dcde7a54c,1624969668787,-16.9177346,32.7705112,1.7380805,4.269697,-2.444292,-0.9099692,other,other,False,mixed,mixed
b44d874b-8a72-49d5-b329-e6ad5858dddf,4a631ecb-dee7-4769-a313-3eaffcdcf86d,2634e9fc-a279-4bd8-8e22-222d830d1b73,1624969668838,-16.9177346,32.7705112,1.7380805,-0.3288703,2.448392,0.147322,other,other,False,mixed,mixed
b44d874b-8a72-49d5-b329-e6ad5858dddf,4a631ecb-dee7-4769-a313-3eaffcdcf86d,397c8273-7fad-472b-829b-02457da82972,1624969668888,-16.9177346,32.7705112,1.7380805,0.84595394,4.462821,-0.016676247,other,other,False,mixed,mixed
b44d874b-8a72-49d5-b329-e6ad5858dddf,4a631ecb-dee7-4769-a313-3eaffcdcf86d,0582a566-86b0-4b53-9833-b5dfeea45310,1624969668939,-16.9177346,32.7705112,1.7380805,1.2921742,5.428684,-0.096642315,other,other,False,mixed,mixed
b44d874b-8a72-49d5-b329-e6ad5858dddf,4a631ecb-dee7-4769-a313-3eaffcdcf86d,1890199e-ba54-47f9-8aa5-845e4ae86f2d,1624969668988,-16.9177346,32.7705112,1.7380805,1.1483554,4.4796753,0.18383753,other,other,False,mixed,mixed
b44d874b-8a72-49d5-b329-e6ad5858dddf,1bba0eef-94c7-4ddf-8e75-366de6d629fd,578661f2-c01b-4b84-b0b8-301188f7d04c,1624969665568,-16.917752,32.7704514,1.7398741,-5.4246006,-11.509548,-10.945978,other,other,False,mixed,mixed
b44d874b-8a72-49d5-b329-e6ad5858dddf,1bba0eef-94c7-4ddf-8e75-366de6d629fd,54dceb61-3a68-42c1-9b88-606cbe6b5c2a,1624969665620,-16.917752,32.7704514,1.7398741,1.6308814,2.6756387,0.9545849,other,other,False,mixed,mixed
b44d874b-8a72-49d5-b329-e6ad5858dddf,1bba0eef-94c7-4ddf-8e75-366de6d629fd,cf1a6b85-db9a-488c-a18d-7de04e2cdbe0,1624969665671,-16.917748,32.7704668,1.748216,-0.12600088,0.93889904,0.6168891,other,other,False,mixed,mixed
b44d874b-8a72-49d5-b329-e6ad5858dddf,1bba0eef-94c7-4ddf-8e75-366de6d629fd,8630e3c2-6aee-4f09-bbfe-ed436ece33ae,1624969665720,-16.917748,32.7704668,1.748216,-2.660254,-3.417369,-1.4069716,other,other,False,mixed,mixed
b44d874b-8a72-49d5-b329-e6ad5858dddf,1bba0eef-94c7-4ddf-8e75-366de6d629fd,77da54b1-23e5-42ce-9bee-24bcfec03393,1624969665771,-16.917748,32.7704668,1.748216,-4.5575857,-9.746821,-8.494749,other,other,False,mixed,mixed
b44d874b-8a72-49d5-b329-e6ad5858dddf,1bba0eef-94c7-4ddf-8e75-366de6d629fd,96726c12-0a47-4812-b5a4-9f6813a78793,1624969665822,-16.917748,32.7704668,1.748216,-4.5575857,-9.746821,-8.494749,other,other,False,mixed,mixed
b44d874b-8a72-49d5-b329-e6ad5858dddf,1bba0eef-94c7-4ddf-8e75-366de6d629fd,1275107c-ee4a-4c11-812d-2d1df9312207,1624969665873,-16.917748,32.7704668,1.748216,0.74372417,0.8321905,0.12453739,other,other,False,mixed,mixed
b44d874b-8a72-49d5-b329-e6ad5858dddf,1bba0eef-94c7-4ddf-8e75-366de6d629fd,a4410aea-9cc9-42ef-802e-2f2e1c0eec0b,1624969665923,-16.917748,32.7704668,1.748216,-1.2844112,2.783803,1.2482922,other,other,False,mixed,mixed
b44d874b-8a72-49d5-b329-e6ad5858dddf,1bba0eef-94c7-4ddf-8e75-366de6d629fd,e446038a-545b-4519-861b-814d06f9b753,1624969665973,-16.917748,32.7704668,1.748216,-0.78124785,4.485292,0.47880208,other,other,False,mixed,mixed
b44d874b-8a72-49d5-b329-e6ad5858dddf,1bba0eef-94c7-4ddf-8e75-366de6d629fd,f8b914f2-eeee-491e-a681-9e2ade8e1643,1624969666023,-16.917748,32.7704668,1.748216,0.19529963,4.889042,0.7171566,other,other,False,mixed,mixed
b44d874b-8a72-49d5-b329-e6ad5858dddf,1bba0eef-94c7-4ddf-8e75-366de6d629fd,9d122b01-9693-4a8c-9828-30702263db2f,1624969666140,-16.917748,32.7704668,1.748216,0.16773808,3.9610596,0.512401,other,other,False,mixed,mixed
b44d874b-8a72-49d5-b329-e6ad5858dddf,1bba0eef-94c7-4ddf-8e75-366de6d629fd,83bced89-ff28-4007-b486-a81cf8015358,1624969666191,-16.917748,32.7704668,1.748216,0.046993256,-4.84673,2.4498684,other,other,False,mixed,mixed
b44d874b-8a72-49d5-b329-e6ad5858dddf,1bba0eef-94c7-4ddf-8e75-366de6d629fd,f4060d3a-1fdb-45f3-9a45-24297de6d551,1624969666241,-16.917748,32.7704668,1.748216,-10.809112,-6.8703213,-12.745384,other,other,False,mixed,mixed
b44d874b-8a72-49d5-b329-e6ad5858dddf,1bba0eef-94c7-4ddf-8e75-366de6d629fd,8576f4ad-991f-455d-b320-d156fcb3ba06,1624969666290,-16.917748,32.7704668,1.748216,0.1314547,-4.6017447,0.34362674,other,other,False,mixed,mixed
b44d874b-8a72-49d5-b329-e6ad5858dddf,1bba0eef-94c7-4ddf-8e75-366de6d629fd,cd2dc40d-91d2-4f86-81a4-1bc417395846,1624969666341,-16.917748,32.7704668,1.748216,0.43474317,-0.54146767,-0.419281,other,other,False,mixed,mixed
b44d874b-8a72-49d5-b329-e6ad5858dddf,1bba0eef-94c7-4ddf-8e75-366de6d629fd,4f5bd25e-1544-4473-8d29-0c66eb5b1912,1624969666392,-16.917748,32.7704668,1.748216,0.018718243,0.74936485,-1.4595437,other,other,False,mixed,mixed
b44d874b-8a72-49d5-b329-e6ad5858dddf,1bba0eef-94c7-4ddf-8e75-366de6d629fd,39c46cd0-6139-4e2d-9080-6399f12ac76a,1624969666442,-16.917748,32.7704668,1.748216,-0.5740142,2.7297678,0.63872874,other,other,False,mixed,mixed
b44d874b-8a72-49d5-b329-e6ad5858dddf,1bba0eef-94c7-4ddf-8e75-366de6d629fd,94eafc0c-69d3-49b6-94ca-d7fabee0f862,1624969666494,-16.9177451,32.7704796,1.7548373,0.66569483,4.385118,0.34239185,other,other,False,mixed,mixed
b44d874b-8a72-49d5-b329-e6ad5858dddf,1bba0eef-94c7-4ddf-8e75-366de6d629fd,db559bc6-dd03-4775-addb-33e1ecc1b8a5,1624969666545,-16.9177451,32.7704796,1.7548373,1.6526203,4.232447,0.64287055,other,other,False,mixed,mixed
b44d874b-8a72-49d5-b329-e6ad5858dddf,1bba0eef-94c7-4ddf-8e75-366de6d629fd,4067e3cb-80ba-48f5-96d6-b6b29e174f5c,1624969667045,-16.9177451,32.7704796,1.7548373,1.3457032,3.2944927,0.76106834,other,other,False,mixed,mixed
b44d874b-8a72-49d5-b329-e6ad5858dddf,1bba0eef-94c7-4ddf-8e75-366de6d629fd,52c4d9a2-660e-4c8e-ad24-8adb2ced8de6,1624969667095,-16.9177451,32.7704796,1.7548373,2.2716076,2.733942,0.7979373,other,other,False,mixed,mixed
b44d874b-8a72-49d5-b329-e6ad5858dddf,1bba0eef-94c7-4ddf-8e75-366de6d629fd,2b69610b-c21c-429a-99e5-2e8d072074f6,1624969667145,-16.9177422,32.7704887,1.7402505,1.1193864,-0.44023323,0.72739583,other,other,False,mixed,mixed
b44d874b-8a72-49d5-b329-e6ad5858dddf,1bba0eef-94c7-4ddf-8e75-366de6d629fd,875d17aa-26ba-4a29-8c48-40f07fd779cd,1624969667195,-16.9177422,32.7704887,1.7402505,-3.4576483,-9.175569,-0.8306531,other,other,False,mixed,mixed
b44d874b-8a72-49d5-b329-e6ad5858dddf,1bba0eef-94c7-4ddf-8e75-366de6d629fd,cd63854d-5a4f-4260-92cb-aa518f42fcaf,1624969667244,-16.9177422,32.7704887,1.7402505,-3.4576483,-9.175569,-0.8306531,other,other,False,mixed,mixed
b44d874b-8a72-49d5-b329-e6ad5858dddf,1bba0eef-94c7-4ddf-8e75-366de6d629fd,aff0ce07-4b98-4933-a121-1a5b7a8dd103,1624969667294,-16.9177422,32.7704887,1.7402505,1.4548213,-1.9432144,0.36715072,other,other,False,mixed,mixed
b44d874b-8a72-49d5-b329-e6ad5858dddf,1bba0eef-94c7-4ddf-8e75-366de6d629fd,00115c7b-a4e0-4708-8504-c3c89a9058a3,1624969667344,-16.9177422,32.7704887,1.7402505,0.2394855,1.0839362,-0.041227497,other,other,False,mixed,mixed
b44d874b-8a72-49d5-b329-e6ad5858dddf,1bba0eef-94c7-4ddf-8e75-366de6d629fd,f73765c8-798f-44e6-b067-07e13a5e2491,1624969667394,-16.9177422,32.7704887,1.7402505,0.5228263,3.9100122,0.06631224,other,other,False,mixed,mixed
b44d874b-8a72-49d5-b329-e6ad5858dddf,1bba0eef-94c7-4ddf-8e75-366de6d629fd,6ac52e88-29bc-4283-96bc-352e97779492,1624969667444,-16.9177422,32.7704887,1.7402505,1.7269857,4.844905,-0.14350006,other,other,False,mixed,mixed
b44d874b-8a72-49d5-b329-e6ad5858dddf,1bba0eef-94c7-4ddf-8e75-366de6d629fd,3ac541f5-af59-496b-bc0a-88ddf76e7767,1624969667507,-16.9177422,32.7704887,1.7402505,1.459945,4.117807,0.09527508,other,other,False,mixed,mixed
b44d874b-8a72-49d5-b329-e6ad5858dddf,1bba0eef-94c7-4ddf-8e75-366de6d629fd,ebc285ab-5156-481e-a218-1da7d90513f2,1624969667558,-16.9177422,32.7704887,1.7402505,0.71988535,2.508875,1.6657968,other,other,False,mixed,mixed
b44d874b-8a72-49d5-b329-e6ad5858dddf,1bba0eef-94c7-4ddf-8e75-366de6d629fd,3f528063-a772-4398-9b64-1b7bff5f30fb,1624969667608,-16.9177422,32.7704887,1.7402505,-0.76884365,0.56803226,-0.61578083,other,other,False,mixed,mixed
b44d874b-8a72-49d5-b329-e6ad5858dddf,1bba0eef-94c7-4ddf-8e75-366de6d629fd,af1b1259-1808-4a6a-8542-cbd65a831408,1624969667659,-16.9177422,32.7704887,1.7402505,-3.1753883,-4.175563,-1.0573694,other,other,False,mixed,mixed
b44d874b-8a72-49d5-b329-e6ad5858dddf,1bba0eef-94c7-4ddf-8e75-366de6d629fd,13a556a1-d872-4ebb-afdf-d33578e812a2,1624969667709,-16.9177422,32.7704887,1.7402505,0.17116737,-8.912237,-6.283498,other,other,False,mixed,mixed
b44d874b-8a72-49d5-b329-e6ad5858dddf,1bba0eef-94c7-4ddf-8e75-366de6d629fd,1b990938-5a29-450b-bd20-5fb25b873a5a,1624969667761,-16.9177422,32.7704887,1.7402505,2.046663,-1.4159069,-1.2887113,other,other,False,mixed,mixed
b44d874b-8a72-49d5-b329-e6ad5858dddf,1bba0eef-94c7-4ddf-8e75-366de6d629fd,74882cad-61b8-41cd-9224-effb795a802b,1624969667811,-16.9177422,32.7704887,1.7402505,0.6826307,0.15734768,-0.32728964,other,other,False,mixed,mixed
b44d874b-8a72-49d5-b329-e6ad5858dddf,1bba0eef-94c7-4ddf-8e75-366de6d629fd,cba3af0c-247a-41a8-a036-ce38848d9392,1624969667861,-16.9177422,32.7704887,1.7402505,-0.16752863,1.9410262,0.45426252,other,other,False,mixed,mixed
b44d874b-8a72-49d5-b329-e6ad5858dddf,1bba0eef-94c7-4ddf-8e75-366de6d629fd,ea7b6f1f-891b-4043-b8e0-38b24dfe6612,1624969667911,-16.9177422,32.7704887,1.7402505,-0.04563272,4.1135507,0.79586077,other,other,False,mixed,mixed
b44d874b-8a72-49d5-b329-e6ad5858dddf,1bba0eef-94c7-4ddf-8e75-366de6d629fd,5707cf9e-4554-49a9-85cd-a6266a2c3000,1624969667961,-16.9177422,32.7704887,1.7402505,0.10200119,4.582508,0.9962314,other,other,False,mixed,mixed
b44d874b-8a72-49d5-b329-e6ad5858dddf,1bba0eef-94c7-4ddf-8e75-366de6d629fd,2485888c-1050-4221-bb5e-a8b4793ec78c,1624969668566,-16.9177422,32.7704887,1.7402505,0.10200119,4.582508,0.9962314,other,other,False,mixed,mixed
b44d874b-8a72-49d5-b329-e6ad5858dddf,1bba0eef-94c7-4ddf-8e75-366de6d629fd,0e774fbf-60ea-433a-bffe-a1c1bb34d279,1624969668616,-16.9177422,32.7704887,1.7402505,-0.58989334,-0.659564,-0.21808922,other,other,False,mixed,mixed
b44d874b-8a72-49d5-b329-e6ad5858dddf,1bba0eef-94c7-4ddf-8e75-366de6d629fd,e7d073ae-b35e-4efb-a051-dda994269264,1624969668666,-16.9177346,32.7705112,1.7380805,-7.113893,-10.441716,-17.127602,other,other,False,mixed,mixed
b44d874b-8a72-49d5-b329-e6ad5858dddf,1bba0eef-94c7-4ddf-8e75-366de6d629fd,274af9d4-95fd-4ca3-8e48-c48ceee455dd,1624969668716,-16.9177346,32.7705112,1.7380805,4.2107415,-3.2599707,-0.4299944,other,other,False,mixed,mixed
b44d874b-8a72-49d5-b329-e6ad5858dddf,1bba0eef-94c7-4ddf-8e75-366de6d629fd,c17f0c23-0df0-475c-8c21-c462d24a6af8,1624969668789,-16.9177346,32.7705112,1.7380805,4.269697,-2.444292,-0.9099692,other,other,False,mixed,mixed
b44d874b-8a72-49d5-b329-e6ad5858dddf,1bba0eef-94c7-4ddf-8e75-366de6d629fd,4b5bec78-443f-4c72-ad2c-7e388b79628f,1624969668840,-16.9177346,32.7705112,1.7380805,-0.117820024,1.8015361,-0.00843209,other,other,False,mixed,mixed
b44d874b-8a72-49d5-b329-e6ad5858dddf,1bba0eef-94c7-4ddf-8e75-366de6d629fd,1bc9a354-95e3-4dc1-848f-496f0949a746,1624969668891,-16.9177346,32.7705112,1.7380805,0.69975984,3.6775742,-0.093829036,other,other,False,mixed,mixed
b44d874b-8a72-49d5-b329-e6ad5858dddf,1bba0eef-94c7-4ddf-8e75-366de6d629fd,b8da2f04-906a-46c1-b10b-a631e0459dfa,1624969668941,-16.9177346,32.7705112,1.7380805,1.0222411,4.300787,-0.06581557,other,other,False,mixed,mixed
b44d874b-8a72-49d5-b329-e6ad5858dddf,1bba0eef-94c7-4ddf-8e75-366de6d629fd,505d6dfe-3d58-4b35-9017-5e210949bf20,1624969668991,-16.9177346,32.7705112,1.7380805,1.1196983,4.362409,0.28141308,other,other,False,mixed,mixed
b44d874b-8a72-49d5-b329-e6ad5858dddf,1bba0eef-94c7-4ddf-8e75-366de6d629fd,3a18cb05-9023-4538-95ad-92a87e04fe12,1624969669135,-16.9177346,32.7705112,1.7380805,0.7824789,2.613923,0.6907544,other,other,False,mixed,mixed
b44d874b-8a72-49d5-b329-e6ad5858dddf,1bba0eef-94c7-4ddf-8e75-366de6d629fd,f3a013fd-fef6-41c7-b52d-18f32addf7c5,1624969669185,-16.9177346,32.7705112,1.7380805,-3.2634473,-5.497697,-2.4617963,other,other,False,mixed,mixed
b44d874b-8a72-49d5-b329-e6ad5858dddf,1bba0eef-94c7-4ddf-8e75-366de6d629fd,30239f72-c44b-4467-bc00-498df44b477f,1624969669236,-16.9177346,32.7705112,1.7380805,0.39192808,-1.5011406,0.16890335,other,other,False,mixed,mixed
b44d874b-8a72-49d5-b329-e6ad5858dddf,1bba0eef-94c7-4ddf-8e75-366de6d629fd,9a0a28a4-a6da-4df9-ad57-b83ddf714540,1624969669286,-16.9177346,32.7705112,1.7380805,-0.06485987,-0.10612774,-0.45166025,other,other,False,mixed,mixed
b44d874b-8a72-49d5-b329-e6ad5858dddf,1bba0eef-94c7-4ddf-8e75-366de6d629fd,a93b0ca8-0503-4170-ab37-f648eaa32f77,1624969669336,-16.9177346,32.7705112,1.7380805,0.34450603,1.5137687,-0.20439357,other,other,False,mixed,mixed
b44d874b-8a72-49d5-b329-e6ad5858dddf,1bba0eef-94c7-4ddf-8e75-366de6d629fd,0d70c76a-775f-4645-8020-7f9f0749ccc6,1624969669387,-16.9177346,32.7705112,1.7380805,0.6541232,2.052444,-0.05114788,other,other,False,mixed,mixed
b44d874b-8a72-49d5-b329-e6ad5858dddf,1bba0eef-94c7-4ddf-8e75-366de6d629fd,0e27e280-59cf-4001-9761-8331dd55d0d6,1624969669437,-16.9177298,32.7705251,1.7776936,1.078172,4.0063944,-0.2534486,other,other,False,mixed,mixed
b44d874b-8a72-49d5-b329-e6ad5858dddf,1bba0eef-94c7-4ddf-8e75-366de6d629fd,47393737-2442-4492-a92b-d3a6694fa462,1624969669488,-16.9177298,32.7705251,1.7776936,1.4553373,3.621027,0.18355829,other,other,False,mixed,mixed
b44d874b-8a72-49d5-b329-e6ad5858dddf,1bba0eef-94c7-4ddf-8e75-366de6d629fd,18e5edaa-a87c-4913-bd8a-d1b9ca4e3624,1624969669538,-16.9177298,32.7705251,1.7776936,1.1366882,1.8058963,0.7367667,other,other,False,mixed,mixed
b44d874b-8a72-49d5-b329-e6ad5858dddf,1bba0eef-94c7-4ddf-8e75-366de6d629fd,d6f66844-75d9-47d7-bc24-fafb4218339b,1624969669588,-16.9177298,32.7705251,1.7776936,0.52164364,0.25549793,0.40100974,other,other,False,mixed,mixed
b44d874b-8a72-49d5-b329-e6ad5858dddf,1bba0eef-94c7-4ddf-8e75-366de6d629fd,599cf843-6b9a-41b4-ac2d-8b476fdd5be8,1624969669638,-16.9177298,32.7705251,1.7776936,-3.734075,-5.4972496,-3.5615602,other,other,False,mixed,mixed
b44d874b-8a72-49d5-b329-e6ad5858dddf,1bba0eef-94c7-4ddf-8e75-366de6d629fd,e58b7c64-d7fe-4ff1-9d6c-82169c620047,1624969669688,-16.9177298,32.7705251,1.7776936,-1.5901244,-7.658703,-3.2295303,other,other,False,mixed,mixed
b44d874b-8a72-49d5-b329-e6ad5858dddf,1bba0eef-94c7-4ddf-8e75-366de6d629fd,3995bd87-3ac4-45b1-b14c-798173804c34,1624969669738,-16.9177298,32.7705251,1.7776936,2.9717402,-1.6048288,-2.0497427,other,other,False,mixed,mixed
b44d874b-8a72-49d5-b329-e6ad5858dddf,1bba0eef-94c7-4ddf-8e75-366de6d629fd,68adae2d-924e-42fd-ab19-a13f9807e96f,1624969669788,-16.9177298,32.7705251,1.7776936,1.7232928,0.55846596,-0.4872043,other,other,False,mixed,mixed
b44d874b-8a72-49d5-b329-e6ad5858dddf,1bba0eef-94c7-4ddf-8e75-366de6d629fd,4bfa7294-7166-4de7-b922-402ca90b4814,1624969669838,-16.9177298,32.7705251,1.7776936,0.036119938,3.083552,-0.025997698,other,other,False,mixed,mixed
b44d874b-8a72-49d5-b329-e6ad5858dddf,1bba0eef-94c7-4ddf-8e75-366de6d629fd,21e85700-4391-4cc3-9374-14673fb4c6fb,1624969669888,-16.9177298,32.7705251,1.7776936,0.52559495,4.767558,-0.044299066,other,other,False,mixed,mixed
b44d874b-8a72-49d5-b329-e6ad5858dddf,1bba0eef-94c7-4ddf-8e75-366de6d629fd,4af628c2-b7c8-449a-bfbc-6790c88ee16e,1624969669939,-16.9177298,32.7705251,1.7776936,1.0884686,5.162298,0.38087517,other,other,False,mixed,mixed
b44d874b-8a72-49d5-b329-e6ad5858dddf,1bba0eef-94c7-4ddf-8e75-366de6d629fd,2b0ec0dc-90f3-4370-9843-53d5f88a585a,1624969669989,-16.9177298,32.7705251,1.7776936,1.4199308,4.354579,0.64940023,other,other,False,mixed,mixed
b44d874b-8a72-49d5-b329-e6ad5858dddf,1bba0eef-94c7-4ddf-8e75-366de6d629fd,3f8d8b23-80be-4580-a18d-cfaebd83d1cc,1624969670039,-16.9177298,32.7705251,1.7776936,1.1937132,1.2465606,0.73226714,other,other,False,mixed,mixed
b44d874b-8a72-49d5-b329-e6ad5858dddf,1bba0eef-94c7-4ddf-8e75-366de6d629fd,c151d957-e769-4900-83f9-02e947bd4905,1624969670089,-16.9177298,32.7705251,1.7776936,-0.32351208,-1.591896,0.07768965,other,other,False,mixed,mixed
b44d874b-8a72-49d5-b329-e6ad5858dddf,1bba0eef-94c7-4ddf-8e75-366de6d629fd,25b9d19c-ab9e-4888-b1a3-b3dac0df2077,1624969670140,-16.9177298,32.7705251,1.7776936,-6.616162,-5.6629944,-3.1296358,other,other,False,mixed,mixed
b44d874b-8a72-49d5-b329-e6ad5858dddf,1bba0eef-94c7-4ddf-8e75-366de6d629fd,ba83ae22-f99a-4c73-9f20-efb186937636,1624969670190,-16.9177298,32.7705251,1.7776936,-2.0544314,-5.5540333,-2.913587,other,other,False,mixed,mixed
b44d874b-8a72-49d5-b329-e6ad5858dddf,1bba0eef-94c7-4ddf-8e75-366de6d629fd,a5237539-e178-4632-8178-145164090086,1624969670240,-16.9177298,32.7705251,1.7776936,1.177401,-1.207819,-0.007985592,other,other,False,mixed,mixed
b44d874b-8a72-49d5-b329-e6ad5858dddf,1bba0eef-94c7-4ddf-8e75-366de6d629fd,61619e70-58ed-49a3-b1c3-2e004d8762e2,1624969670290,-16.9177298,32.7705251,1.7776936,-0.07365537,0.035417557,-0.20214245,other,other,False,mixed,mixed
b44d874b-8a72-49d5-b329-e6ad5858dddf,1bba0eef-94c7-4ddf-8e75-366de6d629fd,01bf7eb8-510e-4ab9-892f-42a8cb615144,1624969670341,-16.9177298,32.7705251,1.7776936,-0.18445063,2.0025544,-0.011802793,other,other,False,mixed,mixed
b44d874b-8a72-49d5-b329-e6ad5858dddf,1bba0eef-94c7-4ddf-8e75-366de6d629fd,2c11d9d3-db6e-448f-975d-d6c06bfb0bcd,1624969670390,-16.9177298,32.7705251,1.7776936,0.6346847,3.004342,-0.012747884,other,other,False,mixed,mixed
b44d874b-8a72-49d5-b329-e6ad5858dddf,1bba0eef-94c7-4ddf-8e75-366de6d629fd,d18d7551-22a8-486a-bd6b-8e9eb2a32428,1624969670441,-16.9177243,32.7705409,1.7804258,1.4477732,3.1633105,0.018727481,other,other,False,mixed,mixed
b44d874b-8a72-49d5-b329-e6ad5858dddf,1bba0eef-94c7-4ddf-8e75-366de6d629fd,5f489639-e5bd-4b49-854a-33c0be1e5b09,1624969670490,-16.9177243,32.7705409,1.7804258,1.9515674,4.0138907,-0.27910113,other,other,False,mixed,mixed
b44d874b-8a72-49d5-b329-e6ad5858dddf,1bba0eef-94c7-4ddf-8e75-366de6d629fd,11fc3910-0e63-4208-b034-87d4b2b90882,1624969670542,-16.9177243,32.7705409,1.7804258,2.143722,2.289909,0.92050374,other,other,False,mixed,mixed
b44d874b-8a72-49d5-b329-e6ad5858dddf,1bba0eef-94c7-4ddf-8e75-366de6d629fd,81b8182c-ac84-4cbb-be9c-529256a2ebce,1624969670591,-16.9177243,32.7705409,1.7804258,0.3420092,-1.2884045,0.64722884,other,other,False,mixed,mixed
b44d874b-8a72-49d5-b329-e6ad5858dddf,1bba0eef-94c7-4ddf-8e75-366de6d629fd,b0ade02a-e110-47fc-94e3-43ab95211536,1624969670642,-16.9177243,32.7705409,1.7804258,-4.146274,-7.527443,-6.9221554,other,other,False,mixed,mixed
b44d874b-8a72-49d5-b329-e6ad5858dddf,1bba0eef-94c7-4ddf-8e75-366de6d629fd,353566aa-10fb-4037-bcdc-e3f95bcfccb1,1624969670693,-16.9177243,32.7705409,1.7804258,0.58062196,-5.590993,-0.58839726,other,other,False,mixed,mixed
b44d874b-8a72-49d5-b329-e6ad5858dddf,1bba0eef-94c7-4ddf-8e75-366de6d629fd,33dc74a9-a967-441f-82d1-d54fc275fb60,1624969670743,-16.9177243,32.7705409,1.7804258,1.4200675,-1.2220364,-0.7850109,other,other,False,mixed,mixed
b44d874b-8a72-49d5-b329-e6ad5858dddf,1bba0eef-94c7-4ddf-8e75-366de6d629fd,cf18f6e4-68fd-4a10-9f9a-c33002dd492f,1624969670793,-16.9177243,32.7705409,1.7804258,-0.013669729,1.5503602,0.24991262,other,other,False,mixed,mixed
b44d874b-8a72-49d5-b329-e6ad5858dddf,1bba0eef-94c7-4ddf-8e75-366de6d629fd,e4c47474-203e-4d0d-9bfe-13ce48b11e36,1624969670843,-16.9177243,32.7705409,1.7804258,0.40171683,3.7056336,-0.14045066,other,other,False,mixed,mixed
b44d874b-8a72-49d5-b329-e6ad5858dddf,1bba0eef-94c7-4ddf-8e75-366de6d629fd,a4de7f1e-59f0-465e-8c94-d457c3cbdb45,1624969670896,-16.9177243,32.7705409,1.7804258,1.0274843,4.4293146,-0.5920342,other,other,False,mixed,mixed
b44d874b-8a72-49d5-b329-e6ad5858dddf,1bba0eef-94c7-4ddf-8e75-366de6d629fd,d5d0ec04-919e-45f5-acb5-0c6fd4621ea2,1624969670946,-16.9177243,32.7705409,1.7804258,1.5609157,4.612744,-0.7393662,other,other,False,mixed,mixed
b44d874b-8a72-49d5-b329-e6ad5858dddf,1bba0eef-94c7-4ddf-8e75-366de6d629fd,53665ca8-19a2-49d4-91da-d0b535399f11,1624969670996,-16.9177243,32.7705409,1.7804258,2.1602197,2.7475004,0.35926074,other,other,False,mixed,mixed
b44d874b-8a72-49d5-b329-e6ad5858dddf,1bba0eef-94c7-4ddf-8e75-366de6d629fd,0a8dbbbd-a4a5-4879-b711-785216b8fc7d,1624969671047,-16.9177243,32.7705409,1.7804258,2.2238724,1.4094505,1.2627883,other,other,False,mixed,mixed
b44d874b-8a72-49d5-b329-e6ad5858dddf,1bba0eef-94c7-4ddf-8e75-366de6d629fd,a596dd9b-ab3e-4959-88f5-07dd138905db,1624969671096,-16.9177243,32.7705409,1.7804258,-0.025452375,-4.11751,1.2817976,other,other,False,mixed,mixed
b44d874b-8a72-49d5-b329-e6ad5858dddf,1bba0eef-94c7-4ddf-8e75-366de6d629fd,155d2a38-f6c8-4355-87cc-fb3cde6df4fb,1624969671147,-16.9177243,32.7705409,1.7804258,-16.43092,-7.7502565,-15.320697,other,other,False,mixed,mixed
b44d874b-8a72-49d5-b329-e6ad5858dddf,1bba0eef-94c7-4ddf-8e75-366de6d629fd,25324727-837e-4ca5-87ac-a1f05fa09951,1624969671196,-16.9177243,32.7705409,1.7804258,1.5950603,-3.713172,1.0719906,other,other,False,mixed,mixed
b44d874b-8a72-49d5-b329-e6ad5858dddf,1bba0eef-94c7-4ddf-8e75-366de6d629fd,db658625-b97f-416d-83af-3c27c8cccdd6,1624969671246,-16.9177243,32.7705409,1.7804258,1.8901795,-0.59766674,-0.7368103,other,other,False,mixed,mixed
b44d874b-8a72-49d5-b329-e6ad5858dddf,1bba0eef-94c7-4ddf-8e75-366de6d629fd,dd5f362e-a4de-4b7e-a7f8-3d1cb495aaec,1624969671297,-16.9177243,32.7705409,1.7804258,1.8901795,-0.59766674,-0.7368103,other,other,False,mixed,mixed
b44d874b-8a72-49d5-b329-e6ad5858dddf,1bba0eef-94c7-4ddf-8e75-366de6d629fd,2f10b740-95f8-47ea-bd0f-334e0fe2ee44,1624969671347,-16.9177243,32.7705409,1.7804258,0.38795495,2.9449449,-0.52996767,other,other,False,mixed,mixed
b44d874b-8a72-49d5-b329-e6ad5858dddf,1bba0eef-94c7-4ddf-8e75-366de6d629fd,c685ee3b-c803-46dc-aca0-fb8b5bf6274a,1624969671398,-16.9177183,32.7705569,1.7560159,1.0575345,3.9671068,-0.28149045,other,other,False,mixed,mixed
b44d874b-8a72-49d5-b329-e6ad5858dddf,1bba0eef-94c7-4ddf-8e75-366de6d629fd,ae4abb89-3e19-4416-b85f-b2444ee57d12,1624969671449,-16.9177183,32.7705569,1.7560159,1.6825769,3.6567216,0.5505166,other,other,False,mixed,mixed
b44d874b-8a72-49d5-b329-e6ad5858dddf,1bba0eef-94c7-4ddf-8e75-366de6d629fd,f3cd9074-5125-4125-baad-9b3b677605bc,1624969671498,-16.9177183,32.7705569,1.7560159,0.9038371,1.738411,1.2430383,other,other,False,mixed,mixed
b44d874b-8a72-49d5-b329-e6ad5858dddf,1bba0eef-94c7-4ddf-8e75-366de6d629fd,36b0495e-103e-4cf5-a114-0f1a848c80dd,1624969671548,-16.9177183,32.7705569,1.7560159,-0.426682,-0.19796085,-0.08637628,other,other,False,mixed,mixed
b44d874b-8a72-49d5-b329-e6ad5858dddf,1bba0eef-94c7-4ddf-8e75-366de6d629fd,3754725d-3c54-4acc-9a77-4caeec14848a,1624969671599,-16.9177183,32.7705569,1.7560159,-3.6765683,-8.7879505,-2.108119,other,other,False,mixed,mixed
b44d874b-8a72-49d5-b329-e6ad5858dddf,1bba0eef-94c7-4ddf-8e75-366de6d629fd,33f7e3be-b748-4c20-ab47-f168c3509429,1624969671648,-16.9177183,32.7705569,1.7560159,-0.90837884,-10.076145,-6.017147,other,other,False,mixed,mixed
b44d874b-8a72-49d5-b329-e6ad5858dddf,1bba0eef-94c7-4ddf-8e75-366de6d629fd,c969c739-1e02-4a18-8f08-d371f39d0245,1624969671699,-16.9177183,32.7705569,1.7560159,4.0209785,-2.164321,-1.1096171,other,other,False,mixed,mixed
b44d874b-8a72-49d5-b329-e6ad5858dddf,1bba0eef-94c7-4ddf-8e75-366de6d629fd,80b726b7-fad8-4d97-8858-c6de5363f6e6,1624969671749,-16.9177183,32.7705569,1.7560159,0.81960136,1.152864,-0.3776343,other,other,False,mixed,mixed
b44d874b-8a72-49d5-b329-e6ad5858dddf,1bba0eef-94c7-4ddf-8e75-366de6d629fd,4eeae921-aaf9-466b-a818-e66a4187bc28,1624969671800,-16.9177183,32.7705569,1.7560159,-0.3486197,3.772769,0.60020113,other,other,False,mixed,mixed
b44d874b-8a72-49d5-b329-e6ad5858dddf,1bba0eef-94c7-4ddf-8e75-366de6d629fd,7da9eecb-e2cd-40b3-be63-4c874444a154,1624969671850,-16.9177183,32.7705569,1.7560159,0.4968258,4.911248,-0.09104307,other,other,False,mixed,mixed
b44d874b-8a72-49d5-b329-e6ad5858dddf,1bba0eef-94c7-4ddf-8e75-366de6d629fd,229a4442-0ac4-44b0-9ea1-7ee9a9a5ef8c,1624969671900,-16.9177183,32.7705569,1.7560159,0.808439,5.0754514,0.7530239,other,other,False,mixed,mixed
b44d874b-8a72-49d5-b329-e6ad5858dddf,1bba0eef-94c7-4ddf-8e75-366de6d629fd,f006be3f-fec4-44f0-8cbf-bc8cdfd6f42e,1624969671950,-16.9177183,32.7705569,1.7560159,1.0508167,3.6074133,1.5199494,other,other,False,mixed,mixed
b44d874b-8a72-49d5-b329-e6ad5858dddf,1bba0eef-94c7-4ddf-8e75-366de6d629fd,b3a58122-038f-4079-bd7b-3f87cf61d288,1624969672001,-16.9177183,32.7705569,1.7560159,0.061251402,0.5565338,1.5509393,other,other,False,mixed,mixed
b44d874b-8a72-49d5-b329-e6ad5858dddf,1bba0eef-94c7-4ddf-8e75-366de6d629fd,77d07117-24cc-49dd-9671-b28375cb7d4c,1624969672051,-16.9177183,32.7705569,1.7560159,0.14376187,1.4911346,0.5456531,other,other,False,mixed,mixed
b44d874b-8a72-49d5-b329-e6ad5858dddf,1bba0eef-94c7-4ddf-8e75-366de6d629fd,aec36e91-9060-41ce-bf4f-1037acf3f2b7,1624969672101,-16.9177183,32.7705569,1.7560159,-4.6237745,-6.862316,-1.8854678,other,other,False,mixed,mixed
b44d874b-8a72-49d5-b329-e6ad5858dddf,1bba0eef-94c7-4ddf-8e75-366de6d629fd,3acc0100-98c0-4198-a7d7-3450af0be0c1,1624969672238,-16.9177183,32.7705569,1.7560159,-10.821892,-7.4189644,-7.808547,other,other,False,mixed,mixed
b44d874b-8a72-49d5-b329-e6ad5858dddf,1bba0eef-94c7-4ddf-8e75-366de6d629fd,546e3ef8-2a8b-4908-8c51-9f69f012b304,1624969672289,-16.9177183,32.7705569,1.7560159,-0.38455153,1.4646835,0.52747595,other,other,False,mixed,mixed
b44d874b-8a72-49d5-b329-e6ad5858dddf,1bba0eef-94c7-4ddf-8e75-366de6d629fd,3b6abfca-99d4-4379-a2ff-087dd1714eff,1624969672340,-16.9177183,32.7705569,1.7560159,0.53503287,3.2789001,-0.051271558,other,other,False,mixed,mixed
b44d874b-8a72-49d5-b329-e6ad5858dddf,1bba0eef-94c7-4ddf-8e75-366de6d629fd,8f95436e-b1a3-49b3-9e3f-ba61d6537206,1624969672390,-16.9177099,32.7705716,1.7222245,1.038811,3.0676465,-0.22158772,other,other,False,mixed,mixed
b44d874b-8a72-49d5-b329-e6ad5858dddf,1bba0eef-94c7-4ddf-8e75-366de6d629fd,5b2d5a4f-c7ae-419b-ad2a-28d67b248b25,1624969672440,-16.9177099,32.7705716,1.7222245,1.9222587,4.0666537,0.14287096,other,other,False,mixed,mixed
b44d874b-8a72-49d5-b329-e6ad5858dddf,1bba0eef-94c7-4ddf-8e75-366de6d629fd,d32290da-85f2-4d17-8356-1703aff7fd31,1624969672490,-16.9177099,32.7705716,1.7222245,1.8426015,2.0334244,1.0004834,other,other,False,mixed,mixed
b44d874b-8a72-49d5-b329-e6ad5858dddf,1bba0eef-94c7-4ddf-8e75-366de6d629fd,e98df73a-0511-40b9-a150-9cf82fb94c1e,1624969672541,-16.9177099,32.7705716,1.7222245,-0.3512106,0.76875305,0.51366895,other,other,False,mixed,mixed
b44d874b-8a72-49d5-b329-e6ad5858dddf,1bba0eef-94c7-4ddf-8e75-366de6d629fd,fb143407-36e0-40dd-b1c1-b24629b72673,1624969672591,-16.9177099,32.7705716,1.7222245,-3.761977,-5.21723,-0.55902034,other,other,False,mixed,mixed
b44d874b-8a72-49d5-b329-e6ad5858dddf,1bba0eef-94c7-4ddf-8e75-366de6d629fd,45d45439-e3ca-47d3-a8f7-c94b8a9c78d6,1624969672641,-16.9177099,32.7705716,1.7222245,-0.67129755,-6.9400616,-6.1980867,other,other,False,mixed,mixed
b44d874b-8a72-49d5-b329-e6ad5858dddf,1bba0eef-94c7-4ddf-8e75-366de6d629fd,7a89fa16-90e5-4c5e-bff9-bd1bf7185f04,1624969672691,-16.9177099,32.7705716,1.7222245,2.3271828,-1.8041897,-0.18929961,other,other,False,mixed,mixed
b44d874b-8a72-49d5-b329-e6ad5858dddf,1bba0eef-94c7-4ddf-8e75-366de6d629fd,12352a28-b248-4342-9bac-f4e335a5f9d4,1624969672742,-16.9177099,32.7705716,1.7222245,0.025361776,0.025424004,-0.48435634,other,other,False,mixed,mixed
b44d874b-8a72-49d5-b329-e6ad5858dddf,1bba0eef-94c7-4ddf-8e75-366de6d629fd,7a1c32c9-175c-440d-a9ca-91bb7a12bdb9,1624969672792,-16.9177099,32.7705716,1.7222245,-0.47808075,2.9992743,1.0221591,other,other,False,mixed,mixed
b44d874b-8a72-49d5-b329-e6ad5858dddf,1bba0eef-94c7-4ddf-8e75-366de6d629fd,708253a2-d2ad-49a5-987d-ab89d4568cac,1624969672843,-16.9177099,32.7705716,1.7222245,0.67441213,3.1119761,-0.1744067,other,other,False,mixed,mixed
b44d874b-8a72-49d5-b329-e6ad5858dddf,1bba0eef-94c7-4ddf-8e75-366de6d629fd,cf35ce38-e8f5-4fc8-8414-3e69a3d303d0,1624969672892,-16.9177099,32.7705716,1.7222245,1.0375427,3.0878901,0.15639883,other,other,False,mixed,mixed
b44d874b-8a72-49d5-b329-e6ad5858dddf,1bba0eef-94c7-4ddf-8e75-366de6d629fd,2ea6ff29-0d18-4485-8ce9-783d1167769f,1624969672942,-16.9177099,32.7705716,1.7222245,1.5505124,4.08095,0.33052534,other,other,False,mixed,mixed
b44d874b-8a72-49d5-b329-e6ad5858dddf,1bba0eef-94c7-4ddf-8e75-366de6d629fd,0c7850e6-8e1b-43b1-87ef-9c1c70c348ab,1624969672992,-16.9177099,32.7705716,1.7222245,0.54607165,2.0624042,1.1973354,other,other,False,mixed,mixed
b44d874b-8a72-49d5-b329-e6ad5858dddf,1bba0eef-94c7-4ddf-8e75-366de6d629fd,935f532d-f48d-47d9-9341-bbaf6cd432b3,1624969673042,-16.9177099,32.7705716,1.7222245,-0.5947635,-1.8461914,-0.9523352,other,other,False,mixed,mixed
b44d874b-8a72-49d5-b329-e6ad5858dddf,1bba0eef-94c7-4ddf-8e75-366de6d629fd,149452f2-028e-428d-8bb5-35a3cde1db3e,1624969673092,-16.9177099,32.7705716,1.7222245,-12.163113,-5.317995,-6.051408,other,other,False,mixed,mixed
b44d874b-8a72-49d5-b329-e6ad5858dddf,1bba0eef-94c7-4ddf-8e75-366de6d629fd,4553b9ab-19f5-4816-8280-a0e298b7424c,1624969673142,-16.9177099,32.7705716,1.7222245,-0.09584093,-4.552515,-1.6512159,other,other,False,mixed,mixed
b44d874b-8a72-49d5-b329-e6ad5858dddf,1bba0eef-94c7-4ddf-8e75-366de6d629fd,aa3d6075-414c-4f17-8403-8d693972f320,1624969673192,-16.9177099,32.7705716,1.7222245,-0.001855135,-1.3170004,-0.23401016,other,other,False,mixed,mixed
b44d874b-8a72-49d5-b329-e6ad5858dddf,1bba0eef-94c7-4ddf-8e75-366de6d629fd,3756c7ef-ff85-4e7b-9bc0-0dec17c6fa9b,1624969673242,-16.9177099,32.7705716,1.7222245,-0.22432947,0.5360136,0.019504845,other,other,False,mixed,mixed
b44d874b-8a72-49d5-b329-e6ad5858dddf,1bba0eef-94c7-4ddf-8e75-366de6d629fd,bd6862d3-a5a0-4deb-8f2a-0f06ac27b986,1624969673293,-16.9177099,32.7705716,1.7222245,-0.6201608,1.9623113,0.08180344,other,other,False,mixed,mixed
b44d874b-8a72-49d5-b329-e6ad5858dddf,1bba0eef-94c7-4ddf-8e75-366de6d629fd,a917f596-a084-4843-b2f5-d358e8d5490e,1624969673343,-16.9177099,32.7705716,1.7222245,0.40868104,4.0873804,-0.09836218,other,other,False,mixed,mixed
b44d874b-8a72-49d5-b329-e6ad5858dddf,1bba0eef-94c7-4ddf-8e75-366de6d629fd,6f52c500-b08c-4925-86a8-6c67da89385c,1624969673393,-16.9177039,32.7705853,1.709867,1.8190818,4.491088,0.33472806,other,other,False,mixed,mixed
b44d874b-8a72-49d5-b329-e6ad5858dddf,1bba0eef-94c7-4ddf-8e75-366de6d629fd,e36ec2a2-a3e4-4e62-8b85-33ce5a7acbe3,1624969673443,-16.9177039,32.7705853,1.709867,2.2806985,3.6155043,0.6750099,other,other,False,mixed,mixed
b44d874b-8a72-49d5-b329-e6ad5858dddf,1bba0eef-94c7-4ddf-8e75-366de6d629fd,e7916f6a-393f-4155-80aa-2eb03b4009d8,1624969673493,-16.9177039,32.7705853,1.709867,0.73238826,0.996336,1.0061885,other,other,False,mixed,mixed
b44d874b-8a72-49d5-b329-e6ad5858dddf,1bba0eef-94c7-4ddf-8e75-366de6d629fd,f55a4da8-4157-4119-b462-bb5635ebaf13,1624969673544,-16.9177039,32.7705853,1.709867,-1.8975799,-3.73462,-0.4117605,other,other,False,mixed,mixed
b44d874b-8a72-49d5-b329-e6ad5858dddf,1bba0eef-94c7-4ddf-8e75-366de6d629fd,05a2bf0a-7632-45c7-bc1b-27567964f3ff,1624969673594,-16.9177039,32.7705853,1.709867,-3.7994237,-9.983154,-8.671039,other,other,False,mixed,mixed
b44d874b-8a72-49d5-b329-e6ad5858dddf,1bba0eef-94c7-4ddf-8e75-366de6d629fd,22e5a730-64a4-4e12-8787-4a68c9e76e8d,1624969673645,-16.9177039,32.7705853,1.709867,1.9415803,-1.3658323,-0.9458723,other,other,False,mixed,mixed
b44d874b-8a72-49d5-b329-e6ad5858dddf,1bba0eef-94c7-4ddf-8e75-366de6d629fd,dbddba67-9357-42e4-bb31-9dc038a74440,1624969673696,-16.9177039,32.7705853,1.709867,0.5566534,0.11189842,-0.30068114,other,other,False,mixed,mixed
b44d874b-8a72-49d5-b329-e6ad5858dddf,1bba0eef-94c7-4ddf-8e75-366de6d629fd,9dc10d92-b8f3-4b35-90f3-7cb5c730d6c1,1624969673747,-16.9177039,32.7705853,1.709867,-0.5674324,2.2055993,0.74759984,other,other,False,mixed,mixed
b44d874b-8a72-49d5-b329-e6ad5858dddf,1bba0eef-94c7-4ddf-8e75-366de6d629fd,bf04f2f6-7b56-46cd-8ea7-0edb51d2ed42,1624969673797,-16.9177039,32.7705853,1.709867,0.27973628,3.1745381,-0.09434974,other,other,False,mixed,mixed
b44d874b-8a72-49d5-b329-e6ad5858dddf,1bba0eef-94c7-4ddf-8e75-366de6d629fd,1b096df7-577c-4817-82cc-c8661f34a423,1624969673847,-16.9177039,32.7705853,1.709867,1.21129,4.5307274,-0.23152295,other,other,False,mixed,mixed
b44d874b-8a72-49d5-b329-e6ad5858dddf,1bba0eef-94c7-4ddf-8e75-366de6d629fd,00cbb866-094e-4387-b25c-e193f9c87a57,1624969673897,-16.9177039,32.7705853,1.709867,1.130682,2.4825482,0.2597893,other,other,False,mixed,mixed
b44d874b-8a72-49d5-b329-e6ad5858dddf,1bba0eef-94c7-4ddf-8e75-366de6d629fd,34d0f790-657e-45be-9fc7-dea6a1407101,1624969673947,-16.9177039,32.7705853,1.709867,2.1475067,3.212308,0.9062338,other,other,False,mixed,mixed
b44d874b-8a72-49d5-b329-e6ad5858dddf,1bba0eef-94c7-4ddf-8e75-366de6d629fd,9ca4cfdc-1a1c-4936-aaa0-9b8a9844b877,1624969673998,-16.9177039,32.7705853,1.709867,0.035476923,2.5858002,0.89969075,other,other,False,mixed,mixed
b44d874b-8a72-49d5-b329-e6ad5858dddf,1bba0eef-94c7-4ddf-8e75-366de6d629fd,e90f9be4-3adc-4851-9a9c-e6ef48adb49a,1624969674048,-16.9177039,32.7705853,1.709867,-9.18247,-9.147634,-2.010361,other,other,False,mixed,mixed
b44d874b-8a72-49d5-b329-e6ad5858dddf,1bba0eef-94c7-4ddf-8e75-366de6d629fd,3429566e-fac3-40f6-ab57-211f87cf9bca,1624969674098,-16.9177039,32.7705853,1.709867,-3.9807284,-8.633894,-2.8588705,other,other,False,mixed,mixed
b44d874b-8a72-49d5-b329-e6ad5858dddf,1bba0eef-94c7-4ddf-8e75-366de6d629fd,8488ef65-7af9-42a3-acfb-8d605a4fce21,1624969674149,-16.9177039,32.7705853,1.709867,0.9838741,-2.3136883,-1.0483679,other,other,False,mixed,mixed
b44d874b-8a72-49d5-b329-e6ad5858dddf,1bba0eef-94c7-4ddf-8e75-366de6d629fd,2569c43f-9ec2-44f1-9094-90e8064b0364,1624969674199,-16.9177039,32.7705853,1.709867,-0.3602612,-0.6261406,-0.76095057,other,other,False,mixed,mixed
b44d874b-8a72-49d5-b329-e6ad5858dddf,1bba0eef-94c7-4ddf-8e75-366de6d629fd,e2ea7942-0c76-4a9e-8a13-84d9f6ac34de,1624969674250,-16.9177039,32.7705853,1.709867,0.3434999,2.167745,-0.15419072,other,other,False,mixed,mixed
b44d874b-8a72-49d5-b329-e6ad5858dddf,1bba0eef-94c7-4ddf-8e75-366de6d629fd,e4fe948a-d015-4011-878f-b2a2bbc61d49,1624969674301,-16.9177039,32.7705853,1.709867,0.4139055,2.4122195,0.33307397,other,other,False,mixed,mixed
b44d874b-8a72-49d5-b329-e6ad5858dddf,1bba0eef-94c7-4ddf-8e75-366de6d629fd,d5ffc50f-fce4-4475-b7bc-bb10c6de3d6e,1624969674352,-16.9176974,32.7706,1.6888466,0.59626853,3.2265253,0.22810714,other,other,False,mixed,mixed
b44d874b-8a72-49d5-b329-e6ad5858dddf,1bba0eef-94c7-4ddf-8e75-366de6d629fd,37cb304f-f34a-4ef6-a705-cc0d9af24c14,1624969674401,-16.9176974,32.7706,1.6888466,0.64586985,2.5132585,0.4727825,other,other,False,mixed,mixed
b44d874b-8a72-49d5-b329-e6ad5858dddf,1bba0eef-94c7-4ddf-8e75-366de6d629fd,58537c27-76f3-492c-ac7e-b6fe6d37e458,1624969674452,-16.9176974,32.7706,1.6888466,1.0581274,3.2987204,1.3949356,other,other,False,mixed,mixed
b44d874b-8a72-49d5-b329-e6ad5858dddf,1bba0eef-94c7-4ddf-8e75-366de6d629fd,b60b22f3-011b-473c-9b0c-9057818fda33,1624969674501,-16.9176974,32.7706,1.6888466,-0.40258932,1.0190625,0.50002825,other,other,False,mixed,mixed
b44d874b-8a72-49d5-b329-e6ad5858dddf,1bba0eef-94c7-4ddf-8e75-366de6d629fd,cbf8158e-79b6-4ccf-abf9-80a75e93d9d2,1624969674552,-16.9176974,32.7706,1.6888466,-4.024419,-5.2927628,-2.6781297,other,other,False,mixed,mixed
b44d874b-8a72-49d5-b329-e6ad5858dddf,1bba0eef-94c7-4ddf-8e75-366de6d629fd,c3a4e828-51ec-4851-82d8-1f7b35219ba7,1624969674603,-16.9176974,32.7706,1.6888466,-0.28817606,-7.390753,-3.7592187,other,other,False,mixed,mixed
b44d874b-8a72-49d5-b329-e6ad5858dddf,1bba0eef-94c7-4ddf-8e75-366de6d629fd,3015ad2d-0c8c-4ecb-8a25-86c388eb173d,1624969674654,-16.9176974,32.7706,1.6888466,3.0530055,-0.71082973,-2.118481,other,other,False,mixed,mixed
b44d874b-8a72-49d5-b329-e6ad5858dddf,1bba0eef-94c7-4ddf-8e75-366de6d629fd,8b7c11e3-2501-421e-af6d-8361492796a5,1624969674705,-16.9176974,32.7706,1.6888466,0.6658704,0.5479374,0.017408159,other,other,False,mixed,mixed
b44d874b-8a72-49d5-b329-e6ad5858dddf,1bba0eef-94c7-4ddf-8e75-366de6d629fd,f1a0cbb3-5b0e-4aa1-9759-0aa0b05f4811,1624969674755,-16.9176974,32.7706,1.6888466,-0.41750693,2.1462512,0.36688372,other,other,False,mixed,mixed
b44d874b-8a72-49d5-b329-e6ad5858dddf,1bba0eef-94c7-4ddf-8e75-366de6d629fd,a235b87a-5827-4361-a91e-dd1d4c1ce7a9,1624969674804,-16.9176974,32.7706,1.6888466,0.51350486,4.321931,0.29112747,other,other,False,mixed,mixed
b44d874b-8a72-49d5-b329-e6ad5858dddf,1bba0eef-94c7-4ddf-8e75-366de6d629fd,fa190715-cc22-4d43-90e6-2e77fbde5c71,1624969674855,-16.9176974,32.7706,1.6888466,0.61178577,3.7612884,0.4669073,other,other,False,mixed,mixed
b44d874b-8a72-49d5-b329-e6ad5858dddf,1bba0eef-94c7-4ddf-8e75-366de6d629fd,a9b8d252-5c1b-470c-bb5d-0e335fae5b9c,1624969674905,-16.9176974,32.7706,1.6888466,0.9519999,3.2681804,0.50901854,other,other,False,mixed,mixed
b44d874b-8a72-49d5-b329-e6ad5858dddf,1bba0eef-94c7-4ddf-8e75-366de6d629fd,3caea565-cf5a-4c1e-9bb0-d8326b4b9167,1624969674954,-16.9176974,32.7706,1.6888466,1.3860768,1.9114013,0.96714485,other,other,False,mixed,mixed
b44d874b-8a72-49d5-b329-e6ad5858dddf,1bba0eef-94c7-4ddf-8e75-366de6d629fd,b3cd1369-4aa1-4809-9708-a986dcba3691,1624969675004,-16.9176974,32.7706,1.6888466,0.7314484,-0.59426594,0.50944644,other,other,False,mixed,mixed
b44d874b-8a72-49d5-b329-e6ad5858dddf,1bba0eef-94c7-4ddf-8e75-366de6d629fd,13a3c0e5-38fa-477e-b2d1-502624b4adf8,1624969675055,-16.9176974,32.7706,1.6888466,-9.834453,-3.3913908,-9.793769,other,other,False,mixed,mixed
b44d874b-8a72-49d5-b329-e6ad5858dddf,1bba0eef-94c7-4ddf-8e75-366de6d629fd,c4f659a6-5be1-4217-bbbb-c64818de4fb5,1624969675105,-16.9176974,32.7706,1.6888466,-0.13165188,-5.6550827,0.41692826,other,other,False,mixed,mixed
b44d874b-8a72-49d5-b329-e6ad5858dddf,1bba0eef-94c7-4ddf-8e75-366de6d629fd,6fba96cf-b6db-48fa-bbb1-345cae5d489b,1624969675155,-16.9176974,32.7706,1.6888466,-0.6579933,-1.5569468,-1.0621513,other,other,False,mixed,mixed
b44d874b-8a72-49d5-b329-e6ad5858dddf,1bba0eef-94c7-4ddf-8e75-366de6d629fd,2932f251-e769-4e23-b0d2-5cd02b527ec7,1624969675205,-16.9176974,32.7706,1.6888466,-1.8675718,-0.673398,0.8389658,other,other,False,mixed,mixed
b44d874b-8a72-49d5-b329-e6ad5858dddf,1bba0eef-94c7-4ddf-8e75-366de6d629fd,775b5f29-3600-40cc-8254-09500b9a5d25,1624969675256,-16.9176974,32.7706,1.6888466,-0.47441268,1.6081953,0.87424374,other,other,False,mixed,mixed
b44d874b-8a72-49d5-b329-e6ad5858dddf,1bba0eef-94c7-4ddf-8e75-366de6d629fd,c80257d9-3b6d-4afd-bb3f-9a989ba9d80c,1624969675306,-16.9176974,32.7706,1.6888466,0.8515072,2.1433454,0.549254,other,other,False,mixed,mixed
b44d874b-8a72-49d5-b329-e6ad5858dddf,1bba0eef-94c7-4ddf-8e75-366de6d629fd,d2462146-0cf5-49be-b7cf-452f022a844f,1624969675355,-16.9176912,32.7706132,1.6671292,1.3141046,2.6501307,0.1906167,other,other,False,mixed,mixed
b44d874b-8a72-49d5-b329-e6ad5858dddf,1bba0eef-94c7-4ddf-8e75-366de6d629fd,3d7f604a-9780-42b0-abb6-9f95a5cda6d4,1624969675406,-16.9176912,32.7706132,1.6671292,1.5517248,3.3448272,0.17280616,other,other,False,mixed,mixed
b44d874b-8a72-49d5-b329-e6ad5858dddf,1bba0eef-94c7-4ddf-8e75-366de6d629fd,c1288ad0-a3dd-494e-abbe-e055629bd176,1624969675456,-16.9176912,32.7706132,1.6671292,1.5140482,3.4662857,0.2946279,other,other,False,mixed,mixed
b44d874b-8a72-49d5-b329-e6ad5858dddf,1bba0eef-94c7-4ddf-8e75-366de6d629fd,f5ba2454-96f7-4ae6-9c7a-ee5b098f068c,1624969675507,-16.9176912,32.7706132,1.6671292,-1.065378,1.3838739,0.05196151,other,other,False,mixed,mixed
b44d874b-8a72-49d5-b329-e6ad5858dddf,1bba0eef-94c7-4ddf-8e75-366de6d629fd,2d5a72ba-66bf-4783-8776-11017a91bbfd,1624969675559,-16.9176912,32.7706132,1.6671292,-5.1547484,-9.531996,-8.080183,other,other,False,mixed,mixed
b44d874b-8a72-49d5-b329-e6ad5858dddf,1bba0eef-94c7-4ddf-8e75-366de6d629fd,a7f30ecb-7b6f-48b5-be8a-77cac25da4ea,1624969675609,-16.9176912,32.7706132,1.6671292,2.0028286,-5.73402,-2.449085,other,other,False,mixed,mixed
b44d874b-8a72-49d5-b329-e6ad5858dddf,1bba0eef-94c7-4ddf-8e75-366de6d629fd,77c6d1f7-a2f9-44f7-8a9e-f2dec108bf35,1624969675660,-16.9176912,32.7706132,1.6671292,0.45056295,-1.6339111,-1.2154738,other,other,False,mixed,mixed
b44d874b-8a72-49d5-b329-e6ad5858dddf,1bba0eef-94c7-4ddf-8e75-366de6d629fd,0fb3fbd1-4fdf-483a-b956-01c620986ad9,1624969675710,-16.9176912,32.7706132,1.6671292,-0.23198223,-0.099523544,0.007558495,other,other,False,mixed,mixed
b44d874b-8a72-49d5-b329-e6ad5858dddf,1bba0eef-94c7-4ddf-8e75-366de6d629fd,ad557040-da04-46fc-b21e-7d7d818b2f2c,1624969675760,-16.9176912,32.7706132,1.6671292,-0.050192595,1.741106,0.2913375,other,other,False,mixed,mixed
b44d874b-8a72-49d5-b329-e6ad5858dddf,1bba0eef-94c7-4ddf-8e75-366de6d629fd,90d3bc6d-6b54-48e8-a08d-7eb9a60942c4,1624969675810,-16.9176912,32.7706132,1.6671292,0.5384103,3.4023194,0.4631318,other,other,False,mixed,mixed
b44d874b-8a72-49d5-b329-e6ad5858dddf,1bba0eef-94c7-4ddf-8e75-366de6d629fd,3ec13cd1-61e5-4898-99d7-b2bde821dce0,1624969675861,-16.9176912,32.7706132,1.6671292,0.8959607,3.8673353,0.40281844,other,other,False,mixed,mixed
b44d874b-8a72-49d5-b329-e6ad5858dddf,1bba0eef-94c7-4ddf-8e75-366de6d629fd,13eef2a0-3708-4225-b06a-6b932c733bb1,1624969675910,-16.9176912,32.7706132,1.6671292,1.4621255,4.4475822,0.67560357,other,other,False,mixed,mixed
b44d874b-8a72-49d5-b329-e6ad5858dddf,1bba0eef-94c7-4ddf-8e75-366de6d629fd,75635dfe-c473-47cb-8367-6b29c0ff01b7,1624969675961,-16.9176912,32.7706132,1.6671292,1.2191683,2.3039336,0.5667987,other,other,False,mixed,mixed
b44d874b-8a72-49d5-b329-e6ad5858dddf,1bba0eef-94c7-4ddf-8e75-366de6d629fd,67e18a36-717f-4d6f-8c03-a74f8e77d561,1624969676011,-16.9176912,32.7706132,1.6671292,2.0375152,1.4339252,-0.18354498,other,other,False,mixed,mixed
b44d874b-8a72-49d5-b329-e6ad5858dddf,1bba0eef-94c7-4ddf-8e75-366de6d629fd,7a2b05a1-46ed-4342-91b8-eeb6a3288ce1,1624969676061,-16.9176912,32.7706132,1.6671292,-14.365974,-9.8817425,-11.549843,other,other,False,mixed,mixed
b44d874b-8a72-49d5-b329-e6ad5858dddf,1bba0eef-94c7-4ddf-8e75-366de6d629fd,c71e2882-711b-4fff-b28e-2386c26386e3,1624969676111,-16.9176912,32.7706132,1.6671292,-0.07164955,-6.6407204,0.6419441,other,other,False,mixed,mixed
b44d874b-8a72-49d5-b329-e6ad5858dddf,1bba0eef-94c7-4ddf-8e75-366de6d629fd,0c9a7d8f-5faa-47dc-b8ff-8c032fe341f3,1624969676161,-16.9176912,32.7706132,1.6671292,0.07458258,-1.3932447,-1.705903,other,other,False,mixed,mixed
b44d874b-8a72-49d5-b329-e6ad5858dddf,1bba0eef-94c7-4ddf-8e75-366de6d629fd,695f5f1c-9efd-44d5-8dd3-3bd1a860f505,1624969676211,-16.9176912,32.7706132,1.6671292,-0.045693636,-1.9200153,-1.1450893,other,other,False,mixed,mixed
b44d874b-8a72-49d5-b329-e6ad5858dddf,1bba0eef-94c7-4ddf-8e75-366de6d629fd,7faaa35b-01df-4630-9edb-3923802b2b12,1624969676261,-16.9176912,32.7706132,1.6671292,0.37218094,0.7957325,-0.77794635,other,other,False,mixed,mixed
b44d874b-8a72-49d5-b329-e6ad5858dddf,1bba0eef-94c7-4ddf-8e75-366de6d629fd,9336c121-c0f0-448e-bd0e-aca52c5f8b40,1624969676312,-16.9176912,32.7706132,1.6671292,0.85277176,2.5952811,-0.1439498,other,other,False,mixed,mixed
b44d874b-8a72-49d5-b329-e6ad5858dddf,1bba0eef-94c7-4ddf-8e75-366de6d629fd,617a80d2-d090-4cc8-b553-c4675253dd83,1624969676363,-16.9176848,32.7706256,1.6284765,1.712611,3.4712229,0.0014245063,other,other,False,mixed,mixed
b44d874b-8a72-49d5-b329-e6ad5858dddf,1bba0eef-94c7-4ddf-8e75-366de6d629fd,1a4b0a62-3f2a-4f59-8eb5-fa617ddedc22,1624969676414,-16.9176848,32.7706256,1.6284765,1.8909055,3.4931457,0.28267783,other,other,False,mixed,mixed
b44d874b-8a72-49d5-b329-e6ad5858dddf,1bba0eef-94c7-4ddf-8e75-366de6d629fd,17c72295-6ee1-41aa-a3b8-dc005bd88470,1624969676464,-16.9176848,32.7706256,1.6284765,2.1671064,3.2384543,0.67891145,other,other,False,mixed,mixed
b44d874b-8a72-49d5-b329-e6ad5858dddf,1bba0eef-94c7-4ddf-8e75-366de6d629fd,746713fe-2c90-4773-9316-a3079a1aaef1,1624969676514,-16.9176848,32.7706256,1.6284765,-0.18373895,1.8549685,0.7673266,other,other,False,mixed,mixed
b44d874b-8a72-49d5-b329-e6ad5858dddf,1bba0eef-94c7-4ddf-8e75-366de6d629fd,30e7ccef-0687-48a7-843b-ae78e5bb0026,1624969676565,-16.9176848,32.7706256,1.6284765,-5.2917833,-5.822914,-1.5482116,other,other,False,mixed,mixed
b44d874b-8a72-49d5-b329-e6ad5858dddf,1bba0eef-94c7-4ddf-8e75-366de6d629fd,d4dfa42b-112d-4d83-949a-e1f3c0b42de7,1624969676616,-16.9176848,32.7706256,1.6284765,-0.28913236,-6.417943,-3.3653302,other,other,False,mixed,mixed
b44d874b-8a72-49d5-b329-e6ad5858dddf,1bba0eef-94c7-4ddf-8e75-366de6d629fd,d30f6987-6e1c-4ece-b58f-1b85cb16a17f,1624969676666,-16.9176848,32.7706256,1.6284765,0.8716227,-1.9896879,-1.9578693,other,other,False,mixed,mixed
b44d874b-8a72-49d5-b329-e6ad5858dddf,1bba0eef-94c7-4ddf-8e75-366de6d629fd,ff12af22-6df3-4f0a-bd1e-384309b261f5,1624969676716,-16.9176848,32.7706256,1.6284765,0.070675135,-0.7714462,-0.23742367,other,other,False,mixed,mixed
b44d874b-8a72-49d5-b329-e6ad5858dddf,1bba0eef-94c7-4ddf-8e75-366de6d629fd,3fcbc78f-3519-46d0-b35d-c62b5699b2fa,1624969676767,-16.9176848,32.7706256,1.6284765,0.16832101,1.506608,0.40379846,other,other,False,mixed,mixed
b44d874b-8a72-49d5-b329-e6ad5858dddf,1bba0eef-94c7-4ddf-8e75-366de6d629fd,b24e04a6-f65d-4847-b9dc-c55cb8c84b5a,1624969676817,-16.9176848,32.7706256,1.6284765,0.55126107,2.5686545,0.009418115,other,other,False,mixed,mixed
b44d874b-8a72-49d5-b329-e6ad5858dddf,1bba0eef-94c7-4ddf-8e75-366de6d629fd,ecc206d5-e4e4-4e58-b3c0-1c2f90e4561f,1624969676867,-16.9176848,32.7706256,1.6284765,1.0293821,3.1140757,-0.058452606,other,other,False,mixed,mixed
b44d874b-8a72-49d5-b329-e6ad5858dddf,1bba0eef-94c7-4ddf-8e75-366de6d629fd,d71f45c1-8bca-4a1d-b2c3-e8ad2a39e122,1624969676918,-16.9176848,32.7706256,1.6284765,1.4837545,3.4683142,0.10500002,other,other,False,mixed,mixed
b44d874b-8a72-49d5-b329-e6ad5858dddf,1bba0eef-94c7-4ddf-8e75-366de6d629fd,be796088-418b-4150-87c0-ef07ff44c3a4,1624969676967,-16.9176848,32.7706256,1.6284765,0.52283454,1.7472415,0.4418977,other,other,False,mixed,mixed
b44d874b-8a72-49d5-b329-e6ad5858dddf,1bba0eef-94c7-4ddf-8e75-366de6d629fd,5ba9227b-d61e-4243-85bb-9770b85b538f,1624969677018,-16.9176848,32.7706256,1.6284765,-0.27604723,0.013277054,-0.09703227,other,other,False,mixed,mixed
b44d874b-8a72-49d5-b329-e6ad5858dddf,1bba0eef-94c7-4ddf-8e75-366de6d629fd,554e58d3-d2c5-4fb5-b534-ce9a0ed38a98,1624969677068,-16.9176848,32.7706256,1.6284765,-10.982082,-7.0372686,-3.2337046,other,other,False,mixed,mixed
b44d874b-8a72-49d5-b329-e6ad5858dddf,1bba0eef-94c7-4ddf-8e75-366de6d629fd,f9236500-f4e0-48a8-8682-7a60f1755e75,1624969677119,-16.9176848,32.7706256,1.6284765,-2.7327356,-3.9425802,-0.31711417,other,other,False,mixed,mixed
b44d874b-8a72-49d5-b329-e6ad5858dddf,1bba0eef-94c7-4ddf-8e75-366de6d629fd,c0cbe82e-3156-47b3-97f4-029442843f14,1624969677169,-16.9176848,32.7706256,1.6284765,-2.4247942,-1.897047,0.21059197,other,other,False,mixed,mixed
b44d874b-8a72-49d5-b329-e6ad5858dddf,1bba0eef-94c7-4ddf-8e75-366de6d629fd,8872b68d-038c-4c2d-bca4-b24dfcefe3e1,1624969677220,-16.9176848,32.7706256,1.6284765,-2.3905683,-0.61682796,0.53941715,other,other,False,mixed,mixed
b44d874b-8a72-49d5-b329-e6ad5858dddf,1bba0eef-94c7-4ddf-8e75-366de6d629fd,6b009fae-8ac3-4609-98bb-84a14a43dbca,1624969677270,-16.9176848,32.7706256,1.6284765,-0.50300384,1.2850409,0.23884821,other,other,False,mixed,mixed
b44d874b-8a72-49d5-b329-e6ad5858dddf,1bba0eef-94c7-4ddf-8e75-366de6d629fd,5b6e468b-acd5-4539-9562-4ae1bfd0a120,1624969677321,-16.9176848,32.7706256,1.6284765,0.19200468,2.413053,0.6019606,other,other,False,mixed,mixed
b44d874b-8a72-49d5-b329-e6ad5858dddf,1bba0eef-94c7-4ddf-8e75-366de6d629fd,c549b887-906c-4ca7-8da3-5d8c0cb7cf63,1624969677371,-16.9176784,32.7706367,1.5722717,0.49916017,2.3460097,0.08941993,other,other,False,mixed,mixed
b44d874b-8a72-49d5-b329-e6ad5858dddf,1bba0eef-94c7-4ddf-8e75-366de6d629fd,5ce4c6f5-4111-4a44-9059-a3070a5952b5,1624969677421,-16.9176784,32.7706367,1.5722717,1.2962453,3.596935,0.11741763,other,other,False,mixed,mixed
b44d874b-8a72-49d5-b329-e6ad5858dddf,1bba0eef-94c7-4ddf-8e75-366de6d629fd,0416c71d-3840-4d5e-8d1d-0b7ef21d2d06,1624969677471,-16.9176784,32.7706367,1.5722717,1.194303,1.7017031,0.36132768,other,other,False,mixed,mixed
b44d874b-8a72-49d5-b329-e6ad5858dddf,1bba0eef-94c7-4ddf-8e75-366de6d629fd,3e7e3cfe-07a8-441f-a133-a1f805f2dddd,1624969677521,-16.9176784,32.7706367,1.5722717,0.2906314,0.07858276,0.06304446,other,other,False,mixed,mixed
b44d874b-8a72-49d5-b329-e6ad5858dddf,1bba0eef-94c7-4ddf-8e75-366de6d629fd,9af6c7e4-0569-45a3-a872-068a355e1358,1624969677571,-16.9176784,32.7706367,1.5722717,-2.6319218,-3.3664865,-2.3139977,other,other,False,mixed,mixed
b44d874b-8a72-49d5-b329-e6ad5858dddf,1bba0eef-94c7-4ddf-8e75-366de6d629fd,c33fe544-a5a8-4bb5-8c35-afc3d9f8951d,1624969677621,-16.9176784,32.7706367,1.5722717,-1.8947875,-5.048176,-1.4216998,other,other,False,mixed,mixed
b44d874b-8a72-49d5-b329-e6ad5858dddf,1bba0eef-94c7-4ddf-8e75-366de6d629fd,75a71cd8-018c-4a08-a081-3b8b50ce8a77,1624969677671,-16.9176784,32.7706367,1.5722717,0.51037276,-1.8950405,-1.4498167,other,other,False,mixed,mixed
b44d874b-8a72-49d5-b329-e6ad5858dddf,1bba0eef-94c7-4ddf-8e75-366de6d629fd,5c25bad4-29ea-4a8d-96a3-f1a9949614c5,1624969677721,-16.9176784,32.7706367,1.5722717,0.33495224,-0.29741096,-0.35442442,other,other,False,mixed,mixed
b44d874b-8a72-49d5-b329-e6ad5858dddf,1bba0eef-94c7-4ddf-8e75-366de6d629fd,3eb92387-d41a-4fb3-8d11-2e2425d6626c,1624969677772,-16.9176784,32.7706367,1.5722717,-0.12750626,1.958322,-0.043405853,other,other,False,mixed,mixed
b44d874b-8a72-49d5-b329-e6ad5858dddf,1bba0eef-94c7-4ddf-8e75-366de6d629fd,f8143988-627f-4599-a746-0b0f331809db,1624969677821,-16.9176784,32.7706367,1.5722717,0.4678223,2.822383,-0.60693777,other,other,False,mixed,mixed
b44d874b-8a72-49d5-b329-e6ad5858dddf,1bba0eef-94c7-4ddf-8e75-366de6d629fd,8099ad8c-9ef6-4fcf-a044-a10f3accc113,1624969677871,-16.9176784,32.7706367,1.5722717,1.0114875,2.726797,-0.31832066,other,other,False,mixed,mixed
b44d874b-8a72-49d5-b329-e6ad5858dddf,1bba0eef-94c7-4ddf-8e75-366de6d629fd,e11a8842-07f5-4fa4-ae7a-843a0d8ab80e,1624969677921,-16.9176784,32.7706367,1.5722717,1.6699322,3.0546837,0.7356898,other,other,False,mixed,mixed
b44d874b-8a72-49d5-b329-e6ad5858dddf,1bba0eef-94c7-4ddf-8e75-366de6d629fd,2b4d6e46-49c1-4f35-8323-898fba87f54e,1624969677972,-16.9176784,32.7706367,1.5722717,0.18612838,2.6606183,0.48034722,other,other,False,mixed,mixed
b44d874b-8a72-49d5-b329-e6ad5858dddf,1bba0eef-94c7-4ddf-8e75-366de6d629fd,bbd22562-6353-49f8-bd3d-12827d5da5e7,1624969678022,-16.9176784,32.7706367,1.5722717,-0.94053984,0.019723892,0.0050727017,other,other,False,mixed,mixed
b44d874b-8a72-49d5-b329-e6ad5858dddf,1bba0eef-94c7-4ddf-8e75-366de6d629fd,17d43fa2-3265-488b-a14e-a4634eb4bfe4,1624969678073,-16.9176784,32.7706367,1.5722717,-8.56352,-6.205803,-6.107943,other,other,False,mixed,mixed
b44d874b-8a72-49d5-b329-e6ad5858dddf,1bba0eef-94c7-4ddf-8e75-366de6d629fd,b37c2692-116d-4475-80d3-33f525d42477,1624969678124,-16.9176784,32.7706367,1.5722717,-1.8504944,-2.8586988,0.15077826,other,other,False,mixed,mixed
b44d874b-8a72-49d5-b329-e6ad5858dddf,1bba0eef-94c7-4ddf-8e75-366de6d629fd,5533f162-6a74-4808-b6c1-9ce4b5d2c555,1624969678174,-16.9176784,32.7706367,1.5722717,-0.077579975,-1.3411789,-0.32980317,other,other,False,mixed,mixed
b44d874b-8a72-49d5-b329-e6ad5858dddf,1bba0eef-94c7-4ddf-8e75-366de6d629fd,a1ed6fb8-24c3-4cae-8a3e-98c50f5fe086,1624969678223,-16.9176784,32.7706367,1.5722717,-0.3789388,-0.17454624,-0.8669117,other,other,False,mixed,mixed
b44d874b-8a72-49d5-b329-e6ad5858dddf,1bba0eef-94c7-4ddf-8e75-366de6d629fd,58c7f599-44ea-46d4-9682-ce4a8ec1f9f2,1624969678273,-16.9176784,32.7706367,1.5722717,-0.10644257,2.0960717,-0.30260777,other,other,False,mixed,mixed
b44d874b-8a72-49d5-b329-e6ad5858dddf,1bba0eef-94c7-4ddf-8e75-366de6d629fd,b9d25362-3b8d-4776-82af-fcf766dc69d9,1624969678323,-16.9176784,32.7706367,1.5722717,-0.17476118,3.546526,0.123031795,other,other,False,mixed,mixed
b44d874b-8a72-49d5-b329-e6ad5858dddf,1bba0eef-94c7-4ddf-8e75-366de6d629fd,03429d71-4dc4-4b8b-811d-d2021773554a,1624969678374,-16.9176741,32.7706502,1.567743,0.21797335,3.7196913,0.6917661,other,other,False,mixed,mixed
b44d874b-8a72-49d5-b329-e6ad5858dddf,1bba0eef-94c7-4ddf-8e75-366de6d629fd,c8ac89cf-762c-4c4c-b803-a046416296f7,1624969678424,-16.9176741,32.7706502,1.567743,0.557848,4.3714714,0.962468,other,other,False,mixed,mixed
b44d874b-8a72-49d5-b329-e6ad5858dddf,1bba0eef-94c7-4ddf-8e75-366de6d629fd,9633d01a-e0c8-43df-8a77-7f0597ee2190,1624969678474,-16.9176741,32.7706502,1.567743,0.6839151,2.8081045,0.57865137,other,other,False,mixed,mixed
b44d874b-8a72-49d5-b329-e6ad5858dddf,1bba0eef-94c7-4ddf-8e75-366de6d629fd,49b30f99-7946-4ccc-86c0-4aed58f3965c,1624969678524,-16.9176741,32.7706502,1.567743,-1.8160853,-3.7958088,-2.2617867,other,other,False,mixed,mixed
b44d874b-8a72-49d5-b329-e6ad5858dddf,1bba0eef-94c7-4ddf-8e75-366de6d629fd,1a7744fa-5cf4-4fdd-b660-ba1c382e1747,1624969678574,-16.9176741,32.7706502,1.567743,-0.21465874,-8.7913,-6.1667914,other,other,False,mixed,mixed
b44d874b-8a72-49d5-b329-e6ad5858dddf,1bba0eef-94c7-4ddf-8e75-366de6d629fd,e5e70636-da69-4c9a-b3e2-82ba651ff015,1624969678624,-16.9176741,32.7706502,1.567743,0.24438483,-2.8439054,-2.2150786,other,other,False,mixed,mixed
b44d874b-8a72-49d5-b329-e6ad5858dddf,1bba0eef-94c7-4ddf-8e75-366de6d629fd,06ca3b94-b783-4b3f-92b8-4c865dacbd1c,1624969678674,-16.9176741,32.7706502,1.567743,-0.65370107,-2.3419971,-0.264521,other,other,False,mixed,mixed
b44d874b-8a72-49d5-b329-e6ad5858dddf,1bba0eef-94c7-4ddf-8e75-366de6d629fd,bd8c8f47-3684-4419-a11f-a5606b13371b,1624969678725,-16.9176741,32.7706502,1.567743,-1.2218264,0.69635105,0.50664693,other,other,False,mixed,mixed
b44d874b-8a72-49d5-b329-e6ad5858dddf,1bba0eef-94c7-4ddf-8e75-366de6d629fd,63abe5c0-ec74-4adc-bbce-ec3f69cc084a,1624969678776,-16.9176741,32.7706502,1.567743,-0.3886659,1.752809,0.14687634,other,other,False,mixed,mixed
b44d874b-8a72-49d5-b329-e6ad5858dddf,1bba0eef-94c7-4ddf-8e75-366de6d629fd,51ea47c1-3c54-47ec-960f-00126e1dd552,1624969678826,-16.9176741,32.7706502,1.567743,-0.30678225,2.1497393,0.33717805,other,other,False,mixed,mixed
b44d874b-8a72-49d5-b329-e6ad5858dddf,1bba0eef-94c7-4ddf-8e75-366de6d629fd,ebe7f9f4-37c8-4d10-bf8e-d448cc053c1f,1624969678877,-16.9176741,32.7706502,1.567743,0.46043277,1.8187075,0.6092545,other,other,False,mixed,mixed
b44d874b-8a72-49d5-b329-e6ad5858dddf,1bba0eef-94c7-4ddf-8e75-366de6d629fd,eaf26131-513f-4798-8d6b-3f40e6057c22,1624969678926,-16.9176741,32.7706502,1.567743,-0.21943128,1.4094591,0.3495424,other,other,False,mixed,mixed
b44d874b-8a72-49d5-b329-e6ad5858dddf,1bba0eef-94c7-4ddf-8e75-366de6d629fd,51fb16aa-90c2-4f16-a01f-e0554cd79786,1624969678977,-16.9176741,32.7706502,1.567743,0.5533938,2.2081695,0.32266086,other,other,False,mixed,mixed
b44d874b-8a72-49d5-b329-e6ad5858dddf,1bba0eef-94c7-4ddf-8e75-366de6d629fd,a247bcc4-cbbf-46bf-a287-3b9b22ffb69f,1624969679027,-16.9176741,32.7706502,1.567743,0.67404443,1.85146,0.36271423,other,other,False,mixed,mixed
b44d874b-8a72-49d5-b329-e6ad5858dddf,1bba0eef-94c7-4ddf-8e75-366de6d629fd,046a032c-c8f0-4358-b5d0-423a3f4d5da0,1624969679077,-16.9176741,32.7706502,1.567743,-8.521344,-4.7461624,-2.6922724,other,other,False,mixed,mixed
b44d874b-8a72-49d5-b329-e6ad5858dddf,1bba0eef-94c7-4ddf-8e75-366de6d629fd,cd837332-153a-4079-bbb6-2ea40a7a01db,1624969679129,-16.9176741,32.7706502,1.567743,-1.9835219,-1.1542349,1.2142197,other,other,False,mixed,mixed
b44d874b-8a72-49d5-b329-e6ad5858dddf,1bba0eef-94c7-4ddf-8e75-366de6d629fd,54570707-b435-4523-ab15-694fdb59a904,1624969679179,-16.9176741,32.7706502,1.567743,-1.7411442,0.0758152,0.8779872,other,other,False,mixed,mixed
b44d874b-8a72-49d5-b329-e6ad5858dddf,1bba0eef-94c7-4ddf-8e75-366de6d629fd,056e8cbf-b7f7-4c16-96c8-6d791ab521d7,1624969679229,-16.9176741,32.7706502,1.567743,-1.7528327,0.26185322,0.01958841,other,other,False,mixed,mixed
b44d874b-8a72-49d5-b329-e6ad5858dddf,1bba0eef-94c7-4ddf-8e75-366de6d629fd,06ad5689-7733-4691-87e7-8c7f687a7db2,1624969679280,-16.9176741,32.7706502,1.567743,-0.4225757,1.3037033,0.17147863,other,other,False,mixed,mixed
b44d874b-8a72-49d5-b329-e6ad5858dddf,1bba0eef-94c7-4ddf-8e75-366de6d629fd,a70ea77b-5e78-4110-8de1-84745c62aaca,1624969679330,-16.9176728,32.7706655,1.578938,-0.56318045,1.86625,0.42351997,other,other,False,mixed,mixed
b44d874b-8a72-49d5-b329-e6ad5858dddf,1bba0eef-94c7-4ddf-8e75-366de6d629fd,93734256-ef58-4044-a810-e9ebeb0a3202,1624969679379,-16.9176728,32.7706655,1.578938,-0.16981673,0.7818899,0.24342602,other,other,False,mixed,mixed
b44d874b-8a72-49d5-b329-e6ad5858dddf,189e2154-864a-485b-83e9-f77728b23f93,63cf6dee-3411-4d2d-8a55-096ed35ccd90,1624969678820,-16.9176741,32.7706502,1.567743,-0.24843252,1.3721728,0.15724307,other,other,False,mixed,mixed
b44d874b-8a72-49d5-b329-e6ad5858dddf,189e2154-864a-485b-83e9-f77728b23f93,d12e722d-4b6f-47c3-a552-bd0e12b6dadd,1624969678870,-16.9176741,32.7706502,1.567743,0.29776394,1.9305639,0.55443406,other,other,False,mixed,mixed
b44d874b-8a72-49d5-b329-e6ad5858dddf,189e2154-864a-485b-83e9-f77728b23f93,1f9cba55-6092-4dea-9002-31b763112e88,1624969678921,-16.9176741,32.7706502,1.567743,-0.17445886,1.3862572,0.40164027,other,other,False,mixed,mixed
b44d874b-8a72-49d5-b329-e6ad5858dddf,189e2154-864a-485b-83e9-f77728b23f93,8078aaa0-163b-4c93-a6c5-e32c12d2011a,1624969678971,-16.9176741,32.7706502,1.567743,0.5334258,2.4302049,0.5057247,other,other,False,mixed,mixed
b44d874b-8a72-49d5-b329-e6ad5858dddf,189e2154-864a-485b-83e9-f77728b23f93,7894104d-8a17-4658-a9ee-078e675e6cca,1624969679021,-16.9176741,32.7706502,1.567743,1.1243188,3.840899,0.3979085,other,other,False,mixed,mixed
b44d874b-8a72-49d5-b329-e6ad5858dddf,189e2154-864a-485b-83e9-f77728b23f93,43cb0567-0221-4b4e-972c-847f5a66e97a,1624969679072,-16.9176741,32.7706502,1.567743,-7.722932,-5.3472557,-2.6165812,other,other,False,mixed,mixed
b44d874b-8a72-49d5-b329-e6ad5858dddf,189e2154-864a-485b-83e9-f77728b23f93,24ff4cb8-6d62-44ef-863b-07b636bdd55c,1624969679122,-16.9176741,32.7706502,1.567743,-1.5517106,-0.9233141,1.1466334,other,other,False,mixed,mixed
b44d874b-8a72-49d5-b329-e6ad5858dddf,189e2154-864a-485b-83e9-f77728b23f93,1cc94da0-f4f9-40f8-8fe7-e57a37e83b3e,1624969679174,-16.9176741,32.7706502,1.567743,-1.6814928,0.038544655,0.91816026,other,other,False,mixed,mixed
b44d874b-8a72-49d5-b329-e6ad5858dddf,189e2154-864a-485b-83e9-f77728b23f93,db74a217-bc21-433b-9272-1668e8a81021,1624969679224,-16.9176741,32.7706502,1.567743,-1.8463433,0.29415226,0.09150207,other,other,False,mixed,mixed
b44d874b-8a72-49d5-b329-e6ad5858dddf,189e2154-864a-485b-83e9-f77728b23f93,e4230ed3-06b5-4a52-b468-922897890f30,1624969679275,-16.9176741,32.7706502,1.567743,-0.50928235,1.1455488,0.13122183,other,other,False,mixed,mixed
b44d874b-8a72-49d5-b329-e6ad5858dddf,189e2154-864a-485b-83e9-f77728b23f93,88c2d3f1-f661-455b-8010-ad7278a0ad38,1624969679324,-16.9176728,32.7706655,1.578938,-0.5507417,1.9092855,0.4808463,other,other,False,mixed,mixed
b44d874b-8a72-49d5-b329-e6ad5858dddf,189e2154-864a-485b-83e9-f77728b23f93,99910942-80f1-4645-b45c-e5f466bc37a2,1624969679374,-16.9176728,32.7706655,1.578938,-0.2182548,0.95553017,0.28663224,other,other,False,mixed,mixed
b44d874b-8a72-49d5-b329-e6ad5858dddf,189e2154-864a-485b-83e9-f77728b23f93,b844a26e-2958-4b0e-933a-2a288dc682ea,1624969679424,-16.9176728,32.7706655,1.578938,-0.3459077,0.38553238,0.18897718,other,other,False,mixed,mixed
b44d874b-8a72-49d5-b329-e6ad5858dddf,189e2154-864a-485b-83e9-f77728b23f93,39f1bf94-cc05-4e0f-aa31-1f9c20d20aeb,1624969679474,-16.9176728,32.7706655,1.578938,-0.4965744,0.618001,1.3069067,other,other,False,mixed,mixed
b44d874b-8a72-49d5-b329-e6ad5858dddf,189e2154-864a-485b-83e9-f77728b23f93,29f55f38-a79d-4677-bb15-76ef9cc80496,1624969679525,-16.9176728,32.7706655,1.578938,-0.6966052,0.4145651,2.0787354,other,other,False,mixed,mixed
b44d874b-8a72-49d5-b329-e6ad5858dddf,189e2154-864a-485b-83e9-f77728b23f93,998d0654-0b8a-4316-a271-2193caf72ee9,1624969679574,-16.9176728,32.7706655,1.578938,-0.56161284,0.30579853,2.218459,other,other,False,mixed,mixed
b44d874b-8a72-49d5-b329-e6ad5858dddf,189e2154-864a-485b-83e9-f77728b23f93,5f2c7c59-24ba-4883-9e7e-2d5f936ed3b6,1624969679624,-16.9176728,32.7706655,1.578938,-1.3526695,-0.48139763,2.366652,other,other,False,mixed,mixed
b44d874b-8a72-49d5-b329-e6ad5858dddf,189e2154-864a-485b-83e9-f77728b23f93,c5d9a13e-1503-4078-a205-565b0077e4c6,1624969679674,-16.9176728,32.7706655,1.578938,-0.2540884,1.5268478,1.9383788,other,other,False,mixed,mixed
b44d874b-8a72-49d5-b329-e6ad5858dddf,189e2154-864a-485b-83e9-f77728b23f93,6ac465ed-27b3-4fe6-a466-de3aee9cc2e6,1624969679724,-16.9176728,32.7706655,1.578938,-1.0524094,0.22212315,2.9767451,other,other,False,mixed,mixed
b44d874b-8a72-49d5-b329-e6ad5858dddf,189e2154-864a-485b-83e9-f77728b23f93,bd258a26-8e3c-4bda-8d4f-0520b63c8fb3,1624969679775,-16.9176728,32.7706655,1.578938,-2.2521415,-2.7743187,-5.398427,other,other,False,mixed,mixed
b44d874b-8a72-49d5-b329-e6ad5858dddf,189e2154-864a-485b-83e9-f77728b23f93,30f33981-c1dd-4f29-9222-91e49a8d9559,1624969679824,-16.9176728,32.7706655,1.578938,0.5808532,-4.9886417,-2.4331365,other,other,False,mixed,mixed
b44d874b-8a72-49d5-b329-e6ad5858dddf,189e2154-864a-485b-83e9-f77728b23f93,bdd8a709-2de3-48bd-adba-0a115ef087d0,1624969679874,-16.9176728,32.7706655,1.578938,1.804805,-0.74091625,-1.4791958,other,other,False,mixed,mixed
b44d874b-8a72-49d5-b329-e6ad5858dddf,189e2154-864a-485b-83e9-f77728b23f93,59742fd4-f183-40a7-80f9-c4935f078bbb,1624969679925,-16.9176728,32.7706655,1.578938,0.52330875,1.383039,0.1379602,other,other,False,mixed,mixed
b44d874b-8a72-49d5-b329-e6ad5858dddf,189e2154-864a-485b-83e9-f77728b23f93,0be9cdbb-d19f-4dbc-ac01-901ebdd5f302,1624969679976,-16.9176728,32.7706655,1.578938,0.58859706,3.4294353,0.56880224,other,other,False,mixed,mixed
b44d874b-8a72-49d5-b329-e6ad5858dddf,189e2154-864a-485b-83e9-f77728b23f93,9a5af876-12a3-4703-99eb-47eec3baa4c7,1624969680026,-16.9176728,32.7706655,1.578938,0.89536166,2.376503,0.40391362,other,other,False,mixed,mixed
b44d874b-8a72-49d5-b329-e6ad5858dddf,189e2154-864a-485b-83e9-f77728b23f93,8d24245e-1090-44ff-9ba9-2db9ecb48070,1624969680077,-16.9176728,32.7706655,1.578938,1.5264997,1.7654057,0.3076191,other,other,False,mixed,mixed
b44d874b-8a72-49d5-b329-e6ad5858dddf,189e2154-864a-485b-83e9-f77728b23f93,0bee6eb9-5172-4324-bc24-e0dba9d95c7a,1624969680128,-16.9176728,32.7706655,1.578938,1.7828044,-0.2655449,0.29605937,other,other,False,mixed,mixed
b44d874b-8a72-49d5-b329-e6ad5858dddf,189e2154-864a-485b-83e9-f77728b23f93,7337dec1-8d55-45eb-a1e7-f83434986555,1624969680179,-16.9176728,32.7706655,1.578938,2.468505,0.45825005,0.8866352,other,other,False,mixed,mixed
b44d874b-8a72-49d5-b329-e6ad5858dddf,189e2154-864a-485b-83e9-f77728b23f93,7380967e-be7e-4644-a744-6524d1fcc682,1624969680230,-16.9176728,32.7706655,1.578938,1.2780368,0.1343832,1.163748,other,other,False,mixed,mixed
b44d874b-8a72-49d5-b329-e6ad5858dddf,189e2154-864a-485b-83e9-f77728b23f93,3c7bd380-207f-48d3-94b4-13750e1d0237,1624969680279,-16.9176728,32.7706655,1.578938,0.90194285,0.06979275,1.1551378,other,other,False,mixed,mixed
b44d874b-8a72-49d5-b329-e6ad5858dddf,189e2154-864a-485b-83e9-f77728b23f93,274295ff-b0ae-4e5d-b77e-b1f29230434d,1624969680330,-16.9176728,32.7706655,1.578938,-6.5005,-5.467347,-3.4960175,other,other,False,mixed,mixed
b44d874b-8a72-49d5-b329-e6ad5858dddf,189e2154-864a-485b-83e9-f77728b23f93,b953df01-02fb-4529-abb5-9ef536ae0567,1624969680379,-16.9176728,32.7706655,1.578938,-3.1670818,-3.9580708,-1.2823248,other,other,False,mixed,mixed
b44d874b-8a72-49d5-b329-e6ad5858dddf,189e2154-864a-485b-83e9-f77728b23f93,0c0ba53c-858f-43b3-875f-67aafc69e101,1624969680429,-16.9176728,32.7706655,1.578938,0.70575774,-1.3637981,-1.9880855,other,other,False,mixed,mixed
b44d874b-8a72-49d5-b329-e6ad5858dddf,189e2154-864a-485b-83e9-f77728b23f93,4b5b6b51-7106-433d-bfec-62525492dbaf,1624969680479,-16.9176728,32.7706655,1.578938,0.009727955,0.5108509,-0.17917848,other,other,False,mixed,mixed
b44d874b-8a72-49d5-b329-e6ad5858dddf,189e2154-864a-485b-83e9-f77728b23f93,ef4ad9a1-e7ee-4290-a4b6-36ac90c3c07c,1624969680529,-16.9176728,32.7706655,1.578938,0.07661176,2.4988046,-0.12726748,other,other,False,mixed,mixed
b44d874b-8a72-49d5-b329-e6ad5858dddf,189e2154-864a-485b-83e9-f77728b23f93,030d5575-3b47-45ad-8789-4c53d74da167,1624969680580,-16.9176714,32.7706804,1.4686918,0.049202442,2.1531405,0.38062873,other,other,False,mixed,mixed
b44d874b-8a72-49d5-b329-e6ad5858dddf,189e2154-864a-485b-83e9-f77728b23f93,a0d91202-dd2e-4b09-9bc6-b4d8fedf87e9,1624969680630,-16.9176714,32.7706804,1.4686918,-0.12529564,2.3970618,0.8524673,other,other,False,mixed,mixed
b44d874b-8a72-49d5-b329-e6ad5858dddf,189e2154-864a-485b-83e9-f77728b23f93,780ad910-908c-425b-8df1-6c3dc60ba25a,1624969680681,-16.9176714,32.7706804,1.4686918,-0.0051863194,1.2634597,1.369216,other,other,False,mixed,mixed
b44d874b-8a72-49d5-b329-e6ad5858dddf,189e2154-864a-485b-83e9-f77728b23f93,7e7c63d3-f524-4633-bfb6-750a8edd3b88,1624969680731,-16.9176714,32.7706804,1.4686918,-0.5925946,1.249887,1.7761998,other,other,False,mixed,mixed
b44d874b-8a72-49d5-b329-e6ad5858dddf,189e2154-864a-485b-83e9-f77728b23f93,69befff1-f3f7-4ef8-91f4-30b87a7d33ef,1624969680781,-16.9176714,32.7706804,1.4686918,-1.0376258,-0.13363743,1.0104789,other,other,False,mixed,mixed
b44d874b-8a72-49d5-b329-e6ad5858dddf,189e2154-864a-485b-83e9-f77728b23f93,822b9e32-1394-493f-87b4-178564beead8,1624969680832,-16.9176714,32.7706804,1.4686918,0.19881403,-0.6098089,0.6264674,other,other,False,mixed,mixed
b44d874b-8a72-49d5-b329-e6ad5858dddf,189e2154-864a-485b-83e9-f77728b23f93,8a8d4af2-42a1-48ca-bbe7-37dcbc9138a6,1624969680883,-16.9176714,32.7706804,1.4686918,-1.0793829,-3.398283,-1.8426573,other,other,False,mixed,mixed
b44d874b-8a72-49d5-b329-e6ad5858dddf,189e2154-864a-485b-83e9-f77728b23f93,dc915741-6121-4380-a28a-07deb6f263fa,1624969680934,-16.9176714,32.7706804,1.4686918,-0.6786039,-2.0870733,-3.4721222,other,other,False,mixed,mixed
b44d874b-8a72-49d5-b329-e6ad5858dddf,189e2154-864a-485b-83e9-f77728b23f93,d50c3acf-055d-493e-a50e-491f8ffb338f,1624969680984,-16.9176714,32.7706804,1.4686918,0.8333259,-1.5174074,-2.6160815,other,other,False,mixed,mixed
b44d874b-8a72-49d5-b329-e6ad5858dddf,189e2154-864a-485b-83e9-f77728b23f93,ed6c6519-ccd0-4927-82b3-c84ddd92d1ec,1624969681034,-16.9176714,32.7706804,1.4686918,0.33128083,-0.783453,-0.8397049,other,other,False,mixed,mixed
b44d874b-8a72-49d5-b329-e6ad5858dddf,189e2154-864a-485b-83e9-f77728b23f93,a3790ffb-9fff-4968-a2a0-fae8d6c6d143,1624969681084,-16.9176714,32.7706804,1.4686918,0.20747125,2.1651535,0.07380271,other,other,False,mixed,mixed
b44d874b-8a72-49d5-b329-e6ad5858dddf,189e2154-864a-485b-83e9-f77728b23f93,d37b5768-28be-424a-b0a0-d262090bf205,1624969681134,-16.9176737,32.7706867,1.4016362,0.49908125,3.5667243,0.019662857,other,other,False,mixed,mixed
b44d874b-8a72-49d5-b329-e6ad5858dddf,189e2154-864a-485b-83e9-f77728b23f93,a615fc7f-9c90-44d0-93da-55a687c97a82,1624969681186,-16.9176737,32.7706867,1.4016362,0.89447904,2.8289862,0.43988913,other,other,False,mixed,mixed
b44d874b-8a72-49d5-b329-e6ad5858dddf,189e2154-864a-485b-83e9-f77728b23f93,b5f05192-c4dd-4deb-891e-190825aa50c5,1624969681236,-16.9176737,32.7706867,1.4016362,1.427037,1.2689667,0.34446853,other,other,False,mixed,mixed
b44d874b-8a72-49d5-b329-e6ad5858dddf,189e2154-864a-485b-83e9-f77728b23f93,600543c7-9f57-40ab-8d21-a72e0c5d01e0,1624969681286,-16.9176737,32.7706867,1.4016362,1.8758621,1.0705743,0.40391183,other,other,False,mixed,mixed
b44d874b-8a72-49d5-b329-e6ad5858dddf,189e2154-864a-485b-83e9-f77728b23f93,808c9ea3-fe5a-49ba-bbe6-c3b800b82905,1624969681335,-16.9176737,32.7706867,1.4016362,0.8478545,0.1210413,0.28474158,other,other,False,mixed,mixed
b44d874b-8a72-49d5-b329-e6ad5858dddf,189e2154-864a-485b-83e9-f77728b23f93,4ddb0ba1-3e2c-46e6-8b12-3e9e58a5ee5a,1624969681385,-16.9176737,32.7706867,1.4016362,-0.3491373,-1.0711908,0.29072443,other,other,False,mixed,mixed
b44d874b-8a72-49d5-b329-e6ad5858dddf,189e2154-864a-485b-83e9-f77728b23f93,60c58f2c-7f63-4781-9273-0378ed72809e,1624969681435,-16.9176737,32.7706867,1.4016362,-4.846202,-3.474227,-1.2222835,other,other,False,mixed,mixed
b44d874b-8a72-49d5-b329-e6ad5858dddf,189e2154-864a-485b-83e9-f77728b23f93,e8335ae4-7d71-4b63-a87b-65b27f0dea2d,1624969681486,-16.9176737,32.7706867,1.4016362,-3.0379028,-1.8864756,-1.6559289,other,other,False,mixed,mixed
b44d874b-8a72-49d5-b329-e6ad5858dddf,189e2154-864a-485b-83e9-f77728b23f93,3d3a2a6e-f04e-4802-a7b6-e84d09b53381,1624969681536,-16.9176737,32.7706867,1.4016362,-0.28174925,-1.628479,-1.2451317,other,other,False,mixed,mixed
b44d874b-8a72-49d5-b329-e6ad5858dddf,189e2154-864a-485b-83e9-f77728b23f93,8ed0b7b1-7b9c-40a0-af2f-293f329bcfa0,1624969681586,-16.9176737,32.7706867,1.4016362,-0.81037736,0.4480152,-0.23177952,other,other,False,mixed,mixed
b44d874b-8a72-49d5-b329-e6ad5858dddf,189e2154-864a-485b-83e9-f77728b23f93,ef1114c9-0805-4d61-84b2-616e1d5a316b,1624969681636,-16.9176737,32.7706867,1.4016362,-0.6215079,2.2053862,0.09688035,other,other,False,mixed,mixed
b44d874b-8a72-49d5-b329-e6ad5858dddf,189e2154-864a-485b-83e9-f77728b23f93,39e0dfee-5e20-458f-8ee8-5f8f6444191a,1624969681686,-16.9176737,32.7706867,1.4016362,0.45190966,2.7388244,0.35789874,other,other,False,mixed,mixed
b44d874b-8a72-49d5-b329-e6ad5858dddf,189e2154-864a-485b-83e9-f77728b23f93,35fe2168-1a30-481c-90ad-1c9ecfe3a5fc,1624969681736,-16.9176737,32.7706867,1.4016362,0.45921898,1.9371371,0.017880082,other,other,False,mixed,mixed
b44d874b-8a72-49d5-b329-e6ad5858dddf,189e2154-864a-485b-83e9-f77728b23f93,87ef996e-cd10-4819-ab60-11bb694be1a4,1624969681786,-16.9176737,32.7706867,1.4016362,0.08340788,1.2428284,0.4921173,other,other,False,mixed,mixed
b44d874b-8a72-49d5-b329-e6ad5858dddf,189e2154-864a-485b-83e9-f77728b23f93,8762744e-2cab-4c8b-b7f0-78d4274542b3,1624969681836,-16.9176737,32.7706867,1.4016362,0.2703551,1.3197637,0.9078286,other,other,False,mixed,mixed
b44d874b-8a72-49d5-b329-e6ad5858dddf,189e2154-864a-485b-83e9-f77728b23f93,8566f299-daae-45fd-a17d-910c3e12784d,1624969681886,-16.9176737,32.7706867,1.4016362,0.5201639,0.6335697,0.8029274,other,other,False,mixed,mixed
b44d874b-8a72-49d5-b329-e6ad5858dddf,189e2154-864a-485b-83e9-f77728b23f93,35d662c7-62d8-4e5c-9954-d66156068203,1624969681937,-16.9176737,32.7706867,1.4016362,-0.12652397,-0.60039234,0.49267307,other,other,False,mixed,mixed
b44d874b-8a72-49d5-b329-e6ad5858dddf,189e2154-864a-485b-83e9-f77728b23f93,e01d2290-37bb-4b8a-ba17-7c27a330c34f,1624969681987,-16.9176737,32.7706867,1.4016362,-0.10843825,-3.03963,0.1709244,other,other,False,mixed,mixed
b44d874b-8a72-49d5-b329-e6ad5858dddf,189e2154-864a-485b-83e9-f77728b23f93,840c48c5-2a21-483b-b94e-d79efbaca541,1624969682037,-16.9176737,32.7706867,1.4016362,-0.23665702,-1.6257763,-2.8695488,other,other,False,mixed,mixed
b44d874b-8a72-49d5-b329-e6ad5858dddf,189e2154-864a-485b-83e9-f77728b23f93,be9f33d9-8170-4b2f-91b1-eff280e224ad,1624969682087,-16.9176737,32.7706867,1.4016362,-3.3102856,-0.18508244,-2.5576777,other,other,False,mixed,mixed
b44d874b-8a72-49d5-b329-e6ad5858dddf,189e2154-864a-485b-83e9-f77728b23f93,db2fbe5a-6c55-4aea-b019-ab968753aff7,1624969682138,-16.9176737,32.7706867,1.4016362,0.40852225,-0.7456074,-0.70876145,other,other,False,mixed,mixed
b44d874b-8a72-49d5-b329-e6ad5858dddf,189e2154-864a-485b-83e9-f77728b23f93,04708743-1df1-432f-a3c3-18a98965d081,1624969682188,-16.9176789,32.7706989,1.3399656,0.59719664,0.32145596,-0.009992421,other,other,False,mixed,mixed
b44d874b-8a72-49d5-b329-e6ad5858dddf,189e2154-864a-485b-83e9-f77728b23f93,88340632-cf3d-429c-be93-f397c30aecc5,1624969682238,-16.9176789,32.7706989,1.3399656,-0.30181742,1.7988896,-0.39097345,other,other,False,mixed,mixed
b44d874b-8a72-49d5-b329-e6ad5858dddf,189e2154-864a-485b-83e9-f77728b23f93,a2ae11d9-20af-44b1-b561-f811162a8806,1624969682288,-16.9176789,32.7706989,1.3399656,0.28452337,2.0006218,-0.15715599,other,other,False,mixed,mixed
b44d874b-8a72-49d5-b329-e6ad5858dddf,189e2154-864a-485b-83e9-f77728b23f93,528a906b-c5bb-4efb-a1c7-95c7bafb77f2,1624969682338,-16.9176789,32.7706989,1.3399656,0.88628197,0.8636379,0.35027608,other,other,False,mixed,mixed
b44d874b-8a72-49d5-b329-e6ad5858dddf,189e2154-864a-485b-83e9-f77728b23f93,20b39a03-c16a-4024-aef9-09ea95bf77dd,1624969682389,-16.9176789,32.7706989,1.3399656,0.991841,0.83261967,0.087032974,other,other,False,mixed,mixed
b44d874b-8a72-49d5-b329-e6ad5858dddf,189e2154-864a-485b-83e9-f77728b23f93,e33faf21-af13-481a-a2ce-1e095cc3b723,1624969682438,-16.9176789,32.7706989,1.3399656,1.5817418,1.8027787,1.0261362,other,other,False,mixed,mixed
b44d874b-8a72-49d5-b329-e6ad5858dddf,189e2154-864a-485b-83e9-f77728b23f93,6657a842-1a14-443f-8fed-97fc59e7249a,1624969682488,-16.9176789,32.7706989,1.3399656,-0.4904214,1.0363598,1.0725486,other,other,False,mixed,mixed
b44d874b-8a72-49d5-b329-e6ad5858dddf,189e2154-864a-485b-83e9-f77728b23f93,d1df329b-cf72-487e-99c5-2cb4047a20fa,1624969682539,-16.9176789,32.7706989,1.3399656,-0.8038938,-2.0074062,0.39575142,other,other,False,mixed,mixed
b44d874b-8a72-49d5-b329-e6ad5858dddf,189e2154-864a-485b-83e9-f77728b23f93,9327572c-d43d-44f1-b667-01e14b745873,1624969682590,-16.9176789,32.7706989,1.3399656,-0.8038938,-2.0074062,0.39575142,other,other,False,mixed,mixed
b44d874b-8a72-49d5-b329-e6ad5858dddf,189e2154-864a-485b-83e9-f77728b23f93,b71be401-9a0b-4dcd-8dcc-d47a6c72821e,1624969682640,-16.9176789,32.7706989,1.3399656,-1.2050472,-1.2884998,-3.5156324,other,other,False,mixed,mixed
b44d874b-8a72-49d5-b329-e6ad5858dddf,189e2154-864a-485b-83e9-f77728b23f93,26b963aa-1de4-4f09-9fe1-2ef28364c9da,1624969682690,-16.9176789,32.7706989,1.3399656,0.19865775,-2.4929028,-1.9212605,other,other,False,mixed,mixed
b44d874b-8a72-49d5-b329-e6ad5858dddf,189e2154-864a-485b-83e9-f77728b23f93,2f1d5aa1-5c78-4115-b07b-65e2d1cfb1a7,1624969682740,-16.9176789,32.7706989,1.3399656,-1.0341156,0.4325657,-0.24507678,other,other,False,mixed,mixed
b44d874b-8a72-49d5-b329-e6ad5858dddf,189e2154-864a-485b-83e9-f77728b23f93,f9a711d3-e51e-48ab-90bb-844117e886c8,1624969682791,-16.9176789,32.7706989,1.3399656,-0.4026239,1.1884012,0.032839477,other,other,False,mixed,mixed
b44d874b-8a72-49d5-b329-e6ad5858dddf,189e2154-864a-485b-83e9-f77728b23f93,1e82016d-d086-4d63-b32a-56972a3c1327,1624969682841,-16.9176789,32.7706989,1.3399656,-0.7360575,2.040668,0.31137782,other,other,False,mixed,mixed
b44d874b-8a72-49d5-b329-e6ad5858dddf,189e2154-864a-485b-83e9-f77728b23f93,ca47de1f-6417-48da-b9a1-8af6cd580567,1624969682892,-16.9176789,32.7706989,1.3399656,-0.39615297,1.1143088,0.10819769,other,other,False,mixed,mixed
b44d874b-8a72-49d5-b329-e6ad5858dddf,189e2154-864a-485b-83e9-f77728b23f93,3fbf9696-b23d-4033-9f2e-d269c5902234,1624969682943,-16.9176789,32.7706989,1.3399656,-0.43343425,0.7302456,0.2780795,other,other,False,mixed,mixed
b44d874b-8a72-49d5-b329-e6ad5858dddf,189e2154-864a-485b-83e9-f77728b23f93,937897cf-6a00-4ff4-84e9-f80cd7d9d04b,1624969682993,-16.9176789,32.7706989,1.3399656,-0.07532668,0.40075684,0.20818067,other,other,False,mixed,mixed
b44d874b-8a72-49d5-b329-e6ad5858dddf,189e2154-864a-485b-83e9-f77728b23f93,f47e2f1e-2a62-468c-bb4c-0ec7be0d23a2,1624969683043,-16.9176789,32.7706989,1.3399656,-0.27356744,0.37833786,0.36186182,other,other,False,mixed,mixed
b44d874b-8a72-49d5-b329-e6ad5858dddf,189e2154-864a-485b-83e9-f77728b23f93,eb739dd2-ae09-433f-b979-071fc8eccfb2,1624969683093,-16.9176789,32.7706989,1.3399656,-0.022831798,0.5244856,0.504748,other,other,False,mixed,mixed
b44d874b-8a72-49d5-b329-e6ad5858dddf,189e2154-864a-485b-83e9-f77728b23f93,fc9197b4-4e93-4f66-8f0b-cac115ff7130,1624969683143,-16.9176789,32.7706989,1.3399656,-0.7974477,-1.1709194,0.55462986,other,other,False,mixed,mixed
b44d874b-8a72-49d5-b329-e6ad5858dddf,189e2154-864a-485b-83e9-f77728b23f93,1f962c71-c06e-4732-b2fb-70445d847b06,1624969683194,-16.9176789,32.7706989,1.3399656,0.4403854,-2.068408,-1.7623781,other,other,False,mixed,mixed
b44d874b-8a72-49d5-b329-e6ad5858dddf,189e2154-864a-485b-83e9-f77728b23f93,f13eff5e-2aeb-4d99-9f3b-98ef97b05ae4,1624969683244,-16.9176789,32.7706989,1.3399656,-0.012515426,-0.98014355,-2.692228,other,other,False,mixed,mixed
b44d874b-8a72-49d5-b329-e6ad5858dddf,189e2154-864a-485b-83e9-f77728b23f93,bfb8a0ad-cacd-4898-8d32-00462b2ce0e5,1624969683294,-16.9176789,32.7706989,1.3399656,-0.3861214,0.26665783,-1.3457752,other,other,False,mixed,mixed
b44d874b-8a72-49d5-b329-e6ad5858dddf,189e2154-864a-485b-83e9-f77728b23f93,9db322e1-7f86-4b44-8ba5-8d316c04f542,1624969683345,-16.9176849,32.770711,1.2768441,-0.24357533,0.5344019,-0.70923877,other,other,False,mixed,mixed
b44d874b-8a72-49d5-b329-e6ad5858dddf,189e2154-864a-485b-83e9-f77728b23f93,42a4cc15-f677-4cfb-9179-044e16eb34e0,1624969683396,-16.9176849,32.770711,1.2768441,0.5229316,-0.044052124,-0.6686052,other,other,False,mixed,mixed
b44d874b-8a72-49d5-b329-e6ad5858dddf,189e2154-864a-485b-83e9-f77728b23f93,44ab2069-2f8d-41a4-adc6-deadc8c0c50f,1624969683446,-16.9176849,32.770711,1.2768441,0.73554456,0.1493187,-0.9306519,other,other,False,mixed,mixed
b44d874b-8a72-49d5-b329-e6ad5858dddf,189e2154-864a-485b-83e9-f77728b23f93,ea6e64fd-0c82-49c0-ba6d-e7355098cffa,1624969683496,-16.9176849,32.770711,1.2768441,0.3663206,0.3921795,-0.40940654,other,other,False,mixed,mixed
b44d874b-8a72-49d5-b329-e6ad5858dddf,189e2154-864a-485b-83e9-f77728b23f93,f9429d55-d36d-431d-9e8b-a4856c44b669,1624969683546,-16.9176849,32.770711,1.2768441,0.3467089,0.43684483,-0.11464751,other,other,False,mixed,mixed
b44d874b-8a72-49d5-b329-e6ad5858dddf,189e2154-864a-485b-83e9-f77728b23f93,85a6eb44-a356-4999-ba8a-0a31ef8d8f52,1624969683597,-16.9176849,32.770711,1.2768441,0.67167526,0.33072758,-0.27716136,other,other,False,mixed,mixed
b44d874b-8a72-49d5-b329-e6ad5858dddf,189e2154-864a-485b-83e9-f77728b23f93,7580ee89-2222-4d8e-a7b5-8cbcdf53b6e2,1624969683648,-16.9176849,32.770711,1.2768441,0.75702643,0.43481922,-0.15434122,other,other,False,mixed,mixed
b44d874b-8a72-49d5-b329-e6ad5858dddf,189e2154-864a-485b-83e9-f77728b23f93,5bacbed6-d169-4da6-b0d0-91e729ab69dd,1624969683699,-16.9176849,32.770711,1.2768441,1.6363267,0.7489643,-0.22886574,other,other,False,mixed,mixed
b44d874b-8a72-49d5-b329-e6ad5858dddf,189e2154-864a-485b-83e9-f77728b23f93,41be1682-ac2a-4914-8b84-1afeafae22c9,1624969683750,-16.9176849,32.770711,1.2768441,1.9615545,0.47219753,-0.26895428,other,other,False,mixed,mixed
b44d874b-8a72-49d5-b329-e6ad5858dddf,189e2154-864a-485b-83e9-f77728b23f93,9b7dcca4-59c8-43e8-855c-49c591739595,1624969683800,-16.9176849,32.770711,1.2768441,1.2030895,0.14555073,-0.5705159,other,other,False,mixed,mixed
b44d874b-8a72-49d5-b329-e6ad5858dddf,189e2154-864a-485b-83e9-f77728b23f93,bef213f4-3658-4836-a0c6-0d0723be23ce,1624969683850,-16.9176849,32.770711,1.2768441,0.9385157,0.20093727,-0.26254737,other,other,False,mixed,mixed
b44d874b-8a72-49d5-b329-e6ad5858dddf,189e2154-864a-485b-83e9-f77728b23f93,b458ed0c-bfbe-4726-a1b0-64be84d150f3,1624969683900,-16.9176849,32.770711,1.2768441,-0.9868746,-2.7151384,0.093794644,other,other,False,mixed,mixed
b44d874b-8a72-49d5-b329-e6ad5858dddf,189e2154-864a-485b-83e9-f77728b23f93,cc2592d1-ba22-4ed7-96b9-1df83ad3645a,1624969683950,-16.9176849,32.770711,1.2768441,0.11262941,-1.3176947,0.10589129,other,other,False,mixed,mixed
b44d874b-8a72-49d5-b329-e6ad5858dddf,189e2154-864a-485b-83e9-f77728b23f93,72804888-07e0-4e4a-a56d-e7f34ac4c647,1624969684000,-16.9176849,32.770711,1.2768441,-0.14311862,-0.86772823,-1.263756,other,other,False,mixed,mixed
b44d874b-8a72-49d5-b329-e6ad5858dddf,189e2154-864a-485b-83e9-f77728b23f93,04ba678c-c082-41f6-baec-a55656d0ca9d,1624969684051,-16.9176849,32.770711,1.2768441,-0.2552507,0.7722244,-1.1814102,other,other,False,mixed,mixed
b44d874b-8a72-49d5-b329-e6ad5858dddf,189e2154-864a-485b-83e9-f77728b23f93,7a56e26f-dc66-4ca6-ac16-4d7f0775e21b,1624969684101,-16.9176849,32.770711,1.2768441,-0.62838626,0.9131985,-0.32958364,other,other,False,mixed,mixed
b44d874b-8a72-49d5-b329-e6ad5858dddf,189e2154-864a-485b-83e9-f77728b23f93,5bb5c249-60ec-4e57-ae52-e958d93b6984,1624969684151,-16.9176849,32.770711,1.2768441,-1.326431,0.0669117,0.56519973,other,other,False,mixed,mixed
b44d874b-8a72-49d5-b329-e6ad5858dddf,189e2154-864a-485b-83e9-f77728b23f93,11e7a040-2fc1-4f18-9383-587b108f25b1,1624969684200,-16.9176849,32.770711,1.2768441,-0.75699353,0.3084879,0.8439454,other,other,False,mixed,mixed
b44d874b-8a72-49d5-b329-e6ad5858dddf,189e2154-864a-485b-83e9-f77728b23f93,d687ebdf-e72a-4423-9071-0cba01cb5b28,1624969684250,-16.9176849,32.770711,1.2768441,-0.43076324,0.9077282,0.5578171,other,other,False,mixed,mixed
b44d874b-8a72-49d5-b329-e6ad5858dddf,189e2154-864a-485b-83e9-f77728b23f93,ca2d9620-35ce-49a2-a12e-53ce749fe6ed,1624969684300,-16.9176849,32.770711,1.2768441,-0.2515769,0.95329,0.5324296,other,other,False,mixed,mixed
b44d874b-8a72-49d5-b329-e6ad5858dddf,189e2154-864a-485b-83e9-f77728b23f93,cd3c4748-d42b-40f9-9522-48d089e9218d,1624969684350,-16.9176849,32.770711,1.2768441,-0.2884326,0.7416172,0.7428218,other,other,False,mixed,mixed
b44d874b-8a72-49d5-b329-e6ad5858dddf,189e2154-864a-485b-83e9-f77728b23f93,5aa0e51e-b76c-4c5e-87b1-9572479ca363,1624969684400,-16.9176849,32.770711,1.2768441,-0.049517155,0.34146976,0.8950083,other,other,False,mixed,mixed
b44d874b-8a72-49d5-b329-e6ad5858dddf,189e2154-864a-485b-83e9-f77728b23f93,39b28672-4d67-4ce4-b845-5d42d95150bc,1624969684450,-16.9176849,32.770711,1.2768441,0.098757744,0.19377613,0.71939,other,other,False,mixed,mixed
b44d874b-8a72-49d5-b329-e6ad5858dddf,189e2154-864a-485b-83e9-f77728b23f93,47708b53-2d55-42cb-9fc9-b4733e0fbfbe,1624969684501,-16.9176849,32.770711,1.2768441,0.24775839,0.4719267,1.0945064,other,other,False,mixed,mixed
b44d874b-8a72-49d5-b329-e6ad5858dddf,189e2154-864a-485b-83e9-f77728b23f93,8f35db16-6898-459b-a533-04583aa619a6,1624969684551,-16.9176849,32.770711,1.2768441,0.19295931,0.39736843,1.3733925,other,other,False,mixed,mixed
b44d874b-8a72-49d5-b329-e6ad5858dddf,189e2154-864a-485b-83e9-f77728b23f93,3be64601-71e2-45a7-b4e2-2ad6ca536a2a,1624969684601,-16.9176939,32.77072,1.2329684,0.8450451,-0.119867325,1.587452,other,other,False,mixed,mixed
b44d874b-8a72-49d5-b329-e6ad5858dddf,189e2154-864a-485b-83e9-f77728b23f93,cbe3f367-28ea-43ef-8d2a-1ef50a3b0bef,1624969684651,-16.9176939,32.77072,1.2329684,-0.1718502,-2.5869799,1.1891602,other,other,False,mixed,mixed
b44d874b-8a72-49d5-b329-e6ad5858dddf,189e2154-864a-485b-83e9-f77728b23f93,fec87abe-cf7e-4cc2-8d15-8d00ee38de80,1624969684701,-16.9176939,32.77072,1.2329684,-2.0199218,-0.7746601,-2.0817876,other,other,False,mixed,mixed
b44d874b-8a72-49d5-b329-e6ad5858dddf,189e2154-864a-485b-83e9-f77728b23f93,a70f8ba4-fe3f-409c-ab77-8754a51c1e1d,1624969684751,-16.9176939,32.77072,1.2329684,0.7374195,-2.6190376,-2.7447414,other,other,False,mixed,mixed
b44d874b-8a72-49d5-b329-e6ad5858dddf,189e2154-864a-485b-83e9-f77728b23f93,720b8777-e9da-4c0e-ae29-21f9806c2a41,1624969684801,-16.9176939,32.77072,1.2329684,3.076035,-1.5719509,-1.5124677,other,other,False,mixed,mixed
b44d874b-8a72-49d5-b329-e6ad5858dddf,189e2154-864a-485b-83e9-f77728b23f93,e6bfc8a6-5f36-464e-bb96-614bbe9542c1,1624969684851,-16.9176939,32.77072,1.2329684,1.73967,0.40828037,-0.1993674,other,other,False,mixed,mixed
b44d874b-8a72-49d5-b329-e6ad5858dddf,189e2154-864a-485b-83e9-f77728b23f93,8ecd1342-1867-48ee-be0f-78e8009a9085,1624969684902,-16.9176939,32.77072,1.2329684,0.16145945,2.594184,0.56657624,other,other,False,mixed,mixed
b44d874b-8a72-49d5-b329-e6ad5858dddf,189e2154-864a-485b-83e9-f77728b23f93,2b9c7b1c-330c-4135-8fc9-e9c98a25e576,1624969684953,-16.9176939,32.77072,1.2329684,1.2074453,1.9938631,0.20429516,other,other,False,mixed,mixed
b44d874b-8a72-49d5-b329-e6ad5858dddf,189e2154-864a-485b-83e9-f77728b23f93,cd54dfef-b533-46f7-844b-333cdda6f2fb,1624969685003,-16.9176939,32.77072,1.2329684,2.0854242,1.0120401,0.43413028,other,other,False,mixed,mixed
b44d874b-8a72-49d5-b329-e6ad5858dddf,189e2154-864a-485b-83e9-f77728b23f93,08b9bc03-668e-47aa-b880-5c76ba9bc53d,1624969685053,-16.9176939,32.77072,1.2329684,1.0613383,0.36083603,0.09742379,other,other,False,mixed,mixed
b44d874b-8a72-49d5-b329-e6ad5858dddf,189e2154-864a-485b-83e9-f77728b23f93,eef1c866-464d-46f7-a94c-52fb04a2838a,1624969685105,-16.9176939,32.77072,1.2329684,2.199882,1.2601752,0.9249952,other,other,False,mixed,mixed
b44d874b-8a72-49d5-b329-e6ad5858dddf,189e2154-864a-485b-83e9-f77728b23f93,4a5fdfb3-ef37-4e83-a343-77ae06450a01,1624969685155,-16.9176939,32.77072,1.2329684,0.72232354,-0.19072247,0.67034,other,other,False,mixed,mixed
b44d874b-8a72-49d5-b329-e6ad5858dddf,189e2154-864a-485b-83e9-f77728b23f93,9b2fd1d1-5c48-4968-ac44-4ac8a9f29f00,1624969685206,-16.9176939,32.77072,1.2329684,1.0973833,0.27023125,0.25578243,other,other,False,mixed,mixed
b44d874b-8a72-49d5-b329-e6ad5858dddf,189e2154-864a-485b-83e9-f77728b23f93,6aaa44ac-1e12-4825-8b24-6f0e5cbb73c7,1624969685257,-16.9176939,32.77072,1.2329684,0.0827353,-3.0715876,1.1359823,other,other,False,mixed,mixed
b44d874b-8a72-49d5-b329-e6ad5858dddf,189e2154-864a-485b-83e9-f77728b23f93,8a221af0-a249-4861-8225-8a850c4787e0,1624969685307,-16.9176939,32.77072,1.2329684,-6.339547,-2.9833536,-5.220496,other,other,False,mixed,mixed
b44d874b-8a72-49d5-b329-e6ad5858dddf,189e2154-864a-485b-83e9-f77728b23f93,110e4119-99c5-4229-8e80-d0d8e42babfd,1624969685356,-16.9176939,32.77072,1.2329684,-0.024249077,-2.3555622,-0.46755052,other,other,False,mixed,mixed
b44d874b-8a72-49d5-b329-e6ad5858dddf,189e2154-864a-485b-83e9-f77728b23f93,ac605a61-5f9d-41a8-8178-43b19bd18caa,1624969685407,-16.9176939,32.77072,1.2329684,-0.09837937,-0.38063717,0.8551829,other,other,False,mixed,mixed
b44d874b-8a72-49d5-b329-e6ad5858dddf,189e2154-864a-485b-83e9-f77728b23f93,6c27fcf5-49aa-45c9-9b2a-5b118e18218d,1624969685457,-16.917697,32.7707276,1.1910994,-1.2086349,1.4504948,-0.08381182,other,other,False,mixed,mixed
b44d874b-8a72-49d5-b329-e6ad5858dddf,189e2154-864a-485b-83e9-f77728b23f93,d012919f-8899-452d-b29c-bfe299bca563,1624969685507,-16.917697,32.7707276,1.1910994,0.39795554,1.8337831,0.43440115,other,other,False,mixed,mixed
b44d874b-8a72-49d5-b329-e6ad5858dddf,189e2154-864a-485b-83e9-f77728b23f93,1f1b6891-775b-4619-91d8-5151c543186e,1624969685558,-16.917697,32.7707276,1.1910994,0.9866793,1.8439145,0.44636732,other,other,False,mixed,mixed
b44d874b-8a72-49d5-b329-e6ad5858dddf,189e2154-864a-485b-83e9-f77728b23f93,640ce0b0-c807-4efd-8cbf-e810acf69616,1624969685608,-16.917697,32.7707276,1.1910994,1.0049688,1.8509436,0.6282654,other,other,False,mixed,mixed
b44d874b-8a72-49d5-b329-e6ad5858dddf,189e2154-864a-485b-83e9-f77728b23f93,b0729962-ff97-425e-98cb-3d0f1ee03320,1624969685659,-16.917697,32.7707276,1.1910994,0.5816121,1.2867026,0.75496507,other,other,False,mixed,mixed
b44d874b-8a72-49d5-b329-e6ad5858dddf,189e2154-864a-485b-83e9-f77728b23f93,560e1439-a716-4dd6-ad4d-b6957324cf7f,1624969685708,-16.917697,32.7707276,1.1910994,1.251691,1.0445728,1.4662781,other,other,False,mixed,mixed
b44d874b-8a72-49d5-b329-e6ad5858dddf,189e2154-864a-485b-83e9-f77728b23f93,32b402ad-49e4-4818-94f8-9ac3d295ef4e,1624969685759,-16.917697,32.7707276,1.1910994,0.9875704,-0.285738,0.6404856,other,other,False,mixed,mixed
b44d874b-8a72-49d5-b329-e6ad5858dddf,189e2154-864a-485b-83e9-f77728b23f93,d2c6e299-7d61-49ed-a867-49644d07b911,1624969685809,-16.917697,32.7707276,1.1910994,-0.5430808,-5.3245916,-1.1154675,other,other,False,mixed,mixed
