bike_activity_uid,bike_activity_sample_uid,bike_activity_measurement,bike_activity_measurement_timestamp,bike_activity_measurement_lon,bike_activity_measurement_lat,bike_activity_measurement_speed,bike_activity_measurement_accelerometer_x,bike_activity_measurement_accelerometer_y,bike_activity_measurement_accelerometer_z,bike_activity_phone_position,bike_activity_bike_type,bike_activity_flagged_lab_conditions,bike_activity_surface_type,bike_activity_smoothness_type
c788515a-89a8-42a5-9546-82bc5a7be065,986d991e-d35f-46e1-8395-7cd5491351e1,cd92210d-7929-42f0-a7d8-55dfd472f333,1625681657864,13.4344144,52.4944075,6.0739408,-0.35537148,0.29068422,0.5961504,in backpack,cyclo cross,False,mixed,mixed
c788515a-89a8-42a5-9546-82bc5a7be065,986d991e-d35f-46e1-8395-7cd5491351e1,37f76b98-5789-4141-b0a1-9b752123b16a,1625681657914,13.4344144,52.4944075,6.0739408,-1.2992432,-0.42004204,2.305425,in backpack,cyclo cross,False,mixed,mixed
c788515a-89a8-42a5-9546-82bc5a7be065,986d991e-d35f-46e1-8395-7cd5491351e1,fc6fe02f-3a24-4a5b-9bcd-b8853746ec43,1625681657964,13.4344144,52.4944075,6.0739408,3.109343,2.3600793,0.71708584,in backpack,cyclo cross,False,mixed,mixed
c788515a-89a8-42a5-9546-82bc5a7be065,986d991e-d35f-46e1-8395-7cd5491351e1,68825b1c-5b17-4c19-8c7b-8abbd851a4ae,1625681658014,13.4344144,52.4944075,6.0739408,-1.167702,-1.6154654,0.56568766,in backpack,cyclo cross,False,mixed,mixed
c788515a-89a8-42a5-9546-82bc5a7be065,986d991e-d35f-46e1-8395-7cd5491351e1,e8e84a48-11ee-4307-a635-948bf5c611a3,1625681658064,13.4344144,52.4944075,6.0739408,-2.9988713,-2.211788,0.97933054,in backpack,cyclo cross,False,mixed,mixed
c788515a-89a8-42a5-9546-82bc5a7be065,986d991e-d35f-46e1-8395-7cd5491351e1,8a6550b7-20fc-412c-851a-b277d8e92f2e,1625681658114,13.4344144,52.4944075,6.0739408,-2.183836,-1.7896943,0.9011593,in backpack,cyclo cross,False,mixed,mixed
c788515a-89a8-42a5-9546-82bc5a7be065,986d991e-d35f-46e1-8395-7cd5491351e1,28a1a382-c698-419d-96d2-01aa2b813199,1625681658164,13.4344144,52.4944075,6.0739408,2.7618923,1.2022495,-0.5028982,in backpack,cyclo cross,False,mixed,mixed
c788515a-89a8-42a5-9546-82bc5a7be065,986d991e-d35f-46e1-8395-7cd5491351e1,753d36ee-6951-498d-a5d3-32241454ca48,1625681658214,13.4344144,52.4944075,6.0739408,5.6643896,2.3143148,-3.3510256,in backpack,cyclo cross,False,mixed,mixed
c788515a-89a8-42a5-9546-82bc5a7be065,986d991e-d35f-46e1-8395-7cd5491351e1,940f44b5-2d6e-4d2c-a4a2-ff0cf4c7bc0a,1625681658264,13.4344144,52.4944075,6.0739408,0.5086379,-0.28240347,-1.7793579,in backpack,cyclo cross,False,mixed,mixed
c788515a-89a8-42a5-9546-82bc5a7be065,986d991e-d35f-46e1-8395-7cd5491351e1,9c7fb885-0f41-4af5-9653-5a070507b3a0,1625681658314,13.4344144,52.4944075,6.0739408,-2.6938496,-2.6721456,2.271027,in backpack,cyclo cross,False,mixed,mixed
c788515a-89a8-42a5-9546-82bc5a7be065,986d991e-d35f-46e1-8395-7cd5491351e1,3377eb5b-913f-4520-b1df-c8d5589182d6,1625681658364,13.4345034,52.494385,6.3902965,-1.2605326,-3.2894402,0.5208535,in backpack,cyclo cross,False,mixed,mixed
c788515a-89a8-42a5-9546-82bc5a7be065,986d991e-d35f-46e1-8395-7cd5491351e1,ed105aa5-c19e-4e3a-8005-03079e1912ee,1625681658414,13.4345034,52.494385,6.3902965,3.8434968,1.9858575,3.1284974,in backpack,cyclo cross,False,mixed,mixed
c788515a-89a8-42a5-9546-82bc5a7be065,986d991e-d35f-46e1-8395-7cd5491351e1,b411d7b9-385a-4eeb-b4f2-e82d75bc3ce1,1625681658464,13.4345034,52.494385,6.3902965,1.773531,0.77332926,-0.2185483,in backpack,cyclo cross,False,mixed,mixed
c788515a-89a8-42a5-9546-82bc5a7be065,986d991e-d35f-46e1-8395-7cd5491351e1,83eacc9c-7088-48ac-ac73-2812c25754d8,1625681658514,13.4345034,52.494385,6.3902965,-2.7533975,0.088926315,-0.9217043,in backpack,cyclo cross,False,mixed,mixed
c788515a-89a8-42a5-9546-82bc5a7be065,986d991e-d35f-46e1-8395-7cd5491351e1,7b2b4ad1-fba5-45c8-9747-7546473c143c,1625681658564,13.4345034,52.494385,6.3902965,-1.2509997,0.42088318,-1.0607386,in backpack,cyclo cross,False,mixed,mixed
c788515a-89a8-42a5-9546-82bc5a7be065,986d991e-d35f-46e1-8395-7cd5491351e1,8639b59a-c202-47df-88bb-8726fbc23cbd,1625681658615,13.4345034,52.494385,6.3902965,-0.51738024,-1.810821,0.6998482,in backpack,cyclo cross,False,mixed,mixed
c788515a-89a8-42a5-9546-82bc5a7be065,986d991e-d35f-46e1-8395-7cd5491351e1,783fdfa2-7f07-435b-9098-fcec021a7b40,1625681658666,13.4345034,52.494385,6.3902965,0.028069973,-1.7065269,0.15776682,in backpack,cyclo cross,False,mixed,mixed
c788515a-89a8-42a5-9546-82bc5a7be065,986d991e-d35f-46e1-8395-7cd5491351e1,e2abaa14-02fb-4571-b770-54cf822f5df2,1625681658716,13.4345034,52.494385,6.3902965,3.9748006,5.8827577,0.72562504,in backpack,cyclo cross,False,mixed,mixed
c788515a-89a8-42a5-9546-82bc5a7be065,986d991e-d35f-46e1-8395-7cd5491351e1,a46c3245-acf5-49dd-bb71-4e260deee849,1625681658766,13.4345034,52.494385,6.3902965,-0.39089203,1.0094385,-0.946712,in backpack,cyclo cross,False,mixed,mixed
c788515a-89a8-42a5-9546-82bc5a7be065,986d991e-d35f-46e1-8395-7cd5491351e1,e9aa84e2-6a34-4614-acf6-5e0b43441f9f,1625681658817,13.4345034,52.494385,6.3902965,-4.7243767,-0.4922595,0.35432148,in backpack,cyclo cross,False,mixed,mixed
c788515a-89a8-42a5-9546-82bc5a7be065,986d991e-d35f-46e1-8395-7cd5491351e1,0fc58f7b-601d-4348-b773-8e9a5e6cfead,1625681658867,13.4345034,52.494385,6.3902965,14.347749,10.891022,-0.7937269,in backpack,cyclo cross,False,mixed,mixed
c788515a-89a8-42a5-9546-82bc5a7be065,986d991e-d35f-46e1-8395-7cd5491351e1,58f25ea5-4849-4eb4-8944-87e9c0bb83ce,1625681658916,13.4345034,52.494385,6.3902965,0.6510477,0.1050539,-2.5353522,in backpack,cyclo cross,False,mixed,mixed
c788515a-89a8-42a5-9546-82bc5a7be065,986d991e-d35f-46e1-8395-7cd5491351e1,9d6da9e2-a867-4f92-96f8-880e842264d8,1625681658966,13.4345034,52.494385,6.3902965,-7.1748915,-4.289101,1.8111551,in backpack,cyclo cross,False,mixed,mixed
c788515a-89a8-42a5-9546-82bc5a7be065,986d991e-d35f-46e1-8395-7cd5491351e1,0491b900-0123-4eee-b34c-892626e77cf7,1625681659016,13.4345034,52.494385,6.3902965,-4.9590325,-5.121269,3.6626837,in backpack,cyclo cross,False,mixed,mixed
c788515a-89a8-42a5-9546-82bc5a7be065,986d991e-d35f-46e1-8395-7cd5491351e1,ecf4910e-35ff-4283-88c8-f72de193d610,1625681659066,13.4345034,52.494385,6.3902965,-0.9174806,-3.0664554,1.4111524,in backpack,cyclo cross,False,mixed,mixed
c788515a-89a8-42a5-9546-82bc5a7be065,986d991e-d35f-46e1-8395-7cd5491351e1,4889b3bf-cc1e-43e8-8fb2-6de5863cc9fe,1625681659116,13.4345034,52.494385,6.3902965,2.0354972,0.82315445,3.8699489,in backpack,cyclo cross,False,mixed,mixed
c788515a-89a8-42a5-9546-82bc5a7be065,986d991e-d35f-46e1-8395-7cd5491351e1,ffd4fbd4-9197-4bc0-b735-eab94cd6afbd,1625681659166,13.4345034,52.494385,6.3902965,1.313302,1.0952139,1.5579033,in backpack,cyclo cross,False,mixed,mixed
c788515a-89a8-42a5-9546-82bc5a7be065,986d991e-d35f-46e1-8395-7cd5491351e1,a221d3b8-4a55-4fb8-8af1-06f4ae0947ff,1625681659216,13.4345034,52.494385,6.3902965,0.5584512,2.4670024,-3.0435705,in backpack,cyclo cross,False,mixed,mixed
c788515a-89a8-42a5-9546-82bc5a7be065,986d991e-d35f-46e1-8395-7cd5491351e1,5bc964b0-3ba5-48a2-837a-4912233865d5,1625681659266,13.4345034,52.494385,6.3902965,-1.2211537,1.4003081,-3.322816,in backpack,cyclo cross,False,mixed,mixed
c788515a-89a8-42a5-9546-82bc5a7be065,986d991e-d35f-46e1-8395-7cd5491351e1,7c3cec09-1d0c-45e3-8215-aee30fb8b0f7,1625681659316,13.4345034,52.494385,6.3902965,-1.9569049,-0.08832979,-1.134758,in backpack,cyclo cross,False,mixed,mixed
c788515a-89a8-42a5-9546-82bc5a7be065,986d991e-d35f-46e1-8395-7cd5491351e1,5ae5b920-9553-4a84-b4a4-4657273610b4,1625681659366,13.4345918,52.4943641,4.958727,2.9344826,0.026864052,-0.43012333,in backpack,cyclo cross,False,mixed,mixed
c788515a-89a8-42a5-9546-82bc5a7be065,986d991e-d35f-46e1-8395-7cd5491351e1,612585fe-7779-466f-a64f-868cbc1f43b4,1625681659416,13.4345918,52.4943641,4.958727,6.99053,0.5788307,1.1538835,in backpack,cyclo cross,False,mixed,mixed
c788515a-89a8-42a5-9546-82bc5a7be065,986d991e-d35f-46e1-8395-7cd5491351e1,fdf54ad7-1d30-49ea-84d1-621f125b66fb,1625681659466,13.4345918,52.4943641,4.958727,-1.8096626,-1.4134856,1.5083647,in backpack,cyclo cross,False,mixed,mixed
c788515a-89a8-42a5-9546-82bc5a7be065,986d991e-d35f-46e1-8395-7cd5491351e1,5b487432-c0c0-4aa4-9ed4-2b4e66665c40,1625681659532,13.4345918,52.4943641,4.958727,-2.9998946,-1.1223259,1.2699585,in backpack,cyclo cross,False,mixed,mixed
c788515a-89a8-42a5-9546-82bc5a7be065,986d991e-d35f-46e1-8395-7cd5491351e1,c1e0768c-1f20-4844-98b0-1cd10c4665ef,1625681659582,13.4345918,52.4943641,4.958727,4.231194,6.4957085,0.6413293,in backpack,cyclo cross,False,mixed,mixed
c788515a-89a8-42a5-9546-82bc5a7be065,986d991e-d35f-46e1-8395-7cd5491351e1,0df2dbe0-0a53-4050-ad5d-d5db1736c688,1625681659632,13.4345918,52.4943641,4.958727,1.3694973,0.1658163,-0.8686476,in backpack,cyclo cross,False,mixed,mixed
c788515a-89a8-42a5-9546-82bc5a7be065,986d991e-d35f-46e1-8395-7cd5491351e1,63a1f45e-99d1-49da-93bf-1e5d010c8f8f,1625681659682,13.4345918,52.4943641,4.958727,1.6665583,-1.1605227,-1.0401602,in backpack,cyclo cross,False,mixed,mixed
c788515a-89a8-42a5-9546-82bc5a7be065,986d991e-d35f-46e1-8395-7cd5491351e1,ddb4a7b1-0487-4fbf-906c-efcc75a3d3c2,1625681659733,13.4345918,52.4943641,4.958727,-0.7429962,-2.8931792,1.3602662,in backpack,cyclo cross,False,mixed,mixed
c788515a-89a8-42a5-9546-82bc5a7be065,986d991e-d35f-46e1-8395-7cd5491351e1,0deb0d2e-f2b0-47b2-98db-7c4e97404649,1625681659782,13.4345918,52.4943641,4.958727,2.66361,-0.18118715,-0.3835101,in backpack,cyclo cross,False,mixed,mixed
c788515a-89a8-42a5-9546-82bc5a7be065,986d991e-d35f-46e1-8395-7cd5491351e1,18718b59-cdf7-4efa-b068-4c81077bfbd5,1625681659832,13.4345918,52.4943641,4.958727,-0.06159258,0.230721,1.0450149,in backpack,cyclo cross,False,mixed,mixed
c788515a-89a8-42a5-9546-82bc5a7be065,986d991e-d35f-46e1-8395-7cd5491351e1,e0e7c508-d3bf-4728-9c17-975810e601ba,1625681659882,13.4345918,52.4943641,4.958727,2.365306,1.9459071,-1.3601565,in backpack,cyclo cross,False,mixed,mixed
c788515a-89a8-42a5-9546-82bc5a7be065,986d991e-d35f-46e1-8395-7cd5491351e1,24959a54-de15-4df0-b9a3-f38cd94c61d9,1625681659933,13.4345918,52.4943641,4.958727,-1.3024077,2.210647,-0.47812462,in backpack,cyclo cross,False,mixed,mixed
c788515a-89a8-42a5-9546-82bc5a7be065,986d991e-d35f-46e1-8395-7cd5491351e1,f17ec17e-7fe0-42bf-b81d-a45ddcefb236,1625681659983,13.4345918,52.4943641,4.958727,2.519977,4.6381617,-0.25039005,in backpack,cyclo cross,False,mixed,mixed
c788515a-89a8-42a5-9546-82bc5a7be065,986d991e-d35f-46e1-8395-7cd5491351e1,fa42293e-4fff-4bcd-ab66-c2e5ee31a7b9,1625681660033,13.4345918,52.4943641,4.958727,-1.9664311,-1.6351902,1.3749609,in backpack,cyclo cross,False,mixed,mixed
c788515a-89a8-42a5-9546-82bc5a7be065,986d991e-d35f-46e1-8395-7cd5491351e1,351f649b-a7d2-43b1-ae4a-fd58ad03665f,1625681660083,13.4345918,52.4943641,4.958727,-2.6635256,-2.2788944,1.1150365,in backpack,cyclo cross,False,mixed,mixed
c788515a-89a8-42a5-9546-82bc5a7be065,986d991e-d35f-46e1-8395-7cd5491351e1,3b7264dd-5152-418f-8d86-bd15ccf3e940,1625681660133,13.4345918,52.4943641,4.958727,-0.9680047,-1.443362,2.8995593,in backpack,cyclo cross,False,mixed,mixed
c788515a-89a8-42a5-9546-82bc5a7be065,986d991e-d35f-46e1-8395-7cd5491351e1,7b30102f-a855-4bdc-8418-92978e6dfe5f,1625681660199,13.4345918,52.4943641,4.958727,8.553204,7.2719955,-0.7648082,in backpack,cyclo cross,False,mixed,mixed
c788515a-89a8-42a5-9546-82bc5a7be065,986d991e-d35f-46e1-8395-7cd5491351e1,86d6e2a5-4f39-46c4-9531-57bf4d2da1cf,1625681660249,13.4345918,52.4943641,4.958727,-0.10714197,0.7444973,-1.2784257,in backpack,cyclo cross,False,mixed,mixed
c788515a-89a8-42a5-9546-82bc5a7be065,986d991e-d35f-46e1-8395-7cd5491351e1,9e50a432-9ff5-48d3-8e8f-157dd7360dae,1625681660299,13.4345918,52.4943641,4.958727,-4.05947,-0.8119898,-0.09615612,in backpack,cyclo cross,False,mixed,mixed
c788515a-89a8-42a5-9546-82bc5a7be065,986d991e-d35f-46e1-8395-7cd5491351e1,2b3d3b97-2e23-4ab5-b992-9c184d538702,1625681660349,13.4345918,52.4943641,4.958727,-4.320995,-2.9222717,2.1182895,in backpack,cyclo cross,False,mixed,mixed
c788515a-89a8-42a5-9546-82bc5a7be065,986d991e-d35f-46e1-8395-7cd5491351e1,3bffedf0-0c0c-41fe-ba76-3b6154285adc,1625681660399,13.4346503,52.4943412,4.077476,-0.7129812,-2.263354,1.1993055,in backpack,cyclo cross,False,mixed,mixed
c788515a-89a8-42a5-9546-82bc5a7be065,986d991e-d35f-46e1-8395-7cd5491351e1,1889ef5e-2e22-4777-94f4-27e6bdf2c7a1,1625681660449,13.4346503,52.4943412,4.077476,5.443974,2.7853694,1.0043869,in backpack,cyclo cross,False,mixed,mixed
c788515a-89a8-42a5-9546-82bc5a7be065,986d991e-d35f-46e1-8395-7cd5491351e1,fc0f7363-d670-47e4-bf59-07b0577635b6,1625681660500,13.4346503,52.4943412,4.077476,0.92871,-0.70665836,-0.039255142,in backpack,cyclo cross,False,mixed,mixed
c788515a-89a8-42a5-9546-82bc5a7be065,986d991e-d35f-46e1-8395-7cd5491351e1,c2306af2-e662-4674-b4de-c2b721d0a15c,1625681660550,13.4346503,52.4943412,4.077476,1.8535466,0.16567135,-5.3123674,in backpack,cyclo cross,False,mixed,mixed
c788515a-89a8-42a5-9546-82bc5a7be065,986d991e-d35f-46e1-8395-7cd5491351e1,1269ee2e-f294-4a99-a586-402cc55b8c5b,1625681660600,13.4346503,52.4943412,4.077476,2.7934875,2.484787,-1.6577873,in backpack,cyclo cross,False,mixed,mixed
c788515a-89a8-42a5-9546-82bc5a7be065,986d991e-d35f-46e1-8395-7cd5491351e1,b79cd528-bc29-4380-b315-17310da998fb,1625681660650,13.4346503,52.4943412,4.077476,2.4243317,-1.1722503,-0.5838709,in backpack,cyclo cross,False,mixed,mixed
c788515a-89a8-42a5-9546-82bc5a7be065,986d991e-d35f-46e1-8395-7cd5491351e1,61b1ffa3-b2a3-40c6-aa9a-d3247f6144f1,1625681660700,13.4346503,52.4943412,4.077476,-0.8547983,-1.9949651,1.7259691,in backpack,cyclo cross,False,mixed,mixed
c788515a-89a8-42a5-9546-82bc5a7be065,986d991e-d35f-46e1-8395-7cd5491351e1,75434c7b-5b17-4e35-a910-9b4df29f8aba,1625681660750,13.4346503,52.4943412,4.077476,-2.4925385,-1.5357785,4.783178,in backpack,cyclo cross,False,mixed,mixed
c788515a-89a8-42a5-9546-82bc5a7be065,986d991e-d35f-46e1-8395-7cd5491351e1,f3dcd5ca-fc03-49d1-9965-2aaaf129120d,1625681660800,13.4346503,52.4943412,4.077476,-0.05422449,0.4041953,0.5242615,in backpack,cyclo cross,False,mixed,mixed
c788515a-89a8-42a5-9546-82bc5a7be065,986d991e-d35f-46e1-8395-7cd5491351e1,dbfd2df3-c141-4132-ac37-7370252cae97,1625681660850,13.4346503,52.4943412,4.077476,-1.0037203,0.657392,0.9903698,in backpack,cyclo cross,False,mixed,mixed
c788515a-89a8-42a5-9546-82bc5a7be065,986d991e-d35f-46e1-8395-7cd5491351e1,172d8374-f16d-47bc-97a4-8efb909a40d5,1625681660901,13.4346503,52.4943412,4.077476,2.3638463,4.0472727,0.03241968,in backpack,cyclo cross,False,mixed,mixed
c788515a-89a8-42a5-9546-82bc5a7be065,986d991e-d35f-46e1-8395-7cd5491351e1,4d1f6bdb-d9fb-4b03-9ee3-94b915ac4740,1625681660951,13.4346503,52.4943412,4.077476,0.88883877,-0.4691844,-1.0218353,in backpack,cyclo cross,False,mixed,mixed
c788515a-89a8-42a5-9546-82bc5a7be065,986d991e-d35f-46e1-8395-7cd5491351e1,1a1fc9f8-bedf-48e5-898e-8be6355c1dc5,1625681661001,13.4346503,52.4943412,4.077476,0.8813853,0.041972637,2.3652585,in backpack,cyclo cross,False,mixed,mixed
c788515a-89a8-42a5-9546-82bc5a7be065,986d991e-d35f-46e1-8395-7cd5491351e1,9f51ef2d-0542-4f40-b742-d1a3530f53de,1625681661050,13.4346503,52.4943412,4.077476,1.3770156,-0.06310749,0.90732574,in backpack,cyclo cross,False,mixed,mixed
c788515a-89a8-42a5-9546-82bc5a7be065,986d991e-d35f-46e1-8395-7cd5491351e1,918930a3-0212-4bcb-9027-0e8d66aecbff,1625681661100,13.4346503,52.4943412,4.077476,0.35485792,-0.6425483,0.22501087,in backpack,cyclo cross,False,mixed,mixed
c788515a-89a8-42a5-9546-82bc5a7be065,986d991e-d35f-46e1-8395-7cd5491351e1,3ccba061-9904-4da1-9c4c-382ac489d122,1625681661150,13.4346503,52.4943412,4.077476,-1.0880346,-0.38095713,1.411202,in backpack,cyclo cross,False,mixed,mixed
c788515a-89a8-42a5-9546-82bc5a7be065,986d991e-d35f-46e1-8395-7cd5491351e1,b1429292-c261-42af-9530-13328a7f557f,1625681661200,13.4346503,52.4943412,4.077476,0.23724556,1.1190166,-0.040592194,in backpack,cyclo cross,False,mixed,mixed
c788515a-89a8-42a5-9546-82bc5a7be065,986d991e-d35f-46e1-8395-7cd5491351e1,582d1fca-ac70-433f-83b7-396129956979,1625681661250,13.4346503,52.4943412,4.077476,1.522583,2.0095935,0.3298459,in backpack,cyclo cross,False,mixed,mixed
c788515a-89a8-42a5-9546-82bc5a7be065,986d991e-d35f-46e1-8395-7cd5491351e1,2b1265d9-ea97-4816-b276-b3168b0ff4e2,1625681661300,13.4346503,52.4943412,4.077476,-0.098211765,-0.43026304,-1.19382,in backpack,cyclo cross,False,mixed,mixed
c788515a-89a8-42a5-9546-82bc5a7be065,986d991e-d35f-46e1-8395-7cd5491351e1,928ec0ab-bddd-4ab2-a332-abb801147fcb,1625681661350,13.4346503,52.4943412,4.077476,-1.293278,-2.5379179,-0.9620552,in backpack,cyclo cross,False,mixed,mixed
c788515a-89a8-42a5-9546-82bc5a7be065,986d991e-d35f-46e1-8395-7cd5491351e1,58a65cc3-c66d-4712-b710-4ff36c027c8b,1625681661400,13.4347029,52.4943307,5.0093837,0.7713351,-0.41428947,0.54671717,in backpack,cyclo cross,False,mixed,mixed
c788515a-89a8-42a5-9546-82bc5a7be065,986d991e-d35f-46e1-8395-7cd5491351e1,5716b429-ba2b-4571-94fa-037da33585fe,1625681661450,13.4347029,52.4943307,5.0093837,2.1219459,1.9443126,2.4872715,in backpack,cyclo cross,False,mixed,mixed
c788515a-89a8-42a5-9546-82bc5a7be065,986d991e-d35f-46e1-8395-7cd5491351e1,5207dd20-18ca-4f2a-8594-b5b96637e769,1625681661500,13.4347029,52.4943307,5.0093837,1.68961,1.0870976,1.144875,in backpack,cyclo cross,False,mixed,mixed
c788515a-89a8-42a5-9546-82bc5a7be065,986d991e-d35f-46e1-8395-7cd5491351e1,d6ec4630-998b-4e3d-8f0c-61ad73b20784,1625681661550,13.4347029,52.4943307,5.0093837,-0.111085415,0.36172867,0.23063469,in backpack,cyclo cross,False,mixed,mixed
c788515a-89a8-42a5-9546-82bc5a7be065,986d991e-d35f-46e1-8395-7cd5491351e1,dd01d8b5-8fac-4eb9-a860-311a10850a1b,1625681661599,13.4347029,52.4943307,5.0093837,-0.81815434,0.45507717,1.3068333,in backpack,cyclo cross,False,mixed,mixed
c788515a-89a8-42a5-9546-82bc5a7be065,986d991e-d35f-46e1-8395-7cd5491351e1,25df7299-c6c7-407b-a764-428704bb1b11,1625681661649,13.4347029,52.4943307,5.0093837,0.7708287,-1.4510303,-0.3185196,in backpack,cyclo cross,False,mixed,mixed
c788515a-89a8-42a5-9546-82bc5a7be065,986d991e-d35f-46e1-8395-7cd5491351e1,2925fcbc-af7d-406e-9371-1356e65881fd,1625681661699,13.4347029,52.4943307,5.0093837,0.23035812,-1.6109543,0.057285786,in backpack,cyclo cross,False,mixed,mixed
c788515a-89a8-42a5-9546-82bc5a7be065,986d991e-d35f-46e1-8395-7cd5491351e1,535209aa-2cdd-47c7-93bb-1e0d2b370287,1625681661749,13.4347029,52.4943307,5.0093837,0.53531647,3.3798103,0.7964177,in backpack,cyclo cross,False,mixed,mixed
c788515a-89a8-42a5-9546-82bc5a7be065,986d991e-d35f-46e1-8395-7cd5491351e1,85266088-acec-443d-9cb8-1fd8244a1361,1625681661801,13.4347029,52.4943307,5.0093837,-0.032902718,0.16256666,-0.63834476,in backpack,cyclo cross,False,mixed,mixed
c788515a-89a8-42a5-9546-82bc5a7be065,986d991e-d35f-46e1-8395-7cd5491351e1,d49f3f7c-e31f-4102-8b34-d7164e864c66,1625681661851,13.4347029,52.4943307,5.0093837,-1.7681433,-0.30021906,1.4192395,in backpack,cyclo cross,False,mixed,mixed
c788515a-89a8-42a5-9546-82bc5a7be065,986d991e-d35f-46e1-8395-7cd5491351e1,ae8bc7e2-11a3-4656-b649-a83923387215,1625681661901,13.4347029,52.4943307,5.0093837,-0.95061326,-0.14078188,1.6822882,in backpack,cyclo cross,False,mixed,mixed
c788515a-89a8-42a5-9546-82bc5a7be065,986d991e-d35f-46e1-8395-7cd5491351e1,f5497287-5ff6-4141-a3ae-43a4b29d4226,1625681661952,13.4347029,52.4943307,5.0093837,2.7872186,0.8509393,0.48098755,in backpack,cyclo cross,False,mixed,mixed
c788515a-89a8-42a5-9546-82bc5a7be065,986d991e-d35f-46e1-8395-7cd5491351e1,244ef627-2178-4b88-b622-e65ee747738d,1625681662003,13.4347029,52.4943307,5.0093837,-1.594351,-0.98555565,-0.016829014,in backpack,cyclo cross,False,mixed,mixed
c788515a-89a8-42a5-9546-82bc5a7be065,986d991e-d35f-46e1-8395-7cd5491351e1,2f8b15e0-e68f-4e0f-b3e9-bad6324f911f,1625681662053,13.4347029,52.4943307,5.0093837,-2.0084147,-0.5631676,1.6322429,in backpack,cyclo cross,False,mixed,mixed
c788515a-89a8-42a5-9546-82bc5a7be065,986d991e-d35f-46e1-8395-7cd5491351e1,edd57450-9038-49bd-854e-52ae2ed50093,1625681662103,13.4347029,52.4943307,5.0093837,4.556056,3.125393,0.3724308,in backpack,cyclo cross,False,mixed,mixed
c788515a-89a8-42a5-9546-82bc5a7be065,986d991e-d35f-46e1-8395-7cd5491351e1,9b48f774-5d77-4424-aac2-c631f62946c2,1625681662153,13.4347029,52.4943307,5.0093837,4.694891,2.5816727,-1.5281768,in backpack,cyclo cross,False,mixed,mixed
c788515a-89a8-42a5-9546-82bc5a7be065,986d991e-d35f-46e1-8395-7cd5491351e1,12940875-b215-4c16-b9a9-8b9a2452bb32,1625681662203,13.4347029,52.4943307,5.0093837,-0.15212822,-1.2022023,-1.9438734,in backpack,cyclo cross,False,mixed,mixed
c788515a-89a8-42a5-9546-82bc5a7be065,986d991e-d35f-46e1-8395-7cd5491351e1,9f829549-0ec7-4f10-8f43-dc28a1ff2822,1625681662253,13.4347029,52.4943307,5.0093837,-2.6929357,-3.3006904,0.69379044,in backpack,cyclo cross,False,mixed,mixed
c788515a-89a8-42a5-9546-82bc5a7be065,986d991e-d35f-46e1-8395-7cd5491351e1,007cd13d-d49a-486f-b7b1-85ca6a16ac4d,1625681662303,13.4347029,52.4943307,5.0093837,-3.698465,-4.241769,1.4868002,in backpack,cyclo cross,False,mixed,mixed
c788515a-89a8-42a5-9546-82bc5a7be065,986d991e-d35f-46e1-8395-7cd5491351e1,f42e37b4-b5b1-4a17-a4d3-8f087caa37f2,1625681662353,13.4347029,52.4943307,5.0093837,-0.63888836,-2.1744812,0.50941324,in backpack,cyclo cross,False,mixed,mixed
c788515a-89a8-42a5-9546-82bc5a7be065,986d991e-d35f-46e1-8395-7cd5491351e1,f937a4cc-26ff-4779-bb09-e62aeac75fc7,1625681662403,13.434787,52.4943175,6.0439076,6.7034636,3.4406295,1.6998618,in backpack,cyclo cross,False,mixed,mixed
c788515a-89a8-42a5-9546-82bc5a7be065,986d991e-d35f-46e1-8395-7cd5491351e1,b9cd8a9a-6d38-461a-ab4b-96279b1db90d,1625681662468,13.434787,52.4943175,6.0439076,0.8191371,-0.075184345,-3.5168629,in backpack,cyclo cross,False,mixed,mixed
c788515a-89a8-42a5-9546-82bc5a7be065,986d991e-d35f-46e1-8395-7cd5491351e1,095b3f2f-b39d-44ca-8284-747a8f68cb3c,1625681662519,13.434787,52.4943175,6.0439076,-0.04709673,-0.7817626,-1.134047,in backpack,cyclo cross,False,mixed,mixed
c788515a-89a8-42a5-9546-82bc5a7be065,986d991e-d35f-46e1-8395-7cd5491351e1,ef0aaad0-4f7b-44fa-aedf-d5e4c7ead4ec,1625681662569,13.434787,52.4943175,6.0439076,0.26526213,-2.5230286,1.140346,in backpack,cyclo cross,False,mixed,mixed
c788515a-89a8-42a5-9546-82bc5a7be065,986d991e-d35f-46e1-8395-7cd5491351e1,02704686-f27f-452b-a66b-a19928992671,1625681662619,13.434787,52.4943175,6.0439076,0.2604375,-1.6769373,0.52396536,in backpack,cyclo cross,False,mixed,mixed
c788515a-89a8-42a5-9546-82bc5a7be065,986d991e-d35f-46e1-8395-7cd5491351e1,8e0e7921-3160-48bc-954a-1844f1bee976,1625681662669,13.434787,52.4943175,6.0439076,3.2015705,4.7619276,2.117315,in backpack,cyclo cross,False,mixed,mixed
c788515a-89a8-42a5-9546-82bc5a7be065,986d991e-d35f-46e1-8395-7cd5491351e1,a3aa5433-b6d2-4874-a4c6-c28b4d21451e,1625681662719,13.434787,52.4943175,6.0439076,-0.56156635,1.1240525,-2.2163453,in backpack,cyclo cross,False,mixed,mixed
c788515a-89a8-42a5-9546-82bc5a7be065,986d991e-d35f-46e1-8395-7cd5491351e1,75d4a095-ca15-4798-97bd-45f47ae5d7d4,1625681662770,13.434787,52.4943175,6.0439076,-2.487946,0.06754398,0.1291771,in backpack,cyclo cross,False,mixed,mixed
c788515a-89a8-42a5-9546-82bc5a7be065,986d991e-d35f-46e1-8395-7cd5491351e1,56017c92-616e-452d-a6fb-5e68fa750bd5,1625681662819,13.434787,52.4943175,6.0439076,-0.52058935,0.4341073,1.7770967,in backpack,cyclo cross,False,mixed,mixed
c788515a-89a8-42a5-9546-82bc5a7be065,986d991e-d35f-46e1-8395-7cd5491351e1,d3188f93-e33f-4e29-9bd3-c9465186bf77,1625681662869,13.434787,52.4943175,6.0439076,1.1078763,0.09423399,1.9744682,in backpack,cyclo cross,False,mixed,mixed
c788515a-89a8-42a5-9546-82bc5a7be065,986d991e-d35f-46e1-8395-7cd5491351e1,0b835240-6261-49fd-a58a-80f7ce289282,1625681662920,13.434787,52.4943175,6.0439076,0.9999509,0.748436,2.1331973,in backpack,cyclo cross,False,mixed,mixed
c788515a-89a8-42a5-9546-82bc5a7be065,986d991e-d35f-46e1-8395-7cd5491351e1,01c44bc5-572b-4f31-aea5-5cdf13615c72,1625681662971,13.434787,52.4943175,6.0439076,-1.7269332,0.588851,1.5467839,in backpack,cyclo cross,False,mixed,mixed
c788515a-89a8-42a5-9546-82bc5a7be065,986d991e-d35f-46e1-8395-7cd5491351e1,30174582-ad95-436a-8cc1-1b051ea2ebe8,1625681663021,13.434787,52.4943175,6.0439076,-1.0876393,1.41821,1.1919193,in backpack,cyclo cross,False,mixed,mixed
c788515a-89a8-42a5-9546-82bc5a7be065,986d991e-d35f-46e1-8395-7cd5491351e1,19fcac54-b575-44a7-b87a-011f3c3d5d18,1625681663071,13.434787,52.4943175,6.0439076,3.8846655,3.501845,-0.8391638,in backpack,cyclo cross,False,mixed,mixed
c788515a-89a8-42a5-9546-82bc5a7be065,986d991e-d35f-46e1-8395-7cd5491351e1,8b7679df-88d5-4bf8-bbe2-3cd77bc9dd49,1625681663135,13.434787,52.4943175,6.0439076,3.1947055,1.4165082,-3.2701783,in backpack,cyclo cross,False,mixed,mixed
c788515a-89a8-42a5-9546-82bc5a7be065,986d991e-d35f-46e1-8395-7cd5491351e1,59aa8329-f31f-41d7-b5b7-8d5f5ce6c867,1625681663185,13.434787,52.4943175,6.0439076,-2.5066624,-2.2827845,-0.23536205,in backpack,cyclo cross,False,mixed,mixed
c788515a-89a8-42a5-9546-82bc5a7be065,986d991e-d35f-46e1-8395-7cd5491351e1,513c8851-4a0f-457c-bbb5-472b554c19b1,1625681663235,13.434787,52.4943175,6.0439076,-5.209669,-3.5974517,1.5931287,in backpack,cyclo cross,False,mixed,mixed
c788515a-89a8-42a5-9546-82bc5a7be065,986d991e-d35f-46e1-8395-7cd5491351e1,c1e6c9bd-4b87-4015-acf0-482d13a0a5ea,1625681663285,13.434787,52.4943175,6.0439076,-0.38393068,-1.4077017,0.27283096,in backpack,cyclo cross,False,mixed,mixed
c788515a-89a8-42a5-9546-82bc5a7be065,986d991e-d35f-46e1-8395-7cd5491351e1,46e89370-2a17-4783-b005-d4785db14e1d,1625681663336,13.434787,52.4943175,6.0439076,6.4458294,4.812462,1.0011001,in backpack,cyclo cross,False,mixed,mixed
c788515a-89a8-42a5-9546-82bc5a7be065,986d991e-d35f-46e1-8395-7cd5491351e1,e10c0786-10d8-49aa-b2d9-dd94f17cee7b,1625681663385,13.4348894,52.4943017,6.75288,2.5018058,1.478548,-0.43241024,in backpack,cyclo cross,False,mixed,mixed
c788515a-89a8-42a5-9546-82bc5a7be065,986d991e-d35f-46e1-8395-7cd5491351e1,d75767ed-a605-4f48-a6ba-52ba20cdacc9,1625681663435,13.4348894,52.4943017,6.75288,-2.1140006,-2.0715082,0.08348417,in backpack,cyclo cross,False,mixed,mixed
c788515a-89a8-42a5-9546-82bc5a7be065,986d991e-d35f-46e1-8395-7cd5491351e1,97e2af7b-2311-41de-b426-7361f702f09e,1625681663485,13.4348894,52.4943017,6.75288,-1.2722452,-2.7421405,-0.31547403,in backpack,cyclo cross,False,mixed,mixed
c788515a-89a8-42a5-9546-82bc5a7be065,986d991e-d35f-46e1-8395-7cd5491351e1,b0961963-4f79-4a1d-9260-3248a9e5f7d4,1625681663535,13.4348894,52.4943017,6.75288,1.3419032,-0.8529453,-0.03268099,in backpack,cyclo cross,False,mixed,mixed
c788515a-89a8-42a5-9546-82bc5a7be065,986d991e-d35f-46e1-8395-7cd5491351e1,0b08fe86-bcb0-4265-8599-2aec3c955ab6,1625681663585,13.4348894,52.4943017,6.75288,1.4613833,0.35440016,0.42716885,in backpack,cyclo cross,False,mixed,mixed
c788515a-89a8-42a5-9546-82bc5a7be065,986d991e-d35f-46e1-8395-7cd5491351e1,3ddda88b-0da1-4f97-8bd6-c086438dba46,1625681663635,13.4348894,52.4943017,6.75288,-0.19531679,0.7819443,-0.79560184,in backpack,cyclo cross,False,mixed,mixed
c788515a-89a8-42a5-9546-82bc5a7be065,986d991e-d35f-46e1-8395-7cd5491351e1,b4d873c9-0750-4399-8402-02618413dacf,1625681663686,13.4348894,52.4943017,6.75288,-1.2548275,1.7618747,0.44316578,in backpack,cyclo cross,False,mixed,mixed
c788515a-89a8-42a5-9546-82bc5a7be065,986d991e-d35f-46e1-8395-7cd5491351e1,630af627-58cc-4ea4-90d8-4f76bcf098bc,1625681663736,13.4348894,52.4943017,6.75288,0.77041435,0.95329905,-0.6717639,in backpack,cyclo cross,False,mixed,mixed
c788515a-89a8-42a5-9546-82bc5a7be065,986d991e-d35f-46e1-8395-7cd5491351e1,ce036a8b-08cf-4ae4-b1d7-2831bda3bbfd,1625681663786,13.4348894,52.4943017,6.75288,1.6427774,-0.58738136,0.62845325,in backpack,cyclo cross,False,mixed,mixed
c788515a-89a8-42a5-9546-82bc5a7be065,986d991e-d35f-46e1-8395-7cd5491351e1,2f311b47-9006-4c23-82f9-400993a8c221,1625681663836,13.4348894,52.4943017,6.75288,-0.005604744,-0.32754517,1.7986217,in backpack,cyclo cross,False,mixed,mixed
c788515a-89a8-42a5-9546-82bc5a7be065,986d991e-d35f-46e1-8395-7cd5491351e1,4f8ef253-8c85-4def-ba4b-8a47441f9446,1625681663886,13.4348894,52.4943017,6.75288,0.16175699,0.28547573,2.0595262,in backpack,cyclo cross,False,mixed,mixed
c788515a-89a8-42a5-9546-82bc5a7be065,986d991e-d35f-46e1-8395-7cd5491351e1,6426ae34-1ea1-4c01-bf19-3a195b5820ae,1625681663936,13.4348894,52.4943017,6.75288,0.011422157,1.2390618,-1.1046686,in backpack,cyclo cross,False,mixed,mixed
c788515a-89a8-42a5-9546-82bc5a7be065,986d991e-d35f-46e1-8395-7cd5491351e1,d35020dc-84b0-41c3-a842-55ac8a473cff,1625681663987,13.4348894,52.4943017,6.75288,1.3939581,3.387494,-0.97770834,in backpack,cyclo cross,False,mixed,mixed
c788515a-89a8-42a5-9546-82bc5a7be065,986d991e-d35f-46e1-8395-7cd5491351e1,2046744f-6351-4fda-897c-0c96275ffada,1625681664037,13.4348894,52.4943017,6.75288,-0.07646036,-0.50625515,0.19512415,in backpack,cyclo cross,False,mixed,mixed
c788515a-89a8-42a5-9546-82bc5a7be065,986d991e-d35f-46e1-8395-7cd5491351e1,8e2df4ca-6f36-4fbc-90da-423344b9fd87,1625681664087,13.4348894,52.4943017,6.75288,-0.047712326,-0.7318649,-0.53289175,in backpack,cyclo cross,False,mixed,mixed
c788515a-89a8-42a5-9546-82bc5a7be065,986d991e-d35f-46e1-8395-7cd5491351e1,45cd7b46-5604-40f9-a8aa-f4ab877bdc56,1625681664138,13.4348894,52.4943017,6.75288,1.0422645,-0.35625744,-1.6572232,in backpack,cyclo cross,False,mixed,mixed
c788515a-89a8-42a5-9546-82bc5a7be065,986d991e-d35f-46e1-8395-7cd5491351e1,501e0973-927c-4ffc-a2d0-267bfc249f7d,1625681664188,13.4348894,52.4943017,6.75288,-0.45689154,-1.618741,0.27515125,in backpack,cyclo cross,False,mixed,mixed
c788515a-89a8-42a5-9546-82bc5a7be065,986d991e-d35f-46e1-8395-7cd5491351e1,0a767521-34da-40e1-b42c-6d4b01048355,1625681664239,13.4348894,52.4943017,6.75288,-1.0259717,-2.475748,1.665101,in backpack,cyclo cross,False,mixed,mixed
c788515a-89a8-42a5-9546-82bc5a7be065,986d991e-d35f-46e1-8395-7cd5491351e1,62fe0345-3a49-44b9-82d1-bd621dfb6264,1625681664290,13.4348894,52.4943017,6.75288,5.153448,2.852347,-1.2323933,in backpack,cyclo cross,False,mixed,mixed
c788515a-89a8-42a5-9546-82bc5a7be065,986d991e-d35f-46e1-8395-7cd5491351e1,9e49d5be-7b02-4874-ad50-767505e59666,1625681664339,13.4348894,52.4943017,6.75288,0.98310614,1.0192394,-0.055503845,in backpack,cyclo cross,False,mixed,mixed
c788515a-89a8-42a5-9546-82bc5a7be065,986d991e-d35f-46e1-8395-7cd5491351e1,54a0ae73-abb4-45bf-8130-d5ae8ff15812,1625681664389,13.4349971,52.4942875,6.7049413,-2.222598,-3.1711106,0.5526953,in backpack,cyclo cross,False,mixed,mixed
c788515a-89a8-42a5-9546-82bc5a7be065,986d991e-d35f-46e1-8395-7cd5491351e1,502c423b-7d3b-4265-8e29-aa819f35493f,1625681664439,13.4349971,52.4942875,6.7049413,0.41406488,-2.3553116,-1.2631898,in backpack,cyclo cross,False,mixed,mixed
c788515a-89a8-42a5-9546-82bc5a7be065,986d991e-d35f-46e1-8395-7cd5491351e1,77d869d7-dc58-4f22-91be-cd307c016928,1625681664489,13.4349971,52.4942875,6.7049413,3.3894453,3.7167654,-0.39511728,in backpack,cyclo cross,False,mixed,mixed
c788515a-89a8-42a5-9546-82bc5a7be065,986d991e-d35f-46e1-8395-7cd5491351e1,a801e090-bb6c-43e1-b254-bf88381204a4,1625681664539,13.4349971,52.4942875,6.7049413,0.32371712,-0.5479698,-0.78973436,in backpack,cyclo cross,False,mixed,mixed
c788515a-89a8-42a5-9546-82bc5a7be065,986d991e-d35f-46e1-8395-7cd5491351e1,177bcc20-70e6-42c1-a47d-09f8c87d5fd4,1625681664588,13.4349971,52.4942875,6.7049413,-3.294551,-3.2388504,-0.8573561,in backpack,cyclo cross,False,mixed,mixed
c788515a-89a8-42a5-9546-82bc5a7be065,986d991e-d35f-46e1-8395-7cd5491351e1,dd15ca8c-5cde-4ed1-870a-2c0418f3c694,1625681664638,13.4349971,52.4942875,6.7049413,-1.2430801,0.43287802,1.2126169,in backpack,cyclo cross,False,mixed,mixed
c788515a-89a8-42a5-9546-82bc5a7be065,986d991e-d35f-46e1-8395-7cd5491351e1,e1d8dd50-8e4d-402b-9e5e-ead346b0b619,1625681664688,13.4349971,52.4942875,6.7049413,3.5129452,2.3470287,0.31680155,in backpack,cyclo cross,False,mixed,mixed
c788515a-89a8-42a5-9546-82bc5a7be065,986d991e-d35f-46e1-8395-7cd5491351e1,3d1e456b-9292-4302-a546-cac48b5efe63,1625681664738,13.4349971,52.4942875,6.7049413,1.8210068,-1.3777223,-0.42036915,in backpack,cyclo cross,False,mixed,mixed
c788515a-89a8-42a5-9546-82bc5a7be065,986d991e-d35f-46e1-8395-7cd5491351e1,a22c0841-0ca4-4082-87ac-dcdfcd2b112b,1625681664803,13.4349971,52.4942875,6.7049413,-2.4170508,-0.42335224,-1.0729661,in backpack,cyclo cross,False,mixed,mixed
c788515a-89a8-42a5-9546-82bc5a7be065,986d991e-d35f-46e1-8395-7cd5491351e1,2900d1a3-c046-4bc6-a207-850d4aceb8a5,1625681664854,13.4349971,52.4942875,6.7049413,-1.2563448,-0.8124151,0.045554638,in backpack,cyclo cross,False,mixed,mixed
c788515a-89a8-42a5-9546-82bc5a7be065,986d991e-d35f-46e1-8395-7cd5491351e1,6e44f6c6-4a9a-44f2-92ab-6869a8f98bce,1625681664904,13.4349971,52.4942875,6.7049413,-1.1637862,-2.2911818,2.150541,in backpack,cyclo cross,False,mixed,mixed
c788515a-89a8-42a5-9546-82bc5a7be065,986d991e-d35f-46e1-8395-7cd5491351e1,988cc89f-9e14-4bee-969c-bd05453565f0,1625681664955,13.4349971,52.4942875,6.7049413,7.682996,8.081562,0.702322,in backpack,cyclo cross,False,mixed,mixed
c788515a-89a8-42a5-9546-82bc5a7be065,986d991e-d35f-46e1-8395-7cd5491351e1,f80ed641-2797-4c37-90fa-6d85b62dfa42,1625681665020,13.4349971,52.4942875,6.7049413,2.339697,0.9059439,-4.0008693,in backpack,cyclo cross,False,mixed,mixed
c788515a-89a8-42a5-9546-82bc5a7be065,986d991e-d35f-46e1-8395-7cd5491351e1,00f905d3-e0e0-436a-8e46-23d198a221f8,1625681665070,13.4349971,52.4942875,6.7049413,-3.9288697,-2.463705,0.7470212,in backpack,cyclo cross,False,mixed,mixed
c788515a-89a8-42a5-9546-82bc5a7be065,986d991e-d35f-46e1-8395-7cd5491351e1,943d3f4b-2850-4921-98a3-69df412f8205,1625681665120,13.4349971,52.4942875,6.7049413,-3.9980936,-4.386285,2.1166625,in backpack,cyclo cross,False,mixed,mixed
c788515a-89a8-42a5-9546-82bc5a7be065,986d991e-d35f-46e1-8395-7cd5491351e1,a0d2f43b-66df-47d1-8b5d-2144f56e8a40,1625681665170,13.4349971,52.4942875,6.7049413,2.303288,-2.8951492,1.8522921,in backpack,cyclo cross,False,mixed,mixed
c788515a-89a8-42a5-9546-82bc5a7be065,986d991e-d35f-46e1-8395-7cd5491351e1,1a5b69ab-cb89-41c7-94ca-c9a748b7925c,1625681665220,13.4349971,52.4942875,6.7049413,5.5041766,0.8668184,1.7589297,in backpack,cyclo cross,False,mixed,mixed
c788515a-89a8-42a5-9546-82bc5a7be065,986d991e-d35f-46e1-8395-7cd5491351e1,161cb6b6-4fa1-4be5-9d5b-9aeda0bb1514,1625681665270,13.4349971,52.4942875,6.7049413,-1.9977769,-0.97550154,2.0091572,in backpack,cyclo cross,False,mixed,mixed
c788515a-89a8-42a5-9546-82bc5a7be065,986d991e-d35f-46e1-8395-7cd5491351e1,ec7caec3-83c4-46ca-9a0a-841e1ff298a3,1625681665321,13.4349971,52.4942875,6.7049413,-2.730032,-0.4437549,1.140091,in backpack,cyclo cross,False,mixed,mixed
c788515a-89a8-42a5-9546-82bc5a7be065,986d991e-d35f-46e1-8395-7cd5491351e1,141c9ffe-b0be-4e3b-ae93-31ff758679e1,1625681665372,13.4350923,52.4942579,6.1151943,-0.06681442,0.69276047,-0.68292904,in backpack,cyclo cross,False,mixed,mixed
c788515a-89a8-42a5-9546-82bc5a7be065,986d991e-d35f-46e1-8395-7cd5491351e1,22fd7eea-8172-412e-92f6-529ade030b3e,1625681665422,13.4350923,52.4942579,6.1151943,3.092826,1.625113,-1.386858,in backpack,cyclo cross,False,mixed,mixed
c788515a-89a8-42a5-9546-82bc5a7be065,986d991e-d35f-46e1-8395-7cd5491351e1,2484bc91-722c-459c-95db-c4893af83ed7,1625681665473,13.4350923,52.4942579,6.1151943,2.7161474,0.6948862,-1.5493813,in backpack,cyclo cross,False,mixed,mixed
c788515a-89a8-42a5-9546-82bc5a7be065,986d991e-d35f-46e1-8395-7cd5491351e1,1023edf7-40a6-4275-881e-3d5623ce06f2,1625681665523,13.4350923,52.4942579,6.1151943,0.10533428,-1.1212983,-1.0751481,in backpack,cyclo cross,False,mixed,mixed
c788515a-89a8-42a5-9546-82bc5a7be065,986d991e-d35f-46e1-8395-7cd5491351e1,6a89f6fd-d130-4268-b155-0f51714c515e,1625681665573,13.4350923,52.4942579,6.1151943,1.4960351,0.37555695,-0.44723892,in backpack,cyclo cross,False,mixed,mixed
c788515a-89a8-42a5-9546-82bc5a7be065,986d991e-d35f-46e1-8395-7cd5491351e1,2a35521e-3f48-40d0-8aa7-e304563a8996,1625681665624,13.4350923,52.4942579,6.1151943,-0.70459414,-0.7941091,0.6883149,in backpack,cyclo cross,False,mixed,mixed
c788515a-89a8-42a5-9546-82bc5a7be065,986d991e-d35f-46e1-8395-7cd5491351e1,9d43a1b1-7804-4724-b7e7-c5f37cf3382a,1625681665673,13.4350923,52.4942579,6.1151943,-0.6567097,0.42932177,1.1288304,in backpack,cyclo cross,False,mixed,mixed
c788515a-89a8-42a5-9546-82bc5a7be065,986d991e-d35f-46e1-8395-7cd5491351e1,2877cd8c-2529-4a2e-b393-3a429e678391,1625681665722,13.4350923,52.4942579,6.1151943,0.124961376,2.17935,-0.17178392,in backpack,cyclo cross,False,mixed,mixed
c788515a-89a8-42a5-9546-82bc5a7be065,986d991e-d35f-46e1-8395-7cd5491351e1,cdcff5d7-1ac7-441a-9b16-d457128066fb,1625681665772,13.4350923,52.4942579,6.1151943,2.080256,2.3347316,-1.4096236,in backpack,cyclo cross,False,mixed,mixed
c788515a-89a8-42a5-9546-82bc5a7be065,986d991e-d35f-46e1-8395-7cd5491351e1,daeb2e52-cf2c-4ea4-848b-7a6b1b95c18a,1625681665822,13.4350923,52.4942579,6.1151943,-1.0862298,-0.58741,0.12147045,in backpack,cyclo cross,False,mixed,mixed
c788515a-89a8-42a5-9546-82bc5a7be065,986d991e-d35f-46e1-8395-7cd5491351e1,f17b7f01-c87d-44cd-b19a-710593c383c8,1625681665872,13.4350923,52.4942579,6.1151943,1.4119167,-1.7324815,-1.6922483,in backpack,cyclo cross,False,mixed,mixed
c788515a-89a8-42a5-9546-82bc5a7be065,986d991e-d35f-46e1-8395-7cd5491351e1,a9020c2b-5af2-4782-8897-c4e4b9d90840,1625681665922,13.4350923,52.4942579,6.1151943,2.3221083,-0.6105361,-0.8489857,in backpack,cyclo cross,False,mixed,mixed
c788515a-89a8-42a5-9546-82bc5a7be065,986d991e-d35f-46e1-8395-7cd5491351e1,6b8d0bf2-dfb4-4d16-8bf8-9af8adce1280,1625681665972,13.4350923,52.4942579,6.1151943,0.9724541,-0.65714884,-0.48235083,in backpack,cyclo cross,False,mixed,mixed
c788515a-89a8-42a5-9546-82bc5a7be065,986d991e-d35f-46e1-8395-7cd5491351e1,ee65acd7-f94f-414e-ac91-c7798c5b5949,1625681666023,13.4350923,52.4942579,6.1151943,1.4344664,-1.9365859,-3.7703924,in backpack,cyclo cross,False,mixed,mixed
c788515a-89a8-42a5-9546-82bc5a7be065,986d991e-d35f-46e1-8395-7cd5491351e1,999bf5f1-ceb2-4e63-9dea-c78adaf925ca,1625681666074,13.4350923,52.4942579,6.1151943,1.2522202,1.9601898,-1.1256757,in backpack,cyclo cross,False,mixed,mixed
c788515a-89a8-42a5-9546-82bc5a7be065,986d991e-d35f-46e1-8395-7cd5491351e1,dc5fce04-8860-4785-b869-1f53406fc7a9,1625681666125,13.4350923,52.4942579,6.1151943,1.4718118,2.1288586,-0.48260975,in backpack,cyclo cross,False,mixed,mixed
c788515a-89a8-42a5-9546-82bc5a7be065,986d991e-d35f-46e1-8395-7cd5491351e1,6e78a319-4bd2-41f7-b410-72914731e527,1625681666188,13.4350923,52.4942579,6.1151943,-0.99542165,-1.3000846,-1.5202808,in backpack,cyclo cross,False,mixed,mixed
c788515a-89a8-42a5-9546-82bc5a7be065,986d991e-d35f-46e1-8395-7cd5491351e1,1276709b-a68a-4a2a-9247-fdde709f0c44,1625681666238,13.4350923,52.4942579,6.1151943,-1.8921083,-1.1066225,0.5849657,in backpack,cyclo cross,False,mixed,mixed
c788515a-89a8-42a5-9546-82bc5a7be065,986d991e-d35f-46e1-8395-7cd5491351e1,9a8a6158-6bd3-43f9-8288-a6b71ad64334,1625681666288,13.4350923,52.4942579,6.1151943,0.5284772,0.121058464,1.5378985,in backpack,cyclo cross,False,mixed,mixed
c788515a-89a8-42a5-9546-82bc5a7be065,986d991e-d35f-46e1-8395-7cd5491351e1,2069e178-b143-474b-af42-0faefd712597,1625681666338,13.4350923,52.4942579,6.1151943,2.4275937,-0.0142502785,1.2199469,in backpack,cyclo cross,False,mixed,mixed
c788515a-89a8-42a5-9546-82bc5a7be065,986d991e-d35f-46e1-8395-7cd5491351e1,380e4e4d-caac-40be-b3ea-242cbdc8f67b,1625681666389,13.4351769,52.494223,5.9684234,2.590289,2.4492884,2.14157,in backpack,cyclo cross,False,mixed,mixed
c788515a-89a8-42a5-9546-82bc5a7be065,986d991e-d35f-46e1-8395-7cd5491351e1,a77775b1-8848-4f36-8ef2-76a3fe64fdf7,1625681666439,13.4351769,52.494223,5.9684234,1.0967045,1.4362955,0.035393715,in backpack,cyclo cross,False,mixed,mixed
c788515a-89a8-42a5-9546-82bc5a7be065,986d991e-d35f-46e1-8395-7cd5491351e1,7eff314a-6e32-4352-8196-1a5fbf9d33d6,1625681666489,13.4351769,52.494223,5.9684234,-2.3246531,-1.2849612,-1.1058216,in backpack,cyclo cross,False,mixed,mixed
c788515a-89a8-42a5-9546-82bc5a7be065,986d991e-d35f-46e1-8395-7cd5491351e1,1c48bec4-e57a-4bb2-88cc-6f4be8c9ac95,1625681666539,13.4351769,52.494223,5.9684234,-2.0511293,-0.8214526,1.9375498,in backpack,cyclo cross,False,mixed,mixed
c788515a-89a8-42a5-9546-82bc5a7be065,986d991e-d35f-46e1-8395-7cd5491351e1,870600a3-6602-4fed-853c-75b069451284,1625681666588,13.4351769,52.494223,5.9684234,0.51060057,-0.72719,1.5271568,in backpack,cyclo cross,False,mixed,mixed
c788515a-89a8-42a5-9546-82bc5a7be065,986d991e-d35f-46e1-8395-7cd5491351e1,445fea65-8a10-4936-98f4-7dc48603b81a,1625681666639,13.4351769,52.494223,5.9684234,3.2949715,1.7041883,-0.2267127,in backpack,cyclo cross,False,mixed,mixed
c788515a-89a8-42a5-9546-82bc5a7be065,986d991e-d35f-46e1-8395-7cd5491351e1,3c808d27-756f-46ff-aa1a-c0a2b684d6d6,1625681666689,13.4351769,52.494223,5.9684234,1.2220159,1.8291531,-1.7194796,in backpack,cyclo cross,False,mixed,mixed
c788515a-89a8-42a5-9546-82bc5a7be065,986d991e-d35f-46e1-8395-7cd5491351e1,3cbdea9e-63ea-4a2b-a1e9-9815a4897c81,1625681666739,13.4351769,52.494223,5.9684234,-3.261679,-2.2186794,0.13634157,in backpack,cyclo cross,False,mixed,mixed
c788515a-89a8-42a5-9546-82bc5a7be065,986d991e-d35f-46e1-8395-7cd5491351e1,ec2eda13-158d-4cd6-b368-e1577ed64ca5,1625681666789,13.4351769,52.494223,5.9684234,-4.0795765,-3.8975997,1.5316176,in backpack,cyclo cross,False,mixed,mixed
c788515a-89a8-42a5-9546-82bc5a7be065,986d991e-d35f-46e1-8395-7cd5491351e1,135ecf8d-a09c-42cf-8316-2c6fd672abc9,1625681666839,13.4351769,52.494223,5.9684234,4.0428305,1.721776,0.14556313,in backpack,cyclo cross,False,mixed,mixed
c788515a-89a8-42a5-9546-82bc5a7be065,986d991e-d35f-46e1-8395-7cd5491351e1,d1a69e81-d678-48ce-b439-bb97cd41075f,1625681666890,13.4351769,52.494223,5.9684234,6.119679,2.2880049,-0.37130117,in backpack,cyclo cross,False,mixed,mixed
c788515a-89a8-42a5-9546-82bc5a7be065,986d991e-d35f-46e1-8395-7cd5491351e1,db3b08f4-d678-45df-b6a7-8aa42f8e2d14,1625681666939,13.4351769,52.494223,5.9684234,-0.9978149,-2.4399276,-2.8553715,in backpack,cyclo cross,False,mixed,mixed
c788515a-89a8-42a5-9546-82bc5a7be065,986d991e-d35f-46e1-8395-7cd5491351e1,803f13ab-1b2c-4553-b52e-eb3983ef97dd,1625681666989,13.4351769,52.494223,5.9684234,-1.2921801,-1.5033178,-1.5055847,in backpack,cyclo cross,False,mixed,mixed
c788515a-89a8-42a5-9546-82bc5a7be065,986d991e-d35f-46e1-8395-7cd5491351e1,127161ea-b578-4099-b62b-05388aa4e46b,1625681667040,13.4351769,52.494223,5.9684234,0.5776782,-1.0066009,0.84613276,in backpack,cyclo cross,False,mixed,mixed
c788515a-89a8-42a5-9546-82bc5a7be065,986d991e-d35f-46e1-8395-7cd5491351e1,60bd960c-b4e0-4a26-ac5a-3a7a1051d31f,1625681667090,13.4351769,52.494223,5.9684234,1.2973113,-1.3508425,0.4765134,in backpack,cyclo cross,False,mixed,mixed
c788515a-89a8-42a5-9546-82bc5a7be065,986d991e-d35f-46e1-8395-7cd5491351e1,0a6d376e-f4a8-4ef0-9d4b-197110e70d43,1625681667140,13.4351769,52.494223,5.9684234,1.6382232,2.109229,1.8069217,in backpack,cyclo cross,False,mixed,mixed
c788515a-89a8-42a5-9546-82bc5a7be065,986d991e-d35f-46e1-8395-7cd5491351e1,0471b73f-ad7c-406b-97ee-6671be81da10,1625681667190,13.4351769,52.494223,5.9684234,-0.22829819,2.004798,-1.137455,in backpack,cyclo cross,False,mixed,mixed
c788515a-89a8-42a5-9546-82bc5a7be065,986d991e-d35f-46e1-8395-7cd5491351e1,1b3984a1-f28e-4850-9bb0-0e0bc83da84a,1625681667240,13.4351769,52.494223,5.9684234,-2.4980962,-2.044881,-0.7818074,in backpack,cyclo cross,False,mixed,mixed
c788515a-89a8-42a5-9546-82bc5a7be065,986d991e-d35f-46e1-8395-7cd5491351e1,b4d9153d-ff1d-44ec-b623-011943fb0e3b,1625681667290,13.4351769,52.494223,5.9684234,-2.4683633,-2.2934968,2.9211793,in backpack,cyclo cross,False,mixed,mixed
c788515a-89a8-42a5-9546-82bc5a7be065,986d991e-d35f-46e1-8395-7cd5491351e1,ca5ae677-2eb0-4065-b0de-d4d199546798,1625681667340,13.4351769,52.494223,5.9684234,1.9745388,0.7424154,2.4469836,in backpack,cyclo cross,False,mixed,mixed
c788515a-89a8-42a5-9546-82bc5a7be065,986d991e-d35f-46e1-8395-7cd5491351e1,ab5a890a-a329-4408-8e1c-5589b566f696,1625681667390,13.4352654,52.4941971,5.7005696,4.2917566,3.0867152,1.173399,in backpack,cyclo cross,False,mixed,mixed
c788515a-89a8-42a5-9546-82bc5a7be065,986d991e-d35f-46e1-8395-7cd5491351e1,1f4ab74f-415d-40a2-b95a-5d5924bfb35a,1625681667440,13.4352654,52.4941971,5.7005696,-0.39352107,-0.6938529,-1.6273866,in backpack,cyclo cross,False,mixed,mixed
c788515a-89a8-42a5-9546-82bc5a7be065,986d991e-d35f-46e1-8395-7cd5491351e1,7f04e26c-1486-40c2-85a6-5058f5eac124,1625681667489,13.4352654,52.4941971,5.7005696,-3.8227727,-0.9594989,1.7554681,in backpack,cyclo cross,False,mixed,mixed
c788515a-89a8-42a5-9546-82bc5a7be065,986d991e-d35f-46e1-8395-7cd5491351e1,eee4394b-d41d-4553-8e0a-f85be91b21a9,1625681667539,13.4352654,52.4941971,5.7005696,0.5330963,0.77431726,0.22784805,in backpack,cyclo cross,False,mixed,mixed
c788515a-89a8-42a5-9546-82bc5a7be065,986d991e-d35f-46e1-8395-7cd5491351e1,0997a957-9625-4fa6-87f0-dd2576fafba3,1625681667590,13.4352654,52.4941971,5.7005696,5.240471,1.205842,-2.2111435,in backpack,cyclo cross,False,mixed,mixed
c788515a-89a8-42a5-9546-82bc5a7be065,986d991e-d35f-46e1-8395-7cd5491351e1,578c5694-25cd-46a6-8a01-62fddd566b5c,1625681667639,13.4352654,52.4941971,5.7005696,2.1039786,0.42690134,-1.6575212,in backpack,cyclo cross,False,mixed,mixed
c788515a-89a8-42a5-9546-82bc5a7be065,986d991e-d35f-46e1-8395-7cd5491351e1,c4043e8d-d5c8-4f4e-8276-2eeaa7470330,1625681667689,13.4352654,52.4941971,5.7005696,-2.9626076,-1.0750222,0.93121433,in backpack,cyclo cross,False,mixed,mixed
c788515a-89a8-42a5-9546-82bc5a7be065,986d991e-d35f-46e1-8395-7cd5491351e1,805945ff-c05d-46c6-b0c4-3f3547e4b192,1625681667740,13.4352654,52.4941971,5.7005696,-3.1573923,-2.6841235,0.38956976,in backpack,cyclo cross,False,mixed,mixed
c788515a-89a8-42a5-9546-82bc5a7be065,986d991e-d35f-46e1-8395-7cd5491351e1,fa80b0c7-8fc4-4513-8208-022c8290ba03,1625681667790,13.4352654,52.4941971,5.7005696,-0.31651545,-0.35459423,0.93855333,in backpack,cyclo cross,False,mixed,mixed
c788515a-89a8-42a5-9546-82bc5a7be065,986d991e-d35f-46e1-8395-7cd5491351e1,2aea36e2-2f04-4234-adfc-0a13995d4171,1625681667840,13.4352654,52.4941971,5.7005696,4.716061,3.8338728,1.8376656,in backpack,cyclo cross,False,mixed,mixed
c788515a-89a8-42a5-9546-82bc5a7be065,986d991e-d35f-46e1-8395-7cd5491351e1,6703fcc4-910e-443b-ab73-cec72a33d73e,1625681667891,13.4352654,52.4941971,5.7005696,3.9173784,1.7030921,-0.27961063,in backpack,cyclo cross,False,mixed,mixed
c788515a-89a8-42a5-9546-82bc5a7be065,986d991e-d35f-46e1-8395-7cd5491351e1,ec3b91f8-8f44-41e9-8b50-df07f8625631,1625681667941,13.4352654,52.4941971,5.7005696,-0.32358742,-0.20845127,-0.077373505,in backpack,cyclo cross,False,mixed,mixed
c788515a-89a8-42a5-9546-82bc5a7be065,986d991e-d35f-46e1-8395-7cd5491351e1,e3ebecf0-26ee-4be9-b62e-f035dbf6e583,1625681667991,13.4352654,52.4941971,5.7005696,-0.56647515,0.9396119,1.4594016,in backpack,cyclo cross,False,mixed,mixed
c788515a-89a8-42a5-9546-82bc5a7be065,986d991e-d35f-46e1-8395-7cd5491351e1,6196d638-c083-422e-921c-d3b47acc95b0,1625681668041,13.4352654,52.4941971,5.7005696,0.14777803,-2.6825306,1.1155653,in backpack,cyclo cross,False,mixed,mixed
c788515a-89a8-42a5-9546-82bc5a7be065,986d991e-d35f-46e1-8395-7cd5491351e1,400ffca3-121c-493b-b5e9-aa5bf81319db,1625681668091,13.4352654,52.4941971,5.7005696,-2.1142535,-4.03863,1.0496783,in backpack,cyclo cross,False,mixed,mixed
c788515a-89a8-42a5-9546-82bc5a7be065,986d991e-d35f-46e1-8395-7cd5491351e1,5ac5079c-d572-44cd-b0ac-1e5646651b71,1625681668142,13.4352654,52.4941971,5.7005696,-1.1450672,-1.0938263,-2.4992285,in backpack,cyclo cross,False,mixed,mixed
c788515a-89a8-42a5-9546-82bc5a7be065,986d991e-d35f-46e1-8395-7cd5491351e1,fc9fa086-4ff3-4fb1-9728-2b5d8442a4d6,1625681668192,13.4352654,52.4941971,5.7005696,4.344281,8.856097,1.8621855,in backpack,cyclo cross,False,mixed,mixed
c788515a-89a8-42a5-9546-82bc5a7be065,986d991e-d35f-46e1-8395-7cd5491351e1,6472c658-520e-4672-8935-2eee36399750,1625681668242,13.4352654,52.4941971,5.7005696,0.824111,-0.35369444,-1.4095049,in backpack,cyclo cross,False,mixed,mixed
c788515a-89a8-42a5-9546-82bc5a7be065,986d991e-d35f-46e1-8395-7cd5491351e1,e67c3c28-78e6-43b3-bd7f-243319541bd5,1625681668292,13.4352654,52.4941971,5.7005696,-3.7443333,-2.3327386,1.5940113,in backpack,cyclo cross,False,mixed,mixed
c788515a-89a8-42a5-9546-82bc5a7be065,986d991e-d35f-46e1-8395-7cd5491351e1,8276aa7e-85ca-40f4-871c-2f8e39e13f0b,1625681668342,13.4352654,52.4941971,5.7005696,-0.09488654,-2.2453344,1.5042877,in backpack,cyclo cross,False,mixed,mixed
c788515a-89a8-42a5-9546-82bc5a7be065,986d991e-d35f-46e1-8395-7cd5491351e1,59129bc9-ecc5-4102-b756-5d3eb348328c,1625681668393,13.435362,52.4941722,7.5149145,9.292327,3.771079,-0.6672616,in backpack,cyclo cross,False,mixed,mixed
c788515a-89a8-42a5-9546-82bc5a7be065,986d991e-d35f-46e1-8395-7cd5491351e1,4ed06bcb-5603-4248-9999-af5a9bca6f0e,1625681668457,13.435362,52.4941722,7.5149145,-1.3395832,-1.8031232,0.15608072,in backpack,cyclo cross,False,mixed,mixed
c788515a-89a8-42a5-9546-82bc5a7be065,986d991e-d35f-46e1-8395-7cd5491351e1,d5d6833a-bd19-4f5d-98fa-873185254abb,1625681668507,13.435362,52.4941722,7.5149145,-2.9192283,-0.62808084,1.4641206,in backpack,cyclo cross,False,mixed,mixed
c788515a-89a8-42a5-9546-82bc5a7be065,986d991e-d35f-46e1-8395-7cd5491351e1,68e22a3d-5254-4b17-aba2-d70da7add94e,1625681668557,13.435362,52.4941722,7.5149145,0.084941864,1.1642289,-2.246726,in backpack,cyclo cross,False,mixed,mixed
c788515a-89a8-42a5-9546-82bc5a7be065,986d991e-d35f-46e1-8395-7cd5491351e1,64bf2ee7-2061-44ad-870c-b546f0395e44,1625681668607,13.435362,52.4941722,7.5149145,1.8127141,2.1712356,-0.22438812,in backpack,cyclo cross,False,mixed,mixed
c788515a-89a8-42a5-9546-82bc5a7be065,986d991e-d35f-46e1-8395-7cd5491351e1,67e99201-c8c6-4f32-b556-6144354bfec0,1625681668657,13.435362,52.4941722,7.5149145,-1.1894484,-0.7324424,1.688118,in backpack,cyclo cross,False,mixed,mixed
c788515a-89a8-42a5-9546-82bc5a7be065,986d991e-d35f-46e1-8395-7cd5491351e1,94dfb5f2-083a-4016-aff1-e3d9160e23ba,1625681668707,13.435362,52.4941722,7.5149145,-0.6221907,-1.1853523,1.5259452,in backpack,cyclo cross,False,mixed,mixed
c788515a-89a8-42a5-9546-82bc5a7be065,986d991e-d35f-46e1-8395-7cd5491351e1,033ea477-61fe-4b5f-b7b5-b3ff9ea4e285,1625681668757,13.435362,52.4941722,7.5149145,3.6930327,1.6115885,0.66539717,in backpack,cyclo cross,False,mixed,mixed
c788515a-89a8-42a5-9546-82bc5a7be065,986d991e-d35f-46e1-8395-7cd5491351e1,12728932-7633-4f83-836f-9503ec749561,1625681668807,13.435362,52.4941722,7.5149145,0.21886206,-0.50488997,0.32848215,in backpack,cyclo cross,False,mixed,mixed
c788515a-89a8-42a5-9546-82bc5a7be065,986d991e-d35f-46e1-8395-7cd5491351e1,3cc35ad8-b71c-43c5-ba31-2155aa653b37,1625681668857,13.435362,52.4941722,7.5149145,2.1082802,1.4734421,-0.4398055,in backpack,cyclo cross,False,mixed,mixed
c788515a-89a8-42a5-9546-82bc5a7be065,986d991e-d35f-46e1-8395-7cd5491351e1,3dd86dfa-ecb5-4197-bc76-77f27969ac77,1625681668907,13.435362,52.4941722,7.5149145,-0.3621068,-1.9659185,-0.8995452,in backpack,cyclo cross,False,mixed,mixed
c788515a-89a8-42a5-9546-82bc5a7be065,986d991e-d35f-46e1-8395-7cd5491351e1,35ea4350-4b3f-4fb2-a597-c8df371b738f,1625681668957,13.435362,52.4941722,7.5149145,-1.709267,-1.7785419,1.4748983,in backpack,cyclo cross,False,mixed,mixed
c788515a-89a8-42a5-9546-82bc5a7be065,986d991e-d35f-46e1-8395-7cd5491351e1,44aa4da9-35a7-4021-af78-986464908437,1625681669006,13.435362,52.4941722,7.5149145,0.8234668,0.4736247,1.2830596,in backpack,cyclo cross,False,mixed,mixed
c788515a-89a8-42a5-9546-82bc5a7be065,986d991e-d35f-46e1-8395-7cd5491351e1,882de7ec-61fc-497f-884b-2832c60b3e40,1625681669056,13.435362,52.4941722,7.5149145,7.6798344,5.0806217,-2.998138,in backpack,cyclo cross,False,mixed,mixed
c788515a-89a8-42a5-9546-82bc5a7be065,986d991e-d35f-46e1-8395-7cd5491351e1,cb07f2fb-95ac-4b7f-86cc-59aafb9fd1c5,1625681669106,13.435362,52.4941722,7.5149145,3.914503,5.2625437,-3.6063442,in backpack,cyclo cross,False,mixed,mixed
c788515a-89a8-42a5-9546-82bc5a7be065,986d991e-d35f-46e1-8395-7cd5491351e1,9df9a4d7-e002-4264-924e-f63b276d3c43,1625681669156,13.435362,52.4941722,7.5149145,-2.2800515,-1.9417524,-1.7198048,in backpack,cyclo cross,False,mixed,mixed
c788515a-89a8-42a5-9546-82bc5a7be065,986d991e-d35f-46e1-8395-7cd5491351e1,f8376c75-2711-4313-bea3-834eed084382,1625681669206,13.435362,52.4941722,7.5149145,-3.0861728,-3.0246766,1.6646214,in backpack,cyclo cross,False,mixed,mixed
c788515a-89a8-42a5-9546-82bc5a7be065,986d991e-d35f-46e1-8395-7cd5491351e1,b32955dc-bdf6-4fc6-890a-c015236efd0f,1625681669256,13.435362,52.4941722,7.5149145,-1.9676927,-3.4407067,3.7269998,in backpack,cyclo cross,False,mixed,mixed
c788515a-89a8-42a5-9546-82bc5a7be065,986d991e-d35f-46e1-8395-7cd5491351e1,9925f01c-f639-40db-a268-30916524aebe,1625681669308,13.435362,52.4941722,7.5149145,5.744507,4.78603,2.0917225,in backpack,cyclo cross,False,mixed,mixed
c788515a-89a8-42a5-9546-82bc5a7be065,986d991e-d35f-46e1-8395-7cd5491351e1,95369113-8b73-44eb-af63-41e8a2c13ef8,1625681669358,13.435362,52.4941722,7.5149145,6.404904,3.5821342,0.11201906,in backpack,cyclo cross,False,mixed,mixed
c788515a-89a8-42a5-9546-82bc5a7be065,986d991e-d35f-46e1-8395-7cd5491351e1,25d73bc3-b4ae-44f7-8250-bc7c8fc65b91,1625681669408,13.4354632,52.4941459,6.90825,-5.0359797,-1.673554,-0.9381118,in backpack,cyclo cross,False,mixed,mixed
c788515a-89a8-42a5-9546-82bc5a7be065,986d991e-d35f-46e1-8395-7cd5491351e1,2917f1e5-e293-4353-a6f3-670d61443aff,1625681669458,13.4354632,52.4941459,6.90825,-1.8109334,-1.4711242,0.22410154,in backpack,cyclo cross,False,mixed,mixed
c788515a-89a8-42a5-9546-82bc5a7be065,986d991e-d35f-46e1-8395-7cd5491351e1,02de53f2-b3dd-47a6-aa74-e5978d93f5fc,1625681669508,13.4354632,52.4941459,6.90825,-0.48299432,-1.9643848,-0.2035346,in backpack,cyclo cross,False,mixed,mixed
c788515a-89a8-42a5-9546-82bc5a7be065,986d991e-d35f-46e1-8395-7cd5491351e1,111ec708-85d2-41a9-8e90-155c249d7183,1625681669558,13.4354632,52.4941459,6.90825,0.82602406,-0.5590849,0.21559334,in backpack,cyclo cross,False,mixed,mixed
c788515a-89a8-42a5-9546-82bc5a7be065,986d991e-d35f-46e1-8395-7cd5491351e1,9222237a-16b3-416a-b7ca-4efaf6d01517,1625681669607,13.4354632,52.4941459,6.90825,1.9536753,2.0870123,0.07401514,in backpack,cyclo cross,False,mixed,mixed
c788515a-89a8-42a5-9546-82bc5a7be065,986d991e-d35f-46e1-8395-7cd5491351e1,d658c527-d167-4774-876a-e7675e08f007,1625681669674,13.4354632,52.4941459,6.90825,-0.93995214,0.2833581,0.071778774,in backpack,cyclo cross,False,mixed,mixed
c788515a-89a8-42a5-9546-82bc5a7be065,986d991e-d35f-46e1-8395-7cd5491351e1,8d4caa32-59f0-40b9-a82e-9f9346ba07fe,1625681669724,13.4354632,52.4941459,6.90825,-0.105110645,1.0057697,2.4723635,in backpack,cyclo cross,False,mixed,mixed
c788515a-89a8-42a5-9546-82bc5a7be065,986d991e-d35f-46e1-8395-7cd5491351e1,5a4cbcd8-9423-47e6-86f8-c0176be619b0,1625681669786,13.4354632,52.4941459,6.90825,0.57760906,0.09479189,1.3918524,in backpack,cyclo cross,False,mixed,mixed
c788515a-89a8-42a5-9546-82bc5a7be065,986d991e-d35f-46e1-8395-7cd5491351e1,21ee5844-a54d-45ed-aff9-95c5c3ffc0a3,1625681669836,13.4354632,52.4941459,6.90825,1.0413237,0.07245827,-1.353858,in backpack,cyclo cross,False,mixed,mixed
c788515a-89a8-42a5-9546-82bc5a7be065,986d991e-d35f-46e1-8395-7cd5491351e1,ab21c6c2-3cc4-4475-beea-a7a3ead443ad,1625681669886,13.4354632,52.4941459,6.90825,-1.5045582,-1.5603285,1.1348133,in backpack,cyclo cross,False,mixed,mixed
c788515a-89a8-42a5-9546-82bc5a7be065,986d991e-d35f-46e1-8395-7cd5491351e1,4da12123-cc2c-471f-b2c3-95fe2e7814b5,1625681669936,13.4354632,52.4941459,6.90825,1.5647492,0.09124088,0.8642988,in backpack,cyclo cross,False,mixed,mixed
c788515a-89a8-42a5-9546-82bc5a7be065,986d991e-d35f-46e1-8395-7cd5491351e1,36db99f7-86ef-45d5-859b-b9a6ae8f9f02,1625681669986,13.4354632,52.4941459,6.90825,2.6089082,2.1464767,-3.030314,in backpack,cyclo cross,False,mixed,mixed
c788515a-89a8-42a5-9546-82bc5a7be065,3284b353-8bd2-4add-94e1-911a0de738b5,a40b9a05-c273-479e-b6b1-584775c2527d,1625681669643,13.4354632,52.4941459,6.90825,-0.11821747,1.1624336,0.35910845,in backpack,cyclo cross,False,mixed,mixed
c788515a-89a8-42a5-9546-82bc5a7be065,3284b353-8bd2-4add-94e1-911a0de738b5,132b09ba-bbd0-4772-860b-7905073b7f25,1625681669694,13.4354632,52.4941459,6.90825,-0.6055088,0.7407179,1.046813,in backpack,cyclo cross,False,mixed,mixed
c788515a-89a8-42a5-9546-82bc5a7be065,3284b353-8bd2-4add-94e1-911a0de738b5,312bc0de-cdde-4841-8a71-14b8903d0f6a,1625681669744,13.4354632,52.4941459,6.90825,1.0029345,0.84652853,0.6393919,in backpack,cyclo cross,False,mixed,mixed
c788515a-89a8-42a5-9546-82bc5a7be065,3284b353-8bd2-4add-94e1-911a0de738b5,17e46930-49ad-46b0-b26c-dbcb565196b9,1625681669795,13.4354632,52.4941459,6.90825,0.7474165,0.10449743,2.5876577,in backpack,cyclo cross,False,mixed,mixed
c788515a-89a8-42a5-9546-82bc5a7be065,3284b353-8bd2-4add-94e1-911a0de738b5,3bda0aba-6a67-4f00-bcad-05ff3727876c,1625681669845,13.4354632,52.4941459,6.90825,0.8937168,0.2756405,-0.82525253,in backpack,cyclo cross,False,mixed,mixed
c788515a-89a8-42a5-9546-82bc5a7be065,3284b353-8bd2-4add-94e1-911a0de738b5,c89f88de-29b0-461b-a605-0812a8fb9c91,1625681669895,13.4354632,52.4941459,6.90825,-1.4737647,-2.051033,0.6347871,in backpack,cyclo cross,False,mixed,mixed
c788515a-89a8-42a5-9546-82bc5a7be065,3284b353-8bd2-4add-94e1-911a0de738b5,51a43cb9-aa6e-43ff-b42b-38a832b72335,1625681669953,13.4354632,52.4941459,6.90825,-0.031914234,0.29341698,2.3884363,in backpack,cyclo cross,False,mixed,mixed
c788515a-89a8-42a5-9546-82bc5a7be065,3284b353-8bd2-4add-94e1-911a0de738b5,65e7370a-48fd-4e47-aa7e-77276e6aabc9,1625681670003,13.4354632,52.4941459,6.90825,2.630229,3.224473,1.1080356,in backpack,cyclo cross,False,mixed,mixed
c788515a-89a8-42a5-9546-82bc5a7be065,3284b353-8bd2-4add-94e1-911a0de738b5,f1c0e151-bd5b-4412-ae5e-29be95bcfa46,1625681670053,13.4354632,52.4941459,6.90825,1.4174771,1.3348951,-1.7995529,in backpack,cyclo cross,False,mixed,mixed
c788515a-89a8-42a5-9546-82bc5a7be065,3284b353-8bd2-4add-94e1-911a0de738b5,6da8dbfd-83c8-4894-890e-52b716a905db,1625681670104,13.4354632,52.4941459,6.90825,-2.087019,-1.5727887,-1.2273393,in backpack,cyclo cross,False,mixed,mixed
c788515a-89a8-42a5-9546-82bc5a7be065,3284b353-8bd2-4add-94e1-911a0de738b5,736131aa-8ba8-4da5-94e3-ffad3c37205d,1625681670155,13.4354632,52.4941459,6.90825,-3.750299,-3.0232184,1.9741735,in backpack,cyclo cross,False,mixed,mixed
c788515a-89a8-42a5-9546-82bc5a7be065,3284b353-8bd2-4add-94e1-911a0de738b5,76fe8ef0-0b26-43fc-88f2-4174f0e45278,1625681670205,13.4354632,52.4941459,6.90825,-1.0200834,-1.6687031,2.8700187,in backpack,cyclo cross,False,mixed,mixed
c788515a-89a8-42a5-9546-82bc5a7be065,3284b353-8bd2-4add-94e1-911a0de738b5,7b43908a-3350-4d4a-8cdd-39611c1db22a,1625681670256,13.4354632,52.4941459,6.90825,3.4579968,2.6130838,1.5605102,in backpack,cyclo cross,False,mixed,mixed
c788515a-89a8-42a5-9546-82bc5a7be065,3284b353-8bd2-4add-94e1-911a0de738b5,ea8d8e1e-0b98-4ecb-9224-09d84a000cf2,1625681670306,13.4354632,52.4941459,6.90825,6.7835894,4.139123,0.19124508,in backpack,cyclo cross,False,mixed,mixed
c788515a-89a8-42a5-9546-82bc5a7be065,3284b353-8bd2-4add-94e1-911a0de738b5,a687d50c-fba3-4f2e-a596-2aa0f39eae9f,1625681670356,13.4354632,52.4941459,6.90825,-1.2056999,-0.6581702,-2.0313244,in backpack,cyclo cross,False,mixed,mixed
c788515a-89a8-42a5-9546-82bc5a7be065,3284b353-8bd2-4add-94e1-911a0de738b5,c1f09133-6f4e-4350-952f-f28c12239d42,1625681670406,13.4355524,52.4941284,5.935899,-0.09489775,-0.62576246,-1.4432139,in backpack,cyclo cross,False,mixed,mixed
c788515a-89a8-42a5-9546-82bc5a7be065,3284b353-8bd2-4add-94e1-911a0de738b5,9574ef35-4360-423d-bcae-79d1f871a8b6,1625681670456,13.4355524,52.4941284,5.935899,2.7519965,0.13172102,-0.9613123,in backpack,cyclo cross,False,mixed,mixed
c788515a-89a8-42a5-9546-82bc5a7be065,3284b353-8bd2-4add-94e1-911a0de738b5,f142cbaf-f2f3-42fc-96bc-dfa957a1587c,1625681670506,13.4355524,52.4941284,5.935899,-0.49414277,-2.6099217,0.27039242,in backpack,cyclo cross,False,mixed,mixed
c788515a-89a8-42a5-9546-82bc5a7be065,3284b353-8bd2-4add-94e1-911a0de738b5,4feda632-84c6-483b-863f-4b15153ac062,1625681670556,13.4355524,52.4941284,5.935899,-2.8557785,-2.1508048,3.323447,in backpack,cyclo cross,False,mixed,mixed
c788515a-89a8-42a5-9546-82bc5a7be065,3284b353-8bd2-4add-94e1-911a0de738b5,349d5680-1f85-4422-8337-9693cf4a5842,1625681670606,13.4355524,52.4941284,5.935899,0.40682364,0.024627686,-0.16981268,in backpack,cyclo cross,False,mixed,mixed
c788515a-89a8-42a5-9546-82bc5a7be065,3284b353-8bd2-4add-94e1-911a0de738b5,80b89956-2ca1-47ff-919f-6471e35b1dad,1625681670656,13.4355524,52.4941284,5.935899,10.002123,8.313015,-1.3163404,in backpack,cyclo cross,False,mixed,mixed
c788515a-89a8-42a5-9546-82bc5a7be065,3284b353-8bd2-4add-94e1-911a0de738b5,4c942e8c-3829-4fde-a6ce-a67594087ff8,1625681670706,13.4355524,52.4941284,5.935899,1.0475969,-0.7432089,-2.9616985,in backpack,cyclo cross,False,mixed,mixed
c788515a-89a8-42a5-9546-82bc5a7be065,3284b353-8bd2-4add-94e1-911a0de738b5,cf5d2411-07cc-4ea5-ac41-faf98bfea4dc,1625681670756,13.4355524,52.4941284,5.935899,-4.5913925,-6.5331144,0.9469986,in backpack,cyclo cross,False,mixed,mixed
c788515a-89a8-42a5-9546-82bc5a7be065,3284b353-8bd2-4add-94e1-911a0de738b5,daa24a2f-ccd0-4b61-96d9-2c756f381b31,1625681670821,13.4355524,52.4941284,5.935899,-1.7220639,-4.5616374,2.2380896,in backpack,cyclo cross,False,mixed,mixed
c788515a-89a8-42a5-9546-82bc5a7be065,3284b353-8bd2-4add-94e1-911a0de738b5,4ee82ef3-ab1c-46fa-a73b-f7668efb58a9,1625681670871,13.4355524,52.4941284,5.935899,4.507108,-0.41047192,-0.4967308,in backpack,cyclo cross,False,mixed,mixed
c788515a-89a8-42a5-9546-82bc5a7be065,3284b353-8bd2-4add-94e1-911a0de738b5,19440325-5884-4481-858e-312e9fb81353,1625681670921,13.4355524,52.4941284,5.935899,7.1904373,4.496418,0.8975916,in backpack,cyclo cross,False,mixed,mixed
c788515a-89a8-42a5-9546-82bc5a7be065,3284b353-8bd2-4add-94e1-911a0de738b5,fe7ee742-4bc4-4eba-92e9-17ad4c0319d4,1625681670971,13.4355524,52.4941284,5.935899,-1.8399376,-0.9786558,-1.7974558,in backpack,cyclo cross,False,mixed,mixed
c788515a-89a8-42a5-9546-82bc5a7be065,3284b353-8bd2-4add-94e1-911a0de738b5,7305b469-8457-46eb-83cc-44f787202288,1625681671021,13.4355524,52.4941284,5.935899,-6.5739813,1.910531,-2.011351,in backpack,cyclo cross,False,mixed,mixed
c788515a-89a8-42a5-9546-82bc5a7be065,3284b353-8bd2-4add-94e1-911a0de738b5,ba5d34bb-83ee-470a-bc56-2b00f23bb59a,1625681671071,13.4355524,52.4941284,5.935899,0.5740843,1.1522465,-0.565536,in backpack,cyclo cross,False,mixed,mixed
c788515a-89a8-42a5-9546-82bc5a7be065,3284b353-8bd2-4add-94e1-911a0de738b5,69ed0e75-0d2c-4fa6-a5ff-d269615d317f,1625681671121,13.4355524,52.4941284,5.935899,2.9562712,1.6263676,1.3003936,in backpack,cyclo cross,False,mixed,mixed
c788515a-89a8-42a5-9546-82bc5a7be065,3284b353-8bd2-4add-94e1-911a0de738b5,8fb76b4f-f7f1-4708-a6fd-1f3fee8958c8,1625681671171,13.4355524,52.4941284,5.935899,2.5983338,0.5689378,0.055009842,in backpack,cyclo cross,False,mixed,mixed
c788515a-89a8-42a5-9546-82bc5a7be065,3284b353-8bd2-4add-94e1-911a0de738b5,539351a3-8e46-4ef3-9d43-727b7e4d1b6c,1625681671221,13.4355524,52.4941284,5.935899,2.8363838,0.7074013,-1.0786977,in backpack,cyclo cross,False,mixed,mixed
c788515a-89a8-42a5-9546-82bc5a7be065,3284b353-8bd2-4add-94e1-911a0de738b5,e4b47946-a695-4f7b-8efc-b6a8b3b3e982,1625681671271,13.4355524,52.4941284,5.935899,-1.161814,-1.607429,0.15497589,in backpack,cyclo cross,False,mixed,mixed
c788515a-89a8-42a5-9546-82bc5a7be065,3284b353-8bd2-4add-94e1-911a0de738b5,69d40010-d1b1-490d-96ad-e0f57210e8dc,1625681671321,13.4355524,52.4941284,5.935899,-2.5883892,-3.6557577,1.7797747,in backpack,cyclo cross,False,mixed,mixed
c788515a-89a8-42a5-9546-82bc5a7be065,3284b353-8bd2-4add-94e1-911a0de738b5,6cf373d4-2307-4a98-b09a-5015283790bc,1625681671371,13.4356336,52.494116,6.7253957,-0.40194535,-1.051506,1.9964435,in backpack,cyclo cross,False,mixed,mixed
c788515a-89a8-42a5-9546-82bc5a7be065,3284b353-8bd2-4add-94e1-911a0de738b5,837c3a5e-d67d-4923-9636-359a3932d4a6,1625681671421,13.4356336,52.494116,6.7253957,1.453753,0.60559607,3.2698748,in backpack,cyclo cross,False,mixed,mixed
c788515a-89a8-42a5-9546-82bc5a7be065,3284b353-8bd2-4add-94e1-911a0de738b5,0319eb39-925a-458b-a1f3-b68d0edbf135,1625681671471,13.4356336,52.494116,6.7253957,1.7529216,1.7209153,-0.5853696,in backpack,cyclo cross,False,mixed,mixed
c788515a-89a8-42a5-9546-82bc5a7be065,3284b353-8bd2-4add-94e1-911a0de738b5,f902e7cb-79e8-41cc-ae3e-163895a3d4af,1625681671521,13.4356336,52.494116,6.7253957,0.31585312,1.802124,-1.6153183,in backpack,cyclo cross,False,mixed,mixed
c788515a-89a8-42a5-9546-82bc5a7be065,3284b353-8bd2-4add-94e1-911a0de738b5,90894121-a8ce-4bf8-a811-709915402505,1625681671571,13.4356336,52.494116,6.7253957,-0.9320462,-0.45636845,-0.44060755,in backpack,cyclo cross,False,mixed,mixed
c788515a-89a8-42a5-9546-82bc5a7be065,3284b353-8bd2-4add-94e1-911a0de738b5,5523f619-a2e0-41ca-aaad-e6db50a990a6,1625681671622,13.4356336,52.494116,6.7253957,-0.40632725,-1.6055872,0.8147497,in backpack,cyclo cross,False,mixed,mixed
c788515a-89a8-42a5-9546-82bc5a7be065,3284b353-8bd2-4add-94e1-911a0de738b5,d3a46fee-ee66-41ec-a509-7335079d9ffb,1625681671673,13.4356336,52.494116,6.7253957,2.7450314,0.4362011,0.67465067,in backpack,cyclo cross,False,mixed,mixed
c788515a-89a8-42a5-9546-82bc5a7be065,3284b353-8bd2-4add-94e1-911a0de738b5,3398881b-b41f-4505-8cea-567746b21494,1625681671724,13.4356336,52.494116,6.7253957,4.192958,1.3524494,0.9556999,in backpack,cyclo cross,False,mixed,mixed
c788515a-89a8-42a5-9546-82bc5a7be065,3284b353-8bd2-4add-94e1-911a0de738b5,0228f8d7-8cc5-4fb1-af42-9b73d49a3c5c,1625681671774,13.4356336,52.494116,6.7253957,1.9474211,1.0305772,-2.7714648,in backpack,cyclo cross,False,mixed,mixed
c788515a-89a8-42a5-9546-82bc5a7be065,3284b353-8bd2-4add-94e1-911a0de738b5,ecbf088f-c330-402b-8374-efb8d9955e7b,1625681671824,13.4356336,52.494116,6.7253957,-1.8789859,-1.5270126,0.6164713,in backpack,cyclo cross,False,mixed,mixed
c788515a-89a8-42a5-9546-82bc5a7be065,3284b353-8bd2-4add-94e1-911a0de738b5,6b1e5450-2493-440b-ad76-3cc48f0446c6,1625681671875,13.4356336,52.494116,6.7253957,-3.0979831,-3.1063704,1.87708,in backpack,cyclo cross,False,mixed,mixed
c788515a-89a8-42a5-9546-82bc5a7be065,3284b353-8bd2-4add-94e1-911a0de738b5,cb2a06aa-8971-4a06-8322-68ec553d49d7,1625681671926,13.4356336,52.494116,6.7253957,-0.14704514,-0.8745265,0.14398575,in backpack,cyclo cross,False,mixed,mixed
c788515a-89a8-42a5-9546-82bc5a7be065,3284b353-8bd2-4add-94e1-911a0de738b5,2672d08a-32d4-4feb-a05b-ab9fc7aef296,1625681671975,13.4356336,52.494116,6.7253957,4.7021713,6.4568806,2.510059,in backpack,cyclo cross,False,mixed,mixed
c788515a-89a8-42a5-9546-82bc5a7be065,3284b353-8bd2-4add-94e1-911a0de738b5,5062b195-0375-4a23-8ed5-6116f2c59af6,1625681672026,13.4356336,52.494116,6.7253957,-0.66336966,0.9081931,-2.9752955,in backpack,cyclo cross,False,mixed,mixed
c788515a-89a8-42a5-9546-82bc5a7be065,3284b353-8bd2-4add-94e1-911a0de738b5,10f0567b-e365-4c19-8502-92ff56d9503f,1625681672076,13.4356336,52.494116,6.7253957,-1.1975329,-0.076593876,-0.059354305,in backpack,cyclo cross,False,mixed,mixed
c788515a-89a8-42a5-9546-82bc5a7be065,3284b353-8bd2-4add-94e1-911a0de738b5,538815af-183b-4483-ba85-de701f592e81,1625681672126,13.4356336,52.494116,6.7253957,0.13736963,-0.93016434,1.1465135,in backpack,cyclo cross,False,mixed,mixed
c788515a-89a8-42a5-9546-82bc5a7be065,3284b353-8bd2-4add-94e1-911a0de738b5,9b3664f9-4c5c-45d5-8871-6411e35c5524,1625681672177,13.4356336,52.494116,6.7253957,0.62556076,-0.74394655,2.312095,in backpack,cyclo cross,False,mixed,mixed
c788515a-89a8-42a5-9546-82bc5a7be065,3284b353-8bd2-4add-94e1-911a0de738b5,40ba6a7e-b88a-4fd9-9e7e-d3d60ca0611c,1625681672227,13.4356336,52.494116,6.7253957,1.3861938,0.86384916,1.6481323,in backpack,cyclo cross,False,mixed,mixed
c788515a-89a8-42a5-9546-82bc5a7be065,3284b353-8bd2-4add-94e1-911a0de738b5,70d247ce-652c-4ec4-a2be-b8bb38cfd42e,1625681672277,13.4356336,52.494116,6.7253957,1.4490552,2.417286,0.8298235,in backpack,cyclo cross,False,mixed,mixed
c788515a-89a8-42a5-9546-82bc5a7be065,3284b353-8bd2-4add-94e1-911a0de738b5,bef9bfbf-25c7-4d91-be3b-d146298209ef,1625681672327,13.4356336,52.494116,6.7253957,0.43170643,0.79484415,-1.0074186,in backpack,cyclo cross,False,mixed,mixed
c788515a-89a8-42a5-9546-82bc5a7be065,3284b353-8bd2-4add-94e1-911a0de738b5,5ab1322d-78a0-438d-956b-6eca99121574,1625681672376,13.4357217,52.4940942,7.028088,-1.0910747,0.04515314,-0.44107723,in backpack,cyclo cross,False,mixed,mixed
c788515a-89a8-42a5-9546-82bc5a7be065,3284b353-8bd2-4add-94e1-911a0de738b5,95c394f5-1c45-455b-a392-b524cbb9483c,1625681672426,13.4357217,52.4940942,7.028088,-0.642802,-0.9714203,0.22831345,in backpack,cyclo cross,False,mixed,mixed
c788515a-89a8-42a5-9546-82bc5a7be065,3284b353-8bd2-4add-94e1-911a0de738b5,f78b5831-394a-481d-99d5-5885ccfbf89d,1625681672476,13.4357217,52.4940942,7.028088,-0.7979324,-1.3601422,0.3177371,in backpack,cyclo cross,False,mixed,mixed
c788515a-89a8-42a5-9546-82bc5a7be065,3284b353-8bd2-4add-94e1-911a0de738b5,b030a6fa-ec87-42fc-8e0d-da9d1940276d,1625681672526,13.4357217,52.4940942,7.028088,-0.9190438,0.28141594,0.038365364,in backpack,cyclo cross,False,mixed,mixed
c788515a-89a8-42a5-9546-82bc5a7be065,3284b353-8bd2-4add-94e1-911a0de738b5,c1490ee7-4606-4f51-8ce2-64dbdfeb07e3,1625681672576,13.4357217,52.4940942,7.028088,1.4832535,1.8959379,1.6735592,in backpack,cyclo cross,False,mixed,mixed
c788515a-89a8-42a5-9546-82bc5a7be065,3284b353-8bd2-4add-94e1-911a0de738b5,71c32039-4cab-4b83-a2ea-05896a363eba,1625681672625,13.4357217,52.4940942,7.028088,2.429101,1.0330019,-0.893167,in backpack,cyclo cross,False,mixed,mixed
c788515a-89a8-42a5-9546-82bc5a7be065,3284b353-8bd2-4add-94e1-911a0de738b5,3739bf9f-a40a-445c-9090-017be136923a,1625681672674,13.4357217,52.4940942,7.028088,1.5686917,1.7425947,-0.23017263,in backpack,cyclo cross,False,mixed,mixed
c788515a-89a8-42a5-9546-82bc5a7be065,3284b353-8bd2-4add-94e1-911a0de738b5,ac3a6c69-3ffb-456c-ac78-ca503af1cb8c,1625681672724,13.4357217,52.4940942,7.028088,3.151548,1.2535958,-1.2007766,in backpack,cyclo cross,False,mixed,mixed
c788515a-89a8-42a5-9546-82bc5a7be065,3284b353-8bd2-4add-94e1-911a0de738b5,c2630b57-bb28-476a-929c-fae2fce71760,1625681672774,13.4357217,52.4940942,7.028088,-1.8383846,-2.996842,2.035448,in backpack,cyclo cross,False,mixed,mixed
c788515a-89a8-42a5-9546-82bc5a7be065,3284b353-8bd2-4add-94e1-911a0de738b5,f9708306-586e-499c-9b7d-cf86f4852a88,1625681672824,13.4357217,52.4940942,7.028088,-2.7654026,-4.1556945,0.9890003,in backpack,cyclo cross,False,mixed,mixed
c788515a-89a8-42a5-9546-82bc5a7be065,3284b353-8bd2-4add-94e1-911a0de738b5,0e5a23e7-34a5-4f3b-9e75-7c667321cd3c,1625681672875,13.4357217,52.4940942,7.028088,2.3738022,2.2864747,0.7500105,in backpack,cyclo cross,False,mixed,mixed
c788515a-89a8-42a5-9546-82bc5a7be065,3284b353-8bd2-4add-94e1-911a0de738b5,5d67d93c-1652-494b-b94f-8499a5cd016c,1625681672925,13.4357217,52.4940942,7.028088,3.7552204,5.416596,0.40237808,in backpack,cyclo cross,False,mixed,mixed
c788515a-89a8-42a5-9546-82bc5a7be065,3284b353-8bd2-4add-94e1-911a0de738b5,0bc1d481-8982-4e54-b865-2eee4fbddec9,1625681672976,13.4357217,52.4940942,7.028088,-3.758677,0.3656335,-3.0424485,in backpack,cyclo cross,False,mixed,mixed
c788515a-89a8-42a5-9546-82bc5a7be065,3284b353-8bd2-4add-94e1-911a0de738b5,21819949-6b8f-46de-9326-67a99f7a9fdc,1625681673026,13.4357217,52.4940942,7.028088,-3.6093237,-1.4319899,1.4982557,in backpack,cyclo cross,False,mixed,mixed
c788515a-89a8-42a5-9546-82bc5a7be065,3284b353-8bd2-4add-94e1-911a0de738b5,4c552a87-c987-4261-a3f5-f635ed518bec,1625681673076,13.4357217,52.4940942,7.028088,-1.049247,-1.0308518,3.7776425,in backpack,cyclo cross,False,mixed,mixed
c788515a-89a8-42a5-9546-82bc5a7be065,3284b353-8bd2-4add-94e1-911a0de738b5,56038799-86f9-4a74-ab48-39a588b23e4a,1625681673126,13.4357217,52.4940942,7.028088,4.7020574,3.5014858,1.7575092,in backpack,cyclo cross,False,mixed,mixed
c788515a-89a8-42a5-9546-82bc5a7be065,3284b353-8bd2-4add-94e1-911a0de738b5,c8592cc9-e653-4256-8bb8-e874244b5f63,1625681673176,13.4357217,52.4940942,7.028088,7.7581844,6.3336105,1.5297136,in backpack,cyclo cross,False,mixed,mixed
c788515a-89a8-42a5-9546-82bc5a7be065,3284b353-8bd2-4add-94e1-911a0de738b5,86b6ed32-f462-4204-8127-c0d939da85c7,1625681673226,13.4357217,52.4940942,7.028088,-2.6942987,0.48182058,-3.3331122,in backpack,cyclo cross,False,mixed,mixed
c788515a-89a8-42a5-9546-82bc5a7be065,3284b353-8bd2-4add-94e1-911a0de738b5,5c9666cd-ca4c-45c8-b42c-a5737b3d3390,1625681673276,13.4357217,52.4940942,7.028088,-2.8491392,-1.9373775,-0.4345584,in backpack,cyclo cross,False,mixed,mixed
c788515a-89a8-42a5-9546-82bc5a7be065,3284b353-8bd2-4add-94e1-911a0de738b5,86288916-5763-4497-8e27-315afcf73e37,1625681673326,13.4357217,52.4940942,7.028088,-1.837286,-3.063939,1.922503,in backpack,cyclo cross,False,mixed,mixed
c788515a-89a8-42a5-9546-82bc5a7be065,3284b353-8bd2-4add-94e1-911a0de738b5,e7868966-43f8-45a6-aa0c-ba4557b0130d,1625681673376,13.4358144,52.4940729,6.966861,4.884386,2.5731912,0.914763,in backpack,cyclo cross,False,mixed,mixed
c788515a-89a8-42a5-9546-82bc5a7be065,3284b353-8bd2-4add-94e1-911a0de738b5,2981a3d5-4f3b-4d30-8c1b-e9562d389cd5,1625681673426,13.4358144,52.4940729,6.966861,4.288432,4.009818,-1.6373854,in backpack,cyclo cross,False,mixed,mixed
c788515a-89a8-42a5-9546-82bc5a7be065,3284b353-8bd2-4add-94e1-911a0de738b5,737230c6-59b4-4f67-ac0d-9c7583229510,1625681673476,13.4358144,52.4940729,6.966861,-2.9741788,-0.81975484,0.25095606,in backpack,cyclo cross,False,mixed,mixed
c788515a-89a8-42a5-9546-82bc5a7be065,3284b353-8bd2-4add-94e1-911a0de738b5,37552661-2ca9-49e6-bbdb-cd14f5cbcdea,1625681673540,13.4358144,52.4940729,6.966861,-4.0244102,-1.5995612,2.7900364,in backpack,cyclo cross,False,mixed,mixed
c788515a-89a8-42a5-9546-82bc5a7be065,3284b353-8bd2-4add-94e1-911a0de738b5,85d10b95-be5c-4dcf-aee4-f1952389a9e2,1625681673593,13.4358144,52.4940729,6.966861,2.4878511,1.4538751,1.1465545,in backpack,cyclo cross,False,mixed,mixed
c788515a-89a8-42a5-9546-82bc5a7be065,3284b353-8bd2-4add-94e1-911a0de738b5,44c938aa-8431-43fa-8305-c26a61acafa0,1625681673644,13.4358144,52.4940729,6.966861,2.2009444,-0.019591331,0.95754623,in backpack,cyclo cross,False,mixed,mixed
c788515a-89a8-42a5-9546-82bc5a7be065,3284b353-8bd2-4add-94e1-911a0de738b5,cfb63fe2-ba11-4ef5-a523-1a83f25af1f9,1625681673694,13.4358144,52.4940729,6.966861,-0.25807428,-0.53709507,-0.02203846,in backpack,cyclo cross,False,mixed,mixed
c788515a-89a8-42a5-9546-82bc5a7be065,3284b353-8bd2-4add-94e1-911a0de738b5,6bc1cf81-a29e-40f6-a2a5-df9e0d00b8cd,1625681673744,13.4358144,52.4940729,6.966861,0.75318956,1.0658064,-0.08065128,in backpack,cyclo cross,False,mixed,mixed
c788515a-89a8-42a5-9546-82bc5a7be065,3284b353-8bd2-4add-94e1-911a0de738b5,31b0354f-4355-402b-a084-06935796b41b,1625681673794,13.4358144,52.4940729,6.966861,1.9085021,1.2506962,0.034635067,in backpack,cyclo cross,False,mixed,mixed
c788515a-89a8-42a5-9546-82bc5a7be065,3284b353-8bd2-4add-94e1-911a0de738b5,6aaff6ff-1bc5-4d8e-aab3-fa131f4c536a,1625681673845,13.4358144,52.4940729,6.966861,-1.0945618,0.1813755,-0.39650917,in backpack,cyclo cross,False,mixed,mixed
c788515a-89a8-42a5-9546-82bc5a7be065,3284b353-8bd2-4add-94e1-911a0de738b5,ac281409-f7bc-42e7-9c48-89446b4bd438,1625681673894,13.4358144,52.4940729,6.966861,-0.84960365,-0.2073245,0.0707984,in backpack,cyclo cross,False,mixed,mixed
c788515a-89a8-42a5-9546-82bc5a7be065,3284b353-8bd2-4add-94e1-911a0de738b5,de76055b-b814-4e65-8fd2-b831e700035c,1625681673957,13.4358144,52.4940729,6.966861,-1.3840194,0.2814331,0.4696679,in backpack,cyclo cross,False,mixed,mixed
c788515a-89a8-42a5-9546-82bc5a7be065,3284b353-8bd2-4add-94e1-911a0de738b5,0941c430-9074-4bd3-bf31-608a2bd5f059,1625681674007,13.4358144,52.4940729,6.966861,2.8022666,3.588523,1.7666464,in backpack,cyclo cross,False,mixed,mixed
c788515a-89a8-42a5-9546-82bc5a7be065,3284b353-8bd2-4add-94e1-911a0de738b5,04702648-9ac0-4a28-8118-e72dd7a538e4,1625681674057,13.4358144,52.4940729,6.966861,0.13419008,0.19776773,0.6344447,in backpack,cyclo cross,False,mixed,mixed
c788515a-89a8-42a5-9546-82bc5a7be065,3284b353-8bd2-4add-94e1-911a0de738b5,86a799f9-a949-4def-8c5c-4484721529cb,1625681674107,13.4358144,52.4940729,6.966861,-0.6757324,-0.856606,0.3277526,in backpack,cyclo cross,False,mixed,mixed
c788515a-89a8-42a5-9546-82bc5a7be065,3284b353-8bd2-4add-94e1-911a0de738b5,2efd7b3d-97e9-42a7-9948-a60b33e0b664,1625681674158,13.4358144,52.4940729,6.966861,0.93506384,0.39823484,1.4927802,in backpack,cyclo cross,False,mixed,mixed
c788515a-89a8-42a5-9546-82bc5a7be065,3284b353-8bd2-4add-94e1-911a0de738b5,761c65de-7b46-44a5-9b94-619234bb45c7,1625681674207,13.4358144,52.4940729,6.966861,0.73682356,0.103645325,0.8034191,in backpack,cyclo cross,False,mixed,mixed
c788515a-89a8-42a5-9546-82bc5a7be065,3284b353-8bd2-4add-94e1-911a0de738b5,b54f47f4-04ae-4353-977e-c7023df52cca,1625681674256,13.4358144,52.4940729,6.966861,-0.7791164,0.16939831,-0.62590694,in backpack,cyclo cross,False,mixed,mixed
c788515a-89a8-42a5-9546-82bc5a7be065,3284b353-8bd2-4add-94e1-911a0de738b5,f2c12c92-fbad-46be-a4e9-091972fa63da,1625681674306,13.4358144,52.4940729,6.966861,1.1511664,1.5574069,-1.4642682,in backpack,cyclo cross,False,mixed,mixed
c788515a-89a8-42a5-9546-82bc5a7be065,3284b353-8bd2-4add-94e1-911a0de738b5,50360f82-6874-4934-bcd2-14f705afe99d,1625681674358,13.4358144,52.4940729,6.966861,-0.6622753,0.5263028,-2.4107208,in backpack,cyclo cross,False,mixed,mixed
c788515a-89a8-42a5-9546-82bc5a7be065,3284b353-8bd2-4add-94e1-911a0de738b5,001185c3-243f-451c-a6ba-d9e68ec270e1,1625681674409,13.4359028,52.4940512,6.531273,-0.060590267,0.7761383,-0.40108776,in backpack,cyclo cross,False,mixed,mixed
c788515a-89a8-42a5-9546-82bc5a7be065,3284b353-8bd2-4add-94e1-911a0de738b5,d2e5e8a5-5728-482c-a549-61718bddd4fd,1625681674459,13.4359028,52.4940512,6.531273,0.6690135,-1.1418924,-0.91136074,in backpack,cyclo cross,False,mixed,mixed
c788515a-89a8-42a5-9546-82bc5a7be065,3284b353-8bd2-4add-94e1-911a0de738b5,c6ed7b83-07ec-4bce-982e-9cc72aaf0613,1625681674509,13.4359028,52.4940512,6.531273,0.3913555,-1.6618772,2.3617983,in backpack,cyclo cross,False,mixed,mixed
c788515a-89a8-42a5-9546-82bc5a7be065,3284b353-8bd2-4add-94e1-911a0de738b5,ad3d3ece-e7da-47df-81c3-1dcf02d5d52c,1625681674559,13.4359028,52.4940512,6.531273,0.96569014,-0.2824955,1.0599837,in backpack,cyclo cross,False,mixed,mixed
c788515a-89a8-42a5-9546-82bc5a7be065,3284b353-8bd2-4add-94e1-911a0de738b5,bb816577-8688-4ee1-9db0-7fac4a32b175,1625681674609,13.4359028,52.4940512,6.531273,2.8825016,1.3834844,-0.6244807,in backpack,cyclo cross,False,mixed,mixed
c788515a-89a8-42a5-9546-82bc5a7be065,3284b353-8bd2-4add-94e1-911a0de738b5,a211ddbd-b0c5-4934-b1cf-5496e29bf1fb,1625681674659,13.4359028,52.4940512,6.531273,1.4718857,1.3824968,-0.3918662,in backpack,cyclo cross,False,mixed,mixed
c788515a-89a8-42a5-9546-82bc5a7be065,3284b353-8bd2-4add-94e1-911a0de738b5,5a665d8b-e8ca-426e-b556-3a6ef3ba0ff5,1625681674709,13.4359028,52.4940512,6.531273,0.928493,1.5704665,1.031343,in backpack,cyclo cross,False,mixed,mixed
c788515a-89a8-42a5-9546-82bc5a7be065,3284b353-8bd2-4add-94e1-911a0de738b5,13c06b37-1c92-469e-8506-aafe7db2b3c6,1625681674759,13.4359028,52.4940512,6.531273,-0.9173796,-0.26603937,-0.076224804,in backpack,cyclo cross,False,mixed,mixed
c788515a-89a8-42a5-9546-82bc5a7be065,3284b353-8bd2-4add-94e1-911a0de738b5,41348492-3450-4db8-9ef9-eca379c0b3c2,1625681674809,13.4359028,52.4940512,6.531273,-1.5335369,0.40674305,0.7405267,in backpack,cyclo cross,False,mixed,mixed
c788515a-89a8-42a5-9546-82bc5a7be065,3284b353-8bd2-4add-94e1-911a0de738b5,c3265463-9b6a-4dc6-9513-c9b1fb59238a,1625681674859,13.4359028,52.4940512,6.531273,-0.48392963,1.1724496,0.8886595,in backpack,cyclo cross,False,mixed,mixed
c788515a-89a8-42a5-9546-82bc5a7be065,3284b353-8bd2-4add-94e1-911a0de738b5,d18ab0fd-3ef7-49fe-9de2-afbd90663f1e,1625681674909,13.4359028,52.4940512,6.531273,0.4934454,0.6079006,0.70155954,in backpack,cyclo cross,False,mixed,mixed
c788515a-89a8-42a5-9546-82bc5a7be065,3284b353-8bd2-4add-94e1-911a0de738b5,30d4a9f6-03e9-4c29-9efc-ec2f149caee6,1625681674959,13.4359028,52.4940512,6.531273,0.52353096,1.2796187,2.028869,in backpack,cyclo cross,False,mixed,mixed
c788515a-89a8-42a5-9546-82bc5a7be065,3284b353-8bd2-4add-94e1-911a0de738b5,6d336021-7a23-4096-ae17-639b18a37c60,1625681675009,13.4359028,52.4940512,6.531273,2.2101908,2.4064627,1.0347619,in backpack,cyclo cross,False,mixed,mixed
c788515a-89a8-42a5-9546-82bc5a7be065,3284b353-8bd2-4add-94e1-911a0de738b5,db8c2ae8-7262-42b4-b5dd-87ace4c62d07,1625681675076,13.4359028,52.4940512,6.531273,-0.5356808,-0.45036364,0.1892209,in backpack,cyclo cross,False,mixed,mixed
c788515a-89a8-42a5-9546-82bc5a7be065,3284b353-8bd2-4add-94e1-911a0de738b5,51655441-9d2a-49c2-b1bd-8cd2eef2a9fa,1625681675125,13.4359028,52.4940512,6.531273,-0.7223911,-1.1369729,1.5859218,in backpack,cyclo cross,False,mixed,mixed
c788515a-89a8-42a5-9546-82bc5a7be065,3284b353-8bd2-4add-94e1-911a0de738b5,cc1b55a3-84fa-455f-bbed-b7ab67d0f8dd,1625681675175,13.4359028,52.4940512,6.531273,0.5743847,0.55544853,1.963522,in backpack,cyclo cross,False,mixed,mixed
c788515a-89a8-42a5-9546-82bc5a7be065,3284b353-8bd2-4add-94e1-911a0de738b5,dc09f580-3d1c-4900-b55a-695db10fa7d7,1625681675226,13.4359028,52.4940512,6.531273,1.1276412,1.7216072,-0.028181553,in backpack,cyclo cross,False,mixed,mixed
c788515a-89a8-42a5-9546-82bc5a7be065,3284b353-8bd2-4add-94e1-911a0de738b5,fd028e40-dabc-4f92-9027-8e0ca7b3e90a,1625681675276,13.4359028,52.4940512,6.531273,-1.6474433,0.43093872,-0.4360957,in backpack,cyclo cross,False,mixed,mixed
c788515a-89a8-42a5-9546-82bc5a7be065,3284b353-8bd2-4add-94e1-911a0de738b5,fe3c1413-f16b-4b5b-b535-c15d804c625c,1625681675326,13.4359028,52.4940512,6.531273,-1.9459856,-1.237948,-0.23723984,in backpack,cyclo cross,False,mixed,mixed
c788515a-89a8-42a5-9546-82bc5a7be065,3284b353-8bd2-4add-94e1-911a0de738b5,dcf5dbb8-ac85-4c11-8ec2-d587963e2e17,1625681675376,13.4359808,52.4940386,5.304025,0.20752382,-0.7428031,-0.48490143,in backpack,cyclo cross,False,mixed,mixed
c788515a-89a8-42a5-9546-82bc5a7be065,3284b353-8bd2-4add-94e1-911a0de738b5,3c0ea03c-bf61-4a80-831d-0a1175096568,1625681675426,13.4359808,52.4940386,5.304025,2.4034362,0.7453122,0.22175217,in backpack,cyclo cross,False,mixed,mixed
c788515a-89a8-42a5-9546-82bc5a7be065,3284b353-8bd2-4add-94e1-911a0de738b5,977e80ec-d57a-4fbd-9be7-a9dc5bf0050a,1625681675476,13.4359808,52.4940386,5.304025,-0.5720544,0.023323536,0.88289356,in backpack,cyclo cross,False,mixed,mixed
c788515a-89a8-42a5-9546-82bc5a7be065,3284b353-8bd2-4add-94e1-911a0de738b5,da22c083-9aae-406b-9df4-4d472025c8c4,1625681675526,13.4359808,52.4940386,5.304025,-0.030847073,0.7555928,0.4941573,in backpack,cyclo cross,False,mixed,mixed
c788515a-89a8-42a5-9546-82bc5a7be065,3284b353-8bd2-4add-94e1-911a0de738b5,49081bff-f826-480a-bb6f-3a72d52db1ae,1625681675576,13.4359808,52.4940386,5.304025,1.824944,0.7081685,-0.27015543,in backpack,cyclo cross,False,mixed,mixed
c788515a-89a8-42a5-9546-82bc5a7be065,3284b353-8bd2-4add-94e1-911a0de738b5,0428bed9-46bd-42d8-9146-220a6a1a3400,1625681675626,13.4359808,52.4940386,5.304025,1.4780979,1.2840948,0.012104988,in backpack,cyclo cross,False,mixed,mixed
c788515a-89a8-42a5-9546-82bc5a7be065,3284b353-8bd2-4add-94e1-911a0de738b5,482eb9f9-4fe3-4812-bd79-011561ec5bab,1625681675676,13.4359808,52.4940386,5.304025,-0.9261315,0.24737358,-0.36511898,in backpack,cyclo cross,False,mixed,mixed
c788515a-89a8-42a5-9546-82bc5a7be065,3284b353-8bd2-4add-94e1-911a0de738b5,b74342fa-b37f-4893-9a2f-f3f93fb2e5da,1625681675726,13.4359808,52.4940386,5.304025,-2.3607264,-2.4000318,0.75232553,in backpack,cyclo cross,False,mixed,mixed
c788515a-89a8-42a5-9546-82bc5a7be065,3284b353-8bd2-4add-94e1-911a0de738b5,aee27611-9892-4bb5-9bae-e76e7e2f711d,1625681675776,13.4359808,52.4940386,5.304025,-0.45514894,-1.8223734,1.6018686,in backpack,cyclo cross,False,mixed,mixed
c788515a-89a8-42a5-9546-82bc5a7be065,3284b353-8bd2-4add-94e1-911a0de738b5,4e993262-6ff4-47cd-86b2-1a7e6d427296,1625681675826,13.4359808,52.4940386,5.304025,1.8461666,0.1829834,1.7364414,in backpack,cyclo cross,False,mixed,mixed
c788515a-89a8-42a5-9546-82bc5a7be065,3284b353-8bd2-4add-94e1-911a0de738b5,ac159bea-4aef-4d85-bee5-345d3f766d7e,1625681675876,13.4359808,52.4940386,5.304025,1.67243,1.1463428,0.48936367,in backpack,cyclo cross,False,mixed,mixed
c788515a-89a8-42a5-9546-82bc5a7be065,3284b353-8bd2-4add-94e1-911a0de738b5,460183e3-98de-4757-8e24-af83d4e6d772,1625681675927,13.4359808,52.4940386,5.304025,1.1541748,0.75913143,-1.012258,in backpack,cyclo cross,False,mixed,mixed
c788515a-89a8-42a5-9546-82bc5a7be065,3284b353-8bd2-4add-94e1-911a0de738b5,e226cc6a-5350-43b0-a13b-835e259df7f0,1625681675977,13.4359808,52.4940386,5.304025,-0.4092102,-0.6226077,0.37003422,in backpack,cyclo cross,False,mixed,mixed
c788515a-89a8-42a5-9546-82bc5a7be065,3284b353-8bd2-4add-94e1-911a0de738b5,8de45a28-a622-4e50-a54b-26de9bae3b64,1625681676026,13.4359808,52.4940386,5.304025,0.7746434,-0.39687014,1.0895,in backpack,cyclo cross,False,mixed,mixed
c788515a-89a8-42a5-9546-82bc5a7be065,3284b353-8bd2-4add-94e1-911a0de738b5,de863961-8897-443f-bd3b-f0bd9d738d4d,1625681676076,13.4359808,52.4940386,5.304025,1.0881891,-0.6714382,-0.6408,in backpack,cyclo cross,False,mixed,mixed
c788515a-89a8-42a5-9546-82bc5a7be065,3284b353-8bd2-4add-94e1-911a0de738b5,863ba8b9-b34d-481e-a71f-543424cec8d5,1625681676126,13.4359808,52.4940386,5.304025,-0.6739683,-0.40466738,-1.0918751,in backpack,cyclo cross,False,mixed,mixed
c788515a-89a8-42a5-9546-82bc5a7be065,3284b353-8bd2-4add-94e1-911a0de738b5,7bfbb1f0-6ba2-42e3-8f3b-35ee088cc458,1625681676176,13.4359808,52.4940386,5.304025,-0.9622774,-0.607028,-0.38075304,in backpack,cyclo cross,False,mixed,mixed
c788515a-89a8-42a5-9546-82bc5a7be065,3284b353-8bd2-4add-94e1-911a0de738b5,3bde9ea1-fe71-4175-aa97-7fe5125d0b55,1625681676226,13.4359808,52.4940386,5.304025,0.107283115,-0.4313059,0.45007563,in backpack,cyclo cross,False,mixed,mixed
c788515a-89a8-42a5-9546-82bc5a7be065,3284b353-8bd2-4add-94e1-911a0de738b5,b28a5f6a-b6be-408d-8afd-29f04bc72cab,1625681676276,13.4359808,52.4940386,5.304025,1.2588501,0.41360855,1.4147315,in backpack,cyclo cross,False,mixed,mixed
c788515a-89a8-42a5-9546-82bc5a7be065,3284b353-8bd2-4add-94e1-911a0de738b5,063911ec-f411-4010-bb5a-5611bbb6f79f,1625681676326,13.4359808,52.4940386,5.304025,1.989224,0.95617914,1.0157743,in backpack,cyclo cross,False,mixed,mixed
c788515a-89a8-42a5-9546-82bc5a7be065,3284b353-8bd2-4add-94e1-911a0de738b5,1e6d42c2-cb2e-42f9-9768-190cb6950b96,1625681676376,13.4360352,52.4940232,4.6389933,0.024681807,-0.48127365,-0.06494522,in backpack,cyclo cross,False,mixed,mixed
c788515a-89a8-42a5-9546-82bc5a7be065,3284b353-8bd2-4add-94e1-911a0de738b5,c92ff1fb-eb66-4ea9-8286-75764767890c,1625681676426,13.4360352,52.4940232,4.6389933,-0.50493646,-0.81229734,-0.75142956,in backpack,cyclo cross,False,mixed,mixed
c788515a-89a8-42a5-9546-82bc5a7be065,3284b353-8bd2-4add-94e1-911a0de738b5,40984929-2a38-4670-a857-7103063f0e89,1625681676477,13.4360352,52.4940232,4.6389933,1.5413537,0.18725777,-0.7471609,in backpack,cyclo cross,False,mixed,mixed
c788515a-89a8-42a5-9546-82bc5a7be065,3284b353-8bd2-4add-94e1-911a0de738b5,abbaa68f-cb6a-4ed7-88da-c0056f45b432,1625681676528,13.4360352,52.4940232,4.6389933,1.6737814,-0.23587322,-0.96879625,in backpack,cyclo cross,False,mixed,mixed
c788515a-89a8-42a5-9546-82bc5a7be065,3284b353-8bd2-4add-94e1-911a0de738b5,5ee2bfb1-bd2c-4dd5-a25c-0912a8cf5ed4,1625681676578,13.4360352,52.4940232,4.6389933,-0.1752119,-0.53670263,-0.67389107,in backpack,cyclo cross,False,mixed,mixed
c788515a-89a8-42a5-9546-82bc5a7be065,3284b353-8bd2-4add-94e1-911a0de738b5,a59d634e-b0ca-4078-baa8-4caed688bb14,1625681676628,13.4360352,52.4940232,4.6389933,0.50875235,0.08256197,-0.61709356,in backpack,cyclo cross,False,mixed,mixed
c788515a-89a8-42a5-9546-82bc5a7be065,3284b353-8bd2-4add-94e1-911a0de738b5,d6846879-26f7-442a-bd2e-da5a16fee4d7,1625681676679,13.4360352,52.4940232,4.6389933,0.14559984,-0.27292728,0.21572828,in backpack,cyclo cross,False,mixed,mixed
c788515a-89a8-42a5-9546-82bc5a7be065,3284b353-8bd2-4add-94e1-911a0de738b5,d739b4d0-9a12-46af-8df5-87df8ab985a6,1625681676728,13.4360352,52.4940232,4.6389933,1.3285723,-0.10527325,0.65624666,in backpack,cyclo cross,False,mixed,mixed
c788515a-89a8-42a5-9546-82bc5a7be065,3284b353-8bd2-4add-94e1-911a0de738b5,647128ce-c764-495a-9b0a-1e3dfb0a7b73,1625681676778,13.4360352,52.4940232,4.6389933,-0.43248463,-2.0769372,1.0417747,in backpack,cyclo cross,False,mixed,mixed
c788515a-89a8-42a5-9546-82bc5a7be065,3284b353-8bd2-4add-94e1-911a0de738b5,898145f3-a2c5-45dd-af46-a901440d91b8,1625681676828,13.4360352,52.4940232,4.6389933,-0.1843772,-1.7881365,0.8595753,in backpack,cyclo cross,False,mixed,mixed
c788515a-89a8-42a5-9546-82bc5a7be065,3284b353-8bd2-4add-94e1-911a0de738b5,6de62d5c-6631-46d1-9ea9-19524db189ec,1625681676877,13.4360352,52.4940232,4.6389933,1.4803581,0.11229181,0.69889116,in backpack,cyclo cross,False,mixed,mixed
c788515a-89a8-42a5-9546-82bc5a7be065,3284b353-8bd2-4add-94e1-911a0de738b5,ed92631e-855e-417a-9701-9dd09350d51b,1625681676928,13.4360352,52.4940232,4.6389933,1.3915277,0.29672003,-0.25561047,in backpack,cyclo cross,False,mixed,mixed
c788515a-89a8-42a5-9546-82bc5a7be065,3284b353-8bd2-4add-94e1-911a0de738b5,2e5afdf1-5ff2-4436-8fcd-95865dfac49b,1625681676977,13.4360352,52.4940232,4.6389933,1.46029,1.58917,-1.0070891,in backpack,cyclo cross,False,mixed,mixed
c788515a-89a8-42a5-9546-82bc5a7be065,3284b353-8bd2-4add-94e1-911a0de738b5,89b10052-6ddc-4937-9824-79ec459e5aa2,1625681677027,13.4360352,52.4940232,4.6389933,0.16264105,1.0829859,-1.0478959,in backpack,cyclo cross,False,mixed,mixed
c788515a-89a8-42a5-9546-82bc5a7be065,3284b353-8bd2-4add-94e1-911a0de738b5,3b7eb4ec-c85d-4117-994b-0e757be78f06,1625681677076,13.4360352,52.4940232,4.6389933,-1.0803638,-1.3697453,-0.20761395,in backpack,cyclo cross,False,mixed,mixed
c788515a-89a8-42a5-9546-82bc5a7be065,3284b353-8bd2-4add-94e1-911a0de738b5,d3697a80-68df-48cc-98fc-5bafc0a227d3,1625681677127,13.4360352,52.4940232,4.6389933,-0.50008893,-1.0203958,1.1202545,in backpack,cyclo cross,False,mixed,mixed
c788515a-89a8-42a5-9546-82bc5a7be065,3284b353-8bd2-4add-94e1-911a0de738b5,60133157-1004-473f-92e8-2444ed8945b9,1625681677177,13.4360352,52.4940232,4.6389933,0.15351439,-0.39963007,0.55908537,in backpack,cyclo cross,False,mixed,mixed
c788515a-89a8-42a5-9546-82bc5a7be065,3284b353-8bd2-4add-94e1-911a0de738b5,e18a818a-d208-43a6-98a0-a67438da01bb,1625681677228,13.4360352,52.4940232,4.6389933,-1.3150568,-1.1652188,1.6471539,in backpack,cyclo cross,False,mixed,mixed
c788515a-89a8-42a5-9546-82bc5a7be065,3284b353-8bd2-4add-94e1-911a0de738b5,320c0e86-52f8-49e9-9d45-8893ce0dff5f,1625681677277,13.4360785,52.4940002,4.545156,-1.1604017,-0.6689553,1.2731452,in backpack,cyclo cross,False,mixed,mixed
c788515a-89a8-42a5-9546-82bc5a7be065,3284b353-8bd2-4add-94e1-911a0de738b5,84f54efa-9c98-4896-bf5f-7fd136356b57,1625681677327,13.4360785,52.4940002,4.545156,5.086264,4.324546,0.28316355,in backpack,cyclo cross,False,mixed,mixed
c788515a-89a8-42a5-9546-82bc5a7be065,3284b353-8bd2-4add-94e1-911a0de738b5,ef817ae9-2f0d-49d5-b035-f42d161f5b0a,1625681677377,13.4360785,52.4940002,4.545156,2.2949014,1.8167448,-0.029331207,in backpack,cyclo cross,False,mixed,mixed
c788515a-89a8-42a5-9546-82bc5a7be065,3284b353-8bd2-4add-94e1-911a0de738b5,9a2c41b2-64f6-469b-a92c-38b13b03c008,1625681677427,13.4360785,52.4940002,4.545156,0.11084509,-0.15837002,-2.5421662,in backpack,cyclo cross,False,mixed,mixed
c788515a-89a8-42a5-9546-82bc5a7be065,3284b353-8bd2-4add-94e1-911a0de738b5,91696eb0-ea95-4a34-b2c7-d8254baee355,1625681677478,13.4360785,52.4940002,4.545156,-3.2040741,-2.9989839,0.17128038,in backpack,cyclo cross,False,mixed,mixed
c788515a-89a8-42a5-9546-82bc5a7be065,3284b353-8bd2-4add-94e1-911a0de738b5,918c845d-326a-477c-a060-a3998e2fe648,1625681677529,13.4360785,52.4940002,4.545156,-1.9133563,-2.8279202,0.34530592,in backpack,cyclo cross,False,mixed,mixed
c788515a-89a8-42a5-9546-82bc5a7be065,3284b353-8bd2-4add-94e1-911a0de738b5,9110b0e4-1311-40ea-8041-d8fbdea47746,1625681677579,13.4360785,52.4940002,4.545156,-1.5827522,-2.4622364,1.0485115,in backpack,cyclo cross,False,mixed,mixed
c788515a-89a8-42a5-9546-82bc5a7be065,3284b353-8bd2-4add-94e1-911a0de738b5,2bd51730-7cd5-4304-85d0-9eb8b8750a00,1625681677629,13.4360785,52.4940002,4.545156,5.0004454,4.9612713,3.071842,in backpack,cyclo cross,False,mixed,mixed
c788515a-89a8-42a5-9546-82bc5a7be065,3284b353-8bd2-4add-94e1-911a0de738b5,0ff0994e-f987-462a-8a77-f65b7c6de6dc,1625681677679,13.4360785,52.4940002,4.545156,0.7861285,1.2242622,-0.26555443,in backpack,cyclo cross,False,mixed,mixed
c788515a-89a8-42a5-9546-82bc5a7be065,3284b353-8bd2-4add-94e1-911a0de738b5,bc45b47d-046f-4a7a-91d7-26ce3f44222b,1625681677729,13.4360785,52.4940002,4.545156,-2.5148726,-1.8765903,-2.2374573,in backpack,cyclo cross,False,mixed,mixed
c788515a-89a8-42a5-9546-82bc5a7be065,3284b353-8bd2-4add-94e1-911a0de738b5,858ff202-0aae-4561-8407-9a1e5f201403,1625681677779,13.4360785,52.4940002,4.545156,1.2858047,-1.5577765,0.010025024,in backpack,cyclo cross,False,mixed,mixed
c788515a-89a8-42a5-9546-82bc5a7be065,3284b353-8bd2-4add-94e1-911a0de738b5,3c07d293-2a59-4d8f-affd-fe3972211371,1625681677829,13.4360785,52.4940002,4.545156,2.8246136,-0.098347664,2.0782328,in backpack,cyclo cross,False,mixed,mixed
c788515a-89a8-42a5-9546-82bc5a7be065,3284b353-8bd2-4add-94e1-911a0de738b5,55d13986-42a7-4280-869d-72bec7446024,1625681677879,13.4360785,52.4940002,4.545156,1.7781348,0.76947546,0.52477884,in backpack,cyclo cross,False,mixed,mixed
c788515a-89a8-42a5-9546-82bc5a7be065,3284b353-8bd2-4add-94e1-911a0de738b5,14ee9719-536d-42e1-bb48-b9bdd7be8c6e,1625681677929,13.4360785,52.4940002,4.545156,-1.0972652,0.22253275,-0.31105423,in backpack,cyclo cross,False,mixed,mixed
c788515a-89a8-42a5-9546-82bc5a7be065,3284b353-8bd2-4add-94e1-911a0de738b5,1848a48f-8c69-48a2-924d-59642ac78867,1625681677979,13.4360785,52.4940002,4.545156,-1.7996036,-0.7022042,-1.3097954,in backpack,cyclo cross,False,mixed,mixed
c788515a-89a8-42a5-9546-82bc5a7be065,3284b353-8bd2-4add-94e1-911a0de738b5,cae6aced-bc09-4bd0-b066-ed09549f8d0e,1625681678029,13.4360785,52.4940002,4.545156,-1.0307465,-0.2581458,-0.15361547,in backpack,cyclo cross,False,mixed,mixed
c788515a-89a8-42a5-9546-82bc5a7be065,3284b353-8bd2-4add-94e1-911a0de738b5,1c5e23a2-1d5b-4db4-96e9-0c64f87fec3a,1625681678079,13.4360785,52.4940002,4.545156,1.2404904,1.0228672,1.4283457,in backpack,cyclo cross,False,mixed,mixed
c788515a-89a8-42a5-9546-82bc5a7be065,3284b353-8bd2-4add-94e1-911a0de738b5,ee8d771b-b147-42b8-80d6-8e29f51affb7,1625681678129,13.4360785,52.4940002,4.545156,0.9991045,-0.30459595,1.5186791,in backpack,cyclo cross,False,mixed,mixed
c788515a-89a8-42a5-9546-82bc5a7be065,3284b353-8bd2-4add-94e1-911a0de738b5,1e77c219-483e-4f39-9eb0-c6041133ad28,1625681678179,13.4360785,52.4940002,4.545156,1.6587958,0.5102196,-1.411984,in backpack,cyclo cross,False,mixed,mixed
c788515a-89a8-42a5-9546-82bc5a7be065,3284b353-8bd2-4add-94e1-911a0de738b5,c19ee527-10a2-4aa3-9173-5170b2f0e043,1625681678229,13.4360785,52.4940002,4.545156,-0.53176,0.06230116,0.2745371,in backpack,cyclo cross,False,mixed,mixed
c788515a-89a8-42a5-9546-82bc5a7be065,3284b353-8bd2-4add-94e1-911a0de738b5,5beb4abb-c3b5-4f3b-96a4-90dd8ce70ee9,1625681678279,13.4360785,52.4940002,4.545156,-1.597769,-1.4722848,0.61254025,in backpack,cyclo cross,False,mixed,mixed
c788515a-89a8-42a5-9546-82bc5a7be065,3284b353-8bd2-4add-94e1-911a0de738b5,e641c190-12db-4475-adf6-76fe723a482e,1625681678329,13.4360785,52.4940002,4.545156,-0.1764059,-0.92175674,-0.01154995,in backpack,cyclo cross,False,mixed,mixed
c788515a-89a8-42a5-9546-82bc5a7be065,3284b353-8bd2-4add-94e1-911a0de738b5,68951618-e296-4c53-8e04-f088d5d91972,1625681678380,13.43615,52.4939537,6.754835,5.478635,3.1454244,-0.74177074,in backpack,cyclo cross,False,mixed,mixed
c788515a-89a8-42a5-9546-82bc5a7be065,3284b353-8bd2-4add-94e1-911a0de738b5,459f2bcc-5d87-421b-b24f-14bc9870f677,1625681678430,13.43615,52.4939537,6.754835,-0.29244137,1.2690015,0.176579,in backpack,cyclo cross,False,mixed,mixed
c788515a-89a8-42a5-9546-82bc5a7be065,3284b353-8bd2-4add-94e1-911a0de738b5,e600ec8c-2e42-468b-a9c3-e8b6f8ac86a0,1625681678480,13.43615,52.4939537,6.754835,-4.0006614,-2.30637,-1.9106355,in backpack,cyclo cross,False,mixed,mixed
c788515a-89a8-42a5-9546-82bc5a7be065,3284b353-8bd2-4add-94e1-911a0de738b5,9c1dc415-0664-4677-ae32-5a15ff2208cb,1625681678530,13.43615,52.4939537,6.754835,-3.8116603,-3.447197,2.0433238,in backpack,cyclo cross,False,mixed,mixed
c788515a-89a8-42a5-9546-82bc5a7be065,3284b353-8bd2-4add-94e1-911a0de738b5,afacbacb-b040-458b-84ea-20b664379aff,1625681678580,13.43615,52.4939537,6.754835,-0.2455759,-2.3792186,1.3434362,in backpack,cyclo cross,False,mixed,mixed
c788515a-89a8-42a5-9546-82bc5a7be065,3284b353-8bd2-4add-94e1-911a0de738b5,5d58c2ad-202d-466f-90b8-51cfc90a561a,1625681678630,13.43615,52.4939537,6.754835,10.58956,7.79202,4.535121,in backpack,cyclo cross,False,mixed,mixed
c788515a-89a8-42a5-9546-82bc5a7be065,3284b353-8bd2-4add-94e1-911a0de738b5,16ca58d4-d77d-43a7-af49-2453fd075856,1625681678680,13.43615,52.4939537,6.754835,1.94841,-0.07379866,-2.6767015,in backpack,cyclo cross,False,mixed,mixed
c788515a-89a8-42a5-9546-82bc5a7be065,3284b353-8bd2-4add-94e1-911a0de738b5,2dbded98-1a7f-4f3c-a970-c6ed7e1abcd9,1625681678730,13.43615,52.4939537,6.754835,-3.2255242,-2.0785494,-2.3507042,in backpack,cyclo cross,False,mixed,mixed
c788515a-89a8-42a5-9546-82bc5a7be065,3284b353-8bd2-4add-94e1-911a0de738b5,ae242d61-efe8-4200-98ca-55ae3a8eaf7a,1625681678780,13.43615,52.4939537,6.754835,-1.4189789,-0.3733778,-0.10981083,in backpack,cyclo cross,False,mixed,mixed
c788515a-89a8-42a5-9546-82bc5a7be065,3284b353-8bd2-4add-94e1-911a0de738b5,b116a4d2-2cfc-4e89-b654-bb232341b86e,1625681678846,13.43615,52.4939537,6.754835,2.5234303,0.25325394,-0.4977107,in backpack,cyclo cross,False,mixed,mixed
c788515a-89a8-42a5-9546-82bc5a7be065,3284b353-8bd2-4add-94e1-911a0de738b5,ec3aad56-d705-4d21-b812-6799b43a91bc,1625681678896,13.43615,52.4939537,6.754835,-0.7083826,-0.90992546,0.7723055,in backpack,cyclo cross,False,mixed,mixed
c788515a-89a8-42a5-9546-82bc5a7be065,3284b353-8bd2-4add-94e1-911a0de738b5,9907ade0-436a-44c6-9f2e-bf728661a9d9,1625681678963,13.43615,52.4939537,6.754835,0.5183039,1.650208,0.67759085,in backpack,cyclo cross,False,mixed,mixed
c788515a-89a8-42a5-9546-82bc5a7be065,3284b353-8bd2-4add-94e1-911a0de738b5,02b74fdc-3598-4295-a725-23262bbb4774,1625681679012,13.43615,52.4939537,6.754835,0.9363036,1.293922,0.71170616,in backpack,cyclo cross,False,mixed,mixed
c788515a-89a8-42a5-9546-82bc5a7be065,3284b353-8bd2-4add-94e1-911a0de738b5,915ea69d-e79d-4c4f-9891-f07438397c2f,1625681679062,13.43615,52.4939537,6.754835,0.80169773,-1.8461721,-1.0230637,in backpack,cyclo cross,False,mixed,mixed
c788515a-89a8-42a5-9546-82bc5a7be065,3284b353-8bd2-4add-94e1-911a0de738b5,49aa4f9a-c02b-463a-a76c-3598b2129b9c,1625681679113,13.43615,52.4939537,6.754835,-0.40104508,-1.2191863,1.4974332,in backpack,cyclo cross,False,mixed,mixed
c788515a-89a8-42a5-9546-82bc5a7be065,3284b353-8bd2-4add-94e1-911a0de738b5,682a9787-ffde-4ec8-b1d1-d4a8f8456cfb,1625681679163,13.43615,52.4939537,6.754835,-0.03363037,-0.015792847,2.8766816,in backpack,cyclo cross,False,mixed,mixed
c788515a-89a8-42a5-9546-82bc5a7be065,3284b353-8bd2-4add-94e1-911a0de738b5,b1880d3f-b389-445d-88e7-b320730498d5,1625681679213,13.43615,52.4939537,6.754835,0.44063234,0.4279375,-0.26056385,in backpack,cyclo cross,False,mixed,mixed
c788515a-89a8-42a5-9546-82bc5a7be065,3284b353-8bd2-4add-94e1-911a0de738b5,ec084885-e86f-49ae-a616-60a455aba37d,1625681679264,13.43615,52.4939537,6.754835,2.4336095,1.853035,-2.449843,in backpack,cyclo cross,False,mixed,mixed
c788515a-89a8-42a5-9546-82bc5a7be065,3284b353-8bd2-4add-94e1-911a0de738b5,2d25fac5-e1d7-44eb-b923-58078b76f601,1625681679314,13.43615,52.4939537,6.754835,-0.03996229,0.33082294,-0.47618866,in backpack,cyclo cross,False,mixed,mixed
c788515a-89a8-42a5-9546-82bc5a7be065,3284b353-8bd2-4add-94e1-911a0de738b5,bd94997e-2652-403a-9290-ab3d441bb483,1625681679364,13.4362273,52.4939292,6.1631722,-2.8674154,-0.72717524,1.7717888,in backpack,cyclo cross,False,mixed,mixed
c788515a-89a8-42a5-9546-82bc5a7be065,3284b353-8bd2-4add-94e1-911a0de738b5,51545211-04f0-4a17-975e-0fa98c0c778b,1625681679415,13.4362273,52.4939292,6.1631722,-0.18394566,-1.1080003,-2.3998942,in backpack,cyclo cross,False,mixed,mixed
c788515a-89a8-42a5-9546-82bc5a7be065,3284b353-8bd2-4add-94e1-911a0de738b5,7fcce570-6beb-47ec-bdc2-0b531505c864,1625681679465,13.4362273,52.4939292,6.1631722,0.956728,-1.0400186,-1.1141067,in backpack,cyclo cross,False,mixed,mixed
c788515a-89a8-42a5-9546-82bc5a7be065,3284b353-8bd2-4add-94e1-911a0de738b5,150cdd34-a9a3-47d9-a741-315b262eb052,1625681679515,13.4362273,52.4939292,6.1631722,2.1792407,1.3046579,2.0670276,in backpack,cyclo cross,False,mixed,mixed
c788515a-89a8-42a5-9546-82bc5a7be065,3284b353-8bd2-4add-94e1-911a0de738b5,9aa8a9b1-0511-42d4-a82d-4faeea0e02c4,1625681679565,13.4362273,52.4939292,6.1631722,-0.58112717,1.3584824,3.2325387,in backpack,cyclo cross,False,mixed,mixed
c788515a-89a8-42a5-9546-82bc5a7be065,3284b353-8bd2-4add-94e1-911a0de738b5,f04623f9-d056-476a-95ec-4a82e7250ca0,1625681679615,13.4362273,52.4939292,6.1631722,-0.39411688,-0.36623478,-0.40915918,in backpack,cyclo cross,False,mixed,mixed
c788515a-89a8-42a5-9546-82bc5a7be065,3284b353-8bd2-4add-94e1-911a0de738b5,f8630560-aa12-459f-bb13-293bd0a6241d,1625681679665,13.4362273,52.4939292,6.1631722,2.7106228,0.13109064,-3.2970257,in backpack,cyclo cross,False,mixed,mixed
c788515a-89a8-42a5-9546-82bc5a7be065,3284b353-8bd2-4add-94e1-911a0de738b5,e5798a6b-975a-43b7-bb99-59525c22f8a5,1625681679715,13.4362273,52.4939292,6.1631722,0.35637474,-0.42721128,2.183922,in backpack,cyclo cross,False,mixed,mixed
c788515a-89a8-42a5-9546-82bc5a7be065,3284b353-8bd2-4add-94e1-911a0de738b5,b279e8dc-be5f-4ea7-ba06-0a578db34346,1625681679765,13.4362273,52.4939292,6.1631722,-0.8656194,-1.9383395,1.2991047,in backpack,cyclo cross,False,mixed,mixed
c788515a-89a8-42a5-9546-82bc5a7be065,3284b353-8bd2-4add-94e1-911a0de738b5,46da9bbb-e92f-42ed-8986-df513f278ade,1625681679815,13.4362273,52.4939292,6.1631722,0.78048515,0.21881008,-4.326874,in backpack,cyclo cross,False,mixed,mixed
c788515a-89a8-42a5-9546-82bc5a7be065,3284b353-8bd2-4add-94e1-911a0de738b5,196ebef6-c28c-4bd3-9250-0580f3d45ee4,1625681679865,13.4362273,52.4939292,6.1631722,1.8394451,2.387971,-1.1715512,in backpack,cyclo cross,False,mixed,mixed
c788515a-89a8-42a5-9546-82bc5a7be065,3284b353-8bd2-4add-94e1-911a0de738b5,3f51dbc4-5b98-43e5-983d-032b01fcc768,1625681679915,13.4362273,52.4939292,6.1631722,-0.5577831,0.0930357,1.4783645,in backpack,cyclo cross,False,mixed,mixed
c788515a-89a8-42a5-9546-82bc5a7be065,3284b353-8bd2-4add-94e1-911a0de738b5,c2036f4a-9e35-4af7-b221-4274283feca6,1625681679965,13.4362273,52.4939292,6.1631722,-1.533613,-2.4926121,-0.6827326,in backpack,cyclo cross,False,mixed,mixed
c788515a-89a8-42a5-9546-82bc5a7be065,3284b353-8bd2-4add-94e1-911a0de738b5,060b59a4-9192-4e15-a12e-10739f585c4e,1625681680015,13.4362273,52.4939292,6.1631722,0.1618681,0.060642242,2.371904,in backpack,cyclo cross,False,mixed,mixed
c788515a-89a8-42a5-9546-82bc5a7be065,3284b353-8bd2-4add-94e1-911a0de738b5,046358f4-7912-4be0-a3ca-d868c818124e,1625681680080,13.4362273,52.4939292,6.1631722,-0.005289793,-0.5080352,2.7365139,in backpack,cyclo cross,False,mixed,mixed
c788515a-89a8-42a5-9546-82bc5a7be065,3284b353-8bd2-4add-94e1-911a0de738b5,95554a96-4f25-438d-b50c-006e900a079c,1625681680130,13.4362273,52.4939292,6.1631722,2.6674342,2.9300275,-0.07897663,in backpack,cyclo cross,False,mixed,mixed
c788515a-89a8-42a5-9546-82bc5a7be065,3284b353-8bd2-4add-94e1-911a0de738b5,3ed7f24e-9c4b-4e38-9ad8-028c286675ea,1625681680180,13.4362273,52.4939292,6.1631722,3.9526987,2.5299063,-2.7319164,in backpack,cyclo cross,False,mixed,mixed
c788515a-89a8-42a5-9546-82bc5a7be065,3284b353-8bd2-4add-94e1-911a0de738b5,66aed9be-677c-40d6-a0a9-082fdcf967dc,1625681680230,13.4362273,52.4939292,6.1631722,-0.7683172,-1.2528701,-3.5395017,in backpack,cyclo cross,False,mixed,mixed
c788515a-89a8-42a5-9546-82bc5a7be065,3284b353-8bd2-4add-94e1-911a0de738b5,983996f6-7de4-48cd-8131-1a66cec5208e,1625681680281,13.4362273,52.4939292,6.1631722,-3.0227292,-3.1535966,-0.043128967,in backpack,cyclo cross,False,mixed,mixed
c788515a-89a8-42a5-9546-82bc5a7be065,3284b353-8bd2-4add-94e1-911a0de738b5,064dc5f5-ab8a-46d6-8e64-6770d39daf23,1625681680330,13.4362273,52.4939292,6.1631722,-3.2824767,-2.8479207,2.5656445,in backpack,cyclo cross,False,mixed,mixed
c788515a-89a8-42a5-9546-82bc5a7be065,3284b353-8bd2-4add-94e1-911a0de738b5,d928c4bf-0b73-409e-bce9-f8389cc84c50,1625681680380,13.4363058,52.4939103,6.539129,1.4527516,0.53437185,2.2725644,in backpack,cyclo cross,False,mixed,mixed
c788515a-89a8-42a5-9546-82bc5a7be065,3284b353-8bd2-4add-94e1-911a0de738b5,6bee1ef6-6bd5-499a-873d-0a48b7ca01da,1625681680431,13.4363058,52.4939103,6.539129,2.6795063,0.40933037,-0.6473441,in backpack,cyclo cross,False,mixed,mixed
c788515a-89a8-42a5-9546-82bc5a7be065,3284b353-8bd2-4add-94e1-911a0de738b5,108f14ba-8362-4ef7-b21d-80539ed75003,1625681680480,13.4363058,52.4939103,6.539129,1.8782806,1.7825112,0.17988873,in backpack,cyclo cross,False,mixed,mixed
c788515a-89a8-42a5-9546-82bc5a7be065,3284b353-8bd2-4add-94e1-911a0de738b5,fbcdb562-fbe1-439c-8246-14d1cacfeb76,1625681680530,13.4363058,52.4939103,6.539129,2.3865542,2.777547,-0.8808403,in backpack,cyclo cross,False,mixed,mixed
c788515a-89a8-42a5-9546-82bc5a7be065,3284b353-8bd2-4add-94e1-911a0de738b5,7d7ac345-643e-4a91-a361-05b995e5c1cb,1625681680580,13.4363058,52.4939103,6.539129,-0.13381052,-2.9385877,-1.4672298,in backpack,cyclo cross,False,mixed,mixed
c788515a-89a8-42a5-9546-82bc5a7be065,3284b353-8bd2-4add-94e1-911a0de738b5,7ad0cfba-b2ae-46e1-a80e-40f59777645e,1625681680631,13.4363058,52.4939103,6.539129,0.16820383,-2.3609016,1.9765439,in backpack,cyclo cross,False,mixed,mixed
c788515a-89a8-42a5-9546-82bc5a7be065,3284b353-8bd2-4add-94e1-911a0de738b5,491f8d35-d19c-4fa3-9366-573ca760feb9,1625681680681,13.4363058,52.4939103,6.539129,0.2467494,0.41391325,-1.8607483,in backpack,cyclo cross,False,mixed,mixed
c788515a-89a8-42a5-9546-82bc5a7be065,3284b353-8bd2-4add-94e1-911a0de738b5,a446c76e-0293-4e9d-a3ac-d112ab99d11c,1625681680731,13.4363058,52.4939103,6.539129,-0.47411776,-0.40267086,-1.7949142,in backpack,cyclo cross,False,mixed,mixed
c788515a-89a8-42a5-9546-82bc5a7be065,3284b353-8bd2-4add-94e1-911a0de738b5,4ff96c40-fc97-42f4-a572-1e8b3a6cf7f7,1625681680781,13.4363058,52.4939103,6.539129,-1.3811831,1.3753562,-1.1182113,in backpack,cyclo cross,False,mixed,mixed
c788515a-89a8-42a5-9546-82bc5a7be065,3284b353-8bd2-4add-94e1-911a0de738b5,5d4d658d-a9dd-450c-acbf-fd091778003a,1625681680831,13.4363058,52.4939103,6.539129,6.452534,8.659332,1.3687983,in backpack,cyclo cross,False,mixed,mixed
c788515a-89a8-42a5-9546-82bc5a7be065,3284b353-8bd2-4add-94e1-911a0de738b5,71b9283c-5af6-4d40-83cf-2964e2870b25,1625681680881,13.4363058,52.4939103,6.539129,1.3151393,0.04500389,-1.8663378,in backpack,cyclo cross,False,mixed,mixed
c788515a-89a8-42a5-9546-82bc5a7be065,3284b353-8bd2-4add-94e1-911a0de738b5,3eeb7a99-5ad8-4864-89af-cc4a0af0a9b8,1625681680932,13.4363058,52.4939103,6.539129,-2.469382,-3.2784896,0.90196323,in backpack,cyclo cross,False,mixed,mixed
c788515a-89a8-42a5-9546-82bc5a7be065,3284b353-8bd2-4add-94e1-911a0de738b5,eae32fdb-7c11-460b-88cc-ec5ca8a4ef31,1625681680982,13.4363058,52.4939103,6.539129,-3.388223,-4.9627304,2.4115374,in backpack,cyclo cross,False,mixed,mixed
c788515a-89a8-42a5-9546-82bc5a7be065,3284b353-8bd2-4add-94e1-911a0de738b5,fbf864cb-116f-467d-acf9-389768c8cc95,1625681681032,13.4363058,52.4939103,6.539129,-1.1043043,-2.265503,1.2263374,in backpack,cyclo cross,False,mixed,mixed
c788515a-89a8-42a5-9546-82bc5a7be065,3284b353-8bd2-4add-94e1-911a0de738b5,635387eb-3b86-4084-b2d8-3d5a1f530394,1625681681098,13.4363058,52.4939103,6.539129,7.453129,7.1131325,3.2179735,in backpack,cyclo cross,False,mixed,mixed
c788515a-89a8-42a5-9546-82bc5a7be065,3284b353-8bd2-4add-94e1-911a0de738b5,a51d3511-065f-452c-942b-5858582836e3,1625681681148,13.4363058,52.4939103,6.539129,3.2315125,1.45572,-3.2407217,in backpack,cyclo cross,False,mixed,mixed
c788515a-89a8-42a5-9546-82bc5a7be065,3284b353-8bd2-4add-94e1-911a0de738b5,7d2e2660-a1cc-469e-8195-f037ff6f1f91,1625681681198,13.4363058,52.4939103,6.539129,-2.6473105,0.566277,-2.6182585,in backpack,cyclo cross,False,mixed,mixed
c788515a-89a8-42a5-9546-82bc5a7be065,3284b353-8bd2-4add-94e1-911a0de738b5,0789c052-a42a-4bbe-88ce-4a59ca36aecd,1625681681249,13.4363058,52.4939103,6.539129,-3.00854,-1.6979008,-0.27795935,in backpack,cyclo cross,False,mixed,mixed
c788515a-89a8-42a5-9546-82bc5a7be065,3284b353-8bd2-4add-94e1-911a0de738b5,3dbe1daa-76a6-481c-8a05-d6b0c3e894ee,1625681681299,13.4363058,52.4939103,6.539129,-1.0543027,-2.3713171,1.2075291,in backpack,cyclo cross,False,mixed,mixed
c788515a-89a8-42a5-9546-82bc5a7be065,3284b353-8bd2-4add-94e1-911a0de738b5,395771d7-f695-47c2-8c08-3ff14283e3ee,1625681681349,13.4363058,52.4939103,6.539129,3.7413435,0.4350338,0.54104185,in backpack,cyclo cross,False,mixed,mixed
c788515a-89a8-42a5-9546-82bc5a7be065,3284b353-8bd2-4add-94e1-911a0de738b5,e0fdbe51-a19b-4820-be9c-b6a44456dce6,1625681681401,13.4363848,52.4938766,7.1899323,2.5959554,0.96114254,2.6619914,in backpack,cyclo cross,False,mixed,mixed
c788515a-89a8-42a5-9546-82bc5a7be065,3284b353-8bd2-4add-94e1-911a0de738b5,620e7903-950c-4f1f-abbc-0dd7a1a2ac81,1625681681450,13.4363848,52.4938766,7.1899323,2.197815,1.6983309,-2.0504465,in backpack,cyclo cross,False,mixed,mixed
c788515a-89a8-42a5-9546-82bc5a7be065,3284b353-8bd2-4add-94e1-911a0de738b5,cb5e7006-3f0b-4d38-8f21-0def69d68f23,1625681681502,13.4363848,52.4938766,7.1899323,-0.45717764,-0.24825287,-2.318861,in backpack,cyclo cross,False,mixed,mixed
c788515a-89a8-42a5-9546-82bc5a7be065,3284b353-8bd2-4add-94e1-911a0de738b5,5acd2569-1c66-405b-8c2f-7d3456dcf392,1625681681552,13.4363848,52.4938766,7.1899323,2.014092,0.5880804,-0.04211378,in backpack,cyclo cross,False,mixed,mixed
c788515a-89a8-42a5-9546-82bc5a7be065,3284b353-8bd2-4add-94e1-911a0de738b5,2e66642b-98ab-44b3-be7f-4d0562ad6c9d,1625681681602,13.4363848,52.4938766,7.1899323,-1.419133,-2.7186503,-1.2115297,in backpack,cyclo cross,False,mixed,mixed
c788515a-89a8-42a5-9546-82bc5a7be065,3284b353-8bd2-4add-94e1-911a0de738b5,b2659869-a3a4-4eb9-b522-9ee32a556802,1625681681652,13.4363848,52.4938766,7.1899323,-1.9190216,-0.85943985,1.7969346,in backpack,cyclo cross,False,mixed,mixed
c788515a-89a8-42a5-9546-82bc5a7be065,3284b353-8bd2-4add-94e1-911a0de738b5,821bf5f8-fd1c-485d-b84f-07c14dca896f,1625681681702,13.4363848,52.4938766,7.1899323,-0.78148603,0.7201371,1.1481619,in backpack,cyclo cross,False,mixed,mixed
c788515a-89a8-42a5-9546-82bc5a7be065,3284b353-8bd2-4add-94e1-911a0de738b5,b5112a8a-7621-484a-825c-fdf55bfd774d,1625681681752,13.4363848,52.4938766,7.1899323,2.8851676,4.3053474,-1.9243517,in backpack,cyclo cross,False,mixed,mixed
c788515a-89a8-42a5-9546-82bc5a7be065,3284b353-8bd2-4add-94e1-911a0de738b5,6b927b51-5ee6-47f3-b885-5b00e084a32d,1625681681802,13.4363848,52.4938766,7.1899323,1.5948725,1.6176963,-1.9472675,in backpack,cyclo cross,False,mixed,mixed
c788515a-89a8-42a5-9546-82bc5a7be065,3284b353-8bd2-4add-94e1-911a0de738b5,f28246a8-e55e-4ee0-951d-03316b72ba8e,1625681681852,13.4363848,52.4938766,7.1899323,1.906764,0.59745884,-0.64708185,in backpack,cyclo cross,False,mixed,mixed
c788515a-89a8-42a5-9546-82bc5a7be065,3284b353-8bd2-4add-94e1-911a0de738b5,c90704f7-fd9b-4a47-b962-960698549b57,1625681681902,13.4363848,52.4938766,7.1899323,-0.63269734,-2.2499228,-0.6404114,in backpack,cyclo cross,False,mixed,mixed
c788515a-89a8-42a5-9546-82bc5a7be065,3284b353-8bd2-4add-94e1-911a0de738b5,eadebf5b-e283-4e16-be38-cdea3789e47f,1625681681952,13.4363848,52.4938766,7.1899323,0.22154307,-0.86700344,1.1068468,in backpack,cyclo cross,False,mixed,mixed
c788515a-89a8-42a5-9546-82bc5a7be065,3284b353-8bd2-4add-94e1-911a0de738b5,b1299531-f741-4b3f-a79e-682de8c127e1,1625681682002,13.4363848,52.4938766,7.1899323,0.72225,-0.10881758,1.220716,in backpack,cyclo cross,False,mixed,mixed
c788515a-89a8-42a5-9546-82bc5a7be065,3284b353-8bd2-4add-94e1-911a0de738b5,8b767850-6c2b-4103-91ff-47c5be9fb8f1,1625681682052,13.4363848,52.4938766,7.1899323,-1.2819005,-1.1203294,-0.905673,in backpack,cyclo cross,False,mixed,mixed
c788515a-89a8-42a5-9546-82bc5a7be065,3284b353-8bd2-4add-94e1-911a0de738b5,28957dbf-81b3-498d-82f4-20590da7e02f,1625681682116,13.4363848,52.4938766,7.1899323,3.3976116,2.0848045,-3.6501055,in backpack,cyclo cross,False,mixed,mixed
c788515a-89a8-42a5-9546-82bc5a7be065,3284b353-8bd2-4add-94e1-911a0de738b5,3f86b6b8-231b-4ca8-9b59-6c0f0903cc2a,1625681682166,13.4363848,52.4938766,7.1899323,3.3240542,2.3800063,-4.5310965,in backpack,cyclo cross,False,mixed,mixed
c788515a-89a8-42a5-9546-82bc5a7be065,3284b353-8bd2-4add-94e1-911a0de738b5,2d07bbf2-5d8c-4558-a2b3-f7342ab5c07e,1625681682216,13.4363848,52.4938766,7.1899323,-2.0210855,-1.2004924,0.11455059,in backpack,cyclo cross,False,mixed,mixed
c788515a-89a8-42a5-9546-82bc5a7be065,3284b353-8bd2-4add-94e1-911a0de738b5,d389bbdb-5429-46e3-9add-f4518c4404ab,1625681682265,13.4363848,52.4938766,7.1899323,-2.6447642,-3.4467492,1.1648469,in backpack,cyclo cross,False,mixed,mixed
c788515a-89a8-42a5-9546-82bc5a7be065,3284b353-8bd2-4add-94e1-911a0de738b5,874f1687-5f82-47dd-b103-4f36b92c6c5d,1625681682315,13.4363848,52.4938766,7.1899323,0.37975836,-1.969583,-0.137784,in backpack,cyclo cross,False,mixed,mixed
c788515a-89a8-42a5-9546-82bc5a7be065,3284b353-8bd2-4add-94e1-911a0de738b5,d095b445-f9d4-48e1-95a5-4c3c57a86e8a,1625681682365,13.4364724,52.4938477,7.463353,3.6820502,3.949532,3.5214565,in backpack,cyclo cross,False,mixed,mixed
c788515a-89a8-42a5-9546-82bc5a7be065,3284b353-8bd2-4add-94e1-911a0de738b5,0be646f6-8ace-4ee2-a697-5bfe7fdb3378,1625681682414,13.4364724,52.4938477,7.463353,-1.2502012,-0.7382331,-0.46327066,in backpack,cyclo cross,False,mixed,mixed
c788515a-89a8-42a5-9546-82bc5a7be065,3284b353-8bd2-4add-94e1-911a0de738b5,94eba568-0458-47df-b70b-d0154dc83911,1625681682466,13.4364724,52.4938477,7.463353,-0.50809574,0.6229596,-1.0260458,in backpack,cyclo cross,False,mixed,mixed
c788515a-89a8-42a5-9546-82bc5a7be065,3284b353-8bd2-4add-94e1-911a0de738b5,73cd5ded-2bd7-4de7-ac5b-011ea94c92bf,1625681682533,13.4364724,52.4938477,7.463353,0.5409384,-0.52023077,-0.34960794,in backpack,cyclo cross,False,mixed,mixed
c788515a-89a8-42a5-9546-82bc5a7be065,3284b353-8bd2-4add-94e1-911a0de738b5,23a5918b-0dd2-4692-8998-5c9b86071ef4,1625681682583,13.4364724,52.4938477,7.463353,-1.0413315,-1.1389866,0.53902054,in backpack,cyclo cross,False,mixed,mixed
c788515a-89a8-42a5-9546-82bc5a7be065,3284b353-8bd2-4add-94e1-911a0de738b5,f0eff0f6-4a7c-48ae-9fd0-897b8e7c269e,1625681682633,13.4364724,52.4938477,7.463353,1.8264208,1.3426676,0.035597324,in backpack,cyclo cross,False,mixed,mixed
c788515a-89a8-42a5-9546-82bc5a7be065,3284b353-8bd2-4add-94e1-911a0de738b5,f0c85d82-39b6-4cc8-91b7-37b0615eae9c,1625681682683,13.4364724,52.4938477,7.463353,0.92689896,0.9987421,-1.2558064,in backpack,cyclo cross,False,mixed,mixed
c788515a-89a8-42a5-9546-82bc5a7be065,3284b353-8bd2-4add-94e1-911a0de738b5,c08cf5c2-e3b4-4142-acbd-3eeb52d58182,1625681682733,13.4364724,52.4938477,7.463353,-2.3356652,-0.9455533,0.04588175,in backpack,cyclo cross,False,mixed,mixed
c788515a-89a8-42a5-9546-82bc5a7be065,3284b353-8bd2-4add-94e1-911a0de738b5,78727009-ff9d-47ba-ab94-71a113425851,1625681682784,13.4364724,52.4938477,7.463353,-0.8847699,-0.71196985,0.7113576,in backpack,cyclo cross,False,mixed,mixed
