bike_activity_uid,bike_activity_sample_uid,bike_activity_measurement,bike_activity_measurement_timestamp,bike_activity_measurement_lon,bike_activity_measurement_lat,bike_activity_measurement_speed,bike_activity_measurement_accelerometer_x,bike_activity_measurement_accelerometer_y,bike_activity_measurement_accelerometer_z,bike_activity_phone_position,bike_activity_bike_type,bike_activity_flagged_lab_conditions,bike_activity_surface_type,bike_activity_smoothness_type
cda86829-42ad-4860-974d-351d9b13e3af,a8734a41-6cb4-4f20-b078-3c89fdbb5632,a971ee45-798a-49d9-86df-33bc890076a8,1633158889835,13.6460119,52.4550015,7.568472,0.9818002,-1.7307949,-0.55342674,on bike mount,cyclo cross,True,asphalt,excellent
cda86829-42ad-4860-974d-351d9b13e3af,a8734a41-6cb4-4f20-b078-3c89fdbb5632,d205c06b-4425-48cd-a92f-341c192758ef,1633158889885,13.6460119,52.4550015,7.568472,-0.8574943,1.8869,0.7455826,on bike mount,cyclo cross,True,asphalt,excellent
cda86829-42ad-4860-974d-351d9b13e3af,a8734a41-6cb4-4f20-b078-3c89fdbb5632,3541e3fe-410b-4feb-9f43-6560b365ed08,1633158889935,13.6460119,52.4550015,7.568472,-0.12342669,0.49859548,-0.14753914,on bike mount,cyclo cross,True,asphalt,excellent
cda86829-42ad-4860-974d-351d9b13e3af,a8734a41-6cb4-4f20-b078-3c89fdbb5632,58221bc2-d22a-45cd-accb-eaac36707904,1633158889984,13.6460119,52.4550015,7.568472,-1.4741013,-0.496557,2.3482227,on bike mount,cyclo cross,True,asphalt,excellent
cda86829-42ad-4860-974d-351d9b13e3af,a8734a41-6cb4-4f20-b078-3c89fdbb5632,aa07860c-dd8f-4d5f-b6d1-b64b070080c0,1633158890034,13.6460119,52.4550015,7.568472,0.4766275,-0.38590527,-1.1275072,on bike mount,cyclo cross,True,asphalt,excellent
cda86829-42ad-4860-974d-351d9b13e3af,a8734a41-6cb4-4f20-b078-3c89fdbb5632,d4ba63ef-f2f1-4a45-9858-a81b11101ad9,1633158890084,13.6460119,52.4550015,7.568472,-1.2875375,1.356641,0.8629484,on bike mount,cyclo cross,True,asphalt,excellent
cda86829-42ad-4860-974d-351d9b13e3af,a8734a41-6cb4-4f20-b078-3c89fdbb5632,c98d4d53-bed4-4e0f-a951-80e76cb84f71,1633158890135,13.6460119,52.4550015,7.568472,0.39403367,-3.1401472,1.6968946,on bike mount,cyclo cross,True,asphalt,excellent
cda86829-42ad-4860-974d-351d9b13e3af,a8734a41-6cb4-4f20-b078-3c89fdbb5632,af637aaa-a021-4c85-ac01-638dae105d02,1633158890185,13.6460119,52.4550015,7.568472,0.35633892,-0.7294321,-1.1856499,on bike mount,cyclo cross,True,asphalt,excellent
cda86829-42ad-4860-974d-351d9b13e3af,a8734a41-6cb4-4f20-b078-3c89fdbb5632,f36e53c1-bfb4-498b-99ae-d9be4b42bcf8,1633158890234,13.6460119,52.4550015,7.568472,0.13337639,-0.8322332,0.28927612,on bike mount,cyclo cross,True,asphalt,excellent
cda86829-42ad-4860-974d-351d9b13e3af,a8734a41-6cb4-4f20-b078-3c89fdbb5632,f9ac04a6-c1ca-42b3-a849-ec282bbf8b3a,1633158890284,13.6460119,52.4550015,7.568472,0.059055567,0.05239463,-0.85617924,on bike mount,cyclo cross,True,asphalt,excellent
cda86829-42ad-4860-974d-351d9b13e3af,a8734a41-6cb4-4f20-b078-3c89fdbb5632,22dbff49-0832-450f-8a3b-c683f00c7154,1633158890335,13.6460119,52.4550015,7.568472,-1.0669715,0.9304631,-1.9005175,on bike mount,cyclo cross,True,asphalt,excellent
cda86829-42ad-4860-974d-351d9b13e3af,a8734a41-6cb4-4f20-b078-3c89fdbb5632,c6f5166c-95dd-49a2-8f57-c1165896e827,1633158890385,13.6460119,52.4550015,7.568472,-0.8403685,-0.14787984,-2.3211079,on bike mount,cyclo cross,True,asphalt,excellent
cda86829-42ad-4860-974d-351d9b13e3af,a8734a41-6cb4-4f20-b078-3c89fdbb5632,92f6ac2d-9d29-4f85-b33e-0516a3ec1c65,1633158890436,13.6460119,52.4550015,7.568472,-0.43170065,-0.10202098,3.0891247,on bike mount,cyclo cross,True,asphalt,excellent
cda86829-42ad-4860-974d-351d9b13e3af,a8734a41-6cb4-4f20-b078-3c89fdbb5632,4193836d-b19b-4cf3-8bc2-6595cc9323b4,1633158890487,13.6460119,52.4550015,7.568472,-0.53196883,0.24514985,-4.0616074,on bike mount,cyclo cross,True,asphalt,excellent
cda86829-42ad-4860-974d-351d9b13e3af,a8734a41-6cb4-4f20-b078-3c89fdbb5632,01f7a707-1c56-481d-a1f0-d388e0b63af3,1633158890537,13.6460119,52.4550015,7.568472,-0.23992406,1.539464,-3.2741358,on bike mount,cyclo cross,True,asphalt,excellent
cda86829-42ad-4860-974d-351d9b13e3af,a8734a41-6cb4-4f20-b078-3c89fdbb5632,62876369-6b9e-4742-abb7-845c39d4470b,1633158890587,13.6460119,52.4550015,7.568472,0.26177362,-3.17205,2.8106127,on bike mount,cyclo cross,True,asphalt,excellent
cda86829-42ad-4860-974d-351d9b13e3af,a8734a41-6cb4-4f20-b078-3c89fdbb5632,f23d207f-389a-48d4-b7e9-b1b7fb017cf2,1633158890636,13.646109,52.4549461,7.2961397,-0.503956,-1.2565866,-0.21384144,on bike mount,cyclo cross,True,asphalt,excellent
cda86829-42ad-4860-974d-351d9b13e3af,a8734a41-6cb4-4f20-b078-3c89fdbb5632,4c8ff6f8-7077-4f16-8907-0fdca5940709,1633158890685,13.646109,52.4549461,7.2961397,0.18932799,-1.387115,-0.018486023,on bike mount,cyclo cross,True,asphalt,excellent
cda86829-42ad-4860-974d-351d9b13e3af,a8734a41-6cb4-4f20-b078-3c89fdbb5632,b0d000fa-8539-4a82-9bc2-7b15d20cc571,1633158890735,13.646109,52.4549461,7.2961397,-0.6718607,1.3928199,-1.331883,on bike mount,cyclo cross,True,asphalt,excellent
cda86829-42ad-4860-974d-351d9b13e3af,a8734a41-6cb4-4f20-b078-3c89fdbb5632,45a44e2f-e92c-48a3-b9be-6c8093f00f7e,1633158890785,13.646109,52.4549461,7.2961397,1.2555623,-2.7729604,-0.4608779,on bike mount,cyclo cross,True,asphalt,excellent
cda86829-42ad-4860-974d-351d9b13e3af,a8734a41-6cb4-4f20-b078-3c89fdbb5632,31f51239-4bed-4d4c-914f-b9e026bf1e8e,1633158890835,13.646109,52.4549461,7.2961397,-0.18145612,-0.8096831,0.85536766,on bike mount,cyclo cross,True,asphalt,excellent
cda86829-42ad-4860-974d-351d9b13e3af,a8734a41-6cb4-4f20-b078-3c89fdbb5632,9f089e0d-88d4-4db3-bcab-cb987b55ef39,1633158890886,13.646109,52.4549461,7.2961397,0.73058087,-1.3049332,0.47971344,on bike mount,cyclo cross,True,asphalt,excellent
cda86829-42ad-4860-974d-351d9b13e3af,a8734a41-6cb4-4f20-b078-3c89fdbb5632,7fedb634-a4ec-4384-b954-7adb72be41f7,1633158890936,13.646109,52.4549461,7.2961397,-0.8972306,-0.56469905,2.499013,on bike mount,cyclo cross,True,asphalt,excellent
cda86829-42ad-4860-974d-351d9b13e3af,a8734a41-6cb4-4f20-b078-3c89fdbb5632,2b2a2f9d-23bc-4415-86ac-2641fa2049de,1633158890986,13.646109,52.4549461,7.2961397,0.9967012,-2.2906573,-0.3323965,on bike mount,cyclo cross,True,asphalt,excellent
cda86829-42ad-4860-974d-351d9b13e3af,a8734a41-6cb4-4f20-b078-3c89fdbb5632,13619bb4-8326-4be4-b66d-5eb9526001af,1633158891035,13.646109,52.4549461,7.2961397,-0.6027897,0.84285474,-1.3531504,on bike mount,cyclo cross,True,asphalt,excellent
cda86829-42ad-4860-974d-351d9b13e3af,a8734a41-6cb4-4f20-b078-3c89fdbb5632,a5dcb344-d3d2-4c77-ac88-9941d5f5be83,1633158891086,13.646109,52.4549461,7.2961397,0.46108326,-3.782429,1.4210377,on bike mount,cyclo cross,True,asphalt,excellent
cda86829-42ad-4860-974d-351d9b13e3af,a8734a41-6cb4-4f20-b078-3c89fdbb5632,1de4cb70-8dd3-4ff7-b5d3-1ff7a7bcbebf,1633158891135,13.646109,52.4549461,7.2961397,0.5449909,1.4246826,0.8787012,on bike mount,cyclo cross,True,asphalt,excellent
cda86829-42ad-4860-974d-351d9b13e3af,a8734a41-6cb4-4f20-b078-3c89fdbb5632,264f1039-4cab-4bbe-b2d3-76518b6e376f,1633158891184,13.646109,52.4549461,7.2961397,-0.6997295,0.6124604,2.1459646,on bike mount,cyclo cross,True,asphalt,excellent
cda86829-42ad-4860-974d-351d9b13e3af,a8734a41-6cb4-4f20-b078-3c89fdbb5632,86214a88-c989-46eb-a2a8-57600a158723,1633158891233,13.646109,52.4549461,7.2961397,-1.4876139,0.42093897,0.8336239,on bike mount,cyclo cross,True,asphalt,excellent
cda86829-42ad-4860-974d-351d9b13e3af,a8734a41-6cb4-4f20-b078-3c89fdbb5632,b7d99a32-b351-480a-8128-741594769010,1633158891283,13.646109,52.4549461,7.2961397,2.4874573,-0.32856584,2.1394978,on bike mount,cyclo cross,True,asphalt,excellent
cda86829-42ad-4860-974d-351d9b13e3af,a8734a41-6cb4-4f20-b078-3c89fdbb5632,d7894e1d-4e22-41ba-8d56-429c0d333d30,1633158891334,13.646109,52.4549461,7.2961397,-0.15772954,0.0036079884,0.6831093,on bike mount,cyclo cross,True,asphalt,excellent
cda86829-42ad-4860-974d-351d9b13e3af,a8734a41-6cb4-4f20-b078-3c89fdbb5632,78f99e88-fa04-4602-97fc-f2cc5d63cc00,1633158891385,13.646109,52.4549461,7.2961397,-0.8896606,-1.8060974,-0.2865553,on bike mount,cyclo cross,True,asphalt,excellent
cda86829-42ad-4860-974d-351d9b13e3af,a8734a41-6cb4-4f20-b078-3c89fdbb5632,a52ee79e-88c1-429e-a478-6adf5b09d99e,1633158891435,13.646109,52.4549461,7.2961397,0.057382643,1.1939607,0.80882454,on bike mount,cyclo cross,True,asphalt,excellent
cda86829-42ad-4860-974d-351d9b13e3af,a8734a41-6cb4-4f20-b078-3c89fdbb5632,f76f7e48-e4f7-4b84-b3dd-08893426eff9,1633158891486,13.646109,52.4549461,7.2961397,-0.20511152,-0.9205893,-0.49723244,on bike mount,cyclo cross,True,asphalt,excellent
cda86829-42ad-4860-974d-351d9b13e3af,a8734a41-6cb4-4f20-b078-3c89fdbb5632,c435f397-57a5-4fbf-b8f5-f0c496aefa08,1633158891538,13.646109,52.4549461,7.2961397,-0.86013633,3.5886354,-2.3463273,on bike mount,cyclo cross,True,asphalt,excellent
cda86829-42ad-4860-974d-351d9b13e3af,a8734a41-6cb4-4f20-b078-3c89fdbb5632,12832e3e-d04f-439a-84de-9fb9ce4623b5,1633158891589,13.646109,52.4549461,7.2961397,0.5728444,2.1902475,-0.8836689,on bike mount,cyclo cross,True,asphalt,excellent
cda86829-42ad-4860-974d-351d9b13e3af,a8734a41-6cb4-4f20-b078-3c89fdbb5632,d038b634-1da2-4986-a69a-e4ec4492b655,1633158891640,13.6461785,52.4549052,4.82334,-2.5798666,0.15191936,-0.046855927,on bike mount,cyclo cross,True,asphalt,excellent
cda86829-42ad-4860-974d-351d9b13e3af,a8734a41-6cb4-4f20-b078-3c89fdbb5632,8d5e48c2-d659-4366-8970-ca4849ec1f7b,1633158891689,13.6461785,52.4549052,4.82334,2.705964,-1.8716283,0.2867098,on bike mount,cyclo cross,True,asphalt,excellent
cda86829-42ad-4860-974d-351d9b13e3af,a8734a41-6cb4-4f20-b078-3c89fdbb5632,1908c5a1-1c3b-4192-bc68-8c589aa7d4eb,1633158891739,13.6461785,52.4549052,4.82334,-0.5026493,-2.0313747,-0.43166733,on bike mount,cyclo cross,True,asphalt,excellent
cda86829-42ad-4860-974d-351d9b13e3af,a8734a41-6cb4-4f20-b078-3c89fdbb5632,7334abd8-b2d0-40d2-8e6a-1e8993fc6ec5,1633158891789,13.6461785,52.4549052,4.82334,-0.4661253,1.6068311,-2.306065,on bike mount,cyclo cross,True,asphalt,excellent
cda86829-42ad-4860-974d-351d9b13e3af,a8734a41-6cb4-4f20-b078-3c89fdbb5632,555452c5-eeec-40d8-a5e9-f2edef19b3d8,1633158891839,13.6461785,52.4549052,4.82334,0.19598585,-0.4433179,-0.42432976,on bike mount,cyclo cross,True,asphalt,excellent
cda86829-42ad-4860-974d-351d9b13e3af,a8734a41-6cb4-4f20-b078-3c89fdbb5632,0dfa03ff-109a-4824-80e0-79e9a94ecedf,1633158891889,13.6461785,52.4549052,4.82334,1.0753127,-1.7432979,-0.5435915,on bike mount,cyclo cross,True,asphalt,excellent
cda86829-42ad-4860-974d-351d9b13e3af,a8734a41-6cb4-4f20-b078-3c89fdbb5632,9c87ec9f-654c-4fc3-9d60-e395b77abf27,1633158891939,13.6461785,52.4549052,4.82334,-3.9764683,2.155078,1.0231199,on bike mount,cyclo cross,True,asphalt,excellent
cda86829-42ad-4860-974d-351d9b13e3af,a8734a41-6cb4-4f20-b078-3c89fdbb5632,cab9a0e7-9cb1-4648-9301-a84071f3799c,1633158891990,13.6461785,52.4549052,4.82334,2.7976186,-0.43959045,0.91687584,on bike mount,cyclo cross,True,asphalt,excellent
cda86829-42ad-4860-974d-351d9b13e3af,a8734a41-6cb4-4f20-b078-3c89fdbb5632,5b800c26-1eb5-4e49-aba5-41dd2e554789,1633158892043,13.6461785,52.4549052,4.82334,0.13605794,1.2890604,-2.2865615,on bike mount,cyclo cross,True,asphalt,excellent
cda86829-42ad-4860-974d-351d9b13e3af,a8734a41-6cb4-4f20-b078-3c89fdbb5632,3a94a14f-44ff-4375-abef-f9a272df0743,1633158892093,13.6461785,52.4549052,4.82334,-0.79135376,-1.5409777,0.94501305,on bike mount,cyclo cross,True,asphalt,excellent
cda86829-42ad-4860-974d-351d9b13e3af,a8734a41-6cb4-4f20-b078-3c89fdbb5632,2a0ffd42-391d-47f0-a8db-b408eeb16e5e,1633158892143,13.6461785,52.4549052,4.82334,0.14935152,0.9987793,0.29846668,on bike mount,cyclo cross,True,asphalt,excellent
cda86829-42ad-4860-974d-351d9b13e3af,a8734a41-6cb4-4f20-b078-3c89fdbb5632,21fa6189-14b6-4450-bd3b-14a63527199c,1633158892193,13.6461785,52.4549052,4.82334,5.3822994e-05,0.34076786,2.6797066,on bike mount,cyclo cross,True,asphalt,excellent
cda86829-42ad-4860-974d-351d9b13e3af,a8734a41-6cb4-4f20-b078-3c89fdbb5632,db137825-159f-4583-b3e1-511c2962d071,1633158892244,13.6461785,52.4549052,4.82334,-0.4122085,1.6845214,-0.7258878,on bike mount,cyclo cross,True,asphalt,excellent
cda86829-42ad-4860-974d-351d9b13e3af,a8734a41-6cb4-4f20-b078-3c89fdbb5632,a380ca26-fa42-4f1e-9a5f-ad84f7de27b0,1633158892294,13.6461785,52.4549052,4.82334,-0.58383346,1.9473486,2.1223326,on bike mount,cyclo cross,True,asphalt,excellent
cda86829-42ad-4860-974d-351d9b13e3af,a8734a41-6cb4-4f20-b078-3c89fdbb5632,56a8408a-6c36-475c-b663-e5242e53669e,1633158892344,13.6461785,52.4549052,4.82334,1.0147531,-0.7143388,1.4860392,on bike mount,cyclo cross,True,asphalt,excellent
cda86829-42ad-4860-974d-351d9b13e3af,a8734a41-6cb4-4f20-b078-3c89fdbb5632,64fda1bd-5491-4214-ab89-8f99d0d5284d,1633158892394,13.6461785,52.4549052,4.82334,0.7020412,-1.5272095,4.934746,on bike mount,cyclo cross,True,asphalt,excellent
cda86829-42ad-4860-974d-351d9b13e3af,a8734a41-6cb4-4f20-b078-3c89fdbb5632,61857c95-6c87-4bf4-9b29-1c869d45cc46,1633158892446,13.6461785,52.4549052,4.82334,0.41177627,-1.1546402,-1.4684668,on bike mount,cyclo cross,True,asphalt,excellent
cda86829-42ad-4860-974d-351d9b13e3af,a8734a41-6cb4-4f20-b078-3c89fdbb5632,d847d415-6dd9-481b-b258-f3896dd36f9f,1633158892496,13.6461785,52.4549052,4.82334,0.31941122,-0.8684039,-0.29601288,on bike mount,cyclo cross,True,asphalt,excellent
cda86829-42ad-4860-974d-351d9b13e3af,a8734a41-6cb4-4f20-b078-3c89fdbb5632,288ed14b-858e-40c2-8e65-129df8546e1e,1633158892545,13.6461785,52.4549052,4.82334,0.84011304,-2.711227,-1.9164171,on bike mount,cyclo cross,True,asphalt,excellent
cda86829-42ad-4860-974d-351d9b13e3af,a8734a41-6cb4-4f20-b078-3c89fdbb5632,3302ca7e-11e7-49eb-be5b-e2528392f6af,1633158892595,13.6461785,52.4549052,4.82334,1.1386718,-2.9598937,-1.6337085,on bike mount,cyclo cross,True,asphalt,excellent
cda86829-42ad-4860-974d-351d9b13e3af,a8734a41-6cb4-4f20-b078-3c89fdbb5632,978277a6-ce6f-46ce-ab69-032a4df84f48,1633158892645,13.6462377,52.4548615,7.34746,-1.3863457,2.757803,-4.247067,on bike mount,cyclo cross,True,asphalt,excellent
cda86829-42ad-4860-974d-351d9b13e3af,a8734a41-6cb4-4f20-b078-3c89fdbb5632,83dbda0e-8504-43c2-b116-d3245607c528,1633158892695,13.6462377,52.4548615,7.34746,-1.8443669,0.7580514,2.655323,on bike mount,cyclo cross,True,asphalt,excellent
cda86829-42ad-4860-974d-351d9b13e3af,a8734a41-6cb4-4f20-b078-3c89fdbb5632,51241b11-41ef-43c1-8b5f-91c7e4f6adbd,1633158892745,13.6462377,52.4548615,7.34746,0.11737865,-0.6984434,1.0235481,on bike mount,cyclo cross,True,asphalt,excellent
cda86829-42ad-4860-974d-351d9b13e3af,a8734a41-6cb4-4f20-b078-3c89fdbb5632,fdf2b403-8c04-4e7c-90a1-47d9c393c74d,1633158892795,13.6462377,52.4548615,7.34746,-0.28564715,-1.3690146,0.8642378,on bike mount,cyclo cross,True,asphalt,excellent
cda86829-42ad-4860-974d-351d9b13e3af,a8734a41-6cb4-4f20-b078-3c89fdbb5632,57806b78-00f5-4b07-9f9b-5c69dbe0ce08,1633158892845,13.6462377,52.4548615,7.34746,-0.4195898,0.031995058,-0.29728317,on bike mount,cyclo cross,True,asphalt,excellent
cda86829-42ad-4860-974d-351d9b13e3af,a8734a41-6cb4-4f20-b078-3c89fdbb5632,e86303f3-c882-4777-ae0c-d68f129b8b4c,1633158892896,13.6462377,52.4548615,7.34746,0.3820268,-1.6500994,0.8838186,on bike mount,cyclo cross,True,asphalt,excellent
cda86829-42ad-4860-974d-351d9b13e3af,a8734a41-6cb4-4f20-b078-3c89fdbb5632,30ec6a7d-98b6-4c04-9aa7-c57f3aac4a37,1633158892945,13.6462377,52.4548615,7.34746,-0.5824368,2.991047,0.2708416,on bike mount,cyclo cross,True,asphalt,excellent
cda86829-42ad-4860-974d-351d9b13e3af,a8734a41-6cb4-4f20-b078-3c89fdbb5632,28759ee3-3c55-420e-9a02-721f08440e83,1633158892995,13.6462377,52.4548615,7.34746,-0.01831168,-0.42262697,1.6480627,on bike mount,cyclo cross,True,asphalt,excellent
cda86829-42ad-4860-974d-351d9b13e3af,a8734a41-6cb4-4f20-b078-3c89fdbb5632,5310610c-0282-4104-875f-8aa0361b8792,1633158893045,13.6462377,52.4548615,7.34746,1.7931142,3.407515,-0.028887749,on bike mount,cyclo cross,True,asphalt,excellent
cda86829-42ad-4860-974d-351d9b13e3af,a8734a41-6cb4-4f20-b078-3c89fdbb5632,76e74d58-8842-4402-9d36-746422f53b55,1633158893096,13.6462377,52.4548615,7.34746,-1.6981024,0.59778523,4.1506214,on bike mount,cyclo cross,True,asphalt,excellent
cda86829-42ad-4860-974d-351d9b13e3af,a8734a41-6cb4-4f20-b078-3c89fdbb5632,3d7ae251-bda1-461e-be81-492b245b1b99,1633158893145,13.6462377,52.4548615,7.34746,0.8286018,0.6543889,-0.36995888,on bike mount,cyclo cross,True,asphalt,excellent
cda86829-42ad-4860-974d-351d9b13e3af,a8734a41-6cb4-4f20-b078-3c89fdbb5632,5f7b2832-56de-41bb-985d-3ec71da5c49b,1633158893195,13.6462377,52.4548615,7.34746,-0.09919618,-0.023607254,2.4716063,on bike mount,cyclo cross,True,asphalt,excellent
cda86829-42ad-4860-974d-351d9b13e3af,a8734a41-6cb4-4f20-b078-3c89fdbb5632,915294ad-5256-4f22-af4e-8c9b6b95b591,1633158893245,13.6462377,52.4548615,7.34746,-0.28175896,-0.9524214,-0.14243412,on bike mount,cyclo cross,True,asphalt,excellent
cda86829-42ad-4860-974d-351d9b13e3af,a8734a41-6cb4-4f20-b078-3c89fdbb5632,bee666ee-ec8a-4e53-b250-58ee2f72c5aa,1633158893296,13.6462377,52.4548615,7.34746,0.6310059,-0.5470183,0.17041111,on bike mount,cyclo cross,True,asphalt,excellent
cda86829-42ad-4860-974d-351d9b13e3af,a8734a41-6cb4-4f20-b078-3c89fdbb5632,aba52e1f-50c5-46ca-b731-ab665304c6a0,1633158893347,13.6462377,52.4548615,7.34746,-0.15028977,-0.3998599,-0.48513603,on bike mount,cyclo cross,True,asphalt,excellent
cda86829-42ad-4860-974d-351d9b13e3af,a8734a41-6cb4-4f20-b078-3c89fdbb5632,59f1d0fa-6e60-4f77-8e65-74c3a9b923d9,1633158893397,13.6462377,52.4548615,7.34746,-2.0711994,0.5796468,-0.6279526,on bike mount,cyclo cross,True,asphalt,excellent
cda86829-42ad-4860-974d-351d9b13e3af,a8734a41-6cb4-4f20-b078-3c89fdbb5632,0fec59e9-72a8-4828-a2fe-a971987e53fd,1633158893449,13.6462377,52.4548615,7.34746,-1.0247344,0.8736453,-3.0109181,on bike mount,cyclo cross,True,asphalt,excellent
cda86829-42ad-4860-974d-351d9b13e3af,a8734a41-6cb4-4f20-b078-3c89fdbb5632,681e6ed5-208f-4177-a235-efad08b20bf0,1633158893499,13.6462377,52.4548615,7.34746,0.66338843,-2.1963534,2.0800018,on bike mount,cyclo cross,True,asphalt,excellent
cda86829-42ad-4860-974d-351d9b13e3af,a8734a41-6cb4-4f20-b078-3c89fdbb5632,908a6092-e4c9-4982-b5f5-ae300952c64e,1633158893549,13.6462377,52.4548615,7.34746,0.6829101,-1.8835703,0.85220146,on bike mount,cyclo cross,True,asphalt,excellent
cda86829-42ad-4860-974d-351d9b13e3af,a8734a41-6cb4-4f20-b078-3c89fdbb5632,89dfb3f9-4957-496e-8d73-232a6c724a3b,1633158893602,13.6462377,52.4548615,7.34746,-0.08699882,-2.0561945,0.17318058,on bike mount,cyclo cross,True,asphalt,excellent
cda86829-42ad-4860-974d-351d9b13e3af,a8734a41-6cb4-4f20-b078-3c89fdbb5632,4e00e641-94af-45c8-8d00-da63e0786dc2,1633158893652,13.6463315,52.4548102,7.253582,0.8153598,1.7585087,-2.130505,on bike mount,cyclo cross,True,asphalt,excellent
cda86829-42ad-4860-974d-351d9b13e3af,a8734a41-6cb4-4f20-b078-3c89fdbb5632,0177fb46-3a9b-4de5-8600-55a9e1657c27,1633158893703,13.6463315,52.4548102,7.253582,-0.34056196,-3.1968958,2.8190975,on bike mount,cyclo cross,True,asphalt,excellent
cda86829-42ad-4860-974d-351d9b13e3af,a8734a41-6cb4-4f20-b078-3c89fdbb5632,0acd9593-e683-4c8a-ad83-f7ae50f14dae,1633158893753,13.6463315,52.4548102,7.253582,0.9173257,-0.4357791,1.1312294,on bike mount,cyclo cross,True,asphalt,excellent
cda86829-42ad-4860-974d-351d9b13e3af,a8734a41-6cb4-4f20-b078-3c89fdbb5632,0a265393-3ebc-4719-aa9b-637845995dbf,1633158893803,13.6463315,52.4548102,7.253582,-0.47765276,0.54709625,1.4323473,on bike mount,cyclo cross,True,asphalt,excellent
cda86829-42ad-4860-974d-351d9b13e3af,a8734a41-6cb4-4f20-b078-3c89fdbb5632,01f37b67-3c08-4cfb-85be-2f5d7e72a651,1633158893853,13.6463315,52.4548102,7.253582,0.9004004,-2.2203655,3.486044,on bike mount,cyclo cross,True,asphalt,excellent
cda86829-42ad-4860-974d-351d9b13e3af,a8734a41-6cb4-4f20-b078-3c89fdbb5632,1e991051-c6ed-4976-8f19-c1f67a2dd9af,1633158893904,13.6463315,52.4548102,7.253582,0.52557456,-0.24322462,-1.4517393,on bike mount,cyclo cross,True,asphalt,excellent
cda86829-42ad-4860-974d-351d9b13e3af,a8734a41-6cb4-4f20-b078-3c89fdbb5632,3f3ca99c-93bd-40c8-b621-8c14388d0d12,1633158893954,13.6463315,52.4548102,7.253582,-1.9515592,1.2074609,-0.16145802,on bike mount,cyclo cross,True,asphalt,excellent
cda86829-42ad-4860-974d-351d9b13e3af,a8734a41-6cb4-4f20-b078-3c89fdbb5632,deedb394-216b-459e-8d58-c390cfdb006b,1633158894004,13.6463315,52.4548102,7.253582,-0.41839865,-3.0728939,2.454565,on bike mount,cyclo cross,True,asphalt,excellent
cda86829-42ad-4860-974d-351d9b13e3af,a8734a41-6cb4-4f20-b078-3c89fdbb5632,02eec4e5-fd6d-48ea-abae-5ee5827d633f,1633158894055,13.6463315,52.4548102,7.253582,-0.3780008,0.034766674,0.9562807,on bike mount,cyclo cross,True,asphalt,excellent
cda86829-42ad-4860-974d-351d9b13e3af,a8734a41-6cb4-4f20-b078-3c89fdbb5632,13dff32f-4de4-405f-8758-887127d6ccc1,1633158894104,13.6463315,52.4548102,7.253582,-1.1374626,-2.1662717,-3.302607,on bike mount,cyclo cross,True,asphalt,excellent
cda86829-42ad-4860-974d-351d9b13e3af,a8734a41-6cb4-4f20-b078-3c89fdbb5632,cc7bde1b-5138-4c51-8ba9-072d69c8608d,1633158894154,13.6463315,52.4548102,7.253582,-0.15262103,-0.011948824,-0.20073605,on bike mount,cyclo cross,True,asphalt,excellent
cda86829-42ad-4860-974d-351d9b13e3af,a8734a41-6cb4-4f20-b078-3c89fdbb5632,b9a82e13-8a93-4b65-83c0-ec301d653f48,1633158894203,13.6463315,52.4548102,7.253582,1.0961308,0.8918698,-0.23571682,on bike mount,cyclo cross,True,asphalt,excellent
cda86829-42ad-4860-974d-351d9b13e3af,a8734a41-6cb4-4f20-b078-3c89fdbb5632,d4d2791f-1795-4c23-8e83-23330a46d4d5,1633158894253,13.6463315,52.4548102,7.253582,-1.7822003,0.52174354,0.25818348,on bike mount,cyclo cross,True,asphalt,excellent
cda86829-42ad-4860-974d-351d9b13e3af,a8734a41-6cb4-4f20-b078-3c89fdbb5632,0dc7fa9c-5639-4341-a3f0-634d1d777931,1633158894304,13.6463315,52.4548102,7.253582,-0.21744034,-1.4808296,0.042980194,on bike mount,cyclo cross,True,asphalt,excellent
cda86829-42ad-4860-974d-351d9b13e3af,a8734a41-6cb4-4f20-b078-3c89fdbb5632,f5bbdf72-c23f-4bb7-a5a7-957942a070da,1633158894353,13.6463315,52.4548102,7.253582,0.36471617,1.4195275,-2.2909942,on bike mount,cyclo cross,True,asphalt,excellent
cda86829-42ad-4860-974d-351d9b13e3af,a8734a41-6cb4-4f20-b078-3c89fdbb5632,b4488b4f-16a4-4399-8dcf-697d8430167d,1633158894404,13.6463315,52.4548102,7.253582,-0.3104179,-0.09552765,3.1248999,on bike mount,cyclo cross,True,asphalt,excellent
cda86829-42ad-4860-974d-351d9b13e3af,a8734a41-6cb4-4f20-b078-3c89fdbb5632,d7e6fe4b-e5a5-4081-9439-56737f323601,1633158894454,13.6463315,52.4548102,7.253582,-0.051891882,0.6758385,-1.6797075,on bike mount,cyclo cross,True,asphalt,excellent
cda86829-42ad-4860-974d-351d9b13e3af,a8734a41-6cb4-4f20-b078-3c89fdbb5632,67edda03-5b8a-47f1-83e8-543f3ff95d0e,1633158894505,13.6463315,52.4548102,7.253582,0.050009757,-0.85391736,2.3288794,on bike mount,cyclo cross,True,asphalt,excellent
cda86829-42ad-4860-974d-351d9b13e3af,a8734a41-6cb4-4f20-b078-3c89fdbb5632,e6cbe25e-cae3-4549-ae99-e2bcba70bfac,1633158894556,13.6463315,52.4548102,7.253582,-1.151013,0.47478223,-0.26649475,on bike mount,cyclo cross,True,asphalt,excellent
cda86829-42ad-4860-974d-351d9b13e3af,a8734a41-6cb4-4f20-b078-3c89fdbb5632,e7e724df-bd0c-463e-aae9-a7f1ca1f8e2a,1633158894606,13.6463315,52.4548102,7.253582,0.22402345,-0.37282276,4.475544,on bike mount,cyclo cross,True,asphalt,excellent
cda86829-42ad-4860-974d-351d9b13e3af,a8734a41-6cb4-4f20-b078-3c89fdbb5632,361f8451-6080-46f6-bc43-d3d74d7727e0,1633158894657,13.6464206,52.4547524,7.3380322,-0.6244121,1.2069409,-1.164567,on bike mount,cyclo cross,True,asphalt,excellent
cda86829-42ad-4860-974d-351d9b13e3af,a8734a41-6cb4-4f20-b078-3c89fdbb5632,0176662d-8c49-4b4a-8277-93e34ace0002,1633158894707,13.6464206,52.4547524,7.3380322,-0.27392456,-0.20120406,0.9179678,on bike mount,cyclo cross,True,asphalt,excellent
cda86829-42ad-4860-974d-351d9b13e3af,a8734a41-6cb4-4f20-b078-3c89fdbb5632,c6e6cb5b-fc67-40dd-b0c2-c0d562af9b99,1633158894759,13.6464206,52.4547524,7.3380322,0.9792315,0.7980063,-0.35831642,on bike mount,cyclo cross,True,asphalt,excellent
cda86829-42ad-4860-974d-351d9b13e3af,a8734a41-6cb4-4f20-b078-3c89fdbb5632,029d40bb-e172-43d4-a936-395d3a03456b,1633158894809,13.6464206,52.4547524,7.3380322,-0.04882969,-0.07110667,-0.9584789,on bike mount,cyclo cross,True,asphalt,excellent
cda86829-42ad-4860-974d-351d9b13e3af,a8734a41-6cb4-4f20-b078-3c89fdbb5632,d0294ba9-1357-43de-a9f0-c1766de3e561,1633158894859,13.6464206,52.4547524,7.3380322,0.49687684,0.8886018,-0.15892029,on bike mount,cyclo cross,True,asphalt,excellent
cda86829-42ad-4860-974d-351d9b13e3af,a8734a41-6cb4-4f20-b078-3c89fdbb5632,4e1396ff-e56e-4d41-a85f-5a1dc398e6ec,1633158894909,13.6464206,52.4547524,7.3380322,0.99860454,0.7523141,0.13171291,on bike mount,cyclo cross,True,asphalt,excellent
cda86829-42ad-4860-974d-351d9b13e3af,a8734a41-6cb4-4f20-b078-3c89fdbb5632,91fba0d2-f310-49dc-ae1e-d18ea12822ba,1633158894959,13.6464206,52.4547524,7.3380322,-0.2732445,-0.83896875,-0.47615623,on bike mount,cyclo cross,True,asphalt,excellent
cda86829-42ad-4860-974d-351d9b13e3af,a8734a41-6cb4-4f20-b078-3c89fdbb5632,1a334812-ae97-4f29-a0b2-2f2cfa8a65ba,1633158895009,13.6464206,52.4547524,7.3380322,-0.26962033,1.3009129,0.14151096,on bike mount,cyclo cross,True,asphalt,excellent
cda86829-42ad-4860-974d-351d9b13e3af,a8734a41-6cb4-4f20-b078-3c89fdbb5632,4f9df928-277a-4b60-8daf-960d63567886,1633158895060,13.6464206,52.4547524,7.3380322,-0.08477479,1.5766952,-0.758317,on bike mount,cyclo cross,True,asphalt,excellent
cda86829-42ad-4860-974d-351d9b13e3af,a8734a41-6cb4-4f20-b078-3c89fdbb5632,1a28bb3a-8dc0-486f-977a-8ddb56050f1f,1633158895110,13.6464206,52.4547524,7.3380322,-0.57466376,-2.0320232,0.6226826,on bike mount,cyclo cross,True,asphalt,excellent
cda86829-42ad-4860-974d-351d9b13e3af,a8734a41-6cb4-4f20-b078-3c89fdbb5632,aea2644f-d77d-4f7b-97d9-c92826c24a61,1633158895160,13.6464206,52.4547524,7.3380322,0.811836,1.2619882,-1.0846376,on bike mount,cyclo cross,True,asphalt,excellent
cda86829-42ad-4860-974d-351d9b13e3af,a8734a41-6cb4-4f20-b078-3c89fdbb5632,9d686dfd-e392-4896-8059-685bbe57d785,1633158895211,13.6464206,52.4547524,7.3380322,1.6602569,0.8929596,-0.44346142,on bike mount,cyclo cross,True,asphalt,excellent
cda86829-42ad-4860-974d-351d9b13e3af,a8734a41-6cb4-4f20-b078-3c89fdbb5632,d742392c-105c-48dc-ab87-77652b8e14a7,1633158895260,13.6464206,52.4547524,7.3380322,-1.5870659,-0.07803631,1.590929,on bike mount,cyclo cross,True,asphalt,excellent
cda86829-42ad-4860-974d-351d9b13e3af,a8734a41-6cb4-4f20-b078-3c89fdbb5632,11e7615d-c614-4793-8db9-957e651eb2f0,1633158895310,13.6464206,52.4547524,7.3380322,-0.92134047,-1.2171371,-0.0073604584,on bike mount,cyclo cross,True,asphalt,excellent
cda86829-42ad-4860-974d-351d9b13e3af,a8734a41-6cb4-4f20-b078-3c89fdbb5632,4f3a9128-2627-4c6a-aa57-3de235b702fb,1633158895360,13.6464206,52.4547524,7.3380322,1.1143956,-0.013923645,1.3488874,on bike mount,cyclo cross,True,asphalt,excellent
cda86829-42ad-4860-974d-351d9b13e3af,a8734a41-6cb4-4f20-b078-3c89fdbb5632,c62e642b-8883-4b14-a2f8-cc09072deb5f,1633158895409,13.6464206,52.4547524,7.3380322,-0.12498248,0.075134516,0.575202,on bike mount,cyclo cross,True,asphalt,excellent
cda86829-42ad-4860-974d-351d9b13e3af,a8734a41-6cb4-4f20-b078-3c89fdbb5632,cc4dcd17-da6f-497f-8418-1d2103262cfe,1633158895460,13.6464206,52.4547524,7.3380322,-1.0242176,-1.8335886,0.93934727,on bike mount,cyclo cross,True,asphalt,excellent
cda86829-42ad-4860-974d-351d9b13e3af,a8734a41-6cb4-4f20-b078-3c89fdbb5632,e3b3e523-bf84-484d-ae16-12317cba2749,1633158895511,13.6464206,52.4547524,7.3380322,1.2380631,-0.690781,2.3664665,on bike mount,cyclo cross,True,asphalt,excellent
cda86829-42ad-4860-974d-351d9b13e3af,a8734a41-6cb4-4f20-b078-3c89fdbb5632,f633071c-3435-4f48-b6ae-d42bafdfa4ee,1633158895562,13.6464206,52.4547524,7.3380322,-1.3155336,1.5289001,-3.1189408,on bike mount,cyclo cross,True,asphalt,excellent
cda86829-42ad-4860-974d-351d9b13e3af,a8734a41-6cb4-4f20-b078-3c89fdbb5632,8fac4272-200e-4490-9dfa-30e8403e12af,1633158895612,13.6464206,52.4547524,7.3380322,1.1859949,0.5015924,2.1348972,on bike mount,cyclo cross,True,asphalt,excellent
cda86829-42ad-4860-974d-351d9b13e3af,a8734a41-6cb4-4f20-b078-3c89fdbb5632,0ff84059-f03c-4619-a6fd-db1c227a332f,1633158895662,13.6465122,52.4546883,7.9701066,-1.2467988,-0.6125145,-0.30792904,on bike mount,cyclo cross,True,asphalt,excellent
cda86829-42ad-4860-974d-351d9b13e3af,a8734a41-6cb4-4f20-b078-3c89fdbb5632,8b38f07a-8c74-4694-b265-3926255ef3c5,1633158895713,13.6465122,52.4546883,7.9701066,0.74881065,-0.92133355,2.142685,on bike mount,cyclo cross,True,asphalt,excellent
cda86829-42ad-4860-974d-351d9b13e3af,a8734a41-6cb4-4f20-b078-3c89fdbb5632,9775627e-566a-4956-8a4d-fcdb81ee8be8,1633158895765,13.6465122,52.4546883,7.9701066,1.0720195,0.4682889,-1.0895152,on bike mount,cyclo cross,True,asphalt,excellent
cda86829-42ad-4860-974d-351d9b13e3af,a8734a41-6cb4-4f20-b078-3c89fdbb5632,0918bb9d-876a-4453-b48c-11e916fa296d,1633158895815,13.6465122,52.4546883,7.9701066,0.41987538,-0.38045526,-0.3434906,on bike mount,cyclo cross,True,asphalt,excellent
cda86829-42ad-4860-974d-351d9b13e3af,a8734a41-6cb4-4f20-b078-3c89fdbb5632,a1abbd53-b79e-4543-81b9-224fb11e99c3,1633158895866,13.6465122,52.4546883,7.9701066,-0.096028216,0.10397196,-2.8691988,on bike mount,cyclo cross,True,asphalt,excellent
cda86829-42ad-4860-974d-351d9b13e3af,a8734a41-6cb4-4f20-b078-3c89fdbb5632,aa76342f-4482-41a1-8c6a-569267e9ac9d,1633158895915,13.6465122,52.4546883,7.9701066,1.8690724,-1.4221085,0.5847006,on bike mount,cyclo cross,True,asphalt,excellent
cda86829-42ad-4860-974d-351d9b13e3af,a8734a41-6cb4-4f20-b078-3c89fdbb5632,28812926-ff69-4859-850d-343fd50f1202,1633158895966,13.6465122,52.4546883,7.9701066,-1.0429366,-0.754977,-0.984848,on bike mount,cyclo cross,True,asphalt,excellent
cda86829-42ad-4860-974d-351d9b13e3af,a8734a41-6cb4-4f20-b078-3c89fdbb5632,b6c1c045-3025-4e1a-a76b-67cfa3bc1cfb,1633158896016,13.6465122,52.4546883,7.9701066,-1.024699,0.09574938,-0.3357973,on bike mount,cyclo cross,True,asphalt,excellent
cda86829-42ad-4860-974d-351d9b13e3af,a8734a41-6cb4-4f20-b078-3c89fdbb5632,98856b06-c8b8-45be-aeaf-9d2083d9f260,1633158896065,13.6465122,52.4546883,7.9701066,-0.4353005,0.24113083,1.0741787,on bike mount,cyclo cross,True,asphalt,excellent
cda86829-42ad-4860-974d-351d9b13e3af,a8734a41-6cb4-4f20-b078-3c89fdbb5632,454bd6b9-866f-4ca1-a41e-5e55ed37b65a,1633158896115,13.6465122,52.4546883,7.9701066,0.6310659,-2.2226987,0.014204979,on bike mount,cyclo cross,True,asphalt,excellent
cda86829-42ad-4860-974d-351d9b13e3af,a8734a41-6cb4-4f20-b078-3c89fdbb5632,bd070afc-3bc1-4309-8b4a-be9ed985baca,1633158896165,13.6465122,52.4546883,7.9701066,0.47238597,1.3584025,0.10053635,on bike mount,cyclo cross,True,asphalt,excellent
cda86829-42ad-4860-974d-351d9b13e3af,a8734a41-6cb4-4f20-b078-3c89fdbb5632,49801163-ca08-4fbc-96cf-4ddfb800fbc8,1633158896215,13.6465122,52.4546883,7.9701066,-0.20414907,-0.6557605,-1.0291872,on bike mount,cyclo cross,True,asphalt,excellent
cda86829-42ad-4860-974d-351d9b13e3af,a8734a41-6cb4-4f20-b078-3c89fdbb5632,a700c25d-b6e4-4b67-b963-95c1c6a4d2ba,1633158896264,13.6465122,52.4546883,7.9701066,-1.6152259,-0.8464422,1.0331736,on bike mount,cyclo cross,True,asphalt,excellent
cda86829-42ad-4860-974d-351d9b13e3af,a8734a41-6cb4-4f20-b078-3c89fdbb5632,c9864d1d-86ca-4121-8498-910af105753f,1633158896313,13.6465122,52.4546883,7.9701066,0.2737596,-0.10260677,1.7041159,on bike mount,cyclo cross,True,asphalt,excellent
cda86829-42ad-4860-974d-351d9b13e3af,a8734a41-6cb4-4f20-b078-3c89fdbb5632,9aec0095-d18c-41ca-96ef-ae7b8fd34042,1633158896363,13.6465122,52.4546883,7.9701066,0.08479698,0.6109917,-0.057909966,on bike mount,cyclo cross,True,asphalt,excellent
cda86829-42ad-4860-974d-351d9b13e3af,a8734a41-6cb4-4f20-b078-3c89fdbb5632,12449651-b7ad-40f1-bb95-52b8a4ea7be9,1633158896413,13.6465122,52.4546883,7.9701066,0.12922263,-1.3251919,0.4839573,on bike mount,cyclo cross,True,asphalt,excellent
cda86829-42ad-4860-974d-351d9b13e3af,a8734a41-6cb4-4f20-b078-3c89fdbb5632,be4034b1-2858-4d84-8212-f6ead3d805de,1633158896464,13.6465122,52.4546883,7.9701066,0.3588689,-1.5196742,1.6048346,on bike mount,cyclo cross,True,asphalt,excellent
cda86829-42ad-4860-974d-351d9b13e3af,a8734a41-6cb4-4f20-b078-3c89fdbb5632,98cc1ba0-6406-4bd9-9501-5d8dfb97a688,1633158896514,13.6465122,52.4546883,7.9701066,-0.6929525,0.9653237,0.41754246,on bike mount,cyclo cross,True,asphalt,excellent
cda86829-42ad-4860-974d-351d9b13e3af,a8734a41-6cb4-4f20-b078-3c89fdbb5632,e2d732ad-10ee-4bd1-b84a-21b4d130c553,1633158896562,13.6465122,52.4546883,7.9701066,-0.19084808,1.175643,1.3201218,on bike mount,cyclo cross,True,asphalt,excellent
cda86829-42ad-4860-974d-351d9b13e3af,a8734a41-6cb4-4f20-b078-3c89fdbb5632,8f964d24-fb16-4f64-bd12-1a43f7343597,1633158896613,13.6465122,52.4546883,7.9701066,-0.13251825,0.4547615,-1.1416936,on bike mount,cyclo cross,True,asphalt,excellent
cda86829-42ad-4860-974d-351d9b13e3af,a8734a41-6cb4-4f20-b078-3c89fdbb5632,f3061e7b-a164-4c15-b25f-b282baf5eec2,1633158896663,13.6465122,52.4546883,7.9701066,-0.11935349,2.0962157,1.9186401,on bike mount,cyclo cross,True,asphalt,excellent
cda86829-42ad-4860-974d-351d9b13e3af,a8734a41-6cb4-4f20-b078-3c89fdbb5632,1a9d4df2-171f-421a-8f6e-fceacff1197e,1633158896715,13.6465979,52.4546232,7.7762713,-0.18406115,0.3770876,1.3654804,on bike mount,cyclo cross,True,asphalt,excellent
cda86829-42ad-4860-974d-351d9b13e3af,a8734a41-6cb4-4f20-b078-3c89fdbb5632,cea65983-eb80-4727-b603-a30a58667bcf,1633158896765,13.6465979,52.4546232,7.7762713,-0.58903885,-0.726915,2.5929556,on bike mount,cyclo cross,True,asphalt,excellent
cda86829-42ad-4860-974d-351d9b13e3af,a8734a41-6cb4-4f20-b078-3c89fdbb5632,ba1fd03f-a718-42a2-b46c-3fec7aea918f,1633158896817,13.6465979,52.4546232,7.7762713,-0.17784086,-0.45099044,2.7224998,on bike mount,cyclo cross,True,asphalt,excellent
cda86829-42ad-4860-974d-351d9b13e3af,a8734a41-6cb4-4f20-b078-3c89fdbb5632,fa8dfd5d-c3b2-4933-9807-ce2014c0c386,1633158896867,13.6465979,52.4546232,7.7762713,0.8028991,-5.34388,2.3514223,on bike mount,cyclo cross,True,asphalt,excellent
cda86829-42ad-4860-974d-351d9b13e3af,a8734a41-6cb4-4f20-b078-3c89fdbb5632,ccb9f75f-ec58-4d9a-86e5-dc863036e1d2,1633158896917,13.6465979,52.4546232,7.7762713,-0.011585832,1.357775,0.42000675,on bike mount,cyclo cross,True,asphalt,excellent
cda86829-42ad-4860-974d-351d9b13e3af,a8734a41-6cb4-4f20-b078-3c89fdbb5632,6d83d1d1-3776-4e7a-8c4e-63dead585b2c,1633158897027,13.6465979,52.4546232,7.7762713,-0.011585832,1.357775,0.42000675,on bike mount,cyclo cross,True,asphalt,excellent
cda86829-42ad-4860-974d-351d9b13e3af,a8734a41-6cb4-4f20-b078-3c89fdbb5632,f22666e8-d4f2-413d-ac22-993f5a4d9333,1633158897077,13.6465979,52.4546232,7.7762713,-2.1762693,-1.0264473,-1.6709304,on bike mount,cyclo cross,True,asphalt,excellent
cda86829-42ad-4860-974d-351d9b13e3af,a8734a41-6cb4-4f20-b078-3c89fdbb5632,4f4f4b88-6142-467e-abb5-988a88336922,1633158897128,13.6465979,52.4546232,7.7762713,0.22338106,-2.8824232,0.7435541,on bike mount,cyclo cross,True,asphalt,excellent
cda86829-42ad-4860-974d-351d9b13e3af,a8734a41-6cb4-4f20-b078-3c89fdbb5632,8c01e478-70dd-4f21-a47d-2e8b836691f9,1633158897178,13.6465979,52.4546232,7.7762713,0.6927624,-3.1790957,1.6284161,on bike mount,cyclo cross,True,asphalt,excellent
cda86829-42ad-4860-974d-351d9b13e3af,a8734a41-6cb4-4f20-b078-3c89fdbb5632,da55b25b-b74d-46ef-a56c-8de4052df922,1633158897228,13.6465979,52.4546232,7.7762713,-0.20510262,-1.1240529,-0.11802769,on bike mount,cyclo cross,True,asphalt,excellent
cda86829-42ad-4860-974d-351d9b13e3af,a8734a41-6cb4-4f20-b078-3c89fdbb5632,422ddcf2-4b71-4bc0-a9f6-26822f9e3708,1633158897277,13.6465979,52.4546232,7.7762713,-0.65363765,1.1094851,-0.4306879,on bike mount,cyclo cross,True,asphalt,excellent
cda86829-42ad-4860-974d-351d9b13e3af,a8734a41-6cb4-4f20-b078-3c89fdbb5632,64f14553-7dc5-4437-b5cf-e3cab9b7ffc0,1633158897326,13.6465979,52.4546232,7.7762713,1.3107817,0.57039905,2.5545988,on bike mount,cyclo cross,True,asphalt,excellent
cda86829-42ad-4860-974d-351d9b13e3af,a8734a41-6cb4-4f20-b078-3c89fdbb5632,c42f39c3-0496-49a4-9822-7802032c1161,1633158897376,13.6465979,52.4546232,7.7762713,1.3696983,0.18345141,0.98261166,on bike mount,cyclo cross,True,asphalt,excellent
cda86829-42ad-4860-974d-351d9b13e3af,a8734a41-6cb4-4f20-b078-3c89fdbb5632,e5740ad1-3a5f-4021-bf6c-83bbc599e669,1633158897426,13.6465979,52.4546232,7.7762713,-0.92123324,-2.9375412,1.1470413,on bike mount,cyclo cross,True,asphalt,excellent
cda86829-42ad-4860-974d-351d9b13e3af,a8734a41-6cb4-4f20-b078-3c89fdbb5632,bcd6e61f-f0eb-4403-838c-8e470561398c,1633158897476,13.6465979,52.4546232,7.7762713,0.04636004,-0.30391407,-1.5086741,on bike mount,cyclo cross,True,asphalt,excellent
cda86829-42ad-4860-974d-351d9b13e3af,a8734a41-6cb4-4f20-b078-3c89fdbb5632,5bb46ea7-f66a-4ad7-b5ac-fe17558d33af,1633158897527,13.6465979,52.4546232,7.7762713,0.64703834,1.2359672,1.319951,on bike mount,cyclo cross,True,asphalt,excellent
cda86829-42ad-4860-974d-351d9b13e3af,a8734a41-6cb4-4f20-b078-3c89fdbb5632,75d8ed51-d9ea-41ce-bd86-475f818d1e4f,1633158897578,13.6465979,52.4546232,7.7762713,0.6248945,-0.738544,-1.085455,on bike mount,cyclo cross,True,asphalt,excellent
cda86829-42ad-4860-974d-351d9b13e3af,a8734a41-6cb4-4f20-b078-3c89fdbb5632,2617372d-0f89-4980-9544-9327b1d75604,1633158897633,13.6466835,52.4545684,8.039721,1.0777638,-0.05526471,0.5389013,on bike mount,cyclo cross,True,asphalt,excellent
cda86829-42ad-4860-974d-351d9b13e3af,a8734a41-6cb4-4f20-b078-3c89fdbb5632,8a7ba2e1-94d4-453d-acad-2ab1b6270ce0,1633158897683,13.6466835,52.4545684,8.039721,-2.4573221,1.561368,-3.9926114,on bike mount,cyclo cross,True,asphalt,excellent
cda86829-42ad-4860-974d-351d9b13e3af,a8734a41-6cb4-4f20-b078-3c89fdbb5632,48e001d1-6443-448e-b7cc-b98a2e8df9e1,1633158897733,13.6466835,52.4545684,8.039721,-0.8999616,1.6721587,0.5878477,on bike mount,cyclo cross,True,asphalt,excellent
cda86829-42ad-4860-974d-351d9b13e3af,a8734a41-6cb4-4f20-b078-3c89fdbb5632,724ff996-c09b-4eca-9ec1-a749776577af,1633158897782,13.6466835,52.4545684,8.039721,0.21284631,1.683289,-3.9738035,on bike mount,cyclo cross,True,asphalt,excellent
cda86829-42ad-4860-974d-351d9b13e3af,a8734a41-6cb4-4f20-b078-3c89fdbb5632,aa160d93-ddb8-4c6c-98ee-e33cf2a6fa97,1633158897833,13.6466835,52.4545684,8.039721,-0.13858947,-0.033467054,1.0168848,on bike mount,cyclo cross,True,asphalt,excellent
cda86829-42ad-4860-974d-351d9b13e3af,a8734a41-6cb4-4f20-b078-3c89fdbb5632,c0b3f30e-74ce-4591-b209-7b343c58f550,1633158897884,13.6466835,52.4545684,8.039721,-0.39399087,-4.522583,1.8028669,on bike mount,cyclo cross,True,asphalt,excellent
cda86829-42ad-4860-974d-351d9b13e3af,a8734a41-6cb4-4f20-b078-3c89fdbb5632,0c10d10b-39f6-45df-a289-7061e720aed5,1633158897935,13.6466835,52.4545684,8.039721,0.20446289,-0.3301686,1.3899336,on bike mount,cyclo cross,True,asphalt,excellent
cda86829-42ad-4860-974d-351d9b13e3af,a8734a41-6cb4-4f20-b078-3c89fdbb5632,0e3228c8-8967-4957-b3e3-d51bde07428a,1633158897985,13.6466835,52.4545684,8.039721,-1.3473619,3.9047484,-0.6361618,on bike mount,cyclo cross,True,asphalt,excellent
cda86829-42ad-4860-974d-351d9b13e3af,a8734a41-6cb4-4f20-b078-3c89fdbb5632,0289298d-63fc-4ae0-b6e3-ab8536258eaf,1633158898035,13.6466835,52.4545684,8.039721,0.19922124,0.00167346,-0.45509338,on bike mount,cyclo cross,True,asphalt,excellent
cda86829-42ad-4860-974d-351d9b13e3af,a8734a41-6cb4-4f20-b078-3c89fdbb5632,af3d66fa-7589-49c2-98de-4d9bb532cb61,1633158898085,13.6466835,52.4545684,8.039721,1.8307006,1.0383184,-1.6007628,on bike mount,cyclo cross,True,asphalt,excellent
cda86829-42ad-4860-974d-351d9b13e3af,a8734a41-6cb4-4f20-b078-3c89fdbb5632,3741deca-af19-4444-b95e-f6c2249646fd,1633158898136,13.6466835,52.4545684,8.039721,-2.2720394,-2.155633,4.125909,on bike mount,cyclo cross,True,asphalt,excellent
cda86829-42ad-4860-974d-351d9b13e3af,a8734a41-6cb4-4f20-b078-3c89fdbb5632,728a8285-9984-47b3-b55d-17ac70b35cae,1633158898187,13.6466835,52.4545684,8.039721,1.3339492,-0.58441734,-2.023625,on bike mount,cyclo cross,True,asphalt,excellent
cda86829-42ad-4860-974d-351d9b13e3af,a8734a41-6cb4-4f20-b078-3c89fdbb5632,f303d6d8-b4ac-4bc9-aee8-bd7b352d7245,1633158898238,13.6466835,52.4545684,8.039721,0.40976232,-2.1174612,2.0457735,on bike mount,cyclo cross,True,asphalt,excellent
cda86829-42ad-4860-974d-351d9b13e3af,a8734a41-6cb4-4f20-b078-3c89fdbb5632,d5f8a55e-2409-4868-ace0-1433317349ca,1633158898289,13.6466835,52.4545684,8.039721,1.64552,1.0279269,-1.8410325,on bike mount,cyclo cross,True,asphalt,excellent
cda86829-42ad-4860-974d-351d9b13e3af,a8734a41-6cb4-4f20-b078-3c89fdbb5632,859188f0-0857-4ef2-8ebf-585abbb06907,1633158898340,13.6466835,52.4545684,8.039721,0.67822576,-0.68246984,0.43936348,on bike mount,cyclo cross,True,asphalt,excellent
cda86829-42ad-4860-974d-351d9b13e3af,a8734a41-6cb4-4f20-b078-3c89fdbb5632,071b7dd1-d108-42d0-b6f7-15a25d719a9a,1633158898390,13.6466835,52.4545684,8.039721,1.6298257,0.1297419,0.3290615,on bike mount,cyclo cross,True,asphalt,excellent
cda86829-42ad-4860-974d-351d9b13e3af,a8734a41-6cb4-4f20-b078-3c89fdbb5632,d38a5f42-9221-4d48-8d3c-70a5247330fe,1633158898440,13.6466835,52.4545684,8.039721,-0.9777849,-0.5919337,1.7673111,on bike mount,cyclo cross,True,asphalt,excellent
cda86829-42ad-4860-974d-351d9b13e3af,a8734a41-6cb4-4f20-b078-3c89fdbb5632,76223acd-0739-4f28-b65f-c57b4f428d46,1633158898491,13.6466835,52.4545684,8.039721,-0.18166608,1.1743383,1.3224707,on bike mount,cyclo cross,True,asphalt,excellent
cda86829-42ad-4860-974d-351d9b13e3af,a8734a41-6cb4-4f20-b078-3c89fdbb5632,ac61fdf9-2154-43c8-984a-01af94c028bc,1633158898540,13.6466835,52.4545684,8.039721,0.8917298,1.0443776,1.5960865,on bike mount,cyclo cross,True,asphalt,excellent
cda86829-42ad-4860-974d-351d9b13e3af,a8734a41-6cb4-4f20-b078-3c89fdbb5632,5a7d1b9a-69e0-4038-a2b2-e570f9e8fba7,1633158898590,13.6466835,52.4545684,8.039721,-0.12970608,-0.82428265,-1.0971599,on bike mount,cyclo cross,True,asphalt,excellent
cda86829-42ad-4860-974d-351d9b13e3af,a8734a41-6cb4-4f20-b078-3c89fdbb5632,442ff7f2-5ee6-4688-9302-d2eb0b8aba78,1633158898640,13.6467841,52.4545137,8.261773,-0.42123494,-0.3810377,2.2439432,on bike mount,cyclo cross,True,asphalt,excellent
cda86829-42ad-4860-974d-351d9b13e3af,a8734a41-6cb4-4f20-b078-3c89fdbb5632,b76371ed-f6a8-4c9a-a84b-4124052108cc,1633158898690,13.6467841,52.4545137,8.261773,0.31316757,-1.7109075,-2.040101,on bike mount,cyclo cross,True,asphalt,excellent
cda86829-42ad-4860-974d-351d9b13e3af,a8734a41-6cb4-4f20-b078-3c89fdbb5632,6289cb9f-7033-486b-ba92-7ba09682ccc9,1633158898741,13.6467841,52.4545137,8.261773,-0.18209761,2.4797635,-0.017374039,on bike mount,cyclo cross,True,asphalt,excellent
cda86829-42ad-4860-974d-351d9b13e3af,a8734a41-6cb4-4f20-b078-3c89fdbb5632,e8f6ab13-09c1-482f-ab13-062af1facdc9,1633158898790,13.6467841,52.4545137,8.261773,1.698966,-2.3959317,-0.14052105,on bike mount,cyclo cross,True,asphalt,excellent
cda86829-42ad-4860-974d-351d9b13e3af,a8734a41-6cb4-4f20-b078-3c89fdbb5632,0a94c122-d936-4636-ba9b-7535f3752100,1633158898840,13.6467841,52.4545137,8.261773,0.778792,1.9732676,-0.09366894,on bike mount,cyclo cross,True,asphalt,excellent
cda86829-42ad-4860-974d-351d9b13e3af,a8734a41-6cb4-4f20-b078-3c89fdbb5632,a8985812-509f-4a7d-9dba-0b83c05395c3,1633158898889,13.6467841,52.4545137,8.261773,-0.8609063,-0.78419185,1.9140005,on bike mount,cyclo cross,True,asphalt,excellent
cda86829-42ad-4860-974d-351d9b13e3af,a8734a41-6cb4-4f20-b078-3c89fdbb5632,b50efdc7-cce1-4a7c-83cf-41e039463560,1633158898940,13.6467841,52.4545137,8.261773,0.3197113,-0.5278313,-0.013679504,on bike mount,cyclo cross,True,asphalt,excellent
cda86829-42ad-4860-974d-351d9b13e3af,a8734a41-6cb4-4f20-b078-3c89fdbb5632,1ab35f02-a303-49a3-b435-41cc74140b69,1633158898991,13.6467841,52.4545137,8.261773,0.33581823,-0.16128635,-0.013151169,on bike mount,cyclo cross,True,asphalt,excellent
cda86829-42ad-4860-974d-351d9b13e3af,a8734a41-6cb4-4f20-b078-3c89fdbb5632,121138ca-0419-4d2f-8935-bddcc3044ce6,1633158899041,13.6467841,52.4545137,8.261773,-0.026064023,1.2003412,-1.9629455,on bike mount,cyclo cross,True,asphalt,excellent
cda86829-42ad-4860-974d-351d9b13e3af,a8734a41-6cb4-4f20-b078-3c89fdbb5632,734cb097-b51a-4d86-9fb4-cc4d86adc370,1633158899090,13.6467841,52.4545137,8.261773,1.8441164,-1.4223145,1.8556967,on bike mount,cyclo cross,True,asphalt,excellent
cda86829-42ad-4860-974d-351d9b13e3af,a8734a41-6cb4-4f20-b078-3c89fdbb5632,ca4a43ff-1a2d-43b9-8b19-c221a816ab84,1633158899141,13.6467841,52.4545137,8.261773,0.30367526,0.28513336,1.6995611,on bike mount,cyclo cross,True,asphalt,excellent
cda86829-42ad-4860-974d-351d9b13e3af,a8734a41-6cb4-4f20-b078-3c89fdbb5632,808ba16e-2659-448f-a97e-59e7acb38eed,1633158899190,13.6467841,52.4545137,8.261773,-1.4916608,0.50967383,-0.77563286,on bike mount,cyclo cross,True,asphalt,excellent
cda86829-42ad-4860-974d-351d9b13e3af,a8734a41-6cb4-4f20-b078-3c89fdbb5632,c216b984-ad1c-403b-8cbb-fa4de5248308,1633158899240,13.6467841,52.4545137,8.261773,0.43988323,1.188586,-0.058651924,on bike mount,cyclo cross,True,asphalt,excellent
cda86829-42ad-4860-974d-351d9b13e3af,a8734a41-6cb4-4f20-b078-3c89fdbb5632,69b3b189-26cd-43c6-bd8c-49340100052f,1633158899290,13.6467841,52.4545137,8.261773,1.0266116,-1.2698975,1.9181309,on bike mount,cyclo cross,True,asphalt,excellent
cda86829-42ad-4860-974d-351d9b13e3af,a8734a41-6cb4-4f20-b078-3c89fdbb5632,5643d22e-65af-4a1e-bd64-add8ec927419,1633158899340,13.6467841,52.4545137,8.261773,-0.8008764,-0.18488932,2.3197088,on bike mount,cyclo cross,True,asphalt,excellent
cda86829-42ad-4860-974d-351d9b13e3af,a8734a41-6cb4-4f20-b078-3c89fdbb5632,f33e64ef-e486-4bff-8b41-35b243e0fe70,1633158899390,13.6467841,52.4545137,8.261773,0.40039986,-0.01993227,-0.84917784,on bike mount,cyclo cross,True,asphalt,excellent
cda86829-42ad-4860-974d-351d9b13e3af,a8734a41-6cb4-4f20-b078-3c89fdbb5632,19f50493-8334-458f-8d15-fcf116f704ea,1633158899441,13.6467841,52.4545137,8.261773,-0.12677301,0.011767864,0.21114922,on bike mount,cyclo cross,True,asphalt,excellent
cda86829-42ad-4860-974d-351d9b13e3af,a8734a41-6cb4-4f20-b078-3c89fdbb5632,88919c47-8659-4a07-8604-d2a5567b1a13,1633158899491,13.6467841,52.4545137,8.261773,-0.31663072,1.8384299,-0.9245062,on bike mount,cyclo cross,True,asphalt,excellent
cda86829-42ad-4860-974d-351d9b13e3af,a8734a41-6cb4-4f20-b078-3c89fdbb5632,b13a5a20-5844-4bbb-bf61-195fddcb3f85,1633158899541,13.6467841,52.4545137,8.261773,1.479244,0.6058793,-1.7489719,on bike mount,cyclo cross,True,asphalt,excellent
cda86829-42ad-4860-974d-351d9b13e3af,a8734a41-6cb4-4f20-b078-3c89fdbb5632,d50c3ad1-e3b0-46df-98d0-518207151af7,1633158899591,13.6467841,52.4545137,8.261773,-0.13294378,-1.8583353,-0.031759262,on bike mount,cyclo cross,True,asphalt,excellent
cda86829-42ad-4860-974d-351d9b13e3af,a8734a41-6cb4-4f20-b078-3c89fdbb5632,2b3cc2b0-6ac3-47a7-8cc9-c12bd38588ce,1633158899641,13.6468727,52.4544629,7.412303,-0.14784178,-0.7237098,-0.3510332,on bike mount,cyclo cross,True,asphalt,excellent
cda86829-42ad-4860-974d-351d9b13e3af,a8734a41-6cb4-4f20-b078-3c89fdbb5632,22e851b8-7090-4191-b249-7e00570bf428,1633158899692,13.6468727,52.4544629,7.412303,-0.29559022,-0.1561799,-0.72073174,on bike mount,cyclo cross,True,asphalt,excellent
cda86829-42ad-4860-974d-351d9b13e3af,a8734a41-6cb4-4f20-b078-3c89fdbb5632,095e1767-8007-4f52-8f14-7345f6292b4a,1633158899743,13.6468727,52.4544629,7.412303,1.2046745,-2.144599,0.6197367,on bike mount,cyclo cross,True,asphalt,excellent
cda86829-42ad-4860-974d-351d9b13e3af,a8734a41-6cb4-4f20-b078-3c89fdbb5632,70f9c491-5d35-44fa-a0c0-9d5be819cfe5,1633158899793,13.6468727,52.4544629,7.412303,-1.0125058,0.45039988,0.27719498,on bike mount,cyclo cross,True,asphalt,excellent
cda86829-42ad-4860-974d-351d9b13e3af,a8734a41-6cb4-4f20-b078-3c89fdbb5632,bab2323a-e7d5-46ca-b263-a17977433c30,1633158899843,13.6468727,52.4544629,7.412303,0.9724717,-1.8264902,2.0175533,on bike mount,cyclo cross,True,asphalt,excellent
cda86829-42ad-4860-974d-351d9b13e3af,a8734a41-6cb4-4f20-b078-3c89fdbb5632,28b26ace-19be-47ff-878f-f22d368dc5ca,1633158899893,13.6468727,52.4544629,7.412303,-0.06824159,1.8843799,0.31904507,on bike mount,cyclo cross,True,asphalt,excellent
cda86829-42ad-4860-974d-351d9b13e3af,a8734a41-6cb4-4f20-b078-3c89fdbb5632,acd80591-0691-46fd-a126-6db896c589fb,1633158899943,13.6468727,52.4544629,7.412303,-0.13846321,-1.7543266,1.6038494,on bike mount,cyclo cross,True,asphalt,excellent
cda86829-42ad-4860-974d-351d9b13e3af,a8734a41-6cb4-4f20-b078-3c89fdbb5632,d9df37c8-1ee6-46b5-884c-cca4d62f2efa,1633158899994,13.6468727,52.4544629,7.412303,0.99320287,1.6408794,-1.0359325,on bike mount,cyclo cross,True,asphalt,excellent
cda86829-42ad-4860-974d-351d9b13e3af,a8734a41-6cb4-4f20-b078-3c89fdbb5632,e13c2054-9a26-4f0c-9cf6-a1a784d6bd62,1633158900044,13.6468727,52.4544629,7.412303,-0.76534367,-1.7606993,0.20553493,on bike mount,cyclo cross,True,asphalt,excellent
cda86829-42ad-4860-974d-351d9b13e3af,a8734a41-6cb4-4f20-b078-3c89fdbb5632,cea800c5-0ebc-4e8c-813a-f540abd326ba,1633158900095,13.6468727,52.4544629,7.412303,-0.6780249,-0.7771821,-3.4960017,on bike mount,cyclo cross,True,asphalt,excellent
cda86829-42ad-4860-974d-351d9b13e3af,a8734a41-6cb4-4f20-b078-3c89fdbb5632,5bc1e1ee-9a2c-43fe-886c-b63b61703b8a,1633158900145,13.6468727,52.4544629,7.412303,-0.01857303,-1.1366712,0.82531166,on bike mount,cyclo cross,True,asphalt,excellent
cda86829-42ad-4860-974d-351d9b13e3af,a8734a41-6cb4-4f20-b078-3c89fdbb5632,37e1c0f1-6f77-46b4-a800-4ad4f633f872,1633158900196,13.6468727,52.4544629,7.412303,-0.56011283,1.1448765,-1.2740722,on bike mount,cyclo cross,True,asphalt,excellent
cda86829-42ad-4860-974d-351d9b13e3af,a8734a41-6cb4-4f20-b078-3c89fdbb5632,3b58f90e-1fca-4fe7-ada5-1e9e7874cb59,1633158900246,13.6468727,52.4544629,7.412303,-0.50505054,1.3739216,0.25517845,on bike mount,cyclo cross,True,asphalt,excellent
cda86829-42ad-4860-974d-351d9b13e3af,a8734a41-6cb4-4f20-b078-3c89fdbb5632,8e94b0f4-c85b-452c-9076-e1bcb4c182af,1633158900296,13.6468727,52.4544629,7.412303,1.0316759,0.8792305,-0.006341934,on bike mount,cyclo cross,True,asphalt,excellent
cda86829-42ad-4860-974d-351d9b13e3af,a8734a41-6cb4-4f20-b078-3c89fdbb5632,fe6c155b-88eb-41c0-bcfd-c14ba3356abb,1633158900345,13.6468727,52.4544629,7.412303,0.15449497,0.90112114,-0.85166216,on bike mount,cyclo cross,True,asphalt,excellent
cda86829-42ad-4860-974d-351d9b13e3af,a8734a41-6cb4-4f20-b078-3c89fdbb5632,ad269ddf-6813-4fb6-80d4-bec4813c7906,1633158900395,13.6468727,52.4544629,7.412303,1.4408029,-1.5158571,0.83141136,on bike mount,cyclo cross,True,asphalt,excellent
cda86829-42ad-4860-974d-351d9b13e3af,a8734a41-6cb4-4f20-b078-3c89fdbb5632,cdc38d9a-60cb-4dd7-ade3-58061ae1be81,1633158900445,13.6468727,52.4544629,7.412303,0.33732554,-0.20176458,1.268508,on bike mount,cyclo cross,True,asphalt,excellent
cda86829-42ad-4860-974d-351d9b13e3af,a8734a41-6cb4-4f20-b078-3c89fdbb5632,a6c2ca01-73f9-4639-aaeb-b4d0ceff5a30,1633158900495,13.6468727,52.4544629,7.412303,-0.55065435,0.5943773,0.40028763,on bike mount,cyclo cross,True,asphalt,excellent
cda86829-42ad-4860-974d-351d9b13e3af,a8734a41-6cb4-4f20-b078-3c89fdbb5632,7202b055-98f0-44b0-807d-762d5f973fda,1633158900546,13.6468727,52.4544629,7.412303,0.005424246,-0.5576105,0.579957,on bike mount,cyclo cross,True,asphalt,excellent
cda86829-42ad-4860-974d-351d9b13e3af,a8734a41-6cb4-4f20-b078-3c89fdbb5632,20ee4764-c2a6-4278-9f9d-a9b4085885f8,1633158900596,13.6468727,52.4544629,7.412303,0.71958137,0.5158138,-1.001687,on bike mount,cyclo cross,True,asphalt,excellent
cda86829-42ad-4860-974d-351d9b13e3af,a8734a41-6cb4-4f20-b078-3c89fdbb5632,58ea97da-92ef-4ac1-b306-57bcd64accc5,1633158900646,13.6469467,52.4544131,7.0102444,-1.6614077,0.78251743,0.85194206,on bike mount,cyclo cross,True,asphalt,excellent
cda86829-42ad-4860-974d-351d9b13e3af,a8734a41-6cb4-4f20-b078-3c89fdbb5632,e9c3db8c-82e5-46dd-80b7-04a846777034,1633158900697,13.6469467,52.4544131,7.0102444,-0.3850682,0.30868602,0.5066004,on bike mount,cyclo cross,True,asphalt,excellent
cda86829-42ad-4860-974d-351d9b13e3af,a8734a41-6cb4-4f20-b078-3c89fdbb5632,f476f3ca-e32c-4d14-8e91-8a2ee48d14a2,1633158900748,13.6469467,52.4544131,7.0102444,-0.39549473,-0.45535994,1.9172106,on bike mount,cyclo cross,True,asphalt,excellent
cda86829-42ad-4860-974d-351d9b13e3af,a8734a41-6cb4-4f20-b078-3c89fdbb5632,97f34b86-4891-4b4f-93b1-71475010651b,1633158900797,13.6469467,52.4544131,7.0102444,-1.0604392,-1.1759322,1.8326445,on bike mount,cyclo cross,True,asphalt,excellent
cda86829-42ad-4860-974d-351d9b13e3af,a8734a41-6cb4-4f20-b078-3c89fdbb5632,bd155bb3-6a83-4077-9454-4313f4673df8,1633158900848,13.6469467,52.4544131,7.0102444,-1.1590623,-0.74188995,0.97092915,on bike mount,cyclo cross,True,asphalt,excellent
cda86829-42ad-4860-974d-351d9b13e3af,a8734a41-6cb4-4f20-b078-3c89fdbb5632,441996df-6d0d-4a7d-8e6a-0f5ed2cb9d85,1633158900899,13.6469467,52.4544131,7.0102444,0.4441569,-2.3124466,-0.011930466,on bike mount,cyclo cross,True,asphalt,excellent
cda86829-42ad-4860-974d-351d9b13e3af,a8734a41-6cb4-4f20-b078-3c89fdbb5632,500eb081-67d0-4f7f-bcde-3fa4a9fbd1b2,1633158900949,13.6469467,52.4544131,7.0102444,-2.48399,0.10914588,0.36605358,on bike mount,cyclo cross,True,asphalt,excellent
cda86829-42ad-4860-974d-351d9b13e3af,a8734a41-6cb4-4f20-b078-3c89fdbb5632,d03ef000-4c84-4358-b652-ed7e5989330d,1633158900998,13.6469467,52.4544131,7.0102444,-0.08310327,0.021344662,-2.407042,on bike mount,cyclo cross,True,asphalt,excellent
cda86829-42ad-4860-974d-351d9b13e3af,a8734a41-6cb4-4f20-b078-3c89fdbb5632,6b94ce39-4534-4b48-8d09-d2d1061b7778,1633158901049,13.6469467,52.4544131,7.0102444,0.73631394,2.7894115,0.20024681,on bike mount,cyclo cross,True,asphalt,excellent
cda86829-42ad-4860-974d-351d9b13e3af,a8734a41-6cb4-4f20-b078-3c89fdbb5632,19403bef-6706-4291-9685-fd8c52488ab4,1633158901099,13.6469467,52.4544131,7.0102444,-0.34559304,0.4222331,0.026874542,on bike mount,cyclo cross,True,asphalt,excellent
cda86829-42ad-4860-974d-351d9b13e3af,a8734a41-6cb4-4f20-b078-3c89fdbb5632,376400e4-ae5e-4dce-9e79-a48cbf5d8ede,1633158901149,13.6469467,52.4544131,7.0102444,-0.9003735,1.7715149,-0.8244448,on bike mount,cyclo cross,True,asphalt,excellent
cda86829-42ad-4860-974d-351d9b13e3af,a8734a41-6cb4-4f20-b078-3c89fdbb5632,5184dfe9-ba38-4160-aa6e-67250276e3b5,1633158901199,13.6469467,52.4544131,7.0102444,-0.8936724,0.2711227,0.33038235,on bike mount,cyclo cross,True,asphalt,excellent
cda86829-42ad-4860-974d-351d9b13e3af,a8734a41-6cb4-4f20-b078-3c89fdbb5632,1c173061-ae6b-42fa-8a7c-f4a4605e9be5,1633158901249,13.6469467,52.4544131,7.0102444,-1.1018865,0.115950584,-0.97739506,on bike mount,cyclo cross,True,asphalt,excellent
cda86829-42ad-4860-974d-351d9b13e3af,a8734a41-6cb4-4f20-b078-3c89fdbb5632,11f3d929-2178-4421-bcdf-b3f73c3c56bb,1633158901299,13.6469467,52.4544131,7.0102444,0.28034937,1.1563177,-0.9788494,on bike mount,cyclo cross,True,asphalt,excellent
cda86829-42ad-4860-974d-351d9b13e3af,a8734a41-6cb4-4f20-b078-3c89fdbb5632,5d99635e-77c6-4069-892e-3572300cdf7a,1633158901350,13.6469467,52.4544131,7.0102444,0.58433664,0.6471989,-0.34509373,on bike mount,cyclo cross,True,asphalt,excellent
cda86829-42ad-4860-974d-351d9b13e3af,a8734a41-6cb4-4f20-b078-3c89fdbb5632,704e2a78-7ee9-4592-a34a-60fe7edadb60,1633158901402,13.6469467,52.4544131,7.0102444,-1.4168978,-0.6573825,-0.7132273,on bike mount,cyclo cross,True,asphalt,excellent
cda86829-42ad-4860-974d-351d9b13e3af,a8734a41-6cb4-4f20-b078-3c89fdbb5632,8f3e81bf-94e8-4a0b-94dd-2b154120ea05,1633158901451,13.6469467,52.4544131,7.0102444,0.5540192,0.29707432,-0.518734,on bike mount,cyclo cross,True,asphalt,excellent
cda86829-42ad-4860-974d-351d9b13e3af,a8734a41-6cb4-4f20-b078-3c89fdbb5632,1b17c508-6bd1-4549-8de3-dc89b9d7d828,1633158901501,13.6469467,52.4544131,7.0102444,0.013945118,0.59105635,-1.1492896,on bike mount,cyclo cross,True,asphalt,excellent
cda86829-42ad-4860-974d-351d9b13e3af,a8734a41-6cb4-4f20-b078-3c89fdbb5632,fa38a95b-1270-4850-afb5-3d21736ec36e,1633158901550,13.6469467,52.4544131,7.0102444,0.2250709,-0.6545577,1.002243,on bike mount,cyclo cross,True,asphalt,excellent
cda86829-42ad-4860-974d-351d9b13e3af,a8734a41-6cb4-4f20-b078-3c89fdbb5632,d5deb9c2-2c75-4d92-a20d-833dcff465af,1633158901600,13.6469467,52.4544131,7.0102444,1.2397556,0.41876435,-5.974096,on bike mount,cyclo cross,True,asphalt,excellent
cda86829-42ad-4860-974d-351d9b13e3af,a8734a41-6cb4-4f20-b078-3c89fdbb5632,6a6193cf-8e00-404c-9196-eabc883721fc,1633158901650,13.6470285,52.4543618,7.6633186,-0.24817938,-0.3430612,2.6219273,on bike mount,cyclo cross,True,asphalt,excellent
cda86829-42ad-4860-974d-351d9b13e3af,a8734a41-6cb4-4f20-b078-3c89fdbb5632,76b162db-1015-4e1f-bf31-5b468d630b1e,1633158901700,13.6470285,52.4543618,7.6633186,-0.43357322,0.81744504,-0.47021008,on bike mount,cyclo cross,True,asphalt,excellent
cda86829-42ad-4860-974d-351d9b13e3af,a8734a41-6cb4-4f20-b078-3c89fdbb5632,4d5dd8a9-ae9b-4242-858b-047d7bebbe06,1633158901751,13.6470285,52.4543618,7.6633186,2.1262043,1.0543303,-1.6874075,on bike mount,cyclo cross,True,asphalt,excellent
cda86829-42ad-4860-974d-351d9b13e3af,a8734a41-6cb4-4f20-b078-3c89fdbb5632,4e06d583-001a-414d-b13d-764677f54f87,1633158901801,13.6470285,52.4543618,7.6633186,-0.38015103,-1.2949501,0.016582489,on bike mount,cyclo cross,True,asphalt,excellent
cda86829-42ad-4860-974d-351d9b13e3af,a8734a41-6cb4-4f20-b078-3c89fdbb5632,c55db413-cd95-4b86-9151-3e8ac307e156,1633158901851,13.6470285,52.4543618,7.6633186,1.0664524,0.86979485,-1.4269896,on bike mount,cyclo cross,True,asphalt,excellent
cda86829-42ad-4860-974d-351d9b13e3af,a8734a41-6cb4-4f20-b078-3c89fdbb5632,005eaa7b-51eb-42ee-8ba7-aaa70616c1d6,1633158901902,13.6470285,52.4543618,7.6633186,-0.61447096,-2.4941041,0.31786156,on bike mount,cyclo cross,True,asphalt,excellent
cda86829-42ad-4860-974d-351d9b13e3af,dbaae9c4-ce8b-44e6-9e8d-d8e4c09e2bfe,5abbb663-a0f1-413c-b1c7-bd5ad5a15f87,1633158901620,13.6469467,52.4544131,7.0102444,1.7882015,0.35394835,-2.6441479,on bike mount,cyclo cross,True,asphalt,excellent
cda86829-42ad-4860-974d-351d9b13e3af,dbaae9c4-ce8b-44e6-9e8d-d8e4c09e2bfe,662b067d-b663-4a41-ab73-2f3f628e82ec,1633158901671,13.6470285,52.4543618,7.6633186,-0.8260987,-1.172004,-0.048582077,on bike mount,cyclo cross,True,asphalt,excellent
cda86829-42ad-4860-974d-351d9b13e3af,dbaae9c4-ce8b-44e6-9e8d-d8e4c09e2bfe,6576d709-5157-4fef-b5d7-3f7861d2dab0,1633158901721,13.6470285,52.4543618,7.6633186,0.79858375,-0.17012715,3.1806993,on bike mount,cyclo cross,True,asphalt,excellent
cda86829-42ad-4860-974d-351d9b13e3af,dbaae9c4-ce8b-44e6-9e8d-d8e4c09e2bfe,879fd7cb-e5e5-450f-8097-d61143c947de,1633158901770,13.6470285,52.4543618,7.6633186,1.7704222,2.6331196,-8.175535,on bike mount,cyclo cross,True,asphalt,excellent
cda86829-42ad-4860-974d-351d9b13e3af,dbaae9c4-ce8b-44e6-9e8d-d8e4c09e2bfe,836dc706-e553-4483-a45b-493084a1287c,1633158901820,13.6470285,52.4543618,7.6633186,-0.09317143,-4.531008,6.235111,on bike mount,cyclo cross,True,asphalt,excellent
cda86829-42ad-4860-974d-351d9b13e3af,dbaae9c4-ce8b-44e6-9e8d-d8e4c09e2bfe,870fcfd7-7f12-427a-8732-d90d6f30efb6,1633158901871,13.6470285,52.4543618,7.6633186,0.47710788,-1.3498187,4.321419,on bike mount,cyclo cross,True,asphalt,excellent
cda86829-42ad-4860-974d-351d9b13e3af,dbaae9c4-ce8b-44e6-9e8d-d8e4c09e2bfe,059c4658-9d08-4c44-bf2e-408ce2031c0f,1633158901920,13.6470285,52.4543618,7.6633186,-1.7979982,0.3483219,-2.6650815,on bike mount,cyclo cross,True,asphalt,excellent
cda86829-42ad-4860-974d-351d9b13e3af,dbaae9c4-ce8b-44e6-9e8d-d8e4c09e2bfe,5c041bfa-1d85-4ea1-ba54-17203051ee55,1633158901970,13.6470285,52.4543618,7.6633186,1.5925138,4.1523786,-0.96786976,on bike mount,cyclo cross,True,asphalt,excellent
cda86829-42ad-4860-974d-351d9b13e3af,dbaae9c4-ce8b-44e6-9e8d-d8e4c09e2bfe,4e9d07e5-3a55-4ceb-841f-b6f8ad7b35f8,1633158902021,13.6470285,52.4543618,7.6633186,1.3060942,-0.21194196,0.509964,on bike mount,cyclo cross,True,asphalt,excellent
cda86829-42ad-4860-974d-351d9b13e3af,dbaae9c4-ce8b-44e6-9e8d-d8e4c09e2bfe,838e1a90-1476-45e7-974f-e8a22d89fa74,1633158902071,13.6470285,52.4543618,7.6633186,-1.9098365,-2.212159,0.4045725,on bike mount,cyclo cross,True,asphalt,excellent
cda86829-42ad-4860-974d-351d9b13e3af,dbaae9c4-ce8b-44e6-9e8d-d8e4c09e2bfe,9aa6aa1c-1dcc-48ab-8706-d326879c3982,1633158902122,13.6470285,52.4543618,7.6633186,0.997314,0.3727157,1.0448675,on bike mount,cyclo cross,True,asphalt,excellent
cda86829-42ad-4860-974d-351d9b13e3af,dbaae9c4-ce8b-44e6-9e8d-d8e4c09e2bfe,6a6b80d7-2fd8-47ee-b142-5bd8afeee5c5,1633158902173,13.6470285,52.4543618,7.6633186,0.62472224,0.8692398,1.2185774,on bike mount,cyclo cross,True,asphalt,excellent
cda86829-42ad-4860-974d-351d9b13e3af,dbaae9c4-ce8b-44e6-9e8d-d8e4c09e2bfe,e709672d-dfc7-44a5-9e8c-ab02fb02d1f3,1633158902223,13.6470285,52.4543618,7.6633186,-0.9297422,-0.01742673,-5.671261,on bike mount,cyclo cross,True,asphalt,excellent
cda86829-42ad-4860-974d-351d9b13e3af,dbaae9c4-ce8b-44e6-9e8d-d8e4c09e2bfe,72fdf01e-894a-4910-ad07-77c2bf4672f5,1633158902273,13.6470285,52.4543618,7.6633186,-0.285282,-2.4500668,-0.79610634,on bike mount,cyclo cross,True,asphalt,excellent
cda86829-42ad-4860-974d-351d9b13e3af,dbaae9c4-ce8b-44e6-9e8d-d8e4c09e2bfe,8a5a7679-0040-4519-9c9e-e6dfb465a5db,1633158902324,13.6470285,52.4543618,7.6633186,-0.5570823,-0.20790982,-0.93941975,on bike mount,cyclo cross,True,asphalt,excellent
cda86829-42ad-4860-974d-351d9b13e3af,dbaae9c4-ce8b-44e6-9e8d-d8e4c09e2bfe,8257fa50-538b-471b-940d-b8323b5cc5b0,1633158902375,13.6470285,52.4543618,7.6633186,-0.25007027,-1.7820894,-0.81092453,on bike mount,cyclo cross,True,asphalt,excellent
cda86829-42ad-4860-974d-351d9b13e3af,dbaae9c4-ce8b-44e6-9e8d-d8e4c09e2bfe,c31a6888-ec51-46ab-8685-771d7391234e,1633158902425,13.6470285,52.4543618,7.6633186,0.22946405,0.7612307,0.55645466,on bike mount,cyclo cross,True,asphalt,excellent
cda86829-42ad-4860-974d-351d9b13e3af,dbaae9c4-ce8b-44e6-9e8d-d8e4c09e2bfe,63b54efc-38f0-4150-9439-1c39e0dd1f1e,1633158902475,13.6470285,52.4543618,7.6633186,-0.44739044,0.23460507,-0.5179281,on bike mount,cyclo cross,True,asphalt,excellent
cda86829-42ad-4860-974d-351d9b13e3af,dbaae9c4-ce8b-44e6-9e8d-d8e4c09e2bfe,5284c4fa-a1b7-4326-88ac-0c2dc31d029e,1633158902525,13.6470285,52.4543618,7.6633186,1.0471013,-0.7305217,-1.045414,on bike mount,cyclo cross,True,asphalt,excellent
cda86829-42ad-4860-974d-351d9b13e3af,dbaae9c4-ce8b-44e6-9e8d-d8e4c09e2bfe,b13ba182-d67a-4b50-a9cd-94b0d70ad81e,1633158902575,13.6470285,52.4543618,7.6633186,-0.6848843,-0.5144651,3.183114,on bike mount,cyclo cross,True,asphalt,excellent
cda86829-42ad-4860-974d-351d9b13e3af,dbaae9c4-ce8b-44e6-9e8d-d8e4c09e2bfe,f1f79e0a-2160-407e-8cfd-30d4c195090c,1633158902625,13.6470285,52.4543618,7.6633186,2.2479696,-0.612098,-0.33674622,on bike mount,cyclo cross,True,asphalt,excellent
cda86829-42ad-4860-974d-351d9b13e3af,dbaae9c4-ce8b-44e6-9e8d-d8e4c09e2bfe,9decf518-4325-42de-b63f-76f0b56e18b6,1633158902676,13.647109,52.4543115,6.693895,0.35329407,-0.3238902,-2.5871449,on bike mount,cyclo cross,True,asphalt,excellent
cda86829-42ad-4860-974d-351d9b13e3af,dbaae9c4-ce8b-44e6-9e8d-d8e4c09e2bfe,aa685bef-f856-406d-82e5-89e235820072,1633158902726,13.647109,52.4543115,6.693895,0.8797219,-0.37127662,1.0262194,on bike mount,cyclo cross,True,asphalt,excellent
cda86829-42ad-4860-974d-351d9b13e3af,dbaae9c4-ce8b-44e6-9e8d-d8e4c09e2bfe,d3b84901-a699-4dc9-a7ac-2f5c3c779521,1633158902776,13.647109,52.4543115,6.693895,-0.67966306,-0.050878525,-0.91796494,on bike mount,cyclo cross,True,asphalt,excellent
cda86829-42ad-4860-974d-351d9b13e3af,dbaae9c4-ce8b-44e6-9e8d-d8e4c09e2bfe,4e6115ee-989c-481b-8a91-be29cb9b8844,1633158902828,13.647109,52.4543115,6.693895,0.34122455,-0.07070398,-0.823328,on bike mount,cyclo cross,True,asphalt,excellent
cda86829-42ad-4860-974d-351d9b13e3af,dbaae9c4-ce8b-44e6-9e8d-d8e4c09e2bfe,d8805b7c-587c-4176-91ad-2447511f881f,1633158902878,13.647109,52.4543115,6.693895,-0.8875678,-1.0517892,0.056898117,on bike mount,cyclo cross,True,asphalt,excellent
cda86829-42ad-4860-974d-351d9b13e3af,dbaae9c4-ce8b-44e6-9e8d-d8e4c09e2bfe,f8027b03-4cab-4e7b-a694-c00d8504ed5b,1633158902927,13.647109,52.4543115,6.693895,0.10255037,0.2775581,1.8556719,on bike mount,cyclo cross,True,asphalt,excellent
cda86829-42ad-4860-974d-351d9b13e3af,dbaae9c4-ce8b-44e6-9e8d-d8e4c09e2bfe,3881dd5b-5ebd-4a39-843b-dc207534b619,1633158902976,13.647109,52.4543115,6.693895,-0.7716683,-0.78526855,0.2040205,on bike mount,cyclo cross,True,asphalt,excellent
cda86829-42ad-4860-974d-351d9b13e3af,dbaae9c4-ce8b-44e6-9e8d-d8e4c09e2bfe,f860883e-ceb3-40ec-8ed3-7f4b3b3330de,1633158903026,13.647109,52.4543115,6.693895,-0.08459682,0.45597935,-0.75163937,on bike mount,cyclo cross,True,asphalt,excellent
cda86829-42ad-4860-974d-351d9b13e3af,dbaae9c4-ce8b-44e6-9e8d-d8e4c09e2bfe,cd1a60b5-064c-45fc-b7de-ca1cdb2c8e4c,1633158903076,13.647109,52.4543115,6.693895,1.3456166,0.8565507,-4.3258176,on bike mount,cyclo cross,True,asphalt,excellent
cda86829-42ad-4860-974d-351d9b13e3af,dbaae9c4-ce8b-44e6-9e8d-d8e4c09e2bfe,67b69522-41d1-43ed-93c9-a5e66784aeda,1633158903126,13.647109,52.4543115,6.693895,-0.1017833,-0.63515306,-0.11427498,on bike mount,cyclo cross,True,asphalt,excellent
cda86829-42ad-4860-974d-351d9b13e3af,dbaae9c4-ce8b-44e6-9e8d-d8e4c09e2bfe,0a755350-520b-4aec-8181-6d5476e08bd9,1633158903177,13.647109,52.4543115,6.693895,-1.0334537,0.6183734,1.2727299,on bike mount,cyclo cross,True,asphalt,excellent
cda86829-42ad-4860-974d-351d9b13e3af,dbaae9c4-ce8b-44e6-9e8d-d8e4c09e2bfe,e2ce4ea3-a4f8-4fac-a515-8d790900b92c,1633158903227,13.647109,52.4543115,6.693895,-1.094263,-0.7961695,-0.8582182,on bike mount,cyclo cross,True,asphalt,excellent
cda86829-42ad-4860-974d-351d9b13e3af,dbaae9c4-ce8b-44e6-9e8d-d8e4c09e2bfe,4ff38196-ab48-4475-814b-0602d6b3fdb9,1633158903278,13.647109,52.4543115,6.693895,0.23085925,5.5468206,-2.3335767,on bike mount,cyclo cross,True,asphalt,excellent
cda86829-42ad-4860-974d-351d9b13e3af,dbaae9c4-ce8b-44e6-9e8d-d8e4c09e2bfe,c45e95c6-e07e-4e91-8da0-dfc0614fc5bd,1633158903328,13.647109,52.4543115,6.693895,-0.68954456,-1.8852403,3.5668993,on bike mount,cyclo cross,True,asphalt,excellent
cda86829-42ad-4860-974d-351d9b13e3af,dbaae9c4-ce8b-44e6-9e8d-d8e4c09e2bfe,8ef06ae7-9e07-47bc-a21e-40f35c979070,1633158903378,13.647109,52.4543115,6.693895,1.7400522,-1.3318088,-1.7514644,on bike mount,cyclo cross,True,asphalt,excellent
cda86829-42ad-4860-974d-351d9b13e3af,dbaae9c4-ce8b-44e6-9e8d-d8e4c09e2bfe,7a3a0706-2afe-4391-9aaa-9b3762e06ee7,1633158903430,13.647109,52.4543115,6.693895,0.08542803,-1.0311829,0.8743868,on bike mount,cyclo cross,True,asphalt,excellent
cda86829-42ad-4860-974d-351d9b13e3af,dbaae9c4-ce8b-44e6-9e8d-d8e4c09e2bfe,9bd32a77-bcdc-4dc2-aac4-733a4d14ab7e,1633158903479,13.647109,52.4543115,6.693895,0.5502708,-0.4256873,-0.40141916,on bike mount,cyclo cross,True,asphalt,excellent
cda86829-42ad-4860-974d-351d9b13e3af,dbaae9c4-ce8b-44e6-9e8d-d8e4c09e2bfe,69586c47-edf3-4255-9132-5a58b7602adc,1633158903713,13.647109,52.4543115,6.693895,0.5502708,-0.4256873,-0.40141916,on bike mount,cyclo cross,True,asphalt,excellent
cda86829-42ad-4860-974d-351d9b13e3af,dbaae9c4-ce8b-44e6-9e8d-d8e4c09e2bfe,2f78ea97-9bce-4ef5-81d9-c8459560457a,1633158903764,13.647109,52.4543115,6.693895,0.10763383,-0.5211872,1.2840624,on bike mount,cyclo cross,True,asphalt,excellent
cda86829-42ad-4860-974d-351d9b13e3af,dbaae9c4-ce8b-44e6-9e8d-d8e4c09e2bfe,5539d888-8177-4292-95b2-2a04e63a075d,1633158903815,13.6471947,52.454256,7.335256,0.049914956,-0.31234145,-2.329134,on bike mount,cyclo cross,True,asphalt,excellent
cda86829-42ad-4860-974d-351d9b13e3af,dbaae9c4-ce8b-44e6-9e8d-d8e4c09e2bfe,dce7a335-f217-40eb-a565-f558adcc1a7d,1633158903865,13.6471947,52.454256,7.335256,-0.6434791,1.5122981,-4.809346,on bike mount,cyclo cross,True,asphalt,excellent
cda86829-42ad-4860-974d-351d9b13e3af,dbaae9c4-ce8b-44e6-9e8d-d8e4c09e2bfe,23b6a518-412f-490f-91c4-d860c6fd42b0,1633158903915,13.6471947,52.454256,7.335256,0.62953997,-0.9616791,2.7717953,on bike mount,cyclo cross,True,asphalt,excellent
cda86829-42ad-4860-974d-351d9b13e3af,dbaae9c4-ce8b-44e6-9e8d-d8e4c09e2bfe,77a8d55f-a15d-42cf-869e-9eb35a1ec2a6,1633158903965,13.6471947,52.454256,7.335256,0.5581863,0.883487,6.6038723,on bike mount,cyclo cross,True,asphalt,excellent
cda86829-42ad-4860-974d-351d9b13e3af,dbaae9c4-ce8b-44e6-9e8d-d8e4c09e2bfe,2ffcc53a-d3a0-42ac-beb8-b5bd62fb872a,1633158904015,13.6471947,52.454256,7.335256,-0.50782585,-0.19098616,-8.004158,on bike mount,cyclo cross,True,asphalt,excellent
cda86829-42ad-4860-974d-351d9b13e3af,dbaae9c4-ce8b-44e6-9e8d-d8e4c09e2bfe,034fb542-516e-4623-acc7-b8661caf719e,1633158904066,13.6471947,52.454256,7.335256,9.978272,3.4724445,-3.9996777,on bike mount,cyclo cross,True,asphalt,excellent
cda86829-42ad-4860-974d-351d9b13e3af,dbaae9c4-ce8b-44e6-9e8d-d8e4c09e2bfe,6a2a4465-1e71-4479-9da7-fb44ccfba4c0,1633158904116,13.6471947,52.454256,7.335256,-0.49134016,-0.31350017,5.74996,on bike mount,cyclo cross,True,asphalt,excellent
cda86829-42ad-4860-974d-351d9b13e3af,dbaae9c4-ce8b-44e6-9e8d-d8e4c09e2bfe,ed50cd86-a6c9-4568-96dd-1ea76d592288,1633158904167,13.6471947,52.454256,7.335256,0.1602459,0.33148015,-3.7038622,on bike mount,cyclo cross,True,asphalt,excellent
cda86829-42ad-4860-974d-351d9b13e3af,dbaae9c4-ce8b-44e6-9e8d-d8e4c09e2bfe,1332b8dc-ee99-46a7-996a-bf24a4db87d8,1633158904218,13.6471947,52.454256,7.335256,5.0207853,-6.7010465,-8.474695,on bike mount,cyclo cross,True,asphalt,excellent
cda86829-42ad-4860-974d-351d9b13e3af,dbaae9c4-ce8b-44e6-9e8d-d8e4c09e2bfe,a01b34eb-6c1c-4dc9-90e2-2074b6c05af9,1633158904268,13.6471947,52.454256,7.335256,-0.7239284,0.5164726,-0.53692913,on bike mount,cyclo cross,True,asphalt,excellent
cda86829-42ad-4860-974d-351d9b13e3af,dbaae9c4-ce8b-44e6-9e8d-d8e4c09e2bfe,058e7b92-0e83-4138-99ff-75241cc66243,1633158904319,13.6471947,52.454256,7.335256,-4.945503,0.8214288,1.3997135,on bike mount,cyclo cross,True,asphalt,excellent
cda86829-42ad-4860-974d-351d9b13e3af,dbaae9c4-ce8b-44e6-9e8d-d8e4c09e2bfe,655d3328-e956-47d5-b2ce-e5564c2b520b,1633158904370,13.6471947,52.454256,7.335256,0.8436436,1.197623,-0.4437971,on bike mount,cyclo cross,True,asphalt,excellent
cda86829-42ad-4860-974d-351d9b13e3af,dbaae9c4-ce8b-44e6-9e8d-d8e4c09e2bfe,52dc0ffb-6c99-4bdb-a766-c0ded5d79bd8,1633158904420,13.6471947,52.454256,7.335256,0.36228323,-0.5215788,-0.45053387,on bike mount,cyclo cross,True,asphalt,excellent
cda86829-42ad-4860-974d-351d9b13e3af,dbaae9c4-ce8b-44e6-9e8d-d8e4c09e2bfe,84152a83-6b89-4608-8ae0-5bf4db845500,1633158904469,13.6471947,52.454256,7.335256,0.1545037,-1.2755318,4.22635,on bike mount,cyclo cross,True,asphalt,excellent
cda86829-42ad-4860-974d-351d9b13e3af,dbaae9c4-ce8b-44e6-9e8d-d8e4c09e2bfe,0839eb0c-b6ec-4bb3-8a52-a5d26ddd0692,1633158904520,13.6471947,52.454256,7.335256,0.7819443,0.6936202,-0.22585058,on bike mount,cyclo cross,True,asphalt,excellent
cda86829-42ad-4860-974d-351d9b13e3af,dbaae9c4-ce8b-44e6-9e8d-d8e4c09e2bfe,3010f17b-8fb0-46f3-a85e-5f0fd2506a73,1633158904571,13.6471947,52.454256,7.335256,0.7284658,1.561213,-1.6169872,on bike mount,cyclo cross,True,asphalt,excellent
cda86829-42ad-4860-974d-351d9b13e3af,dbaae9c4-ce8b-44e6-9e8d-d8e4c09e2bfe,678996f8-9b04-44d4-ac58-50787a171202,1633158904623,13.6472709,52.4542041,7.676139,-0.8438858,-0.98609006,-1.415678,on bike mount,cyclo cross,True,asphalt,excellent
cda86829-42ad-4860-974d-351d9b13e3af,dbaae9c4-ce8b-44e6-9e8d-d8e4c09e2bfe,b2461847-bd87-463b-b444-11189981a468,1633158904673,13.6472709,52.4542041,7.676139,0.28215393,1.3656175,2.2868671,on bike mount,cyclo cross,True,asphalt,excellent
cda86829-42ad-4860-974d-351d9b13e3af,dbaae9c4-ce8b-44e6-9e8d-d8e4c09e2bfe,a4d5f16c-a87e-4952-9060-f33ff0a6225e,1633158904724,13.6472709,52.4542041,7.676139,0.49184558,0.54636,0.19878864,on bike mount,cyclo cross,True,asphalt,excellent
cda86829-42ad-4860-974d-351d9b13e3af,dbaae9c4-ce8b-44e6-9e8d-d8e4c09e2bfe,fbb24d5c-0d08-4274-a3fb-c64a6f672820,1633158904774,13.6472709,52.4542041,7.676139,0.57068825,-4.250373,3.145093,on bike mount,cyclo cross,True,asphalt,excellent
cda86829-42ad-4860-974d-351d9b13e3af,dbaae9c4-ce8b-44e6-9e8d-d8e4c09e2bfe,8aea5fb6-58b5-43c7-b76b-e2bbac8f6073,1633158904824,13.6472709,52.4542041,7.676139,-2.156507,2.6792932,-4.1999445,on bike mount,cyclo cross,True,asphalt,excellent
cda86829-42ad-4860-974d-351d9b13e3af,dbaae9c4-ce8b-44e6-9e8d-d8e4c09e2bfe,1af1a853-e935-4333-932a-0b3e4ebe1e86,1633158904873,13.6472709,52.4542041,7.676139,0.32346052,0.26838374,6.43524,on bike mount,cyclo cross,True,asphalt,excellent
cda86829-42ad-4860-974d-351d9b13e3af,dbaae9c4-ce8b-44e6-9e8d-d8e4c09e2bfe,4a4cc8f5-7594-4d08-a779-eefd664940f2,1633158904922,13.6472709,52.4542041,7.676139,0.49185276,-5.3167,-0.24526215,on bike mount,cyclo cross,True,asphalt,excellent
cda86829-42ad-4860-974d-351d9b13e3af,dbaae9c4-ce8b-44e6-9e8d-d8e4c09e2bfe,3b2662ab-f318-4d4f-a16b-d5984c246268,1633158904972,13.6472709,52.4542041,7.676139,-3.5119114,-2.4795508,1.5818033,on bike mount,cyclo cross,True,asphalt,excellent
cda86829-42ad-4860-974d-351d9b13e3af,dbaae9c4-ce8b-44e6-9e8d-d8e4c09e2bfe,cc0ac748-0e04-46fc-bffb-500a0322c72c,1633158905022,13.6472709,52.4542041,7.676139,2.993597,-8.751306,1.3275032,on bike mount,cyclo cross,True,asphalt,excellent
cda86829-42ad-4860-974d-351d9b13e3af,dbaae9c4-ce8b-44e6-9e8d-d8e4c09e2bfe,58870886-d77b-46ca-99b9-fbfc56e5f561,1633158905071,13.6472709,52.4542041,7.676139,-0.94274104,5.1561837,-2.6243305,on bike mount,cyclo cross,True,asphalt,excellent
cda86829-42ad-4860-974d-351d9b13e3af,dbaae9c4-ce8b-44e6-9e8d-d8e4c09e2bfe,70ec8e8a-636c-4fd0-8325-d025dd7d1c07,1633158905120,13.6472709,52.4542041,7.676139,-0.8780594,-0.47966337,1.2392635,on bike mount,cyclo cross,True,asphalt,excellent
cda86829-42ad-4860-974d-351d9b13e3af,dbaae9c4-ce8b-44e6-9e8d-d8e4c09e2bfe,0de86ddc-b5b7-4891-9d1d-d7d9881a2bac,1633158905170,13.6472709,52.4542041,7.676139,0.35217986,-0.24645138,-0.46574783,on bike mount,cyclo cross,True,asphalt,excellent
cda86829-42ad-4860-974d-351d9b13e3af,dbaae9c4-ce8b-44e6-9e8d-d8e4c09e2bfe,e5d16e39-7aaa-4628-b32a-2381d9106b10,1633158905220,13.6472709,52.4542041,7.676139,0.17348556,-0.9587662,2.6820383,on bike mount,cyclo cross,True,asphalt,excellent
cda86829-42ad-4860-974d-351d9b13e3af,dbaae9c4-ce8b-44e6-9e8d-d8e4c09e2bfe,3049d8cf-632f-487d-84e8-7ab924ff7121,1633158905271,13.6472709,52.4542041,7.676139,-0.76638585,-1.8523004,1.0157566,on bike mount,cyclo cross,True,asphalt,excellent
cda86829-42ad-4860-974d-351d9b13e3af,dbaae9c4-ce8b-44e6-9e8d-d8e4c09e2bfe,f4a93d1c-523c-4b64-be12-4253cf5da8ef,1633158905321,13.6472709,52.4542041,7.676139,0.15437776,-1.232175,-2.5526438,on bike mount,cyclo cross,True,asphalt,excellent
cda86829-42ad-4860-974d-351d9b13e3af,dbaae9c4-ce8b-44e6-9e8d-d8e4c09e2bfe,510d14df-5bf4-4c21-bfae-802903e49820,1633158905371,13.6472709,52.4542041,7.676139,-0.33681446,0.12570047,-0.081804276,on bike mount,cyclo cross,True,asphalt,excellent
cda86829-42ad-4860-974d-351d9b13e3af,dbaae9c4-ce8b-44e6-9e8d-d8e4c09e2bfe,52d6dfee-81fc-4d56-8e46-8f9358cee109,1633158905422,13.6472709,52.4542041,7.676139,-1.1181748,0.34565377,3.1456366,on bike mount,cyclo cross,True,asphalt,excellent
cda86829-42ad-4860-974d-351d9b13e3af,dbaae9c4-ce8b-44e6-9e8d-d8e4c09e2bfe,2a57dc5c-f22f-44c3-9abf-d3890dd36244,1633158905473,13.6472709,52.4542041,7.676139,0.46620482,1.3293118,-2.0501242,on bike mount,cyclo cross,True,asphalt,excellent
cda86829-42ad-4860-974d-351d9b13e3af,dbaae9c4-ce8b-44e6-9e8d-d8e4c09e2bfe,82bd6cc3-d078-49b5-8df5-d18333cbaf1b,1633158905523,13.6472709,52.4542041,7.676139,0.13439748,-0.03613305,-1.7098789,on bike mount,cyclo cross,True,asphalt,excellent
cda86829-42ad-4860-974d-351d9b13e3af,dbaae9c4-ce8b-44e6-9e8d-d8e4c09e2bfe,6afbdabd-e063-4eeb-859d-3cc65ab011d5,1633158905573,13.6472709,52.4542041,7.676139,0.43791336,-2.9221692,-1.2439156,on bike mount,cyclo cross,True,asphalt,excellent
cda86829-42ad-4860-974d-351d9b13e3af,dbaae9c4-ce8b-44e6-9e8d-d8e4c09e2bfe,9c841dd9-5bcc-40d3-b71d-afcebe2433eb,1633158905624,13.6473583,52.4541464,7.9902096,0.30849934,1.1261075,-0.8870659,on bike mount,cyclo cross,True,asphalt,excellent
cda86829-42ad-4860-974d-351d9b13e3af,dbaae9c4-ce8b-44e6-9e8d-d8e4c09e2bfe,0849aa00-6cc1-4e79-934d-291c989bded0,1633158905675,13.6473583,52.4541464,7.9902096,0.5510883,-0.5310991,-0.9434366,on bike mount,cyclo cross,True,asphalt,excellent
cda86829-42ad-4860-974d-351d9b13e3af,dbaae9c4-ce8b-44e6-9e8d-d8e4c09e2bfe,3395735e-ee8e-42eb-8669-135f5b2a3abc,1633158905726,13.6473583,52.4541464,7.9902096,0.6044373,-2.40179,-1.1885338,on bike mount,cyclo cross,True,asphalt,excellent
cda86829-42ad-4860-974d-351d9b13e3af,dbaae9c4-ce8b-44e6-9e8d-d8e4c09e2bfe,665a09aa-91f7-45e7-9c99-cf9e7d7ca6d2,1633158905776,13.6473583,52.4541464,7.9902096,-1.2883464,0.18476725,1.7259045,on bike mount,cyclo cross,True,asphalt,excellent
cda86829-42ad-4860-974d-351d9b13e3af,dbaae9c4-ce8b-44e6-9e8d-d8e4c09e2bfe,82074ed9-6443-49d8-bf0e-7f6f86dcf7a3,1633158905826,13.6473583,52.4541464,7.9902096,0.26081085,0.7062073,-0.006703377,on bike mount,cyclo cross,True,asphalt,excellent
cda86829-42ad-4860-974d-351d9b13e3af,dbaae9c4-ce8b-44e6-9e8d-d8e4c09e2bfe,e4fd35f6-047a-4d53-95d4-fea3b7ad91ed,1633158905877,13.6473583,52.4541464,7.9902096,0.20950943,-0.057845354,0.7212086,on bike mount,cyclo cross,True,asphalt,excellent
cda86829-42ad-4860-974d-351d9b13e3af,dbaae9c4-ce8b-44e6-9e8d-d8e4c09e2bfe,31d570fc-7896-446c-a6c0-083d0e8fc54a,1633158905928,13.6473583,52.4541464,7.9902096,-0.387181,0.4643669,0.8294077,on bike mount,cyclo cross,True,asphalt,excellent
cda86829-42ad-4860-974d-351d9b13e3af,dbaae9c4-ce8b-44e6-9e8d-d8e4c09e2bfe,72ee8c4c-5476-4c4b-93bc-d79d05212ae6,1633158905978,13.6473583,52.4541464,7.9902096,0.39190167,-2.3830855,3.190732,on bike mount,cyclo cross,True,asphalt,excellent
cda86829-42ad-4860-974d-351d9b13e3af,dbaae9c4-ce8b-44e6-9e8d-d8e4c09e2bfe,ad8ee591-1ce8-49eb-bb72-cbecd71eabc1,1633158906028,13.6473583,52.4541464,7.9902096,-0.4649104,-1.7422727,-0.01716137,on bike mount,cyclo cross,True,asphalt,excellent
cda86829-42ad-4860-974d-351d9b13e3af,dbaae9c4-ce8b-44e6-9e8d-d8e4c09e2bfe,c204a7d8-9600-41ca-a4dd-fb67a740802a,1633158906079,13.6473583,52.4541464,7.9902096,0.71665573,0.55353427,-1.1229005,on bike mount,cyclo cross,True,asphalt,excellent
cda86829-42ad-4860-974d-351d9b13e3af,dbaae9c4-ce8b-44e6-9e8d-d8e4c09e2bfe,85405c58-6853-4af7-8820-e75de9d5231c,1633158906129,13.6473583,52.4541464,7.9902096,-0.93221605,-0.20238757,-0.21904945,on bike mount,cyclo cross,True,asphalt,excellent
cda86829-42ad-4860-974d-351d9b13e3af,dbaae9c4-ce8b-44e6-9e8d-d8e4c09e2bfe,8d836a7e-7b87-4259-bfb9-7b30709108ea,1633158906179,13.6473583,52.4541464,7.9902096,-0.13616332,0.57313323,0.3204651,on bike mount,cyclo cross,True,asphalt,excellent
cda86829-42ad-4860-974d-351d9b13e3af,dbaae9c4-ce8b-44e6-9e8d-d8e4c09e2bfe,4adb9930-2800-47ee-998a-7fa125ecd823,1633158906228,13.6473583,52.4541464,7.9902096,-2.3776937,-2.064969,1.1905241,on bike mount,cyclo cross,True,asphalt,excellent
cda86829-42ad-4860-974d-351d9b13e3af,dbaae9c4-ce8b-44e6-9e8d-d8e4c09e2bfe,f5003d6f-f606-4fbe-bb0b-dd003d8dc3bd,1633158906278,13.6473583,52.4541464,7.9902096,0.93551826,-0.8194094,-1.053122,on bike mount,cyclo cross,True,asphalt,excellent
cda86829-42ad-4860-974d-351d9b13e3af,dbaae9c4-ce8b-44e6-9e8d-d8e4c09e2bfe,6d9304ea-fab3-4536-a2ab-b00aba98f75f,1633158906328,13.6473583,52.4541464,7.9902096,0.022397086,-3.6099224,2.0844698,on bike mount,cyclo cross,True,asphalt,excellent
cda86829-42ad-4860-974d-351d9b13e3af,dbaae9c4-ce8b-44e6-9e8d-d8e4c09e2bfe,f827fefc-2190-4d2c-ace8-9fc370ee7be3,1633158906378,13.6473583,52.4541464,7.9902096,0.5088418,-0.17990899,0.78412247,on bike mount,cyclo cross,True,asphalt,excellent
cda86829-42ad-4860-974d-351d9b13e3af,dbaae9c4-ce8b-44e6-9e8d-d8e4c09e2bfe,e720f044-3f5b-4ff8-a439-56674c7acd24,1633158906427,13.6473583,52.4541464,7.9902096,1.1621804,3.5254781,2.296691,on bike mount,cyclo cross,True,asphalt,excellent
cda86829-42ad-4860-974d-351d9b13e3af,dbaae9c4-ce8b-44e6-9e8d-d8e4c09e2bfe,3d149c12-2155-4d7b-9f8d-a7f22d22bd02,1633158906478,13.6473583,52.4541464,7.9902096,-0.579388,2.8544188,-7.2121944,on bike mount,cyclo cross,True,asphalt,excellent
cda86829-42ad-4860-974d-351d9b13e3af,dbaae9c4-ce8b-44e6-9e8d-d8e4c09e2bfe,af5696c0-4209-4f5d-a3ef-15224daf363b,1633158906529,13.6473583,52.4541464,7.9902096,-0.18421645,2.0711436,6.638012,on bike mount,cyclo cross,True,asphalt,excellent
cda86829-42ad-4860-974d-351d9b13e3af,dbaae9c4-ce8b-44e6-9e8d-d8e4c09e2bfe,9a5d3aa4-0ba5-49da-90d2-ed6e084cfb7f,1633158906580,13.6473583,52.4541464,7.9902096,0.91068274,-5.2428656,6.7606792,on bike mount,cyclo cross,True,asphalt,excellent
cda86829-42ad-4860-974d-351d9b13e3af,dbaae9c4-ce8b-44e6-9e8d-d8e4c09e2bfe,31a718a6-60e8-4a6f-842d-714554ea4851,1633158906630,13.6474282,52.454099,7.4174385,-1.3263209,0.44364262,-1.9636931,on bike mount,cyclo cross,True,asphalt,excellent
cda86829-42ad-4860-974d-351d9b13e3af,dbaae9c4-ce8b-44e6-9e8d-d8e4c09e2bfe,1f41cd28-2387-4c2e-bf52-4b6682b90a5d,1633158906679,13.6474282,52.454099,7.4174385,-0.49536484,-1.6118457,-8.4368105,on bike mount,cyclo cross,True,asphalt,excellent
cda86829-42ad-4860-974d-351d9b13e3af,dbaae9c4-ce8b-44e6-9e8d-d8e4c09e2bfe,df75d5c2-b591-424c-ab4d-5878bc6ff271,1633158906729,13.6474282,52.454099,7.4174385,-1.205489,3.258239,2.564334,on bike mount,cyclo cross,True,asphalt,excellent
cda86829-42ad-4860-974d-351d9b13e3af,dbaae9c4-ce8b-44e6-9e8d-d8e4c09e2bfe,5e5d0d38-f0c0-4e28-b065-68d94c37ff8b,1633158906779,13.6474282,52.454099,7.4174385,1.4221951,-4.405362,0.9634285,on bike mount,cyclo cross,True,asphalt,excellent
cda86829-42ad-4860-974d-351d9b13e3af,dbaae9c4-ce8b-44e6-9e8d-d8e4c09e2bfe,eb52b4e0-05bb-4c4b-abfd-a5914d9befb2,1633158906829,13.6474282,52.454099,7.4174385,-2.5117676,-4.100862,1.4485941,on bike mount,cyclo cross,True,asphalt,excellent
cda86829-42ad-4860-974d-351d9b13e3af,dbaae9c4-ce8b-44e6-9e8d-d8e4c09e2bfe,38f76ef6-14b3-4c67-a2dc-0f326313c8f7,1633158906878,13.6474282,52.454099,7.4174385,2.334074,-7.7969775,5.642585,on bike mount,cyclo cross,True,asphalt,excellent
cda86829-42ad-4860-974d-351d9b13e3af,dbaae9c4-ce8b-44e6-9e8d-d8e4c09e2bfe,5b84fb97-472a-41c6-b12d-ef96b9421793,1633158906928,13.6474282,52.454099,7.4174385,-8.106978,-1.9618189,-0.64837074,on bike mount,cyclo cross,True,asphalt,excellent
cda86829-42ad-4860-974d-351d9b13e3af,dbaae9c4-ce8b-44e6-9e8d-d8e4c09e2bfe,16245400-ab11-4339-8538-0e5275df4a4a,1633158906979,13.6474282,52.454099,7.4174385,1.3284936,-0.4243908,0.079325676,on bike mount,cyclo cross,True,asphalt,excellent
cda86829-42ad-4860-974d-351d9b13e3af,dbaae9c4-ce8b-44e6-9e8d-d8e4c09e2bfe,bd4de6f4-05a2-4709-b77f-42df8b6545a5,1633158907028,13.6474282,52.454099,7.4174385,1.1482413,2.8171444,1.7654705,on bike mount,cyclo cross,True,asphalt,excellent
cda86829-42ad-4860-974d-351d9b13e3af,dbaae9c4-ce8b-44e6-9e8d-d8e4c09e2bfe,afd5d5d2-5905-4411-9b5b-8770c5d00d5d,1633158907078,13.6474282,52.454099,7.4174385,-0.5088683,-0.87026286,-0.083958626,on bike mount,cyclo cross,True,asphalt,excellent
cda86829-42ad-4860-974d-351d9b13e3af,dbaae9c4-ce8b-44e6-9e8d-d8e4c09e2bfe,7fb864f5-9de6-4fd8-b678-b3d3093a2576,1633158907128,13.6474282,52.454099,7.4174385,0.14252418,-0.6546736,1.2927551,on bike mount,cyclo cross,True,asphalt,excellent
cda86829-42ad-4860-974d-351d9b13e3af,dbaae9c4-ce8b-44e6-9e8d-d8e4c09e2bfe,21529948-b452-4555-9b65-26b47181f728,1633158907180,13.6474282,52.454099,7.4174385,0.6601847,-2.0285406,-1.3452587,on bike mount,cyclo cross,True,asphalt,excellent
cda86829-42ad-4860-974d-351d9b13e3af,dbaae9c4-ce8b-44e6-9e8d-d8e4c09e2bfe,987f8353-60e7-4c2b-a979-02535c4d8a76,1633158907231,13.6474282,52.454099,7.4174385,0.82569605,0.5335827,-2.5812087,on bike mount,cyclo cross,True,asphalt,excellent
cda86829-42ad-4860-974d-351d9b13e3af,dbaae9c4-ce8b-44e6-9e8d-d8e4c09e2bfe,786a6a95-fed3-47af-962a-b9212ff5ea0b,1633158907282,13.6474282,52.454099,7.4174385,-0.5081532,-0.9551934,-0.9794502,on bike mount,cyclo cross,True,asphalt,excellent
cda86829-42ad-4860-974d-351d9b13e3af,dbaae9c4-ce8b-44e6-9e8d-d8e4c09e2bfe,25f6ad7d-7b43-4492-8b8b-fc15c54a2cfe,1633158907347,13.6474282,52.454099,7.4174385,-0.53394216,0.3215363,2.3701973,on bike mount,cyclo cross,True,asphalt,excellent
cda86829-42ad-4860-974d-351d9b13e3af,dbaae9c4-ce8b-44e6-9e8d-d8e4c09e2bfe,5e486e28-2f8a-4043-8416-df87149a9fe5,1633158907397,13.6474282,52.454099,7.4174385,-0.7584906,1.4894903,0.078663826,on bike mount,cyclo cross,True,asphalt,excellent
cda86829-42ad-4860-974d-351d9b13e3af,dbaae9c4-ce8b-44e6-9e8d-d8e4c09e2bfe,3fd6ce14-9119-43cb-a403-e220b76bad76,1633158907448,13.6474282,52.454099,7.4174385,0.106894374,-1.7833962,2.006895,on bike mount,cyclo cross,True,asphalt,excellent
cda86829-42ad-4860-974d-351d9b13e3af,dbaae9c4-ce8b-44e6-9e8d-d8e4c09e2bfe,ae5cff38-e439-4f43-baf7-c131960199ed,1633158907498,13.6474282,52.454099,7.4174385,0.07159427,0.34279394,-0.38575745,on bike mount,cyclo cross,True,asphalt,excellent
cda86829-42ad-4860-974d-351d9b13e3af,dbaae9c4-ce8b-44e6-9e8d-d8e4c09e2bfe,a21403b5-6a57-4115-bdbf-e93fe0ae10c7,1633158907547,13.6474282,52.454099,7.4174385,-0.2503659,1.4706607,-0.5937853,on bike mount,cyclo cross,True,asphalt,excellent
cda86829-42ad-4860-974d-351d9b13e3af,dbaae9c4-ce8b-44e6-9e8d-d8e4c09e2bfe,1bc4b438-acc9-4c8a-baaf-01db6e06f74f,1633158907598,13.6474282,52.454099,7.4174385,0.6272257,0.35714936,0.47951508,on bike mount,cyclo cross,True,asphalt,excellent
cda86829-42ad-4860-974d-351d9b13e3af,dbaae9c4-ce8b-44e6-9e8d-d8e4c09e2bfe,9524d91a-bc69-4b01-b02a-2a8646b26ae5,1633158907649,13.6475032,52.4540528,7.466863,-0.3267808,-0.57707,-0.41611385,on bike mount,cyclo cross,True,asphalt,excellent
cda86829-42ad-4860-974d-351d9b13e3af,dbaae9c4-ce8b-44e6-9e8d-d8e4c09e2bfe,78b098ec-64d1-4689-bc3e-a2a88f8e45d5,1633158907699,13.6475032,52.4540528,7.466863,-0.4603238,-1.3905048,0.9814358,on bike mount,cyclo cross,True,asphalt,excellent
cda86829-42ad-4860-974d-351d9b13e3af,dbaae9c4-ce8b-44e6-9e8d-d8e4c09e2bfe,5715a20d-2fc8-4575-8611-ed86e73b73dc,1633158907748,13.6475032,52.4540528,7.466863,-0.08429703,-0.013992786,2.4132156,on bike mount,cyclo cross,True,asphalt,excellent
cda86829-42ad-4860-974d-351d9b13e3af,dbaae9c4-ce8b-44e6-9e8d-d8e4c09e2bfe,0a3a4a23-52db-49b1-9f79-f6439c5d3f53,1633158907797,13.6475032,52.4540528,7.466863,-0.6734628,-7.1195583,4.8502636,on bike mount,cyclo cross,True,asphalt,excellent
cda86829-42ad-4860-974d-351d9b13e3af,dbaae9c4-ce8b-44e6-9e8d-d8e4c09e2bfe,58861347-b0fd-4c70-87ec-99a0f6530e32,1633158907848,13.6475032,52.4540528,7.466863,-0.0259161,5.4007854,-12.085705,on bike mount,cyclo cross,True,asphalt,excellent
cda86829-42ad-4860-974d-351d9b13e3af,dbaae9c4-ce8b-44e6-9e8d-d8e4c09e2bfe,ff668739-ab22-484c-ba92-1e39dfbe74ba,1633158907897,13.6475032,52.4540528,7.466863,-1.8440368,-9.534128,34.92642,on bike mount,cyclo cross,True,asphalt,excellent
cda86829-42ad-4860-974d-351d9b13e3af,dbaae9c4-ce8b-44e6-9e8d-d8e4c09e2bfe,0b676fd3-f47f-4657-be8b-201401ba86c9,1633158907946,13.6475032,52.4540528,7.466863,-2.7400022,10.802057,11.247801,on bike mount,cyclo cross,True,asphalt,excellent
cda86829-42ad-4860-974d-351d9b13e3af,dbaae9c4-ce8b-44e6-9e8d-d8e4c09e2bfe,61030ba4-e3b0-41ce-8285-d4f5e23dd418,1633158907997,13.6475032,52.4540528,7.466863,-2.236757,-10.3685255,6.434906,on bike mount,cyclo cross,True,asphalt,excellent
cda86829-42ad-4860-974d-351d9b13e3af,dbaae9c4-ce8b-44e6-9e8d-d8e4c09e2bfe,7bb5ab4a-9813-47e7-8a95-659eb9edec50,1633158908048,13.6475032,52.4540528,7.466863,0.9722034,14.262987,-3.613227,on bike mount,cyclo cross,True,asphalt,excellent
cda86829-42ad-4860-974d-351d9b13e3af,dbaae9c4-ce8b-44e6-9e8d-d8e4c09e2bfe,1d36945f-51d0-46dd-90d7-ac93c81983e6,1633158908097,13.6475032,52.4540528,7.466863,-1.8875424,-0.120876074,-3.871366,on bike mount,cyclo cross,True,asphalt,excellent
cda86829-42ad-4860-974d-351d9b13e3af,dbaae9c4-ce8b-44e6-9e8d-d8e4c09e2bfe,a99ae3c3-cb4c-4b9b-b31a-83c9da9ad4c2,1633158908148,13.6475032,52.4540528,7.466863,1.0964618,-5.588412,-0.4368086,on bike mount,cyclo cross,True,asphalt,excellent
cda86829-42ad-4860-974d-351d9b13e3af,dbaae9c4-ce8b-44e6-9e8d-d8e4c09e2bfe,5bf50964-aadd-443f-81e3-daa1649b99c7,1633158908197,13.6475032,52.4540528,7.466863,-0.98133034,0.11845255,-4.8443813,on bike mount,cyclo cross,True,asphalt,excellent
cda86829-42ad-4860-974d-351d9b13e3af,dbaae9c4-ce8b-44e6-9e8d-d8e4c09e2bfe,4cdb5058-448a-44ec-91ab-2b17829d81c1,1633158908247,13.6475032,52.4540528,7.466863,-0.4906754,0.57547665,1.7552614,on bike mount,cyclo cross,True,asphalt,excellent
cda86829-42ad-4860-974d-351d9b13e3af,dbaae9c4-ce8b-44e6-9e8d-d8e4c09e2bfe,5a7c270a-1e79-4f4b-828d-4920e6e4ed51,1633158908297,13.6475032,52.4540528,7.466863,1.70294,0.9296918,0.938571,on bike mount,cyclo cross,True,asphalt,excellent
cda86829-42ad-4860-974d-351d9b13e3af,dbaae9c4-ce8b-44e6-9e8d-d8e4c09e2bfe,1c2f190b-48fe-4ab1-928b-ce319eab892c,1633158908348,13.6475032,52.4540528,7.466863,-0.55149853,-3.973617,5.54582,on bike mount,cyclo cross,True,asphalt,excellent
cda86829-42ad-4860-974d-351d9b13e3af,dbaae9c4-ce8b-44e6-9e8d-d8e4c09e2bfe,4e1558eb-288c-4659-8c7d-bb574020448c,1633158908399,13.6475032,52.4540528,7.466863,0.28550017,3.301436,-5.3079467,on bike mount,cyclo cross,True,asphalt,excellent
cda86829-42ad-4860-974d-351d9b13e3af,dbaae9c4-ce8b-44e6-9e8d-d8e4c09e2bfe,deab4012-ab7e-4f9f-bb13-89c162a22bc0,1633158908449,13.6475032,52.4540528,7.466863,-0.37709698,-4.171486,1.0726681,on bike mount,cyclo cross,True,asphalt,excellent
cda86829-42ad-4860-974d-351d9b13e3af,dbaae9c4-ce8b-44e6-9e8d-d8e4c09e2bfe,9cfdad6f-358d-464f-b797-0f1d31927a11,1633158908500,13.6475032,52.4540528,7.466863,1.601218,0.4017923,2.3966665,on bike mount,cyclo cross,True,asphalt,excellent
cda86829-42ad-4860-974d-351d9b13e3af,dbaae9c4-ce8b-44e6-9e8d-d8e4c09e2bfe,b5eba325-4508-4842-bb42-863c5b92149e,1633158908550,13.6475032,52.4540528,7.466863,-0.6289136,-2.5287123,2.0719776,on bike mount,cyclo cross,True,asphalt,excellent
cda86829-42ad-4860-974d-351d9b13e3af,dbaae9c4-ce8b-44e6-9e8d-d8e4c09e2bfe,23cb33a6-2b6d-40e7-8e3a-83972d0890d1,1633158908600,13.6475032,52.4540528,7.466863,1.0569978,3.0052161,0.41904545,on bike mount,cyclo cross,True,asphalt,excellent
cda86829-42ad-4860-974d-351d9b13e3af,dbaae9c4-ce8b-44e6-9e8d-d8e4c09e2bfe,551971ed-cd86-4bb1-80f3-15e2f9afdd7a,1633158908651,13.6475784,52.4540053,7.196898,0.051804606,1.8851542,-0.39525795,on bike mount,cyclo cross,True,asphalt,excellent
cda86829-42ad-4860-974d-351d9b13e3af,dbaae9c4-ce8b-44e6-9e8d-d8e4c09e2bfe,afadf474-6428-4bb5-a167-aeca3e710004,1633158908701,13.6475784,52.4540053,7.196898,0.48692638,-1.5698004,1.8621445,on bike mount,cyclo cross,True,asphalt,excellent
cda86829-42ad-4860-974d-351d9b13e3af,dbaae9c4-ce8b-44e6-9e8d-d8e4c09e2bfe,f89f6f1d-58a8-480b-8c48-a720167f2aee,1633158908751,13.6475784,52.4540053,7.196898,0.1528964,-1.8346016,-0.91663074,on bike mount,cyclo cross,True,asphalt,excellent
cda86829-42ad-4860-974d-351d9b13e3af,dbaae9c4-ce8b-44e6-9e8d-d8e4c09e2bfe,41b01dbe-2e91-4e62-8ea3-34628f7f1b44,1633158908802,13.6475784,52.4540053,7.196898,1.0846064,-2.4717133,0.421587,on bike mount,cyclo cross,True,asphalt,excellent
cda86829-42ad-4860-974d-351d9b13e3af,dbaae9c4-ce8b-44e6-9e8d-d8e4c09e2bfe,a68c6fab-e94c-456f-8ef5-46aa5fb7a698,1633158908852,13.6475784,52.4540053,7.196898,-0.22412896,1.1185312,1.9594173,on bike mount,cyclo cross,True,asphalt,excellent
cda86829-42ad-4860-974d-351d9b13e3af,dbaae9c4-ce8b-44e6-9e8d-d8e4c09e2bfe,bc3be35e-a5b8-43eb-b0c5-ad9b2e49039b,1633158908902,13.6475784,52.4540053,7.196898,0.7096671,-1.9767878,0.59569263,on bike mount,cyclo cross,True,asphalt,excellent
cda86829-42ad-4860-974d-351d9b13e3af,dbaae9c4-ce8b-44e6-9e8d-d8e4c09e2bfe,bd85e85b-97fb-453b-bd9a-119fdc5dadb4,1633158908952,13.6475784,52.4540053,7.196898,-0.41805905,-0.70323944,2.0076017,on bike mount,cyclo cross,True,asphalt,excellent
cda86829-42ad-4860-974d-351d9b13e3af,dbaae9c4-ce8b-44e6-9e8d-d8e4c09e2bfe,4482dbd6-9a1f-413b-96be-67b3362c291c,1633158909002,13.6475784,52.4540053,7.196898,2.133796,-5.965917,23.534058,on bike mount,cyclo cross,True,asphalt,excellent
cda86829-42ad-4860-974d-351d9b13e3af,dbaae9c4-ce8b-44e6-9e8d-d8e4c09e2bfe,e3be4055-2cb1-45f5-a2c0-4f2c6edc385b,1633158909052,13.6475784,52.4540053,7.196898,-1.9356114,4.9484835,-0.86263275,on bike mount,cyclo cross,True,asphalt,excellent
cda86829-42ad-4860-974d-351d9b13e3af,dbaae9c4-ce8b-44e6-9e8d-d8e4c09e2bfe,d9ff934a-8a02-42ba-83d3-eff85167f7f2,1633158909100,13.6475784,52.4540053,7.196898,1.9120089,0.64238477,-2.7770977,on bike mount,cyclo cross,True,asphalt,excellent
cda86829-42ad-4860-974d-351d9b13e3af,dbaae9c4-ce8b-44e6-9e8d-d8e4c09e2bfe,cda17cd9-8989-4536-a475-73e584cfc1f8,1633158909149,13.6475784,52.4540053,7.196898,1.4856855,5.497468,1.2545042,on bike mount,cyclo cross,True,asphalt,excellent
cda86829-42ad-4860-974d-351d9b13e3af,dbaae9c4-ce8b-44e6-9e8d-d8e4c09e2bfe,23c7cbdc-83da-465a-b8a7-8256e486807d,1633158909199,13.6475784,52.4540053,7.196898,0.8334068,-0.701041,-1.7816772,on bike mount,cyclo cross,True,asphalt,excellent
cda86829-42ad-4860-974d-351d9b13e3af,dbaae9c4-ce8b-44e6-9e8d-d8e4c09e2bfe,0ce35dee-9f3a-4ba2-8243-90665e2ce4a9,1633158909249,13.6475784,52.4540053,7.196898,-1.1178877,-0.6939032,1.8294115,on bike mount,cyclo cross,True,asphalt,excellent
cda86829-42ad-4860-974d-351d9b13e3af,dbaae9c4-ce8b-44e6-9e8d-d8e4c09e2bfe,22b90966-0cb4-4729-9588-01ff92797283,1633158909298,13.6475784,52.4540053,7.196898,0.29577574,-0.77780735,-0.027357101,on bike mount,cyclo cross,True,asphalt,excellent
cda86829-42ad-4860-974d-351d9b13e3af,dbaae9c4-ce8b-44e6-9e8d-d8e4c09e2bfe,d85970c6-a2eb-4c36-8eb8-274ad9b20a1d,1633158909348,13.6475784,52.4540053,7.196898,-0.7601996,-0.8672738,-0.3506956,on bike mount,cyclo cross,True,asphalt,excellent
cda86829-42ad-4860-974d-351d9b13e3af,dbaae9c4-ce8b-44e6-9e8d-d8e4c09e2bfe,95dc3309-59c8-410b-abe6-795f25020b6b,1633158909399,13.6475784,52.4540053,7.196898,0.8521673,0.11109638,1.1317005,on bike mount,cyclo cross,True,asphalt,excellent
cda86829-42ad-4860-974d-351d9b13e3af,dbaae9c4-ce8b-44e6-9e8d-d8e4c09e2bfe,9acae96a-6cd9-48b1-9cff-3d3dcaea8575,1633158909450,13.6475784,52.4540053,7.196898,-0.6968173,0.03749633,0.5753145,on bike mount,cyclo cross,True,asphalt,excellent
cda86829-42ad-4860-974d-351d9b13e3af,dbaae9c4-ce8b-44e6-9e8d-d8e4c09e2bfe,7689ff80-406e-4dd9-b048-129832f5d8ee,1633158909501,13.6475784,52.4540053,7.196898,-0.11688878,-0.47478437,-0.15763092,on bike mount,cyclo cross,True,asphalt,excellent
cda86829-42ad-4860-974d-351d9b13e3af,dbaae9c4-ce8b-44e6-9e8d-d8e4c09e2bfe,14981faf-f1e5-4153-ae0a-88c4f53f7c72,1633158909551,13.6475784,52.4540053,7.196898,-0.4887318,1.0436091,-0.20471859,on bike mount,cyclo cross,True,asphalt,excellent
cda86829-42ad-4860-974d-351d9b13e3af,dbaae9c4-ce8b-44e6-9e8d-d8e4c09e2bfe,531fd3a7-79cf-44c1-a66d-d60c5432363e,1633158909601,13.6475784,52.4540053,7.196898,-0.10149308,-0.21235299,1.2223434,on bike mount,cyclo cross,True,asphalt,excellent
cda86829-42ad-4860-974d-351d9b13e3af,dbaae9c4-ce8b-44e6-9e8d-d8e4c09e2bfe,5ce75a40-09b5-4175-b507-d1900473aa78,1633158909651,13.6476546,52.4539607,7.31605,0.14748064,-0.4804361,-0.7421875,on bike mount,cyclo cross,True,asphalt,excellent
cda86829-42ad-4860-974d-351d9b13e3af,dbaae9c4-ce8b-44e6-9e8d-d8e4c09e2bfe,f250a04c-84ac-4fc0-9185-6ab0c1ea84d5,1633158909701,13.6476546,52.4539607,7.31605,0.33711654,-0.27810764,0.7987881,on bike mount,cyclo cross,True,asphalt,excellent
cda86829-42ad-4860-974d-351d9b13e3af,dbaae9c4-ce8b-44e6-9e8d-d8e4c09e2bfe,f5dc9124-b94b-45c4-a4f0-f20454cc2053,1633158909751,13.6476546,52.4539607,7.31605,0.5172442,0.28895855,-0.45530987,on bike mount,cyclo cross,True,asphalt,excellent
cda86829-42ad-4860-974d-351d9b13e3af,dbaae9c4-ce8b-44e6-9e8d-d8e4c09e2bfe,4db87c03-08dd-48cf-8083-1299d57f957a,1633158909801,13.6476546,52.4539607,7.31605,1.0776757,-0.7691382,2.211296,on bike mount,cyclo cross,True,asphalt,excellent
cda86829-42ad-4860-974d-351d9b13e3af,dbaae9c4-ce8b-44e6-9e8d-d8e4c09e2bfe,fc1f8386-9692-4c78-8d98-5916998f0dec,1633158909852,13.6476546,52.4539607,7.31605,0.38833985,0.4433527,0.7695675,on bike mount,cyclo cross,True,asphalt,excellent
cda86829-42ad-4860-974d-351d9b13e3af,dbaae9c4-ce8b-44e6-9e8d-d8e4c09e2bfe,4c9ced0c-e887-4c46-978a-9bc537d7db1d,1633158909903,13.6476546,52.4539607,7.31605,0.5144462,-0.5500014,1.3013248,on bike mount,cyclo cross,True,asphalt,excellent
cda86829-42ad-4860-974d-351d9b13e3af,dbaae9c4-ce8b-44e6-9e8d-d8e4c09e2bfe,72b256c2-edb1-49c2-9419-c2e936643068,1633158909953,13.6476546,52.4539607,7.31605,0.355089,0.31113863,-1.1959486,on bike mount,cyclo cross,True,asphalt,excellent
cda86829-42ad-4860-974d-351d9b13e3af,dbaae9c4-ce8b-44e6-9e8d-d8e4c09e2bfe,67ca083b-32e6-4dd0-b572-8b5cd2245b0a,1633158910003,13.6476546,52.4539607,7.31605,-0.52259505,-0.5769212,0.5881109,on bike mount,cyclo cross,True,asphalt,excellent
cda86829-42ad-4860-974d-351d9b13e3af,dbaae9c4-ce8b-44e6-9e8d-d8e4c09e2bfe,3d0127d5-7a19-4219-a3d5-731c12f06c70,1633158910054,13.6476546,52.4539607,7.31605,0.6222644,-1.76457,0.7983017,on bike mount,cyclo cross,True,asphalt,excellent
cda86829-42ad-4860-974d-351d9b13e3af,dbaae9c4-ce8b-44e6-9e8d-d8e4c09e2bfe,1e02f97a-6906-48aa-abb3-77599b2a171a,1633158910105,13.6476546,52.4539607,7.31605,-0.21923213,-1.2451308,0.98479366,on bike mount,cyclo cross,True,asphalt,excellent
cda86829-42ad-4860-974d-351d9b13e3af,dbaae9c4-ce8b-44e6-9e8d-d8e4c09e2bfe,88e0dd10-675c-4b09-8d0f-8ad05f782f21,1633158910155,13.6476546,52.4539607,7.31605,-0.49061716,0.12136674,-1.7620635,on bike mount,cyclo cross,True,asphalt,excellent
cda86829-42ad-4860-974d-351d9b13e3af,dbaae9c4-ce8b-44e6-9e8d-d8e4c09e2bfe,a6f6b59f-8a6a-4815-ab1b-4a898c4259ce,1633158910206,13.6476546,52.4539607,7.31605,0.13834253,0.10992241,1.874692,on bike mount,cyclo cross,True,asphalt,excellent
cda86829-42ad-4860-974d-351d9b13e3af,dbaae9c4-ce8b-44e6-9e8d-d8e4c09e2bfe,85bf04c2-95aa-44ab-922d-c2f204f21af5,1633158910256,13.6476546,52.4539607,7.31605,-1.0882175,-0.44850075,-0.43165588,on bike mount,cyclo cross,True,asphalt,excellent
cda86829-42ad-4860-974d-351d9b13e3af,dbaae9c4-ce8b-44e6-9e8d-d8e4c09e2bfe,59e55bc8-c50f-4378-9863-1b25a70e3d16,1633158910306,13.6476546,52.4539607,7.31605,-0.3315584,-0.48281038,2.034894,on bike mount,cyclo cross,True,asphalt,excellent
cda86829-42ad-4860-974d-351d9b13e3af,dbaae9c4-ce8b-44e6-9e8d-d8e4c09e2bfe,ce255aff-25c9-4530-ae46-05a159264324,1633158910357,13.6476546,52.4539607,7.31605,0.8972638,-0.832284,0.24604988,on bike mount,cyclo cross,True,asphalt,excellent
cda86829-42ad-4860-974d-351d9b13e3af,dbaae9c4-ce8b-44e6-9e8d-d8e4c09e2bfe,f5050bc9-2ed2-4278-a866-e9cd1b55f9e4,1633158910406,13.6476546,52.4539607,7.31605,0.048216425,-0.34381342,-0.2535696,on bike mount,cyclo cross,True,asphalt,excellent
cda86829-42ad-4860-974d-351d9b13e3af,dbaae9c4-ce8b-44e6-9e8d-d8e4c09e2bfe,0c659c1e-1fa3-4750-a343-e0a7b145aeb8,1633158910457,13.6476546,52.4539607,7.31605,0.5962043,-0.973055,-0.6712713,on bike mount,cyclo cross,True,asphalt,excellent
cda86829-42ad-4860-974d-351d9b13e3af,dbaae9c4-ce8b-44e6-9e8d-d8e4c09e2bfe,54c898d3-ceff-467e-a304-2892de40fe59,1633158910506,13.6476546,52.4539607,7.31605,-0.07142335,-0.5565362,-0.16102886,on bike mount,cyclo cross,True,asphalt,excellent
cda86829-42ad-4860-974d-351d9b13e3af,dbaae9c4-ce8b-44e6-9e8d-d8e4c09e2bfe,3949ef29-bb56-4914-94ca-3a215d631484,1633158910557,13.6476546,52.4539607,7.31605,0.83541346,-0.38787603,1.8084602,on bike mount,cyclo cross,True,asphalt,excellent
cda86829-42ad-4860-974d-351d9b13e3af,dbaae9c4-ce8b-44e6-9e8d-d8e4c09e2bfe,6294c1a2-224e-4a4b-a8b7-2042d1eba74c,1633158910607,13.6476546,52.4539607,7.31605,0.85212815,-0.55411625,1.3412971,on bike mount,cyclo cross,True,asphalt,excellent
cda86829-42ad-4860-974d-351d9b13e3af,dbaae9c4-ce8b-44e6-9e8d-d8e4c09e2bfe,4f4755e9-a714-4362-8102-d9d8e87d706c,1633158910658,13.6477213,52.4539178,6.375521,-0.1698766,1.0794377,-0.03238392,on bike mount,cyclo cross,True,asphalt,excellent
cda86829-42ad-4860-974d-351d9b13e3af,dbaae9c4-ce8b-44e6-9e8d-d8e4c09e2bfe,e110177c-0cd7-4834-bd52-671eca1a11e6,1633158910709,13.6477213,52.4539178,6.375521,-0.87130636,0.17704248,-0.9539318,on bike mount,cyclo cross,True,asphalt,excellent
cda86829-42ad-4860-974d-351d9b13e3af,dbaae9c4-ce8b-44e6-9e8d-d8e4c09e2bfe,5fa67fec-7f07-4404-80c2-d28b82963617,1633158910759,13.6477213,52.4539178,6.375521,1.9477544,0.7788739,0.48815727,on bike mount,cyclo cross,True,asphalt,excellent
cda86829-42ad-4860-974d-351d9b13e3af,dbaae9c4-ce8b-44e6-9e8d-d8e4c09e2bfe,403c0435-d3da-4603-a680-4fe68167ac22,1633158910810,13.6477213,52.4539178,6.375521,0.30626678,-1.5498967,1.2294884,on bike mount,cyclo cross,True,asphalt,excellent
cda86829-42ad-4860-974d-351d9b13e3af,dbaae9c4-ce8b-44e6-9e8d-d8e4c09e2bfe,7f683a92-5f1b-4764-bb48-9a5837dcbbb3,1633158910860,13.6477213,52.4539178,6.375521,-0.7900909,0.66687965,-1.3098531,on bike mount,cyclo cross,True,asphalt,excellent
cda86829-42ad-4860-974d-351d9b13e3af,dbaae9c4-ce8b-44e6-9e8d-d8e4c09e2bfe,ae12e407-d75d-407e-b389-4f9533e9828b,1633158910909,13.6477213,52.4539178,6.375521,-0.7116727,0.73186994,-0.18647671,on bike mount,cyclo cross,True,asphalt,excellent
cda86829-42ad-4860-974d-351d9b13e3af,dbaae9c4-ce8b-44e6-9e8d-d8e4c09e2bfe,d15aceab-c276-423a-a03f-78722b58f9bf,1633158910960,13.6477213,52.4539178,6.375521,0.21151799,-0.42623448,0.2807455,on bike mount,cyclo cross,True,asphalt,excellent
cda86829-42ad-4860-974d-351d9b13e3af,dbaae9c4-ce8b-44e6-9e8d-d8e4c09e2bfe,21b79452-32cf-4814-bb4c-a3ce48824eac,1633158911010,13.6477213,52.4539178,6.375521,-0.79535615,0.5795274,-0.0050764084,on bike mount,cyclo cross,True,asphalt,excellent
cda86829-42ad-4860-974d-351d9b13e3af,dbaae9c4-ce8b-44e6-9e8d-d8e4c09e2bfe,7f15e788-3cc5-4e6a-87d5-ff2cff2ca8d7,1633158911060,13.6477213,52.4539178,6.375521,-0.8661658,-0.64640975,0.5275879,on bike mount,cyclo cross,True,asphalt,excellent
cda86829-42ad-4860-974d-351d9b13e3af,dbaae9c4-ce8b-44e6-9e8d-d8e4c09e2bfe,a3d5fe37-31cd-403a-8f0e-d7f8942e28cc,1633158911110,13.6477213,52.4539178,6.375521,-0.19993582,1.6220136,1.0460253,on bike mount,cyclo cross,True,asphalt,excellent
cda86829-42ad-4860-974d-351d9b13e3af,dbaae9c4-ce8b-44e6-9e8d-d8e4c09e2bfe,89a80d23-fdcc-4c65-b070-6518451898cb,1633158911159,13.6477213,52.4539178,6.375521,-0.53735816,-1.0014044,-0.39054394,on bike mount,cyclo cross,True,asphalt,excellent
cda86829-42ad-4860-974d-351d9b13e3af,dbaae9c4-ce8b-44e6-9e8d-d8e4c09e2bfe,a2997867-c0ee-4a7c-bcd5-e7a47bae28fe,1633158911210,13.6477213,52.4539178,6.375521,-1.1303282,0.9075656,-0.4360838,on bike mount,cyclo cross,True,asphalt,excellent
cda86829-42ad-4860-974d-351d9b13e3af,dbaae9c4-ce8b-44e6-9e8d-d8e4c09e2bfe,7ddd0c39-8b29-48a4-b866-656df31bfddc,1633158911260,13.6477213,52.4539178,6.375521,-0.7665029,1.8779755,1.0661507,on bike mount,cyclo cross,True,asphalt,excellent
cda86829-42ad-4860-974d-351d9b13e3af,dbaae9c4-ce8b-44e6-9e8d-d8e4c09e2bfe,75771758-1d0f-4d0a-bc34-e39b75aa229d,1633158911309,13.6477213,52.4539178,6.375521,0.08107284,-0.3216765,0.061891556,on bike mount,cyclo cross,True,asphalt,excellent
cda86829-42ad-4860-974d-351d9b13e3af,dbaae9c4-ce8b-44e6-9e8d-d8e4c09e2bfe,48d3fed7-c435-44a2-a22b-c5f3feb8fac1,1633158911359,13.6477213,52.4539178,6.375521,-0.0566649,-0.78719544,0.6731005,on bike mount,cyclo cross,True,asphalt,excellent
cda86829-42ad-4860-974d-351d9b13e3af,dbaae9c4-ce8b-44e6-9e8d-d8e4c09e2bfe,19f3a6ee-d1e3-4cfb-86a2-973006b92c31,1633158911409,13.6477213,52.4539178,6.375521,-0.2671951,-1.6707549,-0.9856701,on bike mount,cyclo cross,True,asphalt,excellent
cda86829-42ad-4860-974d-351d9b13e3af,dbaae9c4-ce8b-44e6-9e8d-d8e4c09e2bfe,7064967d-a02f-4536-a0ff-f2e6bcde7b19,1633158911459,13.6477213,52.4539178,6.375521,-0.29792142,0.24362516,-1.4809232,on bike mount,cyclo cross,True,asphalt,excellent
cda86829-42ad-4860-974d-351d9b13e3af,dbaae9c4-ce8b-44e6-9e8d-d8e4c09e2bfe,03c2d769-9fe2-4a8e-8f6b-7462ecc6b33b,1633158911509,13.6477213,52.4539178,6.375521,0.9946091,-1.5174457,-0.23367119,on bike mount,cyclo cross,True,asphalt,excellent
cda86829-42ad-4860-974d-351d9b13e3af,dbaae9c4-ce8b-44e6-9e8d-d8e4c09e2bfe,d3069f69-03be-4dad-a3cb-59a4e83f3c24,1633158911559,13.6477213,52.4539178,6.375521,-0.037519127,-0.62983584,2.0430174,on bike mount,cyclo cross,True,asphalt,excellent
cda86829-42ad-4860-974d-351d9b13e3af,dbaae9c4-ce8b-44e6-9e8d-d8e4c09e2bfe,4e1ffeb4-d69b-4a69-84ea-938b8e10a963,1633158911609,13.6477213,52.4539178,6.375521,0.5310768,-0.19441724,-0.1648531,on bike mount,cyclo cross,True,asphalt,excellent
cda86829-42ad-4860-974d-351d9b13e3af,dbaae9c4-ce8b-44e6-9e8d-d8e4c09e2bfe,0e391ca7-91a2-4c8e-9637-d031f5b579d4,1633158911659,13.6477886,52.4538727,6.738007,0.94907916,-0.71829367,0.053833008,on bike mount,cyclo cross,True,asphalt,excellent
cda86829-42ad-4860-974d-351d9b13e3af,dbaae9c4-ce8b-44e6-9e8d-d8e4c09e2bfe,cc5cf14d-3546-4d30-bcd7-d2705bbb9285,1633158911710,13.6477886,52.4538727,6.738007,1.0877445,2.691557,0.9241228,on bike mount,cyclo cross,True,asphalt,excellent
cda86829-42ad-4860-974d-351d9b13e3af,dbaae9c4-ce8b-44e6-9e8d-d8e4c09e2bfe,d4f75e8c-f12e-4bda-bb83-0de52c956613,1633158911759,13.6477886,52.4538727,6.738007,0.23296645,0.34597445,0.038253784,on bike mount,cyclo cross,True,asphalt,excellent
cda86829-42ad-4860-974d-351d9b13e3af,dbaae9c4-ce8b-44e6-9e8d-d8e4c09e2bfe,cb711004-de43-49aa-aeab-754d7231241f,1633158911809,13.6477886,52.4538727,6.738007,0.98208064,-0.054267168,-0.563735,on bike mount,cyclo cross,True,asphalt,excellent
cda86829-42ad-4860-974d-351d9b13e3af,dbaae9c4-ce8b-44e6-9e8d-d8e4c09e2bfe,aa0adf20-3541-45fc-8569-a3d66bbb02df,1633158911860,13.6477886,52.4538727,6.738007,1.670627,-3.637051,-0.543561,on bike mount,cyclo cross,True,asphalt,excellent
cda86829-42ad-4860-974d-351d9b13e3af,dbaae9c4-ce8b-44e6-9e8d-d8e4c09e2bfe,81c4b770-2772-4fdb-bf87-05e504001711,1633158911909,13.6477886,52.4538727,6.738007,0.5397161,-1.1087134,-3.2462492,on bike mount,cyclo cross,True,asphalt,excellent
cda86829-42ad-4860-974d-351d9b13e3af,dbaae9c4-ce8b-44e6-9e8d-d8e4c09e2bfe,d0d5bae3-7627-46d6-945e-4f9ea1074b4f,1633158911959,13.6477886,52.4538727,6.738007,0.39798132,0.073447704,2.2218513,on bike mount,cyclo cross,True,asphalt,excellent
cda86829-42ad-4860-974d-351d9b13e3af,dbaae9c4-ce8b-44e6-9e8d-d8e4c09e2bfe,065d88d4-3332-49b2-a655-f575cfdc2f69,1633158912009,13.6477886,52.4538727,6.738007,0.8478276,1.9563627,11.911785,on bike mount,cyclo cross,True,asphalt,excellent
cda86829-42ad-4860-974d-351d9b13e3af,dbaae9c4-ce8b-44e6-9e8d-d8e4c09e2bfe,289b72d7-bb0d-4625-8ffe-33cc0215d8d2,1633158912060,13.6477886,52.4538727,6.738007,1.2098207,4.871025,-1.0881586,on bike mount,cyclo cross,True,asphalt,excellent
cda86829-42ad-4860-974d-351d9b13e3af,dbaae9c4-ce8b-44e6-9e8d-d8e4c09e2bfe,f56f6533-30b1-4ff4-a1da-d2ecc9cd57de,1633158912111,13.6477886,52.4538727,6.738007,-0.26668727,0.13501263,0.9136572,on bike mount,cyclo cross,True,asphalt,excellent
cda86829-42ad-4860-974d-351d9b13e3af,dbaae9c4-ce8b-44e6-9e8d-d8e4c09e2bfe,1ba6f7ce-62ad-43c3-a168-3a0da665524b,1633158912161,13.6477886,52.4538727,6.738007,0.46689188,5.4922156,0.054039,on bike mount,cyclo cross,True,asphalt,excellent
cda86829-42ad-4860-974d-351d9b13e3af,dbaae9c4-ce8b-44e6-9e8d-d8e4c09e2bfe,64713f82-59d9-47c1-9b30-2d4e5811de56,1633158912212,13.6477886,52.4538727,6.738007,0.7309715,0.005065918,-1.6936154,on bike mount,cyclo cross,True,asphalt,excellent
cda86829-42ad-4860-974d-351d9b13e3af,dbaae9c4-ce8b-44e6-9e8d-d8e4c09e2bfe,6d6bfc45-09f6-4df1-a69f-8b55705a22ff,1633158912262,13.6477886,52.4538727,6.738007,0.30831632,-0.014088869,1.8353949,on bike mount,cyclo cross,True,asphalt,excellent
cda86829-42ad-4860-974d-351d9b13e3af,dbaae9c4-ce8b-44e6-9e8d-d8e4c09e2bfe,931d91cd-8d7b-4b48-852f-524d69089156,1633158912313,13.6477886,52.4538727,6.738007,1.2798452,-1.1013291,-0.39793587,on bike mount,cyclo cross,True,asphalt,excellent
cda86829-42ad-4860-974d-351d9b13e3af,dbaae9c4-ce8b-44e6-9e8d-d8e4c09e2bfe,36ee53ee-3ca6-4b97-98a6-72bda83e5a35,1633158912363,13.6477886,52.4538727,6.738007,0.40390223,-1.3466159,1.1739607,on bike mount,cyclo cross,True,asphalt,excellent
cda86829-42ad-4860-974d-351d9b13e3af,dbaae9c4-ce8b-44e6-9e8d-d8e4c09e2bfe,4c3a04ff-bab4-438c-9468-d3328149fdde,1633158912413,13.6477886,52.4538727,6.738007,-0.23086905,-0.21668458,0.9579563,on bike mount,cyclo cross,True,asphalt,excellent
cda86829-42ad-4860-974d-351d9b13e3af,dbaae9c4-ce8b-44e6-9e8d-d8e4c09e2bfe,a02a1da3-581d-4027-8c0c-da9798b9372e,1633158912463,13.6477886,52.4538727,6.738007,-0.15278834,-0.13593078,0.75565434,on bike mount,cyclo cross,True,asphalt,excellent
cda86829-42ad-4860-974d-351d9b13e3af,dbaae9c4-ce8b-44e6-9e8d-d8e4c09e2bfe,d2f180b5-c5d9-4605-9d4a-64a95746fc86,1633158912512,13.6477886,52.4538727,6.738007,0.9011407,-1.3854904,0.132308,on bike mount,cyclo cross,True,asphalt,excellent
cda86829-42ad-4860-974d-351d9b13e3af,dbaae9c4-ce8b-44e6-9e8d-d8e4c09e2bfe,569d4315-4b3a-4fa4-a5b2-e61f600a66a9,1633158912562,13.6477886,52.4538727,6.738007,-0.031152666,-2.6932857,-1.2504025,on bike mount,cyclo cross,True,asphalt,excellent
cda86829-42ad-4860-974d-351d9b13e3af,dbaae9c4-ce8b-44e6-9e8d-d8e4c09e2bfe,ffdf1ee8-ef9b-46c8-80fa-262ef2fe4fab,1633158912613,13.6477886,52.4538727,6.738007,0.063608035,0.38018632,-0.27873516,on bike mount,cyclo cross,True,asphalt,excellent
cda86829-42ad-4860-974d-351d9b13e3af,dbaae9c4-ce8b-44e6-9e8d-d8e4c09e2bfe,41b58aa8-bcef-44c9-a1a2-e413cb759234,1633158912665,13.6478661,52.4538238,7.228754,-1.5480497,0.5173881,0.41069317,on bike mount,cyclo cross,True,asphalt,excellent
cda86829-42ad-4860-974d-351d9b13e3af,dbaae9c4-ce8b-44e6-9e8d-d8e4c09e2bfe,38f5ed6d-336d-4b6f-a64c-7cb4246a3e85,1633158912715,13.6478661,52.4538238,7.228754,-0.24939063,0.6840191,0.7159691,on bike mount,cyclo cross,True,asphalt,excellent
cda86829-42ad-4860-974d-351d9b13e3af,dbaae9c4-ce8b-44e6-9e8d-d8e4c09e2bfe,cb823717-94c0-49ea-b3fd-5e350906fb68,1633158912766,13.6478661,52.4538238,7.228754,-0.2753517,-0.5507002,-1.7870994,on bike mount,cyclo cross,True,asphalt,excellent
cda86829-42ad-4860-974d-351d9b13e3af,dbaae9c4-ce8b-44e6-9e8d-d8e4c09e2bfe,dd4c4b21-9e70-482a-99d1-6d3e4fa49e96,1633158912817,13.6478661,52.4538238,7.228754,0.5244749,0.338974,0.10044384,on bike mount,cyclo cross,True,asphalt,excellent
cda86829-42ad-4860-974d-351d9b13e3af,dbaae9c4-ce8b-44e6-9e8d-d8e4c09e2bfe,144580b1-a9ef-41c3-8d31-b2647e58bb26,1633158912868,13.6478661,52.4538238,7.228754,-0.6469618,0.11925006,-1.9043865,on bike mount,cyclo cross,True,asphalt,excellent
cda86829-42ad-4860-974d-351d9b13e3af,dbaae9c4-ce8b-44e6-9e8d-d8e4c09e2bfe,51a9c12e-f5e5-4ed9-a66f-147c01867d53,1633158912919,13.6478661,52.4538238,7.228754,-0.33642516,-0.58672905,0.40960693,on bike mount,cyclo cross,True,asphalt,excellent
cda86829-42ad-4860-974d-351d9b13e3af,dbaae9c4-ce8b-44e6-9e8d-d8e4c09e2bfe,cd7e7722-806d-4ee2-88e7-9761577a50bc,1633158912968,13.6478661,52.4538238,7.228754,0.17099802,0.7326195,2.3209229,on bike mount,cyclo cross,True,asphalt,excellent
cda86829-42ad-4860-974d-351d9b13e3af,dbaae9c4-ce8b-44e6-9e8d-d8e4c09e2bfe,443525dc-da02-452a-a7b5-72b372310242,1633158913019,13.6478661,52.4538238,7.228754,0.16129729,0.8107035,1.8319006,on bike mount,cyclo cross,True,asphalt,excellent
cda86829-42ad-4860-974d-351d9b13e3af,dbaae9c4-ce8b-44e6-9e8d-d8e4c09e2bfe,b6d87bb7-bf75-4f24-901b-612905555d41,1633158913069,13.6478661,52.4538238,7.228754,-1.1632491,-0.50818443,1.2966423,on bike mount,cyclo cross,True,asphalt,excellent
cda86829-42ad-4860-974d-351d9b13e3af,dbaae9c4-ce8b-44e6-9e8d-d8e4c09e2bfe,64de9a8a-5c0a-43ec-8d5d-fda52bf55976,1633158913119,13.6478661,52.4538238,7.228754,-0.75719804,-0.77702045,0.43641376,on bike mount,cyclo cross,True,asphalt,excellent
cda86829-42ad-4860-974d-351d9b13e3af,dbaae9c4-ce8b-44e6-9e8d-d8e4c09e2bfe,b4f47d08-7325-4b43-8510-e1c2d3b01f2e,1633158913170,13.6478661,52.4538238,7.228754,-0.3415726,1.1196923,-0.02274704,on bike mount,cyclo cross,True,asphalt,excellent
cda86829-42ad-4860-974d-351d9b13e3af,dbaae9c4-ce8b-44e6-9e8d-d8e4c09e2bfe,522a0ba2-1774-43c9-8bcd-ddc89374bb63,1633158913219,13.6478661,52.4538238,7.228754,0.30890647,-0.8286345,0.55565643,on bike mount,cyclo cross,True,asphalt,excellent
cda86829-42ad-4860-974d-351d9b13e3af,dbaae9c4-ce8b-44e6-9e8d-d8e4c09e2bfe,14a32bae-4a01-4832-999e-fd677ace8427,1633158913269,13.6478661,52.4538238,7.228754,-0.35956594,0.6628134,1.4917736,on bike mount,cyclo cross,True,asphalt,excellent
cda86829-42ad-4860-974d-351d9b13e3af,dbaae9c4-ce8b-44e6-9e8d-d8e4c09e2bfe,f66d1497-e7a7-4fd0-b065-37608eb6d42a,1633158913320,13.6478661,52.4538238,7.228754,1.2243459,-0.52896357,1.0473213,on bike mount,cyclo cross,True,asphalt,excellent
cda86829-42ad-4860-974d-351d9b13e3af,dbaae9c4-ce8b-44e6-9e8d-d8e4c09e2bfe,f756af91-16be-4189-953e-6ad75d0e7c1d,1633158913371,13.6478661,52.4538238,7.228754,0.5007334,-0.045369864,1.926959,on bike mount,cyclo cross,True,asphalt,excellent
cda86829-42ad-4860-974d-351d9b13e3af,dbaae9c4-ce8b-44e6-9e8d-d8e4c09e2bfe,16cfd608-3173-486f-9c8f-22a6f4ffb19f,1633158913420,13.6478661,52.4538238,7.228754,-0.60554737,1.6903439,1.4189329,on bike mount,cyclo cross,True,asphalt,excellent
cda86829-42ad-4860-974d-351d9b13e3af,dbaae9c4-ce8b-44e6-9e8d-d8e4c09e2bfe,ce0b2872-54e5-4d75-89ed-d9a8c1394443,1633158913469,13.6478661,52.4538238,7.228754,-0.21883985,0.2544968,1.6162634,on bike mount,cyclo cross,True,asphalt,excellent
cda86829-42ad-4860-974d-351d9b13e3af,dbaae9c4-ce8b-44e6-9e8d-d8e4c09e2bfe,235a3078-8a63-4a2d-a273-ea4d417f2f78,1633158913519,13.6478661,52.4538238,7.228754,1.7266042,-0.631474,-0.74913216,on bike mount,cyclo cross,True,asphalt,excellent
cda86829-42ad-4860-974d-351d9b13e3af,dbaae9c4-ce8b-44e6-9e8d-d8e4c09e2bfe,5125b8c5-e15b-4faa-9b05-2637d0a1b54e,1633158913569,13.6478661,52.4538238,7.228754,-0.48468378,-0.027750492,0.03859043,on bike mount,cyclo cross,True,asphalt,excellent
cda86829-42ad-4860-974d-351d9b13e3af,dbaae9c4-ce8b-44e6-9e8d-d8e4c09e2bfe,bff35fdb-d15c-479d-9512-7a0b3f986d85,1633158913619,13.6478661,52.4538238,7.228754,-0.86348677,0.010807514,-0.25300694,on bike mount,cyclo cross,True,asphalt,excellent
cda86829-42ad-4860-974d-351d9b13e3af,dbaae9c4-ce8b-44e6-9e8d-d8e4c09e2bfe,d0cd676d-3ab0-461e-ac49-22d572ec1ad8,1633158913669,13.6479457,52.4537823,7.046198,1.0129626,0.60036516,-2.0072112,on bike mount,cyclo cross,True,asphalt,excellent
cda86829-42ad-4860-974d-351d9b13e3af,dbaae9c4-ce8b-44e6-9e8d-d8e4c09e2bfe,e783f24f-5fe3-4289-8c35-52c799c73053,1633158913719,13.6479457,52.4537823,7.046198,-0.4178494,1.5496962,-1.1455269,on bike mount,cyclo cross,True,asphalt,excellent
cda86829-42ad-4860-974d-351d9b13e3af,dbaae9c4-ce8b-44e6-9e8d-d8e4c09e2bfe,1bb29f08-7416-4534-b805-68e738276660,1633158913769,13.6479457,52.4537823,7.046198,-0.6069567,1.3666747,0.49799252,on bike mount,cyclo cross,True,asphalt,excellent
cda86829-42ad-4860-974d-351d9b13e3af,dbaae9c4-ce8b-44e6-9e8d-d8e4c09e2bfe,0b23128e-dfd1-429d-8988-f3214c80bbef,1633158913820,13.6479457,52.4537823,7.046198,-0.28945452,-0.42525554,-0.9029665,on bike mount,cyclo cross,True,asphalt,excellent
cda86829-42ad-4860-974d-351d9b13e3af,dbaae9c4-ce8b-44e6-9e8d-d8e4c09e2bfe,fa7c16d3-1d59-4cf3-86b5-73be03379cc7,1633158913869,13.6479457,52.4537823,7.046198,-0.67852104,-0.26296115,-1.1475224,on bike mount,cyclo cross,True,asphalt,excellent
cda86829-42ad-4860-974d-351d9b13e3af,dbaae9c4-ce8b-44e6-9e8d-d8e4c09e2bfe,fdd48ab8-d27d-4dc0-9a55-fc545cf6ff8f,1633158913919,13.6479457,52.4537823,7.046198,-0.95756835,-4.338749,-1.4279423,on bike mount,cyclo cross,True,asphalt,excellent
cda86829-42ad-4860-974d-351d9b13e3af,dbaae9c4-ce8b-44e6-9e8d-d8e4c09e2bfe,10dba828-696f-44d4-9063-b39216ee26b8,1633158913969,13.6479457,52.4537823,7.046198,-0.34706762,1.6095958,-1.6377816,on bike mount,cyclo cross,True,asphalt,excellent
cda86829-42ad-4860-974d-351d9b13e3af,dbaae9c4-ce8b-44e6-9e8d-d8e4c09e2bfe,d8bbd763-6138-47a3-a8a3-968729feea98,1633158914019,13.6479457,52.4537823,7.046198,-2.2491755,2.3512409,-0.6061306,on bike mount,cyclo cross,True,asphalt,excellent
cda86829-42ad-4860-974d-351d9b13e3af,dbaae9c4-ce8b-44e6-9e8d-d8e4c09e2bfe,fbe4ce0d-a6f4-455a-920d-76f0bb1dfe1a,1633158914069,13.6479457,52.4537823,7.046198,-1.3923116,0.7552166,-1.1563525,on bike mount,cyclo cross,True,asphalt,excellent
cda86829-42ad-4860-974d-351d9b13e3af,dbaae9c4-ce8b-44e6-9e8d-d8e4c09e2bfe,b19a25e6-b140-4d58-a43e-e2fcdf865b5a,1633158914119,13.6479457,52.4537823,7.046198,-0.71883863,0.9388113,1.0453663,on bike mount,cyclo cross,True,asphalt,excellent
cda86829-42ad-4860-974d-351d9b13e3af,dbaae9c4-ce8b-44e6-9e8d-d8e4c09e2bfe,2df7b312-98a6-4816-afc0-ed04e6cad560,1633158914169,13.6479457,52.4537823,7.046198,0.453829,1.5901458,0.3223648,on bike mount,cyclo cross,True,asphalt,excellent
cda86829-42ad-4860-974d-351d9b13e3af,dbaae9c4-ce8b-44e6-9e8d-d8e4c09e2bfe,592dcd2f-2ed7-4410-8fdf-1e38d2dd9aee,1633158914220,13.6479457,52.4537823,7.046198,-0.34111494,1.2374797,-0.52283764,on bike mount,cyclo cross,True,asphalt,excellent
cda86829-42ad-4860-974d-351d9b13e3af,dbaae9c4-ce8b-44e6-9e8d-d8e4c09e2bfe,e0db8a3e-14a2-4023-b83f-12ca95ae6ef3,1633158914268,13.6479457,52.4537823,7.046198,1.2306744,0.26053262,0.92115116,on bike mount,cyclo cross,True,asphalt,excellent
cda86829-42ad-4860-974d-351d9b13e3af,dbaae9c4-ce8b-44e6-9e8d-d8e4c09e2bfe,167bbed2-07e0-493f-bb94-05478b8ca49e,1633158914319,13.6479457,52.4537823,7.046198,-0.42611632,1.1272898,-0.28209877,on bike mount,cyclo cross,True,asphalt,excellent
cda86829-42ad-4860-974d-351d9b13e3af,dbaae9c4-ce8b-44e6-9e8d-d8e4c09e2bfe,8e4995b2-7380-4ee1-b593-95ef1a17e8b8,1633158914370,13.6479457,52.4537823,7.046198,0.19034755,0.5462215,-0.30755997,on bike mount,cyclo cross,True,asphalt,excellent
cda86829-42ad-4860-974d-351d9b13e3af,dbaae9c4-ce8b-44e6-9e8d-d8e4c09e2bfe,99db7eb9-4859-441f-883a-8521668f89cf,1633158914421,13.6479457,52.4537823,7.046198,-0.18618304,-2.5051112,0.79167366,on bike mount,cyclo cross,True,asphalt,excellent
cda86829-42ad-4860-974d-351d9b13e3af,dbaae9c4-ce8b-44e6-9e8d-d8e4c09e2bfe,7eb20110-39ec-4b09-96c1-eaf31b2d4bda,1633158914471,13.6479457,52.4537823,7.046198,-0.7939441,0.17506981,-0.36882114,on bike mount,cyclo cross,True,asphalt,excellent
cda86829-42ad-4860-974d-351d9b13e3af,dbaae9c4-ce8b-44e6-9e8d-d8e4c09e2bfe,c9479167-a2b8-4711-9286-f9c72a29239e,1633158914521,13.6479457,52.4537823,7.046198,-0.6913738,1.2999806,-0.5119505,on bike mount,cyclo cross,True,asphalt,excellent
cda86829-42ad-4860-974d-351d9b13e3af,dbaae9c4-ce8b-44e6-9e8d-d8e4c09e2bfe,114a0e4c-6f79-40d1-8e05-6f9562bcfd8b,1633158914571,13.6479457,52.4537823,7.046198,0.84786284,-0.9888058,0.7168112,on bike mount,cyclo cross,True,asphalt,excellent
cda86829-42ad-4860-974d-351d9b13e3af,dbaae9c4-ce8b-44e6-9e8d-d8e4c09e2bfe,370e2709-7a93-4430-a01a-3db1fc93363f,1633158914621,13.6479457,52.4537823,7.046198,-0.08774281,-0.6941502,0.41092682,on bike mount,cyclo cross,True,asphalt,excellent
cda86829-42ad-4860-974d-351d9b13e3af,dbaae9c4-ce8b-44e6-9e8d-d8e4c09e2bfe,eda9d2c8-8fd5-4a44-92c6-a519f3acda3e,1633158914670,13.6480201,52.4537429,6.4760666,-0.28051203,-1.6333243,0.01888752,on bike mount,cyclo cross,True,asphalt,excellent
cda86829-42ad-4860-974d-351d9b13e3af,dbaae9c4-ce8b-44e6-9e8d-d8e4c09e2bfe,15d30e72-bc2b-4f81-bf3b-9b18b4a01353,1633158914720,13.6480201,52.4537429,6.4760666,0.12035702,-1.2960014,-0.935421,on bike mount,cyclo cross,True,asphalt,excellent
cda86829-42ad-4860-974d-351d9b13e3af,dbaae9c4-ce8b-44e6-9e8d-d8e4c09e2bfe,3f8406dc-36fc-4563-8a6f-53474945f18e,1633158914770,13.6480201,52.4537429,6.4760666,-0.7501747,1.2224987,-1.7073536,on bike mount,cyclo cross,True,asphalt,excellent
cda86829-42ad-4860-974d-351d9b13e3af,dbaae9c4-ce8b-44e6-9e8d-d8e4c09e2bfe,eb621f8a-8322-4243-952f-e85f6ebea507,1633158914819,13.6480201,52.4537429,6.4760666,-0.028273195,-0.1555872,2.1548643,on bike mount,cyclo cross,True,asphalt,excellent
