bike_activity_uid,bike_activity_sample_uid,bike_activity_measurement,bike_activity_measurement_timestamp,bike_activity_measurement_lon,bike_activity_measurement_lat,bike_activity_measurement_speed,bike_activity_measurement_accelerometer_x,bike_activity_measurement_accelerometer_y,bike_activity_measurement_accelerometer_z,bike_activity_phone_position,bike_activity_bike_type,bike_activity_flagged_lab_conditions,bike_activity_surface_type,bike_activity_smoothness_type
dff43e55-8241-4b84-ac6e-7b65f8f255f2,8eee0346-7295-473d-8b35-8dfeb092bd12,e7d2faeb-e7e4-41d9-a1ba-0f8019555108,1634556656195,13.491704,52.4710285,6.6295776,-0.54818827,1.8238194,2.0444736,on bike mount,cyclo cross,True,paving stones,good
dff43e55-8241-4b84-ac6e-7b65f8f255f2,8eee0346-7295-473d-8b35-8dfeb092bd12,d62a539c-a631-4aeb-bcae-2583142f4cf1,1634556656245,13.491704,52.4710285,6.6295776,0.0042084306,3.7437744,3.0761585,on bike mount,cyclo cross,True,paving stones,good
dff43e55-8241-4b84-ac6e-7b65f8f255f2,8eee0346-7295-473d-8b35-8dfeb092bd12,f7cd3aad-66a2-4038-bfea-a445b1037fd2,1634556656297,13.491704,52.4710285,6.6295776,-0.4601496,-2.762897,-0.5576296,on bike mount,cyclo cross,True,paving stones,good
dff43e55-8241-4b84-ac6e-7b65f8f255f2,8eee0346-7295-473d-8b35-8dfeb092bd12,e0c0af49-55d1-4e46-b4ef-9acb599aa497,1634556656349,13.491704,52.4710285,6.6295776,-0.6887883,1.9867182,0.09106445,on bike mount,cyclo cross,True,paving stones,good
dff43e55-8241-4b84-ac6e-7b65f8f255f2,8eee0346-7295-473d-8b35-8dfeb092bd12,f3cc2baa-a712-4ed6-97a7-3494cb13d8f8,1634556656399,13.491704,52.4710285,6.6295776,0.013741747,-0.15214682,4.127696,on bike mount,cyclo cross,True,paving stones,good
dff43e55-8241-4b84-ac6e-7b65f8f255f2,8eee0346-7295-473d-8b35-8dfeb092bd12,504ca8c8-eccc-481e-9844-c036df31a18f,1634556656450,13.491704,52.4710285,6.6295776,0.09839189,-4.605549,3.5030184,on bike mount,cyclo cross,True,paving stones,good
dff43e55-8241-4b84-ac6e-7b65f8f255f2,8eee0346-7295-473d-8b35-8dfeb092bd12,d20b0dbc-080b-401e-be7e-b2f7b2b244c2,1634556656499,13.491704,52.4710285,6.6295776,-1.0800599,0.708673,2.5537424,on bike mount,cyclo cross,True,paving stones,good
dff43e55-8241-4b84-ac6e-7b65f8f255f2,8eee0346-7295-473d-8b35-8dfeb092bd12,d974dd8b-f718-4361-901b-58d45d2594c7,1634556656550,13.491704,52.4710285,6.6295776,1.8771216,4.74403,4.8660135,on bike mount,cyclo cross,True,paving stones,good
dff43e55-8241-4b84-ac6e-7b65f8f255f2,8eee0346-7295-473d-8b35-8dfeb092bd12,41097edc-1e36-489b-ae81-21330380a671,1634556656600,13.491704,52.4710285,6.6295776,0.48917407,0.42790604,4.838763,on bike mount,cyclo cross,True,paving stones,good
dff43e55-8241-4b84-ac6e-7b65f8f255f2,8eee0346-7295-473d-8b35-8dfeb092bd12,fba33740-ef91-43ee-865c-abc67718192b,1634556656651,13.491704,52.4710285,6.6295776,-1.7904896,1.5672531,-1.1489367,on bike mount,cyclo cross,True,paving stones,good
dff43e55-8241-4b84-ac6e-7b65f8f255f2,8eee0346-7295-473d-8b35-8dfeb092bd12,f5ee1df6-0d90-4ef6-bf35-1fc334170817,1634556656702,13.491704,52.4710285,6.6295776,3.0802336,-3.1005213,-2.3292723,on bike mount,cyclo cross,True,paving stones,good
dff43e55-8241-4b84-ac6e-7b65f8f255f2,8eee0346-7295-473d-8b35-8dfeb092bd12,7005fd1b-971a-42a4-a724-3a22c5168d43,1634556656754,13.491704,52.4710285,6.6295776,1.5436919,-6.844611,2.1194754,on bike mount,cyclo cross,True,paving stones,good
dff43e55-8241-4b84-ac6e-7b65f8f255f2,8eee0346-7295-473d-8b35-8dfeb092bd12,4fbf913e-505d-4391-b176-8d59dfc6bd3d,1634556656806,13.491704,52.4710285,6.6295776,1.3686538,10.928078,-5.8799734,on bike mount,cyclo cross,True,paving stones,good
dff43e55-8241-4b84-ac6e-7b65f8f255f2,8eee0346-7295-473d-8b35-8dfeb092bd12,015f4231-947c-4c97-abb1-cf5492db4651,1634556656856,13.491704,52.4710285,6.6295776,1.9856173,-5.1854277,7.929594,on bike mount,cyclo cross,True,paving stones,good
dff43e55-8241-4b84-ac6e-7b65f8f255f2,8eee0346-7295-473d-8b35-8dfeb092bd12,cbc7a4e8-6caf-4272-a1d9-db6e19b05295,1634556656907,13.491704,52.4710285,6.6295776,-3.9024801,9.793145,-1.4824643,on bike mount,cyclo cross,True,paving stones,good
dff43e55-8241-4b84-ac6e-7b65f8f255f2,8eee0346-7295-473d-8b35-8dfeb092bd12,d7a68089-f54b-496c-996a-de132f1027a8,1634556656955,13.491704,52.4710285,6.6295776,0.43993336,-12.896773,-2.8943858,on bike mount,cyclo cross,True,paving stones,good
dff43e55-8241-4b84-ac6e-7b65f8f255f2,8eee0346-7295-473d-8b35-8dfeb092bd12,7f7d7e8a-902c-48c1-8ae3-53271c8845fb,1634556657005,13.4916574,52.4710859,7.0664463,-1.9011855,4.6071286,4.3202915,on bike mount,cyclo cross,True,paving stones,good
dff43e55-8241-4b84-ac6e-7b65f8f255f2,8eee0346-7295-473d-8b35-8dfeb092bd12,b8780f6e-17a8-4fd6-be8f-94e513aaa077,1634556657054,13.4916574,52.4710859,7.0664463,2.2537727,-8.735983,-1.1687703,on bike mount,cyclo cross,True,paving stones,good
dff43e55-8241-4b84-ac6e-7b65f8f255f2,8eee0346-7295-473d-8b35-8dfeb092bd12,92e4a999-d025-4162-81e6-d5cf98cd8b89,1634556657104,13.4916574,52.4710859,7.0664463,2.4698138,4.9254327,-3.8278432,on bike mount,cyclo cross,True,paving stones,good
dff43e55-8241-4b84-ac6e-7b65f8f255f2,8eee0346-7295-473d-8b35-8dfeb092bd12,501ff8a8-2b89-428a-97f0-7e528838e9a1,1634556657154,13.4916574,52.4710859,7.0664463,1.0227908,-8.756975,8.498583,on bike mount,cyclo cross,True,paving stones,good
dff43e55-8241-4b84-ac6e-7b65f8f255f2,8eee0346-7295-473d-8b35-8dfeb092bd12,ab902796-54e0-4b1f-bc60-4b017f0b003f,1634556657203,13.4916574,52.4710859,7.0664463,0.42794752,4.5041285,-0.8501873,on bike mount,cyclo cross,True,paving stones,good
dff43e55-8241-4b84-ac6e-7b65f8f255f2,8eee0346-7295-473d-8b35-8dfeb092bd12,722871e6-7172-409a-a163-e0525b774731,1634556657253,13.4916574,52.4710859,7.0664463,-1.1294947,-1.7169955,-7.780161,on bike mount,cyclo cross,True,paving stones,good
dff43e55-8241-4b84-ac6e-7b65f8f255f2,8eee0346-7295-473d-8b35-8dfeb092bd12,034f253f-fd14-481d-8e86-dde64da3f6f9,1634556657304,13.4916574,52.4710859,7.0664463,-1.155171,-6.8595347,3.9504147,on bike mount,cyclo cross,True,paving stones,good
dff43e55-8241-4b84-ac6e-7b65f8f255f2,8eee0346-7295-473d-8b35-8dfeb092bd12,bf5e3a9a-528a-4d6b-bd1e-46541cdf36b4,1634556657355,13.4916574,52.4710859,7.0664463,1.6192459,6.3013315,4.7671328,on bike mount,cyclo cross,True,paving stones,good
dff43e55-8241-4b84-ac6e-7b65f8f255f2,8eee0346-7295-473d-8b35-8dfeb092bd12,9b0a22fe-1b24-43de-976a-9494ebcec25f,1634556657406,13.4916574,52.4710859,7.0664463,-3.717455,-16.710133,14.245279,on bike mount,cyclo cross,True,paving stones,good
dff43e55-8241-4b84-ac6e-7b65f8f255f2,8eee0346-7295-473d-8b35-8dfeb092bd12,935a0721-0b6f-4f9e-984e-14ff2025262c,1634556657456,13.4916574,52.4710859,7.0664463,3.5673563,5.214534,2.7299528,on bike mount,cyclo cross,True,paving stones,good
dff43e55-8241-4b84-ac6e-7b65f8f255f2,8eee0346-7295-473d-8b35-8dfeb092bd12,57c01805-b4cd-408a-9705-f8b2ec74f0a8,1634556657508,13.4916574,52.4710859,7.0664463,0.8744308,0.8100431,-6.4838243,on bike mount,cyclo cross,True,paving stones,good
dff43e55-8241-4b84-ac6e-7b65f8f255f2,8eee0346-7295-473d-8b35-8dfeb092bd12,d279b3dc-2001-495f-b948-10f0834ca070,1634556657559,13.4916574,52.4710859,7.0664463,0.34165183,5.53372,1.172411,on bike mount,cyclo cross,True,paving stones,good
dff43e55-8241-4b84-ac6e-7b65f8f255f2,8eee0346-7295-473d-8b35-8dfeb092bd12,7ee36eac-8cc1-4b7e-beb5-6fefbd6d8402,1634556657608,13.4916574,52.4710859,7.0664463,1.1358969,-6.8567834,2.2453384,on bike mount,cyclo cross,True,paving stones,good
dff43e55-8241-4b84-ac6e-7b65f8f255f2,8eee0346-7295-473d-8b35-8dfeb092bd12,354de225-2a2f-4924-bcdb-e0bb6a71a116,1634556657658,13.4916574,52.4710859,7.0664463,1.2862399,-1.5282366,-1.2839565,on bike mount,cyclo cross,True,paving stones,good
dff43e55-8241-4b84-ac6e-7b65f8f255f2,8eee0346-7295-473d-8b35-8dfeb092bd12,2db76246-fffd-4f80-bd66-b9fe6fdcc9fe,1634556657708,13.4916574,52.4710859,7.0664463,2.1654124,4.5352697,-0.47421074,on bike mount,cyclo cross,True,paving stones,good
dff43e55-8241-4b84-ac6e-7b65f8f255f2,8eee0346-7295-473d-8b35-8dfeb092bd12,3355a049-ce1c-4611-814a-a7ce9e137416,1634556657758,13.4916574,52.4710859,7.0664463,1.5463102,4.4751573,4.0991926,on bike mount,cyclo cross,True,paving stones,good
dff43e55-8241-4b84-ac6e-7b65f8f255f2,8eee0346-7295-473d-8b35-8dfeb092bd12,b26a6c25-552b-4d6d-b9aa-d644f1d5c8a4,1634556657809,13.4916574,52.4710859,7.0664463,-0.41002995,-0.21680403,-0.97634697,on bike mount,cyclo cross,True,paving stones,good
dff43e55-8241-4b84-ac6e-7b65f8f255f2,8eee0346-7295-473d-8b35-8dfeb092bd12,74dcfc93-c446-4c77-81bd-9c43adab302c,1634556657860,13.4916574,52.4710859,7.0664463,-0.005958289,-4.3422427,-4.723398,on bike mount,cyclo cross,True,paving stones,good
dff43e55-8241-4b84-ac6e-7b65f8f255f2,8eee0346-7295-473d-8b35-8dfeb092bd12,48a28818-d64e-47ae-93c4-78d572ed4ff2,1634556657908,13.4916574,52.4710859,7.0664463,0.8636972,2.534813,-4.662454,on bike mount,cyclo cross,True,paving stones,good
dff43e55-8241-4b84-ac6e-7b65f8f255f2,8eee0346-7295-473d-8b35-8dfeb092bd12,5c3d4ed7-eda7-42ca-99de-3ced001bbf1d,1634556657957,13.4916574,52.4710859,7.0664463,0.5821736,0.98091125,-3.1060734,on bike mount,cyclo cross,True,paving stones,good
dff43e55-8241-4b84-ac6e-7b65f8f255f2,8eee0346-7295-473d-8b35-8dfeb092bd12,53172f1b-9df3-4894-8a74-40e6869a28bf,1634556658008,13.4916105,52.4711437,6.920162,-0.20444417,-1.1925753,-6.5351524,on bike mount,cyclo cross,True,paving stones,good
dff43e55-8241-4b84-ac6e-7b65f8f255f2,8eee0346-7295-473d-8b35-8dfeb092bd12,e248eff8-b35c-4123-91a7-372861fb21e0,1634556658057,13.4916105,52.4711437,6.920162,-0.8334897,-3.6087756,-0.6740093,on bike mount,cyclo cross,True,paving stones,good
dff43e55-8241-4b84-ac6e-7b65f8f255f2,8eee0346-7295-473d-8b35-8dfeb092bd12,bdbe9ecb-81f9-48aa-9167-771277f39d88,1634556658108,13.4916105,52.4711437,6.920162,0.3314446,1.6921492,-8.584037,on bike mount,cyclo cross,True,paving stones,good
dff43e55-8241-4b84-ac6e-7b65f8f255f2,8eee0346-7295-473d-8b35-8dfeb092bd12,5aed5b8a-2756-4627-a8b4-396daa379c6b,1634556658158,13.4916105,52.4711437,6.920162,0.9477122,-1.5956985,0.08588028,on bike mount,cyclo cross,True,paving stones,good
dff43e55-8241-4b84-ac6e-7b65f8f255f2,8eee0346-7295-473d-8b35-8dfeb092bd12,7d31d06b-7240-4f86-a525-5978984afecb,1634556658209,13.4916105,52.4711437,6.920162,0.018099934,5.9227223,0.26078224,on bike mount,cyclo cross,True,paving stones,good
dff43e55-8241-4b84-ac6e-7b65f8f255f2,8eee0346-7295-473d-8b35-8dfeb092bd12,68a08edf-913c-4aae-91cf-2acbfa3718d2,1634556658258,13.4916105,52.4711437,6.920162,0.8525963,0.29410887,2.8043556,on bike mount,cyclo cross,True,paving stones,good
dff43e55-8241-4b84-ac6e-7b65f8f255f2,8eee0346-7295-473d-8b35-8dfeb092bd12,360c2fc3-c673-44b4-ac20-ebe88f1d4226,1634556658309,13.4916105,52.4711437,6.920162,1.2158924,-6.0692616,0.30600262,on bike mount,cyclo cross,True,paving stones,good
dff43e55-8241-4b84-ac6e-7b65f8f255f2,8eee0346-7295-473d-8b35-8dfeb092bd12,81e33c40-0664-42f8-b3a8-594425d710f4,1634556658360,13.4916105,52.4711437,6.920162,0.1316485,-0.18790984,3.4865246,on bike mount,cyclo cross,True,paving stones,good
dff43e55-8241-4b84-ac6e-7b65f8f255f2,8eee0346-7295-473d-8b35-8dfeb092bd12,21def388-6521-47f2-a98c-44a20b22d04b,1634556658411,13.4916105,52.4711437,6.920162,0.87570935,-2.3566144,1.9267368,on bike mount,cyclo cross,True,paving stones,good
dff43e55-8241-4b84-ac6e-7b65f8f255f2,8eee0346-7295-473d-8b35-8dfeb092bd12,127f9901-35c6-4534-91a2-ed35f51f3a31,1634556658462,13.4916105,52.4711437,6.920162,-0.1008327,-4.6185946,-2.3169951,on bike mount,cyclo cross,True,paving stones,good
dff43e55-8241-4b84-ac6e-7b65f8f255f2,8eee0346-7295-473d-8b35-8dfeb092bd12,e66a5263-427f-43b5-b54d-3a56fd189038,1634556658513,13.4916105,52.4711437,6.920162,-0.13826063,2.6275654,1.349391,on bike mount,cyclo cross,True,paving stones,good
dff43e55-8241-4b84-ac6e-7b65f8f255f2,8eee0346-7295-473d-8b35-8dfeb092bd12,23c19e08-0401-4661-bf71-d7b592a5fa21,1634556658564,13.4916105,52.4711437,6.920162,-0.26520786,1.8463807,2.7222805,on bike mount,cyclo cross,True,paving stones,good
dff43e55-8241-4b84-ac6e-7b65f8f255f2,8eee0346-7295-473d-8b35-8dfeb092bd12,5172dcd1-0444-439a-8111-bc1692eeb026,1634556658613,13.4916105,52.4711437,6.920162,-0.593337,0.7895875,-4.750416,on bike mount,cyclo cross,True,paving stones,good
dff43e55-8241-4b84-ac6e-7b65f8f255f2,8eee0346-7295-473d-8b35-8dfeb092bd12,556f8cbb-09f3-431e-b84f-0e3e7bcd6d2b,1634556658663,13.4916105,52.4711437,6.920162,-1.2194874,3.7590518,-1.3431935,on bike mount,cyclo cross,True,paving stones,good
dff43e55-8241-4b84-ac6e-7b65f8f255f2,8eee0346-7295-473d-8b35-8dfeb092bd12,9efe919f-c073-4679-9bc3-7451d774fbdb,1634556658712,13.4916105,52.4711437,6.920162,-1.1257728,0.8728814,2.6460676,on bike mount,cyclo cross,True,paving stones,good
dff43e55-8241-4b84-ac6e-7b65f8f255f2,8eee0346-7295-473d-8b35-8dfeb092bd12,76b5c95b-b71e-427c-991f-1a2008da6116,1634556658764,13.4916105,52.4711437,6.920162,-0.62044567,-9.543222,3.8663082,on bike mount,cyclo cross,True,paving stones,good
dff43e55-8241-4b84-ac6e-7b65f8f255f2,8eee0346-7295-473d-8b35-8dfeb092bd12,c851fc9b-f49d-4c05-bbd9-dd01983af702,1634556658816,13.4916105,52.4711437,6.920162,-0.30034956,8.9755335,-2.7309523,on bike mount,cyclo cross,True,paving stones,good
dff43e55-8241-4b84-ac6e-7b65f8f255f2,8eee0346-7295-473d-8b35-8dfeb092bd12,c97ea083-c17a-445b-ae5c-5e4e2695895a,1634556658866,13.4916105,52.4711437,6.920162,2.7901313,-13.590208,6.917426,on bike mount,cyclo cross,True,paving stones,good
dff43e55-8241-4b84-ac6e-7b65f8f255f2,8eee0346-7295-473d-8b35-8dfeb092bd12,c530d4d2-1390-4ab2-af61-e8d886c1647c,1634556658916,13.4916105,52.4711437,6.920162,-0.22919628,10.934721,-1.0845771,on bike mount,cyclo cross,True,paving stones,good
dff43e55-8241-4b84-ac6e-7b65f8f255f2,8eee0346-7295-473d-8b35-8dfeb092bd12,5bb02978-39d5-4951-86c6-39234e06c451,1634556658965,13.4916105,52.4711437,6.920162,-2.3560138,-2.5581815,-0.7594118,on bike mount,cyclo cross,True,paving stones,good
dff43e55-8241-4b84-ac6e-7b65f8f255f2,8eee0346-7295-473d-8b35-8dfeb092bd12,5acfc0f3-64f6-4a3a-ad78-793f2ebac08e,1634556659016,13.4915637,52.4712005,7.0674715,1.1517286,7.747407,-8.701055,on bike mount,cyclo cross,True,paving stones,good
dff43e55-8241-4b84-ac6e-7b65f8f255f2,8eee0346-7295-473d-8b35-8dfeb092bd12,cf8accdb-4c20-4407-85c1-36b36eb8ec57,1634556659067,13.4915637,52.4712005,7.0674715,0.80656964,-3.434809,-3.0531254,on bike mount,cyclo cross,True,paving stones,good
dff43e55-8241-4b84-ac6e-7b65f8f255f2,8eee0346-7295-473d-8b35-8dfeb092bd12,37208caf-dcae-4f3d-9551-23a0dd4d2a29,1634556659118,13.4915637,52.4712005,7.0674715,1.1467632,1.4193428,-1.6019835,on bike mount,cyclo cross,True,paving stones,good
dff43e55-8241-4b84-ac6e-7b65f8f255f2,8eee0346-7295-473d-8b35-8dfeb092bd12,198a1d71-d44d-4c82-9c46-4fe581a87c8f,1634556659167,13.4915637,52.4712005,7.0674715,0.6135738,1.9002852,2.680088,on bike mount,cyclo cross,True,paving stones,good
dff43e55-8241-4b84-ac6e-7b65f8f255f2,8eee0346-7295-473d-8b35-8dfeb092bd12,637e9540-570f-46f3-bd20-6db33a80073b,1634556659218,13.4915637,52.4712005,7.0674715,-1.3094223,-4.4965334,0.5245714,on bike mount,cyclo cross,True,paving stones,good
dff43e55-8241-4b84-ac6e-7b65f8f255f2,8eee0346-7295-473d-8b35-8dfeb092bd12,0bf76a6a-0015-4623-8eca-727d74d2a46b,1634556659267,13.4915637,52.4712005,7.0674715,-1.068806,5.0657263,0.73565006,on bike mount,cyclo cross,True,paving stones,good
dff43e55-8241-4b84-ac6e-7b65f8f255f2,8eee0346-7295-473d-8b35-8dfeb092bd12,93325e9b-d1dd-44e2-ad86-875cbb1f02f7,1634556659317,13.4915637,52.4712005,7.0674715,2.6701763,-6.976324,2.161457,on bike mount,cyclo cross,True,paving stones,good
dff43e55-8241-4b84-ac6e-7b65f8f255f2,8eee0346-7295-473d-8b35-8dfeb092bd12,06c9ec28-c267-44f2-bf23-3ce799f55cf8,1634556659368,13.4915637,52.4712005,7.0674715,-1.0382788,3.2483926,14.807485,on bike mount,cyclo cross,True,paving stones,good
dff43e55-8241-4b84-ac6e-7b65f8f255f2,8eee0346-7295-473d-8b35-8dfeb092bd12,0f906d50-d9f1-498c-96d1-ce12b9efb810,1634556659419,13.4915637,52.4712005,7.0674715,-3.437583,11.415253,-8.632699,on bike mount,cyclo cross,True,paving stones,good
dff43e55-8241-4b84-ac6e-7b65f8f255f2,8eee0346-7295-473d-8b35-8dfeb092bd12,c64c4330-982c-47a2-b8e9-6b89c17c5910,1634556659470,13.4915637,52.4712005,7.0674715,3.948529,-4.544553,-1.0207696,on bike mount,cyclo cross,True,paving stones,good
dff43e55-8241-4b84-ac6e-7b65f8f255f2,8eee0346-7295-473d-8b35-8dfeb092bd12,e8bc233d-3b4b-4a92-afb0-b08e8a2471c6,1634556659520,13.4915637,52.4712005,7.0674715,3.2283168,8.441563,2.279254,on bike mount,cyclo cross,True,paving stones,good
dff43e55-8241-4b84-ac6e-7b65f8f255f2,8eee0346-7295-473d-8b35-8dfeb092bd12,4407d921-0e63-4ef2-826a-0ffd23f540ff,1634556659569,13.4915637,52.4712005,7.0674715,0.26309636,-6.0969296,-2.361187,on bike mount,cyclo cross,True,paving stones,good
dff43e55-8241-4b84-ac6e-7b65f8f255f2,8eee0346-7295-473d-8b35-8dfeb092bd12,a3a39f65-183e-4195-accc-354aa94e9c84,1634556659619,13.4915637,52.4712005,7.0674715,-0.9017333,3.9801269,-7.7313657,on bike mount,cyclo cross,True,paving stones,good
dff43e55-8241-4b84-ac6e-7b65f8f255f2,8eee0346-7295-473d-8b35-8dfeb092bd12,c2b3caf3-7a4a-497c-8f50-6b4c91f83672,1634556659669,13.4915637,52.4712005,7.0674715,0.70797694,4.2044797,-0.94661236,on bike mount,cyclo cross,True,paving stones,good
dff43e55-8241-4b84-ac6e-7b65f8f255f2,8eee0346-7295-473d-8b35-8dfeb092bd12,f276ba72-14a3-4194-91f7-fba6c7e0926d,1634556659719,13.4915637,52.4712005,7.0674715,-0.4627001,-5.2282968,4.240473,on bike mount,cyclo cross,True,paving stones,good
dff43e55-8241-4b84-ac6e-7b65f8f255f2,8eee0346-7295-473d-8b35-8dfeb092bd12,ac639b26-9ea8-4e66-b1b1-db3e9f6681b7,1634556659769,13.4915637,52.4712005,7.0674715,0.6579709,-0.21218204,-3.9569035,on bike mount,cyclo cross,True,paving stones,good
dff43e55-8241-4b84-ac6e-7b65f8f255f2,8eee0346-7295-473d-8b35-8dfeb092bd12,0bcfddaa-1c82-43cd-a185-0b1150f1b88a,1634556659819,13.4915637,52.4712005,7.0674715,-1.518688,3.4349222,-0.52467155,on bike mount,cyclo cross,True,paving stones,good
dff43e55-8241-4b84-ac6e-7b65f8f255f2,8eee0346-7295-473d-8b35-8dfeb092bd12,50e402ee-bf99-446e-8aa1-a84da63db2eb,1634556659869,13.4915637,52.4712005,7.0674715,2.281238,3.4929748,-0.8343916,on bike mount,cyclo cross,True,paving stones,good
dff43e55-8241-4b84-ac6e-7b65f8f255f2,8eee0346-7295-473d-8b35-8dfeb092bd12,da4e9dd9-78e6-461b-8235-be8300c4844c,1634556659919,13.4915637,52.4712005,7.0674715,0.7712121,-1.1860619,1.9594288,on bike mount,cyclo cross,True,paving stones,good
dff43e55-8241-4b84-ac6e-7b65f8f255f2,8eee0346-7295-473d-8b35-8dfeb092bd12,da18e76b-7fc8-4085-a95f-8d0dfb74e7b0,1634556659969,13.4915139,52.4712568,6.751942,1.5532482,-5.4071026,-6.8731346,on bike mount,cyclo cross,True,paving stones,good
dff43e55-8241-4b84-ac6e-7b65f8f255f2,8eee0346-7295-473d-8b35-8dfeb092bd12,90d04c22-6227-421b-a283-ad2a3969fc15,1634556660019,13.4915139,52.4712568,6.751942,-2.2633073,-3.3369946,-7.5995364,on bike mount,cyclo cross,True,paving stones,good
dff43e55-8241-4b84-ac6e-7b65f8f255f2,8eee0346-7295-473d-8b35-8dfeb092bd12,7e683504-54b5-440e-8618-6f3b39ed6df3,1634556660070,13.4915139,52.4712568,6.751942,0.9001847,-0.15638018,-0.3307848,on bike mount,cyclo cross,True,paving stones,good
dff43e55-8241-4b84-ac6e-7b65f8f255f2,8eee0346-7295-473d-8b35-8dfeb092bd12,aab5dc1b-59ce-4160-a8d0-f1d7606d3ca7,1634556660121,13.4915139,52.4712568,6.751942,-0.3976516,2.477107,2.3437614,on bike mount,cyclo cross,True,paving stones,good
dff43e55-8241-4b84-ac6e-7b65f8f255f2,8eee0346-7295-473d-8b35-8dfeb092bd12,349b0a39-33d5-4044-8a04-388c09d7f0aa,1634556660171,13.4915139,52.4712568,6.751942,0.8076221,-2.748536,1.6252604,on bike mount,cyclo cross,True,paving stones,good
dff43e55-8241-4b84-ac6e-7b65f8f255f2,8eee0346-7295-473d-8b35-8dfeb092bd12,5cec9ee3-0c6e-458e-b830-005da8b24fd5,1634556660222,13.4915139,52.4712568,6.751942,0.43201655,1.0285378,2.8301601,on bike mount,cyclo cross,True,paving stones,good
dff43e55-8241-4b84-ac6e-7b65f8f255f2,8eee0346-7295-473d-8b35-8dfeb092bd12,254e4be9-fb14-42d6-a9a7-b7501845c8eb,1634556660273,13.4915139,52.4712568,6.751942,-0.12880254,-3.9822612,-5.0461073,on bike mount,cyclo cross,True,paving stones,good
dff43e55-8241-4b84-ac6e-7b65f8f255f2,8eee0346-7295-473d-8b35-8dfeb092bd12,96a00b74-97c2-4ac4-acfa-43b09b6f55fa,1634556660324,13.4915139,52.4712568,6.751942,0.8049286,0.311867,11.197774,on bike mount,cyclo cross,True,paving stones,good
dff43e55-8241-4b84-ac6e-7b65f8f255f2,8eee0346-7295-473d-8b35-8dfeb092bd12,06ce117d-03e3-4dc8-b656-328ce40f780b,1634556660376,13.4915139,52.4712568,6.751942,-0.12635703,-8.906955,2.2536983,on bike mount,cyclo cross,True,paving stones,good
dff43e55-8241-4b84-ac6e-7b65f8f255f2,8eee0346-7295-473d-8b35-8dfeb092bd12,9dc745d7-f8a3-45fb-b928-b6145beee5a8,1634556660425,13.4915139,52.4712568,6.751942,-0.54919684,-2.0305643,-3.427084,on bike mount,cyclo cross,True,paving stones,good
dff43e55-8241-4b84-ac6e-7b65f8f255f2,8eee0346-7295-473d-8b35-8dfeb092bd12,ba5bf935-7897-41dc-b239-2519b3f583a3,1634556660475,13.4915139,52.4712568,6.751942,0.6102099,11.126717,-1.4276419,on bike mount,cyclo cross,True,paving stones,good
dff43e55-8241-4b84-ac6e-7b65f8f255f2,8eee0346-7295-473d-8b35-8dfeb092bd12,a639a504-38a9-4249-adf0-68cfd416af56,1634556660525,13.4915139,52.4712568,6.751942,1.4653478,1.6237869,1.6392612,on bike mount,cyclo cross,True,paving stones,good
dff43e55-8241-4b84-ac6e-7b65f8f255f2,8eee0346-7295-473d-8b35-8dfeb092bd12,99b06024-097e-4349-b727-f99b45a307ec,1634556660577,13.4915139,52.4712568,6.751942,-0.6323243,-6.333335,7.278821,on bike mount,cyclo cross,True,paving stones,good
dff43e55-8241-4b84-ac6e-7b65f8f255f2,8eee0346-7295-473d-8b35-8dfeb092bd12,c01ad986-01f6-414a-ae36-9a1c27738738,1634556660628,13.4915139,52.4712568,6.751942,-0.3624533,-5.470942,-8.210515,on bike mount,cyclo cross,True,paving stones,good
dff43e55-8241-4b84-ac6e-7b65f8f255f2,8eee0346-7295-473d-8b35-8dfeb092bd12,14472278-5f67-462d-bd61-0675a92e77bc,1634556660678,13.4915139,52.4712568,6.751942,0.5204452,0.6493521,-0.9679427,on bike mount,cyclo cross,True,paving stones,good
dff43e55-8241-4b84-ac6e-7b65f8f255f2,8eee0346-7295-473d-8b35-8dfeb092bd12,e97b4dae-0565-429c-b95a-05e5df68c53a,1634556660727,13.4915139,52.4712568,6.751942,-0.28628656,1.6442847,-5.07162,on bike mount,cyclo cross,True,paving stones,good
dff43e55-8241-4b84-ac6e-7b65f8f255f2,8eee0346-7295-473d-8b35-8dfeb092bd12,4d00fd87-f243-44f9-8c6b-70cea4a9592f,1634556660777,13.4915139,52.4712568,6.751942,0.092571616,2.8308082,-1.9421806,on bike mount,cyclo cross,True,paving stones,good
dff43e55-8241-4b84-ac6e-7b65f8f255f2,8eee0346-7295-473d-8b35-8dfeb092bd12,ae305347-27a5-4d97-a71c-53409a597bf6,1634556660828,13.4915139,52.4712568,6.751942,-0.2249061,-0.1163826,1.5531597,on bike mount,cyclo cross,True,paving stones,good
dff43e55-8241-4b84-ac6e-7b65f8f255f2,8eee0346-7295-473d-8b35-8dfeb092bd12,7ccdb162-cd9b-4888-ac2d-47bd242bce48,1634556660878,13.4915139,52.4712568,6.751942,-0.11780255,-1.1143363,-2.1913834,on bike mount,cyclo cross,True,paving stones,good
dff43e55-8241-4b84-ac6e-7b65f8f255f2,8eee0346-7295-473d-8b35-8dfeb092bd12,d9b7c36a-c288-4873-a69a-7b5474fc348c,1634556660930,13.4915139,52.4712568,6.751942,1.2653512,-0.18625426,4.021146,on bike mount,cyclo cross,True,paving stones,good
dff43e55-8241-4b84-ac6e-7b65f8f255f2,8eee0346-7295-473d-8b35-8dfeb092bd12,75a3343f-f74b-47fb-b3ba-58ea3be7e431,1634556660979,13.4915139,52.4712568,6.751942,-0.27352363,2.301297,0.73731613,on bike mount,cyclo cross,True,paving stones,good
dff43e55-8241-4b84-ac6e-7b65f8f255f2,8eee0346-7295-473d-8b35-8dfeb092bd12,0b9d0cf9-bfd5-40ad-aa7f-93d649060e65,1634556661031,13.4914602,52.4713095,6.8853908,-0.39916322,3.6323853,2.5124884,on bike mount,cyclo cross,True,paving stones,good
dff43e55-8241-4b84-ac6e-7b65f8f255f2,8eee0346-7295-473d-8b35-8dfeb092bd12,0d17cd07-9fbe-4f38-8d7f-651aaecc5517,1634556661081,13.4914602,52.4713095,6.8853908,-0.85936904,5.10396,1.6644363,on bike mount,cyclo cross,True,paving stones,good
dff43e55-8241-4b84-ac6e-7b65f8f255f2,8eee0346-7295-473d-8b35-8dfeb092bd12,4f72088e-d32e-4f6a-9f05-a1d5f6904a0c,1634556661131,13.4914602,52.4713095,6.8853908,-2.0170546,1.1331716,3.3816347,on bike mount,cyclo cross,True,paving stones,good
dff43e55-8241-4b84-ac6e-7b65f8f255f2,8eee0346-7295-473d-8b35-8dfeb092bd12,3b3e3546-99fa-4dc1-a35c-e8d7051087aa,1634556661181,13.4914602,52.4713095,6.8853908,-0.36808974,-6.935907,1.4452085,on bike mount,cyclo cross,True,paving stones,good
dff43e55-8241-4b84-ac6e-7b65f8f255f2,8eee0346-7295-473d-8b35-8dfeb092bd12,d411e675-32ac-4069-bd8d-ff7e5b639499,1634556661233,13.4914602,52.4713095,6.8853908,1.9645612,3.663385,-0.27811384,on bike mount,cyclo cross,True,paving stones,good
dff43e55-8241-4b84-ac6e-7b65f8f255f2,8eee0346-7295-473d-8b35-8dfeb092bd12,5e49d684-dc80-4204-9a7f-a8d3bd7abbd5,1634556661284,13.4914602,52.4713095,6.8853908,-0.30066955,-4.686281,0.9667206,on bike mount,cyclo cross,True,paving stones,good
dff43e55-8241-4b84-ac6e-7b65f8f255f2,8eee0346-7295-473d-8b35-8dfeb092bd12,d66f06c3-4bb3-4e8b-9029-de465a7115f2,1634556661333,13.4914602,52.4713095,6.8853908,-0.2771433,1.0575604,1.8911695,on bike mount,cyclo cross,True,paving stones,good
dff43e55-8241-4b84-ac6e-7b65f8f255f2,8eee0346-7295-473d-8b35-8dfeb092bd12,d924bab0-1227-4b63-b042-1abeeb27acd2,1634556661383,13.4914602,52.4713095,6.8853908,-0.2489792,0.55387664,2.7241125,on bike mount,cyclo cross,True,paving stones,good
dff43e55-8241-4b84-ac6e-7b65f8f255f2,8eee0346-7295-473d-8b35-8dfeb092bd12,7f618c9c-7c97-4f39-9f49-fd261cc5e0e1,1634556661433,13.4914602,52.4713095,6.8853908,-0.6870732,-4.947215,7.5234375,on bike mount,cyclo cross,True,paving stones,good
dff43e55-8241-4b84-ac6e-7b65f8f255f2,8eee0346-7295-473d-8b35-8dfeb092bd12,13ce565f-e02c-4844-ae1a-3176a9fc2a2c,1634556661485,13.4914602,52.4713095,6.8853908,-1.3192253,2.4442723,0.14501858,on bike mount,cyclo cross,True,paving stones,good
dff43e55-8241-4b84-ac6e-7b65f8f255f2,8eee0346-7295-473d-8b35-8dfeb092bd12,ff40d102-9c16-4dfb-8a30-1f2077afac02,1634556661537,13.4914602,52.4713095,6.8853908,0.73272896,-3.1421735,-2.0648699,on bike mount,cyclo cross,True,paving stones,good
dff43e55-8241-4b84-ac6e-7b65f8f255f2,8eee0346-7295-473d-8b35-8dfeb092bd12,09c8fb6d-4da2-4368-b03c-6f5ff2e0fe80,1634556661587,13.4914602,52.4713095,6.8853908,-0.6217052,-2.0422747,0.78740597,on bike mount,cyclo cross,True,paving stones,good
dff43e55-8241-4b84-ac6e-7b65f8f255f2,8eee0346-7295-473d-8b35-8dfeb092bd12,7c288cd1-6a44-4a65-acdf-4c31596add1c,1634556661637,13.4914602,52.4713095,6.8853908,0.8664265,7.454564,2.3330717,on bike mount,cyclo cross,True,paving stones,good
dff43e55-8241-4b84-ac6e-7b65f8f255f2,8eee0346-7295-473d-8b35-8dfeb092bd12,57db3b0c-f9d4-4551-ad46-aa0941ac3a2c,1634556661687,13.4914602,52.4713095,6.8853908,-0.03736049,-7.6569533,0.34794235,on bike mount,cyclo cross,True,paving stones,good
dff43e55-8241-4b84-ac6e-7b65f8f255f2,8eee0346-7295-473d-8b35-8dfeb092bd12,8c9f18df-7c0a-420c-9709-3c60b18345d5,1634556661738,13.4914602,52.4713095,6.8853908,1.0954204,3.2803073,2.3900356,on bike mount,cyclo cross,True,paving stones,good
dff43e55-8241-4b84-ac6e-7b65f8f255f2,8eee0346-7295-473d-8b35-8dfeb092bd12,da8bb2b0-e242-4400-87d7-4377d7d67656,1634556661787,13.4914602,52.4713095,6.8853908,-3.2037187,3.351458,-8.98399,on bike mount,cyclo cross,True,paving stones,good
dff43e55-8241-4b84-ac6e-7b65f8f255f2,8eee0346-7295-473d-8b35-8dfeb092bd12,5b8954e3-4d03-4561-aea2-7d5c68d61e87,1634556661837,13.4914602,52.4713095,6.8853908,1.3467867,1.6455355,3.308405,on bike mount,cyclo cross,True,paving stones,good
dff43e55-8241-4b84-ac6e-7b65f8f255f2,8eee0346-7295-473d-8b35-8dfeb092bd12,5bb7af56-41b7-42f1-94fd-f4ee3304159d,1634556661888,13.4914602,52.4713095,6.8853908,0.74954826,-1.5592475,-0.720109,on bike mount,cyclo cross,True,paving stones,good
dff43e55-8241-4b84-ac6e-7b65f8f255f2,8eee0346-7295-473d-8b35-8dfeb092bd12,3aef29a9-1025-4b2e-8589-eb391747254f,1634556661938,13.4914602,52.4713095,6.8853908,-1.7585537,-5.6344624,-2.1526618,on bike mount,cyclo cross,True,paving stones,good
dff43e55-8241-4b84-ac6e-7b65f8f255f2,8eee0346-7295-473d-8b35-8dfeb092bd12,907af0b9-a811-4a4a-b799-b0587c26cba9,1634556661987,13.4914069,52.4713652,7.0672293,2.7414784,-11.789791,2.534542,on bike mount,cyclo cross,True,paving stones,good
dff43e55-8241-4b84-ac6e-7b65f8f255f2,8eee0346-7295-473d-8b35-8dfeb092bd12,ddc9892b-36cc-4ab9-83ac-dd634b9b0acc,1634556662037,13.4914069,52.4713652,7.0672293,-5.0417895,13.142315,-5.7283444,on bike mount,cyclo cross,True,paving stones,good
dff43e55-8241-4b84-ac6e-7b65f8f255f2,8eee0346-7295-473d-8b35-8dfeb092bd12,4c85b0c2-5b1f-40f1-81fa-caa5f516c68a,1634556662087,13.4914069,52.4713652,7.0672293,-3.6347322,-1.3462771,3.4055662,on bike mount,cyclo cross,True,paving stones,good
dff43e55-8241-4b84-ac6e-7b65f8f255f2,8eee0346-7295-473d-8b35-8dfeb092bd12,9574e8a4-1cb1-4d88-9045-f6d388bd1309,1634556662137,13.4914069,52.4713652,7.0672293,-0.97748435,8.062927,0.10322189,on bike mount,cyclo cross,True,paving stones,good
dff43e55-8241-4b84-ac6e-7b65f8f255f2,8eee0346-7295-473d-8b35-8dfeb092bd12,d3331f3b-1c4c-4fb8-8bc3-4ffffb1ea03a,1634556662188,13.4914069,52.4713652,7.0672293,-1.4212372,-5.198845,3.5402174,on bike mount,cyclo cross,True,paving stones,good
dff43e55-8241-4b84-ac6e-7b65f8f255f2,8eee0346-7295-473d-8b35-8dfeb092bd12,9d0426b3-13c2-4b78-a6fb-2fc92132da4e,1634556662238,13.4914069,52.4713652,7.0672293,1.2364143,-3.34594,-4.9307203,on bike mount,cyclo cross,True,paving stones,good
dff43e55-8241-4b84-ac6e-7b65f8f255f2,8eee0346-7295-473d-8b35-8dfeb092bd12,3412b0ed-cffe-4c35-b88a-0494c974b070,1634556662288,13.4914069,52.4713652,7.0672293,-0.79072547,-0.67847276,-2.9124436,on bike mount,cyclo cross,True,paving stones,good
dff43e55-8241-4b84-ac6e-7b65f8f255f2,8eee0346-7295-473d-8b35-8dfeb092bd12,a74cb8e8-403b-48b2-8516-2fe9b323ca10,1634556662338,13.4914069,52.4713652,7.0672293,1.2083188,-2.0765376,6.692934,on bike mount,cyclo cross,True,paving stones,good
dff43e55-8241-4b84-ac6e-7b65f8f255f2,8eee0346-7295-473d-8b35-8dfeb092bd12,dcc6fd1c-e45c-4f13-8938-e32c25a700b3,1634556662388,13.4914069,52.4713652,7.0672293,1.6345735,5.1165466,6.6758547,on bike mount,cyclo cross,True,paving stones,good
dff43e55-8241-4b84-ac6e-7b65f8f255f2,8eee0346-7295-473d-8b35-8dfeb092bd12,36acb0c6-3d63-48e6-b716-08f4433cccd9,1634556662439,13.4914069,52.4713652,7.0672293,2.753644,11.795645,-5.116217,on bike mount,cyclo cross,True,paving stones,good
dff43e55-8241-4b84-ac6e-7b65f8f255f2,8eee0346-7295-473d-8b35-8dfeb092bd12,8adf6c65-b166-4a7e-ab83-6dedba8ca603,1634556662489,13.4914069,52.4713652,7.0672293,-0.47769898,-1.2909371,-1.8494043,on bike mount,cyclo cross,True,paving stones,good
dff43e55-8241-4b84-ac6e-7b65f8f255f2,8eee0346-7295-473d-8b35-8dfeb092bd12,6d3bd649-85ae-449c-97ec-da09693f690f,1634556662539,13.4914069,52.4713652,7.0672293,2.6879094,8.172839,-3.5022726,on bike mount,cyclo cross,True,paving stones,good
dff43e55-8241-4b84-ac6e-7b65f8f255f2,8eee0346-7295-473d-8b35-8dfeb092bd12,abcbd693-74e5-4c80-9157-41d39f8aabd8,1634556662589,13.4914069,52.4713652,7.0672293,-0.21347278,-8.139216,-5.144795,on bike mount,cyclo cross,True,paving stones,good
dff43e55-8241-4b84-ac6e-7b65f8f255f2,8eee0346-7295-473d-8b35-8dfeb092bd12,e8515024-e7f6-4783-ad9c-29e14dbaf4fa,1634556662639,13.4914069,52.4713652,7.0672293,-2.0178628,2.9359994,8.119325,on bike mount,cyclo cross,True,paving stones,good
dff43e55-8241-4b84-ac6e-7b65f8f255f2,8eee0346-7295-473d-8b35-8dfeb092bd12,a1b608e2-e154-4d0d-9a45-991f5c392572,1634556662690,13.4914069,52.4713652,7.0672293,3.5707054,2.3159013,-5.0671754,on bike mount,cyclo cross,True,paving stones,good
dff43e55-8241-4b84-ac6e-7b65f8f255f2,8eee0346-7295-473d-8b35-8dfeb092bd12,82d8a53f-2f8a-4bf1-991c-e1cea07026a7,1634556662741,13.4914069,52.4713652,7.0672293,-0.031623006,0.262321,4.277522,on bike mount,cyclo cross,True,paving stones,good
dff43e55-8241-4b84-ac6e-7b65f8f255f2,8eee0346-7295-473d-8b35-8dfeb092bd12,c5c9544e-259b-4d41-8a2c-175583e35321,1634556662792,13.4914069,52.4713652,7.0672293,0.5116404,9.092411,4.3026543,on bike mount,cyclo cross,True,paving stones,good
dff43e55-8241-4b84-ac6e-7b65f8f255f2,8eee0346-7295-473d-8b35-8dfeb092bd12,9da408d9-f65a-40da-8881-91043000cd63,1634556662842,13.4914069,52.4713652,7.0672293,-1.0444293,11.347543,3.6260157,on bike mount,cyclo cross,True,paving stones,good
dff43e55-8241-4b84-ac6e-7b65f8f255f2,8eee0346-7295-473d-8b35-8dfeb092bd12,ead4bcee-2c98-42e9-8248-954493cec8fa,1634556662891,13.4914069,52.4713652,7.0672293,0.6210564,1.9286051,1.6057329,on bike mount,cyclo cross,True,paving stones,good
dff43e55-8241-4b84-ac6e-7b65f8f255f2,8eee0346-7295-473d-8b35-8dfeb092bd12,3991b1f7-3a53-440c-abd9-dec81ef03e7b,1634556662941,13.4914069,52.4713652,7.0672293,-0.12526295,0.8663039,1.4061527,on bike mount,cyclo cross,True,paving stones,good
dff43e55-8241-4b84-ac6e-7b65f8f255f2,8eee0346-7295-473d-8b35-8dfeb092bd12,31e882d9-ecff-4546-b821-9f7e27948509,1634556662992,13.4913562,52.4714225,7.044757,0.21708201,-2.4904554,1.5360088,on bike mount,cyclo cross,True,paving stones,good
dff43e55-8241-4b84-ac6e-7b65f8f255f2,8eee0346-7295-473d-8b35-8dfeb092bd12,aa9fe229-888d-4d82-b6b4-e0708b79c24d,1634556663041,13.4913562,52.4714225,7.044757,-0.9482999,-2.1145148,-2.4591599,on bike mount,cyclo cross,True,paving stones,good
dff43e55-8241-4b84-ac6e-7b65f8f255f2,8eee0346-7295-473d-8b35-8dfeb092bd12,9ee2b601-98c1-441e-af55-d74e7d882351,1634556663092,13.4913562,52.4714225,7.044757,-0.73300296,-5.8726234,-4.7688265,on bike mount,cyclo cross,True,paving stones,good
dff43e55-8241-4b84-ac6e-7b65f8f255f2,8eee0346-7295-473d-8b35-8dfeb092bd12,1f1870a2-8b11-4ced-be88-c2afd0853207,1634556663142,13.4913562,52.4714225,7.044757,-0.109706685,3.1994004,-2.6372428,on bike mount,cyclo cross,True,paving stones,good
dff43e55-8241-4b84-ac6e-7b65f8f255f2,8eee0346-7295-473d-8b35-8dfeb092bd12,d0090f1e-aa9d-40cf-bd5b-34bb85704bb1,1634556663194,13.4913562,52.4714225,7.044757,-0.08606078,-5.3183494,7.032012,on bike mount,cyclo cross,True,paving stones,good
dff43e55-8241-4b84-ac6e-7b65f8f255f2,8eee0346-7295-473d-8b35-8dfeb092bd12,4a8fbc8c-40ce-4989-a75a-e045c4bcb635,1634556663244,13.4913562,52.4714225,7.044757,-0.3441403,2.4137053,4.1582575,on bike mount,cyclo cross,True,paving stones,good
dff43e55-8241-4b84-ac6e-7b65f8f255f2,8eee0346-7295-473d-8b35-8dfeb092bd12,805593ec-87b5-47b3-96a8-39cb587c0171,1634556663295,13.4913562,52.4714225,7.044757,-0.08279979,5.3452587,3.1038065,on bike mount,cyclo cross,True,paving stones,good
dff43e55-8241-4b84-ac6e-7b65f8f255f2,8eee0346-7295-473d-8b35-8dfeb092bd12,108a987e-ff96-4843-8369-682c595ec73a,1634556663344,13.4913562,52.4714225,7.044757,0.89689565,1.5011625,1.8828297,on bike mount,cyclo cross,True,paving stones,good
dff43e55-8241-4b84-ac6e-7b65f8f255f2,8eee0346-7295-473d-8b35-8dfeb092bd12,d27d826c-2d4d-483d-81c1-eadcaa7c38d4,1634556663396,13.4913562,52.4714225,7.044757,0.030090153,-0.9818857,0.031001091,on bike mount,cyclo cross,True,paving stones,good
dff43e55-8241-4b84-ac6e-7b65f8f255f2,8eee0346-7295-473d-8b35-8dfeb092bd12,abce678e-8c03-4ba6-9b21-56b5c6d1b589,1634556663447,13.4913562,52.4714225,7.044757,-0.13873926,0.0006494522,-1.7412891,on bike mount,cyclo cross,True,paving stones,good
dff43e55-8241-4b84-ac6e-7b65f8f255f2,8eee0346-7295-473d-8b35-8dfeb092bd12,b68337cb-78f9-4503-a329-5035cc334931,1634556663497,13.4913562,52.4714225,7.044757,-0.84720784,-3.3843043,0.08934021,on bike mount,cyclo cross,True,paving stones,good
dff43e55-8241-4b84-ac6e-7b65f8f255f2,8eee0346-7295-473d-8b35-8dfeb092bd12,1206bda0-d1fe-4655-81e2-56f85743f73c,1634556663547,13.4913562,52.4714225,7.044757,-1.5283471,-2.8231184,0.2072792,on bike mount,cyclo cross,True,paving stones,good
dff43e55-8241-4b84-ac6e-7b65f8f255f2,8eee0346-7295-473d-8b35-8dfeb092bd12,8de8a7a2-0299-4fce-a309-170fb61ea1f5,1634556663597,13.4913562,52.4714225,7.044757,0.56680536,-3.7887852,3.247364,on bike mount,cyclo cross,True,paving stones,good
dff43e55-8241-4b84-ac6e-7b65f8f255f2,8eee0346-7295-473d-8b35-8dfeb092bd12,8254da50-ae0b-4666-a1f6-90fd4f52326f,1634556663648,13.4913562,52.4714225,7.044757,-0.09082651,-3.576542,4.976842,on bike mount,cyclo cross,True,paving stones,good
dff43e55-8241-4b84-ac6e-7b65f8f255f2,8eee0346-7295-473d-8b35-8dfeb092bd12,9903d652-ce31-4094-95e9-923e68af441d,1634556663700,13.4913562,52.4714225,7.044757,-0.17307366,1.5008998,0.9373493,on bike mount,cyclo cross,True,paving stones,good
dff43e55-8241-4b84-ac6e-7b65f8f255f2,8eee0346-7295-473d-8b35-8dfeb092bd12,9cc01bfe-e6b6-4803-a7a4-64d1ff31b463,1634556663751,13.4913562,52.4714225,7.044757,0.7332936,0.112583876,-9.834929,on bike mount,cyclo cross,True,paving stones,good
dff43e55-8241-4b84-ac6e-7b65f8f255f2,8eee0346-7295-473d-8b35-8dfeb092bd12,8cd6679a-80e2-43e2-bbdf-8a0d2ba16415,1634556663801,13.4913562,52.4714225,7.044757,1.3341591,-1.2996038,11.890375,on bike mount,cyclo cross,True,paving stones,good
dff43e55-8241-4b84-ac6e-7b65f8f255f2,8eee0346-7295-473d-8b35-8dfeb092bd12,6ec8d672-88a3-4626-8f0a-f3f53be45f28,1634556663852,13.4913562,52.4714225,7.044757,3.0829701,-0.79470867,-7.937642,on bike mount,cyclo cross,True,paving stones,good
dff43e55-8241-4b84-ac6e-7b65f8f255f2,8eee0346-7295-473d-8b35-8dfeb092bd12,b607189f-3357-4f97-be5a-fb8eb9701a98,1634556663902,13.4913562,52.4714225,7.044757,-0.15693063,0.92778516,1.9622345,on bike mount,cyclo cross,True,paving stones,good
dff43e55-8241-4b84-ac6e-7b65f8f255f2,8eee0346-7295-473d-8b35-8dfeb092bd12,ba3d2b66-38cf-43ec-b0de-f645ba66ac16,1634556663952,13.4913562,52.4714225,7.044757,1.0515559,1.5179949,3.4042978,on bike mount,cyclo cross,True,paving stones,good
dff43e55-8241-4b84-ac6e-7b65f8f255f2,8eee0346-7295-473d-8b35-8dfeb092bd12,6f52b9f5-6fdc-4d8c-bd7a-6fb7e8d4b35d,1634556664003,13.4913042,52.4714766,7.0870886,-0.60213196,1.1216197,1.5602598,on bike mount,cyclo cross,True,paving stones,good
dff43e55-8241-4b84-ac6e-7b65f8f255f2,8eee0346-7295-473d-8b35-8dfeb092bd12,24be0d72-c0eb-4a31-87b1-9321122140b3,1634556664053,13.4913042,52.4714766,7.0870886,1.9228626,-6.2968016,0.2208519,on bike mount,cyclo cross,True,paving stones,good
dff43e55-8241-4b84-ac6e-7b65f8f255f2,8eee0346-7295-473d-8b35-8dfeb092bd12,8c03c714-0b08-436d-87ac-0459e382f1a5,1634556664104,13.4913042,52.4714766,7.0870886,-0.5095932,0.36547256,-0.45067787,on bike mount,cyclo cross,True,paving stones,good
dff43e55-8241-4b84-ac6e-7b65f8f255f2,8eee0346-7295-473d-8b35-8dfeb092bd12,aa5a8dee-0e83-479a-8176-819dc4783702,1634556664154,13.4913042,52.4714766,7.0870886,0.39754456,4.270628,-6.4471583,on bike mount,cyclo cross,True,paving stones,good
dff43e55-8241-4b84-ac6e-7b65f8f255f2,8eee0346-7295-473d-8b35-8dfeb092bd12,7fc0f230-a628-4b96-8de0-8eb197724789,1634556664204,13.4913042,52.4714766,7.0870886,-2.332843,-0.9212661,8.755194,on bike mount,cyclo cross,True,paving stones,good
dff43e55-8241-4b84-ac6e-7b65f8f255f2,8eee0346-7295-473d-8b35-8dfeb092bd12,3efd9122-c155-4d78-962d-41c6a8467cbb,1634556664255,13.4913042,52.4714766,7.0870886,-0.35437226,1.1209798,-2.0938196,on bike mount,cyclo cross,True,paving stones,good
dff43e55-8241-4b84-ac6e-7b65f8f255f2,8eee0346-7295-473d-8b35-8dfeb092bd12,8dbfd4b7-38da-4255-a390-06f730ef49fe,1634556664306,13.4913042,52.4714766,7.0870886,0.0801855,1.6922426,0.85923004,on bike mount,cyclo cross,True,paving stones,good
dff43e55-8241-4b84-ac6e-7b65f8f255f2,8eee0346-7295-473d-8b35-8dfeb092bd12,d3298656-f098-462b-874f-1f7ca29ddd5d,1634556664356,13.4913042,52.4714766,7.0870886,-1.5307053,1.4722953,1.6190157,on bike mount,cyclo cross,True,paving stones,good
dff43e55-8241-4b84-ac6e-7b65f8f255f2,8eee0346-7295-473d-8b35-8dfeb092bd12,3cd9881e-9d1b-4c90-91aa-3678ae86b44d,1634556664408,13.4913042,52.4714766,7.0870886,-1.479917,0.2512567,-5.4851418,on bike mount,cyclo cross,True,paving stones,good
dff43e55-8241-4b84-ac6e-7b65f8f255f2,8eee0346-7295-473d-8b35-8dfeb092bd12,5d509892-4947-42a1-8cf7-3c56929f39ce,1634556664459,13.4913042,52.4714766,7.0870886,0.12788898,-6.087997,6.517231,on bike mount,cyclo cross,True,paving stones,good
dff43e55-8241-4b84-ac6e-7b65f8f255f2,8eee0346-7295-473d-8b35-8dfeb092bd12,3f44bd4b-4d9f-44c7-bd38-aa49456acee8,1634556664511,13.4913042,52.4714766,7.0870886,-0.39878047,0.7232394,-4.1658278,on bike mount,cyclo cross,True,paving stones,good
dff43e55-8241-4b84-ac6e-7b65f8f255f2,8eee0346-7295-473d-8b35-8dfeb092bd12,c666cef7-78e5-42b7-a889-902bfa547e8a,1634556664562,13.4913042,52.4714766,7.0870886,-1.0520582,1.3415556,1.7031412,on bike mount,cyclo cross,True,paving stones,good
dff43e55-8241-4b84-ac6e-7b65f8f255f2,8eee0346-7295-473d-8b35-8dfeb092bd12,c3809b31-c03e-48fb-a401-f57af681ea07,1634556664614,13.4913042,52.4714766,7.0870886,-0.8408195,-0.61982656,-5.224984,on bike mount,cyclo cross,True,paving stones,good
dff43e55-8241-4b84-ac6e-7b65f8f255f2,8eee0346-7295-473d-8b35-8dfeb092bd12,20b4d868-242a-483b-b33c-4ff459b1613d,1634556664665,13.4913042,52.4714766,7.0870886,-1.2315692,-0.99974775,-7.052179,on bike mount,cyclo cross,True,paving stones,good
dff43e55-8241-4b84-ac6e-7b65f8f255f2,8eee0346-7295-473d-8b35-8dfeb092bd12,660ba21b-68c7-4154-9730-7e5c8671d036,1634556664714,13.4913042,52.4714766,7.0870886,-0.05206521,-3.275216,2.7721481,on bike mount,cyclo cross,True,paving stones,good
dff43e55-8241-4b84-ac6e-7b65f8f255f2,8eee0346-7295-473d-8b35-8dfeb092bd12,32f14e08-643b-4f7a-8697-cc33b12770a9,1634556664766,13.4913042,52.4714766,7.0870886,1.2416698,1.1000485,-1.7166014,on bike mount,cyclo cross,True,paving stones,good
dff43e55-8241-4b84-ac6e-7b65f8f255f2,8eee0346-7295-473d-8b35-8dfeb092bd12,aea21205-65de-431f-9eee-c3b7ff49a984,1634556664817,13.4913042,52.4714766,7.0870886,-4.4263544,-0.38894153,0.39773178,on bike mount,cyclo cross,True,paving stones,good
dff43e55-8241-4b84-ac6e-7b65f8f255f2,8eee0346-7295-473d-8b35-8dfeb092bd12,c1e92d63-4233-42a8-951a-29f4b49250bd,1634556664867,13.4913042,52.4714766,7.0870886,1.1088476,2.9497118,-3.1061878,on bike mount,cyclo cross,True,paving stones,good
dff43e55-8241-4b84-ac6e-7b65f8f255f2,8eee0346-7295-473d-8b35-8dfeb092bd12,f35c7f9b-28d0-4758-90da-e8e70322ab9f,1634556664916,13.4913042,52.4714766,7.0870886,-1.7328362,8.456743,-2.8310113,on bike mount,cyclo cross,True,paving stones,good
dff43e55-8241-4b84-ac6e-7b65f8f255f2,8eee0346-7295-473d-8b35-8dfeb092bd12,8c99f7f6-5dae-455d-b0fe-1362c6812253,1634556664967,13.4913042,52.4714766,7.0870886,2.2002997,-4.2379675,1.5097599,on bike mount,cyclo cross,True,paving stones,good
dff43e55-8241-4b84-ac6e-7b65f8f255f2,8eee0346-7295-473d-8b35-8dfeb092bd12,aa4e8ccc-dcfc-4a13-9aca-d1ff8fc6ccdf,1634556665016,13.4912515,52.4715314,6.906021,-0.64711577,2.39506,-0.92091084,on bike mount,cyclo cross,True,paving stones,good
dff43e55-8241-4b84-ac6e-7b65f8f255f2,8eee0346-7295-473d-8b35-8dfeb092bd12,17a23c9b-b46e-4a0c-b553-99be105184ab,1634556665066,13.4912515,52.4715314,6.906021,0.20169863,-3.8355742,-12.634764,on bike mount,cyclo cross,True,paving stones,good
dff43e55-8241-4b84-ac6e-7b65f8f255f2,8eee0346-7295-473d-8b35-8dfeb092bd12,9690e5ff-bcf8-4428-b69c-5e3aadc15f9a,1634556665118,13.4912515,52.4715314,6.906021,-0.34987956,-1.2003887,4.234151,on bike mount,cyclo cross,True,paving stones,good
dff43e55-8241-4b84-ac6e-7b65f8f255f2,8eee0346-7295-473d-8b35-8dfeb092bd12,b998764c-615e-44f9-a606-d6c0a562df1a,1634556665168,13.4912515,52.4715314,6.906021,2.5500424,-7.9722505,11.546085,on bike mount,cyclo cross,True,paving stones,good
dff43e55-8241-4b84-ac6e-7b65f8f255f2,8eee0346-7295-473d-8b35-8dfeb092bd12,129ec6d1-3698-4aed-a12a-761e98bfda88,1634556665219,13.4912515,52.4715314,6.906021,4.635829,-2.5895793,1.6975937,on bike mount,cyclo cross,True,paving stones,good
dff43e55-8241-4b84-ac6e-7b65f8f255f2,8eee0346-7295-473d-8b35-8dfeb092bd12,c7350c5b-0b0d-4e0a-8f14-2ec074b5e60e,1634556665268,13.4912515,52.4715314,6.906021,3.0288439,0.78614426,-5.4310594,on bike mount,cyclo cross,True,paving stones,good
dff43e55-8241-4b84-ac6e-7b65f8f255f2,8eee0346-7295-473d-8b35-8dfeb092bd12,a624254d-f723-4ec2-a5e6-b5d87f1365f0,1634556665316,13.4912515,52.4715314,6.906021,1.1279054,-1.6915698,7.014513,on bike mount,cyclo cross,True,paving stones,good
dff43e55-8241-4b84-ac6e-7b65f8f255f2,8eee0346-7295-473d-8b35-8dfeb092bd12,5f89dec5-4646-4d3d-8582-85483768ce39,1634556665367,13.4912515,52.4715314,6.906021,-2.196987,4.55354,-4.1793327,on bike mount,cyclo cross,True,paving stones,good
dff43e55-8241-4b84-ac6e-7b65f8f255f2,8eee0346-7295-473d-8b35-8dfeb092bd12,692bc63c-778a-4026-87c8-151d1d22ba9e,1634556665417,13.4912515,52.4715314,6.906021,-2.1380222,-5.4785433,-0.70103836,on bike mount,cyclo cross,True,paving stones,good
dff43e55-8241-4b84-ac6e-7b65f8f255f2,8eee0346-7295-473d-8b35-8dfeb092bd12,af772e73-fad2-4d02-b1d5-0b755e2072f3,1634556665466,13.4912515,52.4715314,6.906021,0.3552033,4.7665253,-5.410453,on bike mount,cyclo cross,True,paving stones,good
dff43e55-8241-4b84-ac6e-7b65f8f255f2,8eee0346-7295-473d-8b35-8dfeb092bd12,f2e45d34-5c81-47e8-af3d-e589680bd677,1634556665516,13.4912515,52.4715314,6.906021,2.2850661,-2.782919,-3.487647,on bike mount,cyclo cross,True,paving stones,good
dff43e55-8241-4b84-ac6e-7b65f8f255f2,8eee0346-7295-473d-8b35-8dfeb092bd12,37729cda-8c30-49af-b149-d57d266f5c9f,1634556665567,13.4912515,52.4715314,6.906021,-0.41477183,-1.7298676,4.9467134,on bike mount,cyclo cross,True,paving stones,good
dff43e55-8241-4b84-ac6e-7b65f8f255f2,8eee0346-7295-473d-8b35-8dfeb092bd12,8482112f-c354-480d-afc7-85166b6979f6,1634556665617,13.4912515,52.4715314,6.906021,1.0953919,-9.789284,6.613847,on bike mount,cyclo cross,True,paving stones,good
dff43e55-8241-4b84-ac6e-7b65f8f255f2,8eee0346-7295-473d-8b35-8dfeb092bd12,64c6329b-821d-405a-8ee3-d22833d8ab72,1634556665669,13.4912515,52.4715314,6.906021,-1.3413033,1.495332,-3.2675982,on bike mount,cyclo cross,True,paving stones,good
dff43e55-8241-4b84-ac6e-7b65f8f255f2,8eee0346-7295-473d-8b35-8dfeb092bd12,86dc74dd-cebe-4300-bbf1-2ceccc916c03,1634556665720,13.4912515,52.4715314,6.906021,2.326305,1.1342821,2.3845558,on bike mount,cyclo cross,True,paving stones,good
dff43e55-8241-4b84-ac6e-7b65f8f255f2,8eee0346-7295-473d-8b35-8dfeb092bd12,af661092-712d-4b18-824a-3a73b728cada,1634556665772,13.4912515,52.4715314,6.906021,-1.2359784,2.7610645,-3.6700644,on bike mount,cyclo cross,True,paving stones,good
dff43e55-8241-4b84-ac6e-7b65f8f255f2,8eee0346-7295-473d-8b35-8dfeb092bd12,745f3ea2-5b5e-4d78-ac29-ed141e4f4c29,1634556665822,13.4912515,52.4715314,6.906021,0.92828935,7.2577715,-1.4173322,on bike mount,cyclo cross,True,paving stones,good
dff43e55-8241-4b84-ac6e-7b65f8f255f2,8eee0346-7295-473d-8b35-8dfeb092bd12,95060c6f-e6f8-4e2b-82a3-9c807bd5f32b,1634556665870,13.4912515,52.4715314,6.906021,-0.8592615,-4.795597,4.0375156,on bike mount,cyclo cross,True,paving stones,good
dff43e55-8241-4b84-ac6e-7b65f8f255f2,8eee0346-7295-473d-8b35-8dfeb092bd12,064d14f7-76eb-40c1-ae4f-3f53708ed370,1634556665921,13.4912515,52.4715314,6.906021,0.88154304,-4.3748574,-4.5723534,on bike mount,cyclo cross,True,paving stones,good
dff43e55-8241-4b84-ac6e-7b65f8f255f2,8eee0346-7295-473d-8b35-8dfeb092bd12,beaf8045-b107-43c8-b4f6-8f63eda3e1b3,1634556665972,13.4912515,52.4715314,6.906021,-3.4674177,0.5575571,2.1168165,on bike mount,cyclo cross,True,paving stones,good
dff43e55-8241-4b84-ac6e-7b65f8f255f2,8eee0346-7295-473d-8b35-8dfeb092bd12,c46f1885-2e98-49c3-a757-db05e9396572,1634556666022,13.4912082,52.4715823,6.7320733,-1.421894,-1.8001691,4.172962,on bike mount,cyclo cross,True,paving stones,good
dff43e55-8241-4b84-ac6e-7b65f8f255f2,8eee0346-7295-473d-8b35-8dfeb092bd12,92cc1b70-7e67-49f6-a01c-09b457916ec2,1634556666072,13.4912082,52.4715823,6.7320733,-2.054477,0.7200012,-2.2706575,on bike mount,cyclo cross,True,paving stones,good
dff43e55-8241-4b84-ac6e-7b65f8f255f2,8eee0346-7295-473d-8b35-8dfeb092bd12,6e43c22d-1f7c-4d41-879d-c1868754b42f,1634556666169,13.4912082,52.4715823,6.7320733,-7.021245,2.38142,-1.0054216,on bike mount,cyclo cross,True,paving stones,good
dff43e55-8241-4b84-ac6e-7b65f8f255f2,8eee0346-7295-473d-8b35-8dfeb092bd12,f764ce85-a887-45e8-99a0-19a683693624,1634556666223,13.4912082,52.4715823,6.7320733,-1.9085361,2.0166569,3.2543201,on bike mount,cyclo cross,True,paving stones,good
dff43e55-8241-4b84-ac6e-7b65f8f255f2,8eee0346-7295-473d-8b35-8dfeb092bd12,41a2e22a-2d8b-41a1-ab00-f628bc00d50f,1634556666290,13.4912082,52.4715823,6.7320733,2.5634587,9.229543,1.1776676,on bike mount,cyclo cross,True,paving stones,good
dff43e55-8241-4b84-ac6e-7b65f8f255f2,ca54e99e-3328-46f3-b765-7cd581f814ba,e27c7baa-e116-4a17-976f-64a26a4c05fd,1634556666082,13.4912082,52.4715823,6.7320733,-0.6584325,0.2868209,-0.78131104,on bike mount,cyclo cross,True,paving stones,good
dff43e55-8241-4b84-ac6e-7b65f8f255f2,ca54e99e-3328-46f3-b765-7cd581f814ba,b1e2e6bc-2fd3-4815-8ac2-cd49296043ee,1634556666169,13.4912082,52.4715823,6.7320733,-7.021245,2.38142,-1.0054216,on bike mount,cyclo cross,True,paving stones,good
dff43e55-8241-4b84-ac6e-7b65f8f255f2,ca54e99e-3328-46f3-b765-7cd581f814ba,ab837519-6afa-4ffc-8296-501a4aaed325,1634556666223,13.4912082,52.4715823,6.7320733,-1.9085361,2.0166569,3.2543201,on bike mount,cyclo cross,True,paving stones,good
dff43e55-8241-4b84-ac6e-7b65f8f255f2,ca54e99e-3328-46f3-b765-7cd581f814ba,1382571e-f2bc-4f5f-8eaf-e0500fafccda,1634556666291,13.4912082,52.4715823,6.7320733,2.5634587,9.229543,1.1776676,on bike mount,cyclo cross,True,paving stones,good
dff43e55-8241-4b84-ac6e-7b65f8f255f2,ca54e99e-3328-46f3-b765-7cd581f814ba,a19c9d83-2fa9-4a29-9175-2348cc98d905,1634556666357,13.4912082,52.4715823,6.7320733,-0.74840635,1.6009603,1.8850536,on bike mount,cyclo cross,True,paving stones,good
dff43e55-8241-4b84-ac6e-7b65f8f255f2,ca54e99e-3328-46f3-b765-7cd581f814ba,e89064ad-8348-4cce-b6fc-031c0dfc3d1a,1634556666424,13.4912082,52.4715823,6.7320733,0.9337356,4.5891604,2.9070272,on bike mount,cyclo cross,True,paving stones,good
dff43e55-8241-4b84-ac6e-7b65f8f255f2,ca54e99e-3328-46f3-b765-7cd581f814ba,a1db0405-5ae1-44d9-b5a9-5fb237606072,1634556666491,13.4912082,52.4715823,6.7320733,-0.49688572,-0.9807087,1.3471079,on bike mount,cyclo cross,True,paving stones,good
dff43e55-8241-4b84-ac6e-7b65f8f255f2,ca54e99e-3328-46f3-b765-7cd581f814ba,3981f7a2-aefc-449a-a44f-0db7710ffd90,1634556666558,13.4912082,52.4715823,6.7320733,1.0735148,-5.3306956,1.7437792,on bike mount,cyclo cross,True,paving stones,good
dff43e55-8241-4b84-ac6e-7b65f8f255f2,ca54e99e-3328-46f3-b765-7cd581f814ba,fc575179-076d-48e1-bc81-2e8f4a3d79c0,1634556666608,13.4912082,52.4715823,6.7320733,2.4910982,3.304481,-3.9349608,on bike mount,cyclo cross,True,paving stones,good
dff43e55-8241-4b84-ac6e-7b65f8f255f2,ca54e99e-3328-46f3-b765-7cd581f814ba,63104b00-7865-4aff-8869-83a2b3e3413d,1634556666658,13.4912082,52.4715823,6.7320733,-1.5679696,-11.140649,-1.7244191,on bike mount,cyclo cross,True,paving stones,good
dff43e55-8241-4b84-ac6e-7b65f8f255f2,ca54e99e-3328-46f3-b765-7cd581f814ba,ca1090df-8d16-40a2-85e4-712104f06960,1634556666724,13.4912082,52.4715823,6.7320733,-2.2387528,8.087699,4.734476,on bike mount,cyclo cross,True,paving stones,good
dff43e55-8241-4b84-ac6e-7b65f8f255f2,ca54e99e-3328-46f3-b765-7cd581f814ba,b3160ddb-5dab-4023-9f1a-22d941004344,1634556666775,13.4912082,52.4715823,6.7320733,3.037623,-11.120542,-2.276978,on bike mount,cyclo cross,True,paving stones,good
dff43e55-8241-4b84-ac6e-7b65f8f255f2,ca54e99e-3328-46f3-b765-7cd581f814ba,fffd7123-81ad-4bfc-aa40-b039c5d0a278,1634556666842,13.4912082,52.4715823,6.7320733,-0.12474493,0.25280273,-9.800952,on bike mount,cyclo cross,True,paving stones,good
dff43e55-8241-4b84-ac6e-7b65f8f255f2,ca54e99e-3328-46f3-b765-7cd581f814ba,79d242db-8e8a-44ea-a0a3-e8820bc0453c,1634556666891,13.4912082,52.4715823,6.7320733,-0.43746388,2.2277017,15.212631,on bike mount,cyclo cross,True,paving stones,good
dff43e55-8241-4b84-ac6e-7b65f8f255f2,ca54e99e-3328-46f3-b765-7cd581f814ba,cd0e65b9-efd0-4434-a572-1e98cdf25f91,1634556666942,13.4912082,52.4715823,6.7320733,0.013471007,-4.9718924,-2.9333258,on bike mount,cyclo cross,True,paving stones,good
dff43e55-8241-4b84-ac6e-7b65f8f255f2,ca54e99e-3328-46f3-b765-7cd581f814ba,0c6c38b7-6aa9-4b97-8f0a-434d17e4c219,1634556666992,13.4911599,52.4716313,6.8622913,-1.5929357,-5.2532206,4.208166,on bike mount,cyclo cross,True,paving stones,good
dff43e55-8241-4b84-ac6e-7b65f8f255f2,ca54e99e-3328-46f3-b765-7cd581f814ba,42e6ab7b-ef5b-4783-a0db-0166c3e2e742,1634556667058,13.4911599,52.4716313,6.8622913,0.9577447,-7.6737475,1.55968,on bike mount,cyclo cross,True,paving stones,good
dff43e55-8241-4b84-ac6e-7b65f8f255f2,ca54e99e-3328-46f3-b765-7cd581f814ba,0e83e31e-6a04-4169-851d-123c95052207,1634556667109,13.4911599,52.4716313,6.8622913,2.4001145,-1.9358957,1.370018,on bike mount,cyclo cross,True,paving stones,good
dff43e55-8241-4b84-ac6e-7b65f8f255f2,ca54e99e-3328-46f3-b765-7cd581f814ba,ef1f7fd6-132e-4716-82fa-e1a5c070d70d,1634556667159,13.4911599,52.4716313,6.8622913,-1.8058856,3.3635,-7.8040013,on bike mount,cyclo cross,True,paving stones,good
dff43e55-8241-4b84-ac6e-7b65f8f255f2,ca54e99e-3328-46f3-b765-7cd581f814ba,63385ab9-d350-4bf4-ad2a-3f9dadc8b68e,1634556667226,13.4911599,52.4716313,6.8622913,-1.7274814,0.30946827,-7.5395093,on bike mount,cyclo cross,True,paving stones,good
dff43e55-8241-4b84-ac6e-7b65f8f255f2,ca54e99e-3328-46f3-b765-7cd581f814ba,1a49fcbc-d3e0-4ee9-aeff-77135e3fb0cf,1634556667292,13.4911599,52.4716313,6.8622913,0.5711458,1.8476858,-4.3117523,on bike mount,cyclo cross,True,paving stones,good
dff43e55-8241-4b84-ac6e-7b65f8f255f2,ca54e99e-3328-46f3-b765-7cd581f814ba,67475bf5-3960-4183-9798-90084c3a95fe,1634556667342,13.4911599,52.4716313,6.8622913,-3.615893,-8.652819,2.942894,on bike mount,cyclo cross,True,paving stones,good
dff43e55-8241-4b84-ac6e-7b65f8f255f2,ca54e99e-3328-46f3-b765-7cd581f814ba,0c61059b-f976-424b-a49c-5eadea024567,1634556667393,13.4911599,52.4716313,6.8622913,3.1930437,0.9563205,8.2080345,on bike mount,cyclo cross,True,paving stones,good
dff43e55-8241-4b84-ac6e-7b65f8f255f2,ca54e99e-3328-46f3-b765-7cd581f814ba,125b0a37-157b-4b68-b6fb-2fbc4d289434,1634556667443,13.4911599,52.4716313,6.8622913,-3.9232116,-8.96382,-4.2443476,on bike mount,cyclo cross,True,paving stones,good
dff43e55-8241-4b84-ac6e-7b65f8f255f2,ca54e99e-3328-46f3-b765-7cd581f814ba,42b58450-3802-4231-b07d-96c5b00e0b86,1634556667493,13.4911599,52.4716313,6.8622913,1.0253018,6.65553,-7.7981887,on bike mount,cyclo cross,True,paving stones,good
dff43e55-8241-4b84-ac6e-7b65f8f255f2,ca54e99e-3328-46f3-b765-7cd581f814ba,51575cd6-e027-4387-a880-21a5d775fc09,1634556667559,13.4911599,52.4716313,6.8622913,-0.43621507,11.13317,-0.17015982,on bike mount,cyclo cross,True,paving stones,good
dff43e55-8241-4b84-ac6e-7b65f8f255f2,ca54e99e-3328-46f3-b765-7cd581f814ba,265ba952-680e-4738-9250-a3ac6565ad92,1634556667610,13.4911599,52.4716313,6.8622913,1.373984,6.0266094,-1.5703077,on bike mount,cyclo cross,True,paving stones,good
dff43e55-8241-4b84-ac6e-7b65f8f255f2,ca54e99e-3328-46f3-b765-7cd581f814ba,62feda83-7a00-43f1-8bba-252b48517d5d,1634556667676,13.4911599,52.4716313,6.8622913,-1.7934949,1.7510996,-1.5005388,on bike mount,cyclo cross,True,paving stones,good
dff43e55-8241-4b84-ac6e-7b65f8f255f2,ca54e99e-3328-46f3-b765-7cd581f814ba,12796180-27cb-498f-9c59-19bb04cae407,1634556667727,13.4911599,52.4716313,6.8622913,1.6804471,1.4549508,-0.63099194,on bike mount,cyclo cross,True,paving stones,good
dff43e55-8241-4b84-ac6e-7b65f8f255f2,ca54e99e-3328-46f3-b765-7cd581f814ba,e3733cc0-d6aa-4dcc-b943-c2eb87a1d21b,1634556667777,13.4911599,52.4716313,6.8622913,-0.0029222425,-1.4055305,7.366435,on bike mount,cyclo cross,True,paving stones,good
dff43e55-8241-4b84-ac6e-7b65f8f255f2,ca54e99e-3328-46f3-b765-7cd581f814ba,deaed1d0-7e77-4d86-ada1-6f60c35c8bb3,1634556667844,13.4911599,52.4716313,6.8622913,-3.234715,4.5633545,1.0813322,on bike mount,cyclo cross,True,paving stones,good
dff43e55-8241-4b84-ac6e-7b65f8f255f2,ca54e99e-3328-46f3-b765-7cd581f814ba,d7efbae3-5858-4131-9cbd-412857e53b9c,1634556667894,13.4911599,52.4716313,6.8622913,-0.61802775,-4.682086,-0.00074481964,on bike mount,cyclo cross,True,paving stones,good
dff43e55-8241-4b84-ac6e-7b65f8f255f2,ca54e99e-3328-46f3-b765-7cd581f814ba,f44c8490-2832-4850-b9b6-98974164cef7,1634556667961,13.4911599,52.4716313,6.8622913,-0.5190719,2.9144745,0.854146,on bike mount,cyclo cross,True,paving stones,good
dff43e55-8241-4b84-ac6e-7b65f8f255f2,ca54e99e-3328-46f3-b765-7cd581f814ba,d8dd7b08-fb9f-4b3e-843d-34735d1972f2,1634556668027,13.4911077,52.4716805,6.792135,2.2070663,3.295219,0.9063692,on bike mount,cyclo cross,True,paving stones,good
dff43e55-8241-4b84-ac6e-7b65f8f255f2,ca54e99e-3328-46f3-b765-7cd581f814ba,4d947320-549b-4c93-93ba-a0eb5a557c47,1634556668094,13.4911077,52.4716805,6.792135,-0.7275346,-1.9970822,5.418812,on bike mount,cyclo cross,True,paving stones,good
dff43e55-8241-4b84-ac6e-7b65f8f255f2,ca54e99e-3328-46f3-b765-7cd581f814ba,622c14a6-c061-4351-bb98-8a45f7d02017,1634556668161,13.4911077,52.4716805,6.792135,-0.6517804,1.3023372,2.4065819,on bike mount,cyclo cross,True,paving stones,good
dff43e55-8241-4b84-ac6e-7b65f8f255f2,ca54e99e-3328-46f3-b765-7cd581f814ba,b6ff4174-a5ba-4644-9a42-698f13185a9b,1634556668228,13.4911077,52.4716805,6.792135,0.6451248,2.4126267,-6.0931163,on bike mount,cyclo cross,True,paving stones,good
dff43e55-8241-4b84-ac6e-7b65f8f255f2,ca54e99e-3328-46f3-b765-7cd581f814ba,61fae697-a68d-4d59-9b9f-55381b1f2583,1634556668295,13.4911077,52.4716805,6.792135,0.23345739,-2.3727388,-1.7900538,on bike mount,cyclo cross,True,paving stones,good
dff43e55-8241-4b84-ac6e-7b65f8f255f2,ca54e99e-3328-46f3-b765-7cd581f814ba,27c17cab-0148-4077-99b7-4cd623fa645e,1634556668345,13.4911077,52.4716805,6.792135,-0.33503747,-2.9370258,0.40642548,on bike mount,cyclo cross,True,paving stones,good
dff43e55-8241-4b84-ac6e-7b65f8f255f2,ca54e99e-3328-46f3-b765-7cd581f814ba,f84ffcb6-6b67-4605-87a5-7cfcab6d8082,1634556668411,13.4911077,52.4716805,6.792135,0.19012472,-0.8972428,-1.4657178,on bike mount,cyclo cross,True,paving stones,good
dff43e55-8241-4b84-ac6e-7b65f8f255f2,ca54e99e-3328-46f3-b765-7cd581f814ba,498ef921-beb2-403e-a7fd-8593b4d4861b,1634556668462,13.4911077,52.4716805,6.792135,-0.13310392,-6.1663294,-0.80558586,on bike mount,cyclo cross,True,paving stones,good
dff43e55-8241-4b84-ac6e-7b65f8f255f2,ca54e99e-3328-46f3-b765-7cd581f814ba,e6202313-6a1e-4d71-b124-36149a6cdccf,1634556668512,13.4911077,52.4716805,6.792135,-0.012698196,-0.1036818,-1.9623723,on bike mount,cyclo cross,True,paving stones,good
dff43e55-8241-4b84-ac6e-7b65f8f255f2,ca54e99e-3328-46f3-b765-7cd581f814ba,15c6612c-987e-47ac-b8b9-86cd5a8fd45a,1634556668579,13.4911077,52.4716805,6.792135,0.61135834,-0.8664017,-3.687356,on bike mount,cyclo cross,True,paving stones,good
dff43e55-8241-4b84-ac6e-7b65f8f255f2,ca54e99e-3328-46f3-b765-7cd581f814ba,0f35776c-65aa-47e6-bef3-5e705a876cf4,1634556668628,13.4911077,52.4716805,6.792135,-0.9871984,0.5757072,7.7380743,on bike mount,cyclo cross,True,paving stones,good
dff43e55-8241-4b84-ac6e-7b65f8f255f2,ca54e99e-3328-46f3-b765-7cd581f814ba,9f66da97-8824-404f-9535-232f4342fccb,1634556668678,13.4911077,52.4716805,6.792135,-2.788542,0.030948877,-3.2946522,on bike mount,cyclo cross,True,paving stones,good
dff43e55-8241-4b84-ac6e-7b65f8f255f2,ca54e99e-3328-46f3-b765-7cd581f814ba,dc296900-4bae-428e-a353-10e2f4044a02,1634556668729,13.4911077,52.4716805,6.792135,4.060646,-2.166667,0.92421055,on bike mount,cyclo cross,True,paving stones,good
dff43e55-8241-4b84-ac6e-7b65f8f255f2,ca54e99e-3328-46f3-b765-7cd581f814ba,c7bff396-19ad-43f2-b195-6d42bce5b322,1634556668796,13.4911077,52.4716805,6.792135,-0.11386648,6.4078445,2.0624104,on bike mount,cyclo cross,True,paving stones,good
dff43e55-8241-4b84-ac6e-7b65f8f255f2,ca54e99e-3328-46f3-b765-7cd581f814ba,26539678-2aff-4099-83e6-ce73e24b7599,1634556668846,13.4911077,52.4716805,6.792135,-1.8029448,-8.166914,4.12558,on bike mount,cyclo cross,True,paving stones,good
dff43e55-8241-4b84-ac6e-7b65f8f255f2,ca54e99e-3328-46f3-b765-7cd581f814ba,1caca14f-bd52-45f5-a488-5904b3633a74,1634556668896,13.4911077,52.4716805,6.792135,1.3017362,-5.2721677,-0.05313492,on bike mount,cyclo cross,True,paving stones,good
dff43e55-8241-4b84-ac6e-7b65f8f255f2,ca54e99e-3328-46f3-b765-7cd581f814ba,fcef738f-3b4e-4fef-b575-7c9f97f33268,1634556668963,13.4911077,52.4716805,6.792135,-1.6872921,2.3379664,-3.247714,on bike mount,cyclo cross,True,paving stones,good
dff43e55-8241-4b84-ac6e-7b65f8f255f2,ca54e99e-3328-46f3-b765-7cd581f814ba,bb70009a-2d47-46bd-acb1-592f9f5d2dca,1634556669029,13.4910572,52.4717326,6.8975916,0.3624675,0.52334046,-4.7362714,on bike mount,cyclo cross,True,paving stones,good
dff43e55-8241-4b84-ac6e-7b65f8f255f2,ca54e99e-3328-46f3-b765-7cd581f814ba,fbe2b87c-44ea-4d54-bdfb-78905d1a911a,1634556669080,13.4910572,52.4717326,6.8975916,0.2998341,-5.4574075,1.8347979,on bike mount,cyclo cross,True,paving stones,good
dff43e55-8241-4b84-ac6e-7b65f8f255f2,ca54e99e-3328-46f3-b765-7cd581f814ba,d3012790-5a4e-46f1-ae9a-68c241f2d854,1634556669130,13.4910572,52.4717326,6.8975916,1.3949606,6.3496284,-2.9548407,on bike mount,cyclo cross,True,paving stones,good
dff43e55-8241-4b84-ac6e-7b65f8f255f2,ca54e99e-3328-46f3-b765-7cd581f814ba,ae92ba14-2676-480e-bf61-0c85e678a13e,1634556669196,13.4910572,52.4717326,6.8975916,0.25863978,0.92457676,1.7534237,on bike mount,cyclo cross,True,paving stones,good
dff43e55-8241-4b84-ac6e-7b65f8f255f2,ca54e99e-3328-46f3-b765-7cd581f814ba,398ef91b-2b29-4cb6-ac2e-a6a53389847c,1634556669247,13.4910572,52.4717326,6.8975916,-0.16772053,-2.1440053,0.551713,on bike mount,cyclo cross,True,paving stones,good
dff43e55-8241-4b84-ac6e-7b65f8f255f2,ca54e99e-3328-46f3-b765-7cd581f814ba,dae4dc65-5db6-475c-baa3-a45e406b0b07,1634556669314,13.4910572,52.4717326,6.8975916,1.6387656,-0.36784625,6.558896,on bike mount,cyclo cross,True,paving stones,good
dff43e55-8241-4b84-ac6e-7b65f8f255f2,ca54e99e-3328-46f3-b765-7cd581f814ba,6e9bf253-18c9-4cad-8ddf-ee15ab476890,1634556669364,13.4910572,52.4717326,6.8975916,-1.5929621,1.2145925,-3.891954,on bike mount,cyclo cross,True,paving stones,good
dff43e55-8241-4b84-ac6e-7b65f8f255f2,ca54e99e-3328-46f3-b765-7cd581f814ba,12f319a9-87b0-48ec-92d7-578aa88db245,1634556669430,13.4910572,52.4717326,6.8975916,-3.4664183,-2.0332317,-1.5569973,on bike mount,cyclo cross,True,paving stones,good
dff43e55-8241-4b84-ac6e-7b65f8f255f2,ca54e99e-3328-46f3-b765-7cd581f814ba,eadf995b-804a-4a22-a191-8b1643e479d9,1634556669480,13.4910572,52.4717326,6.8975916,0.6629726,-1.0500853,-3.2584558,on bike mount,cyclo cross,True,paving stones,good
dff43e55-8241-4b84-ac6e-7b65f8f255f2,ca54e99e-3328-46f3-b765-7cd581f814ba,b2db5263-be43-45ce-9ea8-35e775f39df4,1634556669531,13.4910572,52.4717326,6.8975916,0.7827849,-13.709388,4.802244,on bike mount,cyclo cross,True,paving stones,good
dff43e55-8241-4b84-ac6e-7b65f8f255f2,ca54e99e-3328-46f3-b765-7cd581f814ba,debfbb1e-df0b-4656-a7f2-7890dd5914e5,1634556669580,13.4910572,52.4717326,6.8975916,0.37523103,5.435399,-2.3307219,on bike mount,cyclo cross,True,paving stones,good
dff43e55-8241-4b84-ac6e-7b65f8f255f2,ca54e99e-3328-46f3-b765-7cd581f814ba,de2623ee-45fb-4b25-bb66-c0e887c3e3d2,1634556669631,13.4910572,52.4717326,6.8975916,-1.2635255,-0.9883301,1.0499077,on bike mount,cyclo cross,True,paving stones,good
dff43e55-8241-4b84-ac6e-7b65f8f255f2,ca54e99e-3328-46f3-b765-7cd581f814ba,48c4d78e-1719-4418-902c-8823cfff54bf,1634556669697,13.4910572,52.4717326,6.8975916,-2.5884984,-7.2403817,-13.50986,on bike mount,cyclo cross,True,paving stones,good
dff43e55-8241-4b84-ac6e-7b65f8f255f2,ca54e99e-3328-46f3-b765-7cd581f814ba,4ccc64e7-7f63-49d8-82d2-e51f9b5a8e5c,1634556669748,13.4910572,52.4717326,6.8975916,1.2099028,4.605019,2.7928476,on bike mount,cyclo cross,True,paving stones,good
dff43e55-8241-4b84-ac6e-7b65f8f255f2,ca54e99e-3328-46f3-b765-7cd581f814ba,d01d7e70-ecac-43ae-8e35-3d7a152ac773,1634556669815,13.4910572,52.4717326,6.8975916,-1.02565,-1.7300448,-3.954205,on bike mount,cyclo cross,True,paving stones,good
dff43e55-8241-4b84-ac6e-7b65f8f255f2,ca54e99e-3328-46f3-b765-7cd581f814ba,2f76e384-6334-4398-9ff3-9ce5b48443ce,1634556669865,13.4910572,52.4717326,6.8975916,4.4789114,5.095774,-1.0816851,on bike mount,cyclo cross,True,paving stones,good
dff43e55-8241-4b84-ac6e-7b65f8f255f2,ca54e99e-3328-46f3-b765-7cd581f814ba,fa39f46a-f93b-4598-bb25-9df4ff8722f6,1634556669932,13.4910572,52.4717326,6.8975916,-1.1023219,12.391519,-1.4130487,on bike mount,cyclo cross,True,paving stones,good
dff43e55-8241-4b84-ac6e-7b65f8f255f2,ca54e99e-3328-46f3-b765-7cd581f814ba,f577fe32-781d-4346-8e22-40b19dce1415,1634556669998,13.4910087,52.4717892,6.830028,2.305515,3.7106247,-4.36872,on bike mount,cyclo cross,True,paving stones,good
dff43e55-8241-4b84-ac6e-7b65f8f255f2,ca54e99e-3328-46f3-b765-7cd581f814ba,10bce8ef-addd-44a2-8e55-a2de7e714904,1634556670065,13.4910087,52.4717892,6.830028,1.5164231,-1.6172699,3.7679443,on bike mount,cyclo cross,True,paving stones,good
dff43e55-8241-4b84-ac6e-7b65f8f255f2,ca54e99e-3328-46f3-b765-7cd581f814ba,de3de030-0a31-4545-83ce-fa11d1f59785,1634556670132,13.4910087,52.4717892,6.830028,0.10710809,-4.0538015,0.89133835,on bike mount,cyclo cross,True,paving stones,good
dff43e55-8241-4b84-ac6e-7b65f8f255f2,ca54e99e-3328-46f3-b765-7cd581f814ba,95e9f951-c6f0-46d3-a6a0-09789f9acf92,1634556670199,13.4910087,52.4717892,6.830028,0.57588583,-3.0500028,6.6127224,on bike mount,cyclo cross,True,paving stones,good
dff43e55-8241-4b84-ac6e-7b65f8f255f2,ca54e99e-3328-46f3-b765-7cd581f814ba,776c95ca-bf2f-4a32-afa6-73c484288e1a,1634556670266,13.4910087,52.4717892,6.830028,-2.423161,-0.71007204,5.249531,on bike mount,cyclo cross,True,paving stones,good
dff43e55-8241-4b84-ac6e-7b65f8f255f2,ca54e99e-3328-46f3-b765-7cd581f814ba,bb94e00b-dade-4f3e-8e4e-69041cb88e72,1634556670332,13.4910087,52.4717892,6.830028,2.5220208,-16.50457,15.960382,on bike mount,cyclo cross,True,paving stones,good
dff43e55-8241-4b84-ac6e-7b65f8f255f2,ca54e99e-3328-46f3-b765-7cd581f814ba,ceb0b252-35f3-48fc-87ee-2b5c775114ec,1634556670382,13.4910087,52.4717892,6.830028,-1.6022819,12.568438,-10.1538725,on bike mount,cyclo cross,True,paving stones,good
dff43e55-8241-4b84-ac6e-7b65f8f255f2,ca54e99e-3328-46f3-b765-7cd581f814ba,2aa92302-f696-4744-a9df-fe8b91dd21c4,1634556670432,13.4910087,52.4717892,6.830028,1.2607092,-3.539409,1.5486546,on bike mount,cyclo cross,True,paving stones,good
dff43e55-8241-4b84-ac6e-7b65f8f255f2,ca54e99e-3328-46f3-b765-7cd581f814ba,fe014dd9-000c-4a64-834f-5857a5944f83,1634556670482,13.4910087,52.4717892,6.830028,-2.1362693,10.747473,2.8720646,on bike mount,cyclo cross,True,paving stones,good
dff43e55-8241-4b84-ac6e-7b65f8f255f2,ca54e99e-3328-46f3-b765-7cd581f814ba,fe33323e-6dfa-4fb9-83a6-f382a59b75f2,1634556670533,13.4910087,52.4717892,6.830028,-4.5416226,-10.079326,6.3238487,on bike mount,cyclo cross,True,paving stones,good
dff43e55-8241-4b84-ac6e-7b65f8f255f2,ca54e99e-3328-46f3-b765-7cd581f814ba,038de38e-7b1f-40b8-927d-5219e55ab890,1634556670583,13.4910087,52.4717892,6.830028,0.3441052,6.4077888,-4.026962,on bike mount,cyclo cross,True,paving stones,good
dff43e55-8241-4b84-ac6e-7b65f8f255f2,ca54e99e-3328-46f3-b765-7cd581f814ba,d94058e2-636d-4038-96e9-307c823cccee,1634556670650,13.4910087,52.4717892,6.830028,-1.1373869,-1.7874991,-4.655934,on bike mount,cyclo cross,True,paving stones,good
dff43e55-8241-4b84-ac6e-7b65f8f255f2,ca54e99e-3328-46f3-b765-7cd581f814ba,36db5fab-92a2-4b74-b8c5-63a20cde3a29,1634556670716,13.4910087,52.4717892,6.830028,3.591479,1.506819,2.8939362,on bike mount,cyclo cross,True,paving stones,good
dff43e55-8241-4b84-ac6e-7b65f8f255f2,ca54e99e-3328-46f3-b765-7cd581f814ba,c358f4ad-df2f-4b6e-8edb-9fda64447c02,1634556670767,13.4910087,52.4717892,6.830028,-0.3353619,1.2656446,-3.4767585,on bike mount,cyclo cross,True,paving stones,good
dff43e55-8241-4b84-ac6e-7b65f8f255f2,ca54e99e-3328-46f3-b765-7cd581f814ba,74288eec-3f1d-4aaa-a754-35425d39417c,1634556670833,13.4910087,52.4717892,6.830028,-1.0990473,-6.3412614,-2.3342938,on bike mount,cyclo cross,True,paving stones,good
dff43e55-8241-4b84-ac6e-7b65f8f255f2,ca54e99e-3328-46f3-b765-7cd581f814ba,8b2dae77-d14e-40f1-b242-32a2537af4d5,1634556670883,13.4910087,52.4717892,6.830028,-0.21210971,-4.737623,7.3705807,on bike mount,cyclo cross,True,paving stones,good
dff43e55-8241-4b84-ac6e-7b65f8f255f2,ca54e99e-3328-46f3-b765-7cd581f814ba,6894effe-c6c1-48f8-b6a8-9777047bc1bb,1634556670933,13.4910087,52.4717892,6.830028,3.2722118,-4.6332726,2.0907917,on bike mount,cyclo cross,True,paving stones,good
dff43e55-8241-4b84-ac6e-7b65f8f255f2,ca54e99e-3328-46f3-b765-7cd581f814ba,3c86752e-1937-4aa1-a847-b3dfa46e92cf,1634556670984,13.4909672,52.471847,7.055257,-0.7688874,1.3549404,0.8854017,on bike mount,cyclo cross,True,paving stones,good
dff43e55-8241-4b84-ac6e-7b65f8f255f2,ca54e99e-3328-46f3-b765-7cd581f814ba,9e09d8df-efd6-42cd-af08-f1b680f8ab51,1634556671050,13.4909672,52.471847,7.055257,-0.929737,-0.12494302,-1.9803276,on bike mount,cyclo cross,True,paving stones,good
dff43e55-8241-4b84-ac6e-7b65f8f255f2,ca54e99e-3328-46f3-b765-7cd581f814ba,20fd1532-5017-49f0-bf9b-1eca5a969f9b,1634556671117,13.4909672,52.471847,7.055257,0.38208824,-2.96072,0.51053715,on bike mount,cyclo cross,True,paving stones,good
dff43e55-8241-4b84-ac6e-7b65f8f255f2,ca54e99e-3328-46f3-b765-7cd581f814ba,f68e7849-1ea2-4bf0-bd6f-e68c92c65f06,1634556671168,13.4909672,52.471847,7.055257,-0.575736,-5.2352037,-1.1176419,on bike mount,cyclo cross,True,paving stones,good
dff43e55-8241-4b84-ac6e-7b65f8f255f2,ca54e99e-3328-46f3-b765-7cd581f814ba,4464b9ff-f264-48fb-a792-cd62fd845f42,1634556671218,13.4909672,52.471847,7.055257,-0.34877756,-3.0797799,-3.7375565,on bike mount,cyclo cross,True,paving stones,good
dff43e55-8241-4b84-ac6e-7b65f8f255f2,ca54e99e-3328-46f3-b765-7cd581f814ba,3ed541f8-8e00-446b-b77a-fff16e1888de,1634556671284,13.4909672,52.471847,7.055257,-0.9798995,0.57103014,1.2084227,on bike mount,cyclo cross,True,paving stones,good
dff43e55-8241-4b84-ac6e-7b65f8f255f2,ca54e99e-3328-46f3-b765-7cd581f814ba,cf9899e7-0fe1-4330-918b-d7d023b86881,1634556671335,13.4909672,52.471847,7.055257,-0.20671058,-0.25760698,3.2685175,on bike mount,cyclo cross,True,paving stones,good
dff43e55-8241-4b84-ac6e-7b65f8f255f2,ca54e99e-3328-46f3-b765-7cd581f814ba,18427d56-a93a-4be6-b471-415db29f85b9,1634556671385,13.4909672,52.471847,7.055257,0.57052165,4.6799536,-4.244791,on bike mount,cyclo cross,True,paving stones,good
dff43e55-8241-4b84-ac6e-7b65f8f255f2,ca54e99e-3328-46f3-b765-7cd581f814ba,63110e29-edc7-4350-bc3c-2cc3b9a0cdbe,1634556671434,13.4909672,52.471847,7.055257,-8.706842,-1.5596714,-1.9049087,on bike mount,cyclo cross,True,paving stones,good
dff43e55-8241-4b84-ac6e-7b65f8f255f2,ca54e99e-3328-46f3-b765-7cd581f814ba,d05e2d8b-aed7-46b2-9f4c-ed013fe74cad,1634556671484,13.4909672,52.471847,7.055257,-3.3952107,-1.1822884,6.523885,on bike mount,cyclo cross,True,paving stones,good
dff43e55-8241-4b84-ac6e-7b65f8f255f2,ca54e99e-3328-46f3-b765-7cd581f814ba,0f9a6c24-be4e-4652-b6d9-5b627ca056f4,1634556671535,13.4909672,52.471847,7.055257,1.8968825,-3.0947802,3.1366901,on bike mount,cyclo cross,True,paving stones,good
dff43e55-8241-4b84-ac6e-7b65f8f255f2,ca54e99e-3328-46f3-b765-7cd581f814ba,d22cb84a-c4f7-40b2-bb54-1e6da735a29b,1634556671602,13.4909672,52.471847,7.055257,0.8927068,5.8931913,-3.8841567,on bike mount,cyclo cross,True,paving stones,good
dff43e55-8241-4b84-ac6e-7b65f8f255f2,ca54e99e-3328-46f3-b765-7cd581f814ba,42c7d0a5-df54-41d6-8a5c-0777f52d570d,1634556671668,13.4909672,52.471847,7.055257,0.5061828,-3.3926656,-0.3739872,on bike mount,cyclo cross,True,paving stones,good
dff43e55-8241-4b84-ac6e-7b65f8f255f2,ca54e99e-3328-46f3-b765-7cd581f814ba,e9069d82-f450-4576-8043-d903a5601eac,1634556671719,13.4909672,52.471847,7.055257,0.08475283,2.6052651,0.104162216,on bike mount,cyclo cross,True,paving stones,good
dff43e55-8241-4b84-ac6e-7b65f8f255f2,ca54e99e-3328-46f3-b765-7cd581f814ba,052387c6-23dc-4dac-943b-641c32afe275,1634556671799,13.4909672,52.471847,7.055257,0.84086186,3.0614915,5.17019,on bike mount,cyclo cross,True,paving stones,good
dff43e55-8241-4b84-ac6e-7b65f8f255f2,ca54e99e-3328-46f3-b765-7cd581f814ba,e2fc88b5-00de-47de-be7b-914c2eb1d868,1634556671852,13.4909672,52.471847,7.055257,-0.0034998283,2.8736205,-3.2156157,on bike mount,cyclo cross,True,paving stones,good
dff43e55-8241-4b84-ac6e-7b65f8f255f2,ca54e99e-3328-46f3-b765-7cd581f814ba,54ac492d-3225-465a-9145-93cc7343b773,1634556671919,13.4909672,52.471847,7.055257,-1.8963947,3.5030937,2.1194658,on bike mount,cyclo cross,True,paving stones,good
dff43e55-8241-4b84-ac6e-7b65f8f255f2,ca54e99e-3328-46f3-b765-7cd581f814ba,84d71f46-959d-4614-88b0-5ebc5398d98a,1634556671986,13.4909672,52.471847,7.055257,-1.5449369,10.192221,-4.000988,on bike mount,cyclo cross,True,paving stones,good
dff43e55-8241-4b84-ac6e-7b65f8f255f2,ca54e99e-3328-46f3-b765-7cd581f814ba,31d6666a-c2c7-4470-bbc0-6fea5b5857e6,1634556672052,13.490921,52.4719031,6.881663,1.8729492,-7.111964,3.872489,on bike mount,cyclo cross,True,paving stones,good
dff43e55-8241-4b84-ac6e-7b65f8f255f2,ca54e99e-3328-46f3-b765-7cd581f814ba,0929c5de-6c89-4a03-995c-e95b046176a6,1634556672103,13.490921,52.4719031,6.881663,0.56250036,-2.467963,-3.4017954,on bike mount,cyclo cross,True,paving stones,good
dff43e55-8241-4b84-ac6e-7b65f8f255f2,ca54e99e-3328-46f3-b765-7cd581f814ba,bee7dde0-d589-42b6-9cd3-d75148f32c25,1634556672153,13.490921,52.4719031,6.881663,-0.7131469,-0.5931816,-4.170582,on bike mount,cyclo cross,True,paving stones,good
dff43e55-8241-4b84-ac6e-7b65f8f255f2,ca54e99e-3328-46f3-b765-7cd581f814ba,e456a198-387f-46c4-89a8-339629b885cf,1634556672220,13.490921,52.4719031,6.881663,0.50679624,0.9065654,-6.0731378,on bike mount,cyclo cross,True,paving stones,good
dff43e55-8241-4b84-ac6e-7b65f8f255f2,ca54e99e-3328-46f3-b765-7cd581f814ba,62190f69-436f-46b6-a2ca-fdf27d38a1ff,1634556672286,13.490921,52.4719031,6.881663,0.51884365,-2.7375073,-0.9507446,on bike mount,cyclo cross,True,paving stones,good
dff43e55-8241-4b84-ac6e-7b65f8f255f2,ca54e99e-3328-46f3-b765-7cd581f814ba,02e7ed83-833c-4663-a71b-4ec29ff8f16b,1634556672336,13.490921,52.4719031,6.881663,0.45572302,8.062708,3.6429281,on bike mount,cyclo cross,True,paving stones,good
dff43e55-8241-4b84-ac6e-7b65f8f255f2,ca54e99e-3328-46f3-b765-7cd581f814ba,90723ca3-4829-41fb-a60a-5129d5df60d4,1634556672386,13.490921,52.4719031,6.881663,1.5148693,-10.687669,1.9597912,on bike mount,cyclo cross,True,paving stones,good
dff43e55-8241-4b84-ac6e-7b65f8f255f2,ca54e99e-3328-46f3-b765-7cd581f814ba,535fa8ca-b11f-467a-9820-47ba5318ad7e,1634556672437,13.490921,52.4719031,6.881663,-2.2874773,7.0811415,-5.0833893,on bike mount,cyclo cross,True,paving stones,good
dff43e55-8241-4b84-ac6e-7b65f8f255f2,ca54e99e-3328-46f3-b765-7cd581f814ba,64075c80-8a80-4304-9d93-798558cc82b0,1634556672503,13.490921,52.4719031,6.881663,3.2264705,7.8080463,-5.157461,on bike mount,cyclo cross,True,paving stones,good
dff43e55-8241-4b84-ac6e-7b65f8f255f2,ca54e99e-3328-46f3-b765-7cd581f814ba,604ca554-34ce-48ae-80b2-4f0efbd11d7e,1634556672554,13.490921,52.4719031,6.881663,-2.2975845,3.156808,-4.556995,on bike mount,cyclo cross,True,paving stones,good
dff43e55-8241-4b84-ac6e-7b65f8f255f2,ca54e99e-3328-46f3-b765-7cd581f814ba,30d0d4da-56c1-4238-9a72-bf69f5838506,1634556672620,13.490921,52.4719031,6.881663,0.3627869,17.14904,-6.813038,on bike mount,cyclo cross,True,paving stones,good
dff43e55-8241-4b84-ac6e-7b65f8f255f2,ca54e99e-3328-46f3-b765-7cd581f814ba,3f0956c1-c99e-438f-8aa1-3417a6019cac,1634556672671,13.490921,52.4719031,6.881663,1.5824424,-9.6037445,-4.4462495,on bike mount,cyclo cross,True,paving stones,good
dff43e55-8241-4b84-ac6e-7b65f8f255f2,ca54e99e-3328-46f3-b765-7cd581f814ba,984ece66-7a5d-4309-98b9-6e29cc9a4333,1634556672737,13.490921,52.4719031,6.881663,-1.0641022,-3.7978768,-8.804952,on bike mount,cyclo cross,True,paving stones,good
dff43e55-8241-4b84-ac6e-7b65f8f255f2,ca54e99e-3328-46f3-b765-7cd581f814ba,4f6e2091-5fc8-461d-b3b7-bbebf6a8a6cf,1634556672788,13.490921,52.4719031,6.881663,-1.0474178,1.835949,-2.0475755,on bike mount,cyclo cross,True,paving stones,good
dff43e55-8241-4b84-ac6e-7b65f8f255f2,ca54e99e-3328-46f3-b765-7cd581f814ba,4362370a-2a0f-43d4-83be-2be7609298a5,1634556672838,13.490921,52.4719031,6.881663,1.7950506,-1.3265405,2.1847801,on bike mount,cyclo cross,True,paving stones,good
dff43e55-8241-4b84-ac6e-7b65f8f255f2,ca54e99e-3328-46f3-b765-7cd581f814ba,822a752f-5479-4750-ae92-79c09ea1f8c6,1634556672905,13.490921,52.4719031,6.881663,-0.7997023,-0.5876719,2.9181929,on bike mount,cyclo cross,True,paving stones,good
dff43e55-8241-4b84-ac6e-7b65f8f255f2,ca54e99e-3328-46f3-b765-7cd581f814ba,c8d25158-84ee-48db-897f-28deb73f0d02,1634556672955,13.490921,52.4719031,6.881663,-1.278225,0.17113924,2.0048542,on bike mount,cyclo cross,True,paving stones,good
dff43e55-8241-4b84-ac6e-7b65f8f255f2,ca54e99e-3328-46f3-b765-7cd581f814ba,453dec0c-1037-4dd6-8590-c22fbef10375,1634556673021,13.4908763,52.4719601,7.047977,1.2104115,-5.5568323,3.7498388,on bike mount,cyclo cross,True,paving stones,good
dff43e55-8241-4b84-ac6e-7b65f8f255f2,ca54e99e-3328-46f3-b765-7cd581f814ba,8d4a31da-dbff-4ed3-a419-f02bd7da161d,1634556673071,13.4908763,52.4719601,7.047977,1.38765,3.625298,-8.018498,on bike mount,cyclo cross,True,paving stones,good
dff43e55-8241-4b84-ac6e-7b65f8f255f2,ca54e99e-3328-46f3-b765-7cd581f814ba,7ad8c1be-4d38-479b-bb81-e20387f8f1fc,1634556673121,13.4908763,52.4719601,7.047977,-1.4410211,-11.959236,6.2025337,on bike mount,cyclo cross,True,paving stones,good
dff43e55-8241-4b84-ac6e-7b65f8f255f2,ca54e99e-3328-46f3-b765-7cd581f814ba,8dbc1d33-0ec3-48e8-bb45-b8ed2c994030,1634556673172,13.4908763,52.4719601,7.047977,-0.20351957,12.306141,-4.912483,on bike mount,cyclo cross,True,paving stones,good
dff43e55-8241-4b84-ac6e-7b65f8f255f2,ca54e99e-3328-46f3-b765-7cd581f814ba,1422af67-caba-4847-9b15-bdf7c4d1c5b2,1634556673222,13.4908763,52.4719601,7.047977,-0.906775,-0.5442977,0.17845726,on bike mount,cyclo cross,True,paving stones,good
dff43e55-8241-4b84-ac6e-7b65f8f255f2,ca54e99e-3328-46f3-b765-7cd581f814ba,1423325e-0f45-4d8f-9cb5-7e6c4fd30878,1634556673288,13.4908763,52.4719601,7.047977,1.1238717,1.8536394,-7.2938824,on bike mount,cyclo cross,True,paving stones,good
dff43e55-8241-4b84-ac6e-7b65f8f255f2,ca54e99e-3328-46f3-b765-7cd581f814ba,55c2ec08-8f02-4f0a-bca0-bfda3911f411,1634556673339,13.4908763,52.4719601,7.047977,-2.6713266,6.6440353,8.199313,on bike mount,cyclo cross,True,paving stones,good
dff43e55-8241-4b84-ac6e-7b65f8f255f2,ca54e99e-3328-46f3-b765-7cd581f814ba,19dd9408-a257-498e-a1ce-3df1216b8137,1634556673389,13.4908763,52.4719601,7.047977,0.05963488,-0.7329092,1.9117365,on bike mount,cyclo cross,True,paving stones,good
dff43e55-8241-4b84-ac6e-7b65f8f255f2,ca54e99e-3328-46f3-b765-7cd581f814ba,909f9c64-9651-4ac1-8dfe-49b4877f44bc,1634556673455,13.4908763,52.4719601,7.047977,-0.81813484,4.2401543,-1.7035475,on bike mount,cyclo cross,True,paving stones,good
dff43e55-8241-4b84-ac6e-7b65f8f255f2,ca54e99e-3328-46f3-b765-7cd581f814ba,9064f556-3e80-4710-ab71-2896811b2576,1634556673505,13.4908763,52.4719601,7.047977,1.2219236,1.5988004,-3.5630283,on bike mount,cyclo cross,True,paving stones,good
dff43e55-8241-4b84-ac6e-7b65f8f255f2,ca54e99e-3328-46f3-b765-7cd581f814ba,e9e99bff-bc88-4623-abf1-6301e645753d,1634556673556,13.4908763,52.4719601,7.047977,-1.3931192,-2.6640713,8.27748,on bike mount,cyclo cross,True,paving stones,good
dff43e55-8241-4b84-ac6e-7b65f8f255f2,ca54e99e-3328-46f3-b765-7cd581f814ba,5075c86f-6f42-4479-943e-33eaf5687210,1634556673623,13.4908763,52.4719601,7.047977,0.31067142,-2.7893276,8.727786,on bike mount,cyclo cross,True,paving stones,good
dff43e55-8241-4b84-ac6e-7b65f8f255f2,ca54e99e-3328-46f3-b765-7cd581f814ba,7ea0b25b-c9ba-4363-8326-7bb1ec1e6b4b,1634556673673,13.4908763,52.4719601,7.047977,0.34428346,-1.0045857,-1.9709945,on bike mount,cyclo cross,True,paving stones,good
dff43e55-8241-4b84-ac6e-7b65f8f255f2,ca54e99e-3328-46f3-b765-7cd581f814ba,ff5345fa-3e11-428c-8431-7a122ec5ebb4,1634556673723,13.4908763,52.4719601,7.047977,0.6159106,-1.7110279,-1.126257,on bike mount,cyclo cross,True,paving stones,good
dff43e55-8241-4b84-ac6e-7b65f8f255f2,ca54e99e-3328-46f3-b765-7cd581f814ba,93e8725a-8b82-43c5-b3d0-b222986763b4,1634556673789,13.4908763,52.4719601,7.047977,-0.5958587,-3.5109773,1.9905539,on bike mount,cyclo cross,True,paving stones,good
dff43e55-8241-4b84-ac6e-7b65f8f255f2,ca54e99e-3328-46f3-b765-7cd581f814ba,90e15813-2d41-46f8-ab9b-38dd643b3ffe,1634556673840,13.4908763,52.4719601,7.047977,0.6076006,1.7772365,-5.7867126,on bike mount,cyclo cross,True,paving stones,good
dff43e55-8241-4b84-ac6e-7b65f8f255f2,ca54e99e-3328-46f3-b765-7cd581f814ba,5c403343-7960-4164-8ae1-1782ef0cef2f,1634556673906,13.4908763,52.4719601,7.047977,-1.9973315,-0.25429487,-4.38348,on bike mount,cyclo cross,True,paving stones,good
dff43e55-8241-4b84-ac6e-7b65f8f255f2,ca54e99e-3328-46f3-b765-7cd581f814ba,9c1ca281-6234-4597-b2a8-66c21316f581,1634556673957,13.4908763,52.4719601,7.047977,-1.3578489,0.49800444,-3.4163814,on bike mount,cyclo cross,True,paving stones,good
dff43e55-8241-4b84-ac6e-7b65f8f255f2,ca54e99e-3328-46f3-b765-7cd581f814ba,9a986c22-e185-476d-a311-b82a3e6548cb,1634556674023,13.4908362,52.4720168,6.836847,-0.096133314,4.5497713,1.8042126,on bike mount,cyclo cross,True,paving stones,good
dff43e55-8241-4b84-ac6e-7b65f8f255f2,ca54e99e-3328-46f3-b765-7cd581f814ba,ceb253a3-1952-4840-ac73-769c9a1926a4,1634556674074,13.4908362,52.4720168,6.836847,-1.3629007,-1.3680177,1.6140919,on bike mount,cyclo cross,True,paving stones,good
dff43e55-8241-4b84-ac6e-7b65f8f255f2,ca54e99e-3328-46f3-b765-7cd581f814ba,58c9abe0-c278-404c-819a-9cc359a8f7ef,1634556674124,13.4908362,52.4720168,6.836847,-1.5307767,0.718565,0.10159111,on bike mount,cyclo cross,True,paving stones,good
dff43e55-8241-4b84-ac6e-7b65f8f255f2,ca54e99e-3328-46f3-b765-7cd581f814ba,14770d85-bd6e-46f6-b7d4-60bcbb89ba19,1634556674190,13.4908362,52.4720168,6.836847,0.30648375,-0.7005708,2.0281734,on bike mount,cyclo cross,True,paving stones,good
dff43e55-8241-4b84-ac6e-7b65f8f255f2,ca54e99e-3328-46f3-b765-7cd581f814ba,4d394aa7-5cb5-42f0-9a2d-875aef1093ba,1634556674241,13.4908362,52.4720168,6.836847,0.33149946,-2.1970413,-2.2335186,on bike mount,cyclo cross,True,paving stones,good
dff43e55-8241-4b84-ac6e-7b65f8f255f2,ca54e99e-3328-46f3-b765-7cd581f814ba,a0e124a2-25f3-4515-aee8-0eaea5e8a536,1634556674291,13.4908362,52.4720168,6.836847,0.23874994,4.5337934,-0.47095108,on bike mount,cyclo cross,True,paving stones,good
dff43e55-8241-4b84-ac6e-7b65f8f255f2,ca54e99e-3328-46f3-b765-7cd581f814ba,59d4dfd2-f02d-4202-89b0-d5ee87f525ce,1634556674357,13.4908362,52.4720168,6.836847,0.4530385,-8.762646,5.074216,on bike mount,cyclo cross,True,paving stones,good
dff43e55-8241-4b84-ac6e-7b65f8f255f2,ca54e99e-3328-46f3-b765-7cd581f814ba,d326a1c3-a14a-470f-aa4e-a35dc9b08de9,1634556674408,13.4908362,52.4720168,6.836847,-4.0507326,5.117591,-2.2517157,on bike mount,cyclo cross,True,paving stones,good
dff43e55-8241-4b84-ac6e-7b65f8f255f2,ca54e99e-3328-46f3-b765-7cd581f814ba,61bd3401-6b0b-4ff6-b2d9-00ad140c52d5,1634556674474,13.4908362,52.4720168,6.836847,1.5415547,5.7549615,5.9298086,on bike mount,cyclo cross,True,paving stones,good
dff43e55-8241-4b84-ac6e-7b65f8f255f2,ca54e99e-3328-46f3-b765-7cd581f814ba,a741c5e6-8cce-460f-ba2f-a9f0ca93ce45,1634556674524,13.4908362,52.4720168,6.836847,-2.2259116,7.500791,-9.826112,on bike mount,cyclo cross,True,paving stones,good
dff43e55-8241-4b84-ac6e-7b65f8f255f2,ca54e99e-3328-46f3-b765-7cd581f814ba,7a4968ca-76e5-4eb7-9f4f-58c061dea092,1634556674575,13.4908362,52.4720168,6.836847,1.2444639,-4.3330493,3.1836033,on bike mount,cyclo cross,True,paving stones,good
dff43e55-8241-4b84-ac6e-7b65f8f255f2,ca54e99e-3328-46f3-b765-7cd581f814ba,1f63e896-8b43-4c8c-825c-7690f0a737d4,1634556674641,13.4908362,52.4720168,6.836847,-2.6613965,-16.079504,-3.9165616,on bike mount,cyclo cross,True,paving stones,good
dff43e55-8241-4b84-ac6e-7b65f8f255f2,ca54e99e-3328-46f3-b765-7cd581f814ba,2ae1ad1e-cc6e-4f7b-97a0-73319579a4e2,1634556674691,13.4908362,52.4720168,6.836847,-3.026747,12.138371,5.898138,on bike mount,cyclo cross,True,paving stones,good
dff43e55-8241-4b84-ac6e-7b65f8f255f2,ca54e99e-3328-46f3-b765-7cd581f814ba,94cdad52-113b-414e-b27e-1f8f38220705,1634556674742,13.4908362,52.4720168,6.836847,-2.6164463,-8.120661,1.879961,on bike mount,cyclo cross,True,paving stones,good
dff43e55-8241-4b84-ac6e-7b65f8f255f2,ca54e99e-3328-46f3-b765-7cd581f814ba,58a7d442-7c32-4eb1-8a92-45c3ffb34554,1634556674808,13.4908362,52.4720168,6.836847,0.012014449,-0.7831352,-0.017853737,on bike mount,cyclo cross,True,paving stones,good
dff43e55-8241-4b84-ac6e-7b65f8f255f2,ca54e99e-3328-46f3-b765-7cd581f814ba,a696217c-11da-451f-b631-d9ffa797957f,1634556674858,13.4908362,52.4720168,6.836847,-0.20209813,-7.3581877,0.7917824,on bike mount,cyclo cross,True,paving stones,good
dff43e55-8241-4b84-ac6e-7b65f8f255f2,ca54e99e-3328-46f3-b765-7cd581f814ba,3a15076e-29b7-44f0-b008-f0d85c714e82,1634556674909,13.4908362,52.4720168,6.836847,-0.15405148,6.5533085,-1.2954988,on bike mount,cyclo cross,True,paving stones,good
dff43e55-8241-4b84-ac6e-7b65f8f255f2,ca54e99e-3328-46f3-b765-7cd581f814ba,43dd8af4-3b0e-4a0b-b038-3f866aab5415,1634556674959,13.4908362,52.4720168,6.836847,-2.538391,4.762953,3.1283875,on bike mount,cyclo cross,True,paving stones,good
dff43e55-8241-4b84-ac6e-7b65f8f255f2,ca54e99e-3328-46f3-b765-7cd581f814ba,8487a7f1-da34-4b42-a7da-8988c7c9c01f,1634556675025,13.4907872,52.4720736,6.8054695,1.5704235,0.7414839,-0.4313879,on bike mount,cyclo cross,True,paving stones,good
dff43e55-8241-4b84-ac6e-7b65f8f255f2,ca54e99e-3328-46f3-b765-7cd581f814ba,31245403-04bc-4b94-8a07-13e785bc8f6d,1634556675075,13.4907872,52.4720736,6.8054695,-1.3500289,0.79275584,4.951151,on bike mount,cyclo cross,True,paving stones,good
dff43e55-8241-4b84-ac6e-7b65f8f255f2,ca54e99e-3328-46f3-b765-7cd581f814ba,c4b5c07c-054d-44aa-bc21-a681cd736ac6,1634556675125,13.4907872,52.4720736,6.8054695,0.24663466,-0.29959583,-5.8316417,on bike mount,cyclo cross,True,paving stones,good
dff43e55-8241-4b84-ac6e-7b65f8f255f2,ca54e99e-3328-46f3-b765-7cd581f814ba,aa0165dd-731b-4a70-a9a8-eab101a89a03,1634556675176,13.4907872,52.4720736,6.8054695,1.2914873,-3.925511,3.924632,on bike mount,cyclo cross,True,paving stones,good
dff43e55-8241-4b84-ac6e-7b65f8f255f2,ca54e99e-3328-46f3-b765-7cd581f814ba,ba580ae3-95a1-452f-93eb-673acae7bd45,1634556675242,13.4907872,52.4720736,6.8054695,-1.7048904,-2.2022526,0.14846706,on bike mount,cyclo cross,True,paving stones,good
dff43e55-8241-4b84-ac6e-7b65f8f255f2,ca54e99e-3328-46f3-b765-7cd581f814ba,efdc3144-01f6-4731-ada6-82c75651af4f,1634556675293,13.4907872,52.4720736,6.8054695,3.243592,-3.5870483,3.203681,on bike mount,cyclo cross,True,paving stones,good
dff43e55-8241-4b84-ac6e-7b65f8f255f2,ca54e99e-3328-46f3-b765-7cd581f814ba,a266c35d-0786-48fe-991f-39de6f440c85,1634556675359,13.4907872,52.4720736,6.8054695,0.015313268,-6.8689218,-0.062174797,on bike mount,cyclo cross,True,paving stones,good
dff43e55-8241-4b84-ac6e-7b65f8f255f2,ca54e99e-3328-46f3-b765-7cd581f814ba,e92eba87-8e18-4d1e-bc71-08883da35250,1634556675410,13.4907872,52.4720736,6.8054695,1.0579259,-2.143954,17.886234,on bike mount,cyclo cross,True,paving stones,good
dff43e55-8241-4b84-ac6e-7b65f8f255f2,ca54e99e-3328-46f3-b765-7cd581f814ba,e23d8db4-dda8-4efc-a48d-36333df49088,1634556675476,13.4907872,52.4720736,6.8054695,0.7781886,4.783863,8.149935,on bike mount,cyclo cross,True,paving stones,good
dff43e55-8241-4b84-ac6e-7b65f8f255f2,ca54e99e-3328-46f3-b765-7cd581f814ba,d7fcae27-4d35-4005-a51f-a22eead82e0e,1634556675526,13.4907872,52.4720736,6.8054695,2.505379,-1.4147109,-11.232112,on bike mount,cyclo cross,True,paving stones,good
dff43e55-8241-4b84-ac6e-7b65f8f255f2,ca54e99e-3328-46f3-b765-7cd581f814ba,8569ab39-e440-4978-8df7-f64b64369a19,1634556675576,13.4907872,52.4720736,6.8054695,-2.7292585,-6.5027275,-1.3409219,on bike mount,cyclo cross,True,paving stones,good
dff43e55-8241-4b84-ac6e-7b65f8f255f2,ca54e99e-3328-46f3-b765-7cd581f814ba,de88a629-5326-4dfd-a357-feca1b5f97f8,1634556675627,13.4907872,52.4720736,6.8054695,0.4513554,5.686776,-0.6762667,on bike mount,cyclo cross,True,paving stones,good
dff43e55-8241-4b84-ac6e-7b65f8f255f2,ca54e99e-3328-46f3-b765-7cd581f814ba,bf8dccd8-4e3a-41e4-8b34-7ff094fa87fd,1634556675694,13.4907872,52.4720736,6.8054695,1.8501388,1.6476483,-4.580944,on bike mount,cyclo cross,True,paving stones,good
dff43e55-8241-4b84-ac6e-7b65f8f255f2,ca54e99e-3328-46f3-b765-7cd581f814ba,9f3173fb-3d21-4ff3-ae79-c506268a1b54,1634556675760,13.4907872,52.4720736,6.8054695,1.8534112,1.5993547,3.6713324,on bike mount,cyclo cross,True,paving stones,good
dff43e55-8241-4b84-ac6e-7b65f8f255f2,ca54e99e-3328-46f3-b765-7cd581f814ba,2e269e41-b138-4a45-9e9d-cec9330c2b5a,1634556675810,13.4907872,52.4720736,6.8054695,0.23308098,-3.7454998,1.3771133,on bike mount,cyclo cross,True,paving stones,good
dff43e55-8241-4b84-ac6e-7b65f8f255f2,ca54e99e-3328-46f3-b765-7cd581f814ba,7a933669-98b6-4528-bff3-012cadd870fb,1634556675860,13.4907872,52.4720736,6.8054695,0.8376166,0.79519844,-0.9262104,on bike mount,cyclo cross,True,paving stones,good
dff43e55-8241-4b84-ac6e-7b65f8f255f2,ca54e99e-3328-46f3-b765-7cd581f814ba,01f35e55-52f0-44f6-a2d0-421551801896,1634556675911,13.4907872,52.4720736,6.8054695,-1.4131997,4.3408957,3.6620235,on bike mount,cyclo cross,True,paving stones,good
dff43e55-8241-4b84-ac6e-7b65f8f255f2,ca54e99e-3328-46f3-b765-7cd581f814ba,a34c1c58-b769-4d28-9ffd-eeb1c4dee236,1634556675978,13.4907872,52.4720736,6.8054695,-0.31232315,2.301344,-4.0967326,on bike mount,cyclo cross,True,paving stones,good
dff43e55-8241-4b84-ac6e-7b65f8f255f2,ca54e99e-3328-46f3-b765-7cd581f814ba,1ec05685-abdb-43fb-bb01-dced2b70f163,1634556676044,13.4907361,52.4721286,6.9965205,-1.9373418,5.282073,-3.5053477,on bike mount,cyclo cross,True,paving stones,good
dff43e55-8241-4b84-ac6e-7b65f8f255f2,ca54e99e-3328-46f3-b765-7cd581f814ba,da38a91a-750c-47a8-af7e-2129bcbbba66,1634556676095,13.4907361,52.4721286,6.9965205,-1.1136806,-2.9999175,-0.6303482,on bike mount,cyclo cross,True,paving stones,good
dff43e55-8241-4b84-ac6e-7b65f8f255f2,ca54e99e-3328-46f3-b765-7cd581f814ba,27e152f0-60a1-48b1-9c9a-647fb23431c4,1634556676145,13.4907361,52.4721286,6.9965205,0.48828226,4.7676406,-3.904827,on bike mount,cyclo cross,True,paving stones,good
dff43e55-8241-4b84-ac6e-7b65f8f255f2,ca54e99e-3328-46f3-b765-7cd581f814ba,dc713454-d1bc-47b7-8757-38f77d09e5f7,1634556676211,13.4907361,52.4721286,6.9965205,-0.6293806,5.145741,0.36699486,on bike mount,cyclo cross,True,paving stones,good
dff43e55-8241-4b84-ac6e-7b65f8f255f2,ca54e99e-3328-46f3-b765-7cd581f814ba,5c373b9e-00c8-49cb-a863-9d1fe8c19d86,1634556676262,13.4907361,52.4721286,6.9965205,-0.6418915,-3.6890557,3.641945,on bike mount,cyclo cross,True,paving stones,good
dff43e55-8241-4b84-ac6e-7b65f8f255f2,ca54e99e-3328-46f3-b765-7cd581f814ba,d29b5805-235a-42b8-b674-136ea196fbd0,1634556676329,13.4907361,52.4721286,6.9965205,0.122222185,4.998737,0.21199894,on bike mount,cyclo cross,True,paving stones,good
dff43e55-8241-4b84-ac6e-7b65f8f255f2,ca54e99e-3328-46f3-b765-7cd581f814ba,22c97a52-e4d4-4953-bda8-2b2104724c37,1634556676379,13.4907361,52.4721286,6.9965205,-0.9182156,-2.8881567,3.645544,on bike mount,cyclo cross,True,paving stones,good
dff43e55-8241-4b84-ac6e-7b65f8f255f2,ca54e99e-3328-46f3-b765-7cd581f814ba,9f1caf7c-dbe8-40f3-b3a4-8966e37da9aa,1634556676445,13.4907361,52.4721286,6.9965205,-0.010027781,-4.9120693,1.6809883,on bike mount,cyclo cross,True,paving stones,good
dff43e55-8241-4b84-ac6e-7b65f8f255f2,ca54e99e-3328-46f3-b765-7cd581f814ba,fc5729a3-1460-402d-bf8c-f00bcc853c52,1634556676496,13.4907361,52.4721286,6.9965205,4.1489725,2.7267656,5.267623,on bike mount,cyclo cross,True,paving stones,good
dff43e55-8241-4b84-ac6e-7b65f8f255f2,ca54e99e-3328-46f3-b765-7cd581f814ba,1b1d992f-3508-40a7-932a-8aef334dec15,1634556676546,13.4907361,52.4721286,6.9965205,0.986634,-7.5866966,-1.2152843,on bike mount,cyclo cross,True,paving stones,good
dff43e55-8241-4b84-ac6e-7b65f8f255f2,ca54e99e-3328-46f3-b765-7cd581f814ba,5957a176-3384-4c14-bbd6-7d33ae00c8a5,1634556676595,13.4907361,52.4721286,6.9965205,0.8714441,8.243573,-11.999409,on bike mount,cyclo cross,True,paving stones,good
dff43e55-8241-4b84-ac6e-7b65f8f255f2,ca54e99e-3328-46f3-b765-7cd581f814ba,3d7deca9-f575-4003-b93b-a72e23eeca5a,1634556676646,13.4907361,52.4721286,6.9965205,0.60788095,-3.6859117,6.513953,on bike mount,cyclo cross,True,paving stones,good
dff43e55-8241-4b84-ac6e-7b65f8f255f2,ca54e99e-3328-46f3-b765-7cd581f814ba,c3abc3c5-c09b-46e7-a801-bf81ce2a4f6b,1634556676712,13.4907361,52.4721286,6.9965205,0.36981276,3.6668553,2.804656,on bike mount,cyclo cross,True,paving stones,good
dff43e55-8241-4b84-ac6e-7b65f8f255f2,ca54e99e-3328-46f3-b765-7cd581f814ba,9e427c3f-5102-4d96-8ec6-bcce6eab26cf,1634556676762,13.4907361,52.4721286,6.9965205,0.7127664,-2.8083375,-1.9093013,on bike mount,cyclo cross,True,paving stones,good
dff43e55-8241-4b84-ac6e-7b65f8f255f2,ca54e99e-3328-46f3-b765-7cd581f814ba,860cf5fd-0c5a-4b41-88d6-fcd53afcee0e,1634556676813,13.4907361,52.4721286,6.9965205,-0.56155205,3.9653206,-1.4541268,on bike mount,cyclo cross,True,paving stones,good
dff43e55-8241-4b84-ac6e-7b65f8f255f2,ca54e99e-3328-46f3-b765-7cd581f814ba,0b7b99b2-9546-404b-b4ef-baf0b023e0b8,1634556676863,13.4907361,52.4721286,6.9965205,1.760756,-2.7679424,-6.455602,on bike mount,cyclo cross,True,paving stones,good
dff43e55-8241-4b84-ac6e-7b65f8f255f2,ca54e99e-3328-46f3-b765-7cd581f814ba,51c009e7-a2f2-4afc-b39b-3eadd6ec2c73,1634556676930,13.4907361,52.4721286,6.9965205,-0.7501074,4.195298,4.580001,on bike mount,cyclo cross,True,paving stones,good
dff43e55-8241-4b84-ac6e-7b65f8f255f2,ca54e99e-3328-46f3-b765-7cd581f814ba,0f0295ef-6792-4d3c-9298-23f2e0dd796f,1634556676996,13.4906864,52.4721855,7.040282,4.9101887,4.0379543,3.624013,on bike mount,cyclo cross,True,paving stones,good
dff43e55-8241-4b84-ac6e-7b65f8f255f2,ca54e99e-3328-46f3-b765-7cd581f814ba,6752b327-8837-4ca3-9508-df1b12d83556,1634556677046,13.4906864,52.4721855,7.040282,-2.4202251,-3.1389408,-9.258751,on bike mount,cyclo cross,True,paving stones,good
dff43e55-8241-4b84-ac6e-7b65f8f255f2,ca54e99e-3328-46f3-b765-7cd581f814ba,bda645b8-13ab-4a91-8fb8-b8670d0bf8f2,1634556677097,13.4906864,52.4721855,7.040282,2.4577298,3.2340622,7.4511433,on bike mount,cyclo cross,True,paving stones,good
dff43e55-8241-4b84-ac6e-7b65f8f255f2,ca54e99e-3328-46f3-b765-7cd581f814ba,c342e9bd-dd0e-4cbe-9765-a85f2dac0ac0,1634556677163,13.4906864,52.4721855,7.040282,1.0791373,0.6264434,6.7221355,on bike mount,cyclo cross,True,paving stones,good
dff43e55-8241-4b84-ac6e-7b65f8f255f2,ca54e99e-3328-46f3-b765-7cd581f814ba,e1e891e5-8d3a-4258-b58f-65e1687338d3,1634556677214,13.4906864,52.4721855,7.040282,-6.6818695,3.5633774,-7.2611713,on bike mount,cyclo cross,True,paving stones,good
dff43e55-8241-4b84-ac6e-7b65f8f255f2,ca54e99e-3328-46f3-b765-7cd581f814ba,43c3d821-cf32-4c37-b5c5-304c5bd99e6d,1634556677263,13.4906864,52.4721855,7.040282,2.7661376,-9.309417,2.5087385,on bike mount,cyclo cross,True,paving stones,good
dff43e55-8241-4b84-ac6e-7b65f8f255f2,ca54e99e-3328-46f3-b765-7cd581f814ba,15bd541d-3782-4d04-ac19-6715e46bdc32,1634556677314,13.4906864,52.4721855,7.040282,-2.3672547,11.453027,-1.9568238,on bike mount,cyclo cross,True,paving stones,good
dff43e55-8241-4b84-ac6e-7b65f8f255f2,ca54e99e-3328-46f3-b765-7cd581f814ba,b98cf509-812f-4cdd-b8fd-696456765995,1634556677381,13.4906864,52.4721855,7.040282,1.2383206,13.008375,-5.777202,on bike mount,cyclo cross,True,paving stones,good
dff43e55-8241-4b84-ac6e-7b65f8f255f2,ca54e99e-3328-46f3-b765-7cd581f814ba,5379beae-2959-4d3b-94b3-fc49dd65d3ba,1634556677448,13.4906864,52.4721855,7.040282,0.3855037,-6.7129335,12.390549,on bike mount,cyclo cross,True,paving stones,good
dff43e55-8241-4b84-ac6e-7b65f8f255f2,ca54e99e-3328-46f3-b765-7cd581f814ba,aa71ee02-7785-477b-9dd9-32a78fadf4fe,1634556677498,13.4906864,52.4721855,7.040282,-3.0852017,9.938451,-6.494175,on bike mount,cyclo cross,True,paving stones,good
dff43e55-8241-4b84-ac6e-7b65f8f255f2,ca54e99e-3328-46f3-b765-7cd581f814ba,0f1b1267-ed5a-46ed-864b-ba9024b25bf8,1634556677548,13.4906864,52.4721855,7.040282,3.0944843,-5.8702745,4.7799034,on bike mount,cyclo cross,True,paving stones,good
dff43e55-8241-4b84-ac6e-7b65f8f255f2,ca54e99e-3328-46f3-b765-7cd581f814ba,ab09c425-90dc-4d07-bce1-c8ce9b9e023b,1634556677614,13.4906864,52.4721855,7.040282,6.281765,-13.965074,-2.3526134,on bike mount,cyclo cross,True,paving stones,good
dff43e55-8241-4b84-ac6e-7b65f8f255f2,ca54e99e-3328-46f3-b765-7cd581f814ba,f905f0a2-2032-40de-bb99-6ad0e15b565b,1634556677665,13.4906864,52.4721855,7.040282,-0.38843372,10.845091,2.6173506,on bike mount,cyclo cross,True,paving stones,good
dff43e55-8241-4b84-ac6e-7b65f8f255f2,ca54e99e-3328-46f3-b765-7cd581f814ba,4b911218-c649-42c0-bf1d-84d602424347,1634556677715,13.4906864,52.4721855,7.040282,-3.340715,-3.342091,-8.431373,on bike mount,cyclo cross,True,paving stones,good
dff43e55-8241-4b84-ac6e-7b65f8f255f2,ca54e99e-3328-46f3-b765-7cd581f814ba,c6e4bb71-e11a-4986-be55-a34246fe8952,1634556677781,13.4906864,52.4721855,7.040282,2.286396,1.5156188,-2.954342,on bike mount,cyclo cross,True,paving stones,good
dff43e55-8241-4b84-ac6e-7b65f8f255f2,ca54e99e-3328-46f3-b765-7cd581f814ba,e63c949b-d14c-408e-9047-f64d8f114b46,1634556677832,13.4906864,52.4721855,7.040282,0.29379892,-6.785515,-0.50015163,on bike mount,cyclo cross,True,paving stones,good
dff43e55-8241-4b84-ac6e-7b65f8f255f2,ca54e99e-3328-46f3-b765-7cd581f814ba,2f30f2c4-0447-4ea6-9611-bf4d00b7ace6,1634556677898,13.4906864,52.4721855,7.040282,-0.48732427,-5.6998053,-2.7762556,on bike mount,cyclo cross,True,paving stones,good
dff43e55-8241-4b84-ac6e-7b65f8f255f2,ca54e99e-3328-46f3-b765-7cd581f814ba,1e84841d-a879-4a89-a32c-a39b78a97fc6,1634556677949,13.4906864,52.4721855,7.040282,-0.3651458,-0.34337664,-4.7116923,on bike mount,cyclo cross,True,paving stones,good
dff43e55-8241-4b84-ac6e-7b65f8f255f2,ca54e99e-3328-46f3-b765-7cd581f814ba,672814ab-bafe-4584-96a8-8b0545f7fc6c,1634556678015,13.4906323,52.4722416,7.247897,0.4616086,-1.6834743,-3.517345,on bike mount,cyclo cross,True,paving stones,good
dff43e55-8241-4b84-ac6e-7b65f8f255f2,ca54e99e-3328-46f3-b765-7cd581f814ba,4869c2cf-4fbc-4f82-987f-e61b16e61fee,1634556678082,13.4906323,52.4722416,7.247897,0.29087663,3.7002983,2.1567297,on bike mount,cyclo cross,True,paving stones,good
dff43e55-8241-4b84-ac6e-7b65f8f255f2,ca54e99e-3328-46f3-b765-7cd581f814ba,96e34494-0fe5-41be-a648-196596833e64,1634556678149,13.4906323,52.4722416,7.247897,1.5985613,-3.6639462,3.930561,on bike mount,cyclo cross,True,paving stones,good
dff43e55-8241-4b84-ac6e-7b65f8f255f2,ca54e99e-3328-46f3-b765-7cd581f814ba,6ac587c5-9e6a-4814-97e4-b513a6763431,1634556678216,13.4906323,52.4722416,7.247897,0.6166873,9.111099,5.0376043,on bike mount,cyclo cross,True,paving stones,good
dff43e55-8241-4b84-ac6e-7b65f8f255f2,ca54e99e-3328-46f3-b765-7cd581f814ba,3f908077-9b50-474e-8291-ec03fe80cb1c,1634556678283,13.4906323,52.4722416,7.247897,1.8817314,-6.0544224,4.376856,on bike mount,cyclo cross,True,paving stones,good
dff43e55-8241-4b84-ac6e-7b65f8f255f2,ca54e99e-3328-46f3-b765-7cd581f814ba,d067aae8-e473-4ab0-b9e2-75899ccc15f4,1634556678333,13.4906323,52.4722416,7.247897,-2.5833704,7.1062174,1.701859,on bike mount,cyclo cross,True,paving stones,good
dff43e55-8241-4b84-ac6e-7b65f8f255f2,ca54e99e-3328-46f3-b765-7cd581f814ba,b031bc63-0d50-42da-8be1-036adbf313e6,1634556678383,13.4906323,52.4722416,7.247897,-1.3582083,1.2906795,-1.4281344,on bike mount,cyclo cross,True,paving stones,good
dff43e55-8241-4b84-ac6e-7b65f8f255f2,ca54e99e-3328-46f3-b765-7cd581f814ba,5c950fd1-366c-4ad1-a028-ae6ee1aeb825,1634556678450,13.4906323,52.4722416,7.247897,1.3218687,-0.3612311,-0.60168076,on bike mount,cyclo cross,True,paving stones,good
dff43e55-8241-4b84-ac6e-7b65f8f255f2,ca54e99e-3328-46f3-b765-7cd581f814ba,96b4d66c-5c20-41f4-a31d-e79883b98386,1634556678516,13.4906323,52.4722416,7.247897,3.330071,-1.8709264,0.96008587,on bike mount,cyclo cross,True,paving stones,good
dff43e55-8241-4b84-ac6e-7b65f8f255f2,ca54e99e-3328-46f3-b765-7cd581f814ba,3ca3ba5d-f8d1-48d9-84c5-45fd050e6eb5,1634556678566,13.4906323,52.4722416,7.247897,-0.79770184,-2.993145,0.6534605,on bike mount,cyclo cross,True,paving stones,good
dff43e55-8241-4b84-ac6e-7b65f8f255f2,ca54e99e-3328-46f3-b765-7cd581f814ba,c0abb6bc-b179-4461-884c-7b0a7a9f20f0,1634556678617,13.4906323,52.4722416,7.247897,-1.7524115,-0.7214086,0.28193283,on bike mount,cyclo cross,True,paving stones,good
dff43e55-8241-4b84-ac6e-7b65f8f255f2,ca54e99e-3328-46f3-b765-7cd581f814ba,1f40b80f-2b63-47eb-8ff3-7984cd3a7b90,1634556678683,13.4906323,52.4722416,7.247897,-0.010830096,5.9158163,1.5287352,on bike mount,cyclo cross,True,paving stones,good
dff43e55-8241-4b84-ac6e-7b65f8f255f2,ca54e99e-3328-46f3-b765-7cd581f814ba,d5203d23-903e-4bdb-885e-ba7067a965f1,1634556678734,13.4906323,52.4722416,7.247897,-1.0344222,-2.5649335,1.1243515,on bike mount,cyclo cross,True,paving stones,good
dff43e55-8241-4b84-ac6e-7b65f8f255f2,ca54e99e-3328-46f3-b765-7cd581f814ba,a62862f0-2167-4920-b2de-141e2daa685a,1634556678783,13.4906323,52.4722416,7.247897,-0.34490234,0.8712847,-5.4059505,on bike mount,cyclo cross,True,paving stones,good
dff43e55-8241-4b84-ac6e-7b65f8f255f2,ca54e99e-3328-46f3-b765-7cd581f814ba,3f42ae22-8f87-4e0e-9884-359b571cf8ec,1634556678834,13.4906323,52.4722416,7.247897,0.050666407,-8.143376,-2.9806342,on bike mount,cyclo cross,True,paving stones,good
dff43e55-8241-4b84-ac6e-7b65f8f255f2,ca54e99e-3328-46f3-b765-7cd581f814ba,f9aa1ab7-35f1-4608-8812-f11eb3e581fc,1634556678901,13.4906323,52.4722416,7.247897,1.760566,1.438981,-3.4126334,on bike mount,cyclo cross,True,paving stones,good
dff43e55-8241-4b84-ac6e-7b65f8f255f2,ca54e99e-3328-46f3-b765-7cd581f814ba,c8924606-b251-459c-a907-9d1271eda6b7,1634556678951,13.4906323,52.4722416,7.247897,-0.066060424,-6.8501096,6.5979853,on bike mount,cyclo cross,True,paving stones,good
dff43e55-8241-4b84-ac6e-7b65f8f255f2,ca54e99e-3328-46f3-b765-7cd581f814ba,24afa9a7-27a8-4568-a4c3-aad7e1e525ac,1634556679017,13.4905812,52.4722977,6.9886365,-0.17284198,-1.924037,2.05085,on bike mount,cyclo cross,True,paving stones,good
dff43e55-8241-4b84-ac6e-7b65f8f255f2,ca54e99e-3328-46f3-b765-7cd581f814ba,b22ab519-8955-46f7-b837-8ae0cde23329,1634556679067,13.4905812,52.4722977,6.9886365,-2.2382493,-1.9860215,-1.5346403,on bike mount,cyclo cross,True,paving stones,good
dff43e55-8241-4b84-ac6e-7b65f8f255f2,ca54e99e-3328-46f3-b765-7cd581f814ba,21860ec7-ca8f-4976-bfa2-ae0d79123d2d,1634556679118,13.4905812,52.4722977,6.9886365,0.37325227,0.2959273,-4.978737,on bike mount,cyclo cross,True,paving stones,good
dff43e55-8241-4b84-ac6e-7b65f8f255f2,ca54e99e-3328-46f3-b765-7cd581f814ba,d176f7fe-e275-44a4-a6c9-d90f122c3cbd,1634556679185,13.4905812,52.4722977,6.9886365,-1.1560934,2.2517204,-2.5544357,on bike mount,cyclo cross,True,paving stones,good
dff43e55-8241-4b84-ac6e-7b65f8f255f2,ca54e99e-3328-46f3-b765-7cd581f814ba,6fa739b0-6451-4121-84b7-8795fcbde4a3,1634556679251,13.4905812,52.4722977,6.9886365,0.10699145,-1.5580716,3.3558998,on bike mount,cyclo cross,True,paving stones,good
dff43e55-8241-4b84-ac6e-7b65f8f255f2,ca54e99e-3328-46f3-b765-7cd581f814ba,e90befde-0977-4d8f-9fa3-1f1d543d7744,1634556679302,13.4905812,52.4722977,6.9886365,0.7678218,4.685165,-0.45816994,on bike mount,cyclo cross,True,paving stones,good
dff43e55-8241-4b84-ac6e-7b65f8f255f2,ca54e99e-3328-46f3-b765-7cd581f814ba,732ab099-c202-4911-932b-3ce9765af048,1634556679352,13.4905812,52.4722977,6.9886365,0.5447782,-3.2624469,5.0578146,on bike mount,cyclo cross,True,paving stones,good
dff43e55-8241-4b84-ac6e-7b65f8f255f2,ca54e99e-3328-46f3-b765-7cd581f814ba,80b6cb9d-6848-48d4-9f0d-e596370c4ea3,1634556679402,13.4905812,52.4722977,6.9886365,-0.85704577,-0.13921523,0.19828987,on bike mount,cyclo cross,True,paving stones,good
dff43e55-8241-4b84-ac6e-7b65f8f255f2,ca54e99e-3328-46f3-b765-7cd581f814ba,2b43b3d0-35b6-4622-969f-4db71beace60,1634556679468,13.4905812,52.4722977,6.9886365,2.3734806,4.0262938,3.9049702,on bike mount,cyclo cross,True,paving stones,good
dff43e55-8241-4b84-ac6e-7b65f8f255f2,ca54e99e-3328-46f3-b765-7cd581f814ba,1311db66-e804-43ea-8f23-183b36190e37,1634556679519,13.4905812,52.4722977,6.9886365,1.1206297,-3.0246754,3.6086502,on bike mount,cyclo cross,True,paving stones,good
dff43e55-8241-4b84-ac6e-7b65f8f255f2,ca54e99e-3328-46f3-b765-7cd581f814ba,605f27af-8783-402f-946e-026365d8dfd4,1634556679585,13.4905812,52.4722977,6.9886365,0.50694954,0.9115908,-4.354975,on bike mount,cyclo cross,True,paving stones,good
dff43e55-8241-4b84-ac6e-7b65f8f255f2,ca54e99e-3328-46f3-b765-7cd581f814ba,31e52813-39e7-4fae-ad31-977a23ebf11e,1634556679635,13.4905812,52.4722977,6.9886365,-1.3227988,-1.2210419,3.668705,on bike mount,cyclo cross,True,paving stones,good
dff43e55-8241-4b84-ac6e-7b65f8f255f2,ca54e99e-3328-46f3-b765-7cd581f814ba,d5218cc2-d926-48cd-930a-82dbc2d98ebe,1634556679686,13.4905812,52.4722977,6.9886365,-1.3522799,1.1661673,5.1100225,on bike mount,cyclo cross,True,paving stones,good
dff43e55-8241-4b84-ac6e-7b65f8f255f2,ca54e99e-3328-46f3-b765-7cd581f814ba,1f3e228a-a66f-45cc-a06f-0907e1a69f8d,1634556679752,13.4905812,52.4722977,6.9886365,0.7208644,2.4474664,-1.3182874,on bike mount,cyclo cross,True,paving stones,good
dff43e55-8241-4b84-ac6e-7b65f8f255f2,ca54e99e-3328-46f3-b765-7cd581f814ba,06e99731-cc86-4285-8056-81897d6ba935,1634556679802,13.4905812,52.4722977,6.9886365,0.97962016,-15.21102,1.6339226,on bike mount,cyclo cross,True,paving stones,good
dff43e55-8241-4b84-ac6e-7b65f8f255f2,ca54e99e-3328-46f3-b765-7cd581f814ba,03f003a2-f9f6-4ae9-a6da-d63b0708f245,1634556679853,13.4905812,52.4722977,6.9886365,1.7927427,4.91234,4.7830706,on bike mount,cyclo cross,True,paving stones,good
dff43e55-8241-4b84-ac6e-7b65f8f255f2,ca54e99e-3328-46f3-b765-7cd581f814ba,81f4c205-0488-4912-b234-b72a38eb25bf,1634556679919,13.4905812,52.4722977,6.9886365,4.6458635,-12.407212,2.2055445,on bike mount,cyclo cross,True,paving stones,good
dff43e55-8241-4b84-ac6e-7b65f8f255f2,ca54e99e-3328-46f3-b765-7cd581f814ba,04d881e7-ab9a-4f2d-87a6-4f2e4a93b9e2,1634556679970,13.4905812,52.4722977,6.9886365,-2.161506,11.369098,-8.550594,on bike mount,cyclo cross,True,paving stones,good
dff43e55-8241-4b84-ac6e-7b65f8f255f2,ca54e99e-3328-46f3-b765-7cd581f814ba,1fbd2a93-1cea-4a5f-a446-835a21f41946,1634556680036,13.4905253,52.4723463,6.5010695,-6.9516954,11.685734,0.6380911,on bike mount,cyclo cross,True,paving stones,good
dff43e55-8241-4b84-ac6e-7b65f8f255f2,ca54e99e-3328-46f3-b765-7cd581f814ba,45ee6576-a83f-4e71-870c-8367c22476a9,1634556680103,13.4905253,52.4723463,6.5010695,-0.28536844,-0.31393528,-2.1661243,on bike mount,cyclo cross,True,paving stones,good
dff43e55-8241-4b84-ac6e-7b65f8f255f2,ca54e99e-3328-46f3-b765-7cd581f814ba,594f4320-023b-4ec3-b87d-0c4bbf846c71,1634556680170,13.4905253,52.4723463,6.5010695,-0.8877442,6.3178377,1.0107746,on bike mount,cyclo cross,True,paving stones,good
dff43e55-8241-4b84-ac6e-7b65f8f255f2,ca54e99e-3328-46f3-b765-7cd581f814ba,171ae350-70c6-4547-b8eb-f6b3e6b4e1b3,1634556680237,13.4905253,52.4723463,6.5010695,-0.8827113,-6.4175057,1.7457533,on bike mount,cyclo cross,True,paving stones,good
dff43e55-8241-4b84-ac6e-7b65f8f255f2,ca54e99e-3328-46f3-b765-7cd581f814ba,e9b0fdd3-3818-44c6-b0b6-284cc79883c2,1634556680304,13.4905253,52.4723463,6.5010695,2.2100735,3.891399,-0.6955519,on bike mount,cyclo cross,True,paving stones,good
dff43e55-8241-4b84-ac6e-7b65f8f255f2,ca54e99e-3328-46f3-b765-7cd581f814ba,77f0853a-7dcb-4ba4-abff-13db04a61258,1634556680370,13.4905253,52.4723463,6.5010695,-0.6287571,-1.1797414,-0.70771503,on bike mount,cyclo cross,True,paving stones,good
dff43e55-8241-4b84-ac6e-7b65f8f255f2,ca54e99e-3328-46f3-b765-7cd581f814ba,9845b065-2b7d-46da-9994-2d2bc15412a8,1634556680420,13.4905253,52.4723463,6.5010695,1.2077127,-0.7512584,4.406517,on bike mount,cyclo cross,True,paving stones,good
dff43e55-8241-4b84-ac6e-7b65f8f255f2,ca54e99e-3328-46f3-b765-7cd581f814ba,f060b184-1f4d-4876-a408-88da1cefe70a,1634556680471,13.4905253,52.4723463,6.5010695,0.71429217,3.645039,1.5391054,on bike mount,cyclo cross,True,paving stones,good
dff43e55-8241-4b84-ac6e-7b65f8f255f2,ca54e99e-3328-46f3-b765-7cd581f814ba,38d73d95-f8ab-4659-b227-aec9ead14dfa,1634556680538,13.4905253,52.4723463,6.5010695,-1.512715,-1.6430988,1.3733578,on bike mount,cyclo cross,True,paving stones,good
dff43e55-8241-4b84-ac6e-7b65f8f255f2,ca54e99e-3328-46f3-b765-7cd581f814ba,b8a81964-e796-4cbb-a25e-f6a687f56c91,1634556680588,13.4905253,52.4723463,6.5010695,3.2774305,0.08200288,-7.587502,on bike mount,cyclo cross,True,paving stones,good
dff43e55-8241-4b84-ac6e-7b65f8f255f2,ca54e99e-3328-46f3-b765-7cd581f814ba,6440c4f0-5b6e-4233-bf14-55de73bab59a,1634556680638,13.4905253,52.4723463,6.5010695,-0.5587492,-7.8275986,10.406669,on bike mount,cyclo cross,True,paving stones,good
dff43e55-8241-4b84-ac6e-7b65f8f255f2,ca54e99e-3328-46f3-b765-7cd581f814ba,a3738ce7-2caf-47f2-81ba-6437c524563a,1634556680705,13.4905253,52.4723463,6.5010695,-0.082322516,-5.823463,-4.8639135,on bike mount,cyclo cross,True,paving stones,good
dff43e55-8241-4b84-ac6e-7b65f8f255f2,ca54e99e-3328-46f3-b765-7cd581f814ba,ae4699a9-2bed-498a-b275-85e9d2d48b60,1634556680771,13.4905253,52.4723463,6.5010695,1.2999378,1.9546751,-9.936052,on bike mount,cyclo cross,True,paving stones,good
dff43e55-8241-4b84-ac6e-7b65f8f255f2,ca54e99e-3328-46f3-b765-7cd581f814ba,cc3632fb-7b44-4b18-a53c-136d16f987fb,1634556680821,13.4905253,52.4723463,6.5010695,-0.97158885,1.6375904,-1.3735194,on bike mount,cyclo cross,True,paving stones,good
dff43e55-8241-4b84-ac6e-7b65f8f255f2,ca54e99e-3328-46f3-b765-7cd581f814ba,5b53ff8e-bddc-4df9-9b1e-3e1c3e4fe23b,1634556680872,13.4905253,52.4723463,6.5010695,1.641283,-6.292622,3.0650082,on bike mount,cyclo cross,True,paving stones,good
dff43e55-8241-4b84-ac6e-7b65f8f255f2,ca54e99e-3328-46f3-b765-7cd581f814ba,34d81046-65ef-4f50-bf79-80665cab23fd,1634556680939,13.4905253,52.4723463,6.5010695,0.113881245,11.467894,2.6366005,on bike mount,cyclo cross,True,paving stones,good
dff43e55-8241-4b84-ac6e-7b65f8f255f2,ca54e99e-3328-46f3-b765-7cd581f814ba,bcf1ad5d-4499-4514-a9b9-99b8a347d0ab,1634556680988,13.4904752,52.4723921,6.468028,0.53869426,10.124496,0.6613169,on bike mount,cyclo cross,True,paving stones,good
dff43e55-8241-4b84-ac6e-7b65f8f255f2,ca54e99e-3328-46f3-b765-7cd581f814ba,65d552f2-12c9-4482-8b78-1c087ac2107b,1634556681038,13.4904752,52.4723921,6.468028,-2.2158837,-4.213823,0.15069962,on bike mount,cyclo cross,True,paving stones,good
dff43e55-8241-4b84-ac6e-7b65f8f255f2,ca54e99e-3328-46f3-b765-7cd581f814ba,48b3b8d2-e500-4de2-bbb4-f3c3b8236f29,1634556681089,13.4904752,52.4723921,6.468028,1.1151583,-8.790592,3.9259748,on bike mount,cyclo cross,True,paving stones,good
dff43e55-8241-4b84-ac6e-7b65f8f255f2,ca54e99e-3328-46f3-b765-7cd581f814ba,a9e8b52b-8184-4dc9-a064-f9d14062e21c,1634556681156,13.4904752,52.4723921,6.468028,-0.6902609,-3.1090577,12.06756,on bike mount,cyclo cross,True,paving stones,good
dff43e55-8241-4b84-ac6e-7b65f8f255f2,ca54e99e-3328-46f3-b765-7cd581f814ba,8c9cd02c-a6be-4a2b-adca-9e7a57d408af,1634556681222,13.4904752,52.4723921,6.468028,1.5949087,0.018758297,-2.2274814,on bike mount,cyclo cross,True,paving stones,good
dff43e55-8241-4b84-ac6e-7b65f8f255f2,ca54e99e-3328-46f3-b765-7cd581f814ba,7656cb71-3060-4f0a-9307-d1a1d4f2eb75,1634556681272,13.4904752,52.4723921,6.468028,0.90413344,-7.7909775,1.5118656,on bike mount,cyclo cross,True,paving stones,good
dff43e55-8241-4b84-ac6e-7b65f8f255f2,ca54e99e-3328-46f3-b765-7cd581f814ba,06b75238-c350-430f-bdd3-37a22f8bd8a6,1634556681323,13.4904752,52.4723921,6.468028,-1.5119208,-2.9157193,2.1831017,on bike mount,cyclo cross,True,paving stones,good
dff43e55-8241-4b84-ac6e-7b65f8f255f2,ca54e99e-3328-46f3-b765-7cd581f814ba,b2ec5fb9-e728-4ccc-8dcb-70087129b5e0,1634556681373,13.4904752,52.4723921,6.468028,-0.91112673,3.6413946,0.018605232,on bike mount,cyclo cross,True,paving stones,good
dff43e55-8241-4b84-ac6e-7b65f8f255f2,ca54e99e-3328-46f3-b765-7cd581f814ba,86946181-950e-4419-91b6-644ddc37f4ff,1634556681439,13.4904752,52.4723921,6.468028,1.4175774,-6.7052164,0.32994366,on bike mount,cyclo cross,True,paving stones,good
dff43e55-8241-4b84-ac6e-7b65f8f255f2,ca54e99e-3328-46f3-b765-7cd581f814ba,ecff7b06-74c1-446f-84e7-d57fbb9a1156,1634556681490,13.4904752,52.4723921,6.468028,0.77501005,2.6977549,2.5107594,on bike mount,cyclo cross,True,paving stones,good
dff43e55-8241-4b84-ac6e-7b65f8f255f2,ca54e99e-3328-46f3-b765-7cd581f814ba,e9cd50ea-640b-4ccc-9f8c-505e84a925e4,1634556681540,13.4904752,52.4723921,6.468028,2.0314915,-14.014034,6.5489635,on bike mount,cyclo cross,True,paving stones,good
dff43e55-8241-4b84-ac6e-7b65f8f255f2,ca54e99e-3328-46f3-b765-7cd581f814ba,c6cd3d97-2b4f-4888-8a6a-204158bf61d7,1634556681607,13.4904752,52.4723921,6.468028,-0.31013787,-3.3745499,-1.5539799,on bike mount,cyclo cross,True,paving stones,good
dff43e55-8241-4b84-ac6e-7b65f8f255f2,ca54e99e-3328-46f3-b765-7cd581f814ba,6b5e74b7-fcef-46d6-8149-8affa3684a20,1634556681673,13.4904752,52.4723921,6.468028,2.7624018,-6.0268135,0.72558784,on bike mount,cyclo cross,True,paving stones,good
dff43e55-8241-4b84-ac6e-7b65f8f255f2,ca54e99e-3328-46f3-b765-7cd581f814ba,6af4f6d8-d387-4e6c-844b-d3685cbcd69e,1634556681724,13.4904752,52.4723921,6.468028,-1.0788871,4.148485,4.1637716,on bike mount,cyclo cross,True,paving stones,good
dff43e55-8241-4b84-ac6e-7b65f8f255f2,ca54e99e-3328-46f3-b765-7cd581f814ba,41adceca-0e1c-41bb-bc15-f76290c9d41e,1634556681774,13.4904752,52.4723921,6.468028,0.34676543,-6.084343,-3.0459647,on bike mount,cyclo cross,True,paving stones,good
dff43e55-8241-4b84-ac6e-7b65f8f255f2,ca54e99e-3328-46f3-b765-7cd581f814ba,44d86677-55b0-4583-94c1-21e5ee05142d,1634556681841,13.4904752,52.4723921,6.468028,-1.4442973,4.44885,0.033638954,on bike mount,cyclo cross,True,paving stones,good
dff43e55-8241-4b84-ac6e-7b65f8f255f2,ca54e99e-3328-46f3-b765-7cd581f814ba,e01672d0-0a5b-44bf-b251-6a2348356b0c,1634556681891,13.4904752,52.4723921,6.468028,-1.6314114,-4.192129,1.8142138,on bike mount,cyclo cross,True,paving stones,good
dff43e55-8241-4b84-ac6e-7b65f8f255f2,ca54e99e-3328-46f3-b765-7cd581f814ba,363a7847-173d-4c5e-a1c8-7c2e4449b522,1634556681941,13.4904752,52.4723921,6.468028,-1.4126756,5.592272,1.1138744,on bike mount,cyclo cross,True,paving stones,good
dff43e55-8241-4b84-ac6e-7b65f8f255f2,ca54e99e-3328-46f3-b765-7cd581f814ba,dbb524c9-ac19-4337-9ce4-c34ef4ae84f4,1634556682007,13.4904367,52.4724484,7.080401,0.3440197,-0.1455028,0.73071384,on bike mount,cyclo cross,True,paving stones,good
dff43e55-8241-4b84-ac6e-7b65f8f255f2,ca54e99e-3328-46f3-b765-7cd581f814ba,f36840f0-496c-4e87-a365-94dc21a35e4f,1634556682057,13.4904367,52.4724484,7.080401,0.032830164,-3.942856,5.646161,on bike mount,cyclo cross,True,paving stones,good
dff43e55-8241-4b84-ac6e-7b65f8f255f2,ca54e99e-3328-46f3-b765-7cd581f814ba,6cddb716-764c-4770-a085-76424909fba4,1634556682123,13.4904367,52.4724484,7.080401,-1.2643626,0.9918964,0.25130272,on bike mount,cyclo cross,True,paving stones,good
dff43e55-8241-4b84-ac6e-7b65f8f255f2,ca54e99e-3328-46f3-b765-7cd581f814ba,4cb6442d-d6fa-4a7b-a955-04220ec217b6,1634556682174,13.4904367,52.4724484,7.080401,-0.9085624,-4.4736395,2.3762693,on bike mount,cyclo cross,True,paving stones,good
dff43e55-8241-4b84-ac6e-7b65f8f255f2,ca54e99e-3328-46f3-b765-7cd581f814ba,76e3ab5e-1a67-49a2-a548-4ce5f86e15ac,1634556682241,13.4904367,52.4724484,7.080401,0.94509524,3.9357476,-3.774427,on bike mount,cyclo cross,True,paving stones,good
dff43e55-8241-4b84-ac6e-7b65f8f255f2,ca54e99e-3328-46f3-b765-7cd581f814ba,febe1993-8e4d-4542-9482-1341a2b4e270,1634556682292,13.4904367,52.4724484,7.080401,0.65291786,2.874508,1.1316967,on bike mount,cyclo cross,True,paving stones,good
dff43e55-8241-4b84-ac6e-7b65f8f255f2,ca54e99e-3328-46f3-b765-7cd581f814ba,d354fbf7-20a7-4c06-9858-949c26a08dfa,1634556682342,13.4904367,52.4724484,7.080401,-0.91539806,0.19446182,0.34770775,on bike mount,cyclo cross,True,paving stones,good
dff43e55-8241-4b84-ac6e-7b65f8f255f2,ca54e99e-3328-46f3-b765-7cd581f814ba,4c80b750-b3eb-428d-8574-39f78c47a9d8,1634556682392,13.4904367,52.4724484,7.080401,-1.5754992,-3.876586,2.7935162,on bike mount,cyclo cross,True,paving stones,good
dff43e55-8241-4b84-ac6e-7b65f8f255f2,ca54e99e-3328-46f3-b765-7cd581f814ba,0e2690ba-8ea7-45c1-9008-d1b7b2f5395d,1634556682442,13.4904367,52.4724484,7.080401,2.1563854,0.65700245,-8.992449,on bike mount,cyclo cross,True,paving stones,good
dff43e55-8241-4b84-ac6e-7b65f8f255f2,ca54e99e-3328-46f3-b765-7cd581f814ba,29276849-5f04-4f76-8ba4-92b4fc7df66a,1634556682508,13.4904367,52.4724484,7.080401,0.8062359,-2.098051,-4.279529,on bike mount,cyclo cross,True,paving stones,good
dff43e55-8241-4b84-ac6e-7b65f8f255f2,ca54e99e-3328-46f3-b765-7cd581f814ba,7d6c04d2-4fec-426c-b7c2-9056a71456a7,1634556682559,13.4904367,52.4724484,7.080401,-1.2714742,-3.2128196,5.6143017,on bike mount,cyclo cross,True,paving stones,good
dff43e55-8241-4b84-ac6e-7b65f8f255f2,ca54e99e-3328-46f3-b765-7cd581f814ba,bce9ac49-3042-4d9f-a6b7-8bb914cdf3db,1634556682609,13.4904367,52.4724484,7.080401,0.060549207,6.6781764,-11.971162,on bike mount,cyclo cross,True,paving stones,good
dff43e55-8241-4b84-ac6e-7b65f8f255f2,ca54e99e-3328-46f3-b765-7cd581f814ba,8cc1232b-10a2-4f54-a761-893eff9d00ca,1634556682676,13.4904367,52.4724484,7.080401,-0.99194103,15.316459,1.3369293,on bike mount,cyclo cross,True,paving stones,good
dff43e55-8241-4b84-ac6e-7b65f8f255f2,ca54e99e-3328-46f3-b765-7cd581f814ba,13d6f0f9-19aa-4189-aa10-b7bbeb66ce97,1634556682742,13.4904367,52.4724484,7.080401,0.7363235,-1.1527778,-5.1721725,on bike mount,cyclo cross,True,paving stones,good
dff43e55-8241-4b84-ac6e-7b65f8f255f2,ca54e99e-3328-46f3-b765-7cd581f814ba,2a81d7ba-6d69-43d4-b835-0eab32605a81,1634556682793,13.4904367,52.4724484,7.080401,2.5576754,1.8197296,-0.15763092,on bike mount,cyclo cross,True,paving stones,good
dff43e55-8241-4b84-ac6e-7b65f8f255f2,ca54e99e-3328-46f3-b765-7cd581f814ba,15696056-4948-4a04-a896-c4556c35c8c3,1634556682843,13.4904367,52.4724484,7.080401,-0.5679592,-0.6781957,1.6589994,on bike mount,cyclo cross,True,paving stones,good
dff43e55-8241-4b84-ac6e-7b65f8f255f2,ca54e99e-3328-46f3-b765-7cd581f814ba,b5265679-21e7-4910-9572-16d1940fe8c7,1634556682893,13.4904367,52.4724484,7.080401,1.0982306,-3.3832893,0.9153118,on bike mount,cyclo cross,True,paving stones,good
dff43e55-8241-4b84-ac6e-7b65f8f255f2,ca54e99e-3328-46f3-b765-7cd581f814ba,e1403ea2-9b78-47bc-a3eb-bb138d926e12,1634556682961,13.4904367,52.4724484,7.080401,0.7174959,6.6375513,-1.21766,on bike mount,cyclo cross,True,paving stones,good
dff43e55-8241-4b84-ac6e-7b65f8f255f2,ca54e99e-3328-46f3-b765-7cd581f814ba,f8cf2ef4-96a1-4a42-91f1-cf6e1cd14428,1634556683026,13.4903867,52.4725053,6.7334166,0.67540574,5.6835914,0.47520828,on bike mount,cyclo cross,True,paving stones,good
dff43e55-8241-4b84-ac6e-7b65f8f255f2,ca54e99e-3328-46f3-b765-7cd581f814ba,aea56e5b-3ffb-49e0-93ab-b4498a87c8fd,1634556683076,13.4903867,52.4725053,6.7334166,-1.0884013,-3.9341426,4.44022,on bike mount,cyclo cross,True,paving stones,good
dff43e55-8241-4b84-ac6e-7b65f8f255f2,ca54e99e-3328-46f3-b765-7cd581f814ba,9a210423-3d44-480e-b3e2-a98b314b52df,1634556683127,13.4903867,52.4725053,6.7334166,1.0492138,4.08549,1.247405,on bike mount,cyclo cross,True,paving stones,good
dff43e55-8241-4b84-ac6e-7b65f8f255f2,ca54e99e-3328-46f3-b765-7cd581f814ba,6c54bd5c-bf98-486f-8557-cec71cb07980,1634556683193,13.4903867,52.4725053,6.7334166,0.7650826,3.2763405,1.1211166,on bike mount,cyclo cross,True,paving stones,good
dff43e55-8241-4b84-ac6e-7b65f8f255f2,ca54e99e-3328-46f3-b765-7cd581f814ba,12a51a89-41cc-434e-8cd7-e38947bcea30,1634556683243,13.4903867,52.4725053,6.7334166,1.1480478,3.3073907,3.4356833,on bike mount,cyclo cross,True,paving stones,good
