bike_activity_uid,bike_activity_sample_uid,bike_activity_measurement,bike_activity_measurement_timestamp,bike_activity_measurement_lon,bike_activity_measurement_lat,bike_activity_measurement_speed,bike_activity_measurement_accelerometer_x,bike_activity_measurement_accelerometer_y,bike_activity_measurement_accelerometer_z,bike_activity_phone_position,bike_activity_bike_type,bike_activity_flagged_lab_conditions,bike_activity_surface_type,bike_activity_smoothness_type
eaeae29f-50c4-4e19-bf20-ebbe471ffbd9,8d1d2c46-64f8-4f5e-ac36-cfa6108cf076,d905b039-e904-4106-ac21-51b22634674a,1633167218072,14.2279512,52.3059263,4.379819,-1.5865018,-3.1744287,5.616358,on bike mount,cyclo cross,False,asphalt,excellent
eaeae29f-50c4-4e19-bf20-ebbe471ffbd9,8d1d2c46-64f8-4f5e-ac36-cfa6108cf076,f7fd5ea8-4db5-4f88-bd94-afd3516f2d73,1633167218122,14.2279512,52.3059263,4.379819,-0.26908416,4.1268864,1.1586733,on bike mount,cyclo cross,False,asphalt,excellent
eaeae29f-50c4-4e19-bf20-ebbe471ffbd9,8d1d2c46-64f8-4f5e-ac36-cfa6108cf076,49c29b32-db2b-4a28-b055-0bd368d838cd,1633167218173,14.2279787,52.3059188,4.2297015,1.3532529,0.9416568,-6.4864254,on bike mount,cyclo cross,False,asphalt,excellent
eaeae29f-50c4-4e19-bf20-ebbe471ffbd9,8d1d2c46-64f8-4f5e-ac36-cfa6108cf076,ecc3b631-2b16-47e9-b520-6c1ae399070b,1633167218240,14.2279787,52.3059188,4.2297015,0.64228755,-1.6647005,-1.3131251,on bike mount,cyclo cross,False,asphalt,excellent
eaeae29f-50c4-4e19-bf20-ebbe471ffbd9,8d1d2c46-64f8-4f5e-ac36-cfa6108cf076,50aab145-036c-4130-9e52-8c4123c4882b,1633167218308,14.2279787,52.3059188,4.2297015,-1.0015829,0.37222624,-1.6685019,on bike mount,cyclo cross,False,asphalt,excellent
eaeae29f-50c4-4e19-bf20-ebbe471ffbd9,8d1d2c46-64f8-4f5e-ac36-cfa6108cf076,83aa97a7-fbe5-4fb4-82b5-e6c2fecc0438,1633167218357,14.2279787,52.3059188,4.2297015,-2.8623579,2.4196563,-1.9924607,on bike mount,cyclo cross,False,asphalt,excellent
eaeae29f-50c4-4e19-bf20-ebbe471ffbd9,8d1d2c46-64f8-4f5e-ac36-cfa6108cf076,d23ab3e8-9c90-4dc3-8eb7-7ab53ca24913,1633167218423,14.2279787,52.3059188,4.2297015,0.7602402,-2.6629298,-0.7834587,on bike mount,cyclo cross,False,asphalt,excellent
eaeae29f-50c4-4e19-bf20-ebbe471ffbd9,8d1d2c46-64f8-4f5e-ac36-cfa6108cf076,8ecc8cf0-ae76-41e6-acb9-037e8232be9b,1633167218502,14.2279787,52.3059188,4.2297015,-0.9764568,-0.6713352,-0.89664936,on bike mount,cyclo cross,False,asphalt,excellent
eaeae29f-50c4-4e19-bf20-ebbe471ffbd9,8d1d2c46-64f8-4f5e-ac36-cfa6108cf076,96d2681d-1dff-44a3-9e16-896605b033d4,1633167218556,14.2279787,52.3059188,4.2297015,-0.35874406,-0.82561016,-3.6436641,on bike mount,cyclo cross,False,asphalt,excellent
eaeae29f-50c4-4e19-bf20-ebbe471ffbd9,8d1d2c46-64f8-4f5e-ac36-cfa6108cf076,4620ac76-8718-4377-81df-2d5843548b35,1633167218606,14.2279787,52.3059188,4.2297015,0.6841195,1.7073693,-0.6446991,on bike mount,cyclo cross,False,asphalt,excellent
eaeae29f-50c4-4e19-bf20-ebbe471ffbd9,8d1d2c46-64f8-4f5e-ac36-cfa6108cf076,b7d68d9d-123a-43c8-bfb5-2567e547f864,1633167218662,14.2279787,52.3059188,4.2297015,0.9680582,-0.7630975,2.3917866,on bike mount,cyclo cross,False,asphalt,excellent
eaeae29f-50c4-4e19-bf20-ebbe471ffbd9,8d1d2c46-64f8-4f5e-ac36-cfa6108cf076,ff33c372-ea8b-4d58-a14a-ab61c9a31dc6,1633167218722,14.2279787,52.3059188,4.2297015,0.47362852,-0.8502147,-2.1463046,on bike mount,cyclo cross,False,asphalt,excellent
eaeae29f-50c4-4e19-bf20-ebbe471ffbd9,8d1d2c46-64f8-4f5e-ac36-cfa6108cf076,0144e6ae-5019-4d0d-b77c-14a2d159e1ad,1633167218772,14.2279787,52.3059188,4.2297015,-0.04741949,0.09429455,-0.03222847,on bike mount,cyclo cross,False,asphalt,excellent
eaeae29f-50c4-4e19-bf20-ebbe471ffbd9,8d1d2c46-64f8-4f5e-ac36-cfa6108cf076,94d91a27-c62b-433f-8014-94cf385c1d64,1633167218823,14.2279787,52.3059188,4.2297015,-0.8690034,1.4877753,0.29727745,on bike mount,cyclo cross,False,asphalt,excellent
eaeae29f-50c4-4e19-bf20-ebbe471ffbd9,8d1d2c46-64f8-4f5e-ac36-cfa6108cf076,4594c8e3-cc5e-4942-8fb1-eca186bc56bc,1633167218873,14.2279787,52.3059188,4.2297015,-3.4554276,3.9155102,7.146533,on bike mount,cyclo cross,False,asphalt,excellent
eaeae29f-50c4-4e19-bf20-ebbe471ffbd9,8d1d2c46-64f8-4f5e-ac36-cfa6108cf076,af8f2610-4437-43e3-af43-776261864161,1633167218923,14.2279787,52.3059188,4.2297015,-1.7758235,2.4317002,-1.5045862,on bike mount,cyclo cross,False,asphalt,excellent
eaeae29f-50c4-4e19-bf20-ebbe471ffbd9,8d1d2c46-64f8-4f5e-ac36-cfa6108cf076,7e630889-cdee-4ff1-9e12-1f76ad31a868,1633167218973,14.2279787,52.3059188,4.2297015,1.8108735,-2.3003788,3.8001242,on bike mount,cyclo cross,False,asphalt,excellent
eaeae29f-50c4-4e19-bf20-ebbe471ffbd9,8d1d2c46-64f8-4f5e-ac36-cfa6108cf076,07de0360-0350-42d3-b2c4-55e5caba5ec8,1633167219023,14.2279787,52.3059188,4.2297015,0.42869204,0.8891897,0.8753004,on bike mount,cyclo cross,False,asphalt,excellent
eaeae29f-50c4-4e19-bf20-ebbe471ffbd9,8d1d2c46-64f8-4f5e-ac36-cfa6108cf076,5027e8ab-d0ad-4d17-ba6c-eae0d76e720c,1633167219073,14.2279787,52.3059188,4.2297015,-0.44207805,-7.8046746,1.7684841,on bike mount,cyclo cross,False,asphalt,excellent
eaeae29f-50c4-4e19-bf20-ebbe471ffbd9,8d1d2c46-64f8-4f5e-ac36-cfa6108cf076,7d009f1e-9da0-44e8-acde-5fee827b44a3,1633167219123,14.2279787,52.3059188,4.2297015,0.66278756,-3.706945,-2.353176,on bike mount,cyclo cross,False,asphalt,excellent
eaeae29f-50c4-4e19-bf20-ebbe471ffbd9,4cdb65b8-41e1-4b11-bbc2-8cc68994ce21,ec4dd5e6-6dc7-4fe1-8683-49040f4fa60b,1633167217504,14.227916,52.3059493,4.4685206,-0.18172437,-1.8592366,0.42886734,on bike mount,cyclo cross,False,asphalt,excellent
eaeae29f-50c4-4e19-bf20-ebbe471ffbd9,4cdb65b8-41e1-4b11-bbc2-8cc68994ce21,1626e6f4-3a42-484c-8439-5f3bd159fc73,1633167217554,14.227916,52.3059493,4.4685206,-0.08897734,2.8757586,-0.10710907,on bike mount,cyclo cross,False,asphalt,excellent
eaeae29f-50c4-4e19-bf20-ebbe471ffbd9,4cdb65b8-41e1-4b11-bbc2-8cc68994ce21,610f39eb-bb3a-407c-8854-2fe65c3dc87d,1633167217604,14.227916,52.3059493,4.4685206,-0.30544782,0.22901034,1.022809,on bike mount,cyclo cross,False,asphalt,excellent
eaeae29f-50c4-4e19-bf20-ebbe471ffbd9,4cdb65b8-41e1-4b11-bbc2-8cc68994ce21,05f21a25-4f4d-4bf8-b084-2da660536280,1633167217658,14.2279512,52.3059263,4.379819,-2.4191484,1.1131277,-0.9959369,on bike mount,cyclo cross,False,asphalt,excellent
eaeae29f-50c4-4e19-bf20-ebbe471ffbd9,4cdb65b8-41e1-4b11-bbc2-8cc68994ce21,c4b47988-913c-4dae-b850-f2a8a10080f3,1633167217720,14.2279512,52.3059263,4.379819,0.035925746,-0.44928575,0.29960155,on bike mount,cyclo cross,False,asphalt,excellent
eaeae29f-50c4-4e19-bf20-ebbe471ffbd9,4cdb65b8-41e1-4b11-bbc2-8cc68994ce21,138032f3-f7d1-4824-a5ed-541469b1682e,1633167217772,14.2279512,52.3059263,4.379819,-0.77018094,1.8781805,0.37910652,on bike mount,cyclo cross,False,asphalt,excellent
eaeae29f-50c4-4e19-bf20-ebbe471ffbd9,4cdb65b8-41e1-4b11-bbc2-8cc68994ce21,82516e7a-d008-4908-932a-e077a4d5561b,1633167217822,14.2279512,52.3059263,4.379819,1.9201589,-0.89624906,-1.1114826,on bike mount,cyclo cross,False,asphalt,excellent
eaeae29f-50c4-4e19-bf20-ebbe471ffbd9,4cdb65b8-41e1-4b11-bbc2-8cc68994ce21,d65c96b4-56c0-49c7-9aa4-585fe45ec07c,1633167217888,14.2279512,52.3059263,4.379819,0.891176,-0.6015637,1.0480785,on bike mount,cyclo cross,False,asphalt,excellent
eaeae29f-50c4-4e19-bf20-ebbe471ffbd9,4cdb65b8-41e1-4b11-bbc2-8cc68994ce21,68999989-413b-4640-8e97-3db9b829a5c5,1633167217939,14.2279512,52.3059263,4.379819,2.6568954,2.9814558,3.6938572,on bike mount,cyclo cross,False,asphalt,excellent
eaeae29f-50c4-4e19-bf20-ebbe471ffbd9,4cdb65b8-41e1-4b11-bbc2-8cc68994ce21,b7d84c38-75d0-4636-ac1c-ccf569b7495e,1633167218005,14.2279512,52.3059263,4.379819,-0.5665742,1.4244909,3.099204,on bike mount,cyclo cross,False,asphalt,excellent
eaeae29f-50c4-4e19-bf20-ebbe471ffbd9,4cdb65b8-41e1-4b11-bbc2-8cc68994ce21,6cae3ac9-80c3-49c2-a745-958df1543541,1633167218056,14.2279512,52.3059263,4.379819,1.6597186,-3.205709,1.9804821,on bike mount,cyclo cross,False,asphalt,excellent
eaeae29f-50c4-4e19-bf20-ebbe471ffbd9,4cdb65b8-41e1-4b11-bbc2-8cc68994ce21,94f952d4-556f-44a2-9ded-cb9e20af3533,1633167218122,14.2279512,52.3059263,4.379819,-0.26908416,4.1268864,1.1586733,on bike mount,cyclo cross,False,asphalt,excellent
eaeae29f-50c4-4e19-bf20-ebbe471ffbd9,4cdb65b8-41e1-4b11-bbc2-8cc68994ce21,362d6292-1c5e-4292-b0a2-5db1bad891e1,1633167218173,14.2279787,52.3059188,4.2297015,1.3532529,0.9416568,-6.4864254,on bike mount,cyclo cross,False,asphalt,excellent
eaeae29f-50c4-4e19-bf20-ebbe471ffbd9,4cdb65b8-41e1-4b11-bbc2-8cc68994ce21,92a2e97c-000f-45a3-85b1-b0f6b0c618dc,1633167218239,14.2279787,52.3059188,4.2297015,0.64228755,-1.6647005,-1.3131251,on bike mount,cyclo cross,False,asphalt,excellent
eaeae29f-50c4-4e19-bf20-ebbe471ffbd9,4cdb65b8-41e1-4b11-bbc2-8cc68994ce21,352b5813-471c-41e7-892e-5e6a19193820,1633167218289,14.2279787,52.3059188,4.2297015,0.23533489,-1.9901385,-1.5302215,on bike mount,cyclo cross,False,asphalt,excellent
eaeae29f-50c4-4e19-bf20-ebbe471ffbd9,4cdb65b8-41e1-4b11-bbc2-8cc68994ce21,fe9bb32c-914d-4a5e-bada-802d8c18d3d2,1633167218339,14.2279787,52.3059188,4.2297015,0.13889095,-3.6624966,1.0079536,on bike mount,cyclo cross,False,asphalt,excellent
eaeae29f-50c4-4e19-bf20-ebbe471ffbd9,4cdb65b8-41e1-4b11-bbc2-8cc68994ce21,2f6d27f8-b8cb-4433-a090-913294c5476d,1633167218390,14.2279787,52.3059188,4.2297015,-0.043881536,0.19891691,3.6213913,on bike mount,cyclo cross,False,asphalt,excellent
eaeae29f-50c4-4e19-bf20-ebbe471ffbd9,4cdb65b8-41e1-4b11-bbc2-8cc68994ce21,6ea1fe23-2597-4e66-9fb8-06cccd606175,1633167218459,14.2279787,52.3059188,4.2297015,0.9329365,-2.1107996,1.1853247,on bike mount,cyclo cross,False,asphalt,excellent
eaeae29f-50c4-4e19-bf20-ebbe471ffbd9,4cdb65b8-41e1-4b11-bbc2-8cc68994ce21,ea69fa6f-5a89-46d4-b6ac-8d9b4f7944e8,1633167218522,14.2279787,52.3059188,4.2297015,-0.270295,0.013178349,1.1565466,on bike mount,cyclo cross,False,asphalt,excellent
eaeae29f-50c4-4e19-bf20-ebbe471ffbd9,4cdb65b8-41e1-4b11-bbc2-8cc68994ce21,edc83c43-df76-4ed0-964c-4c70b3207439,1633167218572,14.2279787,52.3059188,4.2297015,-0.60615075,-1.0161576,-0.9198165,on bike mount,cyclo cross,False,asphalt,excellent
eaeae29f-50c4-4e19-bf20-ebbe471ffbd9,4cdb65b8-41e1-4b11-bbc2-8cc68994ce21,b200f5f8-e785-447a-8eed-fd321f81ed4e,1633167218623,14.2279787,52.3059188,4.2297015,1.0912445,-0.33198524,2.8999376,on bike mount,cyclo cross,False,asphalt,excellent
eaeae29f-50c4-4e19-bf20-ebbe471ffbd9,4cdb65b8-41e1-4b11-bbc2-8cc68994ce21,a0a7ab62-e310-4aa7-b3d1-7cec898819b8,1633167218676,14.2279787,52.3059188,4.2297015,0.027855799,0.8556795,0.46022415,on bike mount,cyclo cross,False,asphalt,excellent
eaeae29f-50c4-4e19-bf20-ebbe471ffbd9,4cdb65b8-41e1-4b11-bbc2-8cc68994ce21,de4b829e-d428-47eb-8e99-610d926e4363,1633167218740,14.2279787,52.3059188,4.2297015,0.119597256,-0.41171288,2.0740213,on bike mount,cyclo cross,False,asphalt,excellent
eaeae29f-50c4-4e19-bf20-ebbe471ffbd9,4cdb65b8-41e1-4b11-bbc2-8cc68994ce21,92b8d77a-8097-49e7-8166-c6c3fdb188ae,1633167218790,14.2279787,52.3059188,4.2297015,-0.827685,0.2973771,-3.5841851,on bike mount,cyclo cross,False,asphalt,excellent
eaeae29f-50c4-4e19-bf20-ebbe471ffbd9,4cdb65b8-41e1-4b11-bbc2-8cc68994ce21,6c29c107-0c43-4508-88ef-70ad0c106097,1633167218840,14.2279787,52.3059188,4.2297015,-1.076225,0.408504,1.2592583,on bike mount,cyclo cross,False,asphalt,excellent
eaeae29f-50c4-4e19-bf20-ebbe471ffbd9,4cdb65b8-41e1-4b11-bbc2-8cc68994ce21,4789a32e-85b5-49b0-8db4-54d68828cc8c,1633167218890,14.2279787,52.3059188,4.2297015,4.6196346,-0.55432916,2.757656,on bike mount,cyclo cross,False,asphalt,excellent
eaeae29f-50c4-4e19-bf20-ebbe471ffbd9,4cdb65b8-41e1-4b11-bbc2-8cc68994ce21,d6958b68-bd3f-46cb-879e-1c6d30edf0fd,1633167218940,14.2279787,52.3059188,4.2297015,0.33803535,-3.1087675,-0.30618668,on bike mount,cyclo cross,False,asphalt,excellent
eaeae29f-50c4-4e19-bf20-ebbe471ffbd9,4cdb65b8-41e1-4b11-bbc2-8cc68994ce21,b2374dc9-5ade-41f4-8f75-5c02c9440e79,1633167218990,14.2279787,52.3059188,4.2297015,-0.2204245,4.022762,-0.69325304,on bike mount,cyclo cross,False,asphalt,excellent
eaeae29f-50c4-4e19-bf20-ebbe471ffbd9,4cdb65b8-41e1-4b11-bbc2-8cc68994ce21,c9a1e7ae-ee7b-486b-974c-a5e450f2c80b,1633167219040,14.2279787,52.3059188,4.2297015,0.75621945,0.579628,4.0029554,on bike mount,cyclo cross,False,asphalt,excellent
eaeae29f-50c4-4e19-bf20-ebbe471ffbd9,4cdb65b8-41e1-4b11-bbc2-8cc68994ce21,52839e69-837d-4c33-9a88-1aae888db4bc,1633167219090,14.2279787,52.3059188,4.2297015,1.6263771,5.446207,6.0101185,on bike mount,cyclo cross,False,asphalt,excellent
eaeae29f-50c4-4e19-bf20-ebbe471ffbd9,4cdb65b8-41e1-4b11-bbc2-8cc68994ce21,1f8f36eb-c0ff-4dc5-bfb3-c8105ca50e24,1633167219141,14.2279787,52.3059188,4.2297015,-0.42474645,1.6554332,-1.9610949,on bike mount,cyclo cross,False,asphalt,excellent
eaeae29f-50c4-4e19-bf20-ebbe471ffbd9,4cdb65b8-41e1-4b11-bbc2-8cc68994ce21,436ab4df-ed72-474c-ab56-50e53d637094,1633167219191,14.2279787,52.3059188,4.2297015,0.7331491,3.9552975,-2.2932758,on bike mount,cyclo cross,False,asphalt,excellent
eaeae29f-50c4-4e19-bf20-ebbe471ffbd9,4cdb65b8-41e1-4b11-bbc2-8cc68994ce21,a55a4cc5-57e2-4e25-8295-3fc653bc64cb,1633167219242,14.228031,52.3059054,4.0294857,0.015957754,-1.0306299,2.5689354,on bike mount,cyclo cross,False,asphalt,excellent
eaeae29f-50c4-4e19-bf20-ebbe471ffbd9,4cdb65b8-41e1-4b11-bbc2-8cc68994ce21,d0e6683e-53fe-459b-9016-3ea526235550,1633167219308,14.228031,52.3059054,4.0294857,0.27031165,-1.0322967,-1.8865242,on bike mount,cyclo cross,False,asphalt,excellent
eaeae29f-50c4-4e19-bf20-ebbe471ffbd9,4cdb65b8-41e1-4b11-bbc2-8cc68994ce21,04199729-767c-4b14-8d2b-89f433750ae1,1633167219359,14.228031,52.3059054,4.0294857,0.07777687,-1.7422507,0.28955936,on bike mount,cyclo cross,False,asphalt,excellent
eaeae29f-50c4-4e19-bf20-ebbe471ffbd9,4cdb65b8-41e1-4b11-bbc2-8cc68994ce21,a99c8dae-4acb-45b7-a423-bd68f722066b,1633167219409,14.228031,52.3059054,4.0294857,0.55222833,-3.1013103,-0.7700834,on bike mount,cyclo cross,False,asphalt,excellent
eaeae29f-50c4-4e19-bf20-ebbe471ffbd9,4cdb65b8-41e1-4b11-bbc2-8cc68994ce21,b023e247-42a6-4c52-83ff-487b7dcaae54,1633167219476,14.228031,52.3059054,4.0294857,-2.775402,0.45592737,0.29076862,on bike mount,cyclo cross,False,asphalt,excellent
eaeae29f-50c4-4e19-bf20-ebbe471ffbd9,4cdb65b8-41e1-4b11-bbc2-8cc68994ce21,57fe804b-ff9c-4f5f-9e95-53048eaaa9a1,1633167219542,14.228031,52.3059054,4.0294857,0.37646574,1.2062018,3.213399,on bike mount,cyclo cross,False,asphalt,excellent
eaeae29f-50c4-4e19-bf20-ebbe471ffbd9,4cdb65b8-41e1-4b11-bbc2-8cc68994ce21,f9062be6-4c0f-4d83-99b7-37f1c5d6d00b,1633167219592,14.228031,52.3059054,4.0294857,-1.2245586,3.3666706,-3.9232974,on bike mount,cyclo cross,False,asphalt,excellent
eaeae29f-50c4-4e19-bf20-ebbe471ffbd9,4cdb65b8-41e1-4b11-bbc2-8cc68994ce21,351ffba4-37cd-4f00-a40b-630187680ef1,1633167219643,14.228031,52.3059054,4.0294857,0.33265895,-1.7565558,-1.5579934,on bike mount,cyclo cross,False,asphalt,excellent
eaeae29f-50c4-4e19-bf20-ebbe471ffbd9,4cdb65b8-41e1-4b11-bbc2-8cc68994ce21,abdf77e6-e32f-4c57-b771-512bf721b31e,1633167219693,14.228031,52.3059054,4.0294857,-0.37332353,-1.7257458,3.1129913,on bike mount,cyclo cross,False,asphalt,excellent
eaeae29f-50c4-4e19-bf20-ebbe471ffbd9,4cdb65b8-41e1-4b11-bbc2-8cc68994ce21,c0e05de1-0215-4ea9-9e50-04f5ab7cebdd,1633167219743,14.228031,52.3059054,4.0294857,1.4451928,0.9519763,-1.8136935,on bike mount,cyclo cross,False,asphalt,excellent
eaeae29f-50c4-4e19-bf20-ebbe471ffbd9,4cdb65b8-41e1-4b11-bbc2-8cc68994ce21,7074fb87-64a5-4b7a-82a0-dd894ccf8ea9,1633167219796,14.228031,52.3059054,4.0294857,-0.17304902,2.115468,-4.161829,on bike mount,cyclo cross,False,asphalt,excellent
eaeae29f-50c4-4e19-bf20-ebbe471ffbd9,4cdb65b8-41e1-4b11-bbc2-8cc68994ce21,4fe94bb9-cb0f-45e6-b491-d7bf6e8da5e6,1633167219845,14.228031,52.3059054,4.0294857,-0.10633356,1.3921399,-0.13641071,on bike mount,cyclo cross,False,asphalt,excellent
eaeae29f-50c4-4e19-bf20-ebbe471ffbd9,4cdb65b8-41e1-4b11-bbc2-8cc68994ce21,cf20dde3-3932-41ad-b364-343e84e24f8f,1633167219896,14.228031,52.3059054,4.0294857,-0.24822459,-1.1515311,1.0771818,on bike mount,cyclo cross,False,asphalt,excellent
eaeae29f-50c4-4e19-bf20-ebbe471ffbd9,4cdb65b8-41e1-4b11-bbc2-8cc68994ce21,6035c167-5396-4e7c-ad64-3f30c4a44499,1633167219959,14.228031,52.3059054,4.0294857,-1.7190279,-0.22441936,-3.7179313,on bike mount,cyclo cross,False,asphalt,excellent
eaeae29f-50c4-4e19-bf20-ebbe471ffbd9,4cdb65b8-41e1-4b11-bbc2-8cc68994ce21,b4cfb349-dacd-4adc-a716-c1dc647150f4,1633167220009,14.228031,52.3059054,4.0294857,-0.34769154,-2.2529309,-0.7606182,on bike mount,cyclo cross,False,asphalt,excellent
eaeae29f-50c4-4e19-bf20-ebbe471ffbd9,4cdb65b8-41e1-4b11-bbc2-8cc68994ce21,d1731496-9781-44a6-92f0-9e19de519ee6,1633167220059,14.228031,52.3059054,4.0294857,0.45470914,-1.5621544,1.0160837,on bike mount,cyclo cross,False,asphalt,excellent
eaeae29f-50c4-4e19-bf20-ebbe471ffbd9,4cdb65b8-41e1-4b11-bbc2-8cc68994ce21,256930df-0263-4811-9ea3-6aa26ec9c578,1633167220109,14.228031,52.3059054,4.0294857,-0.22583994,-0.87574434,-4.163421,on bike mount,cyclo cross,False,asphalt,excellent
eaeae29f-50c4-4e19-bf20-ebbe471ffbd9,4cdb65b8-41e1-4b11-bbc2-8cc68994ce21,f0b9ec7b-a149-4a87-bbb3-9f113d7fdc04,1633167220161,14.228031,52.3059054,4.0294857,-0.74769956,7.0453415,-1.2512946,on bike mount,cyclo cross,False,asphalt,excellent
eaeae29f-50c4-4e19-bf20-ebbe471ffbd9,4cdb65b8-41e1-4b11-bbc2-8cc68994ce21,386e5fd5-d0c8-46b3-81d7-4445812c9ca4,1633167220227,14.228031,52.3059054,4.0294857,-1.9457963,-0.41941547,-1.5581708,on bike mount,cyclo cross,False,asphalt,excellent
eaeae29f-50c4-4e19-bf20-ebbe471ffbd9,4cdb65b8-41e1-4b11-bbc2-8cc68994ce21,0ffc3c5f-2661-44b5-9bdc-ff8fb87b042c,1633167220277,14.228031,52.3059054,4.0294857,0.46533543,-1.5136968,-1.543479,on bike mount,cyclo cross,False,asphalt,excellent
eaeae29f-50c4-4e19-bf20-ebbe471ffbd9,4cdb65b8-41e1-4b11-bbc2-8cc68994ce21,81f3a659-ab20-446a-be67-2b86de5cbcd1,1633167220329,14.228031,52.3059054,4.0294857,-0.33232754,2.0726476,-6.3847876,on bike mount,cyclo cross,False,asphalt,excellent
eaeae29f-50c4-4e19-bf20-ebbe471ffbd9,4cdb65b8-41e1-4b11-bbc2-8cc68994ce21,ab345994-58ca-4ba8-862e-b53cd3f7b8d1,1633167220393,14.228031,52.3059054,4.0294857,-0.910095,-2.9956188,0.5896864,on bike mount,cyclo cross,False,asphalt,excellent
eaeae29f-50c4-4e19-bf20-ebbe471ffbd9,4cdb65b8-41e1-4b11-bbc2-8cc68994ce21,6f3c8eee-2337-454e-b958-b435e2968c79,1633167220444,14.228031,52.3059054,4.0294857,1.3651625,5.678424,1.8781414,on bike mount,cyclo cross,False,asphalt,excellent
eaeae29f-50c4-4e19-bf20-ebbe471ffbd9,4cdb65b8-41e1-4b11-bbc2-8cc68994ce21,b3724e24-5f03-454e-bd11-7866d7eb14b9,1633167220496,14.2280884,52.3058791,4.0331035,-1.6942768,4.006449,3.0309067,on bike mount,cyclo cross,False,asphalt,excellent
eaeae29f-50c4-4e19-bf20-ebbe471ffbd9,4cdb65b8-41e1-4b11-bbc2-8cc68994ce21,562b8b7e-0618-4772-89c3-f39d9702da3b,1633167220561,14.2280884,52.3058791,4.0331035,0.9387151,1.9322052,1.5349236,on bike mount,cyclo cross,False,asphalt,excellent
eaeae29f-50c4-4e19-bf20-ebbe471ffbd9,4cdb65b8-41e1-4b11-bbc2-8cc68994ce21,669779e8-8a94-4302-ab8b-d63e5d058de5,1633167220629,14.2280884,52.3058791,4.0331035,0.6226868,6.145112,-6.971184,on bike mount,cyclo cross,False,asphalt,excellent
eaeae29f-50c4-4e19-bf20-ebbe471ffbd9,4cdb65b8-41e1-4b11-bbc2-8cc68994ce21,7a16d523-b35f-44d8-8a32-7ceedb416762,1633167220697,14.2280884,52.3058791,4.0331035,-0.8321873,-1.4166163,-3.2583103,on bike mount,cyclo cross,False,asphalt,excellent
eaeae29f-50c4-4e19-bf20-ebbe471ffbd9,4cdb65b8-41e1-4b11-bbc2-8cc68994ce21,16bc991a-4812-46eb-a312-a8f8b6a99fd1,1633167220746,14.2280884,52.3058791,4.0331035,-2.559088,6.03864,-21.048729,on bike mount,cyclo cross,False,asphalt,excellent
eaeae29f-50c4-4e19-bf20-ebbe471ffbd9,4cdb65b8-41e1-4b11-bbc2-8cc68994ce21,891014b4-f480-4a4a-814d-4844e9c12425,1633167220796,14.2280884,52.3058791,4.0331035,-1.270608,3.3447475,4.96918,on bike mount,cyclo cross,False,asphalt,excellent
eaeae29f-50c4-4e19-bf20-ebbe471ffbd9,4cdb65b8-41e1-4b11-bbc2-8cc68994ce21,72771f0b-b636-4fbb-b10a-4a36a13281ff,1633167220846,14.2280884,52.3058791,4.0331035,-0.06477909,-2.5427096,0.16793251,on bike mount,cyclo cross,False,asphalt,excellent
eaeae29f-50c4-4e19-bf20-ebbe471ffbd9,4cdb65b8-41e1-4b11-bbc2-8cc68994ce21,520e83b5-6d89-4f87-9b52-7d2db49bcccd,1633167220896,14.2280884,52.3058791,4.0331035,-1.9547961,0.82307386,6.9057913,on bike mount,cyclo cross,False,asphalt,excellent
eaeae29f-50c4-4e19-bf20-ebbe471ffbd9,4cdb65b8-41e1-4b11-bbc2-8cc68994ce21,fca19470-0900-4a39-bf7c-11cb4841e795,1633167220946,14.2280884,52.3058791,4.0331035,-0.44555822,-5.8683023,-0.389287,on bike mount,cyclo cross,False,asphalt,excellent
eaeae29f-50c4-4e19-bf20-ebbe471ffbd9,4cdb65b8-41e1-4b11-bbc2-8cc68994ce21,2f90cff0-3fbe-4364-8679-fc89e9ece862,1633167220997,14.2280884,52.3058791,4.0331035,3.883585,-0.46615314,4.244669,on bike mount,cyclo cross,False,asphalt,excellent
eaeae29f-50c4-4e19-bf20-ebbe471ffbd9,4cdb65b8-41e1-4b11-bbc2-8cc68994ce21,351f0be7-7aaf-4807-b7d8-5b427c3cb82f,1633167221061,14.2280884,52.3058791,4.0331035,-0.6863486,-6.2451096,3.5007963,on bike mount,cyclo cross,False,asphalt,excellent
eaeae29f-50c4-4e19-bf20-ebbe471ffbd9,4cdb65b8-41e1-4b11-bbc2-8cc68994ce21,9c5d9f3b-fd2c-4601-be07-3fde9c3f04b5,1633167221112,14.2280884,52.3058791,4.0331035,1.1399894,-2.5329568,5.3947144,on bike mount,cyclo cross,False,asphalt,excellent
eaeae29f-50c4-4e19-bf20-ebbe471ffbd9,4cdb65b8-41e1-4b11-bbc2-8cc68994ce21,85bcd84a-2d1e-44c4-bcf1-9b6ab9824fab,1633167221162,14.2280884,52.3058791,4.0331035,1.1301597,8.61725,-1.567884,on bike mount,cyclo cross,False,asphalt,excellent
eaeae29f-50c4-4e19-bf20-ebbe471ffbd9,4cdb65b8-41e1-4b11-bbc2-8cc68994ce21,888e023b-1f8c-4978-b39f-d6836c5c1bc2,1633167221213,14.2280884,52.3058791,4.0331035,-1.8089006,-4.8991346,6.242962,on bike mount,cyclo cross,False,asphalt,excellent
eaeae29f-50c4-4e19-bf20-ebbe471ffbd9,4cdb65b8-41e1-4b11-bbc2-8cc68994ce21,d2429e12-4c8d-471f-8eb0-dc56f5f6183f,1633167221263,14.2280884,52.3058791,4.0331035,-0.12795024,3.15808,-1.7729216,on bike mount,cyclo cross,False,asphalt,excellent
eaeae29f-50c4-4e19-bf20-ebbe471ffbd9,4cdb65b8-41e1-4b11-bbc2-8cc68994ce21,c62fc0ae-42e0-42d1-b24a-22963848372b,1633167221314,14.2280884,52.3058791,4.0331035,0.4004039,-4.5961866,-3.2293477,on bike mount,cyclo cross,False,asphalt,excellent
eaeae29f-50c4-4e19-bf20-ebbe471ffbd9,4cdb65b8-41e1-4b11-bbc2-8cc68994ce21,5bc2b75c-d97a-4b1a-a1e8-b658ae28134e,1633167221364,14.2280884,52.3058791,4.0331035,-0.45048445,-3.8748448,3.8615198,on bike mount,cyclo cross,False,asphalt,excellent
eaeae29f-50c4-4e19-bf20-ebbe471ffbd9,4cdb65b8-41e1-4b11-bbc2-8cc68994ce21,7bb7fad7-e9fa-4c8f-9a1b-a9a45779a988,1633167221414,14.2280884,52.3058791,4.0331035,-0.34882778,-0.68357325,-2.4629345,on bike mount,cyclo cross,False,asphalt,excellent
eaeae29f-50c4-4e19-bf20-ebbe471ffbd9,4cdb65b8-41e1-4b11-bbc2-8cc68994ce21,bac6ff20-95aa-44c0-bf40-5b275297e6f1,1633167221480,14.2280884,52.3058791,4.0331035,-0.8089291,-1.0435828,3.387247,on bike mount,cyclo cross,False,asphalt,excellent
eaeae29f-50c4-4e19-bf20-ebbe471ffbd9,4cdb65b8-41e1-4b11-bbc2-8cc68994ce21,df2026d5-c67a-4406-86e2-3ae0ba6b4a1f,1633167221530,14.2280884,52.3058791,4.0331035,0.91172117,-1.629445,-1.7384677,on bike mount,cyclo cross,False,asphalt,excellent
eaeae29f-50c4-4e19-bf20-ebbe471ffbd9,4cdb65b8-41e1-4b11-bbc2-8cc68994ce21,40b33a5c-c556-4bca-a34a-9da518e0c563,1633167221581,14.2280884,52.3058791,4.0331035,0.590173,-4.20301,10.219518,on bike mount,cyclo cross,False,asphalt,excellent
eaeae29f-50c4-4e19-bf20-ebbe471ffbd9,4cdb65b8-41e1-4b11-bbc2-8cc68994ce21,0f0d3c7d-39bc-4b4a-9581-a23e4db64cf6,1633167221631,14.2280884,52.3058791,4.0331035,1.041743,-0.94369376,-1.0828028,on bike mount,cyclo cross,False,asphalt,excellent
eaeae29f-50c4-4e19-bf20-ebbe471ffbd9,4cdb65b8-41e1-4b11-bbc2-8cc68994ce21,40479e19-4662-456e-81c3-4fe06f08159c,1633167221681,14.2281344,52.3058478,4.026764,-0.24341899,2.7615142,-1.7494059,on bike mount,cyclo cross,False,asphalt,excellent
eaeae29f-50c4-4e19-bf20-ebbe471ffbd9,4cdb65b8-41e1-4b11-bbc2-8cc68994ce21,f0d901af-6d60-422c-81d5-3094d24ce7f8,1633167221747,14.2281344,52.3058478,4.026764,-0.98342353,3.5657005,0.77801514,on bike mount,cyclo cross,False,asphalt,excellent
eaeae29f-50c4-4e19-bf20-ebbe471ffbd9,4cdb65b8-41e1-4b11-bbc2-8cc68994ce21,0d96344d-29a4-44b1-9ac4-6d7b71b91fc8,1633167221796,14.2281344,52.3058478,4.026764,0.05127091,-4.9069147,-2.3846602,on bike mount,cyclo cross,False,asphalt,excellent
eaeae29f-50c4-4e19-bf20-ebbe471ffbd9,4cdb65b8-41e1-4b11-bbc2-8cc68994ce21,94a03fce-5bae-4916-866a-4e2a844e9930,1633167221848,14.2281344,52.3058478,4.026764,-0.71935683,-3.05518,2.3335533,on bike mount,cyclo cross,False,asphalt,excellent
eaeae29f-50c4-4e19-bf20-ebbe471ffbd9,4cdb65b8-41e1-4b11-bbc2-8cc68994ce21,8d978f54-9029-49f3-8f9a-0e01709ece7c,1633167221914,14.2281344,52.3058478,4.026764,1.2303536,0.27638292,3.675291,on bike mount,cyclo cross,False,asphalt,excellent
eaeae29f-50c4-4e19-bf20-ebbe471ffbd9,4cdb65b8-41e1-4b11-bbc2-8cc68994ce21,1c37a153-e816-46b4-b3c3-442e2008d0c2,1633167221966,14.2281344,52.3058478,4.026764,-0.16741362,-0.35713363,2.4508934,on bike mount,cyclo cross,False,asphalt,excellent
eaeae29f-50c4-4e19-bf20-ebbe471ffbd9,4cdb65b8-41e1-4b11-bbc2-8cc68994ce21,ae6d90af-5788-4e34-9c52-0eb574da9d1e,1633167222031,14.2281344,52.3058478,4.026764,-1.1843414,-0.2709658,-0.17594337,on bike mount,cyclo cross,False,asphalt,excellent
eaeae29f-50c4-4e19-bf20-ebbe471ffbd9,4cdb65b8-41e1-4b11-bbc2-8cc68994ce21,f86f3f26-efd2-4a01-8d2a-742811ec1beb,1633167222081,14.2281344,52.3058478,4.026764,0.8175317,-6.068515,3.9431124,on bike mount,cyclo cross,False,asphalt,excellent
eaeae29f-50c4-4e19-bf20-ebbe471ffbd9,4cdb65b8-41e1-4b11-bbc2-8cc68994ce21,31d25c4c-54a8-4125-b01a-d3884e51d023,1633167222131,14.2281344,52.3058478,4.026764,1.245851,-5.5862355,3.5645685,on bike mount,cyclo cross,False,asphalt,excellent
eaeae29f-50c4-4e19-bf20-ebbe471ffbd9,4cdb65b8-41e1-4b11-bbc2-8cc68994ce21,f90e0e03-5ef1-4a13-b72d-623d78039778,1633167222181,14.2281344,52.3058478,4.026764,-2.2149806,0.46756053,-0.44126606,on bike mount,cyclo cross,False,asphalt,excellent
eaeae29f-50c4-4e19-bf20-ebbe471ffbd9,4cdb65b8-41e1-4b11-bbc2-8cc68994ce21,0abb5bd9-adff-4924-adb3-9514566533bf,1633167222231,14.2281344,52.3058478,4.026764,-1.0643972,-1.522372,2.3791027,on bike mount,cyclo cross,False,asphalt,excellent
eaeae29f-50c4-4e19-bf20-ebbe471ffbd9,4cdb65b8-41e1-4b11-bbc2-8cc68994ce21,6502b156-ccf6-46b4-8263-bcb2529bcccd,1633167222281,14.2281344,52.3058478,4.026764,2.9035068,1.3112428,2.7386894,on bike mount,cyclo cross,False,asphalt,excellent
eaeae29f-50c4-4e19-bf20-ebbe471ffbd9,4cdb65b8-41e1-4b11-bbc2-8cc68994ce21,6ad740dc-9f4f-4a86-a7e8-e11eb1b8b98f,1633167222334,14.2281344,52.3058478,4.026764,-0.18444574,0.051782846,-1.4686866,on bike mount,cyclo cross,False,asphalt,excellent
eaeae29f-50c4-4e19-bf20-ebbe471ffbd9,4cdb65b8-41e1-4b11-bbc2-8cc68994ce21,d708b078-4bbc-4b2a-a323-afa86b2c5f1e,1633167222400,14.2281344,52.3058478,4.026764,-0.82017964,1.1795764,-2.8812833,on bike mount,cyclo cross,False,asphalt,excellent
eaeae29f-50c4-4e19-bf20-ebbe471ffbd9,4cdb65b8-41e1-4b11-bbc2-8cc68994ce21,9fb1ae9f-57fe-4c53-b3c2-0dd4f7ddcd9e,1633167222466,14.2281344,52.3058478,4.026764,-0.5633815,0.7738142,-5.6853333,on bike mount,cyclo cross,False,asphalt,excellent
eaeae29f-50c4-4e19-bf20-ebbe471ffbd9,4cdb65b8-41e1-4b11-bbc2-8cc68994ce21,c804f948-98cf-4dab-8281-3c2a8b9034ce,1633167222516,14.2281344,52.3058478,4.026764,-0.5073332,-1.8797557,-1.6021934,on bike mount,cyclo cross,False,asphalt,excellent
eaeae29f-50c4-4e19-bf20-ebbe471ffbd9,4cdb65b8-41e1-4b11-bbc2-8cc68994ce21,607e3ad6-fa1f-46f5-8c91-f19eff71df88,1633167222568,14.2281344,52.3058478,4.026764,2.612787,-3.8816266,-2.4438033,on bike mount,cyclo cross,False,asphalt,excellent
eaeae29f-50c4-4e19-bf20-ebbe471ffbd9,4cdb65b8-41e1-4b11-bbc2-8cc68994ce21,99c217d6-eba3-4058-b5d1-513b280dca60,1633167222618,14.2281708,52.3058203,4.0380564,0.7781655,2.5637555,-2.4150777,on bike mount,cyclo cross,False,asphalt,excellent
eaeae29f-50c4-4e19-bf20-ebbe471ffbd9,4cdb65b8-41e1-4b11-bbc2-8cc68994ce21,a43e49ef-bcd4-4d34-9e97-915e7f449b6e,1633167222682,14.2281708,52.3058203,4.0380564,-0.9202122,-3.653336,0.3062067,on bike mount,cyclo cross,False,asphalt,excellent
eaeae29f-50c4-4e19-bf20-ebbe471ffbd9,4cdb65b8-41e1-4b11-bbc2-8cc68994ce21,6591d552-ad7f-4aaa-8cd9-572eca56ce22,1633167222732,14.2281708,52.3058203,4.0380564,0.15579218,0.9982033,0.9182358,on bike mount,cyclo cross,False,asphalt,excellent
eaeae29f-50c4-4e19-bf20-ebbe471ffbd9,4cdb65b8-41e1-4b11-bbc2-8cc68994ce21,5e8a751d-4cac-4244-866f-175327aaaba9,1633167222783,14.2281708,52.3058203,4.0380564,1.1500187,-0.25287056,-0.719532,on bike mount,cyclo cross,False,asphalt,excellent
eaeae29f-50c4-4e19-bf20-ebbe471ffbd9,4cdb65b8-41e1-4b11-bbc2-8cc68994ce21,7cd71c1a-232c-4762-b5e7-1674527ff1a2,1633167222834,14.2281708,52.3058203,4.0380564,0.5121245,-0.2088902,-0.62464905,on bike mount,cyclo cross,False,asphalt,excellent
eaeae29f-50c4-4e19-bf20-ebbe471ffbd9,4cdb65b8-41e1-4b11-bbc2-8cc68994ce21,c5618a24-ae59-4e2c-be11-4249f4bdd152,1633167222901,14.2281708,52.3058203,4.0380564,-0.41371524,3.32135,-2.418704,on bike mount,cyclo cross,False,asphalt,excellent
eaeae29f-50c4-4e19-bf20-ebbe471ffbd9,4cdb65b8-41e1-4b11-bbc2-8cc68994ce21,e9df41cb-9558-47f6-aaf8-e4eeba854696,1633167222951,14.2281708,52.3058203,4.0380564,0.41915527,1.4046621,4.1933413,on bike mount,cyclo cross,False,asphalt,excellent
eaeae29f-50c4-4e19-bf20-ebbe471ffbd9,4cdb65b8-41e1-4b11-bbc2-8cc68994ce21,e535cb82-2011-4700-b80a-f80d12b75267,1633167223001,14.2281708,52.3058203,4.0380564,-0.33644694,-2.3409214,1.4373713,on bike mount,cyclo cross,False,asphalt,excellent
eaeae29f-50c4-4e19-bf20-ebbe471ffbd9,4cdb65b8-41e1-4b11-bbc2-8cc68994ce21,d0015239-ecc7-4780-8b1d-84eb294054ea,1633167223066,14.2281708,52.3058203,4.0380564,-0.9471089,0.16871357,0.33566666,on bike mount,cyclo cross,False,asphalt,excellent
eaeae29f-50c4-4e19-bf20-ebbe471ffbd9,4cdb65b8-41e1-4b11-bbc2-8cc68994ce21,fceddba9-8185-46f9-9f80-660aea500ab6,1633167223117,14.2281708,52.3058203,4.0380564,0.04575268,0.614655,-1.1870465,on bike mount,cyclo cross,False,asphalt,excellent
eaeae29f-50c4-4e19-bf20-ebbe471ffbd9,4cdb65b8-41e1-4b11-bbc2-8cc68994ce21,5c11202d-d4da-4200-b9d1-d7fe5cc6d23e,1633167223168,14.2281708,52.3058203,4.0380564,1.395685,0.49329972,-2.4790545,on bike mount,cyclo cross,False,asphalt,excellent
eaeae29f-50c4-4e19-bf20-ebbe471ffbd9,4cdb65b8-41e1-4b11-bbc2-8cc68994ce21,25795278-7f51-4946-b5f3-24553e8b0590,1633167223218,14.2281708,52.3058203,4.0380564,0.13407373,1.2736313,-3.6193156,on bike mount,cyclo cross,False,asphalt,excellent
eaeae29f-50c4-4e19-bf20-ebbe471ffbd9,4cdb65b8-41e1-4b11-bbc2-8cc68994ce21,454541d0-8fc5-4b77-9159-97ec530afdc1,1633167223268,14.2281901,52.3057957,4.0744367,1.2421979,2.7688227,-1.0392265,on bike mount,cyclo cross,False,asphalt,excellent
eaeae29f-50c4-4e19-bf20-ebbe471ffbd9,4cdb65b8-41e1-4b11-bbc2-8cc68994ce21,cddde49c-ccdd-4d3f-a807-629a88095e57,1633167223334,14.2281901,52.3057957,4.0744367,-1.931109,-0.21062446,-1.4920564,on bike mount,cyclo cross,False,asphalt,excellent
eaeae29f-50c4-4e19-bf20-ebbe471ffbd9,4cdb65b8-41e1-4b11-bbc2-8cc68994ce21,c9bb3c47-9a34-470f-9b31-5610cba9aa2d,1633167223384,14.2281901,52.3057957,4.0744367,0.3622252,-0.4256978,0.9583044,on bike mount,cyclo cross,False,asphalt,excellent
eaeae29f-50c4-4e19-bf20-ebbe471ffbd9,4cdb65b8-41e1-4b11-bbc2-8cc68994ce21,f8f3d8b6-aaa3-4e53-b21d-da855a1af591,1633167223434,14.2281901,52.3057957,4.0744367,0.18588945,0.19439888,-3.0100875,on bike mount,cyclo cross,False,asphalt,excellent
eaeae29f-50c4-4e19-bf20-ebbe471ffbd9,4cdb65b8-41e1-4b11-bbc2-8cc68994ce21,24eb3aa6-0fad-42fb-8eca-8bb1025f60d8,1633167223484,14.2281901,52.3057957,4.0744367,0.69188005,-3.3403234,5.1940126,on bike mount,cyclo cross,False,asphalt,excellent
eaeae29f-50c4-4e19-bf20-ebbe471ffbd9,4cdb65b8-41e1-4b11-bbc2-8cc68994ce21,848a5823-e481-44b9-8eff-0e3505cd461f,1633167223534,14.2281901,52.3057957,4.0744367,-0.58689946,0.9059689,-2.8776407,on bike mount,cyclo cross,False,asphalt,excellent
eaeae29f-50c4-4e19-bf20-ebbe471ffbd9,4cdb65b8-41e1-4b11-bbc2-8cc68994ce21,a1445352-f97e-4f0f-ba3a-9721975e9c79,1633167223585,14.2281901,52.3057957,4.0744367,-0.48230243,-0.59644866,0.5775976,on bike mount,cyclo cross,False,asphalt,excellent
eaeae29f-50c4-4e19-bf20-ebbe471ffbd9,4cdb65b8-41e1-4b11-bbc2-8cc68994ce21,de07c2a8-a4fb-4c9d-a0de-92e98959e9dc,1633167223636,14.2281901,52.3057957,4.0744367,0.21246575,2.214797,0.295043,on bike mount,cyclo cross,False,asphalt,excellent
eaeae29f-50c4-4e19-bf20-ebbe471ffbd9,4cdb65b8-41e1-4b11-bbc2-8cc68994ce21,525e292e-c542-40c3-9cab-df264268ad8b,1633167223688,14.2281901,52.3057957,4.0744367,0.3580408,0.73669744,1.2231426,on bike mount,cyclo cross,False,asphalt,excellent
eaeae29f-50c4-4e19-bf20-ebbe471ffbd9,4cdb65b8-41e1-4b11-bbc2-8cc68994ce21,aa1ea4d1-216a-4d5c-8e3d-4426b7b81dd0,1633167223751,14.2281901,52.3057957,4.0744367,-1.1171993,-0.4570334,0.4193964,on bike mount,cyclo cross,False,asphalt,excellent
eaeae29f-50c4-4e19-bf20-ebbe471ffbd9,4cdb65b8-41e1-4b11-bbc2-8cc68994ce21,98082d35-5f22-49e7-a5fd-ea0292acb27d,1633167223801,14.2281901,52.3057957,4.0744367,0.83818686,-0.48942327,0.56107616,on bike mount,cyclo cross,False,asphalt,excellent
eaeae29f-50c4-4e19-bf20-ebbe471ffbd9,4cdb65b8-41e1-4b11-bbc2-8cc68994ce21,55f79fd1-ce98-48e7-90a8-a5b9ae97c0da,1633167223853,14.2281901,52.3057957,4.0744367,-0.20977521,-2.1720803,1.0873537,on bike mount,cyclo cross,False,asphalt,excellent
eaeae29f-50c4-4e19-bf20-ebbe471ffbd9,4cdb65b8-41e1-4b11-bbc2-8cc68994ce21,0e141606-acec-4663-9b42-7fca0d4a38c9,1633167223919,14.2281901,52.3057957,4.0744367,-0.85228693,-0.35391092,1.3209696,on bike mount,cyclo cross,False,asphalt,excellent
eaeae29f-50c4-4e19-bf20-ebbe471ffbd9,4cdb65b8-41e1-4b11-bbc2-8cc68994ce21,e3e013bf-9d4c-468c-aff5-4969b53a954e,1633167223970,14.2281901,52.3057957,4.0744367,-0.024786247,-3.8324513,-0.5916643,on bike mount,cyclo cross,False,asphalt,excellent
eaeae29f-50c4-4e19-bf20-ebbe471ffbd9,4cdb65b8-41e1-4b11-bbc2-8cc68994ce21,92892927-3271-4f64-a745-1b94291537d9,1633167224036,14.2281901,52.3057957,4.0744367,0.99667263,-2.173076,-1.8233504,on bike mount,cyclo cross,False,asphalt,excellent
eaeae29f-50c4-4e19-bf20-ebbe471ffbd9,4cdb65b8-41e1-4b11-bbc2-8cc68994ce21,751d4b8d-086a-4f90-b0ea-f4daacf4ccaa,1633167224086,14.2281901,52.3057957,4.0744367,-0.14559187,-0.6103873,-0.62155724,on bike mount,cyclo cross,False,asphalt,excellent
eaeae29f-50c4-4e19-bf20-ebbe471ffbd9,4cdb65b8-41e1-4b11-bbc2-8cc68994ce21,a2b189ed-3911-405b-9148-46a83fb4db1c,1633167224137,14.2281901,52.3057957,4.0744367,-0.21471883,2.4506385,-1.9227686,on bike mount,cyclo cross,False,asphalt,excellent
eaeae29f-50c4-4e19-bf20-ebbe471ffbd9,4cdb65b8-41e1-4b11-bbc2-8cc68994ce21,455bd1a1-b931-41c0-8241-cb02240b62c3,1633167224202,14.2281901,52.3057957,4.0744367,-0.079408474,2.5152645,-1.5609517,on bike mount,cyclo cross,False,asphalt,excellent
eaeae29f-50c4-4e19-bf20-ebbe471ffbd9,4cdb65b8-41e1-4b11-bbc2-8cc68994ce21,08e4a0b1-5270-4dc4-b999-96a79598047a,1633167224254,14.2281901,52.3057957,4.0744367,0.10728559,-0.17711782,-2.8031673,on bike mount,cyclo cross,False,asphalt,excellent
eaeae29f-50c4-4e19-bf20-ebbe471ffbd9,4cdb65b8-41e1-4b11-bbc2-8cc68994ce21,01eb8dae-ce58-4239-9b0b-f836111c0f71,1633167224305,14.2281901,52.3057957,4.0744367,-0.6608946,-0.19093323,0.76403904,on bike mount,cyclo cross,False,asphalt,excellent
eaeae29f-50c4-4e19-bf20-ebbe471ffbd9,4cdb65b8-41e1-4b11-bbc2-8cc68994ce21,421d3a87-558f-4878-83c5-1d9d0ab57dbb,1633167224370,14.2281901,52.3057957,4.0744367,-0.83005726,3.762453,4.3517847,on bike mount,cyclo cross,False,asphalt,excellent
eaeae29f-50c4-4e19-bf20-ebbe471ffbd9,4cdb65b8-41e1-4b11-bbc2-8cc68994ce21,fea08422-eb83-4408-8970-23ca71444482,1633167224420,14.2281901,52.3057957,4.0744367,-0.1470846,-1.3738974,0.88825035,on bike mount,cyclo cross,False,asphalt,excellent
eaeae29f-50c4-4e19-bf20-ebbe471ffbd9,4cdb65b8-41e1-4b11-bbc2-8cc68994ce21,ba21e828-4848-40e5-9259-36bb4a0c98ad,1633167224470,14.2281901,52.3057957,4.0744367,-0.245085,-2.484303,-0.23924446,on bike mount,cyclo cross,False,asphalt,excellent
eaeae29f-50c4-4e19-bf20-ebbe471ffbd9,4cdb65b8-41e1-4b11-bbc2-8cc68994ce21,1da87637-bfff-46ad-8cdc-8de78b4f0a9f,1633167224520,14.2281901,52.3057957,4.0744367,0.14215979,-0.74944115,-0.82378864,on bike mount,cyclo cross,False,asphalt,excellent
eaeae29f-50c4-4e19-bf20-ebbe471ffbd9,4cdb65b8-41e1-4b11-bbc2-8cc68994ce21,ac4798b6-ea82-4ea2-bea2-6d27deef0242,1633167224570,14.2281901,52.3057957,4.0744367,-1.4427097,-0.4487369,-5.075014,on bike mount,cyclo cross,False,asphalt,excellent
eaeae29f-50c4-4e19-bf20-ebbe471ffbd9,4cdb65b8-41e1-4b11-bbc2-8cc68994ce21,5ff732be-edd9-4405-afca-ec12e4b73e3d,1633167224620,14.2281901,52.3057957,4.0744367,-0.39378083,2.7881613,-1.8224115,on bike mount,cyclo cross,False,asphalt,excellent
eaeae29f-50c4-4e19-bf20-ebbe471ffbd9,4cdb65b8-41e1-4b11-bbc2-8cc68994ce21,93414dd0-1a92-4e97-b6ec-11395b8052c4,1633167224672,14.2282356,52.3057431,4.158938,-0.19131745,0.14563918,0.4775648,on bike mount,cyclo cross,False,asphalt,excellent
eaeae29f-50c4-4e19-bf20-ebbe471ffbd9,4cdb65b8-41e1-4b11-bbc2-8cc68994ce21,cfde6eff-8b5b-471a-b9f9-e4164427e2af,1633167224722,14.2282356,52.3057431,4.158938,0.20177576,-1.380513,1.2322474,on bike mount,cyclo cross,False,asphalt,excellent
eaeae29f-50c4-4e19-bf20-ebbe471ffbd9,4cdb65b8-41e1-4b11-bbc2-8cc68994ce21,797cfee7-3c04-47ba-a92a-b2902e3fad4c,1633167224772,14.2282356,52.3057431,4.158938,0.8261061,-0.30170727,0.93685913,on bike mount,cyclo cross,False,asphalt,excellent
eaeae29f-50c4-4e19-bf20-ebbe471ffbd9,4cdb65b8-41e1-4b11-bbc2-8cc68994ce21,c4b873f8-b2f1-4442-8af4-c06f00b6b0a0,1633167224840,14.2282356,52.3057431,4.158938,1.8788531,0.38460636,-3.6037054,on bike mount,cyclo cross,False,asphalt,excellent
eaeae29f-50c4-4e19-bf20-ebbe471ffbd9,4cdb65b8-41e1-4b11-bbc2-8cc68994ce21,c84d29c1-de04-41ce-bd2d-dc795735f268,1633167224889,14.2282356,52.3057431,4.158938,-0.20232606,-3.5609674,-0.17636108,on bike mount,cyclo cross,False,asphalt,excellent
eaeae29f-50c4-4e19-bf20-ebbe471ffbd9,4cdb65b8-41e1-4b11-bbc2-8cc68994ce21,53bcae52-8007-4a92-be56-1105d308003d,1633167224939,14.2282356,52.3057431,4.158938,1.1811533,-3.2443542,3.7887478,on bike mount,cyclo cross,False,asphalt,excellent
eaeae29f-50c4-4e19-bf20-ebbe471ffbd9,4cdb65b8-41e1-4b11-bbc2-8cc68994ce21,7762eec9-4d2d-4991-86a5-3e8c20df63b1,1633167224989,14.2282356,52.3057431,4.158938,1.0481745,2.987618,-11.2001095,on bike mount,cyclo cross,False,asphalt,excellent
eaeae29f-50c4-4e19-bf20-ebbe471ffbd9,4cdb65b8-41e1-4b11-bbc2-8cc68994ce21,95dfef7e-b1a0-4ded-9a35-4dd6f4400239,1633167225039,14.2282356,52.3057431,4.158938,-2.134328,2.571308,0.32394028,on bike mount,cyclo cross,False,asphalt,excellent
eaeae29f-50c4-4e19-bf20-ebbe471ffbd9,4cdb65b8-41e1-4b11-bbc2-8cc68994ce21,6c8622e5-6463-4a16-bb4d-b8168430e5a5,1633167225089,14.2282356,52.3057431,4.158938,-0.7245557,0.26784086,-9.694214,on bike mount,cyclo cross,False,asphalt,excellent
eaeae29f-50c4-4e19-bf20-ebbe471ffbd9,4cdb65b8-41e1-4b11-bbc2-8cc68994ce21,a6f72f19-9858-45dc-9b24-096c4006da54,1633167225139,14.2282356,52.3057431,4.158938,-2.0363173,0.3567276,-1.1335206,on bike mount,cyclo cross,False,asphalt,excellent
eaeae29f-50c4-4e19-bf20-ebbe471ffbd9,4cdb65b8-41e1-4b11-bbc2-8cc68994ce21,3967ee2a-51f8-4f0f-94bf-6eb099aa2e00,1633167225189,14.2282356,52.3057431,4.158938,-0.84200656,-6.8033714,0.13903809,on bike mount,cyclo cross,False,asphalt,excellent
eaeae29f-50c4-4e19-bf20-ebbe471ffbd9,4cdb65b8-41e1-4b11-bbc2-8cc68994ce21,7065c3a7-b8a2-4001-b895-26b7990c8cfd,1633167225240,14.2282356,52.3057431,4.158938,2.0941124,4.533259,-1.7502551,on bike mount,cyclo cross,False,asphalt,excellent
eaeae29f-50c4-4e19-bf20-ebbe471ffbd9,4cdb65b8-41e1-4b11-bbc2-8cc68994ce21,8550b6e7-637e-4e05-9920-9d5abd689084,1633167225307,14.2282356,52.3057431,4.158938,0.22355455,-3.6799097,-0.80047226,on bike mount,cyclo cross,False,asphalt,excellent
eaeae29f-50c4-4e19-bf20-ebbe471ffbd9,4cdb65b8-41e1-4b11-bbc2-8cc68994ce21,bf4d6759-8495-4134-b861-0320d3aedaef,1633167225374,14.2282356,52.3057431,4.158938,0.27851823,1.2251632,-1.7434492,on bike mount,cyclo cross,False,asphalt,excellent
eaeae29f-50c4-4e19-bf20-ebbe471ffbd9,4cdb65b8-41e1-4b11-bbc2-8cc68994ce21,f516b0c0-327c-498b-abd8-3924aaf9abbb,1633167225424,14.2282539,52.3057121,4.1862054,1.2636353,-2.410886,2.387374,on bike mount,cyclo cross,False,asphalt,excellent
eaeae29f-50c4-4e19-bf20-ebbe471ffbd9,4cdb65b8-41e1-4b11-bbc2-8cc68994ce21,24bc96ff-992e-4f3d-b8fb-97e922c59308,1633167225474,14.2282539,52.3057121,4.1862054,1.4225147,-1.9567451,-0.26508045,on bike mount,cyclo cross,False,asphalt,excellent
eaeae29f-50c4-4e19-bf20-ebbe471ffbd9,4cdb65b8-41e1-4b11-bbc2-8cc68994ce21,69a30620-0424-4632-8560-ce338ed83bff,1633167225524,14.2282539,52.3057121,4.1862054,-1.3952887,3.476327,1.948185,on bike mount,cyclo cross,False,asphalt,excellent
eaeae29f-50c4-4e19-bf20-ebbe471ffbd9,4cdb65b8-41e1-4b11-bbc2-8cc68994ce21,6cbde875-9638-42d7-864f-9e643e3bba21,1633167225574,14.2282539,52.3057121,4.1862054,-0.55401075,-0.39406228,2.6326017,on bike mount,cyclo cross,False,asphalt,excellent
eaeae29f-50c4-4e19-bf20-ebbe471ffbd9,4cdb65b8-41e1-4b11-bbc2-8cc68994ce21,38fefae0-9228-4928-ad70-212c97eee725,1633167225624,14.2282539,52.3057121,4.1862054,0.61477864,0.08678913,-0.49719906,on bike mount,cyclo cross,False,asphalt,excellent
eaeae29f-50c4-4e19-bf20-ebbe471ffbd9,4cdb65b8-41e1-4b11-bbc2-8cc68994ce21,3bb46538-8dab-43ea-895d-897d627855dd,1633167225677,14.2282539,52.3057121,4.1862054,0.9117621,-2.0297828,2.478304,on bike mount,cyclo cross,False,asphalt,excellent
eaeae29f-50c4-4e19-bf20-ebbe471ffbd9,4cdb65b8-41e1-4b11-bbc2-8cc68994ce21,31d93018-ac8c-4232-9e0a-526d17ca6e4a,1633167225739,14.2282539,52.3057121,4.1862054,0.6648696,0.1981473,-0.07387352,on bike mount,cyclo cross,False,asphalt,excellent
eaeae29f-50c4-4e19-bf20-ebbe471ffbd9,4cdb65b8-41e1-4b11-bbc2-8cc68994ce21,eed5ea87-cd05-41b3-8b08-33a75553ff8c,1633167225789,14.2282539,52.3057121,4.1862054,-1.1579715,-1.0168563,2.0137005,on bike mount,cyclo cross,False,asphalt,excellent
eaeae29f-50c4-4e19-bf20-ebbe471ffbd9,4cdb65b8-41e1-4b11-bbc2-8cc68994ce21,840b999d-322b-49d5-aff1-dca6bd3519d7,1633167225840,14.2282539,52.3057121,4.1862054,0.05778745,-0.029061794,0.38948345,on bike mount,cyclo cross,False,asphalt,excellent
eaeae29f-50c4-4e19-bf20-ebbe471ffbd9,4cdb65b8-41e1-4b11-bbc2-8cc68994ce21,5fb0b594-2e59-4554-85dd-bb8deae2c18b,1633167225890,14.2282539,52.3057121,4.1862054,1.6408439,-3.9115243,4.154237,on bike mount,cyclo cross,False,asphalt,excellent
eaeae29f-50c4-4e19-bf20-ebbe471ffbd9,4cdb65b8-41e1-4b11-bbc2-8cc68994ce21,31c6c718-1db0-4737-b3ef-f112abe432d0,1633167225941,14.2282539,52.3057121,4.1862054,1.856381,-5.201692,-3.0466342,on bike mount,cyclo cross,False,asphalt,excellent
eaeae29f-50c4-4e19-bf20-ebbe471ffbd9,4cdb65b8-41e1-4b11-bbc2-8cc68994ce21,8993ce82-bc61-46df-9570-0b0e44fceb5f,1633167225992,14.2282539,52.3057121,4.1862054,0.28396374,-3.0729651,-4.502267,on bike mount,cyclo cross,False,asphalt,excellent
eaeae29f-50c4-4e19-bf20-ebbe471ffbd9,4cdb65b8-41e1-4b11-bbc2-8cc68994ce21,ad690329-ca9a-44cf-8e51-cb4f49662a4f,1633167226042,14.2282539,52.3057121,4.1862054,-0.24927145,0.29434586,-0.9176035,on bike mount,cyclo cross,False,asphalt,excellent
eaeae29f-50c4-4e19-bf20-ebbe471ffbd9,4cdb65b8-41e1-4b11-bbc2-8cc68994ce21,01b432bc-2224-413b-a34d-037096d54b57,1633167226107,14.2282539,52.3057121,4.1862054,0.008051679,-2.0783114,2.044056,on bike mount,cyclo cross,False,asphalt,excellent
eaeae29f-50c4-4e19-bf20-ebbe471ffbd9,4cdb65b8-41e1-4b11-bbc2-8cc68994ce21,f18d6163-4d57-4499-9ad7-7abfd393243e,1633167226159,14.2282539,52.3057121,4.1862054,1.3284636,-3.923787,0.70405674,on bike mount,cyclo cross,False,asphalt,excellent
eaeae29f-50c4-4e19-bf20-ebbe471ffbd9,4cdb65b8-41e1-4b11-bbc2-8cc68994ce21,eb4375bc-c7f4-4fe5-ae23-38866a4d0f33,1633167226208,14.2282539,52.3057121,4.1862054,-1.0246178,2.0134912,-2.2614508,on bike mount,cyclo cross,False,asphalt,excellent
eaeae29f-50c4-4e19-bf20-ebbe471ffbd9,4cdb65b8-41e1-4b11-bbc2-8cc68994ce21,7adbb31d-b4a4-47ac-8d5e-34cd7ace1610,1633167226258,14.2282539,52.3057121,4.1862054,-0.31905794,-1.778141,1.2542524,on bike mount,cyclo cross,False,asphalt,excellent
eaeae29f-50c4-4e19-bf20-ebbe471ffbd9,4cdb65b8-41e1-4b11-bbc2-8cc68994ce21,de7cdc79-2f66-42c7-ab02-7f2e3e73ab5d,1633167226309,14.2282539,52.3057121,4.1862054,-0.3003568,-3.4097219,1.6987715,on bike mount,cyclo cross,False,asphalt,excellent
eaeae29f-50c4-4e19-bf20-ebbe471ffbd9,4cdb65b8-41e1-4b11-bbc2-8cc68994ce21,a1a1d05f-e0c4-491f-9d12-f6db45748b98,1633167226375,14.2282539,52.3057121,4.1862054,0.4635855,-1.5216211,-2.3688388,on bike mount,cyclo cross,False,asphalt,excellent
eaeae29f-50c4-4e19-bf20-ebbe471ffbd9,4cdb65b8-41e1-4b11-bbc2-8cc68994ce21,b9f2302f-4717-4066-af15-3e017576df8c,1633167226426,14.2282539,52.3057121,4.1862054,-0.08290751,-1.1149485,-0.74293613,on bike mount,cyclo cross,False,asphalt,excellent
eaeae29f-50c4-4e19-bf20-ebbe471ffbd9,4cdb65b8-41e1-4b11-bbc2-8cc68994ce21,93fd91a3-a0e4-473b-97ce-62fc85d4e1e1,1633167226476,14.2282539,52.3057121,4.1862054,-0.2913874,1.0417967,-0.25486946,on bike mount,cyclo cross,False,asphalt,excellent
eaeae29f-50c4-4e19-bf20-ebbe471ffbd9,4cdb65b8-41e1-4b11-bbc2-8cc68994ce21,27c1b0c5-46b6-4875-9a6c-41cf04f169d9,1633167226526,14.2282539,52.3057121,4.1862054,0.075879276,-0.87239695,-0.021125793,on bike mount,cyclo cross,False,asphalt,excellent
eaeae29f-50c4-4e19-bf20-ebbe471ffbd9,4cdb65b8-41e1-4b11-bbc2-8cc68994ce21,d09da846-c053-44e7-bc9f-df96bcbb8d8a,1633167226577,14.2282539,52.3057121,4.1862054,0.56540346,-0.8678708,-0.8659363,on bike mount,cyclo cross,False,asphalt,excellent
eaeae29f-50c4-4e19-bf20-ebbe471ffbd9,4cdb65b8-41e1-4b11-bbc2-8cc68994ce21,d0d9e30e-1947-4c41-93fa-5ffb86dfd498,1633167226642,14.2282539,52.3057121,4.1862054,0.93036973,0.37631702,-1.3893251,on bike mount,cyclo cross,False,asphalt,excellent
eaeae29f-50c4-4e19-bf20-ebbe471ffbd9,4cdb65b8-41e1-4b11-bbc2-8cc68994ce21,6580ec9c-6198-4869-bd07-8279a1f1e2fe,1633167226692,14.2282383,52.3056076,3.939316,2.2868626,-0.55716026,-1.0145974,on bike mount,cyclo cross,False,asphalt,excellent
eaeae29f-50c4-4e19-bf20-ebbe471ffbd9,4cdb65b8-41e1-4b11-bbc2-8cc68994ce21,e84b8321-da44-4d2a-a6a7-4a56ed054a79,1633167226742,14.2282383,52.3056076,3.939316,-1.2077434,1.4037967,-0.93141794,on bike mount,cyclo cross,False,asphalt,excellent
eaeae29f-50c4-4e19-bf20-ebbe471ffbd9,4cdb65b8-41e1-4b11-bbc2-8cc68994ce21,d1b6a331-83e4-4945-b307-6b5825877f7f,1633167226794,14.2282383,52.3056076,3.939316,-0.5771193,-1.2301713,-1.8313618,on bike mount,cyclo cross,False,asphalt,excellent
eaeae29f-50c4-4e19-bf20-ebbe471ffbd9,4cdb65b8-41e1-4b11-bbc2-8cc68994ce21,4bc99ac6-3859-44b7-ad78-09c2d54f3590,1633167226859,14.2282383,52.3056076,3.939316,1.2668014,1.3654633,-0.10806656,on bike mount,cyclo cross,False,asphalt,excellent
eaeae29f-50c4-4e19-bf20-ebbe471ffbd9,4cdb65b8-41e1-4b11-bbc2-8cc68994ce21,48a38f92-59c6-4979-a7a1-5dc6c830b548,1633167226911,14.2282383,52.3056076,3.939316,1.0559642,-2.3545148,1.0589018,on bike mount,cyclo cross,False,asphalt,excellent
eaeae29f-50c4-4e19-bf20-ebbe471ffbd9,4cdb65b8-41e1-4b11-bbc2-8cc68994ce21,9f96952d-de78-4796-b51a-cd7640a3e54c,1633167226962,14.2282383,52.3056076,3.939316,-1.0382339,-2.2200499,1.643075,on bike mount,cyclo cross,False,asphalt,excellent
eaeae29f-50c4-4e19-bf20-ebbe471ffbd9,4cdb65b8-41e1-4b11-bbc2-8cc68994ce21,fb9db762-aa06-468f-9fbf-431b0e1025d8,1633167227028,14.2282383,52.3056076,3.939316,-0.11330986,-4.795211,4.600547,on bike mount,cyclo cross,False,asphalt,excellent
eaeae29f-50c4-4e19-bf20-ebbe471ffbd9,4cdb65b8-41e1-4b11-bbc2-8cc68994ce21,e3e1589d-9215-4ebb-a2ae-f07d96c0bf1f,1633167227078,14.2282383,52.3056076,3.939316,4.4326553,0.7322283,-0.067445755,on bike mount,cyclo cross,False,asphalt,excellent
eaeae29f-50c4-4e19-bf20-ebbe471ffbd9,4cdb65b8-41e1-4b11-bbc2-8cc68994ce21,21b9d1e2-4ec9-46af-9b51-8e237e99846d,1633167227144,14.2282383,52.3056076,3.939316,-1.1018432,1.8450768,-1.4274282,on bike mount,cyclo cross,False,asphalt,excellent
eaeae29f-50c4-4e19-bf20-ebbe471ffbd9,4cdb65b8-41e1-4b11-bbc2-8cc68994ce21,c7b86c3b-a61a-4049-81f4-669c6dffac19,1633167227210,14.2282383,52.3056076,3.939316,0.9999188,-3.9412427,0.9645977,on bike mount,cyclo cross,False,asphalt,excellent
eaeae29f-50c4-4e19-bf20-ebbe471ffbd9,4cdb65b8-41e1-4b11-bbc2-8cc68994ce21,3f467b07-89ee-4b09-9bfc-954c65bb5f1d,1633167227266,14.2282493,52.3055867,3.89933,0.14909592,3.1485243,-1.6305418,on bike mount,cyclo cross,False,asphalt,excellent
eaeae29f-50c4-4e19-bf20-ebbe471ffbd9,4cdb65b8-41e1-4b11-bbc2-8cc68994ce21,f83c4a0c-6c69-4096-9105-9b46b755954c,1633167227328,14.2282493,52.3055867,3.89933,2.9961452,5.9676056,-3.020224,on bike mount,cyclo cross,False,asphalt,excellent
eaeae29f-50c4-4e19-bf20-ebbe471ffbd9,4cdb65b8-41e1-4b11-bbc2-8cc68994ce21,52d3aef5-954d-4c07-9b1b-e0bce2835d79,1633167227378,14.2282493,52.3055867,3.89933,-0.34406382,1.0573535,-0.07920933,on bike mount,cyclo cross,False,asphalt,excellent
eaeae29f-50c4-4e19-bf20-ebbe471ffbd9,4cdb65b8-41e1-4b11-bbc2-8cc68994ce21,72de5be3-b6e8-48f5-adc4-c979f3e18294,1633167227428,14.2282493,52.3055867,3.89933,-1.8442221,-2.3461056,1.4593344,on bike mount,cyclo cross,False,asphalt,excellent
eaeae29f-50c4-4e19-bf20-ebbe471ffbd9,4cdb65b8-41e1-4b11-bbc2-8cc68994ce21,5fe60b89-6581-4fce-8370-2baf161cfb2e,1633167227494,14.2282493,52.3055867,3.89933,0.626116,-1.1910677,-0.21386814,on bike mount,cyclo cross,False,asphalt,excellent
eaeae29f-50c4-4e19-bf20-ebbe471ffbd9,4cdb65b8-41e1-4b11-bbc2-8cc68994ce21,bf686419-be1c-4314-8bed-85fa3d129bd7,1633167227544,14.2282493,52.3055867,3.89933,-0.76693225,-0.6342082,-0.80065536,on bike mount,cyclo cross,False,asphalt,excellent
eaeae29f-50c4-4e19-bf20-ebbe471ffbd9,4cdb65b8-41e1-4b11-bbc2-8cc68994ce21,ae410c54-f922-4091-b29a-0e5695374d22,1633167227596,14.2282493,52.3055867,3.89933,0.051171817,0.9924021,-0.29045773,on bike mount,cyclo cross,False,asphalt,excellent
eaeae29f-50c4-4e19-bf20-ebbe471ffbd9,4cdb65b8-41e1-4b11-bbc2-8cc68994ce21,8af7f7fa-706c-4c80-b5e8-f826639bfe2b,1633167227654,14.2282493,52.3055867,3.89933,-0.04396344,0.24375129,-1.0451207,on bike mount,cyclo cross,False,asphalt,excellent
eaeae29f-50c4-4e19-bf20-ebbe471ffbd9,4cdb65b8-41e1-4b11-bbc2-8cc68994ce21,762c60d4-9715-4585-bbec-3747bbf50f4a,1633167227712,14.2282493,52.3055867,3.89933,-0.21685328,-0.7674202,-1.0746384,on bike mount,cyclo cross,False,asphalt,excellent
eaeae29f-50c4-4e19-bf20-ebbe471ffbd9,4cdb65b8-41e1-4b11-bbc2-8cc68994ce21,062f0b27-669b-4ee5-9837-a11b2bef4b9c,1633167227762,14.2282493,52.3055867,3.89933,-0.40518704,0.87621546,0.626276,on bike mount,cyclo cross,False,asphalt,excellent
eaeae29f-50c4-4e19-bf20-ebbe471ffbd9,4cdb65b8-41e1-4b11-bbc2-8cc68994ce21,09278177-52ec-47d0-9de1-4937949cc5f1,1633167227812,14.2282493,52.3055867,3.89933,0.7869419,-0.8658798,-1.8215532,on bike mount,cyclo cross,False,asphalt,excellent
eaeae29f-50c4-4e19-bf20-ebbe471ffbd9,4cdb65b8-41e1-4b11-bbc2-8cc68994ce21,c2c0cb33-998e-4cc0-8498-6e6ad4dc3599,1633167227863,14.2282493,52.3055867,3.89933,1.3449708,1.318635,1.4212208,on bike mount,cyclo cross,False,asphalt,excellent
eaeae29f-50c4-4e19-bf20-ebbe471ffbd9,4cdb65b8-41e1-4b11-bbc2-8cc68994ce21,dc84e217-70c4-4d19-9a7b-b46bbba399eb,1633167227912,14.2282493,52.3055867,3.89933,0.09501997,1.3824134,-1.5848136,on bike mount,cyclo cross,False,asphalt,excellent
eaeae29f-50c4-4e19-bf20-ebbe471ffbd9,4cdb65b8-41e1-4b11-bbc2-8cc68994ce21,a86e18ab-ec2f-4fe6-ab21-11d2e10766d4,1633167227962,14.2282493,52.3055867,3.89933,-1.2449832,1.2999504,-0.6738939,on bike mount,cyclo cross,False,asphalt,excellent
eaeae29f-50c4-4e19-bf20-ebbe471ffbd9,4cdb65b8-41e1-4b11-bbc2-8cc68994ce21,7c5025e0-5dd1-479a-8101-f28e87cd5369,1633167228044,14.2282493,52.3055867,3.89933,2.8192809,1.1742463,2.0073252,on bike mount,cyclo cross,False,asphalt,excellent
eaeae29f-50c4-4e19-bf20-ebbe471ffbd9,4cdb65b8-41e1-4b11-bbc2-8cc68994ce21,c69fb6ef-7d4a-49b5-b9d4-30981127c212,1633167228096,14.2282493,52.3055867,3.89933,1.4179851,-4.8091564,-0.8893776,on bike mount,cyclo cross,False,asphalt,excellent
eaeae29f-50c4-4e19-bf20-ebbe471ffbd9,4cdb65b8-41e1-4b11-bbc2-8cc68994ce21,434e0161-5e5e-46ce-9cba-af2539525d90,1633167228147,14.2282493,52.3055867,3.89933,1.0892076,3.8819003,-2.517356,on bike mount,cyclo cross,False,asphalt,excellent
eaeae29f-50c4-4e19-bf20-ebbe471ffbd9,4cdb65b8-41e1-4b11-bbc2-8cc68994ce21,14184cca-dfec-4f6b-aa16-efc54af61f94,1633167228197,14.2282493,52.3055867,3.89933,0.50757706,2.5615072,0.63942146,on bike mount,cyclo cross,False,asphalt,excellent
eaeae29f-50c4-4e19-bf20-ebbe471ffbd9,4cdb65b8-41e1-4b11-bbc2-8cc68994ce21,a080a537-a230-47b6-a21a-5418c71a2dfa,1633167228247,14.2282493,52.3055867,3.89933,1.3972903,-0.70950496,-0.104701996,on bike mount,cyclo cross,False,asphalt,excellent
eaeae29f-50c4-4e19-bf20-ebbe471ffbd9,4cdb65b8-41e1-4b11-bbc2-8cc68994ce21,a3db7528-4c60-4290-acd1-3b98ec7408d2,1633167228297,14.2282493,52.3055867,3.89933,0.43121052,1.551981,-0.7679653,on bike mount,cyclo cross,False,asphalt,excellent
eaeae29f-50c4-4e19-bf20-ebbe471ffbd9,4cdb65b8-41e1-4b11-bbc2-8cc68994ce21,466dce7c-9554-433a-8cbf-8d2f1aeb7ac4,1633167228347,14.2282493,52.3055867,3.89933,0.68895316,3.652829,-2.0198202,on bike mount,cyclo cross,False,asphalt,excellent
eaeae29f-50c4-4e19-bf20-ebbe471ffbd9,4cdb65b8-41e1-4b11-bbc2-8cc68994ce21,5f32ed34-5e43-469f-b911-d9e7bd8ff34a,1633167228413,14.2282493,52.3055867,3.89933,-4.890595,5.149093,-7.533578,on bike mount,cyclo cross,False,asphalt,excellent
eaeae29f-50c4-4e19-bf20-ebbe471ffbd9,4cdb65b8-41e1-4b11-bbc2-8cc68994ce21,f8e19ff0-f393-4716-8f85-cf34134795fe,1633167228464,14.2282717,52.3055523,3.771906,-3.3307014,-1.8802806,-2.7492886,on bike mount,cyclo cross,False,asphalt,excellent
eaeae29f-50c4-4e19-bf20-ebbe471ffbd9,4cdb65b8-41e1-4b11-bbc2-8cc68994ce21,2338cc99-d707-4f01-93cb-542038e2af9c,1633167228513,14.2282717,52.3055523,3.771906,-2.5753634,0.2058959,-0.5886221,on bike mount,cyclo cross,False,asphalt,excellent
eaeae29f-50c4-4e19-bf20-ebbe471ffbd9,4cdb65b8-41e1-4b11-bbc2-8cc68994ce21,70308312-9a6c-451f-9fe7-2e6b8dd50bbe,1633167228563,14.2282717,52.3055523,3.771906,0.63945925,1.6231165,-1.7695489,on bike mount,cyclo cross,False,asphalt,excellent
eaeae29f-50c4-4e19-bf20-ebbe471ffbd9,4cdb65b8-41e1-4b11-bbc2-8cc68994ce21,a2559e67-53b1-4817-9d3d-e1b71de03012,1633167228614,14.2282717,52.3055523,3.771906,-0.07105851,-0.3310299,1.0802727,on bike mount,cyclo cross,False,asphalt,excellent
eaeae29f-50c4-4e19-bf20-ebbe471ffbd9,4cdb65b8-41e1-4b11-bbc2-8cc68994ce21,d4282e51-ea5b-4c0c-931a-7427d8848400,1633167228665,14.2282717,52.3055523,3.771906,-0.766446,-1.217174,-0.75714684,on bike mount,cyclo cross,False,asphalt,excellent
eaeae29f-50c4-4e19-bf20-ebbe471ffbd9,4cdb65b8-41e1-4b11-bbc2-8cc68994ce21,db048744-deab-4ff0-b165-047799598345,1633167228715,14.2282717,52.3055523,3.771906,-0.6233463,-0.96683145,0.6652899,on bike mount,cyclo cross,False,asphalt,excellent
eaeae29f-50c4-4e19-bf20-ebbe471ffbd9,4cdb65b8-41e1-4b11-bbc2-8cc68994ce21,6a5ac3b8-ce31-4fb9-8404-977b809adcb7,1633167228765,14.2282717,52.3055523,3.771906,-1.4505275,0.6208353,-0.38237,on bike mount,cyclo cross,False,asphalt,excellent
eaeae29f-50c4-4e19-bf20-ebbe471ffbd9,4cdb65b8-41e1-4b11-bbc2-8cc68994ce21,5d7c9952-1b24-4c45-8a2d-12789d23597e,1633167228833,14.2282717,52.3055523,3.771906,3.092706,3.2077646,1.1147518,on bike mount,cyclo cross,False,asphalt,excellent
eaeae29f-50c4-4e19-bf20-ebbe471ffbd9,4cdb65b8-41e1-4b11-bbc2-8cc68994ce21,42f01580-8e95-4589-9a86-9240cdfd2673,1633167228882,14.2282717,52.3055523,3.771906,0.9800499,2.0526109,-1.156609,on bike mount,cyclo cross,False,asphalt,excellent
eaeae29f-50c4-4e19-bf20-ebbe471ffbd9,4cdb65b8-41e1-4b11-bbc2-8cc68994ce21,bf18db60-db72-445a-b492-aea70ab8722d,1633167228932,14.2282717,52.3055523,3.771906,-0.95386684,-0.3117535,1.0213823,on bike mount,cyclo cross,False,asphalt,excellent
eaeae29f-50c4-4e19-bf20-ebbe471ffbd9,4cdb65b8-41e1-4b11-bbc2-8cc68994ce21,28f83111-62aa-4bad-a66b-0cc2b44338a0,1633167228995,14.2282717,52.3055523,3.771906,-0.5780343,-2.0421414,0.0006828308,on bike mount,cyclo cross,False,asphalt,excellent
eaeae29f-50c4-4e19-bf20-ebbe471ffbd9,4cdb65b8-41e1-4b11-bbc2-8cc68994ce21,771aa79c-0305-4068-8d4e-c2dab8667407,1633167229205,14.2282717,52.3055523,3.771906,0.46869558,-2.2821274,0.9101019,on bike mount,cyclo cross,False,asphalt,excellent
eaeae29f-50c4-4e19-bf20-ebbe471ffbd9,4cdb65b8-41e1-4b11-bbc2-8cc68994ce21,2990fbe9-65f9-41bb-be9a-f59617208599,1633167229303,14.2282779,52.305531,3.6692152,-0.0818157,-0.51899743,0.758091,on bike mount,cyclo cross,False,asphalt,excellent
eaeae29f-50c4-4e19-bf20-ebbe471ffbd9,4cdb65b8-41e1-4b11-bbc2-8cc68994ce21,bd45b3c5-0fc6-4303-9e27-33f305e119fb,1633167229511,14.2282779,52.305531,3.6692152,-1.0303433,-2.4635086,-0.29081059,on bike mount,cyclo cross,False,asphalt,excellent
eaeae29f-50c4-4e19-bf20-ebbe471ffbd9,4cdb65b8-41e1-4b11-bbc2-8cc68994ce21,6b0e4021-ff43-4e88-8a1f-e32f7ada275e,1633167229564,14.2282779,52.305531,3.6692152,1.6170835,2.3535929,3.3482122,on bike mount,cyclo cross,False,asphalt,excellent
eaeae29f-50c4-4e19-bf20-ebbe471ffbd9,4cdb65b8-41e1-4b11-bbc2-8cc68994ce21,b63f5144-24b4-4c66-8360-523ad4c01e7b,1633167229618,14.2282779,52.305531,3.6692152,0.3264901,2.6829913,-0.35748768,on bike mount,cyclo cross,False,asphalt,excellent
eaeae29f-50c4-4e19-bf20-ebbe471ffbd9,4cdb65b8-41e1-4b11-bbc2-8cc68994ce21,a8370a3c-94f3-473f-9717-b3863ed8a0a2,1633167229683,14.2282857,52.305514,3.613413,-2.6683924,-5.101844,0.0155591965,on bike mount,cyclo cross,False,asphalt,excellent
eaeae29f-50c4-4e19-bf20-ebbe471ffbd9,4cdb65b8-41e1-4b11-bbc2-8cc68994ce21,cf1c792c-32fa-4bd1-bc5c-d55fa4a2563f,1633167229833,14.2282857,52.305514,3.613413,-1.0161018,-1.558046,0.617342,on bike mount,cyclo cross,False,asphalt,excellent
eaeae29f-50c4-4e19-bf20-ebbe471ffbd9,4cdb65b8-41e1-4b11-bbc2-8cc68994ce21,be779e28-2594-4f60-9f40-97f45438b0c9,1633167229883,14.2282857,52.305514,3.613413,1.9514112,1.3528097,-0.50189304,on bike mount,cyclo cross,False,asphalt,excellent
eaeae29f-50c4-4e19-bf20-ebbe471ffbd9,4cdb65b8-41e1-4b11-bbc2-8cc68994ce21,abfa15a9-e573-4a71-8f11-1bae5304ab08,1633167229933,14.2282857,52.305514,3.613413,0.31084037,0.09700894,1.0200796,on bike mount,cyclo cross,False,asphalt,excellent
eaeae29f-50c4-4e19-bf20-ebbe471ffbd9,4cdb65b8-41e1-4b11-bbc2-8cc68994ce21,3b6d1c13-d3d8-4733-bb5e-7d612031ef67,1633167229983,14.2282857,52.305514,3.613413,-0.025426134,1.0610721,-0.515954,on bike mount,cyclo cross,False,asphalt,excellent
eaeae29f-50c4-4e19-bf20-ebbe471ffbd9,4cdb65b8-41e1-4b11-bbc2-8cc68994ce21,75ea2d56-18c6-4b09-8297-bda59aa21da5,1633167230033,14.2282857,52.305514,3.613413,-1.3565888,-2.1427906,0.47685814,on bike mount,cyclo cross,False,asphalt,excellent
eaeae29f-50c4-4e19-bf20-ebbe471ffbd9,4cdb65b8-41e1-4b11-bbc2-8cc68994ce21,eebf5b8a-7d76-4b52-aed4-a32fc3799780,1633167230109,14.2282857,52.305514,3.613413,-0.16904745,-0.74813175,-0.85133934,on bike mount,cyclo cross,False,asphalt,excellent
eaeae29f-50c4-4e19-bf20-ebbe471ffbd9,4cdb65b8-41e1-4b11-bbc2-8cc68994ce21,5938db8e-783a-40b0-b522-c7461529a464,1633167230159,14.2282857,52.305514,3.613413,-0.06764376,0.60169935,0.48941803,on bike mount,cyclo cross,False,asphalt,excellent
eaeae29f-50c4-4e19-bf20-ebbe471ffbd9,4cdb65b8-41e1-4b11-bbc2-8cc68994ce21,f250a733-017b-4af3-b85c-a74b84b2786f,1633167230209,14.2282857,52.305514,3.613413,-0.81050324,0.31689405,-2.0368395,on bike mount,cyclo cross,False,asphalt,excellent
eaeae29f-50c4-4e19-bf20-ebbe471ffbd9,4cdb65b8-41e1-4b11-bbc2-8cc68994ce21,7d8adc77-7bcf-4d96-bb4b-9f1bde9fae89,1633167230259,14.2282857,52.305514,3.613413,-1.6214015,-1.3921689,1.4422646,on bike mount,cyclo cross,False,asphalt,excellent
eaeae29f-50c4-4e19-bf20-ebbe471ffbd9,4cdb65b8-41e1-4b11-bbc2-8cc68994ce21,81b8fd82-0f11-435f-bae6-f82247905498,1633167230309,14.2282857,52.305514,3.613413,0.6555526,1.1085331,-0.8871231,on bike mount,cyclo cross,False,asphalt,excellent
eaeae29f-50c4-4e19-bf20-ebbe471ffbd9,4cdb65b8-41e1-4b11-bbc2-8cc68994ce21,e3f81c6f-b4da-4bd9-bcc7-b7c49d50cc1b,1633167230359,14.2282857,52.305514,3.613413,0.21457088,-0.49916196,-0.40294266,on bike mount,cyclo cross,False,asphalt,excellent
eaeae29f-50c4-4e19-bf20-ebbe471ffbd9,4cdb65b8-41e1-4b11-bbc2-8cc68994ce21,fb5bfea6-7ee1-4dcd-9561-d61e6fafabf2,1633167230409,14.2282857,52.305514,3.613413,-1.3393755,-1.023475,-0.71065235,on bike mount,cyclo cross,False,asphalt,excellent
eaeae29f-50c4-4e19-bf20-ebbe471ffbd9,4cdb65b8-41e1-4b11-bbc2-8cc68994ce21,b20bfaee-f759-4758-9274-7e6e5bac32bd,1633167230460,14.2282857,52.305514,3.613413,-0.29971796,0.2299006,0.7591038,on bike mount,cyclo cross,False,asphalt,excellent
eaeae29f-50c4-4e19-bf20-ebbe471ffbd9,4cdb65b8-41e1-4b11-bbc2-8cc68994ce21,1207ecf6-05a7-4660-a8ef-c5cb26d11dcb,1633167230546,14.228298,52.3054906,3.5422657,-0.94616127,0.47847366,0.06267071,on bike mount,cyclo cross,False,asphalt,excellent
eaeae29f-50c4-4e19-bf20-ebbe471ffbd9,4cdb65b8-41e1-4b11-bbc2-8cc68994ce21,02d7bfa6-0c7d-4088-985d-26feca29e5e0,1633167230597,14.228298,52.3054906,3.5422657,0.048039556,0.699327,0.6260185,on bike mount,cyclo cross,False,asphalt,excellent
eaeae29f-50c4-4e19-bf20-ebbe471ffbd9,4cdb65b8-41e1-4b11-bbc2-8cc68994ce21,f946d514-b268-4739-be2a-c8542e5c09fa,1633167230648,14.228298,52.3054906,3.5422657,0.21964973,-1.3374839,0.6325083,on bike mount,cyclo cross,False,asphalt,excellent
eaeae29f-50c4-4e19-bf20-ebbe471ffbd9,4cdb65b8-41e1-4b11-bbc2-8cc68994ce21,26035434-0225-42a6-95f2-39e894925e01,1633167230698,14.228298,52.3054906,3.5422657,0.7536287,1.5930943,-2.2002726,on bike mount,cyclo cross,False,asphalt,excellent
eaeae29f-50c4-4e19-bf20-ebbe471ffbd9,4cdb65b8-41e1-4b11-bbc2-8cc68994ce21,525eb841-b013-443f-97d9-6bf38a911725,1633167230749,14.228298,52.3054906,3.5422657,-1.7922641,-1.119204,-0.062558174,on bike mount,cyclo cross,False,asphalt,excellent
eaeae29f-50c4-4e19-bf20-ebbe471ffbd9,4cdb65b8-41e1-4b11-bbc2-8cc68994ce21,e6b4c0f0-d7b4-4bb8-8c83-00f2f09fbd51,1633167230815,14.228298,52.3054906,3.5422657,-1.6954064,0.11864138,0.4203577,on bike mount,cyclo cross,False,asphalt,excellent
eaeae29f-50c4-4e19-bf20-ebbe471ffbd9,4cdb65b8-41e1-4b11-bbc2-8cc68994ce21,0a891f1f-edf2-441f-9c8d-d1bed82e7f71,1633167230865,14.228298,52.3054906,3.5422657,1.5524004,1.0511913,-0.82325935,on bike mount,cyclo cross,False,asphalt,excellent
eaeae29f-50c4-4e19-bf20-ebbe471ffbd9,4cdb65b8-41e1-4b11-bbc2-8cc68994ce21,0a22ebf5-e90e-403b-a989-4e11fad9e67c,1633167230915,14.228298,52.3054906,3.5422657,-0.5835669,-1.6532971,-0.80332756,on bike mount,cyclo cross,False,asphalt,excellent
eaeae29f-50c4-4e19-bf20-ebbe471ffbd9,4cdb65b8-41e1-4b11-bbc2-8cc68994ce21,f7291928-9da0-4df2-b022-f08845ce11d1,1633167230965,14.228298,52.3054906,3.5422657,-0.82020074,-1.2019751,0.26537418,on bike mount,cyclo cross,False,asphalt,excellent
eaeae29f-50c4-4e19-bf20-ebbe471ffbd9,4cdb65b8-41e1-4b11-bbc2-8cc68994ce21,77b75ee8-fe60-4590-bb87-763523dc7c6a,1633167231015,14.228298,52.3054906,3.5422657,0.96456563,2.6986876,-1.121294,on bike mount,cyclo cross,False,asphalt,excellent
eaeae29f-50c4-4e19-bf20-ebbe471ffbd9,4cdb65b8-41e1-4b11-bbc2-8cc68994ce21,d425b773-6d6d-4f3e-9319-354791d30ce1,1633167231065,14.228298,52.3054906,3.5422657,1.201071,2.8207726,0.11843681,on bike mount,cyclo cross,False,asphalt,excellent
eaeae29f-50c4-4e19-bf20-ebbe471ffbd9,4cdb65b8-41e1-4b11-bbc2-8cc68994ce21,1c5df8e7-4221-4579-b258-2b0fed253e1c,1633167231115,14.228298,52.3054906,3.5422657,-0.64554954,-0.0713892,-0.93953514,on bike mount,cyclo cross,False,asphalt,excellent
eaeae29f-50c4-4e19-bf20-ebbe471ffbd9,4cdb65b8-41e1-4b11-bbc2-8cc68994ce21,49a08065-178b-4c16-a324-df84f49a4563,1633167231172,14.228298,52.3054906,3.5422657,-0.24746293,0.5114651,0.1712799,on bike mount,cyclo cross,False,asphalt,excellent
eaeae29f-50c4-4e19-bf20-ebbe471ffbd9,4cdb65b8-41e1-4b11-bbc2-8cc68994ce21,e7c4fc99-4587-4aae-94b0-5805d0fd75b2,1633167231222,14.228298,52.3054906,3.5422657,0.48539084,0.49753332,0.0876627,on bike mount,cyclo cross,False,asphalt,excellent
eaeae29f-50c4-4e19-bf20-ebbe471ffbd9,4cdb65b8-41e1-4b11-bbc2-8cc68994ce21,2992b5f7-121a-4a7a-9fcb-845c8c5ce057,1633167231272,14.228298,52.3054906,3.5422657,1.2007687,2.2322435,-0.039769173,on bike mount,cyclo cross,False,asphalt,excellent
eaeae29f-50c4-4e19-bf20-ebbe471ffbd9,4cdb65b8-41e1-4b11-bbc2-8cc68994ce21,58237ce6-8eec-41c5-a906-5418799ef666,1633167231322,14.228298,52.3054906,3.5422657,-0.2682662,-0.78808546,-0.6296196,on bike mount,cyclo cross,False,asphalt,excellent
eaeae29f-50c4-4e19-bf20-ebbe471ffbd9,4cdb65b8-41e1-4b11-bbc2-8cc68994ce21,ee543a1c-2ece-49cd-9390-eb0bfe4048c7,1633167231372,14.228298,52.3054906,3.5422657,0.14417908,-0.11592245,1.7641392,on bike mount,cyclo cross,False,asphalt,excellent
eaeae29f-50c4-4e19-bf20-ebbe471ffbd9,4cdb65b8-41e1-4b11-bbc2-8cc68994ce21,f921e862-f615-487c-96da-3f9433a9e8a1,1633167231422,14.228298,52.3054906,3.5422657,1.2205759,0.29576087,1.8201265,on bike mount,cyclo cross,False,asphalt,excellent
eaeae29f-50c4-4e19-bf20-ebbe471ffbd9,4cdb65b8-41e1-4b11-bbc2-8cc68994ce21,486d9c8f-6701-4a26-835a-34c41a69c6ea,1633167231516,14.228298,52.3054906,3.5422657,2.0949872,-0.14605808,-3.3963585,on bike mount,cyclo cross,False,asphalt,excellent
eaeae29f-50c4-4e19-bf20-ebbe471ffbd9,4cdb65b8-41e1-4b11-bbc2-8cc68994ce21,38c9a726-5adb-42e0-b75d-32ffd61044a7,1633167231566,14.228298,52.3054906,3.5422657,1.0242237,-1.7464426,2.0898886,on bike mount,cyclo cross,False,asphalt,excellent
eaeae29f-50c4-4e19-bf20-ebbe471ffbd9,4cdb65b8-41e1-4b11-bbc2-8cc68994ce21,060b0a32-cd10-491f-b590-6bfddb828a5a,1633167231616,14.228298,52.3054906,3.5422657,-0.19177595,0.30690622,-0.4790678,on bike mount,cyclo cross,False,asphalt,excellent
eaeae29f-50c4-4e19-bf20-ebbe471ffbd9,4cdb65b8-41e1-4b11-bbc2-8cc68994ce21,a89e14f6-cab5-4254-94e6-0c9456602554,1633167231666,14.228268,52.30545,3.3917737,0.7637063,0.2756307,0.91428566,on bike mount,cyclo cross,False,asphalt,excellent
eaeae29f-50c4-4e19-bf20-ebbe471ffbd9,4cdb65b8-41e1-4b11-bbc2-8cc68994ce21,d430d640-963b-4093-a7e6-dd75f777c559,1633167231716,14.228268,52.30545,3.3917737,-0.5737781,0.10080576,0.2077179,on bike mount,cyclo cross,False,asphalt,excellent
eaeae29f-50c4-4e19-bf20-ebbe471ffbd9,4cdb65b8-41e1-4b11-bbc2-8cc68994ce21,a341e757-06e3-44a1-a2ea-1fb4d5771aeb,1633167231766,14.228268,52.30545,3.3917737,0.19391364,-1.2707875,1.1234608,on bike mount,cyclo cross,False,asphalt,excellent
eaeae29f-50c4-4e19-bf20-ebbe471ffbd9,4cdb65b8-41e1-4b11-bbc2-8cc68994ce21,2c3a1420-75cc-472a-95ed-729fdffad5d9,1633167231860,14.228268,52.30545,3.3917737,-0.087929465,-0.94102705,-1.3628931,on bike mount,cyclo cross,False,asphalt,excellent
eaeae29f-50c4-4e19-bf20-ebbe471ffbd9,4cdb65b8-41e1-4b11-bbc2-8cc68994ce21,56575804-b824-4c5f-95c8-2a03bce034b6,1633167231910,14.228268,52.30545,3.3917737,0.05281779,0.11895156,-0.5728903,on bike mount,cyclo cross,False,asphalt,excellent
eaeae29f-50c4-4e19-bf20-ebbe471ffbd9,4cdb65b8-41e1-4b11-bbc2-8cc68994ce21,bc71e16b-3900-46dc-8799-b1c339faaacf,1633167231960,14.228268,52.30545,3.3917737,0.0523161,0.07898617,0.41973305,on bike mount,cyclo cross,False,asphalt,excellent
eaeae29f-50c4-4e19-bf20-ebbe471ffbd9,4cdb65b8-41e1-4b11-bbc2-8cc68994ce21,e55dc5a5-ca55-452f-a09a-247791f333d5,1633167232010,14.228268,52.30545,3.3917737,-0.20851237,-0.48959517,0.08627319,on bike mount,cyclo cross,False,asphalt,excellent
eaeae29f-50c4-4e19-bf20-ebbe471ffbd9,4cdb65b8-41e1-4b11-bbc2-8cc68994ce21,d85016d8-1adb-4072-9b2a-1f691425273f,1633167232060,14.228268,52.30545,3.3917737,-0.37333208,0.3011229,1.5539751,on bike mount,cyclo cross,False,asphalt,excellent
eaeae29f-50c4-4e19-bf20-ebbe471ffbd9,4cdb65b8-41e1-4b11-bbc2-8cc68994ce21,977ee168-651c-4a7a-bca8-257262be3a81,1633167232110,14.228268,52.30545,3.3917737,-0.041757613,0.38874888,-1.6737294,on bike mount,cyclo cross,False,asphalt,excellent
eaeae29f-50c4-4e19-bf20-ebbe471ffbd9,4cdb65b8-41e1-4b11-bbc2-8cc68994ce21,1911d177-beb5-43f7-b129-68e0058d633c,1633167232206,14.228268,52.30545,3.3917737,-0.3308604,0.8793156,-0.29759502,on bike mount,cyclo cross,False,asphalt,excellent
eaeae29f-50c4-4e19-bf20-ebbe471ffbd9,4cdb65b8-41e1-4b11-bbc2-8cc68994ce21,fa5dd627-161a-48ad-9e53-e313aebecfc7,1633167232256,14.228268,52.30545,3.3917737,-0.509003,-0.5080955,1.330924,on bike mount,cyclo cross,False,asphalt,excellent
eaeae29f-50c4-4e19-bf20-ebbe471ffbd9,4cdb65b8-41e1-4b11-bbc2-8cc68994ce21,30daf36d-89b2-4a7e-89b7-e5bbe6880b01,1633167232306,14.228268,52.30545,3.3917737,-0.7524123,-1.4187943,-0.6296034,on bike mount,cyclo cross,False,asphalt,excellent
eaeae29f-50c4-4e19-bf20-ebbe471ffbd9,4cdb65b8-41e1-4b11-bbc2-8cc68994ce21,0ed19a05-43b9-47b0-a056-3c01b467e596,1633167232356,14.228268,52.30545,3.3917737,-0.0628905,0.9390907,0.60310555,on bike mount,cyclo cross,False,asphalt,excellent
eaeae29f-50c4-4e19-bf20-ebbe471ffbd9,4cdb65b8-41e1-4b11-bbc2-8cc68994ce21,6cc39c11-54bb-40f1-976e-dbe6f5202414,1633167232406,14.228268,52.30545,3.3917737,0.2602121,1.0456655,1.7616253,on bike mount,cyclo cross,False,asphalt,excellent
eaeae29f-50c4-4e19-bf20-ebbe471ffbd9,4cdb65b8-41e1-4b11-bbc2-8cc68994ce21,df97bef2-0dcf-4899-ade5-996f135b8604,1633167232456,14.228268,52.30545,3.3917737,-0.23458666,0.049871683,0.5110264,on bike mount,cyclo cross,False,asphalt,excellent
eaeae29f-50c4-4e19-bf20-ebbe471ffbd9,4cdb65b8-41e1-4b11-bbc2-8cc68994ce21,41926c46-6171-45dc-addf-aabcfac1e6cd,1633167232546,14.228268,52.30545,3.3917737,-0.5557342,-0.72746325,-0.4425125,on bike mount,cyclo cross,False,asphalt,excellent
eaeae29f-50c4-4e19-bf20-ebbe471ffbd9,4cdb65b8-41e1-4b11-bbc2-8cc68994ce21,ea47fdb4-d7f6-43b2-9021-2ee0895fb11a,1633167232597,14.228268,52.30545,3.3917737,-0.26574484,-0.6654601,-0.03372574,on bike mount,cyclo cross,False,asphalt,excellent
eaeae29f-50c4-4e19-bf20-ebbe471ffbd9,4cdb65b8-41e1-4b11-bbc2-8cc68994ce21,935bd703-f7b8-4a45-9e06-1c30c6c2396f,1633167232649,14.228268,52.30545,3.3917737,-0.16154055,0.5458875,-2.4798756,on bike mount,cyclo cross,False,asphalt,excellent
eaeae29f-50c4-4e19-bf20-ebbe471ffbd9,4cdb65b8-41e1-4b11-bbc2-8cc68994ce21,3fa9f2f2-7210-4249-abfd-c7de48e1c24e,1633167232699,14.2282523,52.3054137,3.2841725,-0.20348626,-0.60826015,1.7392626,on bike mount,cyclo cross,False,asphalt,excellent
eaeae29f-50c4-4e19-bf20-ebbe471ffbd9,4cdb65b8-41e1-4b11-bbc2-8cc68994ce21,7811b1c3-b1dd-4c8c-99b0-d0fe39e5a948,1633167232749,14.2282523,52.3054137,3.2841725,0.3082298,-0.23820686,0.67672634,on bike mount,cyclo cross,False,asphalt,excellent
eaeae29f-50c4-4e19-bf20-ebbe471ffbd9,4cdb65b8-41e1-4b11-bbc2-8cc68994ce21,5e7797ac-ef91-415e-9117-4d0fb7ead07d,1633167232800,14.2282523,52.3054137,3.2841725,-0.77128136,-0.14736485,-0.73947525,on bike mount,cyclo cross,False,asphalt,excellent
eaeae29f-50c4-4e19-bf20-ebbe471ffbd9,4cdb65b8-41e1-4b11-bbc2-8cc68994ce21,ef961950-e95d-48d4-bef8-b745b63782a6,1633167232898,14.2282523,52.3054137,3.2841725,0.18899256,-0.4433248,1.599493,on bike mount,cyclo cross,False,asphalt,excellent
eaeae29f-50c4-4e19-bf20-ebbe471ffbd9,4cdb65b8-41e1-4b11-bbc2-8cc68994ce21,7f278bcb-51ce-4b41-8d9e-d096058617bf,1633167232948,14.2282523,52.3054137,3.2841725,0.46066767,1.6865888,-0.8455105,on bike mount,cyclo cross,False,asphalt,excellent
eaeae29f-50c4-4e19-bf20-ebbe471ffbd9,4cdb65b8-41e1-4b11-bbc2-8cc68994ce21,55d197e3-b54c-47ad-a107-1f2adc93e76c,1633167233003,14.2282523,52.3054137,3.2841725,0.5163449,-1.2798548,-2.7572942,on bike mount,cyclo cross,False,asphalt,excellent
eaeae29f-50c4-4e19-bf20-ebbe471ffbd9,4cdb65b8-41e1-4b11-bbc2-8cc68994ce21,e7d53ee8-1991-4982-b337-b837fefffac9,1633167233052,14.2282523,52.3054137,3.2841725,0.1662555,-1.29882,0.84074116,on bike mount,cyclo cross,False,asphalt,excellent
eaeae29f-50c4-4e19-bf20-ebbe471ffbd9,4cdb65b8-41e1-4b11-bbc2-8cc68994ce21,e1261978-4025-49fa-82fd-bb8ad0533ded,1633167233102,14.2282523,52.3054137,3.2841725,-0.5485407,1.410696,-1.7426267,on bike mount,cyclo cross,False,asphalt,excellent
eaeae29f-50c4-4e19-bf20-ebbe471ffbd9,4cdb65b8-41e1-4b11-bbc2-8cc68994ce21,7d2617e0-c893-4879-a167-cbe16bd1b8d9,1633167233152,14.2282523,52.3054137,3.2841725,0.12575419,0.11550903,0.9311571,on bike mount,cyclo cross,False,asphalt,excellent
eaeae29f-50c4-4e19-bf20-ebbe471ffbd9,4cdb65b8-41e1-4b11-bbc2-8cc68994ce21,5484c9b7-7920-4628-a22a-50440c6ca866,1633167233247,14.2282523,52.3054137,3.2841725,1.0465229,-0.075755835,0.32005882,on bike mount,cyclo cross,False,asphalt,excellent
eaeae29f-50c4-4e19-bf20-ebbe471ffbd9,4cdb65b8-41e1-4b11-bbc2-8cc68994ce21,c254b29e-4b10-4175-afce-5a8df04b763e,1633167233297,14.2282523,52.3054137,3.2841725,-0.59248024,2.3400564,0.80707836,on bike mount,cyclo cross,False,asphalt,excellent
eaeae29f-50c4-4e19-bf20-ebbe471ffbd9,4cdb65b8-41e1-4b11-bbc2-8cc68994ce21,31e987ca-fa6b-4a66-a5cb-f270e7c48a70,1633167233347,14.2282523,52.3054137,3.2841725,-0.3474647,1.4686501,0.41216183,on bike mount,cyclo cross,False,asphalt,excellent
eaeae29f-50c4-4e19-bf20-ebbe471ffbd9,4cdb65b8-41e1-4b11-bbc2-8cc68994ce21,33c3f1a7-518b-480c-a0c8-c66f6edde1e8,1633167233398,14.2282523,52.3054137,3.2841725,0.30379605,0.43876958,-0.72501755,on bike mount,cyclo cross,False,asphalt,excellent
eaeae29f-50c4-4e19-bf20-ebbe471ffbd9,4cdb65b8-41e1-4b11-bbc2-8cc68994ce21,e0103e5b-00e9-4f29-a9c1-0e77463b2c55,1633167233448,14.2282523,52.3054137,3.2841725,-0.79490113,0.8687506,1.8640413,on bike mount,cyclo cross,False,asphalt,excellent
eaeae29f-50c4-4e19-bf20-ebbe471ffbd9,4cdb65b8-41e1-4b11-bbc2-8cc68994ce21,b107d82e-7ac1-4779-90bb-d6f38138e772,1633167233498,14.2282523,52.3054137,3.2841725,-0.7690631,-1.6005684,-0.32308483,on bike mount,cyclo cross,False,asphalt,excellent
eaeae29f-50c4-4e19-bf20-ebbe471ffbd9,4cdb65b8-41e1-4b11-bbc2-8cc68994ce21,3ba29941-0ac8-4818-a78b-82cf6fef3bf4,1633167233596,14.2282523,52.3054137,3.2841725,-0.41569686,-0.3383689,-0.67586327,on bike mount,cyclo cross,False,asphalt,excellent
eaeae29f-50c4-4e19-bf20-ebbe471ffbd9,4cdb65b8-41e1-4b11-bbc2-8cc68994ce21,bc58cf78-1a91-442a-8b76-0f175ade6935,1633167233646,14.2282523,52.3054137,3.2841725,-0.39282623,0.41114068,-0.773551,on bike mount,cyclo cross,False,asphalt,excellent
eaeae29f-50c4-4e19-bf20-ebbe471ffbd9,4cdb65b8-41e1-4b11-bbc2-8cc68994ce21,3bdd2ac6-e7fb-4df5-ac3c-92b613f3099e,1633167233696,14.228256,52.3053852,3.2585883,-0.2550075,0.82717705,0.10166168,on bike mount,cyclo cross,False,asphalt,excellent
eaeae29f-50c4-4e19-bf20-ebbe471ffbd9,4cdb65b8-41e1-4b11-bbc2-8cc68994ce21,6b64f152-71ed-4f16-9cbf-e5179a96d2c4,1633167233746,14.228256,52.3053852,3.2585883,-0.27055097,-0.5483825,-1.5880446,on bike mount,cyclo cross,False,asphalt,excellent
eaeae29f-50c4-4e19-bf20-ebbe471ffbd9,4cdb65b8-41e1-4b11-bbc2-8cc68994ce21,2c90c151-7561-4136-80a6-d485f5736c3b,1633167233796,14.228256,52.3053852,3.2585883,-1.0278827,-2.3285666,1.563777,on bike mount,cyclo cross,False,asphalt,excellent
eaeae29f-50c4-4e19-bf20-ebbe471ffbd9,4cdb65b8-41e1-4b11-bbc2-8cc68994ce21,c3130ee7-5fd8-4387-b9b5-4597ffaa6803,1633167233846,14.228256,52.3053852,3.2585883,-1.5204644,1.6453104,0.4766512,on bike mount,cyclo cross,False,asphalt,excellent
eaeae29f-50c4-4e19-bf20-ebbe471ffbd9,4cdb65b8-41e1-4b11-bbc2-8cc68994ce21,d40e19a9-f3cd-49f4-a33f-ce8f35678c76,1633167233937,14.228256,52.3053852,3.2585883,-1.0575569,0.012038469,1.3924465,on bike mount,cyclo cross,False,asphalt,excellent
eaeae29f-50c4-4e19-bf20-ebbe471ffbd9,4cdb65b8-41e1-4b11-bbc2-8cc68994ce21,abe22457-0200-4c37-836b-849b0679feee,1633167233987,14.228256,52.3053852,3.2585883,-1.526139,-0.022606134,0.47808933,on bike mount,cyclo cross,False,asphalt,excellent
eaeae29f-50c4-4e19-bf20-ebbe471ffbd9,4cdb65b8-41e1-4b11-bbc2-8cc68994ce21,d4087a8e-788f-42ab-b071-13872fec6cf5,1633167234037,14.228256,52.3053852,3.2585883,-0.21968752,-0.12287116,-2.4293885,on bike mount,cyclo cross,False,asphalt,excellent
eaeae29f-50c4-4e19-bf20-ebbe471ffbd9,4cdb65b8-41e1-4b11-bbc2-8cc68994ce21,5b0f5205-481d-43be-b183-434c35f2f615,1633167234086,14.228256,52.3053852,3.2585883,-0.6652804,-0.10394049,1.1703825,on bike mount,cyclo cross,False,asphalt,excellent
eaeae29f-50c4-4e19-bf20-ebbe471ffbd9,4cdb65b8-41e1-4b11-bbc2-8cc68994ce21,ba78b2f0-e26b-420d-a59b-527cbc7e76cb,1633167234136,14.228256,52.3053852,3.2585883,-0.90453535,1.3171165,1.597188,on bike mount,cyclo cross,False,asphalt,excellent
eaeae29f-50c4-4e19-bf20-ebbe471ffbd9,4cdb65b8-41e1-4b11-bbc2-8cc68994ce21,5e943190-772d-4f66-aff2-31063bf12a8e,1633167234186,14.228256,52.3053852,3.2585883,-0.1316458,-1.1030536,-1.6974363,on bike mount,cyclo cross,False,asphalt,excellent
eaeae29f-50c4-4e19-bf20-ebbe471ffbd9,4cdb65b8-41e1-4b11-bbc2-8cc68994ce21,43357123-3b3e-41b0-a0a2-589b19cf9909,1633167234282,14.228256,52.3053852,3.2585883,-0.18910414,0.2477858,-1.3013058,on bike mount,cyclo cross,False,asphalt,excellent
eaeae29f-50c4-4e19-bf20-ebbe471ffbd9,4cdb65b8-41e1-4b11-bbc2-8cc68994ce21,f77b86a3-5573-4fa6-a360-9b756656fd30,1633167234332,14.228256,52.3053852,3.2585883,-0.419366,0.7780514,0.46304893,on bike mount,cyclo cross,False,asphalt,excellent
eaeae29f-50c4-4e19-bf20-ebbe471ffbd9,4cdb65b8-41e1-4b11-bbc2-8cc68994ce21,befa5b47-93e1-4eca-8bb3-2699dd3ad0ba,1633167234382,14.228256,52.3053852,3.2585883,-0.21471041,-0.4972024,-0.22338963,on bike mount,cyclo cross,False,asphalt,excellent
eaeae29f-50c4-4e19-bf20-ebbe471ffbd9,4cdb65b8-41e1-4b11-bbc2-8cc68994ce21,01580e52-c2ba-4265-88d5-17d5564dffb2,1633167234433,14.228256,52.3053852,3.2585883,0.27346385,-1.4647243,-0.90727425,on bike mount,cyclo cross,False,asphalt,excellent
eaeae29f-50c4-4e19-bf20-ebbe471ffbd9,4cdb65b8-41e1-4b11-bbc2-8cc68994ce21,b8a71f1a-da84-465c-8169-54d28827912f,1633167234483,14.228256,52.3053852,3.2585883,-0.022785723,0.94139934,-0.01184082,on bike mount,cyclo cross,False,asphalt,excellent
eaeae29f-50c4-4e19-bf20-ebbe471ffbd9,4cdb65b8-41e1-4b11-bbc2-8cc68994ce21,2c81a5a7-7461-4899-88ea-dc7eee99cb4a,1633167234533,14.228256,52.3053852,3.2585883,0.049443245,1.4969978,-1.5721459,on bike mount,cyclo cross,False,asphalt,excellent
eaeae29f-50c4-4e19-bf20-ebbe471ffbd9,4cdb65b8-41e1-4b11-bbc2-8cc68994ce21,9617247a-38b2-4f00-af7f-2142a492011f,1633167234636,14.2282507,52.305355,3.2179906,-0.18578929,-0.27271056,1.0109339,on bike mount,cyclo cross,False,asphalt,excellent
eaeae29f-50c4-4e19-bf20-ebbe471ffbd9,4cdb65b8-41e1-4b11-bbc2-8cc68994ce21,9a6b0743-b12f-43df-a9c2-e6b03be05be8,1633167234686,14.2282507,52.305355,3.2179906,-1.7393985,-6.510577,6.644226,on bike mount,cyclo cross,False,asphalt,excellent
eaeae29f-50c4-4e19-bf20-ebbe471ffbd9,4cdb65b8-41e1-4b11-bbc2-8cc68994ce21,70327467-0e3e-40f1-beb6-6656d2b937b8,1633167234736,14.2282507,52.305355,3.2179906,-0.5240844,-2.7631395,-2.4199762,on bike mount,cyclo cross,False,asphalt,excellent
eaeae29f-50c4-4e19-bf20-ebbe471ffbd9,4cdb65b8-41e1-4b11-bbc2-8cc68994ce21,77086724-cd51-45ab-9aff-8cdf239fdc78,1633167234786,14.2282507,52.305355,3.2179906,0.47373796,3.8022413,-4.6507206,on bike mount,cyclo cross,False,asphalt,excellent
eaeae29f-50c4-4e19-bf20-ebbe471ffbd9,4cdb65b8-41e1-4b11-bbc2-8cc68994ce21,8525a8b4-e8d2-46cc-81ca-66e9ff78f32b,1633167234836,14.2282507,52.305355,3.2179906,-0.7990236,-0.8544626,0.61710835,on bike mount,cyclo cross,False,asphalt,excellent
eaeae29f-50c4-4e19-bf20-ebbe471ffbd9,4cdb65b8-41e1-4b11-bbc2-8cc68994ce21,c7750db4-2e8b-4e58-a3ed-02a43e2e9f95,1633167234886,14.2282507,52.305355,3.2179906,-0.8633947,-2.096727,-1.3284049,on bike mount,cyclo cross,False,asphalt,excellent
eaeae29f-50c4-4e19-bf20-ebbe471ffbd9,4cdb65b8-41e1-4b11-bbc2-8cc68994ce21,24e1a990-304a-416a-ab83-94410d139d0e,1633167234977,14.2282507,52.305355,3.2179906,-0.25759542,-0.5017898,-1.4431663,on bike mount,cyclo cross,False,asphalt,excellent
eaeae29f-50c4-4e19-bf20-ebbe471ffbd9,4cdb65b8-41e1-4b11-bbc2-8cc68994ce21,9d718c35-bd28-4757-b0ee-b8eb7ce4f481,1633167235027,14.2282507,52.305355,3.2179906,-2.4684331,-3.251814,6.315548,on bike mount,cyclo cross,False,asphalt,excellent
eaeae29f-50c4-4e19-bf20-ebbe471ffbd9,4cdb65b8-41e1-4b11-bbc2-8cc68994ce21,5009cc7a-b7bc-456f-a191-3cc63683df97,1633167235078,14.2282507,52.305355,3.2179906,-0.16514772,0.18139076,-1.8070278,on bike mount,cyclo cross,False,asphalt,excellent
eaeae29f-50c4-4e19-bf20-ebbe471ffbd9,4cdb65b8-41e1-4b11-bbc2-8cc68994ce21,979b932f-2342-42d7-a9e7-e7f96ea91697,1633167235128,14.2282507,52.305355,3.2179906,-1.6289825,-1.7833353,2.4022646,on bike mount,cyclo cross,False,asphalt,excellent
eaeae29f-50c4-4e19-bf20-ebbe471ffbd9,4cdb65b8-41e1-4b11-bbc2-8cc68994ce21,42150bd8-04ff-47c1-a493-351f83fa7db8,1633167235178,14.2282507,52.305355,3.2179906,-1.336152,1.8857665,-6.166103,on bike mount,cyclo cross,False,asphalt,excellent
eaeae29f-50c4-4e19-bf20-ebbe471ffbd9,4cdb65b8-41e1-4b11-bbc2-8cc68994ce21,d974c190-76fe-4ecd-98a6-7ecd96245884,1633167235228,14.2282507,52.305355,3.2179906,-0.87668985,-0.34034276,0.96197414,on bike mount,cyclo cross,False,asphalt,excellent
eaeae29f-50c4-4e19-bf20-ebbe471ffbd9,4cdb65b8-41e1-4b11-bbc2-8cc68994ce21,3955bd7f-ae65-4df9-991e-7243bbc346b5,1633167235278,14.2282507,52.305355,3.2179906,0.007514477,3.0165381,-0.89984703,on bike mount,cyclo cross,False,asphalt,excellent
eaeae29f-50c4-4e19-bf20-ebbe471ffbd9,4cdb65b8-41e1-4b11-bbc2-8cc68994ce21,b58d84dc-17e3-4aca-b229-318cc5087617,1633167235346,14.2282507,52.305355,3.2179906,-1.2864515,-0.9834051,4.3250294,on bike mount,cyclo cross,False,asphalt,excellent
eaeae29f-50c4-4e19-bf20-ebbe471ffbd9,4cdb65b8-41e1-4b11-bbc2-8cc68994ce21,a92a853a-4236-4f45-8907-097966999f0e,1633167235396,14.2282507,52.305355,3.2179906,1.3934929,2.1128032,-6.4102354,on bike mount,cyclo cross,False,asphalt,excellent
eaeae29f-50c4-4e19-bf20-ebbe471ffbd9,4cdb65b8-41e1-4b11-bbc2-8cc68994ce21,29309861-bc56-42a7-9701-34870b9e7b96,1633167235447,14.2282507,52.305355,3.2179906,-0.50523263,-2.0859935,-4.4632044,on bike mount,cyclo cross,False,asphalt,excellent
eaeae29f-50c4-4e19-bf20-ebbe471ffbd9,4cdb65b8-41e1-4b11-bbc2-8cc68994ce21,af332b80-2463-4264-aad3-c0abd21a832b,1633167235497,14.2282525,52.3053262,3.2086592,-0.5334525,-3.2917526,0.78885555,on bike mount,cyclo cross,False,asphalt,excellent
eaeae29f-50c4-4e19-bf20-ebbe471ffbd9,4cdb65b8-41e1-4b11-bbc2-8cc68994ce21,5f93b214-2da9-47e4-8488-78045c1749d0,1633167235547,14.2282525,52.3053262,3.2086592,-0.586661,-2.1934357,1.9568138,on bike mount,cyclo cross,False,asphalt,excellent
eaeae29f-50c4-4e19-bf20-ebbe471ffbd9,4cdb65b8-41e1-4b11-bbc2-8cc68994ce21,78d58b9c-b554-4d70-a674-56c8e3e59679,1633167235597,14.2282525,52.3053262,3.2086592,-1.2027376,-5.6251497,-1.6428871,on bike mount,cyclo cross,False,asphalt,excellent
eaeae29f-50c4-4e19-bf20-ebbe471ffbd9,4cdb65b8-41e1-4b11-bbc2-8cc68994ce21,436461da-ce4f-4d55-9bfb-7f6ddc3c21c7,1633167235692,14.2282525,52.3053262,3.2086592,0.2583667,-1.7098602,0.7528143,on bike mount,cyclo cross,False,asphalt,excellent
eaeae29f-50c4-4e19-bf20-ebbe471ffbd9,4cdb65b8-41e1-4b11-bbc2-8cc68994ce21,d2060260-6f25-4b6a-ab4c-f781524b7831,1633167235742,14.2282525,52.3053262,3.2086592,-0.10662627,-1.8277327,-1.3863344,on bike mount,cyclo cross,False,asphalt,excellent
eaeae29f-50c4-4e19-bf20-ebbe471ffbd9,4cdb65b8-41e1-4b11-bbc2-8cc68994ce21,95e9f0bb-bfbd-40d0-9f3d-260c5ec312a5,1633167235792,14.2282525,52.3053262,3.2086592,-0.056485116,-1.1403137,0.042767525,on bike mount,cyclo cross,False,asphalt,excellent
eaeae29f-50c4-4e19-bf20-ebbe471ffbd9,4cdb65b8-41e1-4b11-bbc2-8cc68994ce21,2653b57b-d79e-4f04-b06a-ba9664220439,1633167235843,14.2282525,52.3053262,3.2086592,0.9754782,0.47375727,5.0012417,on bike mount,cyclo cross,False,asphalt,excellent
eaeae29f-50c4-4e19-bf20-ebbe471ffbd9,4cdb65b8-41e1-4b11-bbc2-8cc68994ce21,6256fb61-c3c4-4a75-ba08-4c1b6c2232af,1633167235893,14.2282525,52.3053262,3.2086592,-3.142341,-4.6213803,8.400763,on bike mount,cyclo cross,False,asphalt,excellent
eaeae29f-50c4-4e19-bf20-ebbe471ffbd9,4cdb65b8-41e1-4b11-bbc2-8cc68994ce21,5735555e-80ef-4161-8579-9757dfa5268e,1633167235943,14.2282525,52.3053262,3.2086592,-3.6162732,5.147567,1.5491114,on bike mount,cyclo cross,False,asphalt,excellent
eaeae29f-50c4-4e19-bf20-ebbe471ffbd9,4cdb65b8-41e1-4b11-bbc2-8cc68994ce21,0bc930ec-b05b-47fa-93d4-7c829d6881a3,1633167236042,14.228255,52.3053067,3.2287016,-0.5301834,0.24526954,2.5776072,on bike mount,cyclo cross,False,asphalt,excellent
eaeae29f-50c4-4e19-bf20-ebbe471ffbd9,4cdb65b8-41e1-4b11-bbc2-8cc68994ce21,9c3b45e1-6a21-418f-bc33-90d3842d31e9,1633167236092,14.228255,52.3053067,3.2287016,-0.64936876,-3.737359,3.162034,on bike mount,cyclo cross,False,asphalt,excellent
eaeae29f-50c4-4e19-bf20-ebbe471ffbd9,4cdb65b8-41e1-4b11-bbc2-8cc68994ce21,50bb5922-3c8b-45ea-8fe8-0274ef015b42,1633167236143,14.228255,52.3053067,3.2287016,0.9332775,-2.8423066,0.07746315,on bike mount,cyclo cross,False,asphalt,excellent
eaeae29f-50c4-4e19-bf20-ebbe471ffbd9,4cdb65b8-41e1-4b11-bbc2-8cc68994ce21,ffb8d29c-44c5-4f4c-a349-97f304541232,1633167236193,14.228255,52.3053067,3.2287016,-3.396772,-5.2786417,5.4223175,on bike mount,cyclo cross,False,asphalt,excellent
eaeae29f-50c4-4e19-bf20-ebbe471ffbd9,4cdb65b8-41e1-4b11-bbc2-8cc68994ce21,3f483c21-87d0-4331-a333-b22e496089f2,1633167236243,14.228255,52.3053067,3.2287016,-0.500789,-7.1283493,2.2906017,on bike mount,cyclo cross,False,asphalt,excellent
eaeae29f-50c4-4e19-bf20-ebbe471ffbd9,4cdb65b8-41e1-4b11-bbc2-8cc68994ce21,06bd4f80-a3c0-47dd-99e5-06bdf8aa7bfb,1633167236293,14.228255,52.3053067,3.2287016,0.10607946,-3.5297155,1.6485558,on bike mount,cyclo cross,False,asphalt,excellent
eaeae29f-50c4-4e19-bf20-ebbe471ffbd9,4cdb65b8-41e1-4b11-bbc2-8cc68994ce21,bbdc36d8-c964-4eb7-93ba-7a032ba1bf73,1633167236389,14.228255,52.3053067,3.2287016,-0.9184954,4.5803986,-4.4300203,on bike mount,cyclo cross,False,asphalt,excellent
eaeae29f-50c4-4e19-bf20-ebbe471ffbd9,4cdb65b8-41e1-4b11-bbc2-8cc68994ce21,2818a239-97e9-448f-9384-446d60d2f007,1633167236439,14.228255,52.3053067,3.2287016,0.22228509,3.555695,-6.734178,on bike mount,cyclo cross,False,asphalt,excellent
eaeae29f-50c4-4e19-bf20-ebbe471ffbd9,4cdb65b8-41e1-4b11-bbc2-8cc68994ce21,1b84b463-2716-418b-b352-094200e4bbdb,1633167236489,14.228255,52.3053067,3.2287016,0.58956087,0.19713306,-1.0083437,on bike mount,cyclo cross,False,asphalt,excellent
eaeae29f-50c4-4e19-bf20-ebbe471ffbd9,4cdb65b8-41e1-4b11-bbc2-8cc68994ce21,92d440f0-886b-4e88-82fb-dd13a53ab272,1633167236539,14.228255,52.3053067,3.2287016,-0.45547363,1.2936721,-5.4681873,on bike mount,cyclo cross,False,asphalt,excellent
eaeae29f-50c4-4e19-bf20-ebbe471ffbd9,4cdb65b8-41e1-4b11-bbc2-8cc68994ce21,cbf1da2e-630e-41eb-89ae-eda05221e010,1633167236590,14.228255,52.3053067,3.2287016,-1.0435662,-0.10495663,0.6012888,on bike mount,cyclo cross,False,asphalt,excellent
eaeae29f-50c4-4e19-bf20-ebbe471ffbd9,4cdb65b8-41e1-4b11-bbc2-8cc68994ce21,b9eb4167-cda2-4867-b800-c58f8a3ed9bb,1633167236639,14.2282668,52.3052867,3.2382324,1.0985544,-1.3122014,-3.9922028,on bike mount,cyclo cross,False,asphalt,excellent
eaeae29f-50c4-4e19-bf20-ebbe471ffbd9,4cdb65b8-41e1-4b11-bbc2-8cc68994ce21,cef80409-408f-4567-9000-42f76ed54366,1633167236741,14.2282668,52.3052867,3.2382324,0.13854975,-1.9430655,-0.5150442,on bike mount,cyclo cross,False,asphalt,excellent
eaeae29f-50c4-4e19-bf20-ebbe471ffbd9,4cdb65b8-41e1-4b11-bbc2-8cc68994ce21,9824cb3b-cc74-4daf-9075-515cb7d426ff,1633167236791,14.2282668,52.3052867,3.2382324,-0.5696502,2.1237438,2.5707655,on bike mount,cyclo cross,False,asphalt,excellent
eaeae29f-50c4-4e19-bf20-ebbe471ffbd9,4cdb65b8-41e1-4b11-bbc2-8cc68994ce21,b9dad12a-0e2b-4076-a709-3f6c3e9342f8,1633167236841,14.2282668,52.3052867,3.2382324,2.0970817,6.1088557,-2.3781862,on bike mount,cyclo cross,False,asphalt,excellent
eaeae29f-50c4-4e19-bf20-ebbe471ffbd9,4cdb65b8-41e1-4b11-bbc2-8cc68994ce21,109e42b8-bceb-48c7-8901-82ec7edf6b08,1633167236891,14.2282668,52.3052867,3.2382324,3.082902,-1.5416353,5.1549034,on bike mount,cyclo cross,False,asphalt,excellent
eaeae29f-50c4-4e19-bf20-ebbe471ffbd9,4cdb65b8-41e1-4b11-bbc2-8cc68994ce21,0eb8ef0d-79f1-4e6d-ae49-8e2b40d9b052,1633167236941,14.2282668,52.3052867,3.2382324,-0.092677295,5.067593,5.0053387,on bike mount,cyclo cross,False,asphalt,excellent
eaeae29f-50c4-4e19-bf20-ebbe471ffbd9,4cdb65b8-41e1-4b11-bbc2-8cc68994ce21,6ae2ef2c-6570-4806-884d-e75a98485631,1633167236991,14.2282668,52.3052867,3.2382324,0.79258543,3.8189278,2.946765,on bike mount,cyclo cross,False,asphalt,excellent
eaeae29f-50c4-4e19-bf20-ebbe471ffbd9,4cdb65b8-41e1-4b11-bbc2-8cc68994ce21,5d96051e-6edf-4b85-a7fb-0178040a8b4d,1633167237086,14.2282668,52.3052867,3.2382324,2.2720613,-2.235694,4.935671,on bike mount,cyclo cross,False,asphalt,excellent
eaeae29f-50c4-4e19-bf20-ebbe471ffbd9,4cdb65b8-41e1-4b11-bbc2-8cc68994ce21,38e8df34-5a6e-4b38-8209-af7a616db8e6,1633167237136,14.2282668,52.3052867,3.2382324,0.40378118,1.8134918,6.121278,on bike mount,cyclo cross,False,asphalt,excellent
eaeae29f-50c4-4e19-bf20-ebbe471ffbd9,4cdb65b8-41e1-4b11-bbc2-8cc68994ce21,f69023f2-262c-4350-ac9d-e618c7e5800f,1633167237186,14.2282668,52.3052867,3.2382324,0.40105096,-5.7409663,3.2769947,on bike mount,cyclo cross,False,asphalt,excellent
eaeae29f-50c4-4e19-bf20-ebbe471ffbd9,4cdb65b8-41e1-4b11-bbc2-8cc68994ce21,f263bf3e-2bf5-4c4b-8646-675adf79de1e,1633167237236,14.2282668,52.3052867,3.2382324,-1.3469114,3.0348692,4.894849,on bike mount,cyclo cross,False,asphalt,excellent
eaeae29f-50c4-4e19-bf20-ebbe471ffbd9,4cdb65b8-41e1-4b11-bbc2-8cc68994ce21,cc931295-0eb9-4035-9fa6-04e19a699bea,1633167237286,14.2282668,52.3052867,3.2382324,0.4783526,-5.0468163,1.8427362,on bike mount,cyclo cross,False,asphalt,excellent
eaeae29f-50c4-4e19-bf20-ebbe471ffbd9,4cdb65b8-41e1-4b11-bbc2-8cc68994ce21,dde8e804-f628-4c86-a4e4-f02a44c73352,1633167237336,14.2282668,52.3052867,3.2382324,0.15971214,-1.4378844,1.8275661,on bike mount,cyclo cross,False,asphalt,excellent
eaeae29f-50c4-4e19-bf20-ebbe471ffbd9,4cdb65b8-41e1-4b11-bbc2-8cc68994ce21,13f106f7-9208-4ae7-8830-14d37c5e2dab,1633167237434,14.2282668,52.3052867,3.2382324,-2.690667,-5.3018017,0.6551733,on bike mount,cyclo cross,False,asphalt,excellent
eaeae29f-50c4-4e19-bf20-ebbe471ffbd9,4cdb65b8-41e1-4b11-bbc2-8cc68994ce21,eb47c8b8-ed92-49a9-bb4e-25bb1c575442,1633167237484,14.2282668,52.3052867,3.2382324,-0.77884185,-2.8136384,10.144857,on bike mount,cyclo cross,False,asphalt,excellent
eaeae29f-50c4-4e19-bf20-ebbe471ffbd9,4cdb65b8-41e1-4b11-bbc2-8cc68994ce21,b673c345-ccdc-4396-b4b4-a0781b449b8d,1633167237535,14.2282668,52.3052867,3.2382324,-2.5159197,-1.7521539,4.759328,on bike mount,cyclo cross,False,asphalt,excellent
eaeae29f-50c4-4e19-bf20-ebbe471ffbd9,4cdb65b8-41e1-4b11-bbc2-8cc68994ce21,ae2cf13f-23a8-4cb2-916e-a6dd494fbe1b,1633167237586,14.2282668,52.3052867,3.2382324,-0.30620185,-0.84434056,0.83102894,on bike mount,cyclo cross,False,asphalt,excellent
eaeae29f-50c4-4e19-bf20-ebbe471ffbd9,4cdb65b8-41e1-4b11-bbc2-8cc68994ce21,bd0c6478-1801-459d-a1f7-4dc3165be626,1633167237635,14.2282927,52.3052552,3.2523062,-1.1934495,-2.9960098,1.737752,on bike mount,cyclo cross,False,asphalt,excellent
eaeae29f-50c4-4e19-bf20-ebbe471ffbd9,4cdb65b8-41e1-4b11-bbc2-8cc68994ce21,309842a4-962a-4321-982d-ba5be06ba30b,1633167237685,14.2282927,52.3052552,3.2523062,-1.5170766,-5.383302,-0.96912,on bike mount,cyclo cross,False,asphalt,excellent
eaeae29f-50c4-4e19-bf20-ebbe471ffbd9,4cdb65b8-41e1-4b11-bbc2-8cc68994ce21,6b00df2c-b40d-41f2-95e6-6068e91f1ebb,1633167237735,14.2282927,52.3052552,3.2523062,-1.5461133,-1.53257,-1.4140491,on bike mount,cyclo cross,False,asphalt,excellent
eaeae29f-50c4-4e19-bf20-ebbe471ffbd9,4cdb65b8-41e1-4b11-bbc2-8cc68994ce21,6f1af192-89b5-4fef-ac1c-83e0f130e481,1633167237808,14.2282927,52.3052552,3.2523062,-0.7085286,4.4855995,2.211791,on bike mount,cyclo cross,False,asphalt,excellent
eaeae29f-50c4-4e19-bf20-ebbe471ffbd9,4cdb65b8-41e1-4b11-bbc2-8cc68994ce21,50cee3d8-b3be-4583-930c-e04f53f35781,1633167237858,14.2282927,52.3052552,3.2523062,-1.179202,1.1483498,-0.6194906,on bike mount,cyclo cross,False,asphalt,excellent
eaeae29f-50c4-4e19-bf20-ebbe471ffbd9,4cdb65b8-41e1-4b11-bbc2-8cc68994ce21,cd3ab60e-f790-45d1-ba1a-c9d8d4f0f1fc,1633167237908,14.2282927,52.3052552,3.2523062,0.28648984,1.1681969,-1.5495496,on bike mount,cyclo cross,False,asphalt,excellent
eaeae29f-50c4-4e19-bf20-ebbe471ffbd9,4cdb65b8-41e1-4b11-bbc2-8cc68994ce21,de618cb7-ddaa-4add-9c9c-fd0f2463c5fa,1633167237958,14.2282927,52.3052552,3.2523062,-0.07895243,1.6273408,-2.1269703,on bike mount,cyclo cross,False,asphalt,excellent
eaeae29f-50c4-4e19-bf20-ebbe471ffbd9,4cdb65b8-41e1-4b11-bbc2-8cc68994ce21,0fe9cbfb-b44a-4978-b643-aa3186f9b1f1,1633167238008,14.2282927,52.3052552,3.2523062,-1.1589029,5.029765,-3.053955,on bike mount,cyclo cross,False,asphalt,excellent
eaeae29f-50c4-4e19-bf20-ebbe471ffbd9,4cdb65b8-41e1-4b11-bbc2-8cc68994ce21,860adef1-6857-4411-bd58-d9815f6264c7,1633167238058,14.2282927,52.3052552,3.2523062,-2.1222389,4.538553,-6.24327,on bike mount,cyclo cross,False,asphalt,excellent
eaeae29f-50c4-4e19-bf20-ebbe471ffbd9,4cdb65b8-41e1-4b11-bbc2-8cc68994ce21,9826152d-a6d0-4d2e-b0f8-52f72db0e82d,1633167238147,14.2282927,52.3052552,3.2523062,2.0479078,-2.696994,-3.1303644,on bike mount,cyclo cross,False,asphalt,excellent
eaeae29f-50c4-4e19-bf20-ebbe471ffbd9,4cdb65b8-41e1-4b11-bbc2-8cc68994ce21,2a3e9e46-218a-444f-ab0c-4fa073501f8d,1633167238203,14.2282927,52.3052552,3.2523062,0.9339535,-3.5232108,-0.4020691,on bike mount,cyclo cross,False,asphalt,excellent
eaeae29f-50c4-4e19-bf20-ebbe471ffbd9,4cdb65b8-41e1-4b11-bbc2-8cc68994ce21,2cb87b88-670b-4a5e-af03-21942bef7444,1633167238253,14.2283067,52.3052363,3.4653714,1.0586587,4.5582705,-6.118372,on bike mount,cyclo cross,False,asphalt,excellent
eaeae29f-50c4-4e19-bf20-ebbe471ffbd9,4cdb65b8-41e1-4b11-bbc2-8cc68994ce21,7a399674-985a-445b-8ff4-51230cd1faf9,1633167238303,14.2283067,52.3052363,3.4653714,-0.022709742,2.2516146,-3.1457,on bike mount,cyclo cross,False,asphalt,excellent
eaeae29f-50c4-4e19-bf20-ebbe471ffbd9,4cdb65b8-41e1-4b11-bbc2-8cc68994ce21,69066123-553b-4a57-a4c4-f23dfd21b9b4,1633167238353,14.2283067,52.3052363,3.4653714,1.4706022,2.9331536,-3.4741092,on bike mount,cyclo cross,False,asphalt,excellent
eaeae29f-50c4-4e19-bf20-ebbe471ffbd9,4cdb65b8-41e1-4b11-bbc2-8cc68994ce21,cb957789-de2c-4a19-a468-973af2ccbb80,1633167238404,14.2283067,52.3052363,3.4653714,0.3483883,1.743433,-1.9603004,on bike mount,cyclo cross,False,asphalt,excellent
eaeae29f-50c4-4e19-bf20-ebbe471ffbd9,4cdb65b8-41e1-4b11-bbc2-8cc68994ce21,336aaa53-371e-4551-865d-8645b8d1e452,1633167238505,14.2283067,52.3052363,3.4653714,0.67549396,0.22231841,-2.9312577,on bike mount,cyclo cross,False,asphalt,excellent
eaeae29f-50c4-4e19-bf20-ebbe471ffbd9,4cdb65b8-41e1-4b11-bbc2-8cc68994ce21,c0a720f2-fd00-4405-8476-85c718274d50,1633167238555,14.2283067,52.3052363,3.4653714,-0.77248204,-0.4606943,-1.095068,on bike mount,cyclo cross,False,asphalt,excellent
eaeae29f-50c4-4e19-bf20-ebbe471ffbd9,4cdb65b8-41e1-4b11-bbc2-8cc68994ce21,4895d9ab-51dc-4ace-af58-567f1980a05c,1633167238605,14.2283067,52.3052363,3.4653714,-0.26278067,-2.3658836,-5.4830627,on bike mount,cyclo cross,False,asphalt,excellent
eaeae29f-50c4-4e19-bf20-ebbe471ffbd9,4cdb65b8-41e1-4b11-bbc2-8cc68994ce21,61a33220-7971-4461-af4b-30b9c07ca2f2,1633167238655,14.2283067,52.3052363,3.4653714,1.2608433,-4.526758,6.843998,on bike mount,cyclo cross,False,asphalt,excellent
eaeae29f-50c4-4e19-bf20-ebbe471ffbd9,4cdb65b8-41e1-4b11-bbc2-8cc68994ce21,4e014698-97d6-4fa1-8f72-7c5595b17754,1633167238705,14.2283067,52.3052363,3.4653714,-0.40022534,0.91466737,3.275032,on bike mount,cyclo cross,False,asphalt,excellent
eaeae29f-50c4-4e19-bf20-ebbe471ffbd9,4cdb65b8-41e1-4b11-bbc2-8cc68994ce21,be5d7da0-9f13-470f-9eb5-ceb2c2e6ac1a,1633167238755,14.2283067,52.3052363,3.4653714,-0.2391237,0.47849178,-4.183915,on bike mount,cyclo cross,False,asphalt,excellent
eaeae29f-50c4-4e19-bf20-ebbe471ffbd9,4cdb65b8-41e1-4b11-bbc2-8cc68994ce21,8b072c60-0b3f-40b4-b57d-770f8d1e91e9,1633167238858,14.2283067,52.3052363,3.4653714,1.599456,-5.76877,-1.9081998,on bike mount,cyclo cross,False,asphalt,excellent
eaeae29f-50c4-4e19-bf20-ebbe471ffbd9,4cdb65b8-41e1-4b11-bbc2-8cc68994ce21,afd33ade-f6b1-40e4-a8e7-7016ea999ef3,1633167238909,14.228313,52.3052158,3.6226249,0.24541113,-0.983443,-3.137392,on bike mount,cyclo cross,False,asphalt,excellent
eaeae29f-50c4-4e19-bf20-ebbe471ffbd9,4cdb65b8-41e1-4b11-bbc2-8cc68994ce21,848d3adb-03c5-4b7b-8f1e-40d3496bbbcd,1633167238958,14.228313,52.3052158,3.6226249,-0.097913444,-1.5737151,2.6673908,on bike mount,cyclo cross,False,asphalt,excellent
eaeae29f-50c4-4e19-bf20-ebbe471ffbd9,4cdb65b8-41e1-4b11-bbc2-8cc68994ce21,046f8920-4766-470c-9a60-ce17f2c3b965,1633167239008,14.228313,52.3052158,3.6226249,-0.20060551,-4.1690655,3.0182333,on bike mount,cyclo cross,False,asphalt,excellent
eaeae29f-50c4-4e19-bf20-ebbe471ffbd9,4cdb65b8-41e1-4b11-bbc2-8cc68994ce21,91bf1547-2ee9-4190-9fe2-55b61b8b4efb,1633167239058,14.228313,52.3052158,3.6226249,0.14333972,-7.301819,6.624424,on bike mount,cyclo cross,False,asphalt,excellent
eaeae29f-50c4-4e19-bf20-ebbe471ffbd9,4cdb65b8-41e1-4b11-bbc2-8cc68994ce21,f072e6d7-ef7a-4a85-b432-3c24b10f7a32,1633167239109,14.228313,52.3052158,3.6226249,-1.1294252,3.7931738,2.3738394,on bike mount,cyclo cross,False,asphalt,excellent
eaeae29f-50c4-4e19-bf20-ebbe471ffbd9,4cdb65b8-41e1-4b11-bbc2-8cc68994ce21,670bea8c-ae00-4be4-b68e-93db51396b85,1633167239158,14.228313,52.3052158,3.6226249,-1.1819186,5.078174,-0.98262835,on bike mount,cyclo cross,False,asphalt,excellent
eaeae29f-50c4-4e19-bf20-ebbe471ffbd9,4cdb65b8-41e1-4b11-bbc2-8cc68994ce21,2bbdc072-d386-4bbc-a82c-76b2ff943ad5,1633167239227,14.228313,52.3052158,3.6226249,0.29012528,0.16047573,-4.497994,on bike mount,cyclo cross,False,asphalt,excellent
eaeae29f-50c4-4e19-bf20-ebbe471ffbd9,4cdb65b8-41e1-4b11-bbc2-8cc68994ce21,5f0a0123-34da-485d-a84c-8e5e44a87b0b,1633167239277,14.228313,52.3052158,3.6226249,-2.3735929,3.243483,-2.6587458,on bike mount,cyclo cross,False,asphalt,excellent
eaeae29f-50c4-4e19-bf20-ebbe471ffbd9,4cdb65b8-41e1-4b11-bbc2-8cc68994ce21,fdf0525f-1e1f-4666-9570-7eb76c303bb1,1633167239327,14.228313,52.3052158,3.6226249,-1.0400534,1.2260222,-2.7370749,on bike mount,cyclo cross,False,asphalt,excellent
eaeae29f-50c4-4e19-bf20-ebbe471ffbd9,4cdb65b8-41e1-4b11-bbc2-8cc68994ce21,3fee9642-7744-431b-bf75-a5bb753951be,1633167239377,14.228313,52.3052158,3.6226249,-1.5857819,1.9956303,-2.4323835,on bike mount,cyclo cross,False,asphalt,excellent
eaeae29f-50c4-4e19-bf20-ebbe471ffbd9,4cdb65b8-41e1-4b11-bbc2-8cc68994ce21,4b650fa2-2fcc-4531-969b-435c970a7442,1633167239427,14.228313,52.3052158,3.6226249,1.1644626,1.3555233,-6.8692865,on bike mount,cyclo cross,False,asphalt,excellent
eaeae29f-50c4-4e19-bf20-ebbe471ffbd9,4cdb65b8-41e1-4b11-bbc2-8cc68994ce21,63c07aac-348c-4a61-aaa9-9b9f22832f43,1633167239477,14.228313,52.3052158,3.6226249,1.7418314,-4.4773154,2.9973726,on bike mount,cyclo cross,False,asphalt,excellent
eaeae29f-50c4-4e19-bf20-ebbe471ffbd9,4cdb65b8-41e1-4b11-bbc2-8cc68994ce21,8fa83440-e295-4a93-a862-bf10c1ce328e,1633167239582,14.228313,52.3052158,3.6226249,-0.5748584,-4.917413,0.7709131,on bike mount,cyclo cross,False,asphalt,excellent
eaeae29f-50c4-4e19-bf20-ebbe471ffbd9,4cdb65b8-41e1-4b11-bbc2-8cc68994ce21,e8b68a46-b111-4937-936d-8b61310a8866,1633167239632,14.2283297,52.3051936,3.7864244,1.1490875,-5.8907585,2.733798,on bike mount,cyclo cross,False,asphalt,excellent
eaeae29f-50c4-4e19-bf20-ebbe471ffbd9,4cdb65b8-41e1-4b11-bbc2-8cc68994ce21,672fe5b6-e773-4855-b1e3-a540d2c1aa7e,1633167239682,14.2283297,52.3051936,3.7864244,-2.2622108,-2.6671,-5.6667385,on bike mount,cyclo cross,False,asphalt,excellent
eaeae29f-50c4-4e19-bf20-ebbe471ffbd9,4cdb65b8-41e1-4b11-bbc2-8cc68994ce21,1397dbe3-a465-44d8-bbcc-937fc9dac83d,1633167239732,14.2283297,52.3051936,3.7864244,-0.055960767,-0.68830633,2.1041346,on bike mount,cyclo cross,False,asphalt,excellent
eaeae29f-50c4-4e19-bf20-ebbe471ffbd9,4cdb65b8-41e1-4b11-bbc2-8cc68994ce21,0e101714-7beb-4535-8928-0811deb85689,1633167239782,14.2283297,52.3051936,3.7864244,-0.49633634,-5.7230806,11.693272,on bike mount,cyclo cross,False,asphalt,excellent
eaeae29f-50c4-4e19-bf20-ebbe471ffbd9,4cdb65b8-41e1-4b11-bbc2-8cc68994ce21,65dfb3c3-edea-4815-815f-f5bbdfc89c5f,1633167239832,14.2283297,52.3051936,3.7864244,-1.9260709,2.5470395,3.6697454,on bike mount,cyclo cross,False,asphalt,excellent
eaeae29f-50c4-4e19-bf20-ebbe471ffbd9,4cdb65b8-41e1-4b11-bbc2-8cc68994ce21,b6b2e4fd-6aed-4632-9fee-8f6822c0a74f,1633167239930,14.2283297,52.3051936,3.7864244,-1.4379206,2.570616,7.1737556,on bike mount,cyclo cross,False,asphalt,excellent
eaeae29f-50c4-4e19-bf20-ebbe471ffbd9,4cdb65b8-41e1-4b11-bbc2-8cc68994ce21,e1331fe0-2d6e-49ef-8e38-e3d077bcf6c8,1633167239980,14.2283297,52.3051936,3.7864244,-0.27776456,-1.8067663,1.0483675,on bike mount,cyclo cross,False,asphalt,excellent
eaeae29f-50c4-4e19-bf20-ebbe471ffbd9,4cdb65b8-41e1-4b11-bbc2-8cc68994ce21,5f4308a0-6a61-4de8-ad1a-f53295b2115d,1633167240030,14.2283297,52.3051936,3.7864244,-0.08277686,4.372731,-0.8708534,on bike mount,cyclo cross,False,asphalt,excellent
eaeae29f-50c4-4e19-bf20-ebbe471ffbd9,4cdb65b8-41e1-4b11-bbc2-8cc68994ce21,cfcd747e-0aa7-435f-bf38-24741aff201d,1633167240081,14.2283416,52.3051734,3.9478617,0.36951205,-0.028728008,-0.55469036,on bike mount,cyclo cross,False,asphalt,excellent
eaeae29f-50c4-4e19-bf20-ebbe471ffbd9,4cdb65b8-41e1-4b11-bbc2-8cc68994ce21,399c5026-7c24-400a-90e9-5d5b081e620b,1633167240131,14.2283416,52.3051734,3.9478617,-0.5479332,-0.15564299,-2.1057696,on bike mount,cyclo cross,False,asphalt,excellent
eaeae29f-50c4-4e19-bf20-ebbe471ffbd9,4cdb65b8-41e1-4b11-bbc2-8cc68994ce21,c87897ce-32c7-4e79-ac14-fd27660610a9,1633167240181,14.2283416,52.3051734,3.9478617,-0.3022422,1.6239805,2.9921846,on bike mount,cyclo cross,False,asphalt,excellent
eaeae29f-50c4-4e19-bf20-ebbe471ffbd9,4cdb65b8-41e1-4b11-bbc2-8cc68994ce21,fed8b1b8-61d6-4d31-a6ca-451fc380fdef,1633167240282,14.2283416,52.3051734,3.9478617,-2.328117,6.73269,-3.43369,on bike mount,cyclo cross,False,asphalt,excellent
eaeae29f-50c4-4e19-bf20-ebbe471ffbd9,4cdb65b8-41e1-4b11-bbc2-8cc68994ce21,ad8f126d-b4c4-40a4-8f7d-139c6589aeac,1633167240333,14.2283416,52.3051734,3.9478617,-0.055523884,-6.4483833,15.405851,on bike mount,cyclo cross,False,asphalt,excellent
eaeae29f-50c4-4e19-bf20-ebbe471ffbd9,4cdb65b8-41e1-4b11-bbc2-8cc68994ce21,27b992bd-7e48-4d6d-8262-4c8b10d4b500,1633167240382,14.2283416,52.3051734,3.9478617,0.5037962,10.830467,1.1785278,on bike mount,cyclo cross,False,asphalt,excellent
eaeae29f-50c4-4e19-bf20-ebbe471ffbd9,4cdb65b8-41e1-4b11-bbc2-8cc68994ce21,7982f3a0-8e5d-4927-a34f-5141fb8010cc,1633167240433,14.2283416,52.3051734,3.9478617,0.43975472,6.3434763,-2.577846,on bike mount,cyclo cross,False,asphalt,excellent
eaeae29f-50c4-4e19-bf20-ebbe471ffbd9,4cdb65b8-41e1-4b11-bbc2-8cc68994ce21,fdddb0ad-e80b-4738-a4ea-c9f9437524b4,1633167240482,14.2283416,52.3051734,3.9478617,0.15298575,2.3081045,-5.0240955,on bike mount,cyclo cross,False,asphalt,excellent
eaeae29f-50c4-4e19-bf20-ebbe471ffbd9,4cdb65b8-41e1-4b11-bbc2-8cc68994ce21,aedc68d3-324f-4048-b008-c9c68bb0b63d,1633167240533,14.2283416,52.3051734,3.9478617,2.3801615,0.6191473,-4.827653,on bike mount,cyclo cross,False,asphalt,excellent
eaeae29f-50c4-4e19-bf20-ebbe471ffbd9,4cdb65b8-41e1-4b11-bbc2-8cc68994ce21,42375800-a0a5-47a3-a2c7-3e7a70e7896a,1633167240631,14.2283416,52.3051734,3.9478617,0.45315903,-1.8822837,-0.9169135,on bike mount,cyclo cross,False,asphalt,excellent
eaeae29f-50c4-4e19-bf20-ebbe471ffbd9,4cdb65b8-41e1-4b11-bbc2-8cc68994ce21,ea79835b-e9aa-4181-97d9-413c30c3267a,1633167240681,14.2283537,52.3051522,3.9864488,-0.0049221516,-1.0074837,4.6195498,on bike mount,cyclo cross,False,asphalt,excellent
eaeae29f-50c4-4e19-bf20-ebbe471ffbd9,4cdb65b8-41e1-4b11-bbc2-8cc68994ce21,2cdfa767-4d10-407b-9d2a-d90a93f2b715,1633167240731,14.2283537,52.3051522,3.9864488,0.9427888,-4.9426665,8.341452,on bike mount,cyclo cross,False,asphalt,excellent
eaeae29f-50c4-4e19-bf20-ebbe471ffbd9,4cdb65b8-41e1-4b11-bbc2-8cc68994ce21,c8f4601d-4733-47ed-a274-478e69131f4f,1633167240781,14.2283537,52.3051522,3.9864488,0.27547446,-2.7299316,-4.5514483,on bike mount,cyclo cross,False,asphalt,excellent
eaeae29f-50c4-4e19-bf20-ebbe471ffbd9,4cdb65b8-41e1-4b11-bbc2-8cc68994ce21,96e0d0ac-35e6-4109-a043-a85b092ce15b,1633167240831,14.2283537,52.3051522,3.9864488,1.0368868,-6.5452747,0.08076668,on bike mount,cyclo cross,False,asphalt,excellent
eaeae29f-50c4-4e19-bf20-ebbe471ffbd9,4cdb65b8-41e1-4b11-bbc2-8cc68994ce21,b81bde16-b272-45a6-9ffb-8175d4a63b1c,1633167240881,14.2283537,52.3051522,3.9864488,1.2953209,-13.562635,6.5791893,on bike mount,cyclo cross,False,asphalt,excellent
eaeae29f-50c4-4e19-bf20-ebbe471ffbd9,4cdb65b8-41e1-4b11-bbc2-8cc68994ce21,3e3dd0a3-0855-432a-89fc-93388b00bee3,1633167240982,14.2283537,52.3051522,3.9864488,-2.0416076,-5.1514616,0.5544863,on bike mount,cyclo cross,False,asphalt,excellent
eaeae29f-50c4-4e19-bf20-ebbe471ffbd9,4cdb65b8-41e1-4b11-bbc2-8cc68994ce21,566f4ddf-9f6a-4e35-ad3b-00b33b3841f4,1633167241033,14.2283537,52.3051522,3.9864488,-0.8660345,-4.716163,-2.5537958,on bike mount,cyclo cross,False,asphalt,excellent
eaeae29f-50c4-4e19-bf20-ebbe471ffbd9,4cdb65b8-41e1-4b11-bbc2-8cc68994ce21,e812758f-805b-4885-bbc1-83d757205225,1633167241082,14.2283537,52.3051522,3.9864488,-1.0460346,-6.9092607,8.937998,on bike mount,cyclo cross,False,asphalt,excellent
eaeae29f-50c4-4e19-bf20-ebbe471ffbd9,4cdb65b8-41e1-4b11-bbc2-8cc68994ce21,efc13c1b-8690-428d-a6c2-0c0fc6e504f2,1633167241132,14.2283537,52.3051522,3.9864488,-0.22423269,9.092609,-8.517042,on bike mount,cyclo cross,False,asphalt,excellent
eaeae29f-50c4-4e19-bf20-ebbe471ffbd9,4cdb65b8-41e1-4b11-bbc2-8cc68994ce21,a2b75935-ff11-4efd-9a13-7f4f66c1b638,1633167241183,14.2283537,52.3051522,3.9864488,0.025673151,-2.5375235,4.773918,on bike mount,cyclo cross,False,asphalt,excellent
eaeae29f-50c4-4e19-bf20-ebbe471ffbd9,4cdb65b8-41e1-4b11-bbc2-8cc68994ce21,96fa2726-372c-4f25-9440-b77f1155068a,1633167241233,14.2283537,52.3051522,3.9864488,0.19305019,-1.2560399,2.9786015,on bike mount,cyclo cross,False,asphalt,excellent
eaeae29f-50c4-4e19-bf20-ebbe471ffbd9,4cdb65b8-41e1-4b11-bbc2-8cc68994ce21,87f80230-a6c5-4f25-8026-7e4c066dc73e,1633167241328,14.2283537,52.3051522,3.9864488,-0.03436193,2.704599,0.06282711,on bike mount,cyclo cross,False,asphalt,excellent
eaeae29f-50c4-4e19-bf20-ebbe471ffbd9,4cdb65b8-41e1-4b11-bbc2-8cc68994ce21,5a3ab6de-b43f-498c-a680-9e0f708ba9a9,1633167241378,14.2283537,52.3051522,3.9864488,0.5575035,-2.4773479,-2.9979067,on bike mount,cyclo cross,False,asphalt,excellent
eaeae29f-50c4-4e19-bf20-ebbe471ffbd9,4cdb65b8-41e1-4b11-bbc2-8cc68994ce21,85a7135b-13a5-4265-8e24-098b6ac76f6a,1633167241429,14.2283537,52.3051522,3.9864488,0.27126622,-1.0253431,-0.37696648,on bike mount,cyclo cross,False,asphalt,excellent
eaeae29f-50c4-4e19-bf20-ebbe471ffbd9,4cdb65b8-41e1-4b11-bbc2-8cc68994ce21,a52225e0-8a14-48c0-907f-a82e008fd4d4,1633167241480,14.2283537,52.3051522,3.9864488,-0.7417799,6.2538114,-4.476157,on bike mount,cyclo cross,False,asphalt,excellent
eaeae29f-50c4-4e19-bf20-ebbe471ffbd9,4cdb65b8-41e1-4b11-bbc2-8cc68994ce21,344d38e8-d168-4682-be8a-d7149c53b82e,1633167241529,14.2283537,52.3051522,3.9864488,-0.14548561,4.740934,-2.314454,on bike mount,cyclo cross,False,asphalt,excellent
eaeae29f-50c4-4e19-bf20-ebbe471ffbd9,4cdb65b8-41e1-4b11-bbc2-8cc68994ce21,493c6abf-3763-4fa6-b94b-c0d83d83ca41,1633167241579,14.2283537,52.3051522,3.9864488,0.05188091,4.378975,0.18425846,on bike mount,cyclo cross,False,asphalt,excellent
eaeae29f-50c4-4e19-bf20-ebbe471ffbd9,4cdb65b8-41e1-4b11-bbc2-8cc68994ce21,899ef196-411a-4d0c-9737-9666de70d303,1633167241675,14.2283537,52.3051522,3.9864488,-0.7895627,-0.124210835,-4.6209435,on bike mount,cyclo cross,False,asphalt,excellent
eaeae29f-50c4-4e19-bf20-ebbe471ffbd9,4cdb65b8-41e1-4b11-bbc2-8cc68994ce21,9d78e778-1f56-48bf-88c5-1c85ecb681ae,1633167241725,14.2283799,52.3051132,4.2064514,2.6929467,-3.7071226,4.1740637,on bike mount,cyclo cross,False,asphalt,excellent
eaeae29f-50c4-4e19-bf20-ebbe471ffbd9,4cdb65b8-41e1-4b11-bbc2-8cc68994ce21,43612bdd-3439-4a83-80c9-e822535ad552,1633167241776,14.2283799,52.3051132,4.2064514,-1.3362039,-1.3637459,-1.3826671,on bike mount,cyclo cross,False,asphalt,excellent
eaeae29f-50c4-4e19-bf20-ebbe471ffbd9,4cdb65b8-41e1-4b11-bbc2-8cc68994ce21,f76d02f6-43b8-446c-819d-94ae1378e5d4,1633167241826,14.2283799,52.3051132,4.2064514,-0.49953312,0.95939445,-6.270777,on bike mount,cyclo cross,False,asphalt,excellent
eaeae29f-50c4-4e19-bf20-ebbe471ffbd9,4cdb65b8-41e1-4b11-bbc2-8cc68994ce21,91a62d70-4180-4c43-b0be-c901d0b1f7a6,1633167241876,14.2283799,52.3051132,4.2064514,0.2885249,4.137858,-0.9893551,on bike mount,cyclo cross,False,asphalt,excellent
eaeae29f-50c4-4e19-bf20-ebbe471ffbd9,4cdb65b8-41e1-4b11-bbc2-8cc68994ce21,602a4802-57d9-4e33-ba18-c17e9a3fd974,1633167241926,14.2283799,52.3051132,4.2064514,-0.35893324,2.9896626,-3.3288736,on bike mount,cyclo cross,False,asphalt,excellent
eaeae29f-50c4-4e19-bf20-ebbe471ffbd9,4cdb65b8-41e1-4b11-bbc2-8cc68994ce21,9b4c050c-a6ce-427a-8a73-91aaa9a087da,1633167241976,14.2283799,52.3051132,4.2064514,-0.39034826,0.79734707,-1.2474346,on bike mount,cyclo cross,False,asphalt,excellent
eaeae29f-50c4-4e19-bf20-ebbe471ffbd9,4cdb65b8-41e1-4b11-bbc2-8cc68994ce21,4e1138ed-d0e9-4a9f-960d-47f696a21de2,1633167242035,14.2283799,52.3051132,4.2064514,0.01725477,1.0905902,-3.2968645,on bike mount,cyclo cross,False,asphalt,excellent
eaeae29f-50c4-4e19-bf20-ebbe471ffbd9,4cdb65b8-41e1-4b11-bbc2-8cc68994ce21,36200d8b-9510-43b1-a07e-bb7d13d862ca,1633167242086,14.2283799,52.3051132,4.2064514,-1.0607216,2.2695494,-0.7963238,on bike mount,cyclo cross,False,asphalt,excellent
eaeae29f-50c4-4e19-bf20-ebbe471ffbd9,4cdb65b8-41e1-4b11-bbc2-8cc68994ce21,6da37d64-58de-42f2-8f8d-9706c2bc18e1,1633167242136,14.2283799,52.3051132,4.2064514,-0.0677016,-0.5752132,7.462103,on bike mount,cyclo cross,False,asphalt,excellent
eaeae29f-50c4-4e19-bf20-ebbe471ffbd9,4cdb65b8-41e1-4b11-bbc2-8cc68994ce21,878f571b-4047-4dda-b598-9f55a56c9aec,1633167242187,14.2283799,52.3051132,4.2064514,0.44496387,-0.28360295,4.127718,on bike mount,cyclo cross,False,asphalt,excellent
eaeae29f-50c4-4e19-bf20-ebbe471ffbd9,4cdb65b8-41e1-4b11-bbc2-8cc68994ce21,b9cd63c8-60aa-41cd-b4da-81ad5401865a,1633167242236,14.2283799,52.3051132,4.2064514,0.15167177,-2.7322989,1.7859383,on bike mount,cyclo cross,False,asphalt,excellent
eaeae29f-50c4-4e19-bf20-ebbe471ffbd9,4cdb65b8-41e1-4b11-bbc2-8cc68994ce21,ab86ed2d-a105-49fa-90e1-43ae69297799,1633167242286,14.228398,52.3050898,4.060553,0.7706593,-2.2949631,-3.3258677,on bike mount,cyclo cross,False,asphalt,excellent
eaeae29f-50c4-4e19-bf20-ebbe471ffbd9,4cdb65b8-41e1-4b11-bbc2-8cc68994ce21,f2b3a198-e730-4439-8ec9-00d3f0214ced,1633167242385,14.228398,52.3050898,4.060553,1.1291261,1.7132268,1.8248148,on bike mount,cyclo cross,False,asphalt,excellent
eaeae29f-50c4-4e19-bf20-ebbe471ffbd9,4cdb65b8-41e1-4b11-bbc2-8cc68994ce21,08c336d4-4726-4d12-822b-664f5b83bb60,1633167242435,14.228398,52.3050898,4.060553,-0.43438482,-1.2983304,-0.6212101,on bike mount,cyclo cross,False,asphalt,excellent
eaeae29f-50c4-4e19-bf20-ebbe471ffbd9,4cdb65b8-41e1-4b11-bbc2-8cc68994ce21,be3687ba-5264-4438-a382-29f4cba5553e,1633167242485,14.228398,52.3050898,4.060553,0.9719279,1.577714,-0.22534084,on bike mount,cyclo cross,False,asphalt,excellent
eaeae29f-50c4-4e19-bf20-ebbe471ffbd9,4cdb65b8-41e1-4b11-bbc2-8cc68994ce21,32eda2c2-f8fa-4f69-86fe-ed3fa112b44d,1633167242536,14.228398,52.3050898,4.060553,-2.6663325,0.047071695,-1.2636352,on bike mount,cyclo cross,False,asphalt,excellent
eaeae29f-50c4-4e19-bf20-ebbe471ffbd9,4cdb65b8-41e1-4b11-bbc2-8cc68994ce21,75eeab96-e943-48fa-861c-f148b2adc70a,1633167242586,14.228398,52.3050898,4.060553,0.07902552,0.5230117,-1.2961135,on bike mount,cyclo cross,False,asphalt,excellent
eaeae29f-50c4-4e19-bf20-ebbe471ffbd9,4cdb65b8-41e1-4b11-bbc2-8cc68994ce21,94a69ac3-70e9-4329-b925-c962031a41af,1633167242636,14.228398,52.3050898,4.060553,-1.1137741,1.3565595,1.731554,on bike mount,cyclo cross,False,asphalt,excellent
eaeae29f-50c4-4e19-bf20-ebbe471ffbd9,4cdb65b8-41e1-4b11-bbc2-8cc68994ce21,5e0af2cc-6b8e-4761-80f0-1c828467d996,1633167242736,14.228398,52.3050898,4.060553,0.21797955,1.82357,-7.821101,on bike mount,cyclo cross,False,asphalt,excellent
eaeae29f-50c4-4e19-bf20-ebbe471ffbd9,4cdb65b8-41e1-4b11-bbc2-8cc68994ce21,cdc78ec1-bce1-418e-9f71-15a34b13700c,1633167242786,14.228398,52.3050898,4.060553,-1.0687096,3.692554,-2.8022366,on bike mount,cyclo cross,False,asphalt,excellent
eaeae29f-50c4-4e19-bf20-ebbe471ffbd9,4cdb65b8-41e1-4b11-bbc2-8cc68994ce21,3a6c39e8-434e-424a-a6ab-f6fb75e8c5c2,1633167242837,14.228398,52.3050898,4.060553,0.3069973,1.5143454,-1.3417797,on bike mount,cyclo cross,False,asphalt,excellent
eaeae29f-50c4-4e19-bf20-ebbe471ffbd9,4cdb65b8-41e1-4b11-bbc2-8cc68994ce21,7c96fad2-8b8c-4fc4-b5e4-f02ee83de08c,1633167242886,14.228398,52.3050898,4.060553,1.6663716,1.936976,-2.723878,on bike mount,cyclo cross,False,asphalt,excellent
eaeae29f-50c4-4e19-bf20-ebbe471ffbd9,4cdb65b8-41e1-4b11-bbc2-8cc68994ce21,5b3b47b9-b6db-4022-a737-bffffbb2df21,1633167242937,14.228398,52.3050898,4.060553,-2.2927146,2.264729,6.3726177,on bike mount,cyclo cross,False,asphalt,excellent
eaeae29f-50c4-4e19-bf20-ebbe471ffbd9,4cdb65b8-41e1-4b11-bbc2-8cc68994ce21,8b25a2a5-bcf9-4095-8773-3427a36bdd58,1633167242987,14.228398,52.3050898,4.060553,1.7135378,3.6410742,-0.15349579,on bike mount,cyclo cross,False,asphalt,excellent
eaeae29f-50c4-4e19-bf20-ebbe471ffbd9,4cdb65b8-41e1-4b11-bbc2-8cc68994ce21,eef3f1bd-14ef-4224-96c2-a7ffdeb84405,1633167243100,14.228398,52.3050898,4.060553,-0.66160357,4.026174,-1.8417706,on bike mount,cyclo cross,False,asphalt,excellent
eaeae29f-50c4-4e19-bf20-ebbe471ffbd9,4cdb65b8-41e1-4b11-bbc2-8cc68994ce21,1ceddfb7-5a05-41c3-8b08-9bc8d7ed4532,1633167243150,14.228398,52.3050898,4.060553,0.39403978,1.7111654,0.61630726,on bike mount,cyclo cross,False,asphalt,excellent
eaeae29f-50c4-4e19-bf20-ebbe471ffbd9,4cdb65b8-41e1-4b11-bbc2-8cc68994ce21,2cd994a4-ce03-4585-a88b-0e1bbc8a5746,1633167243200,14.228398,52.3050898,4.060553,-1.5349544,3.158732,1.7051535,on bike mount,cyclo cross,False,asphalt,excellent
eaeae29f-50c4-4e19-bf20-ebbe471ffbd9,4cdb65b8-41e1-4b11-bbc2-8cc68994ce21,57643279-b6b6-4151-b784-14dfc4ed2db2,1633167243250,14.228398,52.3050898,4.060553,-0.35352632,-2.4665112,-2.8617625,on bike mount,cyclo cross,False,asphalt,excellent
eaeae29f-50c4-4e19-bf20-ebbe471ffbd9,4cdb65b8-41e1-4b11-bbc2-8cc68994ce21,0088dfc1-6987-4ce5-8419-4cb4dd107848,1633167243300,14.228398,52.3050898,4.060553,-1.3230801,-0.7775612,-1.0017195,on bike mount,cyclo cross,False,asphalt,excellent
eaeae29f-50c4-4e19-bf20-ebbe471ffbd9,4cdb65b8-41e1-4b11-bbc2-8cc68994ce21,cd00f381-a623-4b90-a803-e894d643e618,1633167243350,14.2284261,52.3050533,4.0252724,0.702585,6.902731,-0.83970547,on bike mount,cyclo cross,False,asphalt,excellent
eaeae29f-50c4-4e19-bf20-ebbe471ffbd9,4cdb65b8-41e1-4b11-bbc2-8cc68994ce21,e29539fd-000b-4d31-968d-0a3d48f84ec0,1633167243439,14.2284261,52.3050533,4.0252724,-1.1237075,-0.3435309,1.7117147,on bike mount,cyclo cross,False,asphalt,excellent
eaeae29f-50c4-4e19-bf20-ebbe471ffbd9,4cdb65b8-41e1-4b11-bbc2-8cc68994ce21,8916a4e5-d3ce-49e7-ac5f-10139424f10f,1633167243488,14.2284261,52.3050533,4.0252724,-0.3419906,-4.2149763,13.495969,on bike mount,cyclo cross,False,asphalt,excellent
eaeae29f-50c4-4e19-bf20-ebbe471ffbd9,4cdb65b8-41e1-4b11-bbc2-8cc68994ce21,ce659b51-42cd-4b84-8a52-40d721e649b8,1633167243538,14.2284261,52.3050533,4.0252724,-0.78730625,-0.8675926,1.3986254,on bike mount,cyclo cross,False,asphalt,excellent
eaeae29f-50c4-4e19-bf20-ebbe471ffbd9,4cdb65b8-41e1-4b11-bbc2-8cc68994ce21,5f386e83-dc69-45a9-8f32-220e1666a88e,1633167243588,14.2284261,52.3050533,4.0252724,1.1092334,1.2568812,-5.357708,on bike mount,cyclo cross,False,asphalt,excellent
eaeae29f-50c4-4e19-bf20-ebbe471ffbd9,4cdb65b8-41e1-4b11-bbc2-8cc68994ce21,feebdba0-fa18-45bf-857c-7161f27b5f01,1633167243638,14.2284261,52.3050533,4.0252724,0.3075488,-11.266097,7.128296,on bike mount,cyclo cross,False,asphalt,excellent
eaeae29f-50c4-4e19-bf20-ebbe471ffbd9,4cdb65b8-41e1-4b11-bbc2-8cc68994ce21,69343cbb-cb62-485d-9faa-2a00bc578791,1633167243688,14.2284261,52.3050533,4.0252724,0.7427914,-5.450719,-0.4227953,on bike mount,cyclo cross,False,asphalt,excellent
eaeae29f-50c4-4e19-bf20-ebbe471ffbd9,4cdb65b8-41e1-4b11-bbc2-8cc68994ce21,92b565a4-43eb-4928-b8d6-73468c5d1e12,1633167243738,14.2284261,52.3050533,4.0252724,-0.3561386,-9.1544075,-3.2699633,on bike mount,cyclo cross,False,asphalt,excellent
eaeae29f-50c4-4e19-bf20-ebbe471ffbd9,4cdb65b8-41e1-4b11-bbc2-8cc68994ce21,cba2213f-ee3f-4a38-80e1-a6d1f9788cab,1633167243790,14.2284261,52.3050533,4.0252724,1.4593911,-6.075833,-7.409501,on bike mount,cyclo cross,False,asphalt,excellent
eaeae29f-50c4-4e19-bf20-ebbe471ffbd9,4cdb65b8-41e1-4b11-bbc2-8cc68994ce21,a979d87a-f9b9-4880-b0a9-d855e32a6965,1633167243840,14.2284261,52.3050533,4.0252724,0.3341151,1.2049408,0.26078033,on bike mount,cyclo cross,False,asphalt,excellent
eaeae29f-50c4-4e19-bf20-ebbe471ffbd9,4cdb65b8-41e1-4b11-bbc2-8cc68994ce21,f2e6e5d3-d7f4-4e64-a4f1-4686b010f330,1633167243890,14.2284261,52.3050533,4.0252724,-0.13159057,-1.3711758,1.4903145,on bike mount,cyclo cross,False,asphalt,excellent
eaeae29f-50c4-4e19-bf20-ebbe471ffbd9,4cdb65b8-41e1-4b11-bbc2-8cc68994ce21,8755e0bc-a9b6-4a32-a705-c0699129a0e5,1633167243940,14.2284261,52.3050533,4.0252724,0.33311212,1.7952552,-4.3852353,on bike mount,cyclo cross,False,asphalt,excellent
eaeae29f-50c4-4e19-bf20-ebbe471ffbd9,4cdb65b8-41e1-4b11-bbc2-8cc68994ce21,7579780d-ffa6-4bfe-b7d4-a49f891320fa,1633167243990,14.2284413,52.3050326,3.9781044,-2.0190172,0.1560843,0.62384415,on bike mount,cyclo cross,False,asphalt,excellent
eaeae29f-50c4-4e19-bf20-ebbe471ffbd9,4cdb65b8-41e1-4b11-bbc2-8cc68994ce21,5740619f-d891-4f2c-bf3e-d0cb6f61f10a,1633167244040,14.2284413,52.3050326,3.9781044,-0.02910918,0.943614,-2.0877786,on bike mount,cyclo cross,False,asphalt,excellent
eaeae29f-50c4-4e19-bf20-ebbe471ffbd9,4cdb65b8-41e1-4b11-bbc2-8cc68994ce21,bf9d635d-e0a9-413e-b6ba-821c62a056fa,1633167244142,14.2284413,52.3050326,3.9781044,0.45381305,-4.128028,4.6387835,on bike mount,cyclo cross,False,asphalt,excellent
eaeae29f-50c4-4e19-bf20-ebbe471ffbd9,4cdb65b8-41e1-4b11-bbc2-8cc68994ce21,7e4551df-7498-45fd-91d5-fe54ca0d0034,1633167244192,14.2284413,52.3050326,3.9781044,1.314837,0.9239092,-0.6936941,on bike mount,cyclo cross,False,asphalt,excellent
eaeae29f-50c4-4e19-bf20-ebbe471ffbd9,4cdb65b8-41e1-4b11-bbc2-8cc68994ce21,9cf3939b-80e8-4cca-a2fe-788dfe526066,1633167244242,14.2284413,52.3050326,3.9781044,-0.527331,-3.851614,-0.10912037,on bike mount,cyclo cross,False,asphalt,excellent
eaeae29f-50c4-4e19-bf20-ebbe471ffbd9,4cdb65b8-41e1-4b11-bbc2-8cc68994ce21,af81f076-4a57-4196-aaa0-33f32732a4dd,1633167244293,14.2284413,52.3050326,3.9781044,1.1227705,-3.3800256,-0.3251686,on bike mount,cyclo cross,False,asphalt,excellent
eaeae29f-50c4-4e19-bf20-ebbe471ffbd9,4cdb65b8-41e1-4b11-bbc2-8cc68994ce21,c91fabe7-acd9-4adf-ab83-0bb134dbbb9f,1633167244343,14.2284413,52.3050326,3.9781044,0.55361986,-2.103505,-0.77374697,on bike mount,cyclo cross,False,asphalt,excellent
eaeae29f-50c4-4e19-bf20-ebbe471ffbd9,4cdb65b8-41e1-4b11-bbc2-8cc68994ce21,2b13efbf-58b5-476d-a666-1c053f385e0d,1633167244393,14.2284413,52.3050326,3.9781044,0.22430786,0.90608835,-0.3914771,on bike mount,cyclo cross,False,asphalt,excellent
eaeae29f-50c4-4e19-bf20-ebbe471ffbd9,4cdb65b8-41e1-4b11-bbc2-8cc68994ce21,c798c995-467e-43ca-9b0f-6a8c90c49c33,1633167244492,14.2284413,52.3050326,3.9781044,-0.1220192,2.0902717,-2.4979038,on bike mount,cyclo cross,False,asphalt,excellent
eaeae29f-50c4-4e19-bf20-ebbe471ffbd9,4cdb65b8-41e1-4b11-bbc2-8cc68994ce21,6562c758-8def-4ed4-95bd-e76fb1913cc2,1633167244542,14.2284413,52.3050326,3.9781044,-0.86355543,2.9401593,2.568509,on bike mount,cyclo cross,False,asphalt,excellent
eaeae29f-50c4-4e19-bf20-ebbe471ffbd9,4cdb65b8-41e1-4b11-bbc2-8cc68994ce21,8d839788-88ae-4ff9-b02b-3a8bc0f6880c,1633167244592,14.2284413,52.3050326,3.9781044,-0.3895241,0.12024593,1.3611603,on bike mount,cyclo cross,False,asphalt,excellent
