bike_activity_uid,bike_activity_sample_uid,bike_activity_measurement,bike_activity_measurement_timestamp,bike_activity_measurement_lon,bike_activity_measurement_lat,bike_activity_measurement_speed,bike_activity_measurement_accelerometer_x,bike_activity_measurement_accelerometer_y,bike_activity_measurement_accelerometer_z,bike_activity_phone_position,bike_activity_bike_type,bike_activity_flagged_lab_conditions,bike_activity_surface_type,bike_activity_smoothness_type
f4ee5635-8bf4-4b5a-96e4-b3a42f385893,ba40644a-841c-4ad7-8048-cdf18cfe1d18,9628cc1a-85b3-4585-96a5-ef71c4345a49,1633169208763,14.3009737,52.2675129,6.1523194,0.43036175,-0.38549972,1.0716352,on bike mount,cyclo cross,True,asphalt,excellent
f4ee5635-8bf4-4b5a-96e4-b3a42f385893,ba40644a-841c-4ad7-8048-cdf18cfe1d18,7ba3dd55-b5ce-44c8-a037-03c01e3af2dd,1633169208813,14.3009737,52.2675129,6.1523194,-0.21945018,0.23065066,1.4659891,on bike mount,cyclo cross,True,asphalt,excellent
f4ee5635-8bf4-4b5a-96e4-b3a42f385893,ba40644a-841c-4ad7-8048-cdf18cfe1d18,32fd1821-3f61-415e-8088-400bd1792109,1633169208888,14.3009737,52.2675129,6.1523194,-0.4045546,-0.44035554,2.4906464,on bike mount,cyclo cross,True,asphalt,excellent
f4ee5635-8bf4-4b5a-96e4-b3a42f385893,ba40644a-841c-4ad7-8048-cdf18cfe1d18,23d0549e-26a0-44f7-978a-490b48abad4e,1633169208938,14.3009737,52.2675129,6.1523194,0.72372985,-0.32088852,-0.46029663,on bike mount,cyclo cross,True,asphalt,excellent
f4ee5635-8bf4-4b5a-96e4-b3a42f385893,ba40644a-841c-4ad7-8048-cdf18cfe1d18,50bb50b1-3eb7-47c5-bf53-a9466e061deb,1633169208988,14.3010795,52.2675227,6.600092,0.31546703,-0.05229163,-0.34535694,on bike mount,cyclo cross,True,asphalt,excellent
f4ee5635-8bf4-4b5a-96e4-b3a42f385893,ba40644a-841c-4ad7-8048-cdf18cfe1d18,ad932b76-bca9-458c-b0aa-e8ca352ccba6,1633169209038,14.3010795,52.2675227,6.600092,-0.028882354,-0.24890709,2.319047,on bike mount,cyclo cross,True,asphalt,excellent
f4ee5635-8bf4-4b5a-96e4-b3a42f385893,ba40644a-841c-4ad7-8048-cdf18cfe1d18,70aef155-fb82-4793-9450-e82fc26245f4,1633169209088,14.3010795,52.2675227,6.600092,-0.5341508,1.1611714,-0.445961,on bike mount,cyclo cross,True,asphalt,excellent
f4ee5635-8bf4-4b5a-96e4-b3a42f385893,ba40644a-841c-4ad7-8048-cdf18cfe1d18,975eb1e6-4808-4468-bc17-c3e1f5aed883,1633169209158,14.3010795,52.2675227,6.600092,-1.0963023,0.07160711,-1.8526902,on bike mount,cyclo cross,True,asphalt,excellent
f4ee5635-8bf4-4b5a-96e4-b3a42f385893,ba40644a-841c-4ad7-8048-cdf18cfe1d18,2017fa7e-fea0-46ee-a56a-48d1630aa1c4,1633169209208,14.3010795,52.2675227,6.600092,0.47530568,0.5107186,0.8186827,on bike mount,cyclo cross,True,asphalt,excellent
f4ee5635-8bf4-4b5a-96e4-b3a42f385893,ba40644a-841c-4ad7-8048-cdf18cfe1d18,ef7f2bd1-dbdc-471c-a2b8-a689e72cb376,1633169209283,14.3010795,52.2675227,6.600092,1.2628547,0.122746944,0.82593346,on bike mount,cyclo cross,True,asphalt,excellent
f4ee5635-8bf4-4b5a-96e4-b3a42f385893,ba40644a-841c-4ad7-8048-cdf18cfe1d18,917a310f-81b0-4c52-ae83-3fd3dab180e2,1633169209333,14.3010795,52.2675227,6.600092,0.61550605,-1.3333918,2.9935493,on bike mount,cyclo cross,True,asphalt,excellent
f4ee5635-8bf4-4b5a-96e4-b3a42f385893,ba40644a-841c-4ad7-8048-cdf18cfe1d18,c99593f9-e1f8-4781-a36c-84cd902b74df,1633169209383,14.3010795,52.2675227,6.600092,-0.17553887,0.45232224,-1.9256415,on bike mount,cyclo cross,True,asphalt,excellent
f4ee5635-8bf4-4b5a-96e4-b3a42f385893,ba40644a-841c-4ad7-8048-cdf18cfe1d18,567a561c-17ae-4d5a-95bd-5ed641e7bf35,1633169209433,14.3010795,52.2675227,6.600092,-0.904755,-0.85408485,1.2609158,on bike mount,cyclo cross,True,asphalt,excellent
f4ee5635-8bf4-4b5a-96e4-b3a42f385893,ba40644a-841c-4ad7-8048-cdf18cfe1d18,5bc34700-f622-495f-b11d-c854b6c30628,1633169209483,14.3010795,52.2675227,6.600092,0.09010223,-0.19557858,1.2520218,on bike mount,cyclo cross,True,asphalt,excellent
f4ee5635-8bf4-4b5a-96e4-b3a42f385893,ba40644a-841c-4ad7-8048-cdf18cfe1d18,6e02b2ba-43cd-4016-ac61-259668547011,1633169209549,14.3010795,52.2675227,6.600092,0.23163705,0.3054843,-2.0450993,on bike mount,cyclo cross,True,asphalt,excellent
f4ee5635-8bf4-4b5a-96e4-b3a42f385893,ba40644a-841c-4ad7-8048-cdf18cfe1d18,923d8017-9d15-4557-90af-29522c96a45a,1633169209599,14.3010795,52.2675227,6.600092,0.38638127,-0.9737164,2.10608,on bike mount,cyclo cross,True,asphalt,excellent
f4ee5635-8bf4-4b5a-96e4-b3a42f385893,ba40644a-841c-4ad7-8048-cdf18cfe1d18,f858d183-57a5-475a-a339-c330e6bcc9ad,1633169209649,14.3010795,52.2675227,6.600092,1.3619746,-0.33092427,0.9775686,on bike mount,cyclo cross,True,asphalt,excellent
f4ee5635-8bf4-4b5a-96e4-b3a42f385893,ba40644a-841c-4ad7-8048-cdf18cfe1d18,0e48a6d9-5946-4deb-a3e0-c92544c5125a,1633169209699,14.3010795,52.2675227,6.600092,1.0236254,-0.72505546,-0.027544022,on bike mount,cyclo cross,True,asphalt,excellent
f4ee5635-8bf4-4b5a-96e4-b3a42f385893,ba40644a-841c-4ad7-8048-cdf18cfe1d18,8172e64e-8faf-4f0f-8013-04df30953c7a,1633169209749,14.3010795,52.2675227,6.600092,0.63373435,0.8888507,0.8537426,on bike mount,cyclo cross,True,asphalt,excellent
f4ee5635-8bf4-4b5a-96e4-b3a42f385893,ba40644a-841c-4ad7-8048-cdf18cfe1d18,6f07465a-b206-4de1-81ca-00fc6252a1e2,1633169209821,14.3010795,52.2675227,6.600092,0.6664022,0.15499973,0.55008125,on bike mount,cyclo cross,True,asphalt,excellent
f4ee5635-8bf4-4b5a-96e4-b3a42f385893,ba40644a-841c-4ad7-8048-cdf18cfe1d18,1a294941-4c00-4a1d-a005-57d4fb6e9da4,1633169209872,14.3010795,52.2675227,6.600092,0.0038963258,0.030436993,-0.085977554,on bike mount,cyclo cross,True,asphalt,excellent
f4ee5635-8bf4-4b5a-96e4-b3a42f385893,ba40644a-841c-4ad7-8048-cdf18cfe1d18,7179778e-bb86-411a-967c-450a00ae3ff5,1633169209922,14.3010795,52.2675227,6.600092,0.8894061,0.4378202,0.37737465,on bike mount,cyclo cross,True,asphalt,excellent
f4ee5635-8bf4-4b5a-96e4-b3a42f385893,ba40644a-841c-4ad7-8048-cdf18cfe1d18,3237325f-7a67-4c4a-9f75-92ac415875b3,1633169209972,14.3011712,52.2675331,5.970923,0.9032476,-1.7784333,0.8384409,on bike mount,cyclo cross,True,asphalt,excellent
f4ee5635-8bf4-4b5a-96e4-b3a42f385893,ba40644a-841c-4ad7-8048-cdf18cfe1d18,34511b2b-439e-496e-a790-a2857b6d93b0,1633169210021,14.3011712,52.2675331,5.970923,0.73829377,-2.2278054,-1.0032339,on bike mount,cyclo cross,True,asphalt,excellent
f4ee5635-8bf4-4b5a-96e4-b3a42f385893,ba40644a-841c-4ad7-8048-cdf18cfe1d18,5c650c3a-8c91-4b1c-a8fb-429a98033b1f,1633169210094,14.3011712,52.2675331,5.970923,-0.22313797,-1.4582609,2.2030602,on bike mount,cyclo cross,True,asphalt,excellent
f4ee5635-8bf4-4b5a-96e4-b3a42f385893,ba40644a-841c-4ad7-8048-cdf18cfe1d18,0f04f8dc-c8c3-42bf-9ff9-d7c4ba99a9e3,1633169210144,14.3011712,52.2675331,5.970923,-0.19938207,1.1976762,1.2761726,on bike mount,cyclo cross,True,asphalt,excellent
f4ee5635-8bf4-4b5a-96e4-b3a42f385893,ba40644a-841c-4ad7-8048-cdf18cfe1d18,44c37efe-b64a-47ac-8f3d-3691a0816a11,1633169210195,14.3011712,52.2675331,5.970923,0.66823584,-1.0627365,1.3616991,on bike mount,cyclo cross,True,asphalt,excellent
f4ee5635-8bf4-4b5a-96e4-b3a42f385893,ba40644a-841c-4ad7-8048-cdf18cfe1d18,c9ef40fe-c0e1-43f4-a215-23a0647f6fef,1633169210246,14.3011712,52.2675331,5.970923,0.46189907,-0.40700006,-2.0411239,on bike mount,cyclo cross,True,asphalt,excellent
f4ee5635-8bf4-4b5a-96e4-b3a42f385893,ba40644a-841c-4ad7-8048-cdf18cfe1d18,d900364b-84cd-406d-b8ab-348ebdfbfb9d,1633169210296,14.3011712,52.2675331,5.970923,1.0480359,-3.1828032,-0.35593224,on bike mount,cyclo cross,True,asphalt,excellent
f4ee5635-8bf4-4b5a-96e4-b3a42f385893,ba40644a-841c-4ad7-8048-cdf18cfe1d18,9dc1e184-424f-47fd-89b5-902e82058121,1633169210366,14.3011712,52.2675331,5.970923,-0.6607728,0.8935678,-0.53177166,on bike mount,cyclo cross,True,asphalt,excellent
f4ee5635-8bf4-4b5a-96e4-b3a42f385893,ba40644a-841c-4ad7-8048-cdf18cfe1d18,6617a4e1-7a03-4f09-a6e8-e7665f3be9f9,1633169210416,14.3011712,52.2675331,5.970923,-0.93554574,-1.856976,-0.48836803,on bike mount,cyclo cross,True,asphalt,excellent
f4ee5635-8bf4-4b5a-96e4-b3a42f385893,ba40644a-841c-4ad7-8048-cdf18cfe1d18,21c928ec-1c19-499a-8e09-47e4d9e8f893,1633169210466,14.3011712,52.2675331,5.970923,-0.6709323,-0.059758186,-1.6848745,on bike mount,cyclo cross,True,asphalt,excellent
f4ee5635-8bf4-4b5a-96e4-b3a42f385893,ba40644a-841c-4ad7-8048-cdf18cfe1d18,0e962f9a-d9ed-4a91-8df5-030a04a936a6,1633169210517,14.3011712,52.2675331,5.970923,-0.8147231,-0.1884532,0.279356,on bike mount,cyclo cross,True,asphalt,excellent
f4ee5635-8bf4-4b5a-96e4-b3a42f385893,ba40644a-841c-4ad7-8048-cdf18cfe1d18,8533302d-210e-40a9-aec7-db9acb197545,1633169210567,14.3011712,52.2675331,5.970923,-0.22995743,1.8450541,-0.00091171265,on bike mount,cyclo cross,True,asphalt,excellent
f4ee5635-8bf4-4b5a-96e4-b3a42f385893,ba40644a-841c-4ad7-8048-cdf18cfe1d18,e888c1d3-fb3d-4960-81e3-1efa8d9d4353,1633169210642,14.3011712,52.2675331,5.970923,1.3420373,-0.5036411,-0.3863516,on bike mount,cyclo cross,True,asphalt,excellent
f4ee5635-8bf4-4b5a-96e4-b3a42f385893,ba40644a-841c-4ad7-8048-cdf18cfe1d18,325d1798-8179-4f99-aa4e-a4cab3c2e2ea,1633169210691,14.3011712,52.2675331,5.970923,0.059254274,0.316334,-1.1843882,on bike mount,cyclo cross,True,asphalt,excellent
f4ee5635-8bf4-4b5a-96e4-b3a42f385893,ba40644a-841c-4ad7-8048-cdf18cfe1d18,89367576-ebdc-43cc-be95-f55d1ada0646,1633169210742,14.3011712,52.2675331,5.970923,0.18338451,0.6992712,0.20099545,on bike mount,cyclo cross,True,asphalt,excellent
f4ee5635-8bf4-4b5a-96e4-b3a42f385893,ba40644a-841c-4ad7-8048-cdf18cfe1d18,bd3b5d35-bd5f-4a12-a493-aaaebed64e30,1633169210792,14.3011712,52.2675331,5.970923,-0.6590829,0.9529915,-0.86730385,on bike mount,cyclo cross,True,asphalt,excellent
f4ee5635-8bf4-4b5a-96e4-b3a42f385893,ba40644a-841c-4ad7-8048-cdf18cfe1d18,125631d7-d676-4da8-a8e8-0cf417dd8083,1633169210842,14.3011712,52.2675331,5.970923,0.33566195,0.30433655,-1.5014877,on bike mount,cyclo cross,True,asphalt,excellent
f4ee5635-8bf4-4b5a-96e4-b3a42f385893,ba40644a-841c-4ad7-8048-cdf18cfe1d18,38363904-de77-4a79-9ca1-0effd2c79725,1633169210903,14.3011712,52.2675331,5.970923,-0.91003156,-0.8225584,0.34364986,on bike mount,cyclo cross,True,asphalt,excellent
f4ee5635-8bf4-4b5a-96e4-b3a42f385893,ba40644a-841c-4ad7-8048-cdf18cfe1d18,4f8f8e00-5b56-44f1-88fd-5a0876ef128e,1633169210953,14.3012479,52.2675427,4.970756,-1.0477479,0.13160944,1.4545517,on bike mount,cyclo cross,True,asphalt,excellent
f4ee5635-8bf4-4b5a-96e4-b3a42f385893,ba40644a-841c-4ad7-8048-cdf18cfe1d18,32a9ea80-c136-4997-ac99-1bba575ae2a0,1633169211003,14.3012479,52.2675427,4.970756,0.7863488,1.2515783,-1.8230267,on bike mount,cyclo cross,True,asphalt,excellent
f4ee5635-8bf4-4b5a-96e4-b3a42f385893,ba40644a-841c-4ad7-8048-cdf18cfe1d18,3c6b2e0e-f16e-4034-9451-03d0cdd7daad,1633169211053,14.3012479,52.2675427,4.970756,-0.9977094,-0.24881554,1.2644825,on bike mount,cyclo cross,True,asphalt,excellent
f4ee5635-8bf4-4b5a-96e4-b3a42f385893,ba40644a-841c-4ad7-8048-cdf18cfe1d18,bbe7a9b5-bfb8-4d6c-8437-e34200688ab2,1633169211103,14.3012479,52.2675427,4.970756,0.15984353,-0.5067179,-0.26908875,on bike mount,cyclo cross,True,asphalt,excellent
f4ee5635-8bf4-4b5a-96e4-b3a42f385893,ba40644a-841c-4ad7-8048-cdf18cfe1d18,fa56b57e-cf69-4d77-bcb6-fab5f2d05c1f,1633169211168,14.3012479,52.2675427,4.970756,1.4312766,0.15117216,0.010781288,on bike mount,cyclo cross,True,asphalt,excellent
f4ee5635-8bf4-4b5a-96e4-b3a42f385893,ba40644a-841c-4ad7-8048-cdf18cfe1d18,8d8c4683-dd59-44f9-81cc-662a14c5260b,1633169211218,14.3012479,52.2675427,4.970756,0.23802237,-0.65034556,-0.010001183,on bike mount,cyclo cross,True,asphalt,excellent
f4ee5635-8bf4-4b5a-96e4-b3a42f385893,ba40644a-841c-4ad7-8048-cdf18cfe1d18,66f0b451-ffaf-457c-817f-e2d594df0479,1633169211268,14.3012479,52.2675427,4.970756,0.62587214,-0.26521826,0.40078735,on bike mount,cyclo cross,True,asphalt,excellent
f4ee5635-8bf4-4b5a-96e4-b3a42f385893,ba40644a-841c-4ad7-8048-cdf18cfe1d18,db108bba-42ec-4400-a708-92000ad0ad40,1633169211318,14.3012479,52.2675427,4.970756,1.0186175,1.0967369,-0.7561102,on bike mount,cyclo cross,True,asphalt,excellent
f4ee5635-8bf4-4b5a-96e4-b3a42f385893,ba40644a-841c-4ad7-8048-cdf18cfe1d18,b0188717-24e0-4264-acb5-869b004bf888,1633169211368,14.3012479,52.2675427,4.970756,0.5105359,1.3783808,0.8504076,on bike mount,cyclo cross,True,asphalt,excellent
f4ee5635-8bf4-4b5a-96e4-b3a42f385893,ba40644a-841c-4ad7-8048-cdf18cfe1d18,5d16e5a8-8679-46d3-b196-3a6ce261f729,1633169211440,14.3012479,52.2675427,4.970756,0.3872819,-2.0944097,0.91097546,on bike mount,cyclo cross,True,asphalt,excellent
f4ee5635-8bf4-4b5a-96e4-b3a42f385893,ba40644a-841c-4ad7-8048-cdf18cfe1d18,2d203d86-030f-403f-bdd4-f21eae287214,1633169211490,14.3012479,52.2675427,4.970756,0.63422835,0.8482473,-1.3436112,on bike mount,cyclo cross,True,asphalt,excellent
f4ee5635-8bf4-4b5a-96e4-b3a42f385893,ba40644a-841c-4ad7-8048-cdf18cfe1d18,3374fea7-ac0e-4990-bc30-e3080aac472d,1633169211541,14.3012479,52.2675427,4.970756,0.7478694,0.09650946,0.5039339,on bike mount,cyclo cross,True,asphalt,excellent
f4ee5635-8bf4-4b5a-96e4-b3a42f385893,ba40644a-841c-4ad7-8048-cdf18cfe1d18,f973562c-2c34-4d53-8ec8-0fefe7496e78,1633169211592,14.3012479,52.2675427,4.970756,0.09857769,0.34092784,0.2046423,on bike mount,cyclo cross,True,asphalt,excellent
f4ee5635-8bf4-4b5a-96e4-b3a42f385893,ba40644a-841c-4ad7-8048-cdf18cfe1d18,e597d1fa-c280-43df-9496-d00c68760a00,1633169211643,14.3012479,52.2675427,4.970756,-0.6387196,0.39675498,1.6503553,on bike mount,cyclo cross,True,asphalt,excellent
f4ee5635-8bf4-4b5a-96e4-b3a42f385893,ba40644a-841c-4ad7-8048-cdf18cfe1d18,2714da2c-a23b-4390-a5c4-167875c222ec,1633169211708,14.3012479,52.2675427,4.970756,-0.40734673,0.7317169,1.9086666,on bike mount,cyclo cross,True,asphalt,excellent
f4ee5635-8bf4-4b5a-96e4-b3a42f385893,ba40644a-841c-4ad7-8048-cdf18cfe1d18,319452f7-f814-446d-9ba5-3e875b18be65,1633169211759,14.3012479,52.2675427,4.970756,-1.2225778,-0.40246058,1.3290854,on bike mount,cyclo cross,True,asphalt,excellent
f4ee5635-8bf4-4b5a-96e4-b3a42f385893,ba40644a-841c-4ad7-8048-cdf18cfe1d18,f6ca2b70-9775-444e-984e-55103d085a59,1633169211810,14.3012479,52.2675427,4.970756,-0.44218722,-0.4989121,0.4443531,on bike mount,cyclo cross,True,asphalt,excellent
f4ee5635-8bf4-4b5a-96e4-b3a42f385893,ba40644a-841c-4ad7-8048-cdf18cfe1d18,7c19419c-fa83-443d-b25c-4de0e365e536,1633169211860,14.3012479,52.2675427,4.970756,0.32887822,-0.2857437,-0.8494487,on bike mount,cyclo cross,True,asphalt,excellent
f4ee5635-8bf4-4b5a-96e4-b3a42f385893,ba40644a-841c-4ad7-8048-cdf18cfe1d18,00521259-7b43-4b94-b030-647325a9f248,1633169211910,14.3012479,52.2675427,4.970756,0.3701719,-1.486621,-0.24344158,on bike mount,cyclo cross,True,asphalt,excellent
f4ee5635-8bf4-4b5a-96e4-b3a42f385893,ba40644a-841c-4ad7-8048-cdf18cfe1d18,bda08a2a-b5bf-404a-a0dd-76f9a319a43d,1633169211974,14.3013121,52.2675484,5.1022186,-0.44481874,0.79189754,-1.2393689,on bike mount,cyclo cross,True,asphalt,excellent
f4ee5635-8bf4-4b5a-96e4-b3a42f385893,ba40644a-841c-4ad7-8048-cdf18cfe1d18,00509a6d-b4c7-4ad7-bb23-52b920f8a7c7,1633169212024,14.3013121,52.2675484,5.1022186,-0.8004502,-0.17162037,-0.842638,on bike mount,cyclo cross,True,asphalt,excellent
f4ee5635-8bf4-4b5a-96e4-b3a42f385893,ba40644a-841c-4ad7-8048-cdf18cfe1d18,673f722a-42e5-4969-bb51-b26decce1bad,1633169212074,14.3013121,52.2675484,5.1022186,-0.83887315,0.98901796,-1.9308453,on bike mount,cyclo cross,True,asphalt,excellent
f4ee5635-8bf4-4b5a-96e4-b3a42f385893,ba40644a-841c-4ad7-8048-cdf18cfe1d18,5166b40f-2877-4b9c-b342-951f61fd7160,1633169212124,14.3013121,52.2675484,5.1022186,-0.80279946,2.2746096,3.067544,on bike mount,cyclo cross,True,asphalt,excellent
f4ee5635-8bf4-4b5a-96e4-b3a42f385893,ba40644a-841c-4ad7-8048-cdf18cfe1d18,740218a3-989d-4277-8587-bde02a706330,1633169212174,14.3013121,52.2675484,5.1022186,-0.585595,3.3635414,0.1692524,on bike mount,cyclo cross,True,asphalt,excellent
f4ee5635-8bf4-4b5a-96e4-b3a42f385893,ba40644a-841c-4ad7-8048-cdf18cfe1d18,1bc76a81-2a10-4fc6-a5ae-f06fe40cf993,1633169212243,14.3013121,52.2675484,5.1022186,0.29510796,0.32010913,-2.0608792,on bike mount,cyclo cross,True,asphalt,excellent
f4ee5635-8bf4-4b5a-96e4-b3a42f385893,ba40644a-841c-4ad7-8048-cdf18cfe1d18,51f621e1-b8d4-4c67-ae7f-1805271b215b,1633169212294,14.3013121,52.2675484,5.1022186,0.8689264,0.03696847,-0.79748344,on bike mount,cyclo cross,True,asphalt,excellent
f4ee5635-8bf4-4b5a-96e4-b3a42f385893,ba40644a-841c-4ad7-8048-cdf18cfe1d18,bc0d0be3-42c7-4570-b897-d711ea7639fe,1633169212344,14.3013121,52.2675484,5.1022186,1.3731142,-1.2862362,0.5891886,on bike mount,cyclo cross,True,asphalt,excellent
f4ee5635-8bf4-4b5a-96e4-b3a42f385893,ba40644a-841c-4ad7-8048-cdf18cfe1d18,2304b6da-d691-49b9-8c13-52c0cd8a4b1a,1633169212394,14.3013121,52.2675484,5.1022186,0.85132396,-1.7749722,-0.40509605,on bike mount,cyclo cross,True,asphalt,excellent
f4ee5635-8bf4-4b5a-96e4-b3a42f385893,ba40644a-841c-4ad7-8048-cdf18cfe1d18,ee2ddb2b-8ce5-4d8e-98e5-76cacc4ad43a,1633169212444,14.3013121,52.2675484,5.1022186,1.5530846,-0.38806844,-1.4905286,on bike mount,cyclo cross,True,asphalt,excellent
f4ee5635-8bf4-4b5a-96e4-b3a42f385893,ba40644a-841c-4ad7-8048-cdf18cfe1d18,ccce4fbf-c3e4-46c9-a999-29ee56b22ba8,1633169212520,14.3013121,52.2675484,5.1022186,-1.9499617,-1.3250239,1.1927814,on bike mount,cyclo cross,True,asphalt,excellent
f4ee5635-8bf4-4b5a-96e4-b3a42f385893,ba40644a-841c-4ad7-8048-cdf18cfe1d18,c15a1376-5367-441f-ba75-8d3f6b7382b4,1633169212572,14.3013121,52.2675484,5.1022186,0.61649716,0.42295456,-1.1394315,on bike mount,cyclo cross,True,asphalt,excellent
f4ee5635-8bf4-4b5a-96e4-b3a42f385893,ba40644a-841c-4ad7-8048-cdf18cfe1d18,5846bc8f-9e98-4bfc-9f99-09f4861a23be,1633169212644,14.3013121,52.2675484,5.1022186,1.0187341,-0.4653411,-0.061656,on bike mount,cyclo cross,True,asphalt,excellent
f4ee5635-8bf4-4b5a-96e4-b3a42f385893,ba40644a-841c-4ad7-8048-cdf18cfe1d18,bb399ebb-d642-4419-b39a-776e6f70c6fd,1633169212694,14.3013121,52.2675484,5.1022186,0.9420136,-3.5391405,-2.0803094,on bike mount,cyclo cross,True,asphalt,excellent
f4ee5635-8bf4-4b5a-96e4-b3a42f385893,ba40644a-841c-4ad7-8048-cdf18cfe1d18,b44ebed6-9318-4c2f-813e-41eb74e6ba4b,1633169212744,14.3013121,52.2675484,5.1022186,0.14417753,-2.7046852,-1.9135718,on bike mount,cyclo cross,True,asphalt,excellent
f4ee5635-8bf4-4b5a-96e4-b3a42f385893,ba40644a-841c-4ad7-8048-cdf18cfe1d18,5b1100ea-5d27-4ad7-8f22-98e589370458,1633169212794,14.3013121,52.2675484,5.1022186,0.31465492,-2.0113387,1.095828,on bike mount,cyclo cross,True,asphalt,excellent
f4ee5635-8bf4-4b5a-96e4-b3a42f385893,ba40644a-841c-4ad7-8048-cdf18cfe1d18,12e457e8-b120-4030-a4be-9bc61507f116,1633169212844,14.3013121,52.2675484,5.1022186,1.5875486,1.6274307,-0.928689,on bike mount,cyclo cross,True,asphalt,excellent
f4ee5635-8bf4-4b5a-96e4-b3a42f385893,ba40644a-841c-4ad7-8048-cdf18cfe1d18,6654e8a9-af86-4a40-b25c-fa3bcb259dcb,1633169212909,14.3013121,52.2675484,5.1022186,-2.0246758,0.4522848,-1.1752405,on bike mount,cyclo cross,True,asphalt,excellent
f4ee5635-8bf4-4b5a-96e4-b3a42f385893,ba40644a-841c-4ad7-8048-cdf18cfe1d18,9c71cece-2b45-40a9-8a02-8cde01b08238,1633169212959,14.3013121,52.2675484,5.1022186,-1.1071255,-0.34780884,0.11658573,on bike mount,cyclo cross,True,asphalt,excellent
f4ee5635-8bf4-4b5a-96e4-b3a42f385893,ba40644a-841c-4ad7-8048-cdf18cfe1d18,6fe66cbc-1428-4f67-9b24-1ce14d54a47b,1633169213009,14.3014024,52.2675528,5.18918,0.9061683,-0.9169055,-0.111356735,on bike mount,cyclo cross,True,asphalt,excellent
f4ee5635-8bf4-4b5a-96e4-b3a42f385893,ba40644a-841c-4ad7-8048-cdf18cfe1d18,53e0c061-41c2-4fa5-aa35-700d55f21ab6,1633169213060,14.3014024,52.2675528,5.18918,-1.1546487,-0.18069601,0.76457024,on bike mount,cyclo cross,True,asphalt,excellent
f4ee5635-8bf4-4b5a-96e4-b3a42f385893,ba40644a-841c-4ad7-8048-cdf18cfe1d18,684920a5-49b3-4936-8cf7-7731175e0081,1633169213110,14.3014024,52.2675528,5.18918,-2.3531928,1.5354784,-0.8668728,on bike mount,cyclo cross,True,asphalt,excellent
f4ee5635-8bf4-4b5a-96e4-b3a42f385893,ba40644a-841c-4ad7-8048-cdf18cfe1d18,89453c98-c11a-4dfa-a8a0-6869be320694,1633169213160,14.3014024,52.2675528,5.18918,-1.4863226,-0.70015943,-1.5065055,on bike mount,cyclo cross,True,asphalt,excellent
f4ee5635-8bf4-4b5a-96e4-b3a42f385893,ba40644a-841c-4ad7-8048-cdf18cfe1d18,b365d75d-d75b-48cd-aa20-c4b9d6b8a8fb,1633169213210,14.3014024,52.2675528,5.18918,-0.72246134,-0.9614514,0.7324648,on bike mount,cyclo cross,True,asphalt,excellent
f4ee5635-8bf4-4b5a-96e4-b3a42f385893,ba40644a-841c-4ad7-8048-cdf18cfe1d18,92b8b9c8-a41b-4704-9a1a-e3efc3e1934a,1633169213260,14.3014024,52.2675528,5.18918,1.2340875,0.3959391,0.2264452,on bike mount,cyclo cross,True,asphalt,excellent
f4ee5635-8bf4-4b5a-96e4-b3a42f385893,ba40644a-841c-4ad7-8048-cdf18cfe1d18,0a78bcc3-2f69-4c96-93ee-20b9bdd85be9,1633169213327,14.3014024,52.2675528,5.18918,-0.89541805,-0.52413774,-0.9875355,on bike mount,cyclo cross,True,asphalt,excellent
f4ee5635-8bf4-4b5a-96e4-b3a42f385893,ba40644a-841c-4ad7-8048-cdf18cfe1d18,5762a227-fa7e-4d43-8433-fb4ae17145c8,1633169213377,14.3014024,52.2675528,5.18918,0.059093416,-0.26398182,-0.1598463,on bike mount,cyclo cross,True,asphalt,excellent
f4ee5635-8bf4-4b5a-96e4-b3a42f385893,ba40644a-841c-4ad7-8048-cdf18cfe1d18,3f84cdff-852c-462a-bec4-a66644e3188a,1633169213427,14.3014024,52.2675528,5.18918,1.3754803,0.48788524,-0.36001778,on bike mount,cyclo cross,True,asphalt,excellent
f4ee5635-8bf4-4b5a-96e4-b3a42f385893,ba40644a-841c-4ad7-8048-cdf18cfe1d18,8514bc34-b36d-4b5a-beca-82659b93742b,1633169213480,14.3014024,52.2675528,5.18918,-0.20879209,0.17751145,0.7510309,on bike mount,cyclo cross,True,asphalt,excellent
f4ee5635-8bf4-4b5a-96e4-b3a42f385893,ba40644a-841c-4ad7-8048-cdf18cfe1d18,997ed295-6ec0-4645-b3ce-d234e558ecc4,1633169213530,14.3014024,52.2675528,5.18918,-0.84493744,1.0316057,-0.7083807,on bike mount,cyclo cross,True,asphalt,excellent
f4ee5635-8bf4-4b5a-96e4-b3a42f385893,ba40644a-841c-4ad7-8048-cdf18cfe1d18,8e3852af-1481-464a-9017-fa36be47b0d4,1633169213581,14.3014024,52.2675528,5.18918,-0.32832795,-2.4415743,-0.5612221,on bike mount,cyclo cross,True,asphalt,excellent
f4ee5635-8bf4-4b5a-96e4-b3a42f385893,ba40644a-841c-4ad7-8048-cdf18cfe1d18,1732fc50-ef6a-4e14-b9c4-14c47b339c7e,1633169213631,14.3014024,52.2675528,5.18918,0.71334016,0.9285631,-0.6727133,on bike mount,cyclo cross,True,asphalt,excellent
f4ee5635-8bf4-4b5a-96e4-b3a42f385893,ba40644a-841c-4ad7-8048-cdf18cfe1d18,29d017b8-140c-4d0a-8940-18ba22c1e9c3,1633169213681,14.3014024,52.2675528,5.18918,0.055202693,0.43090034,-1.2013721,on bike mount,cyclo cross,True,asphalt,excellent
f4ee5635-8bf4-4b5a-96e4-b3a42f385893,ba40644a-841c-4ad7-8048-cdf18cfe1d18,34b952b7-2f3d-4b5f-87bf-e5ff0126e292,1633169213745,14.3014024,52.2675528,5.18918,0.63746524,-1.1133169,-0.08407688,on bike mount,cyclo cross,True,asphalt,excellent
f4ee5635-8bf4-4b5a-96e4-b3a42f385893,ba40644a-841c-4ad7-8048-cdf18cfe1d18,39f45aae-402b-4e2d-aaa4-0860c7b34eb7,1633169213796,14.3014024,52.2675528,5.18918,0.4235149,-0.28655052,1.232645,on bike mount,cyclo cross,True,asphalt,excellent
f4ee5635-8bf4-4b5a-96e4-b3a42f385893,ba40644a-841c-4ad7-8048-cdf18cfe1d18,c60c0092-8f45-4640-abd5-5a4e1f6cda96,1633169213846,14.3014024,52.2675528,5.18918,0.22603618,-1.6010087,1.0368633,on bike mount,cyclo cross,True,asphalt,excellent
f4ee5635-8bf4-4b5a-96e4-b3a42f385893,ba40644a-841c-4ad7-8048-cdf18cfe1d18,ea9f401c-8e9e-4f7d-858c-0d04d76bab71,1633169213896,14.3014024,52.2675528,5.18918,0.356368,0.2604723,-0.2465601,on bike mount,cyclo cross,True,asphalt,excellent
f4ee5635-8bf4-4b5a-96e4-b3a42f385893,ba40644a-841c-4ad7-8048-cdf18cfe1d18,39b0c066-c5ce-4768-bbb4-1070bd1fb167,1633169213946,14.3014024,52.2675528,5.18918,0.67675674,1.3629465,-0.38100147,on bike mount,cyclo cross,True,asphalt,excellent
f4ee5635-8bf4-4b5a-96e4-b3a42f385893,ba40644a-841c-4ad7-8048-cdf18cfe1d18,a603a9df-6380-45fa-ad9e-0bb6aae55c51,1633169214027,14.3014823,52.2675607,5.1251593,-0.014066219,0.9473374,-0.033860207,on bike mount,cyclo cross,True,asphalt,excellent
f4ee5635-8bf4-4b5a-96e4-b3a42f385893,ba40644a-841c-4ad7-8048-cdf18cfe1d18,7cb93139-cdcb-4bb2-bc6e-5a0bed579421,1633169214078,14.3014823,52.2675607,5.1251593,0.039966464,-0.1927638,0.45166492,on bike mount,cyclo cross,True,asphalt,excellent
f4ee5635-8bf4-4b5a-96e4-b3a42f385893,ba40644a-841c-4ad7-8048-cdf18cfe1d18,b5a13994-e0dd-441f-98ff-5fc49ceaf11a,1633169214150,14.3014823,52.2675607,5.1251593,0.8252489,0.81371737,0.19219303,on bike mount,cyclo cross,True,asphalt,excellent
f4ee5635-8bf4-4b5a-96e4-b3a42f385893,ba40644a-841c-4ad7-8048-cdf18cfe1d18,9865784f-11af-47ac-a489-ea78e860b886,1633169214200,14.3014823,52.2675607,5.1251593,-0.44845057,0.89091563,-0.51736546,on bike mount,cyclo cross,True,asphalt,excellent
f4ee5635-8bf4-4b5a-96e4-b3a42f385893,ba40644a-841c-4ad7-8048-cdf18cfe1d18,49a72dad-156c-4c6f-87f8-3ff7e5fcf8a2,1633169214251,14.3014823,52.2675607,5.1251593,-0.24584478,-1.7326999,-0.76366043,on bike mount,cyclo cross,True,asphalt,excellent
f4ee5635-8bf4-4b5a-96e4-b3a42f385893,ba40644a-841c-4ad7-8048-cdf18cfe1d18,1eb465dd-1651-44ee-96b1-89798a10c954,1633169214301,14.3014823,52.2675607,5.1251593,-0.069973886,1.2428124,-0.30629063,on bike mount,cyclo cross,True,asphalt,excellent
f4ee5635-8bf4-4b5a-96e4-b3a42f385893,ba40644a-841c-4ad7-8048-cdf18cfe1d18,e025c3fd-0709-4190-9b6e-95b4eb0297b0,1633169214351,14.3014823,52.2675607,5.1251593,0.0011389181,0.63696456,0.69690704,on bike mount,cyclo cross,True,asphalt,excellent
f4ee5635-8bf4-4b5a-96e4-b3a42f385893,ba40644a-841c-4ad7-8048-cdf18cfe1d18,0ce90224-86d6-4c43-afba-73e0ac9cc116,1633169214444,14.3014823,52.2675607,5.1251593,0.21401377,0.025598288,0.48499775,on bike mount,cyclo cross,True,asphalt,excellent
f4ee5635-8bf4-4b5a-96e4-b3a42f385893,ba40644a-841c-4ad7-8048-cdf18cfe1d18,301ae243-1a3e-4560-bd26-5a2f7238ca76,1633169214494,14.3014823,52.2675607,5.1251593,-1.0106974,-0.34641147,-1.0231552,on bike mount,cyclo cross,True,asphalt,excellent
f4ee5635-8bf4-4b5a-96e4-b3a42f385893,ba40644a-841c-4ad7-8048-cdf18cfe1d18,d3ec76f9-7698-4b50-b691-3c5773afa8db,1633169214562,14.3014823,52.2675607,5.1251593,0.41227123,-0.64046025,1.4087896,on bike mount,cyclo cross,True,asphalt,excellent
f4ee5635-8bf4-4b5a-96e4-b3a42f385893,ba40644a-841c-4ad7-8048-cdf18cfe1d18,01f965ba-75e7-49b7-b0d8-be9b24c045d1,1633169214612,14.3014823,52.2675607,5.1251593,0.16860986,-0.25396037,0.567502,on bike mount,cyclo cross,True,asphalt,excellent
f4ee5635-8bf4-4b5a-96e4-b3a42f385893,ba40644a-841c-4ad7-8048-cdf18cfe1d18,8e43f4e1-9659-41d2-831a-9539e147e8fd,1633169214662,14.3014823,52.2675607,5.1251593,-0.5302249,0.17927599,0.15079308,on bike mount,cyclo cross,True,asphalt,excellent
f4ee5635-8bf4-4b5a-96e4-b3a42f385893,ba40644a-841c-4ad7-8048-cdf18cfe1d18,b2db54b2-6edd-4103-8061-205f83208b13,1633169214714,14.3014823,52.2675607,5.1251593,1.654554,-0.46821952,-0.8594837,on bike mount,cyclo cross,True,asphalt,excellent
f4ee5635-8bf4-4b5a-96e4-b3a42f385893,ba40644a-841c-4ad7-8048-cdf18cfe1d18,d00dc24d-2dad-40d9-8fa1-214bd62c92ba,1633169214765,14.3014823,52.2675607,5.1251593,-0.14759609,0.13254118,1.5117826,on bike mount,cyclo cross,True,asphalt,excellent
f4ee5635-8bf4-4b5a-96e4-b3a42f385893,ba40644a-841c-4ad7-8048-cdf18cfe1d18,115e13c3-5227-4244-9df8-1bf22e688364,1633169214845,14.3014823,52.2675607,5.1251593,-0.2973113,0.34877634,-0.059898376,on bike mount,cyclo cross,True,asphalt,excellent
f4ee5635-8bf4-4b5a-96e4-b3a42f385893,ba40644a-841c-4ad7-8048-cdf18cfe1d18,1360b9e2-4628-4e6b-b5b8-2e4e8d1d1eef,1633169214895,14.3014823,52.2675607,5.1251593,0.7489673,-0.7743926,1.0389986,on bike mount,cyclo cross,True,asphalt,excellent
f4ee5635-8bf4-4b5a-96e4-b3a42f385893,ba40644a-841c-4ad7-8048-cdf18cfe1d18,69dddc8c-9162-4c5f-849f-20157f40b4f4,1633169214944,14.3014823,52.2675607,5.1251593,0.041325033,1.0769947,-1.5085654,on bike mount,cyclo cross,True,asphalt,excellent
f4ee5635-8bf4-4b5a-96e4-b3a42f385893,ba40644a-841c-4ad7-8048-cdf18cfe1d18,46b732ab-afba-4f39-8cd8-129bc3560811,1633169214994,14.30156,52.2675642,5.1519,1.1960251,-0.07797098,0.6886902,on bike mount,cyclo cross,True,asphalt,excellent
f4ee5635-8bf4-4b5a-96e4-b3a42f385893,ba40644a-841c-4ad7-8048-cdf18cfe1d18,a8850262-9293-45c3-954d-8e20b58fd8a2,1633169215044,14.30156,52.2675642,5.1519,-0.2884393,0.4150238,-0.43709946,on bike mount,cyclo cross,True,asphalt,excellent
f4ee5635-8bf4-4b5a-96e4-b3a42f385893,ba40644a-841c-4ad7-8048-cdf18cfe1d18,10ae3765-24db-4ace-8d11-8f724172b2f4,1633169215094,14.30156,52.2675642,5.1519,0.28088927,0.63017464,-0.023982048,on bike mount,cyclo cross,True,asphalt,excellent
f4ee5635-8bf4-4b5a-96e4-b3a42f385893,ba40644a-841c-4ad7-8048-cdf18cfe1d18,319d6483-1a60-42c9-a11c-2b369cad51d5,1633169215146,14.30156,52.2675642,5.1519,1.3088028,-0.24686551,-4.851367,on bike mount,cyclo cross,True,asphalt,excellent
f4ee5635-8bf4-4b5a-96e4-b3a42f385893,ba40644a-841c-4ad7-8048-cdf18cfe1d18,6dd85e2a-e94b-4886-8fc2-6a9a128b19fb,1633169215196,14.30156,52.2675642,5.1519,-0.7300669,0.3420391,-0.27804756,on bike mount,cyclo cross,True,asphalt,excellent
f4ee5635-8bf4-4b5a-96e4-b3a42f385893,ba40644a-841c-4ad7-8048-cdf18cfe1d18,c6904a25-c90d-4d89-b493-88bc37355561,1633169215262,14.30156,52.2675642,5.1519,-0.54005677,-0.16424131,0.22064781,on bike mount,cyclo cross,True,asphalt,excellent
f4ee5635-8bf4-4b5a-96e4-b3a42f385893,ba40644a-841c-4ad7-8048-cdf18cfe1d18,8bd9ff06-bbd0-4839-9b0e-e1c2a8a8677f,1633169215312,14.30156,52.2675642,5.1519,0.10761967,-0.28683853,-0.18549061,on bike mount,cyclo cross,True,asphalt,excellent
f4ee5635-8bf4-4b5a-96e4-b3a42f385893,ba40644a-841c-4ad7-8048-cdf18cfe1d18,712d49eb-63b0-49fd-8dbb-d1541b92edd5,1633169215363,14.30156,52.2675642,5.1519,-0.3175668,1.08589,-0.72059345,on bike mount,cyclo cross,True,asphalt,excellent
f4ee5635-8bf4-4b5a-96e4-b3a42f385893,ba40644a-841c-4ad7-8048-cdf18cfe1d18,7f646082-4abe-48a8-ab3c-1e077de45c6a,1633169215416,14.30156,52.2675642,5.1519,-1.1315804,0.91521,-0.5724077,on bike mount,cyclo cross,True,asphalt,excellent
f4ee5635-8bf4-4b5a-96e4-b3a42f385893,ba40644a-841c-4ad7-8048-cdf18cfe1d18,9c432545-84c0-40a2-b3ad-3d0b728f16b3,1633169215466,14.30156,52.2675642,5.1519,-0.6138961,0.3997352,0.6145811,on bike mount,cyclo cross,True,asphalt,excellent
f4ee5635-8bf4-4b5a-96e4-b3a42f385893,ba40644a-841c-4ad7-8048-cdf18cfe1d18,b5edacc9-8913-4e40-ba1a-ace76e3ff585,1633169215545,14.30156,52.2675642,5.1519,-0.43074256,-0.7435745,1.2291899,on bike mount,cyclo cross,True,asphalt,excellent
f4ee5635-8bf4-4b5a-96e4-b3a42f385893,ba40644a-841c-4ad7-8048-cdf18cfe1d18,32a2cd19-e97e-4b71-b4a8-abc4063cbfbb,1633169215594,14.30156,52.2675642,5.1519,-0.82846653,-0.16482496,-2.0517488,on bike mount,cyclo cross,True,asphalt,excellent
f4ee5635-8bf4-4b5a-96e4-b3a42f385893,ba40644a-841c-4ad7-8048-cdf18cfe1d18,8e4f91bd-e049-411b-8297-e39fc1eeb29b,1633169215644,14.30156,52.2675642,5.1519,-0.27860114,0.49332356,-0.16686916,on bike mount,cyclo cross,True,asphalt,excellent
f4ee5635-8bf4-4b5a-96e4-b3a42f385893,ba40644a-841c-4ad7-8048-cdf18cfe1d18,ae53b169-741f-45e9-85e5-3922f1ca7817,1633169215704,14.30156,52.2675642,5.1519,-0.7141483,0.698786,0.25102043,on bike mount,cyclo cross,True,asphalt,excellent
f4ee5635-8bf4-4b5a-96e4-b3a42f385893,ba40644a-841c-4ad7-8048-cdf18cfe1d18,1310b866-eb14-4859-860e-1451b67315ed,1633169215754,14.30156,52.2675642,5.1519,0.34558082,0.47408175,-0.09259701,on bike mount,cyclo cross,True,asphalt,excellent
f4ee5635-8bf4-4b5a-96e4-b3a42f385893,ba40644a-841c-4ad7-8048-cdf18cfe1d18,935ab3bc-9264-46c7-8231-682f4e0648df,1633169215810,14.30156,52.2675642,5.1519,-0.42294967,-0.350245,0.72089195,on bike mount,cyclo cross,True,asphalt,excellent
f4ee5635-8bf4-4b5a-96e4-b3a42f385893,ba40644a-841c-4ad7-8048-cdf18cfe1d18,ff0620b4-57a6-4f1a-b094-d76479cf276b,1633169215860,14.30156,52.2675642,5.1519,-0.186221,-0.21657014,0.5707493,on bike mount,cyclo cross,True,asphalt,excellent
f4ee5635-8bf4-4b5a-96e4-b3a42f385893,ba40644a-841c-4ad7-8048-cdf18cfe1d18,f709e7ac-4906-4880-8a89-66b0224c68be,1633169215909,14.30156,52.2675642,5.1519,-0.399194,-0.64859414,0.19708443,on bike mount,cyclo cross,True,asphalt,excellent
f4ee5635-8bf4-4b5a-96e4-b3a42f385893,ba40644a-841c-4ad7-8048-cdf18cfe1d18,68b32007-0b52-4af5-a7f9-abeffdd5c3d3,1633169215965,14.3016414,52.2675707,5.171545,0.061299324,0.37883973,0.1336956,on bike mount,cyclo cross,True,asphalt,excellent
f4ee5635-8bf4-4b5a-96e4-b3a42f385893,ba40644a-841c-4ad7-8048-cdf18cfe1d18,2d588a39-9a7d-4525-b8b6-154064547e40,1633169216016,14.3016414,52.2675707,5.171545,-0.13770503,-0.3553853,0.059426308,on bike mount,cyclo cross,True,asphalt,excellent
f4ee5635-8bf4-4b5a-96e4-b3a42f385893,ba40644a-841c-4ad7-8048-cdf18cfe1d18,2542635d-7455-4505-be8e-a1d568f78122,1633169216066,14.3016414,52.2675707,5.171545,-0.93167174,0.8370495,-0.90452576,on bike mount,cyclo cross,True,asphalt,excellent
f4ee5635-8bf4-4b5a-96e4-b3a42f385893,ba40644a-841c-4ad7-8048-cdf18cfe1d18,a8ef4711-690f-4183-86b3-3763591eaa86,1633169216116,14.3016414,52.2675707,5.171545,0.114239305,0.64326906,0.58411026,on bike mount,cyclo cross,True,asphalt,excellent
f4ee5635-8bf4-4b5a-96e4-b3a42f385893,ba40644a-841c-4ad7-8048-cdf18cfe1d18,dd602e1f-8adf-4d00-b0f6-583c4f059bc3,1633169216165,14.3016414,52.2675707,5.171545,-0.46622884,0.26509166,-0.06569481,on bike mount,cyclo cross,True,asphalt,excellent
f4ee5635-8bf4-4b5a-96e4-b3a42f385893,ba40644a-841c-4ad7-8048-cdf18cfe1d18,4969feee-5f41-4103-b0d5-dddcd4bb1433,1633169216226,14.3016414,52.2675707,5.171545,0.32741746,-0.3262329,0.6047678,on bike mount,cyclo cross,True,asphalt,excellent
f4ee5635-8bf4-4b5a-96e4-b3a42f385893,ba40644a-841c-4ad7-8048-cdf18cfe1d18,077e39c3-d2bf-4483-9eb1-ae07393b7c18,1633169216276,14.3016414,52.2675707,5.171545,-0.45016026,0.8377707,-0.38953876,on bike mount,cyclo cross,True,asphalt,excellent
f4ee5635-8bf4-4b5a-96e4-b3a42f385893,ba40644a-841c-4ad7-8048-cdf18cfe1d18,d4fafd81-dad9-494a-a420-9f6429af058e,1633169216326,14.3016414,52.2675707,5.171545,-0.05983396,-0.60334706,-0.38310242,on bike mount,cyclo cross,True,asphalt,excellent
f4ee5635-8bf4-4b5a-96e4-b3a42f385893,ba40644a-841c-4ad7-8048-cdf18cfe1d18,aa375e64-4a54-458b-916c-ecc344958093,1633169216376,14.3016414,52.2675707,5.171545,-0.62547886,0.25697494,-0.15073395,on bike mount,cyclo cross,True,asphalt,excellent
f4ee5635-8bf4-4b5a-96e4-b3a42f385893,ba40644a-841c-4ad7-8048-cdf18cfe1d18,daca0aac-c61b-4206-9e37-67f46a80bbda,1633169216427,14.3016414,52.2675707,5.171545,0.7007109,0.119262695,1.6964426,on bike mount,cyclo cross,True,asphalt,excellent
f4ee5635-8bf4-4b5a-96e4-b3a42f385893,ba40644a-841c-4ad7-8048-cdf18cfe1d18,4cb28468-516b-4884-bc57-838e004f3dc8,1633169216494,14.3016414,52.2675707,5.171545,-0.15604678,-0.9703369,-0.006532669,on bike mount,cyclo cross,True,asphalt,excellent
f4ee5635-8bf4-4b5a-96e4-b3a42f385893,ba40644a-841c-4ad7-8048-cdf18cfe1d18,4ee98603-c4fb-487c-a5a0-021821b487de,1633169216544,14.3016414,52.2675707,5.171545,1.0736777,1.2987041,-0.83251953,on bike mount,cyclo cross,True,asphalt,excellent
f4ee5635-8bf4-4b5a-96e4-b3a42f385893,ba40644a-841c-4ad7-8048-cdf18cfe1d18,5af5c428-0996-493b-af83-a3ebea7db6a5,1633169216594,14.3016414,52.2675707,5.171545,-0.032936007,-0.45404768,0.4550953,on bike mount,cyclo cross,True,asphalt,excellent
f4ee5635-8bf4-4b5a-96e4-b3a42f385893,ba40644a-841c-4ad7-8048-cdf18cfe1d18,be953e08-2ed9-4653-b9de-b6210d0bd5ab,1633169216644,14.3016414,52.2675707,5.171545,0.40175322,-0.4571073,-0.5340977,on bike mount,cyclo cross,True,asphalt,excellent
f4ee5635-8bf4-4b5a-96e4-b3a42f385893,ba40644a-841c-4ad7-8048-cdf18cfe1d18,6803eb32-be52-41e3-b566-467ec53ea246,1633169216694,14.3016414,52.2675707,5.171545,0.6942615,0.021918535,0.6882925,on bike mount,cyclo cross,True,asphalt,excellent
f4ee5635-8bf4-4b5a-96e4-b3a42f385893,ba40644a-841c-4ad7-8048-cdf18cfe1d18,07496724-f32c-40e2-918a-0ec28118bb18,1633169216760,14.3016414,52.2675707,5.171545,-0.32524675,-0.1953013,1.8647089,on bike mount,cyclo cross,True,asphalt,excellent
f4ee5635-8bf4-4b5a-96e4-b3a42f385893,ba40644a-841c-4ad7-8048-cdf18cfe1d18,3f1c5e6a-7309-41bd-830e-526d6ac6323d,1633169216810,14.3016414,52.2675707,5.171545,0.81728494,-0.5363438,-1.2507615,on bike mount,cyclo cross,True,asphalt,excellent
f4ee5635-8bf4-4b5a-96e4-b3a42f385893,ba40644a-841c-4ad7-8048-cdf18cfe1d18,0edd5074-0281-4280-99bf-f52475f6cb12,1633169216860,14.3016414,52.2675707,5.171545,-0.13276401,0.4013574,-1.1355004,on bike mount,cyclo cross,True,asphalt,excellent
f4ee5635-8bf4-4b5a-96e4-b3a42f385893,ba40644a-841c-4ad7-8048-cdf18cfe1d18,056ffad8-d872-4749-800d-f84424b28077,1633169216910,14.3016414,52.2675707,5.171545,0.36320844,-0.25507498,0.93910503,on bike mount,cyclo cross,True,asphalt,excellent
f4ee5635-8bf4-4b5a-96e4-b3a42f385893,ba40644a-841c-4ad7-8048-cdf18cfe1d18,b6e67f08-9878-470a-95de-5ab131c32ad4,1633169216960,14.3017235,52.2675776,5.190797,-0.12364861,0.7693188,-0.6746664,on bike mount,cyclo cross,True,asphalt,excellent
f4ee5635-8bf4-4b5a-96e4-b3a42f385893,ba40644a-841c-4ad7-8048-cdf18cfe1d18,7c9a83a3-335c-4783-b73b-f866da0800ef,1633169217021,14.3017235,52.2675776,5.190797,-0.44195557,0.32121134,-1.0124655,on bike mount,cyclo cross,True,asphalt,excellent
f4ee5635-8bf4-4b5a-96e4-b3a42f385893,ba40644a-841c-4ad7-8048-cdf18cfe1d18,245e4d55-7368-4565-a964-cd4549735b05,1633169217071,14.3017235,52.2675776,5.190797,0.18650828,-0.6811243,1.3877716,on bike mount,cyclo cross,True,asphalt,excellent
f4ee5635-8bf4-4b5a-96e4-b3a42f385893,ba40644a-841c-4ad7-8048-cdf18cfe1d18,90ecaa2b-2f17-442a-8ff7-56d67aecba97,1633169217121,14.3017235,52.2675776,5.190797,0.08981338,0.8444307,-0.41715145,on bike mount,cyclo cross,True,asphalt,excellent
f4ee5635-8bf4-4b5a-96e4-b3a42f385893,ba40644a-841c-4ad7-8048-cdf18cfe1d18,152e6c94-5328-44fb-93ac-392e6cc36fee,1633169217173,14.3017235,52.2675776,5.190797,0.32851508,0.65258527,0.43151093,on bike mount,cyclo cross,True,asphalt,excellent
f4ee5635-8bf4-4b5a-96e4-b3a42f385893,ba40644a-841c-4ad7-8048-cdf18cfe1d18,6ee2d1be-6238-49ec-98f7-959dd8428b46,1633169217222,14.3017235,52.2675776,5.190797,0.5101235,-0.16908836,-1.0673752,on bike mount,cyclo cross,True,asphalt,excellent
f4ee5635-8bf4-4b5a-96e4-b3a42f385893,ba40644a-841c-4ad7-8048-cdf18cfe1d18,772064b2-af7d-4e35-b1ec-e8b289616b54,1633169217272,14.3017235,52.2675776,5.190797,0.0038772896,0.19244647,0.48436642,on bike mount,cyclo cross,True,asphalt,excellent
f4ee5635-8bf4-4b5a-96e4-b3a42f385893,ba40644a-841c-4ad7-8048-cdf18cfe1d18,f762b996-8557-40f2-a210-b00abe4fa189,1633169217322,14.3017235,52.2675776,5.190797,-0.266115,-0.10075283,0.33377647,on bike mount,cyclo cross,True,asphalt,excellent
f4ee5635-8bf4-4b5a-96e4-b3a42f385893,ba40644a-841c-4ad7-8048-cdf18cfe1d18,f43cfc2f-a5bc-4cd7-a208-1179941e1a08,1633169217372,14.3017235,52.2675776,5.190797,0.16110905,1.1137695,-0.8642292,on bike mount,cyclo cross,True,asphalt,excellent
f4ee5635-8bf4-4b5a-96e4-b3a42f385893,ba40644a-841c-4ad7-8048-cdf18cfe1d18,b2514c51-06a1-43a7-b624-9d9f33ae73ef,1633169217446,14.3017235,52.2675776,5.190797,-0.1529891,0.53876257,0.63110256,on bike mount,cyclo cross,True,asphalt,excellent
f4ee5635-8bf4-4b5a-96e4-b3a42f385893,ba40644a-841c-4ad7-8048-cdf18cfe1d18,19490be0-b6ce-4c6d-a1cd-2c478d7bfc45,1633169217496,14.3017235,52.2675776,5.190797,-0.21923804,-0.7688525,1.1497002,on bike mount,cyclo cross,True,asphalt,excellent
f4ee5635-8bf4-4b5a-96e4-b3a42f385893,ba40644a-841c-4ad7-8048-cdf18cfe1d18,a5858d5b-ed05-4069-a838-b907b36e4dba,1633169217546,14.3017235,52.2675776,5.190797,-0.5133385,-0.34960508,-0.058237076,on bike mount,cyclo cross,True,asphalt,excellent
f4ee5635-8bf4-4b5a-96e4-b3a42f385893,ba40644a-841c-4ad7-8048-cdf18cfe1d18,c64c1736-571b-4070-aa2f-d1c56b526045,1633169217600,14.3017235,52.2675776,5.190797,-0.6507801,-1.2649046,0.9410982,on bike mount,cyclo cross,True,asphalt,excellent
f4ee5635-8bf4-4b5a-96e4-b3a42f385893,ba40644a-841c-4ad7-8048-cdf18cfe1d18,cc24d535-d895-461f-b8a6-9a6b29d03e8b,1633169217646,14.3017235,52.2675776,5.190797,-0.13633919,-0.23471236,-1.5355597,on bike mount,cyclo cross,True,asphalt,excellent
f4ee5635-8bf4-4b5a-96e4-b3a42f385893,ba40644a-841c-4ad7-8048-cdf18cfe1d18,adc51669-57ac-46e9-8a60-4f130e7cebea,1633169217721,14.3017235,52.2675776,5.190797,-0.5910299,0.18664312,-0.9412756,on bike mount,cyclo cross,True,asphalt,excellent
f4ee5635-8bf4-4b5a-96e4-b3a42f385893,ba40644a-841c-4ad7-8048-cdf18cfe1d18,b95df79a-8022-4e33-a7c6-ab41911ef4da,1633169217771,14.3017235,52.2675776,5.190797,-0.90461946,-0.6112695,0.83639336,on bike mount,cyclo cross,True,asphalt,excellent
f4ee5635-8bf4-4b5a-96e4-b3a42f385893,ba40644a-841c-4ad7-8048-cdf18cfe1d18,69984f86-8549-4321-83f9-a7cd63549158,1633169217821,14.3017235,52.2675776,5.190797,-0.58647597,0.70423865,1.0018101,on bike mount,cyclo cross,True,asphalt,excellent
f4ee5635-8bf4-4b5a-96e4-b3a42f385893,ba40644a-841c-4ad7-8048-cdf18cfe1d18,a9f5628c-4359-43fb-9f4d-0d1ae1269a7b,1633169217871,14.3017235,52.2675776,5.190797,-0.29845524,0.2368815,-0.19559288,on bike mount,cyclo cross,True,asphalt,excellent
f4ee5635-8bf4-4b5a-96e4-b3a42f385893,ba40644a-841c-4ad7-8048-cdf18cfe1d18,40ff0640-86d7-4487-8a84-b767c1ad1a02,1633169217921,14.3017235,52.2675776,5.190797,-0.6379645,-0.07406044,1.1748571,on bike mount,cyclo cross,True,asphalt,excellent
f4ee5635-8bf4-4b5a-96e4-b3a42f385893,ba40644a-841c-4ad7-8048-cdf18cfe1d18,e73cd5ba-5529-422c-b744-50ae1257ff7f,1633169218005,14.3018034,52.2675843,5.1654196,-0.0587281,-0.54606605,0.41836262,on bike mount,cyclo cross,True,asphalt,excellent
f4ee5635-8bf4-4b5a-96e4-b3a42f385893,ba40644a-841c-4ad7-8048-cdf18cfe1d18,d97fa3f2-3d49-48c2-bb75-7b1c822d6fc7,1633169218055,14.3018034,52.2675843,5.1654196,-0.39389378,-1.4875615,0.6911564,on bike mount,cyclo cross,True,asphalt,excellent
f4ee5635-8bf4-4b5a-96e4-b3a42f385893,ba40644a-841c-4ad7-8048-cdf18cfe1d18,82b2a9ca-51dd-460e-9c80-1cd72fede52e,1633169218126,14.3018034,52.2675843,5.1654196,0.5283396,-0.5087354,0.82136154,on bike mount,cyclo cross,True,asphalt,excellent
f4ee5635-8bf4-4b5a-96e4-b3a42f385893,ba40644a-841c-4ad7-8048-cdf18cfe1d18,91aba545-cd9d-4199-8e41-d5d75f0bc2dd,1633169218175,14.3018034,52.2675843,5.1654196,-0.03866689,0.5162511,0.25713253,on bike mount,cyclo cross,True,asphalt,excellent
f4ee5635-8bf4-4b5a-96e4-b3a42f385893,ba40644a-841c-4ad7-8048-cdf18cfe1d18,1107c8d0-902a-4dde-8908-ec19ae06f5e5,1633169218225,14.3018034,52.2675843,5.1654196,-0.46233904,0.32244182,-0.26611137,on bike mount,cyclo cross,True,asphalt,excellent
f4ee5635-8bf4-4b5a-96e4-b3a42f385893,ba40644a-841c-4ad7-8048-cdf18cfe1d18,79fd77e9-82d3-4649-b51f-c45eb7482e30,1633169218275,14.3018034,52.2675843,5.1654196,0.18496162,1.1844597,-0.66776943,on bike mount,cyclo cross,True,asphalt,excellent
f4ee5635-8bf4-4b5a-96e4-b3a42f385893,ba40644a-841c-4ad7-8048-cdf18cfe1d18,4fdca1c8-67e7-4c23-ac7e-bdf7cdd6121f,1633169218325,14.3018034,52.2675843,5.1654196,-0.52021796,-0.39420998,-1.0544095,on bike mount,cyclo cross,True,asphalt,excellent
f4ee5635-8bf4-4b5a-96e4-b3a42f385893,ba40644a-841c-4ad7-8048-cdf18cfe1d18,2bf79838-11cb-4b7d-a357-bf850d498f31,1633169218395,14.3018034,52.2675843,5.1654196,0.9934982,0.8755529,-1.0897036,on bike mount,cyclo cross,True,asphalt,excellent
f4ee5635-8bf4-4b5a-96e4-b3a42f385893,ba40644a-841c-4ad7-8048-cdf18cfe1d18,2322a3e3-1c09-45f0-ab7a-213b6d62354c,1633169218444,14.3018034,52.2675843,5.1654196,-0.25753665,-0.62456846,-0.27555084,on bike mount,cyclo cross,True,asphalt,excellent
f4ee5635-8bf4-4b5a-96e4-b3a42f385893,ba40644a-841c-4ad7-8048-cdf18cfe1d18,90984988-6dd6-4970-823d-38946daad8e4,1633169218494,14.3018034,52.2675843,5.1654196,0.61836934,0.53785324,-1.8361068,on bike mount,cyclo cross,True,asphalt,excellent
f4ee5635-8bf4-4b5a-96e4-b3a42f385893,ba40644a-841c-4ad7-8048-cdf18cfe1d18,c8ceb39a-be74-4257-b245-4fe304eee53b,1633169218544,14.3018034,52.2675843,5.1654196,0.4438316,-0.7109864,0.19798565,on bike mount,cyclo cross,True,asphalt,excellent
f4ee5635-8bf4-4b5a-96e4-b3a42f385893,ba40644a-841c-4ad7-8048-cdf18cfe1d18,a040a388-2299-412f-a682-fdfeb674bcb5,1633169218594,14.3018034,52.2675843,5.1654196,-0.3913487,-0.69967353,0.96486664,on bike mount,cyclo cross,True,asphalt,excellent
f4ee5635-8bf4-4b5a-96e4-b3a42f385893,ba40644a-841c-4ad7-8048-cdf18cfe1d18,a4b1b1b5-a059-40d6-9136-0620add0fd92,1633169218676,14.3018034,52.2675843,5.1654196,0.5169507,-0.05319357,0.58957386,on bike mount,cyclo cross,True,asphalt,excellent
f4ee5635-8bf4-4b5a-96e4-b3a42f385893,ba40644a-841c-4ad7-8048-cdf18cfe1d18,0c036682-a93e-4182-8ed2-5a708e62f61a,1633169218726,14.3018034,52.2675843,5.1654196,0.18449345,0.5679798,1.3471346,on bike mount,cyclo cross,True,asphalt,excellent
f4ee5635-8bf4-4b5a-96e4-b3a42f385893,ba40644a-841c-4ad7-8048-cdf18cfe1d18,aa636c79-743c-4392-8d51-3aa6d0fec0a1,1633169218803,14.3018034,52.2675843,5.1654196,-0.7608489,0.62233114,-1.1708751,on bike mount,cyclo cross,True,asphalt,excellent
f4ee5635-8bf4-4b5a-96e4-b3a42f385893,ba40644a-841c-4ad7-8048-cdf18cfe1d18,99e6bc98-e6ed-47e4-ba15-8acdbb40adc5,1633169218853,14.3018034,52.2675843,5.1654196,-0.58151037,-0.7769555,0.49379635,on bike mount,cyclo cross,True,asphalt,excellent
f4ee5635-8bf4-4b5a-96e4-b3a42f385893,ba40644a-841c-4ad7-8048-cdf18cfe1d18,a4f2fad0-927d-4430-8cc5-c5288d08c4f8,1633169218904,14.3018034,52.2675843,5.1654196,0.75882876,0.13505864,-1.0123672,on bike mount,cyclo cross,True,asphalt,excellent
f4ee5635-8bf4-4b5a-96e4-b3a42f385893,ba40644a-841c-4ad7-8048-cdf18cfe1d18,fc69be5a-81c0-4969-8c5d-86afb6e76727,1633169218954,14.3018822,52.2675908,5.128764,0.090466,-0.5149586,1.1535921,on bike mount,cyclo cross,True,asphalt,excellent
f4ee5635-8bf4-4b5a-96e4-b3a42f385893,ba40644a-841c-4ad7-8048-cdf18cfe1d18,f095ed2c-f962-47f3-9075-b71d7b8de0d8,1633169219004,14.3018822,52.2675908,5.128764,0.10125458,-0.24044895,-0.35111046,on bike mount,cyclo cross,True,asphalt,excellent
f4ee5635-8bf4-4b5a-96e4-b3a42f385893,ba40644a-841c-4ad7-8048-cdf18cfe1d18,13f1a8ea-d6f1-4a9b-b40b-9d66ee913b6b,1633169219066,14.3018822,52.2675908,5.128764,0.5784395,0.59632444,0.78650093,on bike mount,cyclo cross,True,asphalt,excellent
f4ee5635-8bf4-4b5a-96e4-b3a42f385893,ba40644a-841c-4ad7-8048-cdf18cfe1d18,23b36728-eadc-4281-8c93-637c6f4db770,1633169219116,14.3018822,52.2675908,5.128764,-1.3842536,0.5958772,-0.17857933,on bike mount,cyclo cross,True,asphalt,excellent
f4ee5635-8bf4-4b5a-96e4-b3a42f385893,ba40644a-841c-4ad7-8048-cdf18cfe1d18,af63899d-979f-47d4-8cb2-d4c300698951,1633169219166,14.3018822,52.2675908,5.128764,0.53723884,-0.58776116,-0.49068165,on bike mount,cyclo cross,True,asphalt,excellent
f4ee5635-8bf4-4b5a-96e4-b3a42f385893,ba40644a-841c-4ad7-8048-cdf18cfe1d18,35ca4f98-6eb4-4ce5-a697-0912091ba560,1633169219216,14.3018822,52.2675908,5.128764,-0.55893725,-1.2105923,1.0777798,on bike mount,cyclo cross,True,asphalt,excellent
f4ee5635-8bf4-4b5a-96e4-b3a42f385893,ba40644a-841c-4ad7-8048-cdf18cfe1d18,95f60692-f8a6-4759-86bd-e035f4782bdd,1633169219266,14.3018822,52.2675908,5.128764,0.12356035,-0.7859218,-0.08958149,on bike mount,cyclo cross,True,asphalt,excellent
f4ee5635-8bf4-4b5a-96e4-b3a42f385893,ba40644a-841c-4ad7-8048-cdf18cfe1d18,cb2fc98f-4964-41a7-91a1-2a6003ecd926,1633169219373,14.3018822,52.2675908,5.128764,-0.432275,1.0304883,-0.6055212,on bike mount,cyclo cross,True,asphalt,excellent
f4ee5635-8bf4-4b5a-96e4-b3a42f385893,ba40644a-841c-4ad7-8048-cdf18cfe1d18,b927c7e3-871f-4bdb-80bc-f2e9edc2a4a3,1633169219423,14.3018822,52.2675908,5.128764,-1.3840564,0.3573501,-0.750021,on bike mount,cyclo cross,True,asphalt,excellent
f4ee5635-8bf4-4b5a-96e4-b3a42f385893,ba40644a-841c-4ad7-8048-cdf18cfe1d18,67fe988f-cffc-42df-bcdf-78fe4b1fddeb,1633169219474,14.3018822,52.2675908,5.128764,-0.41550615,-1.0314839,1.1453495,on bike mount,cyclo cross,True,asphalt,excellent
f4ee5635-8bf4-4b5a-96e4-b3a42f385893,ba40644a-841c-4ad7-8048-cdf18cfe1d18,408b8944-d9b4-4d31-b83b-7eaf4065e827,1633169219523,14.3018822,52.2675908,5.128764,-0.72917557,0.36345077,-0.73120403,on bike mount,cyclo cross,True,asphalt,excellent
f4ee5635-8bf4-4b5a-96e4-b3a42f385893,ba40644a-841c-4ad7-8048-cdf18cfe1d18,e649f6d7-9a2e-40a6-8531-38341f3443c6,1633169219573,14.3018822,52.2675908,5.128764,0.035315827,-0.79868364,-1.0172596,on bike mount,cyclo cross,True,asphalt,excellent
f4ee5635-8bf4-4b5a-96e4-b3a42f385893,ba40644a-841c-4ad7-8048-cdf18cfe1d18,40d22569-9d15-4166-b0f2-a74d281e3edc,1633169219623,14.3018822,52.2675908,5.128764,1.0104712,0.381953,-1.1443896,on bike mount,cyclo cross,True,asphalt,excellent
f4ee5635-8bf4-4b5a-96e4-b3a42f385893,ba40644a-841c-4ad7-8048-cdf18cfe1d18,83114bee-6c23-44fa-b058-38ac107eab82,1633169219674,14.3018822,52.2675908,5.128764,-0.55451953,0.45705295,0.56742287,on bike mount,cyclo cross,True,asphalt,excellent
f4ee5635-8bf4-4b5a-96e4-b3a42f385893,ba40644a-841c-4ad7-8048-cdf18cfe1d18,9398e016-9327-43da-a08f-1b7bb6c55411,1633169219724,14.3018822,52.2675908,5.128764,-0.39594102,0.21561909,1.3274231,on bike mount,cyclo cross,True,asphalt,excellent
f4ee5635-8bf4-4b5a-96e4-b3a42f385893,ba40644a-841c-4ad7-8048-cdf18cfe1d18,1b05434c-1214-46e7-b44a-bdcae431457d,1633169219773,14.3018822,52.2675908,5.128764,-0.13972968,1.9419022,-0.22788143,on bike mount,cyclo cross,True,asphalt,excellent
f4ee5635-8bf4-4b5a-96e4-b3a42f385893,ba40644a-841c-4ad7-8048-cdf18cfe1d18,84253409-2f72-43b2-ba83-1c0140d819aa,1633169219823,14.3018822,52.2675908,5.128764,0.62415093,-1.1204116,1.5262966,on bike mount,cyclo cross,True,asphalt,excellent
f4ee5635-8bf4-4b5a-96e4-b3a42f385893,ba40644a-841c-4ad7-8048-cdf18cfe1d18,6771ad53-bc96-4f26-9e00-3d4faf26da4d,1633169219889,14.3018822,52.2675908,5.128764,-0.2531262,0.917079,-0.7918339,on bike mount,cyclo cross,True,asphalt,excellent
f4ee5635-8bf4-4b5a-96e4-b3a42f385893,ba40644a-841c-4ad7-8048-cdf18cfe1d18,451eb9bc-5bcf-438d-9454-5968174cb318,1633169219940,14.3018822,52.2675908,5.128764,0.29148766,-0.03868866,-0.26616955,on bike mount,cyclo cross,True,asphalt,excellent
f4ee5635-8bf4-4b5a-96e4-b3a42f385893,ba40644a-841c-4ad7-8048-cdf18cfe1d18,7d7f93b1-9664-45d2-9575-d7e6f0056484,1633169219990,14.3019571,52.2675953,5.074797,-0.052906156,0.9601147,0.070765495,on bike mount,cyclo cross,True,asphalt,excellent
f4ee5635-8bf4-4b5a-96e4-b3a42f385893,ba40644a-841c-4ad7-8048-cdf18cfe1d18,4968580f-b494-42c6-85d7-954bc1f1d57c,1633169220040,14.3019571,52.2675953,5.074797,-0.103599,-0.43082452,0.4437952,on bike mount,cyclo cross,True,asphalt,excellent
f4ee5635-8bf4-4b5a-96e4-b3a42f385893,ba40644a-841c-4ad7-8048-cdf18cfe1d18,df43ad8c-21e8-43e7-a5c5-a93bb52b2f26,1633169220091,14.3019571,52.2675953,5.074797,-0.071539395,-1.7833924,0.49345493,on bike mount,cyclo cross,True,asphalt,excellent
f4ee5635-8bf4-4b5a-96e4-b3a42f385893,ba40644a-841c-4ad7-8048-cdf18cfe1d18,d29fc3a7-6690-423c-9da2-de8bad661b7d,1633169220156,14.3019571,52.2675953,5.074797,0.06909287,0.17335987,0.7249689,on bike mount,cyclo cross,True,asphalt,excellent
f4ee5635-8bf4-4b5a-96e4-b3a42f385893,ba40644a-841c-4ad7-8048-cdf18cfe1d18,7e939251-c3bc-4999-98aa-a5aa363b5002,1633169220207,14.3019571,52.2675953,5.074797,-0.7684378,0.7877228,0.8539572,on bike mount,cyclo cross,True,asphalt,excellent
f4ee5635-8bf4-4b5a-96e4-b3a42f385893,ba40644a-841c-4ad7-8048-cdf18cfe1d18,7da344be-14d2-4f93-9aa8-5043e8696b75,1633169220258,14.3019571,52.2675953,5.074797,0.35201114,-0.75916374,0.5774212,on bike mount,cyclo cross,True,asphalt,excellent
f4ee5635-8bf4-4b5a-96e4-b3a42f385893,ba40644a-841c-4ad7-8048-cdf18cfe1d18,3647aed2-d59e-47d3-8700-1740c7219514,1633169220308,14.3019571,52.2675953,5.074797,-0.08153399,-0.9951179,-0.2431469,on bike mount,cyclo cross,True,asphalt,excellent
f4ee5635-8bf4-4b5a-96e4-b3a42f385893,ba40644a-841c-4ad7-8048-cdf18cfe1d18,868e5289-c08f-4c89-8fd3-b66a7d86b2f4,1633169220358,14.3019571,52.2675953,5.074797,-0.16620772,0.07097888,0.72194004,on bike mount,cyclo cross,True,asphalt,excellent
f4ee5635-8bf4-4b5a-96e4-b3a42f385893,ba40644a-841c-4ad7-8048-cdf18cfe1d18,465a11fc-f192-4952-bdba-36bfd133e566,1633169220408,14.3019571,52.2675953,5.074797,0.3400062,-0.20730042,0.17810154,on bike mount,cyclo cross,True,asphalt,excellent
f4ee5635-8bf4-4b5a-96e4-b3a42f385893,ba40644a-841c-4ad7-8048-cdf18cfe1d18,e4571fdc-2879-4a14-934a-1f1211ed2e8e,1633169220458,14.3019571,52.2675953,5.074797,0.43432385,1.2143431,0.08441925,on bike mount,cyclo cross,True,asphalt,excellent
f4ee5635-8bf4-4b5a-96e4-b3a42f385893,ba40644a-841c-4ad7-8048-cdf18cfe1d18,34caf2e9-6816-4224-8c63-56970b610470,1633169220508,14.3019571,52.2675953,5.074797,-0.6725199,0.08430457,-0.22170067,on bike mount,cyclo cross,True,asphalt,excellent
f4ee5635-8bf4-4b5a-96e4-b3a42f385893,ba40644a-841c-4ad7-8048-cdf18cfe1d18,aa1bdef2-6473-4ae9-a850-6d7feff8ded3,1633169220558,14.3019571,52.2675953,5.074797,-0.0028997362,0.17545128,-0.78753567,on bike mount,cyclo cross,True,asphalt,excellent
f4ee5635-8bf4-4b5a-96e4-b3a42f385893,ba40644a-841c-4ad7-8048-cdf18cfe1d18,556fe6d2-95a6-4fa5-9741-079aec393120,1633169220611,14.3019571,52.2675953,5.074797,0.7535465,-2.5869112,1.0972633,on bike mount,cyclo cross,True,asphalt,excellent
f4ee5635-8bf4-4b5a-96e4-b3a42f385893,ba40644a-841c-4ad7-8048-cdf18cfe1d18,c15360b7-a378-40d6-81df-ebf087f6f88e,1633169220661,14.3019571,52.2675953,5.074797,0.2773036,0.37604046,-0.37123775,on bike mount,cyclo cross,True,asphalt,excellent
f4ee5635-8bf4-4b5a-96e4-b3a42f385893,ba40644a-841c-4ad7-8048-cdf18cfe1d18,03d3d170-a042-4efa-8cc7-06288453620c,1633169220719,14.3019571,52.2675953,5.074797,0.71042216,0.07433605,-0.35773754,on bike mount,cyclo cross,True,asphalt,excellent
f4ee5635-8bf4-4b5a-96e4-b3a42f385893,ba40644a-841c-4ad7-8048-cdf18cfe1d18,70d3fb1b-cbd1-4e66-9149-2340d3ad9d88,1633169220769,14.3019571,52.2675953,5.074797,-0.2604199,1.5899675,-0.6660948,on bike mount,cyclo cross,True,asphalt,excellent
f4ee5635-8bf4-4b5a-96e4-b3a42f385893,ba40644a-841c-4ad7-8048-cdf18cfe1d18,d9b42a52-8621-4629-9cd9-0a686235f817,1633169220818,14.3019571,52.2675953,5.074797,0.103123635,-0.80682015,-0.8841362,on bike mount,cyclo cross,True,asphalt,excellent
f4ee5635-8bf4-4b5a-96e4-b3a42f385893,ba40644a-841c-4ad7-8048-cdf18cfe1d18,6e452a98-14dd-4ee7-ade3-be25256f980a,1633169220868,14.3019571,52.2675953,5.074797,0.6562909,1.540317,-1.4104013,on bike mount,cyclo cross,True,asphalt,excellent
f4ee5635-8bf4-4b5a-96e4-b3a42f385893,ba40644a-841c-4ad7-8048-cdf18cfe1d18,6de39236-7444-451c-b3e6-38a93e95d36d,1633169220918,14.3019571,52.2675953,5.074797,-0.86926675,1.5715835,-1.2051644,on bike mount,cyclo cross,True,asphalt,excellent
f4ee5635-8bf4-4b5a-96e4-b3a42f385893,ba40644a-841c-4ad7-8048-cdf18cfe1d18,feadc08a-222b-4560-ba66-de509f3b7123,1633169220992,14.3020247,52.2675966,5.0097404,0.70690113,-0.17016244,0.3845482,on bike mount,cyclo cross,True,asphalt,excellent
f4ee5635-8bf4-4b5a-96e4-b3a42f385893,ba40644a-841c-4ad7-8048-cdf18cfe1d18,ca788c62-3d9a-4fa1-aa1e-e908f592fa09,1633169221043,14.3020247,52.2675966,5.0097404,0.42250136,0.5734987,0.09545231,on bike mount,cyclo cross,True,asphalt,excellent
f4ee5635-8bf4-4b5a-96e4-b3a42f385893,ba40644a-841c-4ad7-8048-cdf18cfe1d18,f224136f-c3ec-4641-a5bf-71275d5c4932,1633169221118,14.3020247,52.2675966,5.0097404,0.75558454,-0.8568988,0.13552856,on bike mount,cyclo cross,True,asphalt,excellent
f4ee5635-8bf4-4b5a-96e4-b3a42f385893,ba40644a-841c-4ad7-8048-cdf18cfe1d18,dc27db29-4467-4932-a092-d7664d83c4d2,1633169221168,14.3020247,52.2675966,5.0097404,-1.6581974,1.8973346,0.7141371,on bike mount,cyclo cross,True,asphalt,excellent
f4ee5635-8bf4-4b5a-96e4-b3a42f385893,ba40644a-841c-4ad7-8048-cdf18cfe1d18,af66d6e5-b1d8-43a8-a19a-5ac238ecbd13,1633169221218,14.3020247,52.2675966,5.0097404,-1.1924294,-0.17310214,0.40750694,on bike mount,cyclo cross,True,asphalt,excellent
f4ee5635-8bf4-4b5a-96e4-b3a42f385893,ba40644a-841c-4ad7-8048-cdf18cfe1d18,ec8775a4-7743-4beb-8713-09f74cbb7878,1633169221285,14.3020247,52.2675966,5.0097404,-0.7668248,0.6127558,-2.6318336,on bike mount,cyclo cross,True,asphalt,excellent
f4ee5635-8bf4-4b5a-96e4-b3a42f385893,ba40644a-841c-4ad7-8048-cdf18cfe1d18,33f84ed8-786b-4cac-9598-3f2b531e9a26,1633169221335,14.3020247,52.2675966,5.0097404,-0.6970805,0.49625063,-0.56182766,on bike mount,cyclo cross,True,asphalt,excellent
f4ee5635-8bf4-4b5a-96e4-b3a42f385893,ba40644a-841c-4ad7-8048-cdf18cfe1d18,34e2b902-94e3-42e8-9ca9-697284a73bcb,1633169221385,14.3020247,52.2675966,5.0097404,-0.44387645,-1.0621705,0.90610886,on bike mount,cyclo cross,True,asphalt,excellent
f4ee5635-8bf4-4b5a-96e4-b3a42f385893,ba40644a-841c-4ad7-8048-cdf18cfe1d18,2d103d99-0603-4535-8473-39c68c13807b,1633169221435,14.3020247,52.2675966,5.0097404,0.026397213,-0.12749076,0.2331829,on bike mount,cyclo cross,True,asphalt,excellent
f4ee5635-8bf4-4b5a-96e4-b3a42f385893,ba40644a-841c-4ad7-8048-cdf18cfe1d18,95e19b79-216e-49e2-93c8-848cabcaa268,1633169221485,14.3020247,52.2675966,5.0097404,-1.006705,2.1715002,-2.1416917,on bike mount,cyclo cross,True,asphalt,excellent
f4ee5635-8bf4-4b5a-96e4-b3a42f385893,ba40644a-841c-4ad7-8048-cdf18cfe1d18,c3286430-8fd4-498a-9209-da02ebcd5066,1633169221550,14.3020247,52.2675966,5.0097404,0.07593399,1.8421941,0.11879158,on bike mount,cyclo cross,True,asphalt,excellent
f4ee5635-8bf4-4b5a-96e4-b3a42f385893,ba40644a-841c-4ad7-8048-cdf18cfe1d18,176dbabd-1950-4d67-a1ad-bc2ebd1e42b2,1633169221600,14.3020247,52.2675966,5.0097404,0.1864273,1.7670574,-0.88751316,on bike mount,cyclo cross,True,asphalt,excellent
f4ee5635-8bf4-4b5a-96e4-b3a42f385893,ba40644a-841c-4ad7-8048-cdf18cfe1d18,950fd5c9-482e-45df-9784-df3930008731,1633169221650,14.3020247,52.2675966,5.0097404,0.75429213,-0.15302134,1.0232248,on bike mount,cyclo cross,True,asphalt,excellent
f4ee5635-8bf4-4b5a-96e4-b3a42f385893,ba40644a-841c-4ad7-8048-cdf18cfe1d18,91e72138-1812-4b0c-91d6-75e7f99ce6a9,1633169221704,14.3020247,52.2675966,5.0097404,2.2701116,-0.93538463,0.3897648,on bike mount,cyclo cross,True,asphalt,excellent
f4ee5635-8bf4-4b5a-96e4-b3a42f385893,ba40644a-841c-4ad7-8048-cdf18cfe1d18,ca6af458-02e2-4799-95f8-cfc7b7c18d37,1633169221753,14.3020247,52.2675966,5.0097404,-0.8398003,1.1942978,-0.57161903,on bike mount,cyclo cross,True,asphalt,excellent
f4ee5635-8bf4-4b5a-96e4-b3a42f385893,ba40644a-841c-4ad7-8048-cdf18cfe1d18,6f5c5bd7-fc5e-4665-9c53-b757bbed3dbe,1633169221803,14.3020247,52.2675966,5.0097404,-0.9112817,0.72862697,-1.4902472,on bike mount,cyclo cross,True,asphalt,excellent
f4ee5635-8bf4-4b5a-96e4-b3a42f385893,ba40644a-841c-4ad7-8048-cdf18cfe1d18,caeef550-5596-4e1d-85e2-bd70e0edde1e,1633169221853,14.3020247,52.2675966,5.0097404,0.84753776,1.3491321,0.2966261,on bike mount,cyclo cross,True,asphalt,excellent
f4ee5635-8bf4-4b5a-96e4-b3a42f385893,ba40644a-841c-4ad7-8048-cdf18cfe1d18,95d5c0bc-652c-4773-9903-cc1ef0857059,1633169221903,14.3020247,52.2675966,5.0097404,1.0360943,0.88298273,-1.2513022,on bike mount,cyclo cross,True,asphalt,excellent
f4ee5635-8bf4-4b5a-96e4-b3a42f385893,ba40644a-841c-4ad7-8048-cdf18cfe1d18,9db620be-278d-4d84-a0cf-9b7f42a7acd8,1633169221977,14.3020247,52.2675966,5.0097404,-0.21773471,0.09013176,-1.6042614,on bike mount,cyclo cross,True,asphalt,excellent
f4ee5635-8bf4-4b5a-96e4-b3a42f385893,ba40644a-841c-4ad7-8048-cdf18cfe1d18,9e581ecb-53c1-4ec7-b64d-b4f8909d7492,1633169222027,14.3020996,52.267603,5.002716,0.6749862,1.0193844,0.845685,on bike mount,cyclo cross,True,asphalt,excellent
f4ee5635-8bf4-4b5a-96e4-b3a42f385893,ba40644a-841c-4ad7-8048-cdf18cfe1d18,eacbfe4e-92b2-4820-91c4-b73ace8d23d3,1633169222077,14.3020996,52.267603,5.002716,-1.0536712,-0.5177126,-1.0478697,on bike mount,cyclo cross,True,asphalt,excellent
f4ee5635-8bf4-4b5a-96e4-b3a42f385893,ba40644a-841c-4ad7-8048-cdf18cfe1d18,a819793f-789f-4a32-8746-8462b3a8e751,1633169222126,14.3020996,52.267603,5.002716,-0.17256324,-0.3321085,2.3730717,on bike mount,cyclo cross,True,asphalt,excellent
f4ee5635-8bf4-4b5a-96e4-b3a42f385893,ba40644a-841c-4ad7-8048-cdf18cfe1d18,d7dffafe-0de4-4854-ba2f-095d201e8c83,1633169222176,14.3020996,52.267603,5.002716,-0.1442979,0.63316727,0.059028625,on bike mount,cyclo cross,True,asphalt,excellent
f4ee5635-8bf4-4b5a-96e4-b3a42f385893,ba40644a-841c-4ad7-8048-cdf18cfe1d18,7a541b87-39e2-4efc-a1d1-c614fc5675a6,1633169222246,14.3020996,52.267603,5.002716,0.023696378,0.5498948,-0.36123562,on bike mount,cyclo cross,True,asphalt,excellent
f4ee5635-8bf4-4b5a-96e4-b3a42f385893,ba40644a-841c-4ad7-8048-cdf18cfe1d18,28ebe87f-a164-4f42-a241-217eb24dcef8,1633169222296,14.3020996,52.267603,5.002716,-0.17063114,-1.0947362,0.54921913,on bike mount,cyclo cross,True,asphalt,excellent
f4ee5635-8bf4-4b5a-96e4-b3a42f385893,ba40644a-841c-4ad7-8048-cdf18cfe1d18,7f6419d5-23ce-419e-9af5-7da0347811d8,1633169222346,14.3020996,52.267603,5.002716,-0.809739,-0.46393132,-0.10122299,on bike mount,cyclo cross,True,asphalt,excellent
f4ee5635-8bf4-4b5a-96e4-b3a42f385893,ba40644a-841c-4ad7-8048-cdf18cfe1d18,3ff11008-bb5c-4c67-a987-9633219f59a4,1633169222396,14.3020996,52.267603,5.002716,0.1942125,1.1662993,0.07637215,on bike mount,cyclo cross,True,asphalt,excellent
f4ee5635-8bf4-4b5a-96e4-b3a42f385893,ba40644a-841c-4ad7-8048-cdf18cfe1d18,0e740586-6235-455f-8906-4bbc8d9437b8,1633169222446,14.3020996,52.267603,5.002716,-0.41636437,0.0036816597,0.42306614,on bike mount,cyclo cross,True,asphalt,excellent
f4ee5635-8bf4-4b5a-96e4-b3a42f385893,ba40644a-841c-4ad7-8048-cdf18cfe1d18,9261ad0d-4380-4a7f-8f7b-3a207c80ebf7,1633169222496,14.3020996,52.267603,5.002716,-0.5360074,1.4127817,-0.7231121,on bike mount,cyclo cross,True,asphalt,excellent
f4ee5635-8bf4-4b5a-96e4-b3a42f385893,ba40644a-841c-4ad7-8048-cdf18cfe1d18,b2dcb257-8613-441c-b038-b08bc14c8724,1633169222545,14.3020996,52.267603,5.002716,-0.5182471,-0.36099553,-1.1083922,on bike mount,cyclo cross,True,asphalt,excellent
f4ee5635-8bf4-4b5a-96e4-b3a42f385893,ba40644a-841c-4ad7-8048-cdf18cfe1d18,d8f15e15-42dc-4b1c-8c84-6733391e6f68,1633169222595,14.3020996,52.267603,5.002716,-0.45606202,-1.3287078,1.6400051,on bike mount,cyclo cross,True,asphalt,excellent
f4ee5635-8bf4-4b5a-96e4-b3a42f385893,ba40644a-841c-4ad7-8048-cdf18cfe1d18,3ca9011b-2ed1-41ac-a63e-291e9f88fa8b,1633169222674,14.3020996,52.267603,5.002716,0.098238945,0.01859951,1.2590113,on bike mount,cyclo cross,True,asphalt,excellent
f4ee5635-8bf4-4b5a-96e4-b3a42f385893,ba40644a-841c-4ad7-8048-cdf18cfe1d18,76796c9a-0e26-46fd-9733-df8c2b5e1768,1633169222724,14.3020996,52.267603,5.002716,-0.27770317,-0.67909384,-0.5773859,on bike mount,cyclo cross,True,asphalt,excellent
f4ee5635-8bf4-4b5a-96e4-b3a42f385893,ba40644a-841c-4ad7-8048-cdf18cfe1d18,b4f7e9c6-2380-4421-aa45-424e6eaa1aae,1633169222774,14.3020996,52.267603,5.002716,-0.075827524,-0.113569975,-0.4965601,on bike mount,cyclo cross,True,asphalt,excellent
f4ee5635-8bf4-4b5a-96e4-b3a42f385893,ba40644a-841c-4ad7-8048-cdf18cfe1d18,aecd6d05-b3d4-471c-9d44-b545a7124726,1633169222824,14.3020996,52.267603,5.002716,0.2207613,-1.4072089,-0.91829395,on bike mount,cyclo cross,True,asphalt,excellent
f4ee5635-8bf4-4b5a-96e4-b3a42f385893,ba40644a-841c-4ad7-8048-cdf18cfe1d18,43b4cb82-e91b-4dab-9937-289c2ada90b3,1633169222874,14.3020996,52.267603,5.002716,0.531024,0.31547976,-1.568275,on bike mount,cyclo cross,True,asphalt,excellent
f4ee5635-8bf4-4b5a-96e4-b3a42f385893,ba40644a-841c-4ad7-8048-cdf18cfe1d18,57b37581-a1e9-4340-a893-768cc0613142,1633169222937,14.3020996,52.267603,5.002716,0.2575311,0.3458457,0.053385735,on bike mount,cyclo cross,True,asphalt,excellent
f4ee5635-8bf4-4b5a-96e4-b3a42f385893,ba40644a-841c-4ad7-8048-cdf18cfe1d18,cb1d19b4-e590-4782-beae-077c262657fe,1633169222987,14.3021778,52.2676074,5.021737,-0.026462778,-0.63582706,1.3930969,on bike mount,cyclo cross,True,asphalt,excellent
f4ee5635-8bf4-4b5a-96e4-b3a42f385893,ba40644a-841c-4ad7-8048-cdf18cfe1d18,4a4bfc7e-71ef-4f7b-a9c1-92db12bcbf53,1633169223037,14.3021778,52.2676074,5.021737,-0.2327475,0.5215254,-1.4611573,on bike mount,cyclo cross,True,asphalt,excellent
f4ee5635-8bf4-4b5a-96e4-b3a42f385893,ba40644a-841c-4ad7-8048-cdf18cfe1d18,ca3a81cf-5c50-4735-9831-115d93e8b044,1633169223088,14.3021778,52.2676074,5.021737,0.25629145,1.7009654,-0.4943571,on bike mount,cyclo cross,True,asphalt,excellent
f4ee5635-8bf4-4b5a-96e4-b3a42f385893,ba40644a-841c-4ad7-8048-cdf18cfe1d18,896b6cba-d834-4fb0-9721-3be6e9a99b85,1633169223138,14.3021778,52.2676074,5.021737,-0.63956,-0.31214404,0.3113079,on bike mount,cyclo cross,True,asphalt,excellent
f4ee5635-8bf4-4b5a-96e4-b3a42f385893,ba40644a-841c-4ad7-8048-cdf18cfe1d18,a404df98-191d-40ca-9f5b-5a5cb14184d4,1633169223188,14.3021778,52.2676074,5.021737,0.29500225,0.5685649,-1.223311,on bike mount,cyclo cross,True,asphalt,excellent
f4ee5635-8bf4-4b5a-96e4-b3a42f385893,ba40644a-841c-4ad7-8048-cdf18cfe1d18,1fc6d75e-da35-4e4b-92e3-674ac9f9145a,1633169223238,14.3021778,52.2676074,5.021737,-0.39052847,-0.33339024,2.6738682,on bike mount,cyclo cross,True,asphalt,excellent
f4ee5635-8bf4-4b5a-96e4-b3a42f385893,ba40644a-841c-4ad7-8048-cdf18cfe1d18,920ad56e-62a2-4b8e-b42f-4815b104e21e,1633169223288,14.3021778,52.2676074,5.021737,-0.4002321,0.4932568,0.30963135,on bike mount,cyclo cross,True,asphalt,excellent
f4ee5635-8bf4-4b5a-96e4-b3a42f385893,ba40644a-841c-4ad7-8048-cdf18cfe1d18,896606dd-847c-4e29-bdea-2dc57c6f89cb,1633169223352,14.3021778,52.2676074,5.021737,-0.40928096,0.08507514,-0.83855724,on bike mount,cyclo cross,True,asphalt,excellent
f4ee5635-8bf4-4b5a-96e4-b3a42f385893,ba40644a-841c-4ad7-8048-cdf18cfe1d18,e055e66f-399f-411f-83ac-25c2fe051bc7,1633169223402,14.3021778,52.2676074,5.021737,0.027933784,0.54032516,-0.57035446,on bike mount,cyclo cross,True,asphalt,excellent
f4ee5635-8bf4-4b5a-96e4-b3a42f385893,ba40644a-841c-4ad7-8048-cdf18cfe1d18,7005495d-1b4a-4d1f-9a8c-ed6c48d643c9,1633169223452,14.3021778,52.2676074,5.021737,-0.064003974,-0.15706778,0.20136738,on bike mount,cyclo cross,True,asphalt,excellent
f4ee5635-8bf4-4b5a-96e4-b3a42f385893,ba40644a-841c-4ad7-8048-cdf18cfe1d18,de4d655c-13a6-4d94-9818-e3319b96456e,1633169223502,14.3021778,52.2676074,5.021737,-0.2016794,-0.07118678,-0.47540092,on bike mount,cyclo cross,True,asphalt,excellent
f4ee5635-8bf4-4b5a-96e4-b3a42f385893,ba40644a-841c-4ad7-8048-cdf18cfe1d18,cdfd27ac-0308-433d-bc67-f45fc6573542,1633169223552,14.3021778,52.2676074,5.021737,-0.4642375,-0.8182552,0.045742035,on bike mount,cyclo cross,True,asphalt,excellent
f4ee5635-8bf4-4b5a-96e4-b3a42f385893,ba40644a-841c-4ad7-8048-cdf18cfe1d18,bfc2647b-9d7e-4f03-a0a6-e358cb3efa30,1633169223621,14.3021778,52.2676074,5.021737,0.4825346,-1.0098323,-0.27671814,on bike mount,cyclo cross,True,asphalt,excellent
f4ee5635-8bf4-4b5a-96e4-b3a42f385893,ba40644a-841c-4ad7-8048-cdf18cfe1d18,5242378d-8ae4-49ac-b16a-826b040d4486,1633169223671,14.3021778,52.2676074,5.021737,-0.33840346,2.0302773,-0.008636475,on bike mount,cyclo cross,True,asphalt,excellent
f4ee5635-8bf4-4b5a-96e4-b3a42f385893,ba40644a-841c-4ad7-8048-cdf18cfe1d18,f15b0832-e5d2-49c0-8e13-3b9252160535,1633169223721,14.3021778,52.2676074,5.021737,-1.8576715,1.4932094,1.0660543,on bike mount,cyclo cross,True,asphalt,excellent
f4ee5635-8bf4-4b5a-96e4-b3a42f385893,ba40644a-841c-4ad7-8048-cdf18cfe1d18,a2b8dedd-c50a-4b3c-a97f-13a352bf949c,1633169223771,14.3021778,52.2676074,5.021737,1.6120739,-0.30772853,1.9175348,on bike mount,cyclo cross,True,asphalt,excellent
f4ee5635-8bf4-4b5a-96e4-b3a42f385893,ba40644a-841c-4ad7-8048-cdf18cfe1d18,06f19c21-dcab-43f1-ab56-8eb9b79d4d4e,1633169223822,14.3021778,52.2676074,5.021737,0.062943526,-0.36257362,-0.5748234,on bike mount,cyclo cross,True,asphalt,excellent
f4ee5635-8bf4-4b5a-96e4-b3a42f385893,ba40644a-841c-4ad7-8048-cdf18cfe1d18,aa6b4605-4b9b-426d-9651-24d5738a4125,1633169223922,14.3021778,52.2676074,5.021737,-0.24433774,-1.0602779,0.68439007,on bike mount,cyclo cross,True,asphalt,excellent
f4ee5635-8bf4-4b5a-96e4-b3a42f385893,ba40644a-841c-4ad7-8048-cdf18cfe1d18,6b630937-040c-4814-bee0-244874609248,1633169223971,14.302255,52.2676117,5.0482397,-0.09719007,0.91581106,-0.6094246,on bike mount,cyclo cross,True,asphalt,excellent
f4ee5635-8bf4-4b5a-96e4-b3a42f385893,ba40644a-841c-4ad7-8048-cdf18cfe1d18,5da508e4-92c5-45c9-9882-290a7c28f408,1633169224021,14.302255,52.2676117,5.0482397,1.0826557,-0.21185923,1.0084333,on bike mount,cyclo cross,True,asphalt,excellent
f4ee5635-8bf4-4b5a-96e4-b3a42f385893,ba40644a-841c-4ad7-8048-cdf18cfe1d18,2a238228-6f89-49a7-85f8-9203a15ebc40,1633169224071,14.302255,52.2676117,5.0482397,-0.11537653,1.6229105,-0.52962685,on bike mount,cyclo cross,True,asphalt,excellent
f4ee5635-8bf4-4b5a-96e4-b3a42f385893,ba40644a-841c-4ad7-8048-cdf18cfe1d18,0659228c-c98b-4e47-b17f-4273159734ec,1633169224121,14.302255,52.2676117,5.0482397,0.16974792,0.14465785,-0.37310123,on bike mount,cyclo cross,True,asphalt,excellent
f4ee5635-8bf4-4b5a-96e4-b3a42f385893,ba40644a-841c-4ad7-8048-cdf18cfe1d18,e06e5a31-c7e4-40e6-90d3-b9dbe85a0e0b,1633169224171,14.302255,52.2676117,5.0482397,0.39120257,-1.1060843,0.488513,on bike mount,cyclo cross,True,asphalt,excellent
f4ee5635-8bf4-4b5a-96e4-b3a42f385893,ba40644a-841c-4ad7-8048-cdf18cfe1d18,3e626800-27a1-44c3-88e4-7b4ee8c6fe4d,1633169224221,14.302255,52.2676117,5.0482397,-0.0779351,-1.4527973,-0.06534767,on bike mount,cyclo cross,True,asphalt,excellent
f4ee5635-8bf4-4b5a-96e4-b3a42f385893,ba40644a-841c-4ad7-8048-cdf18cfe1d18,10ce26b0-7233-46c2-9ed6-abc7eab47a21,1633169224271,14.302255,52.2676117,5.0482397,-0.26979715,0.866622,1.0797739,on bike mount,cyclo cross,True,asphalt,excellent
f4ee5635-8bf4-4b5a-96e4-b3a42f385893,ba40644a-841c-4ad7-8048-cdf18cfe1d18,442c7205-ec73-4dc0-affc-bcbe6b65e4f0,1633169224325,14.302255,52.2676117,5.0482397,-0.71372736,0.5541148,1.1324368,on bike mount,cyclo cross,True,asphalt,excellent
f4ee5635-8bf4-4b5a-96e4-b3a42f385893,ba40644a-841c-4ad7-8048-cdf18cfe1d18,b84b0ca2-16fe-4e30-ae80-b9cac1a50603,1633169224375,14.302255,52.2676117,5.0482397,0.4258768,-0.7770307,1.2536926,on bike mount,cyclo cross,True,asphalt,excellent
f4ee5635-8bf4-4b5a-96e4-b3a42f385893,ba40644a-841c-4ad7-8048-cdf18cfe1d18,371b59e0-e8ba-42fe-9184-6ce38fbca57a,1633169224425,14.302255,52.2676117,5.0482397,0.32670504,0.70107913,0.4430647,on bike mount,cyclo cross,True,asphalt,excellent
f4ee5635-8bf4-4b5a-96e4-b3a42f385893,ba40644a-841c-4ad7-8048-cdf18cfe1d18,1074faf4-8425-471a-af61-942f40cd5eb1,1633169224475,14.302255,52.2676117,5.0482397,0.8899131,-1.0383564,-0.362895,on bike mount,cyclo cross,True,asphalt,excellent
f4ee5635-8bf4-4b5a-96e4-b3a42f385893,ba40644a-841c-4ad7-8048-cdf18cfe1d18,17b501d4-13d4-477e-b4b9-12ee9a5c686b,1633169224525,14.302255,52.2676117,5.0482397,-0.37963548,0.3195386,-0.5015049,on bike mount,cyclo cross,True,asphalt,excellent
f4ee5635-8bf4-4b5a-96e4-b3a42f385893,ba40644a-841c-4ad7-8048-cdf18cfe1d18,700b4ac5-702a-421e-8aed-bde6e0af0b1f,1633169224575,14.302255,52.2676117,5.0482397,0.7481183,0.89565754,-0.5993891,on bike mount,cyclo cross,True,asphalt,excellent
f4ee5635-8bf4-4b5a-96e4-b3a42f385893,ba40644a-841c-4ad7-8048-cdf18cfe1d18,73d2c740-bab7-49fd-9e32-9ecd233b5c86,1633169224625,14.302255,52.2676117,5.0482397,-0.78269136,0.18248391,0.66297436,on bike mount,cyclo cross,True,asphalt,excellent
f4ee5635-8bf4-4b5a-96e4-b3a42f385893,ba40644a-841c-4ad7-8048-cdf18cfe1d18,84a89388-389b-4627-b047-d0cf58f5b4da,1633169224675,14.302255,52.2676117,5.0482397,-0.36764342,1.6305013,-1.1116652,on bike mount,cyclo cross,True,asphalt,excellent
f4ee5635-8bf4-4b5a-96e4-b3a42f385893,ba40644a-841c-4ad7-8048-cdf18cfe1d18,c5b04cdc-c2c0-4d39-b999-b39d0ead6d0c,1633169224742,14.302255,52.2676117,5.0482397,0.32416916,0.16698217,0.3188963,on bike mount,cyclo cross,True,asphalt,excellent
f4ee5635-8bf4-4b5a-96e4-b3a42f385893,ba40644a-841c-4ad7-8048-cdf18cfe1d18,be1faa9d-bd36-47b5-b2ca-cac40b569a2b,1633169224792,14.302255,52.2676117,5.0482397,1.3204561,1.6819634,-0.6806078,on bike mount,cyclo cross,True,asphalt,excellent
f4ee5635-8bf4-4b5a-96e4-b3a42f385893,ba40644a-841c-4ad7-8048-cdf18cfe1d18,ee433d76-1b37-4342-9c0b-186afbf8575c,1633169224843,14.302255,52.2676117,5.0482397,-0.25392547,0.007612705,-0.32330513,on bike mount,cyclo cross,True,asphalt,excellent
f4ee5635-8bf4-4b5a-96e4-b3a42f385893,ba40644a-841c-4ad7-8048-cdf18cfe1d18,66c00147-9f08-4fa0-b490-ae0073a9c0e9,1633169224893,14.302255,52.2676117,5.0482397,0.5388815,-0.48152113,1.4207411,on bike mount,cyclo cross,True,asphalt,excellent
f4ee5635-8bf4-4b5a-96e4-b3a42f385893,ba40644a-841c-4ad7-8048-cdf18cfe1d18,aa4ddf20-a2d4-4db7-ab52-dd4142e0fbc9,1633169224943,14.302255,52.2676117,5.0482397,0.6287518,0.18157697,-0.9296665,on bike mount,cyclo cross,True,asphalt,excellent
f4ee5635-8bf4-4b5a-96e4-b3a42f385893,ba40644a-841c-4ad7-8048-cdf18cfe1d18,3d4daea8-7864-40d4-9a74-e619bf7ae730,1633169225023,14.302334,52.2676146,5.0932245,-0.090550534,-0.1867187,1.2349377,on bike mount,cyclo cross,True,asphalt,excellent
f4ee5635-8bf4-4b5a-96e4-b3a42f385893,ba40644a-841c-4ad7-8048-cdf18cfe1d18,58bf899d-af12-4755-9fee-3637660c2c4e,1633169225072,14.302334,52.2676146,5.0932245,0.6721422,-0.34330606,-0.12676144,on bike mount,cyclo cross,True,asphalt,excellent
f4ee5635-8bf4-4b5a-96e4-b3a42f385893,ba40644a-841c-4ad7-8048-cdf18cfe1d18,915a0984-44f9-4f90-b10b-75d1ee8337b8,1633169225122,14.302334,52.2676146,5.0932245,0.16649547,-0.39163542,0.6058378,on bike mount,cyclo cross,True,asphalt,excellent
f4ee5635-8bf4-4b5a-96e4-b3a42f385893,ba40644a-841c-4ad7-8048-cdf18cfe1d18,3bbfc206-f2c6-4347-a799-5e93da76d196,1633169225177,14.302334,52.2676146,5.0932245,-0.48109207,0.14642358,0.16056919,on bike mount,cyclo cross,True,asphalt,excellent
f4ee5635-8bf4-4b5a-96e4-b3a42f385893,ba40644a-841c-4ad7-8048-cdf18cfe1d18,e8000945-f931-4f70-a073-e21906d317c9,1633169225227,14.302334,52.2676146,5.0932245,0.30320412,1.442754,-0.6839256,on bike mount,cyclo cross,True,asphalt,excellent
f4ee5635-8bf4-4b5a-96e4-b3a42f385893,ba40644a-841c-4ad7-8048-cdf18cfe1d18,0328e7d2-9337-447e-9a37-a125254aa0da,1633169225295,14.302334,52.2676146,5.0932245,-0.6995696,-0.33331847,-1.3730564,on bike mount,cyclo cross,True,asphalt,excellent
f4ee5635-8bf4-4b5a-96e4-b3a42f385893,ba40644a-841c-4ad7-8048-cdf18cfe1d18,d5e49e49-6a42-4076-8b09-2ac203124523,1633169225345,14.302334,52.2676146,5.0932245,-0.24890181,1.2735741,0.5687113,on bike mount,cyclo cross,True,asphalt,excellent
f4ee5635-8bf4-4b5a-96e4-b3a42f385893,ba40644a-841c-4ad7-8048-cdf18cfe1d18,c38e3447-8ad4-47e1-af2d-850fcecb2f8e,1633169225395,14.302334,52.2676146,5.0932245,-0.16678035,-0.5189705,-0.013325691,on bike mount,cyclo cross,True,asphalt,excellent
f4ee5635-8bf4-4b5a-96e4-b3a42f385893,ba40644a-841c-4ad7-8048-cdf18cfe1d18,bfeb837e-006c-45d1-8eed-c8c94b42ca6e,1633169225446,14.302334,52.2676146,5.0932245,-0.019894503,-0.97324026,-1.7640185,on bike mount,cyclo cross,True,asphalt,excellent
f4ee5635-8bf4-4b5a-96e4-b3a42f385893,ba40644a-841c-4ad7-8048-cdf18cfe1d18,d4b6df84-a0d3-4735-827b-4df5b4fc27cc,1633169225496,14.302334,52.2676146,5.0932245,1.0568895,0.52912116,-0.44974327,on bike mount,cyclo cross,True,asphalt,excellent
f4ee5635-8bf4-4b5a-96e4-b3a42f385893,ba40644a-841c-4ad7-8048-cdf18cfe1d18,a1d483c7-96b5-411b-bf90-fbf573975363,1633169225546,14.302334,52.2676146,5.0932245,-1.0031307,0.16122627,-0.31514263,on bike mount,cyclo cross,True,asphalt,excellent
f4ee5635-8bf4-4b5a-96e4-b3a42f385893,ba40644a-841c-4ad7-8048-cdf18cfe1d18,ffa6888e-954b-449f-9439-34e30ceb8ff3,1633169225604,14.302334,52.2676146,5.0932245,-0.229146,0.8633473,0.14999294,on bike mount,cyclo cross,True,asphalt,excellent
f4ee5635-8bf4-4b5a-96e4-b3a42f385893,ba40644a-841c-4ad7-8048-cdf18cfe1d18,d40427f8-cf89-4d1e-ad62-ff9ab75b1876,1633169225654,14.302334,52.2676146,5.0932245,0.2575174,-0.46626377,0.7450342,on bike mount,cyclo cross,True,asphalt,excellent
f4ee5635-8bf4-4b5a-96e4-b3a42f385893,ba40644a-841c-4ad7-8048-cdf18cfe1d18,0e189609-6595-4b7a-8b95-de41d9ef14de,1633169225704,14.302334,52.2676146,5.0932245,0.6621832,0.7916913,1.1485624,on bike mount,cyclo cross,True,asphalt,excellent
f4ee5635-8bf4-4b5a-96e4-b3a42f385893,ba40644a-841c-4ad7-8048-cdf18cfe1d18,0d65ebbf-289d-4201-952d-04909d7f2993,1633169225754,14.302334,52.2676146,5.0932245,0.41283417,0.87019825,-0.7828121,on bike mount,cyclo cross,True,asphalt,excellent
f4ee5635-8bf4-4b5a-96e4-b3a42f385893,ba40644a-841c-4ad7-8048-cdf18cfe1d18,f082a7a1-7edd-43b5-b9b3-e9567aa8bbf2,1633169225804,14.302334,52.2676146,5.0932245,0.29502574,0.9653113,-0.110985756,on bike mount,cyclo cross,True,asphalt,excellent
f4ee5635-8bf4-4b5a-96e4-b3a42f385893,ba40644a-841c-4ad7-8048-cdf18cfe1d18,ac5a8f8a-d188-4d88-96ed-5dadf801b8a5,1633169225854,14.302334,52.2676146,5.0932245,0.13923444,-0.29399705,0.682951,on bike mount,cyclo cross,True,asphalt,excellent
f4ee5635-8bf4-4b5a-96e4-b3a42f385893,ba40644a-841c-4ad7-8048-cdf18cfe1d18,c16726d2-8ad3-46af-9de7-dd4706dd8245,1633169225904,14.302334,52.2676146,5.0932245,0.24858063,0.8850548,-1.1650124,on bike mount,cyclo cross,True,asphalt,excellent
f4ee5635-8bf4-4b5a-96e4-b3a42f385893,ba40644a-841c-4ad7-8048-cdf18cfe1d18,5162ddd1-3053-4961-bf34-067ae176b03d,1633169225954,14.3024141,52.2676178,5.1516104,0.4001776,0.6751554,0.5846491,on bike mount,cyclo cross,True,asphalt,excellent
f4ee5635-8bf4-4b5a-96e4-b3a42f385893,ba40644a-841c-4ad7-8048-cdf18cfe1d18,7c055556-a873-4200-a30c-521724b78c1a,1633169226004,14.3024141,52.2676178,5.1516104,-0.088163495,1.6472282,0.7141199,on bike mount,cyclo cross,True,asphalt,excellent
f4ee5635-8bf4-4b5a-96e4-b3a42f385893,ba40644a-841c-4ad7-8048-cdf18cfe1d18,34ba98d3-a9f1-4c1d-8841-d83d50eccac0,1633169226054,14.3024141,52.2676178,5.1516104,-0.8077313,0.5196984,-0.737216,on bike mount,cyclo cross,True,asphalt,excellent
f4ee5635-8bf4-4b5a-96e4-b3a42f385893,ba40644a-841c-4ad7-8048-cdf18cfe1d18,68f27095-54ed-46d6-8c4b-fea434ddb8b1,1633169226105,14.3024141,52.2676178,5.1516104,-0.9408616,0.02039218,0.13112926,on bike mount,cyclo cross,True,asphalt,excellent
f4ee5635-8bf4-4b5a-96e4-b3a42f385893,ba40644a-841c-4ad7-8048-cdf18cfe1d18,25071278-ddf8-477a-a192-09cc20c7eecc,1633169226178,14.3024141,52.2676178,5.1516104,0.45365477,-1.62226,0.8760891,on bike mount,cyclo cross,True,asphalt,excellent
f4ee5635-8bf4-4b5a-96e4-b3a42f385893,ba40644a-841c-4ad7-8048-cdf18cfe1d18,6752e9d0-022b-4f5b-8277-00fdcc28d9b3,1633169226228,14.3024141,52.2676178,5.1516104,0.656186,0.96985483,0.67368984,on bike mount,cyclo cross,True,asphalt,excellent
f4ee5635-8bf4-4b5a-96e4-b3a42f385893,ba40644a-841c-4ad7-8048-cdf18cfe1d18,1e4a6216-76d5-4691-9c60-93822f1026b1,1633169226279,14.3024141,52.2676178,5.1516104,-0.7219995,2.2578576,-0.9317303,on bike mount,cyclo cross,True,asphalt,excellent
f4ee5635-8bf4-4b5a-96e4-b3a42f385893,ba40644a-841c-4ad7-8048-cdf18cfe1d18,097d22dd-6530-4a0a-906e-c1dc1d64ea96,1633169226328,14.3024141,52.2676178,5.1516104,-1.0247611,-1.5041158,1.4366617,on bike mount,cyclo cross,True,asphalt,excellent
f4ee5635-8bf4-4b5a-96e4-b3a42f385893,ba40644a-841c-4ad7-8048-cdf18cfe1d18,daaa490d-ba2e-4694-8199-be9be87915af,1633169226378,14.3024141,52.2676178,5.1516104,0.20175767,0.5831597,1.4613113,on bike mount,cyclo cross,True,asphalt,excellent
f4ee5635-8bf4-4b5a-96e4-b3a42f385893,ba40644a-841c-4ad7-8048-cdf18cfe1d18,5523d477-3b99-478d-bc89-99fbc837af9d,1633169226428,14.3024141,52.2676178,5.1516104,0.41763228,0.4971254,-0.651844,on bike mount,cyclo cross,True,asphalt,excellent
f4ee5635-8bf4-4b5a-96e4-b3a42f385893,ba40644a-841c-4ad7-8048-cdf18cfe1d18,8bda98cd-0207-44a1-b194-9f6032cecc4d,1633169226479,14.3024141,52.2676178,5.1516104,-0.64230967,1.3931754,0.13923645,on bike mount,cyclo cross,True,asphalt,excellent
f4ee5635-8bf4-4b5a-96e4-b3a42f385893,ba40644a-841c-4ad7-8048-cdf18cfe1d18,f8a807b5-b6bd-419f-ad65-8f0a826bd715,1633169226529,14.3024141,52.2676178,5.1516104,0.21723056,-0.25231838,0.48581505,on bike mount,cyclo cross,True,asphalt,excellent
f4ee5635-8bf4-4b5a-96e4-b3a42f385893,ba40644a-841c-4ad7-8048-cdf18cfe1d18,e363cc4a-d8fc-431c-a8ce-8e2cac57fcf8,1633169226601,14.3024141,52.2676178,5.1516104,1.3127942,-0.56568813,0.03135681,on bike mount,cyclo cross,True,asphalt,excellent
f4ee5635-8bf4-4b5a-96e4-b3a42f385893,ba40644a-841c-4ad7-8048-cdf18cfe1d18,a89fec57-3034-4cdb-8e23-17cde1b16b70,1633169226652,14.3024141,52.2676178,5.1516104,0.77090585,-0.88892484,-1.0420513,on bike mount,cyclo cross,True,asphalt,excellent
f4ee5635-8bf4-4b5a-96e4-b3a42f385893,ba40644a-841c-4ad7-8048-cdf18cfe1d18,541e677f-8ffd-49d0-8239-e8c2dda773d4,1633169226702,14.3024141,52.2676178,5.1516104,0.4448995,0.33353758,1.3892994,on bike mount,cyclo cross,True,asphalt,excellent
f4ee5635-8bf4-4b5a-96e4-b3a42f385893,ba40644a-841c-4ad7-8048-cdf18cfe1d18,e30908cc-a32e-4663-9c0b-d7dbb7976f0a,1633169226752,14.3024141,52.2676178,5.1516104,-0.3435815,-1.3240973,-1.2439346,on bike mount,cyclo cross,True,asphalt,excellent
f4ee5635-8bf4-4b5a-96e4-b3a42f385893,ba40644a-841c-4ad7-8048-cdf18cfe1d18,b06b6f3c-6800-4634-a147-6015cce5e21c,1633169226802,14.3024141,52.2676178,5.1516104,-0.648047,0.42064166,0.9851093,on bike mount,cyclo cross,True,asphalt,excellent
f4ee5635-8bf4-4b5a-96e4-b3a42f385893,ba40644a-841c-4ad7-8048-cdf18cfe1d18,6bbbf7af-8de1-44a9-af6a-9341af0d53a3,1633169226867,14.3024141,52.2676178,5.1516104,-1.0290474,0.7312672,-1.236764,on bike mount,cyclo cross,True,asphalt,excellent
f4ee5635-8bf4-4b5a-96e4-b3a42f385893,ba40644a-841c-4ad7-8048-cdf18cfe1d18,8e3f9a54-fdef-41f6-8c5a-25c5a8b91560,1633169226917,14.3024141,52.2676178,5.1516104,-0.29418218,0.24265003,0.356534,on bike mount,cyclo cross,True,asphalt,excellent
f4ee5635-8bf4-4b5a-96e4-b3a42f385893,ba40644a-841c-4ad7-8048-cdf18cfe1d18,1c6cb454-3f6a-4dfc-be55-32ba4595ca41,1633169226967,14.3024913,52.2676203,5.169626,-0.38528112,-1.2113887,-2.236083,on bike mount,cyclo cross,True,asphalt,excellent
f4ee5635-8bf4-4b5a-96e4-b3a42f385893,ba40644a-841c-4ad7-8048-cdf18cfe1d18,801ddc77-4106-42d4-a267-07933adf0053,1633169227028,14.3024913,52.2676203,5.169626,-0.43417907,1.2264462,-0.11694622,on bike mount,cyclo cross,True,asphalt,excellent
f4ee5635-8bf4-4b5a-96e4-b3a42f385893,ba40644a-841c-4ad7-8048-cdf18cfe1d18,26937116-eb9b-46cc-ae70-bcf39ec02d5f,1633169227079,14.3024913,52.2676203,5.169626,-0.12564114,0.86534595,-0.5864992,on bike mount,cyclo cross,True,asphalt,excellent
f4ee5635-8bf4-4b5a-96e4-b3a42f385893,ba40644a-841c-4ad7-8048-cdf18cfe1d18,47eb19cf-be1d-41ab-a1e8-756cbf82e623,1633169227129,14.3024913,52.2676203,5.169626,-0.29177424,1.6793981,-0.30685043,on bike mount,cyclo cross,True,asphalt,excellent
f4ee5635-8bf4-4b5a-96e4-b3a42f385893,ba40644a-841c-4ad7-8048-cdf18cfe1d18,a7b806f1-449d-436d-82b5-8744718c0154,1633169227180,14.3024913,52.2676203,5.169626,-0.63002115,-0.3500805,-0.7684002,on bike mount,cyclo cross,True,asphalt,excellent
f4ee5635-8bf4-4b5a-96e4-b3a42f385893,ba40644a-841c-4ad7-8048-cdf18cfe1d18,e7f89c21-f6f4-4d7b-8d98-2376e45fc1a8,1633169227230,14.3024913,52.2676203,5.169626,-1.2524538,-0.35537362,-0.9240484,on bike mount,cyclo cross,True,asphalt,excellent
f4ee5635-8bf4-4b5a-96e4-b3a42f385893,ba40644a-841c-4ad7-8048-cdf18cfe1d18,fddb9e74-1fd2-441a-aa80-29cd35dd4aca,1633169227296,14.3024913,52.2676203,5.169626,0.09066087,-0.67901397,1.2748299,on bike mount,cyclo cross,True,asphalt,excellent
f4ee5635-8bf4-4b5a-96e4-b3a42f385893,ba40644a-841c-4ad7-8048-cdf18cfe1d18,307550a6-9211-4a3a-8b04-a705bc5457a2,1633169227347,14.3024913,52.2676203,5.169626,-0.15710239,0.16253614,-1.5855746,on bike mount,cyclo cross,True,asphalt,excellent
f4ee5635-8bf4-4b5a-96e4-b3a42f385893,ba40644a-841c-4ad7-8048-cdf18cfe1d18,f1b33375-3659-41f0-9cce-704c47c4f034,1633169227417,14.3024913,52.2676203,5.169626,-1.6149178,-0.8630874,-1.9590292,on bike mount,cyclo cross,True,asphalt,excellent
f4ee5635-8bf4-4b5a-96e4-b3a42f385893,ba40644a-841c-4ad7-8048-cdf18cfe1d18,37fdfba5-d0cd-4401-8bd3-61df53fd5c7d,1633169227467,14.3024913,52.2676203,5.169626,1.4704635,1.272548,-0.2823143,on bike mount,cyclo cross,True,asphalt,excellent
f4ee5635-8bf4-4b5a-96e4-b3a42f385893,ba40644a-841c-4ad7-8048-cdf18cfe1d18,e081448b-b6dd-4b10-9065-0aeec0a85d90,1633169227517,14.3024913,52.2676203,5.169626,1.7063084,1.9121096,0.31129932,on bike mount,cyclo cross,True,asphalt,excellent
f4ee5635-8bf4-4b5a-96e4-b3a42f385893,ba40644a-841c-4ad7-8048-cdf18cfe1d18,d602fecf-038d-4541-a4bf-9bc854f0c982,1633169227616,14.3024913,52.2676203,5.169626,0.67736024,-0.3407054,0.27327442,on bike mount,cyclo cross,True,asphalt,excellent
f4ee5635-8bf4-4b5a-96e4-b3a42f385893,ba40644a-841c-4ad7-8048-cdf18cfe1d18,fcb991ed-962c-4609-8761-7377553f3309,1633169227667,14.3024913,52.2676203,5.169626,0.16498858,-0.98276615,1.1067724,on bike mount,cyclo cross,True,asphalt,excellent
f4ee5635-8bf4-4b5a-96e4-b3a42f385893,ba40644a-841c-4ad7-8048-cdf18cfe1d18,e3471a7c-c6fb-448e-921f-79416dca2275,1633169227744,14.3024913,52.2676203,5.169626,-0.609607,-0.102463245,0.31925297,on bike mount,cyclo cross,True,asphalt,excellent
f4ee5635-8bf4-4b5a-96e4-b3a42f385893,ba40644a-841c-4ad7-8048-cdf18cfe1d18,38a07694-0fef-4ce4-8a0a-fa054c9df1f7,1633169227794,14.3024913,52.2676203,5.169626,-0.116444655,-1.2648526,0.20175838,on bike mount,cyclo cross,True,asphalt,excellent
f4ee5635-8bf4-4b5a-96e4-b3a42f385893,ba40644a-841c-4ad7-8048-cdf18cfe1d18,4a0e01e5-14d5-4ed2-a8a6-658f3216a726,1633169227845,14.3024913,52.2676203,5.169626,0.02815254,0.7452905,0.12897778,on bike mount,cyclo cross,True,asphalt,excellent
f4ee5635-8bf4-4b5a-96e4-b3a42f385893,ba40644a-841c-4ad7-8048-cdf18cfe1d18,ed381ea8-3a40-4477-8aee-79b0e9eb921a,1633169227896,14.3024913,52.2676203,5.169626,-0.023303822,0.42132497,-2.069283,on bike mount,cyclo cross,True,asphalt,excellent
f4ee5635-8bf4-4b5a-96e4-b3a42f385893,ba40644a-841c-4ad7-8048-cdf18cfe1d18,52b0efe0-dedc-43cc-b215-1ec469aeb9db,1633169227945,14.3024913,52.2676203,5.169626,-0.7850956,0.079442024,1.2659712,on bike mount,cyclo cross,True,asphalt,excellent
f4ee5635-8bf4-4b5a-96e4-b3a42f385893,ba40644a-841c-4ad7-8048-cdf18cfe1d18,9519127e-74ae-4860-9d34-2129a59ed476,1633169227995,14.3025735,52.2676246,5.213754,0.6329224,-0.30346274,-0.5536308,on bike mount,cyclo cross,True,asphalt,excellent
f4ee5635-8bf4-4b5a-96e4-b3a42f385893,ba40644a-841c-4ad7-8048-cdf18cfe1d18,5fe74d13-b073-444f-a87c-f46e066efd22,1633169228045,14.3025735,52.2676246,5.213754,-0.7721747,-1.0147798,0.6133013,on bike mount,cyclo cross,True,asphalt,excellent
f4ee5635-8bf4-4b5a-96e4-b3a42f385893,ba40644a-841c-4ad7-8048-cdf18cfe1d18,986b6d58-d8c1-43a0-bae6-faaaddc9a6c5,1633169228095,14.3025735,52.2676246,5.213754,0.79004717,-1.0217509,0.61189175,on bike mount,cyclo cross,True,asphalt,excellent
f4ee5635-8bf4-4b5a-96e4-b3a42f385893,ba40644a-841c-4ad7-8048-cdf18cfe1d18,dc95578d-472c-43c9-a84d-8128cae38f0e,1633169228184,14.3025735,52.2676246,5.213754,0.53259957,-0.73351765,-0.17284584,on bike mount,cyclo cross,True,asphalt,excellent
f4ee5635-8bf4-4b5a-96e4-b3a42f385893,ba40644a-841c-4ad7-8048-cdf18cfe1d18,0430d7cd-4188-4b89-934a-ae5978a7d105,1633169228234,14.3025735,52.2676246,5.213754,0.7387225,0.14013147,1.1064692,on bike mount,cyclo cross,True,asphalt,excellent
f4ee5635-8bf4-4b5a-96e4-b3a42f385893,ba40644a-841c-4ad7-8048-cdf18cfe1d18,266f9a88-92b1-4c81-b5d9-583cef3fe77e,1633169228287,14.3025735,52.2676246,5.213754,-0.5011376,0.91465807,0.11022949,on bike mount,cyclo cross,True,asphalt,excellent
f4ee5635-8bf4-4b5a-96e4-b3a42f385893,ba40644a-841c-4ad7-8048-cdf18cfe1d18,7046db3d-83de-4e6c-a4f1-53e519efcef5,1633169228336,14.3025735,52.2676246,5.213754,0.7773887,-0.67194486,-0.19547367,on bike mount,cyclo cross,True,asphalt,excellent
f4ee5635-8bf4-4b5a-96e4-b3a42f385893,ba40644a-841c-4ad7-8048-cdf18cfe1d18,c65605eb-afaa-434c-bde0-b8b9168fe197,1633169228386,14.3025735,52.2676246,5.213754,1.4016871,0.56202054,-0.33691406,on bike mount,cyclo cross,True,asphalt,excellent
f4ee5635-8bf4-4b5a-96e4-b3a42f385893,ba40644a-841c-4ad7-8048-cdf18cfe1d18,ce4a0c30-f01c-4894-b2b7-838ce22e2612,1633169228460,14.3025735,52.2676246,5.213754,-0.874971,-0.45240426,-0.9432726,on bike mount,cyclo cross,True,asphalt,excellent
f4ee5635-8bf4-4b5a-96e4-b3a42f385893,ba40644a-841c-4ad7-8048-cdf18cfe1d18,e3b63a08-1789-42c4-ab93-885a45a21055,1633169228509,14.3025735,52.2676246,5.213754,-0.12006265,-0.3594699,3.46776,on bike mount,cyclo cross,True,asphalt,excellent
f4ee5635-8bf4-4b5a-96e4-b3a42f385893,ba40644a-841c-4ad7-8048-cdf18cfe1d18,9adef5eb-57c6-4e60-bdf4-0b500ac93bf3,1633169228559,14.3025735,52.2676246,5.213754,1.3877158,-2.8446252,1.4007816,on bike mount,cyclo cross,True,asphalt,excellent
f4ee5635-8bf4-4b5a-96e4-b3a42f385893,ba40644a-841c-4ad7-8048-cdf18cfe1d18,586a63b1-49bb-4f3c-a6d4-f36e1bd4879f,1633169228615,14.3025735,52.2676246,5.213754,-0.63099974,0.8030224,-1.3062692,on bike mount,cyclo cross,True,asphalt,excellent
f4ee5635-8bf4-4b5a-96e4-b3a42f385893,ba40644a-841c-4ad7-8048-cdf18cfe1d18,07bc021e-dcd4-4ad0-86ca-d077f1dcd373,1633169228667,14.3025735,52.2676246,5.213754,-0.3769726,2.137371,0.1708498,on bike mount,cyclo cross,True,asphalt,excellent
f4ee5635-8bf4-4b5a-96e4-b3a42f385893,ba40644a-841c-4ad7-8048-cdf18cfe1d18,090624d0-502a-496a-bba8-b77286bf7b8f,1633169228716,14.3025735,52.2676246,5.213754,-0.61542165,0.9729016,0.24486732,on bike mount,cyclo cross,True,asphalt,excellent
f4ee5635-8bf4-4b5a-96e4-b3a42f385893,ba40644a-841c-4ad7-8048-cdf18cfe1d18,0ad844f5-9274-4ded-a8ba-872817d3a73b,1633169228766,14.3025735,52.2676246,5.213754,-0.78768575,-0.38564873,-0.57658005,on bike mount,cyclo cross,True,asphalt,excellent
f4ee5635-8bf4-4b5a-96e4-b3a42f385893,ba40644a-841c-4ad7-8048-cdf18cfe1d18,46912403-ade1-4073-bcda-f07d05198962,1633169228816,14.3025735,52.2676246,5.213754,-1.1077912,0.7957499,-0.4743786,on bike mount,cyclo cross,True,asphalt,excellent
f4ee5635-8bf4-4b5a-96e4-b3a42f385893,ba40644a-841c-4ad7-8048-cdf18cfe1d18,f536897f-93fe-4726-8e5b-c01e558c6501,1633169228884,14.3025735,52.2676246,5.213754,-0.7964316,0.9200368,0.5383835,on bike mount,cyclo cross,True,asphalt,excellent
f4ee5635-8bf4-4b5a-96e4-b3a42f385893,ba40644a-841c-4ad7-8048-cdf18cfe1d18,89ee6d40-a9ab-4468-a1d1-1ff4a3602231,1633169228934,14.3025735,52.2676246,5.213754,-0.26135582,-0.92489684,-0.062306404,on bike mount,cyclo cross,True,asphalt,excellent
f4ee5635-8bf4-4b5a-96e4-b3a42f385893,ba40644a-841c-4ad7-8048-cdf18cfe1d18,618557ee-23d8-4bd8-98bc-e6d72a44c05b,1633169228984,14.3026538,52.2676309,5.256029,-0.49265084,0.1542108,-0.9236145,on bike mount,cyclo cross,True,asphalt,excellent
f4ee5635-8bf4-4b5a-96e4-b3a42f385893,ba40644a-841c-4ad7-8048-cdf18cfe1d18,b4b2ac9e-2ae7-48d4-af08-6c9a35c784f5,1633169229035,14.3026538,52.2676309,5.256029,0.24441212,-0.26478434,0.025269508,on bike mount,cyclo cross,True,asphalt,excellent
f4ee5635-8bf4-4b5a-96e4-b3a42f385893,ba40644a-841c-4ad7-8048-cdf18cfe1d18,855fbb7f-0451-4a2d-a417-aad08fb1a978,1633169229084,14.3026538,52.2676309,5.256029,0.17951946,-0.20780349,-0.5643072,on bike mount,cyclo cross,True,asphalt,excellent
f4ee5635-8bf4-4b5a-96e4-b3a42f385893,ba40644a-841c-4ad7-8048-cdf18cfe1d18,a41d3bf0-0b58-4784-a665-e4eb3f7eda58,1633169229134,14.3026538,52.2676309,5.256029,0.31730428,-1.103615,0.10997105,on bike mount,cyclo cross,True,asphalt,excellent
f4ee5635-8bf4-4b5a-96e4-b3a42f385893,ba40644a-841c-4ad7-8048-cdf18cfe1d18,e3e4cc55-300e-48a0-987c-6af8dda6082b,1633169229184,14.3026538,52.2676309,5.256029,0.057958275,-0.83809805,-0.75938797,on bike mount,cyclo cross,True,asphalt,excellent
f4ee5635-8bf4-4b5a-96e4-b3a42f385893,ba40644a-841c-4ad7-8048-cdf18cfe1d18,ee6e65c7-3f54-4e80-aded-2c8142880524,1633169229234,14.3026538,52.2676309,5.256029,0.063779265,0.88396,-0.0038204193,on bike mount,cyclo cross,True,asphalt,excellent
f4ee5635-8bf4-4b5a-96e4-b3a42f385893,ba40644a-841c-4ad7-8048-cdf18cfe1d18,6b431a96-e986-4a11-9b3b-b926d86982e3,1633169229286,14.3026538,52.2676309,5.256029,-0.344002,-0.33916616,-0.80047226,on bike mount,cyclo cross,True,asphalt,excellent
f4ee5635-8bf4-4b5a-96e4-b3a42f385893,9db56515-6f33-456c-aa7e-2f4454b29a45,e6afaefa-9990-4c4b-9b3d-2a88ac66e68c,1633169227350,14.3024913,52.2676203,5.169626,-0.3072592,0.08786845,-0.97669077,on bike mount,cyclo cross,True,asphalt,excellent
f4ee5635-8bf4-4b5a-96e4-b3a42f385893,9db56515-6f33-456c-aa7e-2f4454b29a45,a09192ae-7c08-4dfb-bf5e-8ca517f2e941,1633169227417,14.3024913,52.2676203,5.169626,-1.6149178,-0.8630874,-1.9590292,on bike mount,cyclo cross,True,asphalt,excellent
f4ee5635-8bf4-4b5a-96e4-b3a42f385893,9db56515-6f33-456c-aa7e-2f4454b29a45,d908929a-c731-4468-b519-aef176c2d8a1,1633169227467,14.3024913,52.2676203,5.169626,1.4704635,1.272548,-0.2823143,on bike mount,cyclo cross,True,asphalt,excellent
f4ee5635-8bf4-4b5a-96e4-b3a42f385893,9db56515-6f33-456c-aa7e-2f4454b29a45,ebf63297-c6be-4ede-91aa-ccfc3a0e7a16,1633169227517,14.3024913,52.2676203,5.169626,1.7063084,1.9121096,0.31129932,on bike mount,cyclo cross,True,asphalt,excellent
f4ee5635-8bf4-4b5a-96e4-b3a42f385893,9db56515-6f33-456c-aa7e-2f4454b29a45,fa7ba25f-6822-4163-ad4f-9639a81ba5f5,1633169227616,14.3024913,52.2676203,5.169626,0.67736024,-0.3407054,0.27327442,on bike mount,cyclo cross,True,asphalt,excellent
f4ee5635-8bf4-4b5a-96e4-b3a42f385893,9db56515-6f33-456c-aa7e-2f4454b29a45,f850dc14-04cc-41cc-82b8-9030d41e8bb7,1633169227667,14.3024913,52.2676203,5.169626,0.16498858,-0.98276615,1.1067724,on bike mount,cyclo cross,True,asphalt,excellent
f4ee5635-8bf4-4b5a-96e4-b3a42f385893,9db56515-6f33-456c-aa7e-2f4454b29a45,e1d88305-e0bd-4e1a-9046-7db0d88b74a6,1633169227745,14.3024913,52.2676203,5.169626,-1.1324191,0.021481276,0.6728878,on bike mount,cyclo cross,True,asphalt,excellent
f4ee5635-8bf4-4b5a-96e4-b3a42f385893,9db56515-6f33-456c-aa7e-2f4454b29a45,c469f76a-63c8-47b0-89a5-d271f205b195,1633169227794,14.3024913,52.2676203,5.169626,-0.116444655,-1.2648526,0.20175838,on bike mount,cyclo cross,True,asphalt,excellent
f4ee5635-8bf4-4b5a-96e4-b3a42f385893,9db56515-6f33-456c-aa7e-2f4454b29a45,ef92d74c-3f1b-4940-8883-ab18c4a67e39,1633169227846,14.3024913,52.2676203,5.169626,0.02815254,0.7452905,0.12897778,on bike mount,cyclo cross,True,asphalt,excellent
f4ee5635-8bf4-4b5a-96e4-b3a42f385893,9db56515-6f33-456c-aa7e-2f4454b29a45,e5ff82c5-73b2-4797-b2da-c62e09ce0e36,1633169227897,14.3024913,52.2676203,5.169626,-0.023303822,0.42132497,-2.069283,on bike mount,cyclo cross,True,asphalt,excellent
f4ee5635-8bf4-4b5a-96e4-b3a42f385893,9db56515-6f33-456c-aa7e-2f4454b29a45,531a06ba-7aca-4497-835f-fb00bbcf6278,1633169227948,14.3024913,52.2676203,5.169626,-0.2007231,-0.021246433,1.0166101,on bike mount,cyclo cross,True,asphalt,excellent
f4ee5635-8bf4-4b5a-96e4-b3a42f385893,9db56515-6f33-456c-aa7e-2f4454b29a45,adde18eb-a9a2-4d51-bb24-f2f1a0e6d947,1633169227998,14.3025735,52.2676246,5.213754,0.25289628,-0.13545251,0.5282221,on bike mount,cyclo cross,True,asphalt,excellent
f4ee5635-8bf4-4b5a-96e4-b3a42f385893,9db56515-6f33-456c-aa7e-2f4454b29a45,cf6b44a1-1510-4488-a562-546aaa07853d,1633169228048,14.3025735,52.2676246,5.213754,-1.3220105,-0.45920944,0.3521824,on bike mount,cyclo cross,True,asphalt,excellent
f4ee5635-8bf4-4b5a-96e4-b3a42f385893,9db56515-6f33-456c-aa7e-2f4454b29a45,f050ebc1-ff42-4e8a-beda-ca35e8e9f31a,1633169228098,14.3025735,52.2676246,5.213754,0.6664764,0.28299546,1.1063509,on bike mount,cyclo cross,True,asphalt,excellent
f4ee5635-8bf4-4b5a-96e4-b3a42f385893,9db56515-6f33-456c-aa7e-2f4454b29a45,02b5fce8-f276-4021-8ec2-381bf00a174d,1633169228184,14.3025735,52.2676246,5.213754,0.53259957,-0.73351765,-0.17284584,on bike mount,cyclo cross,True,asphalt,excellent
f4ee5635-8bf4-4b5a-96e4-b3a42f385893,9db56515-6f33-456c-aa7e-2f4454b29a45,ffa55fd6-bcbf-4419-8255-41000c69e4f2,1633169228235,14.3025735,52.2676246,5.213754,0.44341654,-0.96586037,0.38595772,on bike mount,cyclo cross,True,asphalt,excellent
f4ee5635-8bf4-4b5a-96e4-b3a42f385893,9db56515-6f33-456c-aa7e-2f4454b29a45,69fbb7ba-891d-45b7-9373-66e7c9047027,1633169228302,14.3025735,52.2676246,5.213754,-0.5011376,0.91465807,0.11022949,on bike mount,cyclo cross,True,asphalt,excellent
f4ee5635-8bf4-4b5a-96e4-b3a42f385893,9db56515-6f33-456c-aa7e-2f4454b29a45,ae1c9c9b-0c1f-485a-b1e3-58a34a3638a8,1633169228352,14.3025735,52.2676246,5.213754,0.65342456,0.87921596,-0.8960657,on bike mount,cyclo cross,True,asphalt,excellent
f4ee5635-8bf4-4b5a-96e4-b3a42f385893,9db56515-6f33-456c-aa7e-2f4454b29a45,a0311d94-4ae7-4392-98ea-e202e474aa1f,1633169228402,14.3025735,52.2676246,5.213754,1.1298307,0.008695602,0.7180357,on bike mount,cyclo cross,True,asphalt,excellent
f4ee5635-8bf4-4b5a-96e4-b3a42f385893,9db56515-6f33-456c-aa7e-2f4454b29a45,768bd9b2-2d4d-431d-afcf-0d98c53e2dad,1633169228460,14.3025735,52.2676246,5.213754,-0.874971,-0.45240426,-0.9432726,on bike mount,cyclo cross,True,asphalt,excellent
f4ee5635-8bf4-4b5a-96e4-b3a42f385893,9db56515-6f33-456c-aa7e-2f4454b29a45,2c6bc14b-0cda-421a-b076-9620ebf09f7c,1633169228510,14.3025735,52.2676246,5.213754,-0.74276537,-1.0507132,1.0454092,on bike mount,cyclo cross,True,asphalt,excellent
f4ee5635-8bf4-4b5a-96e4-b3a42f385893,9db56515-6f33-456c-aa7e-2f4454b29a45,5b7a21aa-e640-4dc1-bb21-ee278dbba810,1633169228560,14.3025735,52.2676246,5.213754,1.3877158,-2.8446252,1.4007816,on bike mount,cyclo cross,True,asphalt,excellent
f4ee5635-8bf4-4b5a-96e4-b3a42f385893,9db56515-6f33-456c-aa7e-2f4454b29a45,3cbb1669-4da2-4b66-8831-5354fc65a94e,1633169228615,14.3025735,52.2676246,5.213754,-0.63099974,0.8030224,-1.3062692,on bike mount,cyclo cross,True,asphalt,excellent
f4ee5635-8bf4-4b5a-96e4-b3a42f385893,9db56515-6f33-456c-aa7e-2f4454b29a45,c77e7d40-bfa1-41e6-a75b-17756cdbc8fd,1633169228667,14.3025735,52.2676246,5.213754,-0.3769726,2.137371,0.1708498,on bike mount,cyclo cross,True,asphalt,excellent
f4ee5635-8bf4-4b5a-96e4-b3a42f385893,9db56515-6f33-456c-aa7e-2f4454b29a45,8bb3ee42-91f2-4f34-8be5-4d1862d7955d,1633169228717,14.3025735,52.2676246,5.213754,-0.61542165,0.9729016,0.24486732,on bike mount,cyclo cross,True,asphalt,excellent
f4ee5635-8bf4-4b5a-96e4-b3a42f385893,9db56515-6f33-456c-aa7e-2f4454b29a45,77c72fde-48fc-413c-8562-c264629e7813,1633169228769,14.3025735,52.2676246,5.213754,-0.3728742,1.1450572,1.028244,on bike mount,cyclo cross,True,asphalt,excellent
f4ee5635-8bf4-4b5a-96e4-b3a42f385893,9db56515-6f33-456c-aa7e-2f4454b29a45,985c0c93-caa1-4cca-8ae8-d19ec96857c0,1633169228820,14.3025735,52.2676246,5.213754,-0.6327914,0.64043283,-2.7131782,on bike mount,cyclo cross,True,asphalt,excellent
f4ee5635-8bf4-4b5a-96e4-b3a42f385893,9db56515-6f33-456c-aa7e-2f4454b29a45,85567161-e201-4d4a-870a-1a47d9ad3033,1633169228884,14.3025735,52.2676246,5.213754,-0.45204675,-0.18561602,-0.17433834,on bike mount,cyclo cross,True,asphalt,excellent
f4ee5635-8bf4-4b5a-96e4-b3a42f385893,9db56515-6f33-456c-aa7e-2f4454b29a45,b38b2739-472e-413f-90de-c56a5f31426a,1633169228934,14.3025735,52.2676246,5.213754,-0.26135582,-0.92489684,-0.062306404,on bike mount,cyclo cross,True,asphalt,excellent
f4ee5635-8bf4-4b5a-96e4-b3a42f385893,9db56515-6f33-456c-aa7e-2f4454b29a45,8b352ef1-aa1f-483d-afe6-e3a9d6e65f59,1633169228984,14.3026538,52.2676309,5.256029,-0.49265084,0.1542108,-0.9236145,on bike mount,cyclo cross,True,asphalt,excellent
f4ee5635-8bf4-4b5a-96e4-b3a42f385893,9db56515-6f33-456c-aa7e-2f4454b29a45,6873fbc7-60b5-4d0f-b432-1f1b23ed125d,1633169229035,14.3026538,52.2676309,5.256029,0.051321894,-0.18116546,0.4691286,on bike mount,cyclo cross,True,asphalt,excellent
f4ee5635-8bf4-4b5a-96e4-b3a42f385893,9db56515-6f33-456c-aa7e-2f4454b29a45,afd3f511-47e3-4aef-8296-3faa23d17366,1633169229086,14.3026538,52.2676309,5.256029,0.17951946,-0.20780349,-0.5643072,on bike mount,cyclo cross,True,asphalt,excellent
f4ee5635-8bf4-4b5a-96e4-b3a42f385893,9db56515-6f33-456c-aa7e-2f4454b29a45,65ed9527-9b45-4e93-bc49-bb20c13a9379,1633169229135,14.3026538,52.2676309,5.256029,0.58515275,0.25453424,1.7258215,on bike mount,cyclo cross,True,asphalt,excellent
f4ee5635-8bf4-4b5a-96e4-b3a42f385893,9db56515-6f33-456c-aa7e-2f4454b29a45,98b297e1-5952-40eb-aa4e-482b7719225a,1633169229184,14.3026538,52.2676309,5.256029,0.20159364,0.77543235,-1.0372591,on bike mount,cyclo cross,True,asphalt,excellent
f4ee5635-8bf4-4b5a-96e4-b3a42f385893,9db56515-6f33-456c-aa7e-2f4454b29a45,ba373733-17b4-43d8-82d9-20f4b11332d4,1633169229234,14.3026538,52.2676309,5.256029,0.063779265,0.88396,-0.0038204193,on bike mount,cyclo cross,True,asphalt,excellent
f4ee5635-8bf4-4b5a-96e4-b3a42f385893,9db56515-6f33-456c-aa7e-2f4454b29a45,705e61ec-b843-4cd6-b77e-de3a35513661,1633169229284,14.3026538,52.2676309,5.256029,-0.344002,-0.33916616,-0.80047226,on bike mount,cyclo cross,True,asphalt,excellent
f4ee5635-8bf4-4b5a-96e4-b3a42f385893,9db56515-6f33-456c-aa7e-2f4454b29a45,a8623b80-d80e-4118-bf45-88cbec2aca6e,1633169229335,14.3026538,52.2676309,5.256029,0.15373969,1.1203396,0.056386948,on bike mount,cyclo cross,True,asphalt,excellent
f4ee5635-8bf4-4b5a-96e4-b3a42f385893,9db56515-6f33-456c-aa7e-2f4454b29a45,46414272-6a9d-461d-adec-a54b5a72fe80,1633169229384,14.3026538,52.2676309,5.256029,-0.28563595,-1.5001743,-0.2570858,on bike mount,cyclo cross,True,asphalt,excellent
f4ee5635-8bf4-4b5a-96e4-b3a42f385893,9db56515-6f33-456c-aa7e-2f4454b29a45,d37a7108-3f90-4262-8e37-9c1bea237ca9,1633169229456,14.3026538,52.2676309,5.256029,-0.5809082,1.01022,0.5628586,on bike mount,cyclo cross,True,asphalt,excellent
f4ee5635-8bf4-4b5a-96e4-b3a42f385893,9db56515-6f33-456c-aa7e-2f4454b29a45,071c55d4-8ebd-47aa-a935-fc2b6b97cf43,1633169229506,14.3026538,52.2676309,5.256029,-0.272493,0.5201001,0.91763115,on bike mount,cyclo cross,True,asphalt,excellent
f4ee5635-8bf4-4b5a-96e4-b3a42f385893,9db56515-6f33-456c-aa7e-2f4454b29a45,de35ed66-5e0f-4217-8802-0e7fb41ac269,1633169229557,14.3026538,52.2676309,5.256029,-0.3904223,0.16349578,-0.9077034,on bike mount,cyclo cross,True,asphalt,excellent
f4ee5635-8bf4-4b5a-96e4-b3a42f385893,9db56515-6f33-456c-aa7e-2f4454b29a45,ad520d59-81d5-499c-aced-0e051acb9ec1,1633169229615,14.3026538,52.2676309,5.256029,-0.03240095,-1.9110975,-0.4945612,on bike mount,cyclo cross,True,asphalt,excellent
f4ee5635-8bf4-4b5a-96e4-b3a42f385893,9db56515-6f33-456c-aa7e-2f4454b29a45,207e1fba-c420-4e07-9597-a4d62d113e57,1633169229665,14.3026538,52.2676309,5.256029,-0.10784997,1.2742848,-0.5690708,on bike mount,cyclo cross,True,asphalt,excellent
f4ee5635-8bf4-4b5a-96e4-b3a42f385893,9db56515-6f33-456c-aa7e-2f4454b29a45,7d6785b3-23df-4c1f-8415-956f7ea62d99,1633169229717,14.3026538,52.2676309,5.256029,-1.5805697,1.3087392,0.5579195,on bike mount,cyclo cross,True,asphalt,excellent
f4ee5635-8bf4-4b5a-96e4-b3a42f385893,9db56515-6f33-456c-aa7e-2f4454b29a45,d6f933d4-e75a-4e48-92e0-3953671541f1,1633169229766,14.3026538,52.2676309,5.256029,0.86043,-0.42143393,0.27115536,on bike mount,cyclo cross,True,asphalt,excellent
f4ee5635-8bf4-4b5a-96e4-b3a42f385893,9db56515-6f33-456c-aa7e-2f4454b29a45,6b51d079-5f31-4756-bcd4-02d9da6ab4c6,1633169229817,14.3026538,52.2676309,5.256029,0.772349,1.7068882,-0.6563873,on bike mount,cyclo cross,True,asphalt,excellent
f4ee5635-8bf4-4b5a-96e4-b3a42f385893,9db56515-6f33-456c-aa7e-2f4454b29a45,e3e7c828-ff78-4de4-8d94-22959c20f2f1,1633169229894,14.3026538,52.2676309,5.256029,-0.63318884,-0.34128237,-1.3392296,on bike mount,cyclo cross,True,asphalt,excellent
f4ee5635-8bf4-4b5a-96e4-b3a42f385893,9db56515-6f33-456c-aa7e-2f4454b29a45,c554b45d-d157-4ff3-9f3e-332641929efc,1633169229944,14.3026538,52.2676309,5.256029,-0.10310961,0.9949274,0.19431305,on bike mount,cyclo cross,True,asphalt,excellent
f4ee5635-8bf4-4b5a-96e4-b3a42f385893,9db56515-6f33-456c-aa7e-2f4454b29a45,8a39aff1-dbd8-4396-8e09-80d3654dd11b,1633169229994,14.3027358,52.2676399,5.3161116,-0.50930864,1.615773,-1.4696026,on bike mount,cyclo cross,True,asphalt,excellent
f4ee5635-8bf4-4b5a-96e4-b3a42f385893,9db56515-6f33-456c-aa7e-2f4454b29a45,5731971c-c1e3-467a-941b-ff1cce43a5a7,1633169230044,14.3027358,52.2676399,5.3161116,-0.48500583,-0.14895916,1.5100927,on bike mount,cyclo cross,True,asphalt,excellent
f4ee5635-8bf4-4b5a-96e4-b3a42f385893,9db56515-6f33-456c-aa7e-2f4454b29a45,96d3dc26-9e1c-4987-a075-946694148fb6,1633169230094,14.3027358,52.2676399,5.3161116,0.07910768,0.18602228,-1.0676203,on bike mount,cyclo cross,True,asphalt,excellent
f4ee5635-8bf4-4b5a-96e4-b3a42f385893,9db56515-6f33-456c-aa7e-2f4454b29a45,1845dd15-2a49-44a0-99d0-efc54aeffaa1,1633169230168,14.3027358,52.2676399,5.3161116,0.3948611,0.56015825,-0.5129223,on bike mount,cyclo cross,True,asphalt,excellent
f4ee5635-8bf4-4b5a-96e4-b3a42f385893,9db56515-6f33-456c-aa7e-2f4454b29a45,fd6dd98e-0c94-4a9b-b795-6c3d63fed85c,1633169230218,14.3027358,52.2676399,5.3161116,-1.0097471,0.09893346,-1.0805635,on bike mount,cyclo cross,True,asphalt,excellent
f4ee5635-8bf4-4b5a-96e4-b3a42f385893,9db56515-6f33-456c-aa7e-2f4454b29a45,40baefcc-0d8e-4c4d-8df0-1718cfe7f0cf,1633169230269,14.3027358,52.2676399,5.3161116,0.027799467,0.52513146,0.4567995,on bike mount,cyclo cross,True,asphalt,excellent
f4ee5635-8bf4-4b5a-96e4-b3a42f385893,9db56515-6f33-456c-aa7e-2f4454b29a45,e5f21354-4994-45ff-bbff-f7bf53670d28,1633169230319,14.3027358,52.2676399,5.3161116,0.40896636,-1.1413984,1.19172,on bike mount,cyclo cross,True,asphalt,excellent
f4ee5635-8bf4-4b5a-96e4-b3a42f385893,9db56515-6f33-456c-aa7e-2f4454b29a45,3cbc326b-b91e-4b4b-bdef-70830c22a351,1633169230369,14.3027358,52.2676399,5.3161116,-0.031839535,-0.046585083,0.27829838,on bike mount,cyclo cross,True,asphalt,excellent
f4ee5635-8bf4-4b5a-96e4-b3a42f385893,9db56515-6f33-456c-aa7e-2f4454b29a45,1a155908-5d9a-42be-9c34-7de614f4092d,1633169230419,14.3027358,52.2676399,5.3161116,-0.46061346,1.5663145,-1.0349126,on bike mount,cyclo cross,True,asphalt,excellent
f4ee5635-8bf4-4b5a-96e4-b3a42f385893,9db56515-6f33-456c-aa7e-2f4454b29a45,a83b68b0-a2ba-416f-af2f-aa588b2aa5be,1633169230468,14.3027358,52.2676399,5.3161116,-0.021587633,0.21459556,0.5042696,on bike mount,cyclo cross,True,asphalt,excellent
f4ee5635-8bf4-4b5a-96e4-b3a42f385893,9db56515-6f33-456c-aa7e-2f4454b29a45,03c64c62-08d0-4f6d-ba6c-06c362eab922,1633169230518,14.3027358,52.2676399,5.3161116,0.2045104,-1.3383851,1.2614679,on bike mount,cyclo cross,True,asphalt,excellent
f4ee5635-8bf4-4b5a-96e4-b3a42f385893,9db56515-6f33-456c-aa7e-2f4454b29a45,607d4a01-28d5-404e-8166-bf8f3dfec70c,1633169230584,14.3027358,52.2676399,5.3161116,-0.44986364,1.193186,-0.23478413,on bike mount,cyclo cross,True,asphalt,excellent
f4ee5635-8bf4-4b5a-96e4-b3a42f385893,9db56515-6f33-456c-aa7e-2f4454b29a45,fca242b0-9093-4410-b8e5-baaf23833777,1633169230636,14.3027358,52.2676399,5.3161116,0.37791112,0.66190386,-0.49901867,on bike mount,cyclo cross,True,asphalt,excellent
f4ee5635-8bf4-4b5a-96e4-b3a42f385893,9db56515-6f33-456c-aa7e-2f4454b29a45,4f863a9a-39c6-4184-84c0-7fb2a93e8bfb,1633169230685,14.3027358,52.2676399,5.3161116,0.07292124,-0.13410854,-0.15017414,on bike mount,cyclo cross,True,asphalt,excellent
f4ee5635-8bf4-4b5a-96e4-b3a42f385893,9db56515-6f33-456c-aa7e-2f4454b29a45,838144dc-4d8e-44ff-97e4-400e5ef35695,1633169230735,14.3027358,52.2676399,5.3161116,0.5914197,-1.7994852,0.5732918,on bike mount,cyclo cross,True,asphalt,excellent
f4ee5635-8bf4-4b5a-96e4-b3a42f385893,9db56515-6f33-456c-aa7e-2f4454b29a45,454feb64-8245-4df5-b0c8-db632b9c14cf,1633169230785,14.3027358,52.2676399,5.3161116,0.6829161,-1.0500213,1.0260334,on bike mount,cyclo cross,True,asphalt,excellent
f4ee5635-8bf4-4b5a-96e4-b3a42f385893,9db56515-6f33-456c-aa7e-2f4454b29a45,5aa722b0-490a-4697-86c6-80b7b3925cf1,1633169230835,14.3027358,52.2676399,5.3161116,0.6256901,0.58517575,-0.60356903,on bike mount,cyclo cross,True,asphalt,excellent
f4ee5635-8bf4-4b5a-96e4-b3a42f385893,9db56515-6f33-456c-aa7e-2f4454b29a45,d8e23d2d-3189-421b-9571-4733f029b207,1633169230885,14.3027358,52.2676399,5.3161116,-0.116850525,-0.08921218,1.4593143,on bike mount,cyclo cross,True,asphalt,excellent
f4ee5635-8bf4-4b5a-96e4-b3a42f385893,9db56515-6f33-456c-aa7e-2f4454b29a45,67063277-e921-42ec-ab4d-4f5ab452ad24,1633169230935,14.3027358,52.2676399,5.3161116,-1.1754179,0.8677981,-0.52455235,on bike mount,cyclo cross,True,asphalt,excellent
f4ee5635-8bf4-4b5a-96e4-b3a42f385893,9db56515-6f33-456c-aa7e-2f4454b29a45,1ddaccc7-78b1-48bc-8ad2-757ed903fe55,1633169230985,14.3028166,52.2676448,5.3293624,0.87898153,0.5826595,0.20422459,on bike mount,cyclo cross,True,asphalt,excellent
f4ee5635-8bf4-4b5a-96e4-b3a42f385893,9db56515-6f33-456c-aa7e-2f4454b29a45,f608bc44-47af-4ce5-aded-a0242d24bb50,1633169231035,14.3028166,52.2676448,5.3293624,1.2170794,0.69971967,0.5747137,on bike mount,cyclo cross,True,asphalt,excellent
f4ee5635-8bf4-4b5a-96e4-b3a42f385893,9db56515-6f33-456c-aa7e-2f4454b29a45,738751a1-dc12-48d6-a67b-a5a1980c8da9,1633169231085,14.3028166,52.2676448,5.3293624,-0.32381904,0.7653568,0.59608364,on bike mount,cyclo cross,True,asphalt,excellent
f4ee5635-8bf4-4b5a-96e4-b3a42f385893,9db56515-6f33-456c-aa7e-2f4454b29a45,02d73646-b6a7-4fcd-839b-849c16235b3b,1633169231154,14.3028166,52.2676448,5.3293624,0.39659023,0.16735029,0.7730799,on bike mount,cyclo cross,True,asphalt,excellent
f4ee5635-8bf4-4b5a-96e4-b3a42f385893,9db56515-6f33-456c-aa7e-2f4454b29a45,d13d6fb1-6e51-45fc-867e-c3ac1c9cb15f,1633169231204,14.3028166,52.2676448,5.3293624,-0.8952873,-0.72192776,1.7339144,on bike mount,cyclo cross,True,asphalt,excellent
f4ee5635-8bf4-4b5a-96e4-b3a42f385893,9db56515-6f33-456c-aa7e-2f4454b29a45,d1094270-2258-4c54-9b73-59c91f7f44bf,1633169231253,14.3028166,52.2676448,5.3293624,1.1685545,-0.075583935,0.28525066,on bike mount,cyclo cross,True,asphalt,excellent
f4ee5635-8bf4-4b5a-96e4-b3a42f385893,9db56515-6f33-456c-aa7e-2f4454b29a45,2162f37d-ac05-4138-a05b-bb7882eff474,1633169231303,14.3028166,52.2676448,5.3293624,0.40856972,0.009480953,-2.0453181,on bike mount,cyclo cross,True,asphalt,excellent
f4ee5635-8bf4-4b5a-96e4-b3a42f385893,9db56515-6f33-456c-aa7e-2f4454b29a45,fabc9a38-8110-4603-bdd2-3dd2f687b6ea,1633169231353,14.3028166,52.2676448,5.3293624,-0.8577342,0.24224734,1.8004265,on bike mount,cyclo cross,True,asphalt,excellent
f4ee5635-8bf4-4b5a-96e4-b3a42f385893,9db56515-6f33-456c-aa7e-2f4454b29a45,9b0e36b9-3c4e-45fd-b047-4ec2df48f666,1633169231403,14.3028166,52.2676448,5.3293624,0.022897795,-0.24903154,0.82509136,on bike mount,cyclo cross,True,asphalt,excellent
f4ee5635-8bf4-4b5a-96e4-b3a42f385893,9db56515-6f33-456c-aa7e-2f4454b29a45,406f42cb-1ed1-4006-97bf-81c8a2090866,1633169231454,14.3028166,52.2676448,5.3293624,0.03067648,-0.8669698,1.7230358,on bike mount,cyclo cross,True,asphalt,excellent
f4ee5635-8bf4-4b5a-96e4-b3a42f385893,9db56515-6f33-456c-aa7e-2f4454b29a45,6f1d5062-1ccb-494e-be9f-95d539aaafba,1633169231504,14.3028166,52.2676448,5.3293624,-0.3171377,-0.612015,1.539134,on bike mount,cyclo cross,True,asphalt,excellent
f4ee5635-8bf4-4b5a-96e4-b3a42f385893,9db56515-6f33-456c-aa7e-2f4454b29a45,460065bb-bce5-49ba-b015-e8dfcd6e99e0,1633169231578,14.3028166,52.2676448,5.3293624,-0.35575598,0.86883307,-0.21223354,on bike mount,cyclo cross,True,asphalt,excellent
f4ee5635-8bf4-4b5a-96e4-b3a42f385893,9db56515-6f33-456c-aa7e-2f4454b29a45,0fac18c5-010e-485d-9efe-15373b3d54a9,1633169231628,14.3028166,52.2676448,5.3293624,-0.24009928,-0.7201278,0.9086952,on bike mount,cyclo cross,True,asphalt,excellent
f4ee5635-8bf4-4b5a-96e4-b3a42f385893,9db56515-6f33-456c-aa7e-2f4454b29a45,7e471ba5-c792-4307-9a9e-cfe414cbe266,1633169231678,14.3028166,52.2676448,5.3293624,-0.3977576,-1.1712406,0.27070904,on bike mount,cyclo cross,True,asphalt,excellent
f4ee5635-8bf4-4b5a-96e4-b3a42f385893,9db56515-6f33-456c-aa7e-2f4454b29a45,eb512c1a-b618-43fa-96ea-8eebda701376,1633169231728,14.3028166,52.2676448,5.3293624,-1.1576073,-0.12811351,0.5405178,on bike mount,cyclo cross,True,asphalt,excellent
f4ee5635-8bf4-4b5a-96e4-b3a42f385893,9db56515-6f33-456c-aa7e-2f4454b29a45,5ea3497b-b9c5-407b-90d5-2bebd8075c22,1633169231778,14.3028166,52.2676448,5.3293624,0.045170173,-1.082911,-0.44989872,on bike mount,cyclo cross,True,asphalt,excellent
f4ee5635-8bf4-4b5a-96e4-b3a42f385893,9db56515-6f33-456c-aa7e-2f4454b29a45,e8ae5ae1-59d5-4015-b048-6a7a8c1a5b13,1633169231828,14.3028166,52.2676448,5.3293624,0.88085216,1.1198621,0.3118906,on bike mount,cyclo cross,True,asphalt,excellent
f4ee5635-8bf4-4b5a-96e4-b3a42f385893,9db56515-6f33-456c-aa7e-2f4454b29a45,a92114b9-134f-4a34-9baa-75bb85c5d6a0,1633169231879,14.3028166,52.2676448,5.3293624,1.0957577,0.6171107,0.5441904,on bike mount,cyclo cross,True,asphalt,excellent
f4ee5635-8bf4-4b5a-96e4-b3a42f385893,9db56515-6f33-456c-aa7e-2f4454b29a45,a8916e5f-1b5d-4f52-8239-be8f984ee7d6,1633169231929,14.3028166,52.2676448,5.3293624,1.0765197,-0.25447726,0.6419935,on bike mount,cyclo cross,True,asphalt,excellent
f4ee5635-8bf4-4b5a-96e4-b3a42f385893,9db56515-6f33-456c-aa7e-2f4454b29a45,2c965d03-01f9-4a84-acfe-fc76cf141a49,1633169231979,14.3029013,52.2676483,5.3721986,0.22099487,-0.2716074,0.50763035,on bike mount,cyclo cross,True,asphalt,excellent
f4ee5635-8bf4-4b5a-96e4-b3a42f385893,9db56515-6f33-456c-aa7e-2f4454b29a45,20571463-45c1-47bf-be0c-7b5bf1c5c180,1633169232032,14.3029013,52.2676483,5.3721986,-0.8005217,0.7461066,0.52576923,on bike mount,cyclo cross,True,asphalt,excellent
f4ee5635-8bf4-4b5a-96e4-b3a42f385893,9db56515-6f33-456c-aa7e-2f4454b29a45,05b27751-2326-4770-80e4-952d977b0734,1633169232082,14.3029013,52.2676483,5.3721986,-0.030802876,0.99251175,-0.7641945,on bike mount,cyclo cross,True,asphalt,excellent
f4ee5635-8bf4-4b5a-96e4-b3a42f385893,9db56515-6f33-456c-aa7e-2f4454b29a45,b8dac370-323a-4da3-83f5-520892f9485d,1633169232150,14.3029013,52.2676483,5.3721986,0.0972403,-0.74966574,0.3095579,on bike mount,cyclo cross,True,asphalt,excellent
f4ee5635-8bf4-4b5a-96e4-b3a42f385893,9db56515-6f33-456c-aa7e-2f4454b29a45,2b0267e4-2a54-4c5a-b64d-05b7655a62e4,1633169232200,14.3029013,52.2676483,5.3721986,-0.020502493,0.5671668,-0.87896824,on bike mount,cyclo cross,True,asphalt,excellent
f4ee5635-8bf4-4b5a-96e4-b3a42f385893,9db56515-6f33-456c-aa7e-2f4454b29a45,8365b799-ff6e-4527-ba69-cac6da90b163,1633169232251,14.3029013,52.2676483,5.3721986,-0.56728595,-1.1006161,0.24161243,on bike mount,cyclo cross,True,asphalt,excellent
f4ee5635-8bf4-4b5a-96e4-b3a42f385893,9db56515-6f33-456c-aa7e-2f4454b29a45,71d4a290-fd9d-48cd-be70-8f0a31c29fce,1633169232302,14.3029013,52.2676483,5.3721986,-0.909804,0.3177657,0.1174469,on bike mount,cyclo cross,True,asphalt,excellent
f4ee5635-8bf4-4b5a-96e4-b3a42f385893,9db56515-6f33-456c-aa7e-2f4454b29a45,7a979c5d-6780-4468-8762-3b4f1b88505d,1633169232352,14.3029013,52.2676483,5.3721986,1.2933962,-0.011674643,-2.0340567,on bike mount,cyclo cross,True,asphalt,excellent
f4ee5635-8bf4-4b5a-96e4-b3a42f385893,9db56515-6f33-456c-aa7e-2f4454b29a45,aca6fd7b-5209-49b1-8de2-fde67ba3b77a,1633169232427,14.3029013,52.2676483,5.3721986,0.2117559,0.36031199,3.052867,on bike mount,cyclo cross,True,asphalt,excellent
f4ee5635-8bf4-4b5a-96e4-b3a42f385893,9db56515-6f33-456c-aa7e-2f4454b29a45,b4b7e9a6-39d9-4268-a72c-4a5819603b59,1633169232477,14.3029013,52.2676483,5.3721986,1.0061296,0.55596733,0.48737812,on bike mount,cyclo cross,True,asphalt,excellent
f4ee5635-8bf4-4b5a-96e4-b3a42f385893,9db56515-6f33-456c-aa7e-2f4454b29a45,4f04c4a4-5c53-4155-a67e-f25eaec370fd,1633169232527,14.3029013,52.2676483,5.3721986,-0.8851051,-0.7219589,-0.1781826,on bike mount,cyclo cross,True,asphalt,excellent
f4ee5635-8bf4-4b5a-96e4-b3a42f385893,9db56515-6f33-456c-aa7e-2f4454b29a45,a237c6cc-a7be-4371-b524-eca6bc1af5a4,1633169232577,14.3029013,52.2676483,5.3721986,0.31133166,0.48431802,-0.33322048,on bike mount,cyclo cross,True,asphalt,excellent
f4ee5635-8bf4-4b5a-96e4-b3a42f385893,9db56515-6f33-456c-aa7e-2f4454b29a45,cf622ed7-ea54-4489-b8bf-73a245133df5,1633169232627,14.3029013,52.2676483,5.3721986,-0.0064119985,0.6498804,0.48305988,on bike mount,cyclo cross,True,asphalt,excellent
f4ee5635-8bf4-4b5a-96e4-b3a42f385893,9db56515-6f33-456c-aa7e-2f4454b29a45,306e4b89-b791-4127-b3f4-7a2b8ba4ce5f,1633169232708,14.3029013,52.2676483,5.3721986,-0.6072483,2.8526587,0.035326004,on bike mount,cyclo cross,True,asphalt,excellent
f4ee5635-8bf4-4b5a-96e4-b3a42f385893,9db56515-6f33-456c-aa7e-2f4454b29a45,9e01eebd-243a-44c0-adfb-dce3f4880514,1633169232758,14.3029013,52.2676483,5.3721986,0.9412645,-1.5122709,1.1458979,on bike mount,cyclo cross,True,asphalt,excellent
f4ee5635-8bf4-4b5a-96e4-b3a42f385893,9db56515-6f33-456c-aa7e-2f4454b29a45,17625633-303a-4e95-8fda-11b04b049888,1633169232808,14.3029013,52.2676483,5.3721986,0.455617,-0.8715178,0.39017677,on bike mount,cyclo cross,True,asphalt,excellent
f4ee5635-8bf4-4b5a-96e4-b3a42f385893,9db56515-6f33-456c-aa7e-2f4454b29a45,d927cd85-9524-4a4c-810a-8cfe163abb50,1633169232859,14.3029013,52.2676483,5.3721986,0.39208806,-0.42140698,1.9962482,on bike mount,cyclo cross,True,asphalt,excellent
f4ee5635-8bf4-4b5a-96e4-b3a42f385893,9db56515-6f33-456c-aa7e-2f4454b29a45,d9b389c2-1dd5-4550-8477-bf7c83754170,1633169232909,14.3029013,52.2676483,5.3721986,0.36351407,-0.2600491,1.1368408,on bike mount,cyclo cross,True,asphalt,excellent
f4ee5635-8bf4-4b5a-96e4-b3a42f385893,9db56515-6f33-456c-aa7e-2f4454b29a45,2d586bf8-6ec5-444f-a22c-19922d3eee38,1633169232989,14.3029857,52.2676524,5.4214892,-0.25146016,0.60794544,0.94542503,on bike mount,cyclo cross,True,asphalt,excellent
f4ee5635-8bf4-4b5a-96e4-b3a42f385893,9db56515-6f33-456c-aa7e-2f4454b29a45,59412e23-9536-4742-a756-a219dd36308d,1633169233039,14.3029857,52.2676524,5.4214892,0.4047687,1.1432428,0.21664047,on bike mount,cyclo cross,True,asphalt,excellent
f4ee5635-8bf4-4b5a-96e4-b3a42f385893,9db56515-6f33-456c-aa7e-2f4454b29a45,d9a7c10e-64e8-4173-9524-5631ee9b80a0,1633169233089,14.3029857,52.2676524,5.4214892,-0.3001092,-1.6071744,0.49741745,on bike mount,cyclo cross,True,asphalt,excellent
f4ee5635-8bf4-4b5a-96e4-b3a42f385893,9db56515-6f33-456c-aa7e-2f4454b29a45,d6d8ca1d-1607-4eb4-af94-843d93253c94,1633169233140,14.3029857,52.2676524,5.4214892,0.09714763,2.4638844,0.24402618,on bike mount,cyclo cross,True,asphalt,excellent
f4ee5635-8bf4-4b5a-96e4-b3a42f385893,9db56515-6f33-456c-aa7e-2f4454b29a45,66f6195a-2369-4171-9109-d20f8e94d045,1633169233191,14.3029857,52.2676524,5.4214892,-0.045036346,-0.42979836,0.62838745,on bike mount,cyclo cross,True,asphalt,excellent
f4ee5635-8bf4-4b5a-96e4-b3a42f385893,9db56515-6f33-456c-aa7e-2f4454b29a45,8bebf4f7-2919-449b-b76f-975437341aaa,1633169233241,14.3029857,52.2676524,5.4214892,0.18478003,1.0096819,1.1628056,on bike mount,cyclo cross,True,asphalt,excellent
f4ee5635-8bf4-4b5a-96e4-b3a42f385893,9db56515-6f33-456c-aa7e-2f4454b29a45,83c5ee27-1b35-400f-9d13-31c3456c7f95,1633169233291,14.3029857,52.2676524,5.4214892,-0.34419912,-0.008956671,-0.7344847,on bike mount,cyclo cross,True,asphalt,excellent
f4ee5635-8bf4-4b5a-96e4-b3a42f385893,9db56515-6f33-456c-aa7e-2f4454b29a45,0440fe5b-ce0a-471b-bd79-7d3190235ce1,1633169233341,14.3029857,52.2676524,5.4214892,-0.06427779,-1.0141063,0.5072403,on bike mount,cyclo cross,True,asphalt,excellent
f4ee5635-8bf4-4b5a-96e4-b3a42f385893,9db56515-6f33-456c-aa7e-2f4454b29a45,cd72ba27-b58b-43d7-b695-d92fd5347761,1633169233421,14.3029857,52.2676524,5.4214892,-0.41057009,-0.39903975,-1.1955242,on bike mount,cyclo cross,True,asphalt,excellent
f4ee5635-8bf4-4b5a-96e4-b3a42f385893,9db56515-6f33-456c-aa7e-2f4454b29a45,1beb30de-f3de-4d26-bfc2-d3db40c19ea2,1633169233471,14.3029857,52.2676524,5.4214892,-0.23595311,0.61315656,0.71853065,on bike mount,cyclo cross,True,asphalt,excellent
f4ee5635-8bf4-4b5a-96e4-b3a42f385893,9db56515-6f33-456c-aa7e-2f4454b29a45,c2e8eb98-5e37-4b30-accd-50fa3d4ab3ba,1633169233521,14.3029857,52.2676524,5.4214892,-0.8410166,-1.1310098,-0.67975044,on bike mount,cyclo cross,True,asphalt,excellent
f4ee5635-8bf4-4b5a-96e4-b3a42f385893,9db56515-6f33-456c-aa7e-2f4454b29a45,8f66d232-d72c-4849-8398-d0bb10cadce8,1633169233571,14.3029857,52.2676524,5.4214892,0.60704607,-1.034392,-0.1419096,on bike mount,cyclo cross,True,asphalt,excellent
f4ee5635-8bf4-4b5a-96e4-b3a42f385893,9db56515-6f33-456c-aa7e-2f4454b29a45,9e43d27c-9120-43d4-8276-a53b71df6f4d,1633169233621,14.3029857,52.2676524,5.4214892,0.5523089,2.3037686,-0.20378399,on bike mount,cyclo cross,True,asphalt,excellent
f4ee5635-8bf4-4b5a-96e4-b3a42f385893,9db56515-6f33-456c-aa7e-2f4454b29a45,8787e9be-04be-4321-8e7c-0c7556d8c697,1633169233671,14.3029857,52.2676524,5.4214892,-2.0879214,0.060851812,1.1606226,on bike mount,cyclo cross,True,asphalt,excellent
f4ee5635-8bf4-4b5a-96e4-b3a42f385893,9db56515-6f33-456c-aa7e-2f4454b29a45,663bf6f1-83c2-4163-b3eb-79362639721f,1633169233721,14.3029857,52.2676524,5.4214892,0.3321756,0.6319151,0.84861183,on bike mount,cyclo cross,True,asphalt,excellent
f4ee5635-8bf4-4b5a-96e4-b3a42f385893,9db56515-6f33-456c-aa7e-2f4454b29a45,92024d00-e5a7-478f-866a-281af95c0761,1633169233771,14.3029857,52.2676524,5.4214892,0.04791096,-0.41000915,-0.7717514,on bike mount,cyclo cross,True,asphalt,excellent
