bike_activity_uid,bike_activity_sample_uid,bike_activity_measurement,bike_activity_measurement_timestamp,bike_activity_measurement_lon,bike_activity_measurement_lat,bike_activity_measurement_speed,bike_activity_measurement_accelerometer_x,bike_activity_measurement_accelerometer_y,bike_activity_measurement_accelerometer_z,bike_activity_phone_position,bike_activity_bike_type,bike_activity_flagged_lab_conditions,bike_activity_surface_type,bike_activity_smoothness_type
f4ee5635-8bf4-4b5a-96e4-b3a42f385893,63484a5c-04f0-4fbd-b469-3591d1f7368d,dab4fade-2283-4655-a845-1d3ad1652026,1633169894633,14.3719403,52.2629295,9.477245,1.1708183,0.42328882,-0.7152858,on bike mount,cyclo cross,True,asphalt,excellent
f4ee5635-8bf4-4b5a-96e4-b3a42f385893,63484a5c-04f0-4fbd-b469-3591d1f7368d,d1e7f63b-f038-4f71-948c-c378ab4996c0,1633169894683,14.3719403,52.2629295,9.477245,0.61832225,2.0857606,0.44350624,on bike mount,cyclo cross,True,asphalt,excellent
f4ee5635-8bf4-4b5a-96e4-b3a42f385893,63484a5c-04f0-4fbd-b469-3591d1f7368d,cbe8c640-f75a-4253-bd30-bf531926078e,1633169894734,14.3719403,52.2629295,9.477245,-0.21752682,0.20595169,1.464879,on bike mount,cyclo cross,True,asphalt,excellent
f4ee5635-8bf4-4b5a-96e4-b3a42f385893,63484a5c-04f0-4fbd-b469-3591d1f7368d,ed151eb6-f46d-4dca-af79-a47fdc565787,1633169894784,14.3719403,52.2629295,9.477245,1.0886935,0.7071214,-1.0449276,on bike mount,cyclo cross,True,asphalt,excellent
f4ee5635-8bf4-4b5a-96e4-b3a42f385893,63484a5c-04f0-4fbd-b469-3591d1f7368d,6b4bd9aa-db47-49e3-8d10-fecb0c64444d,1633169894834,14.3719403,52.2629295,9.477245,0.59397775,-0.37791204,-1.6483178,on bike mount,cyclo cross,True,asphalt,excellent
f4ee5635-8bf4-4b5a-96e4-b3a42f385893,63484a5c-04f0-4fbd-b469-3591d1f7368d,238f4422-fa8f-4a27-bfa6-354164732ed8,1633169894885,14.3719403,52.2629295,9.477245,1.6438327,-0.67842793,0.63217163,on bike mount,cyclo cross,True,asphalt,excellent
f4ee5635-8bf4-4b5a-96e4-b3a42f385893,63484a5c-04f0-4fbd-b469-3591d1f7368d,3c18dcb8-ae93-4508-a62d-206bd8b6a25e,1633169894937,14.3719403,52.2629295,9.477245,-3.245027,-3.79111,1.705184,on bike mount,cyclo cross,True,asphalt,excellent
f4ee5635-8bf4-4b5a-96e4-b3a42f385893,63484a5c-04f0-4fbd-b469-3591d1f7368d,f6c418cc-7f42-4bdd-8919-424fcec378c9,1633169895000,14.3720651,52.2628901,9.485654,0.52923965,0.57368827,2.9575872,on bike mount,cyclo cross,True,asphalt,excellent
f4ee5635-8bf4-4b5a-96e4-b3a42f385893,63484a5c-04f0-4fbd-b469-3591d1f7368d,d2cc17ec-40ed-4414-ad86-4e243400a8cf,1633169895051,14.3720651,52.2628901,9.485654,-1.8756608,-0.79581857,-0.23190308,on bike mount,cyclo cross,True,asphalt,excellent
f4ee5635-8bf4-4b5a-96e4-b3a42f385893,63484a5c-04f0-4fbd-b469-3591d1f7368d,6c4a0878-0028-4020-9243-b7d771751e7c,1633169895101,14.3720651,52.2628901,9.485654,0.28427944,-1.0046172,0.89489555,on bike mount,cyclo cross,True,asphalt,excellent
f4ee5635-8bf4-4b5a-96e4-b3a42f385893,63484a5c-04f0-4fbd-b469-3591d1f7368d,32043979-c00d-4693-a02e-2703b2cdeabe,1633169895152,14.3720651,52.2628901,9.485654,-0.66980153,-1.1696625,1.1120968,on bike mount,cyclo cross,True,asphalt,excellent
f4ee5635-8bf4-4b5a-96e4-b3a42f385893,63484a5c-04f0-4fbd-b469-3591d1f7368d,d39a8b97-fa54-4c0f-8469-1ea29cbaecaf,1633169895218,14.3720651,52.2628901,9.485654,-0.9444517,-0.8272307,1.7535572,on bike mount,cyclo cross,True,asphalt,excellent
f4ee5635-8bf4-4b5a-96e4-b3a42f385893,63484a5c-04f0-4fbd-b469-3591d1f7368d,39afb4c5-b404-4a2d-ba9a-d7c527852e17,1633169895268,14.3720651,52.2628901,9.485654,0.8011465,-0.3880775,0.001045227,on bike mount,cyclo cross,True,asphalt,excellent
f4ee5635-8bf4-4b5a-96e4-b3a42f385893,63484a5c-04f0-4fbd-b469-3591d1f7368d,3f7dee22-03a4-4a31-82c0-488a62f783e7,1633169895334,14.3720651,52.2628901,9.485654,-1.9603287,-1.1786082,5.488159,on bike mount,cyclo cross,True,asphalt,excellent
f4ee5635-8bf4-4b5a-96e4-b3a42f385893,63484a5c-04f0-4fbd-b469-3591d1f7368d,c790869f-c72c-48e6-a963-cdbcca26b645,1633169895384,14.3720651,52.2628901,9.485654,0.69008386,-0.61032057,0.9894829,on bike mount,cyclo cross,True,asphalt,excellent
f4ee5635-8bf4-4b5a-96e4-b3a42f385893,63484a5c-04f0-4fbd-b469-3591d1f7368d,b459aedd-10a9-4df9-875e-88837faa93f1,1633169895435,14.3720651,52.2628901,9.485654,-2.0556245,1.072453,-1.0208025,on bike mount,cyclo cross,True,asphalt,excellent
f4ee5635-8bf4-4b5a-96e4-b3a42f385893,63484a5c-04f0-4fbd-b469-3591d1f7368d,232e7746-a13c-4240-852b-f3ec36779ee9,1633169895485,14.3720651,52.2628901,9.485654,2.4480803,4.9411864,-0.3587227,on bike mount,cyclo cross,True,asphalt,excellent
f4ee5635-8bf4-4b5a-96e4-b3a42f385893,63484a5c-04f0-4fbd-b469-3591d1f7368d,eef77408-c085-4181-84fc-d94e0026be98,1633169895535,14.3720651,52.2628901,9.485654,-1.2856343,-2.69298,2.5817852,on bike mount,cyclo cross,True,asphalt,excellent
f4ee5635-8bf4-4b5a-96e4-b3a42f385893,63484a5c-04f0-4fbd-b469-3591d1f7368d,e3c1eb3a-23d3-4ed6-84d1-5ab1a91f42f2,1633169895585,14.3720651,52.2628901,9.485654,-1.1912075,1.2004218,-0.39026642,on bike mount,cyclo cross,True,asphalt,excellent
f4ee5635-8bf4-4b5a-96e4-b3a42f385893,63484a5c-04f0-4fbd-b469-3591d1f7368d,d18e1091-21d7-4764-a2e3-460ac9dd852e,1633169895635,14.3720651,52.2628901,9.485654,-1.3635373,0.48545623,0.35154533,on bike mount,cyclo cross,True,asphalt,excellent
f4ee5635-8bf4-4b5a-96e4-b3a42f385893,63484a5c-04f0-4fbd-b469-3591d1f7368d,422dea80-64f5-4c4b-aade-2b6fb9b1550a,1633169895686,14.3720651,52.2628901,9.485654,1.7457922,-0.09202552,0.2977934,on bike mount,cyclo cross,True,asphalt,excellent
f4ee5635-8bf4-4b5a-96e4-b3a42f385893,63484a5c-04f0-4fbd-b469-3591d1f7368d,e6dbae4f-9594-4743-908c-33042999e44d,1633169895752,14.3720651,52.2628901,9.485654,-0.61437136,2.1465313,1.3233194,on bike mount,cyclo cross,True,asphalt,excellent
f4ee5635-8bf4-4b5a-96e4-b3a42f385893,63484a5c-04f0-4fbd-b469-3591d1f7368d,fb6c31da-1d0c-427d-abc9-b16f7b10ab4c,1633169895803,14.3720651,52.2628901,9.485654,-1.5585545,0.5717759,1.155385,on bike mount,cyclo cross,True,asphalt,excellent
f4ee5635-8bf4-4b5a-96e4-b3a42f385893,63484a5c-04f0-4fbd-b469-3591d1f7368d,878214ce-e6e0-4f20-90da-89ad698b6e36,1633169895870,14.3720651,52.2628901,9.485654,2.9964454,2.2757335,0.4333353,on bike mount,cyclo cross,True,asphalt,excellent
f4ee5635-8bf4-4b5a-96e4-b3a42f385893,63484a5c-04f0-4fbd-b469-3591d1f7368d,19e1c188-e497-427f-bbd3-648c11f54f5d,1633169895920,14.3720651,52.2628901,9.485654,-0.006469678,0.93047,0.69574356,on bike mount,cyclo cross,True,asphalt,excellent
f4ee5635-8bf4-4b5a-96e4-b3a42f385893,63484a5c-04f0-4fbd-b469-3591d1f7368d,fc8836bb-cf23-4d7f-91dc-563b542f03d3,1633169895985,14.3721908,52.2628531,9.476522,0.14900556,-1.5048332,0.13417721,on bike mount,cyclo cross,True,asphalt,excellent
f4ee5635-8bf4-4b5a-96e4-b3a42f385893,63484a5c-04f0-4fbd-b469-3591d1f7368d,a00e597e-4494-40b6-acb9-bb1e2e532d23,1633169896035,14.3721908,52.2628531,9.476522,2.2262762,-2.3454285,-1.8599172,on bike mount,cyclo cross,True,asphalt,excellent
f4ee5635-8bf4-4b5a-96e4-b3a42f385893,63484a5c-04f0-4fbd-b469-3591d1f7368d,7efaf968-c160-49a8-8141-604f3176c3a4,1633169896086,14.3721908,52.2628531,9.476522,-2.682781,1.621263,1.2240992,on bike mount,cyclo cross,True,asphalt,excellent
f4ee5635-8bf4-4b5a-96e4-b3a42f385893,63484a5c-04f0-4fbd-b469-3591d1f7368d,97da380d-4b5c-42ee-8254-afbc531f41c5,1633169896138,14.3721908,52.2628531,9.476522,-1.4874005,-2.4204595,2.6111584,on bike mount,cyclo cross,True,asphalt,excellent
f4ee5635-8bf4-4b5a-96e4-b3a42f385893,63484a5c-04f0-4fbd-b469-3591d1f7368d,cc7f4e74-a5b1-4c8a-8185-4e6b4d1a9d7f,1633169896203,14.3721908,52.2628531,9.476522,-0.08992627,0.9779966,1.763463,on bike mount,cyclo cross,True,asphalt,excellent
f4ee5635-8bf4-4b5a-96e4-b3a42f385893,63484a5c-04f0-4fbd-b469-3591d1f7368d,54252bd9-8614-4c96-b735-8451eb473ffe,1633169896270,14.3721908,52.2628531,9.476522,2.0752943,-0.59243274,-1.2038665,on bike mount,cyclo cross,True,asphalt,excellent
f4ee5635-8bf4-4b5a-96e4-b3a42f385893,63484a5c-04f0-4fbd-b469-3591d1f7368d,3d9981b2-52c6-4d98-bef0-70e5f6708dd5,1633169896335,14.3721908,52.2628531,9.476522,-0.8764591,1.42747,0.08425331,on bike mount,cyclo cross,True,asphalt,excellent
f4ee5635-8bf4-4b5a-96e4-b3a42f385893,63484a5c-04f0-4fbd-b469-3591d1f7368d,aa757e43-16a3-4e2b-82e9-fead8481d625,1633169896386,14.3721908,52.2628531,9.476522,1.5502691,1.5950389,1.9542093,on bike mount,cyclo cross,True,asphalt,excellent
f4ee5635-8bf4-4b5a-96e4-b3a42f385893,63484a5c-04f0-4fbd-b469-3591d1f7368d,9cd05603-ee88-4db2-801c-1f847844b685,1633169896436,14.3721908,52.2628531,9.476522,1.479167,0.97181845,0.48830605,on bike mount,cyclo cross,True,asphalt,excellent
f4ee5635-8bf4-4b5a-96e4-b3a42f385893,63484a5c-04f0-4fbd-b469-3591d1f7368d,1bc2ee2a-f94d-4815-929d-212e13ec6147,1633169896487,14.3721908,52.2628531,9.476522,-2.0110407,-0.18785429,-1.4771137,on bike mount,cyclo cross,True,asphalt,excellent
f4ee5635-8bf4-4b5a-96e4-b3a42f385893,63484a5c-04f0-4fbd-b469-3591d1f7368d,4582d0fe-d336-42bb-93af-86dca64cbae4,1633169896537,14.3721908,52.2628531,9.476522,0.14801894,1.0269587,-0.79565334,on bike mount,cyclo cross,True,asphalt,excellent
f4ee5635-8bf4-4b5a-96e4-b3a42f385893,63484a5c-04f0-4fbd-b469-3591d1f7368d,bfb56967-7a05-4a18-bc56-6adc8f8ce98f,1633169896587,14.3721908,52.2628531,9.476522,1.2122741,-2.1549282,2.7670221,on bike mount,cyclo cross,True,asphalt,excellent
f4ee5635-8bf4-4b5a-96e4-b3a42f385893,63484a5c-04f0-4fbd-b469-3591d1f7368d,c4f076ab-ce5b-411f-a4b5-a494e6b90cdf,1633169896638,14.3721908,52.2628531,9.476522,-0.89124215,-0.7380463,-1.0297995,on bike mount,cyclo cross,True,asphalt,excellent
f4ee5635-8bf4-4b5a-96e4-b3a42f385893,63484a5c-04f0-4fbd-b469-3591d1f7368d,62e9d639-f1a1-4cc0-b6f5-3a3226f19813,1633169896703,14.3721908,52.2628531,9.476522,0.39341757,0.49837565,-1.4241748,on bike mount,cyclo cross,True,asphalt,excellent
f4ee5635-8bf4-4b5a-96e4-b3a42f385893,63484a5c-04f0-4fbd-b469-3591d1f7368d,87702c9d-f96b-4860-a618-eada55f7c8e1,1633169896755,14.3721908,52.2628531,9.476522,0.6490438,-1.0618255,-2.8247948,on bike mount,cyclo cross,True,asphalt,excellent
f4ee5635-8bf4-4b5a-96e4-b3a42f385893,63484a5c-04f0-4fbd-b469-3591d1f7368d,7386a5b0-ee46-4af0-8230-5c5d979f7689,1633169896821,14.3721908,52.2628531,9.476522,-0.9331132,1.0939522,0.76996136,on bike mount,cyclo cross,True,asphalt,excellent
f4ee5635-8bf4-4b5a-96e4-b3a42f385893,63484a5c-04f0-4fbd-b469-3591d1f7368d,ac81b6e3-6d7d-4f38-8594-3abe0029bfc7,1633169896871,14.3721908,52.2628531,9.476522,2.4578586,-1.2815888,-0.07487869,on bike mount,cyclo cross,True,asphalt,excellent
f4ee5635-8bf4-4b5a-96e4-b3a42f385893,63484a5c-04f0-4fbd-b469-3591d1f7368d,49214b38-8283-4af9-8a9f-06d02e53eca5,1633169896921,14.3721908,52.2628531,9.476522,0.77937067,-0.33797836,3.377262,on bike mount,cyclo cross,True,asphalt,excellent
f4ee5635-8bf4-4b5a-96e4-b3a42f385893,63484a5c-04f0-4fbd-b469-3591d1f7368d,ede0a40f-fecb-48be-8114-dc4d7fd0e5db,1633169896972,14.3723144,52.2628132,9.473674,-0.04449801,-2.2854226,1.0863781,on bike mount,cyclo cross,True,asphalt,excellent
f4ee5635-8bf4-4b5a-96e4-b3a42f385893,63484a5c-04f0-4fbd-b469-3591d1f7368d,fa772dde-d101-4c3b-8881-a99dc7f3dcef,1633169897022,14.3723144,52.2628132,9.473674,-0.63735396,-0.091579914,-0.06291485,on bike mount,cyclo cross,True,asphalt,excellent
f4ee5635-8bf4-4b5a-96e4-b3a42f385893,63484a5c-04f0-4fbd-b469-3591d1f7368d,945f468c-4788-4359-80d0-727e8b01bd14,1633169897088,14.3723144,52.2628132,9.473674,-0.008197367,-0.57730556,1.9367809,on bike mount,cyclo cross,True,asphalt,excellent
f4ee5635-8bf4-4b5a-96e4-b3a42f385893,63484a5c-04f0-4fbd-b469-3591d1f7368d,49161c77-bc94-41da-af1a-151ed9f4fa4d,1633169897138,14.3723144,52.2628132,9.473674,-0.14228776,0.27736807,-0.18133354,on bike mount,cyclo cross,True,asphalt,excellent
f4ee5635-8bf4-4b5a-96e4-b3a42f385893,63484a5c-04f0-4fbd-b469-3591d1f7368d,a56180b3-7f75-47ce-8ebd-02325a400d4d,1633169897205,14.3723144,52.2628132,9.473674,-0.6687311,0.49692082,-0.9534159,on bike mount,cyclo cross,True,asphalt,excellent
f4ee5635-8bf4-4b5a-96e4-b3a42f385893,63484a5c-04f0-4fbd-b469-3591d1f7368d,0479931e-d771-4659-9f07-8c7fc600dd0c,1633169897255,14.3723144,52.2628132,9.473674,0.51175314,-1.6979787,-2.2290416,on bike mount,cyclo cross,True,asphalt,excellent
f4ee5635-8bf4-4b5a-96e4-b3a42f385893,63484a5c-04f0-4fbd-b469-3591d1f7368d,e3941402-fbda-4c30-bd92-4d8f42ff28db,1633169897321,14.3723144,52.2628132,9.473674,-0.6256706,-2.0959299,-0.19010639,on bike mount,cyclo cross,True,asphalt,excellent
f4ee5635-8bf4-4b5a-96e4-b3a42f385893,63484a5c-04f0-4fbd-b469-3591d1f7368d,b0d50bf8-e4a1-43ea-a9d9-0b6f2b0b32e9,1633169897372,14.3723144,52.2628132,9.473674,-0.16024147,0.032351494,2.0989513,on bike mount,cyclo cross,True,asphalt,excellent
f4ee5635-8bf4-4b5a-96e4-b3a42f385893,63484a5c-04f0-4fbd-b469-3591d1f7368d,ba02064c-c851-43a9-943c-16caebaefd1b,1633169897423,14.3723144,52.2628132,9.473674,1.5963345,0.5058923,-0.40915775,on bike mount,cyclo cross,True,asphalt,excellent
f4ee5635-8bf4-4b5a-96e4-b3a42f385893,63484a5c-04f0-4fbd-b469-3591d1f7368d,6d341775-cee9-4131-a170-64a2c136f904,1633169897472,14.3723144,52.2628132,9.473674,-1.4054334,-0.34080577,0.551281,on bike mount,cyclo cross,True,asphalt,excellent
f4ee5635-8bf4-4b5a-96e4-b3a42f385893,63484a5c-04f0-4fbd-b469-3591d1f7368d,a3bfbd33-3f56-4588-b9cb-c69da26a2e7a,1633169897522,14.3723144,52.2628132,9.473674,0.609237,3.002666,0.5555315,on bike mount,cyclo cross,True,asphalt,excellent
f4ee5635-8bf4-4b5a-96e4-b3a42f385893,63484a5c-04f0-4fbd-b469-3591d1f7368d,f4ac73c8-0ad5-490c-84a2-0e140ac68400,1633169897573,14.3723144,52.2628132,9.473674,0.33174106,2.356481,1.254489,on bike mount,cyclo cross,True,asphalt,excellent
f4ee5635-8bf4-4b5a-96e4-b3a42f385893,63484a5c-04f0-4fbd-b469-3591d1f7368d,0fdd2f8f-d511-4b12-826c-5b472aaf3a55,1633169897622,14.3723144,52.2628132,9.473674,2.5708017,0.19190693,-1.1209035,on bike mount,cyclo cross,True,asphalt,excellent
f4ee5635-8bf4-4b5a-96e4-b3a42f385893,63484a5c-04f0-4fbd-b469-3591d1f7368d,01b7c64f-3396-4070-bb73-4e52e0fa8148,1633169897674,14.3723144,52.2628132,9.473674,0.020077586,-2.8727727,4.8566,on bike mount,cyclo cross,True,asphalt,excellent
f4ee5635-8bf4-4b5a-96e4-b3a42f385893,63484a5c-04f0-4fbd-b469-3591d1f7368d,19c448e4-17da-4acd-aa33-8048a2c1c0ea,1633169897738,14.3723144,52.2628132,9.473674,-0.41853875,1.4398947,-2.4215546,on bike mount,cyclo cross,True,asphalt,excellent
f4ee5635-8bf4-4b5a-96e4-b3a42f385893,63484a5c-04f0-4fbd-b469-3591d1f7368d,2b09710f-62c6-405a-9025-b6440ec628c0,1633169897790,14.3723144,52.2628132,9.473674,0.6476959,0.3067522,-0.4867382,on bike mount,cyclo cross,True,asphalt,excellent
f4ee5635-8bf4-4b5a-96e4-b3a42f385893,63484a5c-04f0-4fbd-b469-3591d1f7368d,eb71d748-e1e8-4a59-bc8d-41e53181fc48,1633169897840,14.3723144,52.2628132,9.473674,0.38071746,1.6233559,-1.5607095,on bike mount,cyclo cross,True,asphalt,excellent
f4ee5635-8bf4-4b5a-96e4-b3a42f385893,63484a5c-04f0-4fbd-b469-3591d1f7368d,cad1a925-9ef0-4322-b9ae-023769005942,1633169897905,14.3723144,52.2628132,9.473674,-0.7372052,-1.4489585,1.1347876,on bike mount,cyclo cross,True,asphalt,excellent
f4ee5635-8bf4-4b5a-96e4-b3a42f385893,63484a5c-04f0-4fbd-b469-3591d1f7368d,9aa42185-71f4-4e47-ac01-279b6feede3b,1633169897960,14.372437,52.262776,9.443654,-0.30290186,0.39580917,-0.5030613,on bike mount,cyclo cross,True,asphalt,excellent
f4ee5635-8bf4-4b5a-96e4-b3a42f385893,63484a5c-04f0-4fbd-b469-3591d1f7368d,c49b50e8-c017-435f-85a9-2520b682c6ac,1633169898023,14.372437,52.262776,9.443654,0.2276803,0.7073095,-0.49308777,on bike mount,cyclo cross,True,asphalt,excellent
f4ee5635-8bf4-4b5a-96e4-b3a42f385893,63484a5c-04f0-4fbd-b469-3591d1f7368d,ce261d48-eccd-4d2a-8e1b-a38622c50fc1,1633169898074,14.372437,52.262776,9.443654,-0.86163354,-0.17328262,3.1182508,on bike mount,cyclo cross,True,asphalt,excellent
f4ee5635-8bf4-4b5a-96e4-b3a42f385893,63484a5c-04f0-4fbd-b469-3591d1f7368d,935d6c45-98f7-4edb-8121-a80e6f70e357,1633169898125,14.372437,52.262776,9.443654,0.44618905,1.569385,-1.4758615,on bike mount,cyclo cross,True,asphalt,excellent
f4ee5635-8bf4-4b5a-96e4-b3a42f385893,63484a5c-04f0-4fbd-b469-3591d1f7368d,da167610-48d5-4cc3-855e-0b8420edf9d4,1633169898190,14.372437,52.262776,9.443654,-0.6137121,-0.12781549,-1.0927615,on bike mount,cyclo cross,True,asphalt,excellent
f4ee5635-8bf4-4b5a-96e4-b3a42f385893,63484a5c-04f0-4fbd-b469-3591d1f7368d,445ed5ae-00bb-4231-a751-cb515c64cc55,1633169898240,14.372437,52.262776,9.443654,1.5998013,3.287097,-2.3871126,on bike mount,cyclo cross,True,asphalt,excellent
f4ee5635-8bf4-4b5a-96e4-b3a42f385893,63484a5c-04f0-4fbd-b469-3591d1f7368d,f7e62ca1-5e07-4dc7-8350-0b4a2a87038e,1633169898307,14.372437,52.262776,9.443654,0.00879626,0.8944495,-0.16407967,on bike mount,cyclo cross,True,asphalt,excellent
f4ee5635-8bf4-4b5a-96e4-b3a42f385893,63484a5c-04f0-4fbd-b469-3591d1f7368d,82991ab4-eece-4511-83df-cfee89af5728,1633169898357,14.372437,52.262776,9.443654,-0.15604812,1.4151745,1.4637604,on bike mount,cyclo cross,True,asphalt,excellent
f4ee5635-8bf4-4b5a-96e4-b3a42f385893,63484a5c-04f0-4fbd-b469-3591d1f7368d,e44a0283-136e-48da-9d39-a84af95954e8,1633169898407,14.372437,52.262776,9.443654,0.15769811,-1.4165391,1.189107,on bike mount,cyclo cross,True,asphalt,excellent
f4ee5635-8bf4-4b5a-96e4-b3a42f385893,63484a5c-04f0-4fbd-b469-3591d1f7368d,9bbf5fde-e456-489a-aa20-66952cc6a906,1633169898457,14.372437,52.262776,9.443654,0.68491805,0.34355187,3.700098,on bike mount,cyclo cross,True,asphalt,excellent
f4ee5635-8bf4-4b5a-96e4-b3a42f385893,63484a5c-04f0-4fbd-b469-3591d1f7368d,c5837ce5-5399-4a7e-9cd9-9b9049077e00,1633169898508,14.372437,52.262776,9.443654,0.09578147,-0.1733911,-0.13966084,on bike mount,cyclo cross,True,asphalt,excellent
f4ee5635-8bf4-4b5a-96e4-b3a42f385893,63484a5c-04f0-4fbd-b469-3591d1f7368d,d788ffa5-8aa1-4918-8d67-7cf64ddc07f0,1633169898558,14.372437,52.262776,9.443654,0.67252827,-0.8263947,-0.31420326,on bike mount,cyclo cross,True,asphalt,excellent
f4ee5635-8bf4-4b5a-96e4-b3a42f385893,63484a5c-04f0-4fbd-b469-3591d1f7368d,cdcbea6f-314e-4ea6-8756-adb284c9f244,1633169898623,14.372437,52.262776,9.443654,-0.4502201,0.38404918,-1.8015985,on bike mount,cyclo cross,True,asphalt,excellent
f4ee5635-8bf4-4b5a-96e4-b3a42f385893,63484a5c-04f0-4fbd-b469-3591d1f7368d,f7554938-e559-4dec-b48b-6b4053ca11e9,1633169898675,14.372437,52.262776,9.443654,-0.17761567,1.4754725,-1.553597,on bike mount,cyclo cross,True,asphalt,excellent
f4ee5635-8bf4-4b5a-96e4-b3a42f385893,63484a5c-04f0-4fbd-b469-3591d1f7368d,24ddac56-7a20-4c89-9fa5-59cec3b45898,1633169898740,14.372437,52.262776,9.443654,-0.20660299,1.1354051,-2.365312,on bike mount,cyclo cross,True,asphalt,excellent
f4ee5635-8bf4-4b5a-96e4-b3a42f385893,63484a5c-04f0-4fbd-b469-3591d1f7368d,52fb3cad-788c-456a-9eae-d09346c8dc2d,1633169898791,14.372437,52.262776,9.443654,0.3497006,-3.1321073,-0.36913967,on bike mount,cyclo cross,True,asphalt,excellent
f4ee5635-8bf4-4b5a-96e4-b3a42f385893,63484a5c-04f0-4fbd-b469-3591d1f7368d,65fb4a61-1b9a-411a-9165-8230f0c5e667,1633169898842,14.372437,52.262776,9.443654,0.01731649,-2.9923477,-1.0858364,on bike mount,cyclo cross,True,asphalt,excellent
f4ee5635-8bf4-4b5a-96e4-b3a42f385893,63484a5c-04f0-4fbd-b469-3591d1f7368d,54f1d234-f40d-4412-a77f-e5a05cccdf9c,1633169898892,14.372437,52.262776,9.443654,-0.10787114,-0.510916,-0.71475124,on bike mount,cyclo cross,True,asphalt,excellent
f4ee5635-8bf4-4b5a-96e4-b3a42f385893,63484a5c-04f0-4fbd-b469-3591d1f7368d,8293af9d-ce36-44f1-ad90-35a4095616af,1633169898943,14.372437,52.262776,9.443654,-1.9739144,-0.31292748,0.7883606,on bike mount,cyclo cross,True,asphalt,excellent
f4ee5635-8bf4-4b5a-96e4-b3a42f385893,63484a5c-04f0-4fbd-b469-3591d1f7368d,99c126b4-269b-4db1-9949-babe09b93f99,1633169899007,14.3725574,52.26274,9.41604,0.8380642,1.51493,-1.4955158,on bike mount,cyclo cross,True,asphalt,excellent
f4ee5635-8bf4-4b5a-96e4-b3a42f385893,63484a5c-04f0-4fbd-b469-3591d1f7368d,d3a61da8-4d41-48f5-9f5c-95e7673e36d6,1633169899057,14.3725574,52.26274,9.41604,0.40898055,-0.59178233,1.3246965,on bike mount,cyclo cross,True,asphalt,excellent
f4ee5635-8bf4-4b5a-96e4-b3a42f385893,63484a5c-04f0-4fbd-b469-3591d1f7368d,5b16a45e-f410-4b72-a4df-9e6464f34321,1633169899107,14.3725574,52.26274,9.41604,0.26811746,0.40853715,1.9047565,on bike mount,cyclo cross,True,asphalt,excellent
f4ee5635-8bf4-4b5a-96e4-b3a42f385893,63484a5c-04f0-4fbd-b469-3591d1f7368d,eea53d93-5a2c-4b2f-8d3f-af4bee8f94da,1633169899157,14.3725574,52.26274,9.41604,1.0226343,-0.43499577,-2.3727403,on bike mount,cyclo cross,True,asphalt,excellent
f4ee5635-8bf4-4b5a-96e4-b3a42f385893,63484a5c-04f0-4fbd-b469-3591d1f7368d,1f9a64a2-e2f6-4b6b-91b8-6827d5ec3dcb,1633169899207,14.3725574,52.26274,9.41604,-0.6538379,-1.1569344,-0.037039757,on bike mount,cyclo cross,True,asphalt,excellent
f4ee5635-8bf4-4b5a-96e4-b3a42f385893,63484a5c-04f0-4fbd-b469-3591d1f7368d,aae0bf3f-533a-4b1a-b658-f788162daf4d,1633169899258,14.3725574,52.26274,9.41604,0.035161883,0.86561584,0.65279007,on bike mount,cyclo cross,True,asphalt,excellent
f4ee5635-8bf4-4b5a-96e4-b3a42f385893,63484a5c-04f0-4fbd-b469-3591d1f7368d,986ae1c4-3dcc-4e50-85c8-f532210f4e8e,1633169899309,14.3725574,52.26274,9.41604,-0.28080803,0.56785583,0.6236744,on bike mount,cyclo cross,True,asphalt,excellent
f4ee5635-8bf4-4b5a-96e4-b3a42f385893,63484a5c-04f0-4fbd-b469-3591d1f7368d,1102258e-4ccb-40ea-a0ca-897ad81dbb3c,1633169899360,14.3725574,52.26274,9.41604,-0.27180713,-0.95312035,-0.25391102,on bike mount,cyclo cross,True,asphalt,excellent
f4ee5635-8bf4-4b5a-96e4-b3a42f385893,63484a5c-04f0-4fbd-b469-3591d1f7368d,d0b2b9ce-d622-47eb-9d9d-a14e35d8752e,1633169899409,14.3725574,52.26274,9.41604,-0.2129466,0.45849395,2.84523,on bike mount,cyclo cross,True,asphalt,excellent
f4ee5635-8bf4-4b5a-96e4-b3a42f385893,63484a5c-04f0-4fbd-b469-3591d1f7368d,3f3f7869-8e35-4338-a4ad-ed21cc323567,1633169899459,14.3725574,52.26274,9.41604,-1.5862174,2.144455,-1.6252065,on bike mount,cyclo cross,True,asphalt,excellent
f4ee5635-8bf4-4b5a-96e4-b3a42f385893,63484a5c-04f0-4fbd-b469-3591d1f7368d,d9a16995-0088-4bc7-b81f-320702399831,1633169899509,14.3725574,52.26274,9.41604,-1.0869381,-1.2322164,-1.1955042,on bike mount,cyclo cross,True,asphalt,excellent
f4ee5635-8bf4-4b5a-96e4-b3a42f385893,63484a5c-04f0-4fbd-b469-3591d1f7368d,4272b992-ad5c-43a4-ad1e-ba70bb496d2f,1633169899559,14.3725574,52.26274,9.41604,-0.099817276,-0.98832166,-0.19790077,on bike mount,cyclo cross,True,asphalt,excellent
f4ee5635-8bf4-4b5a-96e4-b3a42f385893,63484a5c-04f0-4fbd-b469-3591d1f7368d,31907e61-7f34-4fcc-bfc1-d4b083bceb23,1633169899609,14.3725574,52.26274,9.41604,0.18360537,-0.8945458,-1.1517758,on bike mount,cyclo cross,True,asphalt,excellent
f4ee5635-8bf4-4b5a-96e4-b3a42f385893,63484a5c-04f0-4fbd-b469-3591d1f7368d,5cedbde5-2367-46df-9968-849c180969aa,1633169899660,14.3725574,52.26274,9.41604,0.22933666,-0.6711993,2.349555,on bike mount,cyclo cross,True,asphalt,excellent
f4ee5635-8bf4-4b5a-96e4-b3a42f385893,63484a5c-04f0-4fbd-b469-3591d1f7368d,4262fa88-c5c7-4f55-8a10-68dc6303bda7,1633169899711,14.3725574,52.26274,9.41604,0.63301396,-1.3708498,0.68715763,on bike mount,cyclo cross,True,asphalt,excellent
f4ee5635-8bf4-4b5a-96e4-b3a42f385893,63484a5c-04f0-4fbd-b469-3591d1f7368d,02d5e5de-6d15-4ebf-9d61-af5b19d2a96b,1633169899775,14.3725574,52.26274,9.41604,1.0078635,0.76263714,-1.3189001,on bike mount,cyclo cross,True,asphalt,excellent
f4ee5635-8bf4-4b5a-96e4-b3a42f385893,63484a5c-04f0-4fbd-b469-3591d1f7368d,4354bb5f-1d0c-4678-aa92-d4d22e6011dd,1633169899825,14.3725574,52.26274,9.41604,0.18925732,0.12222743,1.6031361,on bike mount,cyclo cross,True,asphalt,excellent
f4ee5635-8bf4-4b5a-96e4-b3a42f385893,63484a5c-04f0-4fbd-b469-3591d1f7368d,27cf56d3-c783-4c13-9ea0-f52914ac688c,1633169899877,14.3725574,52.26274,9.41604,1.4707296,1.3022397,-1.0648093,on bike mount,cyclo cross,True,asphalt,excellent
f4ee5635-8bf4-4b5a-96e4-b3a42f385893,63484a5c-04f0-4fbd-b469-3591d1f7368d,71c21568-e243-48bf-908b-0efe99072aae,1633169899945,14.3725574,52.26274,9.41604,-3.3945646,0.87645507,-1.2851009,on bike mount,cyclo cross,True,asphalt,excellent
f4ee5635-8bf4-4b5a-96e4-b3a42f385893,63484a5c-04f0-4fbd-b469-3591d1f7368d,e6c08d51-dde0-4a45-ae58-32e8ee72faa8,1633169900009,14.3726763,52.262704,9.38495,0.94489425,-1.8007015,-1.7035799,on bike mount,cyclo cross,True,asphalt,excellent
f4ee5635-8bf4-4b5a-96e4-b3a42f385893,63484a5c-04f0-4fbd-b469-3591d1f7368d,2efea9f2-749e-463c-a0a5-1da6fdec8f26,1633169900060,14.3726763,52.262704,9.38495,-0.40084267,-1.817117,1.2046814,on bike mount,cyclo cross,True,asphalt,excellent
f4ee5635-8bf4-4b5a-96e4-b3a42f385893,63484a5c-04f0-4fbd-b469-3591d1f7368d,add3e847-d8e2-49ce-9f11-c547f1c64c73,1633169900111,14.3726763,52.262704,9.38495,0.005354099,0.6716325,2.2965078,on bike mount,cyclo cross,True,asphalt,excellent
f4ee5635-8bf4-4b5a-96e4-b3a42f385893,63484a5c-04f0-4fbd-b469-3591d1f7368d,6679fc8d-9a27-442b-99e9-ec2975abd103,1633169900161,14.3726763,52.262704,9.38495,-0.41657788,1.6593847,-0.8856435,on bike mount,cyclo cross,True,asphalt,excellent
f4ee5635-8bf4-4b5a-96e4-b3a42f385893,63484a5c-04f0-4fbd-b469-3591d1f7368d,a600024a-2450-4ddf-9047-31aa1709dd72,1633169900212,14.3726763,52.262704,9.38495,-2.352806,-0.12073302,1.2025881,on bike mount,cyclo cross,True,asphalt,excellent
f4ee5635-8bf4-4b5a-96e4-b3a42f385893,63484a5c-04f0-4fbd-b469-3591d1f7368d,f9d31cf7-6cf5-4ca7-9690-fa362ce17522,1633169900277,14.3726763,52.262704,9.38495,0.103271455,-1.758629,-0.64469147,on bike mount,cyclo cross,True,asphalt,excellent
f4ee5635-8bf4-4b5a-96e4-b3a42f385893,63484a5c-04f0-4fbd-b469-3591d1f7368d,a847bff5-7697-4fde-9fab-d3416c68eba4,1633169900327,14.3726763,52.262704,9.38495,-0.7410476,-0.22362518,-1.5814233,on bike mount,cyclo cross,True,asphalt,excellent
f4ee5635-8bf4-4b5a-96e4-b3a42f385893,63484a5c-04f0-4fbd-b469-3591d1f7368d,ca83929b-6032-43a3-9e06-17c7a8bf8010,1633169900378,14.3726763,52.262704,9.38495,0.932248,-1.074583,-0.60628796,on bike mount,cyclo cross,True,asphalt,excellent
f4ee5635-8bf4-4b5a-96e4-b3a42f385893,63484a5c-04f0-4fbd-b469-3591d1f7368d,7efa53f5-e8ff-4f94-bb31-3bb0eea9e2a2,1633169900427,14.3726763,52.262704,9.38495,0.1284913,1.5607138,-2.8851752,on bike mount,cyclo cross,True,asphalt,excellent
f4ee5635-8bf4-4b5a-96e4-b3a42f385893,63484a5c-04f0-4fbd-b469-3591d1f7368d,18f3830b-83ce-4db7-85be-f5acfb4388ff,1633169900477,14.3726763,52.262704,9.38495,0.6956296,0.31577516,-0.79934025,on bike mount,cyclo cross,True,asphalt,excellent
f4ee5635-8bf4-4b5a-96e4-b3a42f385893,63484a5c-04f0-4fbd-b469-3591d1f7368d,6b40ce5f-6e9f-42af-987d-00e3c68028c1,1633169900528,14.3726763,52.262704,9.38495,1.1132916,0.627892,-0.46554375,on bike mount,cyclo cross,True,asphalt,excellent
f4ee5635-8bf4-4b5a-96e4-b3a42f385893,63484a5c-04f0-4fbd-b469-3591d1f7368d,6f94b1f7-79f3-4769-9577-e384c8294830,1633169900577,14.3726763,52.262704,9.38495,0.83835906,0.52830124,1.0301371,on bike mount,cyclo cross,True,asphalt,excellent
f4ee5635-8bf4-4b5a-96e4-b3a42f385893,63484a5c-04f0-4fbd-b469-3591d1f7368d,76ecb066-8e43-40e3-b6d9-4c43850c6f94,1633169900628,14.3726763,52.262704,9.38495,-0.05001372,-1.2031292,3.3925123,on bike mount,cyclo cross,True,asphalt,excellent
f4ee5635-8bf4-4b5a-96e4-b3a42f385893,63484a5c-04f0-4fbd-b469-3591d1f7368d,e8476c1e-c1a4-43f8-afc5-e132b9393217,1633169900679,14.3726763,52.262704,9.38495,0.4045269,-1.0708706,2.2682772,on bike mount,cyclo cross,True,asphalt,excellent
f4ee5635-8bf4-4b5a-96e4-b3a42f385893,63484a5c-04f0-4fbd-b469-3591d1f7368d,74ee3856-1ef8-478f-8b6b-3f99b2940772,1633169900744,14.3726763,52.262704,9.38495,-0.00989496,0.21826816,-0.8128996,on bike mount,cyclo cross,True,asphalt,excellent
f4ee5635-8bf4-4b5a-96e4-b3a42f385893,63484a5c-04f0-4fbd-b469-3591d1f7368d,cbb55792-0a11-4076-9689-8be3b35a6550,1633169900794,14.3726763,52.262704,9.38495,0.5178473,2.271224,0.94117737,on bike mount,cyclo cross,True,asphalt,excellent
f4ee5635-8bf4-4b5a-96e4-b3a42f385893,63484a5c-04f0-4fbd-b469-3591d1f7368d,86588083-c192-4a7e-b37b-4d536ca2f0db,1633169900845,14.3726763,52.262704,9.38495,0.9978516,-0.6231246,0.0965786,on bike mount,cyclo cross,True,asphalt,excellent
f4ee5635-8bf4-4b5a-96e4-b3a42f385893,63484a5c-04f0-4fbd-b469-3591d1f7368d,f7b82d41-1cdb-4ed6-9a51-a4e72c174efc,1633169900895,14.3726763,52.262704,9.38495,-1.3428296,-0.21751809,-0.32490158,on bike mount,cyclo cross,True,asphalt,excellent
f4ee5635-8bf4-4b5a-96e4-b3a42f385893,63484a5c-04f0-4fbd-b469-3591d1f7368d,f644ab3a-ccfe-4991-9274-2a3f96eb8b28,1633169900948,14.3726763,52.262704,9.38495,0.8724869,0.20660114,-0.07218647,on bike mount,cyclo cross,True,asphalt,excellent
f4ee5635-8bf4-4b5a-96e4-b3a42f385893,63484a5c-04f0-4fbd-b469-3591d1f7368d,cfd86c8b-5c41-4121-ae96-fc348e9f5691,1633169901011,14.3727963,52.2626709,9.339265,-0.1693291,-1.7453245,0.62158966,on bike mount,cyclo cross,True,asphalt,excellent
f4ee5635-8bf4-4b5a-96e4-b3a42f385893,63484a5c-04f0-4fbd-b469-3591d1f7368d,602add34-611e-48cd-b127-bb17d030fb30,1633169901062,14.3727963,52.2626709,9.339265,1.1882174,-0.919881,0.46855354,on bike mount,cyclo cross,True,asphalt,excellent
f4ee5635-8bf4-4b5a-96e4-b3a42f385893,63484a5c-04f0-4fbd-b469-3591d1f7368d,dcb89f55-2bb3-43bb-b732-c6b108efc9c6,1633169901113,14.3727963,52.2626709,9.339265,-0.38444698,0.051457405,-1.8238897,on bike mount,cyclo cross,True,asphalt,excellent
f4ee5635-8bf4-4b5a-96e4-b3a42f385893,63484a5c-04f0-4fbd-b469-3591d1f7368d,2904fd2a-256c-423f-8e4d-f2f95a94cc9d,1633169901163,14.3727963,52.2626709,9.339265,0.22385642,-0.17364812,-0.95122147,on bike mount,cyclo cross,True,asphalt,excellent
f4ee5635-8bf4-4b5a-96e4-b3a42f385893,63484a5c-04f0-4fbd-b469-3591d1f7368d,4ce11244-4aca-40ec-8ccd-3afbe9e4e5bf,1633169901214,14.3727963,52.2626709,9.339265,0.06816158,2.1997313,-1.9467392,on bike mount,cyclo cross,True,asphalt,excellent
f4ee5635-8bf4-4b5a-96e4-b3a42f385893,63484a5c-04f0-4fbd-b469-3591d1f7368d,55c6e05c-e670-4aa8-9677-ba6d7a3cd63b,1633169901264,14.3727963,52.2626709,9.339265,1.1942488,-1.5351281,0.26185513,on bike mount,cyclo cross,True,asphalt,excellent
f4ee5635-8bf4-4b5a-96e4-b3a42f385893,63484a5c-04f0-4fbd-b469-3591d1f7368d,8a3b702b-cbfa-4b86-adc0-38cea106a92a,1633169901330,14.3727963,52.2626709,9.339265,-0.6988503,0.096039295,0.34877872,on bike mount,cyclo cross,True,asphalt,excellent
f4ee5635-8bf4-4b5a-96e4-b3a42f385893,63484a5c-04f0-4fbd-b469-3591d1f7368d,46aae0a0-2bae-4792-8e01-87839621e8b7,1633169901380,14.3727963,52.2626709,9.339265,0.5851642,-1.0389962,2.5643234,on bike mount,cyclo cross,True,asphalt,excellent
f4ee5635-8bf4-4b5a-96e4-b3a42f385893,63484a5c-04f0-4fbd-b469-3591d1f7368d,0f40ddd3-de26-4cdb-8c77-2cc4c8db4b04,1633169901431,14.3727963,52.2626709,9.339265,-0.5333042,-0.40151155,-0.03259468,on bike mount,cyclo cross,True,asphalt,excellent
f4ee5635-8bf4-4b5a-96e4-b3a42f385893,63484a5c-04f0-4fbd-b469-3591d1f7368d,116cd1ff-f609-4e65-bd3d-50c014f2cd55,1633169901480,14.3727963,52.2626709,9.339265,0.3152901,-1.1340189,1.7148428,on bike mount,cyclo cross,True,asphalt,excellent
f4ee5635-8bf4-4b5a-96e4-b3a42f385893,63484a5c-04f0-4fbd-b469-3591d1f7368d,f5eb9924-5a70-4356-8e8c-0d20ffbbc48d,1633169901546,14.3727963,52.2626709,9.339265,0.23538607,1.4281149,0.98877716,on bike mount,cyclo cross,True,asphalt,excellent
f4ee5635-8bf4-4b5a-96e4-b3a42f385893,63484a5c-04f0-4fbd-b469-3591d1f7368d,c4adf6d0-132d-48b5-b873-291b71eaec6e,1633169901597,14.3727963,52.2626709,9.339265,-1.1006489,0.2397027,-1.4740348,on bike mount,cyclo cross,True,asphalt,excellent
f4ee5635-8bf4-4b5a-96e4-b3a42f385893,63484a5c-04f0-4fbd-b469-3591d1f7368d,8fd7d0fd-9400-4363-b79c-52f3978ba220,1633169901647,14.3727963,52.2626709,9.339265,-0.61698854,0.981581,0.9587755,on bike mount,cyclo cross,True,asphalt,excellent
f4ee5635-8bf4-4b5a-96e4-b3a42f385893,63484a5c-04f0-4fbd-b469-3591d1f7368d,91aca517-4f3d-435d-9523-ead50c6568ad,1633169901697,14.3727963,52.2626709,9.339265,-0.7830335,0.5678375,1.0176744,on bike mount,cyclo cross,True,asphalt,excellent
f4ee5635-8bf4-4b5a-96e4-b3a42f385893,63484a5c-04f0-4fbd-b469-3591d1f7368d,7e5abd60-ac1b-4fbb-bab4-a4c830e8b05d,1633169901763,14.3727963,52.2626709,9.339265,-0.30559692,-1.0545728,-0.18426895,on bike mount,cyclo cross,True,asphalt,excellent
f4ee5635-8bf4-4b5a-96e4-b3a42f385893,63484a5c-04f0-4fbd-b469-3591d1f7368d,ad88b141-1afc-4372-a1b8-265bb9e6c639,1633169901812,14.3727963,52.2626709,9.339265,-0.41023555,-2.0470285,-2.3143563,on bike mount,cyclo cross,True,asphalt,excellent
f4ee5635-8bf4-4b5a-96e4-b3a42f385893,63484a5c-04f0-4fbd-b469-3591d1f7368d,e904cee0-4cdb-481a-9ab9-77bcaba9c63a,1633169901864,14.3727963,52.2626709,9.339265,0.5938671,-1.1906135,-0.2820301,on bike mount,cyclo cross,True,asphalt,excellent
f4ee5635-8bf4-4b5a-96e4-b3a42f385893,63484a5c-04f0-4fbd-b469-3591d1f7368d,0760f4ab-0a79-428d-83eb-82cdf339e0e4,1633169901914,14.3727963,52.2626709,9.339265,-0.2944448,0.6126435,0.10154152,on bike mount,cyclo cross,True,asphalt,excellent
f4ee5635-8bf4-4b5a-96e4-b3a42f385893,63484a5c-04f0-4fbd-b469-3591d1f7368d,31d9e15c-27ca-4748-9a7e-57e3ac869e98,1633169901964,14.3729118,52.2626369,9.249546,-0.109525084,2.638493,-1.0683203,on bike mount,cyclo cross,True,asphalt,excellent
f4ee5635-8bf4-4b5a-96e4-b3a42f385893,63484a5c-04f0-4fbd-b469-3591d1f7368d,43903cbb-4b42-43c6-b8b6-e1086f0334b6,1633169902030,14.3729118,52.2626369,9.249546,1.7031004,0.38703513,0.26961422,on bike mount,cyclo cross,True,asphalt,excellent
f4ee5635-8bf4-4b5a-96e4-b3a42f385893,63484a5c-04f0-4fbd-b469-3591d1f7368d,0ee7ffa9-2767-4440-a836-fb496f79ef8b,1633169902080,14.3729118,52.2626369,9.249546,0.763965,1.4034889,0.48662376,on bike mount,cyclo cross,True,asphalt,excellent
f4ee5635-8bf4-4b5a-96e4-b3a42f385893,63484a5c-04f0-4fbd-b469-3591d1f7368d,255fbad5-4c94-4eb6-b271-e7c8abdf15de,1633169902129,14.3729118,52.2626369,9.249546,1.6261389,-0.57053196,-0.25139904,on bike mount,cyclo cross,True,asphalt,excellent
f4ee5635-8bf4-4b5a-96e4-b3a42f385893,63484a5c-04f0-4fbd-b469-3591d1f7368d,454228a3-e1ae-46c8-bc4e-442ec439d6ee,1633169902180,14.3729118,52.2626369,9.249546,0.37985528,-2.5656474,-0.65411663,on bike mount,cyclo cross,True,asphalt,excellent
f4ee5635-8bf4-4b5a-96e4-b3a42f385893,63484a5c-04f0-4fbd-b469-3591d1f7368d,66d19d72-a689-47d6-b78a-b43533341b7d,1633169902231,14.3729118,52.2626369,9.249546,-1.1808387,-1.4107192,1.7523327,on bike mount,cyclo cross,True,asphalt,excellent
f4ee5635-8bf4-4b5a-96e4-b3a42f385893,63484a5c-04f0-4fbd-b469-3591d1f7368d,b16a3769-084c-469d-865b-f2a889d3f613,1633169902297,14.3729118,52.2626369,9.249546,0.7778162,2.4074874,0.77126217,on bike mount,cyclo cross,True,asphalt,excellent
f4ee5635-8bf4-4b5a-96e4-b3a42f385893,63484a5c-04f0-4fbd-b469-3591d1f7368d,97273b6a-dd61-42ef-8305-39e30180e313,1633169902347,14.3729118,52.2626369,9.249546,-0.8277112,-0.24890423,0.4879017,on bike mount,cyclo cross,True,asphalt,excellent
f4ee5635-8bf4-4b5a-96e4-b3a42f385893,63484a5c-04f0-4fbd-b469-3591d1f7368d,3ddd3461-59a8-44e3-93db-54a7851b1cc1,1633169902397,14.3729118,52.2626369,9.249546,1.3395908,-1.7101364,2.4121733,on bike mount,cyclo cross,True,asphalt,excellent
f4ee5635-8bf4-4b5a-96e4-b3a42f385893,63484a5c-04f0-4fbd-b469-3591d1f7368d,c8bd59b9-befa-4aa5-96e2-d4e9b71573c8,1633169902447,14.3729118,52.2626369,9.249546,-0.462021,1.8946595,-0.051407814,on bike mount,cyclo cross,True,asphalt,excellent
f4ee5635-8bf4-4b5a-96e4-b3a42f385893,63484a5c-04f0-4fbd-b469-3591d1f7368d,3b054d74-b5c7-4c12-a9b7-aade17cdbe72,1633169902498,14.3729118,52.2626369,9.249546,-0.7449662,0.30621314,0.37568092,on bike mount,cyclo cross,True,asphalt,excellent
f4ee5635-8bf4-4b5a-96e4-b3a42f385893,63484a5c-04f0-4fbd-b469-3591d1f7368d,ddebdf1a-033a-44d5-aa97-32546857d9dd,1633169902548,14.3729118,52.2626369,9.249546,-0.40215698,0.8417742,-0.32130623,on bike mount,cyclo cross,True,asphalt,excellent
f4ee5635-8bf4-4b5a-96e4-b3a42f385893,63484a5c-04f0-4fbd-b469-3591d1f7368d,d1e88867-26ce-4962-88b5-63aada3329e4,1633169902614,14.3729118,52.2626369,9.249546,0.63184094,-1.1114739,0.035765648,on bike mount,cyclo cross,True,asphalt,excellent
f4ee5635-8bf4-4b5a-96e4-b3a42f385893,63484a5c-04f0-4fbd-b469-3591d1f7368d,7ea341eb-1c40-4f14-bc4d-925f1e383ec2,1633169902666,14.3729118,52.2626369,9.249546,0.3415383,2.4373121,0.8548126,on bike mount,cyclo cross,True,asphalt,excellent
f4ee5635-8bf4-4b5a-96e4-b3a42f385893,63484a5c-04f0-4fbd-b469-3591d1f7368d,a3bbdfd2-c467-46c7-bb65-09026732bf26,1633169902716,14.3729118,52.2626369,9.249546,-0.66789114,-0.13320374,2.0863752,on bike mount,cyclo cross,True,asphalt,excellent
f4ee5635-8bf4-4b5a-96e4-b3a42f385893,63484a5c-04f0-4fbd-b469-3591d1f7368d,b98f2efe-cedf-428e-a0ee-dcb63c3a29c4,1633169902766,14.3729118,52.2626369,9.249546,-0.48715383,0.8622134,-0.70238113,on bike mount,cyclo cross,True,asphalt,excellent
f4ee5635-8bf4-4b5a-96e4-b3a42f385893,63484a5c-04f0-4fbd-b469-3591d1f7368d,1e66881d-98fe-4548-b63b-73e52e870e26,1633169902816,14.3729118,52.2626369,9.249546,0.1750468,0.49697948,-0.22387218,on bike mount,cyclo cross,True,asphalt,excellent
f4ee5635-8bf4-4b5a-96e4-b3a42f385893,63484a5c-04f0-4fbd-b469-3591d1f7368d,60414c53-8c86-4c04-9801-c4acb73a1b77,1633169902882,14.3729118,52.2626369,9.249546,0.3692878,1.6588933,-1.7135634,on bike mount,cyclo cross,True,asphalt,excellent
f4ee5635-8bf4-4b5a-96e4-b3a42f385893,63484a5c-04f0-4fbd-b469-3591d1f7368d,1310b29c-8908-4299-b1a0-c4b745e9b7dd,1633169902932,14.3729118,52.2626369,9.249546,-0.4464626,-0.7637372,-0.45435143,on bike mount,cyclo cross,True,asphalt,excellent
f4ee5635-8bf4-4b5a-96e4-b3a42f385893,63484a5c-04f0-4fbd-b469-3591d1f7368d,bcbbfd7d-1901-498e-8a38-72b934371682,1633169902982,14.3730259,52.2626012,9.18814,-1.0280842,-0.30927873,-1.4074011,on bike mount,cyclo cross,True,asphalt,excellent
f4ee5635-8bf4-4b5a-96e4-b3a42f385893,63484a5c-04f0-4fbd-b469-3591d1f7368d,f2f52b35-2b28-4beb-948e-8a8d35c0e513,1633169903032,14.3730259,52.2626012,9.18814,2.7910035,-2.3419373,-0.31361675,on bike mount,cyclo cross,True,asphalt,excellent
f4ee5635-8bf4-4b5a-96e4-b3a42f385893,63484a5c-04f0-4fbd-b469-3591d1f7368d,ba24b192-9d39-4328-9aad-06ebff71da1f,1633169903082,14.3730259,52.2626012,9.18814,-0.30972013,0.6550853,-0.70070696,on bike mount,cyclo cross,True,asphalt,excellent
f4ee5635-8bf4-4b5a-96e4-b3a42f385893,63484a5c-04f0-4fbd-b469-3591d1f7368d,d5adef19-d935-4f1f-90ba-1404ffa325dd,1633169903133,14.3730259,52.2626012,9.18814,-0.8707299,-0.65054345,-0.059476852,on bike mount,cyclo cross,True,asphalt,excellent
f4ee5635-8bf4-4b5a-96e4-b3a42f385893,63484a5c-04f0-4fbd-b469-3591d1f7368d,8a0199e9-a040-4a38-818d-c553413f42a4,1633169903183,14.3730259,52.2626012,9.18814,-0.47343105,0.87098074,0.35683632,on bike mount,cyclo cross,True,asphalt,excellent
f4ee5635-8bf4-4b5a-96e4-b3a42f385893,63484a5c-04f0-4fbd-b469-3591d1f7368d,52ebc111-c88b-4569-a848-fd3a575d3885,1633169903249,14.3730259,52.2626012,9.18814,0.2998383,-0.2671013,-0.8287573,on bike mount,cyclo cross,True,asphalt,excellent
f4ee5635-8bf4-4b5a-96e4-b3a42f385893,63484a5c-04f0-4fbd-b469-3591d1f7368d,f19b07c9-b176-4892-ab58-fa6c4c6ef8b5,1633169903301,14.3730259,52.2626012,9.18814,-1.5074961,0.3776374,-2.6083417,on bike mount,cyclo cross,True,asphalt,excellent
f4ee5635-8bf4-4b5a-96e4-b3a42f385893,63484a5c-04f0-4fbd-b469-3591d1f7368d,622889a2-7024-4953-be2e-1d524d18faec,1633169903366,14.3730259,52.2626012,9.18814,0.65985996,0.83630705,0.26296806,on bike mount,cyclo cross,True,asphalt,excellent
f4ee5635-8bf4-4b5a-96e4-b3a42f385893,63484a5c-04f0-4fbd-b469-3591d1f7368d,1b0ded97-63ac-44d5-9256-1269d6198e3e,1633169903417,14.3730259,52.2626012,9.18814,-0.20553318,-2.676364,4.1343517,on bike mount,cyclo cross,True,asphalt,excellent
f4ee5635-8bf4-4b5a-96e4-b3a42f385893,63484a5c-04f0-4fbd-b469-3591d1f7368d,99264f2a-052a-4ea4-b0f8-9f5d64b2af49,1633169903482,14.3730259,52.2626012,9.18814,-2.985798,-0.2459228,4.16378,on bike mount,cyclo cross,True,asphalt,excellent
f4ee5635-8bf4-4b5a-96e4-b3a42f385893,63484a5c-04f0-4fbd-b469-3591d1f7368d,8c9d1a81-849b-4fa6-9499-27ee58c3c306,1633169903532,14.3730259,52.2626012,9.18814,0.34670416,0.4493966,-2.4541183,on bike mount,cyclo cross,True,asphalt,excellent
f4ee5635-8bf4-4b5a-96e4-b3a42f385893,63484a5c-04f0-4fbd-b469-3591d1f7368d,c544ce63-fd62-4f67-9d0c-d1cf32662bcc,1633169903583,14.3730259,52.2626012,9.18814,-0.49782056,0.76028156,-0.36015892,on bike mount,cyclo cross,True,asphalt,excellent
f4ee5635-8bf4-4b5a-96e4-b3a42f385893,63484a5c-04f0-4fbd-b469-3591d1f7368d,8ca00406-5569-472f-9842-ff9094585c5c,1633169903633,14.3730259,52.2626012,9.18814,1.343493,0.59201527,-2.0964055,on bike mount,cyclo cross,True,asphalt,excellent
f4ee5635-8bf4-4b5a-96e4-b3a42f385893,63484a5c-04f0-4fbd-b469-3591d1f7368d,ec9de9e6-450f-4b28-ac0a-21d148ebc17a,1633169903683,14.3730259,52.2626012,9.18814,0.47265148,0.9036174,1.3722897,on bike mount,cyclo cross,True,asphalt,excellent
f4ee5635-8bf4-4b5a-96e4-b3a42f385893,63484a5c-04f0-4fbd-b469-3591d1f7368d,1b66dfb0-e895-4026-b321-8ff758fa4b97,1633169903734,14.3730259,52.2626012,9.18814,-0.39963204,-2.0545206,3.3085861,on bike mount,cyclo cross,True,asphalt,excellent
f4ee5635-8bf4-4b5a-96e4-b3a42f385893,63484a5c-04f0-4fbd-b469-3591d1f7368d,92b2a81a-a871-4e57-be75-3f35f4e1698b,1633169903784,14.3730259,52.2626012,9.18814,0.32375544,-0.040407658,1.1128349,on bike mount,cyclo cross,True,asphalt,excellent
f4ee5635-8bf4-4b5a-96e4-b3a42f385893,63484a5c-04f0-4fbd-b469-3591d1f7368d,4cc83b2d-b47e-44c1-adec-f44e99f5f399,1633169903834,14.3730259,52.2626012,9.18814,1.5159007,-2.2011178,0.12571907,on bike mount,cyclo cross,True,asphalt,excellent
f4ee5635-8bf4-4b5a-96e4-b3a42f385893,63484a5c-04f0-4fbd-b469-3591d1f7368d,29edd4ba-d1d5-45bb-942d-6f1847bf722d,1633169903899,14.3730259,52.2626012,9.18814,-1.9705155,-1.2010419,-0.10026646,on bike mount,cyclo cross,True,asphalt,excellent
f4ee5635-8bf4-4b5a-96e4-b3a42f385893,63484a5c-04f0-4fbd-b469-3591d1f7368d,9551c6d0-2d21-4e97-be07-85e5884872cf,1633169903957,14.3730259,52.2626012,9.18814,-0.9829794,-0.1992867,-0.78154564,on bike mount,cyclo cross,True,asphalt,excellent
f4ee5635-8bf4-4b5a-96e4-b3a42f385893,63484a5c-04f0-4fbd-b469-3591d1f7368d,56450cf8-c1a1-4ee9-bc4d-624e5e4e1c63,1633169904016,14.3731316,52.2625645,9.1042185,-0.66485876,0.64767337,-2.099968,on bike mount,cyclo cross,True,asphalt,excellent
f4ee5635-8bf4-4b5a-96e4-b3a42f385893,63484a5c-04f0-4fbd-b469-3591d1f7368d,bdbaffb6-e620-4782-8ffb-f49bd1816255,1633169904066,14.3731316,52.2625645,9.1042185,-0.5314383,-0.9203323,-1.6826086,on bike mount,cyclo cross,True,asphalt,excellent
f4ee5635-8bf4-4b5a-96e4-b3a42f385893,63484a5c-04f0-4fbd-b469-3591d1f7368d,3dc3a374-eee7-41a4-899a-d0770099a0d0,1633169904116,14.3731316,52.2625645,9.1042185,-0.6783125,-0.9534732,0.6785641,on bike mount,cyclo cross,True,asphalt,excellent
f4ee5635-8bf4-4b5a-96e4-b3a42f385893,63484a5c-04f0-4fbd-b469-3591d1f7368d,d4d9f8d0-55c1-4d43-a872-8f9e6895ebd9,1633169904167,14.3731316,52.2625645,9.1042185,-0.21037519,-1.1766802,-0.041111946,on bike mount,cyclo cross,True,asphalt,excellent
f4ee5635-8bf4-4b5a-96e4-b3a42f385893,63484a5c-04f0-4fbd-b469-3591d1f7368d,4bab39c3-06a1-463f-8a99-0f0ec68e7b51,1633169904217,14.3731316,52.2625645,9.1042185,0.688871,-1.1838331,-1.2236843,on bike mount,cyclo cross,True,asphalt,excellent
f4ee5635-8bf4-4b5a-96e4-b3a42f385893,63484a5c-04f0-4fbd-b469-3591d1f7368d,050f5001-09a4-4751-8e03-e02119df68df,1633169904267,14.3731316,52.2625645,9.1042185,-0.67248964,1.9141314,-1.1021218,on bike mount,cyclo cross,True,asphalt,excellent
f4ee5635-8bf4-4b5a-96e4-b3a42f385893,9a4ee8e4-0563-43ce-80c4-04ce28444b72,2740fd29-d16e-4371-8246-bb2f5e824d64,1633169902514,14.3729118,52.2626369,9.249546,-0.59723914,1.7711434,-2.6965055,on bike mount,cyclo cross,True,asphalt,excellent
f4ee5635-8bf4-4b5a-96e4-b3a42f385893,9a4ee8e4-0563-43ce-80c4-04ce28444b72,84914279-66c0-4b06-885e-fa81ba5f5f99,1633169902565,14.3729118,52.2626369,9.249546,0.9405384,-2.141718,2.5473433,on bike mount,cyclo cross,True,asphalt,excellent
f4ee5635-8bf4-4b5a-96e4-b3a42f385893,9a4ee8e4-0563-43ce-80c4-04ce28444b72,8fde456e-f061-43d7-87e1-8790fcb4cc99,1633169902615,14.3729118,52.2626369,9.249546,0.63184094,-1.1114739,0.035765648,on bike mount,cyclo cross,True,asphalt,excellent
f4ee5635-8bf4-4b5a-96e4-b3a42f385893,9a4ee8e4-0563-43ce-80c4-04ce28444b72,dd8b6bf3-87b7-4d14-bb09-810b63b016f1,1633169902667,14.3729118,52.2626369,9.249546,0.3415383,2.4373121,0.8548126,on bike mount,cyclo cross,True,asphalt,excellent
f4ee5635-8bf4-4b5a-96e4-b3a42f385893,9a4ee8e4-0563-43ce-80c4-04ce28444b72,3f3f0629-3f93-4fa7-97bd-2717efd80068,1633169902732,14.3729118,52.2626369,9.249546,-1.4303392,-0.004961014,-1.6988115,on bike mount,cyclo cross,True,asphalt,excellent
f4ee5635-8bf4-4b5a-96e4-b3a42f385893,9a4ee8e4-0563-43ce-80c4-04ce28444b72,ebe678cb-b983-4165-a5bb-fb34f20c40ad,1633169902799,14.3729118,52.2626369,9.249546,-0.22633767,1.6321507,-0.101041794,on bike mount,cyclo cross,True,asphalt,excellent
f4ee5635-8bf4-4b5a-96e4-b3a42f385893,9a4ee8e4-0563-43ce-80c4-04ce28444b72,52c004bd-2c8d-45bd-8d1d-72be78a0e4c4,1633169902849,14.3729118,52.2626369,9.249546,-0.8232696,-0.09536004,-0.70052814,on bike mount,cyclo cross,True,asphalt,excellent
f4ee5635-8bf4-4b5a-96e4-b3a42f385893,9a4ee8e4-0563-43ce-80c4-04ce28444b72,696f80b8-8033-4578-92bb-3521608af2ef,1633169902899,14.3729118,52.2626369,9.249546,1.4888692,-3.7844536,3.0902348,on bike mount,cyclo cross,True,asphalt,excellent
f4ee5635-8bf4-4b5a-96e4-b3a42f385893,9a4ee8e4-0563-43ce-80c4-04ce28444b72,5fcd1cb2-75f3-4510-8f3d-0aa0f6c54bc2,1633169902956,14.3729118,52.2626369,9.249546,-0.29758567,-0.022618532,1.5857601,on bike mount,cyclo cross,True,asphalt,excellent
f4ee5635-8bf4-4b5a-96e4-b3a42f385893,9a4ee8e4-0563-43ce-80c4-04ce28444b72,769aa63b-6f02-43ff-8456-eb59ead4a479,1633169903014,14.3730259,52.2626012,9.18814,1.0692707,1.2817111,0.16852665,on bike mount,cyclo cross,True,asphalt,excellent
f4ee5635-8bf4-4b5a-96e4-b3a42f385893,9a4ee8e4-0563-43ce-80c4-04ce28444b72,d495cb92-9651-4d5e-a81f-b25edc3fa0ac,1633169903065,14.3730259,52.2626012,9.18814,1.4795434,1.3345387,2.2821121,on bike mount,cyclo cross,True,asphalt,excellent
f4ee5635-8bf4-4b5a-96e4-b3a42f385893,9a4ee8e4-0563-43ce-80c4-04ce28444b72,7c4ba6db-9e36-4e1c-829a-0dbc42fcd7ca,1633169903115,14.3730259,52.2626012,9.18814,-0.8293129,0.74406195,-1.1143088,on bike mount,cyclo cross,True,asphalt,excellent
f4ee5635-8bf4-4b5a-96e4-b3a42f385893,9a4ee8e4-0563-43ce-80c4-04ce28444b72,5ac0004d-3667-4392-9edf-9ea01c9ce609,1633169903166,14.3730259,52.2626012,9.18814,-0.2912838,-2.6038275,0.11212444,on bike mount,cyclo cross,True,asphalt,excellent
f4ee5635-8bf4-4b5a-96e4-b3a42f385893,9a4ee8e4-0563-43ce-80c4-04ce28444b72,e04354ec-a0e1-42d1-8b86-53cb9a47473a,1633169903216,14.3730259,52.2626012,9.18814,0.49861234,0.72831583,1.3674793,on bike mount,cyclo cross,True,asphalt,excellent
f4ee5635-8bf4-4b5a-96e4-b3a42f385893,9a4ee8e4-0563-43ce-80c4-04ce28444b72,55b81e18-32b2-46ec-88dd-676ddceb40ff,1633169903266,14.3730259,52.2626012,9.18814,-0.2912685,-0.39431763,-0.4754038,on bike mount,cyclo cross,True,asphalt,excellent
f4ee5635-8bf4-4b5a-96e4-b3a42f385893,9a4ee8e4-0563-43ce-80c4-04ce28444b72,d25ea8e8-b6be-4b7e-a191-7debb41f6a99,1633169903316,14.3730259,52.2626012,9.18814,-0.6633158,0.45969892,1.3639956,on bike mount,cyclo cross,True,asphalt,excellent
f4ee5635-8bf4-4b5a-96e4-b3a42f385893,9a4ee8e4-0563-43ce-80c4-04ce28444b72,dcd07a61-72d5-4f66-b352-35841c53f90c,1633169903366,14.3730259,52.2626012,9.18814,0.65985996,0.83630705,0.26296806,on bike mount,cyclo cross,True,asphalt,excellent
f4ee5635-8bf4-4b5a-96e4-b3a42f385893,9a4ee8e4-0563-43ce-80c4-04ce28444b72,19fcd6e7-b94c-4e43-95cd-5178c19cc8ca,1633169903419,14.3730259,52.2626012,9.18814,-0.10406047,-2.6321642,0.7625246,on bike mount,cyclo cross,True,asphalt,excellent
f4ee5635-8bf4-4b5a-96e4-b3a42f385893,9a4ee8e4-0563-43ce-80c4-04ce28444b72,1f7ddfb3-465c-4056-922f-85386d78d79f,1633169903483,14.3730259,52.2626012,9.18814,-2.0254838,-2.3176951,2.1716118,on bike mount,cyclo cross,True,asphalt,excellent
f4ee5635-8bf4-4b5a-96e4-b3a42f385893,9a4ee8e4-0563-43ce-80c4-04ce28444b72,931bfa2e-08cc-48b5-8fa9-f45616c94928,1633169903534,14.3730259,52.2626012,9.18814,0.5499791,1.3645151,-3.763125,on bike mount,cyclo cross,True,asphalt,excellent
f4ee5635-8bf4-4b5a-96e4-b3a42f385893,9a4ee8e4-0563-43ce-80c4-04ce28444b72,5144d2c3-ba9a-4adc-b3db-fd45a50c40de,1633169903599,14.3730259,52.2626012,9.18814,1.7769092,2.109253,-0.84050846,on bike mount,cyclo cross,True,asphalt,excellent
f4ee5635-8bf4-4b5a-96e4-b3a42f385893,9a4ee8e4-0563-43ce-80c4-04ce28444b72,1be67737-dcc7-4757-9e02-e6124cb29ebc,1633169903649,14.3730259,52.2626012,9.18814,0.5328171,-1.6777737,0.033433914,on bike mount,cyclo cross,True,asphalt,excellent
f4ee5635-8bf4-4b5a-96e4-b3a42f385893,9a4ee8e4-0563-43ce-80c4-04ce28444b72,56ea29a4-983b-42c5-87df-12368c0a8cea,1633169903699,14.3730259,52.2626012,9.18814,0.03599024,-2.5509782,-1.352582,on bike mount,cyclo cross,True,asphalt,excellent
f4ee5635-8bf4-4b5a-96e4-b3a42f385893,9a4ee8e4-0563-43ce-80c4-04ce28444b72,747af595-d454-4fa4-9380-24969dc71b48,1633169903750,14.3730259,52.2626012,9.18814,-0.7340368,1.2184346,-0.023141861,on bike mount,cyclo cross,True,asphalt,excellent
f4ee5635-8bf4-4b5a-96e4-b3a42f385893,9a4ee8e4-0563-43ce-80c4-04ce28444b72,c02913bf-7a43-4224-b565-efedb2badc66,1633169903801,14.3730259,52.2626012,9.18814,0.17446247,-0.9007468,1.1094799,on bike mount,cyclo cross,True,asphalt,excellent
f4ee5635-8bf4-4b5a-96e4-b3a42f385893,9a4ee8e4-0563-43ce-80c4-04ce28444b72,35fb792e-45ac-4988-8a40-27a5a7f751aa,1633169903866,14.3730259,52.2626012,9.18814,1.778759,-1.9305348,-0.6448803,on bike mount,cyclo cross,True,asphalt,excellent
f4ee5635-8bf4-4b5a-96e4-b3a42f385893,9a4ee8e4-0563-43ce-80c4-04ce28444b72,a7eca4fb-06a4-40bb-9e47-e507f9fa0e0b,1633169903916,14.3730259,52.2626012,9.18814,-1.1053333,0.39904046,1.0169735,on bike mount,cyclo cross,True,asphalt,excellent
f4ee5635-8bf4-4b5a-96e4-b3a42f385893,9a4ee8e4-0563-43ce-80c4-04ce28444b72,add5b02f-3993-4f25-9399-6091eb2b4a62,1633169903967,14.3731316,52.2625645,9.1042185,-0.860561,-1.0918034,-0.7322111,on bike mount,cyclo cross,True,asphalt,excellent
f4ee5635-8bf4-4b5a-96e4-b3a42f385893,9a4ee8e4-0563-43ce-80c4-04ce28444b72,f966496e-234d-49a7-804a-ff445b4bbf75,1633169904017,14.3731316,52.2625645,9.1042185,-0.66485876,0.64767337,-2.099968,on bike mount,cyclo cross,True,asphalt,excellent
f4ee5635-8bf4-4b5a-96e4-b3a42f385893,9a4ee8e4-0563-43ce-80c4-04ce28444b72,95e4f259-5110-42ee-b372-d1409ca8013a,1633169904067,14.3731316,52.2625645,9.1042185,-0.5314383,-0.9203323,-1.6826086,on bike mount,cyclo cross,True,asphalt,excellent
f4ee5635-8bf4-4b5a-96e4-b3a42f385893,9a4ee8e4-0563-43ce-80c4-04ce28444b72,89a579aa-b638-46b1-bd94-81a7ce77d6dd,1633169904117,14.3731316,52.2625645,9.1042185,-0.6783125,-0.9534732,0.6785641,on bike mount,cyclo cross,True,asphalt,excellent
f4ee5635-8bf4-4b5a-96e4-b3a42f385893,9a4ee8e4-0563-43ce-80c4-04ce28444b72,687dd6bf-5164-4cc9-8cfb-89ec79e258d5,1633169904169,14.3731316,52.2625645,9.1042185,0.35118333,-2.3273067,-1.2655339,on bike mount,cyclo cross,True,asphalt,excellent
f4ee5635-8bf4-4b5a-96e4-b3a42f385893,9a4ee8e4-0563-43ce-80c4-04ce28444b72,bfcd341d-de72-46e3-a9c9-3e8bcebb01dd,1633169904218,14.3731316,52.2625645,9.1042185,1.1389434,-1.0114521,0.3447113,on bike mount,cyclo cross,True,asphalt,excellent
f4ee5635-8bf4-4b5a-96e4-b3a42f385893,9a4ee8e4-0563-43ce-80c4-04ce28444b72,b209330e-e371-432a-9ecb-876cedc73dfb,1633169904268,14.3731316,52.2625645,9.1042185,-1.5019692,2.726543,-2.6650462,on bike mount,cyclo cross,True,asphalt,excellent
f4ee5635-8bf4-4b5a-96e4-b3a42f385893,9a4ee8e4-0563-43ce-80c4-04ce28444b72,58eec67d-674c-4329-94bb-549fcee3854b,1633169904318,14.3731316,52.2625645,9.1042185,-0.3751068,0.5850098,-1.3411393,on bike mount,cyclo cross,True,asphalt,excellent
f4ee5635-8bf4-4b5a-96e4-b3a42f385893,9a4ee8e4-0563-43ce-80c4-04ce28444b72,9a1bc633-9b70-4b06-9d4f-09fa5943a47a,1633169904368,14.3731316,52.2625645,9.1042185,0.63658684,0.3325143,1.4646864,on bike mount,cyclo cross,True,asphalt,excellent
f4ee5635-8bf4-4b5a-96e4-b3a42f385893,9a4ee8e4-0563-43ce-80c4-04ce28444b72,d55ce943-8dd9-46bf-a8d4-23ce026c7186,1633169904419,14.3731316,52.2625645,9.1042185,0.2038354,0.6745362,1.0211706,on bike mount,cyclo cross,True,asphalt,excellent
f4ee5635-8bf4-4b5a-96e4-b3a42f385893,9a4ee8e4-0563-43ce-80c4-04ce28444b72,354aeba3-b513-4d95-8efc-fb4c0815264e,1633169904468,14.3731316,52.2625645,9.1042185,-0.0037477016,-1.0899417,-0.4083767,on bike mount,cyclo cross,True,asphalt,excellent
f4ee5635-8bf4-4b5a-96e4-b3a42f385893,9a4ee8e4-0563-43ce-80c4-04ce28444b72,35993150-5c0e-4e81-aa3b-6bfeae457860,1633169904518,14.3731316,52.2625645,9.1042185,-0.5906844,-0.44648194,0.69309616,on bike mount,cyclo cross,True,asphalt,excellent
f4ee5635-8bf4-4b5a-96e4-b3a42f385893,9a4ee8e4-0563-43ce-80c4-04ce28444b72,7f28e6de-c208-4dfa-bb5b-4cf8bb8f0910,1633169904568,14.3731316,52.2625645,9.1042185,-1.2964829,0.37252617,-0.36202526,on bike mount,cyclo cross,True,asphalt,excellent
f4ee5635-8bf4-4b5a-96e4-b3a42f385893,9a4ee8e4-0563-43ce-80c4-04ce28444b72,e6644f1d-179b-4a80-ba1e-d58bf4a397c7,1633169904618,14.3731316,52.2625645,9.1042185,-0.053469375,-1.1242753,1.8359003,on bike mount,cyclo cross,True,asphalt,excellent
f4ee5635-8bf4-4b5a-96e4-b3a42f385893,9a4ee8e4-0563-43ce-80c4-04ce28444b72,df39fb70-fd70-4a75-ae67-0adae0feb890,1633169904670,14.3731316,52.2625645,9.1042185,0.99832165,0.028844118,0.65236855,on bike mount,cyclo cross,True,asphalt,excellent
f4ee5635-8bf4-4b5a-96e4-b3a42f385893,9a4ee8e4-0563-43ce-80c4-04ce28444b72,703e8a2d-b0c5-4e90-9e1b-adb96bd48cd1,1633169904734,14.3731316,52.2625645,9.1042185,-2.9945395,-0.44953156,-1.5029011,on bike mount,cyclo cross,True,asphalt,excellent
f4ee5635-8bf4-4b5a-96e4-b3a42f385893,9a4ee8e4-0563-43ce-80c4-04ce28444b72,ba3ca3aa-0650-41fd-8810-28513a2ec08a,1633169904786,14.3731316,52.2625645,9.1042185,0.15002392,-0.021053553,-4.105613,on bike mount,cyclo cross,True,asphalt,excellent
f4ee5635-8bf4-4b5a-96e4-b3a42f385893,9a4ee8e4-0563-43ce-80c4-04ce28444b72,1a5bfd21-e19b-48ad-813c-d327d8b63ba1,1633169904836,14.3731316,52.2625645,9.1042185,-0.32453528,0.79118204,-0.0329628,on bike mount,cyclo cross,True,asphalt,excellent
f4ee5635-8bf4-4b5a-96e4-b3a42f385893,9a4ee8e4-0563-43ce-80c4-04ce28444b72,21042435-669d-454b-834c-0a9ca80616e2,1633169904886,14.3731316,52.2625645,9.1042185,0.24434787,-0.7296877,0.42064095,on bike mount,cyclo cross,True,asphalt,excellent
f4ee5635-8bf4-4b5a-96e4-b3a42f385893,9a4ee8e4-0563-43ce-80c4-04ce28444b72,12e3739b-22bc-4e99-b299-63cb66ee2483,1633169904940,14.3731316,52.2625645,9.1042185,-0.6590796,0.07927489,-0.62346935,on bike mount,cyclo cross,True,asphalt,excellent
f4ee5635-8bf4-4b5a-96e4-b3a42f385893,9a4ee8e4-0563-43ce-80c4-04ce28444b72,707be3ba-a717-42a2-90db-eb501c41c2ee,1633169905003,14.3732373,52.2625279,9.002708,1.4676038,0.14225125,-1.3248968,on bike mount,cyclo cross,True,asphalt,excellent
f4ee5635-8bf4-4b5a-96e4-b3a42f385893,9a4ee8e4-0563-43ce-80c4-04ce28444b72,a666a950-df75-478e-a605-54f17e320ecc,1633169905068,14.3732373,52.2625279,9.002708,-0.36387753,-0.24320221,1.5641441,on bike mount,cyclo cross,True,asphalt,excellent
f4ee5635-8bf4-4b5a-96e4-b3a42f385893,9a4ee8e4-0563-43ce-80c4-04ce28444b72,15e118e1-20f3-4c08-a11f-c5f9a8a2b9bb,1633169905119,14.3732373,52.2625279,9.002708,1.321459,0.5701592,-0.52860165,on bike mount,cyclo cross,True,asphalt,excellent
f4ee5635-8bf4-4b5a-96e4-b3a42f385893,9a4ee8e4-0563-43ce-80c4-04ce28444b72,065d35a2-0aa7-45f8-8b12-8562f9d0fe3f,1633169905169,14.3732373,52.2625279,9.002708,2.15217,1.4857342,2.8994303,on bike mount,cyclo cross,True,asphalt,excellent
f4ee5635-8bf4-4b5a-96e4-b3a42f385893,9a4ee8e4-0563-43ce-80c4-04ce28444b72,9bb11667-91b3-4840-93f1-1922e26587ba,1633169905220,14.3732373,52.2625279,9.002708,-0.79021525,-1.571378,4.03209,on bike mount,cyclo cross,True,asphalt,excellent
f4ee5635-8bf4-4b5a-96e4-b3a42f385893,9a4ee8e4-0563-43ce-80c4-04ce28444b72,f89ac4db-c137-46d7-9326-18a024593509,1633169905286,14.3732373,52.2625279,9.002708,-0.749183,0.011668444,1.7897978,on bike mount,cyclo cross,True,asphalt,excellent
f4ee5635-8bf4-4b5a-96e4-b3a42f385893,9a4ee8e4-0563-43ce-80c4-04ce28444b72,4e80d3c9-1918-4f89-a623-c2f452136610,1633169905336,14.3732373,52.2625279,9.002708,-0.4749124,0.26030564,0.72768784,on bike mount,cyclo cross,True,asphalt,excellent
f4ee5635-8bf4-4b5a-96e4-b3a42f385893,9a4ee8e4-0563-43ce-80c4-04ce28444b72,02240206-edb6-47a2-8f03-e02d22c4177c,1633169905388,14.3732373,52.2625279,9.002708,0.8187116,0.015215635,1.366765,on bike mount,cyclo cross,True,asphalt,excellent
f4ee5635-8bf4-4b5a-96e4-b3a42f385893,9a4ee8e4-0563-43ce-80c4-04ce28444b72,99eb74f2-c5ed-4799-b3ab-68db0de152e5,1633169905454,14.3732373,52.2625279,9.002708,0.95835125,0.38060117,-0.2681141,on bike mount,cyclo cross,True,asphalt,excellent
f4ee5635-8bf4-4b5a-96e4-b3a42f385893,9a4ee8e4-0563-43ce-80c4-04ce28444b72,cf05e6e8-579e-42af-bf57-55388197233c,1633169905503,14.3732373,52.2625279,9.002708,-2.1305585,2.6373758,-0.8725405,on bike mount,cyclo cross,True,asphalt,excellent
f4ee5635-8bf4-4b5a-96e4-b3a42f385893,9a4ee8e4-0563-43ce-80c4-04ce28444b72,af077f1f-47f3-4a42-b38a-5f7e3171dcf0,1633169905553,14.3732373,52.2625279,9.002708,1.004072,0.16794157,3.067768,on bike mount,cyclo cross,True,asphalt,excellent
f4ee5635-8bf4-4b5a-96e4-b3a42f385893,9a4ee8e4-0563-43ce-80c4-04ce28444b72,cc782ab5-b84d-4a39-bed2-83578475af1d,1633169905604,14.3732373,52.2625279,9.002708,0.40986148,0.80539083,0.068766594,on bike mount,cyclo cross,True,asphalt,excellent
f4ee5635-8bf4-4b5a-96e4-b3a42f385893,9a4ee8e4-0563-43ce-80c4-04ce28444b72,85ce9ced-11fd-4cdb-ba56-51b3513a043a,1633169905655,14.3732373,52.2625279,9.002708,-1.8261852,0.12026024,0.7888861,on bike mount,cyclo cross,True,asphalt,excellent
f4ee5635-8bf4-4b5a-96e4-b3a42f385893,9a4ee8e4-0563-43ce-80c4-04ce28444b72,1a572106-5f45-476c-8e86-67fa38638ae3,1633169905705,14.3732373,52.2625279,9.002708,0.43086156,0.22787786,-0.67186546,on bike mount,cyclo cross,True,asphalt,excellent
f4ee5635-8bf4-4b5a-96e4-b3a42f385893,9a4ee8e4-0563-43ce-80c4-04ce28444b72,60c76d45-4761-4818-ad3c-d9a4b8d54a20,1633169905771,14.3732373,52.2625279,9.002708,0.25567174,-1.1391671,-0.79973793,on bike mount,cyclo cross,True,asphalt,excellent
f4ee5635-8bf4-4b5a-96e4-b3a42f385893,9a4ee8e4-0563-43ce-80c4-04ce28444b72,6381955a-77a6-46c8-8e7f-409288ab77f0,1633169905821,14.3732373,52.2625279,9.002708,-0.16014412,-1.4668148,1.2549849,on bike mount,cyclo cross,True,asphalt,excellent
f4ee5635-8bf4-4b5a-96e4-b3a42f385893,9a4ee8e4-0563-43ce-80c4-04ce28444b72,1cfeae48-d9d9-4664-9b5b-373115cc6193,1633169905872,14.3732373,52.2625279,9.002708,-1.2979771,-0.940567,0.008383751,on bike mount,cyclo cross,True,asphalt,excellent
f4ee5635-8bf4-4b5a-96e4-b3a42f385893,9a4ee8e4-0563-43ce-80c4-04ce28444b72,8ae1f26f-1e54-4b8f-99e6-38939fd9f9b3,1633169905943,14.3732373,52.2625279,9.002708,2.5501301,0.29012585,-0.79122066,on bike mount,cyclo cross,True,asphalt,excellent
f4ee5635-8bf4-4b5a-96e4-b3a42f385893,9a4ee8e4-0563-43ce-80c4-04ce28444b72,3cefbd9e-38d3-4fed-ae01-de6892d99d21,1633169906003,14.3733457,52.2624924,8.945716,0.36170533,-0.16455507,3.087678,on bike mount,cyclo cross,True,asphalt,excellent
f4ee5635-8bf4-4b5a-96e4-b3a42f385893,9a4ee8e4-0563-43ce-80c4-04ce28444b72,6a5cd781-1fa5-4190-8089-61d6fa8bab28,1633169906054,14.3733457,52.2624924,8.945716,-0.4647476,-0.5724714,-0.268013,on bike mount,cyclo cross,True,asphalt,excellent
f4ee5635-8bf4-4b5a-96e4-b3a42f385893,9a4ee8e4-0563-43ce-80c4-04ce28444b72,8fefcab9-1a58-4c17-8a0f-909c07edbfdc,1633169906105,14.3733457,52.2624924,8.945716,-1.6392524,0.17256832,-0.9010868,on bike mount,cyclo cross,True,asphalt,excellent
f4ee5635-8bf4-4b5a-96e4-b3a42f385893,9a4ee8e4-0563-43ce-80c4-04ce28444b72,0cbb0631-22d3-4cbd-9a87-41d9018932da,1633169906155,14.3733457,52.2624924,8.945716,-1.1840347,0.21958089,-0.49871778,on bike mount,cyclo cross,True,asphalt,excellent
f4ee5635-8bf4-4b5a-96e4-b3a42f385893,9a4ee8e4-0563-43ce-80c4-04ce28444b72,35d9258d-9a61-4091-96f1-e59eccd66d9b,1633169906205,14.3733457,52.2624924,8.945716,0.9619688,-1.0780607,1.5412865,on bike mount,cyclo cross,True,asphalt,excellent
f4ee5635-8bf4-4b5a-96e4-b3a42f385893,9a4ee8e4-0563-43ce-80c4-04ce28444b72,9af1c377-c94f-455e-8bcd-f2eb2443b3bd,1633169906271,14.3733457,52.2624924,8.945716,-0.47465724,-1.9493381,2.9188051,on bike mount,cyclo cross,True,asphalt,excellent
f4ee5635-8bf4-4b5a-96e4-b3a42f385893,9a4ee8e4-0563-43ce-80c4-04ce28444b72,7f6b061e-d484-455b-97cc-d43277982ccb,1633169906321,14.3733457,52.2624924,8.945716,-2.118594,-0.3877921,0.70529747,on bike mount,cyclo cross,True,asphalt,excellent
f4ee5635-8bf4-4b5a-96e4-b3a42f385893,9a4ee8e4-0563-43ce-80c4-04ce28444b72,2da15b71-145b-4022-95e6-54150c480e92,1633169906371,14.3733457,52.2624924,8.945716,1.0135266,0.7240143,2.7819204,on bike mount,cyclo cross,True,asphalt,excellent
f4ee5635-8bf4-4b5a-96e4-b3a42f385893,9a4ee8e4-0563-43ce-80c4-04ce28444b72,c34f40c7-e627-44e8-b082-0714fa6806b9,1633169906421,14.3733457,52.2624924,8.945716,1.4801867,-1.0596263,0.7265053,on bike mount,cyclo cross,True,asphalt,excellent
f4ee5635-8bf4-4b5a-96e4-b3a42f385893,9a4ee8e4-0563-43ce-80c4-04ce28444b72,2ab66448-dda7-4183-8a56-d203e6c15404,1633169906471,14.3733457,52.2624924,8.945716,-0.3384887,-0.70268106,1.0068483,on bike mount,cyclo cross,True,asphalt,excellent
f4ee5635-8bf4-4b5a-96e4-b3a42f385893,9a4ee8e4-0563-43ce-80c4-04ce28444b72,00ed685c-07c7-4209-b940-5f12405534d9,1633169906521,14.3733457,52.2624924,8.945716,-0.3297385,-1.2554536,-1.8750677,on bike mount,cyclo cross,True,asphalt,excellent
f4ee5635-8bf4-4b5a-96e4-b3a42f385893,9a4ee8e4-0563-43ce-80c4-04ce28444b72,754dad60-6a30-4207-a917-9d3297dd3624,1633169906571,14.3733457,52.2624924,8.945716,-0.04935047,0.23844242,-2.1105313,on bike mount,cyclo cross,True,asphalt,excellent
f4ee5635-8bf4-4b5a-96e4-b3a42f385893,9a4ee8e4-0563-43ce-80c4-04ce28444b72,397a1914-961a-4eb8-bff4-f811331820a1,1633169906621,14.3733457,52.2624924,8.945716,-0.25997922,0.8234129,-1.3124647,on bike mount,cyclo cross,True,asphalt,excellent
f4ee5635-8bf4-4b5a-96e4-b3a42f385893,9a4ee8e4-0563-43ce-80c4-04ce28444b72,0acb0c5d-ac42-43c4-bb10-5121c808cfde,1633169906673,14.3733457,52.2624924,8.945716,0.19805002,0.13883853,0.63538647,on bike mount,cyclo cross,True,asphalt,excellent
f4ee5635-8bf4-4b5a-96e4-b3a42f385893,9a4ee8e4-0563-43ce-80c4-04ce28444b72,86edbdfb-ec8a-43ff-bcf3-6e725118ff68,1633169906723,14.3733457,52.2624924,8.945716,1.0611734,1.09379,1.2438307,on bike mount,cyclo cross,True,asphalt,excellent
f4ee5635-8bf4-4b5a-96e4-b3a42f385893,9a4ee8e4-0563-43ce-80c4-04ce28444b72,355c1f79-7523-43d1-970d-aeb59f75b8d4,1633169906790,14.3733457,52.2624924,8.945716,-0.22356766,-0.12596178,0.8889742,on bike mount,cyclo cross,True,asphalt,excellent
f4ee5635-8bf4-4b5a-96e4-b3a42f385893,9a4ee8e4-0563-43ce-80c4-04ce28444b72,5d13e365-fdf9-48fc-b307-55a0fd6b9711,1633169906840,14.3733457,52.2624924,8.945716,1.4455823,0.14682508,-1.4280305,on bike mount,cyclo cross,True,asphalt,excellent
f4ee5635-8bf4-4b5a-96e4-b3a42f385893,9a4ee8e4-0563-43ce-80c4-04ce28444b72,b23026b5-a179-4ac4-bdd9-cac4a4d11925,1633169906905,14.3733457,52.2624924,8.945716,0.62317425,0.050510883,0.20005798,on bike mount,cyclo cross,True,asphalt,excellent
f4ee5635-8bf4-4b5a-96e4-b3a42f385893,9a4ee8e4-0563-43ce-80c4-04ce28444b72,3c33d47c-d56b-4f6b-96ae-aa8ea82b6a73,1633169906959,14.3734499,52.2624586,8.865961,-1.5205905,0.29686308,0.8983002,on bike mount,cyclo cross,True,asphalt,excellent
f4ee5635-8bf4-4b5a-96e4-b3a42f385893,9a4ee8e4-0563-43ce-80c4-04ce28444b72,c0cf761a-6b4e-449b-94a6-0d7f8d71978c,1633169907023,14.3734499,52.2624586,8.865961,-0.1989977,-0.92701304,-0.11150265,on bike mount,cyclo cross,True,asphalt,excellent
f4ee5635-8bf4-4b5a-96e4-b3a42f385893,9a4ee8e4-0563-43ce-80c4-04ce28444b72,ce52e756-2d19-4871-a8d9-6d317d57fe90,1633169907074,14.3734499,52.2624586,8.865961,-0.5536579,-2.1888077,-0.7406988,on bike mount,cyclo cross,True,asphalt,excellent
f4ee5635-8bf4-4b5a-96e4-b3a42f385893,9a4ee8e4-0563-43ce-80c4-04ce28444b72,da4db838-4526-426f-aee5-704e14f3481b,1633169907139,14.3734499,52.2624586,8.865961,0.5899161,0.8338773,0.47938538,on bike mount,cyclo cross,True,asphalt,excellent
f4ee5635-8bf4-4b5a-96e4-b3a42f385893,9a4ee8e4-0563-43ce-80c4-04ce28444b72,b8a350dd-0212-4724-b9e0-d941b2aad3c3,1633169907190,14.3734499,52.2624586,8.865961,0.2514673,3.2058463,-0.26424122,on bike mount,cyclo cross,True,asphalt,excellent
f4ee5635-8bf4-4b5a-96e4-b3a42f385893,9a4ee8e4-0563-43ce-80c4-04ce28444b72,1576d822-afca-4dbf-9d80-c6ebf2b6d4e1,1633169907256,14.3734499,52.2624586,8.865961,-1.6560789,-0.45405364,0.0501585,on bike mount,cyclo cross,True,asphalt,excellent
f4ee5635-8bf4-4b5a-96e4-b3a42f385893,9a4ee8e4-0563-43ce-80c4-04ce28444b72,d0db155a-ac00-4f92-b6c1-61696fee2a53,1633169907306,14.3734499,52.2624586,8.865961,0.07484268,-0.26862144,-0.007091522,on bike mount,cyclo cross,True,asphalt,excellent
f4ee5635-8bf4-4b5a-96e4-b3a42f385893,9a4ee8e4-0563-43ce-80c4-04ce28444b72,9cc3c1ab-f937-47c4-8839-e4e4f2047efd,1633169907356,14.3734499,52.2624586,8.865961,1.0599005,1.6805105,-0.06431389,on bike mount,cyclo cross,True,asphalt,excellent
f4ee5635-8bf4-4b5a-96e4-b3a42f385893,9a4ee8e4-0563-43ce-80c4-04ce28444b72,ac09b917-a217-43e4-8933-cab503507dc0,1633169907407,14.3734499,52.2624586,8.865961,0.114990145,-0.7417958,-0.14774323,on bike mount,cyclo cross,True,asphalt,excellent
f4ee5635-8bf4-4b5a-96e4-b3a42f385893,9a4ee8e4-0563-43ce-80c4-04ce28444b72,97994bbf-f2a9-499b-8b66-4155643951b3,1633169907457,14.3734499,52.2624586,8.865961,-0.9770397,1.9288464,0.3214445,on bike mount,cyclo cross,True,asphalt,excellent
f4ee5635-8bf4-4b5a-96e4-b3a42f385893,9a4ee8e4-0563-43ce-80c4-04ce28444b72,722348ce-60f0-45db-9751-cf7ea36497b3,1633169907507,14.3734499,52.2624586,8.865961,0.98956543,-0.49155784,2.5763578,on bike mount,cyclo cross,True,asphalt,excellent
f4ee5635-8bf4-4b5a-96e4-b3a42f385893,9a4ee8e4-0563-43ce-80c4-04ce28444b72,7822494f-e7f6-412d-8912-c30889785796,1633169907557,14.3734499,52.2624586,8.865961,0.50590914,2.5581975,-1.760859,on bike mount,cyclo cross,True,asphalt,excellent
f4ee5635-8bf4-4b5a-96e4-b3a42f385893,9a4ee8e4-0563-43ce-80c4-04ce28444b72,f8ef761e-bc68-4590-bbc2-fe13a3729d73,1633169907608,14.3734499,52.2624586,8.865961,1.6280069,-1.0002136,-0.07640076,on bike mount,cyclo cross,True,asphalt,excellent
f4ee5635-8bf4-4b5a-96e4-b3a42f385893,9a4ee8e4-0563-43ce-80c4-04ce28444b72,a2534f34-9e44-4421-b4a2-afff787e03b2,1633169907675,14.3734499,52.2624586,8.865961,-0.417961,1.4632959,-3.670577,on bike mount,cyclo cross,True,asphalt,excellent
f4ee5635-8bf4-4b5a-96e4-b3a42f385893,9a4ee8e4-0563-43ce-80c4-04ce28444b72,b980b34c-c58e-4895-aa55-a13f3f8a4943,1633169907725,14.3734499,52.2624586,8.865961,1.0736656,-0.005748749,2.050459,on bike mount,cyclo cross,True,asphalt,excellent
f4ee5635-8bf4-4b5a-96e4-b3a42f385893,9a4ee8e4-0563-43ce-80c4-04ce28444b72,c9980157-8371-43f0-a75b-6c68db7eb911,1633169907775,14.3734499,52.2624586,8.865961,0.004737854,-1.0441499,1.6431971,on bike mount,cyclo cross,True,asphalt,excellent
f4ee5635-8bf4-4b5a-96e4-b3a42f385893,9a4ee8e4-0563-43ce-80c4-04ce28444b72,a72137c5-dc0c-47b2-8d2f-69e70187e387,1633169907841,14.3734499,52.2624586,8.865961,-0.60415864,-1.105968,-1.8758326,on bike mount,cyclo cross,True,asphalt,excellent
f4ee5635-8bf4-4b5a-96e4-b3a42f385893,9a4ee8e4-0563-43ce-80c4-04ce28444b72,07c306a5-dc16-4b56-b33b-b38565709e2d,1633169907892,14.3734499,52.2624586,8.865961,-0.6528454,1.4886658,-0.61419296,on bike mount,cyclo cross,True,asphalt,excellent
f4ee5635-8bf4-4b5a-96e4-b3a42f385893,9a4ee8e4-0563-43ce-80c4-04ce28444b72,3af22f88-bd28-4099-afe2-d87c0f0ac8a1,1633169907943,14.3734499,52.2624586,8.865961,-0.75234014,2.2880495,-0.15566158,on bike mount,cyclo cross,True,asphalt,excellent
f4ee5635-8bf4-4b5a-96e4-b3a42f385893,9a4ee8e4-0563-43ce-80c4-04ce28444b72,4f874554-563a-415d-a164-ea1c3543354f,1633169908009,14.3735584,52.2624288,8.8230295,-0.9958487,-2.4778097,-1.4334469,on bike mount,cyclo cross,True,asphalt,excellent
f4ee5635-8bf4-4b5a-96e4-b3a42f385893,9a4ee8e4-0563-43ce-80c4-04ce28444b72,728bc854-3c93-4709-b94c-df85077cdc24,1633169908075,14.3735584,52.2624288,8.8230295,-0.56377006,-0.10973239,0.58540344,on bike mount,cyclo cross,True,asphalt,excellent
f4ee5635-8bf4-4b5a-96e4-b3a42f385893,9a4ee8e4-0563-43ce-80c4-04ce28444b72,bf7dfbf8-8f6e-417a-99e8-b0869b7988d0,1633169908125,14.3735584,52.2624288,8.8230295,0.25077316,-3.1124296,4.715128,on bike mount,cyclo cross,True,asphalt,excellent
f4ee5635-8bf4-4b5a-96e4-b3a42f385893,9a4ee8e4-0563-43ce-80c4-04ce28444b72,caf0ab99-0c67-40f6-8809-b3a86281962d,1633169908175,14.3735584,52.2624288,8.8230295,0.6952844,0.23064828,-0.9447861,on bike mount,cyclo cross,True,asphalt,excellent
f4ee5635-8bf4-4b5a-96e4-b3a42f385893,9a4ee8e4-0563-43ce-80c4-04ce28444b72,77b8dc01-f8d8-4222-a015-979b5c69584e,1633169908225,14.3735584,52.2624288,8.8230295,-0.13179705,-0.49604106,1.325347,on bike mount,cyclo cross,True,asphalt,excellent
f4ee5635-8bf4-4b5a-96e4-b3a42f385893,9a4ee8e4-0563-43ce-80c4-04ce28444b72,eb29442b-3621-4aa6-bd91-c6579ff0ba73,1633169908275,14.3735584,52.2624288,8.8230295,-1.1451536,0.026046038,-1.3273582,on bike mount,cyclo cross,True,asphalt,excellent
f4ee5635-8bf4-4b5a-96e4-b3a42f385893,9a4ee8e4-0563-43ce-80c4-04ce28444b72,c00bca48-8619-4f17-86bb-2ef2e3adade7,1633169908326,14.3735584,52.2624288,8.8230295,-0.07311197,0.51858234,-0.4642868,on bike mount,cyclo cross,True,asphalt,excellent
f4ee5635-8bf4-4b5a-96e4-b3a42f385893,9a4ee8e4-0563-43ce-80c4-04ce28444b72,686c02ff-6820-453c-8c46-645a26b488c9,1633169908376,14.3735584,52.2624288,8.8230295,0.15146542,0.9563184,-1.2065501,on bike mount,cyclo cross,True,asphalt,excellent
f4ee5635-8bf4-4b5a-96e4-b3a42f385893,9a4ee8e4-0563-43ce-80c4-04ce28444b72,8856480a-a8b5-4da8-9a48-859211b31a9f,1633169908427,14.3735584,52.2624288,8.8230295,-0.15720244,-1.3688105,1.2934637,on bike mount,cyclo cross,True,asphalt,excellent
f4ee5635-8bf4-4b5a-96e4-b3a42f385893,9a4ee8e4-0563-43ce-80c4-04ce28444b72,c7c6cdb1-05e0-4b8a-97cb-23cb094d3745,1633169908478,14.3735584,52.2624288,8.8230295,-1.9549565,1.0445971,-3.111723,on bike mount,cyclo cross,True,asphalt,excellent
f4ee5635-8bf4-4b5a-96e4-b3a42f385893,9a4ee8e4-0563-43ce-80c4-04ce28444b72,eea0bb64-9589-474b-a963-a862d2e656b6,1633169908543,14.3735584,52.2624288,8.8230295,-0.3522149,1.1119967,-1.0863485,on bike mount,cyclo cross,True,asphalt,excellent
f4ee5635-8bf4-4b5a-96e4-b3a42f385893,9a4ee8e4-0563-43ce-80c4-04ce28444b72,fd2c5be4-94dd-4163-aec4-8bb810b54afe,1633169908594,14.3735584,52.2624288,8.8230295,0.4294253,-1.6258585,2.1129532,on bike mount,cyclo cross,True,asphalt,excellent
f4ee5635-8bf4-4b5a-96e4-b3a42f385893,9a4ee8e4-0563-43ce-80c4-04ce28444b72,77dd1295-2d7b-4d92-87ce-1b2771e7034a,1633169908660,14.3735584,52.2624288,8.8230295,0.6678821,-1.5178471,3.7246885,on bike mount,cyclo cross,True,asphalt,excellent
f4ee5635-8bf4-4b5a-96e4-b3a42f385893,9a4ee8e4-0563-43ce-80c4-04ce28444b72,72beef51-fb1f-4732-91ae-b27feac6960f,1633169908727,14.3735584,52.2624288,8.8230295,-0.049689338,-0.14554548,4.9449263,on bike mount,cyclo cross,True,asphalt,excellent
f4ee5635-8bf4-4b5a-96e4-b3a42f385893,9a4ee8e4-0563-43ce-80c4-04ce28444b72,c739167f-f82e-4d58-9288-ce2da249ba45,1633169908777,14.3735584,52.2624288,8.8230295,0.02171947,0.19651937,1.8564215,on bike mount,cyclo cross,True,asphalt,excellent
f4ee5635-8bf4-4b5a-96e4-b3a42f385893,9a4ee8e4-0563-43ce-80c4-04ce28444b72,347dcf86-a661-4771-8350-aacf1a87695d,1633169908843,14.3735584,52.2624288,8.8230295,-0.14653036,0.20911217,-0.034762383,on bike mount,cyclo cross,True,asphalt,excellent
f4ee5635-8bf4-4b5a-96e4-b3a42f385893,9a4ee8e4-0563-43ce-80c4-04ce28444b72,38ea1b98-e602-4dbb-a71a-5d81bd5f469c,1633169908893,14.3735584,52.2624288,8.8230295,0.013189942,-2.208816,-0.8712511,on bike mount,cyclo cross,True,asphalt,excellent
f4ee5635-8bf4-4b5a-96e4-b3a42f385893,9a4ee8e4-0563-43ce-80c4-04ce28444b72,8c9d4951-7580-41f6-8378-29014244530f,1633169908946,14.3735584,52.2624288,8.8230295,1.1499537,1.7892218,-0.88081837,on bike mount,cyclo cross,True,asphalt,excellent
f4ee5635-8bf4-4b5a-96e4-b3a42f385893,9a4ee8e4-0563-43ce-80c4-04ce28444b72,b7c867da-1bfa-4c31-a041-e2ecbf39de7b,1633169909009,14.3736649,52.2623986,8.702977,-0.7149037,-2.2414534,1.349761,on bike mount,cyclo cross,True,asphalt,excellent
f4ee5635-8bf4-4b5a-96e4-b3a42f385893,9a4ee8e4-0563-43ce-80c4-04ce28444b72,90d5e4d2-5551-4bf7-b807-b361085c4bdc,1633169909061,14.3736649,52.2623986,8.702977,-0.85120714,1.9514022,-0.8075309,on bike mount,cyclo cross,True,asphalt,excellent
f4ee5635-8bf4-4b5a-96e4-b3a42f385893,9a4ee8e4-0563-43ce-80c4-04ce28444b72,c4c92064-ed8e-45e0-8415-fa3c20b46ac1,1633169909111,14.3736649,52.2623986,8.702977,0.5293565,-0.37765002,-0.35107708,on bike mount,cyclo cross,True,asphalt,excellent
f4ee5635-8bf4-4b5a-96e4-b3a42f385893,9a4ee8e4-0563-43ce-80c4-04ce28444b72,75d9ab5b-f497-483d-bcb5-d4370aae9b77,1633169909162,14.3736649,52.2623986,8.702977,1.1428084,-1.721611,-1.3541417,on bike mount,cyclo cross,True,asphalt,excellent
f4ee5635-8bf4-4b5a-96e4-b3a42f385893,9a4ee8e4-0563-43ce-80c4-04ce28444b72,44569137-98d5-4512-9448-900bf0cd20fc,1633169909227,14.3736649,52.2623986,8.702977,-0.80002344,-1.6783602,-0.08373928,on bike mount,cyclo cross,True,asphalt,excellent
f4ee5635-8bf4-4b5a-96e4-b3a42f385893,9a4ee8e4-0563-43ce-80c4-04ce28444b72,e814f0be-9726-47b8-826a-a612f4913d05,1633169909293,14.3736649,52.2623986,8.702977,-0.66079897,0.8595171,0.7895117,on bike mount,cyclo cross,True,asphalt,excellent
f4ee5635-8bf4-4b5a-96e4-b3a42f385893,9a4ee8e4-0563-43ce-80c4-04ce28444b72,81ab1c36-cef6-433b-aa55-3cd2a96aa8c2,1633169909342,14.3736649,52.2623986,8.702977,0.28320974,-1.7695813,1.5725641,on bike mount,cyclo cross,True,asphalt,excellent
f4ee5635-8bf4-4b5a-96e4-b3a42f385893,9a4ee8e4-0563-43ce-80c4-04ce28444b72,f0fc7afd-f659-4e9b-ab56-d2c3b59e5393,1633169909392,14.3736649,52.2623986,8.702977,-0.4509999,-0.42564535,-0.5979204,on bike mount,cyclo cross,True,asphalt,excellent
f4ee5635-8bf4-4b5a-96e4-b3a42f385893,9a4ee8e4-0563-43ce-80c4-04ce28444b72,6627e7b2-508f-4905-af7c-d3750a1426ed,1633169909443,14.3736649,52.2623986,8.702977,1.7821509,0.6216073,-0.8579645,on bike mount,cyclo cross,True,asphalt,excellent
f4ee5635-8bf4-4b5a-96e4-b3a42f385893,9a4ee8e4-0563-43ce-80c4-04ce28444b72,6902cb06-5a91-4a40-bc25-e9d454b7aaee,1633169909493,14.3736649,52.2623986,8.702977,-1.4564424,0.9810021,-2.9650598,on bike mount,cyclo cross,True,asphalt,excellent
f4ee5635-8bf4-4b5a-96e4-b3a42f385893,9a4ee8e4-0563-43ce-80c4-04ce28444b72,07a57aa8-3edd-4539-8780-4a39311b90b5,1633169909545,14.3736649,52.2623986,8.702977,0.87373203,-2.3315818,0.8428345,on bike mount,cyclo cross,True,asphalt,excellent
f4ee5635-8bf4-4b5a-96e4-b3a42f385893,9a4ee8e4-0563-43ce-80c4-04ce28444b72,66c70e54-d162-48cb-a38b-8f5561c96cea,1633169909594,14.3736649,52.2623986,8.702977,0.10229531,0.31011343,-1.7361622,on bike mount,cyclo cross,True,asphalt,excellent
f4ee5635-8bf4-4b5a-96e4-b3a42f385893,9a4ee8e4-0563-43ce-80c4-04ce28444b72,3c5cbeed-5fd9-49f2-82b4-81bbce3f22ab,1633169909645,14.3736649,52.2623986,8.702977,-0.68740964,0.07393527,0.14393044,on bike mount,cyclo cross,True,asphalt,excellent
f4ee5635-8bf4-4b5a-96e4-b3a42f385893,9a4ee8e4-0563-43ce-80c4-04ce28444b72,ebfe8079-49d7-4b1b-aece-3351f22c3782,1633169909711,14.3736649,52.2623986,8.702977,0.7093685,0.11348295,-1.6855488,on bike mount,cyclo cross,True,asphalt,excellent
f4ee5635-8bf4-4b5a-96e4-b3a42f385893,9a4ee8e4-0563-43ce-80c4-04ce28444b72,7a59904d-34c8-4e07-a305-47f72eee409f,1633169909761,14.3736649,52.2623986,8.702977,0.0017561913,1.1670253,-0.04226017,on bike mount,cyclo cross,True,asphalt,excellent
f4ee5635-8bf4-4b5a-96e4-b3a42f385893,9a4ee8e4-0563-43ce-80c4-04ce28444b72,33241abc-f2e6-4900-9297-059ed6bb8704,1633169909812,14.3736649,52.2623986,8.702977,0.08891374,-0.20938945,0.05982876,on bike mount,cyclo cross,True,asphalt,excellent
f4ee5635-8bf4-4b5a-96e4-b3a42f385893,9a4ee8e4-0563-43ce-80c4-04ce28444b72,eb2e31af-0c0a-4f33-b8e1-85462be5fd86,1633169909862,14.3736649,52.2623986,8.702977,0.08757919,0.900136,1.1084623,on bike mount,cyclo cross,True,asphalt,excellent
f4ee5635-8bf4-4b5a-96e4-b3a42f385893,9a4ee8e4-0563-43ce-80c4-04ce28444b72,cdece3bc-c9da-4c7c-81e5-7a6c19cddf8d,1633169909912,14.3736649,52.2623986,8.702977,-0.8760475,-1.2188066,-0.0725317,on bike mount,cyclo cross,True,asphalt,excellent
f4ee5635-8bf4-4b5a-96e4-b3a42f385893,9a4ee8e4-0563-43ce-80c4-04ce28444b72,6688f45f-950d-42f8-af38-f838b0e93d11,1633169909962,14.3737692,52.2623651,8.620686,-0.49935853,-0.36429262,-0.022747993,on bike mount,cyclo cross,True,asphalt,excellent
f4ee5635-8bf4-4b5a-96e4-b3a42f385893,9a4ee8e4-0563-43ce-80c4-04ce28444b72,ca43ff7e-dc33-40ab-a481-5e3a22e63b02,1633169910027,14.3737692,52.2623651,8.620686,1.7373452,-0.4922943,0.6371107,on bike mount,cyclo cross,True,asphalt,excellent
f4ee5635-8bf4-4b5a-96e4-b3a42f385893,9a4ee8e4-0563-43ce-80c4-04ce28444b72,5eed7b94-bfc1-4ff3-836a-2d3697053443,1633169910078,14.3737692,52.2623651,8.620686,-0.5143138,0.7568722,1.9700413,on bike mount,cyclo cross,True,asphalt,excellent
f4ee5635-8bf4-4b5a-96e4-b3a42f385893,9a4ee8e4-0563-43ce-80c4-04ce28444b72,9a9c5d10-a7a3-427e-aa72-68dd5b834439,1633169910128,14.3737692,52.2623651,8.620686,1.1867493,1.0407302,-0.3830042,on bike mount,cyclo cross,True,asphalt,excellent
f4ee5635-8bf4-4b5a-96e4-b3a42f385893,9a4ee8e4-0563-43ce-80c4-04ce28444b72,258424ee-ea0b-4f72-90f5-edec412a9ff0,1633169910179,14.3737692,52.2623651,8.620686,-0.76653963,-0.40016055,-1.0717406,on bike mount,cyclo cross,True,asphalt,excellent
f4ee5635-8bf4-4b5a-96e4-b3a42f385893,9a4ee8e4-0563-43ce-80c4-04ce28444b72,97654d07-50b1-4f23-85df-d41c11cbe146,1633169910229,14.3737692,52.2623651,8.620686,-0.6518054,-0.83125246,1.4664888,on bike mount,cyclo cross,True,asphalt,excellent
f4ee5635-8bf4-4b5a-96e4-b3a42f385893,9a4ee8e4-0563-43ce-80c4-04ce28444b72,67d365ed-b016-4d04-80d0-9d5e634be082,1633169910295,14.3737692,52.2623651,8.620686,0.39665836,-0.21182919,-0.06615162,on bike mount,cyclo cross,True,asphalt,excellent
f4ee5635-8bf4-4b5a-96e4-b3a42f385893,9a4ee8e4-0563-43ce-80c4-04ce28444b72,03369ded-1bc8-4b74-8821-8836c21101fc,1633169910345,14.3737692,52.2623651,8.620686,-1.9740832,0.84962106,0.7580099,on bike mount,cyclo cross,True,asphalt,excellent
f4ee5635-8bf4-4b5a-96e4-b3a42f385893,9a4ee8e4-0563-43ce-80c4-04ce28444b72,9b6af984-7e54-451e-85b0-71a767cc1621,1633169910395,14.3737692,52.2623651,8.620686,0.31842887,-0.6571977,-0.15943432,on bike mount,cyclo cross,True,asphalt,excellent
f4ee5635-8bf4-4b5a-96e4-b3a42f385893,9a4ee8e4-0563-43ce-80c4-04ce28444b72,748a7ae0-76ba-4086-9426-af79cb35698d,1633169910447,14.3737692,52.2623651,8.620686,-0.5157324,0.3885572,-0.26267815,on bike mount,cyclo cross,True,asphalt,excellent
f4ee5635-8bf4-4b5a-96e4-b3a42f385893,9a4ee8e4-0563-43ce-80c4-04ce28444b72,28090220-b81c-4570-8256-4727de07e2cf,1633169910497,14.3737692,52.2623651,8.620686,-1.0969443,0.7993283,-0.8919325,on bike mount,cyclo cross,True,asphalt,excellent
f4ee5635-8bf4-4b5a-96e4-b3a42f385893,9a4ee8e4-0563-43ce-80c4-04ce28444b72,e547cd78-7804-4e3e-8954-5dacd514c478,1633169910547,14.3737692,52.2623651,8.620686,0.1883401,-1.9613432,-0.50876427,on bike mount,cyclo cross,True,asphalt,excellent
f4ee5635-8bf4-4b5a-96e4-b3a42f385893,9a4ee8e4-0563-43ce-80c4-04ce28444b72,63f6ee48-ee62-4bfd-a895-dc4a3b41f774,1633169910613,14.3737692,52.2623651,8.620686,-0.7044672,1.1185641,-0.025553703,on bike mount,cyclo cross,True,asphalt,excellent
f4ee5635-8bf4-4b5a-96e4-b3a42f385893,9a4ee8e4-0563-43ce-80c4-04ce28444b72,1b28e044-c9da-4661-98a9-ed1cedba5bf2,1633169910664,14.3737692,52.2623651,8.620686,0.45261443,0.6989784,3.2775726,on bike mount,cyclo cross,True,asphalt,excellent
f4ee5635-8bf4-4b5a-96e4-b3a42f385893,9a4ee8e4-0563-43ce-80c4-04ce28444b72,51022c68-cd53-4384-bd9b-aef0813389d2,1633169910730,14.3737692,52.2623651,8.620686,-0.91988075,2.5350814,-1.0253458,on bike mount,cyclo cross,True,asphalt,excellent
f4ee5635-8bf4-4b5a-96e4-b3a42f385893,9a4ee8e4-0563-43ce-80c4-04ce28444b72,5224365c-e742-4428-b94a-a86bf0b00cb0,1633169910797,14.3737692,52.2623651,8.620686,0.37167525,0.58431983,1.0573244,on bike mount,cyclo cross,True,asphalt,excellent
f4ee5635-8bf4-4b5a-96e4-b3a42f385893,9a4ee8e4-0563-43ce-80c4-04ce28444b72,a7229bea-19e5-4d84-9dbc-41810c22815b,1633169910864,14.3737692,52.2623651,8.620686,0.49255565,-0.67069864,-0.4633417,on bike mount,cyclo cross,True,asphalt,excellent
f4ee5635-8bf4-4b5a-96e4-b3a42f385893,9a4ee8e4-0563-43ce-80c4-04ce28444b72,00d8a69d-efe5-4284-a94f-b61cbd374e1e,1633169910931,14.3737692,52.2623651,8.620686,-1.0230396,-0.050335646,1.0633268,on bike mount,cyclo cross,True,asphalt,excellent
f4ee5635-8bf4-4b5a-96e4-b3a42f385893,9a4ee8e4-0563-43ce-80c4-04ce28444b72,43f274ac-18a1-4699-8f53-7ff344009dc4,1633169910981,14.3738752,52.2623315,8.558815,1.1477728,-0.720911,1.1110373,on bike mount,cyclo cross,True,asphalt,excellent
f4ee5635-8bf4-4b5a-96e4-b3a42f385893,9a4ee8e4-0563-43ce-80c4-04ce28444b72,a2b2fa6f-26f8-46cf-85b4-3731edeedcdf,1633169911031,14.3738752,52.2623315,8.558815,0.48202476,-0.20209122,-0.096261024,on bike mount,cyclo cross,True,asphalt,excellent
f4ee5635-8bf4-4b5a-96e4-b3a42f385893,9a4ee8e4-0563-43ce-80c4-04ce28444b72,ef715d18-c27a-4dea-8c40-da1f754fe003,1633169911082,14.3738752,52.2623315,8.558815,-1.1582698,0.029073,-1.3013763,on bike mount,cyclo cross,True,asphalt,excellent
f4ee5635-8bf4-4b5a-96e4-b3a42f385893,9a4ee8e4-0563-43ce-80c4-04ce28444b72,6cf2251f-4c61-4088-aaae-58e943c5c0fc,1633169911148,14.3738752,52.2623315,8.558815,-0.023951873,1.5670457,-0.63188076,on bike mount,cyclo cross,True,asphalt,excellent
f4ee5635-8bf4-4b5a-96e4-b3a42f385893,9a4ee8e4-0563-43ce-80c4-04ce28444b72,44d84645-a226-46c0-bf28-c209cc925dea,1633169911198,14.3738752,52.2623315,8.558815,0.13329533,-0.52393484,0.005879402,on bike mount,cyclo cross,True,asphalt,excellent
f4ee5635-8bf4-4b5a-96e4-b3a42f385893,9a4ee8e4-0563-43ce-80c4-04ce28444b72,2cd505f6-3cb7-4a09-8540-7e2904e318a3,1633169911264,14.3738752,52.2623315,8.558815,-0.22599632,-1.7756509,1.1829176,on bike mount,cyclo cross,True,asphalt,excellent
f4ee5635-8bf4-4b5a-96e4-b3a42f385893,9a4ee8e4-0563-43ce-80c4-04ce28444b72,f0755118-3884-42d8-a308-38a6008dc7ad,1633169911314,14.3738752,52.2623315,8.558815,-0.72887707,-1.010043,0.2303896,on bike mount,cyclo cross,True,asphalt,excellent
f4ee5635-8bf4-4b5a-96e4-b3a42f385893,9a4ee8e4-0563-43ce-80c4-04ce28444b72,b17229b4-96fa-4ca4-9a0c-5529754605f9,1633169911364,14.3738752,52.2623315,8.558815,0.48360425,0.29780412,1.4843597,on bike mount,cyclo cross,True,asphalt,excellent
f4ee5635-8bf4-4b5a-96e4-b3a42f385893,9a4ee8e4-0563-43ce-80c4-04ce28444b72,d6244455-353a-4f98-8c89-27dd3179dbe1,1633169911415,14.3738752,52.2623315,8.558815,-0.21169871,-1.1077372,-0.67620325,on bike mount,cyclo cross,True,asphalt,excellent
f4ee5635-8bf4-4b5a-96e4-b3a42f385893,9a4ee8e4-0563-43ce-80c4-04ce28444b72,2457f861-ab95-4fe9-a70d-188f9bb646f8,1633169911465,14.3738752,52.2623315,8.558815,1.4648371,1.4093728,-2.2435393,on bike mount,cyclo cross,True,asphalt,excellent
f4ee5635-8bf4-4b5a-96e4-b3a42f385893,9a4ee8e4-0563-43ce-80c4-04ce28444b72,ec931b83-93b4-4e56-b7e6-f82eb6b02614,1633169911516,14.3738752,52.2623315,8.558815,0.3657298,-1.9969642,0.015981674,on bike mount,cyclo cross,True,asphalt,excellent
f4ee5635-8bf4-4b5a-96e4-b3a42f385893,9a4ee8e4-0563-43ce-80c4-04ce28444b72,39b3b09d-fcb4-41b1-a021-646c8ab3d678,1633169911580,14.3738752,52.2623315,8.558815,0.81406635,0.14040041,0.40877247,on bike mount,cyclo cross,True,asphalt,excellent
f4ee5635-8bf4-4b5a-96e4-b3a42f385893,9a4ee8e4-0563-43ce-80c4-04ce28444b72,b0e102c7-d5ed-4665-a68d-7a78f47e4957,1633169911632,14.3738752,52.2623315,8.558815,-0.89740765,-0.6491785,-0.8889456,on bike mount,cyclo cross,True,asphalt,excellent
f4ee5635-8bf4-4b5a-96e4-b3a42f385893,9a4ee8e4-0563-43ce-80c4-04ce28444b72,cae999dd-523b-404d-b03b-65d158ec01c7,1633169911683,14.3738752,52.2623315,8.558815,-1.2952025,-0.9491317,-2.6015964,on bike mount,cyclo cross,True,asphalt,excellent
f4ee5635-8bf4-4b5a-96e4-b3a42f385893,9a4ee8e4-0563-43ce-80c4-04ce28444b72,76f382bb-80e9-45c9-8da2-c176da5effdf,1633169911749,14.3738752,52.2623315,8.558815,0.74235356,-0.44513607,-0.10334587,on bike mount,cyclo cross,True,asphalt,excellent
f4ee5635-8bf4-4b5a-96e4-b3a42f385893,9a4ee8e4-0563-43ce-80c4-04ce28444b72,28bc4bdf-a6ec-472c-b4bc-786ab6b2295f,1633169911799,14.3738752,52.2623315,8.558815,-0.4109035,1.4805241,-1.9519086,on bike mount,cyclo cross,True,asphalt,excellent
f4ee5635-8bf4-4b5a-96e4-b3a42f385893,9a4ee8e4-0563-43ce-80c4-04ce28444b72,e5da0851-4965-4939-aaf7-f8c1d4596391,1633169911866,14.3738752,52.2623315,8.558815,-1.1314076,-0.857942,-0.8129673,on bike mount,cyclo cross,True,asphalt,excellent
f4ee5635-8bf4-4b5a-96e4-b3a42f385893,9a4ee8e4-0563-43ce-80c4-04ce28444b72,306592a1-84a9-49cc-9ab4-d8c79c2d877e,1633169911916,14.3738752,52.2623315,8.558815,-0.39785627,-1.1391166,0.972167,on bike mount,cyclo cross,True,asphalt,excellent
f4ee5635-8bf4-4b5a-96e4-b3a42f385893,9a4ee8e4-0563-43ce-80c4-04ce28444b72,5f09d225-8e86-43e5-a73d-103f38b6032a,1633169911967,14.3739786,52.2622983,8.495985,-0.97604156,-0.14706063,-0.71290493,on bike mount,cyclo cross,True,asphalt,excellent
f4ee5635-8bf4-4b5a-96e4-b3a42f385893,9a4ee8e4-0563-43ce-80c4-04ce28444b72,66b8daa6-7778-4247-9c2e-679f82de3f24,1633169912031,14.3739786,52.2622983,8.495985,0.469993,-2.864808,1.3466711,on bike mount,cyclo cross,True,asphalt,excellent
f4ee5635-8bf4-4b5a-96e4-b3a42f385893,9a4ee8e4-0563-43ce-80c4-04ce28444b72,147c9b41-fca6-4334-a0b3-5cf60040c094,1633169912082,14.3739786,52.2622983,8.495985,1.3151481,-1.303604,-0.8464298,on bike mount,cyclo cross,True,asphalt,excellent
f4ee5635-8bf4-4b5a-96e4-b3a42f385893,9a4ee8e4-0563-43ce-80c4-04ce28444b72,e62dee2e-4ce9-4312-8c35-5ba6966bd2eb,1633169912133,14.3739786,52.2622983,8.495985,0.06906087,-0.41739798,-0.33799362,on bike mount,cyclo cross,True,asphalt,excellent
f4ee5635-8bf4-4b5a-96e4-b3a42f385893,9a4ee8e4-0563-43ce-80c4-04ce28444b72,025f586f-c41d-4490-bde3-8bd0b9d23b38,1633169912182,14.3739786,52.2622983,8.495985,-0.8745942,1.1673179,-1.808394,on bike mount,cyclo cross,True,asphalt,excellent
f4ee5635-8bf4-4b5a-96e4-b3a42f385893,9a4ee8e4-0563-43ce-80c4-04ce28444b72,762822c7-3f83-4ff8-8cab-dca4d62ae6f2,1633169912232,14.3739786,52.2622983,8.495985,-0.012559995,3.6663756,-3.915326,on bike mount,cyclo cross,True,asphalt,excellent
f4ee5635-8bf4-4b5a-96e4-b3a42f385893,9a4ee8e4-0563-43ce-80c4-04ce28444b72,5fc4d80b-7b34-445b-9da9-857be96f4901,1633169912283,14.3739786,52.2622983,8.495985,-0.5913821,-1.150657,0.48243904,on bike mount,cyclo cross,True,asphalt,excellent
f4ee5635-8bf4-4b5a-96e4-b3a42f385893,9a4ee8e4-0563-43ce-80c4-04ce28444b72,6217a059-c226-4ebb-a15a-0b02df3d3e10,1633169912334,14.3739786,52.2622983,8.495985,1.039909,0.34352827,1.3620682,on bike mount,cyclo cross,True,asphalt,excellent
f4ee5635-8bf4-4b5a-96e4-b3a42f385893,9a4ee8e4-0563-43ce-80c4-04ce28444b72,053fc8fe-7d7f-4622-9e66-6230e1ff53f2,1633169912400,14.3739786,52.2622983,8.495985,-0.9810923,-0.5318954,1.2388783,on bike mount,cyclo cross,True,asphalt,excellent
f4ee5635-8bf4-4b5a-96e4-b3a42f385893,9a4ee8e4-0563-43ce-80c4-04ce28444b72,2d2d8e84-9cf5-4334-ad35-751e597636d0,1633169912450,14.3739786,52.2622983,8.495985,1.4283149,-2.5793047,0.121129036,on bike mount,cyclo cross,True,asphalt,excellent
f4ee5635-8bf4-4b5a-96e4-b3a42f385893,9a4ee8e4-0563-43ce-80c4-04ce28444b72,29570b85-80f8-4493-a43b-531beb5ebbba,1633169912500,14.3739786,52.2622983,8.495985,-0.46148443,1.8192041,-1.0805035,on bike mount,cyclo cross,True,asphalt,excellent
f4ee5635-8bf4-4b5a-96e4-b3a42f385893,9a4ee8e4-0563-43ce-80c4-04ce28444b72,5337fc69-fc87-4111-88a7-485ee0eeb7f9,1633169912550,14.3739786,52.2622983,8.495985,0.24356325,-0.9415382,-0.94717693,on bike mount,cyclo cross,True,asphalt,excellent
f4ee5635-8bf4-4b5a-96e4-b3a42f385893,9a4ee8e4-0563-43ce-80c4-04ce28444b72,dbacb980-f90c-4a66-8b4c-bac5b2989253,1633169912600,14.3739786,52.2622983,8.495985,1.0520377,0.41756177,1.722415,on bike mount,cyclo cross,True,asphalt,excellent
f4ee5635-8bf4-4b5a-96e4-b3a42f385893,9a4ee8e4-0563-43ce-80c4-04ce28444b72,ab0afad9-b2e4-497b-8491-d69b34eb27b9,1633169912651,14.3739786,52.2622983,8.495985,-0.21136433,-1.6438315,2.2021399,on bike mount,cyclo cross,True,asphalt,excellent
f4ee5635-8bf4-4b5a-96e4-b3a42f385893,9a4ee8e4-0563-43ce-80c4-04ce28444b72,bf447046-6155-458a-b762-1c40f3f0652e,1633169912701,14.3739786,52.2622983,8.495985,-0.40826815,0.13837337,0.8022871,on bike mount,cyclo cross,True,asphalt,excellent
f4ee5635-8bf4-4b5a-96e4-b3a42f385893,9a4ee8e4-0563-43ce-80c4-04ce28444b72,a6b30ff9-9a05-43cc-bb51-4fbc1ed6f89b,1633169912767,14.3739786,52.2622983,8.495985,-0.6600553,1.3575432,-1.0736284,on bike mount,cyclo cross,True,asphalt,excellent
f4ee5635-8bf4-4b5a-96e4-b3a42f385893,9a4ee8e4-0563-43ce-80c4-04ce28444b72,9d30319d-5dd2-472a-8359-0f0fd9b30a63,1633169912834,14.3739786,52.2622983,8.495985,0.35112143,0.57745266,-1.7312498,on bike mount,cyclo cross,True,asphalt,excellent
f4ee5635-8bf4-4b5a-96e4-b3a42f385893,9a4ee8e4-0563-43ce-80c4-04ce28444b72,52faeddb-81aa-4382-a0b7-0c9f728ca1f6,1633169912900,14.3739786,52.2622983,8.495985,-0.48587286,-1.47545,-0.49852276,on bike mount,cyclo cross,True,asphalt,excellent
f4ee5635-8bf4-4b5a-96e4-b3a42f385893,9a4ee8e4-0563-43ce-80c4-04ce28444b72,6d365871-f51b-45fe-abf2-6bd732c8bb99,1633169912957,14.3739786,52.2622983,8.495985,0.9919325,1.5370612,1.4456244,on bike mount,cyclo cross,True,asphalt,excellent
f4ee5635-8bf4-4b5a-96e4-b3a42f385893,9a4ee8e4-0563-43ce-80c4-04ce28444b72,c04dbbae-0b9d-4cca-88fd-e5178650ec18,1633169913017,14.3740812,52.2622634,8.41359,-0.12879789,1.4846773,-0.36767387,on bike mount,cyclo cross,True,asphalt,excellent
f4ee5635-8bf4-4b5a-96e4-b3a42f385893,9a4ee8e4-0563-43ce-80c4-04ce28444b72,19680c43-2a1c-4a22-9329-df14dde4591e,1633169913067,14.3740812,52.2622634,8.41359,-0.4313133,-1.5386527,0.0041999817,on bike mount,cyclo cross,True,asphalt,excellent
f4ee5635-8bf4-4b5a-96e4-b3a42f385893,9a4ee8e4-0563-43ce-80c4-04ce28444b72,4f401504-5a02-4aef-b9da-72096e4114e7,1633169913117,14.3740812,52.2622634,8.41359,-0.8235912,1.5920804,-2.5005288,on bike mount,cyclo cross,True,asphalt,excellent
f4ee5635-8bf4-4b5a-96e4-b3a42f385893,9a4ee8e4-0563-43ce-80c4-04ce28444b72,53d3aea1-a71a-4a7f-ab4a-7d0dcf937029,1633169913167,14.3740812,52.2622634,8.41359,0.55964744,-1.4989754,0.8957262,on bike mount,cyclo cross,True,asphalt,excellent
f4ee5635-8bf4-4b5a-96e4-b3a42f385893,9a4ee8e4-0563-43ce-80c4-04ce28444b72,c37b4519-fedf-426b-9731-cd55025eef23,1633169913217,14.3740812,52.2622634,8.41359,0.67522436,-0.6042352,-0.75581837,on bike mount,cyclo cross,True,asphalt,excellent
f4ee5635-8bf4-4b5a-96e4-b3a42f385893,9a4ee8e4-0563-43ce-80c4-04ce28444b72,f18d43f8-eb43-4934-8708-329fa3b8309a,1633169913267,14.3740812,52.2622634,8.41359,-0.9493355,-0.6862767,0.71912956,on bike mount,cyclo cross,True,asphalt,excellent
f4ee5635-8bf4-4b5a-96e4-b3a42f385893,9a4ee8e4-0563-43ce-80c4-04ce28444b72,f88a597f-7326-4cb2-bc01-21b0ce095932,1633169913317,14.3740812,52.2622634,8.41359,-0.9422831,2.5187712,0.87583447,on bike mount,cyclo cross,True,asphalt,excellent
f4ee5635-8bf4-4b5a-96e4-b3a42f385893,9a4ee8e4-0563-43ce-80c4-04ce28444b72,54209ed2-4b2a-4835-a6f8-31a557666e1b,1633169913368,14.3740812,52.2622634,8.41359,-0.8263999,-0.6803465,0.82946205,on bike mount,cyclo cross,True,asphalt,excellent
f4ee5635-8bf4-4b5a-96e4-b3a42f385893,9a4ee8e4-0563-43ce-80c4-04ce28444b72,14547e57-d878-4435-b677-3a358af3a292,1633169913419,14.3740812,52.2622634,8.41359,-0.4613296,0.86696815,-3.4118748,on bike mount,cyclo cross,True,asphalt,excellent
f4ee5635-8bf4-4b5a-96e4-b3a42f385893,9a4ee8e4-0563-43ce-80c4-04ce28444b72,0b830de3-a383-46f9-8052-c8e315985287,1633169913484,14.3740812,52.2622634,8.41359,0.5661936,-0.9216875,0.76637745,on bike mount,cyclo cross,True,asphalt,excellent
f4ee5635-8bf4-4b5a-96e4-b3a42f385893,9a4ee8e4-0563-43ce-80c4-04ce28444b72,49af97be-5ef4-4045-8f35-07e6cd829b57,1633169913535,14.3740812,52.2622634,8.41359,1.1329261,-0.33936477,1.9380856,on bike mount,cyclo cross,True,asphalt,excellent
f4ee5635-8bf4-4b5a-96e4-b3a42f385893,9a4ee8e4-0563-43ce-80c4-04ce28444b72,71bebd55-7aae-494a-b28e-874f7776d293,1633169913585,14.3740812,52.2622634,8.41359,0.74800503,2.8333983,3.2912693,on bike mount,cyclo cross,True,asphalt,excellent
f4ee5635-8bf4-4b5a-96e4-b3a42f385893,9a4ee8e4-0563-43ce-80c4-04ce28444b72,aefdf186-64d7-452a-93c5-75326121854d,1633169913635,14.3740812,52.2622634,8.41359,-0.26452303,0.43608928,2.0443325,on bike mount,cyclo cross,True,asphalt,excellent
f4ee5635-8bf4-4b5a-96e4-b3a42f385893,9a4ee8e4-0563-43ce-80c4-04ce28444b72,fca61a73-5fcb-4703-928a-f46da3152b3c,1633169913684,14.3740812,52.2622634,8.41359,0.80040133,-1.4437462,0.004968643,on bike mount,cyclo cross,True,asphalt,excellent
f4ee5635-8bf4-4b5a-96e4-b3a42f385893,9a4ee8e4-0563-43ce-80c4-04ce28444b72,20279034-88e2-4f0d-a26d-b4697b8e81cd,1633169913734,14.3740812,52.2622634,8.41359,1.8806248,2.4546838,-0.18662834,on bike mount,cyclo cross,True,asphalt,excellent
f4ee5635-8bf4-4b5a-96e4-b3a42f385893,9a4ee8e4-0563-43ce-80c4-04ce28444b72,6de6c6d6-dbb9-4a61-8777-3b57964bd294,1633169913784,14.3740812,52.2622634,8.41359,0.100150555,-0.89327145,2.1013584,on bike mount,cyclo cross,True,asphalt,excellent
f4ee5635-8bf4-4b5a-96e4-b3a42f385893,9a4ee8e4-0563-43ce-80c4-04ce28444b72,34c3a534-ac50-4706-97de-787c214ad3fc,1633169913836,14.3740812,52.2622634,8.41359,1.449285,-0.5255704,-1.2090902,on bike mount,cyclo cross,True,asphalt,excellent
f4ee5635-8bf4-4b5a-96e4-b3a42f385893,9a4ee8e4-0563-43ce-80c4-04ce28444b72,71351040-93a2-4110-86b6-e8a2ab0958b8,1633169913886,14.3740812,52.2622634,8.41359,-1.1087799,0.4836924,-0.51576996,on bike mount,cyclo cross,True,asphalt,excellent
f4ee5635-8bf4-4b5a-96e4-b3a42f385893,9a4ee8e4-0563-43ce-80c4-04ce28444b72,83bdd29e-3abd-4ba4-9b5f-740b9784efde,1633169913937,14.3740812,52.2622634,8.41359,-0.85256684,1.9952087,-1.57903,on bike mount,cyclo cross,True,asphalt,excellent
f4ee5635-8bf4-4b5a-96e4-b3a42f385893,9a4ee8e4-0563-43ce-80c4-04ce28444b72,6d1efb73-e6aa-465d-97c8-24322b82d382,1633169914001,14.3741854,52.2622299,8.369861,-0.2855199,0.14903593,-3.23876,on bike mount,cyclo cross,True,asphalt,excellent
f4ee5635-8bf4-4b5a-96e4-b3a42f385893,9a4ee8e4-0563-43ce-80c4-04ce28444b72,16d97a5c-7853-4272-9d04-dd918d26d123,1633169914051,14.3741854,52.2622299,8.369861,-1.1390424,0.5147135,1.7502975,on bike mount,cyclo cross,True,asphalt,excellent
f4ee5635-8bf4-4b5a-96e4-b3a42f385893,9a4ee8e4-0563-43ce-80c4-04ce28444b72,925c6d9f-919b-4bec-9e0c-f0218990c630,1633169914102,14.3741854,52.2622299,8.369861,-0.04918997,0.4618733,1.7058687,on bike mount,cyclo cross,True,asphalt,excellent
f4ee5635-8bf4-4b5a-96e4-b3a42f385893,9a4ee8e4-0563-43ce-80c4-04ce28444b72,dd019294-8498-4430-8de4-2fbc9a9cbabd,1633169914153,14.3741854,52.2622299,8.369861,-0.6619898,-0.56610966,-1.2179255,on bike mount,cyclo cross,True,asphalt,excellent
f4ee5635-8bf4-4b5a-96e4-b3a42f385893,9a4ee8e4-0563-43ce-80c4-04ce28444b72,62283d1c-de02-477d-9925-1d475a025ca8,1633169914203,14.3741854,52.2622299,8.369861,-0.13742131,-0.7124454,-1.291542,on bike mount,cyclo cross,True,asphalt,excellent
f4ee5635-8bf4-4b5a-96e4-b3a42f385893,9a4ee8e4-0563-43ce-80c4-04ce28444b72,7d01b869-b5c3-4245-a040-6ed264ccd9d5,1633169914253,14.3741854,52.2622299,8.369861,-0.5699056,-0.38553166,-0.07344818,on bike mount,cyclo cross,True,asphalt,excellent
f4ee5635-8bf4-4b5a-96e4-b3a42f385893,9a4ee8e4-0563-43ce-80c4-04ce28444b72,3bb4674a-4a4f-47a5-a4a8-499f339e6bde,1633169914304,14.3741854,52.2622299,8.369861,0.15180591,-1.4796251,0.16534328,on bike mount,cyclo cross,True,asphalt,excellent
f4ee5635-8bf4-4b5a-96e4-b3a42f385893,9a4ee8e4-0563-43ce-80c4-04ce28444b72,5e486e88-f3e2-4c54-9873-b83bed7d12b5,1633169914353,14.3741854,52.2622299,8.369861,-0.89235103,-0.4098661,-0.17986774,on bike mount,cyclo cross,True,asphalt,excellent
f4ee5635-8bf4-4b5a-96e4-b3a42f385893,9a4ee8e4-0563-43ce-80c4-04ce28444b72,b3857ef8-d9a4-46b8-ba62-682a25e55ed7,1633169914403,14.3741854,52.2622299,8.369861,0.19969147,0.9124813,-0.06297779,on bike mount,cyclo cross,True,asphalt,excellent
f4ee5635-8bf4-4b5a-96e4-b3a42f385893,9a4ee8e4-0563-43ce-80c4-04ce28444b72,4d17866a-a88d-4def-a59d-add15e3a40ac,1633169914454,14.3741854,52.2622299,8.369861,-0.8091988,0.19963431,-1.0447855,on bike mount,cyclo cross,True,asphalt,excellent
f4ee5635-8bf4-4b5a-96e4-b3a42f385893,9a4ee8e4-0563-43ce-80c4-04ce28444b72,c2d1b3a5-15bf-4737-8c3c-39721ca3d033,1633169914504,14.3741854,52.2622299,8.369861,-0.069189884,-0.5960579,-0.7004223,on bike mount,cyclo cross,True,asphalt,excellent
f4ee5635-8bf4-4b5a-96e4-b3a42f385893,9a4ee8e4-0563-43ce-80c4-04ce28444b72,29bce9a7-862e-450d-8cf8-9246f1cb3048,1633169914553,14.3741854,52.2622299,8.369861,-0.06297156,0.8383949,0.13103867,on bike mount,cyclo cross,True,asphalt,excellent
f4ee5635-8bf4-4b5a-96e4-b3a42f385893,9a4ee8e4-0563-43ce-80c4-04ce28444b72,2ccb5463-d651-4a73-9a9b-16e370a0f65e,1633169914604,14.3741854,52.2622299,8.369861,-0.32602602,0.06436396,1.5581408,on bike mount,cyclo cross,True,asphalt,excellent
f4ee5635-8bf4-4b5a-96e4-b3a42f385893,9a4ee8e4-0563-43ce-80c4-04ce28444b72,91e03b4d-1050-4837-ac19-e68f7d93854c,1633169914654,14.3741854,52.2622299,8.369861,0.47671112,-0.031648874,0.5967245,on bike mount,cyclo cross,True,asphalt,excellent
f4ee5635-8bf4-4b5a-96e4-b3a42f385893,9a4ee8e4-0563-43ce-80c4-04ce28444b72,66be8268-0731-4c55-b600-8a619e3e07ae,1633169914704,14.3741854,52.2622299,8.369861,-0.24810176,0.045088768,-1.870317,on bike mount,cyclo cross,True,asphalt,excellent
f4ee5635-8bf4-4b5a-96e4-b3a42f385893,9a4ee8e4-0563-43ce-80c4-04ce28444b72,b97cb337-48a7-4673-81ce-7e549253cd07,1633169914755,14.3741854,52.2622299,8.369861,-0.6556366,-2.0042167,1.418601,on bike mount,cyclo cross,True,asphalt,excellent
f4ee5635-8bf4-4b5a-96e4-b3a42f385893,9a4ee8e4-0563-43ce-80c4-04ce28444b72,8c2a080a-8bee-4dc0-bcf7-0a077e774c67,1633169914820,14.3741854,52.2622299,8.369861,-1.0961771,0.6239433,0.16404152,on bike mount,cyclo cross,True,asphalt,excellent
f4ee5635-8bf4-4b5a-96e4-b3a42f385893,9a4ee8e4-0563-43ce-80c4-04ce28444b72,02d2c9eb-fa82-4f9a-9c33-2ed296c4b83a,1633169914871,14.3741854,52.2622299,8.369861,-0.97741663,-0.84297514,0.49406242,on bike mount,cyclo cross,True,asphalt,excellent
f4ee5635-8bf4-4b5a-96e4-b3a42f385893,9a4ee8e4-0563-43ce-80c4-04ce28444b72,be4a26d0-aeaf-477e-8097-506eebc27116,1633169914921,14.3741854,52.2622299,8.369861,-0.10601266,-0.4369831,-3.8546388,on bike mount,cyclo cross,True,asphalt,excellent
f4ee5635-8bf4-4b5a-96e4-b3a42f385893,9a4ee8e4-0563-43ce-80c4-04ce28444b72,1744c93a-2baf-418a-8782-ff2e4b6a9f38,1633169914971,14.374289,52.2621939,8.31103,0.2356128,-1.0154328,0.0302248,on bike mount,cyclo cross,True,asphalt,excellent
f4ee5635-8bf4-4b5a-96e4-b3a42f385893,9a4ee8e4-0563-43ce-80c4-04ce28444b72,d0818129-b6f0-4d7d-a925-d5a484b6c917,1633169915036,14.374289,52.2621939,8.31103,-1.1559732,-1.4284284,0.14545059,on bike mount,cyclo cross,True,asphalt,excellent
f4ee5635-8bf4-4b5a-96e4-b3a42f385893,9a4ee8e4-0563-43ce-80c4-04ce28444b72,ebe65a91-5ac3-4234-acf9-ed573ba353bd,1633169915087,14.374289,52.2621939,8.31103,-0.08874494,1.4869356,-0.7675171,on bike mount,cyclo cross,True,asphalt,excellent
f4ee5635-8bf4-4b5a-96e4-b3a42f385893,9a4ee8e4-0563-43ce-80c4-04ce28444b72,19460098-553e-40d2-a4f0-ace0191197d4,1633169915137,14.374289,52.2621939,8.31103,-0.6501856,0.7560673,-0.54149246,on bike mount,cyclo cross,True,asphalt,excellent
f4ee5635-8bf4-4b5a-96e4-b3a42f385893,9a4ee8e4-0563-43ce-80c4-04ce28444b72,0632e923-40db-4321-b9d0-4cd78bb3f64a,1633169915188,14.374289,52.2621939,8.31103,0.7244766,0.3134036,-0.22195816,on bike mount,cyclo cross,True,asphalt,excellent
f4ee5635-8bf4-4b5a-96e4-b3a42f385893,9a4ee8e4-0563-43ce-80c4-04ce28444b72,8d64d285-e9f2-46a1-b297-5f80316b0022,1633169915238,14.374289,52.2621939,8.31103,-1.8945715,1.6230793,1.1908245,on bike mount,cyclo cross,True,asphalt,excellent
f4ee5635-8bf4-4b5a-96e4-b3a42f385893,9a4ee8e4-0563-43ce-80c4-04ce28444b72,ba60b4ac-4bf8-4d16-8387-7d823da69067,1633169915288,14.374289,52.2621939,8.31103,0.5114741,-0.51120615,-2.4196944,on bike mount,cyclo cross,True,asphalt,excellent
f4ee5635-8bf4-4b5a-96e4-b3a42f385893,9a4ee8e4-0563-43ce-80c4-04ce28444b72,92c46168-ceb8-45fa-b8aa-5880f4012bc4,1633169915339,14.374289,52.2621939,8.31103,-0.84093225,2.3034062,-1.3192472,on bike mount,cyclo cross,True,asphalt,excellent
f4ee5635-8bf4-4b5a-96e4-b3a42f385893,9a4ee8e4-0563-43ce-80c4-04ce28444b72,244a1c2f-8256-47bc-88ad-4cee196be9ad,1633169915389,14.374289,52.2621939,8.31103,-0.58755434,-1.2674513,0.010838509,on bike mount,cyclo cross,True,asphalt,excellent
f4ee5635-8bf4-4b5a-96e4-b3a42f385893,9a4ee8e4-0563-43ce-80c4-04ce28444b72,1481d602-f54c-4320-afe5-45a4d267fe5b,1633169915438,14.374289,52.2621939,8.31103,1.8078505,-0.10364723,2.6007366,on bike mount,cyclo cross,True,asphalt,excellent
f4ee5635-8bf4-4b5a-96e4-b3a42f385893,9a4ee8e4-0563-43ce-80c4-04ce28444b72,dbfed8b7-3c2e-4f68-b3f9-27fdba7892a3,1633169915489,14.374289,52.2621939,8.31103,-0.10246953,3.5171947,-0.9829192,on bike mount,cyclo cross,True,asphalt,excellent
f4ee5635-8bf4-4b5a-96e4-b3a42f385893,9a4ee8e4-0563-43ce-80c4-04ce28444b72,25296383-aaa4-4496-9498-fcd32cdf99d5,1633169915556,14.374289,52.2621939,8.31103,-1.4458302,1.0478532,1.8178682,on bike mount,cyclo cross,True,asphalt,excellent
f4ee5635-8bf4-4b5a-96e4-b3a42f385893,9a4ee8e4-0563-43ce-80c4-04ce28444b72,713ed4c3-2376-488d-895a-611b7ed4cd88,1633169915606,14.374289,52.2621939,8.31103,-0.48153877,3.381353,-2.0663776,on bike mount,cyclo cross,True,asphalt,excellent
f4ee5635-8bf4-4b5a-96e4-b3a42f385893,9a4ee8e4-0563-43ce-80c4-04ce28444b72,88863070-d031-4fda-a4bc-c2f3cb2dd94f,1633169915671,14.374289,52.2621939,8.31103,0.26229674,-0.20804715,-0.7008486,on bike mount,cyclo cross,True,asphalt,excellent
f4ee5635-8bf4-4b5a-96e4-b3a42f385893,9a4ee8e4-0563-43ce-80c4-04ce28444b72,07707110-e04f-47af-856d-e6396d7c0201,1633169915722,14.374289,52.2621939,8.31103,-1.1936835,-1.162851,0.29633045,on bike mount,cyclo cross,True,asphalt,excellent
f4ee5635-8bf4-4b5a-96e4-b3a42f385893,9a4ee8e4-0563-43ce-80c4-04ce28444b72,73d6ebc8-daa9-4ce4-bbd7-cafbd8eff7f9,1633169915771,14.374289,52.2621939,8.31103,1.6200321,1.3069525,-0.076514244,on bike mount,cyclo cross,True,asphalt,excellent
f4ee5635-8bf4-4b5a-96e4-b3a42f385893,9a4ee8e4-0563-43ce-80c4-04ce28444b72,54517010-90cc-47f7-99b3-1dcb538d392e,1633169915822,14.374289,52.2621939,8.31103,-0.086301565,1.3672655,-1.3735185,on bike mount,cyclo cross,True,asphalt,excellent
f4ee5635-8bf4-4b5a-96e4-b3a42f385893,9a4ee8e4-0563-43ce-80c4-04ce28444b72,1de5faf3-1376-4259-a5ba-d2349d07fe78,1633169915873,14.374289,52.2621939,8.31103,-0.41836917,2.4331698,-1.4029045,on bike mount,cyclo cross,True,asphalt,excellent
f4ee5635-8bf4-4b5a-96e4-b3a42f385893,9a4ee8e4-0563-43ce-80c4-04ce28444b72,8c96e878-7d11-437b-bb25-3f2a6da108e7,1633169915923,14.374289,52.2621939,8.31103,0.5221678,1.4107869,-0.60141563,on bike mount,cyclo cross,True,asphalt,excellent
f4ee5635-8bf4-4b5a-96e4-b3a42f385893,9a4ee8e4-0563-43ce-80c4-04ce28444b72,d8969cc6-5bc5-4955-8186-e7bcd66ac2f1,1633169915973,14.374389,52.2621618,8.249581,0.8612573,-0.17848754,1.850133,on bike mount,cyclo cross,True,asphalt,excellent
f4ee5635-8bf4-4b5a-96e4-b3a42f385893,9a4ee8e4-0563-43ce-80c4-04ce28444b72,f687c86a-e5cc-4ae5-8063-efd8dbd26eac,1633169916023,14.374389,52.2621618,8.249581,0.36362657,-0.96370924,-1.1178799,on bike mount,cyclo cross,True,asphalt,excellent
f4ee5635-8bf4-4b5a-96e4-b3a42f385893,9a4ee8e4-0563-43ce-80c4-04ce28444b72,ee8b8170-9221-4694-bca8-543e3066669d,1633169916073,14.374389,52.2621618,8.249581,1.0433058,-1.3624307,-0.39678097,on bike mount,cyclo cross,True,asphalt,excellent
f4ee5635-8bf4-4b5a-96e4-b3a42f385893,9a4ee8e4-0563-43ce-80c4-04ce28444b72,4ac0deb5-e31e-4c68-a5b7-d22614865e6a,1633169916124,14.374389,52.2621618,8.249581,-0.5518038,-1.9103096,-0.7129631,on bike mount,cyclo cross,True,asphalt,excellent
f4ee5635-8bf4-4b5a-96e4-b3a42f385893,9a4ee8e4-0563-43ce-80c4-04ce28444b72,985f2c93-a9fe-4b38-9b1e-72f597dfb884,1633169916173,14.374389,52.2621618,8.249581,0.77007616,-1.1440785,-1.1942825,on bike mount,cyclo cross,True,asphalt,excellent
f4ee5635-8bf4-4b5a-96e4-b3a42f385893,9a4ee8e4-0563-43ce-80c4-04ce28444b72,728e4cf9-4792-4a18-a3b1-1521448a2974,1633169916223,14.374389,52.2621618,8.249581,0.8796303,-0.42564774,0.20664978,on bike mount,cyclo cross,True,asphalt,excellent
f4ee5635-8bf4-4b5a-96e4-b3a42f385893,9a4ee8e4-0563-43ce-80c4-04ce28444b72,e9277bfe-287b-4889-a197-f196191a98b8,1633169916273,14.374389,52.2621618,8.249581,-1.4000247,1.6159391,-1.3296428,on bike mount,cyclo cross,True,asphalt,excellent
f4ee5635-8bf4-4b5a-96e4-b3a42f385893,9a4ee8e4-0563-43ce-80c4-04ce28444b72,8d9f91e6-3204-4c4e-a19e-630aeeec83ab,1633169916341,14.374389,52.2621618,8.249581,0.6184677,0.21164942,-2.077588,on bike mount,cyclo cross,True,asphalt,excellent
f4ee5635-8bf4-4b5a-96e4-b3a42f385893,9a4ee8e4-0563-43ce-80c4-04ce28444b72,0901b3c2-a024-48a8-a3cd-318f769fe515,1633169916406,14.374389,52.2621618,8.249581,-0.18695834,-3.0496392,-1.0886507,on bike mount,cyclo cross,True,asphalt,excellent
f4ee5635-8bf4-4b5a-96e4-b3a42f385893,9a4ee8e4-0563-43ce-80c4-04ce28444b72,7674c803-9a47-490c-a1bd-897a304bb214,1633169916456,14.374389,52.2621618,8.249581,-0.1708116,0.5811384,-0.43833828,on bike mount,cyclo cross,True,asphalt,excellent
f4ee5635-8bf4-4b5a-96e4-b3a42f385893,9a4ee8e4-0563-43ce-80c4-04ce28444b72,f7d9c431-735a-496e-8873-deeb94159bab,1633169916506,14.374389,52.2621618,8.249581,1.322809,-2.8219862,-1.8195095,on bike mount,cyclo cross,True,asphalt,excellent
f4ee5635-8bf4-4b5a-96e4-b3a42f385893,9a4ee8e4-0563-43ce-80c4-04ce28444b72,ade20371-5950-42b5-bb2d-142f40ee0f02,1633169916557,14.374389,52.2621618,8.249581,0.7479496,1.1838243,-1.0749311,on bike mount,cyclo cross,True,asphalt,excellent
f4ee5635-8bf4-4b5a-96e4-b3a42f385893,9a4ee8e4-0563-43ce-80c4-04ce28444b72,589b7b53-751a-4497-836d-e2a588c2c060,1633169916608,14.374389,52.2621618,8.249581,-1.7441636,1.9940233,-1.7578125,on bike mount,cyclo cross,True,asphalt,excellent
f4ee5635-8bf4-4b5a-96e4-b3a42f385893,9a4ee8e4-0563-43ce-80c4-04ce28444b72,048f0b28-24b1-4957-97fd-804ef0f1cbef,1633169916658,14.374389,52.2621618,8.249581,0.78660226,3.2711396,-1.567626,on bike mount,cyclo cross,True,asphalt,excellent
f4ee5635-8bf4-4b5a-96e4-b3a42f385893,9a4ee8e4-0563-43ce-80c4-04ce28444b72,c9bb28d1-d6ad-46f3-b986-3ee1b6b578e0,1633169916708,14.374389,52.2621618,8.249581,0.81265426,-2.7425206,-0.16880608,on bike mount,cyclo cross,True,asphalt,excellent
f4ee5635-8bf4-4b5a-96e4-b3a42f385893,9a4ee8e4-0563-43ce-80c4-04ce28444b72,3e63894a-971e-4675-8309-7b944ac34efe,1633169916758,14.374389,52.2621618,8.249581,0.93362665,0.6943021,-1.6503625,on bike mount,cyclo cross,True,asphalt,excellent
f4ee5635-8bf4-4b5a-96e4-b3a42f385893,9a4ee8e4-0563-43ce-80c4-04ce28444b72,552082e2-ab22-4cca-9f4e-84a21e335da3,1633169916824,14.374389,52.2621618,8.249581,-0.42764622,1.8300614,-0.42575645,on bike mount,cyclo cross,True,asphalt,excellent
f4ee5635-8bf4-4b5a-96e4-b3a42f385893,9a4ee8e4-0563-43ce-80c4-04ce28444b72,7cff6856-de8f-4d00-8acf-40b3ed090f5c,1633169916874,14.374389,52.2621618,8.249581,-1.1064324,1.4948416,-2.6098824,on bike mount,cyclo cross,True,asphalt,excellent
f4ee5635-8bf4-4b5a-96e4-b3a42f385893,9a4ee8e4-0563-43ce-80c4-04ce28444b72,cb37dc9c-3b0b-4dbf-a994-7892302876e2,1633169916924,14.374389,52.2621618,8.249581,1.4593663,-1.6909533,0.2073307,on bike mount,cyclo cross,True,asphalt,excellent
f4ee5635-8bf4-4b5a-96e4-b3a42f385893,9a4ee8e4-0563-43ce-80c4-04ce28444b72,eff415fe-4912-4e7f-bff4-350b99def32c,1633169916975,14.3744894,52.2621305,8.223746,-0.1901603,1.1892128,-0.8216295,on bike mount,cyclo cross,True,asphalt,excellent
f4ee5635-8bf4-4b5a-96e4-b3a42f385893,9a4ee8e4-0563-43ce-80c4-04ce28444b72,3bbd7095-3e81-4a5f-a5c1-5998bfdd74df,1633169917025,14.3744894,52.2621305,8.223746,0.18453158,1.1142702,-0.27120972,on bike mount,cyclo cross,True,asphalt,excellent
f4ee5635-8bf4-4b5a-96e4-b3a42f385893,9a4ee8e4-0563-43ce-80c4-04ce28444b72,5a541c9d-b9e4-4f46-945a-cacdca0ddaa3,1633169917075,14.3744894,52.2621305,8.223746,0.058377028,-0.58900833,-0.19481182,on bike mount,cyclo cross,True,asphalt,excellent
f4ee5635-8bf4-4b5a-96e4-b3a42f385893,9a4ee8e4-0563-43ce-80c4-04ce28444b72,13e99002-35f3-4659-8225-092d80e229f2,1633169917141,14.3744894,52.2621305,8.223746,-0.45202586,-0.86941266,-0.46739388,on bike mount,cyclo cross,True,asphalt,excellent
f4ee5635-8bf4-4b5a-96e4-b3a42f385893,9a4ee8e4-0563-43ce-80c4-04ce28444b72,cfbe7d12-d9fb-4916-9f9c-531e1997a6ed,1633169917192,14.3744894,52.2621305,8.223746,0.56456935,-1.3889173,0.5009365,on bike mount,cyclo cross,True,asphalt,excellent
f4ee5635-8bf4-4b5a-96e4-b3a42f385893,9a4ee8e4-0563-43ce-80c4-04ce28444b72,82fb66ff-0a21-445c-848c-09763669c93f,1633169917243,14.3744894,52.2621305,8.223746,0.7298492,-1.639102,-0.5807705,on bike mount,cyclo cross,True,asphalt,excellent
f4ee5635-8bf4-4b5a-96e4-b3a42f385893,9a4ee8e4-0563-43ce-80c4-04ce28444b72,909aab30-3663-40b1-a02b-8429b0e54d08,1633169917293,14.3744894,52.2621305,8.223746,-0.030026376,0.9568367,-2.427937,on bike mount,cyclo cross,True,asphalt,excellent
f4ee5635-8bf4-4b5a-96e4-b3a42f385893,9a4ee8e4-0563-43ce-80c4-04ce28444b72,3ca1f6b2-ccc8-4277-8818-599227515e53,1633169917343,14.3744894,52.2621305,8.223746,-0.5969294,-1.8112922,0.15253258,on bike mount,cyclo cross,True,asphalt,excellent
f4ee5635-8bf4-4b5a-96e4-b3a42f385893,9a4ee8e4-0563-43ce-80c4-04ce28444b72,a2825f3d-e9de-4caa-b9aa-ba4dee38426d,1633169917408,14.3744894,52.2621305,8.223746,0.35631236,-1.1027879,2.4979763,on bike mount,cyclo cross,True,asphalt,excellent
f4ee5635-8bf4-4b5a-96e4-b3a42f385893,9a4ee8e4-0563-43ce-80c4-04ce28444b72,b30a846c-0262-476d-91c2-dcb580194187,1633169917458,14.3744894,52.2621305,8.223746,-0.077261135,0.0122509,-1.4610143,on bike mount,cyclo cross,True,asphalt,excellent
f4ee5635-8bf4-4b5a-96e4-b3a42f385893,9a4ee8e4-0563-43ce-80c4-04ce28444b72,52b26eb6-a2c4-4553-9ca6-d40262ee5742,1633169917510,14.3744894,52.2621305,8.223746,0.60636556,-0.3404603,0.63626194,on bike mount,cyclo cross,True,asphalt,excellent
f4ee5635-8bf4-4b5a-96e4-b3a42f385893,9a4ee8e4-0563-43ce-80c4-04ce28444b72,63883e93-c97c-4e13-95a0-2d37537ed631,1633169917576,14.3744894,52.2621305,8.223746,-0.5630839,0.18334866,0.03025341,on bike mount,cyclo cross,True,asphalt,excellent
f4ee5635-8bf4-4b5a-96e4-b3a42f385893,9a4ee8e4-0563-43ce-80c4-04ce28444b72,8e586cad-ce96-429e-ac87-2c416e7926af,1633169917641,14.3744894,52.2621305,8.223746,1.0934007,0.29495955,1.2278309,on bike mount,cyclo cross,True,asphalt,excellent
f4ee5635-8bf4-4b5a-96e4-b3a42f385893,9a4ee8e4-0563-43ce-80c4-04ce28444b72,bd036419-eb73-42bf-9230-7022f9ff5fe6,1633169917693,14.3744894,52.2621305,8.223746,0.5870544,-1.4457669,-0.9954319,on bike mount,cyclo cross,True,asphalt,excellent
f4ee5635-8bf4-4b5a-96e4-b3a42f385893,9a4ee8e4-0563-43ce-80c4-04ce28444b72,b8c450a9-9d27-41f7-a55f-4015206941d0,1633169917743,14.3744894,52.2621305,8.223746,-0.8908674,-1.0808372,-0.28232288,on bike mount,cyclo cross,True,asphalt,excellent
f4ee5635-8bf4-4b5a-96e4-b3a42f385893,9a4ee8e4-0563-43ce-80c4-04ce28444b72,ee292516-dc82-4444-a645-ce50fac9da2b,1633169917793,14.3744894,52.2621305,8.223746,-0.4462255,0.5594468,0.6465168,on bike mount,cyclo cross,True,asphalt,excellent
f4ee5635-8bf4-4b5a-96e4-b3a42f385893,9a4ee8e4-0563-43ce-80c4-04ce28444b72,ea2426bf-a90c-4490-9e24-d54903a96ee3,1633169917843,14.3744894,52.2621305,8.223746,-1.4648094,0.7463651,-1.553328,on bike mount,cyclo cross,True,asphalt,excellent
f4ee5635-8bf4-4b5a-96e4-b3a42f385893,9a4ee8e4-0563-43ce-80c4-04ce28444b72,504a3e83-73d7-445c-b1b1-6502560b2eb8,1633169917893,14.3744894,52.2621305,8.223746,0.0005504638,0.36226845,-0.9642787,on bike mount,cyclo cross,True,asphalt,excellent
f4ee5635-8bf4-4b5a-96e4-b3a42f385893,9a4ee8e4-0563-43ce-80c4-04ce28444b72,3ccf0ad1-8a04-4836-8e2d-304d6545ba04,1633169917947,14.3744894,52.2621305,8.223746,-1.0321875,-2.1528087,0.07846069,on bike mount,cyclo cross,True,asphalt,excellent
f4ee5635-8bf4-4b5a-96e4-b3a42f385893,9a4ee8e4-0563-43ce-80c4-04ce28444b72,85481f8f-dd6c-446f-ba86-f130196f409d,1633169918009,14.3745886,52.2621011,8.161318,-0.5778541,-1.429535,0.21910763,on bike mount,cyclo cross,True,asphalt,excellent
f4ee5635-8bf4-4b5a-96e4-b3a42f385893,9a4ee8e4-0563-43ce-80c4-04ce28444b72,1ed58f79-cdc5-4f17-a8da-fa6a0da463d1,1633169918060,14.3745886,52.2621011,8.161318,-0.19946903,1.7337146,1.1520405,on bike mount,cyclo cross,True,asphalt,excellent
f4ee5635-8bf4-4b5a-96e4-b3a42f385893,9a4ee8e4-0563-43ce-80c4-04ce28444b72,3e69b6bf-ac25-41e8-b196-4b176d624a8f,1633169918110,14.3745886,52.2621011,8.161318,-0.047541082,-1.146056,1.7925882,on bike mount,cyclo cross,True,asphalt,excellent
f4ee5635-8bf4-4b5a-96e4-b3a42f385893,9a4ee8e4-0563-43ce-80c4-04ce28444b72,1d8f9415-cda4-4106-8945-08c25a67ca65,1633169918162,14.3745886,52.2621011,8.161318,-0.557225,-1.4427643,0.77593803,on bike mount,cyclo cross,True,asphalt,excellent
f4ee5635-8bf4-4b5a-96e4-b3a42f385893,9a4ee8e4-0563-43ce-80c4-04ce28444b72,6c199870-7872-4718-87bb-1fa163afc257,1633169918226,14.3745886,52.2621011,8.161318,0.18588106,-1.6558137,0.9479227,on bike mount,cyclo cross,True,asphalt,excellent
f4ee5635-8bf4-4b5a-96e4-b3a42f385893,9a4ee8e4-0563-43ce-80c4-04ce28444b72,e8259f6c-a93f-441f-b572-e3c3fe1f7c65,1633169918276,14.3745886,52.2621011,8.161318,0.8304523,-0.5237839,0.5025606,on bike mount,cyclo cross,True,asphalt,excellent
f4ee5635-8bf4-4b5a-96e4-b3a42f385893,9a4ee8e4-0563-43ce-80c4-04ce28444b72,cf19de61-6b61-49ad-8a6b-21158490e493,1633169918328,14.3745886,52.2621011,8.161318,0.9410833,-1.9103276,1.0941219,on bike mount,cyclo cross,True,asphalt,excellent
f4ee5635-8bf4-4b5a-96e4-b3a42f385893,9a4ee8e4-0563-43ce-80c4-04ce28444b72,7621512c-9a17-46b8-bb56-fdd78f07020b,1633169918393,14.3745886,52.2621011,8.161318,-0.11809638,-1.2910192,0.15844059,on bike mount,cyclo cross,True,asphalt,excellent
f4ee5635-8bf4-4b5a-96e4-b3a42f385893,9a4ee8e4-0563-43ce-80c4-04ce28444b72,e77a8dc1-6d3e-480c-8c2e-05134b6b5c39,1633169918443,14.3745886,52.2621011,8.161318,-2.361761,-0.37353992,-1.1817875,on bike mount,cyclo cross,True,asphalt,excellent
f4ee5635-8bf4-4b5a-96e4-b3a42f385893,9a4ee8e4-0563-43ce-80c4-04ce28444b72,7af32cf3-4ce5-4bc0-82c0-367838fce1c1,1633169918493,14.3745886,52.2621011,8.161318,0.05451706,-1.5799611,-0.053017616,on bike mount,cyclo cross,True,asphalt,excellent
f4ee5635-8bf4-4b5a-96e4-b3a42f385893,9a4ee8e4-0563-43ce-80c4-04ce28444b72,d7ae779b-1a84-4c1c-b35d-bda14e41e160,1633169918543,14.3745886,52.2621011,8.161318,-0.9924972,0.52731824,-1.009429,on bike mount,cyclo cross,True,asphalt,excellent
f4ee5635-8bf4-4b5a-96e4-b3a42f385893,9a4ee8e4-0563-43ce-80c4-04ce28444b72,cc9ec5b5-b4fc-43c1-8e2a-29bf322f504e,1633169918595,14.3745886,52.2621011,8.161318,0.35010827,-0.3355837,1.1897554,on bike mount,cyclo cross,True,asphalt,excellent
f4ee5635-8bf4-4b5a-96e4-b3a42f385893,9a4ee8e4-0563-43ce-80c4-04ce28444b72,636a2c2b-26ad-4824-aff3-b4e73710ea31,1633169918645,14.3745886,52.2621011,8.161318,0.0664224,0.5487683,-1.994381,on bike mount,cyclo cross,True,asphalt,excellent
f4ee5635-8bf4-4b5a-96e4-b3a42f385893,9a4ee8e4-0563-43ce-80c4-04ce28444b72,102e6070-cfe6-4b7d-a0db-d0dda33e72f8,1633169918696,14.3745886,52.2621011,8.161318,-1.2675233,0.22467542,-0.93023014,on bike mount,cyclo cross,True,asphalt,excellent
f4ee5635-8bf4-4b5a-96e4-b3a42f385893,9a4ee8e4-0563-43ce-80c4-04ce28444b72,408ce5e8-6ad4-4570-bfa2-bff6579f5003,1633169918761,14.3745886,52.2621011,8.161318,0.232645,1.413435,-0.6670284,on bike mount,cyclo cross,True,asphalt,excellent
f4ee5635-8bf4-4b5a-96e4-b3a42f385893,9a4ee8e4-0563-43ce-80c4-04ce28444b72,5437ad1a-f85f-43df-83bf-6dde9df078e9,1633169918812,14.3745886,52.2621011,8.161318,0.53461444,-1.773324,1.423748,on bike mount,cyclo cross,True,asphalt,excellent
f4ee5635-8bf4-4b5a-96e4-b3a42f385893,9a4ee8e4-0563-43ce-80c4-04ce28444b72,c0dbc5f5-3121-4a5c-a9fe-212bf8af8320,1633169918862,14.3745886,52.2621011,8.161318,0.50535256,0.46443152,1.3651648,on bike mount,cyclo cross,True,asphalt,excellent
f4ee5635-8bf4-4b5a-96e4-b3a42f385893,9a4ee8e4-0563-43ce-80c4-04ce28444b72,c583dcf9-485b-48a9-aa9c-924207f84801,1633169918928,14.3745886,52.2621011,8.161318,0.07430505,-0.049013615,-0.42094326,on bike mount,cyclo cross,True,asphalt,excellent
f4ee5635-8bf4-4b5a-96e4-b3a42f385893,9a4ee8e4-0563-43ce-80c4-04ce28444b72,7fb9d3a0-c963-411b-ad15-487d952e9e5a,1633169918978,14.3746904,52.2620698,8.107898,1.0271373,2.697143,-1.2008104,on bike mount,cyclo cross,True,asphalt,excellent
f4ee5635-8bf4-4b5a-96e4-b3a42f385893,9a4ee8e4-0563-43ce-80c4-04ce28444b72,39108cc6-6b05-40c5-8bfd-3c0f279b78fe,1633169919028,14.3746904,52.2620698,8.107898,1.4662275,0.34321332,1.5901213,on bike mount,cyclo cross,True,asphalt,excellent
f4ee5635-8bf4-4b5a-96e4-b3a42f385893,9a4ee8e4-0563-43ce-80c4-04ce28444b72,fe98c6d9-0dfd-44df-a332-3b4f1b44db20,1633169919079,14.3746904,52.2620698,8.107898,0.64856684,-0.02829814,-0.8883562,on bike mount,cyclo cross,True,asphalt,excellent
f4ee5635-8bf4-4b5a-96e4-b3a42f385893,9a4ee8e4-0563-43ce-80c4-04ce28444b72,6858236f-6591-4bc5-8859-69a46df158f1,1633169919130,14.3746904,52.2620698,8.107898,-0.009332389,0.098270416,-0.5382347,on bike mount,cyclo cross,True,asphalt,excellent
f4ee5635-8bf4-4b5a-96e4-b3a42f385893,9a4ee8e4-0563-43ce-80c4-04ce28444b72,2c5d1838-97ee-4be8-9350-affdc9a4163d,1633169919180,14.3746904,52.2620698,8.107898,-0.3907375,1.9898362,0.7993145,on bike mount,cyclo cross,True,asphalt,excellent
f4ee5635-8bf4-4b5a-96e4-b3a42f385893,9a4ee8e4-0563-43ce-80c4-04ce28444b72,0723c6f1-f9d9-48bf-8d22-d18b75fc8f4d,1633169919246,14.3746904,52.2620698,8.107898,-1.1894219,-2.004015,0.10734367,on bike mount,cyclo cross,True,asphalt,excellent
f4ee5635-8bf4-4b5a-96e4-b3a42f385893,9a4ee8e4-0563-43ce-80c4-04ce28444b72,98eb071d-de2d-4e6d-a720-b500fe93a407,1633169919313,14.3746904,52.2620698,8.107898,0.68849564,0.04708147,1.2145615,on bike mount,cyclo cross,True,asphalt,excellent
f4ee5635-8bf4-4b5a-96e4-b3a42f385893,9a4ee8e4-0563-43ce-80c4-04ce28444b72,c2b0bfa7-ff71-489d-8039-b7c9c5a649be,1633169919363,14.3746904,52.2620698,8.107898,1.210557,-1.6871841,-0.5389576,on bike mount,cyclo cross,True,asphalt,excellent
f4ee5635-8bf4-4b5a-96e4-b3a42f385893,9a4ee8e4-0563-43ce-80c4-04ce28444b72,6a0b0fa3-53dc-4b68-a9be-63674ca32e7f,1633169919413,14.3746904,52.2620698,8.107898,-0.15792418,0.23355484,1.4592314,on bike mount,cyclo cross,True,asphalt,excellent
f4ee5635-8bf4-4b5a-96e4-b3a42f385893,9a4ee8e4-0563-43ce-80c4-04ce28444b72,9a263803-ab4f-49b6-a152-1391e83aace5,1633169919480,14.3746904,52.2620698,8.107898,-0.85593164,-2.21544,0.24856663,on bike mount,cyclo cross,True,asphalt,excellent
f4ee5635-8bf4-4b5a-96e4-b3a42f385893,9a4ee8e4-0563-43ce-80c4-04ce28444b72,23baed9f-0272-456b-aa64-019b0379deac,1633169919546,14.3746904,52.2620698,8.107898,0.29711097,-0.7508271,-0.833828,on bike mount,cyclo cross,True,asphalt,excellent
f4ee5635-8bf4-4b5a-96e4-b3a42f385893,9a4ee8e4-0563-43ce-80c4-04ce28444b72,18e6a1bd-a79a-4786-92f1-8c8282ecc660,1633169919596,14.3746904,52.2620698,8.107898,-0.21882802,1.5214214,2.2923965,on bike mount,cyclo cross,True,asphalt,excellent
f4ee5635-8bf4-4b5a-96e4-b3a42f385893,9a4ee8e4-0563-43ce-80c4-04ce28444b72,de17ab20-7ee3-463e-8885-5f9f33a05499,1633169919647,14.3746904,52.2620698,8.107898,0.05959793,0.8107214,0.7069454,on bike mount,cyclo cross,True,asphalt,excellent
f4ee5635-8bf4-4b5a-96e4-b3a42f385893,9a4ee8e4-0563-43ce-80c4-04ce28444b72,e9267c16-791e-4941-98ff-388abbd544e8,1633169919697,14.3746904,52.2620698,8.107898,0.8410752,-0.48338294,-0.70724773,on bike mount,cyclo cross,True,asphalt,excellent
