bike_activity_uid,bike_activity_sample_uid,bike_activity_measurement,bike_activity_measurement_timestamp,bike_activity_measurement_lon,bike_activity_measurement_lat,bike_activity_measurement_speed,bike_activity_measurement_accelerometer_x,bike_activity_measurement_accelerometer_y,bike_activity_measurement_accelerometer_z,bike_activity_phone_position,bike_activity_bike_type,bike_activity_flagged_lab_conditions,bike_activity_surface_type,bike_activity_smoothness_type
04637ac9-cd72-4d58-b97c-c1d2dedb6953,49d2c451-2f03-429e-857f-3db98e1b1d3e,ba7d007b-0d73-44ab-8a94-b1ed89d31e4c,1633860961393,13.495561,52.478509,5.282462,-0.31514215,2.6126163,-6.297013,on bike mount,cyclo cross,True,fine gravel,good
04637ac9-cd72-4d58-b97c-c1d2dedb6953,49d2c451-2f03-429e-857f-3db98e1b1d3e,6d2b7dff-c776-42eb-9b44-bbb6b3a5ada1,1633860961460,13.495561,52.478509,5.282462,-0.8366958,-1.0071285,0.94774437,on bike mount,cyclo cross,True,fine gravel,good
04637ac9-cd72-4d58-b97c-c1d2dedb6953,49d2c451-2f03-429e-857f-3db98e1b1d3e,491d5192-a176-4561-b5b1-19738fb1aec2,1633860961510,13.495561,52.478509,5.282462,-0.47234786,0.6211693,-3.432579,on bike mount,cyclo cross,True,fine gravel,good
04637ac9-cd72-4d58-b97c-c1d2dedb6953,49d2c451-2f03-429e-857f-3db98e1b1d3e,819ab4df-89e0-41bf-9f8c-78bff4523add,1633860961577,13.495561,52.478509,5.282462,-1.2317309,-3.184403,1.0204878,on bike mount,cyclo cross,True,fine gravel,good
04637ac9-cd72-4d58-b97c-c1d2dedb6953,49d2c451-2f03-429e-857f-3db98e1b1d3e,8750e048-b393-483b-805b-6908f65a03aa,1633860961627,13.495561,52.478509,5.282462,-2.0224419,-0.463511,-3.4304104,on bike mount,cyclo cross,True,fine gravel,good
04637ac9-cd72-4d58-b97c-c1d2dedb6953,49d2c451-2f03-429e-857f-3db98e1b1d3e,91a2338f-6a9b-457a-b292-28c43a7de844,1633860961694,13.495561,52.478509,5.282462,-0.11526716,-0.6202338,-1.3875504,on bike mount,cyclo cross,True,fine gravel,good
04637ac9-cd72-4d58-b97c-c1d2dedb6953,49d2c451-2f03-429e-857f-3db98e1b1d3e,96afcd51-14dd-40fa-843e-8ee7604fb34b,1633860961744,13.495561,52.478509,5.282462,-0.9577675,0.8786912,0.749979,on bike mount,cyclo cross,True,fine gravel,good
04637ac9-cd72-4d58-b97c-c1d2dedb6953,49d2c451-2f03-429e-857f-3db98e1b1d3e,0794a4f6-7cbf-4938-ae83-db695ee4e389,1633860961811,13.495561,52.478509,5.282462,-1.8561269,0.69809484,-2.4555807,on bike mount,cyclo cross,True,fine gravel,good
04637ac9-cd72-4d58-b97c-c1d2dedb6953,49d2c451-2f03-429e-857f-3db98e1b1d3e,fb337d6d-df2c-4946-a39d-21fd15034482,1633860961861,13.495561,52.478509,5.282462,-0.6711345,3.899547,-5.1020603,on bike mount,cyclo cross,True,fine gravel,good
04637ac9-cd72-4d58-b97c-c1d2dedb6953,49d2c451-2f03-429e-857f-3db98e1b1d3e,21cdd1ff-9aed-429a-b181-78a3a48e0006,1633860961927,13.495538,52.478459,5.4670787,0.016683698,-0.9537927,1.3488312,on bike mount,cyclo cross,True,fine gravel,good
04637ac9-cd72-4d58-b97c-c1d2dedb6953,49d2c451-2f03-429e-857f-3db98e1b1d3e,285467ee-1a90-4866-bd58-4da929d9d361,1633860961977,13.495538,52.478459,5.4670787,-2.5225325,-8.579638,4.325018,on bike mount,cyclo cross,True,fine gravel,good
04637ac9-cd72-4d58-b97c-c1d2dedb6953,49d2c451-2f03-429e-857f-3db98e1b1d3e,bf6a0142-f68c-432f-8408-e5695aeacf96,1633860962028,13.495538,52.478459,5.4670787,-0.6550175,-0.58377385,-4.4497395,on bike mount,cyclo cross,True,fine gravel,good
04637ac9-cd72-4d58-b97c-c1d2dedb6953,49d2c451-2f03-429e-857f-3db98e1b1d3e,a4e327c7-2759-4234-915c-9b2a82512fed,1633860962095,13.495538,52.478459,5.4670787,2.9019532,-0.035273552,6.161998,on bike mount,cyclo cross,True,fine gravel,good
04637ac9-cd72-4d58-b97c-c1d2dedb6953,49d2c451-2f03-429e-857f-3db98e1b1d3e,9b696d9d-6fd0-45b1-afbc-a9e5737c7114,1633860962145,13.495538,52.478459,5.4670787,0.8374275,3.4193177,-0.7332239,on bike mount,cyclo cross,True,fine gravel,good
04637ac9-cd72-4d58-b97c-c1d2dedb6953,49d2c451-2f03-429e-857f-3db98e1b1d3e,3d43f70a-f18e-481c-8a2b-4f5c70875736,1633860962212,13.495538,52.478459,5.4670787,0.5903448,-0.4156251,-2.370112,on bike mount,cyclo cross,True,fine gravel,good
04637ac9-cd72-4d58-b97c-c1d2dedb6953,49d2c451-2f03-429e-857f-3db98e1b1d3e,d7ec4d76-80a1-43b9-88ff-92f370ada82a,1633860962262,13.495538,52.478459,5.4670787,0.4367422,1.3814449,-2.5906425,on bike mount,cyclo cross,True,fine gravel,good
04637ac9-cd72-4d58-b97c-c1d2dedb6953,49d2c451-2f03-429e-857f-3db98e1b1d3e,61e6b9b6-bddb-4e1e-96e3-7fd9bf70a0fb,1633860962329,13.495538,52.478459,5.4670787,1.5280361,-3.7427678,-2.2489743,on bike mount,cyclo cross,True,fine gravel,good
04637ac9-cd72-4d58-b97c-c1d2dedb6953,49d2c451-2f03-429e-857f-3db98e1b1d3e,08f1c06b-cb3d-4805-887c-7a5710940798,1633860962395,13.495538,52.478459,5.4670787,-0.8173183,-1.6140977,-9.685136,on bike mount,cyclo cross,True,fine gravel,good
04637ac9-cd72-4d58-b97c-c1d2dedb6953,49d2c451-2f03-429e-857f-3db98e1b1d3e,01c3382a-b225-4524-be46-88bb67feb3a0,1633860962445,13.495538,52.478459,5.4670787,-0.038546205,-0.51379466,3.1401844,on bike mount,cyclo cross,True,fine gravel,good
04637ac9-cd72-4d58-b97c-c1d2dedb6953,49d2c451-2f03-429e-857f-3db98e1b1d3e,0bd26d00-0707-4fd8-817b-5acc21ca06a2,1633860962496,13.495538,52.478459,5.4670787,-0.5969742,1.8424597,2.677291,on bike mount,cyclo cross,True,fine gravel,good
04637ac9-cd72-4d58-b97c-c1d2dedb6953,49d2c451-2f03-429e-857f-3db98e1b1d3e,3b6ea39b-d68b-4a62-b010-cb0be721a719,1633860962562,13.495538,52.478459,5.4670787,-0.63504004,-1.5867938,1.2430086,on bike mount,cyclo cross,True,fine gravel,good
04637ac9-cd72-4d58-b97c-c1d2dedb6953,49d2c451-2f03-429e-857f-3db98e1b1d3e,792ea958-7010-466e-912b-f0b2d77c1ceb,1633860962613,13.495538,52.478459,5.4670787,0.39273646,1.3943596,-1.2685661,on bike mount,cyclo cross,True,fine gravel,good
04637ac9-cd72-4d58-b97c-c1d2dedb6953,49d2c451-2f03-429e-857f-3db98e1b1d3e,272bc022-7a9f-4982-8f94-c7ce51fe6d74,1633860962663,13.495538,52.478459,5.4670787,-2.502287,0.5266657,6.340727,on bike mount,cyclo cross,True,fine gravel,good
04637ac9-cd72-4d58-b97c-c1d2dedb6953,49d2c451-2f03-429e-857f-3db98e1b1d3e,a8bffaaf-6e5c-42d1-830e-1381750f7cce,1633860962730,13.495538,52.478459,5.4670787,1.4040504,-0.3898785,-1.6228952,on bike mount,cyclo cross,True,fine gravel,good
04637ac9-cd72-4d58-b97c-c1d2dedb6953,49d2c451-2f03-429e-857f-3db98e1b1d3e,4870b1e2-cce0-4622-8c64-76867f6c6967,1633860962780,13.495538,52.478459,5.4670787,3.3150346,-4.551508,5.242545,on bike mount,cyclo cross,True,fine gravel,good
04637ac9-cd72-4d58-b97c-c1d2dedb6953,49d2c451-2f03-429e-857f-3db98e1b1d3e,108e1b4a-6179-428e-989b-81d095adddba,1633860962830,13.495538,52.478459,5.4670787,-0.19406009,-0.41207123,-2.765398,on bike mount,cyclo cross,True,fine gravel,good
04637ac9-cd72-4d58-b97c-c1d2dedb6953,49d2c451-2f03-429e-857f-3db98e1b1d3e,7c525b81-9766-41d9-932f-a89e235c9c79,1633860962897,13.495538,52.478459,5.4670787,1.2468644,1.2265458,-3.4881096,on bike mount,cyclo cross,True,fine gravel,good
04637ac9-cd72-4d58-b97c-c1d2dedb6953,49d2c451-2f03-429e-857f-3db98e1b1d3e,92ef0043-7584-41b5-a8c0-adfeb41d1631,1633860962963,13.4955349,52.4784102,4.6502013,1.1522322,-1.3899976,2.3344927,on bike mount,cyclo cross,True,fine gravel,good
04637ac9-cd72-4d58-b97c-c1d2dedb6953,49d2c451-2f03-429e-857f-3db98e1b1d3e,14b60558-af4a-441e-91e3-7fc1056e0269,1633860963014,13.4955349,52.4784102,4.6502013,1.379482,-1.2029595,-2.2629704,on bike mount,cyclo cross,True,fine gravel,good
04637ac9-cd72-4d58-b97c-c1d2dedb6953,49d2c451-2f03-429e-857f-3db98e1b1d3e,55c48b7f-71f4-4ed9-b5d0-a8326642d412,1633860963081,13.4955349,52.4784102,4.6502013,-0.2312516,-1.6102383,-1.5695457,on bike mount,cyclo cross,True,fine gravel,good
04637ac9-cd72-4d58-b97c-c1d2dedb6953,49d2c451-2f03-429e-857f-3db98e1b1d3e,a4f4653c-77b2-4ae0-ac99-1a2a432b6494,1633860963131,13.4955349,52.4784102,4.6502013,0.015799701,-0.25853467,-1.1239872,on bike mount,cyclo cross,True,fine gravel,good
04637ac9-cd72-4d58-b97c-c1d2dedb6953,49d2c451-2f03-429e-857f-3db98e1b1d3e,d874a13a-e768-4398-9ec5-2f1462223ce1,1633860963198,13.4955349,52.4784102,4.6502013,-3.0230007,1.7208414,1.9628143,on bike mount,cyclo cross,True,fine gravel,good
04637ac9-cd72-4d58-b97c-c1d2dedb6953,49d2c451-2f03-429e-857f-3db98e1b1d3e,2660ba44-a598-4b49-a9e6-f94a210bb8e5,1633860963264,13.4955349,52.4784102,4.6502013,-0.7263707,-0.45830727,-2.6339593,on bike mount,cyclo cross,True,fine gravel,good
04637ac9-cd72-4d58-b97c-c1d2dedb6953,49d2c451-2f03-429e-857f-3db98e1b1d3e,e5fedfeb-8941-4644-92a8-d8b2256264cf,1633860963315,13.4955349,52.4784102,4.6502013,1.0234072,-0.36334777,0.43487358,on bike mount,cyclo cross,True,fine gravel,good
04637ac9-cd72-4d58-b97c-c1d2dedb6953,49d2c451-2f03-429e-857f-3db98e1b1d3e,57b775c5-5b6d-4330-acac-7e8a26c4e70f,1633860963365,13.4955349,52.4784102,4.6502013,0.78976893,-1.5898373,0.63427544,on bike mount,cyclo cross,True,fine gravel,good
04637ac9-cd72-4d58-b97c-c1d2dedb6953,49d2c451-2f03-429e-857f-3db98e1b1d3e,7b5eb6b9-5e8d-47f6-a4fe-78a6be6624ec,1633860963415,13.4955349,52.4784102,4.6502013,-1.2435248,1.1171947,2.7210693,on bike mount,cyclo cross,True,fine gravel,good
04637ac9-cd72-4d58-b97c-c1d2dedb6953,49d2c451-2f03-429e-857f-3db98e1b1d3e,cb80ff0b-6112-4f6a-a3a5-ddf304798323,1633860963482,13.4955349,52.4784102,4.6502013,-1.0063207,1.055121,3.3351545,on bike mount,cyclo cross,True,fine gravel,good
04637ac9-cd72-4d58-b97c-c1d2dedb6953,49d2c451-2f03-429e-857f-3db98e1b1d3e,e9941ec7-44f5-4ee6-8d4e-941e1af57535,1633860963532,13.4955349,52.4784102,4.6502013,-0.01701945,2.62599,2.0206938,on bike mount,cyclo cross,True,fine gravel,good
04637ac9-cd72-4d58-b97c-c1d2dedb6953,49d2c451-2f03-429e-857f-3db98e1b1d3e,5c95ae22-1f7e-476b-983a-5faaa821e55f,1633860963598,13.4955349,52.4784102,4.6502013,1.6453512,1.743918,-2.4899101,on bike mount,cyclo cross,True,fine gravel,good
04637ac9-cd72-4d58-b97c-c1d2dedb6953,49d2c451-2f03-429e-857f-3db98e1b1d3e,04517141-05a4-4780-8c39-cf0d5f417b54,1633860963649,13.4955349,52.4784102,4.6502013,-1.1533413,-6.2094564,5.5715494,on bike mount,cyclo cross,True,fine gravel,good
04637ac9-cd72-4d58-b97c-c1d2dedb6953,49d2c451-2f03-429e-857f-3db98e1b1d3e,435b053f-6522-4d9e-855c-58e761a10d2a,1633860963716,13.4955349,52.4784102,4.6502013,0.5294546,-2.8950431,4.5053577,on bike mount,cyclo cross,True,fine gravel,good
04637ac9-cd72-4d58-b97c-c1d2dedb6953,49d2c451-2f03-429e-857f-3db98e1b1d3e,870c7117-e867-46c1-93fa-b6661f46d0e5,1633860963766,13.4955349,52.4784102,4.6502013,-0.6837644,-1.361896,-1.0856519,on bike mount,cyclo cross,True,fine gravel,good
04637ac9-cd72-4d58-b97c-c1d2dedb6953,49d2c451-2f03-429e-857f-3db98e1b1d3e,f675c86c-f7d8-45bd-97d1-12cd84daffbb,1633860963833,13.4955349,52.4784102,4.6502013,-0.30259153,-0.49325848,-2.1118922,on bike mount,cyclo cross,True,fine gravel,good
04637ac9-cd72-4d58-b97c-c1d2dedb6953,49d2c451-2f03-429e-857f-3db98e1b1d3e,4992f55e-f66f-4e50-ab09-7d31c92f8a6f,1633860963883,13.4955349,52.4784102,4.6502013,-0.5002056,0.20916867,-2.5546522,on bike mount,cyclo cross,True,fine gravel,good
04637ac9-cd72-4d58-b97c-c1d2dedb6953,49d2c451-2f03-429e-857f-3db98e1b1d3e,3a4b8b93-bdca-467c-89ae-0b5ab9e892d6,1633860963949,13.4955467,52.4783743,4.8401084,0.079284474,-0.7918346,13.042234,on bike mount,cyclo cross,True,fine gravel,good
04637ac9-cd72-4d58-b97c-c1d2dedb6953,49d2c451-2f03-429e-857f-3db98e1b1d3e,fadc8389-6c41-4fe1-b736-f7e5cf68e0a0,1633860963999,13.4955467,52.4783743,4.8401084,-0.16362736,-0.6246178,3.0007095,on bike mount,cyclo cross,True,fine gravel,good
04637ac9-cd72-4d58-b97c-c1d2dedb6953,49d2c451-2f03-429e-857f-3db98e1b1d3e,6ef3e872-66ed-4240-a809-a94b52e07363,1633860964049,13.4955467,52.4783743,4.8401084,0.0071796626,-0.0073714256,-1.8853889,on bike mount,cyclo cross,True,fine gravel,good
04637ac9-cd72-4d58-b97c-c1d2dedb6953,49d2c451-2f03-429e-857f-3db98e1b1d3e,64c7cadb-0d80-463f-931f-ad2b6f09082a,1633860964100,13.4955467,52.4783743,4.8401084,-0.8487437,2.254466,-1.8589602,on bike mount,cyclo cross,True,fine gravel,good
04637ac9-cd72-4d58-b97c-c1d2dedb6953,49d2c451-2f03-429e-857f-3db98e1b1d3e,f2320e46-aa66-4232-a0e0-97d3a36e4164,1633860964150,13.4955467,52.4783743,4.8401084,-0.89747626,6.7846556,-2.3585405,on bike mount,cyclo cross,True,fine gravel,good
04637ac9-cd72-4d58-b97c-c1d2dedb6953,49d2c451-2f03-429e-857f-3db98e1b1d3e,a46be754-850e-4806-9918-71dee0645e29,1633860964217,13.4955467,52.4783743,4.8401084,-1.0275426,-2.0521002,-1.6192484,on bike mount,cyclo cross,True,fine gravel,good
04637ac9-cd72-4d58-b97c-c1d2dedb6953,49d2c451-2f03-429e-857f-3db98e1b1d3e,9fc31895-40fd-416e-9ead-17a97ea5f516,1633860964267,13.4955467,52.4783743,4.8401084,0.1998879,0.5608301,-2.3274827,on bike mount,cyclo cross,True,fine gravel,good
04637ac9-cd72-4d58-b97c-c1d2dedb6953,49d2c451-2f03-429e-857f-3db98e1b1d3e,3522db59-5e27-4194-a9ca-18b16e590164,1633860964334,13.4955467,52.4783743,4.8401084,0.48581707,1.6236401,-5.036167,on bike mount,cyclo cross,True,fine gravel,good
04637ac9-cd72-4d58-b97c-c1d2dedb6953,49d2c451-2f03-429e-857f-3db98e1b1d3e,ee6d2b35-c4f2-4b38-bcd1-a71f72da3d54,1633860964401,13.4955467,52.4783743,4.8401084,-0.08235216,-1.4822652,-0.86078167,on bike mount,cyclo cross,True,fine gravel,good
04637ac9-cd72-4d58-b97c-c1d2dedb6953,49d2c451-2f03-429e-857f-3db98e1b1d3e,7f486356-e447-4aef-a8a9-1af4274449f6,1633860964451,13.4955467,52.4783743,4.8401084,-0.026751637,-2.023431,-1.5633941,on bike mount,cyclo cross,True,fine gravel,good
04637ac9-cd72-4d58-b97c-c1d2dedb6953,49d2c451-2f03-429e-857f-3db98e1b1d3e,b535c637-4ae9-483f-b6de-74ee941453f5,1633860964501,13.4955467,52.4783743,4.8401084,-1.0020785,3.6630197,-0.4587965,on bike mount,cyclo cross,True,fine gravel,good
04637ac9-cd72-4d58-b97c-c1d2dedb6953,49d2c451-2f03-429e-857f-3db98e1b1d3e,19d12c30-5835-44a7-a1fb-3cb0e1b7ae5f,1633860964568,13.4955467,52.4783743,4.8401084,-0.15343764,1.4349751,1.7909861,on bike mount,cyclo cross,True,fine gravel,good
04637ac9-cd72-4d58-b97c-c1d2dedb6953,49d2c451-2f03-429e-857f-3db98e1b1d3e,cd6796a0-9648-4415-a81d-5642b558b1f2,1633860964635,13.4955467,52.4783743,4.8401084,-0.67785674,-5.0678983,2.542243,on bike mount,cyclo cross,True,fine gravel,good
04637ac9-cd72-4d58-b97c-c1d2dedb6953,49d2c451-2f03-429e-857f-3db98e1b1d3e,cc8650c3-67ce-474c-8739-76dd71a4907c,1633860964685,13.4955467,52.4783743,4.8401084,1.4327844,-0.8153372,0.032011986,on bike mount,cyclo cross,True,fine gravel,good
04637ac9-cd72-4d58-b97c-c1d2dedb6953,49d2c451-2f03-429e-857f-3db98e1b1d3e,27d271e2-ab35-48bb-9242-37a055c93b1f,1633860964751,13.4955467,52.4783743,4.8401084,-0.7202576,-2.0490623,-1.4678164,on bike mount,cyclo cross,True,fine gravel,good
04637ac9-cd72-4d58-b97c-c1d2dedb6953,49d2c451-2f03-429e-857f-3db98e1b1d3e,57f6abe5-a292-4ba5-9b38-c74294272796,1633860964802,13.4955467,52.4783743,4.8401084,1.7308848,0.86524296,-0.0035905838,on bike mount,cyclo cross,True,fine gravel,good
04637ac9-cd72-4d58-b97c-c1d2dedb6953,49d2c451-2f03-429e-857f-3db98e1b1d3e,6047418d-ff53-4ca3-bd9e-954b64f9be17,1633860964868,13.4955467,52.4783743,4.8401084,-3.054324,0.30022454,-1.966341,on bike mount,cyclo cross,True,fine gravel,good
04637ac9-cd72-4d58-b97c-c1d2dedb6953,49d2c451-2f03-429e-857f-3db98e1b1d3e,e0e5b873-5cd7-46c1-a428-777c0fcbb28d,1633860964919,13.4955467,52.4783743,4.8401084,-0.97203994,-0.2276597,3.9734201,on bike mount,cyclo cross,True,fine gravel,good
04637ac9-cd72-4d58-b97c-c1d2dedb6953,49d2c451-2f03-429e-857f-3db98e1b1d3e,0dad1a2a-b6f0-4614-a4d4-02c3af95044f,1633860964985,13.4955461,52.4783244,4.64901,0.8827182,1.8274837,-0.75639915,on bike mount,cyclo cross,True,fine gravel,good
04637ac9-cd72-4d58-b97c-c1d2dedb6953,49d2c451-2f03-429e-857f-3db98e1b1d3e,4f342539-51af-4dcb-bf54-986224fe5ba7,1633860965051,13.4955461,52.4783244,4.64901,-0.43593124,2.1769567,-0.43219614,on bike mount,cyclo cross,True,fine gravel,good
04637ac9-cd72-4d58-b97c-c1d2dedb6953,49d2c451-2f03-429e-857f-3db98e1b1d3e,a498f768-f576-4a34-9671-431ee2f081ff,1633860965102,13.4955461,52.4783244,4.64901,0.1466744,-0.099850655,0.5906849,on bike mount,cyclo cross,True,fine gravel,good
04637ac9-cd72-4d58-b97c-c1d2dedb6953,49d2c451-2f03-429e-857f-3db98e1b1d3e,441e0901-9246-4ed0-aebe-8b9b4472f473,1633860965168,13.4955461,52.4783244,4.64901,1.0028536,-0.93319225,-0.101662636,on bike mount,cyclo cross,True,fine gravel,good
04637ac9-cd72-4d58-b97c-c1d2dedb6953,49d2c451-2f03-429e-857f-3db98e1b1d3e,e77a49c9-4e50-480c-8e8d-aa9925a093e1,1633860965218,13.4955461,52.4783244,4.64901,-0.33594945,-2.7789612,3.678114,on bike mount,cyclo cross,True,fine gravel,good
04637ac9-cd72-4d58-b97c-c1d2dedb6953,49d2c451-2f03-429e-857f-3db98e1b1d3e,acb00d33-6717-4a5b-a764-1cf2998152fc,1633860965269,13.4955461,52.4783244,4.64901,-0.13569003,-3.3186088,0.5138941,on bike mount,cyclo cross,True,fine gravel,good
04637ac9-cd72-4d58-b97c-c1d2dedb6953,49d2c451-2f03-429e-857f-3db98e1b1d3e,c2bdea4f-019a-4766-8eb3-40a66f66901b,1633860965337,13.4955461,52.4783244,4.64901,0.9559114,-0.84735775,-3.064115,on bike mount,cyclo cross,True,fine gravel,good
04637ac9-cd72-4d58-b97c-c1d2dedb6953,49d2c451-2f03-429e-857f-3db98e1b1d3e,591f92a4-b3d0-46b3-83a3-45c6b96bb362,1633860965403,13.4955461,52.4783244,4.64901,-0.44164944,0.34848619,1.0473061,on bike mount,cyclo cross,True,fine gravel,good
04637ac9-cd72-4d58-b97c-c1d2dedb6953,49d2c451-2f03-429e-857f-3db98e1b1d3e,42f53b8a-5eb7-4595-bae5-35e0e27d783e,1633860965453,13.4955461,52.4783244,4.64901,-0.16493565,-0.5402839,3.6070185,on bike mount,cyclo cross,True,fine gravel,good
04637ac9-cd72-4d58-b97c-c1d2dedb6953,49d2c451-2f03-429e-857f-3db98e1b1d3e,96ef347c-a539-498a-ac22-d134e35ff810,1633860965520,13.4955461,52.4783244,4.64901,-0.2376297,0.9705334,6.1007595,on bike mount,cyclo cross,True,fine gravel,good
04637ac9-cd72-4d58-b97c-c1d2dedb6953,49d2c451-2f03-429e-857f-3db98e1b1d3e,a74e891c-3e91-421d-91c3-9928a448f557,1633860965587,13.4955461,52.4783244,4.64901,-0.4053604,-2.078469,2.686718,on bike mount,cyclo cross,True,fine gravel,good
04637ac9-cd72-4d58-b97c-c1d2dedb6953,49d2c451-2f03-429e-857f-3db98e1b1d3e,7a09ab11-b48a-43c9-a5f8-cbe291de2070,1633860965654,13.4955461,52.4783244,4.64901,0.29948398,0.7877853,-2.8449092,on bike mount,cyclo cross,True,fine gravel,good
04637ac9-cd72-4d58-b97c-c1d2dedb6953,49d2c451-2f03-429e-857f-3db98e1b1d3e,cb0705db-b125-42ad-820b-2ce07a77239b,1633860965721,13.4955461,52.4783244,4.64901,-0.43736964,0.12861371,4.292637,on bike mount,cyclo cross,True,fine gravel,good
04637ac9-cd72-4d58-b97c-c1d2dedb6953,49d2c451-2f03-429e-857f-3db98e1b1d3e,7d21fea1-4f38-4144-a4a0-5d159d098e22,1633860965788,13.4955461,52.4783244,4.64901,-1.1721656,1.8117988,-1.6114264,on bike mount,cyclo cross,True,fine gravel,good
04637ac9-cd72-4d58-b97c-c1d2dedb6953,49d2c451-2f03-429e-857f-3db98e1b1d3e,4ced531e-2da1-4059-99d7-35ac7d677075,1633860965838,13.4955461,52.4783244,4.64901,-0.79829466,2.3437686,2.1383753,on bike mount,cyclo cross,True,fine gravel,good
04637ac9-cd72-4d58-b97c-c1d2dedb6953,49d2c451-2f03-429e-857f-3db98e1b1d3e,53c28f52-16df-4e3f-8d30-a0e0520ac598,1633860965905,13.4955461,52.4783244,4.64901,-0.28967613,-0.35954165,0.36562824,on bike mount,cyclo cross,True,fine gravel,good
04637ac9-cd72-4d58-b97c-c1d2dedb6953,49d2c451-2f03-429e-857f-3db98e1b1d3e,1ae0728f-b14c-4d88-bb33-b4807c0d8e00,1633860965971,13.495539,52.4782812,4.595849,-0.8925699,3.5773306,1.4380465,on bike mount,cyclo cross,True,fine gravel,good
04637ac9-cd72-4d58-b97c-c1d2dedb6953,49d2c451-2f03-429e-857f-3db98e1b1d3e,73038802-bee0-44fe-9436-4c3655c790b1,1633860966038,13.495539,52.4782812,4.595849,-0.7975826,0.14920473,-3.3835607,on bike mount,cyclo cross,True,fine gravel,good
04637ac9-cd72-4d58-b97c-c1d2dedb6953,49d2c451-2f03-429e-857f-3db98e1b1d3e,62c3bf70-3404-409c-8523-85b8a8e4d3e3,1633860966105,13.495539,52.4782812,4.595849,-1.1093242,-0.8293581,1.7701883,on bike mount,cyclo cross,True,fine gravel,good
04637ac9-cd72-4d58-b97c-c1d2dedb6953,49d2c451-2f03-429e-857f-3db98e1b1d3e,b47b34be-875e-448d-85b0-8f7b6187b9c4,1633860966172,13.495539,52.4782812,4.595849,-0.5815392,-2.8800402,-4.5194397,on bike mount,cyclo cross,True,fine gravel,good
04637ac9-cd72-4d58-b97c-c1d2dedb6953,49d2c451-2f03-429e-857f-3db98e1b1d3e,fbefd5ea-f413-4e86-b83b-e433549e8957,1633860966239,13.495539,52.4782812,4.595849,0.8477029,-4.201833,-0.12933636,on bike mount,cyclo cross,True,fine gravel,good
04637ac9-cd72-4d58-b97c-c1d2dedb6953,49d2c451-2f03-429e-857f-3db98e1b1d3e,71629231-389d-4dca-be22-7e26e69f2ab1,1633860966289,13.495539,52.4782812,4.595849,-0.67779696,-4.2403283,-2.7827854,on bike mount,cyclo cross,True,fine gravel,good
04637ac9-cd72-4d58-b97c-c1d2dedb6953,49d2c451-2f03-429e-857f-3db98e1b1d3e,7395b62f-5e87-43fe-a62d-a8fd54f35ac5,1633860966355,13.495539,52.4782812,4.595849,0.88991547,1.2292209,-0.13120651,on bike mount,cyclo cross,True,fine gravel,good
04637ac9-cd72-4d58-b97c-c1d2dedb6953,49d2c451-2f03-429e-857f-3db98e1b1d3e,a32f5808-f957-42db-ad3d-95ee29025c86,1633860966406,13.495539,52.4782812,4.595849,-0.7550451,-2.676514,-1.7530122,on bike mount,cyclo cross,True,fine gravel,good
04637ac9-cd72-4d58-b97c-c1d2dedb6953,49d2c451-2f03-429e-857f-3db98e1b1d3e,f42f4676-c9b5-42d0-b116-a7565faaf81b,1633860966456,13.495539,52.4782812,4.595849,-0.55397326,-8.521405,-4.716324,on bike mount,cyclo cross,True,fine gravel,good
04637ac9-cd72-4d58-b97c-c1d2dedb6953,49d2c451-2f03-429e-857f-3db98e1b1d3e,459be899-a3fd-403d-9413-e89dae1ff3e0,1633860966523,13.495539,52.4782812,4.595849,-0.3282428,1.1543701,-0.79846525,on bike mount,cyclo cross,True,fine gravel,good
04637ac9-cd72-4d58-b97c-c1d2dedb6953,49d2c451-2f03-429e-857f-3db98e1b1d3e,6b8deec4-0938-4596-a22a-a9e49fdaa120,1633860966573,13.495539,52.4782812,4.595849,-0.9749741,-1.3761271,1.2962389,on bike mount,cyclo cross,True,fine gravel,good
04637ac9-cd72-4d58-b97c-c1d2dedb6953,49d2c451-2f03-429e-857f-3db98e1b1d3e,0d10086a-38c0-4726-b205-445da5e447a5,1633860966623,13.495539,52.4782812,4.595849,-0.44005248,-0.04050374,-1.9613457,on bike mount,cyclo cross,True,fine gravel,good
04637ac9-cd72-4d58-b97c-c1d2dedb6953,49d2c451-2f03-429e-857f-3db98e1b1d3e,3110cd8a-a8c5-45b9-aa8d-bcab9d4220bc,1633860966690,13.495539,52.4782812,4.595849,-0.44064176,-0.70159006,-1.4785566,on bike mount,cyclo cross,True,fine gravel,good
04637ac9-cd72-4d58-b97c-c1d2dedb6953,49d2c451-2f03-429e-857f-3db98e1b1d3e,996150df-5481-4e8f-ad70-7aeaabe5baa5,1633860966740,13.495539,52.4782812,4.595849,0.99431264,0.743968,0.15285778,on bike mount,cyclo cross,True,fine gravel,good
04637ac9-cd72-4d58-b97c-c1d2dedb6953,49d2c451-2f03-429e-857f-3db98e1b1d3e,429da9ee-9157-4482-a32b-b4e1e2daf5ac,1633860966807,13.495539,52.4782812,4.595849,-0.08983798,0.20881248,3.0436811,on bike mount,cyclo cross,True,fine gravel,good
04637ac9-cd72-4d58-b97c-c1d2dedb6953,49d2c451-2f03-429e-857f-3db98e1b1d3e,907f634b-884d-40cc-94c7-fd280589d5ea,1633860966874,13.495539,52.4782812,4.595849,0.10752006,-0.4649036,-3.292983,on bike mount,cyclo cross,True,fine gravel,good
04637ac9-cd72-4d58-b97c-c1d2dedb6953,49d2c451-2f03-429e-857f-3db98e1b1d3e,9f0af8d1-c1ec-41d0-bf45-11f3f70b4fe2,1633860966923,13.4955622,52.4782432,4.495222,0.38640636,0.93732905,0.3736477,on bike mount,cyclo cross,True,fine gravel,good
04637ac9-cd72-4d58-b97c-c1d2dedb6953,49d2c451-2f03-429e-857f-3db98e1b1d3e,3aa31548-ca7f-4167-af20-914455262996,1633860966974,13.4955622,52.4782432,4.495222,-1.1121606,3.6781802,-3.4814277,on bike mount,cyclo cross,True,fine gravel,good
04637ac9-cd72-4d58-b97c-c1d2dedb6953,49d2c451-2f03-429e-857f-3db98e1b1d3e,d529bcb1-ab09-4bfd-b928-4b05253ec177,1633860967024,13.4955622,52.4782432,4.495222,0.34795058,-0.60608697,-0.9670963,on bike mount,cyclo cross,True,fine gravel,good
04637ac9-cd72-4d58-b97c-c1d2dedb6953,49d2c451-2f03-429e-857f-3db98e1b1d3e,21af8e75-fea3-4f70-af87-25e755899ddd,1633860967091,13.4955622,52.4782432,4.495222,0.2812758,-0.84581566,-2.4405088,on bike mount,cyclo cross,True,fine gravel,good
04637ac9-cd72-4d58-b97c-c1d2dedb6953,49d2c451-2f03-429e-857f-3db98e1b1d3e,cb693396-7d11-4ce1-82ee-d8a48905a57e,1633860967158,13.4955622,52.4782432,4.495222,1.07955,-2.1244617,5.0232124,on bike mount,cyclo cross,True,fine gravel,good
04637ac9-cd72-4d58-b97c-c1d2dedb6953,49d2c451-2f03-429e-857f-3db98e1b1d3e,18fb7ad7-1d8c-4d0a-84db-b08d46832e26,1633860967208,13.4955622,52.4782432,4.495222,0.7323977,-0.43671274,-3.7064881,on bike mount,cyclo cross,True,fine gravel,good
