bike_activity_uid,bike_activity_sample_uid,bike_activity_measurement,bike_activity_measurement_timestamp,bike_activity_measurement_lon,bike_activity_measurement_lat,bike_activity_measurement_speed,bike_activity_measurement_accelerometer_x,bike_activity_measurement_accelerometer_y,bike_activity_measurement_accelerometer_z,bike_activity_phone_position,bike_activity_bike_type,bike_activity_flagged_lab_conditions,bike_activity_surface_type,bike_activity_smoothness_type
06644c66-65ee-40a7-ba9a-29b7ad2aa6a5,b7d89a75-3aaa-4f72-bc38-6c823d75cf71,88874be9-da87-4977-93f8-e07d5bfa2c10,1644237097111,13.3568187,52.511223,4.6487994,-0.66725117,6.871583,0.6635456,on bike mount,cyclo cross,True,fine gravel,good
06644c66-65ee-40a7-ba9a-29b7ad2aa6a5,b7d89a75-3aaa-4f72-bc38-6c823d75cf71,9a57801a-8671-42b6-b1c1-9af84d22df94,1644237097167,13.3568187,52.511223,4.6487994,1.8995554,-1.7660403,-3.82215,on bike mount,cyclo cross,True,fine gravel,good
06644c66-65ee-40a7-ba9a-29b7ad2aa6a5,b7d89a75-3aaa-4f72-bc38-6c823d75cf71,61cad7b9-9906-4a10-a4e9-47b312942cf6,1644237097222,13.3568187,52.511223,4.6487994,-0.28486454,0.74089193,-4.6214905,on bike mount,cyclo cross,True,fine gravel,good
06644c66-65ee-40a7-ba9a-29b7ad2aa6a5,b7d89a75-3aaa-4f72-bc38-6c823d75cf71,9a779b47-fd30-413d-b2b8-7de9887784f8,1644237097277,13.3568187,52.511223,4.6487994,-1.8218436,-1.9318248,-5.8209147,on bike mount,cyclo cross,True,fine gravel,good
06644c66-65ee-40a7-ba9a-29b7ad2aa6a5,b7d89a75-3aaa-4f72-bc38-6c823d75cf71,00ba4d20-5fe5-4389-9f9d-2d98c838fb43,1644237097334,13.3568187,52.511223,4.6487994,-1.9977547,3.0642943,8.027962,on bike mount,cyclo cross,True,fine gravel,good
06644c66-65ee-40a7-ba9a-29b7ad2aa6a5,b7d89a75-3aaa-4f72-bc38-6c823d75cf71,7cceec88-6328-4122-a660-cf06da83a7d8,1644237097388,13.3568187,52.511223,4.6487994,0.36715555,2.6414037,-3.0790496,on bike mount,cyclo cross,True,fine gravel,good
06644c66-65ee-40a7-ba9a-29b7ad2aa6a5,b7d89a75-3aaa-4f72-bc38-6c823d75cf71,7c6abb18-812e-4c29-9e3b-7d0b61b57bbf,1644237097445,13.3567649,52.5111915,4.660748,-2.395233,-6.3029675,10.148218,on bike mount,cyclo cross,True,fine gravel,good
06644c66-65ee-40a7-ba9a-29b7ad2aa6a5,b7d89a75-3aaa-4f72-bc38-6c823d75cf71,2b092f24-f49e-4433-b41d-57cf42435a60,1644237097503,13.3567649,52.5111915,4.660748,-1.2563654,3.4736032,-7.742404,on bike mount,cyclo cross,True,fine gravel,good
06644c66-65ee-40a7-ba9a-29b7ad2aa6a5,b7d89a75-3aaa-4f72-bc38-6c823d75cf71,7d194e25-7a5a-40a9-9bfd-811ca5c4f03c,1644237097556,13.3567649,52.5111915,4.660748,-1.8427334,-7.030022,9.6810875,on bike mount,cyclo cross,True,fine gravel,good
06644c66-65ee-40a7-ba9a-29b7ad2aa6a5,b7d89a75-3aaa-4f72-bc38-6c823d75cf71,98b7d7c2-b504-44d7-b651-c1b23d52a07e,1644237097613,13.3567649,52.5111915,4.660748,0.6776185,-3.8139396,0.7976179,on bike mount,cyclo cross,True,fine gravel,good
06644c66-65ee-40a7-ba9a-29b7ad2aa6a5,b7d89a75-3aaa-4f72-bc38-6c823d75cf71,d3855ea7-0c1f-43f1-a18d-3311e566dbb3,1644237097666,13.3567649,52.5111915,4.660748,0.3105061,-0.09180117,-19.827444,on bike mount,cyclo cross,True,fine gravel,good
06644c66-65ee-40a7-ba9a-29b7ad2aa6a5,b7d89a75-3aaa-4f72-bc38-6c823d75cf71,c6014453-9c48-489a-9ef8-5d23515b527a,1644237097725,13.3567649,52.5111915,4.660748,3.8375037,7.7089744,-1.8521767,on bike mount,cyclo cross,True,fine gravel,good
06644c66-65ee-40a7-ba9a-29b7ad2aa6a5,b7d89a75-3aaa-4f72-bc38-6c823d75cf71,1892fde3-de3e-4b0c-8679-f45ee5fa782e,1644237097777,13.3567649,52.5111915,4.660748,-1.5901141,-6.6423626,-7.750126,on bike mount,cyclo cross,True,fine gravel,good
06644c66-65ee-40a7-ba9a-29b7ad2aa6a5,b7d89a75-3aaa-4f72-bc38-6c823d75cf71,31795b1f-f16d-46b0-bf24-f960ac29c9a6,1644237097834,13.3567649,52.5111915,4.660748,-0.07937157,-8.54962,4.735112,on bike mount,cyclo cross,True,fine gravel,good
06644c66-65ee-40a7-ba9a-29b7ad2aa6a5,b7d89a75-3aaa-4f72-bc38-6c823d75cf71,3ee59623-7be0-437d-95da-1b58f2d8745d,1644237097889,13.3567649,52.5111915,4.660748,-1.8191535,-4.8446264,13.232197,on bike mount,cyclo cross,True,fine gravel,good
06644c66-65ee-40a7-ba9a-29b7ad2aa6a5,b7d89a75-3aaa-4f72-bc38-6c823d75cf71,a0cbce14-f78d-4165-879b-11985b913769,1644237097947,13.3567649,52.5111915,4.660748,1.7884448,-7.740449,6.711727,on bike mount,cyclo cross,True,fine gravel,good
06644c66-65ee-40a7-ba9a-29b7ad2aa6a5,b7d89a75-3aaa-4f72-bc38-6c823d75cf71,fb5f7558-ce2e-4557-9437-f757c535567a,1644237098000,13.3567649,52.5111915,4.660748,-0.31697354,2.1056004,2.4331598,on bike mount,cyclo cross,True,fine gravel,good
06644c66-65ee-40a7-ba9a-29b7ad2aa6a5,b7d89a75-3aaa-4f72-bc38-6c823d75cf71,a4525d7d-2a7b-4ff6-84b6-53a5332ea05d,1644237098056,13.3567649,52.5111915,4.660748,3.8385863,2.0435715,19.458017,on bike mount,cyclo cross,True,fine gravel,good
06644c66-65ee-40a7-ba9a-29b7ad2aa6a5,b7d89a75-3aaa-4f72-bc38-6c823d75cf71,de38843c-7909-4457-9332-1479cf1f56b2,1644237098112,13.3567649,52.5111915,4.660748,-2.0671222,5.414604,-5.7313356,on bike mount,cyclo cross,True,fine gravel,good
06644c66-65ee-40a7-ba9a-29b7ad2aa6a5,b7d89a75-3aaa-4f72-bc38-6c823d75cf71,cdd67d6f-ce88-4ae4-a0e7-c8b184887a41,1644237098168,13.3567649,52.5111915,4.660748,3.0210996,-8.821417,30.56471,on bike mount,cyclo cross,True,fine gravel,good
06644c66-65ee-40a7-ba9a-29b7ad2aa6a5,b7d89a75-3aaa-4f72-bc38-6c823d75cf71,0388f4be-2479-458f-9193-2e6b5ad9cd02,1644237098223,13.3567649,52.5111915,4.660748,10.33416,-6.62106,6.072056,on bike mount,cyclo cross,True,fine gravel,good
06644c66-65ee-40a7-ba9a-29b7ad2aa6a5,b7d89a75-3aaa-4f72-bc38-6c823d75cf71,43882afd-c1e5-4e20-ac03-2b24b28c56c8,1644237098281,13.3567649,52.5111915,4.660748,-2.0163171,-3.2379665,-2.2959623,on bike mount,cyclo cross,True,fine gravel,good
06644c66-65ee-40a7-ba9a-29b7ad2aa6a5,b7d89a75-3aaa-4f72-bc38-6c823d75cf71,d779d8a7-07b9-44f0-80ab-f7442a388c49,1644237098336,13.3567649,52.5111915,4.660748,0.15321463,-4.6789055,-0.42239094,on bike mount,cyclo cross,True,fine gravel,good
06644c66-65ee-40a7-ba9a-29b7ad2aa6a5,b7d89a75-3aaa-4f72-bc38-6c823d75cf71,319736dd-f358-4ec9-99ad-627ea514c347,1644237098390,13.3567649,52.5111915,4.660748,2.8568819,0.26302457,0.77899075,on bike mount,cyclo cross,True,fine gravel,good
06644c66-65ee-40a7-ba9a-29b7ad2aa6a5,b7d89a75-3aaa-4f72-bc38-6c823d75cf71,a56544a2-5384-4a13-9f32-8eb49163b2b2,1644237098445,13.3567074,52.5111583,4.625448,-0.044609696,-3.781244,9.415665,on bike mount,cyclo cross,True,fine gravel,good
06644c66-65ee-40a7-ba9a-29b7ad2aa6a5,b7d89a75-3aaa-4f72-bc38-6c823d75cf71,ae9244a8-75d7-417e-9a1a-500ee75bfc4b,1644237098500,13.3567074,52.5111583,4.625448,2.8496943,-0.40045547,-7.045605,on bike mount,cyclo cross,True,fine gravel,good
06644c66-65ee-40a7-ba9a-29b7ad2aa6a5,b7d89a75-3aaa-4f72-bc38-6c823d75cf71,08a7d4c4-e9a0-486f-b25c-44be7b77f87e,1644237098556,13.3567074,52.5111583,4.625448,-1.7236714,-1.9435512,3.4418774,on bike mount,cyclo cross,True,fine gravel,good
06644c66-65ee-40a7-ba9a-29b7ad2aa6a5,b7d89a75-3aaa-4f72-bc38-6c823d75cf71,ec6abbb6-a90c-47b5-af36-dd87b0252dae,1644237098612,13.3567074,52.5111583,4.625448,-3.4561415,3.858461,4.4649773,on bike mount,cyclo cross,True,fine gravel,good
06644c66-65ee-40a7-ba9a-29b7ad2aa6a5,b7d89a75-3aaa-4f72-bc38-6c823d75cf71,f8ab9436-6bdc-480d-8a59-c882f86f9ccc,1644237098667,13.3567074,52.5111583,4.625448,-0.5734139,-8.349423,3.3297548,on bike mount,cyclo cross,True,fine gravel,good
06644c66-65ee-40a7-ba9a-29b7ad2aa6a5,b7d89a75-3aaa-4f72-bc38-6c823d75cf71,28c781b1-9610-46a4-8ceb-74bf1cf0fb3c,1644237098722,13.3567074,52.5111583,4.625448,-0.31328472,-1.3531041,6.4395847,on bike mount,cyclo cross,True,fine gravel,good
06644c66-65ee-40a7-ba9a-29b7ad2aa6a5,b7d89a75-3aaa-4f72-bc38-6c823d75cf71,05f10b34-6f34-4727-934a-52bb43cfff09,1644237098780,13.3567074,52.5111583,4.625448,3.4169393,-1.3359425,-15.89662,on bike mount,cyclo cross,True,fine gravel,good
06644c66-65ee-40a7-ba9a-29b7ad2aa6a5,b7d89a75-3aaa-4f72-bc38-6c823d75cf71,a85f7de5-1e53-45cf-ba87-18ce530428c4,1644237098835,13.3567074,52.5111583,4.625448,-1.0307589,3.12295,-14.387483,on bike mount,cyclo cross,True,fine gravel,good
06644c66-65ee-40a7-ba9a-29b7ad2aa6a5,b7d89a75-3aaa-4f72-bc38-6c823d75cf71,5996879f-5866-401c-9c38-1b93dbbb1be5,1644237098894,13.3567074,52.5111583,4.625448,1.9665573,-3.3671985,22.034988,on bike mount,cyclo cross,True,fine gravel,good
06644c66-65ee-40a7-ba9a-29b7ad2aa6a5,b7d89a75-3aaa-4f72-bc38-6c823d75cf71,4371b54b-bb49-4a6e-9dbe-81ab679bb5fe,1644237098947,13.356677,52.5111417,4.434956,-0.5889189,-12.780084,18.640968,on bike mount,cyclo cross,True,fine gravel,good
06644c66-65ee-40a7-ba9a-29b7ad2aa6a5,b7d89a75-3aaa-4f72-bc38-6c823d75cf71,b3602839-4692-4132-9fcc-e69507d88651,1644237099001,13.356677,52.5111417,4.434956,2.852772,-6.1724243,-13.384875,on bike mount,cyclo cross,True,fine gravel,good
06644c66-65ee-40a7-ba9a-29b7ad2aa6a5,b7d89a75-3aaa-4f72-bc38-6c823d75cf71,fedcbb2e-2853-43ee-b9ed-c0751c22f954,1644237099056,13.356677,52.5111417,4.434956,-1.4729412,-6.5185986,12.998348,on bike mount,cyclo cross,True,fine gravel,good
06644c66-65ee-40a7-ba9a-29b7ad2aa6a5,b7d89a75-3aaa-4f72-bc38-6c823d75cf71,b246531b-e8dc-428d-9964-aa8879953c31,1644237099113,13.356677,52.5111417,4.434956,-0.5188457,0.17207575,-17.314594,on bike mount,cyclo cross,True,fine gravel,good
06644c66-65ee-40a7-ba9a-29b7ad2aa6a5,b7d89a75-3aaa-4f72-bc38-6c823d75cf71,9b452018-6041-4cd1-bbf0-4318701b4bd3,1644237099169,13.356677,52.5111417,4.434956,1.0419997,1.7184896,-3.4904828,on bike mount,cyclo cross,True,fine gravel,good
06644c66-65ee-40a7-ba9a-29b7ad2aa6a5,b7d89a75-3aaa-4f72-bc38-6c823d75cf71,3d70691b-3592-46f7-b6e8-4833b92eb618,1644237099224,13.356677,52.5111417,4.434956,3.6193485,15.541048,6.4381094,on bike mount,cyclo cross,True,fine gravel,good
06644c66-65ee-40a7-ba9a-29b7ad2aa6a5,b7d89a75-3aaa-4f72-bc38-6c823d75cf71,7706d490-a21e-4873-aac7-1cebd0c44f7d,1644237099279,13.356677,52.5111417,4.434956,1.3277414,-1.8197322,-7.5085506,on bike mount,cyclo cross,True,fine gravel,good
06644c66-65ee-40a7-ba9a-29b7ad2aa6a5,b7d89a75-3aaa-4f72-bc38-6c823d75cf71,822b2fe6-ec32-48be-9c2e-4cfa498ea236,1644237099335,13.356677,52.5111417,4.434956,-0.023454487,5.1697464,5.5061445,on bike mount,cyclo cross,True,fine gravel,good
06644c66-65ee-40a7-ba9a-29b7ad2aa6a5,b7d89a75-3aaa-4f72-bc38-6c823d75cf71,72c76ae4-ef77-4893-8553-2a4f3233a793,1644237099392,13.356677,52.5111417,4.434956,0.69358325,-3.9122295,5.2856617,on bike mount,cyclo cross,True,fine gravel,good
06644c66-65ee-40a7-ba9a-29b7ad2aa6a5,b7d89a75-3aaa-4f72-bc38-6c823d75cf71,e39601c0-384e-4658-a37f-8a555f0aa597,1644237099447,13.356677,52.5111417,4.434956,3.8738759,6.150161,3.72859,on bike mount,cyclo cross,True,fine gravel,good
06644c66-65ee-40a7-ba9a-29b7ad2aa6a5,b7d89a75-3aaa-4f72-bc38-6c823d75cf71,684d2ea4-062a-438c-af0d-d75d736ef7f0,1644237099500,13.356677,52.5111417,4.434956,0.9718376,7.8734846,5.7133074,on bike mount,cyclo cross,True,fine gravel,good
06644c66-65ee-40a7-ba9a-29b7ad2aa6a5,b7d89a75-3aaa-4f72-bc38-6c823d75cf71,b2e7c361-c73f-4c64-a840-eaba263387c4,1644237099560,13.356677,52.5111417,4.434956,-2.7841988,10.45186,-8.378801,on bike mount,cyclo cross,True,fine gravel,good
06644c66-65ee-40a7-ba9a-29b7ad2aa6a5,b7d89a75-3aaa-4f72-bc38-6c823d75cf71,7629353e-15d1-4f20-b7b9-bcec26c91a71,1644237099613,13.356677,52.5111417,4.434956,-1.6170017,-7.624291,12.356805,on bike mount,cyclo cross,True,fine gravel,good
06644c66-65ee-40a7-ba9a-29b7ad2aa6a5,b7d89a75-3aaa-4f72-bc38-6c823d75cf71,8ed02c06-58ef-4426-b973-5f764fb6b635,1644237099668,13.3566443,52.5111243,4.312983,1.758092,-9.555006,-0.38010788,on bike mount,cyclo cross,True,fine gravel,good
06644c66-65ee-40a7-ba9a-29b7ad2aa6a5,b7d89a75-3aaa-4f72-bc38-6c823d75cf71,21ced396-2848-46f2-8bbb-0cd57b2d95da,1644237099724,13.3566443,52.5111243,4.312983,-5.721321,15.52402,-3.9065819,on bike mount,cyclo cross,True,fine gravel,good
06644c66-65ee-40a7-ba9a-29b7ad2aa6a5,b7d89a75-3aaa-4f72-bc38-6c823d75cf71,fe7c89d8-3960-4390-b724-b6091f87e227,1644237099782,13.3566443,52.5111243,4.312983,0.47245795,2.9703345,-5.49195,on bike mount,cyclo cross,True,fine gravel,good
06644c66-65ee-40a7-ba9a-29b7ad2aa6a5,b7d89a75-3aaa-4f72-bc38-6c823d75cf71,d5d1fff4-e0b9-4487-8f8d-25b36975a4b8,1644237099838,13.3566443,52.5111243,4.312983,1.3429506,-2.2257957,-9.70406,on bike mount,cyclo cross,True,fine gravel,good
06644c66-65ee-40a7-ba9a-29b7ad2aa6a5,b7d89a75-3aaa-4f72-bc38-6c823d75cf71,78ebbb11-5fb1-405a-a987-60bb83bb6489,1644237099892,13.3566443,52.5111243,4.312983,-0.0042643137,-1.9501662,4.4258413,on bike mount,cyclo cross,True,fine gravel,good
06644c66-65ee-40a7-ba9a-29b7ad2aa6a5,b7d89a75-3aaa-4f72-bc38-6c823d75cf71,0c65493b-b2ed-404a-937b-031c84c4771a,1644237099946,13.3566443,52.5111243,4.312983,1.9885207,-3.9527586,-2.9310293,on bike mount,cyclo cross,True,fine gravel,good
06644c66-65ee-40a7-ba9a-29b7ad2aa6a5,b7d89a75-3aaa-4f72-bc38-6c823d75cf71,dfda9566-811a-46e8-b9e7-c7349409e490,1644237100003,13.3566443,52.5111243,4.312983,1.385169,1.2332048,-2.3013825,on bike mount,cyclo cross,True,fine gravel,good
06644c66-65ee-40a7-ba9a-29b7ad2aa6a5,b7d89a75-3aaa-4f72-bc38-6c823d75cf71,53918b62-285b-4c0d-b576-998b650c03de,1644237100058,13.3566443,52.5111243,4.312983,-0.4871484,-0.5092001,10.319972,on bike mount,cyclo cross,True,fine gravel,good
06644c66-65ee-40a7-ba9a-29b7ad2aa6a5,b7d89a75-3aaa-4f72-bc38-6c823d75cf71,05fb1f4d-b9f2-4c88-927e-b3611c6452ed,1644237100114,13.3566443,52.5111243,4.312983,-0.5752567,4.509855,-0.37866783,on bike mount,cyclo cross,True,fine gravel,good
06644c66-65ee-40a7-ba9a-29b7ad2aa6a5,b7d89a75-3aaa-4f72-bc38-6c823d75cf71,22221af0-fe07-4dc0-bd20-3a210bd892f9,1644237100169,13.3566443,52.5111243,4.312983,1.3354324,10.876564,-8.077288,on bike mount,cyclo cross,True,fine gravel,good
06644c66-65ee-40a7-ba9a-29b7ad2aa6a5,b7d89a75-3aaa-4f72-bc38-6c823d75cf71,db5d1eae-10ba-4c16-90ff-5749a870e518,1644237100225,13.3566058,52.5111042,4.223713,-1.065777,-3.3704832,-12.939492,on bike mount,cyclo cross,True,fine gravel,good
06644c66-65ee-40a7-ba9a-29b7ad2aa6a5,b7d89a75-3aaa-4f72-bc38-6c823d75cf71,568828fd-3324-44a2-8bcc-bfd884db15b1,1644237100280,13.3566058,52.5111042,4.223713,0.4966729,-1.7209729,-4.897581,on bike mount,cyclo cross,True,fine gravel,good
06644c66-65ee-40a7-ba9a-29b7ad2aa6a5,b7d89a75-3aaa-4f72-bc38-6c823d75cf71,55852417-68a8-4520-b16c-295c890539d8,1644237100335,13.3566058,52.5111042,4.223713,0.058443785,-11.399655,-4.8660154,on bike mount,cyclo cross,True,fine gravel,good
06644c66-65ee-40a7-ba9a-29b7ad2aa6a5,b7d89a75-3aaa-4f72-bc38-6c823d75cf71,c3cbe61a-dc8d-40f9-8a04-77dcb0adf128,1644237100391,13.3566058,52.5111042,4.223713,0.8414238,3.5670447,2.9025402,on bike mount,cyclo cross,True,fine gravel,good
06644c66-65ee-40a7-ba9a-29b7ad2aa6a5,b7d89a75-3aaa-4f72-bc38-6c823d75cf71,2ff69b38-7850-4c94-979d-439be3649d41,1644237100448,13.3566058,52.5111042,4.223713,-2.2921352,0.046776295,-12.724455,on bike mount,cyclo cross,True,fine gravel,good
06644c66-65ee-40a7-ba9a-29b7ad2aa6a5,b7d89a75-3aaa-4f72-bc38-6c823d75cf71,a0edc2fb-9d9a-40b4-b218-d6b5195b604e,1644237100504,13.3566058,52.5111042,4.223713,-4.229981,6.60632,-0.6512232,on bike mount,cyclo cross,True,fine gravel,good
06644c66-65ee-40a7-ba9a-29b7ad2aa6a5,b7d89a75-3aaa-4f72-bc38-6c823d75cf71,34d5daa8-c803-401e-8fec-850ca275c376,1644237100556,13.3566058,52.5111042,4.223713,-1.5186381,-7.42738,-0.0056142807,on bike mount,cyclo cross,True,fine gravel,good
06644c66-65ee-40a7-ba9a-29b7ad2aa6a5,b7d89a75-3aaa-4f72-bc38-6c823d75cf71,4fe8507a-da44-4c3c-850a-0d667e8bb222,1644237100614,13.3566058,52.5111042,4.223713,1.3908033,-1.6786637,1.197896,on bike mount,cyclo cross,True,fine gravel,good
06644c66-65ee-40a7-ba9a-29b7ad2aa6a5,b7d89a75-3aaa-4f72-bc38-6c823d75cf71,17717577-1c73-42fc-b3b0-628f3b3b9422,1644237100670,13.3566058,52.5111042,4.223713,-1.7941993,-1.1723768,5.71436,on bike mount,cyclo cross,True,fine gravel,good
06644c66-65ee-40a7-ba9a-29b7ad2aa6a5,b7d89a75-3aaa-4f72-bc38-6c823d75cf71,8512b4a6-7812-4ea1-bec2-5dee11cd92c5,1644237100726,13.3566058,52.5111042,4.223713,1.7579958,-0.5517819,3.8340025,on bike mount,cyclo cross,True,fine gravel,good
06644c66-65ee-40a7-ba9a-29b7ad2aa6a5,b7d89a75-3aaa-4f72-bc38-6c823d75cf71,298b0809-65d8-4640-8577-c58312304fed,1644237100781,13.3566058,52.5111042,4.223713,0.11383495,-2.6217723,-2.1129732,on bike mount,cyclo cross,True,fine gravel,good
06644c66-65ee-40a7-ba9a-29b7ad2aa6a5,b7d89a75-3aaa-4f72-bc38-6c823d75cf71,8eea5ab7-5b1a-4f1a-be8e-498666d50512,1644237100837,13.3566058,52.5111042,4.223713,-0.51699835,-4.2427406,-0.86964893,on bike mount,cyclo cross,True,fine gravel,good
06644c66-65ee-40a7-ba9a-29b7ad2aa6a5,b7d89a75-3aaa-4f72-bc38-6c823d75cf71,1897cfb7-1bab-45be-b8ed-15235e9c73b4,1644237100892,13.3566058,52.5111042,4.223713,1.1876322,-0.47259045,-1.1962528,on bike mount,cyclo cross,True,fine gravel,good
06644c66-65ee-40a7-ba9a-29b7ad2aa6a5,b7d89a75-3aaa-4f72-bc38-6c823d75cf71,306c014e-89c3-40ea-bb0c-726b440b628d,1644237100948,13.3566058,52.5111042,4.223713,0.94293463,-2.775391,3.93746,on bike mount,cyclo cross,True,fine gravel,good
06644c66-65ee-40a7-ba9a-29b7ad2aa6a5,b7d89a75-3aaa-4f72-bc38-6c823d75cf71,2da8888a-0ad0-413f-bd73-cf0c98b14121,1644237101002,13.3566058,52.5111042,4.223713,-2.5717945,-6.794675,11.984152,on bike mount,cyclo cross,True,fine gravel,good
06644c66-65ee-40a7-ba9a-29b7ad2aa6a5,b7d89a75-3aaa-4f72-bc38-6c823d75cf71,e8216f94-7c62-46f1-a5f4-58ce05fc1878,1644237101059,13.3566058,52.5111042,4.223713,1.8916376,0.48672152,-0.4067135,on bike mount,cyclo cross,True,fine gravel,good
06644c66-65ee-40a7-ba9a-29b7ad2aa6a5,b7d89a75-3aaa-4f72-bc38-6c823d75cf71,faeeb329-fe0c-4a83-b8a9-32b773d26113,1644237101115,13.3565538,52.5110757,4.318396,0.99604344,-1.6880118,6.540123,on bike mount,cyclo cross,True,fine gravel,good
06644c66-65ee-40a7-ba9a-29b7ad2aa6a5,b7d89a75-3aaa-4f72-bc38-6c823d75cf71,f01f1b86-c8fb-47da-9401-cd928c3fa89d,1644237101169,13.3565538,52.5110757,4.318396,-1.2013464,-4.535839,8.036255,on bike mount,cyclo cross,True,fine gravel,good
06644c66-65ee-40a7-ba9a-29b7ad2aa6a5,b7d89a75-3aaa-4f72-bc38-6c823d75cf71,084c416b-3116-4290-a0be-d6b72475d80c,1644237101224,13.3565538,52.5110757,4.318396,2.632803,1.0035489,-2.9919143,on bike mount,cyclo cross,True,fine gravel,good
06644c66-65ee-40a7-ba9a-29b7ad2aa6a5,b7d89a75-3aaa-4f72-bc38-6c823d75cf71,093a67ac-ac53-40a1-91c3-4dd013df3a62,1644237101280,13.3565538,52.5110757,4.318396,0.113777384,-5.086809,-0.44203377,on bike mount,cyclo cross,True,fine gravel,good
06644c66-65ee-40a7-ba9a-29b7ad2aa6a5,b7d89a75-3aaa-4f72-bc38-6c823d75cf71,34518d23-4aa8-4295-995e-f291224a710a,1644237101337,13.3565538,52.5110757,4.318396,-0.9396091,-7.645091,-4.117944,on bike mount,cyclo cross,True,fine gravel,good
06644c66-65ee-40a7-ba9a-29b7ad2aa6a5,b7d89a75-3aaa-4f72-bc38-6c823d75cf71,8e601d77-9abc-4318-82b5-ea499c858dea,1644237101392,13.3565538,52.5110757,4.318396,2.0344229,-3.6097054,-1.6266618,on bike mount,cyclo cross,True,fine gravel,good
06644c66-65ee-40a7-ba9a-29b7ad2aa6a5,b7d89a75-3aaa-4f72-bc38-6c823d75cf71,f2483b33-164e-43aa-b08f-adfbeb9516d3,1644237101449,13.3565538,52.5110757,4.318396,2.4743848,-4.507995,5.82506,on bike mount,cyclo cross,True,fine gravel,good
06644c66-65ee-40a7-ba9a-29b7ad2aa6a5,b7d89a75-3aaa-4f72-bc38-6c823d75cf71,960683d6-4311-4de7-827e-e68dc369b533,1644237101504,13.3565538,52.5110757,4.318396,-0.32304722,-1.0963149,-2.774169,on bike mount,cyclo cross,True,fine gravel,good
06644c66-65ee-40a7-ba9a-29b7ad2aa6a5,b7d89a75-3aaa-4f72-bc38-6c823d75cf71,f442c21f-ac61-4443-8aa7-c6bb174d1741,1644237101560,13.3565538,52.5110757,4.318396,1.3654556,-2.90793,3.0105238,on bike mount,cyclo cross,True,fine gravel,good
06644c66-65ee-40a7-ba9a-29b7ad2aa6a5,b7d89a75-3aaa-4f72-bc38-6c823d75cf71,97689c88-8955-43f0-b49f-eb2125212f6a,1644237101613,13.3565538,52.5110757,4.318396,2.3933127,-0.46654582,2.1758966,on bike mount,cyclo cross,True,fine gravel,good
06644c66-65ee-40a7-ba9a-29b7ad2aa6a5,b7d89a75-3aaa-4f72-bc38-6c823d75cf71,6a4f5e68-0dd4-4972-b3ab-9491d196430c,1644237101669,13.3565277,52.5110604,4.361754,1.7830968,2.069067,-0.637784,on bike mount,cyclo cross,True,fine gravel,good
06644c66-65ee-40a7-ba9a-29b7ad2aa6a5,b7d89a75-3aaa-4f72-bc38-6c823d75cf71,a9442046-22c7-4ddf-836b-b6d5a81810bc,1644237101725,13.3565277,52.5110604,4.361754,1.8849825,3.0662236,0.97763157,on bike mount,cyclo cross,True,fine gravel,good
06644c66-65ee-40a7-ba9a-29b7ad2aa6a5,b7d89a75-3aaa-4f72-bc38-6c823d75cf71,08693db0-2be8-45b9-af91-dc0f2a7313b6,1644237101781,13.3565277,52.5110604,4.361754,0.99541396,2.7043324,0.25109768,on bike mount,cyclo cross,True,fine gravel,good
06644c66-65ee-40a7-ba9a-29b7ad2aa6a5,b7d89a75-3aaa-4f72-bc38-6c823d75cf71,6f625fe5-6ca4-474a-9a2f-eac1752e9cbf,1644237101838,13.3565277,52.5110604,4.361754,-1.1456808,-1.6159325,-3.6092567,on bike mount,cyclo cross,True,fine gravel,good
06644c66-65ee-40a7-ba9a-29b7ad2aa6a5,b7d89a75-3aaa-4f72-bc38-6c823d75cf71,20d915bd-ae20-4abc-b9af-532eff8e9866,1644237101891,13.3565277,52.5110604,4.361754,2.4095848,1.6599364,0.80453205,on bike mount,cyclo cross,True,fine gravel,good
06644c66-65ee-40a7-ba9a-29b7ad2aa6a5,b7d89a75-3aaa-4f72-bc38-6c823d75cf71,e1927ea0-2cc7-4455-94b9-4e044cb1b29a,1644237101947,13.3565277,52.5110604,4.361754,-3.1317844,-2.8000727,6.17488,on bike mount,cyclo cross,True,fine gravel,good
06644c66-65ee-40a7-ba9a-29b7ad2aa6a5,b7d89a75-3aaa-4f72-bc38-6c823d75cf71,61250c42-8fcb-430c-8eec-409977e5414c,1644237102005,13.3565277,52.5110604,4.361754,-0.4751987,-8.180269,4.733363,on bike mount,cyclo cross,True,fine gravel,good
06644c66-65ee-40a7-ba9a-29b7ad2aa6a5,b7d89a75-3aaa-4f72-bc38-6c823d75cf71,5eef8f15-676f-416d-85fc-5bdc099351a7,1644237102059,13.3565277,52.5110604,4.361754,0.8754804,1.8833942,6.660919,on bike mount,cyclo cross,True,fine gravel,good
06644c66-65ee-40a7-ba9a-29b7ad2aa6a5,b7d89a75-3aaa-4f72-bc38-6c823d75cf71,99a65929-45a5-426f-94b3-54b5c5fe7953,1644237102115,13.3565277,52.5110604,4.361754,0.2987478,3.2437644,-2.2730737,on bike mount,cyclo cross,True,fine gravel,good
06644c66-65ee-40a7-ba9a-29b7ad2aa6a5,b7d89a75-3aaa-4f72-bc38-6c823d75cf71,6420ea2b-90d0-43c4-88f0-b7cb9373378f,1644237102172,13.3565277,52.5110604,4.361754,1.7503425,1.924273,3.0107775,on bike mount,cyclo cross,True,fine gravel,good
06644c66-65ee-40a7-ba9a-29b7ad2aa6a5,b7d89a75-3aaa-4f72-bc38-6c823d75cf71,fbfe1cbb-1658-4740-8ffb-506ef64d8420,1644237102226,13.356487,52.5110359,4.2721667,0.882229,-2.899606,-0.86253405,on bike mount,cyclo cross,True,fine gravel,good
06644c66-65ee-40a7-ba9a-29b7ad2aa6a5,b7d89a75-3aaa-4f72-bc38-6c823d75cf71,13e1061e-8bd7-434a-bf7f-6b7c0016a218,1644237102280,13.356487,52.5110359,4.2721667,-2.6839752,-3.8023689,2.500126,on bike mount,cyclo cross,True,fine gravel,good
06644c66-65ee-40a7-ba9a-29b7ad2aa6a5,b7d89a75-3aaa-4f72-bc38-6c823d75cf71,417d49e7-aca0-4b0d-81ae-d2c477dffc0b,1644237102338,13.356487,52.5110359,4.2721667,-0.25646472,-1.4427717,10.318266,on bike mount,cyclo cross,True,fine gravel,good
06644c66-65ee-40a7-ba9a-29b7ad2aa6a5,b7d89a75-3aaa-4f72-bc38-6c823d75cf71,7ab107ef-8641-471a-ac61-6bf3b25a7bcd,1644237102392,13.356487,52.5110359,4.2721667,0.925048,0.7226424,-6.895487,on bike mount,cyclo cross,True,fine gravel,good
06644c66-65ee-40a7-ba9a-29b7ad2aa6a5,b7d89a75-3aaa-4f72-bc38-6c823d75cf71,c1e082e0-0013-425b-bb30-e56f9d554327,1644237102451,13.356487,52.5110359,4.2721667,-0.017553002,-0.5597544,-2.3402915,on bike mount,cyclo cross,True,fine gravel,good
06644c66-65ee-40a7-ba9a-29b7ad2aa6a5,b7d89a75-3aaa-4f72-bc38-6c823d75cf71,b5cfaff8-58be-498c-8077-e80a0d06ddd0,1644237102504,13.356487,52.5110359,4.2721667,-0.5847862,-6.7975054,0.6799021,on bike mount,cyclo cross,True,fine gravel,good
06644c66-65ee-40a7-ba9a-29b7ad2aa6a5,b7d89a75-3aaa-4f72-bc38-6c823d75cf71,7991a15e-2213-4afb-8566-6eb878545312,1644237102558,13.356487,52.5110359,4.2721667,-0.058546394,-2.1114008,1.9805412,on bike mount,cyclo cross,True,fine gravel,good
06644c66-65ee-40a7-ba9a-29b7ad2aa6a5,b7d89a75-3aaa-4f72-bc38-6c823d75cf71,99407428-846e-4582-a812-e843f71cd9fa,1644237102614,13.356487,52.5110359,4.2721667,-0.3045646,-2.279574,-2.5118775,on bike mount,cyclo cross,True,fine gravel,good
