bike_activity_uid,bike_activity_sample_uid,bike_activity_measurement,bike_activity_measurement_timestamp,bike_activity_measurement_lon,bike_activity_measurement_lat,bike_activity_measurement_speed,bike_activity_measurement_accelerometer_x,bike_activity_measurement_accelerometer_y,bike_activity_measurement_accelerometer_z,bike_activity_phone_position,bike_activity_bike_type,bike_activity_flagged_lab_conditions,bike_activity_surface_type,bike_activity_smoothness_type
06644c66-65ee-40a7-ba9a-29b7ad2aa6a5,5799ac03-13cd-400a-b02c-cf718fcbf2ca,b8493817-27c7-4dda-a6d3-259b6f84a08a,1644237442181,13.3555438,52.5104977,4.5500565,-3.4644399,5.5376596,7.913784,on bike mount,cyclo cross,True,fine gravel,good
06644c66-65ee-40a7-ba9a-29b7ad2aa6a5,5799ac03-13cd-400a-b02c-cf718fcbf2ca,6a263079-a6d7-46e6-b9b1-7949dcb0bee8,1644237442235,13.3555438,52.5104977,4.5500565,1.1471853,-4.7223945,-1.2370796,on bike mount,cyclo cross,True,fine gravel,good
06644c66-65ee-40a7-ba9a-29b7ad2aa6a5,5799ac03-13cd-400a-b02c-cf718fcbf2ca,d17b955a-257d-4144-bae6-52a15edb395d,1644237442289,13.3555438,52.5104977,4.5500565,0.23499101,-6.2062488,-7.596136,on bike mount,cyclo cross,True,fine gravel,good
06644c66-65ee-40a7-ba9a-29b7ad2aa6a5,5799ac03-13cd-400a-b02c-cf718fcbf2ca,1ffef59c-dacf-41ee-bf22-4cca29100af6,1644237442349,13.3555438,52.5104977,4.5500565,-2.8916416,4.4782424,-3.1471353,on bike mount,cyclo cross,True,fine gravel,good
06644c66-65ee-40a7-ba9a-29b7ad2aa6a5,5799ac03-13cd-400a-b02c-cf718fcbf2ca,fc411486-7fd4-4715-9f4a-2ab766ddf0d1,1644237442402,13.3555438,52.5104977,4.5500565,-0.9003978,-4.154176,-3.5523062,on bike mount,cyclo cross,True,fine gravel,good
06644c66-65ee-40a7-ba9a-29b7ad2aa6a5,5799ac03-13cd-400a-b02c-cf718fcbf2ca,6704a0f7-6f3d-4e32-8773-b730708201cd,1644237442457,13.3555438,52.5104977,4.5500565,-1.2269568,3.6796317,7.409687,on bike mount,cyclo cross,True,fine gravel,good
06644c66-65ee-40a7-ba9a-29b7ad2aa6a5,5799ac03-13cd-400a-b02c-cf718fcbf2ca,d82fb683-2f7e-46e8-b3a8-e3fdeeedafec,1644237442515,13.3555438,52.5104977,4.5500565,-2.0431354,3.746871,-2.833787,on bike mount,cyclo cross,True,fine gravel,good
06644c66-65ee-40a7-ba9a-29b7ad2aa6a5,5799ac03-13cd-400a-b02c-cf718fcbf2ca,d8de3275-3827-4797-bfe1-2432f5c7747d,1644237442575,13.3554708,52.5104659,4.715096,-0.56650394,-6.6787634,4.4418516,on bike mount,cyclo cross,True,fine gravel,good
06644c66-65ee-40a7-ba9a-29b7ad2aa6a5,5799ac03-13cd-400a-b02c-cf718fcbf2ca,b892ea59-dc69-406c-a65e-27bdaac7da2f,1644237442625,13.3554708,52.5104659,4.715096,2.226853,-6.8437347,3.777254,on bike mount,cyclo cross,True,fine gravel,good
06644c66-65ee-40a7-ba9a-29b7ad2aa6a5,5799ac03-13cd-400a-b02c-cf718fcbf2ca,29852631-0dc2-468a-b3b2-add10c849661,1644237442680,13.3554708,52.5104659,4.715096,1.2425438,1.0766928,-4.3483577,on bike mount,cyclo cross,True,fine gravel,good
06644c66-65ee-40a7-ba9a-29b7ad2aa6a5,5799ac03-13cd-400a-b02c-cf718fcbf2ca,623e6778-886d-4c08-bb76-421779d8fb9e,1644237442733,13.3554708,52.5104659,4.715096,-1.0920489,2.297585,4.9853916,on bike mount,cyclo cross,True,fine gravel,good
06644c66-65ee-40a7-ba9a-29b7ad2aa6a5,5799ac03-13cd-400a-b02c-cf718fcbf2ca,276f42bd-81f0-42a3-9897-eccfff62f814,1644237442791,13.3554708,52.5104659,4.715096,-0.6611668,-0.4320097,-8.371522,on bike mount,cyclo cross,True,fine gravel,good
06644c66-65ee-40a7-ba9a-29b7ad2aa6a5,5799ac03-13cd-400a-b02c-cf718fcbf2ca,85e57c4f-ab90-402d-afd8-ab582b8ea63a,1644237442845,13.3554708,52.5104659,4.715096,0.4098314,-0.83294106,1.841114,on bike mount,cyclo cross,True,fine gravel,good
06644c66-65ee-40a7-ba9a-29b7ad2aa6a5,5799ac03-13cd-400a-b02c-cf718fcbf2ca,fa1cca93-79c1-4e6b-9a64-0200f93f5b80,1644237442902,13.3554708,52.5104659,4.715096,-0.63305277,2.6702635,0.48063564,on bike mount,cyclo cross,True,fine gravel,good
06644c66-65ee-40a7-ba9a-29b7ad2aa6a5,5799ac03-13cd-400a-b02c-cf718fcbf2ca,0ae5ba57-fec0-48dc-add6-8f262c85d1cb,1644237442957,13.3554708,52.5104659,4.715096,-0.07378389,-4.708353,0.044143677,on bike mount,cyclo cross,True,fine gravel,good
06644c66-65ee-40a7-ba9a-29b7ad2aa6a5,5799ac03-13cd-400a-b02c-cf718fcbf2ca,f1d33287-8c32-46cf-9c39-aa2595fe4554,1644237443011,13.3554708,52.5104659,4.715096,0.39921623,-2.0966868,-6.429302,on bike mount,cyclo cross,True,fine gravel,good
06644c66-65ee-40a7-ba9a-29b7ad2aa6a5,5799ac03-13cd-400a-b02c-cf718fcbf2ca,347458c8-8328-4853-b8e3-d959e5550955,1644237443067,13.3554708,52.5104659,4.715096,1.4910209,-6.4330635,8.882552,on bike mount,cyclo cross,True,fine gravel,good
06644c66-65ee-40a7-ba9a-29b7ad2aa6a5,5799ac03-13cd-400a-b02c-cf718fcbf2ca,7318f0d0-a432-434f-8a02-53b27b439445,1644237443125,13.3554708,52.5104659,4.715096,1.9067428,-2.9637442,-4.8457046,on bike mount,cyclo cross,True,fine gravel,good
06644c66-65ee-40a7-ba9a-29b7ad2aa6a5,5799ac03-13cd-400a-b02c-cf718fcbf2ca,bdca4edb-715d-41c6-9656-3ae73f4cfd02,1644237443180,13.3554708,52.5104659,4.715096,0.5299082,-5.334016,6.552038,on bike mount,cyclo cross,True,fine gravel,good
06644c66-65ee-40a7-ba9a-29b7ad2aa6a5,5799ac03-13cd-400a-b02c-cf718fcbf2ca,79d20c07-54f3-41db-bb2c-5d948c9cbb3b,1644237443235,13.355419,52.5104454,4.7118497,0.2032766,-0.8742268,-0.029975891,on bike mount,cyclo cross,True,fine gravel,good
06644c66-65ee-40a7-ba9a-29b7ad2aa6a5,5799ac03-13cd-400a-b02c-cf718fcbf2ca,0a65b64e-e3db-427a-9712-2771b9f51c55,1644237443292,13.355419,52.5104454,4.7118497,2.487976,1.1157594,0.49193573,on bike mount,cyclo cross,True,fine gravel,good
06644c66-65ee-40a7-ba9a-29b7ad2aa6a5,5799ac03-13cd-400a-b02c-cf718fcbf2ca,fa5d52ce-50a4-4804-a7ab-411f8a755373,1644237443345,13.355419,52.5104454,4.7118497,-2.4041095,4.1338377,5.8160744,on bike mount,cyclo cross,True,fine gravel,good
06644c66-65ee-40a7-ba9a-29b7ad2aa6a5,5799ac03-13cd-400a-b02c-cf718fcbf2ca,9b9b93b9-6085-48b5-bf0d-6aea45d99cde,1644237443402,13.355419,52.5104454,4.7118497,-3.2826052,3.0921607,0.37021637,on bike mount,cyclo cross,True,fine gravel,good
06644c66-65ee-40a7-ba9a-29b7ad2aa6a5,5799ac03-13cd-400a-b02c-cf718fcbf2ca,79da5031-dd25-4b3d-992a-69a5e0324ca9,1644237443459,13.355419,52.5104454,4.7118497,0.93667114,0.7735779,-8.547277,on bike mount,cyclo cross,True,fine gravel,good
06644c66-65ee-40a7-ba9a-29b7ad2aa6a5,5799ac03-13cd-400a-b02c-cf718fcbf2ca,bca92bce-424a-4dda-ae36-f74aecf1862c,1644237443516,13.355419,52.5104454,4.7118497,1.504724,-17.216644,25.005774,on bike mount,cyclo cross,True,fine gravel,good
06644c66-65ee-40a7-ba9a-29b7ad2aa6a5,5799ac03-13cd-400a-b02c-cf718fcbf2ca,3fa35fbc-3d42-4df5-ba18-9c7c17852083,1644237443569,13.355419,52.5104454,4.7118497,-2.5090632,2.7657704,10.011471,on bike mount,cyclo cross,True,fine gravel,good
06644c66-65ee-40a7-ba9a-29b7ad2aa6a5,5799ac03-13cd-400a-b02c-cf718fcbf2ca,7bd5f21c-0738-471c-82b5-a43836618b83,1644237443624,13.355419,52.5104454,4.7118497,0.92825454,0.24877763,-5.1745825,on bike mount,cyclo cross,True,fine gravel,good
06644c66-65ee-40a7-ba9a-29b7ad2aa6a5,5799ac03-13cd-400a-b02c-cf718fcbf2ca,fab07a29-e6ff-48cb-b7f9-7bdbfc02d55a,1644237443679,13.355419,52.5104454,4.7118497,2.695438,0.5088351,1.4838066,on bike mount,cyclo cross,True,fine gravel,good
06644c66-65ee-40a7-ba9a-29b7ad2aa6a5,5799ac03-13cd-400a-b02c-cf718fcbf2ca,35af2137-25ce-476f-abce-a002f2b58d58,1644237443734,13.355419,52.5104454,4.7118497,1.9220681,-2.0087512,-5.9289765,on bike mount,cyclo cross,True,fine gravel,good
06644c66-65ee-40a7-ba9a-29b7ad2aa6a5,5799ac03-13cd-400a-b02c-cf718fcbf2ca,6919bfe1-4a1a-48f3-8209-f3322c54093e,1644237443792,13.355419,52.5104454,4.7118497,-1.9190282,-2.0255651,3.0722427,on bike mount,cyclo cross,True,fine gravel,good
06644c66-65ee-40a7-ba9a-29b7ad2aa6a5,5799ac03-13cd-400a-b02c-cf718fcbf2ca,b3513708-24be-45a9-a7f7-cce4b75bea10,1644237443849,13.355419,52.5104454,4.7118497,-2.41387,-1.3044899,7.6829357,on bike mount,cyclo cross,True,fine gravel,good
06644c66-65ee-40a7-ba9a-29b7ad2aa6a5,5799ac03-13cd-400a-b02c-cf718fcbf2ca,fdffdc0b-b9ca-499e-96e7-17d55d394570,1644237443902,13.355419,52.5104454,4.7118497,1.9821475,1.6728067,-1.6082687,on bike mount,cyclo cross,True,fine gravel,good
06644c66-65ee-40a7-ba9a-29b7ad2aa6a5,5799ac03-13cd-400a-b02c-cf718fcbf2ca,635bc2d5-546f-4c18-b04c-52c8f2acf0b0,1644237443958,13.355419,52.5104454,4.7118497,1.719635,0.900537,-1.1638875,on bike mount,cyclo cross,True,fine gravel,good
06644c66-65ee-40a7-ba9a-29b7ad2aa6a5,5799ac03-13cd-400a-b02c-cf718fcbf2ca,4893a8b8-34c6-4589-8937-afadf2c8549b,1644237444013,13.355419,52.5104454,4.7118497,-1.5561295,-2.5922909,5.389124,on bike mount,cyclo cross,True,fine gravel,good
06644c66-65ee-40a7-ba9a-29b7ad2aa6a5,5799ac03-13cd-400a-b02c-cf718fcbf2ca,117d37cb-c2d6-45e4-a96e-ac637630b06d,1644237444071,13.355419,52.5104454,4.7118497,1.0587902,0.3380084,4.3769016,on bike mount,cyclo cross,True,fine gravel,good
06644c66-65ee-40a7-ba9a-29b7ad2aa6a5,5799ac03-13cd-400a-b02c-cf718fcbf2ca,9b57c260-cdca-4af4-a711-75a43947f2b5,1644237444124,13.355419,52.5104454,4.7118497,2.3296628,1.3669248,6.912161,on bike mount,cyclo cross,True,fine gravel,good
06644c66-65ee-40a7-ba9a-29b7ad2aa6a5,5799ac03-13cd-400a-b02c-cf718fcbf2ca,086dac09-7e65-4b4f-a801-104cf7b20456,1644237444183,13.3553507,52.510416,4.830816,0.23072916,1.3458147,-0.33377934,on bike mount,cyclo cross,True,fine gravel,good
06644c66-65ee-40a7-ba9a-29b7ad2aa6a5,5799ac03-13cd-400a-b02c-cf718fcbf2ca,515df635-b681-43d7-91ff-b0944e453d25,1644237444238,13.3553507,52.510416,4.830816,1.3691595,-6.596912,4.660843,on bike mount,cyclo cross,True,fine gravel,good
06644c66-65ee-40a7-ba9a-29b7ad2aa6a5,5799ac03-13cd-400a-b02c-cf718fcbf2ca,36bfd3f4-5de3-4827-a5a7-e2efdc28835a,1644237444292,13.3553507,52.510416,4.830816,-2.1018677,2.3868856,0.3650751,on bike mount,cyclo cross,True,fine gravel,good
06644c66-65ee-40a7-ba9a-29b7ad2aa6a5,5799ac03-13cd-400a-b02c-cf718fcbf2ca,fe45f120-7308-46ed-bb96-2bffca5d41e3,1644237444346,13.3553507,52.510416,4.830816,-3.0463994,-4.3167715,1.4835625,on bike mount,cyclo cross,True,fine gravel,good
06644c66-65ee-40a7-ba9a-29b7ad2aa6a5,5799ac03-13cd-400a-b02c-cf718fcbf2ca,1418fadd-dd1a-4e77-a26a-92f05e9f390a,1644237444404,13.3553507,52.510416,4.830816,1.9088283,-3.9929895,1.18472,on bike mount,cyclo cross,True,fine gravel,good
06644c66-65ee-40a7-ba9a-29b7ad2aa6a5,5799ac03-13cd-400a-b02c-cf718fcbf2ca,5f163943-4d84-440a-983f-50983c8dcc90,1644237444460,13.3553507,52.510416,4.830816,0.8608295,-0.8102071,-0.67592335,on bike mount,cyclo cross,True,fine gravel,good
06644c66-65ee-40a7-ba9a-29b7ad2aa6a5,5799ac03-13cd-400a-b02c-cf718fcbf2ca,2d87412f-9c82-4949-8d55-d439304b7ba9,1644237444514,13.3553507,52.510416,4.830816,-0.60586494,1.2799003,-2.2328148,on bike mount,cyclo cross,True,fine gravel,good
06644c66-65ee-40a7-ba9a-29b7ad2aa6a5,5799ac03-13cd-400a-b02c-cf718fcbf2ca,976f86cc-7152-40ee-8892-81faad327eb1,1644237444571,13.3553507,52.510416,4.830816,0.40184167,3.8715372,-7.6747446,on bike mount,cyclo cross,True,fine gravel,good
06644c66-65ee-40a7-ba9a-29b7ad2aa6a5,5799ac03-13cd-400a-b02c-cf718fcbf2ca,5c347617-8e7b-4f0c-baa5-2193ed42711f,1644237444627,13.3553507,52.510416,4.830816,0.96976954,-0.34775376,1.7659407,on bike mount,cyclo cross,True,fine gravel,good
06644c66-65ee-40a7-ba9a-29b7ad2aa6a5,5799ac03-13cd-400a-b02c-cf718fcbf2ca,525d4563-9348-417b-9a28-c8db270267d8,1644237444681,13.3553507,52.510416,4.830816,-1.9565296,-0.05631876,-6.2635927,on bike mount,cyclo cross,True,fine gravel,good
06644c66-65ee-40a7-ba9a-29b7ad2aa6a5,5799ac03-13cd-400a-b02c-cf718fcbf2ca,1a9557c4-f5f2-4fa8-8ea7-e3ef8fe7c104,1644237444737,13.3553507,52.510416,4.830816,1.9860172,-8.018164,-1.8122344,on bike mount,cyclo cross,True,fine gravel,good
06644c66-65ee-40a7-ba9a-29b7ad2aa6a5,5799ac03-13cd-400a-b02c-cf718fcbf2ca,75a7a12c-62e2-46cb-a89d-4a37998204d4,1644237444793,13.3553507,52.510416,4.830816,-1.7628505,3.6068287,-1.1074991,on bike mount,cyclo cross,True,fine gravel,good
06644c66-65ee-40a7-ba9a-29b7ad2aa6a5,5799ac03-13cd-400a-b02c-cf718fcbf2ca,f8e37322-c774-4ad2-a5f3-c2d8fc4e3b79,1644237444847,13.3553507,52.510416,4.830816,0.25084692,11.921201,-12.539005,on bike mount,cyclo cross,True,fine gravel,good
06644c66-65ee-40a7-ba9a-29b7ad2aa6a5,5799ac03-13cd-400a-b02c-cf718fcbf2ca,ff6d5aa9-12e3-4d06-98c6-5026b2129853,1644237444903,13.3553507,52.510416,4.830816,0.22359428,-4.017,4.781399,on bike mount,cyclo cross,True,fine gravel,good
06644c66-65ee-40a7-ba9a-29b7ad2aa6a5,5799ac03-13cd-400a-b02c-cf718fcbf2ca,39c8d19f-a898-47e4-81a9-6cc46e29cebe,1644237444961,13.3553507,52.510416,4.830816,0.92133623,2.5815692,0.31967258,on bike mount,cyclo cross,True,fine gravel,good
06644c66-65ee-40a7-ba9a-29b7ad2aa6a5,5799ac03-13cd-400a-b02c-cf718fcbf2ca,40be8c6f-3646-4e9c-b1a4-8b36e637058c,1644237445016,13.3553507,52.510416,4.830816,0.43737668,-1.165126,2.0953007,on bike mount,cyclo cross,True,fine gravel,good
06644c66-65ee-40a7-ba9a-29b7ad2aa6a5,5799ac03-13cd-400a-b02c-cf718fcbf2ca,d389dbcc-a292-4548-a298-1a2ef8b49f9e,1644237445071,13.3553507,52.510416,4.830816,3.138998,-16.778332,-4.508048,on bike mount,cyclo cross,True,fine gravel,good
06644c66-65ee-40a7-ba9a-29b7ad2aa6a5,5799ac03-13cd-400a-b02c-cf718fcbf2ca,0056f7a0-f5f4-4619-a5e0-8b2c37739e89,1644237445125,13.3553507,52.510416,4.830816,0.6213157,1.7577481,-7.234236,on bike mount,cyclo cross,True,fine gravel,good
06644c66-65ee-40a7-ba9a-29b7ad2aa6a5,5799ac03-13cd-400a-b02c-cf718fcbf2ca,7ea4da15-ca98-4981-b3bc-bb7cf2626d0f,1644237445183,13.3553507,52.510416,4.830816,0.29652917,-7.940921,5.39834,on bike mount,cyclo cross,True,fine gravel,good
06644c66-65ee-40a7-ba9a-29b7ad2aa6a5,5799ac03-13cd-400a-b02c-cf718fcbf2ca,732dfed5-925c-472d-b672-62f1e26dc3d5,1644237445237,13.3552773,52.510386,4.823116,0.4566588,-1.4349856,-2.125019,on bike mount,cyclo cross,True,fine gravel,good
06644c66-65ee-40a7-ba9a-29b7ad2aa6a5,5799ac03-13cd-400a-b02c-cf718fcbf2ca,c337e2ba-c5c4-4a64-b41c-bf6f81634624,1644237445292,13.3552773,52.510386,4.823116,-0.86987406,-5.3154135,4.2224464,on bike mount,cyclo cross,True,fine gravel,good
06644c66-65ee-40a7-ba9a-29b7ad2aa6a5,5799ac03-13cd-400a-b02c-cf718fcbf2ca,ffbcfe95-1fd2-4e42-b92a-18f99aadb8b2,1644237445347,13.3552773,52.510386,4.823116,-2.382155,-2.7262504,1.1115541,on bike mount,cyclo cross,True,fine gravel,good
06644c66-65ee-40a7-ba9a-29b7ad2aa6a5,5799ac03-13cd-400a-b02c-cf718fcbf2ca,46d466b0-04bb-488b-93ec-d7e689dedd98,1644237445406,13.3552773,52.510386,4.823116,-1.4182069,2.4958386,-27.559162,on bike mount,cyclo cross,True,fine gravel,good
06644c66-65ee-40a7-ba9a-29b7ad2aa6a5,5799ac03-13cd-400a-b02c-cf718fcbf2ca,7e134a4a-0ab3-4ede-b334-a30039018f75,1644237445461,13.3552773,52.510386,4.823116,4.2079544,0.932981,1.0694628,on bike mount,cyclo cross,True,fine gravel,good
06644c66-65ee-40a7-ba9a-29b7ad2aa6a5,5799ac03-13cd-400a-b02c-cf718fcbf2ca,d7043206-7c37-471b-96ed-9b7f9f6a3907,1644237445515,13.3552773,52.510386,4.823116,-2.447767,-4.7592783,6.3164043,on bike mount,cyclo cross,True,fine gravel,good
06644c66-65ee-40a7-ba9a-29b7ad2aa6a5,5799ac03-13cd-400a-b02c-cf718fcbf2ca,f7feeb59-fbaf-4664-bc2d-423a810359d0,1644237445573,13.3552773,52.510386,4.823116,-1.856464,12.0963745,-11.526613,on bike mount,cyclo cross,True,fine gravel,good
06644c66-65ee-40a7-ba9a-29b7ad2aa6a5,5799ac03-13cd-400a-b02c-cf718fcbf2ca,e0c72905-ce19-4797-84a6-dd8b33f92b83,1644237445629,13.3552773,52.510386,4.823116,0.7814481,1.0240965,-0.28246117,on bike mount,cyclo cross,True,fine gravel,good
06644c66-65ee-40a7-ba9a-29b7ad2aa6a5,5799ac03-13cd-400a-b02c-cf718fcbf2ca,9004d2f9-27e7-4f70-a434-0926b32d517d,1644237445681,13.3552773,52.510386,4.823116,5.952413,-3.7081513,13.2497425,on bike mount,cyclo cross,True,fine gravel,good
06644c66-65ee-40a7-ba9a-29b7ad2aa6a5,5799ac03-13cd-400a-b02c-cf718fcbf2ca,325b81ee-bd0b-42c9-ae4c-7ccf4f19d75f,1644237445736,13.3552773,52.510386,4.823116,-0.5295423,6.970538,12.83498,on bike mount,cyclo cross,True,fine gravel,good
06644c66-65ee-40a7-ba9a-29b7ad2aa6a5,5799ac03-13cd-400a-b02c-cf718fcbf2ca,b018c2fc-8965-4398-84ab-97dca9e9adef,1644237445793,13.3552773,52.510386,4.823116,-0.22415808,-0.2857275,15.131704,on bike mount,cyclo cross,True,fine gravel,good
06644c66-65ee-40a7-ba9a-29b7ad2aa6a5,5799ac03-13cd-400a-b02c-cf718fcbf2ca,b4f7d9ad-0f24-44f6-b89c-36b928d7de26,1644237445849,13.3552773,52.510386,4.823116,-2.373187,1.124341,-10.413158,on bike mount,cyclo cross,True,fine gravel,good
06644c66-65ee-40a7-ba9a-29b7ad2aa6a5,5799ac03-13cd-400a-b02c-cf718fcbf2ca,56c0ef3b-a752-46f0-8e9a-7d8bcc9fd231,1644237445906,13.3552773,52.510386,4.823116,-2.909258,-1.1015043,4.8258476,on bike mount,cyclo cross,True,fine gravel,good
06644c66-65ee-40a7-ba9a-29b7ad2aa6a5,5799ac03-13cd-400a-b02c-cf718fcbf2ca,a1559a18-9095-4cdd-b179-5029b0ca8ea6,1644237445961,13.3552773,52.510386,4.823116,-0.70634085,-0.1528368,3.3793116,on bike mount,cyclo cross,True,fine gravel,good
06644c66-65ee-40a7-ba9a-29b7ad2aa6a5,5799ac03-13cd-400a-b02c-cf718fcbf2ca,3870f620-ec04-46b2-9a32-f9992930d650,1644237446017,13.3552773,52.510386,4.823116,-0.8011774,-13.649982,-2.726901,on bike mount,cyclo cross,True,fine gravel,good
06644c66-65ee-40a7-ba9a-29b7ad2aa6a5,5799ac03-13cd-400a-b02c-cf718fcbf2ca,f034a3a2-04d3-47e1-98ac-8dcad5d53c37,1644237446072,13.3552773,52.510386,4.823116,-0.19221449,4.2793684,7.3735027,on bike mount,cyclo cross,True,fine gravel,good
06644c66-65ee-40a7-ba9a-29b7ad2aa6a5,5799ac03-13cd-400a-b02c-cf718fcbf2ca,d76b6bab-5112-48c7-80cb-55e06c882b9f,1644237446127,13.3552773,52.510386,4.823116,-0.14725006,4.3714547,6.089113,on bike mount,cyclo cross,True,fine gravel,good
06644c66-65ee-40a7-ba9a-29b7ad2aa6a5,5799ac03-13cd-400a-b02c-cf718fcbf2ca,c46ba004-193d-418a-ae46-095c6fec8764,1644237446182,13.3552773,52.510386,4.823116,-0.74543655,1.0220726,-6.123287,on bike mount,cyclo cross,True,fine gravel,good
06644c66-65ee-40a7-ba9a-29b7ad2aa6a5,5799ac03-13cd-400a-b02c-cf718fcbf2ca,c09d3855-a05b-47d6-af3a-4131368d71e7,1644237446238,13.3552773,52.510386,4.823116,-1.5604614,3.827845,-3.011979,on bike mount,cyclo cross,True,fine gravel,good
06644c66-65ee-40a7-ba9a-29b7ad2aa6a5,5799ac03-13cd-400a-b02c-cf718fcbf2ca,64edb3f0-3bdd-413f-b319-53100794ac43,1644237446293,13.3552773,52.510386,4.823116,0.4412442,-5.3383703,-5.0480127,on bike mount,cyclo cross,True,fine gravel,good
06644c66-65ee-40a7-ba9a-29b7ad2aa6a5,5799ac03-13cd-400a-b02c-cf718fcbf2ca,27edb268-b64f-4089-8bbf-736b847f934f,1644237446349,13.3552773,52.510386,4.823116,1.8877199,3.3684077,-3.1409016,on bike mount,cyclo cross,True,fine gravel,good
06644c66-65ee-40a7-ba9a-29b7ad2aa6a5,5799ac03-13cd-400a-b02c-cf718fcbf2ca,306c3d69-40c7-453b-984a-a07cbfe6f522,1644237446406,13.3552773,52.510386,4.823116,1.3191476,-7.940913,-0.9285183,on bike mount,cyclo cross,True,fine gravel,good
06644c66-65ee-40a7-ba9a-29b7ad2aa6a5,5799ac03-13cd-400a-b02c-cf718fcbf2ca,b310c9df-950e-4ca4-8302-5a61e1e3a44a,1644237446461,13.3552773,52.510386,4.823116,-0.59660876,-2.561022,-6.7731104,on bike mount,cyclo cross,True,fine gravel,good
06644c66-65ee-40a7-ba9a-29b7ad2aa6a5,5799ac03-13cd-400a-b02c-cf718fcbf2ca,586ea00c-0234-460c-84cf-1b76d781d3c0,1644237446516,13.3552773,52.510386,4.823116,-3.078292,0.21929121,10.92605,on bike mount,cyclo cross,True,fine gravel,good
06644c66-65ee-40a7-ba9a-29b7ad2aa6a5,5799ac03-13cd-400a-b02c-cf718fcbf2ca,942e9303-efd7-4027-9241-f99973a4df4b,1644237446572,13.3552773,52.510386,4.823116,0.6932229,1.5747952,1.490839,on bike mount,cyclo cross,True,fine gravel,good
06644c66-65ee-40a7-ba9a-29b7ad2aa6a5,5799ac03-13cd-400a-b02c-cf718fcbf2ca,a7827393-6001-4dd3-894b-dcdc9ad298e8,1644237446626,13.3551289,52.5103324,5.1097813,2.3078783,-5.761029,-2.4188328,on bike mount,cyclo cross,True,fine gravel,good
06644c66-65ee-40a7-ba9a-29b7ad2aa6a5,5799ac03-13cd-400a-b02c-cf718fcbf2ca,a94916a8-f888-456e-ba44-6e8683844b16,1644237446687,13.3551289,52.5103324,5.1097813,0.479019,3.7611403,10.181787,on bike mount,cyclo cross,True,fine gravel,good
06644c66-65ee-40a7-ba9a-29b7ad2aa6a5,5799ac03-13cd-400a-b02c-cf718fcbf2ca,5f7a368e-13d7-47e8-b357-6b8e37b4a5fd,1644237446742,13.3551289,52.5103324,5.1097813,2.3249788,4.6110773,10.085562,on bike mount,cyclo cross,True,fine gravel,good
06644c66-65ee-40a7-ba9a-29b7ad2aa6a5,5799ac03-13cd-400a-b02c-cf718fcbf2ca,08118587-1722-43ce-944c-fed37f9ff8f0,1644237446795,13.3551289,52.5103324,5.1097813,-2.524229,-5.250471,-2.2244058,on bike mount,cyclo cross,True,fine gravel,good
06644c66-65ee-40a7-ba9a-29b7ad2aa6a5,5799ac03-13cd-400a-b02c-cf718fcbf2ca,82c61a49-d314-4170-80d9-b75f7cfb77e2,1644237446850,13.3551289,52.5103324,5.1097813,-1.5821737,-0.99559236,7.1660156,on bike mount,cyclo cross,True,fine gravel,good
06644c66-65ee-40a7-ba9a-29b7ad2aa6a5,5799ac03-13cd-400a-b02c-cf718fcbf2ca,b5026647-319d-4535-823d-bd4b6a8cbd12,1644237446905,13.3551289,52.5103324,5.1097813,-1.3588195,-2.4561634,-8.211132,on bike mount,cyclo cross,True,fine gravel,good
06644c66-65ee-40a7-ba9a-29b7ad2aa6a5,5799ac03-13cd-400a-b02c-cf718fcbf2ca,cc056a26-309c-4586-83ed-14f2bee77bde,1644237446961,13.3551289,52.5103324,5.1097813,-2.0349126,-2.1137648,-1.6640339,on bike mount,cyclo cross,True,fine gravel,good
06644c66-65ee-40a7-ba9a-29b7ad2aa6a5,5799ac03-13cd-400a-b02c-cf718fcbf2ca,2962c375-47cb-482f-b72c-4873e94d4896,1644237447019,13.3551289,52.5103324,5.1097813,1.8762741,0.8848295,6.3678017,on bike mount,cyclo cross,True,fine gravel,good
06644c66-65ee-40a7-ba9a-29b7ad2aa6a5,5799ac03-13cd-400a-b02c-cf718fcbf2ca,f2a2d1a4-5a9d-4eae-8a13-fc1bdbed2be6,1644237447075,13.3551289,52.5103324,5.1097813,-3.0913796,2.2416286,-1.908102,on bike mount,cyclo cross,True,fine gravel,good
06644c66-65ee-40a7-ba9a-29b7ad2aa6a5,5799ac03-13cd-400a-b02c-cf718fcbf2ca,703a0ef6-dcd1-403c-a960-4c62422e3271,1644237447129,13.3551289,52.5103324,5.1097813,-1.1172874,5.7712703,0.51207733,on bike mount,cyclo cross,True,fine gravel,good
06644c66-65ee-40a7-ba9a-29b7ad2aa6a5,5799ac03-13cd-400a-b02c-cf718fcbf2ca,22586c1a-be8d-4935-a28c-97f26c7bb77b,1644237447186,13.3551289,52.5103324,5.1097813,-1.4550762,0.8479452,0.74762154,on bike mount,cyclo cross,True,fine gravel,good
06644c66-65ee-40a7-ba9a-29b7ad2aa6a5,5799ac03-13cd-400a-b02c-cf718fcbf2ca,75b7075b-f099-433c-af4d-cef9333cf411,1644237447239,13.3551289,52.5103324,5.1097813,-0.0043956786,-3.2269876,-2.3409996,on bike mount,cyclo cross,True,fine gravel,good
06644c66-65ee-40a7-ba9a-29b7ad2aa6a5,5799ac03-13cd-400a-b02c-cf718fcbf2ca,c0c45197-b593-493c-9118-289e1c401be3,1644237447297,13.3551289,52.5103324,5.1097813,1.140963,-1.8285463,1.1462193,on bike mount,cyclo cross,True,fine gravel,good
06644c66-65ee-40a7-ba9a-29b7ad2aa6a5,5799ac03-13cd-400a-b02c-cf718fcbf2ca,c411d0bf-2060-4a70-b616-b907fd52ac1e,1644237447352,13.3551289,52.5103324,5.1097813,3.397904,0.32696366,-8.1035185,on bike mount,cyclo cross,True,fine gravel,good
06644c66-65ee-40a7-ba9a-29b7ad2aa6a5,5799ac03-13cd-400a-b02c-cf718fcbf2ca,6975854b-7aeb-4ef8-8932-0336c2e71c02,1644237447405,13.3551289,52.5103324,5.1097813,0.050191224,7.2640963,-2.0081758,on bike mount,cyclo cross,True,fine gravel,good
06644c66-65ee-40a7-ba9a-29b7ad2aa6a5,5799ac03-13cd-400a-b02c-cf718fcbf2ca,d7af8823-3be1-4d0f-923b-84813f25a31d,1644237447462,13.3551289,52.5103324,5.1097813,-1.7596596,-2.8482275,-7.684111,on bike mount,cyclo cross,True,fine gravel,good
06644c66-65ee-40a7-ba9a-29b7ad2aa6a5,5799ac03-13cd-400a-b02c-cf718fcbf2ca,a1755d64-4984-407b-a735-b6a539bf4a06,1644237447519,13.3551289,52.5103324,5.1097813,1.5552669,-0.9317591,-4.0477977,on bike mount,cyclo cross,True,fine gravel,good
06644c66-65ee-40a7-ba9a-29b7ad2aa6a5,5799ac03-13cd-400a-b02c-cf718fcbf2ca,2d48ad19-1de1-4e3f-961d-9b88fac99252,1644237447576,13.3551289,52.5103324,5.1097813,-0.53842837,1.0367818,-2.1047869,on bike mount,cyclo cross,True,fine gravel,good
06644c66-65ee-40a7-ba9a-29b7ad2aa6a5,5799ac03-13cd-400a-b02c-cf718fcbf2ca,11b5ddf1-8d79-4aea-a024-bc7cd0e76a31,1644237447633,13.3551289,52.5103324,5.1097813,0.5167336,-3.8399954,-5.382596,on bike mount,cyclo cross,True,fine gravel,good
06644c66-65ee-40a7-ba9a-29b7ad2aa6a5,5799ac03-13cd-400a-b02c-cf718fcbf2ca,54b5b997-6af8-4b21-ba25-e20564e471a7,1644237447683,13.3550447,52.5103009,5.125487,2.5400355,-0.99759364,1.8616371,on bike mount,cyclo cross,True,fine gravel,good
