bike_activity_uid,bike_activity_sample_uid,bike_activity_measurement,bike_activity_measurement_timestamp,bike_activity_measurement_lon,bike_activity_measurement_lat,bike_activity_measurement_speed,bike_activity_measurement_accelerometer_x,bike_activity_measurement_accelerometer_y,bike_activity_measurement_accelerometer_z,bike_activity_phone_position,bike_activity_bike_type,bike_activity_flagged_lab_conditions,bike_activity_surface_type,bike_activity_smoothness_type
0d1414f3-d959-41d8-8349-dbe3481ba149,64a4b344-4ead-4b2d-8b3e-7df458f3f589,a5497a7f-2f02-4d46-b3b6-e11348d0450f,1632238856322,13.3979001,52.4725085,6.958014,-2.975642,4.302843,-14.79665,on bike mount,cyclo cross,True,paving stones,intermediate
0d1414f3-d959-41d8-8349-dbe3481ba149,64a4b344-4ead-4b2d-8b3e-7df458f3f589,8eaaeac2-6d1f-412c-bdda-b13f58ada3a4,1632238856373,13.3979001,52.4725085,6.958014,-2.21568,2.9777122,4.6245613,on bike mount,cyclo cross,True,paving stones,intermediate
0d1414f3-d959-41d8-8349-dbe3481ba149,64a4b344-4ead-4b2d-8b3e-7df458f3f589,5cde380b-ce88-4d9b-aae6-2285f540e01d,1632238856439,13.3979001,52.4725085,6.958014,1.4594535,-0.55110884,-1.7737184,on bike mount,cyclo cross,True,paving stones,intermediate
0d1414f3-d959-41d8-8349-dbe3481ba149,64a4b344-4ead-4b2d-8b3e-7df458f3f589,1719089a-0ff0-4a06-8d48-fd248aa965c7,1632238856489,13.3979001,52.4725085,6.958014,1.3709918,3.3031945,5.3585787,on bike mount,cyclo cross,True,paving stones,intermediate
0d1414f3-d959-41d8-8349-dbe3481ba149,64a4b344-4ead-4b2d-8b3e-7df458f3f589,03b932d0-3097-44e2-ab30-a3eee5396021,1632238856540,13.3979001,52.4725085,6.958014,1.3343581,-0.20809698,-5.388666,on bike mount,cyclo cross,True,paving stones,intermediate
0d1414f3-d959-41d8-8349-dbe3481ba149,64a4b344-4ead-4b2d-8b3e-7df458f3f589,5dd041d8-1540-4afe-8099-525a91812bd4,1632238856606,13.3979001,52.4725085,6.958014,-0.59097856,1.2843754,-3.2029476,on bike mount,cyclo cross,True,paving stones,intermediate
0d1414f3-d959-41d8-8349-dbe3481ba149,64a4b344-4ead-4b2d-8b3e-7df458f3f589,e664c9b3-82d6-40f9-aa7a-632ad34ee2c0,1632238856673,13.3979001,52.4725085,6.958014,-0.57924974,2.5172534,4.089739,on bike mount,cyclo cross,True,paving stones,intermediate
0d1414f3-d959-41d8-8349-dbe3481ba149,64a4b344-4ead-4b2d-8b3e-7df458f3f589,82f96bea-1c53-4c90-a34e-26465569a777,1632238856723,13.3979001,52.4725085,6.958014,1.7320387,3.4512691,-7.898611,on bike mount,cyclo cross,True,paving stones,intermediate
0d1414f3-d959-41d8-8349-dbe3481ba149,64a4b344-4ead-4b2d-8b3e-7df458f3f589,60732f62-56bf-40f7-8d59-1fcb4fe3fb9b,1632238856790,13.3979001,52.4725085,6.958014,-0.7116612,1.8375478,4.3883,on bike mount,cyclo cross,True,paving stones,intermediate
0d1414f3-d959-41d8-8349-dbe3481ba149,64a4b344-4ead-4b2d-8b3e-7df458f3f589,1989df43-a262-463b-b0c4-d1bb7b420468,1632238856857,13.3979001,52.4725085,6.958014,2.3490877,-3.0944052,-9.094206,on bike mount,cyclo cross,True,paving stones,intermediate
0d1414f3-d959-41d8-8349-dbe3481ba149,64a4b344-4ead-4b2d-8b3e-7df458f3f589,54e460dc-5601-4461-9491-4bab59cc6262,1632238856924,13.3979875,52.4724723,7.055208,1.5537912,-2.9339888,-1.1247611,on bike mount,cyclo cross,True,paving stones,intermediate
0d1414f3-d959-41d8-8349-dbe3481ba149,64a4b344-4ead-4b2d-8b3e-7df458f3f589,07492c5a-9d14-4a16-94ba-1b21409f7c9c,1632238856990,13.3979875,52.4724723,7.055208,-3.533021,1.3262205,3.7400503,on bike mount,cyclo cross,True,paving stones,intermediate
0d1414f3-d959-41d8-8349-dbe3481ba149,64a4b344-4ead-4b2d-8b3e-7df458f3f589,fee0e1ee-2bf2-4a7b-9bc9-b7912e54990d,1632238857040,13.3979875,52.4724723,7.055208,1.9956336,-7.244021,-4.2359867,on bike mount,cyclo cross,True,paving stones,intermediate
0d1414f3-d959-41d8-8349-dbe3481ba149,64a4b344-4ead-4b2d-8b3e-7df458f3f589,a1091bc5-3d93-4b53-ac80-c61944c2f76a,1632238857091,13.3979875,52.4724723,7.055208,-0.23762633,-4.210332,3.733798,on bike mount,cyclo cross,True,paving stones,intermediate
0d1414f3-d959-41d8-8349-dbe3481ba149,64a4b344-4ead-4b2d-8b3e-7df458f3f589,c744a0fe-4ce8-4cc3-a181-4d130a0e9f9d,1632238857157,13.3979875,52.4724723,7.055208,3.8661928,-8.117054,4.916607,on bike mount,cyclo cross,True,paving stones,intermediate
0d1414f3-d959-41d8-8349-dbe3481ba149,64a4b344-4ead-4b2d-8b3e-7df458f3f589,fefd250f-29e0-4013-9836-12f251ea4188,1632238857208,13.3979875,52.4724723,7.055208,0.6484835,-3.7998788,0.76506996,on bike mount,cyclo cross,True,paving stones,intermediate
0d1414f3-d959-41d8-8349-dbe3481ba149,64a4b344-4ead-4b2d-8b3e-7df458f3f589,1620eb80-e4ef-42ef-b5b8-a671975591e4,1632238857273,13.3979875,52.4724723,7.055208,1.7764552,-6.1931787,6.3483677,on bike mount,cyclo cross,True,paving stones,intermediate
0d1414f3-d959-41d8-8349-dbe3481ba149,64a4b344-4ead-4b2d-8b3e-7df458f3f589,3c28219a-4d82-4798-ae04-a062c2bcf0e3,1632238857324,13.3979875,52.4724723,7.055208,4.1790214,-11.313164,1.9458666,on bike mount,cyclo cross,True,paving stones,intermediate
0d1414f3-d959-41d8-8349-dbe3481ba149,64a4b344-4ead-4b2d-8b3e-7df458f3f589,8a32616e-40ef-407d-a52c-f46fa2e39d1b,1632238857391,13.3979875,52.4724723,7.055208,0.10938271,7.02997,8.335447,on bike mount,cyclo cross,True,paving stones,intermediate
0d1414f3-d959-41d8-8349-dbe3481ba149,64a4b344-4ead-4b2d-8b3e-7df458f3f589,7c0ede5d-5afb-46f2-b2ce-caaec1e966f0,1632238857458,13.3979875,52.4724723,7.055208,0.8252815,1.9867959,-5.4875555,on bike mount,cyclo cross,True,paving stones,intermediate
0d1414f3-d959-41d8-8349-dbe3481ba149,64a4b344-4ead-4b2d-8b3e-7df458f3f589,77b88033-253b-4955-bce2-2d6b6801643f,1632238857524,13.3979875,52.4724723,7.055208,0.12639752,3.5251503,-11.455589,on bike mount,cyclo cross,True,paving stones,intermediate
0d1414f3-d959-41d8-8349-dbe3481ba149,64a4b344-4ead-4b2d-8b3e-7df458f3f589,81a90cb2-ee47-45fb-903a-fcfcc8e46c06,1632238857575,13.3979875,52.4724723,7.055208,-3.1368399,-1.5932869,-1.2954841,on bike mount,cyclo cross,True,paving stones,intermediate
0d1414f3-d959-41d8-8349-dbe3481ba149,64a4b344-4ead-4b2d-8b3e-7df458f3f589,23a68b4a-0cc8-45f1-867b-d0e2322ba175,1632238857641,13.3979875,52.4724723,7.055208,0.05565071,7.670971,-12.874945,on bike mount,cyclo cross,True,paving stones,intermediate
0d1414f3-d959-41d8-8349-dbe3481ba149,64a4b344-4ead-4b2d-8b3e-7df458f3f589,a3645cde-c2bb-4690-adf1-422a016c8ee4,1632238857709,13.3979875,52.4724723,7.055208,-0.7597748,-2.910411,0.072505,on bike mount,cyclo cross,True,paving stones,intermediate
0d1414f3-d959-41d8-8349-dbe3481ba149,64a4b344-4ead-4b2d-8b3e-7df458f3f589,66ad2624-8256-48d7-b12e-dbd0253cd90c,1632238857775,13.3979875,52.4724723,7.055208,2.4886832,-10.786248,5.159272,on bike mount,cyclo cross,True,paving stones,intermediate
0d1414f3-d959-41d8-8349-dbe3481ba149,64a4b344-4ead-4b2d-8b3e-7df458f3f589,98924219-d256-4026-ac0c-17a122a56dda,1632238857843,13.3979875,52.4724723,7.055208,0.20481032,-3.2352407,12.787839,on bike mount,cyclo cross,True,paving stones,intermediate
0d1414f3-d959-41d8-8349-dbe3481ba149,64a4b344-4ead-4b2d-8b3e-7df458f3f589,9dcf44df-4c36-475b-94a3-74a8efc1603a,1632238857909,13.3980725,52.4724355,7.030322,-0.6554942,-0.17441797,-12.196861,on bike mount,cyclo cross,True,paving stones,intermediate
0d1414f3-d959-41d8-8349-dbe3481ba149,64a4b344-4ead-4b2d-8b3e-7df458f3f589,969c3a8f-8bd9-40ff-9191-1ee727c5fff5,1632238857976,13.3980725,52.4724355,7.030322,2.0458205,5.743957,-21.420322,on bike mount,cyclo cross,True,paving stones,intermediate
0d1414f3-d959-41d8-8349-dbe3481ba149,64a4b344-4ead-4b2d-8b3e-7df458f3f589,49a13621-d811-4456-baba-f377e48d6d19,1632238858042,13.3980725,52.4724355,7.030322,-2.3925636,-44.685432,61.412422,on bike mount,cyclo cross,True,paving stones,intermediate
0d1414f3-d959-41d8-8349-dbe3481ba149,64a4b344-4ead-4b2d-8b3e-7df458f3f589,dea37495-2d8a-4c85-8397-e59a99c40e39,1632238858092,13.3980725,52.4724355,7.030322,2.670286,-10.56435,1.3445015,on bike mount,cyclo cross,True,paving stones,intermediate
0d1414f3-d959-41d8-8349-dbe3481ba149,64a4b344-4ead-4b2d-8b3e-7df458f3f589,086b3448-59cb-47a8-a6ad-062d82e8acad,1632238858143,13.3980725,52.4724355,7.030322,1.6743145,1.7383909,-4.1629395,on bike mount,cyclo cross,True,paving stones,intermediate
0d1414f3-d959-41d8-8349-dbe3481ba149,64a4b344-4ead-4b2d-8b3e-7df458f3f589,823c8269-701c-4ca6-9642-08574ba50036,1632238858210,13.3980725,52.4724355,7.030322,2.69731,-31.545431,1.573041,on bike mount,cyclo cross,True,paving stones,intermediate
0d1414f3-d959-41d8-8349-dbe3481ba149,64a4b344-4ead-4b2d-8b3e-7df458f3f589,096931d4-943a-462d-9834-fe93b3ea3ddf,1632238858276,13.3980725,52.4724355,7.030322,-2.280587,1.6061196,3.0233107,on bike mount,cyclo cross,True,paving stones,intermediate
0d1414f3-d959-41d8-8349-dbe3481ba149,64a4b344-4ead-4b2d-8b3e-7df458f3f589,0f8c99ca-4656-4da3-84a2-13e1b690d6c8,1632238858327,13.3980725,52.4724355,7.030322,-4.466418,-7.547359,-3.476986,on bike mount,cyclo cross,True,paving stones,intermediate
0d1414f3-d959-41d8-8349-dbe3481ba149,64a4b344-4ead-4b2d-8b3e-7df458f3f589,b02489a4-7137-43ff-986e-1450ac3cacc3,1632238858393,13.3980725,52.4724355,7.030322,-2.8816175,7.5642653,-10.811729,on bike mount,cyclo cross,True,paving stones,intermediate
0d1414f3-d959-41d8-8349-dbe3481ba149,64a4b344-4ead-4b2d-8b3e-7df458f3f589,969454f9-efd0-4585-af99-20025e617d3c,1632238858443,13.3980725,52.4724355,7.030322,-11.863422,15.158583,4.6038055,on bike mount,cyclo cross,True,paving stones,intermediate
0d1414f3-d959-41d8-8349-dbe3481ba149,64a4b344-4ead-4b2d-8b3e-7df458f3f589,e54557ba-c6bb-40e6-8a1b-671289eb190d,1632238858510,13.3980725,52.4724355,7.030322,-2.8267508,2.6776457,-0.66611004,on bike mount,cyclo cross,True,paving stones,intermediate
0d1414f3-d959-41d8-8349-dbe3481ba149,64a4b344-4ead-4b2d-8b3e-7df458f3f589,7c1e7b6e-baba-434d-a401-754e9392683a,1632238858577,13.3980725,52.4724355,7.030322,3.0112567,21.782259,-6.570742,on bike mount,cyclo cross,True,paving stones,intermediate
0d1414f3-d959-41d8-8349-dbe3481ba149,64a4b344-4ead-4b2d-8b3e-7df458f3f589,ff7686ca-b731-419f-87ea-6194bb400d43,1632238858644,13.3980725,52.4724355,7.030322,-2.4536853,3.9117937,-1.4851365,on bike mount,cyclo cross,True,paving stones,intermediate
0d1414f3-d959-41d8-8349-dbe3481ba149,64a4b344-4ead-4b2d-8b3e-7df458f3f589,c2e89d53-711e-438a-a8a9-d8b7bfa49af1,1632238858710,13.3980725,52.4724355,7.030322,-0.47899193,-7.6201086,4.2713165,on bike mount,cyclo cross,True,paving stones,intermediate
0d1414f3-d959-41d8-8349-dbe3481ba149,64a4b344-4ead-4b2d-8b3e-7df458f3f589,b113a7a6-54a4-4c9b-8612-c0ed3d81b103,1632238858760,13.3980725,52.4724355,7.030322,-0.7443828,5.7468204,-11.307992,on bike mount,cyclo cross,True,paving stones,intermediate
0d1414f3-d959-41d8-8349-dbe3481ba149,64a4b344-4ead-4b2d-8b3e-7df458f3f589,88e3f183-d24d-4339-a18b-3ed971d7a175,1632238858811,13.3980725,52.4724355,7.030322,-1.1719533,-1.0330133,2.6055555,on bike mount,cyclo cross,True,paving stones,intermediate
0d1414f3-d959-41d8-8349-dbe3481ba149,64a4b344-4ead-4b2d-8b3e-7df458f3f589,d55df0e4-f2d5-43bf-a260-8f0a356f614a,1632238858877,13.3981546,52.4724003,6.85989,0.07514334,-6.671464,-4.2034817,on bike mount,cyclo cross,True,paving stones,intermediate
0d1414f3-d959-41d8-8349-dbe3481ba149,64a4b344-4ead-4b2d-8b3e-7df458f3f589,6fe665fe-83b7-4ba8-9e36-5b21b1f43072,1632238858943,13.3981546,52.4724003,6.85989,-1.2407525,11.316403,-9.659865,on bike mount,cyclo cross,True,paving stones,intermediate
0d1414f3-d959-41d8-8349-dbe3481ba149,64a4b344-4ead-4b2d-8b3e-7df458f3f589,6f907945-a92a-4a3d-8ce4-43742de675ae,1632238858993,13.3981546,52.4724003,6.85989,1.7971461,0.41442776,1.9502954,on bike mount,cyclo cross,True,paving stones,intermediate
0d1414f3-d959-41d8-8349-dbe3481ba149,64a4b344-4ead-4b2d-8b3e-7df458f3f589,40402f50-1e12-4ea4-8c20-263018c8ebbc,1632238859044,13.3981546,52.4724003,6.85989,-4.4503226,-8.8681755,-5.5224466,on bike mount,cyclo cross,True,paving stones,intermediate
0d1414f3-d959-41d8-8349-dbe3481ba149,64a4b344-4ead-4b2d-8b3e-7df458f3f589,d6404f0d-4c96-41c2-abb8-be09a7da8cf3,1632238859111,13.3981546,52.4724003,6.85989,-2.5420954,3.5806804,5.989189,on bike mount,cyclo cross,True,paving stones,intermediate
0d1414f3-d959-41d8-8349-dbe3481ba149,64a4b344-4ead-4b2d-8b3e-7df458f3f589,f7ded93a-68dd-4820-94db-ab06f0397ad8,1632238859178,13.3981546,52.4724003,6.85989,0.109944105,-2.6058993,15.041869,on bike mount,cyclo cross,True,paving stones,intermediate
0d1414f3-d959-41d8-8349-dbe3481ba149,64a4b344-4ead-4b2d-8b3e-7df458f3f589,d7288f16-c97e-44f0-9717-36a50b71c1b6,1632238859245,13.3981546,52.4724003,6.85989,-2.3789392,8.399447,-19.1122,on bike mount,cyclo cross,True,paving stones,intermediate
0d1414f3-d959-41d8-8349-dbe3481ba149,64a4b344-4ead-4b2d-8b3e-7df458f3f589,02853a0b-dd4e-4ab9-a0cf-ec59a135d609,1632238859312,13.3981546,52.4724003,6.85989,0.31848347,-5.892929,9.144619,on bike mount,cyclo cross,True,paving stones,intermediate
0d1414f3-d959-41d8-8349-dbe3481ba149,64a4b344-4ead-4b2d-8b3e-7df458f3f589,0d520b9c-7567-4312-b341-d23d8526012b,1632238859378,13.3981546,52.4724003,6.85989,0.20142603,3.4372253,4.6980143,on bike mount,cyclo cross,True,paving stones,intermediate
0d1414f3-d959-41d8-8349-dbe3481ba149,64a4b344-4ead-4b2d-8b3e-7df458f3f589,ba473d67-8ec5-4a89-b007-291bd4bac712,1632238859445,13.3981546,52.4724003,6.85989,-1.8013694,0.30201864,-3.5843444,on bike mount,cyclo cross,True,paving stones,intermediate
0d1414f3-d959-41d8-8349-dbe3481ba149,64a4b344-4ead-4b2d-8b3e-7df458f3f589,3c8f4633-5e02-4fea-81b2-61f2b201385e,1632238859495,13.3981546,52.4724003,6.85989,-0.43834352,-2.0698695,-5.4552565,on bike mount,cyclo cross,True,paving stones,intermediate
0d1414f3-d959-41d8-8349-dbe3481ba149,64a4b344-4ead-4b2d-8b3e-7df458f3f589,db287b30-09aa-4a34-aa67-ef34d8361d2e,1632238859562,13.3981546,52.4724003,6.85989,2.248521,2.6710844,9.394918,on bike mount,cyclo cross,True,paving stones,intermediate
0d1414f3-d959-41d8-8349-dbe3481ba149,64a4b344-4ead-4b2d-8b3e-7df458f3f589,095d0b94-193d-45d2-aa49-437580c4b314,1632238859629,13.3981546,52.4724003,6.85989,1.588304,-3.0954142,-8.930365,on bike mount,cyclo cross,True,paving stones,intermediate
0d1414f3-d959-41d8-8349-dbe3481ba149,64a4b344-4ead-4b2d-8b3e-7df458f3f589,6e697f61-33bf-4324-bc4f-1ee67a63e5ae,1632238859696,13.3981546,52.4724003,6.85989,-0.2565229,-5.4386263,2.9627075,on bike mount,cyclo cross,True,paving stones,intermediate
0d1414f3-d959-41d8-8349-dbe3481ba149,64a4b344-4ead-4b2d-8b3e-7df458f3f589,6fb18cec-836e-45c2-ac46-e506abd8d0dd,1632238859762,13.3981546,52.4724003,6.85989,-3.360989,7.6039486,8.538922,on bike mount,cyclo cross,True,paving stones,intermediate
0d1414f3-d959-41d8-8349-dbe3481ba149,64a4b344-4ead-4b2d-8b3e-7df458f3f589,999fcf76-ac85-46ea-915e-534f3db06244,1632238859829,13.3981546,52.4724003,6.85989,-3.1836443,4.6275206,-7.407079,on bike mount,cyclo cross,True,paving stones,intermediate
0d1414f3-d959-41d8-8349-dbe3481ba149,64a4b344-4ead-4b2d-8b3e-7df458f3f589,c03a301c-8333-4413-92bd-2bfe6214d2f5,1632238859879,13.3982467,52.4723754,7.2035646,-1.4226322,8.280579,5.2247076,on bike mount,cyclo cross,True,paving stones,intermediate
0d1414f3-d959-41d8-8349-dbe3481ba149,64a4b344-4ead-4b2d-8b3e-7df458f3f589,4cf069e9-4c3c-4c1e-9e90-7564168bcbe7,1632238859930,13.3982467,52.4723754,7.2035646,1.4766886,-6.5769663,3.2040586,on bike mount,cyclo cross,True,paving stones,intermediate
0d1414f3-d959-41d8-8349-dbe3481ba149,64a4b344-4ead-4b2d-8b3e-7df458f3f589,bb88fdb2-9f7f-4b96-933f-459ce1b7c5c1,1632238859996,13.3982467,52.4723754,7.2035646,-2.3066225,-6.036414,-1.5825839,on bike mount,cyclo cross,True,paving stones,intermediate
0d1414f3-d959-41d8-8349-dbe3481ba149,64a4b344-4ead-4b2d-8b3e-7df458f3f589,c6846019-aac2-4219-9466-f7f57f8f3dd0,1632238860046,13.3982467,52.4723754,7.2035646,-0.6908911,-8.210707,-1.935565,on bike mount,cyclo cross,True,paving stones,intermediate
0d1414f3-d959-41d8-8349-dbe3481ba149,64a4b344-4ead-4b2d-8b3e-7df458f3f589,e3b51644-ab5c-4f43-9804-0b50f7e79e29,1632238860113,13.3982467,52.4723754,7.2035646,-0.13978669,-4.5176644,3.6572304,on bike mount,cyclo cross,True,paving stones,intermediate
0d1414f3-d959-41d8-8349-dbe3481ba149,64a4b344-4ead-4b2d-8b3e-7df458f3f589,543249ac-0203-454f-9c23-1aa5802a7eb2,1632238860163,13.3982467,52.4723754,7.2035646,-2.0624924,-5.9175606,-0.70383453,on bike mount,cyclo cross,True,paving stones,intermediate
0d1414f3-d959-41d8-8349-dbe3481ba149,64a4b344-4ead-4b2d-8b3e-7df458f3f589,0ba5f332-1497-4739-898a-d0e600fa8f82,1632238860230,13.3982467,52.4723754,7.2035646,-3.874543,5.067431,8.932741,on bike mount,cyclo cross,True,paving stones,intermediate
0d1414f3-d959-41d8-8349-dbe3481ba149,64a4b344-4ead-4b2d-8b3e-7df458f3f589,cc8790d0-78fe-4901-a706-9f9d2269d697,1632238860280,13.3982467,52.4723754,7.2035646,0.14941001,-6.3154697,-2.0823336,on bike mount,cyclo cross,True,paving stones,intermediate
0d1414f3-d959-41d8-8349-dbe3481ba149,64a4b344-4ead-4b2d-8b3e-7df458f3f589,e7010f04-4e4d-45eb-8747-cf5650efab1b,1632238860347,13.3982467,52.4723754,7.2035646,-1.8786222,2.8123841,5.352953,on bike mount,cyclo cross,True,paving stones,intermediate
0d1414f3-d959-41d8-8349-dbe3481ba149,64a4b344-4ead-4b2d-8b3e-7df458f3f589,a964d786-283a-4623-a658-ca57bb4f7252,1632238860414,13.3982467,52.4723754,7.2035646,-1.5969336,4.754885,2.6019268,on bike mount,cyclo cross,True,paving stones,intermediate
0d1414f3-d959-41d8-8349-dbe3481ba149,64a4b344-4ead-4b2d-8b3e-7df458f3f589,8ee626a1-0944-436c-9ed7-30da706bee05,1632238860480,13.3982467,52.4723754,7.2035646,-3.1561294,1.8683372,10.136083,on bike mount,cyclo cross,True,paving stones,intermediate
0d1414f3-d959-41d8-8349-dbe3481ba149,64a4b344-4ead-4b2d-8b3e-7df458f3f589,04e4ef78-72db-4459-a6d7-a77a739f2b4b,1632238860547,13.3982467,52.4723754,7.2035646,-0.025048018,7.303766,-7.31121,on bike mount,cyclo cross,True,paving stones,intermediate
0d1414f3-d959-41d8-8349-dbe3481ba149,64a4b344-4ead-4b2d-8b3e-7df458f3f589,7a31c8c7-fa9c-40b4-94d9-0c86621f59ef,1632238860614,13.3982467,52.4723754,7.2035646,-4.0255632,0.9222195,1.0022945,on bike mount,cyclo cross,True,paving stones,intermediate
0d1414f3-d959-41d8-8349-dbe3481ba149,64a4b344-4ead-4b2d-8b3e-7df458f3f589,380d0cad-7f7a-4dac-8b50-7a60bb1f3fcc,1632238860665,13.3982467,52.4723754,7.2035646,0.8338673,6.683245,-2.8182788,on bike mount,cyclo cross,True,paving stones,intermediate
0d1414f3-d959-41d8-8349-dbe3481ba149,64a4b344-4ead-4b2d-8b3e-7df458f3f589,2a5c8a8b-c598-4871-a102-5a91f578510f,1632238860731,13.3982467,52.4723754,7.2035646,1.1299629,-2.67167,-0.92498493,on bike mount,cyclo cross,True,paving stones,intermediate
0d1414f3-d959-41d8-8349-dbe3481ba149,64a4b344-4ead-4b2d-8b3e-7df458f3f589,feac2665-e167-4899-9f7c-002e57b51eb3,1632238860798,13.3982467,52.4723754,7.2035646,0.27524722,6.90753,-0.053343773,on bike mount,cyclo cross,True,paving stones,intermediate
0d1414f3-d959-41d8-8349-dbe3481ba149,64a4b344-4ead-4b2d-8b3e-7df458f3f589,263501fe-44b9-439a-bcec-e0f45b976c3c,1632238860865,13.3982467,52.4723754,7.2035646,-1.023037,0.11751938,6.0126524,on bike mount,cyclo cross,True,paving stones,intermediate
0d1414f3-d959-41d8-8349-dbe3481ba149,64a4b344-4ead-4b2d-8b3e-7df458f3f589,25605f5a-b56f-4728-9496-ae1fa7fd490d,1632238860932,13.3983483,52.4723579,7.167982,-3.7856889,0.20725298,2.6725264,on bike mount,cyclo cross,True,paving stones,intermediate
0d1414f3-d959-41d8-8349-dbe3481ba149,64a4b344-4ead-4b2d-8b3e-7df458f3f589,3eed39c4-e9c8-46bd-886d-68f457403963,1632238860998,13.3983483,52.4723579,7.167982,-2.8270826,1.8296471,-3.3348846,on bike mount,cyclo cross,True,paving stones,intermediate
0d1414f3-d959-41d8-8349-dbe3481ba149,64a4b344-4ead-4b2d-8b3e-7df458f3f589,dc86e011-9291-418c-b515-74df9a0535aa,1632238861048,13.3983483,52.4723579,7.167982,-0.59825766,-1.052038,9.112179,on bike mount,cyclo cross,True,paving stones,intermediate
0d1414f3-d959-41d8-8349-dbe3481ba149,64a4b344-4ead-4b2d-8b3e-7df458f3f589,ea478514-7a5a-4fc0-8be9-bfc578dfc71d,1632238861136,13.3983483,52.4723579,7.167982,0.56642354,-0.107990384,-16.310379,on bike mount,cyclo cross,True,paving stones,intermediate
0d1414f3-d959-41d8-8349-dbe3481ba149,64a4b344-4ead-4b2d-8b3e-7df458f3f589,b7eb753a-cad9-48d3-ba5b-859967c4543e,1632238861199,13.3983483,52.4723579,7.167982,-0.5193168,-5.604852,-1.6569047,on bike mount,cyclo cross,True,paving stones,intermediate
0d1414f3-d959-41d8-8349-dbe3481ba149,64a4b344-4ead-4b2d-8b3e-7df458f3f589,139116a4-0048-4b8b-9b35-e22858e45316,1632238861266,13.3983483,52.4723579,7.167982,-0.027563095,2.0623436,4.6753235,on bike mount,cyclo cross,True,paving stones,intermediate
0d1414f3-d959-41d8-8349-dbe3481ba149,64a4b344-4ead-4b2d-8b3e-7df458f3f589,e2a98b40-cbc1-4c8c-a362-a859082ecab3,1632238861332,13.3983483,52.4723579,7.167982,-0.4497192,-7.0875072,5.106926,on bike mount,cyclo cross,True,paving stones,intermediate
0d1414f3-d959-41d8-8349-dbe3481ba149,64a4b344-4ead-4b2d-8b3e-7df458f3f589,ec7fc278-5942-40c3-a01c-e143acccc25b,1632238861399,13.3983483,52.4723579,7.167982,-1.0455976,8.645462,-0.8053999,on bike mount,cyclo cross,True,paving stones,intermediate
0d1414f3-d959-41d8-8349-dbe3481ba149,64a4b344-4ead-4b2d-8b3e-7df458f3f589,2a5aeda5-29ca-4466-8f6b-77884fe05c72,1632238861449,13.3983483,52.4723579,7.167982,-0.44464532,0.98838425,5.5617495,on bike mount,cyclo cross,True,paving stones,intermediate
0d1414f3-d959-41d8-8349-dbe3481ba149,64a4b344-4ead-4b2d-8b3e-7df458f3f589,5c8b4658-cc26-4541-9b5b-f68955832927,1632238861499,13.3983483,52.4723579,7.167982,-0.49842745,-3.7821546,-11.042612,on bike mount,cyclo cross,True,paving stones,intermediate
0d1414f3-d959-41d8-8349-dbe3481ba149,64a4b344-4ead-4b2d-8b3e-7df458f3f589,d69fb93a-a3d2-435f-8c28-a4bcfcc1cc74,1632238861566,13.3983483,52.4723579,7.167982,0.5106149,7.4669237,-11.003778,on bike mount,cyclo cross,True,paving stones,intermediate
0d1414f3-d959-41d8-8349-dbe3481ba149,64a4b344-4ead-4b2d-8b3e-7df458f3f589,0fc40515-5c50-4cf6-a0cb-e36ed077e8e4,1632238861633,13.3983483,52.4723579,7.167982,0.055187523,5.7471423,-1.8845363,on bike mount,cyclo cross,True,paving stones,intermediate
0d1414f3-d959-41d8-8349-dbe3481ba149,64a4b344-4ead-4b2d-8b3e-7df458f3f589,37fa2f59-e8a2-4b2a-96b6-6ddbf5d2676e,1632238861700,13.3983483,52.4723579,7.167982,-1.1796905,6.3145227,-9.599153,on bike mount,cyclo cross,True,paving stones,intermediate
0d1414f3-d959-41d8-8349-dbe3481ba149,64a4b344-4ead-4b2d-8b3e-7df458f3f589,1d372820-6016-4b04-97aa-cf92793cd4aa,1632238861767,13.3983483,52.4723579,7.167982,-2.221672,8.180523,-6.9792585,on bike mount,cyclo cross,True,paving stones,intermediate
0d1414f3-d959-41d8-8349-dbe3481ba149,64a4b344-4ead-4b2d-8b3e-7df458f3f589,230f0bc0-bad2-450e-8962-9e6496e6bb6c,1632238861834,13.3983483,52.4723579,7.167982,9.602829,20.518616,-13.0805435,on bike mount,cyclo cross,True,paving stones,intermediate
0d1414f3-d959-41d8-8349-dbe3481ba149,64a4b344-4ead-4b2d-8b3e-7df458f3f589,aa9c100d-c7b4-4497-a32d-8e71a5aa2415,1632238861900,13.3984533,52.4723519,7.1599693,2.2412474,-2.7726855,5.4366417,on bike mount,cyclo cross,True,paving stones,intermediate
0d1414f3-d959-41d8-8349-dbe3481ba149,64a4b344-4ead-4b2d-8b3e-7df458f3f589,9940dbd9-d0af-4266-a93f-bac42f544c4b,1632238861967,13.3984533,52.4723519,7.1599693,0.3643887,8.229479,0.90355206,on bike mount,cyclo cross,True,paving stones,intermediate
0d1414f3-d959-41d8-8349-dbe3481ba149,64a4b344-4ead-4b2d-8b3e-7df458f3f589,d41585dc-4b9a-40c5-9a73-59013da2da99,1632238862034,13.3984533,52.4723519,7.1599693,-1.563665,-3.7522533,15.779212,on bike mount,cyclo cross,True,paving stones,intermediate
0d1414f3-d959-41d8-8349-dbe3481ba149,64a4b344-4ead-4b2d-8b3e-7df458f3f589,f68ac9a1-3bff-457e-9303-df56e235284e,1632238862101,13.3984533,52.4723519,7.1599693,-0.36871743,-3.0167975,20.844635,on bike mount,cyclo cross,True,paving stones,intermediate
0d1414f3-d959-41d8-8349-dbe3481ba149,64a4b344-4ead-4b2d-8b3e-7df458f3f589,f12ccbc9-98a9-4158-afcc-92b120e7aa7a,1632238862167,13.3984533,52.4723519,7.1599693,-1.9677064,6.500514,-11.040909,on bike mount,cyclo cross,True,paving stones,intermediate
0d1414f3-d959-41d8-8349-dbe3481ba149,64a4b344-4ead-4b2d-8b3e-7df458f3f589,2e5f98d6-1c74-41dd-9acd-5914d5bbb8f1,1632238862217,13.3984533,52.4723519,7.1599693,1.6152371,9.644219,-10.448209,on bike mount,cyclo cross,True,paving stones,intermediate
0d1414f3-d959-41d8-8349-dbe3481ba149,64a4b344-4ead-4b2d-8b3e-7df458f3f589,7b6a205f-a2e3-4074-be97-717ff450d010,1632238862284,13.3984533,52.4723519,7.1599693,0.33398652,-0.7669523,-17.568258,on bike mount,cyclo cross,True,paving stones,intermediate
0d1414f3-d959-41d8-8349-dbe3481ba149,64a4b344-4ead-4b2d-8b3e-7df458f3f589,95a2cafc-273c-470c-985d-d578fc684b93,1632238862334,13.3984533,52.4723519,7.1599693,0.035238147,8.449103,-0.7870202,on bike mount,cyclo cross,True,paving stones,intermediate
0d1414f3-d959-41d8-8349-dbe3481ba149,64a4b344-4ead-4b2d-8b3e-7df458f3f589,562bd6e8-aa48-49a4-a6b6-f5af9a68ea96,1632238862384,13.3984533,52.4723519,7.1599693,-0.007358283,-1.0787518,-4.8743205,on bike mount,cyclo cross,True,paving stones,intermediate
0d1414f3-d959-41d8-8349-dbe3481ba149,64a4b344-4ead-4b2d-8b3e-7df458f3f589,1073351d-b8ae-46cc-84d8-1dd3acf76d6e,1632238862451,13.3984533,52.4723519,7.1599693,1.5580881,9.673829,-0.5028448,on bike mount,cyclo cross,True,paving stones,intermediate
