bike_activity_uid,bike_activity_sample_uid,bike_activity_measurement,bike_activity_measurement_timestamp,bike_activity_measurement_lon,bike_activity_measurement_lat,bike_activity_measurement_speed,bike_activity_measurement_accelerometer_x,bike_activity_measurement_accelerometer_y,bike_activity_measurement_accelerometer_z,bike_activity_phone_position,bike_activity_bike_type,bike_activity_flagged_lab_conditions,bike_activity_surface_type,bike_activity_smoothness_type
159ca764-8e69-45a9-9fa3-39079fb69985,6924fceb-0fea-4b88-9822-1567cbc2843f,e004c1b5-ec9f-44aa-9803-11a3670a6924,1627404201605,13.3857381,52.4692906,1.9376657,1.3936511,-0.6412754,-0.6655798,on bike mount,cyclo cross,False,mixed,mixed
159ca764-8e69-45a9-9fa3-39079fb69985,6924fceb-0fea-4b88-9822-1567cbc2843f,d889cb8a-f059-4f68-9b4b-893d20534c37,1627404201655,13.3857381,52.4692906,1.9376657,-0.16674173,0.16111779,-0.48735714,on bike mount,cyclo cross,False,mixed,mixed
159ca764-8e69-45a9-9fa3-39079fb69985,6924fceb-0fea-4b88-9822-1567cbc2843f,74df167b-e0b0-4aa2-b927-891fce3a9cca,1627404201705,13.3857381,52.4692906,1.9376657,1.1915791,0.96192765,0.09510231,on bike mount,cyclo cross,False,mixed,mixed
159ca764-8e69-45a9-9fa3-39079fb69985,6924fceb-0fea-4b88-9822-1567cbc2843f,a1ddcb97-1911-48b9-8f16-870dc6a1aeed,1627404201754,13.3857381,52.4692906,1.9376657,-0.60112154,1.0663469,-2.808188,on bike mount,cyclo cross,False,mixed,mixed
159ca764-8e69-45a9-9fa3-39079fb69985,6924fceb-0fea-4b88-9822-1567cbc2843f,b21462c2-a564-4657-923b-872a3f13156c,1627404201805,13.3857381,52.4692906,1.9376657,3.3986332,-1.2483766,2.6085882,on bike mount,cyclo cross,False,mixed,mixed
159ca764-8e69-45a9-9fa3-39079fb69985,6924fceb-0fea-4b88-9822-1567cbc2843f,fc9c0e6e-9509-444b-b693-d323dab1d7c0,1627404201855,13.3857381,52.4692906,1.9376657,-1.9936938,0.23121572,1.3773403,on bike mount,cyclo cross,False,mixed,mixed
159ca764-8e69-45a9-9fa3-39079fb69985,6924fceb-0fea-4b88-9822-1567cbc2843f,8ffea539-c431-4ad0-88b1-8621d0bbb1c8,1627404201905,13.3857381,52.4692906,1.9376657,0.26056504,-0.9987186,-2.379788,on bike mount,cyclo cross,False,mixed,mixed
159ca764-8e69-45a9-9fa3-39079fb69985,6924fceb-0fea-4b88-9822-1567cbc2843f,e531f232-340e-4eb9-bab7-3db983bc234c,1627404201955,13.3857381,52.4692906,1.9376657,-3.1053085,-0.6124368,-2.971507,on bike mount,cyclo cross,False,mixed,mixed
159ca764-8e69-45a9-9fa3-39079fb69985,6924fceb-0fea-4b88-9822-1567cbc2843f,9de97bf4-f7b5-45c1-8ce1-9ef9f32f69bc,1627404202005,13.3857381,52.4692906,1.9376657,0.8927594,-0.20989203,-2.2501082,on bike mount,cyclo cross,False,mixed,mixed
159ca764-8e69-45a9-9fa3-39079fb69985,6924fceb-0fea-4b88-9822-1567cbc2843f,d9961bc5-0798-437f-be2f-93803c2cbb4a,1627404202056,13.3857381,52.4692906,1.9376657,-1.7309225,-1.8767356,-1.5632114,on bike mount,cyclo cross,False,mixed,mixed
159ca764-8e69-45a9-9fa3-39079fb69985,6924fceb-0fea-4b88-9822-1567cbc2843f,5db3d11e-c6a8-46e7-ad18-0149ca946b53,1627404202106,13.3857381,52.469313,1.9166949,0.82774746,-1.4643912,1.5131407,on bike mount,cyclo cross,False,mixed,mixed
159ca764-8e69-45a9-9fa3-39079fb69985,6924fceb-0fea-4b88-9822-1567cbc2843f,1f7bf010-1c04-4cb1-be11-9958c6a542d9,1627404202155,13.3857381,52.469313,1.9166949,0.4163056,-0.71358943,0.51370525,on bike mount,cyclo cross,False,mixed,mixed
159ca764-8e69-45a9-9fa3-39079fb69985,6924fceb-0fea-4b88-9822-1567cbc2843f,d62f7aa9-d4a2-4d46-b0c2-1712659b7024,1627404202205,13.3857381,52.469313,1.9166949,-1.328609,-0.70680285,0.18258286,on bike mount,cyclo cross,False,mixed,mixed
159ca764-8e69-45a9-9fa3-39079fb69985,6924fceb-0fea-4b88-9822-1567cbc2843f,33c49fc4-bdff-4e40-96be-ab3feda4969e,1627404202257,13.3857381,52.469313,1.9166949,-0.5620586,-0.6025593,-0.046423912,on bike mount,cyclo cross,False,mixed,mixed
159ca764-8e69-45a9-9fa3-39079fb69985,6924fceb-0fea-4b88-9822-1567cbc2843f,905f4afa-9aa1-4201-a6c9-ff58ca396b63,1627404202307,13.3857381,52.469313,1.9166949,-0.4238478,-0.03443885,-0.25603676,on bike mount,cyclo cross,False,mixed,mixed
159ca764-8e69-45a9-9fa3-39079fb69985,6924fceb-0fea-4b88-9822-1567cbc2843f,216d7756-01d5-47c6-9a19-184a90dfac72,1627404202357,13.3857381,52.469313,1.9166949,-0.15826839,2.3861723,-0.99235344,on bike mount,cyclo cross,False,mixed,mixed
159ca764-8e69-45a9-9fa3-39079fb69985,6924fceb-0fea-4b88-9822-1567cbc2843f,f6d5c605-6de0-4301-b550-547bd78c8e6d,1627404202408,13.3857381,52.469313,1.9166949,1.1659659,-1.8214307,3.7891417,on bike mount,cyclo cross,False,mixed,mixed
159ca764-8e69-45a9-9fa3-39079fb69985,6924fceb-0fea-4b88-9822-1567cbc2843f,cef560b4-d3dc-4eb9-a7a4-d3ebbbb1fdd2,1627404202457,13.3857381,52.469313,1.9166949,-0.90109485,-3.772777,2.5905514,on bike mount,cyclo cross,False,mixed,mixed
159ca764-8e69-45a9-9fa3-39079fb69985,6924fceb-0fea-4b88-9822-1567cbc2843f,40de1ae2-1468-4548-82dd-ccae1fa7b8f9,1627404202508,13.3857381,52.469313,1.9166949,1.1360528,0.7495086,0.720109,on bike mount,cyclo cross,False,mixed,mixed
159ca764-8e69-45a9-9fa3-39079fb69985,6924fceb-0fea-4b88-9822-1567cbc2843f,4c8e1030-037e-45e5-b02d-e57064444623,1627404202558,13.3857381,52.469313,1.9166949,-0.383489,-0.37607956,-0.25719643,on bike mount,cyclo cross,False,mixed,mixed
159ca764-8e69-45a9-9fa3-39079fb69985,6924fceb-0fea-4b88-9822-1567cbc2843f,23f89c6c-5b97-4cc9-965e-c5acd108dcae,1627404202608,13.3857381,52.469313,1.9166949,-1.3728563,0.584363,-0.59375954,on bike mount,cyclo cross,False,mixed,mixed
159ca764-8e69-45a9-9fa3-39079fb69985,6924fceb-0fea-4b88-9822-1567cbc2843f,ea071dc6-4d90-4752-a847-be5e3e219b36,1627404202658,13.3857381,52.469313,1.9166949,0.23704445,0.4731815,-0.47581005,on bike mount,cyclo cross,False,mixed,mixed
159ca764-8e69-45a9-9fa3-39079fb69985,6924fceb-0fea-4b88-9822-1567cbc2843f,415afe76-cf81-47ef-8210-ed9d0a7c7437,1627404202708,13.3857381,52.469313,1.9166949,-0.5173,-0.099030256,0.54822445,on bike mount,cyclo cross,False,mixed,mixed
159ca764-8e69-45a9-9fa3-39079fb69985,6924fceb-0fea-4b88-9822-1567cbc2843f,e007e801-6a9a-4478-a5e7-2d6f72bc1447,1627404202758,13.3857381,52.469313,1.9166949,0.12163125,-0.4010849,0.46736717,on bike mount,cyclo cross,False,mixed,mixed
159ca764-8e69-45a9-9fa3-39079fb69985,6924fceb-0fea-4b88-9822-1567cbc2843f,469be32f-c554-44e7-bf7c-51bdd992c3f5,1627404202808,13.3857381,52.469313,1.9166949,0.3546549,0.36780858,-0.23120403,on bike mount,cyclo cross,False,mixed,mixed
159ca764-8e69-45a9-9fa3-39079fb69985,6924fceb-0fea-4b88-9822-1567cbc2843f,13f075e2-30e7-4675-baf5-959ad682907b,1627404202858,13.3857381,52.469313,1.9166949,0.22346312,-1.7893163,-0.36713696,on bike mount,cyclo cross,False,mixed,mixed
159ca764-8e69-45a9-9fa3-39079fb69985,6924fceb-0fea-4b88-9822-1567cbc2843f,393110d1-83bf-4b91-83a6-94181c619bf6,1627404202908,13.3857381,52.469313,1.9166949,-0.6224232,-1.9107542,1.7173328,on bike mount,cyclo cross,False,mixed,mixed
159ca764-8e69-45a9-9fa3-39079fb69985,6924fceb-0fea-4b88-9822-1567cbc2843f,f7a1a8c5-a1b3-4c46-a21c-f234737fb1d3,1627404202958,13.3857381,52.469313,1.9166949,0.22467309,1.7605162,-0.38828468,on bike mount,cyclo cross,False,mixed,mixed
159ca764-8e69-45a9-9fa3-39079fb69985,6924fceb-0fea-4b88-9822-1567cbc2843f,fa295521-c8ba-4314-ac7b-37b06936421e,1627404203009,13.3857381,52.469313,1.9166949,-0.37289983,0.26604915,0.80154324,on bike mount,cyclo cross,False,mixed,mixed
159ca764-8e69-45a9-9fa3-39079fb69985,6924fceb-0fea-4b88-9822-1567cbc2843f,7fa14b19-a188-4365-b7e8-5824538b5ccc,1627404203059,13.3857381,52.469313,1.9166949,-0.16680203,-0.43670177,0.24793053,on bike mount,cyclo cross,False,mixed,mixed
159ca764-8e69-45a9-9fa3-39079fb69985,6924fceb-0fea-4b88-9822-1567cbc2843f,a5424a40-1868-4280-9d9e-2a4ee9a16bfb,1627404203109,13.3857392,52.4693325,2.0828037,0.6171255,-1.3453777,1.6865511,on bike mount,cyclo cross,False,mixed,mixed
159ca764-8e69-45a9-9fa3-39079fb69985,6924fceb-0fea-4b88-9822-1567cbc2843f,270dea0a-d316-4a4b-85e3-1ee7d22d087d,1627404203159,13.3857392,52.4693325,2.0828037,-2.0747247,1.0729642,-0.037923813,on bike mount,cyclo cross,False,mixed,mixed
159ca764-8e69-45a9-9fa3-39079fb69985,6924fceb-0fea-4b88-9822-1567cbc2843f,4bcb8cb0-130a-490f-9b24-890a3c16d610,1627404203209,13.3857392,52.4693325,2.0828037,-0.21467383,1.0249639,-0.808527,on bike mount,cyclo cross,False,mixed,mixed
159ca764-8e69-45a9-9fa3-39079fb69985,6924fceb-0fea-4b88-9822-1567cbc2843f,7aa3a8fc-53b4-4232-a089-a377359de7a6,1627404203259,13.3857392,52.4693325,2.0828037,-0.0518955,-0.7222285,0.21913815,on bike mount,cyclo cross,False,mixed,mixed
159ca764-8e69-45a9-9fa3-39079fb69985,6924fceb-0fea-4b88-9822-1567cbc2843f,829ad7ff-89b3-473e-8892-5f52a856e440,1627404203310,13.3857392,52.4693325,2.0828037,-0.3123659,0.7633014,0.2603693,on bike mount,cyclo cross,False,mixed,mixed
159ca764-8e69-45a9-9fa3-39079fb69985,6924fceb-0fea-4b88-9822-1567cbc2843f,cd3c617c-cfd2-43ea-816a-2b8c2d9f1f6f,1627404203359,13.3857392,52.4693325,2.0828037,-0.2505043,-0.21609092,1.724227,on bike mount,cyclo cross,False,mixed,mixed
159ca764-8e69-45a9-9fa3-39079fb69985,6924fceb-0fea-4b88-9822-1567cbc2843f,508c13ec-b46a-4856-aa79-a13ad497d29e,1627404203410,13.3857392,52.4693325,2.0828037,-0.15069973,-0.36858916,-0.13749981,on bike mount,cyclo cross,False,mixed,mixed
159ca764-8e69-45a9-9fa3-39079fb69985,6924fceb-0fea-4b88-9822-1567cbc2843f,b4f92436-4ddf-420d-a1a0-8c58cbf19b4a,1627404203459,13.3857392,52.4693325,2.0828037,-0.3345402,-0.06490731,-0.61263275,on bike mount,cyclo cross,False,mixed,mixed
159ca764-8e69-45a9-9fa3-39079fb69985,6924fceb-0fea-4b88-9822-1567cbc2843f,5d856fe1-3240-4057-9f3a-fd9a362d3f97,1627404203510,13.3857392,52.4693325,2.0828037,-0.097283214,0.53744555,-0.18797874,on bike mount,cyclo cross,False,mixed,mixed
159ca764-8e69-45a9-9fa3-39079fb69985,6924fceb-0fea-4b88-9822-1567cbc2843f,fff0d8ff-b999-41ef-8731-194e5b2a1ed7,1627404203561,13.3857392,52.4693325,2.0828037,-0.2685277,-0.062373877,-1.0501289,on bike mount,cyclo cross,False,mixed,mixed
159ca764-8e69-45a9-9fa3-39079fb69985,6924fceb-0fea-4b88-9822-1567cbc2843f,7152796f-2435-4706-8084-45c0f1491ed2,1627404203612,13.3857392,52.4693325,2.0828037,0.13408554,-0.1892724,0.44241524,on bike mount,cyclo cross,False,mixed,mixed
159ca764-8e69-45a9-9fa3-39079fb69985,6924fceb-0fea-4b88-9822-1567cbc2843f,cf1dd57a-74e7-4c03-b4f6-524aa8300dde,1627404203661,13.3857392,52.4693325,2.0828037,0.42642623,1.1273136,0.9883938,on bike mount,cyclo cross,False,mixed,mixed
159ca764-8e69-45a9-9fa3-39079fb69985,6924fceb-0fea-4b88-9822-1567cbc2843f,1eb1e32a-fe8e-45bf-a21b-e4225b54a4f1,1627404203711,13.3857392,52.4693325,2.0828037,0.6814685,2.9566715,-0.5194063,on bike mount,cyclo cross,False,mixed,mixed
159ca764-8e69-45a9-9fa3-39079fb69985,6924fceb-0fea-4b88-9822-1567cbc2843f,f1cd4297-eda8-40ea-9173-b8725f90a6c1,1627404203761,13.3857392,52.4693325,2.0828037,-0.49663925,0.27752233,1.3903427,on bike mount,cyclo cross,False,mixed,mixed
159ca764-8e69-45a9-9fa3-39079fb69985,6924fceb-0fea-4b88-9822-1567cbc2843f,0e08517c-d78d-41a5-9edc-0e5a8f67f853,1627404203812,13.3857392,52.4693325,2.0828037,0.105088644,-0.8151566,-0.48201752,on bike mount,cyclo cross,False,mixed,mixed
159ca764-8e69-45a9-9fa3-39079fb69985,6924fceb-0fea-4b88-9822-1567cbc2843f,a46bbdd7-c983-4278-a32b-cd028fa6c160,1627404203862,13.3857413,52.4693423,2.0866058,-0.3531042,-0.23924637,0.68554115,on bike mount,cyclo cross,False,mixed,mixed
159ca764-8e69-45a9-9fa3-39079fb69985,6924fceb-0fea-4b88-9822-1567cbc2843f,b54c7a38-2f4d-4b51-9857-755d78d90097,1627404203912,13.3857413,52.4693423,2.0866058,-0.33621866,2.7361193,1.3637161,on bike mount,cyclo cross,False,mixed,mixed
159ca764-8e69-45a9-9fa3-39079fb69985,6924fceb-0fea-4b88-9822-1567cbc2843f,49201daa-1d55-4e20-b72e-18ed03ae0cca,1627404203962,13.3857413,52.4693423,2.0866058,0.52230847,2.3266788,-0.5512295,on bike mount,cyclo cross,False,mixed,mixed
159ca764-8e69-45a9-9fa3-39079fb69985,6924fceb-0fea-4b88-9822-1567cbc2843f,963b48bf-8dd7-4d88-8d28-320b82d3542d,1627404204012,13.3857413,52.4693423,2.0866058,0.41264313,-0.22139406,0.07649517,on bike mount,cyclo cross,False,mixed,mixed
159ca764-8e69-45a9-9fa3-39079fb69985,6924fceb-0fea-4b88-9822-1567cbc2843f,646e22d4-63ad-4f66-bb8b-8318884eecb0,1627404204062,13.3857413,52.4693423,2.0866058,-0.049226366,-1.0916663,0.5737524,on bike mount,cyclo cross,False,mixed,mixed
159ca764-8e69-45a9-9fa3-39079fb69985,6924fceb-0fea-4b88-9822-1567cbc2843f,fccebb2c-ff5f-4c51-a4c2-547c604ad5cb,1627404204112,13.3857413,52.4693423,2.0866058,0.20844352,-0.063880205,-0.6869211,on bike mount,cyclo cross,False,mixed,mixed
159ca764-8e69-45a9-9fa3-39079fb69985,6924fceb-0fea-4b88-9822-1567cbc2843f,632b8534-39bc-44e7-ac9f-b03dd3e7f6d9,1627404204162,13.3857413,52.4693423,2.0866058,0.05356829,-0.330724,1.2551184,on bike mount,cyclo cross,False,mixed,mixed
159ca764-8e69-45a9-9fa3-39079fb69985,6924fceb-0fea-4b88-9822-1567cbc2843f,93492cf4-c4fc-4c89-b8de-3629b4b0baee,1627404204213,13.3857413,52.4693423,2.0866058,-0.24322554,-0.72473836,2.4313526,on bike mount,cyclo cross,False,mixed,mixed
159ca764-8e69-45a9-9fa3-39079fb69985,6924fceb-0fea-4b88-9822-1567cbc2843f,0975cab3-b669-4626-9554-2f831a6c6846,1627404204262,13.3857413,52.4693423,2.0866058,1.3031585,0.96006393,-1.6460886,on bike mount,cyclo cross,False,mixed,mixed
159ca764-8e69-45a9-9fa3-39079fb69985,6924fceb-0fea-4b88-9822-1567cbc2843f,5a64ff96-4412-4357-be74-011d636b29d8,1627404204312,13.3857413,52.4693423,2.0866058,-0.6522883,0.50634265,0.5476885,on bike mount,cyclo cross,False,mixed,mixed
159ca764-8e69-45a9-9fa3-39079fb69985,6924fceb-0fea-4b88-9822-1567cbc2843f,f5365acc-6499-4d78-9a46-73c5658572bc,1627404204362,13.3857413,52.4693423,2.0866058,0.26855895,-1.1049746,1.2491007,on bike mount,cyclo cross,False,mixed,mixed
159ca764-8e69-45a9-9fa3-39079fb69985,6924fceb-0fea-4b88-9822-1567cbc2843f,eadf59f5-e964-4db1-b395-b05d8c54bd8d,1627404204413,13.3857413,52.4693423,2.0866058,0.63281405,-1.4664698,-1.1610475,on bike mount,cyclo cross,False,mixed,mixed
159ca764-8e69-45a9-9fa3-39079fb69985,6924fceb-0fea-4b88-9822-1567cbc2843f,6097b6cc-f465-44b3-a83b-f8520045f3b6,1627404204463,13.3857413,52.4693423,2.0866058,-0.57183874,1.264482,-0.17478085,on bike mount,cyclo cross,False,mixed,mixed
159ca764-8e69-45a9-9fa3-39079fb69985,6924fceb-0fea-4b88-9822-1567cbc2843f,1ebd16b9-75a3-4321-a6c8-3cc7d2468fb9,1627404204513,13.3857413,52.4693423,2.0866058,0.40781653,-1.5575634,0.98997116,on bike mount,cyclo cross,False,mixed,mixed
159ca764-8e69-45a9-9fa3-39079fb69985,6924fceb-0fea-4b88-9822-1567cbc2843f,a1dd4fd6-46d8-4272-99b7-6582d43fe79c,1627404204563,13.3857413,52.4693423,2.0866058,0.015347131,1.8939424,-1.3244376,on bike mount,cyclo cross,False,mixed,mixed
159ca764-8e69-45a9-9fa3-39079fb69985,6924fceb-0fea-4b88-9822-1567cbc2843f,353e5c0e-fb4d-403a-892c-1bf9babffff8,1627404204614,13.3857413,52.4693423,2.0866058,-0.021914124,1.7073245,0.651103,on bike mount,cyclo cross,False,mixed,mixed
159ca764-8e69-45a9-9fa3-39079fb69985,6924fceb-0fea-4b88-9822-1567cbc2843f,bbec1a0a-910e-488a-91e3-4746f324ae30,1627404204666,13.3857413,52.4693423,2.0866058,-0.19037211,-0.06387544,0.07678032,on bike mount,cyclo cross,False,mixed,mixed
159ca764-8e69-45a9-9fa3-39079fb69985,6924fceb-0fea-4b88-9822-1567cbc2843f,64e5cca7-81a4-4d9f-9a21-d8f5b8fef0ab,1627404204715,13.3857413,52.4693423,2.0866058,1.5608829,-2.1536965,0.73283195,on bike mount,cyclo cross,False,mixed,mixed
159ca764-8e69-45a9-9fa3-39079fb69985,6924fceb-0fea-4b88-9822-1567cbc2843f,96dd522f-22d6-4da6-8dcf-5f491b3a7b09,1627404204766,13.3857413,52.4693423,2.0866058,2.3979025,1.2623224,-1.6482944,on bike mount,cyclo cross,False,mixed,mixed
159ca764-8e69-45a9-9fa3-39079fb69985,6924fceb-0fea-4b88-9822-1567cbc2843f,8db7dc97-1f53-4162-a0ca-4a760ea80d22,1627404204817,13.3857413,52.4693423,2.0866058,1.7834904,-0.48838758,-0.53792286,on bike mount,cyclo cross,False,mixed,mixed
159ca764-8e69-45a9-9fa3-39079fb69985,6924fceb-0fea-4b88-9822-1567cbc2843f,8ebc24cc-bebf-4937-8818-acc9981f2c02,1627404204867,13.3857413,52.4693423,2.0866058,-0.02550888,-0.031093836,-0.5139208,on bike mount,cyclo cross,False,mixed,mixed
159ca764-8e69-45a9-9fa3-39079fb69985,6924fceb-0fea-4b88-9822-1567cbc2843f,9bcff8e6-4b0f-4098-8ec8-690a2a576dee,1627404204918,13.3857413,52.4693423,2.0866058,0.16761601,1.0698628,1.10287,on bike mount,cyclo cross,False,mixed,mixed
159ca764-8e69-45a9-9fa3-39079fb69985,6924fceb-0fea-4b88-9822-1567cbc2843f,0f2d68b8-3e3a-4462-8299-9d12431d99bb,1627404204968,13.3857413,52.4693423,2.0866058,3.385124,-0.98867106,5.2971287,on bike mount,cyclo cross,False,mixed,mixed
159ca764-8e69-45a9-9fa3-39079fb69985,6924fceb-0fea-4b88-9822-1567cbc2843f,2f243bfc-9451-4815-9a70-abb18a5bd076,1627404205018,13.3857413,52.4693423,2.0866058,-0.7413008,-1.5857624,1.069602,on bike mount,cyclo cross,False,mixed,mixed
159ca764-8e69-45a9-9fa3-39079fb69985,6924fceb-0fea-4b88-9822-1567cbc2843f,17a3cf7f-8782-485b-b31d-7ef54f241c80,1627404205068,13.3857413,52.4693423,2.0866058,2.1787834,-1.1875558,0.009070396,on bike mount,cyclo cross,False,mixed,mixed
159ca764-8e69-45a9-9fa3-39079fb69985,6924fceb-0fea-4b88-9822-1567cbc2843f,209f3ee9-181d-4786-a361-d2303ebf8984,1627404205120,13.3857442,52.4693619,1.1209582,-1.4831779,-0.30467248,0.5821829,on bike mount,cyclo cross,False,mixed,mixed
159ca764-8e69-45a9-9fa3-39079fb69985,6924fceb-0fea-4b88-9822-1567cbc2843f,697346b6-f5ad-4ed4-9c95-a3f43f4de701,1627404205170,13.3857442,52.4693619,1.1209582,-0.24796116,2.2337308,0.05675316,on bike mount,cyclo cross,False,mixed,mixed
159ca764-8e69-45a9-9fa3-39079fb69985,6924fceb-0fea-4b88-9822-1567cbc2843f,3ea692e1-47aa-435c-9b54-03273d2a7e0c,1627404205221,13.3857442,52.4693619,1.1209582,-1.2768914,0.24673223,0.4021511,on bike mount,cyclo cross,False,mixed,mixed
159ca764-8e69-45a9-9fa3-39079fb69985,6924fceb-0fea-4b88-9822-1567cbc2843f,b926bc1a-b1ef-41d2-8234-47a868c1ebaa,1627404205270,13.3857442,52.4693619,1.1209582,1.2240564,-1.7034765,-0.035826683,on bike mount,cyclo cross,False,mixed,mixed
159ca764-8e69-45a9-9fa3-39079fb69985,6924fceb-0fea-4b88-9822-1567cbc2843f,2455c769-5389-45f9-b8d5-bbd45dfda01e,1627404205322,13.3857442,52.4693619,1.1209582,-0.8783947,0.780097,-0.4938221,on bike mount,cyclo cross,False,mixed,mixed
159ca764-8e69-45a9-9fa3-39079fb69985,6924fceb-0fea-4b88-9822-1567cbc2843f,b6f0f6ef-4b44-4be5-83ad-f9bcade76cf8,1627404205371,13.3857442,52.4693619,1.1209582,-0.4738046,0.97601104,0.015786171,on bike mount,cyclo cross,False,mixed,mixed
159ca764-8e69-45a9-9fa3-39079fb69985,6924fceb-0fea-4b88-9822-1567cbc2843f,966bdce6-435c-402c-b5ad-3b930c83f8c6,1627404205421,13.3857442,52.4693619,1.1209582,-0.8925607,1.7807236,-0.67066765,on bike mount,cyclo cross,False,mixed,mixed
159ca764-8e69-45a9-9fa3-39079fb69985,6924fceb-0fea-4b88-9822-1567cbc2843f,e536b69b-f878-4f7e-b1bd-8b4192611351,1627404205471,13.3857442,52.4693619,1.1209582,0.21865225,1.0063267,0.30012798,on bike mount,cyclo cross,False,mixed,mixed
159ca764-8e69-45a9-9fa3-39079fb69985,6924fceb-0fea-4b88-9822-1567cbc2843f,28f93753-7148-4ffc-9daa-9653854bd12f,1627404205521,13.3857442,52.4693619,1.1209582,-0.5055483,-1.9260285,1.0878382,on bike mount,cyclo cross,False,mixed,mixed
159ca764-8e69-45a9-9fa3-39079fb69985,6924fceb-0fea-4b88-9822-1567cbc2843f,faefc825-57e1-4488-b296-23e1423ff228,1627404205571,13.3857442,52.4693619,1.1209582,-0.75188243,-1.2629352,-0.09500122,on bike mount,cyclo cross,False,mixed,mixed
159ca764-8e69-45a9-9fa3-39079fb69985,6924fceb-0fea-4b88-9822-1567cbc2843f,5366c4b0-3999-488d-a23d-bdf8c09e755d,1627404205622,13.3857442,52.4693619,1.1209582,0.4191777,0.014226675,0.63338757,on bike mount,cyclo cross,False,mixed,mixed
159ca764-8e69-45a9-9fa3-39079fb69985,6924fceb-0fea-4b88-9822-1567cbc2843f,f8428c5d-0cba-4a07-b3cb-328a606fb38c,1627404205673,13.3857442,52.4693619,1.1209582,0.16852337,-0.17848206,-0.9983177,on bike mount,cyclo cross,False,mixed,mixed
159ca764-8e69-45a9-9fa3-39079fb69985,6924fceb-0fea-4b88-9822-1567cbc2843f,c2f8dde4-2ffc-4520-a993-2fc67ca1574d,1627404205723,13.3857436,52.4693672,0.9346995,-0.535337,0.2808113,-0.3060131,on bike mount,cyclo cross,False,mixed,mixed
159ca764-8e69-45a9-9fa3-39079fb69985,6924fceb-0fea-4b88-9822-1567cbc2843f,53cc1b95-0549-49b2-8cec-dea975a87c7f,1627404205773,13.3857436,52.4693672,0.9346995,-0.5577261,0.34972143,2.3896456,on bike mount,cyclo cross,False,mixed,mixed
159ca764-8e69-45a9-9fa3-39079fb69985,6924fceb-0fea-4b88-9822-1567cbc2843f,8d9cc63d-0fa4-4d4c-b8e2-d73225a462ed,1627404205822,13.3857436,52.4693672,0.9346995,-0.5179397,-0.4040408,-0.14319134,on bike mount,cyclo cross,False,mixed,mixed
159ca764-8e69-45a9-9fa3-39079fb69985,6924fceb-0fea-4b88-9822-1567cbc2843f,fe67c13d-fd7b-4c52-8981-a8ecc32a77c4,1627404205872,13.3857436,52.4693672,0.9346995,0.7877356,-0.5765784,-0.27191544,on bike mount,cyclo cross,False,mixed,mixed
159ca764-8e69-45a9-9fa3-39079fb69985,6924fceb-0fea-4b88-9822-1567cbc2843f,b3af34fd-626a-49de-9f96-17f687970040,1627404205923,13.3857436,52.4693672,0.9346995,-0.54583144,-0.9082854,0.14197922,on bike mount,cyclo cross,False,mixed,mixed
159ca764-8e69-45a9-9fa3-39079fb69985,6924fceb-0fea-4b88-9822-1567cbc2843f,a15243b9-91f2-49ff-b0c6-eb2cab9257ce,1627404205973,13.3857436,52.4693672,0.9346995,0.45878452,0.19303489,0.1588955,on bike mount,cyclo cross,False,mixed,mixed
159ca764-8e69-45a9-9fa3-39079fb69985,6924fceb-0fea-4b88-9822-1567cbc2843f,a067d2c2-c58d-4d6a-96b1-285b7cf60c8c,1627404206023,13.3857436,52.4693672,0.9346995,-0.28716916,0.15497088,-0.86163473,on bike mount,cyclo cross,False,mixed,mixed
159ca764-8e69-45a9-9fa3-39079fb69985,6924fceb-0fea-4b88-9822-1567cbc2843f,cdcb6452-0ef0-4f01-8be4-76216dd0345c,1627404206074,13.3857436,52.4693672,0.9346995,0.5163092,0.32405972,-0.39500618,on bike mount,cyclo cross,False,mixed,mixed
159ca764-8e69-45a9-9fa3-39079fb69985,6924fceb-0fea-4b88-9822-1567cbc2843f,2a4f817a-e2fe-4688-bb16-4dfcbf39aadd,1627404206124,13.3857436,52.4693672,0.9346995,-0.07708897,-0.9550892,0.28533077,on bike mount,cyclo cross,False,mixed,mixed
159ca764-8e69-45a9-9fa3-39079fb69985,6924fceb-0fea-4b88-9822-1567cbc2843f,0ad04177-8df1-49a6-97f0-077fd2a7b6c7,1627404206174,13.3857436,52.4693672,0.9346995,0.7925094,0.449255,-0.2915287,on bike mount,cyclo cross,False,mixed,mixed
159ca764-8e69-45a9-9fa3-39079fb69985,6924fceb-0fea-4b88-9822-1567cbc2843f,c245ac36-feb2-4577-b2eb-7a94c1677f76,1627404206223,13.3857436,52.4693672,0.9346995,0.9409682,1.32635,0.9277897,on bike mount,cyclo cross,False,mixed,mixed
159ca764-8e69-45a9-9fa3-39079fb69985,6924fceb-0fea-4b88-9822-1567cbc2843f,030d714c-72d1-4535-995d-ec12c7d66cd4,1627404206272,13.3857436,52.4693672,0.9346995,1.280141,0.9183471,0.499753,on bike mount,cyclo cross,False,mixed,mixed
159ca764-8e69-45a9-9fa3-39079fb69985,6924fceb-0fea-4b88-9822-1567cbc2843f,0c4d4510-0ea5-4236-b263-3562d82adbb7,1627404206322,13.3857436,52.4693672,0.9346995,1.5393802,-1.2037646,-0.61695766,on bike mount,cyclo cross,False,mixed,mixed
159ca764-8e69-45a9-9fa3-39079fb69985,6924fceb-0fea-4b88-9822-1567cbc2843f,34eef75c-d4ba-45cf-946e-04bf54a3c077,1627404206372,13.3857436,52.4693672,0.9346995,1.1907836,-0.061602116,0.44046688,on bike mount,cyclo cross,False,mixed,mixed
159ca764-8e69-45a9-9fa3-39079fb69985,6924fceb-0fea-4b88-9822-1567cbc2843f,71d38e6f-957f-4437-81f7-c13dc26754b2,1627404206423,13.3857436,52.4693672,0.9346995,0.3258743,1.6228337,-0.70560265,on bike mount,cyclo cross,False,mixed,mixed
159ca764-8e69-45a9-9fa3-39079fb69985,6924fceb-0fea-4b88-9822-1567cbc2843f,ff1d616f-679f-4eef-b291-280dbafb2231,1627404206472,13.3857436,52.4693672,0.9346995,0.8154952,0.62691,-0.020821571,on bike mount,cyclo cross,False,mixed,mixed
159ca764-8e69-45a9-9fa3-39079fb69985,6924fceb-0fea-4b88-9822-1567cbc2843f,7c08b968-82c5-4a22-8433-22a5ae93ecba,1627404206522,13.3857436,52.4693672,0.9346995,0.785635,-1.0572288,1.1719093,on bike mount,cyclo cross,False,mixed,mixed
159ca764-8e69-45a9-9fa3-39079fb69985,6924fceb-0fea-4b88-9822-1567cbc2843f,acd283cd-fa77-4ff5-81e3-0cf9fd5f0548,1627404206573,13.3857436,52.4693672,0.9346995,-0.082307756,0.11154342,-0.16393566,on bike mount,cyclo cross,False,mixed,mixed
