bike_activity_uid,bike_activity_sample_uid,bike_activity_measurement,bike_activity_measurement_timestamp,bike_activity_measurement_lon,bike_activity_measurement_lat,bike_activity_measurement_speed,bike_activity_measurement_accelerometer_x,bike_activity_measurement_accelerometer_y,bike_activity_measurement_accelerometer_z,bike_activity_phone_position,bike_activity_bike_type,bike_activity_flagged_lab_conditions,bike_activity_surface_type,bike_activity_smoothness_type
15f5016a-c120-4b81-923d-38855d555615,dadf321c-c2e8-42ea-ab49-6ad3cb524502,fb353d2b-b462-4859-bd27-15c8667b7966,1626011900857,13.7103603,52.3746841,10.441466,-0.2914542,-1.0456249,2.1513367,on bike mount,road bicycle,False,asphalt,intermediate
15f5016a-c120-4b81-923d-38855d555615,dadf321c-c2e8-42ea-ab49-6ad3cb524502,9209e718-3ae1-472a-9f17-ecd479ecdae1,1626011900909,13.7103603,52.3746841,10.441466,-3.7200162,6.709371,1.762289,on bike mount,road bicycle,False,asphalt,intermediate
15f5016a-c120-4b81-923d-38855d555615,dadf321c-c2e8-42ea-ab49-6ad3cb524502,dff156ab-a822-4a50-bde0-d55334666375,1626011900958,13.7103603,52.3746841,10.441466,0.3915979,4.49489,-2.6364014,on bike mount,road bicycle,False,asphalt,intermediate
15f5016a-c120-4b81-923d-38855d555615,dadf321c-c2e8-42ea-ab49-6ad3cb524502,fa8010e1-f913-4683-842c-40127c032cfa,1626011901009,13.7103603,52.3746841,10.441466,1.6600306,-2.740123,3.264965,on bike mount,road bicycle,False,asphalt,intermediate
15f5016a-c120-4b81-923d-38855d555615,dadf321c-c2e8-42ea-ab49-6ad3cb524502,1521ed4d-e070-428d-a968-623f1915d5f1,1626011901062,13.7103603,52.3746841,10.441466,-1.1461518,4.5305724,-4.930893,on bike mount,road bicycle,False,asphalt,intermediate
15f5016a-c120-4b81-923d-38855d555615,dadf321c-c2e8-42ea-ab49-6ad3cb524502,8aeca8a0-1a0d-4e65-9171-588a28132758,1626011901113,13.7103603,52.3746841,10.441466,2.0978005,-4.392495,3.9134274,on bike mount,road bicycle,False,asphalt,intermediate
15f5016a-c120-4b81-923d-38855d555615,dadf321c-c2e8-42ea-ab49-6ad3cb524502,6567de75-2d9b-4a4c-96d6-96230055beac,1626011901164,13.7103603,52.3746841,10.441466,0.46755165,-2.472544,0.52060986,on bike mount,road bicycle,False,asphalt,intermediate
15f5016a-c120-4b81-923d-38855d555615,dadf321c-c2e8-42ea-ab49-6ad3cb524502,9d7449ae-4a7e-4a7d-a175-37daf579d2e0,1626011901215,13.7103603,52.3746841,10.441466,8.295561,3.322147,-17.2167,on bike mount,road bicycle,False,asphalt,intermediate
15f5016a-c120-4b81-923d-38855d555615,dadf321c-c2e8-42ea-ab49-6ad3cb524502,79785e77-a606-4f06-967c-1a44591a6413,1626011901266,13.7103603,52.3746841,10.441466,-0.28092134,9.958768,-5.4238977,on bike mount,road bicycle,False,asphalt,intermediate
15f5016a-c120-4b81-923d-38855d555615,dadf321c-c2e8-42ea-ab49-6ad3cb524502,8ede4f8f-b6ef-4a91-8cef-3eab9548e6b9,1626011901316,13.7103603,52.3746841,10.441466,-1.6020728,2.0829782,5.642708,on bike mount,road bicycle,False,asphalt,intermediate
15f5016a-c120-4b81-923d-38855d555615,dadf321c-c2e8-42ea-ab49-6ad3cb524502,5a274db1-d0b3-4523-80f9-89a51788b54e,1626011901366,13.7103603,52.3746841,10.441466,-4.3492055,-15.430519,15.863217,on bike mount,road bicycle,False,asphalt,intermediate
15f5016a-c120-4b81-923d-38855d555615,dadf321c-c2e8-42ea-ab49-6ad3cb524502,be4db957-afe5-4da8-a69c-880482066398,1626011901417,13.7103603,52.3746841,10.441466,2.5628057,5.79455,-14.233061,on bike mount,road bicycle,False,asphalt,intermediate
15f5016a-c120-4b81-923d-38855d555615,dadf321c-c2e8-42ea-ab49-6ad3cb524502,7db9f548-3ef9-424f-9683-94aa0c96431e,1626011901468,13.7103603,52.3746841,10.441466,2.1587021,2.622469,2.8581848,on bike mount,road bicycle,False,asphalt,intermediate
15f5016a-c120-4b81-923d-38855d555615,dadf321c-c2e8-42ea-ab49-6ad3cb524502,75895c91-9797-46d5-89c4-81fe14385deb,1626011901518,13.7103603,52.3746841,10.441466,0.384421,-8.541264,13.586182,on bike mount,road bicycle,False,asphalt,intermediate
15f5016a-c120-4b81-923d-38855d555615,dadf321c-c2e8-42ea-ab49-6ad3cb524502,d767bcdf-ac72-4574-b12a-80b4d3388645,1626011901567,13.7103603,52.3746841,10.441466,1.3691008,3.6334596,-7.686814,on bike mount,road bicycle,False,asphalt,intermediate
15f5016a-c120-4b81-923d-38855d555615,dadf321c-c2e8-42ea-ab49-6ad3cb524502,a66444f8-714a-4f33-85ce-a2b0ded66416,1626011901617,13.7103603,52.3746841,10.441466,-2.300922,3.9907994,2.665577,on bike mount,road bicycle,False,asphalt,intermediate
15f5016a-c120-4b81-923d-38855d555615,dadf321c-c2e8-42ea-ab49-6ad3cb524502,f2f64078-f8a2-4e0b-bfe8-db4045c0c9e2,1626011901668,13.7103603,52.3746841,10.441466,0.3019238,3.776595,1.2932506,on bike mount,road bicycle,False,asphalt,intermediate
15f5016a-c120-4b81-923d-38855d555615,dadf321c-c2e8-42ea-ab49-6ad3cb524502,b8d95160-3e8d-4cd6-bd4a-ba6a2270251c,1626011901718,13.7102658,52.3746063,10.80576,-2.3166175,0.52561927,9.375618,on bike mount,road bicycle,False,asphalt,intermediate
15f5016a-c120-4b81-923d-38855d555615,dadf321c-c2e8-42ea-ab49-6ad3cb524502,fac9eb5c-acc7-4e8f-9c75-bbabebe41e25,1626011901768,13.7102658,52.3746063,10.80576,1.9050032,-2.4411514,-1.8609977,on bike mount,road bicycle,False,asphalt,intermediate
15f5016a-c120-4b81-923d-38855d555615,dadf321c-c2e8-42ea-ab49-6ad3cb524502,348b2bd0-2672-4e3c-857a-25ea37e1e167,1626011901823,13.7102658,52.3746063,10.80576,1.2943118,1.4238324,-3.9728127,on bike mount,road bicycle,False,asphalt,intermediate
15f5016a-c120-4b81-923d-38855d555615,dadf321c-c2e8-42ea-ab49-6ad3cb524502,d01f92a1-27d6-4164-b030-0f1045b6a807,1626011901874,13.7102658,52.3746063,10.80576,0.64526606,1.3812022,-6.206284,on bike mount,road bicycle,False,asphalt,intermediate
15f5016a-c120-4b81-923d-38855d555615,dadf321c-c2e8-42ea-ab49-6ad3cb524502,9580cd80-322f-4fab-b992-7a72379442e2,1626011901923,13.7102658,52.3746063,10.80576,2.355516,0.6976806,-7.783817,on bike mount,road bicycle,False,asphalt,intermediate
15f5016a-c120-4b81-923d-38855d555615,dadf321c-c2e8-42ea-ab49-6ad3cb524502,9ba1b877-a355-4676-a676-2b258b9b48f6,1626011901974,13.7102658,52.3746063,10.80576,2.6870427,2.7979772,-10.561262,on bike mount,road bicycle,False,asphalt,intermediate
15f5016a-c120-4b81-923d-38855d555615,dadf321c-c2e8-42ea-ab49-6ad3cb524502,70e624c1-bb5d-4faa-8c5e-4d6fee710baf,1626011902023,13.7102658,52.3746063,10.80576,0.20709956,-9.046383,5.55861,on bike mount,road bicycle,False,asphalt,intermediate
15f5016a-c120-4b81-923d-38855d555615,dadf321c-c2e8-42ea-ab49-6ad3cb524502,070dcd37-1b64-44d5-8c42-3715997d0faf,1626011902074,13.7102658,52.3746063,10.80576,3.2450438,-2.955646,-2.0430942,on bike mount,road bicycle,False,asphalt,intermediate
15f5016a-c120-4b81-923d-38855d555615,dadf321c-c2e8-42ea-ab49-6ad3cb524502,62a85582-0143-4f87-a137-5377699aa7aa,1626011902124,13.7102658,52.3746063,10.80576,1.0344689,-2.620136,2.024475,on bike mount,road bicycle,False,asphalt,intermediate
15f5016a-c120-4b81-923d-38855d555615,dadf321c-c2e8-42ea-ab49-6ad3cb524502,46586991-3ce1-4c4a-bd96-ffd5d5501c80,1626011902175,13.7102658,52.3746063,10.80576,-3.0949435,1.4958109,-4.351617,on bike mount,road bicycle,False,asphalt,intermediate
15f5016a-c120-4b81-923d-38855d555615,dadf321c-c2e8-42ea-ab49-6ad3cb524502,3fab9bad-8e90-4b69-944f-9b4041d647fb,1626011902226,13.7102658,52.3746063,10.80576,0.5235374,-2.7497807,-1.1166921,on bike mount,road bicycle,False,asphalt,intermediate
15f5016a-c120-4b81-923d-38855d555615,dadf321c-c2e8-42ea-ab49-6ad3cb524502,d0d5af54-2473-45a9-88be-bccc9f79c70b,1626011902276,13.7102658,52.3746063,10.80576,-2.7619076,-4.026088,6.7774067,on bike mount,road bicycle,False,asphalt,intermediate
15f5016a-c120-4b81-923d-38855d555615,dadf321c-c2e8-42ea-ab49-6ad3cb524502,0fe4d237-ace8-469c-ba3d-d5b16239fb61,1626011902327,13.7102658,52.3746063,10.80576,-2.0929515,1.8022299,-1.7603817,on bike mount,road bicycle,False,asphalt,intermediate
15f5016a-c120-4b81-923d-38855d555615,dadf321c-c2e8-42ea-ab49-6ad3cb524502,0a380f68-d3ad-4986-8524-a90ec5947cc3,1626011902377,13.7102658,52.3746063,10.80576,1.2161089,-3.294329,4.9754276,on bike mount,road bicycle,False,asphalt,intermediate
15f5016a-c120-4b81-923d-38855d555615,dadf321c-c2e8-42ea-ab49-6ad3cb524502,a9e58307-6918-4bb1-927f-97a7ff9f9e58,1626011902427,13.7102658,52.3746063,10.80576,0.12413937,4.1234713,-6.027052,on bike mount,road bicycle,False,asphalt,intermediate
15f5016a-c120-4b81-923d-38855d555615,dadf321c-c2e8-42ea-ab49-6ad3cb524502,777f2349-9e57-4f6f-b53f-5c2ae0882515,1626011902477,13.7102658,52.3746063,10.80576,1.7133867,-5.495351,2.5527048,on bike mount,road bicycle,False,asphalt,intermediate
15f5016a-c120-4b81-923d-38855d555615,dadf321c-c2e8-42ea-ab49-6ad3cb524502,ef7b6376-9c09-491f-bc80-3753c68c0cc6,1626011902528,13.7102658,52.3746063,10.80576,-0.95849395,-3.5304747,5.1625566,on bike mount,road bicycle,False,asphalt,intermediate
15f5016a-c120-4b81-923d-38855d555615,dadf321c-c2e8-42ea-ab49-6ad3cb524502,2307c7d4-4173-4f45-90bd-87de0dc200dd,1626011902578,13.7102658,52.3746063,10.80576,0.51306355,3.2696314,3.6912613,on bike mount,road bicycle,False,asphalt,intermediate
15f5016a-c120-4b81-923d-38855d555615,dadf321c-c2e8-42ea-ab49-6ad3cb524502,21c17c7c-058e-40f4-b20e-92ff713ce7e9,1626011902629,13.7102658,52.3746063,10.80576,2.3906212,11.2944565,-9.466743,on bike mount,road bicycle,False,asphalt,intermediate
15f5016a-c120-4b81-923d-38855d555615,dadf321c-c2e8-42ea-ab49-6ad3cb524502,04607e96-b2e3-4431-83f8-abee56d8d79a,1626011902679,13.71017,52.3745309,10.687799,-1.3037992,-4.502951,8.002931,on bike mount,road bicycle,False,asphalt,intermediate
15f5016a-c120-4b81-923d-38855d555615,dadf321c-c2e8-42ea-ab49-6ad3cb524502,ae8a7dc7-84d6-4267-ae67-d490ecfd88f0,1626011902729,13.71017,52.3745309,10.687799,0.37985334,0.6554737,-3.7506633,on bike mount,road bicycle,False,asphalt,intermediate
15f5016a-c120-4b81-923d-38855d555615,dadf321c-c2e8-42ea-ab49-6ad3cb524502,842c1342-cb3e-486f-b722-14563164d8e2,1626011902780,13.71017,52.3745309,10.687799,2.7617946,-7.9976797,11.303404,on bike mount,road bicycle,False,asphalt,intermediate
15f5016a-c120-4b81-923d-38855d555615,dadf321c-c2e8-42ea-ab49-6ad3cb524502,af1cfc8f-c8ff-4ffd-9396-0800a2952004,1626011902831,13.71017,52.3745309,10.687799,-0.4800228,0.8485615,-1.7477169,on bike mount,road bicycle,False,asphalt,intermediate
15f5016a-c120-4b81-923d-38855d555615,dadf321c-c2e8-42ea-ab49-6ad3cb524502,0593f175-36e0-4e11-aefa-aa0c56bdd66e,1626011902880,13.71017,52.3745309,10.687799,1.6371101,1.8326812,-2.0420732,on bike mount,road bicycle,False,asphalt,intermediate
15f5016a-c120-4b81-923d-38855d555615,dadf321c-c2e8-42ea-ab49-6ad3cb524502,dece0db2-25e8-44e8-95ee-f6594628c9a4,1626011902931,13.71017,52.3745309,10.687799,1.5677929,-0.941506,-1.8697529,on bike mount,road bicycle,False,asphalt,intermediate
15f5016a-c120-4b81-923d-38855d555615,dadf321c-c2e8-42ea-ab49-6ad3cb524502,782d3a01-2917-40a6-9724-d777aed69cb2,1626011902982,13.71017,52.3745309,10.687799,0.9471588,2.278521,-3.0079103,on bike mount,road bicycle,False,asphalt,intermediate
15f5016a-c120-4b81-923d-38855d555615,dadf321c-c2e8-42ea-ab49-6ad3cb524502,c2adcfba-c539-466f-90b4-557aeb8a6fe5,1626011903032,13.71017,52.3745309,10.687799,-0.040961146,-2.3631592,0.47676086,on bike mount,road bicycle,False,asphalt,intermediate
15f5016a-c120-4b81-923d-38855d555615,dadf321c-c2e8-42ea-ab49-6ad3cb524502,4f58a55c-839f-426e-a180-7ecf5175a361,1626011903083,13.71017,52.3745309,10.687799,-1.3867815,-5.8645024,3.7347088,on bike mount,road bicycle,False,asphalt,intermediate
15f5016a-c120-4b81-923d-38855d555615,dadf321c-c2e8-42ea-ab49-6ad3cb524502,cc6c729e-3671-4d37-bffe-6e9d11351105,1626011903133,13.71017,52.3745309,10.687799,1.1976817,2.2746468,-8.761282,on bike mount,road bicycle,False,asphalt,intermediate
15f5016a-c120-4b81-923d-38855d555615,dadf321c-c2e8-42ea-ab49-6ad3cb524502,fdd5cc3f-504d-4cb9-9f1c-96a4b25dda7e,1626011903183,13.71017,52.3745309,10.687799,0.14766812,0.42277133,3.9698439,on bike mount,road bicycle,False,asphalt,intermediate
15f5016a-c120-4b81-923d-38855d555615,dadf321c-c2e8-42ea-ab49-6ad3cb524502,d17cc074-9492-4f0a-9ddf-d6941d999e34,1626011903233,13.71017,52.3745309,10.687799,0.98170024,8.172039,-9.432524,on bike mount,road bicycle,False,asphalt,intermediate
15f5016a-c120-4b81-923d-38855d555615,dadf321c-c2e8-42ea-ab49-6ad3cb524502,602e58ae-cc9b-45b7-9387-4deae302c20d,1626011903283,13.71017,52.3745309,10.687799,2.187705,3.0463066,-4.6289196,on bike mount,road bicycle,False,asphalt,intermediate
15f5016a-c120-4b81-923d-38855d555615,dadf321c-c2e8-42ea-ab49-6ad3cb524502,a6244d63-26fc-4c9d-a20e-3341daa8da03,1626011903332,13.71017,52.3745309,10.687799,0.51926935,1.227592,-1.9343987,on bike mount,road bicycle,False,asphalt,intermediate
15f5016a-c120-4b81-923d-38855d555615,dadf321c-c2e8-42ea-ab49-6ad3cb524502,42660506-4a39-49f2-a36f-b20512a24b45,1626011903382,13.71017,52.3745309,10.687799,4.197616,1.3052764,-1.4244266,on bike mount,road bicycle,False,asphalt,intermediate
15f5016a-c120-4b81-923d-38855d555615,dadf321c-c2e8-42ea-ab49-6ad3cb524502,ba357c0c-75a1-4b9a-b1b1-9881728bde9f,1626011903432,13.71017,52.3745309,10.687799,-1.6535172,0.44160295,-2.3063002,on bike mount,road bicycle,False,asphalt,intermediate
15f5016a-c120-4b81-923d-38855d555615,dadf321c-c2e8-42ea-ab49-6ad3cb524502,8ebab72b-9476-4914-a987-fdf74d84a1e4,1626011903482,13.71017,52.3745309,10.687799,0.55622566,-2.6371765,2.192111,on bike mount,road bicycle,False,asphalt,intermediate
15f5016a-c120-4b81-923d-38855d555615,dadf321c-c2e8-42ea-ab49-6ad3cb524502,d1963a13-c5cd-4858-a49d-fc83f0c254d5,1626011903532,13.71017,52.3745309,10.687799,-1.0442023,-4.5100427,7.7191334,on bike mount,road bicycle,False,asphalt,intermediate
15f5016a-c120-4b81-923d-38855d555615,dadf321c-c2e8-42ea-ab49-6ad3cb524502,bab97a90-10b4-4a4f-b107-b1dacdcce125,1626011903582,13.71017,52.3745309,10.687799,1.270924,-0.16771913,2.5105133,on bike mount,road bicycle,False,asphalt,intermediate
15f5016a-c120-4b81-923d-38855d555615,dadf321c-c2e8-42ea-ab49-6ad3cb524502,69740a9a-e1cf-40ed-8f87-70134680ecac,1626011903632,13.71017,52.3745309,10.687799,0.5751343,10.180754,-13.320593,on bike mount,road bicycle,False,asphalt,intermediate
15f5016a-c120-4b81-923d-38855d555615,dadf321c-c2e8-42ea-ab49-6ad3cb524502,9fe40767-1afc-4933-a47a-3ae77eded2a5,1626011903682,13.7100699,52.3744549,10.482378,-1.178669,-0.4190185,6.59737,on bike mount,road bicycle,False,asphalt,intermediate
15f5016a-c120-4b81-923d-38855d555615,dadf321c-c2e8-42ea-ab49-6ad3cb524502,6ad70d85-b99f-4a5c-a38a-e7adde0c8175,1626011903733,13.7100699,52.3744549,10.482378,1.1132338,-3.0575166,1.9536018,on bike mount,road bicycle,False,asphalt,intermediate
15f5016a-c120-4b81-923d-38855d555615,dadf321c-c2e8-42ea-ab49-6ad3cb524502,c8d1a4e6-bc7f-4389-8e05-224f2989b048,1626011903791,13.7100699,52.3744549,10.482378,1.4123507,-6.037046,4.9877815,on bike mount,road bicycle,False,asphalt,intermediate
15f5016a-c120-4b81-923d-38855d555615,dadf321c-c2e8-42ea-ab49-6ad3cb524502,f20a4703-6dc5-49e5-a39a-cdce60513c86,1626011903843,13.7100699,52.3744549,10.482378,-0.6151264,0.9811158,7.5127287,on bike mount,road bicycle,False,asphalt,intermediate
15f5016a-c120-4b81-923d-38855d555615,dadf321c-c2e8-42ea-ab49-6ad3cb524502,dae3a0b8-03a0-4d3e-8df4-47a6a484047f,1626011903893,13.7100699,52.3744549,10.482378,1.0070149,-3.167582,5.374461,on bike mount,road bicycle,False,asphalt,intermediate
15f5016a-c120-4b81-923d-38855d555615,dadf321c-c2e8-42ea-ab49-6ad3cb524502,c65b148a-c8dd-4980-a576-f479dedbb7c8,1626011903943,13.7100699,52.3744549,10.482378,-0.6712085,2.3867111,-9.637387,on bike mount,road bicycle,False,asphalt,intermediate
15f5016a-c120-4b81-923d-38855d555615,dadf321c-c2e8-42ea-ab49-6ad3cb524502,d0ae3bd9-567d-4c77-8bfa-824ebd5411ae,1626011903994,13.7100699,52.3744549,10.482378,0.36147034,7.9440155,-7.7939377,on bike mount,road bicycle,False,asphalt,intermediate
15f5016a-c120-4b81-923d-38855d555615,dadf321c-c2e8-42ea-ab49-6ad3cb524502,f5adc2a4-4055-4ed2-823e-055ce03ad14d,1626011904046,13.7100699,52.3744549,10.482378,1.7460216,-3.2141242,-3.7783532,on bike mount,road bicycle,False,asphalt,intermediate
15f5016a-c120-4b81-923d-38855d555615,dadf321c-c2e8-42ea-ab49-6ad3cb524502,5c584274-ddda-4ede-89d7-6925082f009e,1626011904095,13.7100699,52.3744549,10.482378,-0.68714225,-3.71699,-0.9077091,on bike mount,road bicycle,False,asphalt,intermediate
15f5016a-c120-4b81-923d-38855d555615,dadf321c-c2e8-42ea-ab49-6ad3cb524502,67f48f22-fff6-49c1-b6ee-ce0e5a6ec30e,1626011904145,13.7100699,52.3744549,10.482378,-0.3162455,-4.2869086,-4.3276434,on bike mount,road bicycle,False,asphalt,intermediate
15f5016a-c120-4b81-923d-38855d555615,dadf321c-c2e8-42ea-ab49-6ad3cb524502,46ccf97f-0647-463b-bf91-fecf44c26769,1626011904195,13.7100699,52.3744549,10.482378,-0.22726989,-6.783436,7.997696,on bike mount,road bicycle,False,asphalt,intermediate
15f5016a-c120-4b81-923d-38855d555615,dadf321c-c2e8-42ea-ab49-6ad3cb524502,11b0ab5c-7c01-4b57-9669-dc9e1e24541f,1626011904244,13.7100699,52.3744549,10.482378,-0.24021804,-2.165532,5.1546583,on bike mount,road bicycle,False,asphalt,intermediate
15f5016a-c120-4b81-923d-38855d555615,dadf321c-c2e8-42ea-ab49-6ad3cb524502,47d37461-6218-4e03-b162-b939e8ae98fb,1626011904295,13.7100699,52.3744549,10.482378,-1.8134775,8.550823,-10.081103,on bike mount,road bicycle,False,asphalt,intermediate
15f5016a-c120-4b81-923d-38855d555615,dadf321c-c2e8-42ea-ab49-6ad3cb524502,75617197-edca-495a-abea-66d401901942,1626011904346,13.7100699,52.3744549,10.482378,0.5978281,10.003176,-8.952321,on bike mount,road bicycle,False,asphalt,intermediate
15f5016a-c120-4b81-923d-38855d555615,dadf321c-c2e8-42ea-ab49-6ad3cb524502,5868c509-41df-472c-a469-b4644e30f18c,1626011904397,13.7100699,52.3744549,10.482378,1.4757553,-4.636691,14.564957,on bike mount,road bicycle,False,asphalt,intermediate
15f5016a-c120-4b81-923d-38855d555615,dadf321c-c2e8-42ea-ab49-6ad3cb524502,ce6168be-a634-453c-b4c8-f1055060afbe,1626011904447,13.7100699,52.3744549,10.482378,-0.08906937,0.8895428,-8.22549,on bike mount,road bicycle,False,asphalt,intermediate
15f5016a-c120-4b81-923d-38855d555615,dadf321c-c2e8-42ea-ab49-6ad3cb524502,d45b4e4f-44fb-4ec6-826d-e382a7825860,1626011904498,13.7100699,52.3744549,10.482378,0.40516886,5.4253683,4.409113,on bike mount,road bicycle,False,asphalt,intermediate
15f5016a-c120-4b81-923d-38855d555615,dadf321c-c2e8-42ea-ab49-6ad3cb524502,4e80d7d2-e9df-48a3-aa70-4f3c1d0697bd,1626011904548,13.7100699,52.3744549,10.482378,-0.84265065,4.1708612,-7.418165,on bike mount,road bicycle,False,asphalt,intermediate
15f5016a-c120-4b81-923d-38855d555615,dadf321c-c2e8-42ea-ab49-6ad3cb524502,72bf09ee-f3be-4d13-89a2-0ad5f209b9e2,1626011904600,13.7100699,52.3744549,10.482378,-0.5437914,2.4141812,-5.613922,on bike mount,road bicycle,False,asphalt,intermediate
15f5016a-c120-4b81-923d-38855d555615,dadf321c-c2e8-42ea-ab49-6ad3cb524502,bcb2c9ae-aeab-4da6-9aa9-3ac655ea7c95,1626011904651,13.7100699,52.3744549,10.482378,-0.2639197,-3.8299553,0.60013485,on bike mount,road bicycle,False,asphalt,intermediate
15f5016a-c120-4b81-923d-38855d555615,dadf321c-c2e8-42ea-ab49-6ad3cb524502,4c4310c0-cba5-4159-802c-c0048f4eee83,1626011904708,13.709963,52.3743879,10.348425,1.1996838,-3.4709005,5.0292683,on bike mount,road bicycle,False,asphalt,intermediate
15f5016a-c120-4b81-923d-38855d555615,dadf321c-c2e8-42ea-ab49-6ad3cb524502,af633f8a-d62a-4e38-b46f-5787d9bbacd8,1626011904751,13.709963,52.3743879,10.348425,0.15928248,-6.6866903,2.7742605,on bike mount,road bicycle,False,asphalt,intermediate
15f5016a-c120-4b81-923d-38855d555615,dadf321c-c2e8-42ea-ab49-6ad3cb524502,6c1a9e3f-3915-4751-8279-d3cb4067b4a9,1626011904801,13.709963,52.3743879,10.348425,-0.25745726,2.700038,-6.3495092,on bike mount,road bicycle,False,asphalt,intermediate
15f5016a-c120-4b81-923d-38855d555615,dadf321c-c2e8-42ea-ab49-6ad3cb524502,5f080908-3b7c-4ab7-956d-177250c97af4,1626011904851,13.709963,52.3743879,10.348425,-1.7790236,-1.4702556,-0.357296,on bike mount,road bicycle,False,asphalt,intermediate
15f5016a-c120-4b81-923d-38855d555615,dadf321c-c2e8-42ea-ab49-6ad3cb524502,e228b105-164d-4292-af10-94f93f544b0a,1626011904901,13.709963,52.3743879,10.348425,-1.1737006,-8.08564,5.066165,on bike mount,road bicycle,False,asphalt,intermediate
15f5016a-c120-4b81-923d-38855d555615,dadf321c-c2e8-42ea-ab49-6ad3cb524502,07c7ed3d-ae60-412a-b091-67002b267964,1626011904951,13.709963,52.3743879,10.348425,2.2261207,7.6903563,-1.9327288,on bike mount,road bicycle,False,asphalt,intermediate
15f5016a-c120-4b81-923d-38855d555615,dadf321c-c2e8-42ea-ab49-6ad3cb524502,0b620e9c-7378-4d2e-ab9d-c4a651522037,1626011905001,13.709963,52.3743879,10.348425,0.39752728,2.1636872,-0.9792838,on bike mount,road bicycle,False,asphalt,intermediate
15f5016a-c120-4b81-923d-38855d555615,dadf321c-c2e8-42ea-ab49-6ad3cb524502,642d9b63-aff7-4f82-83d1-8e3fa6654640,1626011905051,13.709963,52.3743879,10.348425,1.4146053,-4.6861405,20.141254,on bike mount,road bicycle,False,asphalt,intermediate
15f5016a-c120-4b81-923d-38855d555615,dadf321c-c2e8-42ea-ab49-6ad3cb524502,60fa2b0c-a3be-403c-aca1-34aed7b74c28,1626011905102,13.709963,52.3743879,10.348425,-3.6430795,11.5832815,-3.1158838,on bike mount,road bicycle,False,asphalt,intermediate
15f5016a-c120-4b81-923d-38855d555615,dadf321c-c2e8-42ea-ab49-6ad3cb524502,8836c850-de5a-4054-9029-489dfc9611ad,1626011905152,13.709963,52.3743879,10.348425,-8.180919,2.973547,-2.255968,on bike mount,road bicycle,False,asphalt,intermediate
15f5016a-c120-4b81-923d-38855d555615,dadf321c-c2e8-42ea-ab49-6ad3cb524502,8428284f-be80-4b6e-bcd5-9090c99c78e2,1626011905202,13.709963,52.3743879,10.348425,3.4436336,7.258045,-12.206222,on bike mount,road bicycle,False,asphalt,intermediate
15f5016a-c120-4b81-923d-38855d555615,dadf321c-c2e8-42ea-ab49-6ad3cb524502,44d6cd47-1c61-45f3-95b4-45957d1797aa,1626011905253,13.709963,52.3743879,10.348425,1.6078455,-6.8556643,-0.2807145,on bike mount,road bicycle,False,asphalt,intermediate
15f5016a-c120-4b81-923d-38855d555615,dadf321c-c2e8-42ea-ab49-6ad3cb524502,ce3473f8-8862-40bb-b850-914cfb7b51d4,1626011905303,13.709963,52.3743879,10.348425,-2.301501,1.845509,-1.0441723,on bike mount,road bicycle,False,asphalt,intermediate
15f5016a-c120-4b81-923d-38855d555615,dadf321c-c2e8-42ea-ab49-6ad3cb524502,7e1eeee3-6d0e-4d67-b9bc-0e59eee71564,1626011905353,13.709963,52.3743879,10.348425,-7.6400194,19.809994,-19.068758,on bike mount,road bicycle,False,asphalt,intermediate
15f5016a-c120-4b81-923d-38855d555615,dadf321c-c2e8-42ea-ab49-6ad3cb524502,63c403eb-69a5-4916-8893-351d393035de,1626011905404,13.709963,52.3743879,10.348425,-3.3081758,-2.166244,19.135914,on bike mount,road bicycle,False,asphalt,intermediate
15f5016a-c120-4b81-923d-38855d555615,dadf321c-c2e8-42ea-ab49-6ad3cb524502,fdf80c1d-dfc9-409b-8f02-1fda9dd60ed6,1626011905454,13.709963,52.3743879,10.348425,1.87937,7.628847,3.0134897,on bike mount,road bicycle,False,asphalt,intermediate
15f5016a-c120-4b81-923d-38855d555615,dadf321c-c2e8-42ea-ab49-6ad3cb524502,b47c3500-4a60-4dc3-ae9c-91bd5daaf167,1626011905504,13.709963,52.3743879,10.348425,-2.0981038,7.365082,-1.0972059,on bike mount,road bicycle,False,asphalt,intermediate
15f5016a-c120-4b81-923d-38855d555615,dadf321c-c2e8-42ea-ab49-6ad3cb524502,845a93a9-8ca4-4532-b913-3e2f36a79d3b,1626011905554,13.709963,52.3743879,10.348425,-5.29908,-1.5917952,9.08651,on bike mount,road bicycle,False,asphalt,intermediate
15f5016a-c120-4b81-923d-38855d555615,dadf321c-c2e8-42ea-ab49-6ad3cb524502,040fdf62-83fe-4a43-99e1-a7a7955d3cde,1626011905605,13.709963,52.3743879,10.348425,4.098426,0.6564607,1.1050844,on bike mount,road bicycle,False,asphalt,intermediate
15f5016a-c120-4b81-923d-38855d555615,dadf321c-c2e8-42ea-ab49-6ad3cb524502,25254cc0-c944-41b1-b57d-9a986d2d405b,1626011905664,13.709963,52.3743879,10.348425,-1.437345,-9.23612,19.852823,on bike mount,road bicycle,False,asphalt,intermediate
15f5016a-c120-4b81-923d-38855d555615,dadf321c-c2e8-42ea-ab49-6ad3cb524502,9ef23e6e-e3a9-4300-9562-13d9af0eb39f,1626011905715,13.7098573,52.3743221,9.964301,0.06296098,8.92025,-8.487515,on bike mount,road bicycle,False,asphalt,intermediate
15f5016a-c120-4b81-923d-38855d555615,dadf321c-c2e8-42ea-ab49-6ad3cb524502,907ffbeb-a608-4e79-a31d-8b3693122ab9,1626011905764,13.7098573,52.3743221,9.964301,1.6877881,16.625488,-8.862272,on bike mount,road bicycle,False,asphalt,intermediate
15f5016a-c120-4b81-923d-38855d555615,dadf321c-c2e8-42ea-ab49-6ad3cb524502,150c8483-5e03-4df1-8930-f5ba9af6a19f,1626011905815,13.7098573,52.3743221,9.964301,-1.015223,-14.187854,20.100895,on bike mount,road bicycle,False,asphalt,intermediate
15f5016a-c120-4b81-923d-38855d555615,dadf321c-c2e8-42ea-ab49-6ad3cb524502,9d7b5e59-b229-4fd6-b4db-791f237ac5a9,1626011905864,13.7098573,52.3743221,9.964301,1.7085018,3.7680597,-2.453722,on bike mount,road bicycle,False,asphalt,intermediate
