bike_activity_uid,bike_activity_sample_uid,bike_activity_measurement,bike_activity_measurement_timestamp,bike_activity_measurement_lon,bike_activity_measurement_lat,bike_activity_measurement_speed,bike_activity_measurement_accelerometer_x,bike_activity_measurement_accelerometer_y,bike_activity_measurement_accelerometer_z,bike_activity_phone_position,bike_activity_bike_type,bike_activity_flagged_lab_conditions,bike_activity_surface_type,bike_activity_smoothness_type
15f5016a-c120-4b81-923d-38855d555615,549d4af0-dea3-4f06-8989-33a1459e6806,8c5e5655-6da7-47cb-b753-f21a004719ae,1626012568985,13.6571012,52.3761028,0.09538715,-0.13970013,0.032739162,0.010774612,on bike mount,road bicycle,False,asphalt,intermediate
15f5016a-c120-4b81-923d-38855d555615,549d4af0-dea3-4f06-8989-33a1459e6806,579269d9-ecf1-41ca-9149-00976af725c2,1626012569035,13.6571012,52.3761028,0.09538715,-0.023364646,0.011616945,0.0139865875,on bike mount,road bicycle,False,asphalt,intermediate
15f5016a-c120-4b81-923d-38855d555615,549d4af0-dea3-4f06-8989-33a1459e6806,af3195d0-d823-4b55-8f1b-71d3fa839a61,1626012569085,13.6571012,52.3761028,0.09538715,0.01872687,0.00040578842,0.05934906,on bike mount,road bicycle,False,asphalt,intermediate
15f5016a-c120-4b81-923d-38855d555615,549d4af0-dea3-4f06-8989-33a1459e6806,492ac304-687e-461a-80bd-36b22b70f626,1626012569134,13.6571012,52.3761028,0.09538715,0.047019944,-0.030748606,0.102148056,on bike mount,road bicycle,False,asphalt,intermediate
15f5016a-c120-4b81-923d-38855d555615,549d4af0-dea3-4f06-8989-33a1459e6806,e380ce74-6a96-4c57-8966-d5a5c511e381,1626012569185,13.6571012,52.3761028,0.09538715,0.044347808,-0.033987522,0.10149193,on bike mount,road bicycle,False,asphalt,intermediate
15f5016a-c120-4b81-923d-38855d555615,549d4af0-dea3-4f06-8989-33a1459e6806,581e1d4c-c91c-4dcc-b915-1799ffe59951,1626012569234,13.6571012,52.3761028,0.09538715,0.06192419,-0.023077011,0.04719448,on bike mount,road bicycle,False,asphalt,intermediate
15f5016a-c120-4b81-923d-38855d555615,549d4af0-dea3-4f06-8989-33a1459e6806,449777b6-b113-4756-918d-a48aa3597b3f,1626012569284,13.6571012,52.3761028,0.09538715,0.208157,0.010637999,0.11277676,on bike mount,road bicycle,False,asphalt,intermediate
15f5016a-c120-4b81-923d-38855d555615,549d4af0-dea3-4f06-8989-33a1459e6806,a21fa740-cfe4-4688-a115-b9f9eb4f7672,1626012569334,13.6571012,52.3761028,0.09538715,0.16590008,0.026157856,0.067355156,on bike mount,road bicycle,False,asphalt,intermediate
15f5016a-c120-4b81-923d-38855d555615,549d4af0-dea3-4f06-8989-33a1459e6806,6630e3e6-a97a-4508-a646-59c442ae6973,1626012569385,13.6571012,52.3761028,0.09538715,0.097488046,0.025917053,0.02179718,on bike mount,road bicycle,False,asphalt,intermediate
15f5016a-c120-4b81-923d-38855d555615,549d4af0-dea3-4f06-8989-33a1459e6806,0fbf0fce-4390-4ed5-b28a-7ff7fe1fcc81,1626012569435,13.6571012,52.3761028,0.09538715,0.07560867,0.020299673,-0.015792847,on bike mount,road bicycle,False,asphalt,intermediate
15f5016a-c120-4b81-923d-38855d555615,f304a5f2-9cfd-4b6c-a85a-16e06a807061,5b1087b0-af66-4622-8284-cb9ef186dc89,1626012569290,13.6571012,52.3761028,0.09538715,0.18346262,0.028841019,0.1149044,on bike mount,road bicycle,False,asphalt,intermediate
15f5016a-c120-4b81-923d-38855d555615,f304a5f2-9cfd-4b6c-a85a-16e06a807061,06ec09ce-432a-4af6-9ffd-d2dd48f27e4b,1626012569340,13.6571012,52.3761028,0.09538715,0.27363685,0.04479289,0.12826157,on bike mount,road bicycle,False,asphalt,intermediate
15f5016a-c120-4b81-923d-38855d555615,f304a5f2-9cfd-4b6c-a85a-16e06a807061,fac811f1-2025-4223-b53f-d631bb961ee2,1626012569390,13.6571012,52.3761028,0.09538715,0.25610304,0.05716014,0.06052208,on bike mount,road bicycle,False,asphalt,intermediate
15f5016a-c120-4b81-923d-38855d555615,f304a5f2-9cfd-4b6c-a85a-16e06a807061,7347335d-789c-4c37-a8e8-dc7773b30c68,1626012569441,13.6571012,52.3761028,0.09538715,0.1459682,0.039536953,0.0058317184,on bike mount,road bicycle,False,asphalt,intermediate
15f5016a-c120-4b81-923d-38855d555615,f304a5f2-9cfd-4b6c-a85a-16e06a807061,ff8549be-0773-44a9-9f5d-aa8cd6ae66f9,1626012569492,13.6571012,52.3761028,0.09538715,0.08063564,0.024124384,0.118961334,on bike mount,road bicycle,False,asphalt,intermediate
15f5016a-c120-4b81-923d-38855d555615,f304a5f2-9cfd-4b6c-a85a-16e06a807061,fa2f432e-b0d4-4f76-b23c-70c1dbe786a1,1626012569541,13.6571012,52.3761028,0.09538715,-0.00093355775,-0.014176369,0.103357315,on bike mount,road bicycle,False,asphalt,intermediate
15f5016a-c120-4b81-923d-38855d555615,f304a5f2-9cfd-4b6c-a85a-16e06a807061,ac5e0f59-655b-4296-a7fc-8f9e1e1bce29,1626012569591,13.6571012,52.3761028,0.09538715,0.04754089,-0.055567026,0.16696072,on bike mount,road bicycle,False,asphalt,intermediate
15f5016a-c120-4b81-923d-38855d555615,f304a5f2-9cfd-4b6c-a85a-16e06a807061,63447493-abff-43dc-8a15-b940132b6c78,1626012569642,13.657101,52.3761037,0.1149341,0.026826575,-0.10794592,0.1475153,on bike mount,road bicycle,False,asphalt,intermediate
15f5016a-c120-4b81-923d-38855d555615,f304a5f2-9cfd-4b6c-a85a-16e06a807061,47246a6e-9f3f-4db9-9bd4-6c9aadb55fb6,1626012569693,13.657101,52.3761037,0.1149341,0.056724682,-0.10571623,0.156847,on bike mount,road bicycle,False,asphalt,intermediate
15f5016a-c120-4b81-923d-38855d555615,f304a5f2-9cfd-4b6c-a85a-16e06a807061,c840473f-512f-4543-9838-1808c02622c4,1626012569743,13.657101,52.3761037,0.1149341,0.07596932,-0.0719645,0.12946129,on bike mount,road bicycle,False,asphalt,intermediate
15f5016a-c120-4b81-923d-38855d555615,f304a5f2-9cfd-4b6c-a85a-16e06a807061,49a0f0d4-c37e-4a04-a4e3-1227d3e0555a,1626012569792,13.657101,52.3761037,0.1149341,0.06045723,-0.03782153,0.10134411,on bike mount,road bicycle,False,asphalt,intermediate
15f5016a-c120-4b81-923d-38855d555615,f304a5f2-9cfd-4b6c-a85a-16e06a807061,d7177220-5921-4011-b0a6-0d5aef06fa74,1626012569843,13.657101,52.3761037,0.1149341,0.014961354,-0.06220913,0.09727669,on bike mount,road bicycle,False,asphalt,intermediate
15f5016a-c120-4b81-923d-38855d555615,f304a5f2-9cfd-4b6c-a85a-16e06a807061,fb2b9311-acfb-4c45-b893-4191b9f87c0c,1626012569893,13.657101,52.3761037,0.1149341,-0.024527188,-0.06943464,0.08374405,on bike mount,road bicycle,False,asphalt,intermediate
15f5016a-c120-4b81-923d-38855d555615,f304a5f2-9cfd-4b6c-a85a-16e06a807061,0cc0899f-3088-40b0-b1ae-8e1c2549e6f6,1626012569943,13.657101,52.3761037,0.1149341,-0.037102427,-0.06199932,0.0649271,on bike mount,road bicycle,False,asphalt,intermediate
15f5016a-c120-4b81-923d-38855d555615,f304a5f2-9cfd-4b6c-a85a-16e06a807061,0eb070b0-a7c1-49a4-baf5-ba4b81dcb845,1626012569992,13.657101,52.3761037,0.1149341,-0.10561007,-0.08350015,0.094922066,on bike mount,road bicycle,False,asphalt,intermediate
15f5016a-c120-4b81-923d-38855d555615,f304a5f2-9cfd-4b6c-a85a-16e06a807061,94ab9b7c-e23d-4a36-a08c-471d1cc62a02,1626012570046,13.657101,52.3761037,0.1149341,-0.09853405,-0.05088663,0.03482628,on bike mount,road bicycle,False,asphalt,intermediate
15f5016a-c120-4b81-923d-38855d555615,f304a5f2-9cfd-4b6c-a85a-16e06a807061,304977b0-a732-4d95-9467-e2e4d160d5d2,1626012570098,13.657101,52.3761037,0.1149341,-0.1763229,-0.1245873,0.1438713,on bike mount,road bicycle,False,asphalt,intermediate
15f5016a-c120-4b81-923d-38855d555615,f304a5f2-9cfd-4b6c-a85a-16e06a807061,325fa24e-2344-4706-bc72-e4f509edfb7d,1626012570148,13.657101,52.3761037,0.1149341,-0.28213638,-0.102170706,0.27239895,on bike mount,road bicycle,False,asphalt,intermediate
15f5016a-c120-4b81-923d-38855d555615,f304a5f2-9cfd-4b6c-a85a-16e06a807061,dd9155fb-3221-4feb-bb5b-5c16e932d007,1626012570199,13.657101,52.3761037,0.1149341,-0.13602585,-0.056621313,0.082323074,on bike mount,road bicycle,False,asphalt,intermediate
15f5016a-c120-4b81-923d-38855d555615,f304a5f2-9cfd-4b6c-a85a-16e06a807061,d54940dc-89cb-43d6-addb-81945247a62e,1626012570250,13.657101,52.3761037,0.1149341,-0.009044535,-0.01920414,0.09489727,on bike mount,road bicycle,False,asphalt,intermediate
15f5016a-c120-4b81-923d-38855d555615,f304a5f2-9cfd-4b6c-a85a-16e06a807061,9183a2ff-7f47-4732-ae85-222e581268c9,1626012570300,13.657101,52.3761037,0.1149341,0.01014471,-0.009117126,0.1395998,on bike mount,road bicycle,False,asphalt,intermediate
15f5016a-c120-4b81-923d-38855d555615,f304a5f2-9cfd-4b6c-a85a-16e06a807061,df16728e-0911-49e3-b236-7fd29771e8d9,1626012570349,13.657101,52.3761037,0.1149341,0.012834348,0.005031824,0.09767532,on bike mount,road bicycle,False,asphalt,intermediate
15f5016a-c120-4b81-923d-38855d555615,f304a5f2-9cfd-4b6c-a85a-16e06a807061,d1ce7fa8-a5e8-4eb6-b837-3c6f35ab1fd0,1626012570399,13.657101,52.3761037,0.1149341,-0.008103008,0.017993689,0.028417587,on bike mount,road bicycle,False,asphalt,intermediate
15f5016a-c120-4b81-923d-38855d555615,f304a5f2-9cfd-4b6c-a85a-16e06a807061,144495b7-573b-4a6e-97a9-55caf4770a8c,1626012570448,13.657101,52.3761037,0.1149341,0.10048807,0.068653345,0.09651756,on bike mount,road bicycle,False,asphalt,intermediate
15f5016a-c120-4b81-923d-38855d555615,f304a5f2-9cfd-4b6c-a85a-16e06a807061,e754c51a-8789-45da-b2b7-38f3fdc21afd,1626012570501,13.657101,52.3761037,0.1149341,0.07495667,0.042982817,0.10274124,on bike mount,road bicycle,False,asphalt,intermediate
15f5016a-c120-4b81-923d-38855d555615,f304a5f2-9cfd-4b6c-a85a-16e06a807061,f560931d-ed00-4350-85fa-012b1b26499a,1626012570551,13.657101,52.3761037,0.1149341,0.048616268,0.0063152313,0.08674908,on bike mount,road bicycle,False,asphalt,intermediate
15f5016a-c120-4b81-923d-38855d555615,f304a5f2-9cfd-4b6c-a85a-16e06a807061,01d47760-5247-4a41-a38a-64af0c291e08,1626012570601,13.657101,52.3761037,0.1149341,0.024886984,-0.009040117,0.069117546,on bike mount,road bicycle,False,asphalt,intermediate
15f5016a-c120-4b81-923d-38855d555615,f304a5f2-9cfd-4b6c-a85a-16e06a807061,b26854db-d51b-49de-885d-f4347d96e238,1626012570651,13.6570993,52.3761049,0.14794381,0.017484786,-0.04143238,0.08101559,on bike mount,road bicycle,False,asphalt,intermediate
15f5016a-c120-4b81-923d-38855d555615,f304a5f2-9cfd-4b6c-a85a-16e06a807061,3c6f48a7-b541-4432-9e6b-9ecb5dad4f5a,1626012570700,13.6570993,52.3761049,0.14794381,0.074090615,-0.039747477,0.1258316,on bike mount,road bicycle,False,asphalt,intermediate
15f5016a-c120-4b81-923d-38855d555615,f304a5f2-9cfd-4b6c-a85a-16e06a807061,3a09734f-22da-42e1-bb64-9a639d570120,1626012570751,13.6570993,52.3761049,0.14794381,0.024895849,-0.014573336,0.1179657,on bike mount,road bicycle,False,asphalt,intermediate
15f5016a-c120-4b81-923d-38855d555615,f304a5f2-9cfd-4b6c-a85a-16e06a807061,636d01b2-3afa-43c4-88d7-8d70b3345646,1626012570801,13.6570993,52.3761049,0.14794381,0.01721571,0.00985837,0.09222603,on bike mount,road bicycle,False,asphalt,intermediate
15f5016a-c120-4b81-923d-38855d555615,f304a5f2-9cfd-4b6c-a85a-16e06a807061,120a5f7f-382e-426b-9260-641b5cb6c983,1626012570850,13.6570993,52.3761049,0.14794381,-0.023753807,0.024374247,0.042470932,on bike mount,road bicycle,False,asphalt,intermediate
15f5016a-c120-4b81-923d-38855d555615,f304a5f2-9cfd-4b6c-a85a-16e06a807061,962cbeff-e3c2-4883-b662-10ae6f50d6f9,1626012570900,13.6570993,52.3761049,0.14794381,-0.0124973655,0.033018112,0.05487156,on bike mount,road bicycle,False,asphalt,intermediate
15f5016a-c120-4b81-923d-38855d555615,f304a5f2-9cfd-4b6c-a85a-16e06a807061,5467f150-2625-485e-aa4f-34897f84eab4,1626012570951,13.6570993,52.3761049,0.14794381,0.08572309,0.076291084,0.109565735,on bike mount,road bicycle,False,asphalt,intermediate
15f5016a-c120-4b81-923d-38855d555615,f304a5f2-9cfd-4b6c-a85a-16e06a807061,d2fcfcc4-2265-4de8-a217-3f713ba4f3c3,1626012571000,13.6570993,52.3761049,0.14794381,0.04726957,0.08569074,0.05309677,on bike mount,road bicycle,False,asphalt,intermediate
15f5016a-c120-4b81-923d-38855d555615,f304a5f2-9cfd-4b6c-a85a-16e06a807061,620b9d18-9731-4d64-bd40-66852b35c91e,1626012571050,13.6570993,52.3761049,0.14794381,-0.006762445,0.056802273,0.055802345,on bike mount,road bicycle,False,asphalt,intermediate
15f5016a-c120-4b81-923d-38855d555615,f304a5f2-9cfd-4b6c-a85a-16e06a807061,00f89ad4-fd42-420b-8f43-234ce78db936,1626012571100,13.6570993,52.3761049,0.14794381,-0.056836814,0.011767626,0.09729004,on bike mount,road bicycle,False,asphalt,intermediate
15f5016a-c120-4b81-923d-38855d555615,f304a5f2-9cfd-4b6c-a85a-16e06a807061,d4d8399e-a8ff-4261-a26e-ce175378e956,1626012571151,13.6570993,52.3761049,0.14794381,-0.084425464,0.00025343895,0.09971237,on bike mount,road bicycle,False,asphalt,intermediate
15f5016a-c120-4b81-923d-38855d555615,f304a5f2-9cfd-4b6c-a85a-16e06a807061,36ddc9af-a4f4-4b9b-9874-a8d8e80d2dc8,1626012571201,13.6570993,52.3761049,0.14794381,-0.09194352,-0.019860506,0.06302452,on bike mount,road bicycle,False,asphalt,intermediate
15f5016a-c120-4b81-923d-38855d555615,f304a5f2-9cfd-4b6c-a85a-16e06a807061,4743bb4d-0c9d-44a7-8415-8dc55a5ca410,1626012571251,13.6570993,52.3761049,0.14794381,-0.033121467,-0.018342733,0.07366371,on bike mount,road bicycle,False,asphalt,intermediate
15f5016a-c120-4b81-923d-38855d555615,f304a5f2-9cfd-4b6c-a85a-16e06a807061,a838c131-78aa-47c6-9b9d-8999124af597,1626012571301,13.6570993,52.3761049,0.14794381,0.03691178,0.0051960945,0.09165001,on bike mount,road bicycle,False,asphalt,intermediate
15f5016a-c120-4b81-923d-38855d555615,f304a5f2-9cfd-4b6c-a85a-16e06a807061,0a5c5f76-8af4-4487-9569-81c3f9f10c47,1626012571351,13.6570993,52.3761049,0.14794381,0.060664393,0.00085020065,0.1209383,on bike mount,road bicycle,False,asphalt,intermediate
15f5016a-c120-4b81-923d-38855d555615,f304a5f2-9cfd-4b6c-a85a-16e06a807061,4feeb472-b698-4d7e-bb7a-f654bfaf4876,1626012571401,13.6570993,52.3761049,0.14794381,-0.006856121,0.004072666,0.0732975,on bike mount,road bicycle,False,asphalt,intermediate
15f5016a-c120-4b81-923d-38855d555615,f304a5f2-9cfd-4b6c-a85a-16e06a807061,8b01fe7a-fae2-48f5-b9b0-385910fe6cc7,1626012571451,13.6570993,52.3761049,0.14794381,-0.056343034,-0.027915955,0.13191509,on bike mount,road bicycle,False,asphalt,intermediate
15f5016a-c120-4b81-923d-38855d555615,f304a5f2-9cfd-4b6c-a85a-16e06a807061,48d7c528-5eac-4702-b6e1-0106674b1a35,1626012571501,13.6570993,52.3761049,0.14794381,-0.05964023,-0.03041935,0.11955166,on bike mount,road bicycle,False,asphalt,intermediate
15f5016a-c120-4b81-923d-38855d555615,f304a5f2-9cfd-4b6c-a85a-16e06a807061,10c46fb6-2941-4c24-8ade-7270bce32048,1626012571552,13.6570993,52.3761049,0.14794381,0.034137174,-0.004404068,0.13482285,on bike mount,road bicycle,False,asphalt,intermediate
15f5016a-c120-4b81-923d-38855d555615,f304a5f2-9cfd-4b6c-a85a-16e06a807061,08e6d3b9-5775-4724-8012-4047a4a6bdcd,1626012571606,13.6570993,52.3761049,0.14794381,0.039479014,0.003881693,0.12407875,on bike mount,road bicycle,False,asphalt,intermediate
15f5016a-c120-4b81-923d-38855d555615,f304a5f2-9cfd-4b6c-a85a-16e06a807061,65a0e659-58b7-44ee-b067-6626dc9ac4be,1626012571656,13.6570984,52.3761066,0.09942845,0.011825532,0.007749319,0.058584213,on bike mount,road bicycle,False,asphalt,intermediate
15f5016a-c120-4b81-923d-38855d555615,f304a5f2-9cfd-4b6c-a85a-16e06a807061,e53ca2c2-e0ec-403a-b6a3-bbf2b0c1a615,1626012571706,13.6570984,52.3761066,0.09942845,0.045503933,0.007156372,0.114634514,on bike mount,road bicycle,False,asphalt,intermediate
15f5016a-c120-4b81-923d-38855d555615,f304a5f2-9cfd-4b6c-a85a-16e06a807061,c82f633e-18b1-43de-849e-7e3e1a9f8e45,1626012571758,13.6570984,52.3761066,0.09942845,0.09646235,0.054611206,0.11865425,on bike mount,road bicycle,False,asphalt,intermediate
15f5016a-c120-4b81-923d-38855d555615,f304a5f2-9cfd-4b6c-a85a-16e06a807061,7e4a9804-b93b-4ab0-a6df-9dd64ffa9367,1626012571809,13.6570984,52.3761066,0.09942845,0.027835242,0.047279596,0.11393356,on bike mount,road bicycle,False,asphalt,intermediate
15f5016a-c120-4b81-923d-38855d555615,f304a5f2-9cfd-4b6c-a85a-16e06a807061,f9a38246-7e70-4ca9-9e0d-220b86e3a6cb,1626012571858,13.6570984,52.3761066,0.09942845,-0.008099884,0.030846596,0.0843029,on bike mount,road bicycle,False,asphalt,intermediate
15f5016a-c120-4b81-923d-38855d555615,f304a5f2-9cfd-4b6c-a85a-16e06a807061,aabb5b1b-d599-4a35-b08b-d2ac3fa79310,1626012571908,13.6570984,52.3761066,0.09942845,-0.044568434,0.04996991,0.12488079,on bike mount,road bicycle,False,asphalt,intermediate
15f5016a-c120-4b81-923d-38855d555615,f304a5f2-9cfd-4b6c-a85a-16e06a807061,08e0d4e0-fbfe-4566-9e46-c4e94413081a,1626012571958,13.6570984,52.3761066,0.09942845,-0.026622817,0.0053818226,0.1325388,on bike mount,road bicycle,False,asphalt,intermediate
15f5016a-c120-4b81-923d-38855d555615,f304a5f2-9cfd-4b6c-a85a-16e06a807061,bfc1e414-5926-45e4-b087-0c502eb76892,1626012572008,13.6570984,52.3761066,0.09942845,0.0035257787,-0.013717413,0.13154793,on bike mount,road bicycle,False,asphalt,intermediate
15f5016a-c120-4b81-923d-38855d555615,f304a5f2-9cfd-4b6c-a85a-16e06a807061,28e6609e-7d4e-4ece-9f43-b39defbfab1c,1626012572058,13.6570984,52.3761066,0.09942845,-3.488362e-05,-0.023182869,0.115730286,on bike mount,road bicycle,False,asphalt,intermediate
15f5016a-c120-4b81-923d-38855d555615,f304a5f2-9cfd-4b6c-a85a-16e06a807061,835b3df1-8bf2-4ef5-a717-b0d03c0ab12a,1626012572108,13.6570984,52.3761066,0.09942845,-0.009930387,-0.006291628,0.096479416,on bike mount,road bicycle,False,asphalt,intermediate
15f5016a-c120-4b81-923d-38855d555615,f304a5f2-9cfd-4b6c-a85a-16e06a807061,9a00d2c1-6428-4b4b-a8d6-561519749045,1626012572158,13.6570984,52.3761066,0.09942845,-0.021842062,-0.01351285,0.1370821,on bike mount,road bicycle,False,asphalt,intermediate
15f5016a-c120-4b81-923d-38855d555615,f304a5f2-9cfd-4b6c-a85a-16e06a807061,5ea95f9b-5ea6-427e-b6ae-801ecdd57331,1626012572210,13.6570984,52.3761066,0.09942845,-0.009552687,-0.0046844482,0.13885593,on bike mount,road bicycle,False,asphalt,intermediate
15f5016a-c120-4b81-923d-38855d555615,f304a5f2-9cfd-4b6c-a85a-16e06a807061,66b47e2c-5ec8-430c-98d8-41e0d78a175f,1626012572260,13.6570984,52.3761066,0.09942845,0.024302036,0.016890764,0.10289669,on bike mount,road bicycle,False,asphalt,intermediate
15f5016a-c120-4b81-923d-38855d555615,f304a5f2-9cfd-4b6c-a85a-16e06a807061,ec31331d-b614-42f0-a82e-1b3451353f9f,1626012572312,13.6570984,52.3761066,0.09942845,0.0326756,0.026858807,0.109457016,on bike mount,road bicycle,False,asphalt,intermediate
15f5016a-c120-4b81-923d-38855d555615,f304a5f2-9cfd-4b6c-a85a-16e06a807061,e036786d-83f7-49a3-8caa-e2c1580c073f,1626012572362,13.6570984,52.3761066,0.09942845,0.038127847,0.02934599,0.11908913,on bike mount,road bicycle,False,asphalt,intermediate
15f5016a-c120-4b81-923d-38855d555615,f304a5f2-9cfd-4b6c-a85a-16e06a807061,c87d5f99-e7c0-44e0-812c-6936d4636224,1626012572412,13.6570984,52.3761066,0.09942845,-0.0998998,0.007196903,0.0765934,on bike mount,road bicycle,False,asphalt,intermediate
15f5016a-c120-4b81-923d-38855d555615,f304a5f2-9cfd-4b6c-a85a-16e06a807061,374f2d7b-da01-4c40-8638-b7e4a6d8d710,1626012572462,13.6570984,52.3761066,0.09942845,-0.31464544,-0.051018476,0.12115669,on bike mount,road bicycle,False,asphalt,intermediate
15f5016a-c120-4b81-923d-38855d555615,f304a5f2-9cfd-4b6c-a85a-16e06a807061,da6f01de-d1b9-400e-8b0c-cba02ebf9aef,1626012572512,13.6570984,52.3761066,0.09942845,-0.5887991,-0.17340493,0.16918087,on bike mount,road bicycle,False,asphalt,intermediate
15f5016a-c120-4b81-923d-38855d555615,f304a5f2-9cfd-4b6c-a85a-16e06a807061,0aaf1e53-7733-4259-bc5c-139bf509b5a6,1626012572561,13.6570984,52.3761066,0.09942845,-0.25922218,-0.06353855,0.019410133,on bike mount,road bicycle,False,asphalt,intermediate
15f5016a-c120-4b81-923d-38855d555615,f304a5f2-9cfd-4b6c-a85a-16e06a807061,d74f954d-7d8c-4dae-9ce6-c0f8cea92459,1626012572611,13.6570984,52.3761066,0.09942845,0.033348165,-0.06873894,0.076042175,on bike mount,road bicycle,False,asphalt,intermediate
15f5016a-c120-4b81-923d-38855d555615,f304a5f2-9cfd-4b6c-a85a-16e06a807061,ea64cb1c-ccdb-464b-b954-64108295023a,1626012572661,13.6570984,52.3761066,0.09942845,-0.12066382,-0.0035197735,0.047738075,on bike mount,road bicycle,False,asphalt,intermediate
15f5016a-c120-4b81-923d-38855d555615,f304a5f2-9cfd-4b6c-a85a-16e06a807061,f50630c4-8585-445f-bc50-67a954111841,1626012572711,13.6570987,52.3761083,0.053550176,0.04750549,-0.0060453415,0.08761883,on bike mount,road bicycle,False,asphalt,intermediate
15f5016a-c120-4b81-923d-38855d555615,f304a5f2-9cfd-4b6c-a85a-16e06a807061,f5004702-a50b-4c6c-9c69-c0fe6a1eb339,1626012572761,13.6570987,52.3761083,0.053550176,-0.007642042,-0.016721249,0.11355209,on bike mount,road bicycle,False,asphalt,intermediate
15f5016a-c120-4b81-923d-38855d555615,f304a5f2-9cfd-4b6c-a85a-16e06a807061,f69b63dd-4439-45ce-8e32-2f9311c131c8,1626012572812,13.6570987,52.3761083,0.053550176,0.05122918,-0.027310133,0.102663994,on bike mount,road bicycle,False,asphalt,intermediate
15f5016a-c120-4b81-923d-38855d555615,f304a5f2-9cfd-4b6c-a85a-16e06a807061,cf6d3ff6-1bad-405b-874b-26f9281d0d55,1626012572861,13.6570987,52.3761083,0.053550176,0.11633247,-0.04628086,0.12831306,on bike mount,road bicycle,False,asphalt,intermediate
15f5016a-c120-4b81-923d-38855d555615,f304a5f2-9cfd-4b6c-a85a-16e06a807061,8e57ced4-58be-49c9-9ada-4767cf2b3658,1626012572911,13.6570987,52.3761083,0.053550176,0.13866541,-0.08487415,0.13775444,on bike mount,road bicycle,False,asphalt,intermediate
15f5016a-c120-4b81-923d-38855d555615,f304a5f2-9cfd-4b6c-a85a-16e06a807061,14f26825-9d30-49b2-a6be-62913831e974,1626012572961,13.6570987,52.3761083,0.053550176,0.056319505,-0.14840508,0.14034271,on bike mount,road bicycle,False,asphalt,intermediate
15f5016a-c120-4b81-923d-38855d555615,f304a5f2-9cfd-4b6c-a85a-16e06a807061,16794625-2f84-4015-9c0a-57b1f2d521d5,1626012573011,13.6570987,52.3761083,0.053550176,0.8900621,0.36095262,0.039408684,on bike mount,road bicycle,False,asphalt,intermediate
15f5016a-c120-4b81-923d-38855d555615,f304a5f2-9cfd-4b6c-a85a-16e06a807061,de63d3de-5031-4b28-b749-5485f6dc8f6f,1626012573061,13.6570987,52.3761083,0.053550176,1.5267107,0.50492144,0.048624992,on bike mount,road bicycle,False,asphalt,intermediate
15f5016a-c120-4b81-923d-38855d555615,f304a5f2-9cfd-4b6c-a85a-16e06a807061,7a0eac95-59bc-4bcf-8f0d-52dbb5a332f4,1626012573112,13.6570987,52.3761083,0.053550176,0.16145924,-0.08481979,0.17803383,on bike mount,road bicycle,False,asphalt,intermediate
15f5016a-c120-4b81-923d-38855d555615,f304a5f2-9cfd-4b6c-a85a-16e06a807061,b8e046cf-ffe4-447d-92d3-fa6d7bb46da8,1626012573162,13.6570987,52.3761083,0.053550176,-0.30520767,-0.2706144,0.17216206,on bike mount,road bicycle,False,asphalt,intermediate
15f5016a-c120-4b81-923d-38855d555615,f304a5f2-9cfd-4b6c-a85a-16e06a807061,f5e806c0-0af3-4db6-a95f-095276c6b701,1626012573212,13.6570987,52.3761083,0.053550176,-0.38477367,-0.22523713,0.030251503,on bike mount,road bicycle,False,asphalt,intermediate
15f5016a-c120-4b81-923d-38855d555615,f304a5f2-9cfd-4b6c-a85a-16e06a807061,02d5d2df-83a7-4baa-9a11-b40b6998d5cf,1626012573263,13.6570987,52.3761083,0.053550176,-0.4789695,-0.08236575,0.037148476,on bike mount,road bicycle,False,asphalt,intermediate
15f5016a-c120-4b81-923d-38855d555615,f304a5f2-9cfd-4b6c-a85a-16e06a807061,879b77a2-4c00-426b-bed7-cf4c5aaa540b,1626012573313,13.6570987,52.3761083,0.053550176,-0.24807437,0.003830433,0.040815353,on bike mount,road bicycle,False,asphalt,intermediate
15f5016a-c120-4b81-923d-38855d555615,f304a5f2-9cfd-4b6c-a85a-16e06a807061,fadd8b6c-7cd0-4d6e-bc5b-ccb39d6509bc,1626012573364,13.6570987,52.3761083,0.053550176,-0.12870912,-0.0053792,0.067383766,on bike mount,road bicycle,False,asphalt,intermediate
15f5016a-c120-4b81-923d-38855d555615,f304a5f2-9cfd-4b6c-a85a-16e06a807061,f6cf91e9-dd54-430f-9441-7245c2b30ecd,1626012573414,13.6570987,52.3761083,0.053550176,-0.09518781,0.08048415,0.07167244,on bike mount,road bicycle,False,asphalt,intermediate
15f5016a-c120-4b81-923d-38855d555615,f304a5f2-9cfd-4b6c-a85a-16e06a807061,332a7b99-3d3e-4a38-b26e-7dc73ff6a060,1626012573464,13.6570987,52.3761083,0.053550176,0.24093634,0.20580053,-0.0020599365,on bike mount,road bicycle,False,asphalt,intermediate
15f5016a-c120-4b81-923d-38855d555615,f304a5f2-9cfd-4b6c-a85a-16e06a807061,69a76bbf-664e-486c-80ac-51e80af1f40f,1626012573514,13.6570987,52.3761083,0.053550176,0.09744978,0.11313629,0.009999275,on bike mount,road bicycle,False,asphalt,intermediate
15f5016a-c120-4b81-923d-38855d555615,f304a5f2-9cfd-4b6c-a85a-16e06a807061,4eb7b24b-2a54-4c4e-a5af-8f1a7d5a9eca,1626012573564,13.6570987,52.3761083,0.053550176,-0.0068405718,0.012818813,0.04696846,on bike mount,road bicycle,False,asphalt,intermediate
15f5016a-c120-4b81-923d-38855d555615,f304a5f2-9cfd-4b6c-a85a-16e06a807061,249568a8-5ca1-4827-9652-70aaa1638987,1626012573615,13.657099,52.3761086,0.003918521,-0.18957753,-0.09664488,0.21753788,on bike mount,road bicycle,False,asphalt,intermediate
15f5016a-c120-4b81-923d-38855d555615,f304a5f2-9cfd-4b6c-a85a-16e06a807061,f1740f99-2c1b-4661-9560-38f60f6de8a1,1626012573665,13.657099,52.3761086,0.003918521,-0.09302877,-0.033712626,0.05585003,on bike mount,road bicycle,False,asphalt,intermediate
15f5016a-c120-4b81-923d-38855d555615,f304a5f2-9cfd-4b6c-a85a-16e06a807061,4520a899-479e-439f-9d91-4d3f8e353162,1626012573715,13.657099,52.3761086,0.003918521,0.022307903,-0.013394833,0.04837227,on bike mount,road bicycle,False,asphalt,intermediate
15f5016a-c120-4b81-923d-38855d555615,f304a5f2-9cfd-4b6c-a85a-16e06a807061,934330c2-aaac-48b0-ab6a-56525a760dae,1626012573764,13.657099,52.3761086,0.003918521,0.056838408,0.014993429,0.022443771,on bike mount,road bicycle,False,asphalt,intermediate
