bike_activity_uid,bike_activity_sample_uid,bike_activity_measurement,bike_activity_measurement_timestamp,bike_activity_measurement_lon,bike_activity_measurement_lat,bike_activity_measurement_speed,bike_activity_measurement_accelerometer_x,bike_activity_measurement_accelerometer_y,bike_activity_measurement_accelerometer_z,bike_activity_phone_position,bike_activity_bike_type,bike_activity_flagged_lab_conditions,bike_activity_surface_type,bike_activity_smoothness_type
15f5016a-c120-4b81-923d-38855d555615,05760797-bb27-4ea1-b1d1-25501f6e8c97,406b6f0e-8ba9-4b82-84ec-3d6baa1ad5ff,1626011616962,13.7365221,52.3875415,6.2501364,0.16385299,-1.7396436,1.2089949,on bike mount,road bicycle,False,asphalt,intermediate
15f5016a-c120-4b81-923d-38855d555615,05760797-bb27-4ea1-b1d1-25501f6e8c97,11ffc6ac-95fd-4ccb-87c4-4a611972c689,1626011617013,13.7365221,52.3875415,6.2501364,-0.868683,0.24849224,-1.2482247,on bike mount,road bicycle,False,asphalt,intermediate
15f5016a-c120-4b81-923d-38855d555615,05760797-bb27-4ea1-b1d1-25501f6e8c97,0b8c962b-d0cb-48c4-8d72-fc2c14608bb0,1626011617064,13.7365221,52.3875415,6.2501364,-0.32594788,1.0788035,-2.1800494,on bike mount,road bicycle,False,asphalt,intermediate
15f5016a-c120-4b81-923d-38855d555615,05760797-bb27-4ea1-b1d1-25501f6e8c97,7ae49be7-53ad-482f-a96b-7a5a150c4ba5,1626011617114,13.7365221,52.3875415,6.2501364,0.39017653,0.8033633,-1.3898687,on bike mount,road bicycle,False,asphalt,intermediate
15f5016a-c120-4b81-923d-38855d555615,05760797-bb27-4ea1-b1d1-25501f6e8c97,5cc408a0-e31c-4cf3-b019-c3dbd44b894e,1626011617165,13.7365221,52.3875415,6.2501364,0.23233241,0.6979964,-0.46047688,on bike mount,road bicycle,False,asphalt,intermediate
15f5016a-c120-4b81-923d-38855d555615,05760797-bb27-4ea1-b1d1-25501f6e8c97,b9c84c17-accd-4ede-9e46-214ceff2e605,1626011617215,13.7365221,52.3875415,6.2501364,0.37167728,-0.18082285,-1.3831944,on bike mount,road bicycle,False,asphalt,intermediate
15f5016a-c120-4b81-923d-38855d555615,05760797-bb27-4ea1-b1d1-25501f6e8c97,42b77af0-f0dd-4d52-ae30-62cbf72255dd,1626011617265,13.7365221,52.3875415,6.2501364,0.7241863,0.07346153,-1.8154688,on bike mount,road bicycle,False,asphalt,intermediate
15f5016a-c120-4b81-923d-38855d555615,05760797-bb27-4ea1-b1d1-25501f6e8c97,48039661-7190-4c32-9005-35230a3a699f,1626011617315,13.7365221,52.3875415,6.2501364,0.61698806,0.71678734,-0.43075466,on bike mount,road bicycle,False,asphalt,intermediate
15f5016a-c120-4b81-923d-38855d555615,05760797-bb27-4ea1-b1d1-25501f6e8c97,cd7e827f-f540-4d80-8c7f-9d050c273680,1626011617365,13.7365221,52.3875415,6.2501364,0.37436756,-0.8105862,1.0192757,on bike mount,road bicycle,False,asphalt,intermediate
15f5016a-c120-4b81-923d-38855d555615,05760797-bb27-4ea1-b1d1-25501f6e8c97,cf3cace0-67b1-41de-98b0-48230f74904e,1626011617415,13.7365221,52.3875415,6.2501364,-0.9733156,-1.1010364,0.8970785,on bike mount,road bicycle,False,asphalt,intermediate
15f5016a-c120-4b81-923d-38855d555615,05760797-bb27-4ea1-b1d1-25501f6e8c97,d35a5880-020b-46a2-9552-20946433c4a8,1626011617465,13.7365221,52.3875415,6.2501364,0.551795,0.03221798,-1.1022968,on bike mount,road bicycle,False,asphalt,intermediate
15f5016a-c120-4b81-923d-38855d555615,05760797-bb27-4ea1-b1d1-25501f6e8c97,fdc7946d-f711-4694-a698-deb6cb1058ec,1626011617515,13.7365221,52.3875415,6.2501364,0.54186344,-0.37990868,0.58469963,on bike mount,road bicycle,False,asphalt,intermediate
15f5016a-c120-4b81-923d-38855d555615,05760797-bb27-4ea1-b1d1-25501f6e8c97,c4406bed-5bf3-46f9-b56c-ae024c37537c,1626011617565,13.7365221,52.3875415,6.2501364,-0.20483685,1.262779,-2.4861798,on bike mount,road bicycle,False,asphalt,intermediate
15f5016a-c120-4b81-923d-38855d555615,05760797-bb27-4ea1-b1d1-25501f6e8c97,bf909db1-c789-4efb-b0d6-b73c0a4485b5,1626011617616,13.7365221,52.3875415,6.2501364,-0.95091665,1.0128207,-0.7787533,on bike mount,road bicycle,False,asphalt,intermediate
15f5016a-c120-4b81-923d-38855d555615,05760797-bb27-4ea1-b1d1-25501f6e8c97,4d74a86c-6b0a-4fa9-bbd3-f0219762748e,1626011617666,13.7365221,52.3875415,6.2501364,-0.016327739,0.28960466,0.95909214,on bike mount,road bicycle,False,asphalt,intermediate
15f5016a-c120-4b81-923d-38855d555615,05760797-bb27-4ea1-b1d1-25501f6e8c97,0ff3546f-065c-45ae-a185-4540bfd5b08b,1626011617717,13.7364325,52.3875248,5.632741,-0.75513035,-1.4327501,1.6586552,on bike mount,road bicycle,False,asphalt,intermediate
15f5016a-c120-4b81-923d-38855d555615,05760797-bb27-4ea1-b1d1-25501f6e8c97,4ecafb20-dfc9-4fac-89ea-f5bed12276e2,1626011617767,13.7364325,52.3875248,5.632741,-0.74370587,-1.1343623,-0.29893684,on bike mount,road bicycle,False,asphalt,intermediate
15f5016a-c120-4b81-923d-38855d555615,05760797-bb27-4ea1-b1d1-25501f6e8c97,738c5f15-4df2-4be9-b453-c6d446779b2f,1626011617818,13.7364325,52.3875248,5.632741,-0.08476634,-0.82910466,-0.56493187,on bike mount,road bicycle,False,asphalt,intermediate
15f5016a-c120-4b81-923d-38855d555615,05760797-bb27-4ea1-b1d1-25501f6e8c97,013b0356-1c90-4e0b-b87f-a34361025aeb,1626011617868,13.7364325,52.3875248,5.632741,-0.3664053,-1.9779346,1.3174095,on bike mount,road bicycle,False,asphalt,intermediate
15f5016a-c120-4b81-923d-38855d555615,05760797-bb27-4ea1-b1d1-25501f6e8c97,181190bb-aed5-46bc-9765-f0589d372f71,1626011617919,13.7364325,52.3875248,5.632741,-0.48187745,-1.3142301,-0.49283028,on bike mount,road bicycle,False,asphalt,intermediate
15f5016a-c120-4b81-923d-38855d555615,05760797-bb27-4ea1-b1d1-25501f6e8c97,70671179-1dc7-40ef-b0f8-f61db0c43592,1626011617969,13.7364325,52.3875248,5.632741,-1.1207988,-1.2898412,0.19079018,on bike mount,road bicycle,False,asphalt,intermediate
15f5016a-c120-4b81-923d-38855d555615,05760797-bb27-4ea1-b1d1-25501f6e8c97,01629323-ee1a-4dbe-ab7f-fff18063eaaf,1626011618020,13.7364325,52.3875248,5.632741,-0.32034636,0.84425056,-2.449736,on bike mount,road bicycle,False,asphalt,intermediate
15f5016a-c120-4b81-923d-38855d555615,05760797-bb27-4ea1-b1d1-25501f6e8c97,bf60af25-040d-4b94-9ed4-b4408485bc9f,1626011618070,13.7364325,52.3875248,5.632741,-1.5966017,-4.4920473,7.008957,on bike mount,road bicycle,False,asphalt,intermediate
15f5016a-c120-4b81-923d-38855d555615,05760797-bb27-4ea1-b1d1-25501f6e8c97,90d5af95-f429-4ba9-a979-9726a24e86e7,1626011618120,13.7364325,52.3875248,5.632741,-0.33391517,-1.1857703,0.42099094,on bike mount,road bicycle,False,asphalt,intermediate
15f5016a-c120-4b81-923d-38855d555615,05760797-bb27-4ea1-b1d1-25501f6e8c97,fcb07aa8-cf49-4287-bd59-16aa111c0b65,1626011618170,13.7364325,52.3875248,5.632741,-0.24856089,0.46210384,1.2913084,on bike mount,road bicycle,False,asphalt,intermediate
15f5016a-c120-4b81-923d-38855d555615,05760797-bb27-4ea1-b1d1-25501f6e8c97,ad874151-b782-400b-9e79-6b53b5ff0650,1626011618221,13.7364325,52.3875248,5.632741,0.32624158,-1.3172112,1.3694229,on bike mount,road bicycle,False,asphalt,intermediate
15f5016a-c120-4b81-923d-38855d555615,05760797-bb27-4ea1-b1d1-25501f6e8c97,4cf429cc-ceb2-45b3-b48a-dedec06bc566,1626011618270,13.7364325,52.3875248,5.632741,0.014528394,-1.2340739,0.906476,on bike mount,road bicycle,False,asphalt,intermediate
15f5016a-c120-4b81-923d-38855d555615,05760797-bb27-4ea1-b1d1-25501f6e8c97,2f8cbfb5-334c-43b5-9dc3-012f92fb2638,1626011618321,13.7364325,52.3875248,5.632741,0.4596932,-1.1671407,1.4782906,on bike mount,road bicycle,False,asphalt,intermediate
15f5016a-c120-4b81-923d-38855d555615,05760797-bb27-4ea1-b1d1-25501f6e8c97,1556293b-7ae4-4324-8f73-c9e822bf41fd,1626011618370,13.7364325,52.3875248,5.632741,0.9232316,-1.2363468,0.8881006,on bike mount,road bicycle,False,asphalt,intermediate
15f5016a-c120-4b81-923d-38855d555615,05760797-bb27-4ea1-b1d1-25501f6e8c97,28fe0fb7-f98c-402f-9cf5-993850662861,1626011618420,13.7364325,52.3875248,5.632741,0.26174694,0.32663035,-1.518323,on bike mount,road bicycle,False,asphalt,intermediate
15f5016a-c120-4b81-923d-38855d555615,05760797-bb27-4ea1-b1d1-25501f6e8c97,dc07a56b-a0e1-4d2b-a27d-04235f484128,1626011618470,13.7364325,52.3875248,5.632741,-0.054913998,-0.92004997,0.86768913,on bike mount,road bicycle,False,asphalt,intermediate
15f5016a-c120-4b81-923d-38855d555615,05760797-bb27-4ea1-b1d1-25501f6e8c97,cfd888d2-0a2f-4611-9835-21ff85292142,1626011618521,13.7364325,52.3875248,5.632741,-0.05982405,-1.6548896,1.8587236,on bike mount,road bicycle,False,asphalt,intermediate
15f5016a-c120-4b81-923d-38855d555615,05760797-bb27-4ea1-b1d1-25501f6e8c97,93b103ec-e5f4-4cd2-b8fa-deefa0b35090,1626011618570,13.7364325,52.3875248,5.632741,-0.11937511,-0.49424076,-0.39318562,on bike mount,road bicycle,False,asphalt,intermediate
15f5016a-c120-4b81-923d-38855d555615,05760797-bb27-4ea1-b1d1-25501f6e8c97,40501af0-cf51-4d81-93a0-04f7de689312,1626011618621,13.7364325,52.3875248,5.632741,0.32491302,0.46483397,0.78799915,on bike mount,road bicycle,False,asphalt,intermediate
15f5016a-c120-4b81-923d-38855d555615,05760797-bb27-4ea1-b1d1-25501f6e8c97,be1cba6d-068d-4dc4-af11-1b59f5396d03,1626011618671,13.7363531,52.3875071,5.684216,0.3885823,-2.1007242,2.8917027,on bike mount,road bicycle,False,asphalt,intermediate
15f5016a-c120-4b81-923d-38855d555615,05760797-bb27-4ea1-b1d1-25501f6e8c97,7cdb480b-9e56-43b0-8436-35b3f86fe1e2,1626011618721,13.7363531,52.3875071,5.684216,0.49509925,0.026355743,-0.8919163,on bike mount,road bicycle,False,asphalt,intermediate
15f5016a-c120-4b81-923d-38855d555615,05760797-bb27-4ea1-b1d1-25501f6e8c97,0bc819d1-dad7-46ab-8b7b-6c419de8ef3f,1626011618771,13.7363531,52.3875071,5.684216,0.3748749,-0.30257583,0.4214983,on bike mount,road bicycle,False,asphalt,intermediate
15f5016a-c120-4b81-923d-38855d555615,05760797-bb27-4ea1-b1d1-25501f6e8c97,de3dc734-09ec-4a95-8ecf-66792a59489a,1626011618821,13.7363531,52.3875071,5.684216,0.38400906,-1.2216518,-0.7451067,on bike mount,road bicycle,False,asphalt,intermediate
15f5016a-c120-4b81-923d-38855d555615,05760797-bb27-4ea1-b1d1-25501f6e8c97,e4c30a77-7876-414b-92e3-6ee2c3bca551,1626011618871,13.7363531,52.3875071,5.684216,-0.13162541,0.6606438,-2.7638125,on bike mount,road bicycle,False,asphalt,intermediate
15f5016a-c120-4b81-923d-38855d555615,05760797-bb27-4ea1-b1d1-25501f6e8c97,bb3398c0-b4d2-4748-9e9b-4abea2145b77,1626011618921,13.7363531,52.3875071,5.684216,0.4686324,-0.1281085,2.8829632,on bike mount,road bicycle,False,asphalt,intermediate
15f5016a-c120-4b81-923d-38855d555615,05760797-bb27-4ea1-b1d1-25501f6e8c97,78bdb096-8f4a-4f8d-bf78-b123395b2b0d,1626011618971,13.7363531,52.3875071,5.684216,0.4882004,0.617944,-1.5765162,on bike mount,road bicycle,False,asphalt,intermediate
15f5016a-c120-4b81-923d-38855d555615,05760797-bb27-4ea1-b1d1-25501f6e8c97,48e4161f-b3be-4b38-bbb0-283d95c78b44,1626011619020,13.7363531,52.3875071,5.684216,0.2711418,-0.6756445,0.7591524,on bike mount,road bicycle,False,asphalt,intermediate
15f5016a-c120-4b81-923d-38855d555615,05760797-bb27-4ea1-b1d1-25501f6e8c97,82e0532d-cdb3-474d-890c-801f8239715a,1626011619071,13.7363531,52.3875071,5.684216,0.62622833,0.79806995,1.6223984,on bike mount,road bicycle,False,asphalt,intermediate
15f5016a-c120-4b81-923d-38855d555615,05760797-bb27-4ea1-b1d1-25501f6e8c97,9513d2f5-5d7a-4fe8-9b5b-370f05e87703,1626011619122,13.7363531,52.3875071,5.684216,0.32471603,1.0596335,-0.037428856,on bike mount,road bicycle,False,asphalt,intermediate
15f5016a-c120-4b81-923d-38855d555615,05760797-bb27-4ea1-b1d1-25501f6e8c97,15591bd7-9e36-4e90-b515-2e6d2d507e53,1626011619172,13.7363531,52.3875071,5.684216,0.68271935,1.4336691,2.1093493,on bike mount,road bicycle,False,asphalt,intermediate
15f5016a-c120-4b81-923d-38855d555615,05760797-bb27-4ea1-b1d1-25501f6e8c97,cf52edfe-c053-4502-b130-8400b4e7e23a,1626011619223,13.7363531,52.3875071,5.684216,0.1452169,-1.77902,0.8771515,on bike mount,road bicycle,False,asphalt,intermediate
15f5016a-c120-4b81-923d-38855d555615,05760797-bb27-4ea1-b1d1-25501f6e8c97,a8d6f794-cdde-4b8e-829b-14554038db9d,1626011619280,13.7363531,52.3875071,5.684216,0.6732006,-0.9819001,2.3431845,on bike mount,road bicycle,False,asphalt,intermediate
15f5016a-c120-4b81-923d-38855d555615,05760797-bb27-4ea1-b1d1-25501f6e8c97,e0ebc2bf-33bf-45db-b30e-965c2cd85304,1626011619331,13.7363531,52.3875071,5.684216,0.4805649,-1.7865856,1.7936678,on bike mount,road bicycle,False,asphalt,intermediate
15f5016a-c120-4b81-923d-38855d555615,05760797-bb27-4ea1-b1d1-25501f6e8c97,27c003d2-dbb1-46c8-9d00-0b5a2016bfc2,1626011619381,13.7363531,52.3875071,5.684216,0.4459268,-0.7406523,1.0985918,on bike mount,road bicycle,False,asphalt,intermediate
15f5016a-c120-4b81-923d-38855d555615,05760797-bb27-4ea1-b1d1-25501f6e8c97,d69905fd-c0fc-44c5-b996-57e343a5f021,1626011619431,13.7363531,52.3875071,5.684216,0.15972418,0.76880836,-1.694715,on bike mount,road bicycle,False,asphalt,intermediate
15f5016a-c120-4b81-923d-38855d555615,65a888b7-7227-4828-bc61-198a5abd3948,3690ad3c-cae9-47ae-9679-281379d07f11,1626011619272,13.7363531,52.3875071,5.684216,0.7109239,0.28119063,-0.66116524,on bike mount,road bicycle,False,asphalt,intermediate
15f5016a-c120-4b81-923d-38855d555615,65a888b7-7227-4828-bc61-198a5abd3948,98258cac-5266-4cbc-a97d-c7da3275bba8,1626011619321,13.7363531,52.3875071,5.684216,1.0287592,1.2265449,-1.5454464,on bike mount,road bicycle,False,asphalt,intermediate
15f5016a-c120-4b81-923d-38855d555615,65a888b7-7227-4828-bc61-198a5abd3948,255e1f86-d1b3-4af4-bcbd-b470229a715b,1626011619372,13.7363531,52.3875071,5.684216,0.4394146,-0.82837594,0.30409336,on bike mount,road bicycle,False,asphalt,intermediate
15f5016a-c120-4b81-923d-38855d555615,65a888b7-7227-4828-bc61-198a5abd3948,e4cc4a5e-6e04-4a89-a24c-fdbe75b87a4d,1626011619421,13.7363531,52.3875071,5.684216,-0.027374268,-1.1966267,0.6506634,on bike mount,road bicycle,False,asphalt,intermediate
15f5016a-c120-4b81-923d-38855d555615,65a888b7-7227-4828-bc61-198a5abd3948,2ebb499d-d500-4df9-911e-886b8a7aa6c6,1626011619472,13.7363531,52.3875071,5.684216,0.19018486,0.49510765,3.4023523,on bike mount,road bicycle,False,asphalt,intermediate
15f5016a-c120-4b81-923d-38855d555615,65a888b7-7227-4828-bc61-198a5abd3948,e4d1d451-8a0c-45ba-99a9-2c765261fd15,1626011619522,13.7363531,52.3875071,5.684216,0.84591115,0.19439697,1.2479649,on bike mount,road bicycle,False,asphalt,intermediate
15f5016a-c120-4b81-923d-38855d555615,65a888b7-7227-4828-bc61-198a5abd3948,e60f110a-ed52-4552-ad60-7a817d9ea4a9,1626011619573,13.7363531,52.3875071,5.684216,-0.11900818,0.5881796,-2.1181283,on bike mount,road bicycle,False,asphalt,intermediate
15f5016a-c120-4b81-923d-38855d555615,65a888b7-7227-4828-bc61-198a5abd3948,7884ff30-e6c0-4d92-8b6d-355ea65925f8,1626011619624,13.7363531,52.3875071,5.684216,-0.15313794,2.148826,-5.0007386,on bike mount,road bicycle,False,asphalt,intermediate
15f5016a-c120-4b81-923d-38855d555615,65a888b7-7227-4828-bc61-198a5abd3948,8d84ef4e-0591-402a-bfeb-028c4370af87,1626011619680,13.7363531,52.3875071,5.684216,0.1500367,-0.2830267,0.71622276,on bike mount,road bicycle,False,asphalt,intermediate
15f5016a-c120-4b81-923d-38855d555615,65a888b7-7227-4828-bc61-198a5abd3948,6de64bd2-7051-4827-820d-96bf1db7a24e,1626011619730,13.7362703,52.3874862,5.4222574,1.0232598,0.6316669,-1.7225795,on bike mount,road bicycle,False,asphalt,intermediate
15f5016a-c120-4b81-923d-38855d555615,65a888b7-7227-4828-bc61-198a5abd3948,02fd8b65-57eb-419b-a90f-addfd525367c,1626011619779,13.7362703,52.3874862,5.4222574,0.32102728,-0.32424295,1.7958698,on bike mount,road bicycle,False,asphalt,intermediate
15f5016a-c120-4b81-923d-38855d555615,65a888b7-7227-4828-bc61-198a5abd3948,fe4a7975-115f-45ac-b193-bb98c7d0327e,1626011619830,13.7362703,52.3874862,5.4222574,0.1430822,-1.4779608,0.4954586,on bike mount,road bicycle,False,asphalt,intermediate
15f5016a-c120-4b81-923d-38855d555615,65a888b7-7227-4828-bc61-198a5abd3948,235c9339-6869-408a-b228-1ce3de7b9c51,1626011619881,13.7362703,52.3874862,5.4222574,0.33153617,0.029088736,-1.1478891,on bike mount,road bicycle,False,asphalt,intermediate
15f5016a-c120-4b81-923d-38855d555615,65a888b7-7227-4828-bc61-198a5abd3948,f06e4653-64b8-4d8e-acce-dfe9871b4a1f,1626011619930,13.7362703,52.3874862,5.4222574,0.118806005,-0.70020366,1.0099068,on bike mount,road bicycle,False,asphalt,intermediate
15f5016a-c120-4b81-923d-38855d555615,65a888b7-7227-4828-bc61-198a5abd3948,a8a7ad2e-7857-4999-9adb-c75d81fa918d,1626011619981,13.7362703,52.3874862,5.4222574,-0.29214072,-1.3377371,1.6792908,on bike mount,road bicycle,False,asphalt,intermediate
15f5016a-c120-4b81-923d-38855d555615,65a888b7-7227-4828-bc61-198a5abd3948,64c0b95b-dda5-4f69-b16e-44fcf8e11311,1626011620032,13.7362703,52.3874862,5.4222574,0.541268,0.0610857,1.9357471,on bike mount,road bicycle,False,asphalt,intermediate
15f5016a-c120-4b81-923d-38855d555615,65a888b7-7227-4828-bc61-198a5abd3948,4f24d66d-3eba-431e-9abc-ce03f0e6d683,1626011620084,13.7362703,52.3874862,5.4222574,-0.25995493,-1.1638292,0.6453314,on bike mount,road bicycle,False,asphalt,intermediate
15f5016a-c120-4b81-923d-38855d555615,65a888b7-7227-4828-bc61-198a5abd3948,d5b42363-22e2-4b79-bcf5-13b25cbb43d3,1626011620134,13.7362703,52.3874862,5.4222574,0.2843825,-1.1260625,2.084591,on bike mount,road bicycle,False,asphalt,intermediate
15f5016a-c120-4b81-923d-38855d555615,65a888b7-7227-4828-bc61-198a5abd3948,83d6869b-d773-421d-b4cb-28b5bd096204,1626011620185,13.7362703,52.3874862,5.4222574,0.26529634,-1.738321,2.2469387,on bike mount,road bicycle,False,asphalt,intermediate
15f5016a-c120-4b81-923d-38855d555615,65a888b7-7227-4828-bc61-198a5abd3948,bc294678-6fbc-4272-b124-81ed68365197,1626011620234,13.7362703,52.3874862,5.4222574,0.09446043,-0.7148106,-1.1961141,on bike mount,road bicycle,False,asphalt,intermediate
15f5016a-c120-4b81-923d-38855d555615,65a888b7-7227-4828-bc61-198a5abd3948,ead65df0-bad8-4df3-865d-b5ba15607a5d,1626011620285,13.7362703,52.3874862,5.4222574,-0.11926633,0.32692885,-1.4795761,on bike mount,road bicycle,False,asphalt,intermediate
15f5016a-c120-4b81-923d-38855d555615,65a888b7-7227-4828-bc61-198a5abd3948,4a8fe2ec-f821-48ea-9ceb-a37f72c2bdd8,1626011620337,13.7362703,52.3874862,5.4222574,-0.37822533,-0.6362202,0.4337473,on bike mount,road bicycle,False,asphalt,intermediate
15f5016a-c120-4b81-923d-38855d555615,65a888b7-7227-4828-bc61-198a5abd3948,52032d87-7fb6-4968-8c06-2f44529915b0,1626011620386,13.7362703,52.3874862,5.4222574,0.42800608,-1.515048,-0.064092636,on bike mount,road bicycle,False,asphalt,intermediate
15f5016a-c120-4b81-923d-38855d555615,65a888b7-7227-4828-bc61-198a5abd3948,f59e2dd0-0fe3-4c06-8092-211f67cbe565,1626011620437,13.7362703,52.3874862,5.4222574,0.19782853,-2.1936128,2.21986,on bike mount,road bicycle,False,asphalt,intermediate
15f5016a-c120-4b81-923d-38855d555615,65a888b7-7227-4828-bc61-198a5abd3948,a27f1c93-44de-461c-ba2d-872be23e8d46,1626011620487,13.7362703,52.3874862,5.4222574,0.4910903,-2.3791273,0.48496246,on bike mount,road bicycle,False,asphalt,intermediate
15f5016a-c120-4b81-923d-38855d555615,65a888b7-7227-4828-bc61-198a5abd3948,7c4e5498-5fea-4965-bf87-bf8987c05bbd,1626011620537,13.7362703,52.3874862,5.4222574,0.26406837,-1.1705388,-1.31603,on bike mount,road bicycle,False,asphalt,intermediate
15f5016a-c120-4b81-923d-38855d555615,65a888b7-7227-4828-bc61-198a5abd3948,4a8b8484-82d7-439f-bbe6-673a7245de74,1626011620587,13.7362703,52.3874862,5.4222574,0.14363366,-0.6747608,0.023823738,on bike mount,road bicycle,False,asphalt,intermediate
15f5016a-c120-4b81-923d-38855d555615,65a888b7-7227-4828-bc61-198a5abd3948,df700ab6-28b7-48c7-8fdd-1318eda5be9a,1626011620638,13.7362703,52.3874862,5.4222574,0.4596997,0.32844138,-1.4087644,on bike mount,road bicycle,False,asphalt,intermediate
15f5016a-c120-4b81-923d-38855d555615,65a888b7-7227-4828-bc61-198a5abd3948,2457df10-99cd-4b09-b444-8c67bda6beab,1626011620689,13.7361354,52.3874545,5.0934315,0.6200563,-2.3884676,4.387045,on bike mount,road bicycle,False,asphalt,intermediate
15f5016a-c120-4b81-923d-38855d555615,65a888b7-7227-4828-bc61-198a5abd3948,657a214d-9d67-4027-b542-39319f5f3bcb,1626011620738,13.7361354,52.3874545,5.0934315,0.43895137,-0.82999575,-0.52781105,on bike mount,road bicycle,False,asphalt,intermediate
15f5016a-c120-4b81-923d-38855d555615,65a888b7-7227-4828-bc61-198a5abd3948,63dde213-3b1e-4cdc-9778-d60f84f91bec,1626011620789,13.7361354,52.3874545,5.0934315,0.5582914,-0.7066153,-0.8498125,on bike mount,road bicycle,False,asphalt,intermediate
15f5016a-c120-4b81-923d-38855d555615,65a888b7-7227-4828-bc61-198a5abd3948,122602b8-6721-49dc-a1a8-1c966b30fc2e,1626011620839,13.7361354,52.3874545,5.0934315,1.0229425,-1.2123055,-0.714345,on bike mount,road bicycle,False,asphalt,intermediate
15f5016a-c120-4b81-923d-38855d555615,65a888b7-7227-4828-bc61-198a5abd3948,e761f615-bd5a-4d8e-8ec5-ffc36f0fbd15,1626011620889,13.7361354,52.3874545,5.0934315,1.3883553,-1.9125576,1.592946,on bike mount,road bicycle,False,asphalt,intermediate
15f5016a-c120-4b81-923d-38855d555615,65a888b7-7227-4828-bc61-198a5abd3948,b95998b0-e6c5-4782-a855-fe95aa5a1151,1626011620940,13.7361354,52.3874545,5.0934315,0.9099051,-0.27407026,-0.84638596,on bike mount,road bicycle,False,asphalt,intermediate
15f5016a-c120-4b81-923d-38855d555615,65a888b7-7227-4828-bc61-198a5abd3948,2d14f79d-0c3b-4506-8008-66cc4d0ae115,1626011620989,13.7361354,52.3874545,5.0934315,0.4850595,-0.8432435,0.21550179,on bike mount,road bicycle,False,asphalt,intermediate
15f5016a-c120-4b81-923d-38855d555615,65a888b7-7227-4828-bc61-198a5abd3948,38ce18c2-4ccf-45fd-b58d-7d3c69f559a8,1626011621039,13.7361354,52.3874545,5.0934315,0.5216091,-0.8374455,-0.29554462,on bike mount,road bicycle,False,asphalt,intermediate
15f5016a-c120-4b81-923d-38855d555615,65a888b7-7227-4828-bc61-198a5abd3948,381a6b26-9287-4ec1-8060-21a9dcb88a1b,1626011621089,13.7361354,52.3874545,5.0934315,0.33546937,-1.0895761,0.647172,on bike mount,road bicycle,False,asphalt,intermediate
15f5016a-c120-4b81-923d-38855d555615,65a888b7-7227-4828-bc61-198a5abd3948,5c51b0e5-6bbd-47e0-ab8e-71f993ab17ff,1626011621141,13.7361354,52.3874545,5.0934315,-0.008461237,-0.5410638,-1.1562433,on bike mount,road bicycle,False,asphalt,intermediate
15f5016a-c120-4b81-923d-38855d555615,65a888b7-7227-4828-bc61-198a5abd3948,b07f3f22-0b3f-41be-a974-8ec28b2ee729,1626011621191,13.7361354,52.3874545,5.0934315,0.7907752,-0.96098554,0.0807724,on bike mount,road bicycle,False,asphalt,intermediate
15f5016a-c120-4b81-923d-38855d555615,65a888b7-7227-4828-bc61-198a5abd3948,d6cbdf77-f865-4f41-be91-03038840a864,1626011621240,13.7361354,52.3874545,5.0934315,0.59826237,-1.283956,1.4313698,on bike mount,road bicycle,False,asphalt,intermediate
15f5016a-c120-4b81-923d-38855d555615,65a888b7-7227-4828-bc61-198a5abd3948,86dc5019-d683-41fc-bb84-5e76232077a9,1626011621289,13.7361354,52.3874545,5.0934315,0.19415295,-1.2229459,0.29006767,on bike mount,road bicycle,False,asphalt,intermediate
15f5016a-c120-4b81-923d-38855d555615,65a888b7-7227-4828-bc61-198a5abd3948,60d80b98-dc66-453b-b260-c0abe2dd2206,1626011621339,13.7361354,52.3874545,5.0934315,0.5631242,-0.54059803,-0.6090784,on bike mount,road bicycle,False,asphalt,intermediate
15f5016a-c120-4b81-923d-38855d555615,65a888b7-7227-4828-bc61-198a5abd3948,739add62-e481-43b2-b6bb-9bb170b4023f,1626011621389,13.7361354,52.3874545,5.0934315,0.61420757,-2.344674,-0.14840317,on bike mount,road bicycle,False,asphalt,intermediate
15f5016a-c120-4b81-923d-38855d555615,65a888b7-7227-4828-bc61-198a5abd3948,1152ddb9-2612-451e-b4b7-5a182b448ee6,1626011621439,13.7361354,52.3874545,5.0934315,0.31866693,-0.58719194,-0.87161446,on bike mount,road bicycle,False,asphalt,intermediate
15f5016a-c120-4b81-923d-38855d555615,65a888b7-7227-4828-bc61-198a5abd3948,2e42e187-47be-45ed-b295-f79d80e6c367,1626011621491,13.7361354,52.3874545,5.0934315,-0.21688867,-0.35787654,0.69423866,on bike mount,road bicycle,False,asphalt,intermediate
15f5016a-c120-4b81-923d-38855d555615,65a888b7-7227-4828-bc61-198a5abd3948,6da5f15e-05a4-430a-bfd3-8b01d2d662e6,1626011621540,13.7361354,52.3874545,5.0934315,0.46963152,-0.26522446,0.3167982,on bike mount,road bicycle,False,asphalt,intermediate
15f5016a-c120-4b81-923d-38855d555615,65a888b7-7227-4828-bc61-198a5abd3948,6f2ccfbb-fd6d-41c9-bbec-bc91a46b462d,1626011621593,13.7361354,52.3874545,5.0934315,0.11303866,-1.296282,0.82664967,on bike mount,road bicycle,False,asphalt,intermediate
15f5016a-c120-4b81-923d-38855d555615,65a888b7-7227-4828-bc61-198a5abd3948,632bfab2-51bf-4fec-b4f9-56451323810d,1626011621643,13.7361354,52.3874545,5.0934315,0.2580422,-1.2415295,0.6928377,on bike mount,road bicycle,False,asphalt,intermediate
15f5016a-c120-4b81-923d-38855d555615,65a888b7-7227-4828-bc61-198a5abd3948,3f650ded-db85-406b-86d2-0efc03aec81d,1626011621696,13.7361354,52.3874545,5.0934315,-0.022640109,0.11706185,0.5122843,on bike mount,road bicycle,False,asphalt,intermediate
15f5016a-c120-4b81-923d-38855d555615,65a888b7-7227-4828-bc61-198a5abd3948,702cec11-2762-45d0-b70c-546c0de7fae5,1626011621744,13.7360902,52.3874435,3.588798,0.3546527,-0.26356912,1.6456842,on bike mount,road bicycle,False,asphalt,intermediate
