bike_activity_uid,bike_activity_sample_uid,bike_activity_measurement,bike_activity_measurement_timestamp,bike_activity_measurement_lon,bike_activity_measurement_lat,bike_activity_measurement_speed,bike_activity_measurement_accelerometer_x,bike_activity_measurement_accelerometer_y,bike_activity_measurement_accelerometer_z,bike_activity_phone_position,bike_activity_bike_type,bike_activity_flagged_lab_conditions,bike_activity_surface_type,bike_activity_smoothness_type
171e7142-7302-4ef6-81b1-6b92aaca6844,9224fa21-6c39-47bf-af52-307276896a4e,105c09b4-46c6-4f7b-abdb-0ee9696422a8,1643888774772,13.399963,52.4723844,6.4313617,0.997905,2.5186691,-2.069333,on bike mount,cyclo cross,False,paving stones,good
171e7142-7302-4ef6-81b1-6b92aaca6844,9224fa21-6c39-47bf-af52-307276896a4e,11f5b10a-ad62-4606-9164-be59ae948c62,1643888774828,13.399963,52.4723844,6.4313617,-0.39389613,-3.349698,-0.24987507,on bike mount,cyclo cross,False,paving stones,good
171e7142-7302-4ef6-81b1-6b92aaca6844,9224fa21-6c39-47bf-af52-307276896a4e,4b280e44-c1f9-4405-a2e0-e4e6fc5cdafe,1643888774883,13.399963,52.4723844,6.4313617,1.927904,4.995345,1.3996191,on bike mount,cyclo cross,False,paving stones,good
171e7142-7302-4ef6-81b1-6b92aaca6844,9224fa21-6c39-47bf-af52-307276896a4e,08b0dd8e-cae2-4ed3-a7c3-301f847fbf75,1643888774938,13.399963,52.4723844,6.4313617,-1.3176497,-5.3552938,-1.0653777,on bike mount,cyclo cross,False,paving stones,good
171e7142-7302-4ef6-81b1-6b92aaca6844,9224fa21-6c39-47bf-af52-307276896a4e,57e086aa-f167-46af-8fc9-38786a26377c,1643888774994,13.399963,52.4723844,6.4313617,-1.0713115,0.047157288,0.38033772,on bike mount,cyclo cross,False,paving stones,good
171e7142-7302-4ef6-81b1-6b92aaca6844,9224fa21-6c39-47bf-af52-307276896a4e,eabe3df0-8480-45fe-a206-951b8f595d9b,1643888775051,13.399963,52.4723844,6.4313617,0.44027156,-2.4048643,4.3970585,on bike mount,cyclo cross,False,paving stones,good
171e7142-7302-4ef6-81b1-6b92aaca6844,9224fa21-6c39-47bf-af52-307276896a4e,48a2712b-e08a-46d7-a92e-890cdaabb6ce,1643888775106,13.399963,52.4723844,6.4313617,-1.174449,0.08111143,-1.0560403,on bike mount,cyclo cross,False,paving stones,good
171e7142-7302-4ef6-81b1-6b92aaca6844,9224fa21-6c39-47bf-af52-307276896a4e,15703a5b-0428-45b6-8ec5-48aaec542c68,1643888775162,13.399963,52.4723844,6.4313617,0.30616337,2.2498527,0.24407673,on bike mount,cyclo cross,False,paving stones,good
171e7142-7302-4ef6-81b1-6b92aaca6844,9224fa21-6c39-47bf-af52-307276896a4e,16b25369-9f7e-4ce8-8d24-2914edda4b62,1643888775217,13.399963,52.4723844,6.4313617,-0.7766473,-1.5815334,0.26829338,on bike mount,cyclo cross,False,paving stones,good
171e7142-7302-4ef6-81b1-6b92aaca6844,9224fa21-6c39-47bf-af52-307276896a4e,fcae34ee-17dd-451a-9a4b-80427433433e,1643888775272,13.399963,52.4723844,6.4313617,-0.507172,-2.2696593,1.2974834,on bike mount,cyclo cross,False,paving stones,good
171e7142-7302-4ef6-81b1-6b92aaca6844,9224fa21-6c39-47bf-af52-307276896a4e,3d7d648c-731c-49ba-9cc2-a681b583ebb4,1643888775327,13.399963,52.4723844,6.4313617,-0.47603667,-1.5289117,4.0420074,on bike mount,cyclo cross,False,paving stones,good
171e7142-7302-4ef6-81b1-6b92aaca6844,9224fa21-6c39-47bf-af52-307276896a4e,a10014f4-59da-4bf7-ab05-251847aae993,1643888775383,13.399963,52.4723844,6.4313617,1.0741284,-2.4699636,-3.5592647,on bike mount,cyclo cross,False,paving stones,good
171e7142-7302-4ef6-81b1-6b92aaca6844,9224fa21-6c39-47bf-af52-307276896a4e,34f6ee3e-ce61-44a7-b532-d394c6923872,1643888775439,13.399963,52.4723844,6.4313617,-1.4511261,1.3649178,-0.015206337,on bike mount,cyclo cross,False,paving stones,good
171e7142-7302-4ef6-81b1-6b92aaca6844,9224fa21-6c39-47bf-af52-307276896a4e,be74fbe7-1621-4766-9fef-6efbfee1ae68,1643888775495,13.399963,52.4723844,6.4313617,0.20624524,-1.2472947,1.0628672,on bike mount,cyclo cross,False,paving stones,good
171e7142-7302-4ef6-81b1-6b92aaca6844,9224fa21-6c39-47bf-af52-307276896a4e,bc8712f9-03c5-4961-8023-6b9f0564b163,1643888775550,13.399963,52.4723844,6.4313617,0.8879158,2.3510833,0.2502699,on bike mount,cyclo cross,False,paving stones,good
171e7142-7302-4ef6-81b1-6b92aaca6844,9224fa21-6c39-47bf-af52-307276896a4e,a1d1286a-8766-4c8b-a2a2-d7daac6c2216,1643888775613,13.399963,52.4723844,6.4313617,0.39380473,-0.2060957,3.4482908,on bike mount,cyclo cross,False,paving stones,good
171e7142-7302-4ef6-81b1-6b92aaca6844,9224fa21-6c39-47bf-af52-307276896a4e,9f870242-60fe-4e71-89e8-69a3892fc22a,1643888775663,13.399963,52.4723844,6.4313617,1.3026739,2.9836636,-0.6138768,on bike mount,cyclo cross,False,paving stones,good
171e7142-7302-4ef6-81b1-6b92aaca6844,9224fa21-6c39-47bf-af52-307276896a4e,8cd4851f-1073-4f9e-9ae8-7d371c860b4f,1643888775718,13.4000586,52.4723852,6.4773135,-0.05065167,0.4715066,2.3187475,on bike mount,cyclo cross,False,paving stones,good
171e7142-7302-4ef6-81b1-6b92aaca6844,9224fa21-6c39-47bf-af52-307276896a4e,d380f324-0ac4-4a04-850c-7eee1e70b5d9,1643888775774,13.4000586,52.4723852,6.4773135,-1.4697171,-3.2109344,1.0121899,on bike mount,cyclo cross,False,paving stones,good
171e7142-7302-4ef6-81b1-6b92aaca6844,9224fa21-6c39-47bf-af52-307276896a4e,52eb4ff9-6260-42ff-b7d5-173fa335d789,1643888775831,13.4000586,52.4723852,6.4773135,-0.35065162,-0.2063477,1.7055807,on bike mount,cyclo cross,False,paving stones,good
171e7142-7302-4ef6-81b1-6b92aaca6844,9224fa21-6c39-47bf-af52-307276896a4e,cac7285a-a741-4c84-9eb8-352142c103a6,1643888775886,13.4000586,52.4723852,6.4773135,-1.5125674,-4.0494256,1.1840649,on bike mount,cyclo cross,False,paving stones,good
171e7142-7302-4ef6-81b1-6b92aaca6844,9224fa21-6c39-47bf-af52-307276896a4e,f077777c-99dc-4769-80c2-f062bc4a02ba,1643888775940,13.4000586,52.4723852,6.4773135,-0.6640022,2.269042,0.35207558,on bike mount,cyclo cross,False,paving stones,good
171e7142-7302-4ef6-81b1-6b92aaca6844,9224fa21-6c39-47bf-af52-307276896a4e,9283f33f-6da8-46a0-82b4-fec8bcea93bb,1643888775997,13.4000586,52.4723852,6.4773135,-0.27256405,-1.6590815,1.6641502,on bike mount,cyclo cross,False,paving stones,good
171e7142-7302-4ef6-81b1-6b92aaca6844,9224fa21-6c39-47bf-af52-307276896a4e,ba5d416c-517b-4ea0-b90a-a41c27c6f16e,1643888776050,13.4000586,52.4723852,6.4773135,-0.59116584,1.4369049,-0.044631004,on bike mount,cyclo cross,False,paving stones,good
171e7142-7302-4ef6-81b1-6b92aaca6844,9224fa21-6c39-47bf-af52-307276896a4e,f887429e-dc6e-4237-9325-018f6da584c3,1643888776107,13.4000586,52.4723852,6.4773135,-0.3120301,0.44287896,-0.0036668777,on bike mount,cyclo cross,False,paving stones,good
171e7142-7302-4ef6-81b1-6b92aaca6844,9224fa21-6c39-47bf-af52-307276896a4e,92dee0dd-2c00-42c2-b676-60302a0593ed,1643888776162,13.4000586,52.4723852,6.4773135,1.0136188,-0.653152,-1.4705381,on bike mount,cyclo cross,False,paving stones,good
171e7142-7302-4ef6-81b1-6b92aaca6844,9224fa21-6c39-47bf-af52-307276896a4e,af8e4067-5cfe-44cf-83b1-193de7622568,1643888776218,13.4000586,52.4723852,6.4773135,-0.4803595,-0.9319782,0.6836605,on bike mount,cyclo cross,False,paving stones,good
171e7142-7302-4ef6-81b1-6b92aaca6844,9224fa21-6c39-47bf-af52-307276896a4e,619224d5-ba1c-4d87-af08-708b39e8ed26,1643888776272,13.4000586,52.4723852,6.4773135,-2.021394,-1.659442,-0.054530144,on bike mount,cyclo cross,False,paving stones,good
171e7142-7302-4ef6-81b1-6b92aaca6844,9224fa21-6c39-47bf-af52-307276896a4e,8336d29a-120c-4a57-827a-f49f55a8ed64,1643888776329,13.4000586,52.4723852,6.4773135,3.3140955,4.8329773,-2.2170072,on bike mount,cyclo cross,False,paving stones,good
171e7142-7302-4ef6-81b1-6b92aaca6844,9224fa21-6c39-47bf-af52-307276896a4e,07b9e22c-5ef7-4c66-90ae-7e32d8c4d37a,1643888776384,13.4000586,52.4723852,6.4773135,-0.06370589,-2.0399745,0.6128874,on bike mount,cyclo cross,False,paving stones,good
171e7142-7302-4ef6-81b1-6b92aaca6844,23d8f866-d187-405b-8920-68de510f4c91,543271cf-c361-42c8-b783-33c2c7830400,1643888775050,13.399963,52.4723844,6.4313617,0.8853347,-6.5815554,2.368905,on bike mount,cyclo cross,False,paving stones,good
171e7142-7302-4ef6-81b1-6b92aaca6844,23d8f866-d187-405b-8920-68de510f4c91,6a4429bc-6034-427a-888f-17fb8f12cd21,1643888775106,13.399963,52.4723844,6.4313617,-1.174449,0.08111143,-1.0560403,on bike mount,cyclo cross,False,paving stones,good
171e7142-7302-4ef6-81b1-6b92aaca6844,23d8f866-d187-405b-8920-68de510f4c91,447c1b60-d7f0-4d15-87df-5eafa36ae0f9,1643888775163,13.399963,52.4723844,6.4313617,-1.5711098,0.8204279,1.4806509,on bike mount,cyclo cross,False,paving stones,good
171e7142-7302-4ef6-81b1-6b92aaca6844,23d8f866-d187-405b-8920-68de510f4c91,720d2f37-d058-4661-a5b2-949eff44f60d,1643888775218,13.399963,52.4723844,6.4313617,0.43919924,2.8022947,-1.5090351,on bike mount,cyclo cross,False,paving stones,good
171e7142-7302-4ef6-81b1-6b92aaca6844,23d8f866-d187-405b-8920-68de510f4c91,1c3bcadd-faa4-49e8-9417-c8617eb46b8d,1643888775274,13.399963,52.4723844,6.4313617,-0.4868678,1.177254,-0.08827591,on bike mount,cyclo cross,False,paving stones,good
171e7142-7302-4ef6-81b1-6b92aaca6844,23d8f866-d187-405b-8920-68de510f4c91,c069f3d3-3758-4a6f-97c5-4f739620dfbd,1643888775329,13.399963,52.4723844,6.4313617,-0.04591395,-2.850845,0.96196175,on bike mount,cyclo cross,False,paving stones,good
171e7142-7302-4ef6-81b1-6b92aaca6844,23d8f866-d187-405b-8920-68de510f4c91,f5e7b4c5-166e-4446-b7f2-3f736d636d6c,1643888775384,13.399963,52.4723844,6.4313617,1.1376826,-2.3913536,-2.390626,on bike mount,cyclo cross,False,paving stones,good
171e7142-7302-4ef6-81b1-6b92aaca6844,23d8f866-d187-405b-8920-68de510f4c91,5a06aa0f-0b84-4ac4-8f59-21c2dcd3d8da,1643888775440,13.399963,52.4723844,6.4313617,-1.4511261,1.3649178,-0.015206337,on bike mount,cyclo cross,False,paving stones,good
171e7142-7302-4ef6-81b1-6b92aaca6844,23d8f866-d187-405b-8920-68de510f4c91,3a15770a-2402-4ea2-aaee-c992adbeeb97,1643888775495,13.399963,52.4723844,6.4313617,0.20624524,-1.2472947,1.0628672,on bike mount,cyclo cross,False,paving stones,good
171e7142-7302-4ef6-81b1-6b92aaca6844,23d8f866-d187-405b-8920-68de510f4c91,b45b2bcf-daba-4750-9ccd-651c77abb3a8,1643888775550,13.399963,52.4723844,6.4313617,0.8879158,2.3510833,0.2502699,on bike mount,cyclo cross,False,paving stones,good
171e7142-7302-4ef6-81b1-6b92aaca6844,23d8f866-d187-405b-8920-68de510f4c91,0e8cc959-cd04-49c0-80c1-329aa3540768,1643888775612,13.399963,52.4723844,6.4313617,1.1227646,1.7792706,2.1293058,on bike mount,cyclo cross,False,paving stones,good
171e7142-7302-4ef6-81b1-6b92aaca6844,23d8f866-d187-405b-8920-68de510f4c91,c3f835ad-8a4e-4239-8382-8d0af7ffda4a,1643888775663,13.399963,52.4723844,6.4313617,1.3026739,2.9836636,-0.6138768,on bike mount,cyclo cross,False,paving stones,good
171e7142-7302-4ef6-81b1-6b92aaca6844,23d8f866-d187-405b-8920-68de510f4c91,f2b84008-393c-4e12-8007-ce13c06563d0,1643888775716,13.4000586,52.4723852,6.4773135,0.47566873,-0.43653965,8.428847,on bike mount,cyclo cross,False,paving stones,good
171e7142-7302-4ef6-81b1-6b92aaca6844,23d8f866-d187-405b-8920-68de510f4c91,b08df91c-29a0-411d-83d3-cfb7a6cfc265,1643888775772,13.4000586,52.4723852,6.4773135,-0.4947729,-0.8760791,0.11069965,on bike mount,cyclo cross,False,paving stones,good
171e7142-7302-4ef6-81b1-6b92aaca6844,23d8f866-d187-405b-8920-68de510f4c91,d7f254b0-50e8-4877-bf87-52f3f87f3e30,1643888775829,13.4000586,52.4723852,6.4773135,-0.11966434,0.1357925,4.827586,on bike mount,cyclo cross,False,paving stones,good
171e7142-7302-4ef6-81b1-6b92aaca6844,23d8f866-d187-405b-8920-68de510f4c91,b3479304-5fc2-487c-86fc-a51837e9fd57,1643888775886,13.4000586,52.4723852,6.4773135,-1.5125674,-4.0494256,1.1840649,on bike mount,cyclo cross,False,paving stones,good
171e7142-7302-4ef6-81b1-6b92aaca6844,23d8f866-d187-405b-8920-68de510f4c91,84bc6407-78e6-4325-9c87-592d05dd87cc,1643888775941,13.4000586,52.4723852,6.4773135,-0.8605184,1.6197076,0.7333946,on bike mount,cyclo cross,False,paving stones,good
171e7142-7302-4ef6-81b1-6b92aaca6844,23d8f866-d187-405b-8920-68de510f4c91,e8a43ff0-e7ce-44da-aa78-c55c5d1521b3,1643888775999,13.4000586,52.4723852,6.4773135,-0.37023476,1.3823674,3.3599558,on bike mount,cyclo cross,False,paving stones,good
171e7142-7302-4ef6-81b1-6b92aaca6844,23d8f866-d187-405b-8920-68de510f4c91,7af64017-a9c0-4389-84cd-72922c52713d,1643888776051,13.4000586,52.4723852,6.4773135,-0.7961779,0.59562397,-0.0814352,on bike mount,cyclo cross,False,paving stones,good
171e7142-7302-4ef6-81b1-6b92aaca6844,23d8f866-d187-405b-8920-68de510f4c91,f15e427f-732d-4a75-9dfe-a8ead6244ab6,1643888776108,13.4000586,52.4723852,6.4773135,-0.3120301,0.44287896,-0.0036668777,on bike mount,cyclo cross,False,paving stones,good
171e7142-7302-4ef6-81b1-6b92aaca6844,23d8f866-d187-405b-8920-68de510f4c91,1f835634-77b8-43bc-bec0-7aca5893f09a,1643888776165,13.4000586,52.4723852,6.4773135,0.5778341,-1.7744462,-3.4137197,on bike mount,cyclo cross,False,paving stones,good
171e7142-7302-4ef6-81b1-6b92aaca6844,23d8f866-d187-405b-8920-68de510f4c91,03b5f785-7336-4123-8116-c6ed353b712f,1643888776218,13.4000586,52.4723852,6.4773135,-0.4803595,-0.9319782,0.6836605,on bike mount,cyclo cross,False,paving stones,good
171e7142-7302-4ef6-81b1-6b92aaca6844,23d8f866-d187-405b-8920-68de510f4c91,0a8e72e8-f01e-4766-8a9d-cf98fb45befb,1643888776273,13.4000586,52.4723852,6.4773135,-2.021394,-1.659442,-0.054530144,on bike mount,cyclo cross,False,paving stones,good
171e7142-7302-4ef6-81b1-6b92aaca6844,23d8f866-d187-405b-8920-68de510f4c91,0ab2ec2c-e508-447e-8373-500b20572115,1643888776331,13.4000586,52.4723852,6.4773135,0.14455545,3.249034,-0.6800852,on bike mount,cyclo cross,False,paving stones,good
171e7142-7302-4ef6-81b1-6b92aaca6844,23d8f866-d187-405b-8920-68de510f4c91,5c60c9fd-b492-4021-8735-2258176ee124,1643888776386,13.4000586,52.4723852,6.4773135,-1.9317234,-2.3316407,2.3964329,on bike mount,cyclo cross,False,paving stones,good
171e7142-7302-4ef6-81b1-6b92aaca6844,23d8f866-d187-405b-8920-68de510f4c91,4fd06b7d-0e35-484d-a22e-ab1bd5dab162,1643888776441,13.4000586,52.4723852,6.4773135,0.14803666,0.7355857,-2.1725225,on bike mount,cyclo cross,False,paving stones,good
171e7142-7302-4ef6-81b1-6b92aaca6844,23d8f866-d187-405b-8920-68de510f4c91,b678e11d-97de-4e5c-88f8-153abf5c8076,1643888776496,13.4000586,52.4723852,6.4773135,-0.4468065,1.1558437,-6.293877,on bike mount,cyclo cross,False,paving stones,good
171e7142-7302-4ef6-81b1-6b92aaca6844,23d8f866-d187-405b-8920-68de510f4c91,07e4ad34-2cb3-4dea-a7f4-ce7d344b4dab,1643888776552,13.4000586,52.4723852,6.4773135,0.38165438,-0.926285,-0.30463123,on bike mount,cyclo cross,False,paving stones,good
171e7142-7302-4ef6-81b1-6b92aaca6844,23d8f866-d187-405b-8920-68de510f4c91,160c665f-0300-42d0-8aaa-26db8510e6a1,1643888776606,13.4000586,52.4723852,6.4773135,1.670667,-0.8175007,0.1837225,on bike mount,cyclo cross,False,paving stones,good
171e7142-7302-4ef6-81b1-6b92aaca6844,23d8f866-d187-405b-8920-68de510f4c91,22ae797c-2a16-4cb9-9d8f-3521373f22a9,1643888776664,13.4000586,52.4723852,6.4773135,-0.16263822,-0.7498944,1.8321686,on bike mount,cyclo cross,False,paving stones,good
171e7142-7302-4ef6-81b1-6b92aaca6844,23d8f866-d187-405b-8920-68de510f4c91,ed9b2723-518b-4ec4-95c1-eb57f9f5b5d0,1643888776718,13.4001541,52.4723865,6.5028834,-1.465481,0.3039732,4.95362,on bike mount,cyclo cross,False,paving stones,good
171e7142-7302-4ef6-81b1-6b92aaca6844,23d8f866-d187-405b-8920-68de510f4c91,8c4931a5-d551-46d0-a10f-4bb5f8c04597,1643888776774,13.4001541,52.4723865,6.5028834,0.6456045,-0.22396398,-5.8446784,on bike mount,cyclo cross,False,paving stones,good
171e7142-7302-4ef6-81b1-6b92aaca6844,23d8f866-d187-405b-8920-68de510f4c91,c84ad046-6a9b-4533-a9d1-5cc6296b5ae9,1643888776830,13.4001541,52.4723865,6.5028834,-0.75328857,-1.3180975,2.2371588,on bike mount,cyclo cross,False,paving stones,good
171e7142-7302-4ef6-81b1-6b92aaca6844,23d8f866-d187-405b-8920-68de510f4c91,a0bbd3c1-5c6a-41a3-a0aa-c96c1ac40ef6,1643888776886,13.4001541,52.4723865,6.5028834,0.0196851,1.1306012,-3.0786285,on bike mount,cyclo cross,False,paving stones,good
171e7142-7302-4ef6-81b1-6b92aaca6844,23d8f866-d187-405b-8920-68de510f4c91,b0724a69-6293-479e-aaef-dd3d94d532f7,1643888776940,13.4001541,52.4723865,6.5028834,1.3723515,-1.6257634,2.854497,on bike mount,cyclo cross,False,paving stones,good
171e7142-7302-4ef6-81b1-6b92aaca6844,23d8f866-d187-405b-8920-68de510f4c91,29c0e690-8e53-45c7-be13-19c6c9c96c29,1643888776995,13.4001541,52.4723865,6.5028834,1.1523302,-0.6699691,-0.4582157,on bike mount,cyclo cross,False,paving stones,good
171e7142-7302-4ef6-81b1-6b92aaca6844,23d8f866-d187-405b-8920-68de510f4c91,f963d98e-46ac-4a08-afd9-b5a7452cff45,1643888777062,13.4001541,52.4723865,6.5028834,-0.19804631,1.6645632,1.1240101,on bike mount,cyclo cross,False,paving stones,good
171e7142-7302-4ef6-81b1-6b92aaca6844,23d8f866-d187-405b-8920-68de510f4c91,34cda4c7-978c-4556-a6d7-f702ca7ca6d3,1643888777118,13.4001541,52.4723865,6.5028834,2.9564292,1.3012385,-1.0425472,on bike mount,cyclo cross,False,paving stones,good
171e7142-7302-4ef6-81b1-6b92aaca6844,23d8f866-d187-405b-8920-68de510f4c91,f5e25b37-454b-4c60-8d7f-cde5a62f294a,1643888777174,13.4001541,52.4723865,6.5028834,0.7523246,-1.699256,2.045021,on bike mount,cyclo cross,False,paving stones,good
171e7142-7302-4ef6-81b1-6b92aaca6844,23d8f866-d187-405b-8920-68de510f4c91,785fd4d8-cfde-4da1-889d-01a462012c57,1643888777231,13.4001541,52.4723865,6.5028834,0.20679912,1.5534735,-4.356063,on bike mount,cyclo cross,False,paving stones,good
171e7142-7302-4ef6-81b1-6b92aaca6844,23d8f866-d187-405b-8920-68de510f4c91,514f3175-f69d-40bb-a3dd-54ae1fbc9ebc,1643888777285,13.4001541,52.4723865,6.5028834,-0.7089269,-3.9768283,-0.25592136,on bike mount,cyclo cross,False,paving stones,good
171e7142-7302-4ef6-81b1-6b92aaca6844,23d8f866-d187-405b-8920-68de510f4c91,dc877bcc-75c0-46eb-ab3b-87c9778b6d6d,1643888777340,13.4001541,52.4723865,6.5028834,1.2944739,-2.8325322,-0.9946208,on bike mount,cyclo cross,False,paving stones,good
171e7142-7302-4ef6-81b1-6b92aaca6844,23d8f866-d187-405b-8920-68de510f4c91,59845340-b938-4f7c-ba65-081050fc9b5e,1643888777396,13.4001541,52.4723865,6.5028834,-1.5463245,-1.7058136,0.3791132,on bike mount,cyclo cross,False,paving stones,good
171e7142-7302-4ef6-81b1-6b92aaca6844,23d8f866-d187-405b-8920-68de510f4c91,61312a73-4d81-4b0f-85ec-d2abaaf39027,1643888777453,13.4001541,52.4723865,6.5028834,0.4843375,-0.7530327,3.4403648,on bike mount,cyclo cross,False,paving stones,good
171e7142-7302-4ef6-81b1-6b92aaca6844,23d8f866-d187-405b-8920-68de510f4c91,9972277d-df2c-42c8-a4f8-bcd22c975252,1643888777508,13.4001541,52.4723865,6.5028834,-0.77660817,1.0493689,-0.8582859,on bike mount,cyclo cross,False,paving stones,good
171e7142-7302-4ef6-81b1-6b92aaca6844,23d8f866-d187-405b-8920-68de510f4c91,1598bb76-490e-44ff-930a-75269cca9a4d,1643888777563,13.4001541,52.4723865,6.5028834,1.0036331,-0.6368296,0.00024318695,on bike mount,cyclo cross,False,paving stones,good
171e7142-7302-4ef6-81b1-6b92aaca6844,23d8f866-d187-405b-8920-68de510f4c91,f265839e-4a62-4576-bc02-751e4c04f4ca,1643888777621,13.4001541,52.4723865,6.5028834,0.22042063,-0.7662487,0.31075573,on bike mount,cyclo cross,False,paving stones,good
171e7142-7302-4ef6-81b1-6b92aaca6844,23d8f866-d187-405b-8920-68de510f4c91,d172b145-545d-494d-9812-fd605347eae8,1643888777677,13.4002501,52.472388,6.5022516,-1.0325718,-2.2871675,2.307603,on bike mount,cyclo cross,False,paving stones,good
171e7142-7302-4ef6-81b1-6b92aaca6844,23d8f866-d187-405b-8920-68de510f4c91,4abd81c1-f74e-4683-a5fb-d75aaa8c2a41,1643888777730,13.4002501,52.472388,6.5022516,0.4651589,0.65610504,-1.3869619,on bike mount,cyclo cross,False,paving stones,good
171e7142-7302-4ef6-81b1-6b92aaca6844,23d8f866-d187-405b-8920-68de510f4c91,a7d09cf6-9dd3-47ee-b085-fde5e1842663,1643888777786,13.4002501,52.472388,6.5022516,-1.43716,-0.778146,-1.6514845,on bike mount,cyclo cross,False,paving stones,good
171e7142-7302-4ef6-81b1-6b92aaca6844,23d8f866-d187-405b-8920-68de510f4c91,fc15343d-e666-4c84-b84e-470ca7b225d4,1643888777842,13.4002501,52.472388,6.5022516,-1.2884294,3.1245284,2.7105742,on bike mount,cyclo cross,False,paving stones,good
171e7142-7302-4ef6-81b1-6b92aaca6844,23d8f866-d187-405b-8920-68de510f4c91,ff76813d-b750-4797-bc93-87978291b296,1643888777897,13.4002501,52.472388,6.5022516,0.47703815,0.07899952,1.4947281,on bike mount,cyclo cross,False,paving stones,good
171e7142-7302-4ef6-81b1-6b92aaca6844,23d8f866-d187-405b-8920-68de510f4c91,ce2a5df0-ad0e-4d7b-98b8-fcaf5724ebe8,1643888777952,13.4002501,52.472388,6.5022516,-0.1982792,-2.0867867,0.5166416,on bike mount,cyclo cross,False,paving stones,good
171e7142-7302-4ef6-81b1-6b92aaca6844,23d8f866-d187-405b-8920-68de510f4c91,c122ef1f-8598-4b06-a630-ba5f8cc11a24,1643888778008,13.4002501,52.472388,6.5022516,0.5491627,0.54146767,1.5445623,on bike mount,cyclo cross,False,paving stones,good
171e7142-7302-4ef6-81b1-6b92aaca6844,23d8f866-d187-405b-8920-68de510f4c91,838b1810-761f-4687-8cc5-043f504beebc,1643888778064,13.4002501,52.472388,6.5022516,-0.115843445,0.45918274,1.1304846,on bike mount,cyclo cross,False,paving stones,good
171e7142-7302-4ef6-81b1-6b92aaca6844,23d8f866-d187-405b-8920-68de510f4c91,e47ee3ad-70f3-4f95-a474-a4c6358711cb,1643888778121,13.4002501,52.472388,6.5022516,-0.117930144,-0.49636292,-3.5791128,on bike mount,cyclo cross,False,paving stones,good
171e7142-7302-4ef6-81b1-6b92aaca6844,23d8f866-d187-405b-8920-68de510f4c91,26d56e35-4fc3-4a72-9c6a-7a0def02645f,1643888778176,13.4002501,52.472388,6.5022516,0.9789663,-0.518033,-1.1804852,on bike mount,cyclo cross,False,paving stones,good
171e7142-7302-4ef6-81b1-6b92aaca6844,23d8f866-d187-405b-8920-68de510f4c91,d2a7c1f4-d444-4bfe-884f-54672b68d767,1643888778231,13.4002501,52.472388,6.5022516,-1.0617001,1.1958857,0.7484169,on bike mount,cyclo cross,False,paving stones,good
171e7142-7302-4ef6-81b1-6b92aaca6844,23d8f866-d187-405b-8920-68de510f4c91,e87e514b-c244-4d85-b153-1c673a08743d,1643888778286,13.4002501,52.472388,6.5022516,1.1195198,0.21576285,-1.9838386,on bike mount,cyclo cross,False,paving stones,good
171e7142-7302-4ef6-81b1-6b92aaca6844,23d8f866-d187-405b-8920-68de510f4c91,65fa2248-8d76-4291-95b1-2ce141ecb6b3,1643888778341,13.4002501,52.472388,6.5022516,1.0365639,-1.0492699,1.3327761,on bike mount,cyclo cross,False,paving stones,good
171e7142-7302-4ef6-81b1-6b92aaca6844,23d8f866-d187-405b-8920-68de510f4c91,88c7f40d-e3ae-4734-9c3b-1a8fa5ff39bb,1643888778397,13.4002501,52.472388,6.5022516,0.13591662,-0.32120085,1.6444988,on bike mount,cyclo cross,False,paving stones,good
171e7142-7302-4ef6-81b1-6b92aaca6844,23d8f866-d187-405b-8920-68de510f4c91,18eaef80-c7b1-4de0-9c3f-5ad5a77a2c30,1643888778454,13.4002501,52.472388,6.5022516,-1.2162013,2.1550107,-1.0698571,on bike mount,cyclo cross,False,paving stones,good
171e7142-7302-4ef6-81b1-6b92aaca6844,23d8f866-d187-405b-8920-68de510f4c91,b228c516-9110-46e2-b750-3c47c6d5f03d,1643888778509,13.4002501,52.472388,6.5022516,2.7952337,-1.5088748,4.8562307,on bike mount,cyclo cross,False,paving stones,good
171e7142-7302-4ef6-81b1-6b92aaca6844,23d8f866-d187-405b-8920-68de510f4c91,c7b01e62-52dc-4472-9fcd-1a27b0083e9a,1643888778565,13.4002501,52.472388,6.5022516,-0.23835349,-3.168585,3.5194445,on bike mount,cyclo cross,False,paving stones,good
171e7142-7302-4ef6-81b1-6b92aaca6844,23d8f866-d187-405b-8920-68de510f4c91,e8204824-4e51-4662-9197-41fc3916aa03,1643888778620,13.4002501,52.472388,6.5022516,0.6545793,0.7791631,-2.5079155,on bike mount,cyclo cross,False,paving stones,good
171e7142-7302-4ef6-81b1-6b92aaca6844,23d8f866-d187-405b-8920-68de510f4c91,ff63d05f-9679-4c13-953f-2f19b1591d02,1643888778675,13.4002501,52.472388,6.5022516,0.5605006,-0.20049,1.1646996,on bike mount,cyclo cross,False,paving stones,good
171e7142-7302-4ef6-81b1-6b92aaca6844,23d8f866-d187-405b-8920-68de510f4c91,12882188-c2f8-4a44-a189-18ade1431500,1643888778731,13.4003457,52.4723921,6.4814534,0.63404536,-2.6445272,1.5152731,on bike mount,cyclo cross,False,paving stones,good
171e7142-7302-4ef6-81b1-6b92aaca6844,23d8f866-d187-405b-8920-68de510f4c91,d12000d1-f579-4d3a-9e2d-7e57672fe308,1643888778786,13.4003457,52.4723921,6.4814534,-0.833761,-0.30840397,0.6313696,on bike mount,cyclo cross,False,paving stones,good
171e7142-7302-4ef6-81b1-6b92aaca6844,23d8f866-d187-405b-8920-68de510f4c91,8327babe-6705-44df-ab6f-84bf5f6515a5,1643888778842,13.4003457,52.4723921,6.4814534,-0.3189649,-0.57613134,-2.763853,on bike mount,cyclo cross,False,paving stones,good
171e7142-7302-4ef6-81b1-6b92aaca6844,23d8f866-d187-405b-8920-68de510f4c91,510fd795-1f13-4593-a23c-ac90a9de226b,1643888778898,13.4003457,52.4723921,6.4814534,1.3136927,3.0205646,5.851652,on bike mount,cyclo cross,False,paving stones,good
