bike_activity_uid,bike_activity_sample_uid,bike_activity_measurement,bike_activity_measurement_timestamp,bike_activity_measurement_lon,bike_activity_measurement_lat,bike_activity_measurement_speed,bike_activity_measurement_accelerometer_x,bike_activity_measurement_accelerometer_y,bike_activity_measurement_accelerometer_z,bike_activity_phone_position,bike_activity_bike_type,bike_activity_flagged_lab_conditions,bike_activity_surface_type,bike_activity_smoothness_type
1b0c7018-d57b-4aa8-96f8-1e5daa18fc97,baf8ecb9-ebef-4894-b83c-a0101c56c0fb,687fb0a9-8a5f-43ac-b334-cbac0b2c6ae8,1634557611214,13.4436631,52.4941547,6.621463,1.7054794,-2.3955107,-2.2832017,on bike mount,cyclo cross,False,mixed,mixed
1b0c7018-d57b-4aa8-96f8-1e5daa18fc97,baf8ecb9-ebef-4894-b83c-a0101c56c0fb,5ecf4b04-cf80-4f34-a5ed-22889408bd6a,1634557611264,13.4436631,52.4941547,6.621463,0.4039093,-2.7176874,-2.565353,on bike mount,cyclo cross,False,mixed,mixed
1b0c7018-d57b-4aa8-96f8-1e5daa18fc97,baf8ecb9-ebef-4894-b83c-a0101c56c0fb,42d5cbfc-2dc3-44b8-8388-231feccccd8c,1634557611314,13.4436631,52.4941547,6.621463,-0.9277158,-2.0858371,-3.2153425,on bike mount,cyclo cross,False,mixed,mixed
1b0c7018-d57b-4aa8-96f8-1e5daa18fc97,baf8ecb9-ebef-4894-b83c-a0101c56c0fb,49be00d1-3d63-42dc-afa2-4fb880b601e5,1634557611365,13.4436631,52.4941547,6.621463,0.9096466,-2.8056219,4.0660753,on bike mount,cyclo cross,False,mixed,mixed
1b0c7018-d57b-4aa8-96f8-1e5daa18fc97,baf8ecb9-ebef-4894-b83c-a0101c56c0fb,045cef3e-25c7-4449-8451-1d831ee22fda,1634557611430,13.4436631,52.4941547,6.621463,-1.911662,-0.16883492,1.9796343,on bike mount,cyclo cross,False,mixed,mixed
1b0c7018-d57b-4aa8-96f8-1e5daa18fc97,baf8ecb9-ebef-4894-b83c-a0101c56c0fb,7ad7c0c1-c543-4cad-8bf7-586abb8f359c,1634557611482,13.4436631,52.4941547,6.621463,0.7100671,-1.4119234,0.53745747,on bike mount,cyclo cross,False,mixed,mixed
1b0c7018-d57b-4aa8-96f8-1e5daa18fc97,baf8ecb9-ebef-4894-b83c-a0101c56c0fb,512df1d7-bf53-40ad-98b9-c50760c598a4,1634557611547,13.4436631,52.4941547,6.621463,1.0883158,-0.5299721,-1.7076464,on bike mount,cyclo cross,False,mixed,mixed
1b0c7018-d57b-4aa8-96f8-1e5daa18fc97,baf8ecb9-ebef-4894-b83c-a0101c56c0fb,1a7bca34-818c-4b00-bbe0-d603e6d672d1,1634557611598,13.4436631,52.4941547,6.621463,-0.63486403,-1.7330916,0.67986107,on bike mount,cyclo cross,False,mixed,mixed
1b0c7018-d57b-4aa8-96f8-1e5daa18fc97,baf8ecb9-ebef-4894-b83c-a0101c56c0fb,b08e7d50-0082-4bec-ab16-999c2c066ad2,1634557611648,13.4436631,52.4941547,6.621463,-0.605563,-1.2818979,0.7347708,on bike mount,cyclo cross,False,mixed,mixed
1b0c7018-d57b-4aa8-96f8-1e5daa18fc97,baf8ecb9-ebef-4894-b83c-a0101c56c0fb,7d091bc4-5860-437e-9ccc-15127e0c5aac,1634557611698,13.4436631,52.4941547,6.621463,-0.0129233,1.074058,2.9762468,on bike mount,cyclo cross,False,mixed,mixed
1b0c7018-d57b-4aa8-96f8-1e5daa18fc97,baf8ecb9-ebef-4894-b83c-a0101c56c0fb,18e7887f-9554-4dda-98a7-9dff54cd1d80,1634557611749,13.4436631,52.4941547,6.621463,0.8778455,-2.6575532,3.80614,on bike mount,cyclo cross,False,mixed,mixed
1b0c7018-d57b-4aa8-96f8-1e5daa18fc97,baf8ecb9-ebef-4894-b83c-a0101c56c0fb,2a767b82-f70a-41fd-8792-9dd66fa2f78d,1634557611800,13.4436631,52.4941547,6.621463,-1.0268421,-1.9372187,-0.0020723343,on bike mount,cyclo cross,False,mixed,mixed
1b0c7018-d57b-4aa8-96f8-1e5daa18fc97,baf8ecb9-ebef-4894-b83c-a0101c56c0fb,4e353bff-601d-4e45-a77c-d743343bf7ab,1634557611865,13.4436631,52.4941547,6.621463,0.20216712,1.81393,-1.4872785,on bike mount,cyclo cross,False,mixed,mixed
1b0c7018-d57b-4aa8-96f8-1e5daa18fc97,baf8ecb9-ebef-4894-b83c-a0101c56c0fb,c710133a-37e6-47e0-a790-a64e174fe6f3,1634557611916,13.4436631,52.4941547,6.621463,1.7800101,-3.4343348,1.7655993,on bike mount,cyclo cross,False,mixed,mixed
1b0c7018-d57b-4aa8-96f8-1e5daa18fc97,baf8ecb9-ebef-4894-b83c-a0101c56c0fb,3fea3755-f974-4934-adfb-5bbe7f927fd1,1634557611966,13.4436631,52.4941547,6.621463,-1.6776392,-1.3315543,1.1261883,on bike mount,cyclo cross,False,mixed,mixed
1b0c7018-d57b-4aa8-96f8-1e5daa18fc97,baf8ecb9-ebef-4894-b83c-a0101c56c0fb,ae82688a-ff3d-4f47-a76a-f11ca6ff7628,1634557612014,13.4435945,52.4941106,6.4614925,-1.4473803,3.1695437,-4.4297967,on bike mount,cyclo cross,False,mixed,mixed
1b0c7018-d57b-4aa8-96f8-1e5daa18fc97,baf8ecb9-ebef-4894-b83c-a0101c56c0fb,a230ff9d-9d28-45d1-adfe-4bfbac8f762f,1634557612065,13.4435945,52.4941106,6.4614925,1.6467113,0.5772021,1.8468037,on bike mount,cyclo cross,False,mixed,mixed
1b0c7018-d57b-4aa8-96f8-1e5daa18fc97,baf8ecb9-ebef-4894-b83c-a0101c56c0fb,0c7b9e0f-5ccf-4a41-b33a-b2db14d40e5d,1634557612116,13.4435945,52.4941106,6.4614925,0.48126,0.46598268,-4.287463,on bike mount,cyclo cross,False,mixed,mixed
1b0c7018-d57b-4aa8-96f8-1e5daa18fc97,baf8ecb9-ebef-4894-b83c-a0101c56c0fb,014f376b-8864-46ca-b5e8-9f3624c0f35a,1634557612167,13.4435945,52.4941106,6.4614925,1.3646247,-5.8572235,-1.1703992,on bike mount,cyclo cross,False,mixed,mixed
1b0c7018-d57b-4aa8-96f8-1e5daa18fc97,baf8ecb9-ebef-4894-b83c-a0101c56c0fb,7869de08-0cbe-4032-9232-99d7e3697aa2,1634557612217,13.4435945,52.4941106,6.4614925,2.0552175,1.6293309,1.5782566,on bike mount,cyclo cross,False,mixed,mixed
1b0c7018-d57b-4aa8-96f8-1e5daa18fc97,baf8ecb9-ebef-4894-b83c-a0101c56c0fb,1d51b167-c693-49c3-9c26-30635a95f6c7,1634557612283,13.4435945,52.4941106,6.4614925,2.3099308,-3.6706111,-2.324943,on bike mount,cyclo cross,False,mixed,mixed
1b0c7018-d57b-4aa8-96f8-1e5daa18fc97,baf8ecb9-ebef-4894-b83c-a0101c56c0fb,d9e60088-de87-4685-ac3c-d7631ffad118,1634557612333,13.4435945,52.4941106,6.4614925,-1.56068,0.23321724,-4.3235035,on bike mount,cyclo cross,False,mixed,mixed
1b0c7018-d57b-4aa8-96f8-1e5daa18fc97,baf8ecb9-ebef-4894-b83c-a0101c56c0fb,2982e07c-01f7-4708-a100-9bb0efe78026,1634557612384,13.4435945,52.4941106,6.4614925,1.6627918,-0.06978631,-2.3023095,on bike mount,cyclo cross,False,mixed,mixed
1b0c7018-d57b-4aa8-96f8-1e5daa18fc97,baf8ecb9-ebef-4894-b83c-a0101c56c0fb,d9294f6c-f083-4ff8-9f57-c221f4777b6f,1634557612434,13.4435945,52.4941106,6.4614925,-5.0470095,5.2367077,-1.7600694,on bike mount,cyclo cross,False,mixed,mixed
1b0c7018-d57b-4aa8-96f8-1e5daa18fc97,baf8ecb9-ebef-4894-b83c-a0101c56c0fb,63b86a20-ad38-476f-9278-20ae037d4543,1634557612484,13.4435945,52.4941106,6.4614925,0.68161786,-2.0092988,4.833066,on bike mount,cyclo cross,False,mixed,mixed
1b0c7018-d57b-4aa8-96f8-1e5daa18fc97,baf8ecb9-ebef-4894-b83c-a0101c56c0fb,90b9a1a2-9845-4787-a759-fd00d59ea01f,1634557612535,13.4435945,52.4941106,6.4614925,-1.164109,-3.7529678,3.0576897,on bike mount,cyclo cross,False,mixed,mixed
1b0c7018-d57b-4aa8-96f8-1e5daa18fc97,baf8ecb9-ebef-4894-b83c-a0101c56c0fb,d04e1088-97e9-4a29-9eca-0ca7a2fa3d70,1634557612602,13.4435945,52.4941106,6.4614925,-0.6793091,-0.84385216,-0.012377739,on bike mount,cyclo cross,False,mixed,mixed
1b0c7018-d57b-4aa8-96f8-1e5daa18fc97,baf8ecb9-ebef-4894-b83c-a0101c56c0fb,acd7aaac-4d4a-499b-b940-6b4f961044bc,1634557612667,13.4435945,52.4941106,6.4614925,-0.10672557,-0.37187886,2.9085531,on bike mount,cyclo cross,False,mixed,mixed
1b0c7018-d57b-4aa8-96f8-1e5daa18fc97,baf8ecb9-ebef-4894-b83c-a0101c56c0fb,bf386baa-7791-404d-aa85-b6f1e6c23164,1634557612717,13.4435945,52.4941106,6.4614925,-0.9886715,2.0221186,1.4603004,on bike mount,cyclo cross,False,mixed,mixed
1b0c7018-d57b-4aa8-96f8-1e5daa18fc97,baf8ecb9-ebef-4894-b83c-a0101c56c0fb,1617627d-0513-440c-af89-6dfec548de7f,1634557612768,13.4435945,52.4941106,6.4614925,1.7552274,-0.5946491,0.9264412,on bike mount,cyclo cross,False,mixed,mixed
1b0c7018-d57b-4aa8-96f8-1e5daa18fc97,baf8ecb9-ebef-4894-b83c-a0101c56c0fb,ef5640c1-4f72-4707-a210-42ec2f56a54f,1634557612820,13.4435945,52.4941106,6.4614925,1.2432678,1.4147315,-0.65285206,on bike mount,cyclo cross,False,mixed,mixed
1b0c7018-d57b-4aa8-96f8-1e5daa18fc97,baf8ecb9-ebef-4894-b83c-a0101c56c0fb,6e1567d3-b42f-4f34-bb69-375c45dba1b5,1634557612885,13.4435945,52.4941106,6.4614925,-1.0686084,-0.95524216,-1.9103012,on bike mount,cyclo cross,False,mixed,mixed
1b0c7018-d57b-4aa8-96f8-1e5daa18fc97,baf8ecb9-ebef-4894-b83c-a0101c56c0fb,6d845ae6-6a40-4592-b35d-7a82db8870a6,1634557612935,13.4435945,52.4941106,6.4614925,0.27218124,-1.3744016,0.7198553,on bike mount,cyclo cross,False,mixed,mixed
1b0c7018-d57b-4aa8-96f8-1e5daa18fc97,baf8ecb9-ebef-4894-b83c-a0101c56c0fb,646ca606-5059-4c3f-bba1-bdb4c174f6b9,1634557612984,13.4435315,52.4940615,6.4812284,0.35653162,-0.30955887,1.1592827,on bike mount,cyclo cross,False,mixed,mixed
1b0c7018-d57b-4aa8-96f8-1e5daa18fc97,baf8ecb9-ebef-4894-b83c-a0101c56c0fb,23ce4c1b-8259-40c2-9112-fa78e1d6c199,1634557613035,13.4435315,52.4940615,6.4812284,0.6852331,1.7819571,2.739832,on bike mount,cyclo cross,False,mixed,mixed
1b0c7018-d57b-4aa8-96f8-1e5daa18fc97,baf8ecb9-ebef-4894-b83c-a0101c56c0fb,0d56b1a9-b943-41bc-8a7f-4d2293e9951c,1634557613085,13.4435315,52.4940615,6.4812284,-1.5148913,0.37658882,0.5374756,on bike mount,cyclo cross,False,mixed,mixed
1b0c7018-d57b-4aa8-96f8-1e5daa18fc97,baf8ecb9-ebef-4894-b83c-a0101c56c0fb,6555cc1b-0a40-45a1-ae0f-3fdd385891a4,1634557613152,13.4435315,52.4940615,6.4812284,0.2587252,0.17823029,1.3146324,on bike mount,cyclo cross,False,mixed,mixed
1b0c7018-d57b-4aa8-96f8-1e5daa18fc97,baf8ecb9-ebef-4894-b83c-a0101c56c0fb,4e407fbb-34f0-4e87-aa30-b5c44827bb8b,1634557613202,13.4435315,52.4940615,6.4812284,0.79311985,-1.131557,1.7121649,on bike mount,cyclo cross,False,mixed,mixed
1b0c7018-d57b-4aa8-96f8-1e5daa18fc97,baf8ecb9-ebef-4894-b83c-a0101c56c0fb,375228f0-91a3-4ccb-b7dd-ab169db0eca4,1634557613269,13.4435315,52.4940615,6.4812284,0.727561,-1.2758781,0.7914505,on bike mount,cyclo cross,False,mixed,mixed
1b0c7018-d57b-4aa8-96f8-1e5daa18fc97,baf8ecb9-ebef-4894-b83c-a0101c56c0fb,cf35fa7a-baae-4038-8fec-4ff10ff4c74e,1634557613319,13.4435315,52.4940615,6.4812284,-0.38612348,-0.434803,0.06218624,on bike mount,cyclo cross,False,mixed,mixed
1b0c7018-d57b-4aa8-96f8-1e5daa18fc97,baf8ecb9-ebef-4894-b83c-a0101c56c0fb,fe8c971d-104f-44f2-a899-3d2f898927e8,1634557613370,13.4435315,52.4940615,6.4812284,1.0102245,-1.8897225,0.7955408,on bike mount,cyclo cross,False,mixed,mixed
1b0c7018-d57b-4aa8-96f8-1e5daa18fc97,baf8ecb9-ebef-4894-b83c-a0101c56c0fb,9e765491-3245-412a-8f5d-06eafffc8de1,1634557613420,13.4435315,52.4940615,6.4812284,0.07617675,0.9464812,1.334094,on bike mount,cyclo cross,False,mixed,mixed
1b0c7018-d57b-4aa8-96f8-1e5daa18fc97,baf8ecb9-ebef-4894-b83c-a0101c56c0fb,e8bfa595-3b8a-4693-81cf-0d7bbde28283,1634557613486,13.4435315,52.4940615,6.4812284,0.47457162,0.0021998882,1.3992186,on bike mount,cyclo cross,False,mixed,mixed
1b0c7018-d57b-4aa8-96f8-1e5daa18fc97,baf8ecb9-ebef-4894-b83c-a0101c56c0fb,7b808312-a655-4d25-a54c-32fb50c5c030,1634557613552,13.4435315,52.4940615,6.4812284,-1.1516112,1.3259482,-3.1894765,on bike mount,cyclo cross,False,mixed,mixed
1b0c7018-d57b-4aa8-96f8-1e5daa18fc97,baf8ecb9-ebef-4894-b83c-a0101c56c0fb,42908e59-c393-4cea-aa89-4fb64c07a781,1634557613603,13.4435315,52.4940615,6.4812284,0.4255978,1.7466383,-0.6138401,on bike mount,cyclo cross,False,mixed,mixed
1b0c7018-d57b-4aa8-96f8-1e5daa18fc97,baf8ecb9-ebef-4894-b83c-a0101c56c0fb,85e31053-8645-418b-8b7e-dbce773acf20,1634557613654,13.4435315,52.4940615,6.4812284,-0.049378917,-1.0305917,-0.5330734,on bike mount,cyclo cross,False,mixed,mixed
1b0c7018-d57b-4aa8-96f8-1e5daa18fc97,baf8ecb9-ebef-4894-b83c-a0101c56c0fb,9b4cbc82-bd4c-4a03-a0a3-ea09085174d9,1634557613719,13.4435315,52.4940615,6.4812284,-0.7870034,-1.0541662,0.031456947,on bike mount,cyclo cross,False,mixed,mixed
1b0c7018-d57b-4aa8-96f8-1e5daa18fc97,baf8ecb9-ebef-4894-b83c-a0101c56c0fb,4846ecda-f5e2-4dff-9430-ac6261c1ddce,1634557613769,13.4435315,52.4940615,6.4812284,-0.09752542,3.2771902,-1.6387324,on bike mount,cyclo cross,False,mixed,mixed
1b0c7018-d57b-4aa8-96f8-1e5daa18fc97,baf8ecb9-ebef-4894-b83c-a0101c56c0fb,f54eba3c-a809-4e6d-8b92-d054781e3240,1634557613820,13.4435315,52.4940615,6.4812284,-0.1843636,0.29323006,-0.5293169,on bike mount,cyclo cross,False,mixed,mixed
1b0c7018-d57b-4aa8-96f8-1e5daa18fc97,baf8ecb9-ebef-4894-b83c-a0101c56c0fb,4862241f-a855-423c-ba7c-1dfb15f0a81a,1634557613871,13.4435315,52.4940615,6.4812284,-0.6460081,0.36849117,-4.9108257,on bike mount,cyclo cross,False,mixed,mixed
1b0c7018-d57b-4aa8-96f8-1e5daa18fc97,baf8ecb9-ebef-4894-b83c-a0101c56c0fb,bfc3ddbe-0256-4a2c-b05e-12b4d71bf6c1,1634557613921,13.4435315,52.4940615,6.4812284,1.2462771,0.44754767,-4.651971,on bike mount,cyclo cross,False,mixed,mixed
1b0c7018-d57b-4aa8-96f8-1e5daa18fc97,baf8ecb9-ebef-4894-b83c-a0101c56c0fb,65e74a4e-342e-4a82-ba91-efcdc19e0c42,1634557613973,13.4434666,52.4940101,6.6181264,0.29950953,0.33807325,2.6172857,on bike mount,cyclo cross,False,mixed,mixed
1b0c7018-d57b-4aa8-96f8-1e5daa18fc97,baf8ecb9-ebef-4894-b83c-a0101c56c0fb,126b75bf-594e-4505-9858-60559912fcfb,1634557614036,13.4434666,52.4940101,6.6181264,-2.6955445,2.9573545,-1.0804873,on bike mount,cyclo cross,False,mixed,mixed
1b0c7018-d57b-4aa8-96f8-1e5daa18fc97,baf8ecb9-ebef-4894-b83c-a0101c56c0fb,dfd2f28b-f1e6-4f90-a002-b8302e14f36f,1634557614087,13.4434666,52.4940101,6.6181264,-0.40298462,-0.47626472,-0.985157,on bike mount,cyclo cross,False,mixed,mixed
1b0c7018-d57b-4aa8-96f8-1e5daa18fc97,baf8ecb9-ebef-4894-b83c-a0101c56c0fb,f440e9d1-9c91-4239-9b2c-a8a612efe2a3,1634557614137,13.4434666,52.4940101,6.6181264,1.4479274,-1.5566491,1.2965679,on bike mount,cyclo cross,False,mixed,mixed
1b0c7018-d57b-4aa8-96f8-1e5daa18fc97,baf8ecb9-ebef-4894-b83c-a0101c56c0fb,3c10db37-1cd5-4e79-be00-89cd46e88b7d,1634557614201,13.4434666,52.4940101,6.6181264,-1.9571624,-1.6610966,1.8095522,on bike mount,cyclo cross,False,mixed,mixed
1b0c7018-d57b-4aa8-96f8-1e5daa18fc97,baf8ecb9-ebef-4894-b83c-a0101c56c0fb,1c093008-00fe-409e-a644-a1b728aa1b2e,1634557614254,13.4434666,52.4940101,6.6181264,-1.3575747,-3.9244273,-0.9083624,on bike mount,cyclo cross,False,mixed,mixed
1b0c7018-d57b-4aa8-96f8-1e5daa18fc97,baf8ecb9-ebef-4894-b83c-a0101c56c0fb,0161e394-3ea0-4cb8-aacb-184aa07e0082,1634557614305,13.4434666,52.4940101,6.6181264,0.37203735,0.17340517,0.7822809,on bike mount,cyclo cross,False,mixed,mixed
1b0c7018-d57b-4aa8-96f8-1e5daa18fc97,baf8ecb9-ebef-4894-b83c-a0101c56c0fb,e191d0f4-04dd-4dad-accf-3e546e540cb7,1634557614371,13.4434666,52.4940101,6.6181264,1.0803298,-6.463571,-0.36845398,on bike mount,cyclo cross,False,mixed,mixed
1b0c7018-d57b-4aa8-96f8-1e5daa18fc97,baf8ecb9-ebef-4894-b83c-a0101c56c0fb,7cf9cc95-6bb7-452b-8309-0edc739b5207,1634557614437,13.4434666,52.4940101,6.6181264,0.18452676,0.60493994,4.036936,on bike mount,cyclo cross,False,mixed,mixed
1b0c7018-d57b-4aa8-96f8-1e5daa18fc97,baf8ecb9-ebef-4894-b83c-a0101c56c0fb,54b36032-4a3c-476b-b7b1-f7d88ad570f4,1634557614488,13.4434666,52.4940101,6.6181264,0.43218863,-1.4780068,-0.87845993,on bike mount,cyclo cross,False,mixed,mixed
1b0c7018-d57b-4aa8-96f8-1e5daa18fc97,baf8ecb9-ebef-4894-b83c-a0101c56c0fb,12b1b30f-b829-4c11-8909-86d24b3b77e9,1634557614538,13.4434666,52.4940101,6.6181264,0.05177056,-0.8295233,-0.49598312,on bike mount,cyclo cross,False,mixed,mixed
1b0c7018-d57b-4aa8-96f8-1e5daa18fc97,baf8ecb9-ebef-4894-b83c-a0101c56c0fb,1e8f7c3a-81b9-4495-a50a-23eccba140fd,1634557614588,13.4434666,52.4940101,6.6181264,-0.014237553,0.47314906,-0.5282564,on bike mount,cyclo cross,False,mixed,mixed
1b0c7018-d57b-4aa8-96f8-1e5daa18fc97,baf8ecb9-ebef-4894-b83c-a0101c56c0fb,b49af67d-63c0-4bb1-af64-3e15a21478f4,1634557614638,13.4434666,52.4940101,6.6181264,0.15194035,1.8380394,-2.1560578,on bike mount,cyclo cross,False,mixed,mixed
1b0c7018-d57b-4aa8-96f8-1e5daa18fc97,baf8ecb9-ebef-4894-b83c-a0101c56c0fb,a6e87bff-f5f6-4c98-85d9-4b3be2a3e13b,1634557614688,13.4434666,52.4940101,6.6181264,0.34326866,0.9708767,-1.2885394,on bike mount,cyclo cross,False,mixed,mixed
1b0c7018-d57b-4aa8-96f8-1e5daa18fc97,baf8ecb9-ebef-4894-b83c-a0101c56c0fb,08765471-fcf4-49c3-b492-c653673cef49,1634557614739,13.4434666,52.4940101,6.6181264,-0.04268232,-3.2481139,2.6098976,on bike mount,cyclo cross,False,mixed,mixed
1b0c7018-d57b-4aa8-96f8-1e5daa18fc97,baf8ecb9-ebef-4894-b83c-a0101c56c0fb,6ce444fd-19ff-408f-bc91-19edd62af894,1634557614789,13.4434666,52.4940101,6.6181264,1.0249927,-2.4666336,-0.23619556,on bike mount,cyclo cross,False,mixed,mixed
1b0c7018-d57b-4aa8-96f8-1e5daa18fc97,baf8ecb9-ebef-4894-b83c-a0101c56c0fb,6b944762-071f-432e-8537-176e4b3c24bd,1634557614854,13.4434666,52.4940101,6.6181264,-1.1705667,0.021370888,2.8600092,on bike mount,cyclo cross,False,mixed,mixed
1b0c7018-d57b-4aa8-96f8-1e5daa18fc97,baf8ecb9-ebef-4894-b83c-a0101c56c0fb,e2d84ef1-938c-41b1-978e-e9e95ac5dd4e,1634557614905,13.4434666,52.4940101,6.6181264,0.1044579,-0.024861574,-3.8255458,on bike mount,cyclo cross,False,mixed,mixed
1b0c7018-d57b-4aa8-96f8-1e5daa18fc97,baf8ecb9-ebef-4894-b83c-a0101c56c0fb,4e30abbc-993d-430d-8a5a-76749fc0571d,1634557614962,13.4434666,52.4940101,6.6181264,2.3272636,-2.231773,2.3816795,on bike mount,cyclo cross,False,mixed,mixed
1b0c7018-d57b-4aa8-96f8-1e5daa18fc97,baf8ecb9-ebef-4894-b83c-a0101c56c0fb,9a1d8847-60be-4457-97d9-3066ba7535b9,1634557615021,13.4434045,52.4939552,6.4579744,2.2434359,3.5419607,1.75525,on bike mount,cyclo cross,False,mixed,mixed
1b0c7018-d57b-4aa8-96f8-1e5daa18fc97,baf8ecb9-ebef-4894-b83c-a0101c56c0fb,2ee18c1e-d3ab-401d-99c0-c18c376b153b,1634557615072,13.4434045,52.4939552,6.4579744,-1.0912893,-0.35061502,4.0834703,on bike mount,cyclo cross,False,mixed,mixed
1b0c7018-d57b-4aa8-96f8-1e5daa18fc97,baf8ecb9-ebef-4894-b83c-a0101c56c0fb,294bb995-54cc-4e91-9e96-97eb0081e90a,1634557615123,13.4434045,52.4939552,6.4579744,-0.6679217,1.2751637,-1.4305205,on bike mount,cyclo cross,False,mixed,mixed
1b0c7018-d57b-4aa8-96f8-1e5daa18fc97,baf8ecb9-ebef-4894-b83c-a0101c56c0fb,13e7722a-07d9-4da3-8bc6-303319bd385f,1634557615173,13.4434045,52.4939552,6.4579744,-1.1506232,2.2588396,-2.489779,on bike mount,cyclo cross,False,mixed,mixed
1b0c7018-d57b-4aa8-96f8-1e5daa18fc97,baf8ecb9-ebef-4894-b83c-a0101c56c0fb,803f036d-7092-4453-8430-c130011181e5,1634557615223,13.4434045,52.4939552,6.4579744,-1.2023511,0.17733026,-3.5344748,on bike mount,cyclo cross,False,mixed,mixed
1b0c7018-d57b-4aa8-96f8-1e5daa18fc97,baf8ecb9-ebef-4894-b83c-a0101c56c0fb,9427b61b-675c-4e90-85f5-8f2a7c5ad3ce,1634557615291,13.4434045,52.4939552,6.4579744,-0.038607985,1.5274005,-1.8737712,on bike mount,cyclo cross,False,mixed,mixed
1b0c7018-d57b-4aa8-96f8-1e5daa18fc97,baf8ecb9-ebef-4894-b83c-a0101c56c0fb,4e9e5410-a2a3-4d74-9db8-75bfd9173c49,1634557615341,13.4434045,52.4939552,6.4579744,0.32938278,0.59173584,-1.243885,on bike mount,cyclo cross,False,mixed,mixed
1b0c7018-d57b-4aa8-96f8-1e5daa18fc97,baf8ecb9-ebef-4894-b83c-a0101c56c0fb,9166e538-0e09-4381-9e7b-48df4cba0fd1,1634557615390,13.4434045,52.4939552,6.4579744,1.9349959,1.487802,-1.4012108,on bike mount,cyclo cross,False,mixed,mixed
1b0c7018-d57b-4aa8-96f8-1e5daa18fc97,baf8ecb9-ebef-4894-b83c-a0101c56c0fb,63980887-9568-4e30-80ab-be66c3c78d45,1634557615441,13.4434045,52.4939552,6.4579744,0.81777155,1.0339684,-1.1579046,on bike mount,cyclo cross,False,mixed,mixed
1b0c7018-d57b-4aa8-96f8-1e5daa18fc97,baf8ecb9-ebef-4894-b83c-a0101c56c0fb,85512540-23ab-4481-9ac9-9a12503d02e3,1634557615490,13.4434045,52.4939552,6.4579744,0.8583343,2.000985,-2.2157135,on bike mount,cyclo cross,False,mixed,mixed
1b0c7018-d57b-4aa8-96f8-1e5daa18fc97,baf8ecb9-ebef-4894-b83c-a0101c56c0fb,86680c4e-bdb8-4056-9bc9-22da6b0b0120,1634557615540,13.4434045,52.4939552,6.4579744,0.26707864,0.91466355,0.65030575,on bike mount,cyclo cross,False,mixed,mixed
1b0c7018-d57b-4aa8-96f8-1e5daa18fc97,baf8ecb9-ebef-4894-b83c-a0101c56c0fb,2b1afffb-95ab-46b5-b7c5-2fdd2c69b69a,1634557615590,13.4434045,52.4939552,6.4579744,0.9234349,-1.299554,-0.5870886,on bike mount,cyclo cross,False,mixed,mixed
1b0c7018-d57b-4aa8-96f8-1e5daa18fc97,baf8ecb9-ebef-4894-b83c-a0101c56c0fb,8ff41d0d-f73b-416b-ac41-23b04982de21,1634557615641,13.4434045,52.4939552,6.4579744,0.4992025,-2.1391168,3.0527925,on bike mount,cyclo cross,False,mixed,mixed
1b0c7018-d57b-4aa8-96f8-1e5daa18fc97,baf8ecb9-ebef-4894-b83c-a0101c56c0fb,8ce2d209-f5cb-4d0b-855a-4c3d8f27915f,1634557615706,13.4434045,52.4939552,6.4579744,1.1594346,3.2762184,-2.533092,on bike mount,cyclo cross,False,mixed,mixed
1b0c7018-d57b-4aa8-96f8-1e5daa18fc97,baf8ecb9-ebef-4894-b83c-a0101c56c0fb,3847303e-3992-4952-87cc-885ae8b49eca,1634557615757,13.4434045,52.4939552,6.4579744,-0.6436566,-0.8010061,0.82654667,on bike mount,cyclo cross,False,mixed,mixed
1b0c7018-d57b-4aa8-96f8-1e5daa18fc97,baf8ecb9-ebef-4894-b83c-a0101c56c0fb,8a89b240-45ab-420d-aeae-1cc22e2f05d4,1634557615808,13.4434045,52.4939552,6.4579744,-1.133954,-0.8008268,-0.014187813,on bike mount,cyclo cross,False,mixed,mixed
1b0c7018-d57b-4aa8-96f8-1e5daa18fc97,baf8ecb9-ebef-4894-b83c-a0101c56c0fb,2f3304df-f838-46fb-993a-7cdb312ef900,1634557615858,13.4434045,52.4939552,6.4579744,0.18788522,-1.0595275,-0.042337418,on bike mount,cyclo cross,False,mixed,mixed
1b0c7018-d57b-4aa8-96f8-1e5daa18fc97,baf8ecb9-ebef-4894-b83c-a0101c56c0fb,ed8acffc-d713-403d-8f4b-f9e3cd913f5d,1634557615908,13.4434045,52.4939552,6.4579744,0.9884436,-0.5342257,-0.0772562,on bike mount,cyclo cross,False,mixed,mixed
1b0c7018-d57b-4aa8-96f8-1e5daa18fc97,baf8ecb9-ebef-4894-b83c-a0101c56c0fb,8e07729a-f25a-40bc-abbf-49217b34f538,1634557615957,13.4434045,52.4939552,6.4579744,-0.13730556,0.28441024,-1.0631118,on bike mount,cyclo cross,False,mixed,mixed
1b0c7018-d57b-4aa8-96f8-1e5daa18fc97,baf8ecb9-ebef-4894-b83c-a0101c56c0fb,81a582cc-d358-47e7-81cb-2bcf1a8464c4,1634557616008,13.4433457,52.4939042,6.5579224,-0.042912602,-0.2021823,0.90976906,on bike mount,cyclo cross,False,mixed,mixed
1b0c7018-d57b-4aa8-96f8-1e5daa18fc97,baf8ecb9-ebef-4894-b83c-a0101c56c0fb,6ef5d1a4-a90f-497f-ab4c-75ab4ba85d92,1634557616074,13.4433457,52.4939042,6.5579224,0.57422763,-1.885904,1.3544111,on bike mount,cyclo cross,False,mixed,mixed
1b0c7018-d57b-4aa8-96f8-1e5daa18fc97,baf8ecb9-ebef-4894-b83c-a0101c56c0fb,28d9a510-15b2-4738-ba67-5479fcbb0641,1634557616125,13.4433457,52.4939042,6.5579224,0.08826065,1.2191033,-2.6918,on bike mount,cyclo cross,False,mixed,mixed
1b0c7018-d57b-4aa8-96f8-1e5daa18fc97,baf8ecb9-ebef-4894-b83c-a0101c56c0fb,d833d1af-a8c3-4dd9-8c28-1d05083efd14,1634557616175,13.4433457,52.4939042,6.5579224,2.294678,-0.8199167,0.31468296,on bike mount,cyclo cross,False,mixed,mixed
1b0c7018-d57b-4aa8-96f8-1e5daa18fc97,baf8ecb9-ebef-4894-b83c-a0101c56c0fb,0ebed1c3-ab86-4f15-8b51-361395e3436c,1634557616225,13.4433457,52.4939042,6.5579224,0.333373,0.32640457,-0.32313251,on bike mount,cyclo cross,False,mixed,mixed
1b0c7018-d57b-4aa8-96f8-1e5daa18fc97,baf8ecb9-ebef-4894-b83c-a0101c56c0fb,69b07ccf-7bfb-43f9-871d-ee2c9304531f,1634557616293,13.4433457,52.4939042,6.5579224,1.0150702,0.025211334,-0.06673908,on bike mount,cyclo cross,False,mixed,mixed
1b0c7018-d57b-4aa8-96f8-1e5daa18fc97,baf8ecb9-ebef-4894-b83c-a0101c56c0fb,9326eb16-b031-4be5-9952-7b1e34b9b0e2,1634557616342,13.4433457,52.4939042,6.5579224,-0.43003857,-1.3679576,1.0521603,on bike mount,cyclo cross,False,mixed,mixed
1b0c7018-d57b-4aa8-96f8-1e5daa18fc97,baf8ecb9-ebef-4894-b83c-a0101c56c0fb,a6225dce-8e59-4e1a-a558-a3cf168c3bbb,1634557616392,13.4433457,52.4939042,6.5579224,0.9795211,-0.67058897,-0.45120335,on bike mount,cyclo cross,False,mixed,mixed
1b0c7018-d57b-4aa8-96f8-1e5daa18fc97,baf8ecb9-ebef-4894-b83c-a0101c56c0fb,0f7ee081-1ed2-404f-9756-2d7274f295dc,1634557616443,13.4433457,52.4939042,6.5579224,0.8789519,0.20076299,0.24276638,on bike mount,cyclo cross,False,mixed,mixed
1b0c7018-d57b-4aa8-96f8-1e5daa18fc97,baf8ecb9-ebef-4894-b83c-a0101c56c0fb,7b6345dc-68a1-4d7b-b7a6-dc56afa6eed2,1634557616510,13.4433457,52.4939042,6.5579224,-0.95491636,0.34167027,1.2401409,on bike mount,cyclo cross,False,mixed,mixed
1b0c7018-d57b-4aa8-96f8-1e5daa18fc97,baf8ecb9-ebef-4894-b83c-a0101c56c0fb,adccf5f8-b832-411b-94cf-7482247257db,1634557616561,13.4433457,52.4939042,6.5579224,0.06959742,-0.022554398,1.8232775,on bike mount,cyclo cross,False,mixed,mixed
