bike_activity_uid,bike_activity_sample_uid,bike_activity_measurement,bike_activity_measurement_timestamp,bike_activity_measurement_lon,bike_activity_measurement_lat,bike_activity_measurement_speed,bike_activity_measurement_accelerometer_x,bike_activity_measurement_accelerometer_y,bike_activity_measurement_accelerometer_z,bike_activity_phone_position,bike_activity_bike_type,bike_activity_flagged_lab_conditions,bike_activity_surface_type,bike_activity_smoothness_type
23ac90d7-210b-4f01-8724-7b78e5d11963,d3afd532-8a4f-4872-a687-e4f2aae279b1,dd8cf43c-9443-4b33-8799-01ff844cdc24,1633161935066,13.8699576,52.4002445,7.2938323,0.18735105,-2.585532,3.624363,on bike mount,cyclo cross,True,asphalt,excellent
23ac90d7-210b-4f01-8724-7b78e5d11963,d3afd532-8a4f-4872-a687-e4f2aae279b1,0abdf3aa-6e04-40b6-b1f0-ca910137ea7c,1633161935116,13.8699576,52.4002445,7.2938323,1.835356,-2.763597,1.3759117,on bike mount,cyclo cross,True,asphalt,excellent
23ac90d7-210b-4f01-8724-7b78e5d11963,d3afd532-8a4f-4872-a687-e4f2aae279b1,05d2caf3-ac80-46f8-b6a1-4891049dd485,1633161935167,13.8699576,52.4002445,7.2938323,0.560657,1.8868682,-1.5950723,on bike mount,cyclo cross,True,asphalt,excellent
23ac90d7-210b-4f01-8724-7b78e5d11963,d3afd532-8a4f-4872-a687-e4f2aae279b1,4f1881c0-990b-4289-8cc3-817c75b13644,1633161935217,13.8699576,52.4002445,7.2938323,-1.0845675,4.045755,3.071002,on bike mount,cyclo cross,True,asphalt,excellent
23ac90d7-210b-4f01-8724-7b78e5d11963,d3afd532-8a4f-4872-a687-e4f2aae279b1,8ef4cc46-e7c1-46ce-8b67-a8b2ce8f305f,1633161935268,13.8699576,52.4002445,7.2938323,1.3164693,-0.9303825,2.9381704,on bike mount,cyclo cross,True,asphalt,excellent
23ac90d7-210b-4f01-8724-7b78e5d11963,d3afd532-8a4f-4872-a687-e4f2aae279b1,09308931-d211-44a8-ac0e-9064ee7abb6f,1633161935320,13.8699576,52.4002445,7.2938323,-0.77241683,-0.044407368,1.740386,on bike mount,cyclo cross,True,asphalt,excellent
23ac90d7-210b-4f01-8724-7b78e5d11963,d3afd532-8a4f-4872-a687-e4f2aae279b1,51c896d8-895f-4ea6-bc59-cb174f15726e,1633161935370,13.8699576,52.4002445,7.2938323,0.89836526,0.7681937,0.47777367,on bike mount,cyclo cross,True,asphalt,excellent
23ac90d7-210b-4f01-8724-7b78e5d11963,d3afd532-8a4f-4872-a687-e4f2aae279b1,735a954a-a37b-4dbd-8968-1c5f20b0a846,1633161935421,13.8699576,52.4002445,7.2938323,0.18684644,-1.1336585,2.0999517,on bike mount,cyclo cross,True,asphalt,excellent
23ac90d7-210b-4f01-8724-7b78e5d11963,d3afd532-8a4f-4872-a687-e4f2aae279b1,5fee8a25-2cb2-4fb1-a4b7-773c7ba9f3d4,1633161935471,13.8699576,52.4002445,7.2938323,0.035312794,0.30065393,0.24866676,on bike mount,cyclo cross,True,asphalt,excellent
23ac90d7-210b-4f01-8724-7b78e5d11963,d3afd532-8a4f-4872-a687-e4f2aae279b1,b32cd849-a3c5-4b2a-9491-07bf3e82ea15,1633161935520,13.8699576,52.4002445,7.2938323,-2.0844831,0.69711757,1.1571293,on bike mount,cyclo cross,True,asphalt,excellent
23ac90d7-210b-4f01-8724-7b78e5d11963,c57491db-e990-45c9-8986-21ac38268ce1,e4e2fc89-f7f0-4262-8877-41b8585e46fb,1633161902655,13.8664794,52.3996061,7.340803,-0.55532897,0.15748715,0.92734814,on bike mount,cyclo cross,True,asphalt,excellent
23ac90d7-210b-4f01-8724-7b78e5d11963,c57491db-e990-45c9-8986-21ac38268ce1,c47a3a73-3fd2-4047-b5c2-a4fa9270a27b,1633161902709,13.8664794,52.3996061,7.340803,1.1277213,0.31474733,-5.5213685,on bike mount,cyclo cross,True,asphalt,excellent
23ac90d7-210b-4f01-8724-7b78e5d11963,c57491db-e990-45c9-8986-21ac38268ce1,e814b0b5-78cf-46be-9600-6e48e3ccffb9,1633161902758,13.8665935,52.3996383,7.425055,-0.44125372,0.49373865,1.2809706,on bike mount,cyclo cross,True,asphalt,excellent
23ac90d7-210b-4f01-8724-7b78e5d11963,c57491db-e990-45c9-8986-21ac38268ce1,e087547a-8a1c-4f6a-a1b7-be2c4528f159,1633161903653,13.8665935,52.3996383,7.425055,0.57476795,-1.1402133,-1.3884907,on bike mount,cyclo cross,True,asphalt,excellent
23ac90d7-210b-4f01-8724-7b78e5d11963,c57491db-e990-45c9-8986-21ac38268ce1,04b6586c-5efb-4a8b-821a-bafc2b495c1f,1633161903705,13.8665935,52.3996383,7.425055,-0.14885852,-1.6244168,1.5618792,on bike mount,cyclo cross,True,asphalt,excellent
23ac90d7-210b-4f01-8724-7b78e5d11963,c57491db-e990-45c9-8986-21ac38268ce1,6af5a294-e184-428e-a154-6044658d3d01,1633161903754,13.8667062,52.3996619,7.427999,-0.1384795,0.66918206,-0.694541,on bike mount,cyclo cross,True,asphalt,excellent
23ac90d7-210b-4f01-8724-7b78e5d11963,c57491db-e990-45c9-8986-21ac38268ce1,d8ba14fc-ae9b-45a8-9822-3fd333f77e2b,1633161903805,13.8667062,52.3996619,7.427999,-0.98354036,1.5149183,1.7270365,on bike mount,cyclo cross,True,asphalt,excellent
23ac90d7-210b-4f01-8724-7b78e5d11963,c57491db-e990-45c9-8986-21ac38268ce1,f44c1ade-023a-48b3-92dc-ec0d56d9e9dd,1633161904649,13.8667062,52.3996619,7.427999,-0.98354036,1.5149183,1.7270365,on bike mount,cyclo cross,True,asphalt,excellent
23ac90d7-210b-4f01-8724-7b78e5d11963,c57491db-e990-45c9-8986-21ac38268ce1,7214db14-2fc8-4592-adcb-82202f236835,1633161904699,13.8667062,52.3996619,7.427999,-0.097060144,0.9631288,-0.76585674,on bike mount,cyclo cross,True,asphalt,excellent
23ac90d7-210b-4f01-8724-7b78e5d11963,c57491db-e990-45c9-8986-21ac38268ce1,bd26b7b6-d395-4534-a9cc-9dee72a74e95,1633161904750,13.8668141,52.3996823,7.402016,1.221266,0.21773005,3.5296774,on bike mount,cyclo cross,True,asphalt,excellent
23ac90d7-210b-4f01-8724-7b78e5d11963,c57491db-e990-45c9-8986-21ac38268ce1,228b2608-cf99-43ad-91ac-1159721fbbc0,1633161904800,13.8668141,52.3996823,7.402016,0.697049,-0.3462572,-0.51738167,on bike mount,cyclo cross,True,asphalt,excellent
23ac90d7-210b-4f01-8724-7b78e5d11963,c57491db-e990-45c9-8986-21ac38268ce1,1fde2d39-42ce-40a9-aa1e-ff102c92ae43,1633161905649,13.8668141,52.3996823,7.402016,0.697049,-0.3462572,-0.51738167,on bike mount,cyclo cross,True,asphalt,excellent
23ac90d7-210b-4f01-8724-7b78e5d11963,c57491db-e990-45c9-8986-21ac38268ce1,b0f9c283-65c0-4f3a-9598-fc6146900cf9,1633161905699,13.8668141,52.3996823,7.402016,-0.9420588,-0.024603605,-0.30513,on bike mount,cyclo cross,True,asphalt,excellent
23ac90d7-210b-4f01-8724-7b78e5d11963,c57491db-e990-45c9-8986-21ac38268ce1,e376173d-2c16-43a5-8cda-9d7e1028806b,1633161905749,13.8669189,52.3997036,7.436839,-0.043350466,2.05866,-2.2958126,on bike mount,cyclo cross,True,asphalt,excellent
23ac90d7-210b-4f01-8724-7b78e5d11963,c57491db-e990-45c9-8986-21ac38268ce1,a5d16c7d-0e11-4c1e-9dc7-e087d11165b2,1633161906640,13.8669189,52.3997036,7.436839,0.18448591,-0.32276678,-1.0843058,on bike mount,cyclo cross,True,asphalt,excellent
23ac90d7-210b-4f01-8724-7b78e5d11963,c57491db-e990-45c9-8986-21ac38268ce1,c8a07bae-ff23-4329-8fe4-97cda4d1ba04,1633161906695,13.8669189,52.3997036,7.436839,-0.3067206,-1.5560809,1.1520233,on bike mount,cyclo cross,True,asphalt,excellent
23ac90d7-210b-4f01-8724-7b78e5d11963,c57491db-e990-45c9-8986-21ac38268ce1,522d11d0-19c3-4af4-ba19-519fc1a52722,1633161906747,13.8670296,52.3997253,7.478314,-0.7791019,0.51840377,-1.6246405,on bike mount,cyclo cross,True,asphalt,excellent
23ac90d7-210b-4f01-8724-7b78e5d11963,c57491db-e990-45c9-8986-21ac38268ce1,20fc4447-4473-46a8-916b-2f539cb62d3d,1633161907642,13.8670296,52.3997253,7.478314,0.012093097,-1.0647742,1.8125324,on bike mount,cyclo cross,True,asphalt,excellent
23ac90d7-210b-4f01-8724-7b78e5d11963,c57491db-e990-45c9-8986-21ac38268ce1,cdccd3f4-2ef4-4f56-b722-dd6dabc315fa,1633161907693,13.8671294,52.3997393,7.433692,0.9369883,-0.9126698,0.56659317,on bike mount,cyclo cross,True,asphalt,excellent
23ac90d7-210b-4f01-8724-7b78e5d11963,c57491db-e990-45c9-8986-21ac38268ce1,e886928c-2965-47e4-9633-9f9415f2c648,1633161907743,13.8671294,52.3997393,7.433692,-0.16138233,0.108345985,-0.36507607,on bike mount,cyclo cross,True,asphalt,excellent
23ac90d7-210b-4f01-8724-7b78e5d11963,c57491db-e990-45c9-8986-21ac38268ce1,7961187f-b3f8-4abb-8870-07b57b59f150,1633161907794,13.8671294,52.3997393,7.433692,-1.1165829,-0.45203996,-0.7570944,on bike mount,cyclo cross,True,asphalt,excellent
23ac90d7-210b-4f01-8724-7b78e5d11963,c57491db-e990-45c9-8986-21ac38268ce1,08269201-9b7d-4f78-99f3-862ec903c4a0,1633161908649,13.8671294,52.3997393,7.433692,-1.1165829,-0.45203996,-0.7570944,on bike mount,cyclo cross,True,asphalt,excellent
23ac90d7-210b-4f01-8724-7b78e5d11963,c57491db-e990-45c9-8986-21ac38268ce1,29d50133-ac5d-48cd-b30e-7457da33b098,1633161908700,13.8672342,52.3997586,7.4327903,-0.37332743,-2.3624241,2.0551796,on bike mount,cyclo cross,True,asphalt,excellent
23ac90d7-210b-4f01-8724-7b78e5d11963,c57491db-e990-45c9-8986-21ac38268ce1,49e7d068-d096-4a0c-bc31-59e95e9e7a56,1633161908750,13.8672342,52.3997586,7.4327903,0.8664287,0.0631628,-0.2657566,on bike mount,cyclo cross,True,asphalt,excellent
23ac90d7-210b-4f01-8724-7b78e5d11963,c57491db-e990-45c9-8986-21ac38268ce1,54ed6c41-2ea3-498b-8e11-1f7faedd2da8,1633161909658,13.8672342,52.3997586,7.4327903,-0.390581,-0.01403904,-0.59736156,on bike mount,cyclo cross,True,asphalt,excellent
23ac90d7-210b-4f01-8724-7b78e5d11963,c57491db-e990-45c9-8986-21ac38268ce1,7889ab9e-1889-47c1-8e2d-63aca6d276d2,1633161909708,13.8673326,52.3997792,7.413921,0.06036648,0.031120777,-0.07848072,on bike mount,cyclo cross,True,asphalt,excellent
23ac90d7-210b-4f01-8724-7b78e5d11963,c57491db-e990-45c9-8986-21ac38268ce1,f99fea65-9898-4c08-815c-866c47918280,1633161909760,13.8673326,52.3997792,7.413921,0.3333591,1.2698398,-0.53756523,on bike mount,cyclo cross,True,asphalt,excellent
23ac90d7-210b-4f01-8724-7b78e5d11963,c57491db-e990-45c9-8986-21ac38268ce1,8d84d8cb-bb92-4d55-9c42-41c99fda946c,1633161910657,13.8673326,52.3997792,7.413921,0.303177,-0.24488544,-2.0038934,on bike mount,cyclo cross,True,asphalt,excellent
23ac90d7-210b-4f01-8724-7b78e5d11963,c57491db-e990-45c9-8986-21ac38268ce1,b379aa19-ec91-4cd7-8faa-b813e4888937,1633161910708,13.8673326,52.3997792,7.413921,0.010223925,0.5835619,0.7837734,on bike mount,cyclo cross,True,asphalt,excellent
23ac90d7-210b-4f01-8724-7b78e5d11963,c57491db-e990-45c9-8986-21ac38268ce1,b8c9e662-4582-48db-bc4d-54af7f0bc07a,1633161910759,13.867437,52.3997949,7.402219,0.78491795,-0.887131,0.62304497,on bike mount,cyclo cross,True,asphalt,excellent
23ac90d7-210b-4f01-8724-7b78e5d11963,c57491db-e990-45c9-8986-21ac38268ce1,18055bc1-621d-412e-8677-efdf8e8b584c,1633161911650,13.867437,52.3997949,7.402219,-0.48673192,0.42045975,0.16788149,on bike mount,cyclo cross,True,asphalt,excellent
23ac90d7-210b-4f01-8724-7b78e5d11963,c57491db-e990-45c9-8986-21ac38268ce1,50d6c466-9c97-4cbb-9146-3116168d0e0d,1633161911700,13.8675446,52.3998124,7.3910537,-0.6914965,0.071332455,1.4210167,on bike mount,cyclo cross,True,asphalt,excellent
23ac90d7-210b-4f01-8724-7b78e5d11963,c57491db-e990-45c9-8986-21ac38268ce1,e65b661a-cda7-4be4-90ad-fc7a4777de5c,1633161911751,13.8675446,52.3998124,7.3910537,-0.12884597,1.1841571,-0.53613377,on bike mount,cyclo cross,True,asphalt,excellent
23ac90d7-210b-4f01-8724-7b78e5d11963,c57491db-e990-45c9-8986-21ac38268ce1,1a7c9e98-31d5-4d26-8749-5105df296ab4,1633161911801,13.8675446,52.3998124,7.3910537,0.049010754,0.5179708,-2.4518623,on bike mount,cyclo cross,True,asphalt,excellent
23ac90d7-210b-4f01-8724-7b78e5d11963,c57491db-e990-45c9-8986-21ac38268ce1,8a5d3f21-3ca4-42ba-b4b8-7accf29e16f3,1633161912658,13.8675446,52.3998124,7.3910537,0.049010754,0.5179708,-2.4518623,on bike mount,cyclo cross,True,asphalt,excellent
23ac90d7-210b-4f01-8724-7b78e5d11963,c57491db-e990-45c9-8986-21ac38268ce1,2103e3d7-1b44-4055-9cfe-1a51ea97d98d,1633161912713,13.8675446,52.3998124,7.3910537,0.08485317,0.41219687,-0.8487854,on bike mount,cyclo cross,True,asphalt,excellent
23ac90d7-210b-4f01-8724-7b78e5d11963,c57491db-e990-45c9-8986-21ac38268ce1,68dc43c6-6760-48b0-81b7-9b9f31b77e12,1633161912763,13.8676566,52.3998321,7.4318924,0.0076980293,1.5742517,1.5401764,on bike mount,cyclo cross,True,asphalt,excellent
23ac90d7-210b-4f01-8724-7b78e5d11963,c57491db-e990-45c9-8986-21ac38268ce1,577501ef-da0d-4176-a9e8-dd4f9bc028bc,1633161913648,13.8676566,52.3998321,7.4318924,-0.6918193,-0.20908499,-1.4405084,on bike mount,cyclo cross,True,asphalt,excellent
23ac90d7-210b-4f01-8724-7b78e5d11963,c57491db-e990-45c9-8986-21ac38268ce1,c44af781-e95d-49ac-941f-a72b9846b86e,1633161913699,13.8677676,52.3998472,7.4442873,-0.30007517,-1.9952097,0.620636,on bike mount,cyclo cross,True,asphalt,excellent
23ac90d7-210b-4f01-8724-7b78e5d11963,c57491db-e990-45c9-8986-21ac38268ce1,672ef397-0052-446f-8b64-170ede0980e9,1633161913749,13.8677676,52.3998472,7.4442873,-0.68172437,0.8942442,-1.0778527,on bike mount,cyclo cross,True,asphalt,excellent
23ac90d7-210b-4f01-8724-7b78e5d11963,c57491db-e990-45c9-8986-21ac38268ce1,a657b003-7388-4b25-85dd-d14a8ce2793b,1633161913799,13.8677676,52.3998472,7.4442873,0.41604698,1.520211,1.5632353,on bike mount,cyclo cross,True,asphalt,excellent
23ac90d7-210b-4f01-8724-7b78e5d11963,c57491db-e990-45c9-8986-21ac38268ce1,d9d1d6f9-f67a-4719-b1a1-29315cc127b4,1633161914655,13.8677676,52.3998472,7.4442873,0.41604698,1.520211,1.5632353,on bike mount,cyclo cross,True,asphalt,excellent
23ac90d7-210b-4f01-8724-7b78e5d11963,c57491db-e990-45c9-8986-21ac38268ce1,90035ed8-3220-47bb-b356-a4fa79931cff,1633161914705,13.8677676,52.3998472,7.4442873,-0.8736413,2.213658,-0.2922058,on bike mount,cyclo cross,True,asphalt,excellent
23ac90d7-210b-4f01-8724-7b78e5d11963,c57491db-e990-45c9-8986-21ac38268ce1,855f4adf-cb7a-4b56-b252-348aed8d7e96,1633161914755,13.8678781,52.3998686,7.4547987,0.5937544,0.4449811,2.1478977,on bike mount,cyclo cross,True,asphalt,excellent
23ac90d7-210b-4f01-8724-7b78e5d11963,c57491db-e990-45c9-8986-21ac38268ce1,14cb6a62-5533-43d8-b172-52811cd6b589,1633161914806,13.8678781,52.3998686,7.4547987,-0.6970157,1.171736,1.4909248,on bike mount,cyclo cross,True,asphalt,excellent
23ac90d7-210b-4f01-8724-7b78e5d11963,c57491db-e990-45c9-8986-21ac38268ce1,4ec7d785-0b80-4e90-a779-b60e55e2ef68,1633161915652,13.8678781,52.3998686,7.4547987,-0.6970157,1.171736,1.4909248,on bike mount,cyclo cross,True,asphalt,excellent
23ac90d7-210b-4f01-8724-7b78e5d11963,c57491db-e990-45c9-8986-21ac38268ce1,547feb6a-aae7-4f52-b0be-823207ffe5dc,1633161915707,13.8678781,52.3998686,7.4547987,0.39673588,-0.059726477,-1.1228395,on bike mount,cyclo cross,True,asphalt,excellent
23ac90d7-210b-4f01-8724-7b78e5d11963,c57491db-e990-45c9-8986-21ac38268ce1,b7bdb6bb-b29c-4a22-ae79-fd45dc8787f8,1633161915757,13.8679846,52.3998871,7.4398394,-0.7542746,1.4570236,-0.21508884,on bike mount,cyclo cross,True,asphalt,excellent
23ac90d7-210b-4f01-8724-7b78e5d11963,c57491db-e990-45c9-8986-21ac38268ce1,a0765fd5-31cd-42e0-a395-ea97686b24c6,1633161915937,13.8679846,52.3998871,7.4398394,-0.14352536,-1.1176696,0.70714474,on bike mount,cyclo cross,True,asphalt,excellent
23ac90d7-210b-4f01-8724-7b78e5d11963,c57491db-e990-45c9-8986-21ac38268ce1,1f1f897e-a187-4e56-b564-217a44e99fb7,1633161915987,13.8679846,52.3998871,7.4398394,-0.11488877,1.1486187,-1.2772632,on bike mount,cyclo cross,True,asphalt,excellent
23ac90d7-210b-4f01-8724-7b78e5d11963,c57491db-e990-45c9-8986-21ac38268ce1,08849043-09a0-4420-84d9-5bd01e34c1cb,1633161916038,13.8679846,52.3998871,7.4398394,-0.55716604,-0.14439201,-0.22495747,on bike mount,cyclo cross,True,asphalt,excellent
23ac90d7-210b-4f01-8724-7b78e5d11963,c57491db-e990-45c9-8986-21ac38268ce1,4c7515c4-46ce-4183-b3ee-d393449bd149,1633161916089,13.8679846,52.3998871,7.4398394,-0.30253428,0.13275099,-1.084898,on bike mount,cyclo cross,True,asphalt,excellent
23ac90d7-210b-4f01-8724-7b78e5d11963,c57491db-e990-45c9-8986-21ac38268ce1,5990a5ff-55cf-4d3f-b2ae-51ac8b6ca092,1633161916139,13.8679846,52.3998871,7.4398394,0.74733746,1.3100586,0.362401,on bike mount,cyclo cross,True,asphalt,excellent
23ac90d7-210b-4f01-8724-7b78e5d11963,c57491db-e990-45c9-8986-21ac38268ce1,fae7836d-554c-40a6-9ce9-6ecb067f918e,1633161916188,13.8679846,52.3998871,7.4398394,0.7161162,-0.20163798,1.3875351,on bike mount,cyclo cross,True,asphalt,excellent
23ac90d7-210b-4f01-8724-7b78e5d11963,c57491db-e990-45c9-8986-21ac38268ce1,7dbf1914-3a1a-45f5-af01-9b612881e2cb,1633161916239,13.8679846,52.3998871,7.4398394,0.47302788,-1.3772454,0.6607847,on bike mount,cyclo cross,True,asphalt,excellent
23ac90d7-210b-4f01-8724-7b78e5d11963,c57491db-e990-45c9-8986-21ac38268ce1,3645f11c-79bf-4565-afd4-af50de2921ca,1633161916290,13.8679846,52.3998871,7.4398394,0.07345173,-0.08267951,1.1049967,on bike mount,cyclo cross,True,asphalt,excellent
23ac90d7-210b-4f01-8724-7b78e5d11963,c57491db-e990-45c9-8986-21ac38268ce1,751e8d97-ee9d-45f4-965a-198d572e13c8,1633161916341,13.8679846,52.3998871,7.4398394,0.41163516,1.513603,-0.70883656,on bike mount,cyclo cross,True,asphalt,excellent
23ac90d7-210b-4f01-8724-7b78e5d11963,c57491db-e990-45c9-8986-21ac38268ce1,e56422f3-de71-40e9-b1b3-93174ccf4b70,1633161916391,13.8679846,52.3998871,7.4398394,0.7523194,1.1277301,0.04038143,on bike mount,cyclo cross,True,asphalt,excellent
23ac90d7-210b-4f01-8724-7b78e5d11963,c57491db-e990-45c9-8986-21ac38268ce1,1c241aae-7449-4c85-af2e-d1a4791ae6a2,1633161916442,13.8679846,52.3998871,7.4398394,1.3842787,-1.020447,-0.0030736923,on bike mount,cyclo cross,True,asphalt,excellent
23ac90d7-210b-4f01-8724-7b78e5d11963,c57491db-e990-45c9-8986-21ac38268ce1,d85c8e4b-5651-4dc3-8899-f3b13df9cc26,1633161916492,13.8679846,52.3998871,7.4398394,0.3230409,-2.2862952,1.8804436,on bike mount,cyclo cross,True,asphalt,excellent
23ac90d7-210b-4f01-8724-7b78e5d11963,c57491db-e990-45c9-8986-21ac38268ce1,7d49f649-858f-4ebc-83f3-e761099a8281,1633161916542,13.8679846,52.3998871,7.4398394,-0.337331,-0.015352726,-4.021541,on bike mount,cyclo cross,True,asphalt,excellent
23ac90d7-210b-4f01-8724-7b78e5d11963,c57491db-e990-45c9-8986-21ac38268ce1,05d03782-658f-4d4d-a62f-899bea2a762e,1633161916593,13.8679846,52.3998871,7.4398394,1.7614013,10.242489,-6.559183,on bike mount,cyclo cross,True,asphalt,excellent
23ac90d7-210b-4f01-8724-7b78e5d11963,c57491db-e990-45c9-8986-21ac38268ce1,ac951602-832e-4166-8bb1-25c0485a4a48,1633161916643,13.8679846,52.3998871,7.4398394,5.9212413,-4.01723,2.4000626,on bike mount,cyclo cross,True,asphalt,excellent
23ac90d7-210b-4f01-8724-7b78e5d11963,c57491db-e990-45c9-8986-21ac38268ce1,88320d64-727c-48a8-bdcc-4ef29d4babb0,1633161916693,13.8680815,52.3998995,7.410633,-2.6794832,-3.9253783,6.1176147,on bike mount,cyclo cross,True,asphalt,excellent
23ac90d7-210b-4f01-8724-7b78e5d11963,c57491db-e990-45c9-8986-21ac38268ce1,0236bb19-700e-45f6-8882-ae9ff533b3db,1633161916744,13.8680815,52.3998995,7.410633,-2.5905268,-0.44265604,0.5373907,on bike mount,cyclo cross,True,asphalt,excellent
23ac90d7-210b-4f01-8724-7b78e5d11963,c57491db-e990-45c9-8986-21ac38268ce1,74bc8769-1493-49f1-ad29-aa6178bc07ab,1633161916794,13.8680815,52.3998995,7.410633,-2.0341878,4.0696983,-1.9674883,on bike mount,cyclo cross,True,asphalt,excellent
23ac90d7-210b-4f01-8724-7b78e5d11963,c57491db-e990-45c9-8986-21ac38268ce1,fa8e2918-a7c4-4eaa-81f9-1d364237c006,1633161916845,13.8680815,52.3998995,7.410633,-0.25986946,6.6492305,-4.7911167,on bike mount,cyclo cross,True,asphalt,excellent
23ac90d7-210b-4f01-8724-7b78e5d11963,c57491db-e990-45c9-8986-21ac38268ce1,d1a35bb6-9663-4a16-8a87-1af1dfac1895,1633161916898,13.8680815,52.3998995,7.410633,2.6088192,2.9364333,-1.9918847,on bike mount,cyclo cross,True,asphalt,excellent
23ac90d7-210b-4f01-8724-7b78e5d11963,c57491db-e990-45c9-8986-21ac38268ce1,91988e16-31ec-4508-93b8-e2c0d3846911,1633161916949,13.8680815,52.3998995,7.410633,2.2241838,2.3413725,-0.7540293,on bike mount,cyclo cross,True,asphalt,excellent
23ac90d7-210b-4f01-8724-7b78e5d11963,c57491db-e990-45c9-8986-21ac38268ce1,09587b48-ddcf-406b-93cd-ad61406c03dd,1633161917000,13.8680815,52.3998995,7.410633,0.03398545,-2.1341581,-5.0541015,on bike mount,cyclo cross,True,asphalt,excellent
23ac90d7-210b-4f01-8724-7b78e5d11963,c57491db-e990-45c9-8986-21ac38268ce1,4534fe0f-25fc-4fdd-881c-8418b6b663ec,1633161917050,13.8680815,52.3998995,7.410633,2.0637794,-2.4155536,1.3799458,on bike mount,cyclo cross,True,asphalt,excellent
23ac90d7-210b-4f01-8724-7b78e5d11963,c57491db-e990-45c9-8986-21ac38268ce1,583faf7c-c4d5-415e-b7b6-efb499193e4d,1633161917102,13.8680815,52.3998995,7.410633,0.4140983,0.21053267,-2.792635,on bike mount,cyclo cross,True,asphalt,excellent
23ac90d7-210b-4f01-8724-7b78e5d11963,c57491db-e990-45c9-8986-21ac38268ce1,603d0342-8ba6-4a44-b0c8-af1d8c80c8fe,1633161917151,13.8680815,52.3998995,7.410633,-0.17901272,1.4303274,-2.9434514,on bike mount,cyclo cross,True,asphalt,excellent
23ac90d7-210b-4f01-8724-7b78e5d11963,c57491db-e990-45c9-8986-21ac38268ce1,036dee42-e14d-4e57-a521-41877a58ec47,1633161917201,13.8680815,52.3998995,7.410633,0.31896907,-1.9946063,-2.5397925,on bike mount,cyclo cross,True,asphalt,excellent
23ac90d7-210b-4f01-8724-7b78e5d11963,c57491db-e990-45c9-8986-21ac38268ce1,c2fdcf09-2bdb-433d-967b-0a9b7aa918ba,1633161917251,13.8680815,52.3998995,7.410633,5.0973167,-26.4334,8.312668,on bike mount,cyclo cross,True,asphalt,excellent
23ac90d7-210b-4f01-8724-7b78e5d11963,c57491db-e990-45c9-8986-21ac38268ce1,bafe4cff-e514-4dc6-a686-62acb4088107,1633161917302,13.8680815,52.3998995,7.410633,-0.572491,4.5706577,-5.162377,on bike mount,cyclo cross,True,asphalt,excellent
23ac90d7-210b-4f01-8724-7b78e5d11963,c57491db-e990-45c9-8986-21ac38268ce1,2c3d85f5-99f6-4f2c-87da-acdc4f02548d,1633161917351,13.8680815,52.3998995,7.410633,-0.9500931,-1.6749568,2.9637766,on bike mount,cyclo cross,True,asphalt,excellent
23ac90d7-210b-4f01-8724-7b78e5d11963,c57491db-e990-45c9-8986-21ac38268ce1,5614cde1-3e0b-43c7-90e1-9e14248d0f1b,1633161917401,13.8680815,52.3998995,7.410633,2.0923555,-12.041241,-0.41860867,on bike mount,cyclo cross,True,asphalt,excellent
23ac90d7-210b-4f01-8724-7b78e5d11963,c57491db-e990-45c9-8986-21ac38268ce1,71ad22fa-d01d-44f8-8ff8-d7631456bb23,1633161917451,13.8680815,52.3998995,7.410633,-1.9398525,0.7647331,-0.61879635,on bike mount,cyclo cross,True,asphalt,excellent
23ac90d7-210b-4f01-8724-7b78e5d11963,c57491db-e990-45c9-8986-21ac38268ce1,08b187ed-88eb-485a-b87b-da285d4f5723,1633161917502,13.8680815,52.3998995,7.410633,0.99803,1.0450773,-1.3398371,on bike mount,cyclo cross,True,asphalt,excellent
23ac90d7-210b-4f01-8724-7b78e5d11963,c57491db-e990-45c9-8986-21ac38268ce1,d94f4443-e9ff-4e8b-b56d-bed8a6a3b540,1633161917553,13.8680815,52.3998995,7.410633,-1.335311,0.79973316,-2.7385283,on bike mount,cyclo cross,True,asphalt,excellent
23ac90d7-210b-4f01-8724-7b78e5d11963,c57491db-e990-45c9-8986-21ac38268ce1,6f814149-012d-48e9-b791-5634a52fe1c6,1633161917602,13.8680815,52.3998995,7.410633,0.9116329,-2.6041262,3.612465,on bike mount,cyclo cross,True,asphalt,excellent
23ac90d7-210b-4f01-8724-7b78e5d11963,c57491db-e990-45c9-8986-21ac38268ce1,84b0c3b9-f94d-45b5-ac18-30bb3ce28cd9,1633161917653,13.8681824,52.3999161,7.366566,0.32639164,1.1935306,-0.69524574,on bike mount,cyclo cross,True,asphalt,excellent
23ac90d7-210b-4f01-8724-7b78e5d11963,c57491db-e990-45c9-8986-21ac38268ce1,e5752fa7-08b1-45f5-8eb8-59b10b0f958b,1633161917704,13.8681824,52.3999161,7.366566,0.9991391,1.3188825,-1.3175812,on bike mount,cyclo cross,True,asphalt,excellent
23ac90d7-210b-4f01-8724-7b78e5d11963,c57491db-e990-45c9-8986-21ac38268ce1,77f1d9d0-d103-4ae3-b017-f6666004e157,1633161917753,13.8681824,52.3999161,7.366566,1.8487858,-1.2236066,1.882431,on bike mount,cyclo cross,True,asphalt,excellent
23ac90d7-210b-4f01-8724-7b78e5d11963,c57491db-e990-45c9-8986-21ac38268ce1,ae564a7d-fbf7-4597-9089-cdc6b4061585,1633161917804,13.8681824,52.3999161,7.366566,-0.47067696,0.06957102,1.2953386,on bike mount,cyclo cross,True,asphalt,excellent
23ac90d7-210b-4f01-8724-7b78e5d11963,c57491db-e990-45c9-8986-21ac38268ce1,8489ae94-9ba8-4056-9f0c-039be4a60532,1633161917853,13.8681824,52.3999161,7.366566,-0.10299131,0.7751694,1.9799318,on bike mount,cyclo cross,True,asphalt,excellent
23ac90d7-210b-4f01-8724-7b78e5d11963,c57491db-e990-45c9-8986-21ac38268ce1,d715a339-aafc-4c27-bf92-be64a2358660,1633161917903,13.8681824,52.3999161,7.366566,0.08013323,-0.91738784,-0.72884655,on bike mount,cyclo cross,True,asphalt,excellent
23ac90d7-210b-4f01-8724-7b78e5d11963,c57491db-e990-45c9-8986-21ac38268ce1,fcef3962-4c4f-445c-bb3f-69eeac08b995,1633161917954,13.8681824,52.3999161,7.366566,1.263201,-0.28176975,0.07783413,on bike mount,cyclo cross,True,asphalt,excellent
23ac90d7-210b-4f01-8724-7b78e5d11963,c57491db-e990-45c9-8986-21ac38268ce1,b1d3ea67-3611-4ebb-9f44-b7de82a438dc,1633161918658,13.8681824,52.3999161,7.366566,1.263201,-0.28176975,0.07783413,on bike mount,cyclo cross,True,asphalt,excellent
