bike_activity_uid,bike_activity_sample_uid,bike_activity_measurement,bike_activity_measurement_timestamp,bike_activity_measurement_lon,bike_activity_measurement_lat,bike_activity_measurement_speed,bike_activity_measurement_accelerometer_x,bike_activity_measurement_accelerometer_y,bike_activity_measurement_accelerometer_z,bike_activity_phone_position,bike_activity_bike_type,bike_activity_flagged_lab_conditions,bike_activity_surface_type,bike_activity_smoothness_type
2dd9a840-144f-4743-a408-20c9b4ef01da,5401b39d-09bb-4f19-9c1a-a6f94939ca84,dad57a81-ccba-4fb9-91ce-9e1acf4de859,1633163433701,14.0029491,52.3713356,7.0179996,0.28614044,-2.9660928,1.5879354,on bike mount,cyclo cross,False,asphalt,good
2dd9a840-144f-4743-a408-20c9b4ef01da,5401b39d-09bb-4f19-9c1a-a6f94939ca84,8f0c516e-12de-43f6-96ad-743f6c8ec96c,1633163433751,14.0030136,52.3712852,7.504686,0.93313766,-0.8963535,-3.0999808,on bike mount,cyclo cross,False,asphalt,good
2dd9a840-144f-4743-a408-20c9b4ef01da,5401b39d-09bb-4f19-9c1a-a6f94939ca84,96374dae-a7b8-4b57-a945-0fe79eb49cb2,1633163434643,14.0030136,52.3712852,7.504686,0.22874114,0.88465214,-1.1644721,on bike mount,cyclo cross,False,asphalt,good
2dd9a840-144f-4743-a408-20c9b4ef01da,5401b39d-09bb-4f19-9c1a-a6f94939ca84,fd52bb25-20c0-4fc4-bffd-3ecf0bb561cd,1633163434693,14.0030136,52.3712852,7.504686,-0.046785027,0.5945201,-0.5809889,on bike mount,cyclo cross,False,asphalt,good
2dd9a840-144f-4743-a408-20c9b4ef01da,5401b39d-09bb-4f19-9c1a-a6f94939ca84,6fdf8362-57d2-48b0-b8a6-dd44a23205d9,1633163434744,14.0030878,52.3712323,7.0463185,-0.20660836,-0.30395937,2.5910969,on bike mount,cyclo cross,False,asphalt,good
2dd9a840-144f-4743-a408-20c9b4ef01da,5401b39d-09bb-4f19-9c1a-a6f94939ca84,6e72193a-dd2b-4c24-be2b-6d838a0b9ecd,1633163435646,14.0030878,52.3712323,7.0463185,0.11255592,-1.7124033,2.5067348,on bike mount,cyclo cross,False,asphalt,good
2dd9a840-144f-4743-a408-20c9b4ef01da,5401b39d-09bb-4f19-9c1a-a6f94939ca84,e05cb8c4-5f21-4ff7-8ded-734d467954ce,1633163435700,14.0030878,52.3712323,7.0463185,-0.7545022,3.9286232,0.33889866,on bike mount,cyclo cross,False,asphalt,good
2dd9a840-144f-4743-a408-20c9b4ef01da,5401b39d-09bb-4f19-9c1a-a6f94939ca84,ec67442d-e4d0-4e2f-add7-742bf34dcaa7,1633163435751,14.0031566,52.3711791,7.227432,1.3759212,0.11639571,0.5022898,on bike mount,cyclo cross,False,asphalt,good
2dd9a840-144f-4743-a408-20c9b4ef01da,5401b39d-09bb-4f19-9c1a-a6f94939ca84,3858f137-d088-404b-9ad8-684076640f05,1633163435801,14.0031566,52.3711791,7.227432,-0.58455384,1.0992041,-1.084054,on bike mount,cyclo cross,False,asphalt,good
2dd9a840-144f-4743-a408-20c9b4ef01da,5401b39d-09bb-4f19-9c1a-a6f94939ca84,92598b32-d7f6-4d83-ad5c-05f48ae26be4,1633163435922,14.0031566,52.3711791,7.227432,-0.58455384,1.0992041,-1.084054,on bike mount,cyclo cross,False,asphalt,good
2dd9a840-144f-4743-a408-20c9b4ef01da,5401b39d-09bb-4f19-9c1a-a6f94939ca84,1223fabf-7a59-4d17-80b1-0a076a31d732,1633163435973,14.0031566,52.3711791,7.227432,0.56643236,-3.6268356,4.2729435,on bike mount,cyclo cross,False,asphalt,good
2dd9a840-144f-4743-a408-20c9b4ef01da,5401b39d-09bb-4f19-9c1a-a6f94939ca84,2bebc9b2-d210-41ba-b37e-d0a2989bbab5,1633163436025,14.0031566,52.3711791,7.227432,-0.9275047,-0.062235594,0.78695107,on bike mount,cyclo cross,False,asphalt,good
2dd9a840-144f-4743-a408-20c9b4ef01da,5401b39d-09bb-4f19-9c1a-a6f94939ca84,76cc1c52-6029-4fd0-ac7b-1a7a00d7441b,1633163436075,14.0031566,52.3711791,7.227432,-0.0059118867,1.5565577,-0.12512112,on bike mount,cyclo cross,False,asphalt,good
2dd9a840-144f-4743-a408-20c9b4ef01da,5401b39d-09bb-4f19-9c1a-a6f94939ca84,c87fc786-2edd-4cae-bb6a-cc60e2ded3d6,1633163436124,14.0031566,52.3711791,7.227432,-1.2171443,0.30817246,1.6895056,on bike mount,cyclo cross,False,asphalt,good
2dd9a840-144f-4743-a408-20c9b4ef01da,5401b39d-09bb-4f19-9c1a-a6f94939ca84,eb7527a6-bfdd-47e1-8cfe-6b145e6d820d,1633163436175,14.0031566,52.3711791,7.227432,0.5941341,1.1482623,1.6927538,on bike mount,cyclo cross,False,asphalt,good
2dd9a840-144f-4743-a408-20c9b4ef01da,5401b39d-09bb-4f19-9c1a-a6f94939ca84,19d69f5b-65aa-4374-965b-4b8226d243d6,1633163436225,14.0031566,52.3711791,7.227432,0.8801266,-0.20008945,1.5650692,on bike mount,cyclo cross,False,asphalt,good
2dd9a840-144f-4743-a408-20c9b4ef01da,5401b39d-09bb-4f19-9c1a-a6f94939ca84,e63dfb57-b225-4b7c-b320-e3694851490d,1633163436276,14.0031566,52.3711791,7.227432,-2.0808797,2.265881,1.5964899,on bike mount,cyclo cross,False,asphalt,good
2dd9a840-144f-4743-a408-20c9b4ef01da,5401b39d-09bb-4f19-9c1a-a6f94939ca84,f879569d-8f1f-4a96-8e19-53c0fb5f2ad2,1633163436326,14.0031566,52.3711791,7.227432,-0.6231199,-3.507418,6.1420927,on bike mount,cyclo cross,False,asphalt,good
2dd9a840-144f-4743-a408-20c9b4ef01da,5401b39d-09bb-4f19-9c1a-a6f94939ca84,e3a78361-bd6a-44e7-b4d1-06277531cc0a,1633163436377,14.0031566,52.3711791,7.227432,0.71512556,-1.9270471,1.2093916,on bike mount,cyclo cross,False,asphalt,good
2dd9a840-144f-4743-a408-20c9b4ef01da,5401b39d-09bb-4f19-9c1a-a6f94939ca84,7d3f8d2f-89e4-4cbc-b6dd-8b43ca855e93,1633163436427,14.0031566,52.3711791,7.227432,0.28715837,-0.71713257,-4.525661,on bike mount,cyclo cross,False,asphalt,good
2dd9a840-144f-4743-a408-20c9b4ef01da,5401b39d-09bb-4f19-9c1a-a6f94939ca84,cd55f7f9-829e-43e4-b156-f92bdd7788eb,1633163436478,14.0031566,52.3711791,7.227432,2.2999728,-2.136121,-3.1454978,on bike mount,cyclo cross,False,asphalt,good
2dd9a840-144f-4743-a408-20c9b4ef01da,5401b39d-09bb-4f19-9c1a-a6f94939ca84,3105405f-1de9-47cf-9b42-eec12b3a3b19,1633163436528,14.0031566,52.3711791,7.227432,-1.2802137,2.143221,1.1456232,on bike mount,cyclo cross,False,asphalt,good
2dd9a840-144f-4743-a408-20c9b4ef01da,5401b39d-09bb-4f19-9c1a-a6f94939ca84,3796bc4a-a8ee-428c-8457-436a65fba0e5,1633163436579,14.0031566,52.3711791,7.227432,-1.0354378,-1.5529354,-0.66024876,on bike mount,cyclo cross,False,asphalt,good
2dd9a840-144f-4743-a408-20c9b4ef01da,5401b39d-09bb-4f19-9c1a-a6f94939ca84,31c03e9a-5bf9-4f4a-b135-93c34c07e123,1633163436629,14.0031566,52.3711791,7.227432,0.050198175,-4.126972,-1.1649036,on bike mount,cyclo cross,False,asphalt,good
2dd9a840-144f-4743-a408-20c9b4ef01da,5401b39d-09bb-4f19-9c1a-a6f94939ca84,132fe936-d957-4c26-a993-cad203533393,1633163436680,14.0032233,52.3711266,7.278738,0.19927083,-0.14055729,-3.1085448,on bike mount,cyclo cross,False,asphalt,good
2dd9a840-144f-4743-a408-20c9b4ef01da,5401b39d-09bb-4f19-9c1a-a6f94939ca84,e5db7e75-5f83-4eac-8854-6ce6c99d356f,1633163436731,14.0032233,52.3711266,7.278738,2.0573115,-1.092108,-0.15870953,on bike mount,cyclo cross,False,asphalt,good
2dd9a840-144f-4743-a408-20c9b4ef01da,5401b39d-09bb-4f19-9c1a-a6f94939ca84,114edb7a-d6b6-45a9-9782-dd75886e7c37,1633163436780,14.0032233,52.3711266,7.278738,1.1228772,1.0201983,-1.7170906,on bike mount,cyclo cross,False,asphalt,good
2dd9a840-144f-4743-a408-20c9b4ef01da,5401b39d-09bb-4f19-9c1a-a6f94939ca84,33a03ada-ec30-4016-a943-a0e356310e3a,1633163436830,14.0032233,52.3711266,7.278738,-1.1537379,0.80856705,2.9745207,on bike mount,cyclo cross,False,asphalt,good
2dd9a840-144f-4743-a408-20c9b4ef01da,5401b39d-09bb-4f19-9c1a-a6f94939ca84,c4c1c96d-2f4b-4523-9389-f866d364a7ad,1633163436880,14.0032233,52.3711266,7.278738,-0.17669664,-0.101537704,2.109167,on bike mount,cyclo cross,False,asphalt,good
2dd9a840-144f-4743-a408-20c9b4ef01da,5401b39d-09bb-4f19-9c1a-a6f94939ca84,441bd993-12ed-44fc-96bf-e32de9f34c40,1633163436931,14.0032233,52.3711266,7.278738,1.165271,1.198811,0.3330698,on bike mount,cyclo cross,False,asphalt,good
2dd9a840-144f-4743-a408-20c9b4ef01da,5401b39d-09bb-4f19-9c1a-a6f94939ca84,60a74994-a90e-4a86-a9f0-d97ca6ce773e,1633163436982,14.0032233,52.3711266,7.278738,0.040817857,0.7291155,0.6757822,on bike mount,cyclo cross,False,asphalt,good
2dd9a840-144f-4743-a408-20c9b4ef01da,5401b39d-09bb-4f19-9c1a-a6f94939ca84,709073a9-ac94-45ca-a015-fc75b45c718d,1633163437033,14.0032233,52.3711266,7.278738,-0.3047437,-1.2266164,-0.12699509,on bike mount,cyclo cross,False,asphalt,good
2dd9a840-144f-4743-a408-20c9b4ef01da,5401b39d-09bb-4f19-9c1a-a6f94939ca84,6eba727b-d223-4cb1-8456-f9cf6afad17f,1633163437082,14.0032233,52.3711266,7.278738,-0.13103041,-2.2046616,2.011856,on bike mount,cyclo cross,False,asphalt,good
2dd9a840-144f-4743-a408-20c9b4ef01da,5401b39d-09bb-4f19-9c1a-a6f94939ca84,677420b9-6fb8-4898-97ea-e3e1ac1fc4d9,1633163437132,14.0032233,52.3711266,7.278738,-0.51028425,0.32108545,-2.0990381,on bike mount,cyclo cross,False,asphalt,good
2dd9a840-144f-4743-a408-20c9b4ef01da,5401b39d-09bb-4f19-9c1a-a6f94939ca84,69abdbfe-e39f-4075-9a46-84ffaa1e31f9,1633163437182,14.0032233,52.3711266,7.278738,0.92092633,1.4726787,3.0832796,on bike mount,cyclo cross,False,asphalt,good
2dd9a840-144f-4743-a408-20c9b4ef01da,5401b39d-09bb-4f19-9c1a-a6f94939ca84,a8db6fed-653f-4ed6-b61f-eaa64db71ada,1633163437232,14.0032233,52.3711266,7.278738,-0.7645954,1.5693302,1.6620455,on bike mount,cyclo cross,False,asphalt,good
2dd9a840-144f-4743-a408-20c9b4ef01da,5401b39d-09bb-4f19-9c1a-a6f94939ca84,aca3c49d-e3e3-4641-a120-b05c1827b015,1633163437282,14.0032233,52.3711266,7.278738,-0.555055,5.7497807,0.85071373,on bike mount,cyclo cross,False,asphalt,good
2dd9a840-144f-4743-a408-20c9b4ef01da,5401b39d-09bb-4f19-9c1a-a6f94939ca84,871b5de9-e87d-42f9-856a-cba4269b6bd3,1633163437331,14.0032233,52.3711266,7.278738,0.7880477,-3.4806492,1.2789211,on bike mount,cyclo cross,False,asphalt,good
2dd9a840-144f-4743-a408-20c9b4ef01da,5401b39d-09bb-4f19-9c1a-a6f94939ca84,8637f438-7c8d-4ecb-8cd8-35e73ffbaaae,1633163437382,14.0032233,52.3711266,7.278738,-0.57536477,-2.9044423,3.0358458,on bike mount,cyclo cross,False,asphalt,good
2dd9a840-144f-4743-a408-20c9b4ef01da,5401b39d-09bb-4f19-9c1a-a6f94939ca84,1c0d975d-4608-4d67-a592-a518a3001e69,1633163437432,14.0032233,52.3711266,7.278738,0.86754006,3.6217566,-1.0233202,on bike mount,cyclo cross,False,asphalt,good
2dd9a840-144f-4743-a408-20c9b4ef01da,5401b39d-09bb-4f19-9c1a-a6f94939ca84,ec308f89-288f-46d3-9f49-64762d358ffc,1633163437482,14.0032233,52.3711266,7.278738,-0.057110846,1.9219542,2.1724463,on bike mount,cyclo cross,False,asphalt,good
2dd9a840-144f-4743-a408-20c9b4ef01da,5401b39d-09bb-4f19-9c1a-a6f94939ca84,aba9d5f7-b71f-4e76-b074-2b0af21d1787,1633163437533,14.0032233,52.3711266,7.278738,-0.17975721,-4.2855263,1.8886433,on bike mount,cyclo cross,False,asphalt,good
2dd9a840-144f-4743-a408-20c9b4ef01da,5401b39d-09bb-4f19-9c1a-a6f94939ca84,369f481f-a0c1-4879-8228-2d87090bf709,1633163437583,14.0032233,52.3711266,7.278738,-2.907837,-3.8621736,2.5289173,on bike mount,cyclo cross,False,asphalt,good
2dd9a840-144f-4743-a408-20c9b4ef01da,5401b39d-09bb-4f19-9c1a-a6f94939ca84,c01cd921-0f41-4100-889d-3d83d9413e20,1633163437635,14.0032233,52.3711266,7.278738,1.6082546,1.5048485,-0.15743065,on bike mount,cyclo cross,False,asphalt,good
2dd9a840-144f-4743-a408-20c9b4ef01da,5401b39d-09bb-4f19-9c1a-a6f94939ca84,6b2cd047-1d24-4097-84ab-dabfdead4a72,1633163437684,14.0032951,52.371078,7.231864,-0.5298207,4.1648545,-1.460216,on bike mount,cyclo cross,False,asphalt,good
2dd9a840-144f-4743-a408-20c9b4ef01da,5401b39d-09bb-4f19-9c1a-a6f94939ca84,f875eee2-f3b5-482b-94eb-068c920435bf,1633163437735,14.0032951,52.371078,7.231864,-1.2405562,2.0219808,0.14136028,on bike mount,cyclo cross,False,asphalt,good
2dd9a840-144f-4743-a408-20c9b4ef01da,5401b39d-09bb-4f19-9c1a-a6f94939ca84,29bd3a55-a689-4e02-8aaa-7d8230ffdfbc,1633163437785,14.0032951,52.371078,7.231864,0.43175465,-0.31215334,2.745016,on bike mount,cyclo cross,False,asphalt,good
2dd9a840-144f-4743-a408-20c9b4ef01da,5401b39d-09bb-4f19-9c1a-a6f94939ca84,4e8c8bca-7db4-4faf-8392-139813365e16,1633163437835,14.0032951,52.371078,7.231864,-0.28294408,-2.2781463,-3.1476665,on bike mount,cyclo cross,False,asphalt,good
2dd9a840-144f-4743-a408-20c9b4ef01da,5401b39d-09bb-4f19-9c1a-a6f94939ca84,9750bf23-6ec3-4c79-bbe1-5a6334838010,1633163437885,14.0032951,52.371078,7.231864,1.4599366,0.24337745,-2.4646149,on bike mount,cyclo cross,False,asphalt,good
2dd9a840-144f-4743-a408-20c9b4ef01da,5401b39d-09bb-4f19-9c1a-a6f94939ca84,f1806c2b-08b4-4123-923f-875594fae60e,1633163437935,14.0032951,52.371078,7.231864,1.6749532,-0.14647174,3.108183,on bike mount,cyclo cross,False,asphalt,good
2dd9a840-144f-4743-a408-20c9b4ef01da,5401b39d-09bb-4f19-9c1a-a6f94939ca84,529b5d49-4fcc-4584-b564-a14873241661,1633163437984,14.0032951,52.371078,7.231864,-0.42148542,-1.1003876,-0.6591768,on bike mount,cyclo cross,False,asphalt,good
2dd9a840-144f-4743-a408-20c9b4ef01da,5401b39d-09bb-4f19-9c1a-a6f94939ca84,cd0e76f1-1762-490e-98c1-63d4f5b375be,1633163438035,14.0032951,52.371078,7.231864,-0.69932735,0.037386894,0.9973984,on bike mount,cyclo cross,False,asphalt,good
2dd9a840-144f-4743-a408-20c9b4ef01da,5401b39d-09bb-4f19-9c1a-a6f94939ca84,4eddf5cc-ae99-4085-8290-2cbc32b212dc,1633163438086,14.0032951,52.371078,7.231864,0.50154746,-0.6178601,0.39551353,on bike mount,cyclo cross,False,asphalt,good
2dd9a840-144f-4743-a408-20c9b4ef01da,5401b39d-09bb-4f19-9c1a-a6f94939ca84,b10e79f5-994f-4f41-9b10-b680bf444d13,1633163438136,14.0032951,52.371078,7.231864,0.04473964,1.8733373,4.1492968,on bike mount,cyclo cross,False,asphalt,good
2dd9a840-144f-4743-a408-20c9b4ef01da,5401b39d-09bb-4f19-9c1a-a6f94939ca84,2e648330-cfe0-41e2-a87e-ff7bb3fc4a3c,1633163438186,14.0032951,52.371078,7.231864,0.4421534,-2.8646536,2.772088,on bike mount,cyclo cross,False,asphalt,good
2dd9a840-144f-4743-a408-20c9b4ef01da,5401b39d-09bb-4f19-9c1a-a6f94939ca84,82e629d8-42b5-4310-b018-cd7ab3a9373a,1633163438236,14.0032951,52.371078,7.231864,-0.19330044,-1.0455104,-3.5342293,on bike mount,cyclo cross,False,asphalt,good
2dd9a840-144f-4743-a408-20c9b4ef01da,5401b39d-09bb-4f19-9c1a-a6f94939ca84,bdf4be71-59c9-474b-b0d0-64684d35f923,1633163438287,14.0032951,52.371078,7.231864,-0.53159386,-0.86130357,-0.5199685,on bike mount,cyclo cross,False,asphalt,good
2dd9a840-144f-4743-a408-20c9b4ef01da,5401b39d-09bb-4f19-9c1a-a6f94939ca84,36a701f7-826d-4650-8940-ae7aee50c5ff,1633163438338,14.0032951,52.371078,7.231864,-0.035019428,0.68976974,-0.60575867,on bike mount,cyclo cross,False,asphalt,good
2dd9a840-144f-4743-a408-20c9b4ef01da,5401b39d-09bb-4f19-9c1a-a6f94939ca84,243a34ca-8b50-41e0-8137-c90b99ffa9aa,1633163438388,14.0032951,52.371078,7.231864,1.1049448,-1.1597464,1.0830545,on bike mount,cyclo cross,False,asphalt,good
2dd9a840-144f-4743-a408-20c9b4ef01da,5401b39d-09bb-4f19-9c1a-a6f94939ca84,0b28ef7a-26da-4303-9cd1-43f15684aee1,1633163438438,14.0032951,52.371078,7.231864,0.21483023,1.8741107,9.097836,on bike mount,cyclo cross,False,asphalt,good
2dd9a840-144f-4743-a408-20c9b4ef01da,5401b39d-09bb-4f19-9c1a-a6f94939ca84,c2da0ba0-f7ff-430d-b7d4-7f943b640b2c,1633163438488,14.0032951,52.371078,7.231864,-0.85615015,0.41998696,1.3452368,on bike mount,cyclo cross,False,asphalt,good
2dd9a840-144f-4743-a408-20c9b4ef01da,5401b39d-09bb-4f19-9c1a-a6f94939ca84,1a6d6074-cd73-4136-8333-900648ffd9da,1633163438567,14.0032951,52.371078,7.231864,-0.13909145,-0.06380415,1.4030371,on bike mount,cyclo cross,False,asphalt,good
2dd9a840-144f-4743-a408-20c9b4ef01da,5401b39d-09bb-4f19-9c1a-a6f94939ca84,a49d714d-874d-4aba-ba37-1c4f091dcfcb,1633163438616,14.0032951,52.371078,7.231864,-0.7591125,6.3807716,-0.26484394,on bike mount,cyclo cross,False,asphalt,good
2dd9a840-144f-4743-a408-20c9b4ef01da,5401b39d-09bb-4f19-9c1a-a6f94939ca84,03292bea-ca60-4a07-ae50-b61085b69c39,1633163438667,14.0033606,52.371045,6.808836,0.64064646,-2.3943858,4.429826,on bike mount,cyclo cross,False,asphalt,good
2dd9a840-144f-4743-a408-20c9b4ef01da,5401b39d-09bb-4f19-9c1a-a6f94939ca84,728c8479-a899-4771-9718-3b66902a4232,1633163438717,14.0033606,52.371045,6.808836,-0.8274206,2.2797918,-0.55138016,on bike mount,cyclo cross,False,asphalt,good
2dd9a840-144f-4743-a408-20c9b4ef01da,5401b39d-09bb-4f19-9c1a-a6f94939ca84,f2e691fe-9723-48aa-b9e7-2e0601e50cb5,1633163438768,14.0033606,52.371045,6.808836,-1.5657904,-2.5188375,-2.6411133,on bike mount,cyclo cross,False,asphalt,good
2dd9a840-144f-4743-a408-20c9b4ef01da,5401b39d-09bb-4f19-9c1a-a6f94939ca84,885dc082-2111-484e-9912-07a3af088a6f,1633163438819,14.0033606,52.371045,6.808836,-0.21804425,-5.5978413,2.56744,on bike mount,cyclo cross,False,asphalt,good
2dd9a840-144f-4743-a408-20c9b4ef01da,5401b39d-09bb-4f19-9c1a-a6f94939ca84,b1ade470-0d6c-4020-83da-c4441dc4c63e,1633163438870,14.0033606,52.371045,6.808836,0.59965664,3.5169802,-0.59426403,on bike mount,cyclo cross,False,asphalt,good
2dd9a840-144f-4743-a408-20c9b4ef01da,5401b39d-09bb-4f19-9c1a-a6f94939ca84,f8fb73d6-a1cc-4a3e-8c9f-f687a8928006,1633163438919,14.0033606,52.371045,6.808836,1.43519,-3.4299521,-1.9832959,on bike mount,cyclo cross,False,asphalt,good
2dd9a840-144f-4743-a408-20c9b4ef01da,5401b39d-09bb-4f19-9c1a-a6f94939ca84,07a838a4-ab3c-4e87-b93c-2e9e964d6313,1633163438968,14.0033606,52.371045,6.808836,0.654323,-2.203711,-0.29797268,on bike mount,cyclo cross,False,asphalt,good
2dd9a840-144f-4743-a408-20c9b4ef01da,5401b39d-09bb-4f19-9c1a-a6f94939ca84,0de94dbc-b308-4b92-87c3-7f035df79fdc,1633163439018,14.0033606,52.371045,6.808836,-3.0991042,-0.07225752,3.33047,on bike mount,cyclo cross,False,asphalt,good
2dd9a840-144f-4743-a408-20c9b4ef01da,5401b39d-09bb-4f19-9c1a-a6f94939ca84,42a815fa-4fa6-4468-9976-78ec986da462,1633163439657,14.0033606,52.371045,6.808836,-3.0991042,-0.07225752,3.33047,on bike mount,cyclo cross,False,asphalt,good
2dd9a840-144f-4743-a408-20c9b4ef01da,5401b39d-09bb-4f19-9c1a-a6f94939ca84,a3f006a6-f3d8-4cc5-b2ae-5a62bc18f63b,1633163439707,14.0033606,52.371045,6.808836,-1.3328366,1.7343841,0.35058784,on bike mount,cyclo cross,False,asphalt,good
2dd9a840-144f-4743-a408-20c9b4ef01da,5401b39d-09bb-4f19-9c1a-a6f94939ca84,760375bd-30b3-4083-a216-63a03f2ed0d2,1633163439758,14.0034352,52.3710033,6.8223147,1.3253915,-3.3656342,3.7735958,on bike mount,cyclo cross,False,asphalt,good
2dd9a840-144f-4743-a408-20c9b4ef01da,5401b39d-09bb-4f19-9c1a-a6f94939ca84,69f2bdb0-e1f4-4801-b6b8-a3d2b26c5682,1633163439808,14.0034352,52.3710033,6.8223147,-0.20557895,-4.4111085,1.9839954,on bike mount,cyclo cross,False,asphalt,good
2dd9a840-144f-4743-a408-20c9b4ef01da,5401b39d-09bb-4f19-9c1a-a6f94939ca84,b0664915-d08b-4382-b5ca-e149486168bd,1633163440651,14.0034352,52.3710033,6.8223147,-0.20557895,-4.4111085,1.9839954,on bike mount,cyclo cross,False,asphalt,good
2dd9a840-144f-4743-a408-20c9b4ef01da,5401b39d-09bb-4f19-9c1a-a6f94939ca84,ec4757f9-6824-42a3-a3d1-d0083734f01c,1633163440703,14.0034352,52.3710033,6.8223147,-0.5442277,2.5673947,3.5552387,on bike mount,cyclo cross,False,asphalt,good
2dd9a840-144f-4743-a408-20c9b4ef01da,5401b39d-09bb-4f19-9c1a-a6f94939ca84,82a13040-afbc-4416-a399-5365cc544ce9,1633163440753,14.0035079,52.3709674,6.8166695,1.7321733,2.7317252,-4.546745,on bike mount,cyclo cross,False,asphalt,good
2dd9a840-144f-4743-a408-20c9b4ef01da,5401b39d-09bb-4f19-9c1a-a6f94939ca84,790ac93f-500c-4454-bdd2-921fd4358318,1633163440804,14.0035079,52.3709674,6.8166695,0.26669517,-2.079118,0.1287651,on bike mount,cyclo cross,False,asphalt,good
2dd9a840-144f-4743-a408-20c9b4ef01da,5401b39d-09bb-4f19-9c1a-a6f94939ca84,b02f83d8-1c47-442e-935a-4171be9bb020,1633163441009,14.0035079,52.3709674,6.8166695,0.26669517,-2.079118,0.1287651,on bike mount,cyclo cross,False,asphalt,good
2dd9a840-144f-4743-a408-20c9b4ef01da,5401b39d-09bb-4f19-9c1a-a6f94939ca84,050688ba-e70f-4211-bc09-3c7bb048660b,1633163441057,14.0035079,52.3709674,6.8166695,0.55897254,1.8089836,-1.8708229,on bike mount,cyclo cross,False,asphalt,good
2dd9a840-144f-4743-a408-20c9b4ef01da,5401b39d-09bb-4f19-9c1a-a6f94939ca84,86bab500-b185-4ee0-a718-3ceb65239333,1633163441107,14.0035079,52.3709674,6.8166695,0.50711226,1.4591594,-1.5265903,on bike mount,cyclo cross,False,asphalt,good
2dd9a840-144f-4743-a408-20c9b4ef01da,5401b39d-09bb-4f19-9c1a-a6f94939ca84,b56f7ddc-582a-4b19-bd4a-c94a82bd6afd,1633163441158,14.0035079,52.3709674,6.8166695,-0.61781394,-0.60868025,0.8661833,on bike mount,cyclo cross,False,asphalt,good
2dd9a840-144f-4743-a408-20c9b4ef01da,5401b39d-09bb-4f19-9c1a-a6f94939ca84,a0225a97-e8af-49bd-b843-042df8c8bd08,1633163441209,14.0035079,52.3709674,6.8166695,0.63605165,-0.103189945,-0.51731014,on bike mount,cyclo cross,False,asphalt,good
2dd9a840-144f-4743-a408-20c9b4ef01da,5401b39d-09bb-4f19-9c1a-a6f94939ca84,b84cda57-2f17-430b-b43a-5f0059d688af,1633163441260,14.0035079,52.3709674,6.8166695,0.75518453,-1.0367625,0.45152378,on bike mount,cyclo cross,False,asphalt,good
2dd9a840-144f-4743-a408-20c9b4ef01da,5401b39d-09bb-4f19-9c1a-a6f94939ca84,331c79de-6107-4f6a-afd6-67366f5300d0,1633163441641,14.0035079,52.3709674,6.8166695,0.75518453,-1.0367625,0.45152378,on bike mount,cyclo cross,False,asphalt,good
2dd9a840-144f-4743-a408-20c9b4ef01da,5401b39d-09bb-4f19-9c1a-a6f94939ca84,e0e35e52-4b20-4d4d-88dc-4c3e60133719,1633163441693,14.0035838,52.370927,6.846868,2.1778889,-6.7733903,-2.0728078,on bike mount,cyclo cross,False,asphalt,good
2dd9a840-144f-4743-a408-20c9b4ef01da,5401b39d-09bb-4f19-9c1a-a6f94939ca84,9664afce-58b4-4d3a-93fc-4fd99b194d75,1633163441743,14.0035838,52.370927,6.846868,-1.0557109,0.8957143,-0.45616722,on bike mount,cyclo cross,False,asphalt,good
2dd9a840-144f-4743-a408-20c9b4ef01da,5401b39d-09bb-4f19-9c1a-a6f94939ca84,76e20777-04b2-4622-b437-69139b1b40b1,1633163442637,14.0035838,52.370927,6.846868,0.40458304,0.48331952,3.3440294,on bike mount,cyclo cross,False,asphalt,good
2dd9a840-144f-4743-a408-20c9b4ef01da,5401b39d-09bb-4f19-9c1a-a6f94939ca84,26c90715-8c23-4b00-89e8-399540e6f3e5,1633163442688,14.00366,52.3708849,6.8824353,0.8395486,-1.8724202,3.596364,on bike mount,cyclo cross,False,asphalt,good
2dd9a840-144f-4743-a408-20c9b4ef01da,5401b39d-09bb-4f19-9c1a-a6f94939ca84,5e7d39ac-a9d5-4398-9584-95951ac4396d,1633163442738,14.00366,52.3708849,6.8824353,-0.8480249,-2.1267686,1.1148596,on bike mount,cyclo cross,False,asphalt,good
2dd9a840-144f-4743-a408-20c9b4ef01da,5401b39d-09bb-4f19-9c1a-a6f94939ca84,3af2aa64-fc04-4800-83aa-8ce5f69eef4c,1633163443658,14.00366,52.3708849,6.8824353,-0.6838739,-2.576124,3.4093046,on bike mount,cyclo cross,False,asphalt,good
2dd9a840-144f-4743-a408-20c9b4ef01da,5401b39d-09bb-4f19-9c1a-a6f94939ca84,8577a05e-355d-4779-bced-797bbd064c98,1633163443707,14.00366,52.3708849,6.8824353,3.0787218,-12.905799,3.102435,on bike mount,cyclo cross,False,asphalt,good
2dd9a840-144f-4743-a408-20c9b4ef01da,5401b39d-09bb-4f19-9c1a-a6f94939ca84,6e16fe0d-55e9-4761-879f-1040acb8567c,1633163443758,14.0037421,52.3708403,6.931198,-1.4957234,2.4177876,-2.5306334,on bike mount,cyclo cross,False,asphalt,good
2dd9a840-144f-4743-a408-20c9b4ef01da,5401b39d-09bb-4f19-9c1a-a6f94939ca84,b1bb3678-3aaa-45ba-b9bf-05fed0191981,1633163443809,14.0037421,52.3708403,6.931198,0.25541675,-0.55481946,-1.7931118,on bike mount,cyclo cross,False,asphalt,good
2dd9a840-144f-4743-a408-20c9b4ef01da,5401b39d-09bb-4f19-9c1a-a6f94939ca84,2fa1fde7-70ce-4738-a90b-2503a573b64f,1633163444651,14.0037421,52.3708403,6.931198,0.25541675,-0.55481946,-1.7931118,on bike mount,cyclo cross,False,asphalt,good
2dd9a840-144f-4743-a408-20c9b4ef01da,5401b39d-09bb-4f19-9c1a-a6f94939ca84,296063aa-5de7-4cd1-ab73-93c9f93aa855,1633163444702,14.0037421,52.3708403,6.931198,0.4136064,3.395833,0.033361435,on bike mount,cyclo cross,False,asphalt,good
2dd9a840-144f-4743-a408-20c9b4ef01da,5401b39d-09bb-4f19-9c1a-a6f94939ca84,ff2f39f0-4d4e-41e9-8fbe-afc2e58e7e23,1633163444753,14.0038107,52.3707976,6.907614,-0.6381366,-0.6085727,2.8301392,on bike mount,cyclo cross,False,asphalt,good
2dd9a840-144f-4743-a408-20c9b4ef01da,5401b39d-09bb-4f19-9c1a-a6f94939ca84,12bce6db-661e-4c5e-bac4-4f7a7c1022bc,1633163445646,14.0038107,52.3707976,6.907614,-0.45100033,1.0283136,-2.5291653,on bike mount,cyclo cross,False,asphalt,good
2dd9a840-144f-4743-a408-20c9b4ef01da,5401b39d-09bb-4f19-9c1a-a6f94939ca84,5d09944d-0a9c-4240-ad8f-e7193245704a,1633163445696,14.0038812,52.3707503,6.897283,0.3731926,2.0567381,-1.6546202,on bike mount,cyclo cross,False,asphalt,good
