bike_activity_uid,bike_activity_sample_uid,bike_activity_measurement,bike_activity_measurement_timestamp,bike_activity_measurement_lon,bike_activity_measurement_lat,bike_activity_measurement_speed,bike_activity_measurement_accelerometer_x,bike_activity_measurement_accelerometer_y,bike_activity_measurement_accelerometer_z,bike_activity_phone_position,bike_activity_bike_type,bike_activity_flagged_lab_conditions,bike_activity_surface_type,bike_activity_smoothness_type
375cd3de-11ce-4a01-ad36-8ebc61cba6f9,c9a5d119-1415-441d-8fe7-e37f6833f516,5ffb38ff-4dac-47d3-b3a3-9fb3bab1a2ad,1633625761175,13.4300013,52.4956646,5.3024206,-2.2712412,-5.7914042,-2.5377831,on bike mount,cyclo cross,True,sett,intermediate
375cd3de-11ce-4a01-ad36-8ebc61cba6f9,c9a5d119-1415-441d-8fe7-e37f6833f516,3c0a0faf-e6c6-47f7-8947-9a0a9b6bc631,1633625761241,13.4300013,52.4956646,5.3024206,-1.6749473,1.7162943,2.1482134,on bike mount,cyclo cross,True,sett,intermediate
375cd3de-11ce-4a01-ad36-8ebc61cba6f9,c9a5d119-1415-441d-8fe7-e37f6833f516,1bf917b6-7cfc-4a4d-9d42-3f257caafd13,1633625761292,13.4300013,52.4956646,5.3024206,-4.0319157,-6.039141,3.25315,on bike mount,cyclo cross,True,sett,intermediate
375cd3de-11ce-4a01-ad36-8ebc61cba6f9,c9a5d119-1415-441d-8fe7-e37f6833f516,9fdba7c5-a2d4-4e1b-af33-b06b98b2d2b0,1633625761343,13.4300013,52.4956646,5.3024206,-4.807702,5.402442,-1.6143785,on bike mount,cyclo cross,True,sett,intermediate
375cd3de-11ce-4a01-ad36-8ebc61cba6f9,c9a5d119-1415-441d-8fe7-e37f6833f516,cb8eb02c-2012-4f7a-9956-d2fbb063eb89,1633625761409,13.4300013,52.4956646,5.3024206,4.815169,-2.0217257,-12.939685,on bike mount,cyclo cross,True,sett,intermediate
375cd3de-11ce-4a01-ad36-8ebc61cba6f9,c9a5d119-1415-441d-8fe7-e37f6833f516,bd8e6a12-0588-43d2-b46a-89824007bb75,1633625761458,13.4300013,52.4956646,5.3024206,-1.2584339,-6.5086317,11.801407,on bike mount,cyclo cross,True,sett,intermediate
375cd3de-11ce-4a01-ad36-8ebc61cba6f9,c9a5d119-1415-441d-8fe7-e37f6833f516,b009568b-b038-4d69-b351-dc6b3191faa2,1633625761508,13.4300013,52.4956646,5.3024206,-2.5180728,-10.642627,0.19226265,on bike mount,cyclo cross,True,sett,intermediate
375cd3de-11ce-4a01-ad36-8ebc61cba6f9,c9a5d119-1415-441d-8fe7-e37f6833f516,4a08cd01-e8a4-4ab7-846a-49c9a5074f32,1633625761558,13.4299306,52.4956826,4.517882,-1.0356634,-0.29665923,1.786089,on bike mount,cyclo cross,True,sett,intermediate
375cd3de-11ce-4a01-ad36-8ebc61cba6f9,c9a5d119-1415-441d-8fe7-e37f6833f516,78215515-df42-48c7-abc3-12e5ed3fd1bf,1633625761611,13.4299306,52.4956826,4.517882,-2.7572718,-3.0928068,-2.56804,on bike mount,cyclo cross,True,sett,intermediate
375cd3de-11ce-4a01-ad36-8ebc61cba6f9,c9a5d119-1415-441d-8fe7-e37f6833f516,6ff7d267-e07b-4bb3-b738-dd5dbe596983,1633625761677,13.4299306,52.4956826,4.517882,-1.7951167,1.5652828,-14.634168,on bike mount,cyclo cross,True,sett,intermediate
375cd3de-11ce-4a01-ad36-8ebc61cba6f9,c9a5d119-1415-441d-8fe7-e37f6833f516,23b2c586-13b0-45cc-b958-2269210f1d41,1633625761743,13.4299306,52.4956826,4.517882,1.6130011,-21.988335,13.578083,on bike mount,cyclo cross,True,sett,intermediate
375cd3de-11ce-4a01-ad36-8ebc61cba6f9,c9a5d119-1415-441d-8fe7-e37f6833f516,9c42a028-67cd-48b4-aaaf-e73638181187,1633625761809,13.4299306,52.4956826,4.517882,0.052769482,-0.60873973,0.31737137,on bike mount,cyclo cross,True,sett,intermediate
375cd3de-11ce-4a01-ad36-8ebc61cba6f9,c9a5d119-1415-441d-8fe7-e37f6833f516,b76bbbe3-fcd1-49f1-96a0-be8a2262fafd,1633625761860,13.4299306,52.4956826,4.517882,-2.0913208,-0.7168727,-8.17329,on bike mount,cyclo cross,True,sett,intermediate
375cd3de-11ce-4a01-ad36-8ebc61cba6f9,c9a5d119-1415-441d-8fe7-e37f6833f516,886ad783-709f-43a9-b4b7-d8043c6f7735,1633625761927,13.4299306,52.4956826,4.517882,-2.3055487,-9.264488,-13.90242,on bike mount,cyclo cross,True,sett,intermediate
375cd3de-11ce-4a01-ad36-8ebc61cba6f9,c9a5d119-1415-441d-8fe7-e37f6833f516,4631fbaf-4c70-45ad-a4d8-6bda5ddc162f,1633625761977,13.4299306,52.4956826,4.517882,3.545789,3.1968832,-2.0757108,on bike mount,cyclo cross,True,sett,intermediate
375cd3de-11ce-4a01-ad36-8ebc61cba6f9,c9a5d119-1415-441d-8fe7-e37f6833f516,c0ad90be-8893-4e46-9dea-95378afd49cb,1633625762026,13.4299306,52.4956826,4.517882,-2.4897218,3.4937892,-6.705477,on bike mount,cyclo cross,True,sett,intermediate
375cd3de-11ce-4a01-ad36-8ebc61cba6f9,c9a5d119-1415-441d-8fe7-e37f6833f516,5725f5a3-5445-49dd-8ee9-be0cc87cfb08,1633625762076,13.4299306,52.4956826,4.517882,1.4314404,-10.392615,6.537483,on bike mount,cyclo cross,True,sett,intermediate
375cd3de-11ce-4a01-ad36-8ebc61cba6f9,c9a5d119-1415-441d-8fe7-e37f6833f516,64e161c9-d354-4199-80dc-df85ef20fca1,1633625762127,13.4299306,52.4956826,4.517882,-1.0983624,-9.328862,6.9863195,on bike mount,cyclo cross,True,sett,intermediate
375cd3de-11ce-4a01-ad36-8ebc61cba6f9,c9a5d119-1415-441d-8fe7-e37f6833f516,7c1a9cae-3f96-48c0-9cd1-fef810efce65,1633625762192,13.4299306,52.4956826,4.517882,-1.0935274,-6.7931795,4.321414,on bike mount,cyclo cross,True,sett,intermediate
375cd3de-11ce-4a01-ad36-8ebc61cba6f9,c9a5d119-1415-441d-8fe7-e37f6833f516,cfbd5d33-c3cd-4154-a486-9832df273b91,1633625762243,13.4299306,52.4956826,4.517882,-0.07719463,-0.52098656,-2.2556448,on bike mount,cyclo cross,True,sett,intermediate
375cd3de-11ce-4a01-ad36-8ebc61cba6f9,c9a5d119-1415-441d-8fe7-e37f6833f516,8dbc7565-3350-4f81-a858-f2957a231d33,1633625762292,13.4299306,52.4956826,4.517882,0.074404776,2.704278,-9.215562,on bike mount,cyclo cross,True,sett,intermediate
375cd3de-11ce-4a01-ad36-8ebc61cba6f9,c9a5d119-1415-441d-8fe7-e37f6833f516,20c7ce8b-49cb-4494-a4c9-2f9727ca613e,1633625762346,13.4298938,52.4956759,4.3777194,1.2858961,3.0615296,-2.8320117,on bike mount,cyclo cross,True,sett,intermediate
375cd3de-11ce-4a01-ad36-8ebc61cba6f9,c9a5d119-1415-441d-8fe7-e37f6833f516,456625a4-fd75-4504-8bcb-6df3c1846a41,1633625762397,13.4298938,52.4956759,4.3777194,1.3875277,-16.020874,-1.458159,on bike mount,cyclo cross,True,sett,intermediate
375cd3de-11ce-4a01-ad36-8ebc61cba6f9,c9a5d119-1415-441d-8fe7-e37f6833f516,cd25b3d8-cfc7-4c86-bcb3-29568433ebf6,1633625762460,13.4298938,52.4956759,4.3777194,3.3996577,5.7880135,-0.21749401,on bike mount,cyclo cross,True,sett,intermediate
375cd3de-11ce-4a01-ad36-8ebc61cba6f9,c9a5d119-1415-441d-8fe7-e37f6833f516,7b3b727a-223f-41d3-8b4b-a2d4745444de,1633625762511,13.4298938,52.4956759,4.3777194,-0.4149586,-13.372558,21.456148,on bike mount,cyclo cross,True,sett,intermediate
375cd3de-11ce-4a01-ad36-8ebc61cba6f9,c9a5d119-1415-441d-8fe7-e37f6833f516,1a0ce5c0-357e-4a98-8776-7e524e0e7bce,1633625762561,13.4298938,52.4956759,4.3777194,0.50396514,-13.7375345,6.900485,on bike mount,cyclo cross,True,sett,intermediate
375cd3de-11ce-4a01-ad36-8ebc61cba6f9,c9a5d119-1415-441d-8fe7-e37f6833f516,655a8c5e-9782-4078-8cb1-8f74458d1f17,1633625762610,13.4298938,52.4956759,4.3777194,-4.788554,8.649161,-8.227328,on bike mount,cyclo cross,True,sett,intermediate
375cd3de-11ce-4a01-ad36-8ebc61cba6f9,c9a5d119-1415-441d-8fe7-e37f6833f516,1b45bef4-f003-48c1-ad53-bb2d0ea3a5d0,1633625762660,13.4298938,52.4956759,4.3777194,2.7652657,2.9212866,-4.093136,on bike mount,cyclo cross,True,sett,intermediate
375cd3de-11ce-4a01-ad36-8ebc61cba6f9,c9a5d119-1415-441d-8fe7-e37f6833f516,b0f0816c-4308-4f77-abd2-afd056cfe5a1,1633625762711,13.4298938,52.4956759,4.3777194,0.8670547,1.178699,5.37502,on bike mount,cyclo cross,True,sett,intermediate
375cd3de-11ce-4a01-ad36-8ebc61cba6f9,c9a5d119-1415-441d-8fe7-e37f6833f516,ce41faca-4084-4170-91b1-70fe30682499,1633625762762,13.4298938,52.4956759,4.3777194,-2.341175,-5.227197,-4.6920853,on bike mount,cyclo cross,True,sett,intermediate
375cd3de-11ce-4a01-ad36-8ebc61cba6f9,c9a5d119-1415-441d-8fe7-e37f6833f516,b7d87b23-76fd-4fd8-92df-1737f780d411,1633625762830,13.4298938,52.4956759,4.3777194,1.1763518,4.351768,14.135138,on bike mount,cyclo cross,True,sett,intermediate
375cd3de-11ce-4a01-ad36-8ebc61cba6f9,c9a5d119-1415-441d-8fe7-e37f6833f516,bd9f8248-620b-4294-a5e9-8b4af2a81dee,1633625762879,13.4298938,52.4956759,4.3777194,0.4232698,-0.66921616,13.434055,on bike mount,cyclo cross,True,sett,intermediate
375cd3de-11ce-4a01-ad36-8ebc61cba6f9,c9a5d119-1415-441d-8fe7-e37f6833f516,d0b33fc4-6c15-4589-ab9f-3ca3ec503000,1633625762944,13.4298938,52.4956759,4.3777194,-7.0148716,-13.434231,11.069178,on bike mount,cyclo cross,True,sett,intermediate
375cd3de-11ce-4a01-ad36-8ebc61cba6f9,c9a5d119-1415-441d-8fe7-e37f6833f516,7b3877ff-19ce-4998-aef3-a8a04bad85fa,1633625762994,13.4298938,52.4956759,4.3777194,-1.024432,4.812104,-11.035084,on bike mount,cyclo cross,True,sett,intermediate
375cd3de-11ce-4a01-ad36-8ebc61cba6f9,c9a5d119-1415-441d-8fe7-e37f6833f516,e94f5f90-5ee5-4948-b275-2040922c90a4,1633625763047,13.4298938,52.4956759,4.3777194,1.2444566,-5.9494095,1.2326965,on bike mount,cyclo cross,True,sett,intermediate
375cd3de-11ce-4a01-ad36-8ebc61cba6f9,c9a5d119-1415-441d-8fe7-e37f6833f516,f9814aa4-a455-4178-971a-ee25682fdfc0,1633625763114,13.4298938,52.4956759,4.3777194,0.884338,-10.250288,26.517092,on bike mount,cyclo cross,True,sett,intermediate
375cd3de-11ce-4a01-ad36-8ebc61cba6f9,c9a5d119-1415-441d-8fe7-e37f6833f516,40f110b5-2870-41a1-9244-7becc50bfde0,1633625763180,13.4298938,52.4956759,4.3777194,0.011379808,1.8579035,-7.447569,on bike mount,cyclo cross,True,sett,intermediate
375cd3de-11ce-4a01-ad36-8ebc61cba6f9,c9a5d119-1415-441d-8fe7-e37f6833f516,ca1e9c54-4251-4774-ba73-e791fd653c9e,1633625763245,13.4298938,52.4956759,4.3777194,9.022148,-0.34871292,-15.149408,on bike mount,cyclo cross,True,sett,intermediate
375cd3de-11ce-4a01-ad36-8ebc61cba6f9,c9a5d119-1415-441d-8fe7-e37f6833f516,c2f829c9-044f-4c24-bd65-c60840bcf6d7,1633625763295,13.429854,52.4956843,3.2956614,1.1222651,-14.350504,-1.8983812,on bike mount,cyclo cross,True,sett,intermediate
375cd3de-11ce-4a01-ad36-8ebc61cba6f9,c9a5d119-1415-441d-8fe7-e37f6833f516,7f34b819-a642-43e5-9249-d646583d2a70,1633625763345,13.429854,52.4956843,3.2956614,-1.1830417,4.8719244,-8.642021,on bike mount,cyclo cross,True,sett,intermediate
375cd3de-11ce-4a01-ad36-8ebc61cba6f9,c9a5d119-1415-441d-8fe7-e37f6833f516,03d6786a-95ed-47f8-9166-dc4eb0443ebc,1633625763397,13.429854,52.4956843,3.2956614,1.8661999,-5.0318136,7.858902,on bike mount,cyclo cross,True,sett,intermediate
375cd3de-11ce-4a01-ad36-8ebc61cba6f9,c9a5d119-1415-441d-8fe7-e37f6833f516,6bbb6cc2-ee34-4999-b2aa-7c33b90ed09c,1633625763465,13.429854,52.4956843,3.2956614,2.093106,0.408875,5.8126144,on bike mount,cyclo cross,True,sett,intermediate
375cd3de-11ce-4a01-ad36-8ebc61cba6f9,c9a5d119-1415-441d-8fe7-e37f6833f516,7c137a5f-a271-4edc-bb65-38ef17ec9304,1633625763530,13.429854,52.4956843,3.2956614,-14.199927,19.509243,-23.776932,on bike mount,cyclo cross,True,sett,intermediate
375cd3de-11ce-4a01-ad36-8ebc61cba6f9,c9a5d119-1415-441d-8fe7-e37f6833f516,b9325d54-5608-4acc-94a4-b0af0d6f111d,1633625763580,13.429854,52.4956843,3.2956614,2.7675736,-15.718081,9.048134,on bike mount,cyclo cross,True,sett,intermediate
375cd3de-11ce-4a01-ad36-8ebc61cba6f9,c9a5d119-1415-441d-8fe7-e37f6833f516,353f3d43-aacd-4306-9ba3-cc38c270c2a8,1633625763646,13.429854,52.4956843,3.2956614,2.3118482,-19.482815,7.341197,on bike mount,cyclo cross,True,sett,intermediate
375cd3de-11ce-4a01-ad36-8ebc61cba6f9,c9a5d119-1415-441d-8fe7-e37f6833f516,2552829d-fb50-4bc4-b097-1c85f2fd79c7,1633625763697,13.429854,52.4956843,3.2956614,-0.69227016,6.378394,5.4563313,on bike mount,cyclo cross,True,sett,intermediate
375cd3de-11ce-4a01-ad36-8ebc61cba6f9,c9a5d119-1415-441d-8fe7-e37f6833f516,75602aff-7350-4385-96c3-c3db5af439b2,1633625763747,13.429854,52.4956843,3.2956614,-1.975051,-3.026982,-2.866643,on bike mount,cyclo cross,True,sett,intermediate
375cd3de-11ce-4a01-ad36-8ebc61cba6f9,c9a5d119-1415-441d-8fe7-e37f6833f516,468828a6-4898-4a76-ab94-cf14f3403971,1633625763798,13.429854,52.4956843,3.2956614,-2.1712546,-8.432634,-1.552186,on bike mount,cyclo cross,True,sett,intermediate
375cd3de-11ce-4a01-ad36-8ebc61cba6f9,c9a5d119-1415-441d-8fe7-e37f6833f516,29eb70c3-afc8-46d2-8821-eff249577c3a,1633625763864,13.429854,52.4956843,3.2956614,1.7488377,5.4825697,-1.1388798,on bike mount,cyclo cross,True,sett,intermediate
375cd3de-11ce-4a01-ad36-8ebc61cba6f9,c9a5d119-1415-441d-8fe7-e37f6833f516,bad30097-b340-4c0b-8d28-593d66b52100,1633625763914,13.429854,52.4956843,3.2956614,1.0201772,-2.9531891,-7.0380745,on bike mount,cyclo cross,True,sett,intermediate
375cd3de-11ce-4a01-ad36-8ebc61cba6f9,c9a5d119-1415-441d-8fe7-e37f6833f516,6716517a-55ee-4df3-80de-99454ff96e91,1633625763964,13.429854,52.4956843,3.2956614,-2.0394006,1.8998389,0.680563,on bike mount,cyclo cross,True,sett,intermediate
375cd3de-11ce-4a01-ad36-8ebc61cba6f9,c9a5d119-1415-441d-8fe7-e37f6833f516,eb7e3f90-172f-4887-8d59-3d945848cef3,1633625764014,13.429854,52.4956843,3.2956614,-2.3019648,-0.17314625,12.48077,on bike mount,cyclo cross,True,sett,intermediate
375cd3de-11ce-4a01-ad36-8ebc61cba6f9,c9a5d119-1415-441d-8fe7-e37f6833f516,f410e86d-558b-42c4-ba7b-f1176acd2e4b,1633625764065,13.429854,52.4956843,3.2956614,5.346921,-42.14214,12.648373,on bike mount,cyclo cross,True,sett,intermediate
375cd3de-11ce-4a01-ad36-8ebc61cba6f9,c9a5d119-1415-441d-8fe7-e37f6833f516,d86513a2-6622-4ae7-897f-ae0eaddbce4d,1633625764116,13.429854,52.4956843,3.2956614,-10.447747,1.149353,-3.5510983,on bike mount,cyclo cross,True,sett,intermediate
375cd3de-11ce-4a01-ad36-8ebc61cba6f9,c9a5d119-1415-441d-8fe7-e37f6833f516,c86131d3-3e8e-42f9-9697-a3d83d66c5c2,1633625764182,13.429854,52.4956843,3.2956614,0.7393627,-12.412355,8.791487,on bike mount,cyclo cross,True,sett,intermediate
375cd3de-11ce-4a01-ad36-8ebc61cba6f9,c9a5d119-1415-441d-8fe7-e37f6833f516,3b49533a-6299-4c1b-a144-1fdb97ecaa12,1633625764248,13.429854,52.4956843,3.2956614,0.5623368,3.8028688,3.9174366,on bike mount,cyclo cross,True,sett,intermediate
375cd3de-11ce-4a01-ad36-8ebc61cba6f9,c9a5d119-1415-441d-8fe7-e37f6833f516,43f4633b-a701-4669-99c1-dcee1e796c7c,1633625764299,13.429854,52.4956843,3.2956614,3.4203286,0.20445514,4.43709,on bike mount,cyclo cross,True,sett,intermediate
375cd3de-11ce-4a01-ad36-8ebc61cba6f9,c9a5d119-1415-441d-8fe7-e37f6833f516,ff68a8b1-952b-4db7-9444-3bc198cb4149,1633625764349,13.429854,52.4956843,3.2956614,-0.88923895,8.907114,-1.9435234,on bike mount,cyclo cross,True,sett,intermediate
375cd3de-11ce-4a01-ad36-8ebc61cba6f9,c9a5d119-1415-441d-8fe7-e37f6833f516,ca5223b3-a281-4788-b364-7b4e8cf6d8c1,1633625764414,13.429854,52.4956843,3.2956614,2.4747877,-4.680135,-9.9135895,on bike mount,cyclo cross,True,sett,intermediate
375cd3de-11ce-4a01-ad36-8ebc61cba6f9,c9a5d119-1415-441d-8fe7-e37f6833f516,30c236b6-f200-462e-824b-2be1fc1745d3,1633625764464,13.429854,52.4956843,3.2956614,0.9328697,6.7516537,-16.32992,on bike mount,cyclo cross,True,sett,intermediate
375cd3de-11ce-4a01-ad36-8ebc61cba6f9,c9a5d119-1415-441d-8fe7-e37f6833f516,bd268ffa-81a4-44c7-9353-6d6aa297ae2a,1633625764516,13.429854,52.4956843,3.2956614,2.6337824,-11.265268,1.3874664,on bike mount,cyclo cross,True,sett,intermediate
375cd3de-11ce-4a01-ad36-8ebc61cba6f9,c9a5d119-1415-441d-8fe7-e37f6833f516,4fab2edb-d2f6-4690-9936-45c74278c979,1633625764566,13.4297269,52.4957295,5.8533006,-0.6722669,0.15899754,0.5669813,on bike mount,cyclo cross,True,sett,intermediate
375cd3de-11ce-4a01-ad36-8ebc61cba6f9,c9a5d119-1415-441d-8fe7-e37f6833f516,f19b688a-89c2-4516-98e1-88e56f2f5f68,1633625764631,13.4297269,52.4957295,5.8533006,1.0838019,7.210992,-8.832493,on bike mount,cyclo cross,True,sett,intermediate
375cd3de-11ce-4a01-ad36-8ebc61cba6f9,c9a5d119-1415-441d-8fe7-e37f6833f516,c9852837-e6cc-47a2-8b4a-ed982af7e642,1633625764684,13.4297269,52.4957295,5.8533006,2.003557,10.412834,-8.773628,on bike mount,cyclo cross,True,sett,intermediate
375cd3de-11ce-4a01-ad36-8ebc61cba6f9,c9a5d119-1415-441d-8fe7-e37f6833f516,939bc982-2965-4105-9371-14b9a124f80f,1633625764749,13.4297269,52.4957295,5.8533006,7.0862474,6.8536882,-0.17778301,on bike mount,cyclo cross,True,sett,intermediate
375cd3de-11ce-4a01-ad36-8ebc61cba6f9,c9a5d119-1415-441d-8fe7-e37f6833f516,c2e7dcdc-f03f-4958-a745-049ee4c126b1,1633625764799,13.4297269,52.4957295,5.8533006,1.311209,3.6100364,-0.34497356,on bike mount,cyclo cross,True,sett,intermediate
375cd3de-11ce-4a01-ad36-8ebc61cba6f9,c9a5d119-1415-441d-8fe7-e37f6833f516,65e784b5-3ce5-4918-bfbe-7f670701f42f,1633625764849,13.4297269,52.4957295,5.8533006,-1.8999823,5.0767107,5.484647,on bike mount,cyclo cross,True,sett,intermediate
375cd3de-11ce-4a01-ad36-8ebc61cba6f9,c9a5d119-1415-441d-8fe7-e37f6833f516,a0fe927a-ef19-4398-9cb8-194b2663c984,1633625764901,13.4297269,52.4957295,5.8533006,-1.7762642,5.526204,6.968667,on bike mount,cyclo cross,True,sett,intermediate
375cd3de-11ce-4a01-ad36-8ebc61cba6f9,c9a5d119-1415-441d-8fe7-e37f6833f516,6b4d04bf-64e1-4af7-b65a-3dc0bc31893a,1633625764951,13.4297269,52.4957295,5.8533006,-0.97897935,1.5132136,-8.310776,on bike mount,cyclo cross,True,sett,intermediate
375cd3de-11ce-4a01-ad36-8ebc61cba6f9,c9a5d119-1415-441d-8fe7-e37f6833f516,3a0310f7-adc0-407f-85fc-3cba03973f1a,1633625765001,13.4297269,52.4957295,5.8533006,-0.35794982,-3.796283,3.759904,on bike mount,cyclo cross,True,sett,intermediate
375cd3de-11ce-4a01-ad36-8ebc61cba6f9,c9a5d119-1415-441d-8fe7-e37f6833f516,7e9a1566-435b-488b-934b-95c0e39340da,1633625765051,13.4297269,52.4957295,5.8533006,2.4969554,-25.557297,16.846348,on bike mount,cyclo cross,True,sett,intermediate
375cd3de-11ce-4a01-ad36-8ebc61cba6f9,c9a5d119-1415-441d-8fe7-e37f6833f516,9da3b8f9-e41b-4630-9bb7-c3b56cb4188c,1633625765117,13.4297269,52.4957295,5.8533006,-2.8366325,20.273766,1.2981386,on bike mount,cyclo cross,True,sett,intermediate
375cd3de-11ce-4a01-ad36-8ebc61cba6f9,c9a5d119-1415-441d-8fe7-e37f6833f516,ee7c3987-c613-4d24-aff5-56c55dc1d3af,1633625765184,13.4297269,52.4957295,5.8533006,1.7429047,-20.3921,13.432049,on bike mount,cyclo cross,True,sett,intermediate
375cd3de-11ce-4a01-ad36-8ebc61cba6f9,c9a5d119-1415-441d-8fe7-e37f6833f516,64bdc864-b66f-42a9-9e3e-12786d372247,1633625765234,13.4297269,52.4957295,5.8533006,2.1937542,-1.463176,-22.222546,on bike mount,cyclo cross,True,sett,intermediate
375cd3de-11ce-4a01-ad36-8ebc61cba6f9,c9a5d119-1415-441d-8fe7-e37f6833f516,75df3b01-6a2c-4948-a712-b183c37a4df9,1633625765301,13.4297269,52.4957295,5.8533006,-0.7859453,2.756856,8.596769,on bike mount,cyclo cross,True,sett,intermediate
375cd3de-11ce-4a01-ad36-8ebc61cba6f9,c9a5d119-1415-441d-8fe7-e37f6833f516,3f18bed4-59b3-444d-824f-b4d6fdfb6add,1633625765367,13.4297269,52.4957295,5.8533006,-0.04806211,-15.295223,-6.036846,on bike mount,cyclo cross,True,sett,intermediate
375cd3de-11ce-4a01-ad36-8ebc61cba6f9,c9a5d119-1415-441d-8fe7-e37f6833f516,b7dc2925-6e37-4432-9316-e12d359088e2,1633625765418,13.4297269,52.4957295,5.8533006,12.613853,7.2200603,-14.40283,on bike mount,cyclo cross,True,sett,intermediate
375cd3de-11ce-4a01-ad36-8ebc61cba6f9,c9a5d119-1415-441d-8fe7-e37f6833f516,7fca0b37-3c63-40f9-93f8-2159df5f67cf,1633625765468,13.4297269,52.4957295,5.8533006,-2.0208375,-10.420802,3.4329681,on bike mount,cyclo cross,True,sett,intermediate
375cd3de-11ce-4a01-ad36-8ebc61cba6f9,c9a5d119-1415-441d-8fe7-e37f6833f516,8d40900d-8b2c-448b-98a1-d20efe2e6fd3,1633625765534,13.4297269,52.4957295,5.8533006,2.6208289,6.075242,0.7324095,on bike mount,cyclo cross,True,sett,intermediate
375cd3de-11ce-4a01-ad36-8ebc61cba6f9,c9a5d119-1415-441d-8fe7-e37f6833f516,e1b6632f-c561-4161-a710-72b9c004ca34,1633625765586,13.4296395,52.495757,5.5016365,3.2088716,6.887559,9.043224,on bike mount,cyclo cross,True,sett,intermediate
375cd3de-11ce-4a01-ad36-8ebc61cba6f9,c9a5d119-1415-441d-8fe7-e37f6833f516,d949a70b-06a1-4b85-9a7f-8efcf56fd1cd,1633625765651,13.4296395,52.495757,5.5016365,-6.5816007,8.9164505,-11.410903,on bike mount,cyclo cross,True,sett,intermediate
375cd3de-11ce-4a01-ad36-8ebc61cba6f9,c9a5d119-1415-441d-8fe7-e37f6833f516,86bc51a1-b87c-452d-9a7b-9e0828de3c3b,1633625765702,13.4296395,52.495757,5.5016365,-0.53826994,-10.130451,9.098869,on bike mount,cyclo cross,True,sett,intermediate
375cd3de-11ce-4a01-ad36-8ebc61cba6f9,c9a5d119-1415-441d-8fe7-e37f6833f516,07670b9d-da5e-4f8c-b539-597b6af184b6,1633625765769,13.4296395,52.495757,5.5016365,2.6392736,-17.955414,11.638229,on bike mount,cyclo cross,True,sett,intermediate
375cd3de-11ce-4a01-ad36-8ebc61cba6f9,c9a5d119-1415-441d-8fe7-e37f6833f516,efcb74ee-36fa-4a38-a069-57027256907f,1633625765836,13.4296395,52.495757,5.5016365,0.3599645,-4.995797,9.32673,on bike mount,cyclo cross,True,sett,intermediate
375cd3de-11ce-4a01-ad36-8ebc61cba6f9,c9a5d119-1415-441d-8fe7-e37f6833f516,83239b76-9377-49f3-ac55-dcde953356c9,1633625765904,13.4296395,52.495757,5.5016365,1.6159286,13.63687,-13.767321,on bike mount,cyclo cross,True,sett,intermediate
375cd3de-11ce-4a01-ad36-8ebc61cba6f9,c9a5d119-1415-441d-8fe7-e37f6833f516,c7e369e2-2cc0-49d1-9920-e72da755a965,1633625765969,13.4296395,52.495757,5.5016365,-0.78001946,2.7715778,5.3024216,on bike mount,cyclo cross,True,sett,intermediate
375cd3de-11ce-4a01-ad36-8ebc61cba6f9,c9a5d119-1415-441d-8fe7-e37f6833f516,8750c8c2-140c-4784-8eb2-9616d42c498d,1633625766019,13.4296395,52.495757,5.5016365,-0.42816135,-6.101006,3.4481382,on bike mount,cyclo cross,True,sett,intermediate
375cd3de-11ce-4a01-ad36-8ebc61cba6f9,c9a5d119-1415-441d-8fe7-e37f6833f516,21f69689-45a1-49d8-88ef-49f9844246d0,1633625766069,13.4296395,52.495757,5.5016365,-0.44548404,-17.927158,17.737917,on bike mount,cyclo cross,True,sett,intermediate
375cd3de-11ce-4a01-ad36-8ebc61cba6f9,c9a5d119-1415-441d-8fe7-e37f6833f516,a24fe281-c5b6-44ac-bd47-b02fa7db917f,1633625766120,13.4296395,52.495757,5.5016365,-0.6637168,0.10939336,4.019539,on bike mount,cyclo cross,True,sett,intermediate
375cd3de-11ce-4a01-ad36-8ebc61cba6f9,c9a5d119-1415-441d-8fe7-e37f6833f516,eea20f4f-bf9b-4d32-bfb6-5ac8f52858da,1633625766170,13.4296395,52.495757,5.5016365,-0.54327965,8.714825,0.2550416,on bike mount,cyclo cross,True,sett,intermediate
375cd3de-11ce-4a01-ad36-8ebc61cba6f9,c9a5d119-1415-441d-8fe7-e37f6833f516,2adeed9d-11bb-4d3c-bc68-633f320b5c52,1633625766221,13.4296395,52.495757,5.5016365,-2.3399112,-1.643875,-0.032340527,on bike mount,cyclo cross,True,sett,intermediate
375cd3de-11ce-4a01-ad36-8ebc61cba6f9,c9a5d119-1415-441d-8fe7-e37f6833f516,f1e616de-c5e3-40b5-b42d-569052049c3d,1633625766286,13.4296395,52.495757,5.5016365,1.6560392,-5.2808514,4.86405,on bike mount,cyclo cross,True,sett,intermediate
375cd3de-11ce-4a01-ad36-8ebc61cba6f9,c9a5d119-1415-441d-8fe7-e37f6833f516,b0f1e8dd-8a05-4bc5-a400-e1b0f9ade359,1633625766336,13.4296395,52.495757,5.5016365,1.2540653,-6.343879,5.145008,on bike mount,cyclo cross,True,sett,intermediate
375cd3de-11ce-4a01-ad36-8ebc61cba6f9,c9a5d119-1415-441d-8fe7-e37f6833f516,ac08351e-3f47-4c02-87a8-d3f861eb41a5,1633625766386,13.4296395,52.495757,5.5016365,0.5281952,-1.8240958,15.266882,on bike mount,cyclo cross,True,sett,intermediate
375cd3de-11ce-4a01-ad36-8ebc61cba6f9,c9a5d119-1415-441d-8fe7-e37f6833f516,04772493-366c-4291-b153-929064a9021f,1633625766436,13.4296395,52.495757,5.5016365,1.7659588,-9.283624,-16.17484,on bike mount,cyclo cross,True,sett,intermediate
375cd3de-11ce-4a01-ad36-8ebc61cba6f9,c9a5d119-1415-441d-8fe7-e37f6833f516,fbe22988-2ba4-4555-bf30-46ef7407d5c0,1633625766503,13.4296395,52.495757,5.5016365,0.84681726,1.4297881,1.2669477,on bike mount,cyclo cross,True,sett,intermediate
375cd3de-11ce-4a01-ad36-8ebc61cba6f9,c9a5d119-1415-441d-8fe7-e37f6833f516,ed26da61-a0d7-40b6-bcfe-6da1c49308fc,1633625766553,13.4296395,52.495757,5.5016365,-0.55562407,5.307164,-12.071417,on bike mount,cyclo cross,True,sett,intermediate
375cd3de-11ce-4a01-ad36-8ebc61cba6f9,c9a5d119-1415-441d-8fe7-e37f6833f516,16a1d6f4-d098-4646-8ac7-d1dc204bb803,1633625766603,13.4295641,52.4957735,4.574253,1.5851572,-20.567938,16.686398,on bike mount,cyclo cross,True,sett,intermediate
375cd3de-11ce-4a01-ad36-8ebc61cba6f9,c9a5d119-1415-441d-8fe7-e37f6833f516,f6437e61-acee-424b-9f26-b661e7906082,1633625766653,13.4295641,52.4957735,4.574253,0.087305576,-40.649445,-0.48471928,on bike mount,cyclo cross,True,sett,intermediate
375cd3de-11ce-4a01-ad36-8ebc61cba6f9,c9a5d119-1415-441d-8fe7-e37f6833f516,a1b99c35-d3c1-417c-a77a-f58b42440c76,1633625766704,13.4295641,52.4957735,4.574253,-0.6973537,17.283136,-7.3642635,on bike mount,cyclo cross,True,sett,intermediate
