bike_activity_uid,bike_activity_sample_uid,bike_activity_measurement,bike_activity_measurement_timestamp,bike_activity_measurement_lon,bike_activity_measurement_lat,bike_activity_measurement_speed,bike_activity_measurement_accelerometer_x,bike_activity_measurement_accelerometer_y,bike_activity_measurement_accelerometer_z,bike_activity_phone_position,bike_activity_bike_type,bike_activity_flagged_lab_conditions,bike_activity_surface_type,bike_activity_smoothness_type
375cd3de-11ce-4a01-ad36-8ebc61cba6f9,af986b93-dde2-41fb-9b30-6156efc1c6de,47697fd8-e48d-47d4-b802-036417c58869,1633625784878,13.4282505,52.4961559,6.01711,-0.33983952,12.852138,-19.11348,on bike mount,cyclo cross,True,sett,intermediate
375cd3de-11ce-4a01-ad36-8ebc61cba6f9,af986b93-dde2-41fb-9b30-6156efc1c6de,b25bc428-aafa-48cf-82ca-e3703b592185,1633625784927,13.4282505,52.4961559,6.01711,1.3541573,4.2312803,-3.4923391,on bike mount,cyclo cross,True,sett,intermediate
375cd3de-11ce-4a01-ad36-8ebc61cba6f9,af986b93-dde2-41fb-9b30-6156efc1c6de,be1b2897-ae50-4276-a843-3aa71880f749,1633625784977,13.4282505,52.4961559,6.01711,2.1329942,5.4954004,-9.423885,on bike mount,cyclo cross,True,sett,intermediate
375cd3de-11ce-4a01-ad36-8ebc61cba6f9,af986b93-dde2-41fb-9b30-6156efc1c6de,d88b401a-ebda-46df-9401-437d01b4c66f,1633625785027,13.4282505,52.4961559,6.01711,4.301257,15.476471,-21.89849,on bike mount,cyclo cross,True,sett,intermediate
375cd3de-11ce-4a01-ad36-8ebc61cba6f9,af986b93-dde2-41fb-9b30-6156efc1c6de,b2f9bfd6-d14b-4587-902f-4948b4ae7564,1633625785077,13.4282505,52.4961559,6.01711,6.1775312,-7.757808,-6.2298093,on bike mount,cyclo cross,True,sett,intermediate
375cd3de-11ce-4a01-ad36-8ebc61cba6f9,af986b93-dde2-41fb-9b30-6156efc1c6de,33b291e6-2ac8-4ed7-a32d-2f7fe57805ef,1633625785128,13.4282505,52.4961559,6.01711,2.3682706,-12.934276,-8.002178,on bike mount,cyclo cross,True,sett,intermediate
375cd3de-11ce-4a01-ad36-8ebc61cba6f9,af986b93-dde2-41fb-9b30-6156efc1c6de,ae7b031b-aacb-4331-9911-ec6049382494,1633625785179,13.4282505,52.4961559,6.01711,4.232342,12.92721,-2.7992501,on bike mount,cyclo cross,True,sett,intermediate
375cd3de-11ce-4a01-ad36-8ebc61cba6f9,af986b93-dde2-41fb-9b30-6156efc1c6de,620d2081-fbb3-453d-a71f-f984d31935dd,1633625785229,13.4282505,52.4961559,6.01711,-0.97918415,-1.1193073,7.6364746,on bike mount,cyclo cross,True,sett,intermediate
375cd3de-11ce-4a01-ad36-8ebc61cba6f9,af986b93-dde2-41fb-9b30-6156efc1c6de,516b7ae2-5e9e-4168-a522-0c5ac2752ec1,1633625785279,13.4282505,52.4961559,6.01711,0.34742302,-0.34191108,-6.430367,on bike mount,cyclo cross,True,sett,intermediate
375cd3de-11ce-4a01-ad36-8ebc61cba6f9,af986b93-dde2-41fb-9b30-6156efc1c6de,65c11a87-337b-4ef6-9b8b-1d9cbf53deb4,1633625785345,13.4282505,52.4961559,6.01711,-0.008200794,1.0540218,-0.6776953,on bike mount,cyclo cross,True,sett,intermediate
375cd3de-11ce-4a01-ad36-8ebc61cba6f9,af986b93-dde2-41fb-9b30-6156efc1c6de,5ddc688f-6492-408a-952f-8b3848aa8a2c,1633625785396,13.4282505,52.4961559,6.01711,-1.5765038,11.734623,-6.276795,on bike mount,cyclo cross,True,sett,intermediate
375cd3de-11ce-4a01-ad36-8ebc61cba6f9,af986b93-dde2-41fb-9b30-6156efc1c6de,e1492e2f-d873-4f36-aaca-7d0096f37062,1633625785446,13.4282505,52.4961559,6.01711,-1.9928465,-7.384186,1.0427456,on bike mount,cyclo cross,True,sett,intermediate
375cd3de-11ce-4a01-ad36-8ebc61cba6f9,af986b93-dde2-41fb-9b30-6156efc1c6de,71aeb6dd-cb26-4dd8-aeef-b0083d12f703,1633625785496,13.4282505,52.4961559,6.01711,-3.3139057,1.0408416,6.763422,on bike mount,cyclo cross,True,sett,intermediate
375cd3de-11ce-4a01-ad36-8ebc61cba6f9,af986b93-dde2-41fb-9b30-6156efc1c6de,a27e411c-dd15-4f8d-a685-ba1d517c0c45,1633625785554,13.4282505,52.4961559,6.01711,0.20200214,1.0096107,-8.71787,on bike mount,cyclo cross,True,sett,intermediate
375cd3de-11ce-4a01-ad36-8ebc61cba6f9,af986b93-dde2-41fb-9b30-6156efc1c6de,303ecb50-3b42-4bb3-8545-14c412662769,1633625785612,13.4281662,52.4961748,6.3717737,6.1303997,9.742177,-20.899406,on bike mount,cyclo cross,True,sett,intermediate
375cd3de-11ce-4a01-ad36-8ebc61cba6f9,af986b93-dde2-41fb-9b30-6156efc1c6de,fe2c9e2b-3da0-4584-a60c-9afe855dac51,1633625785662,13.4281662,52.4961748,6.3717737,-1.0140661,7.6943035,-16.145552,on bike mount,cyclo cross,True,sett,intermediate
375cd3de-11ce-4a01-ad36-8ebc61cba6f9,af986b93-dde2-41fb-9b30-6156efc1c6de,9eae5c0a-ebf2-41db-b103-584b533a908d,1633625785713,13.4281662,52.4961748,6.3717737,-0.1316579,-13.161791,21.010956,on bike mount,cyclo cross,True,sett,intermediate
375cd3de-11ce-4a01-ad36-8ebc61cba6f9,af986b93-dde2-41fb-9b30-6156efc1c6de,71529253-b14c-468e-9b81-aacf28b9081a,1633625785762,13.4281662,52.4961748,6.3717737,-1.8337059,-0.22299099,-13.678749,on bike mount,cyclo cross,True,sett,intermediate
375cd3de-11ce-4a01-ad36-8ebc61cba6f9,af986b93-dde2-41fb-9b30-6156efc1c6de,dbe57bae-97bf-450c-bb3d-c26d19ff27fc,1633625785814,13.4281662,52.4961748,6.3717737,-2.3269286,0.8157053,11.843735,on bike mount,cyclo cross,True,sett,intermediate
375cd3de-11ce-4a01-ad36-8ebc61cba6f9,af986b93-dde2-41fb-9b30-6156efc1c6de,9c52ea41-a87b-4470-ac81-860761cf6272,1633625785879,13.4281662,52.4961748,6.3717737,1.5793262,-15.013836,10.029623,on bike mount,cyclo cross,True,sett,intermediate
375cd3de-11ce-4a01-ad36-8ebc61cba6f9,af986b93-dde2-41fb-9b30-6156efc1c6de,de0182fb-b21f-4ca5-8179-2cc2fe6c9154,1633625785929,13.4281662,52.4961748,6.3717737,-5.4457493,5.4717665,-11.774519,on bike mount,cyclo cross,True,sett,intermediate
375cd3de-11ce-4a01-ad36-8ebc61cba6f9,af986b93-dde2-41fb-9b30-6156efc1c6de,a46737e3-cde9-46e7-b2a9-30953c8a3370,1633625785979,13.4281662,52.4961748,6.3717737,0.6362751,-7.7297726,-5.2120733,on bike mount,cyclo cross,True,sett,intermediate
375cd3de-11ce-4a01-ad36-8ebc61cba6f9,af986b93-dde2-41fb-9b30-6156efc1c6de,05a1e5e5-017a-4ec1-8d0c-58c224a92fb1,1633625786029,13.4281662,52.4961748,6.3717737,-3.0550523,-4.011129,-0.91216564,on bike mount,cyclo cross,True,sett,intermediate
375cd3de-11ce-4a01-ad36-8ebc61cba6f9,af986b93-dde2-41fb-9b30-6156efc1c6de,6a0918fe-5fc2-46f8-9cb4-3c5902395559,1633625786081,13.4281662,52.4961748,6.3717737,-1.8247445,-13.040454,-4.357642,on bike mount,cyclo cross,True,sett,intermediate
375cd3de-11ce-4a01-ad36-8ebc61cba6f9,af986b93-dde2-41fb-9b30-6156efc1c6de,c5d68ef5-081f-4e03-92b9-33cc02890144,1633625786131,13.4281662,52.4961748,6.3717737,-2.2993226,-10.170416,2.5525122,on bike mount,cyclo cross,True,sett,intermediate
375cd3de-11ce-4a01-ad36-8ebc61cba6f9,af986b93-dde2-41fb-9b30-6156efc1c6de,0370dde0-da1a-4dc9-8045-079796b32901,1633625786196,13.4281662,52.4961748,6.3717737,2.5027251,17.003843,-4.5188103,on bike mount,cyclo cross,True,sett,intermediate
375cd3de-11ce-4a01-ad36-8ebc61cba6f9,af986b93-dde2-41fb-9b30-6156efc1c6de,d9b33b40-d902-4b3b-9534-49ed0887b719,1633625786247,13.4281662,52.4961748,6.3717737,2.1008258,7.3983426,-16.28409,on bike mount,cyclo cross,True,sett,intermediate
375cd3de-11ce-4a01-ad36-8ebc61cba6f9,af986b93-dde2-41fb-9b30-6156efc1c6de,2a273a41-2bda-4606-9c59-5f36cb9c5b4c,1633625786298,13.4281662,52.4961748,6.3717737,0.32547927,4.8704815,-19.352602,on bike mount,cyclo cross,True,sett,intermediate
375cd3de-11ce-4a01-ad36-8ebc61cba6f9,af986b93-dde2-41fb-9b30-6156efc1c6de,de7f468e-5ce8-481b-a70d-96dfe5870512,1633625786365,13.4281662,52.4961748,6.3717737,3.8312502,3.5003877,-12.179856,on bike mount,cyclo cross,True,sett,intermediate
375cd3de-11ce-4a01-ad36-8ebc61cba6f9,af986b93-dde2-41fb-9b30-6156efc1c6de,3b833432-a004-4d4a-80d5-9fff78a47859,1633625786431,13.4281662,52.4961748,6.3717737,0.15733784,-3.9389539,-20.992403,on bike mount,cyclo cross,True,sett,intermediate
375cd3de-11ce-4a01-ad36-8ebc61cba6f9,af986b93-dde2-41fb-9b30-6156efc1c6de,873ee4b7-d5ca-4aa2-b5d8-eae20b6969fa,1633625786481,13.4281662,52.4961748,6.3717737,-0.12662263,-5.2388077,10.103317,on bike mount,cyclo cross,True,sett,intermediate
375cd3de-11ce-4a01-ad36-8ebc61cba6f9,af986b93-dde2-41fb-9b30-6156efc1c6de,ed588c72-5029-45f1-8aa4-c7766184bc94,1633625786533,13.4281662,52.4961748,6.3717737,4.3498573,-0.64861155,-6.9647846,on bike mount,cyclo cross,True,sett,intermediate
375cd3de-11ce-4a01-ad36-8ebc61cba6f9,af986b93-dde2-41fb-9b30-6156efc1c6de,f6b4f98e-32c0-4419-af1a-f270d366bfe8,1633625786598,13.4280844,52.4962102,6.0796466,-0.30561942,-0.74145865,17.421051,on bike mount,cyclo cross,True,sett,intermediate
375cd3de-11ce-4a01-ad36-8ebc61cba6f9,af986b93-dde2-41fb-9b30-6156efc1c6de,42e15290-9a26-4146-912e-fdf3ed0a9ade,1633625786648,13.4280844,52.4962102,6.0796466,2.8948376,-35.36667,25.971571,on bike mount,cyclo cross,True,sett,intermediate
375cd3de-11ce-4a01-ad36-8ebc61cba6f9,af986b93-dde2-41fb-9b30-6156efc1c6de,7c92ed5d-e700-4330-8a4c-d61f34d67bb3,1633625786698,13.4280844,52.4962102,6.0796466,-1.3829379,-32.338345,4.9890633,on bike mount,cyclo cross,True,sett,intermediate
375cd3de-11ce-4a01-ad36-8ebc61cba6f9,af986b93-dde2-41fb-9b30-6156efc1c6de,f8c31029-27b6-4e3e-908e-6fb771d86fc2,1633625786748,13.4280844,52.4962102,6.0796466,-5.191456,-0.8437934,17.493334,on bike mount,cyclo cross,True,sett,intermediate
375cd3de-11ce-4a01-ad36-8ebc61cba6f9,af986b93-dde2-41fb-9b30-6156efc1c6de,4e7306d7-202d-416a-8950-811ad1bc8d0d,1633625786798,13.4280844,52.4962102,6.0796466,-4.0603485,2.1377318,-8.155418,on bike mount,cyclo cross,True,sett,intermediate
375cd3de-11ce-4a01-ad36-8ebc61cba6f9,af986b93-dde2-41fb-9b30-6156efc1c6de,1dd81607-d1d7-451f-946a-026ffab5d6b6,1633625786849,13.4280844,52.4962102,6.0796466,0.60896933,-12.822853,-3.1908998,on bike mount,cyclo cross,True,sett,intermediate
375cd3de-11ce-4a01-ad36-8ebc61cba6f9,af986b93-dde2-41fb-9b30-6156efc1c6de,50041641-8ed1-46bf-9184-ac72431a2981,1633625786901,13.4280844,52.4962102,6.0796466,1.101302,-11.872309,-9.674955,on bike mount,cyclo cross,True,sett,intermediate
375cd3de-11ce-4a01-ad36-8ebc61cba6f9,af986b93-dde2-41fb-9b30-6156efc1c6de,ef33a2eb-f407-4656-b4cc-5986601badc1,1633625786964,13.4280844,52.4962102,6.0796466,0.54483116,3.5390935,-9.527978,on bike mount,cyclo cross,True,sett,intermediate
375cd3de-11ce-4a01-ad36-8ebc61cba6f9,af986b93-dde2-41fb-9b30-6156efc1c6de,cf2e9a1e-663e-4f32-9e68-a604c3092bf9,1633625787016,13.4280844,52.4962102,6.0796466,2.1010818,10.384853,-7.292792,on bike mount,cyclo cross,True,sett,intermediate
375cd3de-11ce-4a01-ad36-8ebc61cba6f9,af986b93-dde2-41fb-9b30-6156efc1c6de,25d4e7d4-27ea-4838-93fa-bb1310333bea,1633625787082,13.4280844,52.4962102,6.0796466,-0.31931293,-18.055487,15.7696,on bike mount,cyclo cross,True,sett,intermediate
375cd3de-11ce-4a01-ad36-8ebc61cba6f9,af986b93-dde2-41fb-9b30-6156efc1c6de,b5024d4c-542f-4458-9e51-a1784e721aae,1633625787133,13.4280844,52.4962102,6.0796466,-3.8998172,0.4041705,15.351822,on bike mount,cyclo cross,True,sett,intermediate
375cd3de-11ce-4a01-ad36-8ebc61cba6f9,af986b93-dde2-41fb-9b30-6156efc1c6de,f4b27cd7-ccd1-45b8-82e6-e6287afdde52,1633625787183,13.4280844,52.4962102,6.0796466,1.2583768,14.08432,-10.796629,on bike mount,cyclo cross,True,sett,intermediate
375cd3de-11ce-4a01-ad36-8ebc61cba6f9,af986b93-dde2-41fb-9b30-6156efc1c6de,2642a23f-2c5e-4594-ac48-e96ff316de41,1633625787233,13.4280844,52.4962102,6.0796466,-1.7133827,-8.933365,-5.545455,on bike mount,cyclo cross,True,sett,intermediate
375cd3de-11ce-4a01-ad36-8ebc61cba6f9,af986b93-dde2-41fb-9b30-6156efc1c6de,c045b5c8-7465-4b4a-b9d0-274e4f7c73c7,1633625787283,13.4280844,52.4962102,6.0796466,0.17676783,-19.355316,2.533721,on bike mount,cyclo cross,True,sett,intermediate
375cd3de-11ce-4a01-ad36-8ebc61cba6f9,af986b93-dde2-41fb-9b30-6156efc1c6de,0cfe2cec-b833-46df-bd18-a15c0140293c,1633625787349,13.4280844,52.4962102,6.0796466,0.40908238,5.85748,-9.582518,on bike mount,cyclo cross,True,sett,intermediate
375cd3de-11ce-4a01-ad36-8ebc61cba6f9,af986b93-dde2-41fb-9b30-6156efc1c6de,eb227846-895d-4dbd-9778-b4030bf3df7b,1633625787401,13.4280844,52.4962102,6.0796466,-0.7603669,21.559452,-17.78018,on bike mount,cyclo cross,True,sett,intermediate
375cd3de-11ce-4a01-ad36-8ebc61cba6f9,af986b93-dde2-41fb-9b30-6156efc1c6de,5c17c881-feb2-4a9f-aefb-0a5e21f27841,1633625787450,13.4280844,52.4962102,6.0796466,-1.3285027,-2.4815586,-5.5902734,on bike mount,cyclo cross,True,sett,intermediate
375cd3de-11ce-4a01-ad36-8ebc61cba6f9,af986b93-dde2-41fb-9b30-6156efc1c6de,1c2ffdad-5a47-40f7-904b-624ce10a21f8,1633625787500,13.4280844,52.4962102,6.0796466,-0.6995584,2.979888,1.4161997,on bike mount,cyclo cross,True,sett,intermediate
375cd3de-11ce-4a01-ad36-8ebc61cba6f9,af986b93-dde2-41fb-9b30-6156efc1c6de,845fd860-4d8f-4c20-992a-10e9649d738f,1633625787551,13.4280016,52.4962328,5.4064016,0.7803948,13.475033,-19.411812,on bike mount,cyclo cross,True,sett,intermediate
375cd3de-11ce-4a01-ad36-8ebc61cba6f9,af986b93-dde2-41fb-9b30-6156efc1c6de,db6a7d91-230d-419c-b3da-01ae57aea747,1633625787617,13.4280016,52.4962328,5.4064016,0.3541119,-7.950558,4.2732353,on bike mount,cyclo cross,True,sett,intermediate
375cd3de-11ce-4a01-ad36-8ebc61cba6f9,af986b93-dde2-41fb-9b30-6156efc1c6de,26394373-f82e-471c-8846-f1f187139636,1633625787668,13.4280016,52.4962328,5.4064016,4.9125667,-6.7563663,1.5044031,on bike mount,cyclo cross,True,sett,intermediate
375cd3de-11ce-4a01-ad36-8ebc61cba6f9,af986b93-dde2-41fb-9b30-6156efc1c6de,c306eadf-3c1a-4d9a-9224-7d8576ed3266,1633625787717,13.4280016,52.4962328,5.4064016,-1.719721,1.6533265,4.0152855,on bike mount,cyclo cross,True,sett,intermediate
375cd3de-11ce-4a01-ad36-8ebc61cba6f9,af986b93-dde2-41fb-9b30-6156efc1c6de,a9cd7566-d02f-4342-a089-6c7dc394dff4,1633625787766,13.4280016,52.4962328,5.4064016,1.347986,20.573704,-9.659138,on bike mount,cyclo cross,True,sett,intermediate
375cd3de-11ce-4a01-ad36-8ebc61cba6f9,af986b93-dde2-41fb-9b30-6156efc1c6de,7cf0798f-90f1-44e2-b74e-1195c435c38d,1633625787817,13.4280016,52.4962328,5.4064016,5.0314145,16.040293,-16.825096,on bike mount,cyclo cross,True,sett,intermediate
375cd3de-11ce-4a01-ad36-8ebc61cba6f9,af986b93-dde2-41fb-9b30-6156efc1c6de,5dfe4715-221b-4793-afb1-79ea8f10fd24,1633625787868,13.4280016,52.4962328,5.4064016,-5.082161,13.264058,-8.687014,on bike mount,cyclo cross,True,sett,intermediate
375cd3de-11ce-4a01-ad36-8ebc61cba6f9,af986b93-dde2-41fb-9b30-6156efc1c6de,32a4a1a1-bd9e-485b-ae0e-7d79dc806f41,1633625787934,13.4280016,52.4962328,5.4064016,0.48282492,-11.849299,1.2316847,on bike mount,cyclo cross,True,sett,intermediate
375cd3de-11ce-4a01-ad36-8ebc61cba6f9,af986b93-dde2-41fb-9b30-6156efc1c6de,3a29d28b-1ace-4ed2-95fd-fabb2a9601e7,1633625787985,13.4280016,52.4962328,5.4064016,-2.6016593,5.1610436,18.378357,on bike mount,cyclo cross,True,sett,intermediate
375cd3de-11ce-4a01-ad36-8ebc61cba6f9,af986b93-dde2-41fb-9b30-6156efc1c6de,a8e81f8c-29d7-4798-805f-43d4e5272f96,1633625788035,13.4280016,52.4962328,5.4064016,0.22702628,3.210888,16.0198,on bike mount,cyclo cross,True,sett,intermediate
375cd3de-11ce-4a01-ad36-8ebc61cba6f9,af986b93-dde2-41fb-9b30-6156efc1c6de,ad8110c6-0d3f-4ef4-8d5e-0e9bbb4557a7,1633625788103,13.4280016,52.4962328,5.4064016,-0.52422714,14.192098,-17.55633,on bike mount,cyclo cross,True,sett,intermediate
375cd3de-11ce-4a01-ad36-8ebc61cba6f9,af986b93-dde2-41fb-9b30-6156efc1c6de,2ed3c080-3e59-4ac4-9162-455c87ed8406,1633625788169,13.4280016,52.4962328,5.4064016,5.845724,27.443836,-15.167418,on bike mount,cyclo cross,True,sett,intermediate
375cd3de-11ce-4a01-ad36-8ebc61cba6f9,af986b93-dde2-41fb-9b30-6156efc1c6de,0fbd956e-e5f8-46bf-b552-3da962b53e00,1633625788218,13.4280016,52.4962328,5.4064016,4.6872635,21.819082,-28.88584,on bike mount,cyclo cross,True,sett,intermediate
375cd3de-11ce-4a01-ad36-8ebc61cba6f9,af986b93-dde2-41fb-9b30-6156efc1c6de,fa2c71eb-590b-4c7b-b384-6bcdf00e2143,1633625788286,13.4280016,52.4962328,5.4064016,-1.143754,-22.004837,15.949308,on bike mount,cyclo cross,True,sett,intermediate
375cd3de-11ce-4a01-ad36-8ebc61cba6f9,af986b93-dde2-41fb-9b30-6156efc1c6de,436b3ee5-ac3e-4399-b84c-6f0399defdbe,1633625788353,13.4280016,52.4962328,5.4064016,2.8614047,8.031914,-13.877562,on bike mount,cyclo cross,True,sett,intermediate
375cd3de-11ce-4a01-ad36-8ebc61cba6f9,af986b93-dde2-41fb-9b30-6156efc1c6de,a6b492f6-1d2d-443c-8f4c-3d076ed79bd9,1633625788418,13.4280016,52.4962328,5.4064016,-2.5749922,-4.8636465,5.7022896,on bike mount,cyclo cross,True,sett,intermediate
375cd3de-11ce-4a01-ad36-8ebc61cba6f9,af986b93-dde2-41fb-9b30-6156efc1c6de,f37b8865-8dc0-4c5f-83d0-3b86a59adaf2,1633625788469,13.4280016,52.4962328,5.4064016,0.2759266,21.307392,-8.290932,on bike mount,cyclo cross,True,sett,intermediate
375cd3de-11ce-4a01-ad36-8ebc61cba6f9,af986b93-dde2-41fb-9b30-6156efc1c6de,2136266d-ac09-4796-81b6-161800c98d81,1633625788520,13.4280016,52.4962328,5.4064016,5.2962217,36.348373,-15.277845,on bike mount,cyclo cross,True,sett,intermediate
375cd3de-11ce-4a01-ad36-8ebc61cba6f9,af986b93-dde2-41fb-9b30-6156efc1c6de,7615251a-b5c4-4991-9150-89c4a522d683,1633625788572,13.4279297,52.4962519,4.8762336,1.432202,5.0064783,-6.3353586,on bike mount,cyclo cross,True,sett,intermediate
375cd3de-11ce-4a01-ad36-8ebc61cba6f9,af986b93-dde2-41fb-9b30-6156efc1c6de,0c81d1af-3392-404d-bc88-48b86630bf94,1633625788635,13.4279297,52.4962519,4.8762336,-0.10937595,7.1578913,1.7647142,on bike mount,cyclo cross,True,sett,intermediate
375cd3de-11ce-4a01-ad36-8ebc61cba6f9,af986b93-dde2-41fb-9b30-6156efc1c6de,d8a224a6-a0d8-4519-9b59-83feb37af6bd,1633625788686,13.4279297,52.4962519,4.8762336,-2.6136286,-10.874682,3.735196,on bike mount,cyclo cross,True,sett,intermediate
375cd3de-11ce-4a01-ad36-8ebc61cba6f9,af986b93-dde2-41fb-9b30-6156efc1c6de,3d4af386-e114-4216-8c41-2f1973c829f5,1633625788735,13.4279297,52.4962519,4.8762336,-0.52048814,-4.301323,3.5973425,on bike mount,cyclo cross,True,sett,intermediate
375cd3de-11ce-4a01-ad36-8ebc61cba6f9,af986b93-dde2-41fb-9b30-6156efc1c6de,1cc37760-7769-4454-b797-ad41f27cd8cf,1633625788786,13.4279297,52.4962519,4.8762336,-0.37976474,0.9147315,10.093216,on bike mount,cyclo cross,True,sett,intermediate
375cd3de-11ce-4a01-ad36-8ebc61cba6f9,af986b93-dde2-41fb-9b30-6156efc1c6de,6fef56ea-2468-4923-80d1-63313d8c320f,1633625788853,13.4279297,52.4962519,4.8762336,-1.5116365,10.145422,-17.48855,on bike mount,cyclo cross,True,sett,intermediate
375cd3de-11ce-4a01-ad36-8ebc61cba6f9,af986b93-dde2-41fb-9b30-6156efc1c6de,c821c913-68f9-4961-ba3f-9579bcb83be4,1633625788903,13.4279297,52.4962519,4.8762336,-4.116081,-17.800875,5.5945854,on bike mount,cyclo cross,True,sett,intermediate
375cd3de-11ce-4a01-ad36-8ebc61cba6f9,af986b93-dde2-41fb-9b30-6156efc1c6de,9991c61a-c5d0-4099-84ac-2b80d0927431,1633625788953,13.4279297,52.4962519,4.8762336,-0.3563354,-2.6341805,0.20598221,on bike mount,cyclo cross,True,sett,intermediate
375cd3de-11ce-4a01-ad36-8ebc61cba6f9,af986b93-dde2-41fb-9b30-6156efc1c6de,3a738382-16fe-42bb-a0c6-7fb7dba056bd,1633625789003,13.4279297,52.4962519,4.8762336,2.434805,-8.98104,2.6292973,on bike mount,cyclo cross,True,sett,intermediate
375cd3de-11ce-4a01-ad36-8ebc61cba6f9,af986b93-dde2-41fb-9b30-6156efc1c6de,61d4e928-25f8-4ac5-8202-60201b3e3661,1633625789052,13.4279297,52.4962519,4.8762336,-1.9124522,-9.916412,5.017029,on bike mount,cyclo cross,True,sett,intermediate
375cd3de-11ce-4a01-ad36-8ebc61cba6f9,af986b93-dde2-41fb-9b30-6156efc1c6de,a90672d9-67fb-4e3d-86f8-35b7a7d69a2c,1633625789103,13.4279297,52.4962519,4.8762336,1.6430552,12.537937,-8.7178335,on bike mount,cyclo cross,True,sett,intermediate
375cd3de-11ce-4a01-ad36-8ebc61cba6f9,af986b93-dde2-41fb-9b30-6156efc1c6de,a0651317-5303-42ea-9bdd-6cc6cbd92bc3,1633625789154,13.4279297,52.4962519,4.8762336,1.5285245,2.7684197,8.9120865,on bike mount,cyclo cross,True,sett,intermediate
375cd3de-11ce-4a01-ad36-8ebc61cba6f9,af986b93-dde2-41fb-9b30-6156efc1c6de,142d23cd-f583-49cd-8874-98cb46816916,1633625789205,13.4279297,52.4962519,4.8762336,1.8787994,-5.713647,10.51634,on bike mount,cyclo cross,True,sett,intermediate
375cd3de-11ce-4a01-ad36-8ebc61cba6f9,af986b93-dde2-41fb-9b30-6156efc1c6de,deaf4626-05c8-4795-81b5-4eba6254bfb6,1633625789270,13.4279297,52.4962519,4.8762336,-1.2631545,-14.095878,-0.8472018,on bike mount,cyclo cross,True,sett,intermediate
375cd3de-11ce-4a01-ad36-8ebc61cba6f9,af986b93-dde2-41fb-9b30-6156efc1c6de,0d155cde-6b82-492d-98f7-3c98e14d634c,1633625789320,13.4279297,52.4962519,4.8762336,1.2524341,-7.1885843,2.7160606,on bike mount,cyclo cross,True,sett,intermediate
375cd3de-11ce-4a01-ad36-8ebc61cba6f9,af986b93-dde2-41fb-9b30-6156efc1c6de,003bfa9c-1edb-4611-8065-1748b112d85f,1633625789372,13.4279297,52.4962519,4.8762336,3.4146023,7.312551,3.100874,on bike mount,cyclo cross,True,sett,intermediate
375cd3de-11ce-4a01-ad36-8ebc61cba6f9,af986b93-dde2-41fb-9b30-6156efc1c6de,c99b72fe-6c81-4e16-8d94-d4686bf08ccd,1633625789422,13.4278851,52.4962519,4.435834,0.25112337,-8.892164,-7.946857,on bike mount,cyclo cross,True,sett,intermediate
375cd3de-11ce-4a01-ad36-8ebc61cba6f9,af986b93-dde2-41fb-9b30-6156efc1c6de,4d00b975-ddee-4937-b82a-d107d6041c26,1633625789487,13.4278851,52.4962519,4.435834,-1.7576535,7.7311707,10.62982,on bike mount,cyclo cross,True,sett,intermediate
375cd3de-11ce-4a01-ad36-8ebc61cba6f9,af986b93-dde2-41fb-9b30-6156efc1c6de,f21a1496-cd4b-46ea-8adf-749302424595,1633625789538,13.4278851,52.4962519,4.435834,0.88329047,-1.5604379,2.596611,on bike mount,cyclo cross,True,sett,intermediate
375cd3de-11ce-4a01-ad36-8ebc61cba6f9,af986b93-dde2-41fb-9b30-6156efc1c6de,3c0af16e-6c4d-4056-ba9a-8ffba2dbb7c2,1633625789603,13.4278851,52.4962519,4.435834,-3.8600912,-15.324247,20.332878,on bike mount,cyclo cross,True,sett,intermediate
375cd3de-11ce-4a01-ad36-8ebc61cba6f9,af986b93-dde2-41fb-9b30-6156efc1c6de,479d33ef-b00c-4c1b-add1-ce26a28378cb,1633625789655,13.4278851,52.4962519,4.435834,3.3778787,18.873154,1.272109,on bike mount,cyclo cross,True,sett,intermediate
375cd3de-11ce-4a01-ad36-8ebc61cba6f9,af986b93-dde2-41fb-9b30-6156efc1c6de,a340f39e-61d7-43bd-92df-d4f6139b9db0,1633625789705,13.4278851,52.4962519,4.435834,1.2176911,6.7495894,-7.169058,on bike mount,cyclo cross,True,sett,intermediate
375cd3de-11ce-4a01-ad36-8ebc61cba6f9,af986b93-dde2-41fb-9b30-6156efc1c6de,4e3b6ff5-c03a-4563-a296-9322d40f973f,1633625789755,13.4278851,52.4962519,4.435834,4.7984257,-14.33444,15.185455,on bike mount,cyclo cross,True,sett,intermediate
375cd3de-11ce-4a01-ad36-8ebc61cba6f9,af986b93-dde2-41fb-9b30-6156efc1c6de,f86e0ef6-3305-484e-978c-2f2e6222292b,1633625789806,13.4278851,52.4962519,4.435834,-1.4328175,15.734154,3.4902859,on bike mount,cyclo cross,True,sett,intermediate
375cd3de-11ce-4a01-ad36-8ebc61cba6f9,af986b93-dde2-41fb-9b30-6156efc1c6de,5d98aab7-1930-4d00-9c05-dfe631eae4a2,1633625789857,13.4278851,52.4962519,4.435834,-0.45483238,-1.5053828,18.286812,on bike mount,cyclo cross,True,sett,intermediate
375cd3de-11ce-4a01-ad36-8ebc61cba6f9,af986b93-dde2-41fb-9b30-6156efc1c6de,60d9b5b6-064f-446f-ac9d-7d3795af7043,1633625789922,13.4278851,52.4962519,4.435834,2.7437892,13.122229,-7.225524,on bike mount,cyclo cross,True,sett,intermediate
375cd3de-11ce-4a01-ad36-8ebc61cba6f9,af986b93-dde2-41fb-9b30-6156efc1c6de,dd8134b4-6077-4280-b151-def5dd17abed,1633625789972,13.4278851,52.4962519,4.435834,-5.2893767,-5.084569,13.316264,on bike mount,cyclo cross,True,sett,intermediate
375cd3de-11ce-4a01-ad36-8ebc61cba6f9,af986b93-dde2-41fb-9b30-6156efc1c6de,bec99fa5-3ee1-4561-9d6f-d8261396efa3,1633625790022,13.4278851,52.4962519,4.435834,0.72911,4.5445986,2.16424,on bike mount,cyclo cross,True,sett,intermediate
375cd3de-11ce-4a01-ad36-8ebc61cba6f9,af986b93-dde2-41fb-9b30-6156efc1c6de,52dcefdf-0e2e-4ba8-8196-e4c05bb338ae,1633625790072,13.4278851,52.4962519,4.435834,-3.450643,-4.652072,5.4301233,on bike mount,cyclo cross,True,sett,intermediate
375cd3de-11ce-4a01-ad36-8ebc61cba6f9,af986b93-dde2-41fb-9b30-6156efc1c6de,5129493f-45fd-476e-a276-f0da799ed422,1633625790123,13.4278851,52.4962519,4.435834,1.6685714,-3.3652418,1.6279287,on bike mount,cyclo cross,True,sett,intermediate
375cd3de-11ce-4a01-ad36-8ebc61cba6f9,af986b93-dde2-41fb-9b30-6156efc1c6de,f587052e-f3a2-4450-b5e5-fc4ef3653a52,1633625790172,13.4278851,52.4962519,4.435834,-0.2507079,-0.31506252,2.8044243,on bike mount,cyclo cross,True,sett,intermediate
375cd3de-11ce-4a01-ad36-8ebc61cba6f9,af986b93-dde2-41fb-9b30-6156efc1c6de,8a41e796-468c-468c-bb56-8a7cecf885d5,1633625790224,13.4278851,52.4962519,4.435834,-5.549653,-10.629471,11.508652,on bike mount,cyclo cross,True,sett,intermediate
