bike_activity_uid,bike_activity_sample_uid,bike_activity_measurement,bike_activity_measurement_timestamp,bike_activity_measurement_lon,bike_activity_measurement_lat,bike_activity_measurement_speed,bike_activity_measurement_accelerometer_x,bike_activity_measurement_accelerometer_y,bike_activity_measurement_accelerometer_z,bike_activity_phone_position,bike_activity_bike_type,bike_activity_flagged_lab_conditions,bike_activity_surface_type,bike_activity_smoothness_type
3dac0a69-c190-48f3-bff8-b9ca65151940,2a9775f9-085c-4400-8b56-b41474409a6c,0f388ca7-a541-47de-a657-ce6fa75fc6b5,1633098949445,13.4297438,52.4958476,2.6576476,-0.88975227,-1.1964092,2.2710218,on bike mount,cyclo cross,True,sett,intermediate
3dac0a69-c190-48f3-bff8-b9ca65151940,2a9775f9-085c-4400-8b56-b41474409a6c,d9ff7e3f-6241-483d-b7bf-f5d5bf987f7a,1633098949495,13.4297438,52.4958476,2.6576476,-2.6325579,1.040998,-2.0497398,on bike mount,cyclo cross,True,sett,intermediate
3dac0a69-c190-48f3-bff8-b9ca65151940,2a9775f9-085c-4400-8b56-b41474409a6c,e6bb6bfd-ecef-4eb5-aa34-ec78e3e3c283,1633098949547,13.4297847,52.4958393,2.5874102,-2.351255,3.4411364,11.129122,on bike mount,cyclo cross,True,sett,intermediate
3dac0a69-c190-48f3-bff8-b9ca65151940,2a9775f9-085c-4400-8b56-b41474409a6c,c49059ec-1f0d-4246-b9fa-c79f92b45c7e,1633098949596,13.4297847,52.4958393,2.5874102,-1.419879,3.538702,-2.457841,on bike mount,cyclo cross,True,sett,intermediate
3dac0a69-c190-48f3-bff8-b9ca65151940,2a9775f9-085c-4400-8b56-b41474409a6c,ab7c4d06-0c7f-4df9-a3d9-66b1cefd8a07,1633098949645,13.4297847,52.4958393,2.5874102,-0.5670382,-0.174433,-5.208345,on bike mount,cyclo cross,True,sett,intermediate
3dac0a69-c190-48f3-bff8-b9ca65151940,2a9775f9-085c-4400-8b56-b41474409a6c,0996181a-b803-41f4-b4f1-910a3d96e700,1633098949695,13.4297847,52.4958393,2.5874102,-1.939218,-5.673712,7.123354,on bike mount,cyclo cross,True,sett,intermediate
3dac0a69-c190-48f3-bff8-b9ca65151940,2a9775f9-085c-4400-8b56-b41474409a6c,84f56534-6c9b-4505-be1c-521a7ce87237,1633098949745,13.4297847,52.4958393,2.5874102,3.011064,0.060600758,-0.73816395,on bike mount,cyclo cross,True,sett,intermediate
3dac0a69-c190-48f3-bff8-b9ca65151940,2a9775f9-085c-4400-8b56-b41474409a6c,74d88e8e-2138-413b-b92b-df03a1a73a1a,1633098949794,13.4297847,52.4958393,2.5874102,-2.8763247,0.6700301,10.096444,on bike mount,cyclo cross,True,sett,intermediate
3dac0a69-c190-48f3-bff8-b9ca65151940,2a9775f9-085c-4400-8b56-b41474409a6c,db3350c9-7f36-4172-bb42-de53b966c201,1633098949845,13.4297847,52.4958393,2.5874102,1.0154209,1.8523407,-2.2533908,on bike mount,cyclo cross,True,sett,intermediate
3dac0a69-c190-48f3-bff8-b9ca65151940,2a9775f9-085c-4400-8b56-b41474409a6c,f40fff28-37ff-4b6a-81c3-2b17cfd703e5,1633098949895,13.4297847,52.4958393,2.5874102,-3.7912583,-2.4429412,9.336256,on bike mount,cyclo cross,True,sett,intermediate
3dac0a69-c190-48f3-bff8-b9ca65151940,2a9775f9-085c-4400-8b56-b41474409a6c,3cedf2ee-af95-4429-ae68-6394bf7967f7,1633098949945,13.4297847,52.4958393,2.5874102,2.8575535,-4.3054905,2.5272503,on bike mount,cyclo cross,True,sett,intermediate
3dac0a69-c190-48f3-bff8-b9ca65151940,2a9775f9-085c-4400-8b56-b41474409a6c,43940c20-f570-47f3-baf8-f41347dd3d2f,1633098949995,13.4297847,52.4958393,2.5874102,1.7630751,-0.19479251,-1.5577083,on bike mount,cyclo cross,True,sett,intermediate
3dac0a69-c190-48f3-bff8-b9ca65151940,2a9775f9-085c-4400-8b56-b41474409a6c,824f9e45-8686-4818-94ee-98ac14a514b0,1633098950047,13.4297847,52.4958393,2.5874102,2.3082747,4.2038965,-4.073715,on bike mount,cyclo cross,True,sett,intermediate
3dac0a69-c190-48f3-bff8-b9ca65151940,2a9775f9-085c-4400-8b56-b41474409a6c,feaf9de3-e996-4c23-ba90-baed958d2a7a,1633098950112,13.4297847,52.4958393,2.5874102,0.27639508,4.2059073,-1.7483077,on bike mount,cyclo cross,True,sett,intermediate
3dac0a69-c190-48f3-bff8-b9ca65151940,2a9775f9-085c-4400-8b56-b41474409a6c,896f23f2-4460-4a39-a5c7-e110bbaa83ef,1633098950163,13.4297847,52.4958393,2.5874102,1.0515616,2.7179317,-5.3471756,on bike mount,cyclo cross,True,sett,intermediate
3dac0a69-c190-48f3-bff8-b9ca65151940,2a9775f9-085c-4400-8b56-b41474409a6c,59460cd3-1609-4fc8-b9c3-a2d2f127ec51,1633098950215,13.4297847,52.4958393,2.5874102,-2.0329616,4.3453856,0.9605503,on bike mount,cyclo cross,True,sett,intermediate
3dac0a69-c190-48f3-bff8-b9ca65151940,2a9775f9-085c-4400-8b56-b41474409a6c,d337eca6-b8ab-4246-839c-19dcd8ff9c83,1633098950280,13.4297847,52.4958393,2.5874102,0.65051854,0.63234663,0.43808937,on bike mount,cyclo cross,True,sett,intermediate
3dac0a69-c190-48f3-bff8-b9ca65151940,2a9775f9-085c-4400-8b56-b41474409a6c,c71968da-0a2e-4e0f-a94e-c705d82e2809,1633098950330,13.4297847,52.4958393,2.5874102,0.09744802,-4.311823,-0.4727888,on bike mount,cyclo cross,True,sett,intermediate
3dac0a69-c190-48f3-bff8-b9ca65151940,2a9775f9-085c-4400-8b56-b41474409a6c,167b304d-e8ed-49cd-b974-bb82497659e8,1633098950381,13.4297847,52.4958393,2.5874102,1.4150318,-5.904372,0.11755943,on bike mount,cyclo cross,True,sett,intermediate
3dac0a69-c190-48f3-bff8-b9ca65151940,2a9775f9-085c-4400-8b56-b41474409a6c,1d9ded61-a217-460c-88ce-dbed52cfaea1,1633098950431,13.4297847,52.4958393,2.5874102,1.8905966,-6.168195,-0.7627287,on bike mount,cyclo cross,True,sett,intermediate
3dac0a69-c190-48f3-bff8-b9ca65151940,2a9775f9-085c-4400-8b56-b41474409a6c,4e00e2b8-10f0-4973-b35a-dada448b4e43,1633098950481,13.4297847,52.4958393,2.5874102,0.47005117,-0.90187216,-1.0535975,on bike mount,cyclo cross,True,sett,intermediate
3dac0a69-c190-48f3-bff8-b9ca65151940,2a9775f9-085c-4400-8b56-b41474409a6c,a945635e-2dfa-450a-8624-3916827911e4,1633098950546,13.4298223,52.4958216,2.6230285,-2.1319156,6.1120462,6.6801004,on bike mount,cyclo cross,True,sett,intermediate
3dac0a69-c190-48f3-bff8-b9ca65151940,2a9775f9-085c-4400-8b56-b41474409a6c,0c020b3a-40f9-45b8-bdbb-522d83f5ac4b,1633098950597,13.4298223,52.4958216,2.6230285,-0.67538226,0.87782717,2.0394487,on bike mount,cyclo cross,True,sett,intermediate
3dac0a69-c190-48f3-bff8-b9ca65151940,2a9775f9-085c-4400-8b56-b41474409a6c,1382e061-5046-4e93-9683-db3e48502312,1633098950663,13.4298223,52.4958216,2.6230285,0.53502655,4.609822,-4.277178,on bike mount,cyclo cross,True,sett,intermediate
3dac0a69-c190-48f3-bff8-b9ca65151940,2a9775f9-085c-4400-8b56-b41474409a6c,06934cc0-eea6-48a7-9c62-22f372756c00,1633098950714,13.4298223,52.4958216,2.6230285,1.3485248,-0.9455495,-3.7148066,on bike mount,cyclo cross,True,sett,intermediate
3dac0a69-c190-48f3-bff8-b9ca65151940,2a9775f9-085c-4400-8b56-b41474409a6c,98b89038-e715-4564-b818-f3ad3882ebcc,1633098950780,13.4298223,52.4958216,2.6230285,-0.9026338,-1.8572283,-7.647662,on bike mount,cyclo cross,True,sett,intermediate
3dac0a69-c190-48f3-bff8-b9ca65151940,2a9775f9-085c-4400-8b56-b41474409a6c,9cfb2bdc-e5c1-4a32-8659-876205924e8a,1633098950830,13.4298223,52.4958216,2.6230285,1.0338291,0.7727561,0.3057003,on bike mount,cyclo cross,True,sett,intermediate
3dac0a69-c190-48f3-bff8-b9ca65151940,2a9775f9-085c-4400-8b56-b41474409a6c,0b345dd3-0dc5-4b92-bd84-30bc0791bd9d,1633098950880,13.4298223,52.4958216,2.6230285,-0.93939775,4.7676897,-4.576807,on bike mount,cyclo cross,True,sett,intermediate
3dac0a69-c190-48f3-bff8-b9ca65151940,2a9775f9-085c-4400-8b56-b41474409a6c,d7bd3671-edc7-484b-bdca-995c7184cd1b,1633098950930,13.4298223,52.4958216,2.6230285,4.1783853,-2.776285,10.292986,on bike mount,cyclo cross,True,sett,intermediate
3dac0a69-c190-48f3-bff8-b9ca65151940,2a9775f9-085c-4400-8b56-b41474409a6c,d31cd374-0d83-4e71-9d87-d5550a339991,1633098950981,13.4298223,52.4958216,2.6230285,-1.0139838,-3.886608,5.4750185,on bike mount,cyclo cross,True,sett,intermediate
3dac0a69-c190-48f3-bff8-b9ca65151940,2a9775f9-085c-4400-8b56-b41474409a6c,aa1cb413-659a-48e9-9b28-c788ed080628,1633098951031,13.4298223,52.4958216,2.6230285,1.4110205,-7.7318025,1.1986008,on bike mount,cyclo cross,True,sett,intermediate
3dac0a69-c190-48f3-bff8-b9ca65151940,2a9775f9-085c-4400-8b56-b41474409a6c,6fc18cbd-0cda-41b8-a690-f4aaa7a6e555,1633098951081,13.4298223,52.4958216,2.6230285,-1.1906419,-2.8332114,0.24562693,on bike mount,cyclo cross,True,sett,intermediate
3dac0a69-c190-48f3-bff8-b9ca65151940,2a9775f9-085c-4400-8b56-b41474409a6c,f026d949-0931-4a16-9eda-79d680fbb194,1633098951132,13.4298223,52.4958216,2.6230285,-0.9825529,-3.9768937,-2.960219,on bike mount,cyclo cross,True,sett,intermediate
3dac0a69-c190-48f3-bff8-b9ca65151940,2a9775f9-085c-4400-8b56-b41474409a6c,77641866-966f-4f82-8e96-8fd40b5cc381,1633098951181,13.4298223,52.4958216,2.6230285,0.3531543,4.300187,-5.595272,on bike mount,cyclo cross,True,sett,intermediate
3dac0a69-c190-48f3-bff8-b9ca65151940,2a9775f9-085c-4400-8b56-b41474409a6c,9f4e7345-4b02-486d-862d-7adcaa096a96,1633098951232,13.4298473,52.4958143,2.6281252,0.81877804,-5.5468655,-1.7022934,on bike mount,cyclo cross,True,sett,intermediate
3dac0a69-c190-48f3-bff8-b9ca65151940,2a9775f9-085c-4400-8b56-b41474409a6c,9798acfb-f2f5-4590-9784-3e1d2307f9c7,1633098951298,13.4298473,52.4958143,2.6281252,-1.7112797,-1.5135784,0.14165115,on bike mount,cyclo cross,True,sett,intermediate
3dac0a69-c190-48f3-bff8-b9ca65151940,2a9775f9-085c-4400-8b56-b41474409a6c,3d415ac8-a7cf-4653-b75a-306d34b83558,1633098951349,13.4298473,52.4958143,2.6281252,-1.7244571,-5.7113156,7.7373466,on bike mount,cyclo cross,True,sett,intermediate
3dac0a69-c190-48f3-bff8-b9ca65151940,2a9775f9-085c-4400-8b56-b41474409a6c,46e42893-831d-4296-b7b2-57bbdcd3b26f,1633098951399,13.4298473,52.4958143,2.6281252,-0.4195159,-3.2246034,-6.1297326,on bike mount,cyclo cross,True,sett,intermediate
3dac0a69-c190-48f3-bff8-b9ca65151940,2a9775f9-085c-4400-8b56-b41474409a6c,c13e2612-1200-4e56-8987-0f623d4f9029,1633098951449,13.4298473,52.4958143,2.6281252,0.39260224,5.002595,-5.850554,on bike mount,cyclo cross,True,sett,intermediate
3dac0a69-c190-48f3-bff8-b9ca65151940,2a9775f9-085c-4400-8b56-b41474409a6c,449b058b-3a08-49d4-8925-fbfe07b9bda1,1633098951499,13.4298473,52.4958143,2.6281252,1.3480251,3.9529133,0.5853205,on bike mount,cyclo cross,True,sett,intermediate
3dac0a69-c190-48f3-bff8-b9ca65151940,2a9775f9-085c-4400-8b56-b41474409a6c,9f8cfa70-73cb-43f4-84e9-0792a10bff02,1633098951564,13.4298473,52.4958143,2.6281252,0.15775135,-2.4652386,1.599185,on bike mount,cyclo cross,True,sett,intermediate
3dac0a69-c190-48f3-bff8-b9ca65151940,2a9775f9-085c-4400-8b56-b41474409a6c,d91b7392-d227-4f79-a133-24aeb677c018,1633098951615,13.4298473,52.4958143,2.6281252,1.5072948,-1.2479553,-8.206835,on bike mount,cyclo cross,True,sett,intermediate
3dac0a69-c190-48f3-bff8-b9ca65151940,2a9775f9-085c-4400-8b56-b41474409a6c,2e10cafc-8552-4cb4-a87a-71175b3cbe6b,1633098951667,13.4298473,52.4958143,2.6281252,1.8921337,-2.2305398,-1.6872668,on bike mount,cyclo cross,True,sett,intermediate
3dac0a69-c190-48f3-bff8-b9ca65151940,2a9775f9-085c-4400-8b56-b41474409a6c,d09f39e5-0bbf-4916-a100-1daf1a6dbb9f,1633098951732,13.4298473,52.4958143,2.6281252,0.64222753,2.3932304,1.3584433,on bike mount,cyclo cross,True,sett,intermediate
3dac0a69-c190-48f3-bff8-b9ca65151940,2a9775f9-085c-4400-8b56-b41474409a6c,b6ccbb48-3db2-4133-b21a-e0e1c6373034,1633098951782,13.4298473,52.4958143,2.6281252,-1.2159349,-4.8829117,4.1397457,on bike mount,cyclo cross,True,sett,intermediate
3dac0a69-c190-48f3-bff8-b9ca65151940,2a9775f9-085c-4400-8b56-b41474409a6c,401ac93d-79ae-4b17-9e4b-16a2f1f34d9e,1633098951832,13.4298473,52.4958143,2.6281252,0.26676977,5.240195,-3.0232308,on bike mount,cyclo cross,True,sett,intermediate
3dac0a69-c190-48f3-bff8-b9ca65151940,2a9775f9-085c-4400-8b56-b41474409a6c,d4fd4a1a-1c69-4164-807e-710be94c9688,1633098951898,13.4298473,52.4958143,2.6281252,0.76301515,3.244257,-5.884886,on bike mount,cyclo cross,True,sett,intermediate
3dac0a69-c190-48f3-bff8-b9ca65151940,2a9775f9-085c-4400-8b56-b41474409a6c,f32d0e48-1aba-4fcd-ad26-817886f161a5,1633098951949,13.4298473,52.4958143,2.6281252,1.7395623,3.5484352,-1.8500681,on bike mount,cyclo cross,True,sett,intermediate
3dac0a69-c190-48f3-bff8-b9ca65151940,2a9775f9-085c-4400-8b56-b41474409a6c,f3609b47-0c48-4e9b-9bab-4b85eb419297,1633098951999,13.4298473,52.4958143,2.6281252,1.453511,0.030305386,-2.3280811,on bike mount,cyclo cross,True,sett,intermediate
3dac0a69-c190-48f3-bff8-b9ca65151940,2a9775f9-085c-4400-8b56-b41474409a6c,dd8ba065-3b88-4cb7-9341-31eab0a7d6d1,1633098952049,13.4298473,52.4958143,2.6281252,1.8788869,-4.377508,7.3354483,on bike mount,cyclo cross,True,sett,intermediate
3dac0a69-c190-48f3-bff8-b9ca65151940,2a9775f9-085c-4400-8b56-b41474409a6c,71376425-9915-4d49-b4bf-88e904640432,1633098952100,13.4298473,52.4958143,2.6281252,-1.4439967,8.843529,-2.8614707,on bike mount,cyclo cross,True,sett,intermediate
3dac0a69-c190-48f3-bff8-b9ca65151940,2a9775f9-085c-4400-8b56-b41474409a6c,da19c0c5-4ed0-46fd-aa8a-0c10b60acd54,1633098952150,13.4298473,52.4958143,2.6281252,1.4116018,4.8272114,-1.9191513,on bike mount,cyclo cross,True,sett,intermediate
3dac0a69-c190-48f3-bff8-b9ca65151940,2a9775f9-085c-4400-8b56-b41474409a6c,dee08c67-04b9-46fa-81de-06a8f557fb89,1633098952199,13.4298473,52.4958143,2.6281252,-0.8616642,-0.43224978,-4.6099195,on bike mount,cyclo cross,True,sett,intermediate
3dac0a69-c190-48f3-bff8-b9ca65151940,2a9775f9-085c-4400-8b56-b41474409a6c,ee23d83a-febd-4fcd-a168-fc4138b76b02,1633098952250,13.4298473,52.4958143,2.6281252,0.48414558,-1.3264606,-6.84756,on bike mount,cyclo cross,True,sett,intermediate
3dac0a69-c190-48f3-bff8-b9ca65151940,2a9775f9-085c-4400-8b56-b41474409a6c,e8e973f6-eeca-471f-8f03-10401311658f,1633098952315,13.4298473,52.4958143,2.6281252,-0.45646423,-1.6769292,0.29050922,on bike mount,cyclo cross,True,sett,intermediate
3dac0a69-c190-48f3-bff8-b9ca65151940,2a9775f9-085c-4400-8b56-b41474409a6c,a9c58ee0-2caf-437f-afb8-05133fcf3ad6,1633098952365,13.4298473,52.4958143,2.6281252,4.2101045,-5.5465755,-1.839323,on bike mount,cyclo cross,True,sett,intermediate
3dac0a69-c190-48f3-bff8-b9ca65151940,2a9775f9-085c-4400-8b56-b41474409a6c,c004107c-d18a-4eaf-8543-8d17563f23f0,1633098952418,13.4298933,52.495803,2.8649979,-0.3113989,-4.0677547,-0.4562273,on bike mount,cyclo cross,True,sett,intermediate
3dac0a69-c190-48f3-bff8-b9ca65151940,2a9775f9-085c-4400-8b56-b41474409a6c,bdfab3d4-59c3-4ce4-afe4-12ef95251525,1633098952483,13.4298933,52.495803,2.8649979,0.38708782,2.0871677,-2.3407273,on bike mount,cyclo cross,True,sett,intermediate
3dac0a69-c190-48f3-bff8-b9ca65151940,2a9775f9-085c-4400-8b56-b41474409a6c,33c6493b-9a16-475d-9339-dcae81183837,1633098952549,13.4298933,52.495803,2.8649979,2.1933904,-11.120973,4.051508,on bike mount,cyclo cross,True,sett,intermediate
3dac0a69-c190-48f3-bff8-b9ca65151940,2a9775f9-085c-4400-8b56-b41474409a6c,d85da99b-4530-4383-9054-22a84be428ef,1633098952600,13.4298933,52.495803,2.8649979,-0.8059316,-2.5345173,-0.71749306,on bike mount,cyclo cross,True,sett,intermediate
3dac0a69-c190-48f3-bff8-b9ca65151940,2a9775f9-085c-4400-8b56-b41474409a6c,15fac85f-54d9-46a5-b6be-3394449c07a5,1633098952649,13.4298933,52.495803,2.8649979,0.21169335,-4.1884236,-0.9203119,on bike mount,cyclo cross,True,sett,intermediate
3dac0a69-c190-48f3-bff8-b9ca65151940,2a9775f9-085c-4400-8b56-b41474409a6c,9f8affb5-5e5c-4b19-93ea-e17e8abc2f2d,1633098952700,13.4298933,52.495803,2.8649979,-0.028084844,-1.029783,-3.077054,on bike mount,cyclo cross,True,sett,intermediate
3dac0a69-c190-48f3-bff8-b9ca65151940,2a9775f9-085c-4400-8b56-b41474409a6c,ca80dfb3-ba22-451b-8e95-aafc4cc79a32,1633098952751,13.4298933,52.495803,2.8649979,-0.5607455,-5.8528852,-0.8807659,on bike mount,cyclo cross,True,sett,intermediate
3dac0a69-c190-48f3-bff8-b9ca65151940,2a9775f9-085c-4400-8b56-b41474409a6c,eb481a19-ea61-4bc1-81ff-8325060030fa,1633098952802,13.4298933,52.495803,2.8649979,2.577827,1.2153163,-2.2995658,on bike mount,cyclo cross,True,sett,intermediate
3dac0a69-c190-48f3-bff8-b9ca65151940,2a9775f9-085c-4400-8b56-b41474409a6c,c6394fc7-e86b-4726-bf73-804cb0eecaf1,1633098952851,13.4298933,52.495803,2.8649979,1.4381785,4.5112724,-1.348371,on bike mount,cyclo cross,True,sett,intermediate
3dac0a69-c190-48f3-bff8-b9ca65151940,2a9775f9-085c-4400-8b56-b41474409a6c,3e264757-5b12-4cc2-bc98-de3109e0c821,1633098952902,13.4298933,52.495803,2.8649979,1.6268032,-7.4769197,-2.1664152,on bike mount,cyclo cross,True,sett,intermediate
3dac0a69-c190-48f3-bff8-b9ca65151940,2a9775f9-085c-4400-8b56-b41474409a6c,6375f53f-cd05-4d07-a350-8870e77fd2ef,1633098952967,13.4298933,52.495803,2.8649979,0.21583673,0.87274075,-2.4381952,on bike mount,cyclo cross,True,sett,intermediate
3dac0a69-c190-48f3-bff8-b9ca65151940,2a9775f9-085c-4400-8b56-b41474409a6c,9465094b-a5d4-4d48-b50b-cdf2d396b76a,1633098953017,13.4298933,52.495803,2.8649979,-0.26829916,-0.35155773,-2.9576898,on bike mount,cyclo cross,True,sett,intermediate
3dac0a69-c190-48f3-bff8-b9ca65151940,2a9775f9-085c-4400-8b56-b41474409a6c,5e9b1193-42dd-405a-9485-6887a233b7ef,1633098953069,13.4299221,52.4958012,2.5436397,0.82700664,3.424984,-4.4880514,on bike mount,cyclo cross,True,sett,intermediate
3dac0a69-c190-48f3-bff8-b9ca65151940,2a9775f9-085c-4400-8b56-b41474409a6c,43226f09-d017-4378-b4ed-01f6eec7dac7,1633098953133,13.4299221,52.4958012,2.5436397,1.4386792,-0.8610234,1.1440687,on bike mount,cyclo cross,True,sett,intermediate
3dac0a69-c190-48f3-bff8-b9ca65151940,2a9775f9-085c-4400-8b56-b41474409a6c,ab81512a-62a9-4ef4-b5b7-dea602105547,1633098953183,13.4299221,52.4958012,2.5436397,-0.5979605,3.50738,-1.5282102,on bike mount,cyclo cross,True,sett,intermediate
3dac0a69-c190-48f3-bff8-b9ca65151940,2a9775f9-085c-4400-8b56-b41474409a6c,69ff7d02-ec00-4965-8bb7-4128e51e369e,1633098953234,13.4299221,52.4958012,2.5436397,-0.45856094,-2.203073,1.9014902,on bike mount,cyclo cross,True,sett,intermediate
3dac0a69-c190-48f3-bff8-b9ca65151940,2a9775f9-085c-4400-8b56-b41474409a6c,b1c4085f-0aa0-49c3-95bd-3643c3766b3c,1633098953284,13.4299221,52.4958012,2.5436397,0.1108902,-0.104473114,3.3379698,on bike mount,cyclo cross,True,sett,intermediate
3dac0a69-c190-48f3-bff8-b9ca65151940,2a9775f9-085c-4400-8b56-b41474409a6c,1cd7ca7c-5c05-493e-9f2d-3cc19849a48e,1633098953335,13.4299221,52.4958012,2.5436397,-0.53879714,-1.9724895,-3.1919718,on bike mount,cyclo cross,True,sett,intermediate
3dac0a69-c190-48f3-bff8-b9ca65151940,2a9775f9-085c-4400-8b56-b41474409a6c,45603ba9-60a6-4266-ad59-d40985ae5897,1633098953385,13.4299221,52.4958012,2.5436397,2.0931911,-1.9522748,-6.84644,on bike mount,cyclo cross,True,sett,intermediate
3dac0a69-c190-48f3-bff8-b9ca65151940,2a9775f9-085c-4400-8b56-b41474409a6c,9460a707-83c7-489f-8c21-31434f9ead46,1633098953434,13.4299221,52.4958012,2.5436397,-0.5461565,2.7981496,-7.7788153,on bike mount,cyclo cross,True,sett,intermediate
3dac0a69-c190-48f3-bff8-b9ca65151940,2a9775f9-085c-4400-8b56-b41474409a6c,332ae928-b225-455c-82ab-60740ba937f1,1633098953485,13.4299221,52.4958012,2.5436397,1.0356008,2.8042798,-3.4157934,on bike mount,cyclo cross,True,sett,intermediate
3dac0a69-c190-48f3-bff8-b9ca65151940,2a9775f9-085c-4400-8b56-b41474409a6c,1e177a5b-f95e-4ced-a03d-b954c6385d01,1633098953535,13.4299221,52.4958012,2.5436397,-0.14419377,-3.2946224,10.436534,on bike mount,cyclo cross,True,sett,intermediate
3dac0a69-c190-48f3-bff8-b9ca65151940,2a9775f9-085c-4400-8b56-b41474409a6c,397b8379-1e33-437d-a30d-e1fbd1971dc8,1633098953585,13.4299221,52.4958012,2.5436397,-1.0070093,-0.5359945,-3.8858013,on bike mount,cyclo cross,True,sett,intermediate
3dac0a69-c190-48f3-bff8-b9ca65151940,2a9775f9-085c-4400-8b56-b41474409a6c,244743f6-7c0c-463f-b606-3ed603e72717,1633098953636,13.4299221,52.4958012,2.5436397,0.54155934,-3.7722244,3.5935183,on bike mount,cyclo cross,True,sett,intermediate
3dac0a69-c190-48f3-bff8-b9ca65151940,2a9775f9-085c-4400-8b56-b41474409a6c,58d81aea-fd5e-4def-b494-b4bf34a786d3,1633098953701,13.4299221,52.4958012,2.5436397,0.28654075,0.7036228,0.26348305,on bike mount,cyclo cross,True,sett,intermediate
3dac0a69-c190-48f3-bff8-b9ca65151940,2a9775f9-085c-4400-8b56-b41474409a6c,fd506cb6-094a-4607-979e-2c14a152b09d,1633098953752,13.4299221,52.4958012,2.5436397,-0.7950827,-1.9024467,3.3145008,on bike mount,cyclo cross,True,sett,intermediate
3dac0a69-c190-48f3-bff8-b9ca65151940,2a9775f9-085c-4400-8b56-b41474409a6c,db6ef314-4e9f-4570-9888-cca5e1c96243,1633098953817,13.4299221,52.4958012,2.5436397,0.06550438,3.0256362,-3.1453557,on bike mount,cyclo cross,True,sett,intermediate
3dac0a69-c190-48f3-bff8-b9ca65151940,2a9775f9-085c-4400-8b56-b41474409a6c,98865270-b226-48bc-a4ce-afe249e7cec0,1633098953869,13.4299221,52.4958012,2.5436397,1.5940989,1.2314878,6.141757,on bike mount,cyclo cross,True,sett,intermediate
3dac0a69-c190-48f3-bff8-b9ca65151940,2a9775f9-085c-4400-8b56-b41474409a6c,69078820-2f5f-4fe5-a0ee-6b5241cb0888,1633098953935,13.4299221,52.4958012,2.5436397,-0.0889087,-4.7161474,0.636487,on bike mount,cyclo cross,True,sett,intermediate
3dac0a69-c190-48f3-bff8-b9ca65151940,2a9775f9-085c-4400-8b56-b41474409a6c,bf98afa7-c0ce-4687-8a19-065d8c373b91,1633098953985,13.4299221,52.4958012,2.5436397,-0.6716671,-2.2017927,3.6064606,on bike mount,cyclo cross,True,sett,intermediate
3dac0a69-c190-48f3-bff8-b9ca65151940,2a9775f9-085c-4400-8b56-b41474409a6c,4befe85a-9c27-41ff-ae54-68c18ec84a9a,1633098954037,13.4299221,52.4958012,2.5436397,-0.42177162,-0.7399671,-1.4108081,on bike mount,cyclo cross,True,sett,intermediate
3dac0a69-c190-48f3-bff8-b9ca65151940,2a9775f9-085c-4400-8b56-b41474409a6c,b838035e-c93d-43a9-820d-60032a7b822a,1633098954087,13.4299531,52.495796,3.0456138,0.6549009,-5.8972054,0.62476254,on bike mount,cyclo cross,True,sett,intermediate
3dac0a69-c190-48f3-bff8-b9ca65151940,2a9775f9-085c-4400-8b56-b41474409a6c,aa5159cb-7459-463c-b33e-a22aae89545b,1633098954137,13.4299531,52.495796,3.0456138,-0.69675356,-2.8192003,1.0025082,on bike mount,cyclo cross,True,sett,intermediate
3dac0a69-c190-48f3-bff8-b9ca65151940,2a9775f9-085c-4400-8b56-b41474409a6c,482e64fa-3068-4be0-9568-ad53b3310b8f,1633098954203,13.4299531,52.495796,3.0456138,1.075611,-2.0332227,6.1960373,on bike mount,cyclo cross,True,sett,intermediate
3dac0a69-c190-48f3-bff8-b9ca65151940,2a9775f9-085c-4400-8b56-b41474409a6c,e2b4ab63-8a0e-48eb-b421-9fda2b1d738b,1633098954253,13.4299531,52.495796,3.0456138,-0.55840445,3.7346935,-4.289517,on bike mount,cyclo cross,True,sett,intermediate
3dac0a69-c190-48f3-bff8-b9ca65151940,2a9775f9-085c-4400-8b56-b41474409a6c,4d383232-f97b-4076-ac4d-ecacfa05e7b4,1633098954303,13.4299531,52.495796,3.0456138,-0.031125925,4.385107,-3.994133,on bike mount,cyclo cross,True,sett,intermediate
3dac0a69-c190-48f3-bff8-b9ca65151940,2a9775f9-085c-4400-8b56-b41474409a6c,0e314358-c5e0-40fc-8171-81e4308da777,1633098954354,13.4299531,52.495796,3.0456138,0.4161022,4.2774324,-1.9242773,on bike mount,cyclo cross,True,sett,intermediate
3dac0a69-c190-48f3-bff8-b9ca65151940,2a9775f9-085c-4400-8b56-b41474409a6c,e85ed797-bf06-4112-bd1a-f9e4ee61b4ba,1633098954403,13.4299531,52.495796,3.0456138,0.7742845,4.0621552,-4.998331,on bike mount,cyclo cross,True,sett,intermediate
3dac0a69-c190-48f3-bff8-b9ca65151940,2a9775f9-085c-4400-8b56-b41474409a6c,dbf3e8ec-db8b-431e-91aa-6b868c9d490b,1633098954454,13.4299531,52.495796,3.0456138,0.34479153,-0.26711774,-6.769106,on bike mount,cyclo cross,True,sett,intermediate
3dac0a69-c190-48f3-bff8-b9ca65151940,2a9775f9-085c-4400-8b56-b41474409a6c,2b341950-b50a-4b17-b7f8-8e528039d862,1633098954504,13.4299531,52.495796,3.0456138,0.7205348,-1.6025921,-4.7817097,on bike mount,cyclo cross,True,sett,intermediate
3dac0a69-c190-48f3-bff8-b9ca65151940,2a9775f9-085c-4400-8b56-b41474409a6c,98a89406-1a8e-417f-9826-625507caae56,1633098954554,13.4299531,52.495796,3.0456138,0.9877242,6.8017836,-4.8491945,on bike mount,cyclo cross,True,sett,intermediate
3dac0a69-c190-48f3-bff8-b9ca65151940,2a9775f9-085c-4400-8b56-b41474409a6c,22910872-6c4a-42e9-b272-b5e9ef186285,1633098954604,13.4299531,52.495796,3.0456138,1.7171696,6.2034245,-4.0993366,on bike mount,cyclo cross,True,sett,intermediate
3dac0a69-c190-48f3-bff8-b9ca65151940,2a9775f9-085c-4400-8b56-b41474409a6c,18653fec-ca2b-4b68-a024-36b43a7f54ef,1633098954669,13.4299531,52.495796,3.0456138,0.12658626,1.3959317,-4.2766657,on bike mount,cyclo cross,True,sett,intermediate
3dac0a69-c190-48f3-bff8-b9ca65151940,2a9775f9-085c-4400-8b56-b41474409a6c,09daeb5b-9fd3-442c-b13b-b5d3847a088c,1633098954720,13.4299531,52.495796,3.0456138,2.247153,0.77266073,1.0406818,on bike mount,cyclo cross,True,sett,intermediate
