bike_activity_uid,bike_activity_sample_uid,bike_activity_measurement,bike_activity_measurement_timestamp,bike_activity_measurement_lon,bike_activity_measurement_lat,bike_activity_measurement_speed,bike_activity_measurement_accelerometer_x,bike_activity_measurement_accelerometer_y,bike_activity_measurement_accelerometer_z,bike_activity_phone_position,bike_activity_bike_type,bike_activity_flagged_lab_conditions,bike_activity_surface_type,bike_activity_smoothness_type
45932fbb-b1e0-4c03-a5b6-7ddc2ef6dd91,8b82e14a-82c0-4565-94b9-da5df2f171c7,27a6c1a1-b94d-4341-a26c-12b908755792,1632058087106,13.6034503,52.4482716,5.091543,1.760185,1.4343886,-0.6018839,on bike mount,cyclo cross,True,fine gravel,good
45932fbb-b1e0-4c03-a5b6-7ddc2ef6dd91,8b82e14a-82c0-4565-94b9-da5df2f171c7,84906c6f-cabd-48ea-af7f-aa910b635ac7,1632058087156,13.6034503,52.4482716,5.091543,1.5354357,2.6564374,-4.990945,on bike mount,cyclo cross,True,fine gravel,good
45932fbb-b1e0-4c03-a5b6-7ddc2ef6dd91,8b82e14a-82c0-4565-94b9-da5df2f171c7,1cfbbd09-e11e-410c-ad59-0abd76913391,1632058087206,13.6034503,52.4482716,5.091543,-2.71178,-6.9432254,9.634868,on bike mount,cyclo cross,True,fine gravel,good
45932fbb-b1e0-4c03-a5b6-7ddc2ef6dd91,8b82e14a-82c0-4565-94b9-da5df2f171c7,3b312b4c-0565-46eb-bad2-e70fb2510654,1632058087273,13.6034503,52.4482716,5.091543,-1.4296191,6.1207275,-12.998371,on bike mount,cyclo cross,True,fine gravel,good
45932fbb-b1e0-4c03-a5b6-7ddc2ef6dd91,8b82e14a-82c0-4565-94b9-da5df2f171c7,80c77f82-d8ca-4f0b-877e-1a4d51c83e27,1632058087340,13.6034503,52.4482716,5.091543,-3.1689181,7.4149065,-12.49126,on bike mount,cyclo cross,True,fine gravel,good
45932fbb-b1e0-4c03-a5b6-7ddc2ef6dd91,8b82e14a-82c0-4565-94b9-da5df2f171c7,2f45b8ce-36c4-4a36-a958-defed18bb2e4,1632058087390,13.6034503,52.4482716,5.091543,-2.6471782,10.966852,-7.1058264,on bike mount,cyclo cross,True,fine gravel,good
45932fbb-b1e0-4c03-a5b6-7ddc2ef6dd91,8b82e14a-82c0-4565-94b9-da5df2f171c7,403dc788-7150-4b85-bd3f-1bda6dc1fe14,1632058087440,13.6034503,52.4482716,5.091543,2.9542215,-1.0872648,2.6011744,on bike mount,cyclo cross,True,fine gravel,good
45932fbb-b1e0-4c03-a5b6-7ddc2ef6dd91,8b82e14a-82c0-4565-94b9-da5df2f171c7,613aff30-f402-40d3-8df5-fd8fa9a57b7b,1632058087490,13.6034503,52.4482716,5.091543,-1.7119298,4.5946574,-0.703187,on bike mount,cyclo cross,True,fine gravel,good
45932fbb-b1e0-4c03-a5b6-7ddc2ef6dd91,8b82e14a-82c0-4565-94b9-da5df2f171c7,7c899998-3513-4b19-a7c2-8d16e4e829be,1632058087541,13.6034503,52.4482716,5.091543,0.6047878,-2.3964694,-3.028213,on bike mount,cyclo cross,True,fine gravel,good
45932fbb-b1e0-4c03-a5b6-7ddc2ef6dd91,8b82e14a-82c0-4565-94b9-da5df2f171c7,3fb10d7d-8883-48c9-9d2e-0023700daa67,1632058087607,13.6035141,52.4482477,4.901353,-6.640701,0.2948439,3.0302458,on bike mount,cyclo cross,True,fine gravel,good
45932fbb-b1e0-4c03-a5b6-7ddc2ef6dd91,8b82e14a-82c0-4565-94b9-da5df2f171c7,a0b8940d-8dee-4530-ae3d-624dec3fb357,1632058087675,13.6035141,52.4482477,4.901353,-0.117833056,-1.5075343,-1.1574421,on bike mount,cyclo cross,True,fine gravel,good
45932fbb-b1e0-4c03-a5b6-7ddc2ef6dd91,8b82e14a-82c0-4565-94b9-da5df2f171c7,61e96fe8-9c6d-4010-a27b-86e2c8207ef2,1632058087741,13.6035141,52.4482477,4.901353,-2.9451168,1.6760092,3.265069,on bike mount,cyclo cross,True,fine gravel,good
45932fbb-b1e0-4c03-a5b6-7ddc2ef6dd91,8b82e14a-82c0-4565-94b9-da5df2f171c7,2825ca1f-a3ff-4ddc-9326-25cd52fe5316,1632058087791,13.6035141,52.4482477,4.901353,-2.8660479,-0.22347713,3.046073,on bike mount,cyclo cross,True,fine gravel,good
45932fbb-b1e0-4c03-a5b6-7ddc2ef6dd91,8b82e14a-82c0-4565-94b9-da5df2f171c7,70f221dd-eaa3-45d1-87f0-22ee11ce7a8f,1632058087841,13.6035141,52.4482477,4.901353,1.7373644,-0.6660907,3.8257484,on bike mount,cyclo cross,True,fine gravel,good
45932fbb-b1e0-4c03-a5b6-7ddc2ef6dd91,8b82e14a-82c0-4565-94b9-da5df2f171c7,18596164-63f4-45e7-a3eb-f2b43d748bf2,1632058087891,13.6035141,52.4482477,4.901353,0.024285138,-3.9887514,-1.1309915,on bike mount,cyclo cross,True,fine gravel,good
45932fbb-b1e0-4c03-a5b6-7ddc2ef6dd91,8b82e14a-82c0-4565-94b9-da5df2f171c7,e0a2df44-18ff-48cc-a955-c6c763cdba39,1632058087941,13.6035141,52.4482477,4.901353,0.6214174,1.3615155,-3.627192,on bike mount,cyclo cross,True,fine gravel,good
45932fbb-b1e0-4c03-a5b6-7ddc2ef6dd91,8b82e14a-82c0-4565-94b9-da5df2f171c7,39969992-5f9f-4b97-8d5c-94953b19106b,1632058087992,13.6035141,52.4482477,4.901353,0.56073624,2.6689625,-1.5830169,on bike mount,cyclo cross,True,fine gravel,good
45932fbb-b1e0-4c03-a5b6-7ddc2ef6dd91,8b82e14a-82c0-4565-94b9-da5df2f171c7,37218cbc-7b7a-4958-8c52-e9379b92c85a,1632058088059,13.6035141,52.4482477,4.901353,-0.3780923,-0.028466225,3.488017,on bike mount,cyclo cross,True,fine gravel,good
45932fbb-b1e0-4c03-a5b6-7ddc2ef6dd91,8b82e14a-82c0-4565-94b9-da5df2f171c7,51a89085-33f2-4c7a-a1d1-0d17dbf91bad,1632058088125,13.6035141,52.4482477,4.901353,-0.35612777,-1.6008813,7.2984734,on bike mount,cyclo cross,True,fine gravel,good
45932fbb-b1e0-4c03-a5b6-7ddc2ef6dd91,8b82e14a-82c0-4565-94b9-da5df2f171c7,e684da23-b7ff-416c-8498-3808beb84b05,1632058088175,13.6035141,52.4482477,4.901353,0.43840712,-0.4685185,4.5589075,on bike mount,cyclo cross,True,fine gravel,good
45932fbb-b1e0-4c03-a5b6-7ddc2ef6dd91,8b82e14a-82c0-4565-94b9-da5df2f171c7,3f7e9fbe-8d5f-47d1-a6b0-18afcfce1df9,1632058088225,13.6035526,52.4482306,4.8371105,-0.11577186,-11.385751,6.1566486,on bike mount,cyclo cross,True,fine gravel,good
45932fbb-b1e0-4c03-a5b6-7ddc2ef6dd91,8b82e14a-82c0-4565-94b9-da5df2f171c7,15d1a33c-9010-4718-b0c1-a30a26a3b2f1,1632058088275,13.6035526,52.4482306,4.8371105,-3.1577203,6.386054,-9.425762,on bike mount,cyclo cross,True,fine gravel,good
45932fbb-b1e0-4c03-a5b6-7ddc2ef6dd91,8b82e14a-82c0-4565-94b9-da5df2f171c7,6209ca0d-4cf1-4083-b3fe-c0a1b57d455b,1632058088325,13.6035526,52.4482306,4.8371105,-1.9248158,-9.647981,8.525854,on bike mount,cyclo cross,True,fine gravel,good
45932fbb-b1e0-4c03-a5b6-7ddc2ef6dd91,8b82e14a-82c0-4565-94b9-da5df2f171c7,31440bed-eb86-4e01-91cc-3b1b81c87582,1632058088376,13.6035526,52.4482306,4.8371105,0.85951614,2.6511974,6.422675,on bike mount,cyclo cross,True,fine gravel,good
45932fbb-b1e0-4c03-a5b6-7ddc2ef6dd91,8b82e14a-82c0-4565-94b9-da5df2f171c7,bf82b98a-4cac-46bf-9b87-123ca079d066,1632058088443,13.6035526,52.4482306,4.8371105,-3.295534,9.1247835,-10.207829,on bike mount,cyclo cross,True,fine gravel,good
45932fbb-b1e0-4c03-a5b6-7ddc2ef6dd91,8b82e14a-82c0-4565-94b9-da5df2f171c7,a0ec0426-a0df-493a-a70d-cf4632dc4861,1632058088510,13.6035526,52.4482306,4.8371105,0.59943104,-1.7154603,4.463455,on bike mount,cyclo cross,True,fine gravel,good
45932fbb-b1e0-4c03-a5b6-7ddc2ef6dd91,8b82e14a-82c0-4565-94b9-da5df2f171c7,eff29165-cbfb-4e82-b624-09cdd6ff7669,1632058088576,13.6035526,52.4482306,4.8371105,0.0101061165,-2.9016366,2.3089285,on bike mount,cyclo cross,True,fine gravel,good
45932fbb-b1e0-4c03-a5b6-7ddc2ef6dd91,8b82e14a-82c0-4565-94b9-da5df2f171c7,42e57fa8-046d-44e9-83fe-255ee39b4763,1632058088643,13.6035526,52.4482306,4.8371105,-1.8858922,1.3988714,3.5610323,on bike mount,cyclo cross,True,fine gravel,good
45932fbb-b1e0-4c03-a5b6-7ddc2ef6dd91,8b82e14a-82c0-4565-94b9-da5df2f171c7,fe9ab254-9670-40dd-9ce1-6ba9711b10db,1632058088710,13.6035526,52.4482306,4.8371105,3.1860497,-0.54627776,2.1038961,on bike mount,cyclo cross,True,fine gravel,good
45932fbb-b1e0-4c03-a5b6-7ddc2ef6dd91,8b82e14a-82c0-4565-94b9-da5df2f171c7,4199ff3f-651d-4c0b-a2fc-98e7215ebd09,1632058088777,13.6035526,52.4482306,4.8371105,-4.2848916,-3.9857972,6.9277554,on bike mount,cyclo cross,True,fine gravel,good
45932fbb-b1e0-4c03-a5b6-7ddc2ef6dd91,8b82e14a-82c0-4565-94b9-da5df2f171c7,48b0f807-38b6-4e37-8004-1e8c741762da,1632058088843,13.6035526,52.4482306,4.8371105,-1.5642972,0.520638,4.4324303,on bike mount,cyclo cross,True,fine gravel,good
45932fbb-b1e0-4c03-a5b6-7ddc2ef6dd91,8b82e14a-82c0-4565-94b9-da5df2f171c7,58eb1a75-69be-46c1-b697-a0e4632f9375,1632058088910,13.6035526,52.4482306,4.8371105,0.40544534,4.0075755,-3.897556,on bike mount,cyclo cross,True,fine gravel,good
45932fbb-b1e0-4c03-a5b6-7ddc2ef6dd91,8b82e14a-82c0-4565-94b9-da5df2f171c7,1cebbfbb-a31e-4e7e-96c6-09d95ba44ecf,1632058088960,13.6035526,52.4482306,4.8371105,-0.38689455,-8.452279,-1.3653955,on bike mount,cyclo cross,True,fine gravel,good
45932fbb-b1e0-4c03-a5b6-7ddc2ef6dd91,8b82e14a-82c0-4565-94b9-da5df2f171c7,51e0a4ce-0355-46bf-979f-4f90dfc588db,1632058089010,13.6035526,52.4482306,4.8371105,-0.80630565,3.521989,2.2315655,on bike mount,cyclo cross,True,fine gravel,good
45932fbb-b1e0-4c03-a5b6-7ddc2ef6dd91,8b82e14a-82c0-4565-94b9-da5df2f171c7,c71725b5-61dd-4681-9e1a-89c18b64a456,1632058089060,13.6035526,52.4482306,4.8371105,0.70827866,1.8521175,1.7128592,on bike mount,cyclo cross,True,fine gravel,good
45932fbb-b1e0-4c03-a5b6-7ddc2ef6dd91,8b82e14a-82c0-4565-94b9-da5df2f171c7,500f52c6-4a82-45a0-9439-629b288e83a9,1632058089111,13.6035526,52.4482306,4.8371105,-0.31025058,-7.9812613,-0.16237068,on bike mount,cyclo cross,True,fine gravel,good
45932fbb-b1e0-4c03-a5b6-7ddc2ef6dd91,8b82e14a-82c0-4565-94b9-da5df2f171c7,27291335-e482-43b2-8499-bfe95b98d415,1632058089177,13.6035526,52.4482306,4.8371105,-3.4505093,-8.030947,4.15224,on bike mount,cyclo cross,True,fine gravel,good
45932fbb-b1e0-4c03-a5b6-7ddc2ef6dd91,8b82e14a-82c0-4565-94b9-da5df2f171c7,6c81ec5e-5f85-4299-aebe-0d40677a1c38,1632058089244,13.6035526,52.4482306,4.8371105,1.0251458,0.076215506,2.530157,on bike mount,cyclo cross,True,fine gravel,good
45932fbb-b1e0-4c03-a5b6-7ddc2ef6dd91,8b82e14a-82c0-4565-94b9-da5df2f171c7,f245247a-78a9-48c3-8011-77b3046f5015,1632058089295,13.6035526,52.4482306,4.8371105,1.0251983,-3.1279788,-2.7997541,on bike mount,cyclo cross,True,fine gravel,good
45932fbb-b1e0-4c03-a5b6-7ddc2ef6dd91,8b82e14a-82c0-4565-94b9-da5df2f171c7,2b0172af-bb1a-4086-94e9-7028a45ebcf3,1632058089361,13.6035526,52.4482306,4.8371105,-2.4599557,-0.17277741,-4.2922783,on bike mount,cyclo cross,True,fine gravel,good
45932fbb-b1e0-4c03-a5b6-7ddc2ef6dd91,8b82e14a-82c0-4565-94b9-da5df2f171c7,bef10a9d-467f-4c39-9d27-3c0d087fd3d0,1632058089411,13.6035526,52.4482306,4.8371105,4.9097147,8.309884,-1.0297227,on bike mount,cyclo cross,True,fine gravel,good
45932fbb-b1e0-4c03-a5b6-7ddc2ef6dd91,8b82e14a-82c0-4565-94b9-da5df2f171c7,e2de281c-2cc6-45cc-a9b1-842e0ed0ebfb,1632058089461,13.6035526,52.4482306,4.8371105,2.4461942,-8.715082,0.6059599,on bike mount,cyclo cross,True,fine gravel,good
45932fbb-b1e0-4c03-a5b6-7ddc2ef6dd91,8b82e14a-82c0-4565-94b9-da5df2f171c7,a59e0357-919a-4db3-8686-fe45a7d1d934,1632058089512,13.6035526,52.4482306,4.8371105,1.8025172,-4.4578285,0.10656738,on bike mount,cyclo cross,True,fine gravel,good
45932fbb-b1e0-4c03-a5b6-7ddc2ef6dd91,8b82e14a-82c0-4565-94b9-da5df2f171c7,d84297d4-1286-4e37-9846-0f273352f663,1632058089578,13.6036499,52.4482023,5.544166,-1.3864274,-5.645001,-0.6505947,on bike mount,cyclo cross,True,fine gravel,good
45932fbb-b1e0-4c03-a5b6-7ddc2ef6dd91,8b82e14a-82c0-4565-94b9-da5df2f171c7,ea49f127-a81c-4f50-92c9-aefb10b24862,1632058089645,13.6036499,52.4482023,5.544166,0.6618552,0.12440467,5.2121744,on bike mount,cyclo cross,True,fine gravel,good
45932fbb-b1e0-4c03-a5b6-7ddc2ef6dd91,8b82e14a-82c0-4565-94b9-da5df2f171c7,b39cf70f-656c-48b1-ac4b-891f1296a570,1632058089695,13.6036499,52.4482023,5.544166,-0.24147081,-1.1862217,4.695162,on bike mount,cyclo cross,True,fine gravel,good
45932fbb-b1e0-4c03-a5b6-7ddc2ef6dd91,8b82e14a-82c0-4565-94b9-da5df2f171c7,909a808d-04b8-4011-81ef-d78e5f0c7735,1632058089762,13.6036499,52.4482023,5.544166,2.7901149,-10.719269,-2.260069,on bike mount,cyclo cross,True,fine gravel,good
45932fbb-b1e0-4c03-a5b6-7ddc2ef6dd91,8b82e14a-82c0-4565-94b9-da5df2f171c7,3c597033-3a2c-41e1-bc75-8c81c1a7483e,1632058089829,13.6036499,52.4482023,5.544166,-3.4355252,7.087206,3.5391092,on bike mount,cyclo cross,True,fine gravel,good
45932fbb-b1e0-4c03-a5b6-7ddc2ef6dd91,8b82e14a-82c0-4565-94b9-da5df2f171c7,383c1f9a-ccdc-4dc0-84b8-f8e9e463c78c,1632058089896,13.6036499,52.4482023,5.544166,1.1198139,-15.806312,0.06910038,on bike mount,cyclo cross,True,fine gravel,good
45932fbb-b1e0-4c03-a5b6-7ddc2ef6dd91,8b82e14a-82c0-4565-94b9-da5df2f171c7,7ca32a60-7dd9-42e7-aec1-57981f6d5971,1632058089962,13.6036499,52.4482023,5.544166,-1.4300895,-6.6121144,9.954021,on bike mount,cyclo cross,True,fine gravel,good
45932fbb-b1e0-4c03-a5b6-7ddc2ef6dd91,8b82e14a-82c0-4565-94b9-da5df2f171c7,0894ad93-8acf-49d5-99ae-d6934a2a2dae,1632058090012,13.6036499,52.4482023,5.544166,-0.85391235,-2.2771485,-1.026062,on bike mount,cyclo cross,True,fine gravel,good
45932fbb-b1e0-4c03-a5b6-7ddc2ef6dd91,8b82e14a-82c0-4565-94b9-da5df2f171c7,26ee1471-852c-4809-ba93-e80d0e89e604,1632058090063,13.6036499,52.4482023,5.544166,2.0654912,-3.2399917,-5.0713625,on bike mount,cyclo cross,True,fine gravel,good
45932fbb-b1e0-4c03-a5b6-7ddc2ef6dd91,8b82e14a-82c0-4565-94b9-da5df2f171c7,111a7928-3223-4f5f-9e1d-37b294b8783e,1632058090129,13.6036499,52.4482023,5.544166,-0.9459286,-2.3068037,-1.4356494,on bike mount,cyclo cross,True,fine gravel,good
45932fbb-b1e0-4c03-a5b6-7ddc2ef6dd91,8b82e14a-82c0-4565-94b9-da5df2f171c7,ea9a1b4e-20e5-4556-99da-9807432e25d2,1632058090180,13.6036499,52.4482023,5.544166,-0.4888667,3.49196,0.5091562,on bike mount,cyclo cross,True,fine gravel,good
45932fbb-b1e0-4c03-a5b6-7ddc2ef6dd91,8b82e14a-82c0-4565-94b9-da5df2f171c7,41a6ecd3-bd00-4384-aafa-f9e4dbdc3699,1632058090246,13.6036499,52.4482023,5.544166,0.73464423,1.8200426,-2.201805,on bike mount,cyclo cross,True,fine gravel,good
45932fbb-b1e0-4c03-a5b6-7ddc2ef6dd91,8b82e14a-82c0-4565-94b9-da5df2f171c7,72c9c1ea-358b-4f4e-aca5-53812f3874da,1632058090313,13.6036499,52.4482023,5.544166,-2.1119487,4.383673,-2.8795595,on bike mount,cyclo cross,True,fine gravel,good
45932fbb-b1e0-4c03-a5b6-7ddc2ef6dd91,8b82e14a-82c0-4565-94b9-da5df2f171c7,0a9bb734-5373-4774-8830-485d27ed66a1,1632058090363,13.6036499,52.4482023,5.544166,0.41187987,2.5961733,1.4892731,on bike mount,cyclo cross,True,fine gravel,good
45932fbb-b1e0-4c03-a5b6-7ddc2ef6dd91,8b82e14a-82c0-4565-94b9-da5df2f171c7,8d1f783e-95d2-4932-ad24-924c2a162e04,1632058090413,13.6036499,52.4482023,5.544166,-1.5252287,-2.9100971,10.019175,on bike mount,cyclo cross,True,fine gravel,good
45932fbb-b1e0-4c03-a5b6-7ddc2ef6dd91,8b82e14a-82c0-4565-94b9-da5df2f171c7,a4d88f24-4d2b-453c-9a2e-6b97ab225caf,1632058090464,13.6036499,52.4482023,5.544166,-0.7847575,-2.2027109,1.4823141,on bike mount,cyclo cross,True,fine gravel,good
45932fbb-b1e0-4c03-a5b6-7ddc2ef6dd91,8b82e14a-82c0-4565-94b9-da5df2f171c7,63e73a35-4441-438f-bfc6-5ccf01413bd1,1632058090531,13.6036499,52.4482023,5.544166,0.85387534,-3.6530588,7.3814325,on bike mount,cyclo cross,True,fine gravel,good
45932fbb-b1e0-4c03-a5b6-7ddc2ef6dd91,8b82e14a-82c0-4565-94b9-da5df2f171c7,f06b1b94-6799-407a-973b-764aef1802db,1632058090597,13.6037262,52.448185,4.9159436,1.9041438,-0.8823869,-3.8243666,on bike mount,cyclo cross,True,fine gravel,good
45932fbb-b1e0-4c03-a5b6-7ddc2ef6dd91,8b82e14a-82c0-4565-94b9-da5df2f171c7,0b846011-c751-44fc-bbdf-2ddb821a6d03,1632058090663,13.6037262,52.448185,4.9159436,3.2900715,0.987329,6.7888393,on bike mount,cyclo cross,True,fine gravel,good
45932fbb-b1e0-4c03-a5b6-7ddc2ef6dd91,8b82e14a-82c0-4565-94b9-da5df2f171c7,02fd4eac-2a7c-4a6b-8df2-34a2b0331ae7,1632058090714,13.6037262,52.448185,4.9159436,-0.85634464,1.1583743,2.1034698,on bike mount,cyclo cross,True,fine gravel,good
45932fbb-b1e0-4c03-a5b6-7ddc2ef6dd91,8b82e14a-82c0-4565-94b9-da5df2f171c7,3cd33b17-77f9-4eb4-b044-96cbe1266ad4,1632058090765,13.6037262,52.448185,4.9159436,-0.92256886,2.5331163,-4.685826,on bike mount,cyclo cross,True,fine gravel,good
45932fbb-b1e0-4c03-a5b6-7ddc2ef6dd91,8b82e14a-82c0-4565-94b9-da5df2f171c7,a37a1689-b3b6-43ba-920f-5fbfb226c128,1632058090832,13.6037262,52.448185,4.9159436,0.27133334,8.274182,8.481402,on bike mount,cyclo cross,True,fine gravel,good
45932fbb-b1e0-4c03-a5b6-7ddc2ef6dd91,8b82e14a-82c0-4565-94b9-da5df2f171c7,0d654f26-8f92-45ff-a205-e23f2e155a36,1632058090898,13.6037262,52.448185,4.9159436,0.18029,5.1154637,3.0094051,on bike mount,cyclo cross,True,fine gravel,good
45932fbb-b1e0-4c03-a5b6-7ddc2ef6dd91,8b82e14a-82c0-4565-94b9-da5df2f171c7,d3fc84fe-8cb4-45b4-9419-a4c83b69e8a5,1632058090965,13.6037262,52.448185,4.9159436,-1.7846168,0.569674,0.018001556,on bike mount,cyclo cross,True,fine gravel,good
45932fbb-b1e0-4c03-a5b6-7ddc2ef6dd91,8b82e14a-82c0-4565-94b9-da5df2f171c7,54bd1832-377a-43fc-8515-abd18cf5d9bf,1632058091032,13.6037262,52.448185,4.9159436,-1.0734291,2.3297896,-1.4867897,on bike mount,cyclo cross,True,fine gravel,good
45932fbb-b1e0-4c03-a5b6-7ddc2ef6dd91,8b82e14a-82c0-4565-94b9-da5df2f171c7,e9af2daf-d49b-4990-b76b-c71681d17b9d,1632058091082,13.6037262,52.448185,4.9159436,0.12576157,5.257589,-3.7877116,on bike mount,cyclo cross,True,fine gravel,good
45932fbb-b1e0-4c03-a5b6-7ddc2ef6dd91,8b82e14a-82c0-4565-94b9-da5df2f171c7,2e4ff38e-b395-470e-8f52-5acd09765430,1632058091149,13.6037262,52.448185,4.9159436,-2.3534825,-4.004618,-2.3550892,on bike mount,cyclo cross,True,fine gravel,good
45932fbb-b1e0-4c03-a5b6-7ddc2ef6dd91,8b82e14a-82c0-4565-94b9-da5df2f171c7,908e0b8b-24c5-4a53-b004-313788e74211,1632058091215,13.6037262,52.448185,4.9159436,-1.7470157,-1.418985,1.3158092,on bike mount,cyclo cross,True,fine gravel,good
45932fbb-b1e0-4c03-a5b6-7ddc2ef6dd91,8b82e14a-82c0-4565-94b9-da5df2f171c7,701f5811-c556-4af0-855c-61c2fc23cd59,1632058091265,13.6037262,52.448185,4.9159436,0.16595095,-4.7731724,4.224409,on bike mount,cyclo cross,True,fine gravel,good
45932fbb-b1e0-4c03-a5b6-7ddc2ef6dd91,8b82e14a-82c0-4565-94b9-da5df2f171c7,3accaaa0-3b82-4302-ab5d-6059a8e22075,1632058091319,13.603765,52.4481865,2.9684894,2.0327373,-6.025709,-2.8027854,on bike mount,cyclo cross,True,fine gravel,good
45932fbb-b1e0-4c03-a5b6-7ddc2ef6dd91,8b82e14a-82c0-4565-94b9-da5df2f171c7,e3036214-e893-4034-a9b7-e8d2e2952b12,1632058091382,13.603765,52.4481865,2.9684894,-0.9678291,2.0280151,0.1704855,on bike mount,cyclo cross,True,fine gravel,good
45932fbb-b1e0-4c03-a5b6-7ddc2ef6dd91,8b82e14a-82c0-4565-94b9-da5df2f171c7,4c1e1abd-82b1-4571-856e-e029443c3036,1632058091432,13.603765,52.4481865,2.9684894,-0.61882025,-7.054621,2.923974,on bike mount,cyclo cross,True,fine gravel,good
45932fbb-b1e0-4c03-a5b6-7ddc2ef6dd91,8b82e14a-82c0-4565-94b9-da5df2f171c7,0479938e-46bd-4576-9646-badba2f1a1fb,1632058091483,13.603765,52.4481865,2.9684894,-3.4577603,0.02284503,3.2534142,on bike mount,cyclo cross,True,fine gravel,good
45932fbb-b1e0-4c03-a5b6-7ddc2ef6dd91,8b82e14a-82c0-4565-94b9-da5df2f171c7,f51cee31-d5e3-4d43-9204-439d41fcc869,1632058091549,13.603765,52.4481865,2.9684894,1.2938946,1.0176516,5.557598,on bike mount,cyclo cross,True,fine gravel,good
45932fbb-b1e0-4c03-a5b6-7ddc2ef6dd91,8b82e14a-82c0-4565-94b9-da5df2f171c7,0f31a236-9581-41f4-abbd-a486f8862b3f,1632058091616,13.603765,52.4481865,2.9684894,2.739207,-2.6137533,-2.9073129,on bike mount,cyclo cross,True,fine gravel,good
45932fbb-b1e0-4c03-a5b6-7ddc2ef6dd91,8b82e14a-82c0-4565-94b9-da5df2f171c7,0f92f29c-b622-4e03-8b85-01f225d01e09,1632058091683,13.603765,52.4481865,2.9684894,0.6919622,2.3405147,-1.3600736,on bike mount,cyclo cross,True,fine gravel,good
45932fbb-b1e0-4c03-a5b6-7ddc2ef6dd91,8b82e14a-82c0-4565-94b9-da5df2f171c7,0810794d-55df-4b84-92c6-2e15e9326641,1632058091749,13.603765,52.4481865,2.9684894,-1.443938,-13.963003,-1.8786621,on bike mount,cyclo cross,True,fine gravel,good
45932fbb-b1e0-4c03-a5b6-7ddc2ef6dd91,8b82e14a-82c0-4565-94b9-da5df2f171c7,e5346f12-7c68-4abf-a69d-af5ca570d536,1632058091800,13.603765,52.4481865,2.9684894,-3.5033903,11.992964,-9.421827,on bike mount,cyclo cross,True,fine gravel,good
45932fbb-b1e0-4c03-a5b6-7ddc2ef6dd91,8b82e14a-82c0-4565-94b9-da5df2f171c7,ba9056a0-2637-4eb2-95c0-cb9d242dee25,1632058091867,13.603765,52.4481865,2.9684894,-1.0764037,10.233349,4.3891335,on bike mount,cyclo cross,True,fine gravel,good
45932fbb-b1e0-4c03-a5b6-7ddc2ef6dd91,8b82e14a-82c0-4565-94b9-da5df2f171c7,5d802a1d-9d8f-499d-8d82-5fa97d057656,1632058091933,13.603765,52.4481865,2.9684894,1.7912366,2.6791854,-2.3226647,on bike mount,cyclo cross,True,fine gravel,good
45932fbb-b1e0-4c03-a5b6-7ddc2ef6dd91,8b82e14a-82c0-4565-94b9-da5df2f171c7,bae42ddf-5e56-48d0-bf09-cda4f2bcb640,1632058091983,13.603765,52.4481865,2.9684894,-0.8481438,-0.82306516,-2.7764082,on bike mount,cyclo cross,True,fine gravel,good
45932fbb-b1e0-4c03-a5b6-7ddc2ef6dd91,8b82e14a-82c0-4565-94b9-da5df2f171c7,66ada5c5-6b7e-4beb-ac56-5c79e0293020,1632058092050,13.603765,52.4481865,2.9684894,1.1256024,2.011371,-7.879194,on bike mount,cyclo cross,True,fine gravel,good
45932fbb-b1e0-4c03-a5b6-7ddc2ef6dd91,8b82e14a-82c0-4565-94b9-da5df2f171c7,544995e0-7cbc-41c8-9e3c-aa32525a8cb2,1632058092100,13.6037877,52.4482028,3.6385608,0.7286668,0.15536785,0.35681248,on bike mount,cyclo cross,True,fine gravel,good
45932fbb-b1e0-4c03-a5b6-7ddc2ef6dd91,8b82e14a-82c0-4565-94b9-da5df2f171c7,1b3394d7-83ce-448b-8fae-b20784b3736b,1632058092150,13.6037877,52.4482028,3.6385608,-0.8899584,-0.5719974,0.7581377,on bike mount,cyclo cross,True,fine gravel,good
45932fbb-b1e0-4c03-a5b6-7ddc2ef6dd91,8b82e14a-82c0-4565-94b9-da5df2f171c7,752d567d-8c51-4605-88ab-52ff15f837a6,1632058092201,13.6037877,52.4482028,3.6385608,3.5715947,-0.02623415,-1.8163877,on bike mount,cyclo cross,True,fine gravel,good
45932fbb-b1e0-4c03-a5b6-7ddc2ef6dd91,8b82e14a-82c0-4565-94b9-da5df2f171c7,89cf06c3-293b-4715-adc2-1700e08a5944,1632058092251,13.6037877,52.4482028,3.6385608,0.8408347,2.1769052,-0.6193428,on bike mount,cyclo cross,True,fine gravel,good
45932fbb-b1e0-4c03-a5b6-7ddc2ef6dd91,8b82e14a-82c0-4565-94b9-da5df2f171c7,e9c673cf-553a-4977-bbc5-def68f72fd03,1632058092318,13.6037877,52.4482028,3.6385608,-0.5927448,-1.3391728,1.1186466,on bike mount,cyclo cross,True,fine gravel,good
45932fbb-b1e0-4c03-a5b6-7ddc2ef6dd91,8b82e14a-82c0-4565-94b9-da5df2f171c7,3d36cc87-5363-4140-ad98-c5db9293fcb6,1632058092385,13.6037877,52.4482028,3.6385608,0.7919963,2.7305365,2.2569542,on bike mount,cyclo cross,True,fine gravel,good
45932fbb-b1e0-4c03-a5b6-7ddc2ef6dd91,8b82e14a-82c0-4565-94b9-da5df2f171c7,614d907a-7fa5-4b20-8416-bd4fa827887e,1632058092452,13.6037877,52.4482028,3.6385608,0.06863397,-5.0746646,0.057304382,on bike mount,cyclo cross,True,fine gravel,good
45932fbb-b1e0-4c03-a5b6-7ddc2ef6dd91,8b82e14a-82c0-4565-94b9-da5df2f171c7,a59c6658-1d8f-4989-af83-73d91e221237,1632058092518,13.6037877,52.4482028,3.6385608,0.24885991,-0.4671259,-0.628397,on bike mount,cyclo cross,True,fine gravel,good
45932fbb-b1e0-4c03-a5b6-7ddc2ef6dd91,8b82e14a-82c0-4565-94b9-da5df2f171c7,a87c389f-1e2b-4ad8-b418-d2336e036cf6,1632058092584,13.6037877,52.4482028,3.6385608,0.07088679,-3.804263,3.4720316,on bike mount,cyclo cross,True,fine gravel,good
45932fbb-b1e0-4c03-a5b6-7ddc2ef6dd91,8b82e14a-82c0-4565-94b9-da5df2f171c7,19a1991c-6dd1-47ec-b4a2-e294f8f41121,1632058092651,13.6037877,52.4482028,3.6385608,0.05686617,-1.0755602,4.1278257,on bike mount,cyclo cross,True,fine gravel,good
45932fbb-b1e0-4c03-a5b6-7ddc2ef6dd91,8b82e14a-82c0-4565-94b9-da5df2f171c7,181c0ef2-61da-41aa-bee6-19e9bbde3202,1632058092702,13.6037877,52.4482028,3.6385608,0.47694337,-5.509342,0.34776402,on bike mount,cyclo cross,True,fine gravel,good
45932fbb-b1e0-4c03-a5b6-7ddc2ef6dd91,8b82e14a-82c0-4565-94b9-da5df2f171c7,62bd600e-2670-483f-b8fe-440174625be7,1632058092769,13.6037877,52.4482028,3.6385608,-2.285581,-0.5175414,0.06827259,on bike mount,cyclo cross,True,fine gravel,good
45932fbb-b1e0-4c03-a5b6-7ddc2ef6dd91,8b82e14a-82c0-4565-94b9-da5df2f171c7,e4e32edf-69c5-4f3b-9a3d-9fb0ecf0e9a2,1632058092819,13.6037877,52.4482028,3.6385608,1.4705806,-4.0820146,0.5603943,on bike mount,cyclo cross,True,fine gravel,good
45932fbb-b1e0-4c03-a5b6-7ddc2ef6dd91,8b82e14a-82c0-4565-94b9-da5df2f171c7,8594119e-8693-43a8-8c98-b5449d7d65a9,1632058092885,13.6037877,52.4482028,3.6385608,-1.7934885,3.5288868,-0.6720562,on bike mount,cyclo cross,True,fine gravel,good
45932fbb-b1e0-4c03-a5b6-7ddc2ef6dd91,8b82e14a-82c0-4565-94b9-da5df2f171c7,2c68d4c4-4d3d-4754-88c4-23fe7dd1f741,1632058092936,13.6037877,52.4482028,3.6385608,-0.7137919,-5.560113,9.248713,on bike mount,cyclo cross,True,fine gravel,good
