bike_activity_uid,bike_activity_sample_uid,bike_activity_measurement,bike_activity_measurement_timestamp,bike_activity_measurement_lon,bike_activity_measurement_lat,bike_activity_measurement_speed,bike_activity_measurement_accelerometer_x,bike_activity_measurement_accelerometer_y,bike_activity_measurement_accelerometer_z,bike_activity_phone_position,bike_activity_bike_type,bike_activity_flagged_lab_conditions,bike_activity_surface_type,bike_activity_smoothness_type
483ee7a5-1d9c-4e43-b635-efe680ae580a,1f42236d-e3f2-4193-b96d-f52406b281f2,efb7c4ff-1af3-42a8-a037-2851a7379e7f,1643974272757,13.3996186,52.4723629,5.7369623,-1.9792869,2.9368415,-1.7800636,on bike mount,cyclo cross,True,paving stones,good
483ee7a5-1d9c-4e43-b635-efe680ae580a,1f42236d-e3f2-4193-b96d-f52406b281f2,eec9ae44-7da0-4bc4-b08f-348fa1482650,1643974272821,13.3996186,52.4723629,5.7369623,-0.08664723,-2.2914104,13.092464,on bike mount,cyclo cross,True,paving stones,good
483ee7a5-1d9c-4e43-b635-efe680ae580a,1f42236d-e3f2-4193-b96d-f52406b281f2,787102fc-5d80-49e0-820b-114861dc4e04,1643974272886,13.3996186,52.4723629,5.7369623,-1.8424997,1.2191567,-6.319311,on bike mount,cyclo cross,True,paving stones,good
483ee7a5-1d9c-4e43-b635-efe680ae580a,1f42236d-e3f2-4193-b96d-f52406b281f2,defde8f5-521b-4465-b507-9a08d01146f2,1643974272938,13.3996186,52.4723629,5.7369623,-3.9747694,0.9976306,-1.4655972,on bike mount,cyclo cross,True,paving stones,good
483ee7a5-1d9c-4e43-b635-efe680ae580a,1f42236d-e3f2-4193-b96d-f52406b281f2,bb4efd05-6f35-400b-9f42-b2d8ebb22c8d,1643974273005,13.3996186,52.4723629,5.7369623,2.3054514,-4.7712,-5.2312365,on bike mount,cyclo cross,True,paving stones,good
483ee7a5-1d9c-4e43-b635-efe680ae580a,1f42236d-e3f2-4193-b96d-f52406b281f2,21acdfc2-19bd-4bbe-a451-21c1d0f69cf4,1643974273059,13.3996186,52.4723629,5.7369623,0.8891773,2.5942187,3.8361034,on bike mount,cyclo cross,True,paving stones,good
483ee7a5-1d9c-4e43-b635-efe680ae580a,1f42236d-e3f2-4193-b96d-f52406b281f2,ee046960-8028-4c87-97b4-cb0aa4df6023,1643974273110,13.3996186,52.4723629,5.7369623,0.31140447,-1.7332503,5.6664286,on bike mount,cyclo cross,True,paving stones,good
483ee7a5-1d9c-4e43-b635-efe680ae580a,1f42236d-e3f2-4193-b96d-f52406b281f2,b0f0fa3e-72bc-41d1-8bec-0a35a9aaecf5,1643974273162,13.3996186,52.4723629,5.7369623,2.5426035,-2.1294363,-5.6914854,on bike mount,cyclo cross,True,paving stones,good
483ee7a5-1d9c-4e43-b635-efe680ae580a,1f42236d-e3f2-4193-b96d-f52406b281f2,d3aa0935-2b89-4e99-b6a2-c08e21d5a017,1643974273226,13.3996186,52.4723629,5.7369623,-1.3329403,-0.6633301,2.2180805,on bike mount,cyclo cross,True,paving stones,good
483ee7a5-1d9c-4e43-b635-efe680ae580a,1f42236d-e3f2-4193-b96d-f52406b281f2,b913c991-ca0c-4d09-b1f8-14cde52bf043,1643974273288,13.3996186,52.4723629,5.7369623,3.8117623,-1.2603253,-2.6397028,on bike mount,cyclo cross,True,paving stones,good
483ee7a5-1d9c-4e43-b635-efe680ae580a,1f42236d-e3f2-4193-b96d-f52406b281f2,171b75e7-0d4a-4249-b826-247f45ed069e,1643974273344,13.3996186,52.4723629,5.7369623,-0.05517648,0.44234324,7.231449,on bike mount,cyclo cross,True,paving stones,good
483ee7a5-1d9c-4e43-b635-efe680ae580a,1f42236d-e3f2-4193-b96d-f52406b281f2,30cbe68e-e657-45b3-b3c3-1073378befc5,1643974273420,13.3996186,52.4723629,5.7369623,-1.8842859,-4.428705,-1.4319556,on bike mount,cyclo cross,True,paving stones,good
483ee7a5-1d9c-4e43-b635-efe680ae580a,1f42236d-e3f2-4193-b96d-f52406b281f2,08f09154-a2e1-4016-bcc0-04e882594deb,1643974273485,13.3997033,52.4723672,5.7804847,-0.12103389,3.6171608,-4.297536,on bike mount,cyclo cross,True,paving stones,good
483ee7a5-1d9c-4e43-b635-efe680ae580a,1f42236d-e3f2-4193-b96d-f52406b281f2,8a492873-c2dd-46c0-8555-d7fd922502c4,1643974273538,13.3997033,52.4723672,5.7804847,-0.46940652,1.2374046,4.725273,on bike mount,cyclo cross,True,paving stones,good
483ee7a5-1d9c-4e43-b635-efe680ae580a,1f42236d-e3f2-4193-b96d-f52406b281f2,73e53d7f-aadc-4806-ae90-1e862cfe7b4f,1643974273600,13.3997033,52.4723672,5.7804847,-1.319614,-1.4137815,2.754489,on bike mount,cyclo cross,True,paving stones,good
483ee7a5-1d9c-4e43-b635-efe680ae580a,1f42236d-e3f2-4193-b96d-f52406b281f2,14fb050d-18ae-4e82-98a4-1d5adf81b7d7,1643974273655,13.3997033,52.4723672,5.7804847,-1.7801716,0.23978162,-3.354259,on bike mount,cyclo cross,True,paving stones,good
483ee7a5-1d9c-4e43-b635-efe680ae580a,1f42236d-e3f2-4193-b96d-f52406b281f2,2a9202a3-1df1-4851-b105-4c4a8ff84fdd,1643974273711,13.3997033,52.4723672,5.7804847,-0.4135035,3.6246667,-12.168381,on bike mount,cyclo cross,True,paving stones,good
483ee7a5-1d9c-4e43-b635-efe680ae580a,1f42236d-e3f2-4193-b96d-f52406b281f2,f7e3e479-d16f-42b4-95d2-23e46b2fd9ea,1643974273772,13.3997033,52.4723672,5.7804847,-0.30763274,-3.4079628,-2.213461,on bike mount,cyclo cross,True,paving stones,good
483ee7a5-1d9c-4e43-b635-efe680ae580a,1f42236d-e3f2-4193-b96d-f52406b281f2,1b588b57-c153-4ae2-ab24-55ed0e2fe67a,1643974273841,13.3997033,52.4723672,5.7804847,-1.8520834,1.9682229,3.8888779,on bike mount,cyclo cross,True,paving stones,good
483ee7a5-1d9c-4e43-b635-efe680ae580a,1f42236d-e3f2-4193-b96d-f52406b281f2,2891587d-dda5-4f23-a7b7-869b2c57df7b,1643974273894,13.3997033,52.4723672,5.7804847,0.5527592,1.5683823,1.2610817,on bike mount,cyclo cross,True,paving stones,good
483ee7a5-1d9c-4e43-b635-efe680ae580a,1f42236d-e3f2-4193-b96d-f52406b281f2,43a9f07d-f60b-44af-a446-01e24514b8bd,1643974273944,13.3997033,52.4723672,5.7804847,0.74055076,0.06522393,-0.7474966,on bike mount,cyclo cross,True,paving stones,good
483ee7a5-1d9c-4e43-b635-efe680ae580a,1f42236d-e3f2-4193-b96d-f52406b281f2,79b84802-d3e1-4ee6-a9c7-726ff6762f6e,1643974274005,13.3997033,52.4723672,5.7804847,0.35789764,1.0608158,0.7098055,on bike mount,cyclo cross,True,paving stones,good
483ee7a5-1d9c-4e43-b635-efe680ae580a,1f42236d-e3f2-4193-b96d-f52406b281f2,9450e671-903e-40db-8f82-ec40ad381482,1643974274063,13.3997033,52.4723672,5.7804847,-1.2383621,-5.9612846,1.1438208,on bike mount,cyclo cross,True,paving stones,good
483ee7a5-1d9c-4e43-b635-efe680ae580a,1f42236d-e3f2-4193-b96d-f52406b281f2,f9eca58c-2008-4f39-976a-1445398b5ea4,1643974274122,13.3997033,52.4723672,5.7804847,-0.5430999,-4.4438887,6.5889063,on bike mount,cyclo cross,True,paving stones,good
483ee7a5-1d9c-4e43-b635-efe680ae580a,1f42236d-e3f2-4193-b96d-f52406b281f2,ec48b745-774a-494e-9d61-cd2bb004cf84,1643974274188,13.3997033,52.4723672,5.7804847,-1.4689145,-0.49164665,-14.358796,on bike mount,cyclo cross,True,paving stones,good
483ee7a5-1d9c-4e43-b635-efe680ae580a,1f42236d-e3f2-4193-b96d-f52406b281f2,df9a2c4f-ca2e-4e92-b2fd-cbb5c6668046,1643974274246,13.3997033,52.4723672,5.7804847,-1.5558896,-1.9351202,6.9986897,on bike mount,cyclo cross,True,paving stones,good
483ee7a5-1d9c-4e43-b635-efe680ae580a,1f42236d-e3f2-4193-b96d-f52406b281f2,a8795e5a-7145-4224-8367-ad171fddc495,1643974274306,13.3997033,52.4723672,5.7804847,-0.8714893,-0.2629559,3.5921583,on bike mount,cyclo cross,True,paving stones,good
483ee7a5-1d9c-4e43-b635-efe680ae580a,1f42236d-e3f2-4193-b96d-f52406b281f2,f6ff7f57-714b-441a-8fc3-adafdad649ee,1643974274362,13.3997033,52.4723672,5.7804847,-1.748979,1.1825352,0.34121037,on bike mount,cyclo cross,True,paving stones,good
483ee7a5-1d9c-4e43-b635-efe680ae580a,1f42236d-e3f2-4193-b96d-f52406b281f2,6f309d9b-862e-411d-a312-c9730d720a67,1643974274427,13.3997895,52.4723698,5.7826176,0.05712694,0.74393463,7.2950716,on bike mount,cyclo cross,True,paving stones,good
483ee7a5-1d9c-4e43-b635-efe680ae580a,1f42236d-e3f2-4193-b96d-f52406b281f2,e8c12dc4-db4c-4b2f-93c5-3475ce24fb70,1643974274478,13.3997895,52.4723698,5.7826176,-0.06815493,-3.2704856,6.850627,on bike mount,cyclo cross,True,paving stones,good
483ee7a5-1d9c-4e43-b635-efe680ae580a,1f42236d-e3f2-4193-b96d-f52406b281f2,35efcac5-5c78-44b2-aa9d-c6a71bb483a3,1643974274543,13.3997895,52.4723698,5.7826176,-0.60918707,1.5009997,-2.0666394,on bike mount,cyclo cross,True,paving stones,good
483ee7a5-1d9c-4e43-b635-efe680ae580a,1f42236d-e3f2-4193-b96d-f52406b281f2,3acb14d7-b754-444f-a19a-db4a8690a7ef,1643974274605,13.3997895,52.4723698,5.7826176,-1.8454962,-5.9165344,34.112686,on bike mount,cyclo cross,True,paving stones,good
483ee7a5-1d9c-4e43-b635-efe680ae580a,1f42236d-e3f2-4193-b96d-f52406b281f2,c3c24b62-2841-4e2b-a6c7-5af74249d888,1643974274660,13.3997895,52.4723698,5.7826176,0.25345635,1.5591278,-1.781189,on bike mount,cyclo cross,True,paving stones,good
483ee7a5-1d9c-4e43-b635-efe680ae580a,1f42236d-e3f2-4193-b96d-f52406b281f2,a6027f5b-b422-4fcc-9546-9f6b536942ea,1643974274729,13.3997895,52.4723698,5.7826176,0.52925265,2.79035,-6.205319,on bike mount,cyclo cross,True,paving stones,good
483ee7a5-1d9c-4e43-b635-efe680ae580a,1f42236d-e3f2-4193-b96d-f52406b281f2,ac47c8e6-31e5-4411-b282-04c05c2ec3a6,1643974274784,13.3997895,52.4723698,5.7826176,1.4736173,-0.19703794,6.523366,on bike mount,cyclo cross,True,paving stones,good
483ee7a5-1d9c-4e43-b635-efe680ae580a,1f42236d-e3f2-4193-b96d-f52406b281f2,127a3f15-f430-4f94-981d-9450291b2e5d,1643974274848,13.3997895,52.4723698,5.7826176,-1.8763571,-1.3871645,2.6713676,on bike mount,cyclo cross,True,paving stones,good
483ee7a5-1d9c-4e43-b635-efe680ae580a,1f42236d-e3f2-4193-b96d-f52406b281f2,4d7fa2e5-b776-4da9-8e3f-5fe4a46157ed,1643974274912,13.3997895,52.4723698,5.7826176,-0.6892799,1.3823719,-4.339344,on bike mount,cyclo cross,True,paving stones,good
483ee7a5-1d9c-4e43-b635-efe680ae580a,1f42236d-e3f2-4193-b96d-f52406b281f2,3738cbaf-7313-43d5-a06e-ab56c439545c,1643974274963,13.3997895,52.4723698,5.7826176,-3.7916665,4.4938717,1.485981,on bike mount,cyclo cross,True,paving stones,good
483ee7a5-1d9c-4e43-b635-efe680ae580a,1f42236d-e3f2-4193-b96d-f52406b281f2,8f1c9ff4-a84b-4b73-bd56-5438747e1a88,1643974275013,13.3997895,52.4723698,5.7826176,-2.6179733,1.0816221,-5.3736086,on bike mount,cyclo cross,True,paving stones,good
483ee7a5-1d9c-4e43-b635-efe680ae580a,1f42236d-e3f2-4193-b96d-f52406b281f2,65c38780-5165-4c7c-b046-8edd622baa29,1643974275064,13.3997895,52.4723698,5.7826176,-1.8614821,-1.2023432,-1.5975399,on bike mount,cyclo cross,True,paving stones,good
483ee7a5-1d9c-4e43-b635-efe680ae580a,1f42236d-e3f2-4193-b96d-f52406b281f2,03b58164-e16b-4490-8cdd-27bb35193f7b,1643974275124,13.3997895,52.4723698,5.7826176,-1.9769435,1.1187928,-0.4403305,on bike mount,cyclo cross,True,paving stones,good
483ee7a5-1d9c-4e43-b635-efe680ae580a,1f42236d-e3f2-4193-b96d-f52406b281f2,28d3899f-89ae-4d7b-8e4c-b06a5a465157,1643974275183,13.3997895,52.4723698,5.7826176,0.37075248,-1.3723761,6.5351944,on bike mount,cyclo cross,True,paving stones,good
483ee7a5-1d9c-4e43-b635-efe680ae580a,1f42236d-e3f2-4193-b96d-f52406b281f2,3e4d41f7-7b7c-4688-bfe8-a6c01ddc1fa3,1643974275241,13.3997895,52.4723698,5.7826176,-0.4491496,3.4578915,-3.5295238,on bike mount,cyclo cross,True,paving stones,good
483ee7a5-1d9c-4e43-b635-efe680ae580a,1f42236d-e3f2-4193-b96d-f52406b281f2,4bcdf5a4-efaf-4111-95f4-8b4ebe0cfe4d,1643974275296,13.3997895,52.4723698,5.7826176,-0.516834,0.82816386,1.0168614,on bike mount,cyclo cross,True,paving stones,good
483ee7a5-1d9c-4e43-b635-efe680ae580a,1f42236d-e3f2-4193-b96d-f52406b281f2,b29a907f-17fd-4186-bfcb-79acf5c784a3,1643974275346,13.3997895,52.4723698,5.7826176,-0.90012205,0.40584803,-1.0309663,on bike mount,cyclo cross,True,paving stones,good
483ee7a5-1d9c-4e43-b635-efe680ae580a,1f42236d-e3f2-4193-b96d-f52406b281f2,9079bf1d-f2e4-4c32-9b45-8c95b866a70b,1643974275396,13.3997895,52.4723698,5.7826176,0.770815,-2.286651,-0.73786783,on bike mount,cyclo cross,True,paving stones,good
483ee7a5-1d9c-4e43-b635-efe680ae580a,1f42236d-e3f2-4193-b96d-f52406b281f2,4f829f70-8c93-4567-9130-10e740ec8ae7,1643974275448,13.399877,52.4723728,5.7640452,-0.36484414,-4.5963035,2.4328604,on bike mount,cyclo cross,True,paving stones,good
483ee7a5-1d9c-4e43-b635-efe680ae580a,1f42236d-e3f2-4193-b96d-f52406b281f2,12caefda-74e2-4fec-b081-e69c61755326,1643974275506,13.399877,52.4723728,5.7640452,0.5097271,-0.1226387,0.70119953,on bike mount,cyclo cross,True,paving stones,good
483ee7a5-1d9c-4e43-b635-efe680ae580a,1f42236d-e3f2-4193-b96d-f52406b281f2,d17ad3c1-3215-408b-90e2-cff9ff09eddf,1643974275564,13.399877,52.4723728,5.7640452,-0.3794467,-1.0127885,3.3471127,on bike mount,cyclo cross,True,paving stones,good
483ee7a5-1d9c-4e43-b635-efe680ae580a,1f42236d-e3f2-4193-b96d-f52406b281f2,944a8268-eb88-47ab-9c6d-acc4dfd19a46,1643974275616,13.399877,52.4723728,5.7640452,0.7445574,0.7025001,-1.7348347,on bike mount,cyclo cross,True,paving stones,good
483ee7a5-1d9c-4e43-b635-efe680ae580a,1f42236d-e3f2-4193-b96d-f52406b281f2,060e50ed-9bb3-4ff4-8d00-e7198d2f6269,1643974275694,13.399877,52.4723728,5.7640452,0.9034172,-3.4458213,9.984356,on bike mount,cyclo cross,True,paving stones,good
483ee7a5-1d9c-4e43-b635-efe680ae580a,1f42236d-e3f2-4193-b96d-f52406b281f2,8a990fa4-1378-4b64-8bd1-4147d62445e0,1643974275757,13.399877,52.4723728,5.7640452,-0.67198664,-0.09054375,-8.929698,on bike mount,cyclo cross,True,paving stones,good
483ee7a5-1d9c-4e43-b635-efe680ae580a,1f42236d-e3f2-4193-b96d-f52406b281f2,2c0ce652-582e-4fee-8f6a-3d633e12e7b6,1643974275827,13.399877,52.4723728,5.7640452,-1.6127679,-4.660137,1.947463,on bike mount,cyclo cross,True,paving stones,good
483ee7a5-1d9c-4e43-b635-efe680ae580a,1f42236d-e3f2-4193-b96d-f52406b281f2,2cea510d-bdaa-447e-8e3a-48c7f95c96b4,1643974275882,13.399877,52.4723728,5.7640452,-0.62251055,0.33337164,7.3967133,on bike mount,cyclo cross,True,paving stones,good
483ee7a5-1d9c-4e43-b635-efe680ae580a,1f42236d-e3f2-4193-b96d-f52406b281f2,3ccf4749-21d0-462d-9788-5ae17030f06e,1643974275965,13.399877,52.4723728,5.7640452,-0.74605465,1.5586052,-1.1648173,on bike mount,cyclo cross,True,paving stones,good
483ee7a5-1d9c-4e43-b635-efe680ae580a,1f42236d-e3f2-4193-b96d-f52406b281f2,bc2a43ef-5ca6-4b3b-9e0c-f97eef82363a,1643974276027,13.399877,52.4723728,5.7640452,-0.08805251,0.78193974,-6.368536,on bike mount,cyclo cross,True,paving stones,good
483ee7a5-1d9c-4e43-b635-efe680ae580a,1f42236d-e3f2-4193-b96d-f52406b281f2,af7877fd-3b9f-4e7e-ae85-102f68c37388,1643974276082,13.399877,52.4723728,5.7640452,-1.579597,-1.4216893,-4.0280695,on bike mount,cyclo cross,True,paving stones,good
483ee7a5-1d9c-4e43-b635-efe680ae580a,1f42236d-e3f2-4193-b96d-f52406b281f2,2d8a2fe7-1035-45ae-a635-2fd9e5b335ac,1643974276144,13.399877,52.4723728,5.7640452,0.6685116,0.90970397,-4.229992,on bike mount,cyclo cross,True,paving stones,good
483ee7a5-1d9c-4e43-b635-efe680ae580a,1f42236d-e3f2-4193-b96d-f52406b281f2,a3189758-151b-4352-bfc0-ae29f88731df,1643974276198,13.399877,52.4723728,5.7640452,1.3958741,1.3199115,-1.2914329,on bike mount,cyclo cross,True,paving stones,good
483ee7a5-1d9c-4e43-b635-efe680ae580a,1f42236d-e3f2-4193-b96d-f52406b281f2,a2691abd-6b2e-40b8-9a2a-8d88df5defff,1643974276255,13.399877,52.4723728,5.7640452,0.56217396,-3.4197402,-3.5701613,on bike mount,cyclo cross,True,paving stones,good
483ee7a5-1d9c-4e43-b635-efe680ae580a,1f42236d-e3f2-4193-b96d-f52406b281f2,8aed1a85-fa31-4e30-9d12-36fa0fe36ea4,1643974276318,13.399877,52.4723728,5.7640452,-0.5438942,-0.59459174,4.7254295,on bike mount,cyclo cross,True,paving stones,good
483ee7a5-1d9c-4e43-b635-efe680ae580a,1f42236d-e3f2-4193-b96d-f52406b281f2,f9d4b7bc-3aea-48d6-ac0a-8fc7203bb40b,1643974276386,13.399877,52.4723728,5.7640452,-0.6443755,2.7922626,0.04851818,on bike mount,cyclo cross,True,paving stones,good
483ee7a5-1d9c-4e43-b635-efe680ae580a,1f42236d-e3f2-4193-b96d-f52406b281f2,ccb07bb4-71c9-4237-8639-f2909e3a8695,1643974276459,13.399877,52.4723728,5.7640452,0.8009509,5.2645283,-1.8577306,on bike mount,cyclo cross,True,paving stones,good
483ee7a5-1d9c-4e43-b635-efe680ae580a,1f42236d-e3f2-4193-b96d-f52406b281f2,ff3d33b9-ff60-4c87-8c62-8b4edf33a77a,1643974276527,13.399962,52.4723757,5.790749,0.16021967,-2.1342444,-4.036988,on bike mount,cyclo cross,True,paving stones,good
483ee7a5-1d9c-4e43-b635-efe680ae580a,1f42236d-e3f2-4193-b96d-f52406b281f2,d2e9b134-edd3-4d98-8656-b9e9f9bc0586,1643974276583,13.399962,52.4723757,5.790749,-0.6524322,-2.6110616,9.947414,on bike mount,cyclo cross,True,paving stones,good
483ee7a5-1d9c-4e43-b635-efe680ae580a,1f42236d-e3f2-4193-b96d-f52406b281f2,d97e7f34-d287-49f6-8889-5de08b838fb7,1643974276646,13.399962,52.4723757,5.790749,-2.394704,-3.3883061,4.1083975,on bike mount,cyclo cross,True,paving stones,good
483ee7a5-1d9c-4e43-b635-efe680ae580a,1f42236d-e3f2-4193-b96d-f52406b281f2,7525cdb5-062c-4672-b58d-1d640473b778,1643974276700,13.399962,52.4723757,5.790749,-0.49743688,0.97415495,2.0681257,on bike mount,cyclo cross,True,paving stones,good
483ee7a5-1d9c-4e43-b635-efe680ae580a,1f42236d-e3f2-4193-b96d-f52406b281f2,3a51172c-87b5-40ae-9b48-8b037078167e,1643974276754,13.399962,52.4723757,5.790749,-0.34727222,-2.063883,-2.0807943,on bike mount,cyclo cross,True,paving stones,good
483ee7a5-1d9c-4e43-b635-efe680ae580a,1f42236d-e3f2-4193-b96d-f52406b281f2,ee879dad-b2b8-419f-b106-c010618c5089,1643974276839,13.399962,52.4723757,5.790749,-1.8923109,-3.9672236,6.8167152,on bike mount,cyclo cross,True,paving stones,good
483ee7a5-1d9c-4e43-b635-efe680ae580a,1f42236d-e3f2-4193-b96d-f52406b281f2,8f610db2-e43a-4cf5-883c-73198e0d9479,1643974276901,13.399962,52.4723757,5.790749,0.0233711,-2.3021004,-0.39252996,on bike mount,cyclo cross,True,paving stones,good
483ee7a5-1d9c-4e43-b635-efe680ae580a,1f42236d-e3f2-4193-b96d-f52406b281f2,4cb82f4b-ea1e-46c9-8b8f-0222af26f613,1643974276956,13.399962,52.4723757,5.790749,-0.61337936,0.98370624,8.786511,on bike mount,cyclo cross,True,paving stones,good
483ee7a5-1d9c-4e43-b635-efe680ae580a,1f42236d-e3f2-4193-b96d-f52406b281f2,94640554-858d-4f1d-8a4e-22aea8756624,1643974277019,13.399962,52.4723757,5.790749,-1.2821723,-5.6912203,-0.36629105,on bike mount,cyclo cross,True,paving stones,good
483ee7a5-1d9c-4e43-b635-efe680ae580a,1f42236d-e3f2-4193-b96d-f52406b281f2,adaff1af-d35b-4d95-a904-9e9971cb1b78,1643974277071,13.399962,52.4723757,5.790749,0.5191401,-2.8121634,4.6125154,on bike mount,cyclo cross,True,paving stones,good
483ee7a5-1d9c-4e43-b635-efe680ae580a,1f42236d-e3f2-4193-b96d-f52406b281f2,15b3736f-ffe7-4069-aeba-4c787bb9a0e8,1643974277136,13.399962,52.4723757,5.790749,-0.058567107,2.7248302,0.4260702,on bike mount,cyclo cross,True,paving stones,good
483ee7a5-1d9c-4e43-b635-efe680ae580a,1f42236d-e3f2-4193-b96d-f52406b281f2,950b294d-5984-4056-972c-d2e0fb76b087,1643974277187,13.399962,52.4723757,5.790749,0.9627129,1.8392186,-3.343845,on bike mount,cyclo cross,True,paving stones,good
483ee7a5-1d9c-4e43-b635-efe680ae580a,1f42236d-e3f2-4193-b96d-f52406b281f2,c9ff262c-7b9b-4a62-b83a-200f5d85a413,1643974277239,13.399962,52.4723757,5.790749,0.6195798,1.3984177,-1.5229836,on bike mount,cyclo cross,True,paving stones,good
483ee7a5-1d9c-4e43-b635-efe680ae580a,1f42236d-e3f2-4193-b96d-f52406b281f2,6717a5c6-a946-418f-b6e1-6d0aa2d5449a,1643974277302,13.399962,52.4723757,5.790749,-1.8967934,-1.3504869,2.2165928,on bike mount,cyclo cross,True,paving stones,good
483ee7a5-1d9c-4e43-b635-efe680ae580a,1f42236d-e3f2-4193-b96d-f52406b281f2,f4854b54-f3c3-4e19-97b0-ec9c3a8d2b0a,1643974277356,13.399962,52.4723757,5.790749,0.010066688,0.5876796,9.863768,on bike mount,cyclo cross,True,paving stones,good
483ee7a5-1d9c-4e43-b635-efe680ae580a,1f42236d-e3f2-4193-b96d-f52406b281f2,716383a6-9d09-479e-a409-c73d46191bc3,1643974277417,13.399962,52.4723757,5.790749,-2.5067365,-2.2107427,0.45356846,on bike mount,cyclo cross,True,paving stones,good
483ee7a5-1d9c-4e43-b635-efe680ae580a,1f42236d-e3f2-4193-b96d-f52406b281f2,c2076d35-5fba-49ef-b9ae-0682a1d1d6b8,1643974277484,13.4000468,52.4723791,5.7959976,-0.48746157,-3.1126175,-0.7960863,on bike mount,cyclo cross,True,paving stones,good
483ee7a5-1d9c-4e43-b635-efe680ae580a,1f42236d-e3f2-4193-b96d-f52406b281f2,a0e3df50-3b73-4130-b10b-f2b626c9eac2,1643974277544,13.4000468,52.4723791,5.7959976,-0.3712541,-7.888178,5.8229294,on bike mount,cyclo cross,True,paving stones,good
483ee7a5-1d9c-4e43-b635-efe680ae580a,1f42236d-e3f2-4193-b96d-f52406b281f2,27584a08-bdbe-4043-8ada-8f68a4184f27,1643974277601,13.4000468,52.4723791,5.7959976,-0.09251869,3.120741,-7.616124,on bike mount,cyclo cross,True,paving stones,good
483ee7a5-1d9c-4e43-b635-efe680ae580a,1f42236d-e3f2-4193-b96d-f52406b281f2,e835d8e1-abba-46a7-b0b0-a004b960565b,1643974277650,13.4000468,52.4723791,5.7959976,2.607359,5.4127393,-1.7368221,on bike mount,cyclo cross,True,paving stones,good
483ee7a5-1d9c-4e43-b635-efe680ae580a,1f42236d-e3f2-4193-b96d-f52406b281f2,8b288621-990c-4662-bc4a-412a1b430517,1643974277701,13.4000468,52.4723791,5.7959976,-0.20716703,3.7482681,-7.6293206,on bike mount,cyclo cross,True,paving stones,good
483ee7a5-1d9c-4e43-b635-efe680ae580a,1f42236d-e3f2-4193-b96d-f52406b281f2,e18eb4a6-46cb-4782-8963-e8c9a95813c3,1643974277768,13.4000468,52.4723791,5.7959976,0.030259252,-2.8968844,4.1185665,on bike mount,cyclo cross,True,paving stones,good
483ee7a5-1d9c-4e43-b635-efe680ae580a,1f42236d-e3f2-4193-b96d-f52406b281f2,28895407-0c87-43cd-8998-95698b84dccb,1643974277821,13.4000468,52.4723791,5.7959976,-1.749616,2.5098147,0.24197674,on bike mount,cyclo cross,True,paving stones,good
483ee7a5-1d9c-4e43-b635-efe680ae580a,1f42236d-e3f2-4193-b96d-f52406b281f2,21a826b6-4eee-40f2-bdf5-fad9762c7ada,1643974277893,13.4000468,52.4723791,5.7959976,0.86533606,1.099256,3.663725,on bike mount,cyclo cross,True,paving stones,good
483ee7a5-1d9c-4e43-b635-efe680ae580a,1f42236d-e3f2-4193-b96d-f52406b281f2,eb819d9e-b858-48ac-8477-f52dbe59b688,1643974277947,13.4000468,52.4723791,5.7959976,-1.0372857,3.4580107,-5.7254086,on bike mount,cyclo cross,True,paving stones,good
483ee7a5-1d9c-4e43-b635-efe680ae580a,1f42236d-e3f2-4193-b96d-f52406b281f2,5e6b54f7-041f-42f8-9a90-8ab962c03a7f,1643974278012,13.4000468,52.4723791,5.7959976,-0.43835178,2.1088624,-10.315974,on bike mount,cyclo cross,True,paving stones,good
483ee7a5-1d9c-4e43-b635-efe680ae580a,1f42236d-e3f2-4193-b96d-f52406b281f2,5833effb-687c-49c3-9d77-6b43a6b58701,1643974278084,13.4000468,52.4723791,5.7959976,-2.8943934,-3.148478,0.109601974,on bike mount,cyclo cross,True,paving stones,good
483ee7a5-1d9c-4e43-b635-efe680ae580a,1f42236d-e3f2-4193-b96d-f52406b281f2,f82a513b-7b66-4320-aca0-40d3bd5d47e3,1643974278136,13.4000468,52.4723791,5.7959976,-1.2953058,1.7793732,-3.3223321,on bike mount,cyclo cross,True,paving stones,good
483ee7a5-1d9c-4e43-b635-efe680ae580a,1f42236d-e3f2-4193-b96d-f52406b281f2,7257ed4d-2a97-4dd1-bc23-eeea6d00bd2c,1643974278199,13.4000468,52.4723791,5.7959976,-1.3558719,0.81648564,-1.0201912,on bike mount,cyclo cross,True,paving stones,good
483ee7a5-1d9c-4e43-b635-efe680ae580a,1f42236d-e3f2-4193-b96d-f52406b281f2,645f1be0-b808-4e96-b9b8-087eeaf4e19f,1643974278263,13.4000468,52.4723791,5.7959976,-0.4140029,0.58791876,4.5787106,on bike mount,cyclo cross,True,paving stones,good
483ee7a5-1d9c-4e43-b635-efe680ae580a,1f42236d-e3f2-4193-b96d-f52406b281f2,ea7d34c2-9250-4bc5-be25-f703acb7847b,1643974278320,13.4000468,52.4723791,5.7959976,-0.4878245,0.4587419,0.7515173,on bike mount,cyclo cross,True,paving stones,good
483ee7a5-1d9c-4e43-b635-efe680ae580a,1f42236d-e3f2-4193-b96d-f52406b281f2,43429793-55f4-4c48-a5fb-575950e2e9cc,1643974278387,13.4000468,52.4723791,5.7959976,0.881325,-1.0672865,-5.2961526,on bike mount,cyclo cross,True,paving stones,good
483ee7a5-1d9c-4e43-b635-efe680ae580a,1f42236d-e3f2-4193-b96d-f52406b281f2,fb458288-cca7-48da-814f-f7de2be910de,1643974278438,13.4000468,52.4723791,5.7959976,-0.06759739,-4.8337274,-2.0667396,on bike mount,cyclo cross,True,paving stones,good
483ee7a5-1d9c-4e43-b635-efe680ae580a,1f42236d-e3f2-4193-b96d-f52406b281f2,ac57d14c-cfde-4b06-b0e1-567ef0edc0ee,1643974278503,13.400134,52.4723824,5.771266,1.3462628,-1.1963514,-0.08594513,on bike mount,cyclo cross,True,paving stones,good
483ee7a5-1d9c-4e43-b635-efe680ae580a,1f42236d-e3f2-4193-b96d-f52406b281f2,553d48e0-26ef-4028-a306-f907bf7c00b8,1643974278555,13.400134,52.4723824,5.771266,2.6060138,1.8142219,-3.7184272,on bike mount,cyclo cross,True,paving stones,good
483ee7a5-1d9c-4e43-b635-efe680ae580a,1f42236d-e3f2-4193-b96d-f52406b281f2,1e91a543-7b62-4b34-85b7-3476963c679d,1643974278617,13.400134,52.4723824,5.771266,-0.5783161,1.2795734,-2.7706642,on bike mount,cyclo cross,True,paving stones,good
483ee7a5-1d9c-4e43-b635-efe680ae580a,1f42236d-e3f2-4193-b96d-f52406b281f2,5575b13b-d94e-4338-9f46-f1bb39139302,1643974278674,13.400134,52.4723824,5.771266,0.12651485,3.4738803,1.1900187,on bike mount,cyclo cross,True,paving stones,good
