bike_activity_uid,bike_activity_sample_uid,bike_activity_measurement,bike_activity_measurement_timestamp,bike_activity_measurement_lon,bike_activity_measurement_lat,bike_activity_measurement_speed,bike_activity_measurement_accelerometer_x,bike_activity_measurement_accelerometer_y,bike_activity_measurement_accelerometer_z,bike_activity_phone_position,bike_activity_bike_type,bike_activity_flagged_lab_conditions,bike_activity_surface_type,bike_activity_smoothness_type
483ee7a5-1d9c-4e43-b635-efe680ae580a,f1a64cf5-d02d-4325-a0ad-a48e74674cb8,37ae8e60-9ec8-4bce-8079-ac688a5d3dcf,1643974708922,13.3916404,52.472847,5.1990056,-0.06325316,-2.6817944,-3.1288204,on bike mount,cyclo cross,True,paving stones,good
483ee7a5-1d9c-4e43-b635-efe680ae580a,f1a64cf5-d02d-4325-a0ad-a48e74674cb8,6784235f-c87b-4f6e-85b8-b5fa6169bdd2,1643974708971,13.3916404,52.472847,5.1990056,-1.8662622,1.5182133,-3.8885832,on bike mount,cyclo cross,True,paving stones,good
483ee7a5-1d9c-4e43-b635-efe680ae580a,f1a64cf5-d02d-4325-a0ad-a48e74674cb8,55154402-89a3-4342-856d-e13b6d406054,1643974709023,13.3916404,52.472847,5.1990056,-1.7946954,-0.060090303,-2.3702018,on bike mount,cyclo cross,True,paving stones,good
483ee7a5-1d9c-4e43-b635-efe680ae580a,f1a64cf5-d02d-4325-a0ad-a48e74674cb8,f3bcdd92-e929-4b82-a36d-2bd12d5b3b82,1643974709076,13.3916404,52.472847,5.1990056,-1.5242409,0.031594515,0.6408367,on bike mount,cyclo cross,True,paving stones,good
483ee7a5-1d9c-4e43-b635-efe680ae580a,f1a64cf5-d02d-4325-a0ad-a48e74674cb8,116ba4fb-24c5-4768-8abe-d79e57e876dd,1643974709134,13.3916404,52.472847,5.1990056,0.4346366,-1.6166607,3.0323353,on bike mount,cyclo cross,True,paving stones,good
483ee7a5-1d9c-4e43-b635-efe680ae580a,f1a64cf5-d02d-4325-a0ad-a48e74674cb8,f5ffafb3-d83c-4e87-933f-aeabdec4c0c4,1643974709202,13.3916404,52.472847,5.1990056,-1.248693,-1.4026773,8.026934,on bike mount,cyclo cross,True,paving stones,good
483ee7a5-1d9c-4e43-b635-efe680ae580a,f1a64cf5-d02d-4325-a0ad-a48e74674cb8,68b1c421-4d6c-442c-86b4-b57c595c1905,1643974709257,13.3916404,52.472847,5.1990056,-0.956419,-2.6583257,-0.38885975,on bike mount,cyclo cross,True,paving stones,good
483ee7a5-1d9c-4e43-b635-efe680ae580a,f1a64cf5-d02d-4325-a0ad-a48e74674cb8,ad0d7aad-222b-4f67-aaec-49291a944182,1643974709308,13.3916404,52.472847,5.1990056,-0.94889295,-1.9685137,-3.1156778,on bike mount,cyclo cross,True,paving stones,good
483ee7a5-1d9c-4e43-b635-efe680ae580a,f1a64cf5-d02d-4325-a0ad-a48e74674cb8,e995f5d0-9bdd-4224-b8f4-a23a76ebc172,1643974709366,13.3916404,52.472847,5.1990056,-0.027378678,4.0773354,-16.116278,on bike mount,cyclo cross,True,paving stones,good
483ee7a5-1d9c-4e43-b635-efe680ae580a,f1a64cf5-d02d-4325-a0ad-a48e74674cb8,284a337a-9497-48f9-a1b1-608708425ffb,1643974709422,13.3915644,52.4728462,5.199825,-1.6589113,6.568465,-1.605896,on bike mount,cyclo cross,True,paving stones,good
483ee7a5-1d9c-4e43-b635-efe680ae580a,f1a64cf5-d02d-4325-a0ad-a48e74674cb8,afc9a4ef-cb91-4961-b0fd-726f2881b976,1643974709483,13.3915644,52.4728462,5.199825,-5.607574,-4.0322013,15.39772,on bike mount,cyclo cross,True,paving stones,good
483ee7a5-1d9c-4e43-b635-efe680ae580a,f1a64cf5-d02d-4325-a0ad-a48e74674cb8,d6acf33b-8b94-4d56-a14e-64a2d8ee4127,1643974709551,13.3915644,52.4728462,5.199825,0.6167152,-3.0324593,14.833191,on bike mount,cyclo cross,True,paving stones,good
483ee7a5-1d9c-4e43-b635-efe680ae580a,f1a64cf5-d02d-4325-a0ad-a48e74674cb8,e92f2713-5bce-4fff-a177-14610016be31,1643974709619,13.3915644,52.4728462,5.199825,0.2811699,4.921384,7.0969315,on bike mount,cyclo cross,True,paving stones,good
483ee7a5-1d9c-4e43-b635-efe680ae580a,f1a64cf5-d02d-4325-a0ad-a48e74674cb8,d7e48418-2023-460a-9707-2384846b7266,1643974709683,13.3915644,52.4728462,5.199825,2.6075118,1.5878687,-3.949677,on bike mount,cyclo cross,True,paving stones,good
483ee7a5-1d9c-4e43-b635-efe680ae580a,f1a64cf5-d02d-4325-a0ad-a48e74674cb8,58b148c4-2ea6-4a9e-abea-7300560d9998,1643974709753,13.3915644,52.4728462,5.199825,-4.328087,2.8603694,-5.043006,on bike mount,cyclo cross,True,paving stones,good
483ee7a5-1d9c-4e43-b635-efe680ae580a,f1a64cf5-d02d-4325-a0ad-a48e74674cb8,a8dbeb76-137e-4585-8db9-8cb928e7a087,1643974709808,13.3915644,52.4728462,5.199825,-0.95967245,-5.574462,2.9373226,on bike mount,cyclo cross,True,paving stones,good
483ee7a5-1d9c-4e43-b635-efe680ae580a,f1a64cf5-d02d-4325-a0ad-a48e74674cb8,0bde85a6-e540-498f-ad37-e65132b46f16,1643974709859,13.3915644,52.4728462,5.199825,1.1494519,-3.6597824,2.3010097,on bike mount,cyclo cross,True,paving stones,good
483ee7a5-1d9c-4e43-b635-efe680ae580a,f1a64cf5-d02d-4325-a0ad-a48e74674cb8,b12afbbb-20b8-4497-aa3c-10056e4c6668,1643974709917,13.3915644,52.4728462,5.199825,-0.83270067,3.0075932,-5.6306996,on bike mount,cyclo cross,True,paving stones,good
483ee7a5-1d9c-4e43-b635-efe680ae580a,f1a64cf5-d02d-4325-a0ad-a48e74674cb8,f6a12efd-04c4-4b82-8be3-9e7bd41c4238,1643974709969,13.3915644,52.4728462,5.199825,5.4193835,-3.0190604,-18.02219,on bike mount,cyclo cross,True,paving stones,good
483ee7a5-1d9c-4e43-b635-efe680ae580a,f1a64cf5-d02d-4325-a0ad-a48e74674cb8,8d741de6-2ef8-4889-8859-27660429a33f,1643974710022,13.3915644,52.4728462,5.199825,0.27146292,-1.2456393,-16.095789,on bike mount,cyclo cross,True,paving stones,good
483ee7a5-1d9c-4e43-b635-efe680ae580a,f1a64cf5-d02d-4325-a0ad-a48e74674cb8,b318e6b9-7978-4c11-9415-161268abaa7b,1643974710077,13.3915644,52.4728462,5.199825,-0.7417253,6.1385145,-13.931617,on bike mount,cyclo cross,True,paving stones,good
483ee7a5-1d9c-4e43-b635-efe680ae580a,f1a64cf5-d02d-4325-a0ad-a48e74674cb8,9081ba01-a097-430f-a579-b0273be15ac3,1643974710138,13.3915644,52.4728462,5.199825,0.33683932,7.2887993,-25.639751,on bike mount,cyclo cross,True,paving stones,good
483ee7a5-1d9c-4e43-b635-efe680ae580a,f1a64cf5-d02d-4325-a0ad-a48e74674cb8,5640b054-9143-4ec2-b61d-b4cf174c2b62,1643974710203,13.3915644,52.4728462,5.199825,0.2715603,-2.1250975,5.6005564,on bike mount,cyclo cross,True,paving stones,good
483ee7a5-1d9c-4e43-b635-efe680ae580a,f1a64cf5-d02d-4325-a0ad-a48e74674cb8,730b3622-72f5-4475-a066-10a298156f03,1643974710258,13.3915644,52.4728462,5.199825,-0.7341815,-4.0565286,9.074148,on bike mount,cyclo cross,True,paving stones,good
483ee7a5-1d9c-4e43-b635-efe680ae580a,f1a64cf5-d02d-4325-a0ad-a48e74674cb8,316757d4-0283-440b-a82e-f679485fa2d0,1643974710323,13.3915644,52.4728462,5.199825,0.21119034,-1.8747149,12.457581,on bike mount,cyclo cross,True,paving stones,good
483ee7a5-1d9c-4e43-b635-efe680ae580a,f1a64cf5-d02d-4325-a0ad-a48e74674cb8,c703b5b8-c7a3-4bfe-9185-bc0b73c4a085,1643974710388,13.3915644,52.4728462,5.199825,-3.0567183,6.3845086,-16.211203,on bike mount,cyclo cross,True,paving stones,good
483ee7a5-1d9c-4e43-b635-efe680ae580a,f1a64cf5-d02d-4325-a0ad-a48e74674cb8,37419084-558b-4d28-a705-86e452f6214b,1643974710442,13.3915644,52.4728462,5.199825,-0.6855147,0.53742146,-9.4849205,on bike mount,cyclo cross,True,paving stones,good
483ee7a5-1d9c-4e43-b635-efe680ae580a,f1a64cf5-d02d-4325-a0ad-a48e74674cb8,e66a88da-ea67-4938-87e8-6436b4099c32,1643974710499,13.3914864,52.4728446,5.1436973,-3.0535183,6.0045967,-7.50141,on bike mount,cyclo cross,True,paving stones,good
483ee7a5-1d9c-4e43-b635-efe680ae580a,f1a64cf5-d02d-4325-a0ad-a48e74674cb8,22ad3d86-835e-4c78-938c-094f8b46f882,1643974710556,13.3914864,52.4728446,5.1436973,1.2949688,1.6032796,-2.5797634,on bike mount,cyclo cross,True,paving stones,good
483ee7a5-1d9c-4e43-b635-efe680ae580a,f1a64cf5-d02d-4325-a0ad-a48e74674cb8,69ab212e-f4be-4a01-98d1-3a336b2f60e1,1643974710613,13.3914864,52.4728446,5.1436973,-2.439414,0.6130588,4.498375,on bike mount,cyclo cross,True,paving stones,good
483ee7a5-1d9c-4e43-b635-efe680ae580a,f1a64cf5-d02d-4325-a0ad-a48e74674cb8,c593e52b-9015-495b-822c-4e039ac0f516,1643974710676,13.3914864,52.4728446,5.1436973,-1.1325338,-1.0885143,-1.501832,on bike mount,cyclo cross,True,paving stones,good
483ee7a5-1d9c-4e43-b635-efe680ae580a,f1a64cf5-d02d-4325-a0ad-a48e74674cb8,bed1fe8a-8a45-4d04-bec2-8a5f1ce95ab9,1643974710728,13.3914864,52.4728446,5.1436973,-1.2055625,1.5398779,-0.07092285,on bike mount,cyclo cross,True,paving stones,good
483ee7a5-1d9c-4e43-b635-efe680ae580a,f1a64cf5-d02d-4325-a0ad-a48e74674cb8,dde9ab80-29a0-4261-849d-11d2d0184625,1643974710792,13.3914864,52.4728446,5.1436973,-2.9280734,4.7382913,-13.326269,on bike mount,cyclo cross,True,paving stones,good
483ee7a5-1d9c-4e43-b635-efe680ae580a,f1a64cf5-d02d-4325-a0ad-a48e74674cb8,19065782-fcca-4996-8efa-f6cb2c7fbb5d,1643974710855,13.3914864,52.4728446,5.1436973,-1.5885475,0.6540544,-6.08307,on bike mount,cyclo cross,True,paving stones,good
483ee7a5-1d9c-4e43-b635-efe680ae580a,f1a64cf5-d02d-4325-a0ad-a48e74674cb8,20feff90-c8cc-4de7-b986-a6bd98fb4257,1643974710917,13.3914864,52.4728446,5.1436973,-1.3125393,-0.58976936,0.16254997,on bike mount,cyclo cross,True,paving stones,good
483ee7a5-1d9c-4e43-b635-efe680ae580a,f1a64cf5-d02d-4325-a0ad-a48e74674cb8,f9969edc-d9e9-4e59-a641-d5ab7f1956f0,1643974710977,13.3914864,52.4728446,5.1436973,-1.285614,-0.3078959,-12.97587,on bike mount,cyclo cross,True,paving stones,good
483ee7a5-1d9c-4e43-b635-efe680ae580a,f1a64cf5-d02d-4325-a0ad-a48e74674cb8,748aac93-9292-4dc4-97a3-74cea36797f7,1643974711033,13.3914864,52.4728446,5.1436973,1.9433894,7.195257,-4.7625895,on bike mount,cyclo cross,True,paving stones,good
483ee7a5-1d9c-4e43-b635-efe680ae580a,f1a64cf5-d02d-4325-a0ad-a48e74674cb8,467de382-7ec2-40b7-8183-4117a7b83703,1643974711108,13.3914864,52.4728446,5.1436973,-2.931682,0.0205822,9.481392,on bike mount,cyclo cross,True,paving stones,good
483ee7a5-1d9c-4e43-b635-efe680ae580a,f1a64cf5-d02d-4325-a0ad-a48e74674cb8,ba5bf186-f0ea-443c-b919-1ff4dcd28a3e,1643974711171,13.3914864,52.4728446,5.1436973,-0.62981915,2.363521,-8.565714,on bike mount,cyclo cross,True,paving stones,good
483ee7a5-1d9c-4e43-b635-efe680ae580a,f1a64cf5-d02d-4325-a0ad-a48e74674cb8,57faa7f5-ffdd-482b-9fa0-eb92907a091e,1643974711233,13.3914864,52.4728446,5.1436973,-1.1463958,1.4282837,3.090022,on bike mount,cyclo cross,True,paving stones,good
483ee7a5-1d9c-4e43-b635-efe680ae580a,f1a64cf5-d02d-4325-a0ad-a48e74674cb8,d8c65433-7db9-4e45-a6b9-c90a2c1c1bec,1643974711310,13.3914864,52.4728446,5.1436973,4.737829,-1.775017,-6.2724967,on bike mount,cyclo cross,True,paving stones,good
483ee7a5-1d9c-4e43-b635-efe680ae580a,f1a64cf5-d02d-4325-a0ad-a48e74674cb8,1969f734-153d-4b28-adbd-4ad8d3f3fb5e,1643974711363,13.3914864,52.4728446,5.1436973,-0.6594376,1.0175264,-8.452955,on bike mount,cyclo cross,True,paving stones,good
483ee7a5-1d9c-4e43-b635-efe680ae580a,f1a64cf5-d02d-4325-a0ad-a48e74674cb8,86d4479f-5ab2-46fc-b31f-49999afecb19,1643974711434,13.3914864,52.4728446,5.1436973,-0.54524696,0.71432877,2.0549479,on bike mount,cyclo cross,True,paving stones,good
483ee7a5-1d9c-4e43-b635-efe680ae580a,f1a64cf5-d02d-4325-a0ad-a48e74674cb8,41ad2f99-38d0-4ae2-abfa-0050a52c926d,1643974711502,13.3914153,52.472843,4.9725738,-2.7397401,1.2424371,-1.6117163,on bike mount,cyclo cross,True,paving stones,good
483ee7a5-1d9c-4e43-b635-efe680ae580a,f1a64cf5-d02d-4325-a0ad-a48e74674cb8,49452272-759c-47f9-95a8-dc9a5464b7b5,1643974711560,13.3914153,52.472843,4.9725738,-3.3767834,2.0853562,-5.767375,on bike mount,cyclo cross,True,paving stones,good
483ee7a5-1d9c-4e43-b635-efe680ae580a,f1a64cf5-d02d-4325-a0ad-a48e74674cb8,11f94f90-dc69-4da7-a52a-4e1a70736c68,1643974711622,13.3914153,52.472843,4.9725738,-0.25577384,1.0347183,-6.6176004,on bike mount,cyclo cross,True,paving stones,good
483ee7a5-1d9c-4e43-b635-efe680ae580a,f1a64cf5-d02d-4325-a0ad-a48e74674cb8,777596b5-c268-4b67-85f2-88e85b51b23e,1643974711677,13.3914153,52.472843,4.9725738,-1.4277153,0.8240857,4.0814295,on bike mount,cyclo cross,True,paving stones,good
483ee7a5-1d9c-4e43-b635-efe680ae580a,f1a64cf5-d02d-4325-a0ad-a48e74674cb8,88fb47c7-b133-4b61-b870-ac9bde80fa79,1643974711727,13.3914153,52.472843,4.9725738,-0.7902154,1.2386832,-4.90052,on bike mount,cyclo cross,True,paving stones,good
483ee7a5-1d9c-4e43-b635-efe680ae580a,f1a64cf5-d02d-4325-a0ad-a48e74674cb8,cef88a5c-3a4b-4f40-ab0f-54ca93ad472c,1643974711792,13.3914153,52.472843,4.9725738,1.5175399,-6.581526,-0.17751455,on bike mount,cyclo cross,True,paving stones,good
483ee7a5-1d9c-4e43-b635-efe680ae580a,f1a64cf5-d02d-4325-a0ad-a48e74674cb8,9aba46bb-3ec6-421c-a5e1-c8c2a40d3742,1643974711846,13.3914153,52.472843,4.9725738,-0.45151734,-0.18631506,1.6722755,on bike mount,cyclo cross,True,paving stones,good
483ee7a5-1d9c-4e43-b635-efe680ae580a,f1a64cf5-d02d-4325-a0ad-a48e74674cb8,6a4dc1ca-2fbb-42f0-ac46-d4c811369efa,1643974711911,13.3914153,52.472843,4.9725738,-2.0609505,1.8548563,-5.4789176,on bike mount,cyclo cross,True,paving stones,good
483ee7a5-1d9c-4e43-b635-efe680ae580a,f1a64cf5-d02d-4325-a0ad-a48e74674cb8,64c62c95-8f4a-499d-9e37-ace09106d860,1643974711964,13.3914153,52.472843,4.9725738,-1.403975,-0.9972415,3.454585,on bike mount,cyclo cross,True,paving stones,good
483ee7a5-1d9c-4e43-b635-efe680ae580a,f1a64cf5-d02d-4325-a0ad-a48e74674cb8,60135f12-321a-49d5-a9ba-851553754758,1643974712038,13.3914153,52.472843,4.9725738,-3.0091991,3.9859776,-7.589543,on bike mount,cyclo cross,True,paving stones,good
483ee7a5-1d9c-4e43-b635-efe680ae580a,f1a64cf5-d02d-4325-a0ad-a48e74674cb8,40af6826-e2b6-4809-8ced-ed45b8e95087,1643974712091,13.3914153,52.472843,4.9725738,-0.48848987,-0.052452087,4.1642647,on bike mount,cyclo cross,True,paving stones,good
483ee7a5-1d9c-4e43-b635-efe680ae580a,f1a64cf5-d02d-4325-a0ad-a48e74674cb8,be5e66aa-a9ef-4904-88e7-a0ae600f38da,1643974712146,13.3914153,52.472843,4.9725738,0.7950859,0.5884106,1.6973267,on bike mount,cyclo cross,True,paving stones,good
483ee7a5-1d9c-4e43-b635-efe680ae580a,f1a64cf5-d02d-4325-a0ad-a48e74674cb8,01cddafa-1518-4847-a556-5573bc9f2ff6,1643974712196,13.3914153,52.472843,4.9725738,-1.7503301,3.667767,-7.4372315,on bike mount,cyclo cross,True,paving stones,good
483ee7a5-1d9c-4e43-b635-efe680ae580a,f1a64cf5-d02d-4325-a0ad-a48e74674cb8,65f89f6a-2588-485d-a8e8-80bed12f880a,1643974712258,13.3914153,52.472843,4.9725738,-0.9710118,4.1576347,-7.5285645,on bike mount,cyclo cross,True,paving stones,good
483ee7a5-1d9c-4e43-b635-efe680ae580a,f1a64cf5-d02d-4325-a0ad-a48e74674cb8,0deaf51d-4c21-44f5-a3b0-f3bf7dc6e0a2,1643974712316,13.3914153,52.472843,4.9725738,1.1674188,-0.9302565,4.809661,on bike mount,cyclo cross,True,paving stones,good
483ee7a5-1d9c-4e43-b635-efe680ae580a,f1a64cf5-d02d-4325-a0ad-a48e74674cb8,d2ccd072-d0d9-4fbb-b06d-fbf394ffba1b,1643974712382,13.3914153,52.472843,4.9725738,1.2628336,1.4021287,-4.730135,on bike mount,cyclo cross,True,paving stones,good
483ee7a5-1d9c-4e43-b635-efe680ae580a,f1a64cf5-d02d-4325-a0ad-a48e74674cb8,6dd9df99-de0e-40d6-8969-c24bc391936e,1643974712446,13.3914153,52.472843,4.9725738,-0.41443008,2.5928044,-1.2908697,on bike mount,cyclo cross,True,paving stones,good
483ee7a5-1d9c-4e43-b635-efe680ae580a,f1a64cf5-d02d-4325-a0ad-a48e74674cb8,9bfd7c94-a94c-4edf-af4a-80fad236cfd5,1643974712506,13.3913587,52.4728417,4.7546926,1.2618265,-1.3689642,1.7939329,on bike mount,cyclo cross,True,paving stones,good
483ee7a5-1d9c-4e43-b635-efe680ae580a,f1a64cf5-d02d-4325-a0ad-a48e74674cb8,412af543-ea16-4aed-abd4-5eb18b3afcc3,1643974712574,13.3913587,52.4728417,4.7546926,2.323172,-1.6139569,3.913169,on bike mount,cyclo cross,True,paving stones,good
483ee7a5-1d9c-4e43-b635-efe680ae580a,f1a64cf5-d02d-4325-a0ad-a48e74674cb8,3411ee84-7b8c-4755-bdea-a38c65086df8,1643974712631,13.3913587,52.4728417,4.7546926,-1.5609715,-4.3170185,5.4376507,on bike mount,cyclo cross,True,paving stones,good
483ee7a5-1d9c-4e43-b635-efe680ae580a,f1a64cf5-d02d-4325-a0ad-a48e74674cb8,b4491032-83ee-4b6a-bdf2-7a283343ab6d,1643974712683,13.3913587,52.4728417,4.7546926,0.5782219,3.5070882,-3.4302568,on bike mount,cyclo cross,True,paving stones,good
483ee7a5-1d9c-4e43-b635-efe680ae580a,f1a64cf5-d02d-4325-a0ad-a48e74674cb8,0b849b0d-49c3-4e41-a817-1a729253008a,1643974712743,13.3913587,52.4728417,4.7546926,1.2894249,4.0255823,3.4027843,on bike mount,cyclo cross,True,paving stones,good
483ee7a5-1d9c-4e43-b635-efe680ae580a,f1a64cf5-d02d-4325-a0ad-a48e74674cb8,b7c06762-94ec-4430-a9ef-f5d7d509df25,1643974712796,13.3913587,52.4728417,4.7546926,-1.1727517,0.73194766,-2.3391948,on bike mount,cyclo cross,True,paving stones,good
483ee7a5-1d9c-4e43-b635-efe680ae580a,f1a64cf5-d02d-4325-a0ad-a48e74674cb8,27a4b1d4-cd5d-42ef-956d-aab89fbca46d,1643974712853,13.3913587,52.4728417,4.7546926,-3.9854765,-0.38715625,4.2222357,on bike mount,cyclo cross,True,paving stones,good
483ee7a5-1d9c-4e43-b635-efe680ae580a,f1a64cf5-d02d-4325-a0ad-a48e74674cb8,3c5fc265-b75c-46e2-85c1-910d2a08da4e,1643974712919,13.3913587,52.4728417,4.7546926,-2.1065905,2.2971387,-2.98497,on bike mount,cyclo cross,True,paving stones,good
483ee7a5-1d9c-4e43-b635-efe680ae580a,f1a64cf5-d02d-4325-a0ad-a48e74674cb8,0334aa18-709f-4600-afa8-e7f4c4e3a899,1643974712994,13.3913587,52.4728417,4.7546926,0.64384127,-2.1788986,8.9423065,on bike mount,cyclo cross,True,paving stones,good
483ee7a5-1d9c-4e43-b635-efe680ae580a,f1a64cf5-d02d-4325-a0ad-a48e74674cb8,23f68a0d-d370-4bd1-a724-0a0f82e680bf,1643974713048,13.3913587,52.4728417,4.7546926,-4.124835,2.808743,-0.51371384,on bike mount,cyclo cross,True,paving stones,good
483ee7a5-1d9c-4e43-b635-efe680ae580a,f1a64cf5-d02d-4325-a0ad-a48e74674cb8,d6289c16-2853-41c9-bb83-10d9b54d596b,1643974713108,13.3913587,52.4728417,4.7546926,-2.6732712,0.59364843,-9.04566,on bike mount,cyclo cross,True,paving stones,good
483ee7a5-1d9c-4e43-b635-efe680ae580a,f1a64cf5-d02d-4325-a0ad-a48e74674cb8,d262fb68-0aa0-49bd-b5e7-93922fe20933,1643974713176,13.3913587,52.4728417,4.7546926,-0.4558553,-0.7075536,-2.3698826,on bike mount,cyclo cross,True,paving stones,good
483ee7a5-1d9c-4e43-b635-efe680ae580a,f1a64cf5-d02d-4325-a0ad-a48e74674cb8,37b5125c-98ba-49b4-92a6-c9380164fcc3,1643974713236,13.3913587,52.4728417,4.7546926,-0.11770272,-1.1567959,9.735462,on bike mount,cyclo cross,True,paving stones,good
483ee7a5-1d9c-4e43-b635-efe680ae580a,f1a64cf5-d02d-4325-a0ad-a48e74674cb8,f53406b7-4a6a-4b90-9b20-5d969c1f9569,1643974713303,13.3913587,52.4728417,4.7546926,0.15965295,0.027400255,-9.264056,on bike mount,cyclo cross,True,paving stones,good
483ee7a5-1d9c-4e43-b635-efe680ae580a,f1a64cf5-d02d-4325-a0ad-a48e74674cb8,c7ec62ed-e62f-49df-8667-f89321f80037,1643974713365,13.3913587,52.4728417,4.7546926,-1.4366487,-0.9498621,-1.53582,on bike mount,cyclo cross,True,paving stones,good
483ee7a5-1d9c-4e43-b635-efe680ae580a,f1a64cf5-d02d-4325-a0ad-a48e74674cb8,2cc23d87-83d4-494a-9eb2-5a602471894d,1643974713416,13.3913587,52.4728417,4.7546926,0.7379315,0.3296466,6.4675894,on bike mount,cyclo cross,True,paving stones,good
483ee7a5-1d9c-4e43-b635-efe680ae580a,f1a64cf5-d02d-4325-a0ad-a48e74674cb8,2de2d78e-9a39-4aea-a14f-e67210831e5a,1643974713469,13.3912927,52.4728405,4.6610813,1.3439934,1.2422328,-1.5809431,on bike mount,cyclo cross,True,paving stones,good
483ee7a5-1d9c-4e43-b635-efe680ae580a,f1a64cf5-d02d-4325-a0ad-a48e74674cb8,d59534b1-4bd4-43b9-904d-f6a11c4a1ad9,1643974713540,13.3912927,52.4728405,4.6610813,-0.8408792,-5.270551,4.537465,on bike mount,cyclo cross,True,paving stones,good
483ee7a5-1d9c-4e43-b635-efe680ae580a,f1a64cf5-d02d-4325-a0ad-a48e74674cb8,fce25029-86e0-4036-99db-ecfae3e8bfbc,1643974713599,13.3912927,52.4728405,4.6610813,-0.31279004,-1.8339423,-8.128593,on bike mount,cyclo cross,True,paving stones,good
483ee7a5-1d9c-4e43-b635-efe680ae580a,f1a64cf5-d02d-4325-a0ad-a48e74674cb8,588954b3-1aba-4eab-aefc-6e7be9606fde,1643974713654,13.3912927,52.4728405,4.6610813,-0.16397405,-2.1540685,-1.8073616,on bike mount,cyclo cross,True,paving stones,good
483ee7a5-1d9c-4e43-b635-efe680ae580a,f1a64cf5-d02d-4325-a0ad-a48e74674cb8,454166e1-caa8-4861-8cb8-f38b54de80ad,1643974713711,13.3912927,52.4728405,4.6610813,-0.19758016,1.6554089,-6.377719,on bike mount,cyclo cross,True,paving stones,good
483ee7a5-1d9c-4e43-b635-efe680ae580a,f1a64cf5-d02d-4325-a0ad-a48e74674cb8,ac95ec97-72a9-4a4d-b0a6-342c52a2eca5,1643974713763,13.3912927,52.4728405,4.6610813,-0.24221167,1.1817617,-0.219131,on bike mount,cyclo cross,True,paving stones,good
483ee7a5-1d9c-4e43-b635-efe680ae580a,f1a64cf5-d02d-4325-a0ad-a48e74674cb8,5f96e57e-3aa2-4461-a12c-3a60bdfc9b8f,1643974713826,13.3912927,52.4728405,4.6610813,-1.2673101,0.42944145,-7.374261,on bike mount,cyclo cross,True,paving stones,good
483ee7a5-1d9c-4e43-b635-efe680ae580a,f1a64cf5-d02d-4325-a0ad-a48e74674cb8,9dd5b72b-fff5-46c0-b9e8-11e276b35383,1643974713896,13.3912927,52.4728405,4.6610813,0.0399338,7.5402093,-9.293826,on bike mount,cyclo cross,True,paving stones,good
483ee7a5-1d9c-4e43-b635-efe680ae580a,f1a64cf5-d02d-4325-a0ad-a48e74674cb8,63775b43-b36c-40ba-8df3-000277962cc1,1643974713950,13.3912927,52.4728405,4.6610813,-0.3166113,0.569314,-2.7102442,on bike mount,cyclo cross,True,paving stones,good
483ee7a5-1d9c-4e43-b635-efe680ae580a,f1a64cf5-d02d-4325-a0ad-a48e74674cb8,52704696-e51e-4957-a7de-e623215b3612,1643974714001,13.3912927,52.4728405,4.6610813,0.17408895,-2.26793,4.342123,on bike mount,cyclo cross,True,paving stones,good
483ee7a5-1d9c-4e43-b635-efe680ae580a,f1a64cf5-d02d-4325-a0ad-a48e74674cb8,9475f820-da7d-4788-bcd8-97c8f972b84e,1643974714066,13.3912927,52.4728405,4.6610813,4.7769203,1.8748727,-2.9552665,on bike mount,cyclo cross,True,paving stones,good
483ee7a5-1d9c-4e43-b635-efe680ae580a,f1a64cf5-d02d-4325-a0ad-a48e74674cb8,22c2b7ee-fb6c-4d74-977c-0ae58934f89e,1643974714128,13.3912927,52.4728405,4.6610813,9.977798,11.500524,1.5946331,on bike mount,cyclo cross,True,paving stones,good
483ee7a5-1d9c-4e43-b635-efe680ae580a,f1a64cf5-d02d-4325-a0ad-a48e74674cb8,b9b0270c-4d7f-4b9c-9f9f-b0f8736caebf,1643974714184,13.3912927,52.4728405,4.6610813,-5.098901,1.3730302,-6.876889,on bike mount,cyclo cross,True,paving stones,good
483ee7a5-1d9c-4e43-b635-efe680ae580a,f1a64cf5-d02d-4325-a0ad-a48e74674cb8,7aefa913-2971-486d-a52c-5a23a23a1226,1643974714243,13.3912927,52.4728405,4.6610813,3.7048635,3.982537,6.9749203,on bike mount,cyclo cross,True,paving stones,good
483ee7a5-1d9c-4e43-b635-efe680ae580a,f1a64cf5-d02d-4325-a0ad-a48e74674cb8,3f2922d8-7f66-46d4-bf8f-0b8daae9f5bb,1643974714297,13.3912927,52.4728405,4.6610813,0.012230456,0.6581259,3.3694239,on bike mount,cyclo cross,True,paving stones,good
483ee7a5-1d9c-4e43-b635-efe680ae580a,f1a64cf5-d02d-4325-a0ad-a48e74674cb8,435869b3-d884-419e-bed3-c19998f00921,1643974714362,13.3912927,52.4728405,4.6610813,-1.2589657,-4.466119,9.725536,on bike mount,cyclo cross,True,paving stones,good
483ee7a5-1d9c-4e43-b635-efe680ae580a,f1a64cf5-d02d-4325-a0ad-a48e74674cb8,9f4b86b7-e997-4f38-947a-c328dccda46c,1643974714431,13.3912927,52.4728405,4.6610813,-2.0010777,5.8862042,-5.6524653,on bike mount,cyclo cross,True,paving stones,good
483ee7a5-1d9c-4e43-b635-efe680ae580a,f1a64cf5-d02d-4325-a0ad-a48e74674cb8,7f06d68a-ce47-4f38-a110-991dbeaa650a,1643974714495,13.3912273,52.4728394,4.5812354,0.34362555,-1.7195474,-4.4087353,on bike mount,cyclo cross,True,paving stones,good
483ee7a5-1d9c-4e43-b635-efe680ae580a,f1a64cf5-d02d-4325-a0ad-a48e74674cb8,85e75b4d-a0ee-492f-827c-689f6d624d65,1643974714566,13.3912273,52.4728394,4.5812354,-1.9239291,-2.2339787,7.333639,on bike mount,cyclo cross,True,paving stones,good
483ee7a5-1d9c-4e43-b635-efe680ae580a,f1a64cf5-d02d-4325-a0ad-a48e74674cb8,12584ac3-e5f1-493f-9b13-fa0bb9c697fa,1643974714622,13.3912273,52.4728394,4.5812354,-1.8806522,4.4735413,-4.817049,on bike mount,cyclo cross,True,paving stones,good
483ee7a5-1d9c-4e43-b635-efe680ae580a,f1a64cf5-d02d-4325-a0ad-a48e74674cb8,7a7694b4-18fa-4a0e-8032-d57e61065a9e,1643974714678,13.3912273,52.4728394,4.5812354,-0.45995665,-1.6706288,2.0796022,on bike mount,cyclo cross,True,paving stones,good
483ee7a5-1d9c-4e43-b635-efe680ae580a,f1a64cf5-d02d-4325-a0ad-a48e74674cb8,0340b70e-ca85-4902-abfb-91478bf0a00b,1643974714736,13.3912273,52.4728394,4.5812354,0.24069715,-2.314149,-0.5587926,on bike mount,cyclo cross,True,paving stones,good
483ee7a5-1d9c-4e43-b635-efe680ae580a,f1a64cf5-d02d-4325-a0ad-a48e74674cb8,e83e59e5-da04-43de-9086-fd48277c1856,1643974714803,13.3912273,52.4728394,4.5812354,-0.7249815,4.911424,-3.8194666,on bike mount,cyclo cross,True,paving stones,good
483ee7a5-1d9c-4e43-b635-efe680ae580a,f1a64cf5-d02d-4325-a0ad-a48e74674cb8,fd4728fd-76e7-41f9-a522-df25fb3f55e5,1643974714880,13.3912273,52.4728394,4.5812354,1.2941487,0.16530061,6.6829166,on bike mount,cyclo cross,True,paving stones,good
