bike_activity_uid,bike_activity_sample_uid,bike_activity_measurement,bike_activity_measurement_timestamp,bike_activity_measurement_lon,bike_activity_measurement_lat,bike_activity_measurement_speed,bike_activity_measurement_accelerometer_x,bike_activity_measurement_accelerometer_y,bike_activity_measurement_accelerometer_z,bike_activity_phone_position,bike_activity_bike_type,bike_activity_flagged_lab_conditions,bike_activity_surface_type,bike_activity_smoothness_type
5498723f-e9db-4ceb-87f2-261fce45fb13,51b403b6-dea3-4208-9550-60b6bd5073f6,b5deeed2-f6fc-4e81-bfde-c77c54b2ff3a,1633153387280,13.4270966,52.4965328,7.2065167,-1.7526118,-4.598423,3.2521152,on bike mount,cyclo cross,True,sett,intermediate
5498723f-e9db-4ceb-87f2-261fce45fb13,51b403b6-dea3-4208-9550-60b6bd5073f6,808ada9c-6d09-40b6-96a3-26e8424a4b37,1633153387346,13.4270966,52.4965328,7.2065167,0.9977934,-7.577507,5.0104084,on bike mount,cyclo cross,True,sett,intermediate
5498723f-e9db-4ceb-87f2-261fce45fb13,51b403b6-dea3-4208-9550-60b6bd5073f6,6ff66bd8-eb9d-455f-8c6b-de9870850e4e,1633153387414,13.4270966,52.4965328,7.2065167,1.3478131,9.3291645,3.2898474,on bike mount,cyclo cross,True,sett,intermediate
5498723f-e9db-4ceb-87f2-261fce45fb13,51b403b6-dea3-4208-9550-60b6bd5073f6,bc28cb4b-4d3a-48c3-a617-7e451bf71daa,1633153387480,13.4270966,52.4965328,7.2065167,0.7841316,-6.330123,5.900831,on bike mount,cyclo cross,True,sett,intermediate
5498723f-e9db-4ceb-87f2-261fce45fb13,51b403b6-dea3-4208-9550-60b6bd5073f6,b0ca98a9-ba66-4e70-8607-336ac7943e2f,1633153387548,13.4270966,52.4965328,7.2065167,-2.3307178,-2.3776586,6.746457,on bike mount,cyclo cross,True,sett,intermediate
5498723f-e9db-4ceb-87f2-261fce45fb13,51b403b6-dea3-4208-9550-60b6bd5073f6,d5e4b495-b095-446e-91dc-29ec4f7ea7c7,1633153387613,13.4270966,52.4965328,7.2065167,1.9126945,-9.856227,-0.41997623,on bike mount,cyclo cross,True,sett,intermediate
5498723f-e9db-4ceb-87f2-261fce45fb13,51b403b6-dea3-4208-9550-60b6bd5073f6,5bac2ade-1669-4b46-9349-74ddbaa6821f,1633153387678,13.4271919,52.4965106,7.5458026,0.5470828,4.9633675,4.298479,on bike mount,cyclo cross,True,sett,intermediate
5498723f-e9db-4ceb-87f2-261fce45fb13,51b403b6-dea3-4208-9550-60b6bd5073f6,c39b27dc-5774-4c7f-b2b9-ee753412d0ec,1633153387748,13.4271919,52.4965106,7.5458026,-0.34104958,-9.180094,2.6502638,on bike mount,cyclo cross,True,sett,intermediate
5498723f-e9db-4ceb-87f2-261fce45fb13,51b403b6-dea3-4208-9550-60b6bd5073f6,4d61d0c8-038e-4482-8f9d-18cfbec7d0cd,1633153387813,13.4271919,52.4965106,7.5458026,0.26886168,0.05537033,-2.1443915,on bike mount,cyclo cross,True,sett,intermediate
5498723f-e9db-4ceb-87f2-261fce45fb13,51b403b6-dea3-4208-9550-60b6bd5073f6,f69617e6-b77c-4e0d-947a-ad95efda3538,1633153387881,13.4271919,52.4965106,7.5458026,3.7743323,-22.774412,-0.7280712,on bike mount,cyclo cross,True,sett,intermediate
5498723f-e9db-4ceb-87f2-261fce45fb13,51b403b6-dea3-4208-9550-60b6bd5073f6,656df922-f802-4ffe-ada9-e72549c6e08e,1633153387948,13.4271919,52.4965106,7.5458026,-1.4297475,-1.2550449,2.205711,on bike mount,cyclo cross,True,sett,intermediate
5498723f-e9db-4ceb-87f2-261fce45fb13,51b403b6-dea3-4208-9550-60b6bd5073f6,4817a422-c0a7-4bd6-8ef6-49b514f9747f,1633153388014,13.4271919,52.4965106,7.5458026,-0.5798404,7.6839905,-22.27125,on bike mount,cyclo cross,True,sett,intermediate
5498723f-e9db-4ceb-87f2-261fce45fb13,51b403b6-dea3-4208-9550-60b6bd5073f6,faec0905-ecc0-444a-a79b-cd9eb335da89,1633153388082,13.4271919,52.4965106,7.5458026,0.52738196,4.2287173,4.1523113,on bike mount,cyclo cross,True,sett,intermediate
5498723f-e9db-4ceb-87f2-261fce45fb13,51b403b6-dea3-4208-9550-60b6bd5073f6,2d4e5bb0-1fb1-4111-8073-7c003d86a0fa,1633153388148,13.4271919,52.4965106,7.5458026,3.270315,-5.7153563,-3.710676,on bike mount,cyclo cross,True,sett,intermediate
5498723f-e9db-4ceb-87f2-261fce45fb13,51b403b6-dea3-4208-9550-60b6bd5073f6,284c44ed-b449-4ea8-9ccb-ae51e65dd306,1633153388215,13.4271919,52.4965106,7.5458026,-0.1389806,25.894983,-9.625421,on bike mount,cyclo cross,True,sett,intermediate
5498723f-e9db-4ceb-87f2-261fce45fb13,51b403b6-dea3-4208-9550-60b6bd5073f6,216a80da-8e92-4537-a092-3f829399a329,1633153388331,13.4271919,52.4965106,7.5458026,-0.122014984,11.082246,-7.6929326,on bike mount,cyclo cross,True,sett,intermediate
5498723f-e9db-4ceb-87f2-261fce45fb13,51b403b6-dea3-4208-9550-60b6bd5073f6,82095f17-c616-446d-8a88-4afbe350959a,1633153388389,13.4271919,52.4965106,7.5458026,-5.5810394,-3.0180602,-9.986807,on bike mount,cyclo cross,True,sett,intermediate
5498723f-e9db-4ceb-87f2-261fce45fb13,51b403b6-dea3-4208-9550-60b6bd5073f6,540de86a-6cdf-4a92-952d-33189e5791f0,1633153388456,13.4271919,52.4965106,7.5458026,0.7797886,3.9308777,1.2031546,on bike mount,cyclo cross,True,sett,intermediate
5498723f-e9db-4ceb-87f2-261fce45fb13,51b403b6-dea3-4208-9550-60b6bd5073f6,03fec19c-2096-44b2-af88-03f326629326,1633153388523,13.4271919,52.4965106,7.5458026,1.0180874,3.6535435,9.913719,on bike mount,cyclo cross,True,sett,intermediate
5498723f-e9db-4ceb-87f2-261fce45fb13,51b403b6-dea3-4208-9550-60b6bd5073f6,fbedecb4-375d-46c3-9303-88e42b2de542,1633153388589,13.4271919,52.4965106,7.5458026,2.695885,-7.331421,-6.4270153,on bike mount,cyclo cross,True,sett,intermediate
5498723f-e9db-4ceb-87f2-261fce45fb13,51b403b6-dea3-4208-9550-60b6bd5073f6,f2b434e5-84bb-456e-9521-2a52da716c07,1633153388656,13.4272913,52.4964855,7.680607,-2.0461507,-6.668907,12.1039715,on bike mount,cyclo cross,True,sett,intermediate
5498723f-e9db-4ceb-87f2-261fce45fb13,51b403b6-dea3-4208-9550-60b6bd5073f6,3a5525bc-bdd8-4af2-9e86-d1fb91898309,1633153388723,13.4272913,52.4964855,7.680607,-2.1146917,3.520132,-23.123064,on bike mount,cyclo cross,True,sett,intermediate
5498723f-e9db-4ceb-87f2-261fce45fb13,51b403b6-dea3-4208-9550-60b6bd5073f6,2e3f54e5-2f72-49f1-a13c-09c424833a92,1633153388790,13.4272913,52.4964855,7.680607,-1.1397419,14.153181,11.4460535,on bike mount,cyclo cross,True,sett,intermediate
5498723f-e9db-4ceb-87f2-261fce45fb13,51b403b6-dea3-4208-9550-60b6bd5073f6,2a45e77c-e9c9-4784-870c-721fd5f2244c,1633153388840,13.4272913,52.4964855,7.680607,-0.03767705,17.484907,-4.6548924,on bike mount,cyclo cross,True,sett,intermediate
5498723f-e9db-4ceb-87f2-261fce45fb13,51b403b6-dea3-4208-9550-60b6bd5073f6,ce7fd7ac-11a2-4306-95c9-9a6811f8a390,1633153388890,13.4272913,52.4964855,7.680607,2.5716846,3.5931654,-8.817524,on bike mount,cyclo cross,True,sett,intermediate
5498723f-e9db-4ceb-87f2-261fce45fb13,51b403b6-dea3-4208-9550-60b6bd5073f6,f4294272-bdb6-42e1-a1c9-b465d4ea1590,1633153388940,13.4272913,52.4964855,7.680607,0.36219153,-21.786955,11.53555,on bike mount,cyclo cross,True,sett,intermediate
5498723f-e9db-4ceb-87f2-261fce45fb13,51b403b6-dea3-4208-9550-60b6bd5073f6,1867434b-2ae1-4353-8329-ad45bedd3fa1,1633153389006,13.4272913,52.4964855,7.680607,-1.5179081,10.188684,-17.147957,on bike mount,cyclo cross,True,sett,intermediate
5498723f-e9db-4ceb-87f2-261fce45fb13,51b403b6-dea3-4208-9550-60b6bd5073f6,c94f5601-04fd-4cf8-8e3f-a2c9fdb45c72,1633153389057,13.4272913,52.4964855,7.680607,-1.0512097,-7.7491703,-5.1688004,on bike mount,cyclo cross,True,sett,intermediate
5498723f-e9db-4ceb-87f2-261fce45fb13,51b403b6-dea3-4208-9550-60b6bd5073f6,1bc15e1a-3c6d-4b85-bfff-3972067ad705,1633153389123,13.4272913,52.4964855,7.680607,-0.16437535,27.654968,11.042782,on bike mount,cyclo cross,True,sett,intermediate
5498723f-e9db-4ceb-87f2-261fce45fb13,51b403b6-dea3-4208-9550-60b6bd5073f6,0fba9856-882c-45d3-af6b-fcc1407583fe,1633153389190,13.4272913,52.4964855,7.680607,7.0216093,2.6715264,-43.34272,on bike mount,cyclo cross,True,sett,intermediate
5498723f-e9db-4ceb-87f2-261fce45fb13,51b403b6-dea3-4208-9550-60b6bd5073f6,619e1232-704c-4c60-93cd-7284515f61c4,1633153389257,13.4272913,52.4964855,7.680607,-0.5740297,-22.88998,17.497524,on bike mount,cyclo cross,True,sett,intermediate
5498723f-e9db-4ceb-87f2-261fce45fb13,51b403b6-dea3-4208-9550-60b6bd5073f6,6db56f22-d85e-408d-bff7-be1dc6598a04,1633153389324,13.4272913,52.4964855,7.680607,2.007114,-12.507132,-21.234774,on bike mount,cyclo cross,True,sett,intermediate
5498723f-e9db-4ceb-87f2-261fce45fb13,51b403b6-dea3-4208-9550-60b6bd5073f6,ad43e887-239c-40ab-923d-9634ab9c6034,1633153389374,13.4272913,52.4964855,7.680607,-5.660796,-9.087291,5.080633,on bike mount,cyclo cross,True,sett,intermediate
5498723f-e9db-4ceb-87f2-261fce45fb13,51b403b6-dea3-4208-9550-60b6bd5073f6,b4cff035-f3b9-484e-99a0-bd67cdc2c414,1633153389441,13.4272913,52.4964855,7.680607,6.300934,16.564453,-16.252022,on bike mount,cyclo cross,True,sett,intermediate
5498723f-e9db-4ceb-87f2-261fce45fb13,51b403b6-dea3-4208-9550-60b6bd5073f6,a5197eef-e5c4-4800-8cab-db53c5aae79d,1633153389491,13.4272913,52.4964855,7.680607,8.609434,33.96001,-10.772116,on bike mount,cyclo cross,True,sett,intermediate
5498723f-e9db-4ceb-87f2-261fce45fb13,51b403b6-dea3-4208-9550-60b6bd5073f6,e698674a-7c17-406f-937c-9e4beaea738a,1633153389558,13.4272913,52.4964855,7.680607,3.5735536,58.09307,-15.689272,on bike mount,cyclo cross,True,sett,intermediate
5498723f-e9db-4ceb-87f2-261fce45fb13,51b403b6-dea3-4208-9550-60b6bd5073f6,6e915c27-7382-43eb-8fb6-7ffa6173fc38,1633153389624,13.4273964,52.4964611,7.636365,3.033266,-15.217708,-18.106318,on bike mount,cyclo cross,True,sett,intermediate
5498723f-e9db-4ceb-87f2-261fce45fb13,51b403b6-dea3-4208-9550-60b6bd5073f6,23d91e25-cde5-4cb0-a593-e091aed8875a,1633153389690,13.4273964,52.4964611,7.636365,4.14741,16.012035,18.475307,on bike mount,cyclo cross,True,sett,intermediate
5498723f-e9db-4ceb-87f2-261fce45fb13,51b403b6-dea3-4208-9550-60b6bd5073f6,b2084693-7b92-4c63-aea9-9e2c2ed809df,1633153389741,13.4273964,52.4964611,7.636365,-2.0669236,7.1541033,-11.558575,on bike mount,cyclo cross,True,sett,intermediate
5498723f-e9db-4ceb-87f2-261fce45fb13,51b403b6-dea3-4208-9550-60b6bd5073f6,c0899bd0-30f4-4eb0-96ce-1ba2ead6f4b0,1633153389808,13.4273964,52.4964611,7.636365,2.0049684,3.1554937,-0.64341927,on bike mount,cyclo cross,True,sett,intermediate
5498723f-e9db-4ceb-87f2-261fce45fb13,51b403b6-dea3-4208-9550-60b6bd5073f6,f0d2bd90-1e48-481c-a235-efb1f6b4ec67,1633153389858,13.4273964,52.4964611,7.636365,1.0308421,-3.1043174,-21.827751,on bike mount,cyclo cross,True,sett,intermediate
5498723f-e9db-4ceb-87f2-261fce45fb13,51b403b6-dea3-4208-9550-60b6bd5073f6,385e1d47-60a8-4a67-8a84-342fa1e4423d,1633153389925,13.4273964,52.4964611,7.636365,-3.8510647,-34.89077,-7.3356786,on bike mount,cyclo cross,True,sett,intermediate
5498723f-e9db-4ceb-87f2-261fce45fb13,51b403b6-dea3-4208-9550-60b6bd5073f6,8316d0af-7482-46cb-909d-920c4f8eb7c9,1633153389975,13.4273964,52.4964611,7.636365,-0.16418436,10.087004,-21.793257,on bike mount,cyclo cross,True,sett,intermediate
5498723f-e9db-4ceb-87f2-261fce45fb13,51b403b6-dea3-4208-9550-60b6bd5073f6,be64e1ff-66ea-4bf8-b8d7-fe0e23d4e91c,1633153390042,13.4273964,52.4964611,7.636365,0.89060915,-8.521987,7.8427134,on bike mount,cyclo cross,True,sett,intermediate
5498723f-e9db-4ceb-87f2-261fce45fb13,51b403b6-dea3-4208-9550-60b6bd5073f6,6d8035d5-3989-483e-92f8-fb4a89599ef2,1633153390108,13.4273964,52.4964611,7.636365,-4.0110807,2.396984,14.341515,on bike mount,cyclo cross,True,sett,intermediate
5498723f-e9db-4ceb-87f2-261fce45fb13,51b403b6-dea3-4208-9550-60b6bd5073f6,7c07861e-8b04-47d3-8e92-5a4a49842ff1,1633153390175,13.4273964,52.4964611,7.636365,6.7840853,-4.5147777,-15.835278,on bike mount,cyclo cross,True,sett,intermediate
5498723f-e9db-4ceb-87f2-261fce45fb13,51b403b6-dea3-4208-9550-60b6bd5073f6,e2cafff6-3c0a-47e1-80ba-0e6e85174350,1633153390242,13.4273964,52.4964611,7.636365,-2.8483808,8.122238,0.30056262,on bike mount,cyclo cross,True,sett,intermediate
5498723f-e9db-4ceb-87f2-261fce45fb13,51b403b6-dea3-4208-9550-60b6bd5073f6,e5c6728b-9e00-449b-8e41-4ceecf45a71a,1633153390309,13.4273964,52.4964611,7.636365,2.7830641,5.289607,8.857881,on bike mount,cyclo cross,True,sett,intermediate
5498723f-e9db-4ceb-87f2-261fce45fb13,51b403b6-dea3-4208-9550-60b6bd5073f6,f7916298-61bf-423a-aa04-8dac0a73b71b,1633153390376,13.4273964,52.4964611,7.636365,0.36901498,-7.8105044,-15.969799,on bike mount,cyclo cross,True,sett,intermediate
5498723f-e9db-4ceb-87f2-261fce45fb13,51b403b6-dea3-4208-9550-60b6bd5073f6,0281e4cb-c651-49b6-9591-83fd61dd85c6,1633153390442,13.4273964,52.4964611,7.636365,-2.4206321,-2.147143,7.288742,on bike mount,cyclo cross,True,sett,intermediate
5498723f-e9db-4ceb-87f2-261fce45fb13,51b403b6-dea3-4208-9550-60b6bd5073f6,113a07e6-a5cb-4979-9534-0dd055f8813f,1633153390509,13.4273964,52.4964611,7.636365,2.3765488,-6.5271664,5.9878883,on bike mount,cyclo cross,True,sett,intermediate
5498723f-e9db-4ceb-87f2-261fce45fb13,51b403b6-dea3-4208-9550-60b6bd5073f6,0cf71ffb-fca3-47cf-868c-8ac180e857d8,1633153390576,13.4273964,52.4964611,7.636365,0.20334482,11.191143,20.712345,on bike mount,cyclo cross,True,sett,intermediate
5498723f-e9db-4ceb-87f2-261fce45fb13,51b403b6-dea3-4208-9550-60b6bd5073f6,004c80d8-5ac5-4e3b-a9e1-755aae3b6cde,1633153390642,13.4275059,52.4964319,7.32164,5.894743,-22.14814,-27.515854,on bike mount,cyclo cross,True,sett,intermediate
5498723f-e9db-4ceb-87f2-261fce45fb13,51b403b6-dea3-4208-9550-60b6bd5073f6,dc451cea-c11b-4915-aab8-adf927ccb39f,1633153390709,13.4275059,52.4964319,7.32164,-3.0501785,-22.489605,37.031,on bike mount,cyclo cross,True,sett,intermediate
5498723f-e9db-4ceb-87f2-261fce45fb13,51b403b6-dea3-4208-9550-60b6bd5073f6,6cfd6e39-72f3-46e8-8dd1-eb05bdd7f87c,1633153390775,13.4275059,52.4964319,7.32164,4.3583775,-5.7291136,-16.723747,on bike mount,cyclo cross,True,sett,intermediate
5498723f-e9db-4ceb-87f2-261fce45fb13,51b403b6-dea3-4208-9550-60b6bd5073f6,44db6442-c171-4691-a92b-b7f99696c3ae,1633153390842,13.4275059,52.4964319,7.32164,-8.035555,9.43129,3.5593033,on bike mount,cyclo cross,True,sett,intermediate
5498723f-e9db-4ceb-87f2-261fce45fb13,51b403b6-dea3-4208-9550-60b6bd5073f6,af9ef856-c4cf-4e41-9651-a4101e4ed2ee,1633153390892,13.4275059,52.4964319,7.32164,2.7375922,-6.712816,-5.220849,on bike mount,cyclo cross,True,sett,intermediate
5498723f-e9db-4ceb-87f2-261fce45fb13,51b403b6-dea3-4208-9550-60b6bd5073f6,ff47530a-1b35-474b-b8c6-b428da12be1a,1633153390942,13.4275059,52.4964319,7.32164,1.1296023,-32.560482,-0.7585411,on bike mount,cyclo cross,True,sett,intermediate
5498723f-e9db-4ceb-87f2-261fce45fb13,51b403b6-dea3-4208-9550-60b6bd5073f6,6f56b3c2-4ae9-4f63-9e82-8e4a724af767,1633153391009,13.4275059,52.4964319,7.32164,3.4046268,16.397831,18.157957,on bike mount,cyclo cross,True,sett,intermediate
5498723f-e9db-4ceb-87f2-261fce45fb13,51b403b6-dea3-4208-9550-60b6bd5073f6,4642f570-0fb7-43ca-a239-f2dc8195fe9c,1633153391059,13.4275059,52.4964319,7.32164,-8.061794,27.315418,0.33514977,on bike mount,cyclo cross,True,sett,intermediate
5498723f-e9db-4ceb-87f2-261fce45fb13,51b403b6-dea3-4208-9550-60b6bd5073f6,8d9dded1-a03e-47d6-b280-bb16c2686c27,1633153391127,13.4275059,52.4964319,7.32164,8.97324,12.289457,-1.3543224,on bike mount,cyclo cross,True,sett,intermediate
5498723f-e9db-4ceb-87f2-261fce45fb13,51b403b6-dea3-4208-9550-60b6bd5073f6,3f5bb144-4b3d-4222-86d0-505d09fed7b5,1633153391177,13.4275059,52.4964319,7.32164,-5.5339375,7.754242,-3.6406608,on bike mount,cyclo cross,True,sett,intermediate
5498723f-e9db-4ceb-87f2-261fce45fb13,51b403b6-dea3-4208-9550-60b6bd5073f6,b6609a50-c6a8-4c53-b063-f05a8752ed5b,1633153391243,13.4275059,52.4964319,7.32164,-3.5086186,-2.0790637,-7.956011,on bike mount,cyclo cross,True,sett,intermediate
5498723f-e9db-4ceb-87f2-261fce45fb13,51b403b6-dea3-4208-9550-60b6bd5073f6,6b5671bd-8a10-46f0-8357-114cb86364ca,1633153391294,13.4275059,52.4964319,7.32164,-4.9004903,-2.1169524,-13.363525,on bike mount,cyclo cross,True,sett,intermediate
5498723f-e9db-4ceb-87f2-261fce45fb13,51b403b6-dea3-4208-9550-60b6bd5073f6,d624d94c-6b8c-406e-a98f-9656845b8677,1633153391344,13.4275059,52.4964319,7.32164,7.1448154,14.996203,8.861724,on bike mount,cyclo cross,True,sett,intermediate
5498723f-e9db-4ceb-87f2-261fce45fb13,51b403b6-dea3-4208-9550-60b6bd5073f6,3740ef17-b67f-4ca6-b640-05dc7c9bc6c8,1633153391410,13.4275059,52.4964319,7.32164,-0.022875976,8.236064,-3.687594,on bike mount,cyclo cross,True,sett,intermediate
5498723f-e9db-4ceb-87f2-261fce45fb13,51b403b6-dea3-4208-9550-60b6bd5073f6,941b9cd5-d63b-4672-bde2-1eb5583d43d0,1633153391460,13.4275059,52.4964319,7.32164,-5.978442,-6.278923,-19.312843,on bike mount,cyclo cross,True,sett,intermediate
5498723f-e9db-4ceb-87f2-261fce45fb13,51b403b6-dea3-4208-9550-60b6bd5073f6,0fb955cd-82a8-458c-af5c-de5aaabb9c7d,1633153391511,13.4275059,52.4964319,7.32164,0.407233,7.083376,-30.99737,on bike mount,cyclo cross,True,sett,intermediate
5498723f-e9db-4ceb-87f2-261fce45fb13,51b403b6-dea3-4208-9550-60b6bd5073f6,791016b6-855c-4f7c-9cce-ba3c679f922e,1633153391578,13.4275059,52.4964319,7.32164,0.67381257,4.575698,12.442599,on bike mount,cyclo cross,True,sett,intermediate
5498723f-e9db-4ceb-87f2-261fce45fb13,51b403b6-dea3-4208-9550-60b6bd5073f6,581b7868-da81-44ba-a6b2-335904f95900,1633153391644,13.4276103,52.4964009,7.359504,-1.3792002,-18.949074,6.5076637,on bike mount,cyclo cross,True,sett,intermediate
5498723f-e9db-4ceb-87f2-261fce45fb13,51b403b6-dea3-4208-9550-60b6bd5073f6,b24b1aa9-94fa-4198-b76d-2183c4c0cc6d,1633153391694,13.4276103,52.4964009,7.359504,-5.335359,-14.08972,-13.448122,on bike mount,cyclo cross,True,sett,intermediate
5498723f-e9db-4ceb-87f2-261fce45fb13,51b403b6-dea3-4208-9550-60b6bd5073f6,00a2fff9-1e91-491d-a016-393fe22b1d9e,1633153391761,13.4276103,52.4964009,7.359504,-2.513111,-1.9788857,3.03821,on bike mount,cyclo cross,True,sett,intermediate
5498723f-e9db-4ceb-87f2-261fce45fb13,51b403b6-dea3-4208-9550-60b6bd5073f6,ef28be44-dda1-4ab7-b7ee-6d10320933eb,1633153391828,13.4276103,52.4964009,7.359504,-0.42999113,9.201514,-17.6666,on bike mount,cyclo cross,True,sett,intermediate
5498723f-e9db-4ceb-87f2-261fce45fb13,51b403b6-dea3-4208-9550-60b6bd5073f6,88a9875a-3c8c-4e50-b892-9bdf05916dbe,1633153391878,13.4276103,52.4964009,7.359504,-0.8048653,3.1928892,-16.686478,on bike mount,cyclo cross,True,sett,intermediate
5498723f-e9db-4ceb-87f2-261fce45fb13,51b403b6-dea3-4208-9550-60b6bd5073f6,9ec3f254-22ef-42c2-b29b-05838f96d7cb,1633153391945,13.4276103,52.4964009,7.359504,-4.428506,37.272835,-23.83236,on bike mount,cyclo cross,True,sett,intermediate
5498723f-e9db-4ceb-87f2-261fce45fb13,51b403b6-dea3-4208-9550-60b6bd5073f6,ac36aa5d-f6a4-470d-bd21-7b2bc05c3fb9,1633153392011,13.4276103,52.4964009,7.359504,-8.128618,-28.684433,9.16497,on bike mount,cyclo cross,True,sett,intermediate
5498723f-e9db-4ceb-87f2-261fce45fb13,51b403b6-dea3-4208-9550-60b6bd5073f6,ef045d25-3cc9-46ee-acad-0408699043e0,1633153392061,13.4276103,52.4964009,7.359504,-2.7919497,17.58672,7.630665,on bike mount,cyclo cross,True,sett,intermediate
5498723f-e9db-4ceb-87f2-261fce45fb13,51b403b6-dea3-4208-9550-60b6bd5073f6,85ab3885-4dd4-4ec1-baf7-101ebdf67e60,1633153392112,13.4276103,52.4964009,7.359504,-0.77438325,21.862785,-15.065383,on bike mount,cyclo cross,True,sett,intermediate
5498723f-e9db-4ceb-87f2-261fce45fb13,51b403b6-dea3-4208-9550-60b6bd5073f6,efcc78bc-95e0-4c9e-8a0d-756bca61067a,1633153392178,13.4276103,52.4964009,7.359504,8.777927,20.063665,-11.67888,on bike mount,cyclo cross,True,sett,intermediate
5498723f-e9db-4ceb-87f2-261fce45fb13,51b403b6-dea3-4208-9550-60b6bd5073f6,206398aa-6006-4584-988a-c550750faa7d,1633153392229,13.4276103,52.4964009,7.359504,0.607112,-7.490116,10.351019,on bike mount,cyclo cross,True,sett,intermediate
5498723f-e9db-4ceb-87f2-261fce45fb13,51b403b6-dea3-4208-9550-60b6bd5073f6,6f9d5832-f3b5-4092-b715-8f2addf39512,1633153392279,13.4276103,52.4964009,7.359504,-1.8029137,6.579071,-4.7723217,on bike mount,cyclo cross,True,sett,intermediate
5498723f-e9db-4ceb-87f2-261fce45fb13,51b403b6-dea3-4208-9550-60b6bd5073f6,86e5ce64-a329-43c7-b4dd-66573acdbdc3,1633153392345,13.4276103,52.4964009,7.359504,0.87974775,-4.931451,15.364115,on bike mount,cyclo cross,True,sett,intermediate
5498723f-e9db-4ceb-87f2-261fce45fb13,51b403b6-dea3-4208-9550-60b6bd5073f6,e16b02f5-39da-4c2f-afa8-c3a0ce073610,1633153392412,13.4276103,52.4964009,7.359504,0.19956684,-1.0684936,10.260248,on bike mount,cyclo cross,True,sett,intermediate
5498723f-e9db-4ceb-87f2-261fce45fb13,51b403b6-dea3-4208-9550-60b6bd5073f6,4810f2cb-8997-4dac-ae47-b4442b5a47af,1633153392479,13.4276103,52.4964009,7.359504,-1.70188,-17.398024,2.1834955,on bike mount,cyclo cross,True,sett,intermediate
5498723f-e9db-4ceb-87f2-261fce45fb13,51b403b6-dea3-4208-9550-60b6bd5073f6,c83581a9-9608-46a1-ae7a-12ab94b8b3c6,1633153392546,13.4276103,52.4964009,7.359504,0.97556436,-32.22878,0.59510326,on bike mount,cyclo cross,True,sett,intermediate
5498723f-e9db-4ceb-87f2-261fce45fb13,51b403b6-dea3-4208-9550-60b6bd5073f6,b9f6c415-697c-4a75-acfc-f9d203c92475,1633153392596,13.4277111,52.4963744,6.950915,0.5626777,-37.68856,15.618483,on bike mount,cyclo cross,True,sett,intermediate
5498723f-e9db-4ceb-87f2-261fce45fb13,51b403b6-dea3-4208-9550-60b6bd5073f6,69fdcf2c-54fd-48a2-9e7c-943c51515741,1633153392662,13.4277111,52.4963744,6.950915,1.2608541,5.2276335,26.184902,on bike mount,cyclo cross,True,sett,intermediate
5498723f-e9db-4ceb-87f2-261fce45fb13,51b403b6-dea3-4208-9550-60b6bd5073f6,e4daf7bc-bc16-4714-8b03-f19d8c0e3e6c,1633153392713,13.4277111,52.4963744,6.950915,5.2903137,-10.274246,11.461163,on bike mount,cyclo cross,True,sett,intermediate
5498723f-e9db-4ceb-87f2-261fce45fb13,51b403b6-dea3-4208-9550-60b6bd5073f6,589ef927-ad74-4f35-9e69-b4b9a4e6a7ee,1633153392779,13.4277111,52.4963744,6.950915,2.6183598,-0.0740602,-7.484886,on bike mount,cyclo cross,True,sett,intermediate
5498723f-e9db-4ceb-87f2-261fce45fb13,51b403b6-dea3-4208-9550-60b6bd5073f6,6a41a7ad-ec04-43f0-845c-5155af030b83,1633153392829,13.4277111,52.4963744,6.950915,3.4017725,13.640083,-21.385384,on bike mount,cyclo cross,True,sett,intermediate
5498723f-e9db-4ceb-87f2-261fce45fb13,51b403b6-dea3-4208-9550-60b6bd5073f6,8a5ebb5d-6b58-4a63-ad49-3dc4a67d38e6,1633153392879,13.4277111,52.4963744,6.950915,-0.7892214,7.355379,-17.709644,on bike mount,cyclo cross,True,sett,intermediate
5498723f-e9db-4ceb-87f2-261fce45fb13,51b403b6-dea3-4208-9550-60b6bd5073f6,47dddb0e-191f-45db-ab2c-9ea8bb6d5ae1,1633153392929,13.4277111,52.4963744,6.950915,1.5868907,-14.089626,5.572669,on bike mount,cyclo cross,True,sett,intermediate
5498723f-e9db-4ceb-87f2-261fce45fb13,51b403b6-dea3-4208-9550-60b6bd5073f6,ca68f755-10d4-4a5a-b64b-08437f01e8d7,1633153392980,13.4277111,52.4963744,6.950915,6.2169857,-48.073433,7.0551376,on bike mount,cyclo cross,True,sett,intermediate
5498723f-e9db-4ceb-87f2-261fce45fb13,51b403b6-dea3-4208-9550-60b6bd5073f6,f948d804-87ec-473d-82bc-00ec42aed162,1633153393046,13.4277111,52.4963744,6.950915,1.343898,6.538743,16.067049,on bike mount,cyclo cross,True,sett,intermediate
5498723f-e9db-4ceb-87f2-261fce45fb13,51b403b6-dea3-4208-9550-60b6bd5073f6,404fdba3-4fdc-4c12-889c-911ea11a73f2,1633153393097,13.4277111,52.4963744,6.950915,-4.8608627,-31.236034,4.1461163,on bike mount,cyclo cross,True,sett,intermediate
5498723f-e9db-4ceb-87f2-261fce45fb13,51b403b6-dea3-4208-9550-60b6bd5073f6,730788cf-c77f-4957-8fd0-661654db00b3,1633153393164,13.4277111,52.4963744,6.950915,5.6639013,-4.7434063,-30.953545,on bike mount,cyclo cross,True,sett,intermediate
5498723f-e9db-4ceb-87f2-261fce45fb13,51b403b6-dea3-4208-9550-60b6bd5073f6,1da74dba-47c3-4b9c-816f-c9c646d2e039,1633153393231,13.4277111,52.4963744,6.950915,2.4652464,3.1670933,-9.781323,on bike mount,cyclo cross,True,sett,intermediate
5498723f-e9db-4ceb-87f2-261fce45fb13,51b403b6-dea3-4208-9550-60b6bd5073f6,5f49dbae-724a-458a-848c-e37b6cd14d57,1633153393297,13.4277111,52.4963744,6.950915,-0.382731,-11.996407,-22.405293,on bike mount,cyclo cross,True,sett,intermediate
5498723f-e9db-4ceb-87f2-261fce45fb13,51b403b6-dea3-4208-9550-60b6bd5073f6,128d7b7b-e348-4817-85bb-7ea2debeb26e,1633153393364,13.4277111,52.4963744,6.950915,2.1228628,1.9931083,-0.9030441,on bike mount,cyclo cross,True,sett,intermediate
5498723f-e9db-4ceb-87f2-261fce45fb13,51b403b6-dea3-4208-9550-60b6bd5073f6,e924fe73-3f8d-4ff6-9760-caa93f7811ae,1633153393414,13.4277111,52.4963744,6.950915,-3.7697787,4.2615366,34.231453,on bike mount,cyclo cross,True,sett,intermediate
