bike_activity_uid,bike_activity_sample_uid,bike_activity_measurement,bike_activity_measurement_timestamp,bike_activity_measurement_lon,bike_activity_measurement_lat,bike_activity_measurement_speed,bike_activity_measurement_accelerometer_x,bike_activity_measurement_accelerometer_y,bike_activity_measurement_accelerometer_z,bike_activity_phone_position,bike_activity_bike_type,bike_activity_flagged_lab_conditions,bike_activity_surface_type,bike_activity_smoothness_type
5498723f-e9db-4ceb-87f2-261fce45fb13,8d828c60-9e6e-43b9-8aa7-7cc7dce15c67,af495412-6b55-4eae-ba78-e71cc5c87f16,1633153456437,13.4334572,52.4946479,6.3391066,-3.4024372,-4.7561846,3.100356,on bike mount,cyclo cross,True,sett,intermediate
5498723f-e9db-4ceb-87f2-261fce45fb13,8d828c60-9e6e-43b9-8aa7-7cc7dce15c67,0bb97544-584a-4d62-968c-5ee7fb086c4b,1633153456503,13.4334572,52.4946479,6.3391066,-8.073952,11.77923,-8.282763,on bike mount,cyclo cross,True,sett,intermediate
5498723f-e9db-4ceb-87f2-261fce45fb13,8d828c60-9e6e-43b9-8aa7-7cc7dce15c67,30d86677-f8ce-4f67-aa92-17f45be5ff83,1633153456553,13.4334572,52.4946479,6.3391066,-0.289341,0.26105118,8.7207775,on bike mount,cyclo cross,True,sett,intermediate
5498723f-e9db-4ceb-87f2-261fce45fb13,8d828c60-9e6e-43b9-8aa7-7cc7dce15c67,cc4ae5d5-5a4f-4f7d-b340-ec13d3e11f99,1633153456603,13.4335317,52.4946225,6.32468,1.5185413,-19.798338,-1.2696428,on bike mount,cyclo cross,True,sett,intermediate
5498723f-e9db-4ceb-87f2-261fce45fb13,8d828c60-9e6e-43b9-8aa7-7cc7dce15c67,1b86b667-12c4-4a0b-9a10-e9c55115fd82,1633153456670,13.4335317,52.4946225,6.32468,1.8667731,-23.358662,-4.0971527,on bike mount,cyclo cross,True,sett,intermediate
5498723f-e9db-4ceb-87f2-261fce45fb13,8d828c60-9e6e-43b9-8aa7-7cc7dce15c67,33d78fad-e5d9-45f4-80b6-919956439dfe,1633153456737,13.4335317,52.4946225,6.32468,-1.2156701,11.636076,8.903627,on bike mount,cyclo cross,True,sett,intermediate
5498723f-e9db-4ceb-87f2-261fce45fb13,8d828c60-9e6e-43b9-8aa7-7cc7dce15c67,ddc46fe7-fc5f-4fc9-9cf0-cb31bc68231b,1633153456804,13.4335317,52.4946225,6.32468,4.393331,13.358066,12.295738,on bike mount,cyclo cross,True,sett,intermediate
5498723f-e9db-4ceb-87f2-261fce45fb13,8d828c60-9e6e-43b9-8aa7-7cc7dce15c67,2d4c00e9-fb6e-4822-968b-0ff843388b9c,1633153456871,13.4335317,52.4946225,6.32468,1.0203037,-23.096254,2.0044498,on bike mount,cyclo cross,True,sett,intermediate
5498723f-e9db-4ceb-87f2-261fce45fb13,8d828c60-9e6e-43b9-8aa7-7cc7dce15c67,95636832-57e4-4fb4-9bfc-513afb7a9484,1633153456938,13.4335317,52.4946225,6.32468,4.124792,-15.486914,15.479706,on bike mount,cyclo cross,True,sett,intermediate
5498723f-e9db-4ceb-87f2-261fce45fb13,8d828c60-9e6e-43b9-8aa7-7cc7dce15c67,4f6399e9-2fbc-4881-a345-1331afede768,1633153456988,13.4335317,52.4946225,6.32468,1.101549,7.7185864,-20.909702,on bike mount,cyclo cross,True,sett,intermediate
5498723f-e9db-4ceb-87f2-261fce45fb13,8d828c60-9e6e-43b9-8aa7-7cc7dce15c67,43ddd400-c58e-413d-866b-a28d5093f434,1633153457038,13.4335317,52.4946225,6.32468,13.586161,7.2266655,-7.2804093,on bike mount,cyclo cross,True,sett,intermediate
5498723f-e9db-4ceb-87f2-261fce45fb13,8d828c60-9e6e-43b9-8aa7-7cc7dce15c67,86f763f4-6366-45b0-bc9b-176153764fde,1633153457105,13.4335317,52.4946225,6.32468,-0.7141652,2.935039,-13.716399,on bike mount,cyclo cross,True,sett,intermediate
5498723f-e9db-4ceb-87f2-261fce45fb13,8d828c60-9e6e-43b9-8aa7-7cc7dce15c67,23352f1f-7649-41aa-b4db-24b2c102572e,1633153457171,13.4335317,52.4946225,6.32468,-3.0133033,-16.966156,12.671169,on bike mount,cyclo cross,True,sett,intermediate
5498723f-e9db-4ceb-87f2-261fce45fb13,8d828c60-9e6e-43b9-8aa7-7cc7dce15c67,d15fcde0-948a-4d64-a477-e69e70671eeb,1633153457222,13.4335317,52.4946225,6.32468,-8.288414,14.164452,-41.673912,on bike mount,cyclo cross,True,sett,intermediate
5498723f-e9db-4ceb-87f2-261fce45fb13,8d828c60-9e6e-43b9-8aa7-7cc7dce15c67,3ab29d7f-0dc3-4181-82c9-75547fb7ec15,1633153457272,13.4335317,52.4946225,6.32468,12.909581,10.438189,-5.6876674,on bike mount,cyclo cross,True,sett,intermediate
5498723f-e9db-4ceb-87f2-261fce45fb13,8d828c60-9e6e-43b9-8aa7-7cc7dce15c67,0eefdbbd-7a3f-4892-97d4-a9f1fa1e59c6,1633153457322,13.4335317,52.4946225,6.32468,-1.8901585,-11.54089,-23.002356,on bike mount,cyclo cross,True,sett,intermediate
5498723f-e9db-4ceb-87f2-261fce45fb13,8d828c60-9e6e-43b9-8aa7-7cc7dce15c67,6312079d-4bab-4dae-a159-465930e36248,1633153457388,13.4335317,52.4946225,6.32468,-5.6092134,-1.0973055,-13.46832,on bike mount,cyclo cross,True,sett,intermediate
5498723f-e9db-4ceb-87f2-261fce45fb13,8d828c60-9e6e-43b9-8aa7-7cc7dce15c67,68544eff-2136-4313-b0fd-26fb6408c310,1633153457438,13.4335317,52.4946225,6.32468,2.646424,-6.318632,-6.5944815,on bike mount,cyclo cross,True,sett,intermediate
5498723f-e9db-4ceb-87f2-261fce45fb13,8d828c60-9e6e-43b9-8aa7-7cc7dce15c67,3cee3c1b-d47d-40b4-94ca-b0072cc7d573,1633153457489,13.4335317,52.4946225,6.32468,9.081792,0.5458646,14.594738,on bike mount,cyclo cross,True,sett,intermediate
5498723f-e9db-4ceb-87f2-261fce45fb13,8d828c60-9e6e-43b9-8aa7-7cc7dce15c67,c5093182-9967-4cd6-bc19-67ada105a9d9,1633153457539,13.4335317,52.4946225,6.32468,2.5115738,-3.1196663,5.9994154,on bike mount,cyclo cross,True,sett,intermediate
5498723f-e9db-4ceb-87f2-261fce45fb13,8d828c60-9e6e-43b9-8aa7-7cc7dce15c67,40643edf-a604-4efb-b638-17384ca9e5b8,1633153457606,13.4335317,52.4946225,6.32468,9.899306,-19.245422,4.8860464,on bike mount,cyclo cross,True,sett,intermediate
5498723f-e9db-4ceb-87f2-261fce45fb13,8d828c60-9e6e-43b9-8aa7-7cc7dce15c67,228c5523-0cf8-4988-9bf9-2a4499d8db10,1633153457655,13.4336065,52.4946018,6.260997,-5.857548,13.961047,-22.252203,on bike mount,cyclo cross,True,sett,intermediate
5498723f-e9db-4ceb-87f2-261fce45fb13,8d828c60-9e6e-43b9-8aa7-7cc7dce15c67,315722b6-8f50-44c0-a412-7f6c617e80d2,1633153457722,13.4336065,52.4946018,6.260997,-7.0174675,4.7019844,-28.134811,on bike mount,cyclo cross,True,sett,intermediate
5498723f-e9db-4ceb-87f2-261fce45fb13,8d828c60-9e6e-43b9-8aa7-7cc7dce15c67,c1a9a735-8106-4ae8-9862-9feae8e13819,1633153457772,13.4336065,52.4946018,6.260997,2.869614,-22.896135,20.32668,on bike mount,cyclo cross,True,sett,intermediate
5498723f-e9db-4ceb-87f2-261fce45fb13,8d828c60-9e6e-43b9-8aa7-7cc7dce15c67,a106e083-4d0b-4bbc-9faf-dc1a5afb8887,1633153457823,13.4336065,52.4946018,6.260997,1.7487214,1.2117162,-17.668018,on bike mount,cyclo cross,True,sett,intermediate
5498723f-e9db-4ceb-87f2-261fce45fb13,8d828c60-9e6e-43b9-8aa7-7cc7dce15c67,15f70130-9527-429f-9424-a1a59cc2e630,1633153457889,13.4336065,52.4946018,6.260997,-3.0607674,-14.93849,36.148582,on bike mount,cyclo cross,True,sett,intermediate
5498723f-e9db-4ceb-87f2-261fce45fb13,8d828c60-9e6e-43b9-8aa7-7cc7dce15c67,27ec34d9-403b-4e22-81d5-9f6449fb37eb,1633153457939,13.4336065,52.4946018,6.260997,-7.0183234,39.407505,-31.064842,on bike mount,cyclo cross,True,sett,intermediate
5498723f-e9db-4ceb-87f2-261fce45fb13,8d828c60-9e6e-43b9-8aa7-7cc7dce15c67,f4ddf597-91a0-40d3-9215-6866880435a9,1633153457989,13.4336065,52.4946018,6.260997,9.290415,5.5287414,-36.73042,on bike mount,cyclo cross,True,sett,intermediate
5498723f-e9db-4ceb-87f2-261fce45fb13,8d828c60-9e6e-43b9-8aa7-7cc7dce15c67,516d5532-fb7a-4a68-ba2a-64572ea4c7b5,1633153458040,13.4336065,52.4946018,6.260997,-2.4552226,35.06059,14.5346155,on bike mount,cyclo cross,True,sett,intermediate
5498723f-e9db-4ceb-87f2-261fce45fb13,8d828c60-9e6e-43b9-8aa7-7cc7dce15c67,f0251339-48ae-4c74-9b99-6164524c9f4e,1633153458089,13.4336065,52.4946018,6.260997,6.860361,-9.866458,-0.5516062,on bike mount,cyclo cross,True,sett,intermediate
5498723f-e9db-4ceb-87f2-261fce45fb13,8d828c60-9e6e-43b9-8aa7-7cc7dce15c67,4c8b75c8-a4de-454c-bb3f-29589f54913b,1633153458140,13.4336065,52.4946018,6.260997,0.93608284,15.899013,-16.876076,on bike mount,cyclo cross,True,sett,intermediate
5498723f-e9db-4ceb-87f2-261fce45fb13,8d828c60-9e6e-43b9-8aa7-7cc7dce15c67,a1536c0a-e6bb-42e6-8eb4-6b551ba5d021,1633153458207,13.4336065,52.4946018,6.260997,-7.548703,5.077093,-33.91077,on bike mount,cyclo cross,True,sett,intermediate
5498723f-e9db-4ceb-87f2-261fce45fb13,8d828c60-9e6e-43b9-8aa7-7cc7dce15c67,20469309-2cb2-49f2-a8a8-f589fa24dcff,1633153458273,13.4336065,52.4946018,6.260997,-16.149464,20.218243,-4.992585,on bike mount,cyclo cross,True,sett,intermediate
5498723f-e9db-4ceb-87f2-261fce45fb13,8d828c60-9e6e-43b9-8aa7-7cc7dce15c67,3e5dbf78-4da2-49f0-b21e-666c9ce6dd7c,1633153458323,13.4336065,52.4946018,6.260997,-1.6864362,31.005484,-7.2775283,on bike mount,cyclo cross,True,sett,intermediate
5498723f-e9db-4ceb-87f2-261fce45fb13,8d828c60-9e6e-43b9-8aa7-7cc7dce15c67,8050515e-c02e-4ff1-9790-43d219eaf765,1633153458374,13.4336065,52.4946018,6.260997,-2.9468572,-22.86795,16.566124,on bike mount,cyclo cross,True,sett,intermediate
5498723f-e9db-4ceb-87f2-261fce45fb13,8d828c60-9e6e-43b9-8aa7-7cc7dce15c67,e5d89e05-caba-483a-b01a-25e98c5ce9b2,1633153458440,13.4336065,52.4946018,6.260997,11.44212,-33.16246,31.274502,on bike mount,cyclo cross,True,sett,intermediate
5498723f-e9db-4ceb-87f2-261fce45fb13,8d828c60-9e6e-43b9-8aa7-7cc7dce15c67,72fba0a1-8b6d-4af4-96e6-89aee7582f4a,1633153458490,13.4336065,52.4946018,6.260997,0.22441767,-0.3090453,-7.363449,on bike mount,cyclo cross,True,sett,intermediate
5498723f-e9db-4ceb-87f2-261fce45fb13,8d828c60-9e6e-43b9-8aa7-7cc7dce15c67,58154e0b-3277-49b0-877b-7e8cb25a1fbd,1633153458540,13.4336065,52.4946018,6.260997,-2.023798,16.722733,-5.8662457,on bike mount,cyclo cross,True,sett,intermediate
5498723f-e9db-4ceb-87f2-261fce45fb13,8d828c60-9e6e-43b9-8aa7-7cc7dce15c67,30213344-0421-459b-9f64-06fc24f5b945,1633153458591,13.4336065,52.4946018,6.260997,-2.8181794,10.384062,-2.0020766,on bike mount,cyclo cross,True,sett,intermediate
5498723f-e9db-4ceb-87f2-261fce45fb13,8d828c60-9e6e-43b9-8aa7-7cc7dce15c67,51a0ec33-1457-45a5-b91d-d6ef716fb84c,1633153458657,13.433686,52.4945787,6.972034,-6.0460114,-0.75294673,19.539314,on bike mount,cyclo cross,True,sett,intermediate
5498723f-e9db-4ceb-87f2-261fce45fb13,8d828c60-9e6e-43b9-8aa7-7cc7dce15c67,7eb519f9-bd41-44d2-812c-f884d2795a0b,1633153458724,13.433686,52.4945787,6.972034,-2.995884,22.221832,0.5984783,on bike mount,cyclo cross,True,sett,intermediate
5498723f-e9db-4ceb-87f2-261fce45fb13,8d828c60-9e6e-43b9-8aa7-7cc7dce15c67,79d24ab4-b72b-4f07-9a06-2b7a0de34bbf,1633153458791,13.433686,52.4945787,6.972034,10.790975,-7.8188386,-0.37536144,on bike mount,cyclo cross,True,sett,intermediate
5498723f-e9db-4ceb-87f2-261fce45fb13,8d828c60-9e6e-43b9-8aa7-7cc7dce15c67,b2aa66b9-b5d2-42d8-8ebb-ded222812de0,1633153458858,13.433686,52.4945787,6.972034,2.7254965,-48.290688,33.279884,on bike mount,cyclo cross,True,sett,intermediate
5498723f-e9db-4ceb-87f2-261fce45fb13,8d828c60-9e6e-43b9-8aa7-7cc7dce15c67,41efe05e-9ae1-4051-a0e1-324c3a40369e,1633153458925,13.433686,52.4945787,6.972034,-5.2675867,15.86067,-9.74738,on bike mount,cyclo cross,True,sett,intermediate
5498723f-e9db-4ceb-87f2-261fce45fb13,8d828c60-9e6e-43b9-8aa7-7cc7dce15c67,aa11cde1-715b-4a4c-a445-095ecc5f7a8a,1633153458975,13.433686,52.4945787,6.972034,5.554146,16.61877,-30.603302,on bike mount,cyclo cross,True,sett,intermediate
5498723f-e9db-4ceb-87f2-261fce45fb13,8d828c60-9e6e-43b9-8aa7-7cc7dce15c67,4fdc97d4-7b89-44c0-858f-961f5f2f39bb,1633153459042,13.433686,52.4945787,6.972034,-1.7193936,20.969889,-10.2308035,on bike mount,cyclo cross,True,sett,intermediate
5498723f-e9db-4ceb-87f2-261fce45fb13,8d828c60-9e6e-43b9-8aa7-7cc7dce15c67,4d53a1dd-1c7e-43d1-b073-0d784a9c9126,1633153459092,13.433686,52.4945787,6.972034,2.764079,-20.35061,5.430834,on bike mount,cyclo cross,True,sett,intermediate
5498723f-e9db-4ceb-87f2-261fce45fb13,8d828c60-9e6e-43b9-8aa7-7cc7dce15c67,da97d812-1f82-4731-a7cd-35deed868926,1633153459158,13.433686,52.4945787,6.972034,8.130819,-6.49809,38.105568,on bike mount,cyclo cross,True,sett,intermediate
5498723f-e9db-4ceb-87f2-261fce45fb13,8d828c60-9e6e-43b9-8aa7-7cc7dce15c67,49ae1228-e6ed-401b-9bf8-93f7d5fe03b8,1633153459225,13.433686,52.4945787,6.972034,-0.22713959,5.4281607,15.432697,on bike mount,cyclo cross,True,sett,intermediate
5498723f-e9db-4ceb-87f2-261fce45fb13,8d828c60-9e6e-43b9-8aa7-7cc7dce15c67,c2a50f42-54b5-47ac-a65a-14c19d4d0a30,1633153459292,13.433686,52.4945787,6.972034,2.7530506,8.767955,15.847588,on bike mount,cyclo cross,True,sett,intermediate
5498723f-e9db-4ceb-87f2-261fce45fb13,8d828c60-9e6e-43b9-8aa7-7cc7dce15c67,6a0219ff-2572-4207-844c-0c0b3879b22d,1633153459358,13.433686,52.4945787,6.972034,4.2806087,30.19078,-14.904576,on bike mount,cyclo cross,True,sett,intermediate
5498723f-e9db-4ceb-87f2-261fce45fb13,8d828c60-9e6e-43b9-8aa7-7cc7dce15c67,90314c8d-4f50-47ce-9383-97fd0682742a,1633153459409,13.433686,52.4945787,6.972034,1.8755447,-10.488038,-16.218775,on bike mount,cyclo cross,True,sett,intermediate
5498723f-e9db-4ceb-87f2-261fce45fb13,8d828c60-9e6e-43b9-8aa7-7cc7dce15c67,856f89d7-79a0-482b-99a1-19b73a678ef3,1633153459476,13.433686,52.4945787,6.972034,2.8126884,-4.9875,9.514788,on bike mount,cyclo cross,True,sett,intermediate
5498723f-e9db-4ceb-87f2-261fce45fb13,8d828c60-9e6e-43b9-8aa7-7cc7dce15c67,05162554-6e1c-4875-b9d0-66f5185d283e,1633153459543,13.433686,52.4945787,6.972034,0.29499942,8.9558525,-0.7363901,on bike mount,cyclo cross,True,sett,intermediate
5498723f-e9db-4ceb-87f2-261fce45fb13,8d828c60-9e6e-43b9-8aa7-7cc7dce15c67,d2a0fbda-c67a-43f5-9b6e-52c01bed8af5,1633153459593,13.433772,52.4945546,6.2954135,-0.92462796,-23.811668,-0.7302942,on bike mount,cyclo cross,True,sett,intermediate
5498723f-e9db-4ceb-87f2-261fce45fb13,8d828c60-9e6e-43b9-8aa7-7cc7dce15c67,724f77fe-cc15-495a-bfe3-cf6f79b0cee8,1633153459659,13.433772,52.4945546,6.2954135,0.98730004,-12.796236,0.021531105,on bike mount,cyclo cross,True,sett,intermediate
5498723f-e9db-4ceb-87f2-261fce45fb13,8d828c60-9e6e-43b9-8aa7-7cc7dce15c67,3391baba-8efc-418c-b6ba-0ef1216d3119,1633153459709,13.433772,52.4945546,6.2954135,-0.00095283985,10.211843,-26.61855,on bike mount,cyclo cross,True,sett,intermediate
5498723f-e9db-4ceb-87f2-261fce45fb13,8d828c60-9e6e-43b9-8aa7-7cc7dce15c67,a082c6af-047f-4527-8eac-e78fec9805ba,1633153459776,13.433772,52.4945546,6.2954135,-2.3354301,2.8810706,-21.310408,on bike mount,cyclo cross,True,sett,intermediate
5498723f-e9db-4ceb-87f2-261fce45fb13,8d828c60-9e6e-43b9-8aa7-7cc7dce15c67,951ea4dc-a07b-440f-a775-91b029c7fc83,1633153459843,13.433772,52.4945546,6.2954135,-0.09253336,4.4550495,-22.98366,on bike mount,cyclo cross,True,sett,intermediate
5498723f-e9db-4ceb-87f2-261fce45fb13,8d828c60-9e6e-43b9-8aa7-7cc7dce15c67,20105b5c-c7e7-450d-bbe8-33c23c244bf2,1633153459893,13.433772,52.4945546,6.2954135,6.599495,12.534165,-5.0277405,on bike mount,cyclo cross,True,sett,intermediate
5498723f-e9db-4ceb-87f2-261fce45fb13,8d828c60-9e6e-43b9-8aa7-7cc7dce15c67,18b0396c-f916-48a0-9f6a-b37bcd2bc500,1633153459960,13.433772,52.4945546,6.2954135,0.36015117,-3.5796366,-3.7606516,on bike mount,cyclo cross,True,sett,intermediate
5498723f-e9db-4ceb-87f2-261fce45fb13,8d828c60-9e6e-43b9-8aa7-7cc7dce15c67,df94fcaa-ebcf-4b7f-8b2d-25b9dd086e2b,1633153460026,13.433772,52.4945546,6.2954135,-3.937912,-19.029129,-11.527923,on bike mount,cyclo cross,True,sett,intermediate
5498723f-e9db-4ceb-87f2-261fce45fb13,8d828c60-9e6e-43b9-8aa7-7cc7dce15c67,08fce19e-910d-4e86-a2f7-4196f3f41d5b,1633153460076,13.433772,52.4945546,6.2954135,5.091031,-17.456696,11.03582,on bike mount,cyclo cross,True,sett,intermediate
5498723f-e9db-4ceb-87f2-261fce45fb13,8d828c60-9e6e-43b9-8aa7-7cc7dce15c67,193f7690-5e62-435e-91e5-9805d4b0ee22,1633153460126,13.433772,52.4945546,6.2954135,1.2723966,4.292159,-10.138128,on bike mount,cyclo cross,True,sett,intermediate
5498723f-e9db-4ceb-87f2-261fce45fb13,8d828c60-9e6e-43b9-8aa7-7cc7dce15c67,a7e10454-83c8-4908-a41f-ace14f5c4256,1633153460177,13.433772,52.4945546,6.2954135,-0.5682289,-47.490395,-6.196457,on bike mount,cyclo cross,True,sett,intermediate
5498723f-e9db-4ceb-87f2-261fce45fb13,8d828c60-9e6e-43b9-8aa7-7cc7dce15c67,5026bb7c-a64d-4272-b05d-e2ffb5ba9335,1633153460243,13.433772,52.4945546,6.2954135,0.52270734,-6.323567,20.721699,on bike mount,cyclo cross,True,sett,intermediate
5498723f-e9db-4ceb-87f2-261fce45fb13,8d828c60-9e6e-43b9-8aa7-7cc7dce15c67,b6af1cce-5ed3-4171-beb5-274411445561,1633153460310,13.433772,52.4945546,6.2954135,-1.6369736,2.4148197,-2.0752292,on bike mount,cyclo cross,True,sett,intermediate
5498723f-e9db-4ceb-87f2-261fce45fb13,8d828c60-9e6e-43b9-8aa7-7cc7dce15c67,7d4f86bf-4fe3-42ea-9917-9ef90280e107,1633153460360,13.433772,52.4945546,6.2954135,-2.539822,7.231186,4.4323616,on bike mount,cyclo cross,True,sett,intermediate
5498723f-e9db-4ceb-87f2-261fce45fb13,8d828c60-9e6e-43b9-8aa7-7cc7dce15c67,5944c497-aa58-45ca-973e-744bc0de15e6,1633153460427,13.433772,52.4945546,6.2954135,0.45441717,-19.03016,9.803232,on bike mount,cyclo cross,True,sett,intermediate
5498723f-e9db-4ceb-87f2-261fce45fb13,8d828c60-9e6e-43b9-8aa7-7cc7dce15c67,a5948eee-12cc-471f-a8ea-bba60263ac76,1633153460494,13.433772,52.4945546,6.2954135,5.336781,-7.4096704,-16.908855,on bike mount,cyclo cross,True,sett,intermediate
5498723f-e9db-4ceb-87f2-261fce45fb13,8d828c60-9e6e-43b9-8aa7-7cc7dce15c67,1aaafcc9-ab3b-463f-9396-2957e4f89e50,1633153460561,13.433772,52.4945546,6.2954135,2.141976,11.258311,-8.151608,on bike mount,cyclo cross,True,sett,intermediate
5498723f-e9db-4ceb-87f2-261fce45fb13,8d828c60-9e6e-43b9-8aa7-7cc7dce15c67,ad610a16-e436-4eaa-99e4-9e1ef02ded0b,1633153460627,13.4338502,52.4945348,6.3872485,5.3135138,-20.66345,11.605513,on bike mount,cyclo cross,True,sett,intermediate
5498723f-e9db-4ceb-87f2-261fce45fb13,8d828c60-9e6e-43b9-8aa7-7cc7dce15c67,1530e48b-5a83-49bf-83a7-984bd11491aa,1633153460677,13.4338502,52.4945348,6.3872485,-1.4693,39.244473,-6.9437385,on bike mount,cyclo cross,True,sett,intermediate
5498723f-e9db-4ceb-87f2-261fce45fb13,8d828c60-9e6e-43b9-8aa7-7cc7dce15c67,85675c3d-7307-423d-8c05-fa3246fe651a,1633153460727,13.4338502,52.4945348,6.3872485,3.1719108,14.657161,-5.5515146,on bike mount,cyclo cross,True,sett,intermediate
5498723f-e9db-4ceb-87f2-261fce45fb13,8d828c60-9e6e-43b9-8aa7-7cc7dce15c67,c3d94a33-9f90-4937-92fa-06b56e264702,1633153460778,13.4338502,52.4945348,6.3872485,4.543598,-4.768999,5.636651,on bike mount,cyclo cross,True,sett,intermediate
5498723f-e9db-4ceb-87f2-261fce45fb13,8d828c60-9e6e-43b9-8aa7-7cc7dce15c67,e18a1735-5d2a-49db-8b2f-bfa6688ff8dd,1633153460845,13.4338502,52.4945348,6.3872485,-4.6619067,4.1326656,-3.8556876,on bike mount,cyclo cross,True,sett,intermediate
5498723f-e9db-4ceb-87f2-261fce45fb13,8d828c60-9e6e-43b9-8aa7-7cc7dce15c67,e5b2e396-2470-4905-ae5d-683a0ca7d75e,1633153460911,13.4338502,52.4945348,6.3872485,3.5425725,-13.773367,-2.0218902,on bike mount,cyclo cross,True,sett,intermediate
5498723f-e9db-4ceb-87f2-261fce45fb13,8d828c60-9e6e-43b9-8aa7-7cc7dce15c67,a734f0e8-86af-4ef8-9390-2029c4405944,1633153460962,13.4338502,52.4945348,6.3872485,2.187186,-9.456889,12.360447,on bike mount,cyclo cross,True,sett,intermediate
5498723f-e9db-4ceb-87f2-261fce45fb13,8d828c60-9e6e-43b9-8aa7-7cc7dce15c67,937c4962-f69f-4445-9224-dc5c5de4b06a,1633153461012,13.4338502,52.4945348,6.3872485,2.9741008,-18.32258,0.14244175,on bike mount,cyclo cross,True,sett,intermediate
5498723f-e9db-4ceb-87f2-261fce45fb13,8d828c60-9e6e-43b9-8aa7-7cc7dce15c67,0c165a0a-3ce3-48a8-8b9b-8f55cb519bc1,1633153461118,13.4338502,52.4945348,6.3872485,1.5885224,-12.146135,-9.004317,on bike mount,cyclo cross,True,sett,intermediate
5498723f-e9db-4ceb-87f2-261fce45fb13,8d828c60-9e6e-43b9-8aa7-7cc7dce15c67,0867f8fa-46c6-4702-b23f-90283fdea9bb,1633153461179,13.4338502,52.4945348,6.3872485,-2.9319754,12.770934,-18.422363,on bike mount,cyclo cross,True,sett,intermediate
5498723f-e9db-4ceb-87f2-261fce45fb13,8d828c60-9e6e-43b9-8aa7-7cc7dce15c67,b1b270e5-cb20-4028-90c1-aba52896f107,1633153461229,13.4338502,52.4945348,6.3872485,-0.07581371,-10.400628,30.444874,on bike mount,cyclo cross,True,sett,intermediate
5498723f-e9db-4ceb-87f2-261fce45fb13,8d828c60-9e6e-43b9-8aa7-7cc7dce15c67,b94b1297-acad-4194-9974-b69371ccaf70,1633153461295,13.4338502,52.4945348,6.3872485,2.5276134,-5.3706207,2.896515,on bike mount,cyclo cross,True,sett,intermediate
5498723f-e9db-4ceb-87f2-261fce45fb13,8d828c60-9e6e-43b9-8aa7-7cc7dce15c67,46e20f1a-3daa-4d87-ad4e-4fbed3ccd84a,1633153461346,13.4338502,52.4945348,6.3872485,1.1475729,16.29103,-7.667975,on bike mount,cyclo cross,True,sett,intermediate
5498723f-e9db-4ceb-87f2-261fce45fb13,8d828c60-9e6e-43b9-8aa7-7cc7dce15c67,fc0d463b-6fc6-4273-b587-a9166bb1c172,1633153461412,13.4338502,52.4945348,6.3872485,-0.3776207,7.572506,-18.280218,on bike mount,cyclo cross,True,sett,intermediate
5498723f-e9db-4ceb-87f2-261fce45fb13,8d828c60-9e6e-43b9-8aa7-7cc7dce15c67,b157bb2f-83cb-42df-8ea2-979abca2a5b7,1633153461462,13.4338502,52.4945348,6.3872485,-1.984435,-5.1106033,7.6056795,on bike mount,cyclo cross,True,sett,intermediate
5498723f-e9db-4ceb-87f2-261fce45fb13,8d828c60-9e6e-43b9-8aa7-7cc7dce15c67,b9931bcd-9da7-4d7a-9889-7c8af07cb4d8,1633153461512,13.4338502,52.4945348,6.3872485,1.1999344,-3.540154,-1.3974571,on bike mount,cyclo cross,True,sett,intermediate
5498723f-e9db-4ceb-87f2-261fce45fb13,8d828c60-9e6e-43b9-8aa7-7cc7dce15c67,543df73b-aedf-4aad-95ea-a3dbb84f99bb,1633153461563,13.4338502,52.4945348,6.3872485,3.5024445,21.173561,3.1864767,on bike mount,cyclo cross,True,sett,intermediate
5498723f-e9db-4ceb-87f2-261fce45fb13,8d828c60-9e6e-43b9-8aa7-7cc7dce15c67,0eb9fbb5-828f-4f11-88da-43c9998b01db,1633153461613,13.4339307,52.494513,6.262652,2.1343138,-1.5778527,-1.574873,on bike mount,cyclo cross,True,sett,intermediate
5498723f-e9db-4ceb-87f2-261fce45fb13,8d828c60-9e6e-43b9-8aa7-7cc7dce15c67,a292a420-6f64-4644-a339-862fd25a6b66,1633153461662,13.4339307,52.494513,6.262652,2.1000414,10.483,26.81865,on bike mount,cyclo cross,True,sett,intermediate
5498723f-e9db-4ceb-87f2-261fce45fb13,8d828c60-9e6e-43b9-8aa7-7cc7dce15c67,703db09e-e70c-4048-a1c2-8145d29b6fc5,1633153461712,13.4339307,52.494513,6.262652,-7.292363,8.125668,4.1724844,on bike mount,cyclo cross,True,sett,intermediate
5498723f-e9db-4ceb-87f2-261fce45fb13,8d828c60-9e6e-43b9-8aa7-7cc7dce15c67,d357e281-2f45-4486-a256-a734259f646d,1633153461763,13.4339307,52.494513,6.262652,2.5768478,-11.649035,0.24291134,on bike mount,cyclo cross,True,sett,intermediate
5498723f-e9db-4ceb-87f2-261fce45fb13,8d828c60-9e6e-43b9-8aa7-7cc7dce15c67,0f32f86e-91aa-4547-98b9-9b202cf143c0,1633153461829,13.4339307,52.494513,6.262652,1.7852497,-13.2002125,28.394268,on bike mount,cyclo cross,True,sett,intermediate
5498723f-e9db-4ceb-87f2-261fce45fb13,8d828c60-9e6e-43b9-8aa7-7cc7dce15c67,0cbc62fa-5a72-4146-a410-a2ce7a4850fc,1633153461880,13.4339307,52.494513,6.262652,-1.6754208,6.567257,-27.002924,on bike mount,cyclo cross,True,sett,intermediate
5498723f-e9db-4ceb-87f2-261fce45fb13,8d828c60-9e6e-43b9-8aa7-7cc7dce15c67,888a5149-8359-4ba1-881a-1596e79f90cc,1633153461946,13.4339307,52.494513,6.262652,0.39603618,5.1093693,-19.991215,on bike mount,cyclo cross,True,sett,intermediate
5498723f-e9db-4ceb-87f2-261fce45fb13,8d828c60-9e6e-43b9-8aa7-7cc7dce15c67,465bbe7f-0e48-455c-b721-416c0bc18d8b,1633153461997,13.4339307,52.494513,6.262652,-1.0326319,-2.8824778,-25.803684,on bike mount,cyclo cross,True,sett,intermediate
5498723f-e9db-4ceb-87f2-261fce45fb13,8d828c60-9e6e-43b9-8aa7-7cc7dce15c67,b86ef217-24fe-4634-a58f-f2631415441c,1633153462047,13.4339307,52.494513,6.262652,5.429818,-20.608315,20.990768,on bike mount,cyclo cross,True,sett,intermediate
5498723f-e9db-4ceb-87f2-261fce45fb13,8d828c60-9e6e-43b9-8aa7-7cc7dce15c67,fc4870bf-0052-4fd9-a6fc-fafa1c79cfc9,1633153462097,13.4339307,52.494513,6.262652,0.4110161,5.4945774,-5.97219,on bike mount,cyclo cross,True,sett,intermediate
5498723f-e9db-4ceb-87f2-261fce45fb13,8d828c60-9e6e-43b9-8aa7-7cc7dce15c67,01c89e12-1b48-4c1e-836c-fda4d334e1d2,1633153462164,13.4339307,52.494513,6.262652,3.6458094,2.1878047,7.7208614,on bike mount,cyclo cross,True,sett,intermediate
5498723f-e9db-4ceb-87f2-261fce45fb13,8d828c60-9e6e-43b9-8aa7-7cc7dce15c67,32532e03-5b71-43e1-ae07-058be6038f90,1633153462214,13.4339307,52.494513,6.262652,0.32775456,36.026985,0.2747507,on bike mount,cyclo cross,True,sett,intermediate
