bike_activity_uid,bike_activity_sample_uid,bike_activity_measurement,bike_activity_measurement_timestamp,bike_activity_measurement_lon,bike_activity_measurement_lat,bike_activity_measurement_speed,bike_activity_measurement_accelerometer_x,bike_activity_measurement_accelerometer_y,bike_activity_measurement_accelerometer_z,bike_activity_phone_position,bike_activity_bike_type,bike_activity_flagged_lab_conditions,bike_activity_surface_type,bike_activity_smoothness_type
62a53e09-18bb-4e0f-8fb1-dd617ffb9e2b,c167afb0-417d-408d-baa9-5240a890fbc3,d6f949de-0350-468d-a359-510f50f63506,1636128094068,13.4082869,52.4725796,6.3499684,-0.7715564,4.140479,-0.024129868,on bike mount,cyclo cross,False,paving stones,good
62a53e09-18bb-4e0f-8fb1-dd617ffb9e2b,c167afb0-417d-408d-baa9-5240a890fbc3,a8f873fb-00c0-44f5-a2a8-580d8d1815d4,1636128094119,13.4082869,52.4725796,6.3499684,-0.98278797,1.5280051,4.0022173,on bike mount,cyclo cross,False,paving stones,good
62a53e09-18bb-4e0f-8fb1-dd617ffb9e2b,c167afb0-417d-408d-baa9-5240a890fbc3,f12337b6-78d3-4712-b4fd-2b002f58d37a,1636128094184,13.4082869,52.4725796,6.3499684,-1.6146524,-2.7903998,5.3119698,on bike mount,cyclo cross,False,paving stones,good
62a53e09-18bb-4e0f-8fb1-dd617ffb9e2b,c167afb0-417d-408d-baa9-5240a890fbc3,61448a05-9239-4e4a-82a4-de737d9055c9,1636128094236,13.4082869,52.4725796,6.3499684,-0.49523452,-3.310027,0.7626686,on bike mount,cyclo cross,False,paving stones,good
62a53e09-18bb-4e0f-8fb1-dd617ffb9e2b,c167afb0-417d-408d-baa9-5240a890fbc3,16e3520f-b8e9-4552-bd45-b5b4c8cfa6c1,1636128094286,13.4082869,52.4725796,6.3499684,0.19306086,-1.740902,0.34584332,on bike mount,cyclo cross,False,paving stones,good
62a53e09-18bb-4e0f-8fb1-dd617ffb9e2b,c167afb0-417d-408d-baa9-5240a890fbc3,1e239091-cf18-4b5d-a6d4-6f261bc32575,1636128094352,13.4082869,52.4725796,6.3499684,-1.7846864,-2.746366,5.2711515,on bike mount,cyclo cross,False,paving stones,good
62a53e09-18bb-4e0f-8fb1-dd617ffb9e2b,c167afb0-417d-408d-baa9-5240a890fbc3,2200a6c9-f911-45ca-b460-e6dcfe910dd1,1636128094402,13.4082869,52.4725796,6.3499684,-0.33524412,-0.36772752,-1.3940463,on bike mount,cyclo cross,False,paving stones,good
62a53e09-18bb-4e0f-8fb1-dd617ffb9e2b,c167afb0-417d-408d-baa9-5240a890fbc3,4c5d913f-bead-4c5b-9a42-a0918c22f67c,1636128094452,13.4082869,52.4725796,6.3499684,-1.3176241,6.5597982,-8.234184,on bike mount,cyclo cross,False,paving stones,good
62a53e09-18bb-4e0f-8fb1-dd617ffb9e2b,c167afb0-417d-408d-baa9-5240a890fbc3,428dd394-9c6a-4a50-aaa4-306d2a926c59,1636128094503,13.4083798,52.4725819,6.4990063,-1.20329,0.030687332,6.984585,on bike mount,cyclo cross,False,paving stones,good
62a53e09-18bb-4e0f-8fb1-dd617ffb9e2b,c167afb0-417d-408d-baa9-5240a890fbc3,a3889fab-269b-4a07-b077-4e302775083c,1636128094553,13.4083798,52.4725819,6.4990063,-0.25720572,-2.3128343,1.5096388,on bike mount,cyclo cross,False,paving stones,good
62a53e09-18bb-4e0f-8fb1-dd617ffb9e2b,c167afb0-417d-408d-baa9-5240a890fbc3,7c857e60-2c9c-4741-99ea-ae943917a5dc,1636128094604,13.4083798,52.4725819,6.4990063,0.13205773,4.740132,-1.4110928,on bike mount,cyclo cross,False,paving stones,good
62a53e09-18bb-4e0f-8fb1-dd617ffb9e2b,c167afb0-417d-408d-baa9-5240a890fbc3,2b53174b-eee4-422d-af5d-333ba92a78e6,1636128094670,13.4083798,52.4725819,6.4990063,-0.4707508,2.93463,-3.5289576,on bike mount,cyclo cross,False,paving stones,good
62a53e09-18bb-4e0f-8fb1-dd617ffb9e2b,c167afb0-417d-408d-baa9-5240a890fbc3,44f377cf-b2ff-4634-8689-81ad72aafebc,1636128094720,13.4083798,52.4725819,6.4990063,0.91984004,2.1092377,1.0789614,on bike mount,cyclo cross,False,paving stones,good
62a53e09-18bb-4e0f-8fb1-dd617ffb9e2b,c167afb0-417d-408d-baa9-5240a890fbc3,59e49969-055c-4a60-8e0c-cb72cf4f4734,1636128094771,13.4083798,52.4725819,6.4990063,1.2663565,-6.0712757,3.892583,on bike mount,cyclo cross,False,paving stones,good
62a53e09-18bb-4e0f-8fb1-dd617ffb9e2b,c167afb0-417d-408d-baa9-5240a890fbc3,87fc6aeb-28ca-49af-8b8f-e67f9daba981,1636128094836,13.4083798,52.4725819,6.4990063,-0.57922596,-0.4831071,-1.5632725,on bike mount,cyclo cross,False,paving stones,good
62a53e09-18bb-4e0f-8fb1-dd617ffb9e2b,c167afb0-417d-408d-baa9-5240a890fbc3,15040383-5c46-47df-923f-153600151a54,1636128094887,13.4083798,52.4725819,6.4990063,-0.167314,0.66093135,1.7604275,on bike mount,cyclo cross,False,paving stones,good
62a53e09-18bb-4e0f-8fb1-dd617ffb9e2b,c167afb0-417d-408d-baa9-5240a890fbc3,857dd60d-10d5-42d0-8b46-1fe8fdd58207,1636128094938,13.4083798,52.4725819,6.4990063,-0.7479865,1.1714263,3.302373,on bike mount,cyclo cross,False,paving stones,good
62a53e09-18bb-4e0f-8fb1-dd617ffb9e2b,c167afb0-417d-408d-baa9-5240a890fbc3,cb8731dd-d3e4-421f-b5dc-93ddbb153a3e,1636128094989,13.4083798,52.4725819,6.4990063,0.5522114,1.994348,-0.61897564,on bike mount,cyclo cross,False,paving stones,good
62a53e09-18bb-4e0f-8fb1-dd617ffb9e2b,c167afb0-417d-408d-baa9-5240a890fbc3,fc73f4f9-65a5-4f81-b213-9a2fb7e50f0d,1636128095054,13.4083798,52.4725819,6.4990063,-0.7139317,-0.9379933,-3.3655195,on bike mount,cyclo cross,False,paving stones,good
62a53e09-18bb-4e0f-8fb1-dd617ffb9e2b,c167afb0-417d-408d-baa9-5240a890fbc3,32a835a1-25a7-4946-b6c1-5f1a60049a4b,1636128095105,13.4083798,52.4725819,6.4990063,-0.23987512,3.2218766,-0.84041786,on bike mount,cyclo cross,False,paving stones,good
62a53e09-18bb-4e0f-8fb1-dd617ffb9e2b,c167afb0-417d-408d-baa9-5240a890fbc3,d445273d-fad9-4c68-bc4f-4be6e07fb149,1636128095155,13.4083798,52.4725819,6.4990063,1.6212862,0.23957133,2.9375286,on bike mount,cyclo cross,False,paving stones,good
62a53e09-18bb-4e0f-8fb1-dd617ffb9e2b,c167afb0-417d-408d-baa9-5240a890fbc3,54706b7c-c276-4ddf-bc67-8753c7a686a8,1636128095206,13.4083798,52.4725819,6.4990063,0.05430945,-1.2592527,-5.1414156,on bike mount,cyclo cross,False,paving stones,good
62a53e09-18bb-4e0f-8fb1-dd617ffb9e2b,c167afb0-417d-408d-baa9-5240a890fbc3,8b9e03a3-de2d-4316-8087-d55f82662581,1636128095271,13.4083798,52.4725819,6.4990063,-0.324058,-1.5165856,-3.4271529,on bike mount,cyclo cross,False,paving stones,good
62a53e09-18bb-4e0f-8fb1-dd617ffb9e2b,c167afb0-417d-408d-baa9-5240a890fbc3,de915cca-2a21-4fba-bd1a-b726d72f2cd9,1636128095321,13.4083798,52.4725819,6.4990063,-1.5920466,1.9282746,2.433712,on bike mount,cyclo cross,False,paving stones,good
62a53e09-18bb-4e0f-8fb1-dd617ffb9e2b,c167afb0-417d-408d-baa9-5240a890fbc3,786b522a-0f32-42a6-87dc-37d0aa31b897,1636128095371,13.4083798,52.4725819,6.4990063,-0.3281275,-2.728319,5.607856,on bike mount,cyclo cross,False,paving stones,good
62a53e09-18bb-4e0f-8fb1-dd617ffb9e2b,c167afb0-417d-408d-baa9-5240a890fbc3,7cdc044c-53a0-4227-960e-0d410d50d2e3,1636128095421,13.4083798,52.4725819,6.4990063,1.1572737,-0.12956738,-4.618545,on bike mount,cyclo cross,False,paving stones,good
62a53e09-18bb-4e0f-8fb1-dd617ffb9e2b,c167afb0-417d-408d-baa9-5240a890fbc3,99a1cd09-85ec-4861-aa84-617aedc81966,1636128095472,13.4083798,52.4725819,6.4990063,-0.36140543,2.4117012,0.028455734,on bike mount,cyclo cross,False,paving stones,good
62a53e09-18bb-4e0f-8fb1-dd617ffb9e2b,c167afb0-417d-408d-baa9-5240a890fbc3,c832fc48-9246-4630-8466-6697c8b60661,1636128095523,13.408478,52.472582,6.626697,-0.6246352,-2.6205642,3.0135002,on bike mount,cyclo cross,False,paving stones,good
62a53e09-18bb-4e0f-8fb1-dd617ffb9e2b,c167afb0-417d-408d-baa9-5240a890fbc3,d4a985c1-089b-4915-99f6-814c8167ba53,1636128095573,13.408478,52.472582,6.626697,1.2853994,-2.396005,-2.5096283,on bike mount,cyclo cross,False,paving stones,good
62a53e09-18bb-4e0f-8fb1-dd617ffb9e2b,c167afb0-417d-408d-baa9-5240a890fbc3,ca1d74dd-4e5c-4595-9b6b-1eedab2e2197,1636128095623,13.408478,52.472582,6.626697,-0.3057595,-0.021567822,1.5176258,on bike mount,cyclo cross,False,paving stones,good
62a53e09-18bb-4e0f-8fb1-dd617ffb9e2b,c167afb0-417d-408d-baa9-5240a890fbc3,9a41057d-6b0d-4744-8bd3-c6f42803835a,1636128095675,13.408478,52.472582,6.626697,-0.33274317,0.13335252,-0.8407717,on bike mount,cyclo cross,False,paving stones,good
62a53e09-18bb-4e0f-8fb1-dd617ffb9e2b,c167afb0-417d-408d-baa9-5240a890fbc3,b895ee24-57f8-4209-ae49-6a10b45f76f9,1636128095738,13.408478,52.472582,6.626697,-0.50442874,-3.6745167,4.77695,on bike mount,cyclo cross,False,paving stones,good
62a53e09-18bb-4e0f-8fb1-dd617ffb9e2b,c167afb0-417d-408d-baa9-5240a890fbc3,f18a712c-1f41-4f2c-a384-2f6a5b754502,1636128095789,13.408478,52.472582,6.626697,-0.029240355,-2.7744124,-4.158806,on bike mount,cyclo cross,False,paving stones,good
62a53e09-18bb-4e0f-8fb1-dd617ffb9e2b,c167afb0-417d-408d-baa9-5240a890fbc3,36e15fbd-b554-4b7e-858c-776a39b1c96a,1636128095839,13.408478,52.472582,6.626697,-0.41455197,-0.23350143,2.9923878,on bike mount,cyclo cross,False,paving stones,good
62a53e09-18bb-4e0f-8fb1-dd617ffb9e2b,c167afb0-417d-408d-baa9-5240a890fbc3,cdd12bde-3cb5-4f1f-a1ca-9d72e0d3dcf3,1636128095890,13.408478,52.472582,6.626697,1.4887254,-1.30325,2.7449932,on bike mount,cyclo cross,False,paving stones,good
62a53e09-18bb-4e0f-8fb1-dd617ffb9e2b,c167afb0-417d-408d-baa9-5240a890fbc3,79780122-db43-458b-8fdd-8aeb055b0cc1,1636128095955,13.408478,52.472582,6.626697,0.064387865,0.19871402,1.4825096,on bike mount,cyclo cross,False,paving stones,good
62a53e09-18bb-4e0f-8fb1-dd617ffb9e2b,c167afb0-417d-408d-baa9-5240a890fbc3,28eb8350-2e41-43cb-826d-a262fcc4cafe,1636128096006,13.408478,52.472582,6.626697,0.78898954,-2.1217747,-1.829556,on bike mount,cyclo cross,False,paving stones,good
62a53e09-18bb-4e0f-8fb1-dd617ffb9e2b,c167afb0-417d-408d-baa9-5240a890fbc3,f17e3b9f-7297-4c38-8ca6-53392ff101d6,1636128096057,13.408478,52.472582,6.626697,0.3623952,0.058000088,0.26307392,on bike mount,cyclo cross,False,paving stones,good
62a53e09-18bb-4e0f-8fb1-dd617ffb9e2b,c167afb0-417d-408d-baa9-5240a890fbc3,085113ef-8806-4065-ab5d-02cb8132e13d,1636128096108,13.408478,52.472582,6.626697,0.43568045,-0.8641894,3.9368534,on bike mount,cyclo cross,False,paving stones,good
62a53e09-18bb-4e0f-8fb1-dd617ffb9e2b,c167afb0-417d-408d-baa9-5240a890fbc3,ddcfb82c-2fa5-4933-bc09-e8832ebe8b93,1636128096175,13.408478,52.472582,6.626697,0.092754096,-1.5417162,-4.3151464,on bike mount,cyclo cross,False,paving stones,good
62a53e09-18bb-4e0f-8fb1-dd617ffb9e2b,c167afb0-417d-408d-baa9-5240a890fbc3,a291e721-1f68-440c-b00b-f6e92c6f228c,1636128096225,13.408478,52.472582,6.626697,0.99437267,2.7236469,-2.2388568,on bike mount,cyclo cross,False,paving stones,good
62a53e09-18bb-4e0f-8fb1-dd617ffb9e2b,c167afb0-417d-408d-baa9-5240a890fbc3,f995aa44-9506-47f2-b970-337febc2dfd2,1636128096291,13.408478,52.472582,6.626697,-1.001699,2.3502202,-0.096980095,on bike mount,cyclo cross,False,paving stones,good
62a53e09-18bb-4e0f-8fb1-dd617ffb9e2b,c167afb0-417d-408d-baa9-5240a890fbc3,d35ceed0-bb3c-4529-9817-fbb727869c93,1636128096342,13.408478,52.472582,6.626697,-0.48830238,2.485937,2.0120335,on bike mount,cyclo cross,False,paving stones,good
62a53e09-18bb-4e0f-8fb1-dd617ffb9e2b,c167afb0-417d-408d-baa9-5240a890fbc3,0e6a7c83-23fe-4111-9729-442d68d37dc1,1636128096393,13.408478,52.472582,6.626697,-0.099267736,-1.0773705,-3.0382848,on bike mount,cyclo cross,False,paving stones,good
62a53e09-18bb-4e0f-8fb1-dd617ffb9e2b,c167afb0-417d-408d-baa9-5240a890fbc3,93125ec5-2fe9-4f43-9864-79e2a4703aa7,1636128096452,13.408478,52.472582,6.626697,-0.7734586,-2.4958043,4.6153736,on bike mount,cyclo cross,False,paving stones,good
62a53e09-18bb-4e0f-8fb1-dd617ffb9e2b,c167afb0-417d-408d-baa9-5240a890fbc3,8411bbe4-207e-4509-aee5-4cdaa23eb809,1636128096509,13.4085818,52.472583,6.629922,-1.4849535,1.6893525,2.355894,on bike mount,cyclo cross,False,paving stones,good
62a53e09-18bb-4e0f-8fb1-dd617ffb9e2b,c167afb0-417d-408d-baa9-5240a890fbc3,af71add6-1b2b-40f8-8d61-10e547900a5d,1636128096560,13.4085818,52.472583,6.629922,0.56666684,0.6155038,-1.1798258,on bike mount,cyclo cross,False,paving stones,good
62a53e09-18bb-4e0f-8fb1-dd617ffb9e2b,c167afb0-417d-408d-baa9-5240a890fbc3,777782fe-58c0-4926-b4f4-df764f03a65a,1636128096625,13.4085818,52.472583,6.629922,-0.22731599,-3.0260448,-2.6132302,on bike mount,cyclo cross,False,paving stones,good
62a53e09-18bb-4e0f-8fb1-dd617ffb9e2b,c167afb0-417d-408d-baa9-5240a890fbc3,51fddb2c-7d67-476e-9ebe-5da08ee74083,1636128096675,13.4085818,52.472583,6.629922,-0.43094832,3.710483,-7.2477055,on bike mount,cyclo cross,False,paving stones,good
62a53e09-18bb-4e0f-8fb1-dd617ffb9e2b,c167afb0-417d-408d-baa9-5240a890fbc3,c559daf8-a08f-4af0-8f82-21bf8e2563e6,1636128096725,13.4085818,52.472583,6.629922,-0.080419704,1.2926712,3.7212486,on bike mount,cyclo cross,False,paving stones,good
62a53e09-18bb-4e0f-8fb1-dd617ffb9e2b,c167afb0-417d-408d-baa9-5240a890fbc3,2a6b025c-9d06-41d3-b128-eee836b06373,1636128096775,13.4085818,52.472583,6.629922,0.5325319,0.88667154,0.90747166,on bike mount,cyclo cross,False,paving stones,good
62a53e09-18bb-4e0f-8fb1-dd617ffb9e2b,c167afb0-417d-408d-baa9-5240a890fbc3,f6288f20-0b2a-498e-9c05-ce62f4732970,1636128096825,13.4085818,52.472583,6.629922,-0.67252445,0.39077568,-3.1109886,on bike mount,cyclo cross,False,paving stones,good
62a53e09-18bb-4e0f-8fb1-dd617ffb9e2b,c167afb0-417d-408d-baa9-5240a890fbc3,754ec5e8-5884-4ecb-8dc0-340004d619c5,1636128096875,13.4085818,52.472583,6.629922,-1.6744375,2.873829,1.9449978,on bike mount,cyclo cross,False,paving stones,good
62a53e09-18bb-4e0f-8fb1-dd617ffb9e2b,c167afb0-417d-408d-baa9-5240a890fbc3,e07c8ee8-9925-4e02-9daa-b602cd4022cc,1636128096926,13.4085818,52.472583,6.629922,0.8497738,1.8604984,1.2957821,on bike mount,cyclo cross,False,paving stones,good
62a53e09-18bb-4e0f-8fb1-dd617ffb9e2b,c167afb0-417d-408d-baa9-5240a890fbc3,85e5f640-19e4-489a-b057-d9430996437d,1636128096977,13.4085818,52.472583,6.629922,0.7053967,3.8964252,-6.5815096,on bike mount,cyclo cross,False,paving stones,good
62a53e09-18bb-4e0f-8fb1-dd617ffb9e2b,c167afb0-417d-408d-baa9-5240a890fbc3,502ce598-0b84-4558-8573-55478ac2e36a,1636128097043,13.4085818,52.472583,6.629922,-0.9050969,2.6544385,-0.306139,on bike mount,cyclo cross,False,paving stones,good
62a53e09-18bb-4e0f-8fb1-dd617ffb9e2b,c167afb0-417d-408d-baa9-5240a890fbc3,4654e4ab-69d8-45a6-bf3d-17f64cb850a9,1636128097095,13.4085818,52.472583,6.629922,-0.13146412,-1.8594769,3.820983,on bike mount,cyclo cross,False,paving stones,good
62a53e09-18bb-4e0f-8fb1-dd617ffb9e2b,c167afb0-417d-408d-baa9-5240a890fbc3,ae821c77-f565-4ce0-9bd2-a8b2cc9fbbd7,1636128097160,13.4085818,52.472583,6.629922,-1.2505374,0.58370924,-0.4710598,on bike mount,cyclo cross,False,paving stones,good
62a53e09-18bb-4e0f-8fb1-dd617ffb9e2b,c167afb0-417d-408d-baa9-5240a890fbc3,4d8a31c7-e420-4149-8026-d76d55bb6739,1636128097210,13.4085818,52.472583,6.629922,-0.7566315,-0.7042812,-5.4094334,on bike mount,cyclo cross,False,paving stones,good
62a53e09-18bb-4e0f-8fb1-dd617ffb9e2b,c167afb0-417d-408d-baa9-5240a890fbc3,5a45802a-b606-41bf-a3d3-889675124962,1636128097260,13.4085818,52.472583,6.629922,1.0801842,0.02840519,2.1645336,on bike mount,cyclo cross,False,paving stones,good
62a53e09-18bb-4e0f-8fb1-dd617ffb9e2b,cfc446c5-7bbd-4549-bfeb-1eed3f555460,d7eb7816-dd43-4428-8610-aa5aec9e6b2f,1636128095605,13.408478,52.472582,6.626697,-1.0614612,1.055151,2.4892826,on bike mount,cyclo cross,False,paving stones,good
62a53e09-18bb-4e0f-8fb1-dd617ffb9e2b,cfc446c5-7bbd-4549-bfeb-1eed3f555460,b36d9c0b-6373-432d-a773-22a5f4449096,1636128095655,13.408478,52.472582,6.626697,0.027431153,-2.6517856,-1.5102534,on bike mount,cyclo cross,False,paving stones,good
62a53e09-18bb-4e0f-8fb1-dd617ffb9e2b,cfc446c5-7bbd-4549-bfeb-1eed3f555460,341fc921-1ea4-4061-bc36-3fed3aac439d,1636128095706,13.408478,52.472582,6.626697,0.79027677,-4.437553,0.8989105,on bike mount,cyclo cross,False,paving stones,good
62a53e09-18bb-4e0f-8fb1-dd617ffb9e2b,cfc446c5-7bbd-4549-bfeb-1eed3f555460,a15b6ec4-cb81-4f41-a994-2ded620f668e,1636128095756,13.408478,52.472582,6.626697,-0.7112444,-0.74035645,0.5527115,on bike mount,cyclo cross,False,paving stones,good
62a53e09-18bb-4e0f-8fb1-dd617ffb9e2b,cfc446c5-7bbd-4549-bfeb-1eed3f555460,4c3c4a61-a57d-467e-b36d-4f8a8d7a7cd5,1636128095822,13.408478,52.472582,6.626697,-1.7899182,-0.8995848,3.9212503,on bike mount,cyclo cross,False,paving stones,good
62a53e09-18bb-4e0f-8fb1-dd617ffb9e2b,cfc446c5-7bbd-4549-bfeb-1eed3f555460,7a0342a6-54fe-4404-aeb5-b3ca7b07baec,1636128095872,13.408478,52.472582,6.626697,1.0899279,-4.40413,-2.7393632,on bike mount,cyclo cross,False,paving stones,good
62a53e09-18bb-4e0f-8fb1-dd617ffb9e2b,cfc446c5-7bbd-4549-bfeb-1eed3f555460,a551bb3c-6b97-443f-af96-11414d16a5ea,1636128095923,13.408478,52.472582,6.626697,-0.050177313,-0.6205646,-1.6383138,on bike mount,cyclo cross,False,paving stones,good
62a53e09-18bb-4e0f-8fb1-dd617ffb9e2b,cfc446c5-7bbd-4549-bfeb-1eed3f555460,31f9d2bf-b9c7-4d20-8d22-dac4b7dc31ec,1636128095973,13.408478,52.472582,6.626697,-0.17427781,0.17376828,0.2757206,on bike mount,cyclo cross,False,paving stones,good
62a53e09-18bb-4e0f-8fb1-dd617ffb9e2b,cfc446c5-7bbd-4549-bfeb-1eed3f555460,2f5c7167-2086-4401-907d-23fb55f09850,1636128096025,13.408478,52.472582,6.626697,-0.36171588,0.40944648,-8.467956,on bike mount,cyclo cross,False,paving stones,good
62a53e09-18bb-4e0f-8fb1-dd617ffb9e2b,cfc446c5-7bbd-4549-bfeb-1eed3f555460,24e2008f-f2c3-428c-b40b-a8337663163d,1636128096089,13.408478,52.472582,6.626697,-0.6514592,-2.8114696,-1.5606818,on bike mount,cyclo cross,False,paving stones,good
62a53e09-18bb-4e0f-8fb1-dd617ffb9e2b,cfc446c5-7bbd-4549-bfeb-1eed3f555460,6315ab07-5359-4e62-ba94-b9742c7d22b3,1636128096141,13.408478,52.472582,6.626697,0.0141221285,-0.22909999,3.2632036,on bike mount,cyclo cross,False,paving stones,good
62a53e09-18bb-4e0f-8fb1-dd617ffb9e2b,cfc446c5-7bbd-4549-bfeb-1eed3f555460,b23f82e8-5cfc-44e3-a238-50b9a39fb0ee,1636128096191,13.408478,52.472582,6.626697,-0.012745798,-3.4982176,0.80526733,on bike mount,cyclo cross,False,paving stones,good
62a53e09-18bb-4e0f-8fb1-dd617ffb9e2b,cfc446c5-7bbd-4549-bfeb-1eed3f555460,8c874975-a2a0-42fc-a6be-38d863206381,1636128096241,13.408478,52.472582,6.626697,0.4857586,-2.369312,-4.6960306,on bike mount,cyclo cross,False,paving stones,good
62a53e09-18bb-4e0f-8fb1-dd617ffb9e2b,cfc446c5-7bbd-4549-bfeb-1eed3f555460,29b8ffb8-c43f-4947-8360-be37705b88d5,1636128096291,13.408478,52.472582,6.626697,-1.001699,2.3502202,-0.096980095,on bike mount,cyclo cross,False,paving stones,good
62a53e09-18bb-4e0f-8fb1-dd617ffb9e2b,cfc446c5-7bbd-4549-bfeb-1eed3f555460,fd28da2c-7e71-4356-bf3c-8705bebff0d2,1636128096341,13.408478,52.472582,6.626697,0.021455616,0.40657663,2.056388,on bike mount,cyclo cross,False,paving stones,good
62a53e09-18bb-4e0f-8fb1-dd617ffb9e2b,cfc446c5-7bbd-4549-bfeb-1eed3f555460,93dfc4f0-0cb1-4631-8c17-d865995c50a3,1636128096392,13.408478,52.472582,6.626697,0.340241,-0.26049376,0.7854061,on bike mount,cyclo cross,False,paving stones,good
62a53e09-18bb-4e0f-8fb1-dd617ffb9e2b,cfc446c5-7bbd-4549-bfeb-1eed3f555460,2aa56371-0102-4e61-9542-d7b412ec56cc,1636128096451,13.408478,52.472582,6.626697,-0.7734586,-2.4958043,4.6153736,on bike mount,cyclo cross,False,paving stones,good
62a53e09-18bb-4e0f-8fb1-dd617ffb9e2b,cfc446c5-7bbd-4549-bfeb-1eed3f555460,4f76b07b-4e74-42fd-83ac-76399e0e3bf3,1636128096509,13.4085818,52.472583,6.629922,-1.4849535,1.6893525,2.355894,on bike mount,cyclo cross,False,paving stones,good
62a53e09-18bb-4e0f-8fb1-dd617ffb9e2b,cfc446c5-7bbd-4549-bfeb-1eed3f555460,18fe8818-e2ab-476b-a261-ae5c6c753d73,1636128096559,13.4085818,52.472583,6.629922,-0.029473782,-0.13191915,2.4550009,on bike mount,cyclo cross,False,paving stones,good
62a53e09-18bb-4e0f-8fb1-dd617ffb9e2b,cfc446c5-7bbd-4549-bfeb-1eed3f555460,2ddaa070-37ba-4491-9e22-2812d5644bfa,1636128096608,13.4085818,52.472583,6.629922,0.8401711,-2.1390865,-6.485352,on bike mount,cyclo cross,False,paving stones,good
62a53e09-18bb-4e0f-8fb1-dd617ffb9e2b,cfc446c5-7bbd-4549-bfeb-1eed3f555460,8f867a51-fea1-4390-aa2a-a01de2bdc72a,1636128096657,13.4085818,52.472583,6.629922,-1.245459,2.519486,1.7656841,on bike mount,cyclo cross,False,paving stones,good
62a53e09-18bb-4e0f-8fb1-dd617ffb9e2b,cfc446c5-7bbd-4549-bfeb-1eed3f555460,ed4e1cef-9d30-4f0c-836d-826037be77d8,1636128096708,13.4085818,52.472583,6.629922,0.35303187,-3.1911607,3.7373848,on bike mount,cyclo cross,False,paving stones,good
62a53e09-18bb-4e0f-8fb1-dd617ffb9e2b,cfc446c5-7bbd-4549-bfeb-1eed3f555460,5cef0a27-4f59-4f2c-b50f-1024c61f93ea,1636128096758,13.4085818,52.472583,6.629922,0.5677932,-1.8407001,-1.6453886,on bike mount,cyclo cross,False,paving stones,good
62a53e09-18bb-4e0f-8fb1-dd617ffb9e2b,cfc446c5-7bbd-4549-bfeb-1eed3f555460,bb73e414-1589-4c2a-a0de-f0dcbbe3c46c,1636128096808,13.4085818,52.472583,6.629922,1.4170152,1.2617044,4.5387583,on bike mount,cyclo cross,False,paving stones,good
62a53e09-18bb-4e0f-8fb1-dd617ffb9e2b,cfc446c5-7bbd-4549-bfeb-1eed3f555460,25cb5528-5c0c-41bd-b8bf-345230c5ddd4,1636128096859,13.4085818,52.472583,6.629922,-2.032995,2.9522998,3.075758,on bike mount,cyclo cross,False,paving stones,good
62a53e09-18bb-4e0f-8fb1-dd617ffb9e2b,cfc446c5-7bbd-4549-bfeb-1eed3f555460,0cd47624-d0a0-47c3-9099-56853a4e7a9b,1636128096910,13.4085818,52.472583,6.629922,0.5939247,-2.0564606,-3.0022445,on bike mount,cyclo cross,False,paving stones,good
62a53e09-18bb-4e0f-8fb1-dd617ffb9e2b,cfc446c5-7bbd-4549-bfeb-1eed3f555460,e0e06759-38b3-4822-b5e0-ce1670688899,1636128096975,13.4085818,52.472583,6.629922,0.7053967,3.8964252,-6.5815096,on bike mount,cyclo cross,False,paving stones,good
62a53e09-18bb-4e0f-8fb1-dd617ffb9e2b,cfc446c5-7bbd-4549-bfeb-1eed3f555460,ef112821-961d-47b8-bfcf-828d4e2c80ca,1636128097027,13.4085818,52.472583,6.629922,0.5738534,0.21672654,5.3113594,on bike mount,cyclo cross,False,paving stones,good
62a53e09-18bb-4e0f-8fb1-dd617ffb9e2b,cfc446c5-7bbd-4549-bfeb-1eed3f555460,7e867f59-2da1-4a62-a81f-2851006f7fbd,1636128097094,13.4085818,52.472583,6.629922,-0.13146412,-1.8594769,3.820983,on bike mount,cyclo cross,False,paving stones,good
62a53e09-18bb-4e0f-8fb1-dd617ffb9e2b,cfc446c5-7bbd-4549-bfeb-1eed3f555460,b8dc31b5-e1ed-4428-8ce9-e7bc3ebb6cac,1636128097144,13.4085818,52.472583,6.629922,-0.14776582,-3.1755085,-5.5467124,on bike mount,cyclo cross,False,paving stones,good
62a53e09-18bb-4e0f-8fb1-dd617ffb9e2b,cfc446c5-7bbd-4549-bfeb-1eed3f555460,b8f1d00b-352f-48a0-b737-607cab122ebf,1636128097193,13.4085818,52.472583,6.629922,0.51997185,-1.2266778,0.49499798,on bike mount,cyclo cross,False,paving stones,good
62a53e09-18bb-4e0f-8fb1-dd617ffb9e2b,cfc446c5-7bbd-4549-bfeb-1eed3f555460,5d332730-3c39-495b-9a8d-38ff7e64c503,1636128097243,13.4085818,52.472583,6.629922,1.0123433,-2.6099615,4.087368,on bike mount,cyclo cross,False,paving stones,good
62a53e09-18bb-4e0f-8fb1-dd617ffb9e2b,cfc446c5-7bbd-4549-bfeb-1eed3f555460,a30c8324-f3da-4833-8d2f-eb15eaad8a03,1636128097293,13.4085818,52.472583,6.629922,0.4995206,-1.4915241,-3.4808097,on bike mount,cyclo cross,False,paving stones,good
62a53e09-18bb-4e0f-8fb1-dd617ffb9e2b,cfc446c5-7bbd-4549-bfeb-1eed3f555460,adda0fd7-dfe9-4ef4-8a50-a3a5f0e6437b,1636128097345,13.4085818,52.472583,6.629922,-0.9076849,-0.2682891,3.1807384,on bike mount,cyclo cross,False,paving stones,good
62a53e09-18bb-4e0f-8fb1-dd617ffb9e2b,cfc446c5-7bbd-4549-bfeb-1eed3f555460,c7d5e328-5949-4f03-87cc-5f86f35d2ec5,1636128097410,13.4085818,52.472583,6.629922,-0.42964888,1.275651,0.087986946,on bike mount,cyclo cross,False,paving stones,good
62a53e09-18bb-4e0f-8fb1-dd617ffb9e2b,cfc446c5-7bbd-4549-bfeb-1eed3f555460,d40f71ca-4eac-4c7a-988d-65eb341a1022,1636128097460,13.4085818,52.472583,6.629922,0.025587887,-2.0347726,0.3457842,on bike mount,cyclo cross,False,paving stones,good
62a53e09-18bb-4e0f-8fb1-dd617ffb9e2b,cfc446c5-7bbd-4549-bfeb-1eed3f555460,226333e3-3cd8-4afc-9c40-004d1e657791,1636128097512,13.4086825,52.4725862,6.5407515,-1.3972576,1.4812164,0.74860287,on bike mount,cyclo cross,False,paving stones,good
62a53e09-18bb-4e0f-8fb1-dd617ffb9e2b,cfc446c5-7bbd-4549-bfeb-1eed3f555460,0b327839-b70d-40cc-a8a5-30595d9f94d6,1636128097562,13.4086825,52.4725862,6.5407515,-1.4138653,2.4207845,2.5621338,on bike mount,cyclo cross,False,paving stones,good
62a53e09-18bb-4e0f-8fb1-dd617ffb9e2b,cfc446c5-7bbd-4549-bfeb-1eed3f555460,43c95a4c-e80a-49cd-83df-bb6d08f6d258,1636128097612,13.4086825,52.4725862,6.5407515,-0.23105255,-0.86839116,-1.5479946,on bike mount,cyclo cross,False,paving stones,good
62a53e09-18bb-4e0f-8fb1-dd617ffb9e2b,cfc446c5-7bbd-4549-bfeb-1eed3f555460,820a7c16-d651-4eb6-b8f7-968a36d34880,1636128097677,13.4086825,52.4725862,6.5407515,0.14507665,-2.301178,-2.5238543,on bike mount,cyclo cross,False,paving stones,good
