bike_activity_uid,bike_activity_sample_uid,bike_activity_measurement,bike_activity_measurement_timestamp,bike_activity_measurement_lon,bike_activity_measurement_lat,bike_activity_measurement_speed,bike_activity_measurement_accelerometer_x,bike_activity_measurement_accelerometer_y,bike_activity_measurement_accelerometer_z,bike_activity_phone_position,bike_activity_bike_type,bike_activity_flagged_lab_conditions,bike_activity_surface_type,bike_activity_smoothness_type
6829de33-aa39-48ff-a809-5a8a92c2a471,06796513-64a1-48f5-8931-1a697916ea8d,b36fdc81-fc29-4913-b2fc-5d52cb7dd9ab,1633253439988,14.5007456,52.1406437,4.3276644,1.0353717,1.3265057,-0.7395153,on bike mount,cyclo cross,False,asphalt,excellent
6829de33-aa39-48ff-a809-5a8a92c2a471,06796513-64a1-48f5-8931-1a697916ea8d,6711038e-28ff-4e9f-a17a-cef00c8e3aa8,1633253440039,14.5007456,52.1406437,4.3276644,0.39465538,-0.35257506,0.5065565,on bike mount,cyclo cross,False,asphalt,excellent
6829de33-aa39-48ff-a809-5a8a92c2a471,06796513-64a1-48f5-8931-1a697916ea8d,40b5d812-be00-498c-aeef-55437a73e708,1633253440106,14.5007456,52.1406437,4.3276644,-0.42864382,-0.6082032,0.4108925,on bike mount,cyclo cross,False,asphalt,excellent
6829de33-aa39-48ff-a809-5a8a92c2a471,06796513-64a1-48f5-8931-1a697916ea8d,a365a3e7-1c9d-4f92-a5c8-833bf0833755,1633253440172,14.5008084,52.1406537,4.3524294,0.54499096,0.6832247,-2.5749207e-05,on bike mount,cyclo cross,False,asphalt,excellent
6829de33-aa39-48ff-a809-5a8a92c2a471,06796513-64a1-48f5-8931-1a697916ea8d,271284e4-9d50-49b3-b276-72975673c97a,1633253440239,14.5008084,52.1406537,4.3524294,-0.36409312,0.50535965,-0.69042873,on bike mount,cyclo cross,False,asphalt,excellent
6829de33-aa39-48ff-a809-5a8a92c2a471,06796513-64a1-48f5-8931-1a697916ea8d,47b558c5-2de9-4f1f-9d8b-71af0eb565e2,1633253440305,14.5008084,52.1406537,4.3524294,-0.56669325,-0.5760102,-0.6286087,on bike mount,cyclo cross,False,asphalt,excellent
6829de33-aa39-48ff-a809-5a8a92c2a471,06796513-64a1-48f5-8931-1a697916ea8d,91a6e18c-db96-47c3-a29a-85ac48684975,1633253440372,14.5008084,52.1406537,4.3524294,-0.16719764,0.24394011,1.0014076,on bike mount,cyclo cross,False,asphalt,excellent
6829de33-aa39-48ff-a809-5a8a92c2a471,06796513-64a1-48f5-8931-1a697916ea8d,d493bb1b-97bf-4959-9b30-ef46982df041,1633253440423,14.5008084,52.1406537,4.3524294,-0.6640299,-0.5409875,-0.15089512,on bike mount,cyclo cross,False,asphalt,excellent
6829de33-aa39-48ff-a809-5a8a92c2a471,06796513-64a1-48f5-8931-1a697916ea8d,5d45daac-671f-4fc8-848d-7073e527ba30,1633253440489,14.5008084,52.1406537,4.3524294,0.5934591,0.42181087,-0.021305084,on bike mount,cyclo cross,False,asphalt,excellent
6829de33-aa39-48ff-a809-5a8a92c2a471,06796513-64a1-48f5-8931-1a697916ea8d,aee93db5-f3f5-441c-a2ac-7a8c1ace4332,1633253440539,14.5008084,52.1406537,4.3524294,-1.0314229,-0.57674885,-0.047642708,on bike mount,cyclo cross,False,asphalt,excellent
6829de33-aa39-48ff-a809-5a8a92c2a471,06796513-64a1-48f5-8931-1a697916ea8d,6b1b776e-4844-4e8b-b03e-749b9d9c223e,1633253440606,14.5008084,52.1406537,4.3524294,-0.10831732,0.050521612,0.54048824,on bike mount,cyclo cross,False,asphalt,excellent
6829de33-aa39-48ff-a809-5a8a92c2a471,06796513-64a1-48f5-8931-1a697916ea8d,d11f4fd7-e403-4aa7-b0f6-a515b38dda80,1633253440673,14.5008084,52.1406537,4.3524294,-0.55817425,-0.10736179,-0.009290695,on bike mount,cyclo cross,False,asphalt,excellent
6829de33-aa39-48ff-a809-5a8a92c2a471,06796513-64a1-48f5-8931-1a697916ea8d,bf3efa9a-bb1a-479d-934e-8e14ff6a6701,1633253440739,14.5008084,52.1406537,4.3524294,0.5376127,0.009811163,0.37520504,on bike mount,cyclo cross,False,asphalt,excellent
6829de33-aa39-48ff-a809-5a8a92c2a471,06796513-64a1-48f5-8931-1a697916ea8d,4e3a5cc9-d486-4424-bc31-58b199335dba,1633253440790,14.5008084,52.1406537,4.3524294,1.8283818,-0.25205922,-0.4362135,on bike mount,cyclo cross,False,asphalt,excellent
6829de33-aa39-48ff-a809-5a8a92c2a471,06796513-64a1-48f5-8931-1a697916ea8d,f6fba582-0061-4076-89d7-4434c96332dc,1633253440856,14.5008084,52.1406537,4.3524294,-1.0033318,1.0380661,-0.7692604,on bike mount,cyclo cross,False,asphalt,excellent
6829de33-aa39-48ff-a809-5a8a92c2a471,06796513-64a1-48f5-8931-1a697916ea8d,217f7148-c081-4b2d-9787-a31b0d7c033b,1633253440923,14.5008084,52.1406537,4.3524294,0.22275767,-0.156178,-1.1662865,on bike mount,cyclo cross,False,asphalt,excellent
6829de33-aa39-48ff-a809-5a8a92c2a471,06796513-64a1-48f5-8931-1a697916ea8d,ffad6114-f6ef-47da-be86-c676e4e9472f,1633253440990,14.5008084,52.1406537,4.3524294,0.77788436,1.3437338,-0.3732357,on bike mount,cyclo cross,False,asphalt,excellent
6829de33-aa39-48ff-a809-5a8a92c2a471,06796513-64a1-48f5-8931-1a697916ea8d,271b07f7-c61e-4628-b6d5-50a3f7162dcf,1633253441057,14.5008084,52.1406537,4.3524294,0.28889412,0.40022516,-0.763824,on bike mount,cyclo cross,False,asphalt,excellent
6829de33-aa39-48ff-a809-5a8a92c2a471,06796513-64a1-48f5-8931-1a697916ea8d,d327f21d-807f-4808-9243-b527e135c442,1633253441107,14.5008084,52.1406537,4.3524294,-0.21404529,1.1141407,0.3437233,on bike mount,cyclo cross,False,asphalt,excellent
6829de33-aa39-48ff-a809-5a8a92c2a471,06796513-64a1-48f5-8931-1a697916ea8d,b75df744-f3ed-4765-8349-77515a694331,1633253441173,14.5008693,52.1406646,4.279807,-0.3137138,0.08650327,0.35571098,on bike mount,cyclo cross,False,asphalt,excellent
6829de33-aa39-48ff-a809-5a8a92c2a471,488f1501-1368-4fa4-9b7f-9c84f3f91fd7,ba53394f-f9d5-4c79-88a5-819a634df0e4,1633253434498,14.5004336,52.140592,4.1392975,-1.2858546,0.6581323,0.64894104,on bike mount,cyclo cross,False,asphalt,excellent
6829de33-aa39-48ff-a809-5a8a92c2a471,488f1501-1368-4fa4-9b7f-9c84f3f91fd7,7e8a260b-1657-46cf-91ca-bcf290b7637e,1633253434588,14.5004336,52.140592,4.1392975,0.42639944,0.6316886,-0.034776688,on bike mount,cyclo cross,False,asphalt,excellent
6829de33-aa39-48ff-a809-5a8a92c2a471,488f1501-1368-4fa4-9b7f-9c84f3f91fd7,a085bcc8-bd9c-45fb-9dee-153308901496,1633253434647,14.5004336,52.140592,4.1392975,0.8443976,0.6483753,-0.35792637,on bike mount,cyclo cross,False,asphalt,excellent
6829de33-aa39-48ff-a809-5a8a92c2a471,488f1501-1368-4fa4-9b7f-9c84f3f91fd7,19b79aac-f971-4e2d-8cf5-f574133a58fd,1633253434714,14.5004336,52.140592,4.1392975,0.28054047,0.25401092,0.46704674,on bike mount,cyclo cross,False,asphalt,excellent
6829de33-aa39-48ff-a809-5a8a92c2a471,488f1501-1368-4fa4-9b7f-9c84f3f91fd7,b4f6d6fc-8e28-4752-a0cf-4dfda5bb1e52,1633253434780,14.5004336,52.140592,4.1392975,0.46073675,-0.94614744,0.2498436,on bike mount,cyclo cross,False,asphalt,excellent
6829de33-aa39-48ff-a809-5a8a92c2a471,488f1501-1368-4fa4-9b7f-9c84f3f91fd7,d712c0ff-673e-429e-9bd9-3501bff1a703,1633253434847,14.5004336,52.140592,4.1392975,1.8525015,-1.4412307,1.98036,on bike mount,cyclo cross,False,asphalt,excellent
6829de33-aa39-48ff-a809-5a8a92c2a471,488f1501-1368-4fa4-9b7f-9c84f3f91fd7,da30aa2c-3ac1-4558-adc1-0acdf77375e2,1633253434913,14.5004336,52.140592,4.1392975,0.5716274,-0.88686943,-0.37573814,on bike mount,cyclo cross,False,asphalt,excellent
6829de33-aa39-48ff-a809-5a8a92c2a471,488f1501-1368-4fa4-9b7f-9c84f3f91fd7,0851ad9c-78d4-4c07-aef7-fbd85c7c9d6e,1633253434981,14.5004336,52.140592,4.1392975,0.59774613,0.4367242,0.69099903,on bike mount,cyclo cross,False,asphalt,excellent
6829de33-aa39-48ff-a809-5a8a92c2a471,488f1501-1368-4fa4-9b7f-9c84f3f91fd7,ce600a59-15b6-48ff-86aa-5dcc4c67def8,1633253435047,14.5004336,52.140592,4.1392975,1.3868685,0.45470142,0.7854166,on bike mount,cyclo cross,False,asphalt,excellent
6829de33-aa39-48ff-a809-5a8a92c2a471,488f1501-1368-4fa4-9b7f-9c84f3f91fd7,60707484-a455-456f-83ff-6421c2075612,1633253435114,14.5004336,52.140592,4.1392975,-1.1440283,-0.050447226,0.16938019,on bike mount,cyclo cross,False,asphalt,excellent
6829de33-aa39-48ff-a809-5a8a92c2a471,488f1501-1368-4fa4-9b7f-9c84f3f91fd7,6ae95bfb-bfa9-4b63-840d-b5d54a711e15,1633253435180,14.5004934,52.1405984,4.3166685,-0.51430905,-0.91117024,0.73203087,on bike mount,cyclo cross,False,asphalt,excellent
6829de33-aa39-48ff-a809-5a8a92c2a471,488f1501-1368-4fa4-9b7f-9c84f3f91fd7,bd261db1-5f89-48f3-b138-3f8304827f31,1633253435247,14.5004934,52.1405984,4.3166685,-0.48760796,-0.47325063,0.19363117,on bike mount,cyclo cross,False,asphalt,excellent
6829de33-aa39-48ff-a809-5a8a92c2a471,488f1501-1368-4fa4-9b7f-9c84f3f91fd7,8b9ce1d1-8a31-4025-8fc2-6c59d615b3bb,1633253435297,14.5004934,52.1405984,4.3166685,-0.1925176,-1.0882726,-0.9938688,on bike mount,cyclo cross,False,asphalt,excellent
6829de33-aa39-48ff-a809-5a8a92c2a471,488f1501-1368-4fa4-9b7f-9c84f3f91fd7,08f9ff1b-2153-420b-b5ee-c3b8226af841,1633253435364,14.5004934,52.1405984,4.3166685,-0.6617576,1.4404516,-0.49325562,on bike mount,cyclo cross,False,asphalt,excellent
6829de33-aa39-48ff-a809-5a8a92c2a471,488f1501-1368-4fa4-9b7f-9c84f3f91fd7,c9f7534d-fc36-4890-9cbf-00937920ef36,1633253435431,14.5004934,52.1405984,4.3166685,-1.0263276,0.64787817,-0.84716225,on bike mount,cyclo cross,False,asphalt,excellent
6829de33-aa39-48ff-a809-5a8a92c2a471,488f1501-1368-4fa4-9b7f-9c84f3f91fd7,58c6ac58-f26f-4c60-a9a2-f478fbafe873,1633253435498,14.5004934,52.1405984,4.3166685,0.41614002,0.78312063,0.14392567,on bike mount,cyclo cross,False,asphalt,excellent
6829de33-aa39-48ff-a809-5a8a92c2a471,488f1501-1368-4fa4-9b7f-9c84f3f91fd7,2bd2f0d2-49ea-4ffb-8aa1-1798ec15a56d,1633253435564,14.5004934,52.1405984,4.3166685,-0.75945324,-0.48658276,-0.37056828,on bike mount,cyclo cross,False,asphalt,excellent
6829de33-aa39-48ff-a809-5a8a92c2a471,488f1501-1368-4fa4-9b7f-9c84f3f91fd7,976135bd-0cf9-4872-bcbd-fb3c6cc91b86,1633253435631,14.5004934,52.1405984,4.3166685,-0.78833157,0.14833641,0.4379673,on bike mount,cyclo cross,False,asphalt,excellent
6829de33-aa39-48ff-a809-5a8a92c2a471,488f1501-1368-4fa4-9b7f-9c84f3f91fd7,48be3a23-1cf8-48b1-8223-7b8612146475,1633253435698,14.5004934,52.1405984,4.3166685,-0.107616425,-0.7680783,1.2836523,on bike mount,cyclo cross,False,asphalt,excellent
6829de33-aa39-48ff-a809-5a8a92c2a471,488f1501-1368-4fa4-9b7f-9c84f3f91fd7,78fff22d-4773-45ce-83ac-59a36999e361,1633253435765,14.5004934,52.1405984,4.3166685,-1.1222713,-0.50320363,1.1878548,on bike mount,cyclo cross,False,asphalt,excellent
6829de33-aa39-48ff-a809-5a8a92c2a471,488f1501-1368-4fa4-9b7f-9c84f3f91fd7,59d071ea-17e2-47cd-98aa-f4331a0eb07b,1633253435831,14.5004934,52.1405984,4.3166685,2.16742,-0.53759027,1.674386,on bike mount,cyclo cross,False,asphalt,excellent
6829de33-aa39-48ff-a809-5a8a92c2a471,488f1501-1368-4fa4-9b7f-9c84f3f91fd7,016de32b-fb89-4c2d-bccd-4f4151119a5e,1633253435899,14.5004934,52.1405984,4.3166685,0.92420703,0.2141242,0.3181467,on bike mount,cyclo cross,False,asphalt,excellent
6829de33-aa39-48ff-a809-5a8a92c2a471,488f1501-1368-4fa4-9b7f-9c84f3f91fd7,7059091e-b5f4-4239-9980-66f4d41ebe89,1633253435965,14.5004934,52.1405984,4.3166685,-0.1494651,-0.07685661,-0.1500082,on bike mount,cyclo cross,False,asphalt,excellent
6829de33-aa39-48ff-a809-5a8a92c2a471,488f1501-1368-4fa4-9b7f-9c84f3f91fd7,664b1f00-51a5-475a-bc49-6b22688ff971,1633253436032,14.5004934,52.1405984,4.3166685,0.6805496,0.23794365,-0.12407398,on bike mount,cyclo cross,False,asphalt,excellent
6829de33-aa39-48ff-a809-5a8a92c2a471,488f1501-1368-4fa4-9b7f-9c84f3f91fd7,4120373f-9328-4e66-bec2-17b49a017f2d,1633253436099,14.5004934,52.1405984,4.3166685,-1.2420834,-0.28936172,-1.1807632,on bike mount,cyclo cross,False,asphalt,excellent
6829de33-aa39-48ff-a809-5a8a92c2a471,488f1501-1368-4fa4-9b7f-9c84f3f91fd7,c54461f7-1ff1-49f4-be71-601221d38a0e,1633253436165,14.5005554,52.1406084,4.398661,0.07339917,-0.51800776,1.1126165,on bike mount,cyclo cross,False,asphalt,excellent
6829de33-aa39-48ff-a809-5a8a92c2a471,488f1501-1368-4fa4-9b7f-9c84f3f91fd7,30b09ef1-c885-42b6-9fc8-3ac7551cdad9,1633253436233,14.5005554,52.1406084,4.398661,0.3239265,0.039917946,-0.16692924,on bike mount,cyclo cross,False,asphalt,excellent
6829de33-aa39-48ff-a809-5a8a92c2a471,488f1501-1368-4fa4-9b7f-9c84f3f91fd7,ae0ed9a2-5d13-466c-a641-9a6a00ed85af,1633253436299,14.5005554,52.1406084,4.398661,-0.672392,0.3847978,-0.3076048,on bike mount,cyclo cross,False,asphalt,excellent
6829de33-aa39-48ff-a809-5a8a92c2a471,488f1501-1368-4fa4-9b7f-9c84f3f91fd7,35bcaf61-1c0f-4e45-b9ef-72fe7111f14e,1633253436366,14.5005554,52.1406084,4.398661,0.0156769,0.057100296,-1.6646562,on bike mount,cyclo cross,False,asphalt,excellent
6829de33-aa39-48ff-a809-5a8a92c2a471,488f1501-1368-4fa4-9b7f-9c84f3f91fd7,8291274e-ea10-4c01-a09f-63326c48a538,1633253436433,14.5005554,52.1406084,4.398661,-1.0431638,-0.4446411,-0.15561962,on bike mount,cyclo cross,False,asphalt,excellent
6829de33-aa39-48ff-a809-5a8a92c2a471,488f1501-1368-4fa4-9b7f-9c84f3f91fd7,16de5c76-f449-440c-9954-321ecc1a72ac,1633253436499,14.5005554,52.1406084,4.398661,0.66275877,0.6692629,1.3025532,on bike mount,cyclo cross,False,asphalt,excellent
6829de33-aa39-48ff-a809-5a8a92c2a471,488f1501-1368-4fa4-9b7f-9c84f3f91fd7,5bcbe308-6bb1-4f8b-96dd-2912be0f1698,1633253436566,14.5005554,52.1406084,4.398661,0.039603792,-0.06877446,-0.9551277,on bike mount,cyclo cross,False,asphalt,excellent
6829de33-aa39-48ff-a809-5a8a92c2a471,488f1501-1368-4fa4-9b7f-9c84f3f91fd7,07de9233-386c-4b0a-9c3b-65df4e9ce08e,1633253436617,14.5005554,52.1406084,4.398661,-0.26893654,-0.46974373,0.43057346,on bike mount,cyclo cross,False,asphalt,excellent
6829de33-aa39-48ff-a809-5a8a92c2a471,488f1501-1368-4fa4-9b7f-9c84f3f91fd7,7d2c4053-dbf2-4a64-9614-af7cddc5038f,1633253436684,14.5005554,52.1406084,4.398661,0.07248144,-0.53524756,0.17553806,on bike mount,cyclo cross,False,asphalt,excellent
6829de33-aa39-48ff-a809-5a8a92c2a471,488f1501-1368-4fa4-9b7f-9c84f3f91fd7,b56b6816-ab71-4709-a6ee-42134e4f2ade,1633253436750,14.5005554,52.1406084,4.398661,0.2610236,-0.6135118,-1.1639585,on bike mount,cyclo cross,False,asphalt,excellent
6829de33-aa39-48ff-a809-5a8a92c2a471,488f1501-1368-4fa4-9b7f-9c84f3f91fd7,69fca243-89dd-4e4f-8900-2f2fd88cf7b9,1633253436817,14.5005554,52.1406084,4.398661,1.1739719,-0.569654,1.9037743,on bike mount,cyclo cross,False,asphalt,excellent
6829de33-aa39-48ff-a809-5a8a92c2a471,488f1501-1368-4fa4-9b7f-9c84f3f91fd7,e979b881-72bd-48f7-afaa-5cb0784de159,1633253436883,14.5005554,52.1406084,4.398661,0.14988178,0.99094725,-0.24078369,on bike mount,cyclo cross,False,asphalt,excellent
6829de33-aa39-48ff-a809-5a8a92c2a471,488f1501-1368-4fa4-9b7f-9c84f3f91fd7,99814cde-7f75-4318-bc70-f0dfeb73b23b,1633253436950,14.5005554,52.1406084,4.398661,0.54149157,0.34151626,0.6489172,on bike mount,cyclo cross,False,asphalt,excellent
6829de33-aa39-48ff-a809-5a8a92c2a471,488f1501-1368-4fa4-9b7f-9c84f3f91fd7,53d7f22f-87ea-441f-8fe3-bf0f36b62699,1633253437017,14.5005554,52.1406084,4.398661,0.26166075,-1.4559658,0.21290112,on bike mount,cyclo cross,False,asphalt,excellent
6829de33-aa39-48ff-a809-5a8a92c2a471,488f1501-1368-4fa4-9b7f-9c84f3f91fd7,ea62b1b0-8a62-4115-b50b-108316434a01,1633253437068,14.5005554,52.1406084,4.398661,-0.05853665,-0.29998612,-0.2733364,on bike mount,cyclo cross,False,asphalt,excellent
6829de33-aa39-48ff-a809-5a8a92c2a471,488f1501-1368-4fa4-9b7f-9c84f3f91fd7,c74d2189-9d8f-4a78-82c8-0860107325fc,1633253437133,14.5006192,52.1406202,4.4385214,0.22040465,0.5319936,0.71045494,on bike mount,cyclo cross,False,asphalt,excellent
6829de33-aa39-48ff-a809-5a8a92c2a471,488f1501-1368-4fa4-9b7f-9c84f3f91fd7,4740a178-3106-4c2b-bdbc-fb7f78c66291,1633253437184,14.5006192,52.1406202,4.4385214,0.3127968,0.049391747,-0.03530407,on bike mount,cyclo cross,False,asphalt,excellent
6829de33-aa39-48ff-a809-5a8a92c2a471,488f1501-1368-4fa4-9b7f-9c84f3f91fd7,50045679-e8f0-48ba-8d17-e645852a0559,1633253437251,14.5006192,52.1406202,4.4385214,-1.2416573,0.5447719,-0.54188347,on bike mount,cyclo cross,False,asphalt,excellent
6829de33-aa39-48ff-a809-5a8a92c2a471,488f1501-1368-4fa4-9b7f-9c84f3f91fd7,ccf6eb91-c9c2-4dc5-b81b-d0fb3c660817,1633253437318,14.5006192,52.1406202,4.4385214,0.13394082,-0.41156077,1.0520506,on bike mount,cyclo cross,False,asphalt,excellent
6829de33-aa39-48ff-a809-5a8a92c2a471,488f1501-1368-4fa4-9b7f-9c84f3f91fd7,b6b4909b-d504-4d3c-820d-9e0790b3e9ab,1633253437385,14.5006192,52.1406202,4.4385214,-0.4634111,0.15889096,0.5965681,on bike mount,cyclo cross,False,asphalt,excellent
6829de33-aa39-48ff-a809-5a8a92c2a471,488f1501-1368-4fa4-9b7f-9c84f3f91fd7,d8c54e1b-665d-4dce-88d3-53ac3325d6a9,1633253437452,14.5006192,52.1406202,4.4385214,-1.0808725,0.054673433,-0.5318155,on bike mount,cyclo cross,False,asphalt,excellent
6829de33-aa39-48ff-a809-5a8a92c2a471,488f1501-1368-4fa4-9b7f-9c84f3f91fd7,ec6768f2-e7d9-4fd3-8d1f-a0668ca3f783,1633253437519,14.5006192,52.1406202,4.4385214,0.05349785,-0.24694324,0.9213085,on bike mount,cyclo cross,False,asphalt,excellent
6829de33-aa39-48ff-a809-5a8a92c2a471,488f1501-1368-4fa4-9b7f-9c84f3f91fd7,53d07507-5291-451d-bbe1-ffb4c3189bd3,1633253437585,14.5006192,52.1406202,4.4385214,0.20592111,-0.08877373,-0.21993732,on bike mount,cyclo cross,False,asphalt,excellent
6829de33-aa39-48ff-a809-5a8a92c2a471,488f1501-1368-4fa4-9b7f-9c84f3f91fd7,4272fc93-f968-4daa-9def-3268ac379073,1633253437651,14.5006192,52.1406202,4.4385214,-0.10085602,0.1958549,0.008363724,on bike mount,cyclo cross,False,asphalt,excellent
6829de33-aa39-48ff-a809-5a8a92c2a471,488f1501-1368-4fa4-9b7f-9c84f3f91fd7,24df4668-e986-4368-bc1b-3c35e96d0512,1633253437702,14.5006192,52.1406202,4.4385214,0.01967153,0.6399832,0.96627426,on bike mount,cyclo cross,False,asphalt,excellent
6829de33-aa39-48ff-a809-5a8a92c2a471,488f1501-1368-4fa4-9b7f-9c84f3f91fd7,c231708b-867d-4b63-9e5f-bb8a1a84a802,1633253437768,14.5006192,52.1406202,4.4385214,-0.20004176,0.010678053,0.33891773,on bike mount,cyclo cross,False,asphalt,excellent
6829de33-aa39-48ff-a809-5a8a92c2a471,488f1501-1368-4fa4-9b7f-9c84f3f91fd7,706ea576-44f1-4948-8250-343d6066f097,1633253437835,14.5006192,52.1406202,4.4385214,-0.54312766,0.035621405,0.39846897,on bike mount,cyclo cross,False,asphalt,excellent
6829de33-aa39-48ff-a809-5a8a92c2a471,488f1501-1368-4fa4-9b7f-9c84f3f91fd7,191da332-f221-4d74-83f0-7685309a66e6,1633253437902,14.5006192,52.1406202,4.4385214,1.323848,0.6096568,-1.1543183,on bike mount,cyclo cross,False,asphalt,excellent
6829de33-aa39-48ff-a809-5a8a92c2a471,488f1501-1368-4fa4-9b7f-9c84f3f91fd7,81b551d0-8f02-4956-bc44-d478a4ce5a16,1633253437968,14.5006192,52.1406202,4.4385214,0.22983047,-1.1267669,0.13702965,on bike mount,cyclo cross,False,asphalt,excellent
6829de33-aa39-48ff-a809-5a8a92c2a471,488f1501-1368-4fa4-9b7f-9c84f3f91fd7,48fe515c-8d9e-455a-b299-426b78e90d9d,1633253438035,14.5006192,52.1406202,4.4385214,0.9110124,-0.47701478,0.67790127,on bike mount,cyclo cross,False,asphalt,excellent
6829de33-aa39-48ff-a809-5a8a92c2a471,488f1501-1368-4fa4-9b7f-9c84f3f91fd7,9e109bf6-18c3-49ce-96b8-31dcb9737944,1633253438102,14.5006192,52.1406202,4.4385214,0.4245078,-0.33041358,0.024312973,on bike mount,cyclo cross,False,asphalt,excellent
6829de33-aa39-48ff-a809-5a8a92c2a471,488f1501-1368-4fa4-9b7f-9c84f3f91fd7,603c4e47-dd8a-49e8-90fe-13fdbee4694a,1633253438169,14.5006831,52.1406319,4.3361645,0.5313625,0.75847626,-0.19385242,on bike mount,cyclo cross,False,asphalt,excellent
6829de33-aa39-48ff-a809-5a8a92c2a471,488f1501-1368-4fa4-9b7f-9c84f3f91fd7,02905bb5-872f-4855-9da2-c95b28f046d9,1633253438219,14.5006831,52.1406319,4.3361645,-0.32935482,-0.26134562,-0.13191128,on bike mount,cyclo cross,False,asphalt,excellent
6829de33-aa39-48ff-a809-5a8a92c2a471,488f1501-1368-4fa4-9b7f-9c84f3f91fd7,ddc43d25-4d72-4ab0-9cf3-a4322638a56d,1633253438286,14.5006831,52.1406319,4.3361645,0.1569407,-0.24264503,-0.26312256,on bike mount,cyclo cross,False,asphalt,excellent
6829de33-aa39-48ff-a809-5a8a92c2a471,488f1501-1368-4fa4-9b7f-9c84f3f91fd7,2f17b0e5-d1a3-49f5-8ea6-d7b4b7bd598d,1633253438353,14.5006831,52.1406319,4.3361645,0.88077265,-0.2054987,-1.3015904,on bike mount,cyclo cross,False,asphalt,excellent
6829de33-aa39-48ff-a809-5a8a92c2a471,488f1501-1368-4fa4-9b7f-9c84f3f91fd7,94010929-1e9a-48ca-ac42-fc51d26d658d,1633253438419,14.5006831,52.1406319,4.3361645,-0.15321577,0.015074968,0.121518135,on bike mount,cyclo cross,False,asphalt,excellent
6829de33-aa39-48ff-a809-5a8a92c2a471,488f1501-1368-4fa4-9b7f-9c84f3f91fd7,9a23cdc9-b3a8-456e-8cb7-dbb373ec29b1,1633253438470,14.5006831,52.1406319,4.3361645,0.26204258,0.74595,-0.5423298,on bike mount,cyclo cross,False,asphalt,excellent
6829de33-aa39-48ff-a809-5a8a92c2a471,488f1501-1368-4fa4-9b7f-9c84f3f91fd7,e842efa1-94c6-4771-92fe-58888ce5f18e,1633253438535,14.5006831,52.1406319,4.3361645,0.6127787,0.8830354,0.66694355,on bike mount,cyclo cross,False,asphalt,excellent
6829de33-aa39-48ff-a809-5a8a92c2a471,488f1501-1368-4fa4-9b7f-9c84f3f91fd7,8c9dcb2a-3f34-477e-b161-b45b0c7f63c4,1633253438586,14.5006831,52.1406319,4.3361645,0.22598857,0.39623237,-0.16010857,on bike mount,cyclo cross,False,asphalt,excellent
6829de33-aa39-48ff-a809-5a8a92c2a471,488f1501-1368-4fa4-9b7f-9c84f3f91fd7,8da3ad2e-60f9-49a7-93da-91a8794ff0c4,1633253438653,14.5006831,52.1406319,4.3361645,0.68373364,-0.6788149,0.09749794,on bike mount,cyclo cross,False,asphalt,excellent
6829de33-aa39-48ff-a809-5a8a92c2a471,488f1501-1368-4fa4-9b7f-9c84f3f91fd7,d60e7bbb-028a-4632-b71b-e667e2f5d0ca,1633253438720,14.5006831,52.1406319,4.3361645,-1.0872059,-0.03908491,1.2683706,on bike mount,cyclo cross,False,asphalt,excellent
6829de33-aa39-48ff-a809-5a8a92c2a471,488f1501-1368-4fa4-9b7f-9c84f3f91fd7,356eb632-b4e5-47e8-9d3e-48a88a8928b3,1633253438787,14.5006831,52.1406319,4.3361645,-0.75714815,-0.5639062,0.6917982,on bike mount,cyclo cross,False,asphalt,excellent
6829de33-aa39-48ff-a809-5a8a92c2a471,488f1501-1368-4fa4-9b7f-9c84f3f91fd7,f8807b67-53fa-4a9b-8220-a9cca0b29559,1633253438853,14.5006831,52.1406319,4.3361645,0.041559666,1.1129866,-1.1914201,on bike mount,cyclo cross,False,asphalt,excellent
6829de33-aa39-48ff-a809-5a8a92c2a471,488f1501-1368-4fa4-9b7f-9c84f3f91fd7,431433fa-30ef-4a4d-931b-a6aec272338c,1633253438920,14.5006831,52.1406319,4.3361645,-0.35269213,-0.08861947,-0.5478897,on bike mount,cyclo cross,False,asphalt,excellent
6829de33-aa39-48ff-a809-5a8a92c2a471,488f1501-1368-4fa4-9b7f-9c84f3f91fd7,7aca5ba2-5998-4b50-96ba-4885257ab9d2,1633253438987,14.5006831,52.1406319,4.3361645,0.94751626,0.23757434,-0.48405647,on bike mount,cyclo cross,False,asphalt,excellent
6829de33-aa39-48ff-a809-5a8a92c2a471,488f1501-1368-4fa4-9b7f-9c84f3f91fd7,1e494ff3-7b83-4963-bed3-c30ddaa82013,1633253439054,14.5006831,52.1406319,4.3361645,1.3791907,-0.20765519,0.02403164,on bike mount,cyclo cross,False,asphalt,excellent
6829de33-aa39-48ff-a809-5a8a92c2a471,488f1501-1368-4fa4-9b7f-9c84f3f91fd7,1fac0e53-81a0-41d3-9749-f022e8b2eb9b,1633253439120,14.5006831,52.1406319,4.3361645,0.6390264,0.54565907,0.4719019,on bike mount,cyclo cross,False,asphalt,excellent
6829de33-aa39-48ff-a809-5a8a92c2a471,488f1501-1368-4fa4-9b7f-9c84f3f91fd7,6f59fe58-b4ac-4893-bc3a-541f5b4c5a21,1633253439187,14.5007456,52.1406437,4.3276644,0.48498127,-0.45859885,1.8593073,on bike mount,cyclo cross,False,asphalt,excellent
6829de33-aa39-48ff-a809-5a8a92c2a471,488f1501-1368-4fa4-9b7f-9c84f3f91fd7,2e350802-32ad-4882-9a70-5e5d29c97061,1633253439254,14.5007456,52.1406437,4.3276644,0.48870587,-0.6614783,0.7145262,on bike mount,cyclo cross,False,asphalt,excellent
6829de33-aa39-48ff-a809-5a8a92c2a471,488f1501-1368-4fa4-9b7f-9c84f3f91fd7,e78cd9fc-6159-4965-89d8-93bc48d2dedd,1633253439320,14.5007456,52.1406437,4.3276644,0.41092643,0.3973446,-0.055262566,on bike mount,cyclo cross,False,asphalt,excellent
6829de33-aa39-48ff-a809-5a8a92c2a471,488f1501-1368-4fa4-9b7f-9c84f3f91fd7,4bf6caa7-f7ad-4b02-be55-04c625ec0b72,1633253439371,14.5007456,52.1406437,4.3276644,-0.2551895,1.0275667,-1.0782628,on bike mount,cyclo cross,False,asphalt,excellent
6829de33-aa39-48ff-a809-5a8a92c2a471,488f1501-1368-4fa4-9b7f-9c84f3f91fd7,f601009d-a2e7-4f34-9cb7-6bed4f12ed8c,1633253439438,14.5007456,52.1406437,4.3276644,0.04612869,0.011847734,0.34775066,on bike mount,cyclo cross,False,asphalt,excellent
6829de33-aa39-48ff-a809-5a8a92c2a471,488f1501-1368-4fa4-9b7f-9c84f3f91fd7,f16b098a-81cd-4d95-ad13-8817448073e3,1633253439504,14.5007456,52.1406437,4.3276644,-0.21428716,-0.6754067,-1.2410135,on bike mount,cyclo cross,False,asphalt,excellent
6829de33-aa39-48ff-a809-5a8a92c2a471,488f1501-1368-4fa4-9b7f-9c84f3f91fd7,b21cd6f3-e9ec-4326-abde-9d2b529dfe39,1633253439571,14.5007456,52.1406437,4.3276644,0.39421535,-1.1938474,-0.36909676,on bike mount,cyclo cross,False,asphalt,excellent
6829de33-aa39-48ff-a809-5a8a92c2a471,488f1501-1368-4fa4-9b7f-9c84f3f91fd7,729b90dd-fe68-40b0-8a1b-410091bd063b,1633253439638,14.5007456,52.1406437,4.3276644,0.20598339,0.71109366,-0.78545666,on bike mount,cyclo cross,False,asphalt,excellent
