bike_activity_uid,bike_activity_sample_uid,bike_activity_measurement,bike_activity_measurement_timestamp,bike_activity_measurement_lon,bike_activity_measurement_lat,bike_activity_measurement_speed,bike_activity_measurement_accelerometer_x,bike_activity_measurement_accelerometer_y,bike_activity_measurement_accelerometer_z,bike_activity_phone_position,bike_activity_bike_type,bike_activity_flagged_lab_conditions,bike_activity_surface_type,bike_activity_smoothness_type
6be55b62-4ee4-4906-ae82-44c93c4e6abe,a0850c60-95e7-44f0-a598-6e7984109f3d,e4f2d0f5-8895-4dde-a64d-47d0f40f80c4,1633174053062,14.4810259,52.1760088,6.757511,0.94558644,-1.0024126,-0.5379753,on bike mount,cyclo cross,True,asphalt,excellent
6be55b62-4ee4-4906-ae82-44c93c4e6abe,a0850c60-95e7-44f0-a598-6e7984109f3d,0c19ed9c-6fe7-4075-afdf-c83b707086d8,1633174053111,14.4810259,52.1760088,6.757511,-0.41255945,-1.6171093,0.40945244,on bike mount,cyclo cross,True,asphalt,excellent
6be55b62-4ee4-4906-ae82-44c93c4e6abe,a0850c60-95e7-44f0-a598-6e7984109f3d,e11e5c74-b201-4e1c-8bd1-a6a6d6c5e787,1633174053162,14.4810259,52.1760088,6.757511,-0.87724024,-5.764363,2.2816067,on bike mount,cyclo cross,True,asphalt,excellent
6be55b62-4ee4-4906-ae82-44c93c4e6abe,a0850c60-95e7-44f0-a598-6e7984109f3d,de517328-3c33-4c0d-864e-9926af13b782,1633174053212,14.4810259,52.1760088,6.757511,0.3328898,2.0989099,-1.4124298,on bike mount,cyclo cross,True,asphalt,excellent
6be55b62-4ee4-4906-ae82-44c93c4e6abe,a0850c60-95e7-44f0-a598-6e7984109f3d,0e2878ff-44f4-4e10-8a50-53822e816eb9,1633174053262,14.4810259,52.1760088,6.757511,-0.20907116,1.4512544,0.28813553,on bike mount,cyclo cross,True,asphalt,excellent
6be55b62-4ee4-4906-ae82-44c93c4e6abe,a0850c60-95e7-44f0-a598-6e7984109f3d,cdaf2c1c-b4aa-49b4-9c7e-f2f4609d977b,1633174053312,14.4810259,52.1760088,6.757511,0.5625062,-2.3501184,0.81945705,on bike mount,cyclo cross,True,asphalt,excellent
6be55b62-4ee4-4906-ae82-44c93c4e6abe,a0850c60-95e7-44f0-a598-6e7984109f3d,36cb5072-1e88-414c-88f1-8fb0f1fcd57f,1633174053363,14.4810259,52.1760088,6.757511,2.4660249,-1.7778577,-0.7092037,on bike mount,cyclo cross,True,asphalt,excellent
6be55b62-4ee4-4906-ae82-44c93c4e6abe,a0850c60-95e7-44f0-a598-6e7984109f3d,5fe478d4-2fa4-42a3-ba85-7090d20f8607,1633174053413,14.4810259,52.1760088,6.757511,0.17577615,0.13109899,0.5528908,on bike mount,cyclo cross,True,asphalt,excellent
6be55b62-4ee4-4906-ae82-44c93c4e6abe,a0850c60-95e7-44f0-a598-6e7984109f3d,6984f564-8398-4766-a2cd-2bdcb4b77735,1633174053464,14.4810259,52.1760088,6.757511,1.0187733,-0.8593204,-0.06874752,on bike mount,cyclo cross,True,asphalt,excellent
6be55b62-4ee4-4906-ae82-44c93c4e6abe,a0850c60-95e7-44f0-a598-6e7984109f3d,37744b20-8482-40ec-a7f9-d22f1c9a5085,1633174053516,14.4810259,52.1760088,6.757511,-0.34870857,0.298908,0.67944145,on bike mount,cyclo cross,True,asphalt,excellent
6be55b62-4ee4-4906-ae82-44c93c4e6abe,a0850c60-95e7-44f0-a598-6e7984109f3d,a6800479-c159-4448-8777-91063c44c7b1,1633174053580,14.4810259,52.1760088,6.757511,0.025800139,0.13730955,-0.90161085,on bike mount,cyclo cross,True,asphalt,excellent
6be55b62-4ee4-4906-ae82-44c93c4e6abe,a0850c60-95e7-44f0-a598-6e7984109f3d,52ff9ae6-1284-4c58-b757-81c81e9e0c46,1633174053631,14.4810259,52.1760088,6.757511,-0.36299276,2.712482,-4.122222,on bike mount,cyclo cross,True,asphalt,excellent
6be55b62-4ee4-4906-ae82-44c93c4e6abe,a0850c60-95e7-44f0-a598-6e7984109f3d,03af15de-9230-4823-83d8-2350d7311708,1633174053697,14.4810259,52.1760088,6.757511,-1.2578717,1.6315541,-1.7306767,on bike mount,cyclo cross,True,asphalt,excellent
6be55b62-4ee4-4906-ae82-44c93c4e6abe,a0850c60-95e7-44f0-a598-6e7984109f3d,e10d4a1b-94e1-4b12-86f8-7aa10e95983e,1633174053747,14.4810259,52.1760088,6.757511,-3.1216984,2.4288058,-0.30226898,on bike mount,cyclo cross,True,asphalt,excellent
6be55b62-4ee4-4906-ae82-44c93c4e6abe,a0850c60-95e7-44f0-a598-6e7984109f3d,37e4e138-cd11-4c3f-9c2e-067235961e90,1633174053798,14.4810259,52.1760088,6.757511,-0.7628059,3.3744907,-0.43324757,on bike mount,cyclo cross,True,asphalt,excellent
6be55b62-4ee4-4906-ae82-44c93c4e6abe,a0850c60-95e7-44f0-a598-6e7984109f3d,9a0b2a1f-1172-430b-83ef-f5504ab252ee,1633174053849,14.4810259,52.1760088,6.757511,0.114712775,0.73899245,-0.38152885,on bike mount,cyclo cross,True,asphalt,excellent
6be55b62-4ee4-4906-ae82-44c93c4e6abe,a0850c60-95e7-44f0-a598-6e7984109f3d,b35ead35-ce13-4dff-94a5-f737086f58ee,1633174053914,14.4810259,52.1760088,6.757511,0.07773745,-0.5610521,0.52742577,on bike mount,cyclo cross,True,asphalt,excellent
6be55b62-4ee4-4906-ae82-44c93c4e6abe,a0850c60-95e7-44f0-a598-6e7984109f3d,04ba0e93-2359-4936-b71e-a029b55663fd,1633174053964,14.4810799,52.175959,6.7104416,-1.4252441,1.2570491,-0.19835854,on bike mount,cyclo cross,True,asphalt,excellent
6be55b62-4ee4-4906-ae82-44c93c4e6abe,a0850c60-95e7-44f0-a598-6e7984109f3d,0ab738dc-8d93-4f0b-8dbd-e8602d5edbc2,1633174054015,14.4810799,52.175959,6.7104416,-0.8769323,2.1125865,0.7801695,on bike mount,cyclo cross,True,asphalt,excellent
6be55b62-4ee4-4906-ae82-44c93c4e6abe,a0850c60-95e7-44f0-a598-6e7984109f3d,fc39bdb5-4fa8-425a-8216-81578c04023a,1633174054066,14.4810799,52.175959,6.7104416,-0.5339395,-4.587638,0.27123165,on bike mount,cyclo cross,True,asphalt,excellent
6be55b62-4ee4-4906-ae82-44c93c4e6abe,a0850c60-95e7-44f0-a598-6e7984109f3d,8e6af9f4-b883-4b06-b4ec-f99d437c0448,1633174054131,14.4810799,52.175959,6.7104416,-0.7348902,1.8498192,-0.5187435,on bike mount,cyclo cross,True,asphalt,excellent
6be55b62-4ee4-4906-ae82-44c93c4e6abe,a0850c60-95e7-44f0-a598-6e7984109f3d,fec96c2b-714f-4687-a495-4b059c620c54,1633174054181,14.4810799,52.175959,6.7104416,0.50754744,-0.27527857,0.12307739,on bike mount,cyclo cross,True,asphalt,excellent
6be55b62-4ee4-4906-ae82-44c93c4e6abe,a0850c60-95e7-44f0-a598-6e7984109f3d,f49e7ffa-dee3-4474-a194-3e94e1a6f3b5,1633174054232,14.4810799,52.175959,6.7104416,0.1608716,1.6335683,0.8391237,on bike mount,cyclo cross,True,asphalt,excellent
6be55b62-4ee4-4906-ae82-44c93c4e6abe,a0850c60-95e7-44f0-a598-6e7984109f3d,e255e925-87e0-4851-9022-b8da4cb01835,1633174054283,14.4810799,52.175959,6.7104416,4.8668942,-13.344534,8.156549,on bike mount,cyclo cross,True,asphalt,excellent
6be55b62-4ee4-4906-ae82-44c93c4e6abe,a0850c60-95e7-44f0-a598-6e7984109f3d,133364a9-2269-4c3b-8e17-23acadfbb55d,1633174054333,14.4810799,52.175959,6.7104416,0.87406164,2.2568254,-3.9723773,on bike mount,cyclo cross,True,asphalt,excellent
6be55b62-4ee4-4906-ae82-44c93c4e6abe,a0850c60-95e7-44f0-a598-6e7984109f3d,c3becb82-0a68-46ea-8c4b-0cf18557a3fa,1633174054398,14.4810799,52.175959,6.7104416,-0.3148597,-3.156114,0.22852516,on bike mount,cyclo cross,True,asphalt,excellent
6be55b62-4ee4-4906-ae82-44c93c4e6abe,a0850c60-95e7-44f0-a598-6e7984109f3d,0f05ecea-de1e-4730-8820-220dff158eb9,1633174054449,14.4810799,52.175959,6.7104416,0.54107404,-1.1574404,-2.1944232,on bike mount,cyclo cross,True,asphalt,excellent
6be55b62-4ee4-4906-ae82-44c93c4e6abe,a0850c60-95e7-44f0-a598-6e7984109f3d,17828df8-af20-4e51-8d8c-c526af4214d4,1633174054500,14.4810799,52.175959,6.7104416,-1.446204,0.10357094,0.30957603,on bike mount,cyclo cross,True,asphalt,excellent
6be55b62-4ee4-4906-ae82-44c93c4e6abe,a0850c60-95e7-44f0-a598-6e7984109f3d,e4b14299-4015-4d59-a558-29aea582d87f,1633174054565,14.4810799,52.175959,6.7104416,-0.39103177,2.215248,-1.6781659,on bike mount,cyclo cross,True,asphalt,excellent
6be55b62-4ee4-4906-ae82-44c93c4e6abe,a0850c60-95e7-44f0-a598-6e7984109f3d,dbacf945-69c9-49d6-8fde-7840ca390ba4,1633174054616,14.4810799,52.175959,6.7104416,-1.6766958,-0.34208655,-0.42477894,on bike mount,cyclo cross,True,asphalt,excellent
6be55b62-4ee4-4906-ae82-44c93c4e6abe,a0850c60-95e7-44f0-a598-6e7984109f3d,3e92db57-12c9-4749-ad72-6b40cd1344ba,1633174054666,14.4810799,52.175959,6.7104416,-0.947811,0.6285777,0.69022655,on bike mount,cyclo cross,True,asphalt,excellent
6be55b62-4ee4-4906-ae82-44c93c4e6abe,a0850c60-95e7-44f0-a598-6e7984109f3d,96a564f7-9292-4ac9-99a4-e09c3c152bb0,1633174054716,14.4810799,52.175959,6.7104416,2.265788,1.0265212,0.8085375,on bike mount,cyclo cross,True,asphalt,excellent
6be55b62-4ee4-4906-ae82-44c93c4e6abe,a0850c60-95e7-44f0-a598-6e7984109f3d,5b087587-c3fe-4796-bb6b-282358693e30,1633174054767,14.4810799,52.175959,6.7104416,-0.3775804,-0.53202105,-0.19110107,on bike mount,cyclo cross,True,asphalt,excellent
6be55b62-4ee4-4906-ae82-44c93c4e6abe,a0850c60-95e7-44f0-a598-6e7984109f3d,44acab9a-0976-4720-87ad-9644471127ad,1633174054818,14.4810799,52.175959,6.7104416,-1.4237726,-0.2394638,-0.022839546,on bike mount,cyclo cross,True,asphalt,excellent
6be55b62-4ee4-4906-ae82-44c93c4e6abe,a0850c60-95e7-44f0-a598-6e7984109f3d,ad57a25d-832b-4730-93f4-c82a51a1745f,1633174054867,14.4810799,52.175959,6.7104416,0.31540042,-0.77133894,0.5250511,on bike mount,cyclo cross,True,asphalt,excellent
6be55b62-4ee4-4906-ae82-44c93c4e6abe,a0850c60-95e7-44f0-a598-6e7984109f3d,77a89ba5-8416-4744-8e2a-b237e3d659c7,1633174054917,14.4810799,52.175959,6.7104416,-1.096323,-1.1411344,2.268548,on bike mount,cyclo cross,True,asphalt,excellent
6be55b62-4ee4-4906-ae82-44c93c4e6abe,a0850c60-95e7-44f0-a598-6e7984109f3d,1d25db8c-8046-4f46-a8c8-822907a15747,1633174054968,14.4811316,52.1759111,6.6588707,3.3232002,0.77255654,1.1139612,on bike mount,cyclo cross,True,asphalt,excellent
6be55b62-4ee4-4906-ae82-44c93c4e6abe,a0850c60-95e7-44f0-a598-6e7984109f3d,6385c302-0ad9-467d-a479-f3cb8feac615,1633174055033,14.4811316,52.1759111,6.6588707,-1.0439992,1.9298129,-1.8960714,on bike mount,cyclo cross,True,asphalt,excellent
6be55b62-4ee4-4906-ae82-44c93c4e6abe,a0850c60-95e7-44f0-a598-6e7984109f3d,2b2c5ff8-e344-44eb-ace7-e2f86110b933,1633174055083,14.4811316,52.1759111,6.6588707,-0.2633861,2.6555085,-2.6871848,on bike mount,cyclo cross,True,asphalt,excellent
6be55b62-4ee4-4906-ae82-44c93c4e6abe,a0850c60-95e7-44f0-a598-6e7984109f3d,b1247b21-49c7-4d98-89a3-4da8997d4073,1633174055133,14.4811316,52.1759111,6.6588707,0.067823455,0.25528264,-2.9079762,on bike mount,cyclo cross,True,asphalt,excellent
6be55b62-4ee4-4906-ae82-44c93c4e6abe,a0850c60-95e7-44f0-a598-6e7984109f3d,96f2c8f8-f35a-4fd8-8a0c-b7d96b14b3b8,1633174055183,14.4811316,52.1759111,6.6588707,0.97635865,1.1860476,0.014914513,on bike mount,cyclo cross,True,asphalt,excellent
6be55b62-4ee4-4906-ae82-44c93c4e6abe,a0850c60-95e7-44f0-a598-6e7984109f3d,5af13970-5848-44cd-8684-675ae2f08e12,1633174055235,14.4811316,52.1759111,6.6588707,0.7932519,0.07336044,6.4181232,on bike mount,cyclo cross,True,asphalt,excellent
6be55b62-4ee4-4906-ae82-44c93c4e6abe,a0850c60-95e7-44f0-a598-6e7984109f3d,3db69077-4049-4e6b-b8fc-9a500288783a,1633174055286,14.4811316,52.1759111,6.6588707,-0.5301057,3.8300095,1.6474504,on bike mount,cyclo cross,True,asphalt,excellent
6be55b62-4ee4-4906-ae82-44c93c4e6abe,a0850c60-95e7-44f0-a598-6e7984109f3d,eadd7995-1d62-4419-8c57-34e1e92b2d93,1633174055350,14.4811316,52.1759111,6.6588707,0.83311814,1.8632402,-2.3353214,on bike mount,cyclo cross,True,asphalt,excellent
6be55b62-4ee4-4906-ae82-44c93c4e6abe,a0850c60-95e7-44f0-a598-6e7984109f3d,a46f54d7-d8ab-4c4a-8ae8-620eba7531f9,1633174055401,14.4811316,52.1759111,6.6588707,0.66542,-15.4876,1.6070089,on bike mount,cyclo cross,True,asphalt,excellent
6be55b62-4ee4-4906-ae82-44c93c4e6abe,a0850c60-95e7-44f0-a598-6e7984109f3d,ff7c7911-8deb-4a13-b945-059d89ba9d6d,1633174055468,14.4811316,52.1759111,6.6588707,1.8402505,0.73864937,-1.2206478,on bike mount,cyclo cross,True,asphalt,excellent
6be55b62-4ee4-4906-ae82-44c93c4e6abe,a0850c60-95e7-44f0-a598-6e7984109f3d,02789bfc-45a0-4324-b3ef-33116a0df9f4,1633174055518,14.4811316,52.1759111,6.6588707,-2.0163593,-1.387426,-2.0935588,on bike mount,cyclo cross,True,asphalt,excellent
6be55b62-4ee4-4906-ae82-44c93c4e6abe,a0850c60-95e7-44f0-a598-6e7984109f3d,e2aeb9ab-cbdb-40fc-b1fd-d2d37fbfe85a,1633174055568,14.4811316,52.1759111,6.6588707,-0.056300133,0.04962516,1.6882725,on bike mount,cyclo cross,True,asphalt,excellent
6be55b62-4ee4-4906-ae82-44c93c4e6abe,a0850c60-95e7-44f0-a598-6e7984109f3d,0f457bb0-da31-4bfc-966e-528d9108f4aa,1633174055618,14.4811316,52.1759111,6.6588707,-0.35787526,2.4990606,0.9315462,on bike mount,cyclo cross,True,asphalt,excellent
6be55b62-4ee4-4906-ae82-44c93c4e6abe,a0850c60-95e7-44f0-a598-6e7984109f3d,639bd226-4658-4e1e-a51e-8b9684af4049,1633174055668,14.4811316,52.1759111,6.6588707,-0.59085697,0.04278803,0.7400608,on bike mount,cyclo cross,True,asphalt,excellent
6be55b62-4ee4-4906-ae82-44c93c4e6abe,a0850c60-95e7-44f0-a598-6e7984109f3d,38c6dbd7-e87f-47f4-8eb1-ebe705dd9ae5,1633174055718,14.4811316,52.1759111,6.6588707,-0.2523366,0.05941677,0.8369589,on bike mount,cyclo cross,True,asphalt,excellent
6be55b62-4ee4-4906-ae82-44c93c4e6abe,a0850c60-95e7-44f0-a598-6e7984109f3d,344e25a4-4ddc-41bf-b510-c568c2b8cc53,1633174055768,14.4811316,52.1759111,6.6588707,1.905275,-0.2579379,-0.07933712,on bike mount,cyclo cross,True,asphalt,excellent
6be55b62-4ee4-4906-ae82-44c93c4e6abe,a0850c60-95e7-44f0-a598-6e7984109f3d,4c0616c6-cc44-4f64-8e5c-19fdec6419fd,1633174055818,14.4811316,52.1759111,6.6588707,1.7908181,0.14398003,0.0031232834,on bike mount,cyclo cross,True,asphalt,excellent
6be55b62-4ee4-4906-ae82-44c93c4e6abe,a0850c60-95e7-44f0-a598-6e7984109f3d,79e3b8d0-5761-447a-a14a-e518b419c493,1633174055868,14.4811316,52.1759111,6.6588707,0.4831887,-1.306784,0.26214695,on bike mount,cyclo cross,True,asphalt,excellent
6be55b62-4ee4-4906-ae82-44c93c4e6abe,a0850c60-95e7-44f0-a598-6e7984109f3d,3dcd2306-d408-4a75-b41b-8712a916622d,1633174055920,14.4811316,52.1759111,6.6588707,0.93132293,-0.2683432,0.8329563,on bike mount,cyclo cross,True,asphalt,excellent
6be55b62-4ee4-4906-ae82-44c93c4e6abe,a0850c60-95e7-44f0-a598-6e7984109f3d,385daefe-1544-4ae6-b222-5ed4a6fb9ee4,1633174055984,14.4811833,52.1758635,6.6144614,-1.5184245,-0.06038022,-0.4640789,on bike mount,cyclo cross,True,asphalt,excellent
6be55b62-4ee4-4906-ae82-44c93c4e6abe,a0850c60-95e7-44f0-a598-6e7984109f3d,ce106c2e-0e34-427d-b084-207fbe94f2ee,1633174056035,14.4811833,52.1758635,6.6144614,-0.6160555,1.0717392,-0.20829964,on bike mount,cyclo cross,True,asphalt,excellent
6be55b62-4ee4-4906-ae82-44c93c4e6abe,a0850c60-95e7-44f0-a598-6e7984109f3d,2971af62-4a07-4165-b4d7-1f9dddf42a71,1633174056085,14.4811833,52.1758635,6.6144614,0.28613168,1.276658,-0.21804142,on bike mount,cyclo cross,True,asphalt,excellent
6be55b62-4ee4-4906-ae82-44c93c4e6abe,a0850c60-95e7-44f0-a598-6e7984109f3d,2c129ba9-d206-4cd4-ba6e-59802d2a1ed3,1633174056136,14.4811833,52.1758635,6.6144614,-0.67714274,0.17876863,-0.95583534,on bike mount,cyclo cross,True,asphalt,excellent
6be55b62-4ee4-4906-ae82-44c93c4e6abe,a0850c60-95e7-44f0-a598-6e7984109f3d,52353d16-2a18-44be-bead-8bf06e476ea8,1633174056202,14.4811833,52.1758635,6.6144614,-1.5025153,0.18490314,-0.53367805,on bike mount,cyclo cross,True,asphalt,excellent
6be55b62-4ee4-4906-ae82-44c93c4e6abe,a0850c60-95e7-44f0-a598-6e7984109f3d,85f11569-4a7b-4865-989d-797c18add8de,1633174056253,14.4811833,52.1758635,6.6144614,0.39235717,0.6943989,2.165659,on bike mount,cyclo cross,True,asphalt,excellent
6be55b62-4ee4-4906-ae82-44c93c4e6abe,a0850c60-95e7-44f0-a598-6e7984109f3d,aadad3eb-3ac4-4dbc-9469-aff5e13eca42,1633174056303,14.4811833,52.1758635,6.6144614,0.9979207,0.40580606,0.3571148,on bike mount,cyclo cross,True,asphalt,excellent
6be55b62-4ee4-4906-ae82-44c93c4e6abe,a0850c60-95e7-44f0-a598-6e7984109f3d,dc792626-b6fc-4c66-a1eb-efd9b6e566f6,1633174056353,14.4811833,52.1758635,6.6144614,-0.62162113,-1.3323994,0.9419813,on bike mount,cyclo cross,True,asphalt,excellent
6be55b62-4ee4-4906-ae82-44c93c4e6abe,a0850c60-95e7-44f0-a598-6e7984109f3d,34d31977-8548-4c59-a648-669ed115ec53,1633174056403,14.4811833,52.1758635,6.6144614,-0.50981784,-1.0717683,-0.28514385,on bike mount,cyclo cross,True,asphalt,excellent
6be55b62-4ee4-4906-ae82-44c93c4e6abe,a0850c60-95e7-44f0-a598-6e7984109f3d,64a1f29e-7c70-4ccd-803a-cf549b1745a8,1633174056453,14.4811833,52.1758635,6.6144614,1.0760294,0.30028462,-0.7256794,on bike mount,cyclo cross,True,asphalt,excellent
6be55b62-4ee4-4906-ae82-44c93c4e6abe,a0850c60-95e7-44f0-a598-6e7984109f3d,c36897a1-3255-4ebf-a87b-4cf92327f6e5,1633174056503,14.4811833,52.1758635,6.6144614,-0.83884156,-1.6622562,0.636302,on bike mount,cyclo cross,True,asphalt,excellent
6be55b62-4ee4-4906-ae82-44c93c4e6abe,a0850c60-95e7-44f0-a598-6e7984109f3d,b4b3b900-0203-48ad-9f66-b1c623716515,1633174056555,14.4811833,52.1758635,6.6144614,1.2306494,-0.6501012,0.9050617,on bike mount,cyclo cross,True,asphalt,excellent
6be55b62-4ee4-4906-ae82-44c93c4e6abe,a0850c60-95e7-44f0-a598-6e7984109f3d,f30e3967-8e4f-4c7f-b514-aeb8f2b46015,1633174056605,14.4811833,52.1758635,6.6144614,0.94720435,-1.7517055,2.0680323,on bike mount,cyclo cross,True,asphalt,excellent
6be55b62-4ee4-4906-ae82-44c93c4e6abe,a0850c60-95e7-44f0-a598-6e7984109f3d,76a7a21a-6008-4b3b-a522-6c79bc8b4e36,1633174056669,14.4811833,52.1758635,6.6144614,1.4667758,1.0465288,0.7820568,on bike mount,cyclo cross,True,asphalt,excellent
6be55b62-4ee4-4906-ae82-44c93c4e6abe,a0850c60-95e7-44f0-a598-6e7984109f3d,693a4414-5a7c-4c44-bdcb-7ed7774aca5c,1633174056721,14.4811833,52.1758635,6.6144614,0.3760512,0.6082406,-0.60369873,on bike mount,cyclo cross,True,asphalt,excellent
6be55b62-4ee4-4906-ae82-44c93c4e6abe,a0850c60-95e7-44f0-a598-6e7984109f3d,1eaee9a7-e3a3-411e-b356-8ddfc982e57a,1633174056770,14.4811833,52.1758635,6.6144614,-0.5818023,-0.4648049,0.6436262,on bike mount,cyclo cross,True,asphalt,excellent
6be55b62-4ee4-4906-ae82-44c93c4e6abe,a0850c60-95e7-44f0-a598-6e7984109f3d,c43d235e-4be5-43a1-b7b1-4130f9d643a3,1633174056820,14.4811833,52.1758635,6.6144614,-0.99256635,1.6917005,-0.26190186,on bike mount,cyclo cross,True,asphalt,excellent
6be55b62-4ee4-4906-ae82-44c93c4e6abe,a0850c60-95e7-44f0-a598-6e7984109f3d,12f8e75d-1619-4ce1-8aab-741867291c81,1633174056871,14.4811833,52.1758635,6.6144614,-1.2067223,-0.9255576,-0.9562664,on bike mount,cyclo cross,True,asphalt,excellent
6be55b62-4ee4-4906-ae82-44c93c4e6abe,a0850c60-95e7-44f0-a598-6e7984109f3d,6724e6b7-973d-4574-aa39-c37f44ea8b51,1633174056921,14.4811833,52.1758635,6.6144614,1.1852634,-1.2548512,1.3420639,on bike mount,cyclo cross,True,asphalt,excellent
6be55b62-4ee4-4906-ae82-44c93c4e6abe,a0850c60-95e7-44f0-a598-6e7984109f3d,4e739654-892b-442e-9164-91140d8357d2,1633174056972,14.4812344,52.1758159,6.569476,0.0627501,0.11719513,0.93553925,on bike mount,cyclo cross,True,asphalt,excellent
6be55b62-4ee4-4906-ae82-44c93c4e6abe,a0850c60-95e7-44f0-a598-6e7984109f3d,e40f578b-e5e3-4200-8ecd-f679aa8c47c3,1633174057022,14.4812344,52.1758159,6.569476,-1.4946206,0.79537153,-2.3123488,on bike mount,cyclo cross,True,asphalt,excellent
6be55b62-4ee4-4906-ae82-44c93c4e6abe,a0850c60-95e7-44f0-a598-6e7984109f3d,ee314c5e-30b5-46aa-bd71-56307e59f4bf,1633174057087,14.4812344,52.1758159,6.569476,-0.2890532,-0.12361455,0.7542467,on bike mount,cyclo cross,True,asphalt,excellent
6be55b62-4ee4-4906-ae82-44c93c4e6abe,a0850c60-95e7-44f0-a598-6e7984109f3d,19f3a72a-05d8-4a69-a06b-97f334b953a1,1633174057139,14.4812344,52.1758159,6.569476,-0.8189322,-0.026605844,-0.75515556,on bike mount,cyclo cross,True,asphalt,excellent
6be55b62-4ee4-4906-ae82-44c93c4e6abe,a0850c60-95e7-44f0-a598-6e7984109f3d,e7642af1-c3f1-464c-86fe-9f52d7f63293,1633174057205,14.4812344,52.1758159,6.569476,-0.41937172,0.3219595,1.1307144,on bike mount,cyclo cross,True,asphalt,excellent
6be55b62-4ee4-4906-ae82-44c93c4e6abe,a0850c60-95e7-44f0-a598-6e7984109f3d,d615b4f4-859a-4306-9f2a-7d07e36ecf44,1633174057255,14.4812344,52.1758159,6.569476,1.781234,-2.325351,-0.19774055,on bike mount,cyclo cross,True,asphalt,excellent
6be55b62-4ee4-4906-ae82-44c93c4e6abe,a0850c60-95e7-44f0-a598-6e7984109f3d,4ab15475-e271-45e6-be54-47057cf21c5c,1633174057305,14.4812344,52.1758159,6.569476,-0.32959092,0.9284327,-0.65457344,on bike mount,cyclo cross,True,asphalt,excellent
6be55b62-4ee4-4906-ae82-44c93c4e6abe,a0850c60-95e7-44f0-a598-6e7984109f3d,b69bcbab-eb3c-4c4f-aeb3-5ad625036922,1633174057371,14.4812344,52.1758159,6.569476,1.163168,-1.1068333,2.4218807,on bike mount,cyclo cross,True,asphalt,excellent
6be55b62-4ee4-4906-ae82-44c93c4e6abe,a0850c60-95e7-44f0-a598-6e7984109f3d,573cb68a-9746-41bc-ae17-846343f791b9,1633174057422,14.4812344,52.1758159,6.569476,-0.24707678,2.3032124,-1.911922,on bike mount,cyclo cross,True,asphalt,excellent
6be55b62-4ee4-4906-ae82-44c93c4e6abe,a0850c60-95e7-44f0-a598-6e7984109f3d,412b9238-829c-4ded-b895-c057c79089bc,1633174057488,14.4812344,52.1758159,6.569476,-0.1530636,0.28548193,0.9292917,on bike mount,cyclo cross,True,asphalt,excellent
6be55b62-4ee4-4906-ae82-44c93c4e6abe,a0850c60-95e7-44f0-a598-6e7984109f3d,51a4b1a8-b8d1-4995-90ea-a65fa45bada3,1633174057538,14.4812344,52.1758159,6.569476,-0.23960108,2.9178743,1.4597292,on bike mount,cyclo cross,True,asphalt,excellent
6be55b62-4ee4-4906-ae82-44c93c4e6abe,a0850c60-95e7-44f0-a598-6e7984109f3d,4799d4f5-16a1-4a0c-88f5-ecc2a26615a1,1633174057588,14.4812344,52.1758159,6.569476,-1.4420863,-1.6169627,-0.09283638,on bike mount,cyclo cross,True,asphalt,excellent
6be55b62-4ee4-4906-ae82-44c93c4e6abe,a0850c60-95e7-44f0-a598-6e7984109f3d,2cb44ebb-affb-45ac-bdab-c078da260001,1633174057639,14.4812344,52.1758159,6.569476,-0.9503749,0.27010107,1.0997095,on bike mount,cyclo cross,True,asphalt,excellent
6be55b62-4ee4-4906-ae82-44c93c4e6abe,a0850c60-95e7-44f0-a598-6e7984109f3d,4d7b8c0a-80c8-4a15-99a3-42adf988a845,1633174057690,14.4812344,52.1758159,6.569476,0.22915095,-0.576072,-1.6835642,on bike mount,cyclo cross,True,asphalt,excellent
6be55b62-4ee4-4906-ae82-44c93c4e6abe,a0850c60-95e7-44f0-a598-6e7984109f3d,bd306763-6083-43b6-8094-86443b0c3546,1633174057754,14.4812344,52.1758159,6.569476,-0.8906315,-1.2562398,0.7978306,on bike mount,cyclo cross,True,asphalt,excellent
6be55b62-4ee4-4906-ae82-44c93c4e6abe,a0850c60-95e7-44f0-a598-6e7984109f3d,637d9d2c-a701-4ca9-8a68-9e7b57427ff4,1633174057804,14.4812344,52.1758159,6.569476,-0.82168514,0.0790844,-1.5097628,on bike mount,cyclo cross,True,asphalt,excellent
6be55b62-4ee4-4906-ae82-44c93c4e6abe,a0850c60-95e7-44f0-a598-6e7984109f3d,b5023904-5e40-49c1-82bf-88581dd81576,1633174057854,14.4812344,52.1758159,6.569476,1.0605206,0.36405492,-0.80683804,on bike mount,cyclo cross,True,asphalt,excellent
6be55b62-4ee4-4906-ae82-44c93c4e6abe,a0850c60-95e7-44f0-a598-6e7984109f3d,57966ef8-a590-4eaa-a8bb-a5251eeb09cf,1633174057905,14.4812344,52.1758159,6.569476,1.8325467,1.0984874,-0.3762169,on bike mount,cyclo cross,True,asphalt,excellent
6be55b62-4ee4-4906-ae82-44c93c4e6abe,a0850c60-95e7-44f0-a598-6e7984109f3d,86158551-0984-457b-b5ad-331579603ee6,1633174057957,14.4812851,52.1757604,6.5947795,-0.014904201,0.6074481,1.2866907,on bike mount,cyclo cross,True,asphalt,excellent
6be55b62-4ee4-4906-ae82-44c93c4e6abe,a0850c60-95e7-44f0-a598-6e7984109f3d,f8cd8724-2b86-45ed-9640-dce9d86ce8a1,1633174058007,14.4812851,52.1757604,6.5947795,-0.17644402,-1.2504975,0.21658134,on bike mount,cyclo cross,True,asphalt,excellent
6be55b62-4ee4-4906-ae82-44c93c4e6abe,a0850c60-95e7-44f0-a598-6e7984109f3d,214c732e-612a-43d3-91e6-545a64b4a15a,1633174058072,14.4812851,52.1757604,6.5947795,0.69606656,-1.0042615,0.13405609,on bike mount,cyclo cross,True,asphalt,excellent
6be55b62-4ee4-4906-ae82-44c93c4e6abe,a0850c60-95e7-44f0-a598-6e7984109f3d,72c38791-c3a0-42f2-a7ae-ca2175901e4a,1633174058123,14.4812851,52.1757604,6.5947795,0.33267912,-0.44369268,1.227953,on bike mount,cyclo cross,True,asphalt,excellent
6be55b62-4ee4-4906-ae82-44c93c4e6abe,a0850c60-95e7-44f0-a598-6e7984109f3d,31eaa1f9-948a-437e-8bdd-b1c62b1d5363,1633174058188,14.4812851,52.1757604,6.5947795,-1.7178566,-1.2056347,0.36266804,on bike mount,cyclo cross,True,asphalt,excellent
6be55b62-4ee4-4906-ae82-44c93c4e6abe,a0850c60-95e7-44f0-a598-6e7984109f3d,61602298-f56e-4351-afb0-f2105942e4e9,1633174058239,14.4812851,52.1757604,6.5947795,1.3914901,-0.22762418,0.9822092,on bike mount,cyclo cross,True,asphalt,excellent
6be55b62-4ee4-4906-ae82-44c93c4e6abe,a0850c60-95e7-44f0-a598-6e7984109f3d,99f52903-af1a-4950-9ce2-ab803695800d,1633174058289,14.4812851,52.1757604,6.5947795,1.3752158,0.46665692,-0.34202385,on bike mount,cyclo cross,True,asphalt,excellent
6be55b62-4ee4-4906-ae82-44c93c4e6abe,a0850c60-95e7-44f0-a598-6e7984109f3d,d03c73f4-1edd-4d07-b753-11b99af9a161,1633174058339,14.4812851,52.1757604,6.5947795,0.9125108,-1.4244127,1.6243477,on bike mount,cyclo cross,True,asphalt,excellent
