bike_activity_uid,bike_activity_sample_uid,bike_activity_measurement,bike_activity_measurement_timestamp,bike_activity_measurement_lon,bike_activity_measurement_lat,bike_activity_measurement_speed,bike_activity_measurement_accelerometer_x,bike_activity_measurement_accelerometer_y,bike_activity_measurement_accelerometer_z,bike_activity_phone_position,bike_activity_bike_type,bike_activity_flagged_lab_conditions,bike_activity_surface_type,bike_activity_smoothness_type
7acf96cb-a7cd-4435-850a-014bb55cd114,0c4d0357-e1dd-4ab9-90b4-bbc863177f06,c3577b9d-c56f-41d0-b4eb-8930d75201ef,1635691277973,13.4167355,52.4764897,5.3810005,-0.0076612234,0.87947035,-3.5379653,on bike mount,cyclo cross,True,concrete plates,good
7acf96cb-a7cd-4435-850a-014bb55cd114,0c4d0357-e1dd-4ab9-90b4-bbc863177f06,bc63783f-0826-4081-b90d-72b5e62d1a03,1635691278024,13.4167355,52.4764897,5.3810005,1.4593226,-3.7127328,1.3402872,on bike mount,cyclo cross,True,concrete plates,good
7acf96cb-a7cd-4435-850a-014bb55cd114,0c4d0357-e1dd-4ab9-90b4-bbc863177f06,7bf990da-effc-4728-95a9-56851b79ef78,1635691278074,13.4167355,52.4764897,5.3810005,-2.4278939,1.176014,-1.021204,on bike mount,cyclo cross,True,concrete plates,good
7acf96cb-a7cd-4435-850a-014bb55cd114,0c4d0357-e1dd-4ab9-90b4-bbc863177f06,7d533f03-056f-4dd0-856f-72e8efc16c1b,1635691278124,13.4167355,52.4764897,5.3810005,-0.9987898,2.491365,-1.9589543,on bike mount,cyclo cross,True,concrete plates,good
7acf96cb-a7cd-4435-850a-014bb55cd114,0c4d0357-e1dd-4ab9-90b4-bbc863177f06,c7cfbcdc-fee2-4f1e-9d50-651989aae42d,1635691278175,13.4167355,52.4764897,5.3810005,-0.104260206,-0.9608129,0.3985424,on bike mount,cyclo cross,True,concrete plates,good
7acf96cb-a7cd-4435-850a-014bb55cd114,0c4d0357-e1dd-4ab9-90b4-bbc863177f06,9167495d-335f-48a4-ac51-98b7799a4ce8,1635691278242,13.4167355,52.4764897,5.3810005,1.6897345,-0.77998805,-2.646545,on bike mount,cyclo cross,True,concrete plates,good
7acf96cb-a7cd-4435-850a-014bb55cd114,0c4d0357-e1dd-4ab9-90b4-bbc863177f06,3caacab5-8096-49d8-8e30-1eb6dcf84ad4,1635691278294,13.4167355,52.4764897,5.3810005,2.4273062,3.2284517,-2.956801,on bike mount,cyclo cross,True,concrete plates,good
7acf96cb-a7cd-4435-850a-014bb55cd114,0c4d0357-e1dd-4ab9-90b4-bbc863177f06,17f7fc9b-a877-4387-b5a8-71fd66577bff,1635691278359,13.4167355,52.4764897,5.3810005,1.8632714,5.9909806,5.727846,on bike mount,cyclo cross,True,concrete plates,good
7acf96cb-a7cd-4435-850a-014bb55cd114,0c4d0357-e1dd-4ab9-90b4-bbc863177f06,77796e89-f118-4a77-8d68-02cdb301ab4b,1635691278410,13.4167355,52.4764897,5.3810005,2.0969424,0.0012648106,2.8474588,on bike mount,cyclo cross,True,concrete plates,good
7acf96cb-a7cd-4435-850a-014bb55cd114,0c4d0357-e1dd-4ab9-90b4-bbc863177f06,27db2892-98fb-41ed-b281-1dbbf00ae929,1635691278475,13.4167355,52.4764897,5.3810005,-1.0517561,-7.2072706,-0.95053387,on bike mount,cyclo cross,True,concrete plates,good
7acf96cb-a7cd-4435-850a-014bb55cd114,a2c8b5f2-2798-4139-a8c4-27e2a906f323,adafe38b-f9f5-485b-ad63-d29b9ae929ba,1635691276204,13.4165836,52.4765136,5.425889,2.4904788,-0.69470215,2.982233,on bike mount,cyclo cross,True,concrete plates,good
7acf96cb-a7cd-4435-850a-014bb55cd114,a2c8b5f2-2798-4139-a8c4-27e2a906f323,0b67c0a5-1511-47a4-a149-505bced1e444,1635691276269,13.4165836,52.4765136,5.425889,-1.3320072,1.9622941,-3.896029,on bike mount,cyclo cross,True,concrete plates,good
7acf96cb-a7cd-4435-850a-014bb55cd114,a2c8b5f2-2798-4139-a8c4-27e2a906f323,4062aaf6-3914-432f-932b-0be28388b894,1635691276320,13.4165836,52.4765136,5.425889,1.2881279,-1.4601274,0.13947201,on bike mount,cyclo cross,True,concrete plates,good
7acf96cb-a7cd-4435-850a-014bb55cd114,a2c8b5f2-2798-4139-a8c4-27e2a906f323,88745218-e836-4862-ba17-510b7f3f5fe9,1635691276369,13.4165836,52.4765136,5.425889,0.29820868,-0.50373244,1.6484518,on bike mount,cyclo cross,True,concrete plates,good
7acf96cb-a7cd-4435-850a-014bb55cd114,a2c8b5f2-2798-4139-a8c4-27e2a906f323,898e855a-ce72-4c6c-8a74-77c8af8bfad4,1635691276421,13.4165836,52.4765136,5.425889,0.063257165,-2.5487633,3.082859,on bike mount,cyclo cross,True,concrete plates,good
7acf96cb-a7cd-4435-850a-014bb55cd114,a2c8b5f2-2798-4139-a8c4-27e2a906f323,c4f52145-3cdc-4064-9650-8151252b5dcf,1635691276474,13.4165836,52.4765136,5.425889,-0.782952,2.8064842,-4.11476,on bike mount,cyclo cross,True,concrete plates,good
7acf96cb-a7cd-4435-850a-014bb55cd114,a2c8b5f2-2798-4139-a8c4-27e2a906f323,0e7ab813-f8cb-4917-983a-8fc02b8cac5f,1635691276538,13.4165836,52.4765136,5.425889,0.5597361,-1.834897,-0.14381313,on bike mount,cyclo cross,True,concrete plates,good
7acf96cb-a7cd-4435-850a-014bb55cd114,a2c8b5f2-2798-4139-a8c4-27e2a906f323,22e6330c-3e32-423a-9a29-cc9c298962ce,1635691276589,13.4165836,52.4765136,5.425889,1.50552,-2.082222,-1.9559107,on bike mount,cyclo cross,True,concrete plates,good
7acf96cb-a7cd-4435-850a-014bb55cd114,a2c8b5f2-2798-4139-a8c4-27e2a906f323,eeed5e2f-d27a-4206-9df3-fb9a174f2ba6,1635691276654,13.4165836,52.4765136,5.425889,1.2982388,0.4165702,-2.3706865,on bike mount,cyclo cross,True,concrete plates,good
7acf96cb-a7cd-4435-850a-014bb55cd114,a2c8b5f2-2798-4139-a8c4-27e2a906f323,872475e1-1074-45f3-ba9e-a8c269e3ae2d,1635691276706,13.4166593,52.4765024,5.387239,-1.7081586,2.5629144,2.1967945,on bike mount,cyclo cross,True,concrete plates,good
7acf96cb-a7cd-4435-850a-014bb55cd114,a2c8b5f2-2798-4139-a8c4-27e2a906f323,3ed1421b-d184-468d-b0f5-09d873c5e911,1635691276756,13.4166593,52.4765024,5.387239,2.256741,-1.1582565,0.1321764,on bike mount,cyclo cross,True,concrete plates,good
7acf96cb-a7cd-4435-850a-014bb55cd114,a2c8b5f2-2798-4139-a8c4-27e2a906f323,77d33845-dc8e-4590-81b2-7baad93c7f3a,1635691276822,13.4166593,52.4765024,5.387239,0.1362686,1.3947716,-0.09203434,on bike mount,cyclo cross,True,concrete plates,good
7acf96cb-a7cd-4435-850a-014bb55cd114,a2c8b5f2-2798-4139-a8c4-27e2a906f323,048a1e1e-fdf0-4d3b-b984-f1196e3f8d93,1635691276871,13.4166593,52.4765024,5.387239,-0.0037561953,-0.8698307,-1.0647717,on bike mount,cyclo cross,True,concrete plates,good
7acf96cb-a7cd-4435-850a-014bb55cd114,a2c8b5f2-2798-4139-a8c4-27e2a906f323,11dd41a7-c1c8-46ae-beb1-a4498634118d,1635691276920,13.4166593,52.4765024,5.387239,-0.026576519,-0.6208675,0.07318592,on bike mount,cyclo cross,True,concrete plates,good
7acf96cb-a7cd-4435-850a-014bb55cd114,a2c8b5f2-2798-4139-a8c4-27e2a906f323,37625b02-9dec-4001-b728-d2f1afac5fcb,1635691276971,13.4166593,52.4765024,5.387239,-0.0965461,1.5141394,0.5617933,on bike mount,cyclo cross,True,concrete plates,good
7acf96cb-a7cd-4435-850a-014bb55cd114,a2c8b5f2-2798-4139-a8c4-27e2a906f323,27b9c539-8281-40a4-9c10-af08fe1db82b,1635691277022,13.4166593,52.4765024,5.387239,-0.0068377405,-0.1904068,2.6745749,on bike mount,cyclo cross,True,concrete plates,good
7acf96cb-a7cd-4435-850a-014bb55cd114,a2c8b5f2-2798-4139-a8c4-27e2a906f323,f72fd090-aa9b-4d35-8a2d-661b1c4ff4d2,1635691277073,13.4166593,52.4765024,5.387239,0.9008043,-4.4058156,0.41590118,on bike mount,cyclo cross,True,concrete plates,good
7acf96cb-a7cd-4435-850a-014bb55cd114,a2c8b5f2-2798-4139-a8c4-27e2a906f323,3c589a6e-303a-44f9-86d1-4372cab03d69,1635691277140,13.4166593,52.4765024,5.387239,-1.0510013,1.8411555,0.6972132,on bike mount,cyclo cross,True,concrete plates,good
7acf96cb-a7cd-4435-850a-014bb55cd114,a2c8b5f2-2798-4139-a8c4-27e2a906f323,240a2898-37fc-4671-9f2f-a32bd80bbe9d,1635691277207,13.4166593,52.4765024,5.387239,0.33566052,-0.15906072,-0.7044096,on bike mount,cyclo cross,True,concrete plates,good
7acf96cb-a7cd-4435-850a-014bb55cd114,a2c8b5f2-2798-4139-a8c4-27e2a906f323,a3e87cda-4598-4af6-90c4-e11847247b71,1635691277256,13.4166593,52.4765024,5.387239,-0.7542012,-1.1678004,3.7040873,on bike mount,cyclo cross,True,concrete plates,good
7acf96cb-a7cd-4435-850a-014bb55cd114,a2c8b5f2-2798-4139-a8c4-27e2a906f323,99fb4933-5c63-4df0-bfd4-5490186d855d,1635691277306,13.4166593,52.4765024,5.387239,0.11811082,-1.2645853,2.9734726,on bike mount,cyclo cross,True,concrete plates,good
7acf96cb-a7cd-4435-850a-014bb55cd114,a2c8b5f2-2798-4139-a8c4-27e2a906f323,2965d4ee-8cba-44d9-be21-866862b920fc,1635691277356,13.4166593,52.4765024,5.387239,1.0402349,1.1788375,-2.8550973,on bike mount,cyclo cross,True,concrete plates,good
7acf96cb-a7cd-4435-850a-014bb55cd114,a2c8b5f2-2798-4139-a8c4-27e2a906f323,7f8609f0-7f5f-4a7f-ae00-7186dc543fe0,1635691277406,13.4166593,52.4765024,5.387239,-0.8094638,0.5312705,-0.1672802,on bike mount,cyclo cross,True,concrete plates,good
7acf96cb-a7cd-4435-850a-014bb55cd114,a2c8b5f2-2798-4139-a8c4-27e2a906f323,c3078108-2a5e-4998-b670-ebb24aedac06,1635691277458,13.4166593,52.4765024,5.387239,-0.5635436,1.194638,-0.8619461,on bike mount,cyclo cross,True,concrete plates,good
7acf96cb-a7cd-4435-850a-014bb55cd114,a2c8b5f2-2798-4139-a8c4-27e2a906f323,3ea20313-1eac-49b2-950d-97ec5f181ae7,1635691277523,13.4166593,52.4765024,5.387239,1.7773836,-0.16407347,-1.1613135,on bike mount,cyclo cross,True,concrete plates,good
7acf96cb-a7cd-4435-850a-014bb55cd114,a2c8b5f2-2798-4139-a8c4-27e2a906f323,57abf8a1-5f27-49fb-a7d8-c92960ddcbbc,1635691277588,13.4166593,52.4765024,5.387239,-2.458747,-0.31265926,1.279355,on bike mount,cyclo cross,True,concrete plates,good
7acf96cb-a7cd-4435-850a-014bb55cd114,a2c8b5f2-2798-4139-a8c4-27e2a906f323,7b058ee0-43f6-485c-9d82-95b0b6f5ab7c,1635691277640,13.4166593,52.4765024,5.387239,1.3585911,-0.3072555,2.530549,on bike mount,cyclo cross,True,concrete plates,good
7acf96cb-a7cd-4435-850a-014bb55cd114,a2c8b5f2-2798-4139-a8c4-27e2a906f323,6fbd93f8-d2e5-4881-92f0-610e61efc5cd,1635691277706,13.4167355,52.4764897,5.3810005,0.61501485,0.21027231,-2.3995452,on bike mount,cyclo cross,True,concrete plates,good
7acf96cb-a7cd-4435-850a-014bb55cd114,a2c8b5f2-2798-4139-a8c4-27e2a906f323,c6b54b54-c5de-4edd-80c2-48aa1fe99a78,1635691277756,13.4167355,52.4764897,5.3810005,0.77280277,-1.841063,-0.013515472,on bike mount,cyclo cross,True,concrete plates,good
7acf96cb-a7cd-4435-850a-014bb55cd114,a2c8b5f2-2798-4139-a8c4-27e2a906f323,3ac4eb1e-c26f-4a68-8747-e224085cdbd0,1635691277808,13.4167355,52.4764897,5.3810005,0.088626504,0.88934755,1.9877748,on bike mount,cyclo cross,True,concrete plates,good
7acf96cb-a7cd-4435-850a-014bb55cd114,a2c8b5f2-2798-4139-a8c4-27e2a906f323,ada3416c-c790-4efc-bbe2-951112af5510,1635691277858,13.4167355,52.4764897,5.3810005,1.226963,-0.7012832,-1.8218584,on bike mount,cyclo cross,True,concrete plates,good
7acf96cb-a7cd-4435-850a-014bb55cd114,a2c8b5f2-2798-4139-a8c4-27e2a906f323,c111646f-ab9a-41e1-b334-f9c119a02cf9,1635691277907,13.4167355,52.4764897,5.3810005,-1.1916606,-1.1808767,-1.1765747,on bike mount,cyclo cross,True,concrete plates,good
7acf96cb-a7cd-4435-850a-014bb55cd114,a2c8b5f2-2798-4139-a8c4-27e2a906f323,4ae462a0-71c1-4bfe-af88-ec9173d8ca71,1635691277956,13.4167355,52.4764897,5.3810005,-0.95809615,2.2432847,0.48016453,on bike mount,cyclo cross,True,concrete plates,good
7acf96cb-a7cd-4435-850a-014bb55cd114,a2c8b5f2-2798-4139-a8c4-27e2a906f323,d780f740-6b22-43c4-88bf-dd53f39324ad,1635691278009,13.4167355,52.4764897,5.3810005,2.4258642,-3.97508,0.08722973,on bike mount,cyclo cross,True,concrete plates,good
7acf96cb-a7cd-4435-850a-014bb55cd114,a2c8b5f2-2798-4139-a8c4-27e2a906f323,a34fc29d-438c-49f4-92f4-79c9cb805de8,1635691278073,13.4167355,52.4764897,5.3810005,-2.4278939,1.176014,-1.021204,on bike mount,cyclo cross,True,concrete plates,good
7acf96cb-a7cd-4435-850a-014bb55cd114,a2c8b5f2-2798-4139-a8c4-27e2a906f323,a40e1785-6916-4117-a6d3-d2354b1b1aba,1635691278123,13.4167355,52.4764897,5.3810005,-0.9987898,2.491365,-1.9589543,on bike mount,cyclo cross,True,concrete plates,good
7acf96cb-a7cd-4435-850a-014bb55cd114,a2c8b5f2-2798-4139-a8c4-27e2a906f323,0f431db5-675a-418d-98f9-ff9458e1e8d8,1635691278175,13.4167355,52.4764897,5.3810005,-0.104260206,-0.9608129,0.3985424,on bike mount,cyclo cross,True,concrete plates,good
7acf96cb-a7cd-4435-850a-014bb55cd114,a2c8b5f2-2798-4139-a8c4-27e2a906f323,bf06c051-a78b-4705-b029-176c619dbcf9,1635691278240,13.4167355,52.4764897,5.3810005,1.3786029,-2.6653805,-0.4094305,on bike mount,cyclo cross,True,concrete plates,good
7acf96cb-a7cd-4435-850a-014bb55cd114,a2c8b5f2-2798-4139-a8c4-27e2a906f323,76259514-bddf-42a9-b92b-e6609863bb7a,1635691278293,13.4167355,52.4764897,5.3810005,2.4273062,3.2284517,-2.956801,on bike mount,cyclo cross,True,concrete plates,good
7acf96cb-a7cd-4435-850a-014bb55cd114,a2c8b5f2-2798-4139-a8c4-27e2a906f323,0b891a15-910a-426a-b642-f963f271051c,1635691278358,13.4167355,52.4764897,5.3810005,0.30011886,7.421652,0.6393156,on bike mount,cyclo cross,True,concrete plates,good
7acf96cb-a7cd-4435-850a-014bb55cd114,a2c8b5f2-2798-4139-a8c4-27e2a906f323,ab78f0d2-52d9-4000-a5be-48fe479c363c,1635691278408,13.4167355,52.4764897,5.3810005,1.7180825,0.030327082,8.295183,on bike mount,cyclo cross,True,concrete plates,good
7acf96cb-a7cd-4435-850a-014bb55cd114,a2c8b5f2-2798-4139-a8c4-27e2a906f323,aa2f03bb-009a-414d-8b57-91c8c203d3a9,1635691278458,13.4167355,52.4764897,5.3810005,-3.4977977,-2.447995,-2.3081427,on bike mount,cyclo cross,True,concrete plates,good
7acf96cb-a7cd-4435-850a-014bb55cd114,a2c8b5f2-2798-4139-a8c4-27e2a906f323,65ba0dd8-f881-4008-bc99-1753be3436fa,1635691278509,13.4167355,52.4764897,5.3810005,4.3120885,14.119949,12.864662,on bike mount,cyclo cross,True,concrete plates,good
7acf96cb-a7cd-4435-850a-014bb55cd114,a2c8b5f2-2798-4139-a8c4-27e2a906f323,13b7631a-abb0-49ec-a7ae-5ca5871bb091,1635691278560,13.4167355,52.4764897,5.3810005,-2.5210724,-4.062097,1.0086107,on bike mount,cyclo cross,True,concrete plates,good
7acf96cb-a7cd-4435-850a-014bb55cd114,a2c8b5f2-2798-4139-a8c4-27e2a906f323,549107e3-67a7-4c93-8350-466864042273,1635691278625,13.4167355,52.4764897,5.3810005,-0.1680249,1.6918077,-0.9708953,on bike mount,cyclo cross,True,concrete plates,good
7acf96cb-a7cd-4435-850a-014bb55cd114,a2c8b5f2-2798-4139-a8c4-27e2a906f323,628972c6-0c55-4a4d-b698-b9893165a9f6,1635691278676,13.4167355,52.4764897,5.3810005,0.66981137,-0.9084194,-2.3448024,on bike mount,cyclo cross,True,concrete plates,good
7acf96cb-a7cd-4435-850a-014bb55cd114,a2c8b5f2-2798-4139-a8c4-27e2a906f323,b5dfd158-2f9c-4291-a7b0-4926591e53a3,1635691278727,13.4168103,52.4764766,5.357564,0.54706854,2.217947,-1.0212803,on bike mount,cyclo cross,True,concrete plates,good
7acf96cb-a7cd-4435-850a-014bb55cd114,a2c8b5f2-2798-4139-a8c4-27e2a906f323,2388e6b3-12b2-487e-87a5-36f8cc89228d,1635691278778,13.4168103,52.4764766,5.357564,-0.81949764,0.76128936,0.8229275,on bike mount,cyclo cross,True,concrete plates,good
7acf96cb-a7cd-4435-850a-014bb55cd114,a2c8b5f2-2798-4139-a8c4-27e2a906f323,6e0fa678-86c0-49b9-9b75-da835c03719b,1635691278844,13.4168103,52.4764766,5.357564,1.4601364,-4.9941545,0.6842489,on bike mount,cyclo cross,True,concrete plates,good
7acf96cb-a7cd-4435-850a-014bb55cd114,a2c8b5f2-2798-4139-a8c4-27e2a906f323,8d9fd22e-f287-4269-8862-b98a84e6dc54,1635691278908,13.4168103,52.4764766,5.357564,0.80707735,-1.9277899,-0.9625807,on bike mount,cyclo cross,True,concrete plates,good
7acf96cb-a7cd-4435-850a-014bb55cd114,a2c8b5f2-2798-4139-a8c4-27e2a906f323,527d74b0-2fff-4a26-ad2c-8e04fad1a8c6,1635691278959,13.4168103,52.4764766,5.357564,-0.51780546,1.3662846,-1.4099488,on bike mount,cyclo cross,True,concrete plates,good
7acf96cb-a7cd-4435-850a-014bb55cd114,a2c8b5f2-2798-4139-a8c4-27e2a906f323,896f1cf2-f1b5-41b7-afe6-20d0b40cab98,1635691279010,13.4168103,52.4764766,5.357564,0.38389933,1.1996415,-0.64993334,on bike mount,cyclo cross,True,concrete plates,good
7acf96cb-a7cd-4435-850a-014bb55cd114,a2c8b5f2-2798-4139-a8c4-27e2a906f323,de29e4cf-6ae7-4d17-8710-ae402bbf1add,1635691279075,13.4168103,52.4764766,5.357564,-0.25536013,2.0517473,2.0730429,on bike mount,cyclo cross,True,concrete plates,good
7acf96cb-a7cd-4435-850a-014bb55cd114,a2c8b5f2-2798-4139-a8c4-27e2a906f323,107b1d5e-d75e-46d6-96a6-e00fecf96e04,1635691279125,13.4168103,52.4764766,5.357564,1.2242109,2.9682827,-1.158556,on bike mount,cyclo cross,True,concrete plates,good
7acf96cb-a7cd-4435-850a-014bb55cd114,a2c8b5f2-2798-4139-a8c4-27e2a906f323,75a11af9-78ae-410f-afbd-3bcc943be935,1635691279175,13.4168103,52.4764766,5.357564,0.4715656,-0.8213136,2.4695148,on bike mount,cyclo cross,True,concrete plates,good
7acf96cb-a7cd-4435-850a-014bb55cd114,a2c8b5f2-2798-4139-a8c4-27e2a906f323,f66690fa-7cbb-4314-8261-30817b190a0e,1635691279227,13.4168103,52.4764766,5.357564,0.7758508,2.6530046,-4.951583,on bike mount,cyclo cross,True,concrete plates,good
7acf96cb-a7cd-4435-850a-014bb55cd114,a2c8b5f2-2798-4139-a8c4-27e2a906f323,adfc1889-b7fd-4900-8655-e9a7e9d1c693,1635691279277,13.4168103,52.4764766,5.357564,3.266601,0.50260305,1.5079746,on bike mount,cyclo cross,True,concrete plates,good
7acf96cb-a7cd-4435-850a-014bb55cd114,a2c8b5f2-2798-4139-a8c4-27e2a906f323,de95f1f1-dd12-4136-8b06-f2b488fc4ca1,1635691279328,13.4168103,52.4764766,5.357564,0.547228,3.0212412,0.59075546,on bike mount,cyclo cross,True,concrete plates,good
7acf96cb-a7cd-4435-850a-014bb55cd114,a2c8b5f2-2798-4139-a8c4-27e2a906f323,fb6a6a00-08a9-4da9-b99e-19295aa3654b,1635691279393,13.4168103,52.4764766,5.357564,-0.5978856,1.5069151,-1.4440107,on bike mount,cyclo cross,True,concrete plates,good
7acf96cb-a7cd-4435-850a-014bb55cd114,a2c8b5f2-2798-4139-a8c4-27e2a906f323,5b1c79f2-592b-4516-8e5b-3f3a0f78a1cd,1635691279445,13.4168103,52.4764766,5.357564,-0.7022989,-1.3305976,-2.7808776,on bike mount,cyclo cross,True,concrete plates,good
7acf96cb-a7cd-4435-850a-014bb55cd114,a2c8b5f2-2798-4139-a8c4-27e2a906f323,4026d874-a664-47c1-838c-42d60f268fab,1635691279513,13.4168103,52.4764766,5.357564,-1.3800937,-1.0864269,0.41183567,on bike mount,cyclo cross,True,concrete plates,good
7acf96cb-a7cd-4435-850a-014bb55cd114,a2c8b5f2-2798-4139-a8c4-27e2a906f323,7bf6b198-cce7-411e-8531-2f9673bbf85d,1635691279578,13.4168103,52.4764766,5.357564,1.7196505,-3.8220263,1.5491915,on bike mount,cyclo cross,True,concrete plates,good
7acf96cb-a7cd-4435-850a-014bb55cd114,a2c8b5f2-2798-4139-a8c4-27e2a906f323,836f468a-e40d-47d2-9ee1-17740f6a78c9,1635691279629,13.4168103,52.4764766,5.357564,0.8957819,-0.99551463,-0.70950794,on bike mount,cyclo cross,True,concrete plates,good
7acf96cb-a7cd-4435-850a-014bb55cd114,a2c8b5f2-2798-4139-a8c4-27e2a906f323,9401ee91-8c4f-4c87-8884-aa9cd892da4f,1635691279685,13.4168756,52.4764556,5.2925997,0.4741632,-3.836551,0.13508701,on bike mount,cyclo cross,True,concrete plates,good
7acf96cb-a7cd-4435-850a-014bb55cd114,a2c8b5f2-2798-4139-a8c4-27e2a906f323,93b16b68-dfd4-4cfb-8072-16a8be53fb8d,1635691279744,13.4168756,52.4764556,5.2925997,0.53499734,-2.5519776,2.7078733,on bike mount,cyclo cross,True,concrete plates,good
7acf96cb-a7cd-4435-850a-014bb55cd114,a2c8b5f2-2798-4139-a8c4-27e2a906f323,148833e2-7dfa-4fdd-a30a-cc92029e0b92,1635691279795,13.4168756,52.4764556,5.2925997,0.0022441149,-0.15897775,-0.47426033,on bike mount,cyclo cross,True,concrete plates,good
7acf96cb-a7cd-4435-850a-014bb55cd114,a2c8b5f2-2798-4139-a8c4-27e2a906f323,006f714b-50a7-4a71-adb7-a61d1362075a,1635691279845,13.4168756,52.4764556,5.2925997,1.0220008,-1.0418229,1.0506611,on bike mount,cyclo cross,True,concrete plates,good
7acf96cb-a7cd-4435-850a-014bb55cd114,a2c8b5f2-2798-4139-a8c4-27e2a906f323,ef486cb8-42b7-4752-873d-45f71c762e6b,1635691279912,13.4168756,52.4764556,5.2925997,0.5456545,1.8970597,-4.8663793,on bike mount,cyclo cross,True,concrete plates,good
7acf96cb-a7cd-4435-850a-014bb55cd114,a2c8b5f2-2798-4139-a8c4-27e2a906f323,92a52977-7e14-4426-be4b-5fc23f95afa3,1635691279979,13.4168756,52.4764556,5.2925997,1.6089205,-0.64721537,-1.2537994,on bike mount,cyclo cross,True,concrete plates,good
7acf96cb-a7cd-4435-850a-014bb55cd114,a2c8b5f2-2798-4139-a8c4-27e2a906f323,111135ac-7dba-424a-b9c4-7c169c174ddd,1635691280030,13.4168756,52.4764556,5.2925997,0.25709784,1.5528784,1.1784286,on bike mount,cyclo cross,True,concrete plates,good
7acf96cb-a7cd-4435-850a-014bb55cd114,a2c8b5f2-2798-4139-a8c4-27e2a906f323,17b2f894-a3c6-45e9-b422-4058ea77baa2,1635691280095,13.4168756,52.4764556,5.2925997,-0.6487812,7.4042015,2.1817884,on bike mount,cyclo cross,True,concrete plates,good
7acf96cb-a7cd-4435-850a-014bb55cd114,a2c8b5f2-2798-4139-a8c4-27e2a906f323,35c005b8-a0c8-41bb-94b1-2614b378d192,1635691280147,13.4168756,52.4764556,5.2925997,0.9141222,-2.3258119,1.5665417,on bike mount,cyclo cross,True,concrete plates,good
7acf96cb-a7cd-4435-850a-014bb55cd114,a2c8b5f2-2798-4139-a8c4-27e2a906f323,dd7d9b76-0d38-4c77-bd53-c25d72054e81,1635691280212,13.4168756,52.4764556,5.2925997,2.806038,-0.5480592,-4.465156,on bike mount,cyclo cross,True,concrete plates,good
7acf96cb-a7cd-4435-850a-014bb55cd114,a2c8b5f2-2798-4139-a8c4-27e2a906f323,317e1216-9015-462b-bb2b-1ea59ba77791,1635691280264,13.4168756,52.4764556,5.2925997,-0.6951833,2.1035595,-3.6926632,on bike mount,cyclo cross,True,concrete plates,good
7acf96cb-a7cd-4435-850a-014bb55cd114,a2c8b5f2-2798-4139-a8c4-27e2a906f323,a570548a-c571-4a80-bd07-8f867558cc49,1635691280330,13.4168756,52.4764556,5.2925997,1.8994805,2.2585044,0.23189068,on bike mount,cyclo cross,True,concrete plates,good
7acf96cb-a7cd-4435-850a-014bb55cd114,a2c8b5f2-2798-4139-a8c4-27e2a906f323,ac0f2dba-ccd9-4938-823b-90d50b74236c,1635691280381,13.4168756,52.4764556,5.2925997,2.3357854,-2.0128927,-1.552844,on bike mount,cyclo cross,True,concrete plates,good
7acf96cb-a7cd-4435-850a-014bb55cd114,a2c8b5f2-2798-4139-a8c4-27e2a906f323,f4cd4be1-a656-413d-a85e-15662d69a773,1635691280446,13.4168756,52.4764556,5.2925997,-0.6623194,2.1769204,-0.10879326,on bike mount,cyclo cross,True,concrete plates,good
7acf96cb-a7cd-4435-850a-014bb55cd114,a2c8b5f2-2798-4139-a8c4-27e2a906f323,a52f9840-0f79-4067-acd1-a4a0962848e4,1635691280497,13.4168756,52.4764556,5.2925997,-1.0826758,1.4573698,-0.09294987,on bike mount,cyclo cross,True,concrete plates,good
7acf96cb-a7cd-4435-850a-014bb55cd114,a2c8b5f2-2798-4139-a8c4-27e2a906f323,9a602aa3-8bb2-4aa0-8598-7a725e101597,1635691280564,13.4168756,52.4764556,5.2925997,-0.16906428,-0.46698725,1.4364939,on bike mount,cyclo cross,True,concrete plates,good
7acf96cb-a7cd-4435-850a-014bb55cd114,a2c8b5f2-2798-4139-a8c4-27e2a906f323,ac47b412-748c-4852-87eb-504dceede01d,1635691280630,13.4168756,52.4764556,5.2925997,0.3503536,-1.2018113,1.1000566,on bike mount,cyclo cross,True,concrete plates,good
7acf96cb-a7cd-4435-850a-014bb55cd114,a2c8b5f2-2798-4139-a8c4-27e2a906f323,ff0ffe91-bd75-480f-b4fa-4696578472a5,1635691280682,13.4169253,52.476418,4.857936,-0.34365195,0.83296585,1.7613201,on bike mount,cyclo cross,True,concrete plates,good
7acf96cb-a7cd-4435-850a-014bb55cd114,a2c8b5f2-2798-4139-a8c4-27e2a906f323,bcc15975-165f-4493-a382-5abedf2b4b8d,1635691280746,13.4169253,52.476418,4.857936,0.41132033,-0.18660331,-0.24860096,on bike mount,cyclo cross,True,concrete plates,good
7acf96cb-a7cd-4435-850a-014bb55cd114,a2c8b5f2-2798-4139-a8c4-27e2a906f323,1d2e4334-d87b-4442-8b96-c0d11e771d19,1635691280797,13.4169253,52.476418,4.857936,0.4995583,2.3089461,-1.9030638,on bike mount,cyclo cross,True,concrete plates,good
7acf96cb-a7cd-4435-850a-014bb55cd114,a2c8b5f2-2798-4139-a8c4-27e2a906f323,90ba21b0-d805-4fb2-8ec5-a5e869e671fc,1635691280849,13.4169253,52.476418,4.857936,0.60021317,1.884409,5.1730223,on bike mount,cyclo cross,True,concrete plates,good
7acf96cb-a7cd-4435-850a-014bb55cd114,a2c8b5f2-2798-4139-a8c4-27e2a906f323,19aeb0df-a67f-4f49-aab1-353b20f28af8,1635691280913,13.4169253,52.476418,4.857936,-0.14292824,-1.4518023,2.4551067,on bike mount,cyclo cross,True,concrete plates,good
7acf96cb-a7cd-4435-850a-014bb55cd114,a2c8b5f2-2798-4139-a8c4-27e2a906f323,6a8b3426-6964-41de-8aab-319db286be4f,1635691280966,13.4169253,52.476418,4.857936,0.030191958,-0.20603561,-0.49041557,on bike mount,cyclo cross,True,concrete plates,good
7acf96cb-a7cd-4435-850a-014bb55cd114,a2c8b5f2-2798-4139-a8c4-27e2a906f323,1b995971-2d6d-4471-ba1c-6caba9d1421f,1635691281030,13.4169253,52.476418,4.857936,0.011170208,1.4802814,0.4593773,on bike mount,cyclo cross,True,concrete plates,good
7acf96cb-a7cd-4435-850a-014bb55cd114,a2c8b5f2-2798-4139-a8c4-27e2a906f323,470bee8d-b4f5-43b6-bbd2-3c7b6ccd5439,1635691281081,13.4169253,52.476418,4.857936,0.71812254,-0.2582667,0.1023159,on bike mount,cyclo cross,True,concrete plates,good
7acf96cb-a7cd-4435-850a-014bb55cd114,a2c8b5f2-2798-4139-a8c4-27e2a906f323,210ea09d-3cdc-4674-bc15-8c5ec8848614,1635691281131,13.4169253,52.476418,4.857936,0.2718077,-0.84707165,2.855425,on bike mount,cyclo cross,True,concrete plates,good
7acf96cb-a7cd-4435-850a-014bb55cd114,a2c8b5f2-2798-4139-a8c4-27e2a906f323,01cd1b4c-5b84-4d66-95ff-590f9b932acd,1635691281182,13.4169253,52.476418,4.857936,0.7830968,0.7775698,-1.7597079,on bike mount,cyclo cross,True,concrete plates,good
