bike_activity_uid,bike_activity_sample_uid,bike_activity_measurement,bike_activity_measurement_timestamp,bike_activity_measurement_lon,bike_activity_measurement_lat,bike_activity_measurement_speed,bike_activity_measurement_accelerometer_x,bike_activity_measurement_accelerometer_y,bike_activity_measurement_accelerometer_z,bike_activity_phone_position,bike_activity_bike_type,bike_activity_flagged_lab_conditions,bike_activity_surface_type,bike_activity_smoothness_type
825c072a-f9d2-42ce-80fc-fa74b3c32267,b0a81e90-da44-4900-96d6-214a88ea5876,2012f3c8-f124-4ced-9ba7-fc2c33f3c17e,1636128284335,13.4182628,52.4764999,3.134647,1.3270136,0.79002285,-0.23919392,on bike mount,cyclo cross,False,mixed,mixed
825c072a-f9d2-42ce-80fc-fa74b3c32267,b0a81e90-da44-4900-96d6-214a88ea5876,d1c921bf-a016-4c4b-a4bb-22446ca7a464,1636128284385,13.4182628,52.4764999,3.134647,0.34732926,-0.30601883,-1.4784899,on bike mount,cyclo cross,False,mixed,mixed
825c072a-f9d2-42ce-80fc-fa74b3c32267,b0a81e90-da44-4900-96d6-214a88ea5876,5ba5002a-5a91-4cc3-a899-b6eca23c51ea,1636128284436,13.4182628,52.4764999,3.134647,0.516651,0.2782507,-1.2103949,on bike mount,cyclo cross,False,mixed,mixed
825c072a-f9d2-42ce-80fc-fa74b3c32267,b0a81e90-da44-4900-96d6-214a88ea5876,8e191332-347f-4699-b81e-5ecc798257b0,1636128284485,13.4182628,52.4764999,3.134647,1.3632948,0.5676644,-0.77117443,on bike mount,cyclo cross,False,mixed,mixed
825c072a-f9d2-42ce-80fc-fa74b3c32267,b0a81e90-da44-4900-96d6-214a88ea5876,5916b692-5b5a-4edd-84bc-1e412ea21337,1636128284535,13.4182605,52.4765275,3.1949844,0.8542889,0.44254446,0.38179302,on bike mount,cyclo cross,False,mixed,mixed
825c072a-f9d2-42ce-80fc-fa74b3c32267,b0a81e90-da44-4900-96d6-214a88ea5876,fe2d02b4-ecc9-4ddd-bb09-b694239f03ba,1636128284585,13.4182605,52.4765275,3.1949844,1.2854526,0.5747824,-0.47849846,on bike mount,cyclo cross,False,mixed,mixed
825c072a-f9d2-42ce-80fc-fa74b3c32267,b0a81e90-da44-4900-96d6-214a88ea5876,128dda79-35b1-400a-bb8a-3b250ad02ec6,1636128284635,13.4182605,52.4765275,3.1949844,-0.9517832,1.1042454,0.59348583,on bike mount,cyclo cross,False,mixed,mixed
825c072a-f9d2-42ce-80fc-fa74b3c32267,b0a81e90-da44-4900-96d6-214a88ea5876,265bbe27-deea-4c30-a787-649b8baeeeba,1636128284686,13.4182605,52.4765275,3.1949844,1.2867013,-0.35010505,-0.190485,on bike mount,cyclo cross,False,mixed,mixed
825c072a-f9d2-42ce-80fc-fa74b3c32267,b0a81e90-da44-4900-96d6-214a88ea5876,9ce06f36-c4d8-4899-9033-efd1d900ddc6,1636128284737,13.4182605,52.4765275,3.1949844,0.6940312,1.6048608,-0.6267047,on bike mount,cyclo cross,False,mixed,mixed
825c072a-f9d2-42ce-80fc-fa74b3c32267,b0a81e90-da44-4900-96d6-214a88ea5876,4f6664f0-2a0d-4dfd-bd5b-761ca4e7a838,1636128284787,13.4182605,52.4765275,3.1949844,0.6060101,0.9735403,0.81840706,on bike mount,cyclo cross,False,mixed,mixed
825c072a-f9d2-42ce-80fc-fa74b3c32267,b0a81e90-da44-4900-96d6-214a88ea5876,318db98b-61e0-416f-abdc-fbde031cecfd,1636128284853,13.4182605,52.4765275,3.1949844,0.021152735,-0.20943785,-0.27163696,on bike mount,cyclo cross,False,mixed,mixed
825c072a-f9d2-42ce-80fc-fa74b3c32267,b0a81e90-da44-4900-96d6-214a88ea5876,e6457b57-35eb-42b5-b144-d5d95ee0365d,1636128284904,13.4182605,52.4765275,3.1949844,0.9292668,0.9939666,-0.3242998,on bike mount,cyclo cross,False,mixed,mixed
825c072a-f9d2-42ce-80fc-fa74b3c32267,b0a81e90-da44-4900-96d6-214a88ea5876,b3cd37e3-4b7e-4844-b8b2-1bd98af945a1,1636128284954,13.4182605,52.4765275,3.1949844,0.87813556,-0.1196444,-2.1566267,on bike mount,cyclo cross,False,mixed,mixed
825c072a-f9d2-42ce-80fc-fa74b3c32267,b0a81e90-da44-4900-96d6-214a88ea5876,448a18ba-62c1-41a4-a496-d23e70bb11d4,1636128285005,13.4182605,52.4765275,3.1949844,0.5787462,-0.43984914,1.760766,on bike mount,cyclo cross,False,mixed,mixed
825c072a-f9d2-42ce-80fc-fa74b3c32267,b0a81e90-da44-4900-96d6-214a88ea5876,9bdb901c-125b-43f8-9efc-d96bc8cc9747,1636128285070,13.4182605,52.4765275,3.1949844,0.87795395,0.34569645,0.106863976,on bike mount,cyclo cross,False,mixed,mixed
825c072a-f9d2-42ce-80fc-fa74b3c32267,b0a81e90-da44-4900-96d6-214a88ea5876,4e23c3e6-de8b-4e35-8fc1-72cccc4750d5,1636128285120,13.4182605,52.4765275,3.1949844,0.5312315,-0.9134059,1.3536997,on bike mount,cyclo cross,False,mixed,mixed
825c072a-f9d2-42ce-80fc-fa74b3c32267,b0a81e90-da44-4900-96d6-214a88ea5876,fe833721-c2a4-4671-bba4-d45f184539df,1636128285170,13.4182605,52.4765275,3.1949844,-0.44128436,0.7753186,-1.0222569,on bike mount,cyclo cross,False,mixed,mixed
825c072a-f9d2-42ce-80fc-fa74b3c32267,b0a81e90-da44-4900-96d6-214a88ea5876,4dede359-b584-4a4a-835c-d69f127a3844,1636128285220,13.4182605,52.4765275,3.1949844,0.4058791,-0.95370555,0.070833206,on bike mount,cyclo cross,False,mixed,mixed
825c072a-f9d2-42ce-80fc-fa74b3c32267,b0a81e90-da44-4900-96d6-214a88ea5876,a0b1711f-4c93-41d7-ae48-a956d56da1e4,1636128285270,13.4182605,52.4765275,3.1949844,0.34513617,0.12459445,-0.22880459,on bike mount,cyclo cross,False,mixed,mixed
825c072a-f9d2-42ce-80fc-fa74b3c32267,b0a81e90-da44-4900-96d6-214a88ea5876,f7387ac6-39ea-45f6-bd4e-a26a553c807b,1636128285320,13.4182605,52.4765275,3.1949844,-0.4349333,1.371047,-0.8930731,on bike mount,cyclo cross,False,mixed,mixed
825c072a-f9d2-42ce-80fc-fa74b3c32267,b0a81e90-da44-4900-96d6-214a88ea5876,4a7ca648-cde5-40e6-af45-d8b266bb042c,1636128285371,13.4182605,52.4765275,3.1949844,-0.8065729,0.8902044,0.4579878,on bike mount,cyclo cross,False,mixed,mixed
825c072a-f9d2-42ce-80fc-fa74b3c32267,b0a81e90-da44-4900-96d6-214a88ea5876,997c6545-1e7c-4492-a657-f474da27f3e7,1636128285422,13.4182605,52.4765275,3.1949844,-0.37318256,0.43216062,-0.3596325,on bike mount,cyclo cross,False,mixed,mixed
825c072a-f9d2-42ce-80fc-fa74b3c32267,b0a81e90-da44-4900-96d6-214a88ea5876,6463dd42-d1b5-4aca-8c58-346ba10b490a,1636128285477,13.4182605,52.4765275,3.1949844,-0.4064923,-0.12010622,-0.83343124,on bike mount,cyclo cross,False,mixed,mixed
825c072a-f9d2-42ce-80fc-fa74b3c32267,b0a81e90-da44-4900-96d6-214a88ea5876,f49ced8e-fbb4-4ef8-be31-411b7eb36410,1636128285540,13.4182615,52.4765553,3.084563,-0.8123369,1.5286598,-0.17891121,on bike mount,cyclo cross,False,mixed,mixed
825c072a-f9d2-42ce-80fc-fa74b3c32267,b0a81e90-da44-4900-96d6-214a88ea5876,c8d79465-bda0-4adb-b3b1-31f61e5e876c,1636128285604,13.4182615,52.4765553,3.084563,-0.60879356,-0.27982068,-1.1566415,on bike mount,cyclo cross,False,mixed,mixed
825c072a-f9d2-42ce-80fc-fa74b3c32267,b0a81e90-da44-4900-96d6-214a88ea5876,57d6fd9c-8f6c-4388-885e-3f5a75d77c3c,1636128285655,13.4182615,52.4765553,3.084563,-0.8881287,-0.85996914,1.5783749,on bike mount,cyclo cross,False,mixed,mixed
825c072a-f9d2-42ce-80fc-fa74b3c32267,b0a81e90-da44-4900-96d6-214a88ea5876,a324c5e0-3186-46d7-afd0-eef979cc0efc,1636128285705,13.4182615,52.4765553,3.084563,-0.26279202,1.8064384,-1.0200849,on bike mount,cyclo cross,False,mixed,mixed
825c072a-f9d2-42ce-80fc-fa74b3c32267,b0a81e90-da44-4900-96d6-214a88ea5876,78a55835-c6c4-4d20-b32e-d4646d6a2607,1636128285755,13.4182615,52.4765553,3.084563,0.64596784,0.5264025,1.4328566,on bike mount,cyclo cross,False,mixed,mixed
825c072a-f9d2-42ce-80fc-fa74b3c32267,b0a81e90-da44-4900-96d6-214a88ea5876,19f98ee4-3176-4c4a-80a8-b7e2ddfbfc8c,1636128285805,13.4182615,52.4765553,3.084563,0.36488777,-0.6556022,-0.8758669,on bike mount,cyclo cross,False,mixed,mixed
825c072a-f9d2-42ce-80fc-fa74b3c32267,b0a81e90-da44-4900-96d6-214a88ea5876,117ac70f-7e4f-4228-a3d7-92bd8ec6a6fe,1636128285856,13.4182615,52.4765553,3.084563,0.1701493,-0.6886778,-0.7694645,on bike mount,cyclo cross,False,mixed,mixed
825c072a-f9d2-42ce-80fc-fa74b3c32267,b0a81e90-da44-4900-96d6-214a88ea5876,e570cdf9-b539-446e-8615-2004e9b0c8d2,1636128285906,13.4182615,52.4765553,3.084563,-0.6430316,1.2448187,-1.885778,on bike mount,cyclo cross,False,mixed,mixed
825c072a-f9d2-42ce-80fc-fa74b3c32267,b0a81e90-da44-4900-96d6-214a88ea5876,c7b344f9-869a-4bb8-8d4c-5bb803b131d2,1636128285956,13.4182615,52.4765553,3.084563,-1.4589181,-4.969039,8.484953,on bike mount,cyclo cross,False,mixed,mixed
825c072a-f9d2-42ce-80fc-fa74b3c32267,b0a81e90-da44-4900-96d6-214a88ea5876,c36f0b60-0b71-428a-b0f4-d3999d7bc4fb,1636128286007,13.4182615,52.4765553,3.084563,2.0696533,0.84397626,0.5729456,on bike mount,cyclo cross,False,mixed,mixed
825c072a-f9d2-42ce-80fc-fa74b3c32267,b0a81e90-da44-4900-96d6-214a88ea5876,3209ac74-afb7-47a9-8a48-606bea7e72f9,1636128286057,13.4182615,52.4765553,3.084563,-0.36426574,-0.52035475,-0.30074692,on bike mount,cyclo cross,False,mixed,mixed
825c072a-f9d2-42ce-80fc-fa74b3c32267,b0a81e90-da44-4900-96d6-214a88ea5876,12f594e0-270a-4cb6-992f-5723e51c1502,1636128286108,13.4182615,52.4765553,3.084563,0.7830425,0.9236748,-1.04005,on bike mount,cyclo cross,False,mixed,mixed
825c072a-f9d2-42ce-80fc-fa74b3c32267,b0a81e90-da44-4900-96d6-214a88ea5876,fd2d0942-27a3-4bc7-966d-e87e9df59e3d,1636128286158,13.4182615,52.4765553,3.084563,0.22026579,-0.9430008,-0.81329536,on bike mount,cyclo cross,False,mixed,mixed
825c072a-f9d2-42ce-80fc-fa74b3c32267,b0a81e90-da44-4900-96d6-214a88ea5876,2c112f42-ac26-4846-918f-823dc993f581,1636128286208,13.4182615,52.4765553,3.084563,-0.44467634,-0.18851542,1.3413839,on bike mount,cyclo cross,False,mixed,mixed
825c072a-f9d2-42ce-80fc-fa74b3c32267,b0a81e90-da44-4900-96d6-214a88ea5876,ac5f084f-8a68-44a7-b472-2252ea07466a,1636128286258,13.4182615,52.4765553,3.084563,-0.37612593,-0.517606,0.33531666,on bike mount,cyclo cross,False,mixed,mixed
825c072a-f9d2-42ce-80fc-fa74b3c32267,b0a81e90-da44-4900-96d6-214a88ea5876,fd096561-f817-4d4f-acb5-9fd3be1a5c08,1636128286308,13.4182615,52.4765553,3.084563,-0.6526978,0.021766186,2.261427,on bike mount,cyclo cross,False,mixed,mixed
825c072a-f9d2-42ce-80fc-fa74b3c32267,b0a81e90-da44-4900-96d6-214a88ea5876,222657e0-c754-4180-af24-ff91d037d0a5,1636128286358,13.4182615,52.4765553,3.084563,-0.028324315,-0.041094303,-1.8027377,on bike mount,cyclo cross,False,mixed,mixed
825c072a-f9d2-42ce-80fc-fa74b3c32267,b0a81e90-da44-4900-96d6-214a88ea5876,1545bf7e-9092-49f1-b95a-1d49175e45d8,1636128286424,13.4182615,52.4765553,3.084563,-0.57350755,1.071146,-0.10590935,on bike mount,cyclo cross,False,mixed,mixed
825c072a-f9d2-42ce-80fc-fa74b3c32267,b0a81e90-da44-4900-96d6-214a88ea5876,473d49df-e3a4-4d2b-b446-fafc27a98477,1636128286474,13.4182615,52.4765553,3.084563,-1.2255423,-0.12261248,0.9865904,on bike mount,cyclo cross,False,mixed,mixed
825c072a-f9d2-42ce-80fc-fa74b3c32267,b0a81e90-da44-4900-96d6-214a88ea5876,02574859-308d-4c86-8e45-704032165a2a,1636128286524,13.4182746,52.4765837,3.8737626,-0.77800876,-0.63447285,-0.55032825,on bike mount,cyclo cross,False,mixed,mixed
825c072a-f9d2-42ce-80fc-fa74b3c32267,b0a81e90-da44-4900-96d6-214a88ea5876,bae91113-fc31-41c5-9638-8caaff853213,1636128286574,13.4182746,52.4765837,3.8737626,0.34902638,-0.21544671,0.30501556,on bike mount,cyclo cross,False,mixed,mixed
825c072a-f9d2-42ce-80fc-fa74b3c32267,b0a81e90-da44-4900-96d6-214a88ea5876,1002e6d4-e777-4151-8fc3-81873228d50d,1636128286624,13.4182746,52.4765837,3.8737626,-0.08821118,-0.083851814,-1.7635283,on bike mount,cyclo cross,False,mixed,mixed
825c072a-f9d2-42ce-80fc-fa74b3c32267,b0a81e90-da44-4900-96d6-214a88ea5876,5ebcab9e-14af-404b-9963-cac9d52501ac,1636128286674,13.4182746,52.4765837,3.8737626,-1.241387,-0.60062385,0.57188606,on bike mount,cyclo cross,False,mixed,mixed
825c072a-f9d2-42ce-80fc-fa74b3c32267,b0a81e90-da44-4900-96d6-214a88ea5876,4d2c2952-3960-46a5-a76e-986aae9972e3,1636128286726,13.4182746,52.4765837,3.8737626,0.05681905,0.43924713,0.14598274,on bike mount,cyclo cross,False,mixed,mixed
825c072a-f9d2-42ce-80fc-fa74b3c32267,b0a81e90-da44-4900-96d6-214a88ea5876,20c18a0c-8bb0-4a7d-89d5-6e893f5ef7e5,1636128286792,13.4182746,52.4765837,3.8737626,-0.66861355,-0.084157944,-0.26441574,on bike mount,cyclo cross,False,mixed,mixed
825c072a-f9d2-42ce-80fc-fa74b3c32267,b0a81e90-da44-4900-96d6-214a88ea5876,13965fb0-95af-497c-a832-b6a4bda53174,1636128286842,13.4182746,52.4765837,3.8737626,0.12081689,-0.058609724,1.2389622,on bike mount,cyclo cross,False,mixed,mixed
825c072a-f9d2-42ce-80fc-fa74b3c32267,b0a81e90-da44-4900-96d6-214a88ea5876,92843c79-bfa1-4253-939b-8bddfe27f8e9,1636128286892,13.4182746,52.4765837,3.8737626,-0.39497843,1.255485,-0.69498634,on bike mount,cyclo cross,False,mixed,mixed
825c072a-f9d2-42ce-80fc-fa74b3c32267,b0a81e90-da44-4900-96d6-214a88ea5876,cd6dc95c-308d-43f8-ad8f-b78964feb82d,1636128286942,13.4182746,52.4765837,3.8737626,0.41023475,-0.1621685,-0.3676138,on bike mount,cyclo cross,False,mixed,mixed
825c072a-f9d2-42ce-80fc-fa74b3c32267,b0a81e90-da44-4900-96d6-214a88ea5876,aa696468-b919-4188-a3a0-51ce999b6dce,1636128286992,13.4182746,52.4765837,3.8737626,0.11518485,0.5610492,1.4571657,on bike mount,cyclo cross,False,mixed,mixed
825c072a-f9d2-42ce-80fc-fa74b3c32267,b0a81e90-da44-4900-96d6-214a88ea5876,93196a25-6af1-4e21-b0dc-d1f5f9898484,1636128287042,13.4182746,52.4765837,3.8737626,-0.16255657,0.50431633,-0.73991966,on bike mount,cyclo cross,False,mixed,mixed
825c072a-f9d2-42ce-80fc-fa74b3c32267,b0a81e90-da44-4900-96d6-214a88ea5876,a3073c21-050d-4b46-af0a-8f3c09268881,1636128287093,13.4182746,52.4765837,3.8737626,0.11304474,0.58777547,-0.9224644,on bike mount,cyclo cross,False,mixed,mixed
825c072a-f9d2-42ce-80fc-fa74b3c32267,b0a81e90-da44-4900-96d6-214a88ea5876,07bcb0a4-7297-4ad4-b98a-58f9d24f484c,1636128287144,13.4182746,52.4765837,3.8737626,0.7237615,0.6429045,0.031531334,on bike mount,cyclo cross,False,mixed,mixed
825c072a-f9d2-42ce-80fc-fa74b3c32267,b0a81e90-da44-4900-96d6-214a88ea5876,e16768f6-2cba-4e3f-bb53-42af6e0266e1,1636128287194,13.4182746,52.4765837,3.8737626,-0.23765454,-0.94304585,1.3364363,on bike mount,cyclo cross,False,mixed,mixed
825c072a-f9d2-42ce-80fc-fa74b3c32267,b0a81e90-da44-4900-96d6-214a88ea5876,5cb6e7a5-1d10-4d7f-a649-56bf72a5ea01,1636128287245,13.4182746,52.4765837,3.8737626,0.22138867,-0.3477676,0.47674465,on bike mount,cyclo cross,False,mixed,mixed
825c072a-f9d2-42ce-80fc-fa74b3c32267,b0a81e90-da44-4900-96d6-214a88ea5876,5cb34160-4d8b-4f15-bd3b-7ae37c3cf072,1636128287295,13.4182746,52.4765837,3.8737626,0.43586853,-0.51702785,-0.31644344,on bike mount,cyclo cross,False,mixed,mixed
825c072a-f9d2-42ce-80fc-fa74b3c32267,b0a81e90-da44-4900-96d6-214a88ea5876,1d26dc18-1eb9-4c26-97c5-9dd6110e12a7,1636128287346,13.4182746,52.4765837,3.8737626,0.45406714,0.90816903,0.5623436,on bike mount,cyclo cross,False,mixed,mixed
825c072a-f9d2-42ce-80fc-fa74b3c32267,b0a81e90-da44-4900-96d6-214a88ea5876,cd11f1c1-7569-4fd0-8cf6-aba68b8cd7e9,1636128287411,13.4182746,52.4765837,3.8737626,0.12456161,0.0070228577,0.018252373,on bike mount,cyclo cross,False,mixed,mixed
825c072a-f9d2-42ce-80fc-fa74b3c32267,b0a81e90-da44-4900-96d6-214a88ea5876,c70d4bb4-34df-4ba5-92fc-4cde074880c0,1636128287461,13.4182746,52.4765837,3.8737626,0.59646076,0.1421063,0.0049848557,on bike mount,cyclo cross,False,mixed,mixed
825c072a-f9d2-42ce-80fc-fa74b3c32267,b0a81e90-da44-4900-96d6-214a88ea5876,5cc1a513-0a8f-4514-be65-fdc3acd699fc,1636128287514,13.418301,52.4766143,3.0865002,0.3992881,0.06884718,-0.118413925,on bike mount,cyclo cross,False,mixed,mixed
825c072a-f9d2-42ce-80fc-fa74b3c32267,b0a81e90-da44-4900-96d6-214a88ea5876,4bc38e24-e4e9-465a-ab5b-b673feda8787,1636128287579,13.418301,52.4766143,3.0865002,0.24609306,-0.019290447,0.9488077,on bike mount,cyclo cross,False,mixed,mixed
825c072a-f9d2-42ce-80fc-fa74b3c32267,b0a81e90-da44-4900-96d6-214a88ea5876,534598fe-45a9-4db4-8a33-ebe459730230,1636128287644,13.418301,52.4766143,3.0865002,0.35573858,1.9222136,1.1405659,on bike mount,cyclo cross,False,mixed,mixed
825c072a-f9d2-42ce-80fc-fa74b3c32267,b0a81e90-da44-4900-96d6-214a88ea5876,2a467e93-e1e4-4c08-9136-6ce335992ab6,1636128287695,13.418301,52.4766143,3.0865002,0.5434761,-0.69595695,0.32181644,on bike mount,cyclo cross,False,mixed,mixed
825c072a-f9d2-42ce-80fc-fa74b3c32267,b0a81e90-da44-4900-96d6-214a88ea5876,7aaaa9ef-dfa9-4f70-a683-3841358ea231,1636128287746,13.418301,52.4766143,3.0865002,0.6200717,-1.5778579,-0.41688347,on bike mount,cyclo cross,False,mixed,mixed
825c072a-f9d2-42ce-80fc-fa74b3c32267,b0a81e90-da44-4900-96d6-214a88ea5876,6ce5cf64-dabf-4b4b-9c52-822cabf7fe87,1636128287811,13.418301,52.4766143,3.0865002,-0.017858505,-0.114004135,-0.78130627,on bike mount,cyclo cross,False,mixed,mixed
825c072a-f9d2-42ce-80fc-fa74b3c32267,b0a81e90-da44-4900-96d6-214a88ea5876,2dafbf8a-3bfd-421c-917a-85a59bacc182,1636128287862,13.418301,52.4766143,3.0865002,0.85301304,-1.4212885,0.7003193,on bike mount,cyclo cross,False,mixed,mixed
825c072a-f9d2-42ce-80fc-fa74b3c32267,b0a81e90-da44-4900-96d6-214a88ea5876,bd4803e9-75f7-41f5-96d8-9b4ad20e8fbf,1636128287913,13.418301,52.4766143,3.0865002,0.7605195,-1.271327,0.293725,on bike mount,cyclo cross,False,mixed,mixed
825c072a-f9d2-42ce-80fc-fa74b3c32267,b0a81e90-da44-4900-96d6-214a88ea5876,dd996113-540d-473a-bddd-9b3a2d8b9823,1636128287963,13.418301,52.4766143,3.0865002,-0.12599176,-0.92658424,1.6179733,on bike mount,cyclo cross,False,mixed,mixed
825c072a-f9d2-42ce-80fc-fa74b3c32267,b0a81e90-da44-4900-96d6-214a88ea5876,65424e76-d948-419c-9e4a-4aba956490c0,1636128288029,13.418301,52.4766143,3.0865002,0.8541923,0.14244843,-0.25882626,on bike mount,cyclo cross,False,mixed,mixed
825c072a-f9d2-42ce-80fc-fa74b3c32267,b0a81e90-da44-4900-96d6-214a88ea5876,d868d1b0-677a-431e-bbe2-ef298f976f8d,1636128288080,13.418301,52.4766143,3.0865002,-0.20829394,0.16217732,0.24786949,on bike mount,cyclo cross,False,mixed,mixed
825c072a-f9d2-42ce-80fc-fa74b3c32267,b0a81e90-da44-4900-96d6-214a88ea5876,bf6bc7b7-3621-445c-aaa1-c12aeea8c46d,1636128288130,13.418301,52.4766143,3.0865002,-0.29266816,0.3705442,-0.2848854,on bike mount,cyclo cross,False,mixed,mixed
825c072a-f9d2-42ce-80fc-fa74b3c32267,b0a81e90-da44-4900-96d6-214a88ea5876,4a08077a-78a9-4c5f-979c-d87a7c30bf2c,1636128288181,13.418301,52.4766143,3.0865002,-0.2691457,-0.96434605,1.5809364,on bike mount,cyclo cross,False,mixed,mixed
825c072a-f9d2-42ce-80fc-fa74b3c32267,b0a81e90-da44-4900-96d6-214a88ea5876,3c97ad22-b8b6-4ee5-931a-1fc94bc1ac36,1636128288246,13.418301,52.4766143,3.0865002,0.21995088,-0.25299072,-0.28532505,on bike mount,cyclo cross,False,mixed,mixed
825c072a-f9d2-42ce-80fc-fa74b3c32267,b0a81e90-da44-4900-96d6-214a88ea5876,4568b9de-2f59-446e-a223-3a92cf4adb0b,1636128288296,13.418301,52.4766143,3.0865002,0.261585,-0.18586183,-0.35657692,on bike mount,cyclo cross,False,mixed,mixed
825c072a-f9d2-42ce-80fc-fa74b3c32267,b0a81e90-da44-4900-96d6-214a88ea5876,654c3151-a798-4c62-ae21-4b33a2ac112b,1636128288346,13.418301,52.4766143,3.0865002,-0.30100542,1.0654118,-0.2559538,on bike mount,cyclo cross,False,mixed,mixed
825c072a-f9d2-42ce-80fc-fa74b3c32267,b0a81e90-da44-4900-96d6-214a88ea5876,015a8d29-f29e-4af2-9afa-ba992030ac12,1636128288397,13.418301,52.4766143,3.0865002,-0.21867159,-0.67376685,-0.23787975,on bike mount,cyclo cross,False,mixed,mixed
825c072a-f9d2-42ce-80fc-fa74b3c32267,b0a81e90-da44-4900-96d6-214a88ea5876,f27f7f45-8753-47a0-8c68-0d55b93a8d84,1636128288446,13.418301,52.4766143,3.0865002,-0.05137922,-1.6239291,2.430956,on bike mount,cyclo cross,False,mixed,mixed
825c072a-f9d2-42ce-80fc-fa74b3c32267,b0a81e90-da44-4900-96d6-214a88ea5876,8d201b0d-bd96-4980-ac4a-fd752a9035c3,1636128288498,13.418301,52.4766143,3.0865002,0.08137424,0.24655914,-0.610075,on bike mount,cyclo cross,False,mixed,mixed
825c072a-f9d2-42ce-80fc-fa74b3c32267,b0a81e90-da44-4900-96d6-214a88ea5876,b0e192eb-6803-4fd2-a788-3944239eb623,1636128288563,13.418331,52.476638,3.7149374,0.2730524,0.61501336,0.98104095,on bike mount,cyclo cross,False,mixed,mixed
825c072a-f9d2-42ce-80fc-fa74b3c32267,b0a81e90-da44-4900-96d6-214a88ea5876,f24b774b-588b-46ff-b87a-901a0c31c6b2,1636128288615,13.418331,52.476638,3.7149374,-0.5538726,-1.0719714,-0.9946718,on bike mount,cyclo cross,False,mixed,mixed
825c072a-f9d2-42ce-80fc-fa74b3c32267,b0a81e90-da44-4900-96d6-214a88ea5876,8be9721a-1246-48c0-9ed4-4b00c531f924,1636128288665,13.418331,52.476638,3.7149374,0.21902168,0.27567077,0.9317665,on bike mount,cyclo cross,False,mixed,mixed
825c072a-f9d2-42ce-80fc-fa74b3c32267,b0a81e90-da44-4900-96d6-214a88ea5876,e48e5361-9652-4aca-98dd-a8b71774ce71,1636128288715,13.418331,52.476638,3.7149374,0.42521697,0.46410275,0.30482006,on bike mount,cyclo cross,False,mixed,mixed
825c072a-f9d2-42ce-80fc-fa74b3c32267,b0a81e90-da44-4900-96d6-214a88ea5876,c80df1b5-3921-4f5d-b767-ec380d4277a9,1636128288765,13.418331,52.476638,3.7149374,0.26430073,0.5767491,-0.19813251,on bike mount,cyclo cross,False,mixed,mixed
825c072a-f9d2-42ce-80fc-fa74b3c32267,b0a81e90-da44-4900-96d6-214a88ea5876,db81614e-ef90-4023-b134-8d84ceea23c1,1636128288815,13.418331,52.476638,3.7149374,0.323992,-0.80102015,0.25374794,on bike mount,cyclo cross,False,mixed,mixed
825c072a-f9d2-42ce-80fc-fa74b3c32267,b0a81e90-da44-4900-96d6-214a88ea5876,fc6c228b-80ea-4f4e-baa8-0ad4922515fa,1636128288865,13.418331,52.476638,3.7149374,0.19911227,-0.6841936,1.109065,on bike mount,cyclo cross,False,mixed,mixed
825c072a-f9d2-42ce-80fc-fa74b3c32267,b0a81e90-da44-4900-96d6-214a88ea5876,490bb386-121f-451e-b733-4d7afb84ba58,1636128288915,13.418331,52.476638,3.7149374,0.4626891,-0.05569887,-1.4451876,on bike mount,cyclo cross,False,mixed,mixed
825c072a-f9d2-42ce-80fc-fa74b3c32267,b0a81e90-da44-4900-96d6-214a88ea5876,b1fa655b-6a3d-4f4f-abe5-943937f3cacf,1636128288966,13.418331,52.476638,3.7149374,0.8994332,0.43788457,-0.671937,on bike mount,cyclo cross,False,mixed,mixed
825c072a-f9d2-42ce-80fc-fa74b3c32267,b0a81e90-da44-4900-96d6-214a88ea5876,4e75794e-645d-47dd-bf55-8a23a1ba94a1,1636128289017,13.418331,52.476638,3.7149374,0.07220423,-0.07699251,-0.17284489,on bike mount,cyclo cross,False,mixed,mixed
825c072a-f9d2-42ce-80fc-fa74b3c32267,b0a81e90-da44-4900-96d6-214a88ea5876,745effa7-c92e-44ae-a69f-c3a6c23d5a49,1636128289068,13.418331,52.476638,3.7149374,0.5146177,0.3405559,0.80238247,on bike mount,cyclo cross,False,mixed,mixed
825c072a-f9d2-42ce-80fc-fa74b3c32267,b0a81e90-da44-4900-96d6-214a88ea5876,2c9288e6-0a1e-4acf-b593-7347ec258923,1636128289133,13.418331,52.476638,3.7149374,1.8059026,-0.3638184,2.050949,on bike mount,cyclo cross,False,mixed,mixed
825c072a-f9d2-42ce-80fc-fa74b3c32267,b0a81e90-da44-4900-96d6-214a88ea5876,5a6e0f88-8b8f-472d-b1f0-1a89619cc53f,1636128289183,13.418331,52.476638,3.7149374,0.08180034,0.42340255,-1.4187918,on bike mount,cyclo cross,False,mixed,mixed
825c072a-f9d2-42ce-80fc-fa74b3c32267,b0a81e90-da44-4900-96d6-214a88ea5876,c8ddb8be-2acc-4e68-b0b0-02b283bc5d14,1636128289234,13.418331,52.476638,3.7149374,1.246258,0.55305886,-0.3347597,on bike mount,cyclo cross,False,mixed,mixed
825c072a-f9d2-42ce-80fc-fa74b3c32267,b0a81e90-da44-4900-96d6-214a88ea5876,fe404158-0b26-4331-ae8d-f1c4d373f928,1636128289283,13.418331,52.476638,3.7149374,0.9805033,-0.031048298,-0.9537964,on bike mount,cyclo cross,False,mixed,mixed
825c072a-f9d2-42ce-80fc-fa74b3c32267,b0a81e90-da44-4900-96d6-214a88ea5876,e0b12f9d-fd8a-4f21-9e6c-9ecc5cfcd614,1636128289334,13.418331,52.476638,3.7149374,0.061233878,0.51676655,1.2277174,on bike mount,cyclo cross,False,mixed,mixed
825c072a-f9d2-42ce-80fc-fa74b3c32267,b0a81e90-da44-4900-96d6-214a88ea5876,e96a2f57-4c12-4180-bc97-814f3b7ac42c,1636128289384,13.418331,52.476638,3.7149374,0.27956992,0.74497557,-2.7576442,on bike mount,cyclo cross,False,mixed,mixed
825c072a-f9d2-42ce-80fc-fa74b3c32267,b0a81e90-da44-4900-96d6-214a88ea5876,6e5a36da-6016-4d4e-9473-5592d2a8f739,1636128289434,13.418331,52.476638,3.7149374,-0.16104043,-0.16409051,-1.5446892,on bike mount,cyclo cross,False,mixed,mixed
825c072a-f9d2-42ce-80fc-fa74b3c32267,b0a81e90-da44-4900-96d6-214a88ea5876,01c9e8fc-d3d4-4b58-b792-7ab25b35ef95,1636128289485,13.418331,52.476638,3.7149374,-0.33893716,2.3507438,1.8533516,on bike mount,cyclo cross,False,mixed,mixed
825c072a-f9d2-42ce-80fc-fa74b3c32267,b0a81e90-da44-4900-96d6-214a88ea5876,5b617b90-4cd3-436f-b114-89b1c4ceea7c,1636128289550,13.4183701,52.4766619,3.2680275,0.37046534,4.0552664,3.41321,on bike mount,cyclo cross,False,mixed,mixed
