bike_activity_uid,bike_activity_sample_uid,bike_activity_measurement,bike_activity_measurement_timestamp,bike_activity_measurement_lon,bike_activity_measurement_lat,bike_activity_measurement_speed,bike_activity_measurement_accelerometer_x,bike_activity_measurement_accelerometer_y,bike_activity_measurement_accelerometer_z,bike_activity_phone_position,bike_activity_bike_type,bike_activity_flagged_lab_conditions,bike_activity_surface_type,bike_activity_smoothness_type
87111597-b36c-48d4-9369-562edb40e03a,26ebf6f4-50f0-4c74-b562-10b370141b93,9c6ccdaa-3673-4e63-a47e-5aae78f05752,1633154564743,13.4949075,52.4725836,4.7947383,-0.17037189,0.034703255,2.4711332,on bike mount,cyclo cross,True,fine gravel,good
87111597-b36c-48d4-9369-562edb40e03a,26ebf6f4-50f0-4c74-b562-10b370141b93,69174b4e-b3c6-47ad-8e6c-5fe65f3e13aa,1633154564810,13.4949075,52.4725836,4.7947383,0.0076610744,-4.464884,-8.408759,on bike mount,cyclo cross,True,fine gravel,good
87111597-b36c-48d4-9369-562edb40e03a,26ebf6f4-50f0-4c74-b562-10b370141b93,c4aa7c85-e5b6-4b83-9442-ae5ba2876f8b,1633154564860,13.4949075,52.4725836,4.7947383,3.9099593,-5.5420837,-1.1135392,on bike mount,cyclo cross,True,fine gravel,good
87111597-b36c-48d4-9369-562edb40e03a,26ebf6f4-50f0-4c74-b562-10b370141b93,216e2199-b62d-4a06-aa5d-b383231e99a7,1633154564910,13.4949075,52.4725836,4.7947383,-0.98364013,3.4807544,-0.45325756,on bike mount,cyclo cross,True,fine gravel,good
87111597-b36c-48d4-9369-562edb40e03a,26ebf6f4-50f0-4c74-b562-10b370141b93,060bbfb8-60ed-4959-bbfb-230f16484e4b,1633154564960,13.4949075,52.4725836,4.7947383,-1.2850008,-0.59904456,-2.185151,on bike mount,cyclo cross,True,fine gravel,good
87111597-b36c-48d4-9369-562edb40e03a,26ebf6f4-50f0-4c74-b562-10b370141b93,0e00fd31-5696-4c85-ac53-9b65515dfc3f,1633154565011,13.4949075,52.4725836,4.7947383,1.0741882,3.0412755,5.812908,on bike mount,cyclo cross,True,fine gravel,good
87111597-b36c-48d4-9369-562edb40e03a,26ebf6f4-50f0-4c74-b562-10b370141b93,3a37dbc4-f147-4738-9cb8-85b6bd0a47df,1633154565061,13.4949075,52.4725836,4.7947383,0.817525,-3.8491292,1.547059,on bike mount,cyclo cross,True,fine gravel,good
87111597-b36c-48d4-9369-562edb40e03a,26ebf6f4-50f0-4c74-b562-10b370141b93,b051eb23-a10f-4bfa-9e24-71945105c948,1633154565128,13.4949075,52.4725836,4.7947383,2.67755,1.0241556,4.0504885,on bike mount,cyclo cross,True,fine gravel,good
87111597-b36c-48d4-9369-562edb40e03a,26ebf6f4-50f0-4c74-b562-10b370141b93,c43ea49b-1711-4d46-aa2c-53df79457ebd,1633154565194,13.4949075,52.4725836,4.7947383,1.1936302,0.20498896,0.8848572,on bike mount,cyclo cross,True,fine gravel,good
87111597-b36c-48d4-9369-562edb40e03a,26ebf6f4-50f0-4c74-b562-10b370141b93,ba93006f-b09c-46ba-b2cb-4993219c28ba,1633154565245,13.4949075,52.4725836,4.7947383,0.40730393,-3.2231655,-1.7020078,on bike mount,cyclo cross,True,fine gravel,good
87111597-b36c-48d4-9369-562edb40e03a,26ebf6f4-50f0-4c74-b562-10b370141b93,06d4441b-4a4e-413e-b8a8-930812b3520f,1633154565311,13.4949075,52.4725836,4.7947383,2.5036728,0.85903215,-1.4799261,on bike mount,cyclo cross,True,fine gravel,good
87111597-b36c-48d4-9369-562edb40e03a,26ebf6f4-50f0-4c74-b562-10b370141b93,9115aa9c-6b7f-4e4e-a6f6-0814cfd79dac,1633154565362,13.4949075,52.4725836,4.7947383,-1.9088663,-0.018142462,0.7335081,on bike mount,cyclo cross,True,fine gravel,good
87111597-b36c-48d4-9369-562edb40e03a,26ebf6f4-50f0-4c74-b562-10b370141b93,0b0dc8a5-227f-42e1-abb0-695ba73e1777,1633154565429,13.4949075,52.4725836,4.7947383,0.23771158,-2.2000482,-3.3961887,on bike mount,cyclo cross,True,fine gravel,good
87111597-b36c-48d4-9369-562edb40e03a,26ebf6f4-50f0-4c74-b562-10b370141b93,508c478c-289f-4434-bef9-4de69662150d,1633154565495,13.4949075,52.4725836,4.7947383,1.7975576,5.861174,0.6663084,on bike mount,cyclo cross,True,fine gravel,good
87111597-b36c-48d4-9369-562edb40e03a,26ebf6f4-50f0-4c74-b562-10b370141b93,e6091ae6-f896-4f9c-ae3f-7a109ced6409,1633154565546,13.4949075,52.4725836,4.7947383,-3.0819569,-4.5226507,0.1558752,on bike mount,cyclo cross,True,fine gravel,good
87111597-b36c-48d4-9369-562edb40e03a,26ebf6f4-50f0-4c74-b562-10b370141b93,ea00a86a-a50d-448d-8145-bcdce7898318,1633154565612,13.4949333,52.4725389,4.187817,0.8899801,1.4453378,2.0832415,on bike mount,cyclo cross,True,fine gravel,good
87111597-b36c-48d4-9369-562edb40e03a,26ebf6f4-50f0-4c74-b562-10b370141b93,b407e802-f63c-44a2-8484-06515fe265ca,1633154565662,13.4949333,52.4725389,4.187817,0.8065555,0.7741635,5.9676714,on bike mount,cyclo cross,True,fine gravel,good
87111597-b36c-48d4-9369-562edb40e03a,26ebf6f4-50f0-4c74-b562-10b370141b93,340555c3-8cb8-4bc7-8956-a1f5691801bd,1633154565729,13.4949333,52.4725389,4.187817,0.37668273,-2.6356251,-5.99055,on bike mount,cyclo cross,True,fine gravel,good
87111597-b36c-48d4-9369-562edb40e03a,26ebf6f4-50f0-4c74-b562-10b370141b93,a4c8c137-ccc5-4ebb-a994-d65056cddd68,1633154565779,13.4949333,52.4725389,4.187817,0.665031,-1.6752415,-0.6342859,on bike mount,cyclo cross,True,fine gravel,good
87111597-b36c-48d4-9369-562edb40e03a,26ebf6f4-50f0-4c74-b562-10b370141b93,55c22bb0-2d2d-4a97-aee6-8536a74507c1,1633154565846,13.4949333,52.4725389,4.187817,-1.2584677,-0.25207543,-3.973177,on bike mount,cyclo cross,True,fine gravel,good
87111597-b36c-48d4-9369-562edb40e03a,26ebf6f4-50f0-4c74-b562-10b370141b93,30d72bcf-215c-47f4-b547-877f756b7503,1633154565896,13.4949333,52.4725389,4.187817,-1.0301487,-2.24406,4.10674,on bike mount,cyclo cross,True,fine gravel,good
87111597-b36c-48d4-9369-562edb40e03a,26ebf6f4-50f0-4c74-b562-10b370141b93,ea8efeeb-39ba-4bda-b46b-c2e68d9914e4,1633154565963,13.4949333,52.4725389,4.187817,1.8112633,0.32943606,-1.8130541,on bike mount,cyclo cross,True,fine gravel,good
87111597-b36c-48d4-9369-562edb40e03a,26ebf6f4-50f0-4c74-b562-10b370141b93,6eb4c45a-1dfb-404b-b356-8dbbc27094fa,1633154566030,13.4949333,52.4725389,4.187817,2.1353111,-0.4868796,-0.92187595,on bike mount,cyclo cross,True,fine gravel,good
87111597-b36c-48d4-9369-562edb40e03a,26ebf6f4-50f0-4c74-b562-10b370141b93,17ccf869-be15-408a-bb3c-cb90c4579554,1633154566098,13.4949333,52.4725389,4.187817,0.4894365,-3.0573738,-5.0611444,on bike mount,cyclo cross,True,fine gravel,good
87111597-b36c-48d4-9369-562edb40e03a,26ebf6f4-50f0-4c74-b562-10b370141b93,9b675751-0ef1-43be-b7d4-1542a8c0c465,1633154566148,13.4949333,52.4725389,4.187817,1.0228372,2.4826305,-1.3374567,on bike mount,cyclo cross,True,fine gravel,good
87111597-b36c-48d4-9369-562edb40e03a,26ebf6f4-50f0-4c74-b562-10b370141b93,6fdfb550-c636-439b-a945-3720df4abf3e,1633154566215,13.4949333,52.4725389,4.187817,-1.4950017,-1.8336781,-3.301404,on bike mount,cyclo cross,True,fine gravel,good
87111597-b36c-48d4-9369-562edb40e03a,26ebf6f4-50f0-4c74-b562-10b370141b93,1e81b660-8147-4126-b612-5b64b71b45fb,1633154566282,13.4949333,52.4725389,4.187817,-2.7499251,-4.6948094,8.119137,on bike mount,cyclo cross,True,fine gravel,good
87111597-b36c-48d4-9369-562edb40e03a,26ebf6f4-50f0-4c74-b562-10b370141b93,6eac3f0d-9f16-405b-a9a4-78635dd3ae81,1633154566349,13.4949333,52.4725389,4.187817,-1.3413365,5.4738426,1.4492526,on bike mount,cyclo cross,True,fine gravel,good
87111597-b36c-48d4-9369-562edb40e03a,26ebf6f4-50f0-4c74-b562-10b370141b93,ef6d6e87-ec26-4980-b0f4-d9aca13f528b,1633154566416,13.4949333,52.4725389,4.187817,-0.82178015,-2.4778445,-2.530932,on bike mount,cyclo cross,True,fine gravel,good
87111597-b36c-48d4-9369-562edb40e03a,26ebf6f4-50f0-4c74-b562-10b370141b93,e2749b7a-2aa2-4166-b660-a5e856e02013,1633154566482,13.4949416,52.4725361,3.359775,-0.65256375,0.10636854,0.94849586,on bike mount,cyclo cross,True,fine gravel,good
87111597-b36c-48d4-9369-562edb40e03a,26ebf6f4-50f0-4c74-b562-10b370141b93,2d9e6b60-ea33-43a1-990c-d11b3570e635,1633154566533,13.4949416,52.4725361,3.359775,-2.4703,-5.5329895,6.2983,on bike mount,cyclo cross,True,fine gravel,good
87111597-b36c-48d4-9369-562edb40e03a,26ebf6f4-50f0-4c74-b562-10b370141b93,2563257b-ed29-4447-819c-75f1ec72285e,1633154566600,13.4949416,52.4725361,3.359775,-0.15218341,2.017572,-3.5634413,on bike mount,cyclo cross,True,fine gravel,good
87111597-b36c-48d4-9369-562edb40e03a,26ebf6f4-50f0-4c74-b562-10b370141b93,fc05c2e7-be86-4e81-9892-ce5d8fee0df9,1633154566666,13.4949416,52.4725361,3.359775,0.16250736,-1.2498056,1.9990635,on bike mount,cyclo cross,True,fine gravel,good
87111597-b36c-48d4-9369-562edb40e03a,26ebf6f4-50f0-4c74-b562-10b370141b93,a0ab631a-268e-4ec3-8cf1-75d2f17e50f6,1633154566732,13.4949416,52.4725361,3.359775,1.8153886,0.102669,-0.9287491,on bike mount,cyclo cross,True,fine gravel,good
87111597-b36c-48d4-9369-562edb40e03a,26ebf6f4-50f0-4c74-b562-10b370141b93,07a6eb97-a214-471f-94bf-6a5a2d2bb293,1633154566783,13.4949416,52.4725361,3.359775,0.5966041,-1.0452538,2.3504524,on bike mount,cyclo cross,True,fine gravel,good
87111597-b36c-48d4-9369-562edb40e03a,26ebf6f4-50f0-4c74-b562-10b370141b93,9d2c87d4-df7e-4444-8de2-1f3f7486a93a,1633154566849,13.4949416,52.4725361,3.359775,0.7196472,-0.63329244,-0.46082306,on bike mount,cyclo cross,True,fine gravel,good
87111597-b36c-48d4-9369-562edb40e03a,26ebf6f4-50f0-4c74-b562-10b370141b93,508bfd8b-a765-44dd-bc43-6e702a365cfc,1633154566917,13.4949416,52.4725361,3.359775,1.9709432,0.7605233,-3.1859694,on bike mount,cyclo cross,True,fine gravel,good
87111597-b36c-48d4-9369-562edb40e03a,26ebf6f4-50f0-4c74-b562-10b370141b93,87d7de63-c2c3-4079-8a2e-b8f606151f99,1633154566984,13.4949416,52.4725361,3.359775,0.92256343,-4.6612716,-3.0684495,on bike mount,cyclo cross,True,fine gravel,good
87111597-b36c-48d4-9369-562edb40e03a,26ebf6f4-50f0-4c74-b562-10b370141b93,bf951798-67bf-4831-8b3d-d3d4c017139e,1633154567051,13.4949416,52.4725361,3.359775,1.020679,-2.631844,7.5331097,on bike mount,cyclo cross,True,fine gravel,good
87111597-b36c-48d4-9369-562edb40e03a,26ebf6f4-50f0-4c74-b562-10b370141b93,fa99d822-3333-4d26-85f6-680980ec060d,1633154567100,13.4949454,52.4725493,1.7282687,-0.07730463,-1.5346438,-0.5065212,on bike mount,cyclo cross,True,fine gravel,good
87111597-b36c-48d4-9369-562edb40e03a,26ebf6f4-50f0-4c74-b562-10b370141b93,02fa8c13-bd06-4224-89d3-bc96c9cd99a0,1633154567150,13.4949454,52.4725493,1.7282687,1.1642365,1.2350168,-0.5170355,on bike mount,cyclo cross,True,fine gravel,good
87111597-b36c-48d4-9369-562edb40e03a,26ebf6f4-50f0-4c74-b562-10b370141b93,dd96be21-8f49-4522-b8f0-9408f170021a,1633154567201,13.4949454,52.4725493,1.7282687,-0.927451,-1.0528656,-5.259734,on bike mount,cyclo cross,True,fine gravel,good
87111597-b36c-48d4-9369-562edb40e03a,26ebf6f4-50f0-4c74-b562-10b370141b93,03ade252-532e-46a7-aa0b-f9779326bb59,1633154567268,13.4949454,52.4725493,1.7282687,0.34982458,-0.2929108,0.8880296,on bike mount,cyclo cross,True,fine gravel,good
87111597-b36c-48d4-9369-562edb40e03a,26ebf6f4-50f0-4c74-b562-10b370141b93,7d81684f-6d62-460c-867e-a8ee66b300e8,1633154567335,13.4949454,52.4725493,1.7282687,0.246516,2.2068443,0.80103683,on bike mount,cyclo cross,True,fine gravel,good
87111597-b36c-48d4-9369-562edb40e03a,26ebf6f4-50f0-4c74-b562-10b370141b93,c3f330e2-3233-4de7-9002-2fdb4f69381c,1633154567385,13.4949454,52.4725493,1.7282687,-0.39109713,-2.2130864,0.7691927,on bike mount,cyclo cross,True,fine gravel,good
87111597-b36c-48d4-9369-562edb40e03a,26ebf6f4-50f0-4c74-b562-10b370141b93,741293f5-822e-4746-aa9d-8dd46dd8ee87,1633154567452,13.4949454,52.4725493,1.7282687,-1.201753,-3.1326175,0.07087517,on bike mount,cyclo cross,True,fine gravel,good
87111597-b36c-48d4-9369-562edb40e03a,26ebf6f4-50f0-4c74-b562-10b370141b93,ded62a30-a611-4048-8745-0bca6c3264a2,1633154567519,13.4949454,52.4725493,1.7282687,1.6275498,0.75885105,0.5442133,on bike mount,cyclo cross,True,fine gravel,good
87111597-b36c-48d4-9369-562edb40e03a,26ebf6f4-50f0-4c74-b562-10b370141b93,13f215e9-56ff-4ae4-996e-8e0aa758f55c,1633154567586,13.4949454,52.4725493,1.7282687,-0.3083108,-0.042054176,0.45116425,on bike mount,cyclo cross,True,fine gravel,good
87111597-b36c-48d4-9369-562edb40e03a,26ebf6f4-50f0-4c74-b562-10b370141b93,66df1e28-050e-43d1-8b38-816d70414c92,1633154567652,13.4949495,52.4725375,3.4025118,1.8261831,-7.049302,-4.6544514,on bike mount,cyclo cross,True,fine gravel,good
87111597-b36c-48d4-9369-562edb40e03a,26ebf6f4-50f0-4c74-b562-10b370141b93,96d19bd8-0cc9-4895-8a2b-68694f469f98,1633154567718,13.4949495,52.4725375,3.4025118,-0.6207076,1.3211145,1.2261038,on bike mount,cyclo cross,True,fine gravel,good
87111597-b36c-48d4-9369-562edb40e03a,26ebf6f4-50f0-4c74-b562-10b370141b93,c3ad3c29-8d82-4ae4-9cc9-a75a9f9b5cce,1633154567786,13.4949495,52.4725375,3.4025118,-2.969931,2.9383116,3.2027283,on bike mount,cyclo cross,True,fine gravel,good
87111597-b36c-48d4-9369-562edb40e03a,26ebf6f4-50f0-4c74-b562-10b370141b93,5a8453d2-645e-4f08-a4d5-31bc3daf4ba7,1633154567852,13.4949495,52.4725375,3.4025118,-0.32181776,0.36192036,-1.1187015,on bike mount,cyclo cross,True,fine gravel,good
87111597-b36c-48d4-9369-562edb40e03a,26ebf6f4-50f0-4c74-b562-10b370141b93,13e69e16-387e-4018-a8b6-fa1705837396,1633154567903,13.4949495,52.4725375,3.4025118,-0.36754334,1.6628361,2.9964504,on bike mount,cyclo cross,True,fine gravel,good
87111597-b36c-48d4-9369-562edb40e03a,26ebf6f4-50f0-4c74-b562-10b370141b93,ba6ce891-a622-4a9b-8406-e1ad5a10b24c,1633154567970,13.4949495,52.4725375,3.4025118,0.7541844,0.7232504,-2.6957035,on bike mount,cyclo cross,True,fine gravel,good
87111597-b36c-48d4-9369-562edb40e03a,26ebf6f4-50f0-4c74-b562-10b370141b93,9a81358b-ed2b-48df-ae1d-c16b00fb9f3e,1633154568037,13.4949495,52.4725375,3.4025118,-1.6744522,-1.6079638,0.4521942,on bike mount,cyclo cross,True,fine gravel,good
87111597-b36c-48d4-9369-562edb40e03a,26ebf6f4-50f0-4c74-b562-10b370141b93,48ae583d-07e4-4968-9a08-fc827c8169a9,1633154568104,13.4949495,52.4725375,3.4025118,-1.8204324,-2.762199,8.7871895,on bike mount,cyclo cross,True,fine gravel,good
87111597-b36c-48d4-9369-562edb40e03a,26ebf6f4-50f0-4c74-b562-10b370141b93,187eb681-14ff-48f0-abe9-eccf759ddc59,1633154568154,13.4949495,52.4725375,3.4025118,1.3525062,0.8607943,0.40087032,on bike mount,cyclo cross,True,fine gravel,good
87111597-b36c-48d4-9369-562edb40e03a,26ebf6f4-50f0-4c74-b562-10b370141b93,e3696428-41c2-4cc3-a63a-505dd27aaef2,1633154568221,13.4949495,52.4725375,3.4025118,-3.720583,-0.7937453,0.32663822,on bike mount,cyclo cross,True,fine gravel,good
87111597-b36c-48d4-9369-562edb40e03a,26ebf6f4-50f0-4c74-b562-10b370141b93,bb13e51b-5c3e-4d55-9983-1c836fd91431,1633154568288,13.4949495,52.4725375,3.4025118,-0.19567245,-1.101032,5.3469143,on bike mount,cyclo cross,True,fine gravel,good
87111597-b36c-48d4-9369-562edb40e03a,26ebf6f4-50f0-4c74-b562-10b370141b93,397088dd-81d2-471e-9a6c-db92dd7cc036,1633154568355,13.4949495,52.4725375,3.4025118,4.249338,1.9190478,-0.3519745,on bike mount,cyclo cross,True,fine gravel,good
87111597-b36c-48d4-9369-562edb40e03a,26ebf6f4-50f0-4c74-b562-10b370141b93,5da31b5b-dc75-4d83-a705-99f2103cddd2,1633154568421,13.4949589,52.4725109,4.4218745,-0.13852388,-4.2497416,12.984014,on bike mount,cyclo cross,True,fine gravel,good
87111597-b36c-48d4-9369-562edb40e03a,26ebf6f4-50f0-4c74-b562-10b370141b93,f7a490b2-826f-4fa7-ac8a-c425d8abb6ea,1633154568488,13.4949589,52.4725109,4.4218745,0.74296576,0.94127846,2.5924053,on bike mount,cyclo cross,True,fine gravel,good
87111597-b36c-48d4-9369-562edb40e03a,26ebf6f4-50f0-4c74-b562-10b370141b93,c579efbd-9325-4460-9c12-26a6b02d0ed9,1633154568538,13.4949589,52.4725109,4.4218745,2.3370538,0.028133392,-2.342072,on bike mount,cyclo cross,True,fine gravel,good
87111597-b36c-48d4-9369-562edb40e03a,26ebf6f4-50f0-4c74-b562-10b370141b93,b0bb8ac8-830e-40c2-8ba6-cdb1450c51a3,1633154568588,13.4949589,52.4725109,4.4218745,1.5026717,4.172925,-5.5351086,on bike mount,cyclo cross,True,fine gravel,good
87111597-b36c-48d4-9369-562edb40e03a,26ebf6f4-50f0-4c74-b562-10b370141b93,b120db8f-ba24-4080-94b3-3deb742e777f,1633154568654,13.4949589,52.4725109,4.4218745,0.41932,0.76939917,3.1894646,on bike mount,cyclo cross,True,fine gravel,good
87111597-b36c-48d4-9369-562edb40e03a,26ebf6f4-50f0-4c74-b562-10b370141b93,37c7ebca-cbb6-453e-b986-e0650ee0cb12,1633154568721,13.4949589,52.4725109,4.4218745,0.920135,-6.4806166,3.3570137,on bike mount,cyclo cross,True,fine gravel,good
87111597-b36c-48d4-9369-562edb40e03a,26ebf6f4-50f0-4c74-b562-10b370141b93,6dff2966-7dac-4fd5-bc97-9dc669a0f122,1633154568772,13.4949589,52.4725109,4.4218745,2.031656,-1.9812987,-0.13093662,on bike mount,cyclo cross,True,fine gravel,good
87111597-b36c-48d4-9369-562edb40e03a,26ebf6f4-50f0-4c74-b562-10b370141b93,33d5c3ca-5f9e-4b22-b148-3bb6ed63e27e,1633154568838,13.4949589,52.4725109,4.4218745,-0.5938493,4.5047464,3.5765858,on bike mount,cyclo cross,True,fine gravel,good
87111597-b36c-48d4-9369-562edb40e03a,26ebf6f4-50f0-4c74-b562-10b370141b93,5b4aba97-b1e2-44c9-a38a-2edcebbfceb8,1633154568905,13.4949589,52.4725109,4.4218745,-0.27156323,4.787897,0.43528748,on bike mount,cyclo cross,True,fine gravel,good
87111597-b36c-48d4-9369-562edb40e03a,26ebf6f4-50f0-4c74-b562-10b370141b93,bb50cbbb-9781-4942-9a8d-13d1ea6cb176,1633154568955,13.4949677,52.472485,4.2576723,-0.13912952,1.8520179,-4.1057243,on bike mount,cyclo cross,True,fine gravel,good
87111597-b36c-48d4-9369-562edb40e03a,26ebf6f4-50f0-4c74-b562-10b370141b93,b99cf4b4-1bfa-4744-bc3c-b6b4bd0a9602,1633154569022,13.4949677,52.472485,4.2576723,0.23110056,1.6403399,-6.8149624,on bike mount,cyclo cross,True,fine gravel,good
87111597-b36c-48d4-9369-562edb40e03a,26ebf6f4-50f0-4c74-b562-10b370141b93,d750fe6f-9eb0-4ad9-a3f3-1d13920f39d5,1633154569072,13.4949677,52.472485,4.2576723,0.8040111,-2.5922558,-2.1471853,on bike mount,cyclo cross,True,fine gravel,good
87111597-b36c-48d4-9369-562edb40e03a,26ebf6f4-50f0-4c74-b562-10b370141b93,f926a848-c0c3-4101-b539-4371684fc125,1633154569139,13.4949677,52.472485,4.2576723,-0.63126945,1.8073153,-4.0587635,on bike mount,cyclo cross,True,fine gravel,good
87111597-b36c-48d4-9369-562edb40e03a,26ebf6f4-50f0-4c74-b562-10b370141b93,21863575-4c28-497e-913f-0c19b8292bd0,1633154569189,13.4949677,52.472485,4.2576723,0.36870074,3.4115634,1.2360287,on bike mount,cyclo cross,True,fine gravel,good
87111597-b36c-48d4-9369-562edb40e03a,26ebf6f4-50f0-4c74-b562-10b370141b93,a0fff6dc-0a24-44a0-b60b-a2fe304048b3,1633154569256,13.4949677,52.472485,4.2576723,-0.48783135,1.0562682,1.0469923,on bike mount,cyclo cross,True,fine gravel,good
87111597-b36c-48d4-9369-562edb40e03a,26ebf6f4-50f0-4c74-b562-10b370141b93,bcf9c1fd-b1c6-4f73-8a86-759b46c79189,1633154569306,13.4949677,52.472485,4.2576723,2.2411575,0.2967701,-2.124373,on bike mount,cyclo cross,True,fine gravel,good
87111597-b36c-48d4-9369-562edb40e03a,26ebf6f4-50f0-4c74-b562-10b370141b93,52bd3657-d126-46b1-8c59-73b86aca8f5a,1633154569373,13.4949677,52.472485,4.2576723,1.3246866,-4.615641,-1.58811,on bike mount,cyclo cross,True,fine gravel,good
87111597-b36c-48d4-9369-562edb40e03a,26ebf6f4-50f0-4c74-b562-10b370141b93,3f0f893d-c791-4bdc-9087-d04bfdb7b850,1633154569440,13.4949677,52.472485,4.2576723,0.41386563,5.228778,-0.75569916,on bike mount,cyclo cross,True,fine gravel,good
87111597-b36c-48d4-9369-562edb40e03a,26ebf6f4-50f0-4c74-b562-10b370141b93,3699e1e8-46eb-4393-92b7-aac3f02f0b1d,1633154569490,13.4949677,52.472485,4.2576723,3.2411249,3.0845354,6.9377956,on bike mount,cyclo cross,True,fine gravel,good
87111597-b36c-48d4-9369-562edb40e03a,26ebf6f4-50f0-4c74-b562-10b370141b93,8609e62d-ff87-473a-88d5-ed822bf6e551,1633154569541,13.4949677,52.472485,4.2576723,0.1980412,3.7470431,-0.625206,on bike mount,cyclo cross,True,fine gravel,good
87111597-b36c-48d4-9369-562edb40e03a,26ebf6f4-50f0-4c74-b562-10b370141b93,62580ae2-3bed-4de6-b1df-994ad2652714,1633154569608,13.4949677,52.472485,4.2576723,4.271223,-1.1341623,14.261379,on bike mount,cyclo cross,True,fine gravel,good
87111597-b36c-48d4-9369-562edb40e03a,26ebf6f4-50f0-4c74-b562-10b370141b93,75268e75-0d0a-487d-aa17-d67b0a1b2034,1633154569675,13.4949763,52.4724565,4.094132,4.292976,3.269639,-11.792048,on bike mount,cyclo cross,True,fine gravel,good
87111597-b36c-48d4-9369-562edb40e03a,26ebf6f4-50f0-4c74-b562-10b370141b93,b3bdab86-9e67-4032-99b5-b6a7a7576994,1633154569725,13.4949763,52.4724565,4.094132,0.64890885,2.0785854,-1.979063,on bike mount,cyclo cross,True,fine gravel,good
87111597-b36c-48d4-9369-562edb40e03a,26ebf6f4-50f0-4c74-b562-10b370141b93,cadc55a6-4a66-4cf2-b424-c0e0263ac266,1633154569792,13.4949763,52.4724565,4.094132,-2.1864638,11.962632,-2.1551337,on bike mount,cyclo cross,True,fine gravel,good
87111597-b36c-48d4-9369-562edb40e03a,26ebf6f4-50f0-4c74-b562-10b370141b93,06c7e77a-e6af-4dcb-98cd-da09cdd4f11e,1633154569859,13.4949763,52.4724565,4.094132,3.2862606,7.9333496,-0.5114589,on bike mount,cyclo cross,True,fine gravel,good
87111597-b36c-48d4-9369-562edb40e03a,26ebf6f4-50f0-4c74-b562-10b370141b93,6828803d-a413-463f-bb52-df906176f47a,1633154569926,13.4949763,52.4724565,4.094132,-1.8632219,-1.2287601,5.3276825,on bike mount,cyclo cross,True,fine gravel,good
87111597-b36c-48d4-9369-562edb40e03a,26ebf6f4-50f0-4c74-b562-10b370141b93,90cb930f-e459-4351-956f-33369163cbd8,1633154569976,13.4949763,52.4724565,4.094132,7.0681477,12.213003,2.4148788,on bike mount,cyclo cross,True,fine gravel,good
87111597-b36c-48d4-9369-562edb40e03a,26ebf6f4-50f0-4c74-b562-10b370141b93,7e751073-f67d-4fe2-91c6-d096fec1670e,1633154570043,13.4949763,52.4724565,4.094132,-1.9798009,-5.120466,5.1173763,on bike mount,cyclo cross,True,fine gravel,good
87111597-b36c-48d4-9369-562edb40e03a,26ebf6f4-50f0-4c74-b562-10b370141b93,27a24000-05e8-4cb0-bf31-76fb15243139,1633154570109,13.4949763,52.4724565,4.094132,2.4117842,-1.5819409,-0.10908222,on bike mount,cyclo cross,True,fine gravel,good
87111597-b36c-48d4-9369-562edb40e03a,26ebf6f4-50f0-4c74-b562-10b370141b93,2c820aeb-6f5f-4ffa-8522-98ba5cb480d9,1633154570160,13.4949763,52.4724565,4.094132,1.3274448,-1.4206524,3.6002264,on bike mount,cyclo cross,True,fine gravel,good
87111597-b36c-48d4-9369-562edb40e03a,26ebf6f4-50f0-4c74-b562-10b370141b93,76252960-4e13-4d40-9bef-87fcc4475ec2,1633154570210,13.4949763,52.4724565,4.094132,1.3191609,-2.4606752,-0.49308872,on bike mount,cyclo cross,True,fine gravel,good
87111597-b36c-48d4-9369-562edb40e03a,26ebf6f4-50f0-4c74-b562-10b370141b93,518f846e-580b-4fbd-8ad3-5e10b8e579f2,1633154570277,13.4949763,52.4724565,4.094132,0.34439662,2.7227688,-2.2316499,on bike mount,cyclo cross,True,fine gravel,good
87111597-b36c-48d4-9369-562edb40e03a,26ebf6f4-50f0-4c74-b562-10b370141b93,e9e1d104-6489-4b74-83be-c53cce853c86,1633154570327,13.4949763,52.4724565,4.094132,-0.6371334,-0.6492989,0.5510111,on bike mount,cyclo cross,True,fine gravel,good
87111597-b36c-48d4-9369-562edb40e03a,26ebf6f4-50f0-4c74-b562-10b370141b93,58026b51-d260-470f-baae-03b1d55a2a5d,1633154570394,13.4949847,52.472423,4.6535563,1.4172626,-5.2642136,0.6374121,on bike mount,cyclo cross,True,fine gravel,good
87111597-b36c-48d4-9369-562edb40e03a,26ebf6f4-50f0-4c74-b562-10b370141b93,8a9a1046-7bdd-4bcb-b945-6695e12c3f6e,1633154570461,13.4949847,52.472423,4.6535563,0.3816053,-3.7728314,1.6025457,on bike mount,cyclo cross,True,fine gravel,good
87111597-b36c-48d4-9369-562edb40e03a,26ebf6f4-50f0-4c74-b562-10b370141b93,e3c7ab8a-7bdd-47c5-a669-3e717a0587c5,1633154570527,13.4949847,52.472423,4.6535563,-0.07011777,2.8509622,-2.5401874,on bike mount,cyclo cross,True,fine gravel,good
87111597-b36c-48d4-9369-562edb40e03a,26ebf6f4-50f0-4c74-b562-10b370141b93,aaeffaf1-786d-46a5-8a86-c280eb1950fa,1633154570578,13.4949847,52.472423,4.6535563,1.4115571,-0.20460224,1.167819,on bike mount,cyclo cross,True,fine gravel,good
87111597-b36c-48d4-9369-562edb40e03a,26ebf6f4-50f0-4c74-b562-10b370141b93,2236410b-45ec-469e-9360-7647db5d79fc,1633154570644,13.4949847,52.472423,4.6535563,2.0252714,-0.55597377,0.9162817,on bike mount,cyclo cross,True,fine gravel,good
87111597-b36c-48d4-9369-562edb40e03a,26ebf6f4-50f0-4c74-b562-10b370141b93,bd36b430-6f02-4d1b-b975-4f6cec3d7279,1633154570710,13.4949847,52.472423,4.6535563,0.22876723,-1.2698239,-4.0635195,on bike mount,cyclo cross,True,fine gravel,good
87111597-b36c-48d4-9369-562edb40e03a,26ebf6f4-50f0-4c74-b562-10b370141b93,1ec017ba-f8e3-4ece-97f5-90ef0353fec1,1633154570777,13.4949847,52.472423,4.6535563,-0.20551974,2.5001225,3.3823824,on bike mount,cyclo cross,True,fine gravel,good
