bike_activity_uid,bike_activity_sample_uid,bike_activity_measurement,bike_activity_measurement_timestamp,bike_activity_measurement_lon,bike_activity_measurement_lat,bike_activity_measurement_speed,bike_activity_measurement_accelerometer_x,bike_activity_measurement_accelerometer_y,bike_activity_measurement_accelerometer_z,bike_activity_phone_position,bike_activity_bike_type,bike_activity_flagged_lab_conditions,bike_activity_surface_type,bike_activity_smoothness_type
976d1629-d868-4990-837a-4f6ec315a162,ebea0fc2-7b45-4fa4-a23d-1e7d8f87fd92,2fa7dd34-f23f-4875-9a6f-a6837cc062f5,1633165556329,14.1243122,52.3506982,7.4980063,-0.13028881,-1.4191265,0.6296835,on bike mount,cyclo cross,True,asphalt,excellent
976d1629-d868-4990-837a-4f6ec315a162,ebea0fc2-7b45-4fa4-a23d-1e7d8f87fd92,837fe968-b66e-47f3-b9b1-7d13bf47943d,1633165556395,14.1243122,52.3506982,7.4980063,0.7442972,0.3360989,0.46850872,on bike mount,cyclo cross,True,asphalt,excellent
976d1629-d868-4990-837a-4f6ec315a162,ebea0fc2-7b45-4fa4-a23d-1e7d8f87fd92,13f7a3c4-7e71-4420-bf05-709d103e4f9f,1633165556446,14.1243122,52.3506982,7.4980063,0.29237086,0.9296465,1.6253996,on bike mount,cyclo cross,True,asphalt,excellent
976d1629-d868-4990-837a-4f6ec315a162,ebea0fc2-7b45-4fa4-a23d-1e7d8f87fd92,332852fc-deb6-43bf-b093-890e8605edf7,1633165556513,14.1243122,52.3506982,7.4980063,0.6933683,-1.6731064,1.007927,on bike mount,cyclo cross,True,asphalt,excellent
976d1629-d868-4990-837a-4f6ec315a162,ebea0fc2-7b45-4fa4-a23d-1e7d8f87fd92,8c7d1cdb-2b34-4d31-92f5-6ea2455309ac,1633165556580,14.1243122,52.3506982,7.4980063,0.071355954,-0.5657506,1.2292194,on bike mount,cyclo cross,True,asphalt,excellent
976d1629-d868-4990-837a-4f6ec315a162,ebea0fc2-7b45-4fa4-a23d-1e7d8f87fd92,59024006-0fcd-4f82-9e5a-667f0b659f85,1633165556647,14.1243122,52.3506982,7.4980063,-0.20000105,0.67165303,-1.1351423,on bike mount,cyclo cross,True,asphalt,excellent
976d1629-d868-4990-837a-4f6ec315a162,ebea0fc2-7b45-4fa4-a23d-1e7d8f87fd92,d337ae89-7a1f-4db9-a326-d5ad6a5a261a,1633165556713,14.1244296,52.3507264,7.487157,0.24935691,-0.15779686,-0.6127348,on bike mount,cyclo cross,True,asphalt,excellent
976d1629-d868-4990-837a-4f6ec315a162,ebea0fc2-7b45-4fa4-a23d-1e7d8f87fd92,c9f3a0af-67b1-4db1-852b-396eb9034e82,1633165556780,14.1244296,52.3507264,7.487157,-0.083305344,-0.8204925,1.1820269,on bike mount,cyclo cross,True,asphalt,excellent
976d1629-d868-4990-837a-4f6ec315a162,ebea0fc2-7b45-4fa4-a23d-1e7d8f87fd92,78932ec4-8855-4f55-8377-7cd2875e645e,1633165556847,14.1244296,52.3507264,7.487157,-0.021075364,-0.945868,1.2060242,on bike mount,cyclo cross,True,asphalt,excellent
976d1629-d868-4990-837a-4f6ec315a162,ebea0fc2-7b45-4fa4-a23d-1e7d8f87fd92,0c9d5d37-4e4b-49a8-b896-52876e52556a,1633165556914,14.1244296,52.3507264,7.487157,0.031972364,-0.36193728,0.9955435,on bike mount,cyclo cross,True,asphalt,excellent
976d1629-d868-4990-837a-4f6ec315a162,ebea0fc2-7b45-4fa4-a23d-1e7d8f87fd92,e404c21f-a875-40ce-8786-60666053c7ad,1633165556981,14.1244296,52.3507264,7.487157,-0.7792805,-0.05572152,-1.2517314,on bike mount,cyclo cross,True,asphalt,excellent
976d1629-d868-4990-837a-4f6ec315a162,ebea0fc2-7b45-4fa4-a23d-1e7d8f87fd92,3225b38e-e2f7-4c5b-a2f9-4f8b51ca92d3,1633165557031,14.1244296,52.3507264,7.487157,0.19371593,0.3799796,-0.8513737,on bike mount,cyclo cross,True,asphalt,excellent
976d1629-d868-4990-837a-4f6ec315a162,ebea0fc2-7b45-4fa4-a23d-1e7d8f87fd92,8ee71483-25e7-4c08-84bb-bb19f2e918b3,1633165557098,14.1244296,52.3507264,7.487157,-0.07601819,2.4284892,-1.623734,on bike mount,cyclo cross,True,asphalt,excellent
976d1629-d868-4990-837a-4f6ec315a162,ebea0fc2-7b45-4fa4-a23d-1e7d8f87fd92,01d6d499-4ecf-4c98-8615-de642aea479e,1633165557148,14.1244296,52.3507264,7.487157,-0.25113773,2.149778,-0.9114666,on bike mount,cyclo cross,True,asphalt,excellent
976d1629-d868-4990-837a-4f6ec315a162,ebea0fc2-7b45-4fa4-a23d-1e7d8f87fd92,184b10a1-8155-4094-9046-f51f5a8acf2d,1633165557198,14.1244296,52.3507264,7.487157,0.26961896,-0.6781552,2.007615,on bike mount,cyclo cross,True,asphalt,excellent
976d1629-d868-4990-837a-4f6ec315a162,ebea0fc2-7b45-4fa4-a23d-1e7d8f87fd92,62e90f14-82ce-44e0-92f8-a0044d06a829,1633165557265,14.1244296,52.3507264,7.487157,-0.4974952,1.0982947,-2.5795898,on bike mount,cyclo cross,True,asphalt,excellent
976d1629-d868-4990-837a-4f6ec315a162,ebea0fc2-7b45-4fa4-a23d-1e7d8f87fd92,169114d4-4399-44c7-b8ce-0d3dc05cb251,1633165557315,14.1244296,52.3507264,7.487157,-0.64646214,-1.8048481,-1.7746472,on bike mount,cyclo cross,True,asphalt,excellent
976d1629-d868-4990-837a-4f6ec315a162,ebea0fc2-7b45-4fa4-a23d-1e7d8f87fd92,6ee2cce6-0255-4f79-9c92-4d3817f5a07e,1633165557381,14.1244296,52.3507264,7.487157,-0.5331701,1.4575973,-0.43106937,on bike mount,cyclo cross,True,asphalt,excellent
976d1629-d868-4990-837a-4f6ec315a162,ebea0fc2-7b45-4fa4-a23d-1e7d8f87fd92,102a4edd-2649-4fd5-a575-9b5dbd5cd1de,1633165557432,14.1244296,52.3507264,7.487157,-1.4130659,-0.8892573,-1.5853562,on bike mount,cyclo cross,True,asphalt,excellent
976d1629-d868-4990-837a-4f6ec315a162,ebea0fc2-7b45-4fa4-a23d-1e7d8f87fd92,04775d5a-4c4e-402f-a226-5f7066256bd9,1633165557498,14.1244296,52.3507264,7.487157,-0.6606484,0.31942272,0.447649,on bike mount,cyclo cross,True,asphalt,excellent
976d1629-d868-4990-837a-4f6ec315a162,ebea0fc2-7b45-4fa4-a23d-1e7d8f87fd92,39c3da27-60cd-424d-ad8a-0018a92b7130,1633165557548,14.1244296,52.3507264,7.487157,0.3511054,1.5946865,0.020897865,on bike mount,cyclo cross,True,asphalt,excellent
976d1629-d868-4990-837a-4f6ec315a162,ebea0fc2-7b45-4fa4-a23d-1e7d8f87fd92,3323bcaf-f85f-4584-bac3-9760ff1ebe1c,1633165557599,14.1244296,52.3507264,7.487157,-1.7964699,-0.5509696,3.0366735,on bike mount,cyclo cross,True,asphalt,excellent
976d1629-d868-4990-837a-4f6ec315a162,ebea0fc2-7b45-4fa4-a23d-1e7d8f87fd92,04055982-f3f0-46d3-a8ee-0c8132161722,1633165557666,14.1244296,52.3507264,7.487157,0.05463338,-0.79680943,1.4571314,on bike mount,cyclo cross,True,asphalt,excellent
976d1629-d868-4990-837a-4f6ec315a162,ebea0fc2-7b45-4fa4-a23d-1e7d8f87fd92,a36d3a92-9675-4883-a57e-4c30ae4fe431,1633165557732,14.124542,52.3507512,7.451248,-0.13141175,0.29309297,-1.4866805,on bike mount,cyclo cross,True,asphalt,excellent
976d1629-d868-4990-837a-4f6ec315a162,ebea0fc2-7b45-4fa4-a23d-1e7d8f87fd92,6d5d8ecf-1698-4ff3-9b56-ba3f863e8967,1633165557799,14.124542,52.3507512,7.451248,0.21636084,0.18474841,-1.4144568,on bike mount,cyclo cross,True,asphalt,excellent
976d1629-d868-4990-837a-4f6ec315a162,ebea0fc2-7b45-4fa4-a23d-1e7d8f87fd92,05034bb2-063e-4f3f-b40f-bc977fd753ed,1633165557866,14.124542,52.3507512,7.451248,-0.5471031,0.38828087,-2.3424745,on bike mount,cyclo cross,True,asphalt,excellent
976d1629-d868-4990-837a-4f6ec315a162,ebea0fc2-7b45-4fa4-a23d-1e7d8f87fd92,ddd525b9-40bf-49a8-a72f-7d0c0816b577,1633165557933,14.124542,52.3507512,7.451248,0.2140204,-1.1746334,-0.7391882,on bike mount,cyclo cross,True,asphalt,excellent
976d1629-d868-4990-837a-4f6ec315a162,ebea0fc2-7b45-4fa4-a23d-1e7d8f87fd92,7130b093-dc20-46e0-b519-21aba538bf62,1633165558000,14.124542,52.3507512,7.451248,0.2110745,-0.24672115,0.37189102,on bike mount,cyclo cross,True,asphalt,excellent
976d1629-d868-4990-837a-4f6ec315a162,ebea0fc2-7b45-4fa4-a23d-1e7d8f87fd92,960e9df6-7075-45f8-875d-2e2ba665f808,1633165558067,14.124542,52.3507512,7.451248,-0.6731174,-1.615873,0.46429825,on bike mount,cyclo cross,True,asphalt,excellent
976d1629-d868-4990-837a-4f6ec315a162,ebea0fc2-7b45-4fa4-a23d-1e7d8f87fd92,745e7dfb-47e7-4d65-a79f-7211efe75e30,1633165558117,14.124542,52.3507512,7.451248,0.20575559,-0.7554319,-0.15521526,on bike mount,cyclo cross,True,asphalt,excellent
976d1629-d868-4990-837a-4f6ec315a162,ebea0fc2-7b45-4fa4-a23d-1e7d8f87fd92,33e50337-7c79-4257-862e-21f4feb0d0e1,1633165558183,14.124542,52.3507512,7.451248,-0.17303681,-0.39384556,-1.8061461,on bike mount,cyclo cross,True,asphalt,excellent
976d1629-d868-4990-837a-4f6ec315a162,ebea0fc2-7b45-4fa4-a23d-1e7d8f87fd92,cf4f6bba-c9bc-4a16-9f55-644e707d3a5f,1633165558234,14.124542,52.3507512,7.451248,-0.019331425,1.7103987,-1.8985062,on bike mount,cyclo cross,True,asphalt,excellent
976d1629-d868-4990-837a-4f6ec315a162,ebea0fc2-7b45-4fa4-a23d-1e7d8f87fd92,b38f46cb-2039-4ab7-8e2b-9f3ba6553e2b,1633165558284,14.124542,52.3507512,7.451248,1.3986871,-1.0715103,1.0413609,on bike mount,cyclo cross,True,asphalt,excellent
976d1629-d868-4990-837a-4f6ec315a162,ebea0fc2-7b45-4fa4-a23d-1e7d8f87fd92,19409aef-0ace-476e-9fe8-884a6cbc0eb0,1633165558350,14.124542,52.3507512,7.451248,-0.30477822,1.0298727,1.3474579,on bike mount,cyclo cross,True,asphalt,excellent
976d1629-d868-4990-837a-4f6ec315a162,ebea0fc2-7b45-4fa4-a23d-1e7d8f87fd92,790f9625-ede1-4a57-b0b8-a3eacb9a82ea,1633165558401,14.124542,52.3507512,7.451248,0.7830076,-1.1582174,-0.51470566,on bike mount,cyclo cross,True,asphalt,excellent
976d1629-d868-4990-837a-4f6ec315a162,ebea0fc2-7b45-4fa4-a23d-1e7d8f87fd92,193296c4-321d-47fc-a78a-dc63eb549a08,1633165558451,14.124542,52.3507512,7.451248,-0.41786763,0.5476246,-0.5447378,on bike mount,cyclo cross,True,asphalt,excellent
976d1629-d868-4990-837a-4f6ec315a162,ebea0fc2-7b45-4fa4-a23d-1e7d8f87fd92,b22f69b1-a41f-4bf0-8eac-31c4dbe6d61f,1633165558518,14.124542,52.3507512,7.451248,-0.837993,-0.36064744,1.0236216,on bike mount,cyclo cross,True,asphalt,excellent
976d1629-d868-4990-837a-4f6ec315a162,ebea0fc2-7b45-4fa4-a23d-1e7d8f87fd92,4267f92f-e251-48be-ba52-f6bbfdf748d6,1633165558568,14.124542,52.3507512,7.451248,-1.2038229,0.5699527,-0.63150597,on bike mount,cyclo cross,True,asphalt,excellent
976d1629-d868-4990-837a-4f6ec315a162,ebea0fc2-7b45-4fa4-a23d-1e7d8f87fd92,52db63ea-8d25-49b1-8ae4-09ba0352d19b,1633165558618,14.124542,52.3507512,7.451248,0.5626838,-0.40610933,1.6279898,on bike mount,cyclo cross,True,asphalt,excellent
976d1629-d868-4990-837a-4f6ec315a162,ebea0fc2-7b45-4fa4-a23d-1e7d8f87fd92,3c4b97ee-ec6f-4473-8b41-f03b2ec223a4,1633165558685,14.1246576,52.3507793,7.4795785,0.23235862,1.4645474,3.70508,on bike mount,cyclo cross,True,asphalt,excellent
976d1629-d868-4990-837a-4f6ec315a162,ebea0fc2-7b45-4fa4-a23d-1e7d8f87fd92,f682090e-f792-411e-9ba7-c5a5a890fca8,1633165558735,14.1246576,52.3507793,7.4795785,1.0866851,-1.565584,-0.6294222,on bike mount,cyclo cross,True,asphalt,excellent
976d1629-d868-4990-837a-4f6ec315a162,ebea0fc2-7b45-4fa4-a23d-1e7d8f87fd92,fdb824a1-ade3-466b-822e-932a95fcbab1,1633165558785,14.1246576,52.3507793,7.4795785,-0.12378186,-1.0518446,-1.3647208,on bike mount,cyclo cross,True,asphalt,excellent
976d1629-d868-4990-837a-4f6ec315a162,ebea0fc2-7b45-4fa4-a23d-1e7d8f87fd92,117b48ab-b8ad-4148-812d-391c50a33863,1633165558852,14.1246576,52.3507793,7.4795785,-1.0836843,0.018308401,1.1626902,on bike mount,cyclo cross,True,asphalt,excellent
976d1629-d868-4990-837a-4f6ec315a162,ebea0fc2-7b45-4fa4-a23d-1e7d8f87fd92,3a460bd2-1238-47ec-97ec-26e8e3bcb3cc,1633165558919,14.1246576,52.3507793,7.4795785,0.6742002,-1.0515208,0.6559439,on bike mount,cyclo cross,True,asphalt,excellent
976d1629-d868-4990-837a-4f6ec315a162,ebea0fc2-7b45-4fa4-a23d-1e7d8f87fd92,20e02e5c-d58a-4b1c-a11d-0e762c437117,1633165558969,14.1246576,52.3507793,7.4795785,0.15809277,-0.7100729,1.3522882,on bike mount,cyclo cross,True,asphalt,excellent
976d1629-d868-4990-837a-4f6ec315a162,ebea0fc2-7b45-4fa4-a23d-1e7d8f87fd92,f06a0662-8cac-4a74-912e-78bb9c384634,1633165559036,14.1246576,52.3507793,7.4795785,-1.3382006,-1.2088315,1.4175253,on bike mount,cyclo cross,True,asphalt,excellent
976d1629-d868-4990-837a-4f6ec315a162,ebea0fc2-7b45-4fa4-a23d-1e7d8f87fd92,012f270f-359a-4325-9348-9bd86d055fff,1633165559086,14.1246576,52.3507793,7.4795785,-0.37501973,0.65513587,-1.3200641,on bike mount,cyclo cross,True,asphalt,excellent
976d1629-d868-4990-837a-4f6ec315a162,ebea0fc2-7b45-4fa4-a23d-1e7d8f87fd92,5e570034-b59d-4ffc-9d3f-f158556d1967,1633165559152,14.1246576,52.3507793,7.4795785,0.38902193,-0.3434999,-0.079717636,on bike mount,cyclo cross,True,asphalt,excellent
976d1629-d868-4990-837a-4f6ec315a162,ebea0fc2-7b45-4fa4-a23d-1e7d8f87fd92,5c38c019-2fe1-45f6-a8fa-d2611a710d49,1633165559203,14.1246576,52.3507793,7.4795785,0.11841726,-2.0532625,2.483636,on bike mount,cyclo cross,True,asphalt,excellent
976d1629-d868-4990-837a-4f6ec315a162,ebea0fc2-7b45-4fa4-a23d-1e7d8f87fd92,18a6f143-3af9-4b25-8e1c-3369fb120719,1633165559253,14.1246576,52.3507793,7.4795785,-0.5888625,1.0466573,-1.4281378,on bike mount,cyclo cross,True,asphalt,excellent
976d1629-d868-4990-837a-4f6ec315a162,ebea0fc2-7b45-4fa4-a23d-1e7d8f87fd92,d27c1e86-2448-4829-9dd7-9494257cb9dc,1633165559320,14.1246576,52.3507793,7.4795785,-0.6618961,-1.1687552,-1.2211938,on bike mount,cyclo cross,True,asphalt,excellent
976d1629-d868-4990-837a-4f6ec315a162,ebea0fc2-7b45-4fa4-a23d-1e7d8f87fd92,d9139f10-6e56-4f07-9f68-3d0782c8b86e,1633165559370,14.1246576,52.3507793,7.4795785,0.27121216,2.612821,-4.8696165,on bike mount,cyclo cross,True,asphalt,excellent
976d1629-d868-4990-837a-4f6ec315a162,ebea0fc2-7b45-4fa4-a23d-1e7d8f87fd92,7e7fdbe3-f1dc-44c4-8ac6-bdf7915c3bb4,1633165559437,14.1246576,52.3507793,7.4795785,0.84953547,0.9123459,0.33814907,on bike mount,cyclo cross,True,asphalt,excellent
976d1629-d868-4990-837a-4f6ec315a162,ebea0fc2-7b45-4fa4-a23d-1e7d8f87fd92,0753e5f5-d4bd-42d4-a498-9b3964ef1bed,1633165559503,14.1246576,52.3507793,7.4795785,1.1999775,-0.075737715,3.5848713,on bike mount,cyclo cross,True,asphalt,excellent
976d1629-d868-4990-837a-4f6ec315a162,ebea0fc2-7b45-4fa4-a23d-1e7d8f87fd92,b37fc821-bb9e-4cb0-90e2-01d4dfe2c850,1633165559570,14.1246576,52.3507793,7.4795785,-0.7640807,0.10456729,2.0020208,on bike mount,cyclo cross,True,asphalt,excellent
976d1629-d868-4990-837a-4f6ec315a162,ebea0fc2-7b45-4fa4-a23d-1e7d8f87fd92,2bb640fd-f174-44bd-a4f5-ba12eff3c6ad,1633165559637,14.1246576,52.3507793,7.4795785,0.77555615,-0.94956005,1.7120876,on bike mount,cyclo cross,True,asphalt,excellent
976d1629-d868-4990-837a-4f6ec315a162,ebea0fc2-7b45-4fa4-a23d-1e7d8f87fd92,70092717-5a0a-470a-acf3-0694c68fee68,1633165559704,14.1247734,52.350805,7.48886,-0.28799242,-0.31287718,-0.029946327,on bike mount,cyclo cross,True,asphalt,excellent
976d1629-d868-4990-837a-4f6ec315a162,ebea0fc2-7b45-4fa4-a23d-1e7d8f87fd92,dd14b643-df62-4011-bb3a-92837f682c32,1633165559754,14.1247734,52.350805,7.48886,0.9895288,1.6349072,-2.752637,on bike mount,cyclo cross,True,asphalt,excellent
976d1629-d868-4990-837a-4f6ec315a162,ebea0fc2-7b45-4fa4-a23d-1e7d8f87fd92,f65de78b-ca5b-452f-859c-dfaa0945b573,1633165559821,14.1247734,52.350805,7.48886,0.8927824,0.7197013,0.026988983,on bike mount,cyclo cross,True,asphalt,excellent
976d1629-d868-4990-837a-4f6ec315a162,ebea0fc2-7b45-4fa4-a23d-1e7d8f87fd92,6e7f47ae-0cb0-40ed-a30c-6fbb0df8a9db,1633165559871,14.1247734,52.350805,7.48886,-0.2924658,-0.7417362,0.24092102,on bike mount,cyclo cross,True,asphalt,excellent
976d1629-d868-4990-837a-4f6ec315a162,ebea0fc2-7b45-4fa4-a23d-1e7d8f87fd92,7150ee52-430f-4e5e-8f81-5fb9711ef269,1633165559938,14.1247734,52.350805,7.48886,0.55127245,-1.4111305,0.42534924,on bike mount,cyclo cross,True,asphalt,excellent
976d1629-d868-4990-837a-4f6ec315a162,ebea0fc2-7b45-4fa4-a23d-1e7d8f87fd92,7655bb36-fede-4fb3-ab51-d527c03d89a4,1633165559988,14.1247734,52.350805,7.48886,0.26992828,-0.030222893,-1.0423212,on bike mount,cyclo cross,True,asphalt,excellent
976d1629-d868-4990-837a-4f6ec315a162,ebea0fc2-7b45-4fa4-a23d-1e7d8f87fd92,03138bd3-5492-4125-9756-d96dc5c80cd9,1633165560038,14.1247734,52.350805,7.48886,0.62876964,-2.0360665,-0.74471474,on bike mount,cyclo cross,True,asphalt,excellent
976d1629-d868-4990-837a-4f6ec315a162,ebea0fc2-7b45-4fa4-a23d-1e7d8f87fd92,b02f6d6b-7117-4113-819b-c0dc6be13624,1633165560105,14.1247734,52.350805,7.48886,1.0170617,0.9627533,2.0644493,on bike mount,cyclo cross,True,asphalt,excellent
976d1629-d868-4990-837a-4f6ec315a162,ebea0fc2-7b45-4fa4-a23d-1e7d8f87fd92,5d34ca6a-08f2-420a-9f78-e167a781724f,1633165560155,14.1247734,52.350805,7.48886,0.4570563,0.540843,-2.3232126,on bike mount,cyclo cross,True,asphalt,excellent
976d1629-d868-4990-837a-4f6ec315a162,ebea0fc2-7b45-4fa4-a23d-1e7d8f87fd92,caaa14c5-2549-4385-a3d7-57f1f4ee133b,1633165560222,14.1247734,52.350805,7.48886,0.19779761,-1.5378486,0.36789894,on bike mount,cyclo cross,True,asphalt,excellent
976d1629-d868-4990-837a-4f6ec315a162,ebea0fc2-7b45-4fa4-a23d-1e7d8f87fd92,757b2556-e869-4a3b-af55-bc427d59b8bf,1633165560289,14.1247734,52.350805,7.48886,-0.5756239,1.6100011,2.394678,on bike mount,cyclo cross,True,asphalt,excellent
976d1629-d868-4990-837a-4f6ec315a162,ebea0fc2-7b45-4fa4-a23d-1e7d8f87fd92,90acde07-4754-4c1d-80e8-ba518c606f81,1633165560339,14.1247734,52.350805,7.48886,0.3257127,0.8482015,-4.284363,on bike mount,cyclo cross,True,asphalt,excellent
976d1629-d868-4990-837a-4f6ec315a162,ebea0fc2-7b45-4fa4-a23d-1e7d8f87fd92,a38b0afa-4c65-402c-ad0e-3690f7d976c4,1633165560406,14.1247734,52.350805,7.48886,0.16387457,0.109606266,-2.0828843,on bike mount,cyclo cross,True,asphalt,excellent
976d1629-d868-4990-837a-4f6ec315a162,ebea0fc2-7b45-4fa4-a23d-1e7d8f87fd92,f712f50e-dc5d-49e4-beaf-90c3ded77aba,1633165560472,14.1247734,52.350805,7.48886,-0.22936983,1.3264711,-0.36671066,on bike mount,cyclo cross,True,asphalt,excellent
976d1629-d868-4990-837a-4f6ec315a162,ebea0fc2-7b45-4fa4-a23d-1e7d8f87fd92,9a7ec903-8338-4418-8ee8-55b2ff063288,1633165560540,14.1247734,52.350805,7.48886,-0.64772165,-1.3954662,-0.47947502,on bike mount,cyclo cross,True,asphalt,excellent
976d1629-d868-4990-837a-4f6ec315a162,ebea0fc2-7b45-4fa4-a23d-1e7d8f87fd92,b5874607-a118-4a89-b774-5de592099702,1633165560606,14.1247734,52.350805,7.48886,-0.50060415,0.58011174,-1.0591803,on bike mount,cyclo cross,True,asphalt,excellent
976d1629-d868-4990-837a-4f6ec315a162,ebea0fc2-7b45-4fa4-a23d-1e7d8f87fd92,462babd0-f6ac-4a91-83d2-e5954218ab0a,1633165560672,14.1248908,52.3508292,7.516791,-1.5987101,-0.9370791,0.053152084,on bike mount,cyclo cross,True,asphalt,excellent
976d1629-d868-4990-837a-4f6ec315a162,ebea0fc2-7b45-4fa4-a23d-1e7d8f87fd92,08cb727d-b6aa-4d91-843a-1fc45e4bed83,1633165560723,14.1248908,52.3508292,7.516791,-0.17113993,0.058792353,0.8619375,on bike mount,cyclo cross,True,asphalt,excellent
976d1629-d868-4990-837a-4f6ec315a162,ebea0fc2-7b45-4fa4-a23d-1e7d8f87fd92,2a22b17b-745e-40b0-bb21-ef941fe40d8f,1633165560790,14.1248908,52.3508292,7.516791,0.17909022,-0.7187865,1.0308332,on bike mount,cyclo cross,True,asphalt,excellent
976d1629-d868-4990-837a-4f6ec315a162,ebea0fc2-7b45-4fa4-a23d-1e7d8f87fd92,e0581c63-0393-4056-bdc1-75c1d866b406,1633165560857,14.1248908,52.3508292,7.516791,-0.79049414,-1.2944891,0.70758724,on bike mount,cyclo cross,True,asphalt,excellent
976d1629-d868-4990-837a-4f6ec315a162,ebea0fc2-7b45-4fa4-a23d-1e7d8f87fd92,4353f30e-61a9-430a-b399-787f90e28fa7,1633165560923,14.1248908,52.3508292,7.516791,0.1811296,2.7469776,-0.46305275,on bike mount,cyclo cross,True,asphalt,excellent
976d1629-d868-4990-837a-4f6ec315a162,ebea0fc2-7b45-4fa4-a23d-1e7d8f87fd92,a412e58c-fc4a-4f55-a367-f6effc834e7c,1633165560974,14.1248908,52.3508292,7.516791,0.8255471,-0.27176428,0.74994564,on bike mount,cyclo cross,True,asphalt,excellent
976d1629-d868-4990-837a-4f6ec315a162,ebea0fc2-7b45-4fa4-a23d-1e7d8f87fd92,d2df527d-832c-4f7e-836d-f128356801ba,1633165561024,14.1248908,52.3508292,7.516791,0.10880497,-0.6957849,1.3264723,on bike mount,cyclo cross,True,asphalt,excellent
976d1629-d868-4990-837a-4f6ec315a162,ebea0fc2-7b45-4fa4-a23d-1e7d8f87fd92,daff2df8-78b6-427d-a7aa-719953251a10,1633165561090,14.1248908,52.3508292,7.516791,0.06626805,-2.111741,1.590703,on bike mount,cyclo cross,True,asphalt,excellent
976d1629-d868-4990-837a-4f6ec315a162,ebea0fc2-7b45-4fa4-a23d-1e7d8f87fd92,b6bf9d18-a1f6-4a87-959e-82bbafe3424f,1633165561141,14.1248908,52.3508292,7.516791,0.24189176,-2.35932,0.83162117,on bike mount,cyclo cross,True,asphalt,excellent
976d1629-d868-4990-837a-4f6ec315a162,ebea0fc2-7b45-4fa4-a23d-1e7d8f87fd92,c0e75eb1-035f-430a-8dfa-b38a0c89e911,1633165561191,14.1248908,52.3508292,7.516791,0.29817158,-0.5016074,0.5223589,on bike mount,cyclo cross,True,asphalt,excellent
976d1629-d868-4990-837a-4f6ec315a162,ebea0fc2-7b45-4fa4-a23d-1e7d8f87fd92,9b539a0b-ada0-4697-bf73-580aa806222f,1633165561258,14.1248908,52.3508292,7.516791,-1.0023143,1.815474,-0.1469841,on bike mount,cyclo cross,True,asphalt,excellent
976d1629-d868-4990-837a-4f6ec315a162,ebea0fc2-7b45-4fa4-a23d-1e7d8f87fd92,345954c1-1994-4e77-9958-324d1a7650b9,1633165561324,14.1248908,52.3508292,7.516791,-1.2879071,1.6408648,-2.189032,on bike mount,cyclo cross,True,asphalt,excellent
976d1629-d868-4990-837a-4f6ec315a162,ebea0fc2-7b45-4fa4-a23d-1e7d8f87fd92,37fd944c-45f9-4911-967d-c1388fc9df27,1633165561375,14.1248908,52.3508292,7.516791,1.7832203,-6.1973906,5.439781,on bike mount,cyclo cross,True,asphalt,excellent
976d1629-d868-4990-837a-4f6ec315a162,ebea0fc2-7b45-4fa4-a23d-1e7d8f87fd92,c145a3e2-e55a-401c-ae0d-3a15add40fcb,1633165561441,14.1248908,52.3508292,7.516791,0.30121803,-1.5576333,1.7442513,on bike mount,cyclo cross,True,asphalt,excellent
976d1629-d868-4990-837a-4f6ec315a162,ebea0fc2-7b45-4fa4-a23d-1e7d8f87fd92,8b05f33f-7ed7-45bd-91e4-45905b03e73c,1633165561508,14.1248908,52.3508292,7.516791,-1.2680871,0.6994095,-1.9024878,on bike mount,cyclo cross,True,asphalt,excellent
976d1629-d868-4990-837a-4f6ec315a162,ebea0fc2-7b45-4fa4-a23d-1e7d8f87fd92,213a6b0e-5339-472e-8eee-7fc8a6d4b4b8,1633165561575,14.1248908,52.3508292,7.516791,0.2493335,-1.2742089,1.8084555,on bike mount,cyclo cross,True,asphalt,excellent
976d1629-d868-4990-837a-4f6ec315a162,ebea0fc2-7b45-4fa4-a23d-1e7d8f87fd92,39d41ff7-86d4-4b3e-8d0e-d0c653594738,1633165561642,14.1248908,52.3508292,7.516791,-0.89407355,0.13011813,1.4216757,on bike mount,cyclo cross,True,asphalt,excellent
976d1629-d868-4990-837a-4f6ec315a162,ebea0fc2-7b45-4fa4-a23d-1e7d8f87fd92,4ba9b4c6-46c9-4d95-99de-a2c5ac6049ee,1633165561709,14.1250096,52.3508535,7.57041,0.25374824,-0.021234512,-1.729166,on bike mount,cyclo cross,True,asphalt,excellent
976d1629-d868-4990-837a-4f6ec315a162,ebea0fc2-7b45-4fa4-a23d-1e7d8f87fd92,f4b24183-38f8-414a-beb5-37544dbdc9f1,1633165561758,14.1250096,52.3508535,7.57041,1.5334566,-2.290948,0.23163414,on bike mount,cyclo cross,True,asphalt,excellent
976d1629-d868-4990-837a-4f6ec315a162,ebea0fc2-7b45-4fa4-a23d-1e7d8f87fd92,e824c126-7331-4afd-84da-d31f1b796cec,1633165561809,14.1250096,52.3508535,7.57041,-0.8804252,1.0659952,0.010708809,on bike mount,cyclo cross,True,asphalt,excellent
976d1629-d868-4990-837a-4f6ec315a162,ebea0fc2-7b45-4fa4-a23d-1e7d8f87fd92,04b0c204-bd99-4bea-bcfc-8f38e03d4211,1633165561876,14.1250096,52.3508535,7.57041,-1.3803093,0.047129393,0.2703886,on bike mount,cyclo cross,True,asphalt,excellent
976d1629-d868-4990-837a-4f6ec315a162,ebea0fc2-7b45-4fa4-a23d-1e7d8f87fd92,41bf8c87-0ae0-479a-8eae-6d8a47362ee8,1633165561942,14.1250096,52.3508535,7.57041,0.32011825,0.7458315,-0.006664276,on bike mount,cyclo cross,True,asphalt,excellent
976d1629-d868-4990-837a-4f6ec315a162,ebea0fc2-7b45-4fa4-a23d-1e7d8f87fd92,6b8ceaf9-d7f0-41e9-9811-bcff6d2c1266,1633165561993,14.1250096,52.3508535,7.57041,-0.9521597,-0.53446484,0.45807934,on bike mount,cyclo cross,True,asphalt,excellent
976d1629-d868-4990-837a-4f6ec315a162,ebea0fc2-7b45-4fa4-a23d-1e7d8f87fd92,8dc644bd-7a7e-4382-afec-edff15b5b535,1633165562043,14.1250096,52.3508535,7.57041,-0.09798107,0.9316783,-1.5619082,on bike mount,cyclo cross,True,asphalt,excellent
976d1629-d868-4990-837a-4f6ec315a162,ebea0fc2-7b45-4fa4-a23d-1e7d8f87fd92,b8fa8a13-c37a-46c5-8c37-c931e23b5149,1633165562110,14.1250096,52.3508535,7.57041,0.1328075,0.589231,-0.22611523,on bike mount,cyclo cross,True,asphalt,excellent
976d1629-d868-4990-837a-4f6ec315a162,ebea0fc2-7b45-4fa4-a23d-1e7d8f87fd92,c8db4b9b-48a6-4a46-89a9-f6908db3f837,1633165562160,14.1250096,52.3508535,7.57041,0.5761883,-0.42959285,0.37979698,on bike mount,cyclo cross,True,asphalt,excellent
976d1629-d868-4990-837a-4f6ec315a162,ebea0fc2-7b45-4fa4-a23d-1e7d8f87fd92,2573b95d-5bc4-484d-86b5-55d38164c6b0,1633165562227,14.1250096,52.3508535,7.57041,0.14357406,-1.5495425,2.0541878,on bike mount,cyclo cross,True,asphalt,excellent
976d1629-d868-4990-837a-4f6ec315a162,ebea0fc2-7b45-4fa4-a23d-1e7d8f87fd92,83aa0e77-1d22-4a3b-9af9-d04ce685ecdb,1633165562277,14.1250096,52.3508535,7.57041,-0.23919114,0.424865,-1.2478414,on bike mount,cyclo cross,True,asphalt,excellent
