bike_activity_uid,bike_activity_sample_uid,bike_activity_measurement,bike_activity_measurement_timestamp,bike_activity_measurement_lon,bike_activity_measurement_lat,bike_activity_measurement_speed,bike_activity_measurement_accelerometer_x,bike_activity_measurement_accelerometer_y,bike_activity_measurement_accelerometer_z,bike_activity_phone_position,bike_activity_bike_type,bike_activity_flagged_lab_conditions,bike_activity_surface_type,bike_activity_smoothness_type
9f7be42c-d051-49df-93eb-2b10526cf822,92474f1d-38d6-4a8a-b85f-95d668ebea9b,11dcbcca-0ddf-4718-9fb7-0852e83f5428,1636127689975,13.40176,52.4724198,6.1190476,1.2644742,-1.0762036,-0.4038,on bike mount,cyclo cross,True,paving stones,good
9f7be42c-d051-49df-93eb-2b10526cf822,92474f1d-38d6-4a8a-b85f-95d668ebea9b,ca34ad98-8b30-4b47-9a07-0f6b86c2e29f,1636127690026,13.40176,52.4724198,6.1190476,0.38038954,-3.499529,1.6350956,on bike mount,cyclo cross,True,paving stones,good
9f7be42c-d051-49df-93eb-2b10526cf822,92474f1d-38d6-4a8a-b85f-95d668ebea9b,f0c1b530-0cf7-44c1-8bca-1de5bd8f1a77,1636127690076,13.40176,52.4724198,6.1190476,-2.4546304,-2.3438635,0.20883846,on bike mount,cyclo cross,True,paving stones,good
9f7be42c-d051-49df-93eb-2b10526cf822,92474f1d-38d6-4a8a-b85f-95d668ebea9b,11b6ae39-8812-4129-bb01-f4265758fa4a,1636127690127,13.40176,52.4724198,6.1190476,0.96945214,-1.7456305,-1.9276061,on bike mount,cyclo cross,True,paving stones,good
9f7be42c-d051-49df-93eb-2b10526cf822,92474f1d-38d6-4a8a-b85f-95d668ebea9b,99ba94b7-11d1-4259-a165-d2db933cf59d,1636127690193,13.40176,52.4724198,6.1190476,2.0144286,-3.9981408,0.64552975,on bike mount,cyclo cross,True,paving stones,good
9f7be42c-d051-49df-93eb-2b10526cf822,92474f1d-38d6-4a8a-b85f-95d668ebea9b,0622ed38-48c0-4e0c-a537-7115c97b63ab,1636127690243,13.40176,52.4724198,6.1190476,-1.988183,-4.483138,4.1474085,on bike mount,cyclo cross,True,paving stones,good
9f7be42c-d051-49df-93eb-2b10526cf822,92474f1d-38d6-4a8a-b85f-95d668ebea9b,65aee9ae-72ec-4e40-8909-9f10338954db,1636127690294,13.40176,52.4724198,6.1190476,0.4357322,2.1381435,0.99614906,on bike mount,cyclo cross,True,paving stones,good
9f7be42c-d051-49df-93eb-2b10526cf822,92474f1d-38d6-4a8a-b85f-95d668ebea9b,294516ba-3f74-46bb-9891-968c26793567,1636127690345,13.40176,52.4724198,6.1190476,-1.3842883,2.1990132,2.3079443,on bike mount,cyclo cross,True,paving stones,good
9f7be42c-d051-49df-93eb-2b10526cf822,92474f1d-38d6-4a8a-b85f-95d668ebea9b,bd45faeb-c297-4123-aa2c-9fa7fc607f5e,1636127690410,13.40176,52.4724198,6.1190476,-0.9620056,-1.2663047,-1.6649804,on bike mount,cyclo cross,True,paving stones,good
9f7be42c-d051-49df-93eb-2b10526cf822,92474f1d-38d6-4a8a-b85f-95d668ebea9b,23daacfb-1a4e-451f-849f-daf7eed3f3e4,1636127690460,13.40176,52.4724198,6.1190476,-1.3259386,3.810717,0.54644775,on bike mount,cyclo cross,True,paving stones,good
9f7be42c-d051-49df-93eb-2b10526cf822,92474f1d-38d6-4a8a-b85f-95d668ebea9b,e2b6939b-b073-4793-b75c-c5866dfa1a56,1636127690512,13.401671,52.4724185,5.951226,-0.23710367,3.996416,1.8823442,on bike mount,cyclo cross,True,paving stones,good
9f7be42c-d051-49df-93eb-2b10526cf822,92474f1d-38d6-4a8a-b85f-95d668ebea9b,5e1435f5-d26e-4d3c-9deb-cf5de24b1a6d,1636127690577,13.401671,52.4724185,5.951226,-0.10873559,-1.7878349,5.0127697,on bike mount,cyclo cross,True,paving stones,good
9f7be42c-d051-49df-93eb-2b10526cf822,92474f1d-38d6-4a8a-b85f-95d668ebea9b,9257b43a-b324-4766-980e-fa14ad19aa72,1636127690628,13.401671,52.4724185,5.951226,-2.12854,3.7762203,2.204297,on bike mount,cyclo cross,True,paving stones,good
9f7be42c-d051-49df-93eb-2b10526cf822,92474f1d-38d6-4a8a-b85f-95d668ebea9b,4262e5cc-6f07-422f-b642-ab0b499e472f,1636127690679,13.401671,52.4724185,5.951226,-1.2520803,-4.7889886,2.0512943,on bike mount,cyclo cross,True,paving stones,good
9f7be42c-d051-49df-93eb-2b10526cf822,92474f1d-38d6-4a8a-b85f-95d668ebea9b,df3cf69b-3ca3-4f52-bf9c-b2b6458ba8d2,1636127690729,13.401671,52.4724185,5.951226,0.3599891,-0.9379591,-4.1439705,on bike mount,cyclo cross,True,paving stones,good
9f7be42c-d051-49df-93eb-2b10526cf822,92474f1d-38d6-4a8a-b85f-95d668ebea9b,90758c28-46c7-444d-a502-c3f222c0b0fe,1636127690795,13.401671,52.4724185,5.951226,-0.88013947,-1.2831488,3.5064344,on bike mount,cyclo cross,True,paving stones,good
9f7be42c-d051-49df-93eb-2b10526cf822,92474f1d-38d6-4a8a-b85f-95d668ebea9b,8227d24a-5fc9-45e5-9205-d49fa5863c0c,1636127690845,13.401671,52.4724185,5.951226,-0.5282477,-4.397849,-0.8167734,on bike mount,cyclo cross,True,paving stones,good
9f7be42c-d051-49df-93eb-2b10526cf822,92474f1d-38d6-4a8a-b85f-95d668ebea9b,5c7b2b2c-0f4f-43cd-9281-ad59c1e0de95,1636127690896,13.401671,52.4724185,5.951226,0.8829826,-0.8936472,-2.9158492,on bike mount,cyclo cross,True,paving stones,good
9f7be42c-d051-49df-93eb-2b10526cf822,92474f1d-38d6-4a8a-b85f-95d668ebea9b,1b3c0190-99ca-40dd-8b93-e2be791a86a7,1636127690947,13.401671,52.4724185,5.951226,-0.24050927,-0.511677,-1.5271497,on bike mount,cyclo cross,True,paving stones,good
9f7be42c-d051-49df-93eb-2b10526cf822,92474f1d-38d6-4a8a-b85f-95d668ebea9b,792a4d91-642a-4c00-9dd8-12c7166f95db,1636127691014,13.401671,52.4724185,5.951226,-0.6662704,-4.965769,3.2416906,on bike mount,cyclo cross,True,paving stones,good
9f7be42c-d051-49df-93eb-2b10526cf822,92474f1d-38d6-4a8a-b85f-95d668ebea9b,7f4036d8-ee09-4fb6-9d4a-ff72c137878e,1636127691064,13.401671,52.4724185,5.951226,-0.7882161,-0.74704015,-4.612647,on bike mount,cyclo cross,True,paving stones,good
9f7be42c-d051-49df-93eb-2b10526cf822,92474f1d-38d6-4a8a-b85f-95d668ebea9b,c4ee323e-a97b-4fb3-85d4-2e2fe259ae46,1636127691114,13.401671,52.4724185,5.951226,0.7023201,1.3866282,3.290578,on bike mount,cyclo cross,True,paving stones,good
9f7be42c-d051-49df-93eb-2b10526cf822,92474f1d-38d6-4a8a-b85f-95d668ebea9b,0f79d163-7fff-4c7e-848d-187d556fb972,1636127691165,13.401671,52.4724185,5.951226,0.4777746,2.5077791,0.12366295,on bike mount,cyclo cross,True,paving stones,good
9f7be42c-d051-49df-93eb-2b10526cf822,92474f1d-38d6-4a8a-b85f-95d668ebea9b,de21e215-4382-48c0-90b5-c74912fb48cc,1636127691230,13.401671,52.4724185,5.951226,-1.4769905,2.5199032,1.4207277,on bike mount,cyclo cross,True,paving stones,good
9f7be42c-d051-49df-93eb-2b10526cf822,92474f1d-38d6-4a8a-b85f-95d668ebea9b,2f61d978-0f78-4856-b9ba-f345316461ea,1636127691281,13.401671,52.4724185,5.951226,0.16946745,3.7604685,-0.4678526,on bike mount,cyclo cross,True,paving stones,good
9f7be42c-d051-49df-93eb-2b10526cf822,92474f1d-38d6-4a8a-b85f-95d668ebea9b,8480b048-5f44-4797-8cbb-37cff2fd5d2e,1636127691332,13.401671,52.4724185,5.951226,0.07500678,-2.6927986,-0.18926239,on bike mount,cyclo cross,True,paving stones,good
9f7be42c-d051-49df-93eb-2b10526cf822,92474f1d-38d6-4a8a-b85f-95d668ebea9b,14edbc7e-808d-4083-b8e7-a852cdad27e3,1636127691381,13.401671,52.4724185,5.951226,1.2083194,-4.0342903,1.7529898,on bike mount,cyclo cross,True,paving stones,good
9f7be42c-d051-49df-93eb-2b10526cf822,92474f1d-38d6-4a8a-b85f-95d668ebea9b,2f022917-96aa-4381-abc5-cdbc4887b43d,1636127691447,13.401671,52.4724185,5.951226,-1.2335224,-2.0906765,-0.041779518,on bike mount,cyclo cross,True,paving stones,good
9f7be42c-d051-49df-93eb-2b10526cf822,92474f1d-38d6-4a8a-b85f-95d668ebea9b,0f63d7da-b486-44ad-a2af-9f40715b74b4,1636127691501,13.4015831,52.4724172,6.0792866,0.1221771,-4.4014945,1.1311045,on bike mount,cyclo cross,True,paving stones,good
9f7be42c-d051-49df-93eb-2b10526cf822,92474f1d-38d6-4a8a-b85f-95d668ebea9b,90c9df83-6d13-4371-bf9e-eebff4ea6219,1636127691564,13.4015831,52.4724172,6.0792866,0.84917426,-0.86166096,4.5176992,on bike mount,cyclo cross,True,paving stones,good
9f7be42c-d051-49df-93eb-2b10526cf822,070ad15d-c9e4-48d4-90e6-cab407f54b68,12267f6f-71ef-458f-bd15-9b1ea0c78d13,1636127689760,13.40176,52.4724198,6.1190476,-0.8018193,5.6577826,-2.205246,on bike mount,cyclo cross,True,paving stones,good
9f7be42c-d051-49df-93eb-2b10526cf822,070ad15d-c9e4-48d4-90e6-cab407f54b68,f4450dfc-feb9-4b39-b2b3-7740d484cf2b,1636127689825,13.40176,52.4724198,6.1190476,1.1416075,-0.4749937,3.7584324,on bike mount,cyclo cross,True,paving stones,good
9f7be42c-d051-49df-93eb-2b10526cf822,070ad15d-c9e4-48d4-90e6-cab407f54b68,c0d2de0b-4d46-42e3-abb6-80cd0be9e99f,1636127689875,13.40176,52.4724198,6.1190476,-0.43467233,-1.8105309,0.14840603,on bike mount,cyclo cross,True,paving stones,good
9f7be42c-d051-49df-93eb-2b10526cf822,070ad15d-c9e4-48d4-90e6-cab407f54b68,8621bd08-b9b2-46a4-9c6e-9ed9d3a9f9e2,1636127689926,13.40176,52.4724198,6.1190476,-0.50141346,-1.3589716,3.2518854,on bike mount,cyclo cross,True,paving stones,good
9f7be42c-d051-49df-93eb-2b10526cf822,070ad15d-c9e4-48d4-90e6-cab407f54b68,efa9d169-99f8-43d4-9e5c-a00d00372f44,1636127689977,13.40176,52.4724198,6.1190476,0.64517283,-1.6674318,-1.4175444,on bike mount,cyclo cross,True,paving stones,good
9f7be42c-d051-49df-93eb-2b10526cf822,070ad15d-c9e4-48d4-90e6-cab407f54b68,929e9f49-8d1f-44cc-bb54-ada8c415061f,1636127690027,13.40176,52.4724198,6.1190476,0.59109163,-4.5073724,-2.871612,on bike mount,cyclo cross,True,paving stones,good
9f7be42c-d051-49df-93eb-2b10526cf822,070ad15d-c9e4-48d4-90e6-cab407f54b68,5d746316-4703-4483-80e2-42714be0fbdb,1636127690093,13.40176,52.4724198,6.1190476,-1.7124732,1.5630493,0.865962,on bike mount,cyclo cross,True,paving stones,good
9f7be42c-d051-49df-93eb-2b10526cf822,070ad15d-c9e4-48d4-90e6-cab407f54b68,ee7e52a7-3473-4fee-a1c4-9b619e9bf0a1,1636127690143,13.40176,52.4724198,6.1190476,1.1658604,-2.6735406,1.4175053,on bike mount,cyclo cross,True,paving stones,good
9f7be42c-d051-49df-93eb-2b10526cf822,070ad15d-c9e4-48d4-90e6-cab407f54b68,f6c3f192-404c-4628-ba17-fe94180dd185,1636127690194,13.40176,52.4724198,6.1190476,1.0361488,0.45267582,1.5105467,on bike mount,cyclo cross,True,paving stones,good
9f7be42c-d051-49df-93eb-2b10526cf822,070ad15d-c9e4-48d4-90e6-cab407f54b68,36ff907b-aaef-4bce-8a07-e5ee681e7044,1636127690245,13.40176,52.4724198,6.1190476,-0.33052474,-2.677666,5.413971,on bike mount,cyclo cross,True,paving stones,good
9f7be42c-d051-49df-93eb-2b10526cf822,070ad15d-c9e4-48d4-90e6-cab407f54b68,16b274e8-7efa-4a2b-83f4-7df5119ec31e,1636127690295,13.40176,52.4724198,6.1190476,0.4357322,2.1381435,0.99614906,on bike mount,cyclo cross,True,paving stones,good
9f7be42c-d051-49df-93eb-2b10526cf822,070ad15d-c9e4-48d4-90e6-cab407f54b68,cc9bdee1-2cab-4524-a0aa-b3a672bc987f,1636127690360,13.40176,52.4724198,6.1190476,0.49886566,-0.9509634,1.1860075,on bike mount,cyclo cross,True,paving stones,good
9f7be42c-d051-49df-93eb-2b10526cf822,070ad15d-c9e4-48d4-90e6-cab407f54b68,1449990c-a01c-41fa-a3e4-908e9dc57b42,1636127690410,13.40176,52.4724198,6.1190476,-0.9620056,-1.2663047,-1.6649804,on bike mount,cyclo cross,True,paving stones,good
9f7be42c-d051-49df-93eb-2b10526cf822,070ad15d-c9e4-48d4-90e6-cab407f54b68,2f691b4a-04e1-4775-b638-f711ed1de3be,1636127690461,13.40176,52.4724198,6.1190476,-1.3259386,3.810717,0.54644775,on bike mount,cyclo cross,True,paving stones,good
9f7be42c-d051-49df-93eb-2b10526cf822,070ad15d-c9e4-48d4-90e6-cab407f54b68,2e3ca445-6b04-4adf-a465-e2300a3b7e19,1636127690512,13.401671,52.4724185,5.951226,-0.23710367,3.996416,1.8823442,on bike mount,cyclo cross,True,paving stones,good
9f7be42c-d051-49df-93eb-2b10526cf822,070ad15d-c9e4-48d4-90e6-cab407f54b68,8d8e3035-8602-4989-86ad-b8d67911123c,1636127690579,13.401671,52.4724185,5.951226,-0.8568685,-1.8627008,2.3520193,on bike mount,cyclo cross,True,paving stones,good
9f7be42c-d051-49df-93eb-2b10526cf822,070ad15d-c9e4-48d4-90e6-cab407f54b68,f5c2d421-11dc-40c8-b1bc-03e1e2c4e311,1636127690629,13.401671,52.4724185,5.951226,-1.5130048,0.9783478,1.7326155,on bike mount,cyclo cross,True,paving stones,good
9f7be42c-d051-49df-93eb-2b10526cf822,070ad15d-c9e4-48d4-90e6-cab407f54b68,a25644a1-b1b6-4eed-8776-903d88949e4a,1636127690680,13.401671,52.4724185,5.951226,-1.2520803,-4.7889886,2.0512943,on bike mount,cyclo cross,True,paving stones,good
9f7be42c-d051-49df-93eb-2b10526cf822,070ad15d-c9e4-48d4-90e6-cab407f54b68,2d07d7c3-b536-48bd-a2dc-8890575361c7,1636127690745,13.401671,52.4724185,5.951226,-2.1148262,-2.8781185,-0.6339302,on bike mount,cyclo cross,True,paving stones,good
9f7be42c-d051-49df-93eb-2b10526cf822,070ad15d-c9e4-48d4-90e6-cab407f54b68,9202b75c-2fbc-4cf6-9c2f-772cbb4bea52,1636127690796,13.401671,52.4724185,5.951226,-0.77250737,-4.718377,1.551733,on bike mount,cyclo cross,True,paving stones,good
9f7be42c-d051-49df-93eb-2b10526cf822,070ad15d-c9e4-48d4-90e6-cab407f54b68,96da45bd-f373-4491-8bba-fc03201eee9c,1636127690846,13.401671,52.4724185,5.951226,-0.5282477,-4.397849,-0.8167734,on bike mount,cyclo cross,True,paving stones,good
9f7be42c-d051-49df-93eb-2b10526cf822,070ad15d-c9e4-48d4-90e6-cab407f54b68,80e6c0d1-fa7a-45c7-90af-45cb2268ac30,1636127690895,13.401671,52.4724185,5.951226,0.11308877,-2.4336367,-4.151307,on bike mount,cyclo cross,True,paving stones,good
9f7be42c-d051-49df-93eb-2b10526cf822,070ad15d-c9e4-48d4-90e6-cab407f54b68,19c2478c-9002-45e9-87dd-e4a26bce5155,1636127690945,13.401671,52.4724185,5.951226,0.12995599,0.37011862,0.6037655,on bike mount,cyclo cross,True,paving stones,good
9f7be42c-d051-49df-93eb-2b10526cf822,070ad15d-c9e4-48d4-90e6-cab407f54b68,6e53dfb8-0815-4ef4-8bc0-9a83c68ff305,1636127690996,13.401671,52.4724185,5.951226,-0.60323954,7.899766,2.2334433,on bike mount,cyclo cross,True,paving stones,good
9f7be42c-d051-49df-93eb-2b10526cf822,070ad15d-c9e4-48d4-90e6-cab407f54b68,bd3c3ebf-226f-429f-9c50-a7f16dbd45a5,1636127691047,13.401671,52.4724185,5.951226,4.493003,3.098781,1.7642441,on bike mount,cyclo cross,True,paving stones,good
9f7be42c-d051-49df-93eb-2b10526cf822,070ad15d-c9e4-48d4-90e6-cab407f54b68,e3e501e5-b2a4-462b-868f-22f94ad8fc63,1636127691114,13.401671,52.4724185,5.951226,0.7023201,1.3866282,3.290578,on bike mount,cyclo cross,True,paving stones,good
9f7be42c-d051-49df-93eb-2b10526cf822,070ad15d-c9e4-48d4-90e6-cab407f54b68,4036e8cd-272f-46c5-9e46-ef1b69c0a754,1636127691164,13.401671,52.4724185,5.951226,0.4777746,2.5077791,0.12366295,on bike mount,cyclo cross,True,paving stones,good
9f7be42c-d051-49df-93eb-2b10526cf822,070ad15d-c9e4-48d4-90e6-cab407f54b68,f4393e14-c7da-4271-a747-707e21593a2d,1636127691214,13.401671,52.4724185,5.951226,0.01200372,-5.927876,4.2991467,on bike mount,cyclo cross,True,paving stones,good
9f7be42c-d051-49df-93eb-2b10526cf822,070ad15d-c9e4-48d4-90e6-cab407f54b68,057e0b94-c7a7-424b-bdad-59c5b317713b,1636127691264,13.401671,52.4724185,5.951226,-0.20575586,-2.3501844,-1.966013,on bike mount,cyclo cross,True,paving stones,good
9f7be42c-d051-49df-93eb-2b10526cf822,070ad15d-c9e4-48d4-90e6-cab407f54b68,55aa830a-bcac-4c89-8629-284027db9b8f,1636127691314,13.401671,52.4724185,5.951226,-0.40064794,-2.9106054,-2.2347627,on bike mount,cyclo cross,True,paving stones,good
9f7be42c-d051-49df-93eb-2b10526cf822,070ad15d-c9e4-48d4-90e6-cab407f54b68,1dc11d75-2bfb-4c56-8f55-0c58349cbbc6,1636127691380,13.401671,52.4724185,5.951226,0.7050917,-2.1757061,0.81614876,on bike mount,cyclo cross,True,paving stones,good
9f7be42c-d051-49df-93eb-2b10526cf822,070ad15d-c9e4-48d4-90e6-cab407f54b68,d4103976-42ea-4b0a-9ed3-f6e9653edbe3,1636127691431,13.401671,52.4724185,5.951226,0.6509256,-3.0540385,-3.9513938,on bike mount,cyclo cross,True,paving stones,good
9f7be42c-d051-49df-93eb-2b10526cf822,070ad15d-c9e4-48d4-90e6-cab407f54b68,013130c9-ac66-43f3-bea4-d102beb8ee9a,1636127691482,13.401671,52.4724185,5.951226,-1.6677934,-1.2205001,1.7470026,on bike mount,cyclo cross,True,paving stones,good
9f7be42c-d051-49df-93eb-2b10526cf822,070ad15d-c9e4-48d4-90e6-cab407f54b68,cda933c7-9961-416b-8afb-8324a97fe0ef,1636127691546,13.4015831,52.4724172,6.0792866,0.45754886,-2.3899717,-1.5104709,on bike mount,cyclo cross,True,paving stones,good
9f7be42c-d051-49df-93eb-2b10526cf822,070ad15d-c9e4-48d4-90e6-cab407f54b68,d3ca9c47-07e6-4ff1-84bc-89958962739f,1636127691598,13.4015831,52.4724172,6.0792866,2.5904212,-5.574514,8.722979,on bike mount,cyclo cross,True,paving stones,good
9f7be42c-d051-49df-93eb-2b10526cf822,070ad15d-c9e4-48d4-90e6-cab407f54b68,eeaddedb-f067-42be-9985-2f8bbb281871,1636127691649,13.4015831,52.4724172,6.0792866,-1.3579922,2.3366346,-2.0683799,on bike mount,cyclo cross,True,paving stones,good
9f7be42c-d051-49df-93eb-2b10526cf822,070ad15d-c9e4-48d4-90e6-cab407f54b68,ce37280d-e29d-40e2-9dfa-229e4c9e7750,1636127691714,13.4015831,52.4724172,6.0792866,1.0879166,0.42232323,1.6374636,on bike mount,cyclo cross,True,paving stones,good
9f7be42c-d051-49df-93eb-2b10526cf822,070ad15d-c9e4-48d4-90e6-cab407f54b68,bbff2f70-2f9c-4e31-adc2-df8de5bbfca8,1636127691764,13.4015831,52.4724172,6.0792866,0.33506128,3.0282009,-2.0401158,on bike mount,cyclo cross,True,paving stones,good
9f7be42c-d051-49df-93eb-2b10526cf822,070ad15d-c9e4-48d4-90e6-cab407f54b68,917e17dd-ad4d-4706-bde2-1d094a0117e0,1636127691816,13.4015831,52.4724172,6.0792866,-0.6070423,-0.19570708,-0.36152363,on bike mount,cyclo cross,True,paving stones,good
9f7be42c-d051-49df-93eb-2b10526cf822,070ad15d-c9e4-48d4-90e6-cab407f54b68,77cc71c3-85ab-437e-a274-eb318bd6a280,1636127691865,13.4015831,52.4724172,6.0792866,-0.6217835,-0.2644453,-2.797853,on bike mount,cyclo cross,True,paving stones,good
9f7be42c-d051-49df-93eb-2b10526cf822,070ad15d-c9e4-48d4-90e6-cab407f54b68,e0453601-99d8-4c02-a291-9cda6aad4082,1636127691916,13.4015831,52.4724172,6.0792866,2.234835,-0.10679245,-5.051811,on bike mount,cyclo cross,True,paving stones,good
9f7be42c-d051-49df-93eb-2b10526cf822,070ad15d-c9e4-48d4-90e6-cab407f54b68,f50d7451-76c3-4489-8677-f343fcf7927f,1636127691966,13.4015831,52.4724172,6.0792866,1.3858883,3.5345154,-2.554698,on bike mount,cyclo cross,True,paving stones,good
9f7be42c-d051-49df-93eb-2b10526cf822,070ad15d-c9e4-48d4-90e6-cab407f54b68,89d8fd8d-c145-46bd-9329-71cf22004798,1636127692016,13.4015831,52.4724172,6.0792866,-1.1708676,-0.6104884,0.9056158,on bike mount,cyclo cross,True,paving stones,good
9f7be42c-d051-49df-93eb-2b10526cf822,070ad15d-c9e4-48d4-90e6-cab407f54b68,647fb7a8-d068-46af-ac86-c361567877bf,1636127692065,13.4015831,52.4724172,6.0792866,1.5872903,1.274993,-0.47099972,on bike mount,cyclo cross,True,paving stones,good
9f7be42c-d051-49df-93eb-2b10526cf822,070ad15d-c9e4-48d4-90e6-cab407f54b68,f8321daf-f2d6-4906-bb43-5a99bbef49e4,1636127692117,13.4015831,52.4724172,6.0792866,-0.29175943,0.65100217,-0.5631628,on bike mount,cyclo cross,True,paving stones,good
9f7be42c-d051-49df-93eb-2b10526cf822,070ad15d-c9e4-48d4-90e6-cab407f54b68,f6271063-2fc5-4b0f-83a2-ba4c70dcf28c,1636127692166,13.4015831,52.4724172,6.0792866,-1.7366912,-0.7670617,2.19629,on bike mount,cyclo cross,True,paving stones,good
9f7be42c-d051-49df-93eb-2b10526cf822,070ad15d-c9e4-48d4-90e6-cab407f54b68,4fad181c-06a0-4ca2-9396-2960f7345e6c,1636127692216,13.4015831,52.4724172,6.0792866,-0.48222157,-3.9791074,1.2758799,on bike mount,cyclo cross,True,paving stones,good
9f7be42c-d051-49df-93eb-2b10526cf822,070ad15d-c9e4-48d4-90e6-cab407f54b68,065ac737-502b-4432-b557-0cdaae65fe2d,1636127692266,13.4015831,52.4724172,6.0792866,0.18014622,-1.5806711,0.30895805,on bike mount,cyclo cross,True,paving stones,good
9f7be42c-d051-49df-93eb-2b10526cf822,070ad15d-c9e4-48d4-90e6-cab407f54b68,a7b812c4-05c5-4cdd-9d31-10fe4fb66f07,1636127692316,13.4015831,52.4724172,6.0792866,0.8667505,0.33234954,-3.2746058,on bike mount,cyclo cross,True,paving stones,good
9f7be42c-d051-49df-93eb-2b10526cf822,070ad15d-c9e4-48d4-90e6-cab407f54b68,ca11136b-57a9-43db-94d4-3a4a93f51608,1636127692367,13.4015831,52.4724172,6.0792866,-0.10250768,2.7999053,-0.62478447,on bike mount,cyclo cross,True,paving stones,good
9f7be42c-d051-49df-93eb-2b10526cf822,070ad15d-c9e4-48d4-90e6-cab407f54b68,66451792-7f56-4f08-b7df-5271f369f408,1636127692418,13.4015831,52.4724172,6.0792866,-0.5590112,1.9963017,3.783575,on bike mount,cyclo cross,True,paving stones,good
9f7be42c-d051-49df-93eb-2b10526cf822,070ad15d-c9e4-48d4-90e6-cab407f54b68,17c807f9-4315-4678-8408-b65fc337793f,1636127692469,13.4015831,52.4724172,6.0792866,-0.22162431,0.03548026,1.1014166,on bike mount,cyclo cross,True,paving stones,good
9f7be42c-d051-49df-93eb-2b10526cf822,070ad15d-c9e4-48d4-90e6-cab407f54b68,fc162911-a5b8-4729-b909-de2f8d9600c5,1636127692533,13.4014933,52.4724133,6.0001607,-0.2284796,-2.4583576,0.34317112,on bike mount,cyclo cross,True,paving stones,good
9f7be42c-d051-49df-93eb-2b10526cf822,070ad15d-c9e4-48d4-90e6-cab407f54b68,527a6b1a-a1f7-4c40-9a24-97cdcc0b1170,1636127692584,13.4014933,52.4724133,6.0001607,0.007228121,-0.15365839,-0.9205618,on bike mount,cyclo cross,True,paving stones,good
9f7be42c-d051-49df-93eb-2b10526cf822,070ad15d-c9e4-48d4-90e6-cab407f54b68,554d5585-00d6-44e2-b538-62c999166df5,1636127692635,13.4014933,52.4724133,6.0001607,1.4471056,-3.6794958,-4.633321,on bike mount,cyclo cross,True,paving stones,good
9f7be42c-d051-49df-93eb-2b10526cf822,070ad15d-c9e4-48d4-90e6-cab407f54b68,de945177-8f87-44a7-a048-90fed904f3e2,1636127692686,13.4014933,52.4724133,6.0001607,-2.732464,2.6125164,-3.5138698,on bike mount,cyclo cross,True,paving stones,good
9f7be42c-d051-49df-93eb-2b10526cf822,070ad15d-c9e4-48d4-90e6-cab407f54b68,88e25702-d3cc-4250-9416-e73d650bbc36,1636127692751,13.4014933,52.4724133,6.0001607,0.035019606,-3.805771,-3.9348187,on bike mount,cyclo cross,True,paving stones,good
9f7be42c-d051-49df-93eb-2b10526cf822,070ad15d-c9e4-48d4-90e6-cab407f54b68,494e85b0-c4bc-4db5-bf50-2eda0b1ce19a,1636127692802,13.4014933,52.4724133,6.0001607,-0.84491324,-1.7980986,-0.6786623,on bike mount,cyclo cross,True,paving stones,good
9f7be42c-d051-49df-93eb-2b10526cf822,070ad15d-c9e4-48d4-90e6-cab407f54b68,c8b24336-7e7a-4d16-b50d-ae0d8e7f0900,1636127692853,13.4014933,52.4724133,6.0001607,0.17548478,1.0929866,-1.0281425,on bike mount,cyclo cross,True,paving stones,good
9f7be42c-d051-49df-93eb-2b10526cf822,070ad15d-c9e4-48d4-90e6-cab407f54b68,fb155de1-73a8-4a85-982a-eee933ad15e1,1636127692903,13.4014933,52.4724133,6.0001607,-1.7936496,-3.255111,2.6341925,on bike mount,cyclo cross,True,paving stones,good
9f7be42c-d051-49df-93eb-2b10526cf822,070ad15d-c9e4-48d4-90e6-cab407f54b68,5e45c890-dd43-405d-a82b-66e811af0a74,1636127692968,13.4014933,52.4724133,6.0001607,0.9241727,5.4785566,1.1471462,on bike mount,cyclo cross,True,paving stones,good
9f7be42c-d051-49df-93eb-2b10526cf822,070ad15d-c9e4-48d4-90e6-cab407f54b68,2c5606e4-0003-45fc-913d-a253589b372c,1636127693020,13.4014933,52.4724133,6.0001607,-0.46113858,0.59666395,-0.2396059,on bike mount,cyclo cross,True,paving stones,good
9f7be42c-d051-49df-93eb-2b10526cf822,070ad15d-c9e4-48d4-90e6-cab407f54b68,fa4de326-7f65-4a08-9a4d-c90b17f13da9,1636127693070,13.4014933,52.4724133,6.0001607,0.8208369,1.9645414,3.2147284,on bike mount,cyclo cross,True,paving stones,good
9f7be42c-d051-49df-93eb-2b10526cf822,070ad15d-c9e4-48d4-90e6-cab407f54b68,1d4fe4b8-596d-4906-ace3-d329e3d640ed,1636127693136,13.4014933,52.4724133,6.0001607,-0.8957375,0.5191901,1.4418783,on bike mount,cyclo cross,True,paving stones,good
9f7be42c-d051-49df-93eb-2b10526cf822,070ad15d-c9e4-48d4-90e6-cab407f54b68,bcdadc95-b032-4a05-9f81-9de44938223d,1636127693186,13.4014933,52.4724133,6.0001607,-0.28095815,-3.834106,0.908391,on bike mount,cyclo cross,True,paving stones,good
9f7be42c-d051-49df-93eb-2b10526cf822,070ad15d-c9e4-48d4-90e6-cab407f54b68,53f6d73b-4ed9-4ced-bf88-0bb2d98e4819,1636127693236,13.4014933,52.4724133,6.0001607,0.72276145,-6.3103285,-1.0927153,on bike mount,cyclo cross,True,paving stones,good
9f7be42c-d051-49df-93eb-2b10526cf822,070ad15d-c9e4-48d4-90e6-cab407f54b68,f1b2734e-b0ba-4b7b-b2ca-ee2443525f9d,1636127693286,13.4014933,52.4724133,6.0001607,-1.0098504,0.20955873,-2.3781705,on bike mount,cyclo cross,True,paving stones,good
9f7be42c-d051-49df-93eb-2b10526cf822,070ad15d-c9e4-48d4-90e6-cab407f54b68,425be276-503a-4c9b-94e1-3a2fa4c01db5,1636127693336,13.4014933,52.4724133,6.0001607,-0.93104994,4.3412256,3.4793167,on bike mount,cyclo cross,True,paving stones,good
9f7be42c-d051-49df-93eb-2b10526cf822,070ad15d-c9e4-48d4-90e6-cab407f54b68,657d4866-0abf-42a8-963a-317389117bb0,1636127693386,13.4014933,52.4724133,6.0001607,1.6045053,-0.8815501,3.6285343,on bike mount,cyclo cross,True,paving stones,good
9f7be42c-d051-49df-93eb-2b10526cf822,070ad15d-c9e4-48d4-90e6-cab407f54b68,b28d6d46-a1a4-4009-abed-ab50bcc2a016,1636127693436,13.4014933,52.4724133,6.0001607,-0.6047168,-5.4044485,3.091999,on bike mount,cyclo cross,True,paving stones,good
