bike_activity_uid,bike_activity_sample_uid,bike_activity_measurement,bike_activity_measurement_timestamp,bike_activity_measurement_lon,bike_activity_measurement_lat,bike_activity_measurement_speed,bike_activity_measurement_accelerometer_x,bike_activity_measurement_accelerometer_y,bike_activity_measurement_accelerometer_z,bike_activity_phone_position,bike_activity_bike_type,bike_activity_flagged_lab_conditions,bike_activity_surface_type,bike_activity_smoothness_type
a53076f9-fd1a-492e-a84d-be86db0e653a,db2baf1e-b82a-41c5-87b6-3c0971323f49,130064e8-f674-4284-ab34-2143e4cbebe8,1644074434170,13.4246804,52.4972653,4.2648134,2.4874456,-1.477674,7.4440784,on bike mount,cyclo cross,True,sett,intermediate
a53076f9-fd1a-492e-a84d-be86db0e653a,db2baf1e-b82a-41c5-87b6-3c0971323f49,4ab3e565-b859-4916-9e38-8dbb0a4c77fd,1644074434225,13.4246804,52.4972653,4.2648134,1.5083225,-1.9735215,-0.5974932,on bike mount,cyclo cross,True,sett,intermediate
a53076f9-fd1a-492e-a84d-be86db0e653a,db2baf1e-b82a-41c5-87b6-3c0971323f49,19d71d8a-b436-44cc-9d76-87a88a4743ca,1644074434280,13.4246804,52.4972653,4.2648134,3.7039175,-6.236209,3.8550234,on bike mount,cyclo cross,True,sett,intermediate
a53076f9-fd1a-492e-a84d-be86db0e653a,db2baf1e-b82a-41c5-87b6-3c0971323f49,3b30360d-0cd6-4e46-ad36-13549b325403,1644074434337,13.4246804,52.4972653,4.2648134,1.6403989,6.8713217,-3.123578,on bike mount,cyclo cross,True,sett,intermediate
a53076f9-fd1a-492e-a84d-be86db0e653a,db2baf1e-b82a-41c5-87b6-3c0971323f49,bfd53385-9775-461c-ac5c-2f120985784e,1644074434393,13.4246804,52.4972653,4.2648134,2.385113,4.983306,-8.599651,on bike mount,cyclo cross,True,sett,intermediate
a53076f9-fd1a-492e-a84d-be86db0e653a,db2baf1e-b82a-41c5-87b6-3c0971323f49,77a254fe-f008-4c35-b768-6c4d81a289f4,1644074434448,13.4246804,52.4972653,4.2648134,0.70179594,2.4893713,-6.8595867,on bike mount,cyclo cross,True,sett,intermediate
a53076f9-fd1a-492e-a84d-be86db0e653a,db2baf1e-b82a-41c5-87b6-3c0971323f49,66aab5b4-40b4-415c-b2e7-6b749e1f29ca,1644074434504,13.4246804,52.4972653,4.2648134,0.7424104,-4.489826,5.7329865,on bike mount,cyclo cross,True,sett,intermediate
a53076f9-fd1a-492e-a84d-be86db0e653a,db2baf1e-b82a-41c5-87b6-3c0971323f49,60f9c636-3265-4d3a-946e-fe6c34d2bdeb,1644074434559,13.4246804,52.4972653,4.2648134,2.4260352,0.6998806,3.0739708,on bike mount,cyclo cross,True,sett,intermediate
a53076f9-fd1a-492e-a84d-be86db0e653a,db2baf1e-b82a-41c5-87b6-3c0971323f49,20ee2f18-0ed6-4861-b5d4-7448802b5bed,1644074434618,13.4246561,52.4972872,4.379191,3.175179,-0.68925595,-1.8404183,on bike mount,cyclo cross,True,sett,intermediate
a53076f9-fd1a-492e-a84d-be86db0e653a,db2baf1e-b82a-41c5-87b6-3c0971323f49,5c9d41f2-f979-48c7-84e5-b5caeb106363,1644074434671,13.4246561,52.4972872,4.379191,-1.2177532,0.20651579,-3.0954623,on bike mount,cyclo cross,True,sett,intermediate
a53076f9-fd1a-492e-a84d-be86db0e653a,db2baf1e-b82a-41c5-87b6-3c0971323f49,9d1092df-ec68-4371-99bc-0db1c1e6eb26,1644074434726,13.4246561,52.4972872,4.379191,-0.43281305,1.6550193,-2.1025496,on bike mount,cyclo cross,True,sett,intermediate
a53076f9-fd1a-492e-a84d-be86db0e653a,db2baf1e-b82a-41c5-87b6-3c0971323f49,178383a3-da3e-4aaa-ab2a-87cb771f7c92,1644074434782,13.4246561,52.4972872,4.379191,1.4906986,1.7673998,11.505147,on bike mount,cyclo cross,True,sett,intermediate
a53076f9-fd1a-492e-a84d-be86db0e653a,db2baf1e-b82a-41c5-87b6-3c0971323f49,9b0f5e96-e596-4782-903d-47cced058983,1644074434837,13.4246561,52.4972872,4.379191,1.8965132,-12.467653,12.934633,on bike mount,cyclo cross,True,sett,intermediate
a53076f9-fd1a-492e-a84d-be86db0e653a,db2baf1e-b82a-41c5-87b6-3c0971323f49,bb9c6fa1-8455-4a64-9ae3-36979ce2f2d0,1644074434892,13.4246561,52.4972872,4.379191,2.2754939,-4.938845,-1.1988192,on bike mount,cyclo cross,True,sett,intermediate
a53076f9-fd1a-492e-a84d-be86db0e653a,db2baf1e-b82a-41c5-87b6-3c0971323f49,d4bae81b-2eb4-40c5-a268-9380232e622b,1644074434947,13.4246561,52.4972872,4.379191,-0.045060396,0.91863966,-2.13758,on bike mount,cyclo cross,True,sett,intermediate
a53076f9-fd1a-492e-a84d-be86db0e653a,db2baf1e-b82a-41c5-87b6-3c0971323f49,bdb5f14c-a64f-4de8-ad0e-38357291096b,1644074435003,13.4246561,52.4972872,4.379191,-2.5307918,-16.003477,33.668633,on bike mount,cyclo cross,True,sett,intermediate
a53076f9-fd1a-492e-a84d-be86db0e653a,db2baf1e-b82a-41c5-87b6-3c0971323f49,77b3ac81-9bbe-4c7b-93e5-4cb652311f68,1644074435060,13.4246561,52.4972872,4.379191,5.544406,-0.060235977,-4.415362,on bike mount,cyclo cross,True,sett,intermediate
a53076f9-fd1a-492e-a84d-be86db0e653a,db2baf1e-b82a-41c5-87b6-3c0971323f49,49a7d558-5f5b-4149-bf15-4a3048458656,1644074435115,13.4246561,52.4972872,4.379191,0.8374192,2.9634647,-1.8283691,on bike mount,cyclo cross,True,sett,intermediate
a53076f9-fd1a-492e-a84d-be86db0e653a,db2baf1e-b82a-41c5-87b6-3c0971323f49,af2b20bf-df02-49af-8efe-fcad86d64c3b,1644074435171,13.4246561,52.4972872,4.379191,-0.071661174,-3.215042,-2.979547,on bike mount,cyclo cross,True,sett,intermediate
a53076f9-fd1a-492e-a84d-be86db0e653a,db2baf1e-b82a-41c5-87b6-3c0971323f49,3563147a-3b45-4499-9ba1-0c77891d8f47,1644074435226,13.4246561,52.4972872,4.379191,0.9346224,4.3022356,9.038374,on bike mount,cyclo cross,True,sett,intermediate
a53076f9-fd1a-492e-a84d-be86db0e653a,db2baf1e-b82a-41c5-87b6-3c0971323f49,9c9af6e4-6708-4683-b58e-c47d68930fc2,1644074435281,13.4246561,52.4972872,4.379191,-1.7669541,-1.0271463,-3.285921,on bike mount,cyclo cross,True,sett,intermediate
a53076f9-fd1a-492e-a84d-be86db0e653a,db2baf1e-b82a-41c5-87b6-3c0971323f49,66373c24-30a9-48b0-beea-146da08718d2,1644074435338,13.4246561,52.4972872,4.379191,-2.0035975,-2.7136722,3.7652073,on bike mount,cyclo cross,True,sett,intermediate
a53076f9-fd1a-492e-a84d-be86db0e653a,db2baf1e-b82a-41c5-87b6-3c0971323f49,38c1c946-bcfe-4b3c-9f9c-2a91b46269fd,1644074435392,13.4246561,52.4972872,4.379191,-1.2105587,-2.3398876,7.7495623,on bike mount,cyclo cross,True,sett,intermediate
a53076f9-fd1a-492e-a84d-be86db0e653a,db2baf1e-b82a-41c5-87b6-3c0971323f49,c28db672-ebfc-4173-a20d-d29469455107,1644074435448,13.4246411,52.4973172,4.1379914,-1.3237956,5.342243,6.4922915,on bike mount,cyclo cross,True,sett,intermediate
a53076f9-fd1a-492e-a84d-be86db0e653a,db2baf1e-b82a-41c5-87b6-3c0971323f49,1d65c5e9-d0a4-449e-b220-43937c58b6cf,1644074435504,13.4246411,52.4973172,4.1379914,0.35754102,-2.808538,-3.9980187,on bike mount,cyclo cross,True,sett,intermediate
a53076f9-fd1a-492e-a84d-be86db0e653a,db2baf1e-b82a-41c5-87b6-3c0971323f49,20ff37e7-4ad2-421a-bb48-493df8225234,1644074435559,13.4246411,52.4973172,4.1379914,0.6174188,-8.865048,8.955496,on bike mount,cyclo cross,True,sett,intermediate
a53076f9-fd1a-492e-a84d-be86db0e653a,db2baf1e-b82a-41c5-87b6-3c0971323f49,ea5e1a1c-f509-420d-ab87-f41734318134,1644074435615,13.4246411,52.4973172,4.1379914,-4.572756,-3.7841413,16.837957,on bike mount,cyclo cross,True,sett,intermediate
a53076f9-fd1a-492e-a84d-be86db0e653a,db2baf1e-b82a-41c5-87b6-3c0971323f49,3def8c45-1d6f-4b24-8b61-92c47172b055,1644074435670,13.4246411,52.4973172,4.1379914,-3.9114697,-2.1546135,3.1780815,on bike mount,cyclo cross,True,sett,intermediate
a53076f9-fd1a-492e-a84d-be86db0e653a,db2baf1e-b82a-41c5-87b6-3c0971323f49,2694b17e-7eac-4ee7-b874-6451f8ebde76,1644074435726,13.4246411,52.4973172,4.1379914,-1.825273,-4.4443846,-7.200331,on bike mount,cyclo cross,True,sett,intermediate
a53076f9-fd1a-492e-a84d-be86db0e653a,db2baf1e-b82a-41c5-87b6-3c0971323f49,e55fa642-5ac4-47fc-829a-e10323c92720,1644074435781,13.4246411,52.4973172,4.1379914,-1.33107,2.5269866,-8.118052,on bike mount,cyclo cross,True,sett,intermediate
a53076f9-fd1a-492e-a84d-be86db0e653a,db2baf1e-b82a-41c5-87b6-3c0971323f49,90805e71-8c89-43f1-b3b6-9b75eec62f82,1644074435837,13.4246411,52.4973172,4.1379914,-1.9350014,3.2971063,-6.7330027,on bike mount,cyclo cross,True,sett,intermediate
a53076f9-fd1a-492e-a84d-be86db0e653a,db2baf1e-b82a-41c5-87b6-3c0971323f49,470b37fe-b03c-48bc-9a4b-54153173f6ef,1644074435892,13.4246411,52.4973172,4.1379914,0.36715323,-1.5455828,-0.84595346,on bike mount,cyclo cross,True,sett,intermediate
a53076f9-fd1a-492e-a84d-be86db0e653a,db2baf1e-b82a-41c5-87b6-3c0971323f49,eecfd98c-1012-450a-a3ac-6301021e547c,1644074435949,13.4246411,52.4973172,4.1379914,-0.8430332,4.365912,5.1511526,on bike mount,cyclo cross,True,sett,intermediate
a53076f9-fd1a-492e-a84d-be86db0e653a,db2baf1e-b82a-41c5-87b6-3c0971323f49,64c94e1f-0a69-46d8-b449-dec03b7f2d65,1644074436004,13.4246411,52.4973172,4.1379914,0.20867792,0.41709852,-0.80076504,on bike mount,cyclo cross,True,sett,intermediate
a53076f9-fd1a-492e-a84d-be86db0e653a,db2baf1e-b82a-41c5-87b6-3c0971323f49,0e40df53-0ae9-44c0-833b-906aa0cf9a38,1644074436062,13.4246411,52.4973172,4.1379914,-2.557083,3.8401508,-20.335524,on bike mount,cyclo cross,True,sett,intermediate
a53076f9-fd1a-492e-a84d-be86db0e653a,db2baf1e-b82a-41c5-87b6-3c0971323f49,ffdeb2f8-1dda-43e1-ba4c-3a3e5cdd6b33,1644074436114,13.4246411,52.4973172,4.1379914,-3.1941602,3.2189193,-4.9079494,on bike mount,cyclo cross,True,sett,intermediate
a53076f9-fd1a-492e-a84d-be86db0e653a,db2baf1e-b82a-41c5-87b6-3c0971323f49,b58b8d06-c452-47d4-96e5-7c6a292678f1,1644074436170,13.4246411,52.4973172,4.1379914,1.4548237,1.059927,3.1383152,on bike mount,cyclo cross,True,sett,intermediate
a53076f9-fd1a-492e-a84d-be86db0e653a,db2baf1e-b82a-41c5-87b6-3c0971323f49,dedfe811-e2f6-4879-a33e-9b84bdc05899,1644074436226,13.4246411,52.4973172,4.1379914,-0.32300457,6.8603044,-6.6649656,on bike mount,cyclo cross,True,sett,intermediate
a53076f9-fd1a-492e-a84d-be86db0e653a,db2baf1e-b82a-41c5-87b6-3c0971323f49,697a457b-b1de-4727-993d-2f32f97558d6,1644074436282,13.4246411,52.4973172,4.1379914,4.307907,-1.6890259,5.5315933,on bike mount,cyclo cross,True,sett,intermediate
a53076f9-fd1a-492e-a84d-be86db0e653a,db2baf1e-b82a-41c5-87b6-3c0971323f49,c72eda21-3b17-4135-a085-f74913b1e8b7,1644074436337,13.4246411,52.4973172,4.1379914,-3.6411648,-4.891277,3.9272642,on bike mount,cyclo cross,True,sett,intermediate
a53076f9-fd1a-492e-a84d-be86db0e653a,db2baf1e-b82a-41c5-87b6-3c0971323f49,a89a655a-3234-4b05-afb1-6d7ac25f19b6,1644074436392,13.4246411,52.4973172,4.1379914,-6.443117,1.4823155,-0.9985895,on bike mount,cyclo cross,True,sett,intermediate
a53076f9-fd1a-492e-a84d-be86db0e653a,db2baf1e-b82a-41c5-87b6-3c0971323f49,ec8e57fc-952c-418b-9403-b19ce885f1a1,1644074436448,13.4246411,52.4973172,4.1379914,3.9526005,-9.162776,11.79669,on bike mount,cyclo cross,True,sett,intermediate
a53076f9-fd1a-492e-a84d-be86db0e653a,db2baf1e-b82a-41c5-87b6-3c0971323f49,0b21f41a-3256-43fd-bd6e-12df0b95f494,1644074436505,13.4246493,52.4973575,3.1130729,1.989323,1.7472034,0.82182693,on bike mount,cyclo cross,True,sett,intermediate
a53076f9-fd1a-492e-a84d-be86db0e653a,db2baf1e-b82a-41c5-87b6-3c0971323f49,3b4a3c95-63e9-4121-9125-dd39ed45349c,1644074436558,13.4246493,52.4973575,3.1130729,-1.3049017,1.8497138,-3.1027822,on bike mount,cyclo cross,True,sett,intermediate
a53076f9-fd1a-492e-a84d-be86db0e653a,db2baf1e-b82a-41c5-87b6-3c0971323f49,cab1d65c-4e07-4dac-94a8-18a576c35077,1644074436614,13.4246493,52.4973575,3.1130729,-3.4653468,-9.800474,9.385742,on bike mount,cyclo cross,True,sett,intermediate
a53076f9-fd1a-492e-a84d-be86db0e653a,db2baf1e-b82a-41c5-87b6-3c0971323f49,906e583b-ea47-413c-8295-34a3a9ef68ee,1644074436671,13.4246493,52.4973575,3.1130729,0.85696256,2.3898325,-1.0128193,on bike mount,cyclo cross,True,sett,intermediate
a53076f9-fd1a-492e-a84d-be86db0e653a,db2baf1e-b82a-41c5-87b6-3c0971323f49,971a3e8c-4aa6-4e04-b22d-cd1f954453ac,1644074436726,13.4246493,52.4973575,3.1130729,0.12351811,-0.49731064,3.1067505,on bike mount,cyclo cross,True,sett,intermediate
a53076f9-fd1a-492e-a84d-be86db0e653a,db2baf1e-b82a-41c5-87b6-3c0971323f49,ce40b837-7384-41b4-9c8d-689ae72df77c,1644074436782,13.4246493,52.4973575,3.1130729,-1.154473,0.9085703,-3.122621,on bike mount,cyclo cross,True,sett,intermediate
a53076f9-fd1a-492e-a84d-be86db0e653a,db2baf1e-b82a-41c5-87b6-3c0971323f49,8d130dde-2570-496d-a9df-72759c61491e,1644074436837,13.4246493,52.4973575,3.1130729,1.3678102,1.037785,-6.5416217,on bike mount,cyclo cross,True,sett,intermediate
a53076f9-fd1a-492e-a84d-be86db0e653a,db2baf1e-b82a-41c5-87b6-3c0971323f49,89864139-ae0d-407c-9981-6fae9ff44258,1644074436892,13.4246493,52.4973575,3.1130729,-1.4098355,-1.0655677,-2.5995526,on bike mount,cyclo cross,True,sett,intermediate
a53076f9-fd1a-492e-a84d-be86db0e653a,db2baf1e-b82a-41c5-87b6-3c0971323f49,7e01f649-5ebd-4313-963f-c4fc70735e15,1644074436948,13.4246493,52.4973575,3.1130729,1.0185257,-1.7430491,6.7627697,on bike mount,cyclo cross,True,sett,intermediate
a53076f9-fd1a-492e-a84d-be86db0e653a,db2baf1e-b82a-41c5-87b6-3c0971323f49,1ad74710-a3f4-45b3-bc2d-1eef79bd2032,1644074437006,13.4246653,52.4973707,3.312936,2.1772738,-5.0216684,10.436983,on bike mount,cyclo cross,True,sett,intermediate
a53076f9-fd1a-492e-a84d-be86db0e653a,db2baf1e-b82a-41c5-87b6-3c0971323f49,e1e2c4af-6be5-4db3-b122-6208999d0b7b,1644074437060,13.4246653,52.4973707,3.312936,0.6244646,-4.156739,5.0546684,on bike mount,cyclo cross,True,sett,intermediate
a53076f9-fd1a-492e-a84d-be86db0e653a,db2baf1e-b82a-41c5-87b6-3c0971323f49,38058939-bb39-485b-aba2-ef9d9e278dfd,1644074437115,13.4246653,52.4973707,3.312936,-1.7456005,0.89766073,-0.50185776,on bike mount,cyclo cross,True,sett,intermediate
a53076f9-fd1a-492e-a84d-be86db0e653a,db2baf1e-b82a-41c5-87b6-3c0971323f49,e15a96fb-e9f3-4728-9623-68de73a05813,1644074437170,13.4246653,52.4973707,3.312936,-1.602475,-0.56682634,-12.248786,on bike mount,cyclo cross,True,sett,intermediate
a53076f9-fd1a-492e-a84d-be86db0e653a,db2baf1e-b82a-41c5-87b6-3c0971323f49,12ce6ccf-0799-4db4-abf4-1ed1db7ac57e,1644074437225,13.4246653,52.4973707,3.312936,-1.8150935,-3.7289407,6.8211584,on bike mount,cyclo cross,True,sett,intermediate
a53076f9-fd1a-492e-a84d-be86db0e653a,db2baf1e-b82a-41c5-87b6-3c0971323f49,527094ca-3358-4968-b140-1758a2d081ea,1644074437281,13.4246653,52.4973707,3.312936,0.6684021,0.14256096,-6.767349,on bike mount,cyclo cross,True,sett,intermediate
a53076f9-fd1a-492e-a84d-be86db0e653a,db2baf1e-b82a-41c5-87b6-3c0971323f49,9056a42f-d6c9-432f-818a-fdde6019246b,1644074437336,13.4246653,52.4973707,3.312936,-2.7562182,-2.1721525,8.063533,on bike mount,cyclo cross,True,sett,intermediate
a53076f9-fd1a-492e-a84d-be86db0e653a,db2baf1e-b82a-41c5-87b6-3c0971323f49,2daee10c-6ad6-4824-96ee-9103a0a2aa8b,1644074437393,13.4246653,52.4973707,3.312936,-1.3432767,0.73771954,0.4820881,on bike mount,cyclo cross,True,sett,intermediate
a53076f9-fd1a-492e-a84d-be86db0e653a,db2baf1e-b82a-41c5-87b6-3c0971323f49,5cda610f-5561-4ca3-accb-34ec4092e794,1644074437449,13.4246653,52.4973707,3.312936,-2.234008,6.029443,-5.2301702,on bike mount,cyclo cross,True,sett,intermediate
a53076f9-fd1a-492e-a84d-be86db0e653a,db2baf1e-b82a-41c5-87b6-3c0971323f49,b48e5b92-5577-4053-867f-95bcf202346d,1644074437504,13.4246653,52.4973707,3.312936,2.142638,-3.2268484,-1.0127583,on bike mount,cyclo cross,True,sett,intermediate
a53076f9-fd1a-492e-a84d-be86db0e653a,db2baf1e-b82a-41c5-87b6-3c0971323f49,1b5bdc56-1e6a-4868-930e-b256dd27d479,1644074437560,13.4246653,52.4973707,3.312936,2.6088116,3.6623802,-7.6690283,on bike mount,cyclo cross,True,sett,intermediate
a53076f9-fd1a-492e-a84d-be86db0e653a,db2baf1e-b82a-41c5-87b6-3c0971323f49,73439abf-7bc8-4a94-b74a-177321c758a1,1644074437615,13.4246653,52.4973707,3.312936,3.878785,-0.9311969,4.210001,on bike mount,cyclo cross,True,sett,intermediate
a53076f9-fd1a-492e-a84d-be86db0e653a,db2baf1e-b82a-41c5-87b6-3c0971323f49,e641533a-6df8-4aea-8cd5-a6d9bfb3d6b1,1644074437671,13.4246653,52.4973707,3.312936,-2.3963258,2.227913,-8.68295,on bike mount,cyclo cross,True,sett,intermediate
a53076f9-fd1a-492e-a84d-be86db0e653a,db2baf1e-b82a-41c5-87b6-3c0971323f49,2473b188-b375-4835-9e5e-974f40b8fc86,1644074437727,13.4246653,52.4973707,3.312936,-0.7365584,-0.8466873,2.8830223,on bike mount,cyclo cross,True,sett,intermediate
a53076f9-fd1a-492e-a84d-be86db0e653a,db2baf1e-b82a-41c5-87b6-3c0971323f49,1aef5a7d-6695-4170-820b-2ed661c2a0bd,1644074437782,13.4246653,52.4973707,3.312936,0.49769455,1.4817014,7.1199665,on bike mount,cyclo cross,True,sett,intermediate
a53076f9-fd1a-492e-a84d-be86db0e653a,db2baf1e-b82a-41c5-87b6-3c0971323f49,ec7b3f46-926c-4be3-8683-421ffbc8cbc9,1644074437837,13.4246653,52.4973707,3.312936,-1.7846183,0.58673334,-6.3304214,on bike mount,cyclo cross,True,sett,intermediate
a53076f9-fd1a-492e-a84d-be86db0e653a,db2baf1e-b82a-41c5-87b6-3c0971323f49,74625c62-1519-4a55-a37a-824b0f763b89,1644074437892,13.4246653,52.4973707,3.312936,-0.26461852,2.6175184,-0.75213814,on bike mount,cyclo cross,True,sett,intermediate
a53076f9-fd1a-492e-a84d-be86db0e653a,db2baf1e-b82a-41c5-87b6-3c0971323f49,ab53b0f2-c997-4666-9f6d-8a9ee24ac5f1,1644074437948,13.4246653,52.4973707,3.312936,-1.6821952,4.8885856,-7.442284,on bike mount,cyclo cross,True,sett,intermediate
a53076f9-fd1a-492e-a84d-be86db0e653a,db2baf1e-b82a-41c5-87b6-3c0971323f49,c6ec2ff0-0e89-423f-bfa1-6f3464a47d36,1644074438003,13.4246653,52.4973707,3.312936,-0.4400584,-5.2723966,-9.632141,on bike mount,cyclo cross,True,sett,intermediate
a53076f9-fd1a-492e-a84d-be86db0e653a,db2baf1e-b82a-41c5-87b6-3c0971323f49,a9d87cb6-e64e-48ef-a072-4a21d7167e79,1644074438061,13.4246653,52.4973707,3.312936,-2.1827912,2.3079457,4.223692,on bike mount,cyclo cross,True,sett,intermediate
a53076f9-fd1a-492e-a84d-be86db0e653a,db2baf1e-b82a-41c5-87b6-3c0971323f49,115bd9ad-87ea-47c2-ac74-cb597f8aab1b,1644074438116,13.4246653,52.4973707,3.312936,0.5120591,-5.595272,-4.1393385,on bike mount,cyclo cross,True,sett,intermediate
a53076f9-fd1a-492e-a84d-be86db0e653a,db2baf1e-b82a-41c5-87b6-3c0971323f49,293c87aa-6f77-4dff-b07f-bd9590f7930a,1644074438170,13.4246653,52.4973707,3.312936,-3.3494353,-4.4626727,2.97505,on bike mount,cyclo cross,True,sett,intermediate
a53076f9-fd1a-492e-a84d-be86db0e653a,db2baf1e-b82a-41c5-87b6-3c0971323f49,670c9374-fba3-4bbe-b74e-23d9dc3bde9d,1644074438227,13.4246653,52.4973707,3.312936,-0.73124856,-2.7815442,1.8432074,on bike mount,cyclo cross,True,sett,intermediate
a53076f9-fd1a-492e-a84d-be86db0e653a,db2baf1e-b82a-41c5-87b6-3c0971323f49,adc3b8c9-f06e-49b6-9d79-5b3c7d242fcf,1644074438282,13.4246653,52.4973707,3.312936,2.2561874,2.0422645,-1.6605434,on bike mount,cyclo cross,True,sett,intermediate
a53076f9-fd1a-492e-a84d-be86db0e653a,db2baf1e-b82a-41c5-87b6-3c0971323f49,2b9b48e7-b513-4c8a-8600-b095f9593420,1644074438340,13.4247102,52.497406,3.5248113,-0.028577566,2.8766494,-10.621254,on bike mount,cyclo cross,True,sett,intermediate
a53076f9-fd1a-492e-a84d-be86db0e653a,db2baf1e-b82a-41c5-87b6-3c0971323f49,38769007-f4ec-4994-b126-69b1e47370b2,1644074438392,13.4247102,52.497406,3.5248113,-0.95220494,-0.6128051,-6.388785,on bike mount,cyclo cross,True,sett,intermediate
a53076f9-fd1a-492e-a84d-be86db0e653a,db2baf1e-b82a-41c5-87b6-3c0971323f49,47653d6c-c620-43fc-b580-bc6bba27456d,1644074438448,13.4247102,52.497406,3.5248113,4.11598,2.0610688,-7.411563,on bike mount,cyclo cross,True,sett,intermediate
a53076f9-fd1a-492e-a84d-be86db0e653a,db2baf1e-b82a-41c5-87b6-3c0971323f49,3436fd26-1243-449e-9163-bc53ded81f22,1644074438504,13.4247102,52.497406,3.5248113,0.3199346,2.6636758,0.24061584,on bike mount,cyclo cross,True,sett,intermediate
a53076f9-fd1a-492e-a84d-be86db0e653a,db2baf1e-b82a-41c5-87b6-3c0971323f49,320246f0-1443-4fe5-b920-b1416cba7cf1,1644074438558,13.4247102,52.497406,3.5248113,2.011098,3.7175932,2.226861,on bike mount,cyclo cross,True,sett,intermediate
a53076f9-fd1a-492e-a84d-be86db0e653a,db2baf1e-b82a-41c5-87b6-3c0971323f49,be48e03a-5f5c-4da0-8993-d13410d69047,1644074438615,13.4247102,52.497406,3.5248113,-2.2676759,-1.023,-1.5426197,on bike mount,cyclo cross,True,sett,intermediate
a53076f9-fd1a-492e-a84d-be86db0e653a,db2baf1e-b82a-41c5-87b6-3c0971323f49,fd071668-c2fd-4cbb-999d-7a72a067b70e,1644074438671,13.4247102,52.497406,3.5248113,-0.53626084,-3.869688,-7.1897655,on bike mount,cyclo cross,True,sett,intermediate
a53076f9-fd1a-492e-a84d-be86db0e653a,db2baf1e-b82a-41c5-87b6-3c0971323f49,ccff13f2-1e82-4273-b2ff-da01459815a9,1644074438726,13.4247102,52.497406,3.5248113,-0.7248362,1.7816939,-8.532457,on bike mount,cyclo cross,True,sett,intermediate
a53076f9-fd1a-492e-a84d-be86db0e653a,db2baf1e-b82a-41c5-87b6-3c0971323f49,74c63541-de6f-4783-b910-af2c847984c8,1644074438781,13.4247102,52.497406,3.5248113,5.078552,-7.380041,13.948937,on bike mount,cyclo cross,True,sett,intermediate
a53076f9-fd1a-492e-a84d-be86db0e653a,db2baf1e-b82a-41c5-87b6-3c0971323f49,0d670f64-937d-430c-9439-577455013405,1644074438836,13.4247314,52.4974209,3.4715912,0.52540016,0.23718548,10.90239,on bike mount,cyclo cross,True,sett,intermediate
a53076f9-fd1a-492e-a84d-be86db0e653a,db2baf1e-b82a-41c5-87b6-3c0971323f49,55617611-be12-42d1-8d9a-f8f83faf4786,1644074438892,13.4247314,52.4974209,3.4715912,2.867861,-9.859218,16.570868,on bike mount,cyclo cross,True,sett,intermediate
a53076f9-fd1a-492e-a84d-be86db0e653a,db2baf1e-b82a-41c5-87b6-3c0971323f49,9d28ee9a-f4fa-4786-ad1a-4e2430d2f0ba,1644074438949,13.4247314,52.4974209,3.4715912,3.0400558,-0.033925056,10.734518,on bike mount,cyclo cross,True,sett,intermediate
a53076f9-fd1a-492e-a84d-be86db0e653a,db2baf1e-b82a-41c5-87b6-3c0971323f49,afdc20d1-766e-4dfa-861d-86b13c2c2802,1644074439004,13.4247314,52.4974209,3.4715912,1.766083,-5.917077,4.8240557,on bike mount,cyclo cross,True,sett,intermediate
a53076f9-fd1a-492e-a84d-be86db0e653a,db2baf1e-b82a-41c5-87b6-3c0971323f49,24b30308-2859-4daa-9aeb-fe251c8247a7,1644074439060,13.4247314,52.4974209,3.4715912,-1.8793491,-0.29892087,2.0532818,on bike mount,cyclo cross,True,sett,intermediate
a53076f9-fd1a-492e-a84d-be86db0e653a,db2baf1e-b82a-41c5-87b6-3c0971323f49,ab23695a-b4ac-4e9d-bea4-cb1cb3e6f3eb,1644074439115,13.4247314,52.4974209,3.4715912,-1.330491,-1.0746412,11.091736,on bike mount,cyclo cross,True,sett,intermediate
a53076f9-fd1a-492e-a84d-be86db0e653a,db2baf1e-b82a-41c5-87b6-3c0971323f49,9722c166-7412-4e90-95ea-d7ed552ed82f,1644074439171,13.4247314,52.4974209,3.4715912,1.6210784,-3.8101506,5.262988,on bike mount,cyclo cross,True,sett,intermediate
a53076f9-fd1a-492e-a84d-be86db0e653a,db2baf1e-b82a-41c5-87b6-3c0971323f49,7e752c69-58dd-45ea-aba1-955cf12b261e,1644074439226,13.4247314,52.4974209,3.4715912,0.78055274,-10.58037,0.81407833,on bike mount,cyclo cross,True,sett,intermediate
a53076f9-fd1a-492e-a84d-be86db0e653a,db2baf1e-b82a-41c5-87b6-3c0971323f49,85224e1d-74df-445d-98f1-e0d458174b6b,1644074439282,13.4247314,52.4974209,3.4715912,-0.813329,11.539694,-8.232363,on bike mount,cyclo cross,True,sett,intermediate
a53076f9-fd1a-492e-a84d-be86db0e653a,db2baf1e-b82a-41c5-87b6-3c0971323f49,055f8320-fd05-4dba-be7a-95c71dc53a7a,1644074439337,13.4247314,52.4974209,3.4715912,0.8615886,-6.5417743,1.9378777,on bike mount,cyclo cross,True,sett,intermediate
a53076f9-fd1a-492e-a84d-be86db0e653a,db2baf1e-b82a-41c5-87b6-3c0971323f49,281a089a-9d03-4f21-8288-69440fa9f174,1644074439393,13.4247314,52.4974209,3.4715912,0.8283189,0.032566547,4.5077105,on bike mount,cyclo cross,True,sett,intermediate
a53076f9-fd1a-492e-a84d-be86db0e653a,db2baf1e-b82a-41c5-87b6-3c0971323f49,4d72c22e-b23d-43a9-9670-65a42552a3be,1644074439448,13.4247314,52.4974209,3.4715912,-1.5541269,-2.025503,-2.5689344,on bike mount,cyclo cross,True,sett,intermediate
a53076f9-fd1a-492e-a84d-be86db0e653a,db2baf1e-b82a-41c5-87b6-3c0971323f49,8f6badf3-e97d-4cc4-9be2-c04526e26760,1644074439506,13.4247512,52.4974372,3.4369867,0.26664993,-6.202334,2.311449,on bike mount,cyclo cross,True,sett,intermediate
a53076f9-fd1a-492e-a84d-be86db0e653a,db2baf1e-b82a-41c5-87b6-3c0971323f49,43970170-03d0-4a3c-a640-de659028f9e7,1644074439559,13.4247512,52.4974372,3.4369867,-1.1561412,-8.853643,7.230032,on bike mount,cyclo cross,True,sett,intermediate
a53076f9-fd1a-492e-a84d-be86db0e653a,db2baf1e-b82a-41c5-87b6-3c0971323f49,2f4da4a0-2b26-4ba7-84b3-47052b3d2e58,1644074439614,13.4247512,52.4974372,3.4369867,1.3523299,-4.9916224,-3.6293364,on bike mount,cyclo cross,True,sett,intermediate
a53076f9-fd1a-492e-a84d-be86db0e653a,db2baf1e-b82a-41c5-87b6-3c0971323f49,2a2a94fb-2783-4ad0-8748-be6ebd742052,1644074439670,13.4247512,52.4974372,3.4369867,-1.5396564,1.9156294,-9.003569,on bike mount,cyclo cross,True,sett,intermediate
