bike_activity_uid,bike_activity_sample_uid,bike_activity_measurement,bike_activity_measurement_timestamp,bike_activity_measurement_lon,bike_activity_measurement_lat,bike_activity_measurement_speed,bike_activity_measurement_accelerometer_x,bike_activity_measurement_accelerometer_y,bike_activity_measurement_accelerometer_z,bike_activity_phone_position,bike_activity_bike_type,bike_activity_flagged_lab_conditions,bike_activity_surface_type,bike_activity_smoothness_type
a643a461-c11e-4623-a22c-3b161a652bee,f3a8fae6-76dc-4e6b-b937-ac8e08edc8a8,8dc77671-e281-4fa5-b49f-9f7c24720c9b,1634374120115,13.3590752,52.511874,6.045617,0.45107538,-3.1017766,1.1816959,on bike mount,cyclo cross,True,fine gravel,good
a643a461-c11e-4623-a22c-3b161a652bee,f3a8fae6-76dc-4e6b-b937-ac8e08edc8a8,b0acfa89-1944-43f2-80d9-a399a5e15558,1634374120964,13.3590752,52.511874,6.045617,0.45107538,-3.1017766,1.1816959,on bike mount,cyclo cross,True,fine gravel,good
a643a461-c11e-4623-a22c-3b161a652bee,f3a8fae6-76dc-4e6b-b937-ac8e08edc8a8,df947258-df7a-4d69-91cc-a0e792f3d43b,1634374121014,13.3590752,52.511874,6.045617,-0.0706809,-1.6685185,-1.9430022,on bike mount,cyclo cross,True,fine gravel,good
a643a461-c11e-4623-a22c-3b161a652bee,f3a8fae6-76dc-4e6b-b937-ac8e08edc8a8,ac14f24d-282e-45e9-8b29-26526d064c51,1634374121064,13.3591276,52.5119242,5.787194,-0.36954808,1.0297551,-0.6001272,on bike mount,cyclo cross,True,fine gravel,good
a643a461-c11e-4623-a22c-3b161a652bee,f3a8fae6-76dc-4e6b-b937-ac8e08edc8a8,b6b80e1c-2bda-466d-8940-f666a4de07c6,1634374121957,13.3591276,52.5119242,5.787194,-0.4181643,0.33688784,-3.1326208,on bike mount,cyclo cross,True,fine gravel,good
a643a461-c11e-4623-a22c-3b161a652bee,f3a8fae6-76dc-4e6b-b937-ac8e08edc8a8,366de933-a8fa-4419-a130-e5a7213148a1,1634374122007,13.3591784,52.5119673,5.44959,5.827121,-6.1399207,4.3413353,on bike mount,cyclo cross,True,fine gravel,good
a643a461-c11e-4623-a22c-3b161a652bee,f3a8fae6-76dc-4e6b-b937-ac8e08edc8a8,298a4b21-618a-4f7c-8a3f-134006cfe0ac,1634374122058,13.3591784,52.5119673,5.44959,0.18290126,5.0212903,-4.390542,on bike mount,cyclo cross,True,fine gravel,good
a643a461-c11e-4623-a22c-3b161a652bee,f3a8fae6-76dc-4e6b-b937-ac8e08edc8a8,5c422418-b0ad-44d0-a924-299b43516510,1634374122964,13.3591784,52.5119673,5.44959,-3.010266,-2.3770323,1.5103483,on bike mount,cyclo cross,True,fine gravel,good
a643a461-c11e-4623-a22c-3b161a652bee,f3a8fae6-76dc-4e6b-b937-ac8e08edc8a8,29ee06f0-583c-4ec8-9428-0132d984fe5c,1634374123014,13.3592214,52.5120148,6.218451,-0.1670655,-0.8038955,-0.11176586,on bike mount,cyclo cross,True,fine gravel,good
a643a461-c11e-4623-a22c-3b161a652bee,f3a8fae6-76dc-4e6b-b937-ac8e08edc8a8,a67b91fe-0b1b-4a0e-9831-76600d4e3daa,1634374123064,13.3592214,52.5120148,6.218451,-0.17487249,3.5590672,-5.779574,on bike mount,cyclo cross,True,fine gravel,good
a643a461-c11e-4623-a22c-3b161a652bee,f3a8fae6-76dc-4e6b-b937-ac8e08edc8a8,aa849c04-4805-4018-bd17-762f09ef6c0c,1634374123968,13.3592214,52.5120148,6.218451,-0.6345226,4.903386,-0.85127354,on bike mount,cyclo cross,True,fine gravel,good
a643a461-c11e-4623-a22c-3b161a652bee,f3a8fae6-76dc-4e6b-b937-ac8e08edc8a8,39b51429-9a06-46a2-8e1d-66ce8639d878,1634374124018,13.35928,52.5120688,7.434205,-1.524534,5.0308814,8.9921665,on bike mount,cyclo cross,True,fine gravel,good
a643a461-c11e-4623-a22c-3b161a652bee,f3a8fae6-76dc-4e6b-b937-ac8e08edc8a8,57416f0b-b254-4082-95b8-bf359ac117df,1634374124068,13.35928,52.5120688,7.434205,0.49634993,-3.4542117,-0.9603882,on bike mount,cyclo cross,True,fine gravel,good
a643a461-c11e-4623-a22c-3b161a652bee,f3a8fae6-76dc-4e6b-b937-ac8e08edc8a8,36457205-2e3d-445c-90b5-ae0374346a28,1634374124966,13.35928,52.5120688,7.434205,0.08468929,5.304466,-4.8776298,on bike mount,cyclo cross,True,fine gravel,good
a643a461-c11e-4623-a22c-3b161a652bee,f3a8fae6-76dc-4e6b-b937-ac8e08edc8a8,5ff18608-9e7f-4a81-a950-33cfc1277b94,1634374125017,13.3593416,52.5121139,4.5356855,-2.2764165,0.9617739,5.751812,on bike mount,cyclo cross,True,fine gravel,good
a643a461-c11e-4623-a22c-3b161a652bee,f3a8fae6-76dc-4e6b-b937-ac8e08edc8a8,cc6e3fdd-649c-46bf-903b-35967fc1253f,1634374125068,13.3593416,52.5121139,4.5356855,1.2423147,-3.2286196,4.482229,on bike mount,cyclo cross,True,fine gravel,good
a643a461-c11e-4623-a22c-3b161a652bee,f3a8fae6-76dc-4e6b-b937-ac8e08edc8a8,005bd33b-74a9-46a6-9c66-bc1e6daa052f,1634374125118,13.3593416,52.5121139,4.5356855,4.3837004,-12.937269,-8.436968,on bike mount,cyclo cross,True,fine gravel,good
a643a461-c11e-4623-a22c-3b161a652bee,f3a8fae6-76dc-4e6b-b937-ac8e08edc8a8,715cb77b-4888-4ea1-8854-9fd7d892ab9b,1634374125168,13.3593416,52.5121139,4.5356855,7.096011,-24.770315,-4.215083,on bike mount,cyclo cross,True,fine gravel,good
a643a461-c11e-4623-a22c-3b161a652bee,f3a8fae6-76dc-4e6b-b937-ac8e08edc8a8,e5e8a490-ac57-423f-b3a0-d708198882a3,1634374125219,13.3593416,52.5121139,4.5356855,-1.1091771,3.8841562,3.4726744,on bike mount,cyclo cross,True,fine gravel,good
a643a461-c11e-4623-a22c-3b161a652bee,f3a8fae6-76dc-4e6b-b937-ac8e08edc8a8,91eca373-5693-4256-bdb2-5fa2f250c948,1634374125270,13.3593416,52.5121139,4.5356855,2.4795537,-2.535975,-1.6585841,on bike mount,cyclo cross,True,fine gravel,good
a643a461-c11e-4623-a22c-3b161a652bee,f3a8fae6-76dc-4e6b-b937-ac8e08edc8a8,23273a19-5b0d-40e5-868a-03c1246df71c,1634374125319,13.3593416,52.5121139,4.5356855,0.5607834,-8.407072,-1.3627787,on bike mount,cyclo cross,True,fine gravel,good
a643a461-c11e-4623-a22c-3b161a652bee,f3a8fae6-76dc-4e6b-b937-ac8e08edc8a8,4133b4e3-c3dd-4444-9d11-0d38bae5cc45,1634374125369,13.3593416,52.5121139,4.5356855,-0.13435224,2.9333792,5.584427,on bike mount,cyclo cross,True,fine gravel,good
a643a461-c11e-4623-a22c-3b161a652bee,f3a8fae6-76dc-4e6b-b937-ac8e08edc8a8,f32859d5-00e5-442f-b0a7-777f81de4edf,1634374125419,13.3593416,52.5121139,4.5356855,-0.68540955,-2.3263853,11.357853,on bike mount,cyclo cross,True,fine gravel,good
a643a461-c11e-4623-a22c-3b161a652bee,f3a8fae6-76dc-4e6b-b937-ac8e08edc8a8,25ac8257-4962-4b85-b70f-a5d0bcbe74f8,1634374125469,13.3593416,52.5121139,4.5356855,0.30004007,1.1087129,5.6272993,on bike mount,cyclo cross,True,fine gravel,good
a643a461-c11e-4623-a22c-3b161a652bee,f3a8fae6-76dc-4e6b-b937-ac8e08edc8a8,5868996c-9c9b-4201-9b2e-17e95fcfe6f3,1634374125520,13.3593416,52.5121139,4.5356855,4.3535604,5.1059427,14.360948,on bike mount,cyclo cross,True,fine gravel,good
a643a461-c11e-4623-a22c-3b161a652bee,f3a8fae6-76dc-4e6b-b937-ac8e08edc8a8,6617b0dc-7636-4bf9-abe6-1f9bdc5104c4,1634374125571,13.3593416,52.5121139,4.5356855,-1.6400658,-1.1209779,-1.6756458,on bike mount,cyclo cross,True,fine gravel,good
a643a461-c11e-4623-a22c-3b161a652bee,f3a8fae6-76dc-4e6b-b937-ac8e08edc8a8,890ad1ec-9e4e-4263-a5f1-76f3047e079b,1634374125622,13.3593416,52.5121139,4.5356855,-0.73559475,-5.987006,-5.702717,on bike mount,cyclo cross,True,fine gravel,good
a643a461-c11e-4623-a22c-3b161a652bee,f3a8fae6-76dc-4e6b-b937-ac8e08edc8a8,e9c47c57-ba0f-4c16-b1f4-0685aa8ef827,1634374125672,13.3593416,52.5121139,4.5356855,1.8961213,3.8433495,-2.536117,on bike mount,cyclo cross,True,fine gravel,good
a643a461-c11e-4623-a22c-3b161a652bee,f3a8fae6-76dc-4e6b-b937-ac8e08edc8a8,452ee7d9-3c9d-4d3c-8700-5ee6e1f6b71f,1634374125722,13.3593416,52.5121139,4.5356855,-0.46277308,0.8631234,-4.5105886,on bike mount,cyclo cross,True,fine gravel,good
a643a461-c11e-4623-a22c-3b161a652bee,f3a8fae6-76dc-4e6b-b937-ac8e08edc8a8,0c5ebcc1-b99d-4b32-9b00-9df5e01a8ee5,1634374125772,13.3593416,52.5121139,4.5356855,-2.0310292,-9.149597,10.31571,on bike mount,cyclo cross,True,fine gravel,good
a643a461-c11e-4623-a22c-3b161a652bee,f3a8fae6-76dc-4e6b-b937-ac8e08edc8a8,90ca6f2c-23a3-4a64-889e-f338398dc0db,1634374125821,13.3593416,52.5121139,4.5356855,5.269433,-9.802757,6.2712517,on bike mount,cyclo cross,True,fine gravel,good
a643a461-c11e-4623-a22c-3b161a652bee,f3a8fae6-76dc-4e6b-b937-ac8e08edc8a8,1926f24b-8ef6-46a0-b797-315ed82b2a4d,1634374125870,13.3593416,52.5121139,4.5356855,7.4370584,12.574194,2.3778906,on bike mount,cyclo cross,True,fine gravel,good
a643a461-c11e-4623-a22c-3b161a652bee,f3a8fae6-76dc-4e6b-b937-ac8e08edc8a8,56778bee-11bb-42cf-b7f5-5494a32891eb,1634374125920,13.3593416,52.5121139,4.5356855,3.025186,12.960636,8.53684,on bike mount,cyclo cross,True,fine gravel,good
a643a461-c11e-4623-a22c-3b161a652bee,f3a8fae6-76dc-4e6b-b937-ac8e08edc8a8,f4e6efd3-30c4-4bce-ac9f-8cc2c43d1fa1,1634374125970,13.359372,52.5121324,4.3024774,0.17452884,-2.397359,4.311635,on bike mount,cyclo cross,True,fine gravel,good
a643a461-c11e-4623-a22c-3b161a652bee,f3a8fae6-76dc-4e6b-b937-ac8e08edc8a8,f21afe47-88bc-46e1-81ae-d39188cb0712,1634374126020,13.359372,52.5121324,4.3024774,3.8829465,-4.708881,-12.9093895,on bike mount,cyclo cross,True,fine gravel,good
a643a461-c11e-4623-a22c-3b161a652bee,f3a8fae6-76dc-4e6b-b937-ac8e08edc8a8,07d4e271-4f57-4966-8d34-d329501a4843,1634374126070,13.359372,52.5121324,4.3024774,-2.335256,-0.69442654,7.507265,on bike mount,cyclo cross,True,fine gravel,good
a643a461-c11e-4623-a22c-3b161a652bee,f3a8fae6-76dc-4e6b-b937-ac8e08edc8a8,2bf7e31f-d4ef-4d2a-adef-d941bafc82e6,1634374126121,13.359372,52.5121324,4.3024774,0.21605748,-2.593755,0.94311047,on bike mount,cyclo cross,True,fine gravel,good
a643a461-c11e-4623-a22c-3b161a652bee,f3a8fae6-76dc-4e6b-b937-ac8e08edc8a8,7406eaae-12c8-471a-b20a-7b1a64a374be,1634374126170,13.359372,52.5121324,4.3024774,0.51351607,-1.1369267,0.13166142,on bike mount,cyclo cross,True,fine gravel,good
a643a461-c11e-4623-a22c-3b161a652bee,f3a8fae6-76dc-4e6b-b937-ac8e08edc8a8,f0a1cfa9-1960-46f2-aa1f-7b5d1ff356d5,1634374126220,13.359372,52.5121324,4.3024774,-3.2795768,8.502199,2.3807564,on bike mount,cyclo cross,True,fine gravel,good
a643a461-c11e-4623-a22c-3b161a652bee,f3a8fae6-76dc-4e6b-b937-ac8e08edc8a8,b561ef36-22c1-4348-9eaa-483b7f68a757,1634374126271,13.359372,52.5121324,4.3024774,0.9405007,-11.66105,-4.4137573,on bike mount,cyclo cross,True,fine gravel,good
a643a461-c11e-4623-a22c-3b161a652bee,f3a8fae6-76dc-4e6b-b937-ac8e08edc8a8,eb5a8db8-27a9-43f1-be28-5f59c669fb9e,1634374126321,13.359372,52.5121324,4.3024774,2.5217552,2.0598726,2.84065,on bike mount,cyclo cross,True,fine gravel,good
a643a461-c11e-4623-a22c-3b161a652bee,f3a8fae6-76dc-4e6b-b937-ac8e08edc8a8,c97be049-ae8a-4203-a7c1-14de8d83dab5,1634374126372,13.359372,52.5121324,4.3024774,-0.18705618,-5.0949545,-2.187695,on bike mount,cyclo cross,True,fine gravel,good
a643a461-c11e-4623-a22c-3b161a652bee,f3a8fae6-76dc-4e6b-b937-ac8e08edc8a8,8fdc1972-037b-4e82-b817-a955741eab79,1634374126422,13.359372,52.5121324,4.3024774,-0.8364055,1.4947624,8.227241,on bike mount,cyclo cross,True,fine gravel,good
a643a461-c11e-4623-a22c-3b161a652bee,f3a8fae6-76dc-4e6b-b937-ac8e08edc8a8,e85d5f94-8608-46b5-becb-8098632d5436,1634374126472,13.359372,52.5121324,4.3024774,2.2214189,-8.798283,6.9523563,on bike mount,cyclo cross,True,fine gravel,good
a643a461-c11e-4623-a22c-3b161a652bee,f3a8fae6-76dc-4e6b-b937-ac8e08edc8a8,2a72c6ef-b704-4c8e-8ed3-1aec8c17288b,1634374126523,13.359372,52.5121324,4.3024774,1.3724713,-9.299989,-1.0203409,on bike mount,cyclo cross,True,fine gravel,good
a643a461-c11e-4623-a22c-3b161a652bee,f3a8fae6-76dc-4e6b-b937-ac8e08edc8a8,56154b32-052f-40cc-80cb-33d75e89490a,1634374126572,13.359372,52.5121324,4.3024774,0.929695,0.9868932,2.325426,on bike mount,cyclo cross,True,fine gravel,good
a643a461-c11e-4623-a22c-3b161a652bee,f3a8fae6-76dc-4e6b-b937-ac8e08edc8a8,36bb4f46-4faa-4458-8d52-eeb920f9ad15,1634374126623,13.359372,52.5121324,4.3024774,2.5013342,-4.588797,1.1396284,on bike mount,cyclo cross,True,fine gravel,good
a643a461-c11e-4623-a22c-3b161a652bee,f3a8fae6-76dc-4e6b-b937-ac8e08edc8a8,762145f5-36c6-4725-b01a-26bfdadbe8f9,1634374126674,13.359372,52.5121324,4.3024774,-1.5894325,-5.929556,-8.210227,on bike mount,cyclo cross,True,fine gravel,good
a643a461-c11e-4623-a22c-3b161a652bee,f3a8fae6-76dc-4e6b-b937-ac8e08edc8a8,16a7529d-737c-44b8-807f-eb7783950355,1634374126723,13.359372,52.5121324,4.3024774,-0.17117727,0.5230565,2.8970203,on bike mount,cyclo cross,True,fine gravel,good
a643a461-c11e-4623-a22c-3b161a652bee,f3a8fae6-76dc-4e6b-b937-ac8e08edc8a8,4e4f8a4c-baa8-44ec-8a06-8801f300e47f,1634374126774,13.359372,52.5121324,4.3024774,2.0482159,1.7370119,1.2528915,on bike mount,cyclo cross,True,fine gravel,good
a643a461-c11e-4623-a22c-3b161a652bee,f3a8fae6-76dc-4e6b-b937-ac8e08edc8a8,cb559c05-135a-435b-80e5-53e99161267f,1634374126825,13.359372,52.5121324,4.3024774,0.49629992,3.6111646,3.634532,on bike mount,cyclo cross,True,fine gravel,good
a643a461-c11e-4623-a22c-3b161a652bee,f3a8fae6-76dc-4e6b-b937-ac8e08edc8a8,042053da-795c-4fb8-88b7-f90597438006,1634374126876,13.359372,52.5121324,4.3024774,-0.24299383,0.8832469,-2.9617581,on bike mount,cyclo cross,True,fine gravel,good
a643a461-c11e-4623-a22c-3b161a652bee,f3a8fae6-76dc-4e6b-b937-ac8e08edc8a8,569ed97c-4d52-47a2-b208-8c38cf58c9d1,1634374126927,13.359372,52.5121324,4.3024774,-0.708685,-2.7744033,-1.6174536,on bike mount,cyclo cross,True,fine gravel,good
a643a461-c11e-4623-a22c-3b161a652bee,f3a8fae6-76dc-4e6b-b937-ac8e08edc8a8,24696601-dd5f-4fbb-a7ea-f6a6458ad9cb,1634374126977,13.3594178,52.5121577,4.6463842,-1.353048,5.3199463,-5.366742,on bike mount,cyclo cross,True,fine gravel,good
a643a461-c11e-4623-a22c-3b161a652bee,f3a8fae6-76dc-4e6b-b937-ac8e08edc8a8,cfe59420-09c1-4734-9e70-40b91e6a7567,1634374127027,13.3594178,52.5121577,4.6463842,0.08124632,-0.8620174,-0.28424072,on bike mount,cyclo cross,True,fine gravel,good
a643a461-c11e-4623-a22c-3b161a652bee,f3a8fae6-76dc-4e6b-b937-ac8e08edc8a8,4337f983-e47e-41a1-b4ae-a39d5684b1d1,1634374127077,13.3594178,52.5121577,4.6463842,-1.1825414,7.3330183,-13.00218,on bike mount,cyclo cross,True,fine gravel,good
a643a461-c11e-4623-a22c-3b161a652bee,f3a8fae6-76dc-4e6b-b937-ac8e08edc8a8,9f74690c-82fe-4fe0-8228-5a2b7a0c0622,1634374127127,13.3594178,52.5121577,4.6463842,0.82664216,-1.0248895,2.4948406,on bike mount,cyclo cross,True,fine gravel,good
a643a461-c11e-4623-a22c-3b161a652bee,f3a8fae6-76dc-4e6b-b937-ac8e08edc8a8,0ec93af9-dded-4d49-bca2-43490bdb82ca,1634374127979,13.3594178,52.5121577,4.6463842,-2.0679393,6.341193,-3.3633552,on bike mount,cyclo cross,True,fine gravel,good
a643a461-c11e-4623-a22c-3b161a652bee,f3a8fae6-76dc-4e6b-b937-ac8e08edc8a8,c61ccdab-0446-489f-8352-38615abac68e,1634374128029,13.3594178,52.5121577,4.6463842,-1.2421615,-0.47668767,5.408801,on bike mount,cyclo cross,True,fine gravel,good
a643a461-c11e-4623-a22c-3b161a652bee,f3a8fae6-76dc-4e6b-b937-ac8e08edc8a8,2b4f6a1e-6c8c-41d7-a30b-6ae19a7ef4d2,1634374128079,13.3594737,52.5121854,4.7450957,0.67301345,-2.6267316,0.10834503,on bike mount,cyclo cross,True,fine gravel,good
a643a461-c11e-4623-a22c-3b161a652bee,f3a8fae6-76dc-4e6b-b937-ac8e08edc8a8,22771e4f-f41d-4644-a0dd-42911b78007a,1634374128130,13.3594737,52.5121854,4.7450957,3.153203,-4.531228,7.561961,on bike mount,cyclo cross,True,fine gravel,good
a643a461-c11e-4623-a22c-3b161a652bee,f3a8fae6-76dc-4e6b-b937-ac8e08edc8a8,013fa3d1-3cfc-44cc-9914-42845862a5cf,1634374128218,13.3594737,52.5121854,4.7450957,3.153203,-4.531228,7.561961,on bike mount,cyclo cross,True,fine gravel,good
a643a461-c11e-4623-a22c-3b161a652bee,f3a8fae6-76dc-4e6b-b937-ac8e08edc8a8,f7eb66d7-3ab6-47e5-bf54-1ee28f9fe47f,1634374128267,13.3594737,52.5121854,4.7450957,-0.2168234,0.09170127,-1.5382242,on bike mount,cyclo cross,True,fine gravel,good
a643a461-c11e-4623-a22c-3b161a652bee,f3a8fae6-76dc-4e6b-b937-ac8e08edc8a8,fa69d56d-461e-47d5-8838-e01f01789d20,1634374128318,13.3594737,52.5121854,4.7450957,-0.14145768,3.6143727,4.850724,on bike mount,cyclo cross,True,fine gravel,good
a643a461-c11e-4623-a22c-3b161a652bee,f3a8fae6-76dc-4e6b-b937-ac8e08edc8a8,63d8b4d6-872e-45af-ab72-3be7442e7dae,1634374128368,13.3594737,52.5121854,4.7450957,-0.07165283,-0.30122542,-0.002957344,on bike mount,cyclo cross,True,fine gravel,good
a643a461-c11e-4623-a22c-3b161a652bee,f3a8fae6-76dc-4e6b-b937-ac8e08edc8a8,760b17e3-f8b8-4e23-95d8-ee0e5400d742,1634374128417,13.3594737,52.5121854,4.7450957,1.9804387,1.542558,1.5271502,on bike mount,cyclo cross,True,fine gravel,good
a643a461-c11e-4623-a22c-3b161a652bee,f3a8fae6-76dc-4e6b-b937-ac8e08edc8a8,7ec2fc0c-0ec2-41fb-a708-d9021fbd2f98,1634374128467,13.3594737,52.5121854,4.7450957,-0.8876852,-3.021173,5.5419703,on bike mount,cyclo cross,True,fine gravel,good
a643a461-c11e-4623-a22c-3b161a652bee,f3a8fae6-76dc-4e6b-b937-ac8e08edc8a8,e5e539cd-d079-44dc-ba49-91febedfccbb,1634374128517,13.3594737,52.5121854,4.7450957,-3.2032914,1.5808659,3.1218653,on bike mount,cyclo cross,True,fine gravel,good
a643a461-c11e-4623-a22c-3b161a652bee,f3a8fae6-76dc-4e6b-b937-ac8e08edc8a8,bc9ecc07-1015-41e1-a50e-d1a45e5eef00,1634374128567,13.3594737,52.5121854,4.7450957,0.98755455,-1.8153712,-2.401856,on bike mount,cyclo cross,True,fine gravel,good
a643a461-c11e-4623-a22c-3b161a652bee,f3a8fae6-76dc-4e6b-b937-ac8e08edc8a8,d239f730-816f-43b1-96d1-a96e1fcb069a,1634374128617,13.3594737,52.5121854,4.7450957,0.23138824,4.434655,6.5476627,on bike mount,cyclo cross,True,fine gravel,good
a643a461-c11e-4623-a22c-3b161a652bee,f3a8fae6-76dc-4e6b-b937-ac8e08edc8a8,02f7c585-567b-4e38-8c0e-f22851edea09,1634374128667,13.3594737,52.5121854,4.7450957,1.2554543,-2.9624152,1.7552347,on bike mount,cyclo cross,True,fine gravel,good
a643a461-c11e-4623-a22c-3b161a652bee,f3a8fae6-76dc-4e6b-b937-ac8e08edc8a8,2b92500c-c68c-46d4-86e3-bf75deb0d86d,1634374128717,13.3594737,52.5121854,4.7450957,-0.26267117,-2.3767292,-2.6271482,on bike mount,cyclo cross,True,fine gravel,good
a643a461-c11e-4623-a22c-3b161a652bee,f3a8fae6-76dc-4e6b-b937-ac8e08edc8a8,02db8781-55d8-494a-b7f1-b0d2534bc82c,1634374128766,13.3594737,52.5121854,4.7450957,-0.28202873,-1.1870304,2.7003298,on bike mount,cyclo cross,True,fine gravel,good
a643a461-c11e-4623-a22c-3b161a652bee,f3a8fae6-76dc-4e6b-b937-ac8e08edc8a8,d8aa3a8a-44c0-465b-b557-6975736d9cb7,1634374128817,13.3594737,52.5121854,4.7450957,0.9043147,0.6869683,0.5846367,on bike mount,cyclo cross,True,fine gravel,good
a643a461-c11e-4623-a22c-3b161a652bee,f3a8fae6-76dc-4e6b-b937-ac8e08edc8a8,387b0e1e-fd6d-4957-bcb2-df7db6abf00f,1634374128867,13.3594737,52.5121854,4.7450957,-0.8860358,-2.4125552,-5.4625697,on bike mount,cyclo cross,True,fine gravel,good
a643a461-c11e-4623-a22c-3b161a652bee,f3a8fae6-76dc-4e6b-b937-ac8e08edc8a8,405a1289-e9d3-450a-90b0-0ada2d455ae2,1634374128916,13.3594737,52.5121854,4.7450957,-0.35220158,2.7573276,-1.5064611,on bike mount,cyclo cross,True,fine gravel,good
a643a461-c11e-4623-a22c-3b161a652bee,f3a8fae6-76dc-4e6b-b937-ac8e08edc8a8,49bee79a-5e30-4d2f-97ba-e8c5a3670a23,1634374128967,13.3594737,52.5121854,4.7450957,0.29123077,-1.5494077,-1.5811386,on bike mount,cyclo cross,True,fine gravel,good
a643a461-c11e-4623-a22c-3b161a652bee,f3a8fae6-76dc-4e6b-b937-ac8e08edc8a8,e35e4c7f-36cb-45c8-b663-e4b9980bae00,1634374129018,13.3595298,52.5122106,4.9898486,-0.7707496,0.32178497,0.22877693,on bike mount,cyclo cross,True,fine gravel,good
a643a461-c11e-4623-a22c-3b161a652bee,f3a8fae6-76dc-4e6b-b937-ac8e08edc8a8,14b9f5c5-0437-44a2-8101-aad669a4237b,1634374129067,13.3595298,52.5122106,4.9898486,-1.5150528,-0.8736594,-1.1564279,on bike mount,cyclo cross,True,fine gravel,good
a643a461-c11e-4623-a22c-3b161a652bee,f3a8fae6-76dc-4e6b-b937-ac8e08edc8a8,9eb43abf-e858-4827-9870-7eb59b64d972,1634374129117,13.3595298,52.5122106,4.9898486,0.27973887,-2.1210682,-2.870304,on bike mount,cyclo cross,True,fine gravel,good
a643a461-c11e-4623-a22c-3b161a652bee,f3a8fae6-76dc-4e6b-b937-ac8e08edc8a8,c8eb6421-5216-4d1a-bc0e-a9731c0918b9,1634374129166,13.3595298,52.5122106,4.9898486,-1.2403462,-2.0476325,-1.7619848,on bike mount,cyclo cross,True,fine gravel,good
a643a461-c11e-4623-a22c-3b161a652bee,f3a8fae6-76dc-4e6b-b937-ac8e08edc8a8,8b1e222b-ceb6-4128-b520-be6b6b2605d1,1634374129215,13.3595298,52.5122106,4.9898486,-1.5135527,-2.0805268,1.654706,on bike mount,cyclo cross,True,fine gravel,good
a643a461-c11e-4623-a22c-3b161a652bee,f3a8fae6-76dc-4e6b-b937-ac8e08edc8a8,a45c0a5b-d441-40e1-891c-f63bc1b46298,1634374129265,13.3595298,52.5122106,4.9898486,-0.23060118,3.6801314,0.42797565,on bike mount,cyclo cross,True,fine gravel,good
a643a461-c11e-4623-a22c-3b161a652bee,f3a8fae6-76dc-4e6b-b937-ac8e08edc8a8,2b6cd520-7b13-4ad9-8de3-a50060eb8c4e,1634374129314,13.3595298,52.5122106,4.9898486,-0.30037978,-3.5099719,1.9548225,on bike mount,cyclo cross,True,fine gravel,good
a643a461-c11e-4623-a22c-3b161a652bee,f3a8fae6-76dc-4e6b-b937-ac8e08edc8a8,ceff5ed0-1d87-4942-adb3-921a6166e6e8,1634374129363,13.3595298,52.5122106,4.9898486,0.2833475,-3.1963706,-2.6675882,on bike mount,cyclo cross,True,fine gravel,good
a643a461-c11e-4623-a22c-3b161a652bee,f3a8fae6-76dc-4e6b-b937-ac8e08edc8a8,e22bdc41-b841-49ac-9496-34e244f4ffa5,1634374129413,13.3595298,52.5122106,4.9898486,-1.420755,-1.9387801,4.7622232,on bike mount,cyclo cross,True,fine gravel,good
a643a461-c11e-4623-a22c-3b161a652bee,f3a8fae6-76dc-4e6b-b937-ac8e08edc8a8,914a6189-31a2-4941-8d8d-f725139d1277,1634374129465,13.3595298,52.5122106,4.9898486,-1.2023625,1.6294196,4.248193,on bike mount,cyclo cross,True,fine gravel,good
a643a461-c11e-4623-a22c-3b161a652bee,f3a8fae6-76dc-4e6b-b937-ac8e08edc8a8,d35db124-e0c6-4826-8fd4-d9ef6229ec51,1634374129516,13.3595298,52.5122106,4.9898486,-0.8131108,0.68497896,2.662858,on bike mount,cyclo cross,True,fine gravel,good
a643a461-c11e-4623-a22c-3b161a652bee,f3a8fae6-76dc-4e6b-b937-ac8e08edc8a8,f8db3290-3629-4d04-8bdf-503ab4b6dd2c,1634374129567,13.3595298,52.5122106,4.9898486,-0.35404003,-0.5888598,0.14783096,on bike mount,cyclo cross,True,fine gravel,good
a643a461-c11e-4623-a22c-3b161a652bee,f3a8fae6-76dc-4e6b-b937-ac8e08edc8a8,54773331-6e59-41b0-979f-94826e65ae51,1634374129618,13.3595298,52.5122106,4.9898486,1.2289884,-2.1369498,0.39992142,on bike mount,cyclo cross,True,fine gravel,good
a643a461-c11e-4623-a22c-3b161a652bee,f3a8fae6-76dc-4e6b-b937-ac8e08edc8a8,1f7c6ea4-9207-4d63-99df-d82bcc8c5102,1634374129667,13.3595298,52.5122106,4.9898486,-0.45659608,-2.738891,0.7478018,on bike mount,cyclo cross,True,fine gravel,good
a643a461-c11e-4623-a22c-3b161a652bee,f3a8fae6-76dc-4e6b-b937-ac8e08edc8a8,1ff3059c-06bc-49e5-8a28-bd5b32ddb888,1634374129717,13.3595298,52.5122106,4.9898486,0.21335673,-1.7180445,5.2686796,on bike mount,cyclo cross,True,fine gravel,good
a643a461-c11e-4623-a22c-3b161a652bee,f3a8fae6-76dc-4e6b-b937-ac8e08edc8a8,fb526492-4eb9-420a-be64-abf620ac8650,1634374129767,13.3595298,52.5122106,4.9898486,0.7772957,1.3634834,-0.36546516,on bike mount,cyclo cross,True,fine gravel,good
a643a461-c11e-4623-a22c-3b161a652bee,f3a8fae6-76dc-4e6b-b937-ac8e08edc8a8,8847248a-eb67-42f2-9356-f5f27f41cd98,1634374129817,13.3595298,52.5122106,4.9898486,-0.42682242,-0.79881835,-2.7072425,on bike mount,cyclo cross,True,fine gravel,good
a643a461-c11e-4623-a22c-3b161a652bee,f3a8fae6-76dc-4e6b-b937-ac8e08edc8a8,ba38390f-62ce-4d54-beba-9ca30258a23d,1634374129867,13.3595298,52.5122106,4.9898486,-0.08718017,5.6053243,0.93559456,on bike mount,cyclo cross,True,fine gravel,good
a643a461-c11e-4623-a22c-3b161a652bee,f3a8fae6-76dc-4e6b-b937-ac8e08edc8a8,df5bfe41-98a8-4793-993e-936630325a13,1634374129918,13.3595298,52.5122106,4.9898486,0.26434416,-2.8399463,0.99745846,on bike mount,cyclo cross,True,fine gravel,good
a643a461-c11e-4623-a22c-3b161a652bee,f3a8fae6-76dc-4e6b-b937-ac8e08edc8a8,4b1232a8-a929-4702-b557-9dd6572f8ea2,1634374129968,13.3595298,52.5122106,4.9898486,-0.97852284,-5.2610207,-2.4551172,on bike mount,cyclo cross,True,fine gravel,good
a643a461-c11e-4623-a22c-3b161a652bee,f3a8fae6-76dc-4e6b-b937-ac8e08edc8a8,1272a889-ac48-48e4-829c-3e70a376caba,1634374130019,13.3596028,52.5122342,5.118107,-1.4895205,1.9356883,-5.1047177,on bike mount,cyclo cross,True,fine gravel,good
a643a461-c11e-4623-a22c-3b161a652bee,f3a8fae6-76dc-4e6b-b937-ac8e08edc8a8,bea6dbd5-f62b-4ea2-9e81-c3cf47fa19c2,1634374130070,13.3596028,52.5122342,5.118107,1.0213807,0.71082973,4.531666,on bike mount,cyclo cross,True,fine gravel,good
a643a461-c11e-4623-a22c-3b161a652bee,f3a8fae6-76dc-4e6b-b937-ac8e08edc8a8,cf2bef7a-9285-421e-9a92-5e986f2d7010,1634374130120,13.3596028,52.5122342,5.118107,1.2558124,2.1997063,0.62444687,on bike mount,cyclo cross,True,fine gravel,good
