bike_activity_uid,bike_activity_sample_uid,bike_activity_measurement,bike_activity_measurement_timestamp,bike_activity_measurement_lon,bike_activity_measurement_lat,bike_activity_measurement_speed,bike_activity_measurement_accelerometer_x,bike_activity_measurement_accelerometer_y,bike_activity_measurement_accelerometer_z,bike_activity_phone_position,bike_activity_bike_type,bike_activity_flagged_lab_conditions,bike_activity_surface_type,bike_activity_smoothness_type
a78b398a-7992-49c3-bdeb-325a57e1e32a,0e7dba9f-3a49-4f82-800e-a8bb91289738,9d697d70-6453-4600-9ddb-33fa750277ef,1633625348659,13.4279804,52.4962906,5.9414263,-3.3032112,10.784189,3.6907759,on bike mount,cyclo cross,True,sett,intermediate
a78b398a-7992-49c3-bdeb-325a57e1e32a,0e7dba9f-3a49-4f82-800e-a8bb91289738,136cb71c-b802-4bcd-8464-165aac050183,1633625348708,13.4279804,52.4962906,5.9414263,2.3708396,-0.15873098,6.052452,on bike mount,cyclo cross,True,sett,intermediate
a78b398a-7992-49c3-bdeb-325a57e1e32a,0e7dba9f-3a49-4f82-800e-a8bb91289738,53ad1ce1-dd8f-4b21-97d4-71b22c4625c4,1633625348758,13.4279804,52.4962906,5.9414263,3.7072337,-10.401473,23.71634,on bike mount,cyclo cross,True,sett,intermediate
a78b398a-7992-49c3-bdeb-325a57e1e32a,0e7dba9f-3a49-4f82-800e-a8bb91289738,1d122b0c-3917-4af6-a063-a92b9b81ce1d,1633625348809,13.4279804,52.4962906,5.9414263,-0.3276095,14.620924,-1.7686892,on bike mount,cyclo cross,True,sett,intermediate
a78b398a-7992-49c3-bdeb-325a57e1e32a,0e7dba9f-3a49-4f82-800e-a8bb91289738,d0549674-d650-4ce1-b311-30873334be8e,1633625348859,13.4279804,52.4962906,5.9414263,-4.1335926,11.127947,-4.019518,on bike mount,cyclo cross,True,sett,intermediate
a78b398a-7992-49c3-bdeb-325a57e1e32a,0e7dba9f-3a49-4f82-800e-a8bb91289738,a3c26ff5-1c3d-4487-8168-cdcce7087943,1633625348910,13.4279804,52.4962906,5.9414263,-1.7594137,-0.33098817,-17.054443,on bike mount,cyclo cross,True,sett,intermediate
a78b398a-7992-49c3-bdeb-325a57e1e32a,0e7dba9f-3a49-4f82-800e-a8bb91289738,6e3a8887-6143-4a61-91e2-37e5bb8eb522,1633625348975,13.4279804,52.4962906,5.9414263,-0.24310184,-2.6781492,10.755333,on bike mount,cyclo cross,True,sett,intermediate
a78b398a-7992-49c3-bdeb-325a57e1e32a,0e7dba9f-3a49-4f82-800e-a8bb91289738,9235c7f9-741c-4079-bfd2-60880507f7b0,1633625349026,13.4279804,52.4962906,5.9414263,-0.4319947,12.552628,-10.008124,on bike mount,cyclo cross,True,sett,intermediate
a78b398a-7992-49c3-bdeb-325a57e1e32a,0e7dba9f-3a49-4f82-800e-a8bb91289738,707cac52-1203-48b6-b165-d9dac667af8c,1633625349077,13.4279804,52.4962906,5.9414263,0.35022026,-15.761507,18.987762,on bike mount,cyclo cross,True,sett,intermediate
a78b398a-7992-49c3-bdeb-325a57e1e32a,0e7dba9f-3a49-4f82-800e-a8bb91289738,625295f5-e80d-4dd8-9155-34a451a073b0,1633625349127,13.4279804,52.4962906,5.9414263,-0.6838137,-4.894698,22.497387,on bike mount,cyclo cross,True,sett,intermediate
a78b398a-7992-49c3-bdeb-325a57e1e32a,0e7dba9f-3a49-4f82-800e-a8bb91289738,64991c0e-795f-49c2-8069-59e950e975f0,1633625349193,13.4279804,52.4962906,5.9414263,-5.093437,8.212491,-9.79558,on bike mount,cyclo cross,True,sett,intermediate
a78b398a-7992-49c3-bdeb-325a57e1e32a,0e7dba9f-3a49-4f82-800e-a8bb91289738,04053a8c-e3cb-4390-9cc2-272949103ad2,1633625349244,13.4279804,52.4962906,5.9414263,3.8817058,14.762686,-18.201546,on bike mount,cyclo cross,True,sett,intermediate
a78b398a-7992-49c3-bdeb-325a57e1e32a,0e7dba9f-3a49-4f82-800e-a8bb91289738,d74ae77a-3223-4eb5-9ca2-add78bf9787a,1633625349310,13.4279804,52.4962906,5.9414263,0.78818417,-0.14218926,-2.7453017,on bike mount,cyclo cross,True,sett,intermediate
a78b398a-7992-49c3-bdeb-325a57e1e32a,0e7dba9f-3a49-4f82-800e-a8bb91289738,235ee7ac-9e5b-4737-b493-64a5b89c6ce2,1633625349360,13.4279804,52.4962906,5.9414263,-2.7868888,9.395376,1.3031445,on bike mount,cyclo cross,True,sett,intermediate
a78b398a-7992-49c3-bdeb-325a57e1e32a,0e7dba9f-3a49-4f82-800e-a8bb91289738,bded26ee-e577-4af9-9050-44cce09560cd,1633625349411,13.4279804,52.4962906,5.9414263,4.4893055,-0.9491222,7.850937,on bike mount,cyclo cross,True,sett,intermediate
a78b398a-7992-49c3-bdeb-325a57e1e32a,0e7dba9f-3a49-4f82-800e-a8bb91289738,754e3033-dbcd-43cc-9a21-4702d4694157,1633625349477,13.4279804,52.4962906,5.9414263,10.554546,32.266018,-19.863968,on bike mount,cyclo cross,True,sett,intermediate
a78b398a-7992-49c3-bdeb-325a57e1e32a,0e7dba9f-3a49-4f82-800e-a8bb91289738,ff7dfc15-bc65-4b8f-b48d-097648144729,1633625349527,13.4279804,52.4962906,5.9414263,-7.1284757,-9.875279,-12.830288,on bike mount,cyclo cross,True,sett,intermediate
a78b398a-7992-49c3-bdeb-325a57e1e32a,0e7dba9f-3a49-4f82-800e-a8bb91289738,1fc92043-77f0-487f-a65f-5a90282a02e9,1633625349577,13.4280547,52.4962683,5.8020926,0.054754138,1.2422893,-3.8564467,on bike mount,cyclo cross,True,sett,intermediate
a78b398a-7992-49c3-bdeb-325a57e1e32a,0e7dba9f-3a49-4f82-800e-a8bb91289738,0e2dfd9e-928c-407f-bed3-f1039f5d5ebc,1633625349627,13.4280547,52.4962683,5.8020926,-1.334739,6.4307237,19.719316,on bike mount,cyclo cross,True,sett,intermediate
a78b398a-7992-49c3-bdeb-325a57e1e32a,0e7dba9f-3a49-4f82-800e-a8bb91289738,3835a718-6905-412a-a406-31d87a9318e9,1633625349695,13.4280547,52.4962683,5.8020926,-5.0335336,15.006517,-18.27319,on bike mount,cyclo cross,True,sett,intermediate
a78b398a-7992-49c3-bdeb-325a57e1e32a,0e7dba9f-3a49-4f82-800e-a8bb91289738,84b7b38d-2f6b-4923-bc64-b70c1eedb20e,1633625349761,13.4280547,52.4962683,5.8020926,-1.0271362,-13.93805,18.419956,on bike mount,cyclo cross,True,sett,intermediate
a78b398a-7992-49c3-bdeb-325a57e1e32a,0e7dba9f-3a49-4f82-800e-a8bb91289738,81bdccb5-9be5-40ea-855a-32419de83c1b,1633625349812,13.4280547,52.4962683,5.8020926,-0.62929696,-0.09148264,10.459579,on bike mount,cyclo cross,True,sett,intermediate
a78b398a-7992-49c3-bdeb-325a57e1e32a,0e7dba9f-3a49-4f82-800e-a8bb91289738,ef8b2e8a-655c-46ad-bfc3-0df5e4c0c7cd,1633625349862,13.4280547,52.4962683,5.8020926,-5.2394886,4.6421237,6.286886,on bike mount,cyclo cross,True,sett,intermediate
a78b398a-7992-49c3-bdeb-325a57e1e32a,0e7dba9f-3a49-4f82-800e-a8bb91289738,51b35569-766b-419c-a0d0-847faf288e6e,1633625349928,13.4280547,52.4962683,5.8020926,1.1606525,4.8057942,-20.090324,on bike mount,cyclo cross,True,sett,intermediate
a78b398a-7992-49c3-bdeb-325a57e1e32a,0e7dba9f-3a49-4f82-800e-a8bb91289738,173b4646-4910-4962-91ec-783c22772bab,1633625349979,13.4280547,52.4962683,5.8020926,1.7040328,-5.9862356,2.2218828,on bike mount,cyclo cross,True,sett,intermediate
a78b398a-7992-49c3-bdeb-325a57e1e32a,0e7dba9f-3a49-4f82-800e-a8bb91289738,2996d1ff-2390-46e7-839c-95dc6b09659b,1633625350030,13.4280547,52.4962683,5.8020926,1.9492011,1.2465119,8.228193,on bike mount,cyclo cross,True,sett,intermediate
a78b398a-7992-49c3-bdeb-325a57e1e32a,0e7dba9f-3a49-4f82-800e-a8bb91289738,2f421420-d2f7-42b3-b8db-8ff81ce70667,1633625350095,13.4280547,52.4962683,5.8020926,0.9212877,-28.333313,12.551144,on bike mount,cyclo cross,True,sett,intermediate
a78b398a-7992-49c3-bdeb-325a57e1e32a,0e7dba9f-3a49-4f82-800e-a8bb91289738,372c4c2f-ac32-49c0-b49c-50b30b0290c4,1633625350146,13.4280547,52.4962683,5.8020926,-4.1125364,11.593112,-11.392859,on bike mount,cyclo cross,True,sett,intermediate
a78b398a-7992-49c3-bdeb-325a57e1e32a,0e7dba9f-3a49-4f82-800e-a8bb91289738,976ca566-d852-4a21-aabc-e3a794627c35,1633625350197,13.4280547,52.4962683,5.8020926,-1.4495516,12.8715725,19.434248,on bike mount,cyclo cross,True,sett,intermediate
a78b398a-7992-49c3-bdeb-325a57e1e32a,0e7dba9f-3a49-4f82-800e-a8bb91289738,039cc7a5-b7c2-498c-af53-2861a340d4bb,1633625350262,13.4280547,52.4962683,5.8020926,2.6078925,5.393918,12.863001,on bike mount,cyclo cross,True,sett,intermediate
a78b398a-7992-49c3-bdeb-325a57e1e32a,0e7dba9f-3a49-4f82-800e-a8bb91289738,7abcb572-e66f-479f-aefc-6d6e34889edb,1633625350312,13.4280547,52.4962683,5.8020926,7.1611447,3.2604303,8.011412,on bike mount,cyclo cross,True,sett,intermediate
a78b398a-7992-49c3-bdeb-325a57e1e32a,0e7dba9f-3a49-4f82-800e-a8bb91289738,c2075fbf-2577-4f92-b2c3-64361366b9df,1633625350363,13.4280547,52.4962683,5.8020926,0.66225445,-4.910189,16.520782,on bike mount,cyclo cross,True,sett,intermediate
a78b398a-7992-49c3-bdeb-325a57e1e32a,0e7dba9f-3a49-4f82-800e-a8bb91289738,4828496b-c2bc-47ed-b9a0-77f443ac0c83,1633625350414,13.4280547,52.4962683,5.8020926,-4.40115,-13.771824,-1.4039316,on bike mount,cyclo cross,True,sett,intermediate
a78b398a-7992-49c3-bdeb-325a57e1e32a,0e7dba9f-3a49-4f82-800e-a8bb91289738,42f791b3-eb1f-48e9-9361-57bd69c15fb0,1633625350480,13.4280547,52.4962683,5.8020926,-2.92114,6.5945725,0.031274796,on bike mount,cyclo cross,True,sett,intermediate
a78b398a-7992-49c3-bdeb-325a57e1e32a,0e7dba9f-3a49-4f82-800e-a8bb91289738,352e3242-0449-4698-80c2-e4625de9e780,1633625350548,13.4280547,52.4962683,5.8020926,-1.0056568,-2.7184424,-23.040403,on bike mount,cyclo cross,True,sett,intermediate
a78b398a-7992-49c3-bdeb-325a57e1e32a,0e7dba9f-3a49-4f82-800e-a8bb91289738,d9d6014c-0580-4ecd-bef8-f0153e2f6965,1633625350611,13.4281365,52.4962433,5.9218965,3.021071,-45.327374,-15.993792,on bike mount,cyclo cross,True,sett,intermediate
a78b398a-7992-49c3-bdeb-325a57e1e32a,0e7dba9f-3a49-4f82-800e-a8bb91289738,5058d7ef-71ab-4ffb-ba72-abe6bebb0ab1,1633625350663,13.4281365,52.4962433,5.9218965,-6.026046,-13.301616,-6.882684,on bike mount,cyclo cross,True,sett,intermediate
a78b398a-7992-49c3-bdeb-325a57e1e32a,0e7dba9f-3a49-4f82-800e-a8bb91289738,ba1bbccb-0233-4b6a-b504-96428a2f24f3,1633625350714,13.4281365,52.4962433,5.9218965,-2.8266582,-0.105175495,6.268835,on bike mount,cyclo cross,True,sett,intermediate
a78b398a-7992-49c3-bdeb-325a57e1e32a,0e7dba9f-3a49-4f82-800e-a8bb91289738,bce07cfe-1c98-4ecc-be21-18fde0cb6823,1633625350763,13.4281365,52.4962433,5.9218965,-1.7105749,-0.35334826,3.9651508,on bike mount,cyclo cross,True,sett,intermediate
a78b398a-7992-49c3-bdeb-325a57e1e32a,0e7dba9f-3a49-4f82-800e-a8bb91289738,146790cb-9b87-4d68-8b51-16e458d65610,1633625350814,13.4281365,52.4962433,5.9218965,-1.3410883,0.18429184,4.7902827,on bike mount,cyclo cross,True,sett,intermediate
a78b398a-7992-49c3-bdeb-325a57e1e32a,0e7dba9f-3a49-4f82-800e-a8bb91289738,68028afc-3e47-477c-a257-a533ea0c39d7,1633625350864,13.4281365,52.4962433,5.9218965,3.1015255,-4.37086,0.42193127,on bike mount,cyclo cross,True,sett,intermediate
a78b398a-7992-49c3-bdeb-325a57e1e32a,0e7dba9f-3a49-4f82-800e-a8bb91289738,852c11a6-3f85-4ee4-9b96-73c6619a1c66,1633625350914,13.4281365,52.4962433,5.9218965,1.984854,-1.6227789,8.764046,on bike mount,cyclo cross,True,sett,intermediate
a78b398a-7992-49c3-bdeb-325a57e1e32a,0e7dba9f-3a49-4f82-800e-a8bb91289738,83ab243b-b6bd-4eaf-b5d2-108e50902e78,1633625350980,13.4281365,52.4962433,5.9218965,-1.6650448,4.0111055,8.093632,on bike mount,cyclo cross,True,sett,intermediate
a78b398a-7992-49c3-bdeb-325a57e1e32a,0e7dba9f-3a49-4f82-800e-a8bb91289738,ef946e86-8524-4a11-a486-43edbce101c5,1633625351031,13.4281365,52.4962433,5.9218965,-3.3255277,8.936655,-10.8578415,on bike mount,cyclo cross,True,sett,intermediate
a78b398a-7992-49c3-bdeb-325a57e1e32a,0e7dba9f-3a49-4f82-800e-a8bb91289738,d649e8b8-4adf-4aeb-806a-6729fd38a53c,1633625351082,13.4281365,52.4962433,5.9218965,3.513416,-13.022434,14.567598,on bike mount,cyclo cross,True,sett,intermediate
a78b398a-7992-49c3-bdeb-325a57e1e32a,0e7dba9f-3a49-4f82-800e-a8bb91289738,6ee53735-bf18-4f19-bda6-068d5c8f4c77,1633625351147,13.4281365,52.4962433,5.9218965,-4.2858047,10.69578,3.2956257,on bike mount,cyclo cross,True,sett,intermediate
a78b398a-7992-49c3-bdeb-325a57e1e32a,0e7dba9f-3a49-4f82-800e-a8bb91289738,e8cf302c-34fc-43dd-8ad6-4137eb46b84d,1633625351197,13.4281365,52.4962433,5.9218965,0.40374783,-2.4749703,4.154478,on bike mount,cyclo cross,True,sett,intermediate
a78b398a-7992-49c3-bdeb-325a57e1e32a,0e7dba9f-3a49-4f82-800e-a8bb91289738,62c437ac-8628-4c00-b09c-1156d4071bf3,1633625351248,13.4281365,52.4962433,5.9218965,4.703411,8.775341,-5.421115,on bike mount,cyclo cross,True,sett,intermediate
a78b398a-7992-49c3-bdeb-325a57e1e32a,0e7dba9f-3a49-4f82-800e-a8bb91289738,a72aead0-82ed-4803-a12c-f2d41a44e11b,1633625351297,13.4281365,52.4962433,5.9218965,-0.55561936,7.647011,7.7138205,on bike mount,cyclo cross,True,sett,intermediate
a78b398a-7992-49c3-bdeb-325a57e1e32a,0e7dba9f-3a49-4f82-800e-a8bb91289738,3f99f217-69ae-4ec4-8fcf-97e1eae4001a,1633625351348,13.4281365,52.4962433,5.9218965,1.9156686,-9.439432,-1.5552874,on bike mount,cyclo cross,True,sett,intermediate
a78b398a-7992-49c3-bdeb-325a57e1e32a,0e7dba9f-3a49-4f82-800e-a8bb91289738,a9bd1378-cbfd-4fb9-99ac-35aa7804a952,1633625351399,13.4281365,52.4962433,5.9218965,-5.6410046,-2.5518885,-8.120688,on bike mount,cyclo cross,True,sett,intermediate
a78b398a-7992-49c3-bdeb-325a57e1e32a,0e7dba9f-3a49-4f82-800e-a8bb91289738,29f2e4db-ebcc-4be8-b276-c817d4c9efaf,1633625351467,13.4281365,52.4962433,5.9218965,-11.066808,18.187092,-21.145548,on bike mount,cyclo cross,True,sett,intermediate
a78b398a-7992-49c3-bdeb-325a57e1e32a,0e7dba9f-3a49-4f82-800e-a8bb91289738,720d7950-490f-45d6-83cd-7b24ebc7a5a6,1633625351534,13.4281365,52.4962433,5.9218965,-2.8119316,0.4908681,3.9356098,on bike mount,cyclo cross,True,sett,intermediate
a78b398a-7992-49c3-bdeb-325a57e1e32a,0e7dba9f-3a49-4f82-800e-a8bb91289738,617044b3-ffc4-4b42-b572-e9e1d79f57bd,1633625351597,13.4282145,52.4962191,5.9884057,2.8129754,1.7246671,-11.923834,on bike mount,cyclo cross,True,sett,intermediate
a78b398a-7992-49c3-bdeb-325a57e1e32a,0e7dba9f-3a49-4f82-800e-a8bb91289738,25af20d8-f06c-4631-8524-62f44d84c738,1633625351649,13.4282145,52.4962191,5.9884057,2.3233976,0.15108252,11.510893,on bike mount,cyclo cross,True,sett,intermediate
a78b398a-7992-49c3-bdeb-325a57e1e32a,0e7dba9f-3a49-4f82-800e-a8bb91289738,ef9274bb-4607-4874-9d21-bfc5f59dc9a8,1633625351699,13.4282145,52.4962191,5.9884057,2.7250485,-8.298011,17.379814,on bike mount,cyclo cross,True,sett,intermediate
a78b398a-7992-49c3-bdeb-325a57e1e32a,0e7dba9f-3a49-4f82-800e-a8bb91289738,e614c131-bb35-45c7-b395-6a35040457ae,1633625351765,13.4282145,52.4962191,5.9884057,-0.013824344,-0.37170267,15.998411,on bike mount,cyclo cross,True,sett,intermediate
a78b398a-7992-49c3-bdeb-325a57e1e32a,0e7dba9f-3a49-4f82-800e-a8bb91289738,3fed9a1a-76c6-4a34-b48e-b11ba2191fde,1633625351816,13.4282145,52.4962191,5.9884057,4.0184727,5.054504,4.105612,on bike mount,cyclo cross,True,sett,intermediate
a78b398a-7992-49c3-bdeb-325a57e1e32a,0e7dba9f-3a49-4f82-800e-a8bb91289738,831886d9-d1b2-484c-9c11-c638496f1074,1633625351867,13.4282145,52.4962191,5.9884057,6.562662,4.6283174,5.20807,on bike mount,cyclo cross,True,sett,intermediate
a78b398a-7992-49c3-bdeb-325a57e1e32a,0e7dba9f-3a49-4f82-800e-a8bb91289738,6eac17d2-4129-4fda-9357-638113954037,1633625351917,13.4282145,52.4962191,5.9884057,-0.34739465,4.022366,12.229748,on bike mount,cyclo cross,True,sett,intermediate
a78b398a-7992-49c3-bdeb-325a57e1e32a,0e7dba9f-3a49-4f82-800e-a8bb91289738,15b1f0f9-8023-4578-beeb-8d8f4d910d84,1633625351966,13.4282145,52.4962191,5.9884057,-1.9610255,3.0121427,7.8274403,on bike mount,cyclo cross,True,sett,intermediate
a78b398a-7992-49c3-bdeb-325a57e1e32a,0e7dba9f-3a49-4f82-800e-a8bb91289738,9f245815-7d39-40ab-9b54-7d7e734b5a18,1633625352017,13.4282145,52.4962191,5.9884057,1.2736452,20.49999,-0.42472744,on bike mount,cyclo cross,True,sett,intermediate
a78b398a-7992-49c3-bdeb-325a57e1e32a,0e7dba9f-3a49-4f82-800e-a8bb91289738,75117767-4051-4bea-aca5-01afce848970,1633625352084,13.4282145,52.4962191,5.9884057,-0.28088087,-2.245937,13.707287,on bike mount,cyclo cross,True,sett,intermediate
a78b398a-7992-49c3-bdeb-325a57e1e32a,0e7dba9f-3a49-4f82-800e-a8bb91289738,08f58dff-cb26-4612-b15a-225fe0c5cdeb,1633625352151,13.4282145,52.4962191,5.9884057,2.6104684,6.858464,8.706114,on bike mount,cyclo cross,True,sett,intermediate
a78b398a-7992-49c3-bdeb-325a57e1e32a,0e7dba9f-3a49-4f82-800e-a8bb91289738,70e2dfba-07de-4ef3-8720-19ebcfcab3e6,1633625352202,13.4282145,52.4962191,5.9884057,0.69195676,-9.035574,27.157429,on bike mount,cyclo cross,True,sett,intermediate
a78b398a-7992-49c3-bdeb-325a57e1e32a,0e7dba9f-3a49-4f82-800e-a8bb91289738,3e940245-0778-4290-a5f9-b0fc1d9eb061,1633625352267,13.4282145,52.4962191,5.9884057,4.019953,1.6714034,14.168543,on bike mount,cyclo cross,True,sett,intermediate
a78b398a-7992-49c3-bdeb-325a57e1e32a,0e7dba9f-3a49-4f82-800e-a8bb91289738,b00105d0-c3d6-4c74-b419-8ac08d06b0cd,1633625352318,13.4282145,52.4962191,5.9884057,0.8126315,22.041265,12.937206,on bike mount,cyclo cross,True,sett,intermediate
a78b398a-7992-49c3-bdeb-325a57e1e32a,0e7dba9f-3a49-4f82-800e-a8bb91289738,cf2e0735-f813-48d5-83ae-4a28a6698fd4,1633625352367,13.4282145,52.4962191,5.9884057,-2.8578217,21.333897,-5.050898,on bike mount,cyclo cross,True,sett,intermediate
a78b398a-7992-49c3-bdeb-325a57e1e32a,0e7dba9f-3a49-4f82-800e-a8bb91289738,24782b3e-0bd6-4ae5-bdb7-8f3e5373eb32,1633625352417,13.4282145,52.4962191,5.9884057,-3.9306278,-7.3697085,-16.613375,on bike mount,cyclo cross,True,sett,intermediate
a78b398a-7992-49c3-bdeb-325a57e1e32a,0e7dba9f-3a49-4f82-800e-a8bb91289738,3f7554a7-1866-4a10-95b9-34c47168d1ff,1633625352468,13.4282145,52.4962191,5.9884057,1.3727711,0.538651,3.1080103,on bike mount,cyclo cross,True,sett,intermediate
a78b398a-7992-49c3-bdeb-325a57e1e32a,0e7dba9f-3a49-4f82-800e-a8bb91289738,ee16a2b8-8e95-4937-b088-23b742e4f3d6,1633625352545,13.4282145,52.4962191,5.9884057,1.4539349,2.917242,22.590052,on bike mount,cyclo cross,True,sett,intermediate
a78b398a-7992-49c3-bdeb-325a57e1e32a,0e7dba9f-3a49-4f82-800e-a8bb91289738,b7685167-5546-4f45-808d-cd9a9647b54e,1633625352604,13.4282925,52.496197,6.0103736,8.630582,-2.603775,-7.8927383,on bike mount,cyclo cross,True,sett,intermediate
a78b398a-7992-49c3-bdeb-325a57e1e32a,0e7dba9f-3a49-4f82-800e-a8bb91289738,32823c3a-c39b-4854-835d-5d7be8259aa1,1633625352667,13.4282925,52.496197,6.0103736,-0.44463232,2.7633328,-15.975737,on bike mount,cyclo cross,True,sett,intermediate
a78b398a-7992-49c3-bdeb-325a57e1e32a,0e7dba9f-3a49-4f82-800e-a8bb91289738,126f83f3-9d95-4fb0-b1e6-9ca9122f6ee4,1633625352718,13.4282925,52.496197,6.0103736,-3.722951,13.69065,-21.848146,on bike mount,cyclo cross,True,sett,intermediate
a78b398a-7992-49c3-bdeb-325a57e1e32a,0e7dba9f-3a49-4f82-800e-a8bb91289738,596cdb88-bdb6-43a9-98fe-4a51d4b6b93d,1633625352769,13.4282925,52.496197,6.0103736,1.5546817,0.52582645,23.101543,on bike mount,cyclo cross,True,sett,intermediate
a78b398a-7992-49c3-bdeb-325a57e1e32a,0e7dba9f-3a49-4f82-800e-a8bb91289738,ac8e09f3-11f4-4f1f-8380-e4a05cb055aa,1633625352818,13.4282925,52.496197,6.0103736,-8.495427,24.135979,-17.559196,on bike mount,cyclo cross,True,sett,intermediate
a78b398a-7992-49c3-bdeb-325a57e1e32a,0e7dba9f-3a49-4f82-800e-a8bb91289738,a402421c-422e-4014-9cb7-5492c6701f29,1633625352868,13.4282925,52.496197,6.0103736,-6.6722794,15.577934,-4.4775705,on bike mount,cyclo cross,True,sett,intermediate
a78b398a-7992-49c3-bdeb-325a57e1e32a,0e7dba9f-3a49-4f82-800e-a8bb91289738,54a0be9f-9a91-46b5-afb1-9f72da949dae,1633625352934,13.4282925,52.496197,6.0103736,-8.601574,21.416214,-29.757978,on bike mount,cyclo cross,True,sett,intermediate
a78b398a-7992-49c3-bdeb-325a57e1e32a,0e7dba9f-3a49-4f82-800e-a8bb91289738,95c6a8da-a656-471e-abdd-9d3d48693c3c,1633625352985,13.4282925,52.496197,6.0103736,-0.22609788,0.85807467,-10.429623,on bike mount,cyclo cross,True,sett,intermediate
a78b398a-7992-49c3-bdeb-325a57e1e32a,0e7dba9f-3a49-4f82-800e-a8bb91289738,b8934351-ac85-4673-98be-e22eac4a8060,1633625353036,13.4282925,52.496197,6.0103736,-4.68352,2.6193466,1.9374866,on bike mount,cyclo cross,True,sett,intermediate
a78b398a-7992-49c3-bdeb-325a57e1e32a,0e7dba9f-3a49-4f82-800e-a8bb91289738,553cd5f0-d160-4eb0-8529-707abc0516aa,1633625353086,13.4282925,52.496197,6.0103736,-0.40091956,6.2661095,-1.9274094,on bike mount,cyclo cross,True,sett,intermediate
a78b398a-7992-49c3-bdeb-325a57e1e32a,0e7dba9f-3a49-4f82-800e-a8bb91289738,3b1563ae-6224-4d77-8c33-08f197bd40ac,1633625353154,13.4282925,52.496197,6.0103736,1.1905879,-6.9551163,-6.581834,on bike mount,cyclo cross,True,sett,intermediate
a78b398a-7992-49c3-bdeb-325a57e1e32a,0e7dba9f-3a49-4f82-800e-a8bb91289738,2535c3f5-d73a-4ad9-86d8-2d13b99c0915,1633625353203,13.4282925,52.496197,6.0103736,-1.0440793,4.6003084,5.384321,on bike mount,cyclo cross,True,sett,intermediate
a78b398a-7992-49c3-bdeb-325a57e1e32a,0e7dba9f-3a49-4f82-800e-a8bb91289738,27f5ce2e-9265-4b6d-b896-9d398175b041,1633625353269,13.4282925,52.496197,6.0103736,-1.3029459,-3.986526,-19.08779,on bike mount,cyclo cross,True,sett,intermediate
a78b398a-7992-49c3-bdeb-325a57e1e32a,0e7dba9f-3a49-4f82-800e-a8bb91289738,fcb19f05-b095-4d91-b820-836301e0e396,1633625353319,13.4282925,52.496197,6.0103736,0.012408614,14.087015,-27.457537,on bike mount,cyclo cross,True,sett,intermediate
a78b398a-7992-49c3-bdeb-325a57e1e32a,0e7dba9f-3a49-4f82-800e-a8bb91289738,6b891038-d9fd-49b9-8f8b-1d3ad76eb580,1633625353370,13.4282925,52.496197,6.0103736,4.965548,0.4852041,-17.803246,on bike mount,cyclo cross,True,sett,intermediate
a78b398a-7992-49c3-bdeb-325a57e1e32a,0e7dba9f-3a49-4f82-800e-a8bb91289738,8cf57ad2-006a-4483-a5c4-047d4ebe0c82,1633625353421,13.4282925,52.496197,6.0103736,-2.004088,1.9169006,10.036972,on bike mount,cyclo cross,True,sett,intermediate
a78b398a-7992-49c3-bdeb-325a57e1e32a,0e7dba9f-3a49-4f82-800e-a8bb91289738,5221f58d-619e-451c-ad49-c3298e0d812d,1633625353486,13.4282925,52.496197,6.0103736,8.128019,17.648651,-25.584007,on bike mount,cyclo cross,True,sett,intermediate
a78b398a-7992-49c3-bdeb-325a57e1e32a,0e7dba9f-3a49-4f82-800e-a8bb91289738,8c8cb1ab-d032-4220-b05b-fb3810f6051c,1633625353545,13.4282925,52.496197,6.0103736,1.8638955,0.10171437,-8.75595,on bike mount,cyclo cross,True,sett,intermediate
a78b398a-7992-49c3-bdeb-325a57e1e32a,0e7dba9f-3a49-4f82-800e-a8bb91289738,a60011e4-d08d-4655-996a-31e0ad526907,1633625353603,13.4283702,52.496171,6.032163,-3.9388099,3.6803646,17.96436,on bike mount,cyclo cross,True,sett,intermediate
a78b398a-7992-49c3-bdeb-325a57e1e32a,0e7dba9f-3a49-4f82-800e-a8bb91289738,0cc87026-0aeb-43e6-a6e8-c78ed0da6aec,1633625353669,13.4283702,52.496171,6.032163,3.362988,-37.75396,-0.34049845,on bike mount,cyclo cross,True,sett,intermediate
a78b398a-7992-49c3-bdeb-325a57e1e32a,0e7dba9f-3a49-4f82-800e-a8bb91289738,59bfab55-7a5e-4cd0-9a15-ba8b06b57d02,1633625353721,13.4283702,52.496171,6.032163,11.0319605,65.12252,-13.6032095,on bike mount,cyclo cross,True,sett,intermediate
a78b398a-7992-49c3-bdeb-325a57e1e32a,0e7dba9f-3a49-4f82-800e-a8bb91289738,3e2444a4-f284-456e-9286-592859a901e1,1633625353787,13.4283702,52.496171,6.032163,-2.6035771,20.42486,-21.362526,on bike mount,cyclo cross,True,sett,intermediate
a78b398a-7992-49c3-bdeb-325a57e1e32a,0e7dba9f-3a49-4f82-800e-a8bb91289738,38ce5b80-a537-480d-bd8b-402f2c5751ff,1633625353838,13.4283702,52.496171,6.032163,-1.4855378,11.023144,-1.7761269,on bike mount,cyclo cross,True,sett,intermediate
a78b398a-7992-49c3-bdeb-325a57e1e32a,0e7dba9f-3a49-4f82-800e-a8bb91289738,750d9688-9eb1-45f7-ab00-5619f2c0c642,1633625353904,13.4283702,52.496171,6.032163,0.13726854,11.52559,-11.403299,on bike mount,cyclo cross,True,sett,intermediate
a78b398a-7992-49c3-bdeb-325a57e1e32a,0e7dba9f-3a49-4f82-800e-a8bb91289738,14298df9-f089-44a4-9168-3001204c9dae,1633625353955,13.4283702,52.496171,6.032163,-5.136512,-27.727404,4.736905,on bike mount,cyclo cross,True,sett,intermediate
a78b398a-7992-49c3-bdeb-325a57e1e32a,0e7dba9f-3a49-4f82-800e-a8bb91289738,f6c32da4-84c6-4193-a2d7-567261891cef,1633625354020,13.4283702,52.496171,6.032163,-6.499256,-0.41222227,3.4991102,on bike mount,cyclo cross,True,sett,intermediate
a78b398a-7992-49c3-bdeb-325a57e1e32a,0e7dba9f-3a49-4f82-800e-a8bb91289738,f2173709-0fa6-4c20-b366-b6a9700b9c56,1633625354071,13.4283702,52.496171,6.032163,-1.4317518,11.670178,-7.772804,on bike mount,cyclo cross,True,sett,intermediate
a78b398a-7992-49c3-bdeb-325a57e1e32a,0e7dba9f-3a49-4f82-800e-a8bb91289738,7b1a5058-44df-4282-89ce-87df68062584,1633625354138,13.4283702,52.496171,6.032163,1.4977164,21.1095,7.15452,on bike mount,cyclo cross,True,sett,intermediate
a78b398a-7992-49c3-bdeb-325a57e1e32a,0e7dba9f-3a49-4f82-800e-a8bb91289738,89d79cca-f98b-4a7f-b138-4189c718b2ad,1633625354189,13.4283702,52.496171,6.032163,-4.001178,-5.5910883,11.17806,on bike mount,cyclo cross,True,sett,intermediate
