bike_activity_uid,bike_activity_sample_uid,bike_activity_measurement,bike_activity_measurement_timestamp,bike_activity_measurement_lon,bike_activity_measurement_lat,bike_activity_measurement_speed,bike_activity_measurement_accelerometer_x,bike_activity_measurement_accelerometer_y,bike_activity_measurement_accelerometer_z,bike_activity_phone_position,bike_activity_bike_type,bike_activity_flagged_lab_conditions,bike_activity_surface_type,bike_activity_smoothness_type
a96b5a89-73b3-47d2-ba91-3e06bdcd6feb,e3bfe042-eb7d-44db-a833-3b3e66a73887,19179806-ce63-4e2b-a400-919c823197f2,1632651052609,13.4349952,52.4942092,6.146101,3.481989,-16.80766,-7.6811647,on bike mount,cyclo cross,True,sett,intermediate
a96b5a89-73b3-47d2-ba91-3e06bdcd6feb,e3bfe042-eb7d-44db-a833-3b3e66a73887,98a2b0bf-30dd-465c-96a8-1672690053c7,1632651052676,13.4349952,52.4942092,6.146101,-11.833797,28.206581,-21.734333,on bike mount,cyclo cross,True,sett,intermediate
a96b5a89-73b3-47d2-ba91-3e06bdcd6feb,e3bfe042-eb7d-44db-a833-3b3e66a73887,6e4e99ff-8dff-4552-a576-5c2f32282d6c,1632651052743,13.4349952,52.4942092,6.146101,-6.9214554,20.89456,-30.173258,on bike mount,cyclo cross,True,sett,intermediate
a96b5a89-73b3-47d2-ba91-3e06bdcd6feb,e3bfe042-eb7d-44db-a833-3b3e66a73887,ce921ced-041c-4bfc-9251-55eaaef8503f,1632651052809,13.4349952,52.4942092,6.146101,2.9381614,1.1924953,-17.814278,on bike mount,cyclo cross,True,sett,intermediate
a96b5a89-73b3-47d2-ba91-3e06bdcd6feb,e3bfe042-eb7d-44db-a833-3b3e66a73887,2388d3c2-9e14-471e-a8d0-c919905c0fbd,1632651052859,13.4349952,52.4942092,6.146101,-14.094342,17.718609,-15.987201,on bike mount,cyclo cross,True,sett,intermediate
a96b5a89-73b3-47d2-ba91-3e06bdcd6feb,e3bfe042-eb7d-44db-a833-3b3e66a73887,71d0aa20-5ce7-4bee-bf9f-56dd1e9a04e2,1632651052909,13.4349952,52.4942092,6.146101,0.6852006,-1.9905882,-7.7684283,on bike mount,cyclo cross,True,sett,intermediate
a96b5a89-73b3-47d2-ba91-3e06bdcd6feb,e3bfe042-eb7d-44db-a833-3b3e66a73887,4ade6cdf-33d9-4843-a300-6f8a362f6164,1632651052960,13.4349952,52.4942092,6.146101,0.3003937,-1.1667657,-13.97545,on bike mount,cyclo cross,True,sett,intermediate
a96b5a89-73b3-47d2-ba91-3e06bdcd6feb,e3bfe042-eb7d-44db-a833-3b3e66a73887,d0d9e054-55ff-42c6-8595-41678a256bbd,1632651053027,13.4349952,52.4942092,6.146101,-2.372111,-20.99197,9.191723,on bike mount,cyclo cross,True,sett,intermediate
a96b5a89-73b3-47d2-ba91-3e06bdcd6feb,e3bfe042-eb7d-44db-a833-3b3e66a73887,470321ea-15fc-43e2-96eb-5920eef502a3,1632651053093,13.4349952,52.4942092,6.146101,-2.1081946,27.121315,-6.5884466,on bike mount,cyclo cross,True,sett,intermediate
a96b5a89-73b3-47d2-ba91-3e06bdcd6feb,e3bfe042-eb7d-44db-a833-3b3e66a73887,a61dab92-1187-493c-a1cb-99731e6abf02,1632651053160,13.4349089,52.4942365,6.224273,3.1034245,-21.84354,5.8282127,on bike mount,cyclo cross,True,sett,intermediate
a96b5a89-73b3-47d2-ba91-3e06bdcd6feb,e3bfe042-eb7d-44db-a833-3b3e66a73887,b478b32d-6106-4635-abb7-b53892d89d29,1632651053226,13.4349089,52.4942365,6.224273,-4.3604555,-4.1838436,21.22417,on bike mount,cyclo cross,True,sett,intermediate
a96b5a89-73b3-47d2-ba91-3e06bdcd6feb,e3bfe042-eb7d-44db-a833-3b3e66a73887,7bf3e03d-9791-429a-a7c4-90a0a01ecab6,1632651053277,13.4349089,52.4942365,6.224273,-3.8128471,6.5830975,20.915194,on bike mount,cyclo cross,True,sett,intermediate
a96b5a89-73b3-47d2-ba91-3e06bdcd6feb,e3bfe042-eb7d-44db-a833-3b3e66a73887,d11d227a-ed27-484a-976c-fd8c69efd1a0,1632651053343,13.4349089,52.4942365,6.224273,2.1110084,-18.073736,0.33022213,on bike mount,cyclo cross,True,sett,intermediate
a96b5a89-73b3-47d2-ba91-3e06bdcd6feb,e3bfe042-eb7d-44db-a833-3b3e66a73887,54d40141-3ff1-4192-9f31-56700df907f2,1632651053395,13.4349089,52.4942365,6.224273,4.4985895,8.936726,-12.324065,on bike mount,cyclo cross,True,sett,intermediate
a96b5a89-73b3-47d2-ba91-3e06bdcd6feb,e3bfe042-eb7d-44db-a833-3b3e66a73887,6c459b16-8dcb-401f-87ee-45b1952c3168,1632651053460,13.4349089,52.4942365,6.224273,-7.0956125,6.932743,-5.7690864,on bike mount,cyclo cross,True,sett,intermediate
a96b5a89-73b3-47d2-ba91-3e06bdcd6feb,e3bfe042-eb7d-44db-a833-3b3e66a73887,a6338cd4-addf-4a89-b021-4e90307eefbb,1632651053511,13.4349089,52.4942365,6.224273,3.2874134,-9.169519,-17.552958,on bike mount,cyclo cross,True,sett,intermediate
a96b5a89-73b3-47d2-ba91-3e06bdcd6feb,e3bfe042-eb7d-44db-a833-3b3e66a73887,87e5ee5c-9ea5-4a72-b311-fdabc8cd822a,1632651053577,13.4349089,52.4942365,6.224273,-10.773876,7.127924,-28.022388,on bike mount,cyclo cross,True,sett,intermediate
a96b5a89-73b3-47d2-ba91-3e06bdcd6feb,e3bfe042-eb7d-44db-a833-3b3e66a73887,09d98a98-9057-4372-b612-955a044d8b79,1632651053627,13.4349089,52.4942365,6.224273,2.186782,-15.196892,-25.301481,on bike mount,cyclo cross,True,sett,intermediate
a96b5a89-73b3-47d2-ba91-3e06bdcd6feb,e3bfe042-eb7d-44db-a833-3b3e66a73887,86810bb6-cbec-400a-b686-97087ba50570,1632651053677,13.4349089,52.4942365,6.224273,2.632999,-5.7263207,-0.32310724,on bike mount,cyclo cross,True,sett,intermediate
a96b5a89-73b3-47d2-ba91-3e06bdcd6feb,e3bfe042-eb7d-44db-a833-3b3e66a73887,f64b459c-3898-49d7-9df7-5d919a38c964,1632651053728,13.4349089,52.4942365,6.224273,11.56107,-3.8984113,-14.605963,on bike mount,cyclo cross,True,sett,intermediate
a96b5a89-73b3-47d2-ba91-3e06bdcd6feb,e3bfe042-eb7d-44db-a833-3b3e66a73887,0a6b9b46-5985-4042-a831-80526316faa9,1632651053794,13.4349089,52.4942365,6.224273,-2.5491796,3.2341967,-9.782339,on bike mount,cyclo cross,True,sett,intermediate
a96b5a89-73b3-47d2-ba91-3e06bdcd6feb,e3bfe042-eb7d-44db-a833-3b3e66a73887,96f61b4f-9e36-4852-92d9-5773641b061a,1632651053844,13.4349089,52.4942365,6.224273,-3.7484927,-36.97042,7.8054714,on bike mount,cyclo cross,True,sett,intermediate
a96b5a89-73b3-47d2-ba91-3e06bdcd6feb,e3bfe042-eb7d-44db-a833-3b3e66a73887,b2104fcd-b22d-4c9d-8166-eb2787e1e35c,1632651053911,13.4349089,52.4942365,6.224273,6.2022414,0.6847596,-23.847988,on bike mount,cyclo cross,True,sett,intermediate
a96b5a89-73b3-47d2-ba91-3e06bdcd6feb,e3bfe042-eb7d-44db-a833-3b3e66a73887,1ed49168-1157-4858-8fc2-ecaa60924e49,1632651053978,13.4349089,52.4942365,6.224273,4.644367,-21.048113,11.310917,on bike mount,cyclo cross,True,sett,intermediate
a96b5a89-73b3-47d2-ba91-3e06bdcd6feb,e3bfe042-eb7d-44db-a833-3b3e66a73887,0cccddac-2624-430f-aaff-86cda67b9951,1632651054044,13.4349089,52.4942365,6.224273,6.4122076,-9.574188,0.74073696,on bike mount,cyclo cross,True,sett,intermediate
a96b5a89-73b3-47d2-ba91-3e06bdcd6feb,e3bfe042-eb7d-44db-a833-3b3e66a73887,31528894-f399-428e-b13e-91ac335d6886,1632651054111,13.4348232,52.4942592,6.602207,-4.977175,3.7424412,11.168423,on bike mount,cyclo cross,True,sett,intermediate
a96b5a89-73b3-47d2-ba91-3e06bdcd6feb,e3bfe042-eb7d-44db-a833-3b3e66a73887,96dd9c62-9b9f-4c66-b759-2ec1395fb972,1632651054178,13.4348232,52.4942592,6.602207,-4.270316,13.198923,-10.526369,on bike mount,cyclo cross,True,sett,intermediate
a96b5a89-73b3-47d2-ba91-3e06bdcd6feb,e3bfe042-eb7d-44db-a833-3b3e66a73887,3292b688-3251-43d9-9f38-c11197780650,1632651054245,13.4348232,52.4942592,6.602207,-3.7059283,9.754209,9.731812,on bike mount,cyclo cross,True,sett,intermediate
a96b5a89-73b3-47d2-ba91-3e06bdcd6feb,e3bfe042-eb7d-44db-a833-3b3e66a73887,a4a64f32-49c8-4f94-9ddb-ab79e93dd6f0,1632651054312,13.4348232,52.4942592,6.602207,10.454095,-26.25069,1.0937719,on bike mount,cyclo cross,True,sett,intermediate
a96b5a89-73b3-47d2-ba91-3e06bdcd6feb,e3bfe042-eb7d-44db-a833-3b3e66a73887,7b8a3502-c708-421f-bd5c-24c68a02aff9,1632651054379,13.4348232,52.4942592,6.602207,-6.1450768,7.3399115,-0.6617446,on bike mount,cyclo cross,True,sett,intermediate
a96b5a89-73b3-47d2-ba91-3e06bdcd6feb,e3bfe042-eb7d-44db-a833-3b3e66a73887,dc410b65-247a-46b0-a246-45c3ac8b2c8c,1632651054445,13.4348232,52.4942592,6.602207,3.3439367,-3.486983,-14.966057,on bike mount,cyclo cross,True,sett,intermediate
a96b5a89-73b3-47d2-ba91-3e06bdcd6feb,e3bfe042-eb7d-44db-a833-3b3e66a73887,6ac2ee7a-85bc-41cb-9421-99443d1dca84,1632651054495,13.4348232,52.4942592,6.602207,0.50196654,-20.17099,16.557144,on bike mount,cyclo cross,True,sett,intermediate
a96b5a89-73b3-47d2-ba91-3e06bdcd6feb,e3bfe042-eb7d-44db-a833-3b3e66a73887,8bc1faa3-1253-40fa-93d8-a15d0b924afd,1632651054545,13.4348232,52.4942592,6.602207,2.7895906,-9.210768,2.85038,on bike mount,cyclo cross,True,sett,intermediate
a96b5a89-73b3-47d2-ba91-3e06bdcd6feb,e3bfe042-eb7d-44db-a833-3b3e66a73887,eede1472-798f-4fcd-8574-cb53a3b9248b,1632651054595,13.4348232,52.4942592,6.602207,1.2354853,6.167345,-20.24885,on bike mount,cyclo cross,True,sett,intermediate
a96b5a89-73b3-47d2-ba91-3e06bdcd6feb,e3bfe042-eb7d-44db-a833-3b3e66a73887,26dff5a1-685a-449b-bc5d-2ced29d8efa6,1632651054646,13.4348232,52.4942592,6.602207,-3.2488718,-1.2692189,-7.8557396,on bike mount,cyclo cross,True,sett,intermediate
a96b5a89-73b3-47d2-ba91-3e06bdcd6feb,e3bfe042-eb7d-44db-a833-3b3e66a73887,badf7fb6-d215-4d86-9047-2ca13a6d8376,1632651054712,13.4348232,52.4942592,6.602207,1.2497845,2.1334019,-6.9395895,on bike mount,cyclo cross,True,sett,intermediate
a96b5a89-73b3-47d2-ba91-3e06bdcd6feb,e3bfe042-eb7d-44db-a833-3b3e66a73887,10a17784-cf57-4569-9a44-7334e5c37f33,1632651054763,13.4348232,52.4942592,6.602207,-3.1070476,3.645197,-7.453728,on bike mount,cyclo cross,True,sett,intermediate
a96b5a89-73b3-47d2-ba91-3e06bdcd6feb,e3bfe042-eb7d-44db-a833-3b3e66a73887,6b8fb021-503c-478d-84a5-d40cea29bc95,1632651054829,13.4348232,52.4942592,6.602207,-1.3910246,1.2569962,-6.5169506,on bike mount,cyclo cross,True,sett,intermediate
a96b5a89-73b3-47d2-ba91-3e06bdcd6feb,e3bfe042-eb7d-44db-a833-3b3e66a73887,ac7c7ffb-f11f-4706-bac6-034ed423c904,1632651054896,13.4348232,52.4942592,6.602207,-7.449666,-12.727253,11.361528,on bike mount,cyclo cross,True,sett,intermediate
a96b5a89-73b3-47d2-ba91-3e06bdcd6feb,e3bfe042-eb7d-44db-a833-3b3e66a73887,6a8532f2-5083-4029-af69-be973c7c2567,1632651054946,13.4348232,52.4942592,6.602207,8.8967285,-3.8254292,0.6001549,on bike mount,cyclo cross,True,sett,intermediate
a96b5a89-73b3-47d2-ba91-3e06bdcd6feb,e3bfe042-eb7d-44db-a833-3b3e66a73887,93d8d61b-758c-4768-bfaf-10bc0e45d03e,1632651055013,13.4348232,52.4942592,6.602207,0.7086166,7.2702255,-20.836983,on bike mount,cyclo cross,True,sett,intermediate
a96b5a89-73b3-47d2-ba91-3e06bdcd6feb,e3bfe042-eb7d-44db-a833-3b3e66a73887,b6702e9a-d16a-4a3e-baf8-041f5de5c897,1632651055080,13.4348232,52.4942592,6.602207,-1.0176781,-12.416236,5.9424067,on bike mount,cyclo cross,True,sett,intermediate
a96b5a89-73b3-47d2-ba91-3e06bdcd6feb,e3bfe042-eb7d-44db-a833-3b3e66a73887,4194bab2-87e4-4d53-936b-7068898d1ae1,1632651055146,13.4347363,52.4942888,6.8901525,-3.8264947,-6.8577433,20.88942,on bike mount,cyclo cross,True,sett,intermediate
a96b5a89-73b3-47d2-ba91-3e06bdcd6feb,e3bfe042-eb7d-44db-a833-3b3e66a73887,37dcd4c0-7d44-4fd8-9a98-118b4d1da976,1632651055213,13.4347363,52.4942888,6.8901525,1.7402467,17.916271,12.373836,on bike mount,cyclo cross,True,sett,intermediate
a96b5a89-73b3-47d2-ba91-3e06bdcd6feb,e3bfe042-eb7d-44db-a833-3b3e66a73887,86235a9e-6839-4f6f-ba82-36b4099d14e0,1632651055280,13.4347363,52.4942888,6.8901525,2.4304798,10.160969,-19.38619,on bike mount,cyclo cross,True,sett,intermediate
a96b5a89-73b3-47d2-ba91-3e06bdcd6feb,e3bfe042-eb7d-44db-a833-3b3e66a73887,017cfb33-bcd5-4966-bcb1-189659bb7155,1632651055347,13.4347363,52.4942888,6.8901525,-6.200044,17.595404,-18.964834,on bike mount,cyclo cross,True,sett,intermediate
a96b5a89-73b3-47d2-ba91-3e06bdcd6feb,e3bfe042-eb7d-44db-a833-3b3e66a73887,dbc88221-ab9c-4c5d-841d-b89a40a6941a,1632651055413,13.4347363,52.4942888,6.8901525,4.783581,-2.6987636,-9.904658,on bike mount,cyclo cross,True,sett,intermediate
a96b5a89-73b3-47d2-ba91-3e06bdcd6feb,e3bfe042-eb7d-44db-a833-3b3e66a73887,40b142f8-5fa1-4b75-b402-8322e71abdd4,1632651055480,13.4347363,52.4942888,6.8901525,0.7266003,6.7337775,-12.83369,on bike mount,cyclo cross,True,sett,intermediate
a96b5a89-73b3-47d2-ba91-3e06bdcd6feb,e3bfe042-eb7d-44db-a833-3b3e66a73887,041ae700-a552-418b-947c-011363f0e74b,1632651055547,13.4347363,52.4942888,6.8901525,0.43570918,23.644218,-28.503914,on bike mount,cyclo cross,True,sett,intermediate
a96b5a89-73b3-47d2-ba91-3e06bdcd6feb,e3bfe042-eb7d-44db-a833-3b3e66a73887,882cad95-397e-435d-92a0-f13aaa0d0887,1632651055613,13.4347363,52.4942888,6.8901525,6.8222604,3.5354457,-11.099019,on bike mount,cyclo cross,True,sett,intermediate
a96b5a89-73b3-47d2-ba91-3e06bdcd6feb,e3bfe042-eb7d-44db-a833-3b3e66a73887,57a689c5-c41f-43b7-a876-80164223f90a,1632651055663,13.4347363,52.4942888,6.8901525,0.7575173,-35.908836,-5.7247486,on bike mount,cyclo cross,True,sett,intermediate
a96b5a89-73b3-47d2-ba91-3e06bdcd6feb,e3bfe042-eb7d-44db-a833-3b3e66a73887,86168c8d-9b19-45ca-a383-8eda1c10bdb0,1632651055714,13.4347363,52.4942888,6.8901525,2.7516813,-12.248784,6.1648045,on bike mount,cyclo cross,True,sett,intermediate
a96b5a89-73b3-47d2-ba91-3e06bdcd6feb,e3bfe042-eb7d-44db-a833-3b3e66a73887,809f74a9-8fee-4cbe-ab2a-ba4fa24ada5b,1632651055780,13.4347363,52.4942888,6.8901525,-3.9900951,11.51933,-2.105146,on bike mount,cyclo cross,True,sett,intermediate
a96b5a89-73b3-47d2-ba91-3e06bdcd6feb,e3bfe042-eb7d-44db-a833-3b3e66a73887,c5f06308-0d20-4440-93fc-82cb81968d38,1632651055847,13.4347363,52.4942888,6.8901525,-1.193758,-15.259947,3.5628424,on bike mount,cyclo cross,True,sett,intermediate
a96b5a89-73b3-47d2-ba91-3e06bdcd6feb,e3bfe042-eb7d-44db-a833-3b3e66a73887,1842fb2e-67d4-4355-b557-944fbf2854e4,1632651055897,13.4347363,52.4942888,6.8901525,0.027504086,5.1947155,1.1143932,on bike mount,cyclo cross,True,sett,intermediate
a96b5a89-73b3-47d2-ba91-3e06bdcd6feb,e3bfe042-eb7d-44db-a833-3b3e66a73887,03989342-7e66-406a-b0fd-ec4d37560732,1632651055947,13.4347363,52.4942888,6.8901525,-5.37018,13.572367,-0.583395,on bike mount,cyclo cross,True,sett,intermediate
a96b5a89-73b3-47d2-ba91-3e06bdcd6feb,e3bfe042-eb7d-44db-a833-3b3e66a73887,65189a83-560e-4645-a16a-67a1b7c1d1c9,1632651056014,13.4347363,52.4942888,6.8901525,12.553764,34.721016,2.5323286,on bike mount,cyclo cross,True,sett,intermediate
a96b5a89-73b3-47d2-ba91-3e06bdcd6feb,e3bfe042-eb7d-44db-a833-3b3e66a73887,bf17d8dc-a21d-4e08-845e-06543b8f9e72,1632651056081,13.4347363,52.4942888,6.8901525,-1.9731178,-23.299816,50.42614,on bike mount,cyclo cross,True,sett,intermediate
a96b5a89-73b3-47d2-ba91-3e06bdcd6feb,e3bfe042-eb7d-44db-a833-3b3e66a73887,01dfe105-decd-43c8-b90f-9eb9f2f2cd42,1632651056147,13.4346546,52.4943212,5.95221,-9.286437,16.421665,0.47231293,on bike mount,cyclo cross,True,sett,intermediate
a96b5a89-73b3-47d2-ba91-3e06bdcd6feb,e3bfe042-eb7d-44db-a833-3b3e66a73887,cd5e2952-21b3-45d7-af9b-78675c8ca766,1632651056214,13.4346546,52.4943212,5.95221,1.9591017,-5.7876124,9.525597,on bike mount,cyclo cross,True,sett,intermediate
a96b5a89-73b3-47d2-ba91-3e06bdcd6feb,e3bfe042-eb7d-44db-a833-3b3e66a73887,ef000483-8d5a-4b8b-b03e-a89078d739d5,1632651056281,13.4346546,52.4943212,5.95221,-1.2492702,-19.267843,-2.3602443,on bike mount,cyclo cross,True,sett,intermediate
a96b5a89-73b3-47d2-ba91-3e06bdcd6feb,e3bfe042-eb7d-44db-a833-3b3e66a73887,d9e7ac04-b9c9-422e-8d96-e3066317eca6,1632651056348,13.4346546,52.4943212,5.95221,-0.70119786,12.363544,-11.747286,on bike mount,cyclo cross,True,sett,intermediate
a96b5a89-73b3-47d2-ba91-3e06bdcd6feb,e3bfe042-eb7d-44db-a833-3b3e66a73887,407c7c6d-7088-4a1e-bd4e-051bd2aad77c,1632651056415,13.4346546,52.4943212,5.95221,-5.5532336,14.476261,-6.85964,on bike mount,cyclo cross,True,sett,intermediate
a96b5a89-73b3-47d2-ba91-3e06bdcd6feb,e3bfe042-eb7d-44db-a833-3b3e66a73887,03b42cd1-7989-4ca1-9f62-48acd3d751cc,1632651056481,13.4346546,52.4943212,5.95221,1.1870654,-15.30917,19.23196,on bike mount,cyclo cross,True,sett,intermediate
a96b5a89-73b3-47d2-ba91-3e06bdcd6feb,e3bfe042-eb7d-44db-a833-3b3e66a73887,ecdb3672-b029-45e9-8c56-e0d3fc5b44c7,1632651056531,13.4346546,52.4943212,5.95221,3.3601995,33.30008,16.126245,on bike mount,cyclo cross,True,sett,intermediate
a96b5a89-73b3-47d2-ba91-3e06bdcd6feb,e3bfe042-eb7d-44db-a833-3b3e66a73887,4c5af30a-71c7-4226-880f-afa148225eed,1632651056582,13.4346546,52.4943212,5.95221,5.3711834,1.5103827,-16.559076,on bike mount,cyclo cross,True,sett,intermediate
a96b5a89-73b3-47d2-ba91-3e06bdcd6feb,e3bfe042-eb7d-44db-a833-3b3e66a73887,ff24d7e8-7a22-40f6-9746-a5708e8dc002,1632651056648,13.4346546,52.4943212,5.95221,2.013644,2.2762928,2.1073227,on bike mount,cyclo cross,True,sett,intermediate
a96b5a89-73b3-47d2-ba91-3e06bdcd6feb,e3bfe042-eb7d-44db-a833-3b3e66a73887,86200a85-8b10-43d8-b167-6ed87c6f18a0,1632651056698,13.4346546,52.4943212,5.95221,-11.217979,26.543663,-5.265854,on bike mount,cyclo cross,True,sett,intermediate
a96b5a89-73b3-47d2-ba91-3e06bdcd6feb,e3bfe042-eb7d-44db-a833-3b3e66a73887,61ad6786-9013-420f-9d2d-5329e8aac842,1632651056748,13.4346546,52.4943212,5.95221,-3.372004,18.867872,-6.554246,on bike mount,cyclo cross,True,sett,intermediate
a96b5a89-73b3-47d2-ba91-3e06bdcd6feb,e3bfe042-eb7d-44db-a833-3b3e66a73887,b1719b47-fa3c-49d9-b30b-4629e5d35bc7,1632651056815,13.4346546,52.4943212,5.95221,-5.959837,26.406012,-10.774305,on bike mount,cyclo cross,True,sett,intermediate
a96b5a89-73b3-47d2-ba91-3e06bdcd6feb,e3bfe042-eb7d-44db-a833-3b3e66a73887,a38f03d6-0678-43f8-8190-8d72304f9502,1632651056882,13.4346546,52.4943212,5.95221,-0.74813354,-10.181001,5.267501,on bike mount,cyclo cross,True,sett,intermediate
a96b5a89-73b3-47d2-ba91-3e06bdcd6feb,e3bfe042-eb7d-44db-a833-3b3e66a73887,e22ef429-df06-452f-8328-cc2640015a84,1632651056949,13.4346546,52.4943212,5.95221,-5.4425507,24.051756,-10.657793,on bike mount,cyclo cross,True,sett,intermediate
a96b5a89-73b3-47d2-ba91-3e06bdcd6feb,e3bfe042-eb7d-44db-a833-3b3e66a73887,8c8f2e1f-d893-44d3-8a94-fa61c1ca32ba,1632651057015,13.4346546,52.4943212,5.95221,5.618406,-4.712491,14.812173,on bike mount,cyclo cross,True,sett,intermediate
a96b5a89-73b3-47d2-ba91-3e06bdcd6feb,e3bfe042-eb7d-44db-a833-3b3e66a73887,1a528a57-807d-48a2-908c-3fe31de467d8,1632651057083,13.4346546,52.4943212,5.95221,-2.846362,-5.1852727,-9.717031,on bike mount,cyclo cross,True,sett,intermediate
a96b5a89-73b3-47d2-ba91-3e06bdcd6feb,e3bfe042-eb7d-44db-a833-3b3e66a73887,f333c438-ec48-49ff-bf49-407cf05edb57,1632651057149,13.4345743,52.4943415,6.255994,-12.445912,25.921373,-12.164444,on bike mount,cyclo cross,True,sett,intermediate
a96b5a89-73b3-47d2-ba91-3e06bdcd6feb,e3bfe042-eb7d-44db-a833-3b3e66a73887,d3d59a18-72f3-4358-a9a9-ffcc47d9d00b,1632651057215,13.4345743,52.4943415,6.255994,2.8378823,-2.6349611,-15.546258,on bike mount,cyclo cross,True,sett,intermediate
a96b5a89-73b3-47d2-ba91-3e06bdcd6feb,e3bfe042-eb7d-44db-a833-3b3e66a73887,108f98fe-948a-4a13-abf4-191557332342,1632651057266,13.4345743,52.4943415,6.255994,-0.31203932,-8.951817,-11.906214,on bike mount,cyclo cross,True,sett,intermediate
a96b5a89-73b3-47d2-ba91-3e06bdcd6feb,e3bfe042-eb7d-44db-a833-3b3e66a73887,3c55d774-ef1d-43e5-9740-5ea2d9dcffbe,1632651057332,13.4345743,52.4943415,6.255994,5.4814434,6.710193,-10.192932,on bike mount,cyclo cross,True,sett,intermediate
a96b5a89-73b3-47d2-ba91-3e06bdcd6feb,e3bfe042-eb7d-44db-a833-3b3e66a73887,6af40455-aef1-447e-8eed-a12f1b2bf9d5,1632651057399,13.4345743,52.4943415,6.255994,-3.21682,3.7010765,15.548714,on bike mount,cyclo cross,True,sett,intermediate
a96b5a89-73b3-47d2-ba91-3e06bdcd6feb,e3bfe042-eb7d-44db-a833-3b3e66a73887,651400d0-520c-4415-a26e-0c7abb3b8bfa,1632651057449,13.4345743,52.4943415,6.255994,2.3653984,-5.054015,-1.7900767,on bike mount,cyclo cross,True,sett,intermediate
a96b5a89-73b3-47d2-ba91-3e06bdcd6feb,e3bfe042-eb7d-44db-a833-3b3e66a73887,42177e98-2cf3-4de2-99d4-01013c948abe,1632651057500,13.4345743,52.4943415,6.255994,-2.2730267,-7.707755,14.940758,on bike mount,cyclo cross,True,sett,intermediate
a96b5a89-73b3-47d2-ba91-3e06bdcd6feb,e3bfe042-eb7d-44db-a833-3b3e66a73887,7604f377-05c0-4ed9-b5dd-769060ea228f,1632651057566,13.4345743,52.4943415,6.255994,-4.565584,-2.953693,-3.8849342,on bike mount,cyclo cross,True,sett,intermediate
a96b5a89-73b3-47d2-ba91-3e06bdcd6feb,e3bfe042-eb7d-44db-a833-3b3e66a73887,a12fb75c-7c96-4562-8a34-b365a5c870ba,1632651057616,13.4345743,52.4943415,6.255994,2.123895,3.587563,11.093731,on bike mount,cyclo cross,True,sett,intermediate
a96b5a89-73b3-47d2-ba91-3e06bdcd6feb,e3bfe042-eb7d-44db-a833-3b3e66a73887,8ba65771-13d9-473e-9d91-6942e51e49a8,1632651057666,13.4345743,52.4943415,6.255994,9.291088,-17.325483,-17.170334,on bike mount,cyclo cross,True,sett,intermediate
a96b5a89-73b3-47d2-ba91-3e06bdcd6feb,e3bfe042-eb7d-44db-a833-3b3e66a73887,de38baff-6845-4804-ab6c-5bcb846d57c2,1632651057716,13.4345743,52.4943415,6.255994,4.8465447,-1.6336012,-15.525702,on bike mount,cyclo cross,True,sett,intermediate
a96b5a89-73b3-47d2-ba91-3e06bdcd6feb,e3bfe042-eb7d-44db-a833-3b3e66a73887,40146fef-9aad-4731-98b1-f36deb6f1c70,1632651057766,13.4345743,52.4943415,6.255994,-4.476786,7.680723,25.602839,on bike mount,cyclo cross,True,sett,intermediate
a96b5a89-73b3-47d2-ba91-3e06bdcd6feb,e3bfe042-eb7d-44db-a833-3b3e66a73887,bcb9ed76-4911-4d65-be71-43dd45519d8b,1632651057833,13.4345743,52.4943415,6.255994,-0.79761493,-12.625032,6.429883,on bike mount,cyclo cross,True,sett,intermediate
a96b5a89-73b3-47d2-ba91-3e06bdcd6feb,e3bfe042-eb7d-44db-a833-3b3e66a73887,13792ce3-bd55-44e9-b16c-159f2b4a7ad9,1632651057883,13.4345743,52.4943415,6.255994,14.223563,-1.1365972,-1.2267098,on bike mount,cyclo cross,True,sett,intermediate
a96b5a89-73b3-47d2-ba91-3e06bdcd6feb,e3bfe042-eb7d-44db-a833-3b3e66a73887,53631d06-c85b-4924-8f4b-fa99a2b26b95,1632651057950,13.4345743,52.4943415,6.255994,-4.2804065,8.815615,14.988618,on bike mount,cyclo cross,True,sett,intermediate
a96b5a89-73b3-47d2-ba91-3e06bdcd6feb,e3bfe042-eb7d-44db-a833-3b3e66a73887,d2a649e0-4961-4734-b347-c4e912395f99,1632651058017,13.4345743,52.4943415,6.255994,-6.2331524,-5.771537,13.704938,on bike mount,cyclo cross,True,sett,intermediate
a96b5a89-73b3-47d2-ba91-3e06bdcd6feb,e3bfe042-eb7d-44db-a833-3b3e66a73887,fc155454-4b5d-4218-834e-a4e666a54877,1632651058084,13.4345743,52.4943415,6.255994,-2.360888,-4.368281,-1.4867105,on bike mount,cyclo cross,True,sett,intermediate
a96b5a89-73b3-47d2-ba91-3e06bdcd6feb,e3bfe042-eb7d-44db-a833-3b3e66a73887,64a0a1f0-2556-4d11-927e-93e2891d3e08,1632651058151,13.4344933,52.4943604,5.695517,8.856519,-2.0146205,-8.055947,on bike mount,cyclo cross,True,sett,intermediate
a96b5a89-73b3-47d2-ba91-3e06bdcd6feb,e3bfe042-eb7d-44db-a833-3b3e66a73887,90a932e0-7900-487f-b330-102d26f9986b,1632651058217,13.4344933,52.4943604,5.695517,5.4656796,-41.750877,-1.6434989,on bike mount,cyclo cross,True,sett,intermediate
a96b5a89-73b3-47d2-ba91-3e06bdcd6feb,e3bfe042-eb7d-44db-a833-3b3e66a73887,27fd1485-c9d3-49d4-96e1-56b154d52903,1632651058267,13.4344933,52.4943604,5.695517,-1.6624107,-1.6982527,13.714341,on bike mount,cyclo cross,True,sett,intermediate
a96b5a89-73b3-47d2-ba91-3e06bdcd6feb,e3bfe042-eb7d-44db-a833-3b3e66a73887,ec4da4bd-19f8-42ce-9ed5-9828740691e7,1632651058317,13.4344933,52.4943604,5.695517,-12.694045,33.250954,-22.001846,on bike mount,cyclo cross,True,sett,intermediate
a96b5a89-73b3-47d2-ba91-3e06bdcd6feb,e3bfe042-eb7d-44db-a833-3b3e66a73887,015ce429-372b-4c2c-90e2-8d79e2ce25e1,1632651058367,13.4344933,52.4943604,5.695517,4.021131,-3.031164,-0.45785427,on bike mount,cyclo cross,True,sett,intermediate
a96b5a89-73b3-47d2-ba91-3e06bdcd6feb,e3bfe042-eb7d-44db-a833-3b3e66a73887,ce95713c-f3eb-4dd5-85b1-bb71971f31b8,1632651058417,13.4344933,52.4943604,5.695517,-4.994197,2.3836703,-5.7464747,on bike mount,cyclo cross,True,sett,intermediate
a96b5a89-73b3-47d2-ba91-3e06bdcd6feb,e3bfe042-eb7d-44db-a833-3b3e66a73887,4df8964d-3e00-48ad-b1ff-6695b8afa191,1632651058467,13.4344933,52.4943604,5.695517,3.8517795,3.2343855,-14.653217,on bike mount,cyclo cross,True,sett,intermediate
a96b5a89-73b3-47d2-ba91-3e06bdcd6feb,e3bfe042-eb7d-44db-a833-3b3e66a73887,067b2acc-0c30-4e1d-869b-d89c76168024,1632651058517,13.4344933,52.4943604,5.695517,-2.0557008,3.2060342,16.398823,on bike mount,cyclo cross,True,sett,intermediate
a96b5a89-73b3-47d2-ba91-3e06bdcd6feb,e3bfe042-eb7d-44db-a833-3b3e66a73887,52ed65d0-0d8e-48a4-a883-06a62944ad87,1632651058568,13.4344933,52.4943604,5.695517,3.4460244,-35.70086,12.290949,on bike mount,cyclo cross,True,sett,intermediate
