bike_activity_uid,bike_activity_sample_uid,bike_activity_measurement,bike_activity_measurement_timestamp,bike_activity_measurement_lon,bike_activity_measurement_lat,bike_activity_measurement_speed,bike_activity_measurement_accelerometer_x,bike_activity_measurement_accelerometer_y,bike_activity_measurement_accelerometer_z,bike_activity_phone_position,bike_activity_bike_type,bike_activity_flagged_lab_conditions,bike_activity_surface_type,bike_activity_smoothness_type
a9e90f8f-f1c2-4442-816e-599747b498ae,d23a7dc3-9ee0-4002-b9d5-38a94c014cf6,84a47d71-606a-4e09-956b-6ae78f184eb2,1644075924466,13.4372519,52.4911601,5.4470897,-2.7420075,2.1032124,0.3617134,on bike mount,cyclo cross,True,sett,intermediate
a9e90f8f-f1c2-4442-816e-599747b498ae,d23a7dc3-9ee0-4002-b9d5-38a94c014cf6,3707c25c-8f99-4723-86c8-e0167d22d90b,1644075924522,13.4372519,52.4911601,5.4470897,-1.3811512,-3.4256394,-3.1950943,on bike mount,cyclo cross,True,sett,intermediate
a9e90f8f-f1c2-4442-816e-599747b498ae,d23a7dc3-9ee0-4002-b9d5-38a94c014cf6,88a383da-0ac8-4ea0-9bad-b930b612ec8e,1644075924576,13.4373396,52.4911372,5.0992384,-3.8668709,-3.9427874,-2.0129642,on bike mount,cyclo cross,True,sett,intermediate
a9e90f8f-f1c2-4442-816e-599747b498ae,d23a7dc3-9ee0-4002-b9d5-38a94c014cf6,3b23ee42-7b34-475f-adcb-4e8bf529fa52,1644075924632,13.4373396,52.4911372,5.0992384,1.2736266,-7.2371716,0.29478836,on bike mount,cyclo cross,True,sett,intermediate
a9e90f8f-f1c2-4442-816e-599747b498ae,d23a7dc3-9ee0-4002-b9d5-38a94c014cf6,27accf20-9eb8-4a4d-99db-f722d10a88d1,1644075924687,13.4373396,52.4911372,5.0992384,2.545659,4.6690855,-4.2377667,on bike mount,cyclo cross,True,sett,intermediate
a9e90f8f-f1c2-4442-816e-599747b498ae,d23a7dc3-9ee0-4002-b9d5-38a94c014cf6,9de790d8-8d94-4409-8416-5b2765e84d3e,1644075924742,13.4373396,52.4911372,5.0992384,-0.09540415,5.1396523,2.275694,on bike mount,cyclo cross,True,sett,intermediate
a9e90f8f-f1c2-4442-816e-599747b498ae,d23a7dc3-9ee0-4002-b9d5-38a94c014cf6,28d28e4d-b430-4d01-82dd-5afcd916dcb8,1644075924798,13.4373396,52.4911372,5.0992384,-1.970749,1.3559308,-2.959102,on bike mount,cyclo cross,True,sett,intermediate
a9e90f8f-f1c2-4442-816e-599747b498ae,d23a7dc3-9ee0-4002-b9d5-38a94c014cf6,16733dc7-d5a6-470f-bf92-427ffc2dbcf8,1644075924855,13.4373396,52.4911372,5.0992384,3.1623077,5.578168,-3.41887,on bike mount,cyclo cross,True,sett,intermediate
a9e90f8f-f1c2-4442-816e-599747b498ae,d23a7dc3-9ee0-4002-b9d5-38a94c014cf6,affbd211-06a2-4d9e-9577-e10382e33e9e,1644075924909,13.4373396,52.4911372,5.0992384,-3.8402624,2.7360716,-1.8984389,on bike mount,cyclo cross,True,sett,intermediate
a9e90f8f-f1c2-4442-816e-599747b498ae,d23a7dc3-9ee0-4002-b9d5-38a94c014cf6,c9de03d3-d9ac-4b34-927d-4102adecf9b8,1644075924966,13.4373396,52.4911372,5.0992384,-2.8257809,1.4442573,-8.313858,on bike mount,cyclo cross,True,sett,intermediate
a9e90f8f-f1c2-4442-816e-599747b498ae,d23a7dc3-9ee0-4002-b9d5-38a94c014cf6,3a6ad124-8e61-46fe-8ba9-92663e5b1a56,1644075925021,13.4373396,52.4911372,5.0992384,-3.5207343,-1.6663872,4.968074,on bike mount,cyclo cross,True,sett,intermediate
a9e90f8f-f1c2-4442-816e-599747b498ae,d23a7dc3-9ee0-4002-b9d5-38a94c014cf6,cdff7752-1608-47bd-890c-e177a5d84d15,1644075925076,13.4373396,52.4911372,5.0992384,1.4842596,-8.075552,13.461649,on bike mount,cyclo cross,True,sett,intermediate
a9e90f8f-f1c2-4442-816e-599747b498ae,d23a7dc3-9ee0-4002-b9d5-38a94c014cf6,38671179-e451-4a6d-824a-db2362769706,1644075925131,13.4373396,52.4911372,5.0992384,-5.421659,5.795227,6.6650257,on bike mount,cyclo cross,True,sett,intermediate
a9e90f8f-f1c2-4442-816e-599747b498ae,d23a7dc3-9ee0-4002-b9d5-38a94c014cf6,54411e67-f7d2-4444-987f-f1923eb7d07c,1644075925187,13.4373396,52.4911372,5.0992384,-3.2553487,-8.339151,-2.9341397,on bike mount,cyclo cross,True,sett,intermediate
a9e90f8f-f1c2-4442-816e-599747b498ae,d23a7dc3-9ee0-4002-b9d5-38a94c014cf6,820b7f9c-061b-43af-8577-d81b1d3a951e,1644075925244,13.4373396,52.4911372,5.0992384,1.769084,-3.5696387,1.9160786,on bike mount,cyclo cross,True,sett,intermediate
a9e90f8f-f1c2-4442-816e-599747b498ae,d23a7dc3-9ee0-4002-b9d5-38a94c014cf6,078c430d-105c-456b-b88e-efd89fe9856f,1644075925298,13.4373396,52.4911372,5.0992384,-4.041008,-3.7414076,-1.8549609,on bike mount,cyclo cross,True,sett,intermediate
a9e90f8f-f1c2-4442-816e-599747b498ae,d23a7dc3-9ee0-4002-b9d5-38a94c014cf6,7f88c4d9-97d2-46d5-9c19-c56f995ea731,1644075925355,13.4373396,52.4911372,5.0992384,-0.44598567,6.166858,-8.588885,on bike mount,cyclo cross,True,sett,intermediate
a9e90f8f-f1c2-4442-816e-599747b498ae,d23a7dc3-9ee0-4002-b9d5-38a94c014cf6,4464eeb3-f556-440c-9f6d-cf6334b767c6,1644075925409,13.4373396,52.4911372,5.0992384,3.112847,-0.99298334,-1.5205112,on bike mount,cyclo cross,True,sett,intermediate
a9e90f8f-f1c2-4442-816e-599747b498ae,d23a7dc3-9ee0-4002-b9d5-38a94c014cf6,d12add7f-ce7d-408f-911a-25cbb382e504,1644075925465,13.4373396,52.4911372,5.0992384,-6.877846,11.111671,-5.7707195,on bike mount,cyclo cross,True,sett,intermediate
a9e90f8f-f1c2-4442-816e-599747b498ae,d23a7dc3-9ee0-4002-b9d5-38a94c014cf6,c4063f86-c0a1-497d-87d3-cd9d7f03017d,1644075925525,13.4373396,52.4911372,5.0992384,0.28770137,17.499458,-15.635305,on bike mount,cyclo cross,True,sett,intermediate
a9e90f8f-f1c2-4442-816e-599747b498ae,d23a7dc3-9ee0-4002-b9d5-38a94c014cf6,24436793-7f71-4197-adad-db22f752ee1e,1644075925575,13.4374133,52.4911262,4.8725424,3.1545916,6.652646,-9.9957,on bike mount,cyclo cross,True,sett,intermediate
a9e90f8f-f1c2-4442-816e-599747b498ae,d23a7dc3-9ee0-4002-b9d5-38a94c014cf6,a26729d8-f9fc-43f5-a5ab-8ec552ccf39d,1644075925633,13.4374133,52.4911262,4.8725424,-1.4886473,8.602627,-13.542757,on bike mount,cyclo cross,True,sett,intermediate
a9e90f8f-f1c2-4442-816e-599747b498ae,d23a7dc3-9ee0-4002-b9d5-38a94c014cf6,21120e32-ab2d-4a93-9a35-c21b9974ceee,1644075925686,13.4374133,52.4911262,4.8725424,0.28560543,8.40449,-8.514143,on bike mount,cyclo cross,True,sett,intermediate
a9e90f8f-f1c2-4442-816e-599747b498ae,d23a7dc3-9ee0-4002-b9d5-38a94c014cf6,9698ba5c-42cb-44b5-9664-b0d1352aa0f6,1644075925744,13.4374133,52.4911262,4.8725424,-4.808669,2.2299848,-12.205294,on bike mount,cyclo cross,True,sett,intermediate
a9e90f8f-f1c2-4442-816e-599747b498ae,d23a7dc3-9ee0-4002-b9d5-38a94c014cf6,d3cb2446-90c8-4389-8bd2-2fe54b1060e9,1644075925798,13.4374133,52.4911262,4.8725424,-2.9560018,-10.068314,-4.072075,on bike mount,cyclo cross,True,sett,intermediate
a9e90f8f-f1c2-4442-816e-599747b498ae,d23a7dc3-9ee0-4002-b9d5-38a94c014cf6,d9611907-d5b2-4d90-8a51-c1ac8ea5cc9e,1644075925854,13.4374133,52.4911262,4.8725424,-2.1280692,-6.0670967,-7.9705524,on bike mount,cyclo cross,True,sett,intermediate
a9e90f8f-f1c2-4442-816e-599747b498ae,d23a7dc3-9ee0-4002-b9d5-38a94c014cf6,acf088f8-e711-492f-97b5-5d8f58ec4030,1644075925909,13.4374133,52.4911262,4.8725424,-7.818523,-6.3364344,2.1630106,on bike mount,cyclo cross,True,sett,intermediate
a9e90f8f-f1c2-4442-816e-599747b498ae,d23a7dc3-9ee0-4002-b9d5-38a94c014cf6,dd1b31b1-bee1-4ba7-9a29-507f8d7fe4f1,1644075925965,13.4374133,52.4911262,4.8725424,4.055363,-13.99983,15.422163,on bike mount,cyclo cross,True,sett,intermediate
a9e90f8f-f1c2-4442-816e-599747b498ae,d23a7dc3-9ee0-4002-b9d5-38a94c014cf6,cd381ede-2927-4ff9-ad14-23678f9c5056,1644075926020,13.4374133,52.4911262,4.8725424,2.4952936,7.2649283,-1.831564,on bike mount,cyclo cross,True,sett,intermediate
a9e90f8f-f1c2-4442-816e-599747b498ae,d23a7dc3-9ee0-4002-b9d5-38a94c014cf6,87fbda42-3771-4e6f-99b7-897bf3ef1fc7,1644075926077,13.4374576,52.4911294,4.6867366,-4.0282125,5.4011755,5.9003954,on bike mount,cyclo cross,True,sett,intermediate
a9e90f8f-f1c2-4442-816e-599747b498ae,d23a7dc3-9ee0-4002-b9d5-38a94c014cf6,b65dc423-d673-48d0-8068-e0d6ec7946d5,1644075926132,13.4374576,52.4911294,4.6867366,-1.0658972,-13.4738655,5.880275,on bike mount,cyclo cross,True,sett,intermediate
a9e90f8f-f1c2-4442-816e-599747b498ae,d23a7dc3-9ee0-4002-b9d5-38a94c014cf6,eb5b0bbc-9ef7-488e-8ad5-655f5aba8979,1644075926188,13.4374576,52.4911294,4.6867366,-7.0698133,1.3803725,-6.5079007,on bike mount,cyclo cross,True,sett,intermediate
a9e90f8f-f1c2-4442-816e-599747b498ae,d23a7dc3-9ee0-4002-b9d5-38a94c014cf6,cc416774-3aa2-41c7-8a14-a1fe19ed9045,1644075926242,13.4374576,52.4911294,4.6867366,0.39485395,-0.8556504,-6.023268,on bike mount,cyclo cross,True,sett,intermediate
a9e90f8f-f1c2-4442-816e-599747b498ae,d23a7dc3-9ee0-4002-b9d5-38a94c014cf6,1e189f1a-afd5-4ee9-b8a1-24c76d945e1a,1644075926298,13.4374576,52.4911294,4.6867366,0.058485806,-10.843802,5.751026,on bike mount,cyclo cross,True,sett,intermediate
a9e90f8f-f1c2-4442-816e-599747b498ae,d23a7dc3-9ee0-4002-b9d5-38a94c014cf6,08aef625-4f62-4277-9621-c196599f728f,1644075926354,13.4374576,52.4911294,4.6867366,0.99543667,8.526659,3.2947483,on bike mount,cyclo cross,True,sett,intermediate
a9e90f8f-f1c2-4442-816e-599747b498ae,d23a7dc3-9ee0-4002-b9d5-38a94c014cf6,e758f39c-87da-49fb-9a53-a58a58bb4bc2,1644075926408,13.4374576,52.4911294,4.6867366,-0.3307016,5.037115,-10.644651,on bike mount,cyclo cross,True,sett,intermediate
a9e90f8f-f1c2-4442-816e-599747b498ae,d23a7dc3-9ee0-4002-b9d5-38a94c014cf6,2a5a837e-7b9b-407d-9f65-7c898f432990,1644075926465,13.4374576,52.4911294,4.6867366,-0.061883926,1.9494376,1.4043894,on bike mount,cyclo cross,True,sett,intermediate
a9e90f8f-f1c2-4442-816e-599747b498ae,d23a7dc3-9ee0-4002-b9d5-38a94c014cf6,4fecac29-49cd-40b7-bb27-04c368d212c8,1644075926520,13.4374576,52.4911294,4.6867366,-3.72791,-5.5778112,9.912771,on bike mount,cyclo cross,True,sett,intermediate
a9e90f8f-f1c2-4442-816e-599747b498ae,d23a7dc3-9ee0-4002-b9d5-38a94c014cf6,83acdb91-2c8d-4d46-af54-4eee7db89799,1644075926575,13.4374576,52.4911294,4.6867366,-1.6540929,7.9338207,-4.5160875,on bike mount,cyclo cross,True,sett,intermediate
a9e90f8f-f1c2-4442-816e-599747b498ae,d23a7dc3-9ee0-4002-b9d5-38a94c014cf6,31e6df30-89c5-4c03-9387-c51d43b557ac,1644075926631,13.4374576,52.4911294,4.6867366,-0.21049333,3.9467978,-0.19577217,on bike mount,cyclo cross,True,sett,intermediate
a9e90f8f-f1c2-4442-816e-599747b498ae,d23a7dc3-9ee0-4002-b9d5-38a94c014cf6,c6a9a509-b560-46e2-b405-17ad6fbaed7a,1644075926687,13.4374576,52.4911294,4.6867366,-3.440295,4.0739665,-6.8034415,on bike mount,cyclo cross,True,sett,intermediate
a9e90f8f-f1c2-4442-816e-599747b498ae,d23a7dc3-9ee0-4002-b9d5-38a94c014cf6,c6a5fdef-19bb-4cfd-a3cf-7a46da5b57e6,1644075926742,13.4374576,52.4911294,4.6867366,-4.6705837,1.0353184,-6.5940223,on bike mount,cyclo cross,True,sett,intermediate
a9e90f8f-f1c2-4442-816e-599747b498ae,d23a7dc3-9ee0-4002-b9d5-38a94c014cf6,294e78f5-1c2f-4c07-83be-d4d002cc1c35,1644075926798,13.4374576,52.4911294,4.6867366,3.712554,-20.882225,21.064837,on bike mount,cyclo cross,True,sett,intermediate
a9e90f8f-f1c2-4442-816e-599747b498ae,d23a7dc3-9ee0-4002-b9d5-38a94c014cf6,8fe81249-2b22-4772-ac0a-c070582dca9f,1644075926853,13.4374576,52.4911294,4.6867366,-2.5093799,-17.23107,20.011635,on bike mount,cyclo cross,True,sett,intermediate
a9e90f8f-f1c2-4442-816e-599747b498ae,d23a7dc3-9ee0-4002-b9d5-38a94c014cf6,4e64ad67-7414-4e59-a404-82b1b2a03ef1,1644075926909,13.4374576,52.4911294,4.6867366,-3.3319457,-4.437049,20.802866,on bike mount,cyclo cross,True,sett,intermediate
a9e90f8f-f1c2-4442-816e-599747b498ae,d23a7dc3-9ee0-4002-b9d5-38a94c014cf6,009bfddc-fb12-473c-a5ba-4272eb953821,1644075926966,13.4374576,52.4911294,4.6867366,-6.203694,-1.5547802,13.63942,on bike mount,cyclo cross,True,sett,intermediate
a9e90f8f-f1c2-4442-816e-599747b498ae,d23a7dc3-9ee0-4002-b9d5-38a94c014cf6,78bfab47-c6d6-4253-b365-e55bac5152b1,1644075927021,13.4374576,52.4911294,4.6867366,-2.1736245,-12.266199,7.450447,on bike mount,cyclo cross,True,sett,intermediate
a9e90f8f-f1c2-4442-816e-599747b498ae,d23a7dc3-9ee0-4002-b9d5-38a94c014cf6,8bdc9940-db88-4367-a359-a331109365c7,1644075927076,13.4374576,52.4911294,4.6867366,0.0809114,-4.6149397,3.5672207,on bike mount,cyclo cross,True,sett,intermediate
a9e90f8f-f1c2-4442-816e-599747b498ae,d23a7dc3-9ee0-4002-b9d5-38a94c014cf6,d6ba544a-c909-4ecb-9196-4780d7bc5150,1644075927131,13.4374576,52.4911294,4.6867366,-1.8935096,1.3993483,1.8460922,on bike mount,cyclo cross,True,sett,intermediate
a9e90f8f-f1c2-4442-816e-599747b498ae,d23a7dc3-9ee0-4002-b9d5-38a94c014cf6,1ae6b657-1915-48bc-b671-25a4bf4636ce,1644075927187,13.4374576,52.4911294,4.6867366,-2.6010838,0.5965946,14.283556,on bike mount,cyclo cross,True,sett,intermediate
a9e90f8f-f1c2-4442-816e-599747b498ae,d23a7dc3-9ee0-4002-b9d5-38a94c014cf6,7b0c8f35-4a61-4c6d-8667-788eb63862dc,1644075927242,13.4374576,52.4911294,4.6867366,3.7284322,1.7322855,1.2632408,on bike mount,cyclo cross,True,sett,intermediate
a9e90f8f-f1c2-4442-816e-599747b498ae,d23a7dc3-9ee0-4002-b9d5-38a94c014cf6,fb59396e-aad4-4276-b06b-e7e773614549,1644075927297,13.4374576,52.4911294,4.6867366,-4.143137,-1.823237,-0.16297245,on bike mount,cyclo cross,True,sett,intermediate
a9e90f8f-f1c2-4442-816e-599747b498ae,d23a7dc3-9ee0-4002-b9d5-38a94c014cf6,5c937bcc-f834-4e36-9c48-84678e0f896f,1644075927352,13.4374576,52.4911294,4.6867366,0.008976698,0.20004654,-11.30937,on bike mount,cyclo cross,True,sett,intermediate
a9e90f8f-f1c2-4442-816e-599747b498ae,d23a7dc3-9ee0-4002-b9d5-38a94c014cf6,87f7d452-638a-4806-860b-010fd28bc0f1,1644075927410,13.4374576,52.4911294,4.6867366,-2.4805276,-17.18951,-9.911951,on bike mount,cyclo cross,True,sett,intermediate
a9e90f8f-f1c2-4442-816e-599747b498ae,d23a7dc3-9ee0-4002-b9d5-38a94c014cf6,09804b8e-73ae-40de-baa9-35567757960d,1644075927465,13.4374576,52.4911294,4.6867366,-0.54381347,6.5136766,-1.3388977,on bike mount,cyclo cross,True,sett,intermediate
a9e90f8f-f1c2-4442-816e-599747b498ae,d23a7dc3-9ee0-4002-b9d5-38a94c014cf6,5aa024f2-a807-48c2-917e-48229c551215,1644075927520,13.4374576,52.4911294,4.6867366,-5.198744,-2.1749737,18.286682,on bike mount,cyclo cross,True,sett,intermediate
a9e90f8f-f1c2-4442-816e-599747b498ae,d23a7dc3-9ee0-4002-b9d5-38a94c014cf6,30f9f8c3-5fd6-4048-ad26-44e2424387e2,1644075927575,13.4375565,52.491179,5.332436,0.679065,8.552984,-4.8569098,on bike mount,cyclo cross,True,sett,intermediate
a9e90f8f-f1c2-4442-816e-599747b498ae,d23a7dc3-9ee0-4002-b9d5-38a94c014cf6,8bea5501-f94c-4d9c-95e3-4d03eebaaa46,1644075927630,13.4375565,52.491179,5.332436,8.266316,-13.3592,4.0341797,on bike mount,cyclo cross,True,sett,intermediate
a9e90f8f-f1c2-4442-816e-599747b498ae,d23a7dc3-9ee0-4002-b9d5-38a94c014cf6,80b227ae-887c-4715-9886-1380a353e4b6,1644075927686,13.4375565,52.491179,5.332436,2.6542923,-0.23871875,10.819519,on bike mount,cyclo cross,True,sett,intermediate
a9e90f8f-f1c2-4442-816e-599747b498ae,d23a7dc3-9ee0-4002-b9d5-38a94c014cf6,0bb1a89a-c4c5-43f7-a4b1-9e17a8d3d379,1644075927743,13.4375565,52.491179,5.332436,-4.3718405,-1.120161,-0.51382303,on bike mount,cyclo cross,True,sett,intermediate
a9e90f8f-f1c2-4442-816e-599747b498ae,d23a7dc3-9ee0-4002-b9d5-38a94c014cf6,cc19e4f5-3736-4611-a201-dcccdca2805a,1644075927797,13.4375565,52.491179,5.332436,1.9063568,10.01009,-10.029484,on bike mount,cyclo cross,True,sett,intermediate
a9e90f8f-f1c2-4442-816e-599747b498ae,d23a7dc3-9ee0-4002-b9d5-38a94c014cf6,5269ccd4-2afb-4759-95d0-87bc8466ac77,1644075927853,13.4375565,52.491179,5.332436,-3.6495514,3.8315182,0.3369155,on bike mount,cyclo cross,True,sett,intermediate
a9e90f8f-f1c2-4442-816e-599747b498ae,d23a7dc3-9ee0-4002-b9d5-38a94c014cf6,ee9c93c1-9884-4f53-9f9b-13d96d619e34,1644075927909,13.4375565,52.491179,5.332436,-1.7315584,0.95602846,14.674147,on bike mount,cyclo cross,True,sett,intermediate
a9e90f8f-f1c2-4442-816e-599747b498ae,d23a7dc3-9ee0-4002-b9d5-38a94c014cf6,433b3615-2c1c-4afc-bcbe-986d5942c3b9,1644075927964,13.4375565,52.491179,5.332436,-1.6410207,1.3975067,3.6314564,on bike mount,cyclo cross,True,sett,intermediate
a9e90f8f-f1c2-4442-816e-599747b498ae,d23a7dc3-9ee0-4002-b9d5-38a94c014cf6,6c1ea6da-ec70-4ab8-95db-73b766597b0e,1644075928019,13.4375565,52.491179,5.332436,-3.0499265,5.9033804,-2.6235356,on bike mount,cyclo cross,True,sett,intermediate
a9e90f8f-f1c2-4442-816e-599747b498ae,d23a7dc3-9ee0-4002-b9d5-38a94c014cf6,d74bc2b6-14c6-4172-82de-a2d856858432,1644075928075,13.4375565,52.491179,5.332436,2.9508984,0.13641214,-1.3409233,on bike mount,cyclo cross,True,sett,intermediate
a9e90f8f-f1c2-4442-816e-599747b498ae,d23a7dc3-9ee0-4002-b9d5-38a94c014cf6,566839a7-c9d6-43fd-88ce-dc887a257074,1644075928131,13.4375565,52.491179,5.332436,-2.8708632,-0.684783,-4.406204,on bike mount,cyclo cross,True,sett,intermediate
a9e90f8f-f1c2-4442-816e-599747b498ae,d23a7dc3-9ee0-4002-b9d5-38a94c014cf6,87358b99-cc49-4082-9f43-a04e59a7fd66,1644075928187,13.4375565,52.491179,5.332436,-6.8183446,-4.6876388,-17.783735,on bike mount,cyclo cross,True,sett,intermediate
a9e90f8f-f1c2-4442-816e-599747b498ae,d23a7dc3-9ee0-4002-b9d5-38a94c014cf6,7b42ad7b-9610-4d03-9a5a-504baca91278,1644075928242,13.4375565,52.491179,5.332436,-1.6722696,5.9499207,-8.96056,on bike mount,cyclo cross,True,sett,intermediate
a9e90f8f-f1c2-4442-816e-599747b498ae,d23a7dc3-9ee0-4002-b9d5-38a94c014cf6,28bc17d5-128b-471a-9553-e2e4bf3ea587,1644075928297,13.4375565,52.491179,5.332436,2.8962216,-2.630786,-7.6072035,on bike mount,cyclo cross,True,sett,intermediate
a9e90f8f-f1c2-4442-816e-599747b498ae,d23a7dc3-9ee0-4002-b9d5-38a94c014cf6,0c4f7330-eb22-49d9-9bec-18ece11994d1,1644075928353,13.4375565,52.491179,5.332436,-1.9037606,-0.86954904,-9.009203,on bike mount,cyclo cross,True,sett,intermediate
a9e90f8f-f1c2-4442-816e-599747b498ae,d23a7dc3-9ee0-4002-b9d5-38a94c014cf6,b8ff519e-6eca-4df0-8bdc-9f7642acb198,1644075928408,13.4375565,52.491179,5.332436,-3.6972795,14.603042,-18.854568,on bike mount,cyclo cross,True,sett,intermediate
a9e90f8f-f1c2-4442-816e-599747b498ae,d23a7dc3-9ee0-4002-b9d5-38a94c014cf6,b37f97d9-0236-4f4a-bfbb-2177eaaebd95,1644075928463,13.4375565,52.491179,5.332436,-1.5434036,3.3387284,-6.210474,on bike mount,cyclo cross,True,sett,intermediate
a9e90f8f-f1c2-4442-816e-599747b498ae,d23a7dc3-9ee0-4002-b9d5-38a94c014cf6,b5be94cd-c1f0-4815-9507-02b02c32c775,1644075928519,13.4375565,52.491179,5.332436,1.3695824,2.7133512,-2.5748386,on bike mount,cyclo cross,True,sett,intermediate
a9e90f8f-f1c2-4442-816e-599747b498ae,d23a7dc3-9ee0-4002-b9d5-38a94c014cf6,5835721a-1f50-4135-89cd-6454c9a849ad,1644075928575,13.4376112,52.4912213,5.430931,-1.451811,4.877689,6.4446697,on bike mount,cyclo cross,True,sett,intermediate
a9e90f8f-f1c2-4442-816e-599747b498ae,d23a7dc3-9ee0-4002-b9d5-38a94c014cf6,08c5972e-5903-4281-b5f4-65aa2fbd73db,1644075928632,13.4376112,52.4912213,5.430931,-0.13960138,-2.091353,1.8063974,on bike mount,cyclo cross,True,sett,intermediate
a9e90f8f-f1c2-4442-816e-599747b498ae,d23a7dc3-9ee0-4002-b9d5-38a94c014cf6,4aa49c00-9a1f-4883-a195-84a7fc053cd5,1644075928687,13.4376112,52.4912213,5.430931,-1.0257981,-2.7705595,0.021921158,on bike mount,cyclo cross,True,sett,intermediate
a9e90f8f-f1c2-4442-816e-599747b498ae,d23a7dc3-9ee0-4002-b9d5-38a94c014cf6,428cd9c9-f0c0-4601-bcfe-2e2ac4be5437,1644075928742,13.4376112,52.4912213,5.430931,0.42602742,4.074428,-5.500705,on bike mount,cyclo cross,True,sett,intermediate
a9e90f8f-f1c2-4442-816e-599747b498ae,d23a7dc3-9ee0-4002-b9d5-38a94c014cf6,df37fe6c-8afb-4dc8-b4a5-cfd80027ae2d,1644075928798,13.4376112,52.4912213,5.430931,-2.7982888,-10.793136,10.550301,on bike mount,cyclo cross,True,sett,intermediate
a9e90f8f-f1c2-4442-816e-599747b498ae,d23a7dc3-9ee0-4002-b9d5-38a94c014cf6,55e2f383-488c-4cf7-83f2-16dd330d9e26,1644075928853,13.4376112,52.4912213,5.430931,-0.04596913,8.264228,-13.960496,on bike mount,cyclo cross,True,sett,intermediate
a9e90f8f-f1c2-4442-816e-599747b498ae,d23a7dc3-9ee0-4002-b9d5-38a94c014cf6,dcdde19d-6c3d-4aeb-a328-4e908ffa2164,1644075928908,13.4376112,52.4912213,5.430931,-4.861111,7.770631,-8.354652,on bike mount,cyclo cross,True,sett,intermediate
a9e90f8f-f1c2-4442-816e-599747b498ae,d23a7dc3-9ee0-4002-b9d5-38a94c014cf6,4c24ca1a-b8e1-4386-8686-bd8fcfe499ff,1644075928963,13.4376112,52.4912213,5.430931,-0.950572,-8.016971,-7.251595,on bike mount,cyclo cross,True,sett,intermediate
a9e90f8f-f1c2-4442-816e-599747b498ae,d23a7dc3-9ee0-4002-b9d5-38a94c014cf6,45507d04-8290-4095-89d9-49f558ca0fe6,1644075929019,13.4376112,52.4912213,5.430931,-0.904968,2.7809668,-2.278059,on bike mount,cyclo cross,True,sett,intermediate
a9e90f8f-f1c2-4442-816e-599747b498ae,d23a7dc3-9ee0-4002-b9d5-38a94c014cf6,3eff2ae5-8300-4a60-b752-89790388ce8c,1644075929074,13.4376112,52.4912213,5.430931,-2.2962966,8.567228,7.328986,on bike mount,cyclo cross,True,sett,intermediate
a9e90f8f-f1c2-4442-816e-599747b498ae,d23a7dc3-9ee0-4002-b9d5-38a94c014cf6,6ffccefd-2417-4366-9c7f-e2d6a2c05635,1644075929131,13.4376112,52.4912213,5.430931,-3.0347972,-3.0915194,11.481949,on bike mount,cyclo cross,True,sett,intermediate
a9e90f8f-f1c2-4442-816e-599747b498ae,d23a7dc3-9ee0-4002-b9d5-38a94c014cf6,8ac1e2b1-543a-4478-8440-00a3eb613c70,1644075929186,13.4376112,52.4912213,5.430931,-4.4465036,-7.733934,1.4142036,on bike mount,cyclo cross,True,sett,intermediate
a9e90f8f-f1c2-4442-816e-599747b498ae,d23a7dc3-9ee0-4002-b9d5-38a94c014cf6,3829e8c8-62d6-4aa8-a428-80e41ce001d3,1644075929242,13.4376112,52.4912213,5.430931,0.47927475,8.978346,-11.618697,on bike mount,cyclo cross,True,sett,intermediate
a9e90f8f-f1c2-4442-816e-599747b498ae,d23a7dc3-9ee0-4002-b9d5-38a94c014cf6,0013f79c-e5f8-44d6-ba68-4c292ba5ce94,1644075929296,13.4376112,52.4912213,5.430931,1.8103528,7.1026225,-10.022902,on bike mount,cyclo cross,True,sett,intermediate
a9e90f8f-f1c2-4442-816e-599747b498ae,d23a7dc3-9ee0-4002-b9d5-38a94c014cf6,2da7735d-3aa4-4a1b-987c-627d86653293,1644075929352,13.4376112,52.4912213,5.430931,0.8632833,0.22277737,-7.065947,on bike mount,cyclo cross,True,sett,intermediate
a9e90f8f-f1c2-4442-816e-599747b498ae,d23a7dc3-9ee0-4002-b9d5-38a94c014cf6,1de34c03-d46e-408d-9f5b-2be5b2fd09cf,1644075929408,13.4376112,52.4912213,5.430931,-0.5681876,3.5504007,-3.5059137,on bike mount,cyclo cross,True,sett,intermediate
a9e90f8f-f1c2-4442-816e-599747b498ae,d23a7dc3-9ee0-4002-b9d5-38a94c014cf6,44afc790-0d50-47c7-a827-b5bb35898a32,1644075929464,13.4376112,52.4912213,5.430931,-0.25653023,1.0337229,-9.009521,on bike mount,cyclo cross,True,sett,intermediate
a9e90f8f-f1c2-4442-816e-599747b498ae,d23a7dc3-9ee0-4002-b9d5-38a94c014cf6,257d499c-3c47-4324-bc89-40869cc48118,1644075929519,13.4376112,52.4912213,5.430931,1.1962363,-2.324715,4.095092,on bike mount,cyclo cross,True,sett,intermediate
a9e90f8f-f1c2-4442-816e-599747b498ae,d23a7dc3-9ee0-4002-b9d5-38a94c014cf6,9615bbcb-0e61-41cc-9641-5186bc834495,1644075929575,13.437649,52.4912722,5.4791684,1.2059573,-5.859112,2.5757055,on bike mount,cyclo cross,True,sett,intermediate
a9e90f8f-f1c2-4442-816e-599747b498ae,d23a7dc3-9ee0-4002-b9d5-38a94c014cf6,bb7c12f9-92ed-43a8-a346-fd736fdbb975,1644075929630,13.437649,52.4912722,5.4791684,-2.6649473,3.4163685,-0.14757252,on bike mount,cyclo cross,True,sett,intermediate
a9e90f8f-f1c2-4442-816e-599747b498ae,d23a7dc3-9ee0-4002-b9d5-38a94c014cf6,9f852aef-d042-4038-a101-af80ba51e91b,1644075929686,13.437649,52.4912722,5.4791684,-2.2926638,-2.0262184,-1.7648134,on bike mount,cyclo cross,True,sett,intermediate
a9e90f8f-f1c2-4442-816e-599747b498ae,d23a7dc3-9ee0-4002-b9d5-38a94c014cf6,8f318206-1abd-404f-85ee-f7d631b56b81,1644075929740,13.437649,52.4912722,5.4791684,1.951115,1.1278391,-12.631664,on bike mount,cyclo cross,True,sett,intermediate
a9e90f8f-f1c2-4442-816e-599747b498ae,d23a7dc3-9ee0-4002-b9d5-38a94c014cf6,95a9e0fa-9db4-4796-92a9-5d7573b73616,1644075929798,13.437649,52.4912722,5.4791684,-0.36670634,-5.3415947,2.9896612,on bike mount,cyclo cross,True,sett,intermediate
a9e90f8f-f1c2-4442-816e-599747b498ae,d23a7dc3-9ee0-4002-b9d5-38a94c014cf6,3ed55895-e6bc-44cb-b552-3d96d9ec23fd,1644075929853,13.437649,52.4912722,5.4791684,1.0044467,-3.9984682,-6.7012253,on bike mount,cyclo cross,True,sett,intermediate
a9e90f8f-f1c2-4442-816e-599747b498ae,d23a7dc3-9ee0-4002-b9d5-38a94c014cf6,c8e6de52-1623-4c13-b296-e862911dd82c,1644075929908,13.437649,52.4912722,5.4791684,-1.2299287,8.37565,-4.8950744,on bike mount,cyclo cross,True,sett,intermediate
a9e90f8f-f1c2-4442-816e-599747b498ae,d23a7dc3-9ee0-4002-b9d5-38a94c014cf6,871b589d-75c1-459f-ae62-dbd624734993,1644075929963,13.437649,52.4912722,5.4791684,2.9020264,10.935171,-9.240324,on bike mount,cyclo cross,True,sett,intermediate
