bike_activity_uid,bike_activity_sample_uid,bike_activity_measurement,bike_activity_measurement_timestamp,bike_activity_measurement_lon,bike_activity_measurement_lat,bike_activity_measurement_speed,bike_activity_measurement_accelerometer_x,bike_activity_measurement_accelerometer_y,bike_activity_measurement_accelerometer_z,bike_activity_phone_position,bike_activity_bike_type,bike_activity_flagged_lab_conditions,bike_activity_surface_type,bike_activity_smoothness_type
aa460e9e-5072-4184-b5d4-d40d99b4c733,d31216e4-1c7b-425d-85e8-051b0fc8e8af,701202eb-4cd0-475b-aec7-dd22644d6f7d,1635696115475,13.4172769,52.4761604,5.1134257,-1.3279417,-0.46766424,-0.86544704,on bike mount,cyclo cross,True,concrete plates,good
aa460e9e-5072-4184-b5d4-d40d99b4c733,d31216e4-1c7b-425d-85e8-051b0fc8e8af,db54d3a5-2671-47a4-aa75-66abef79e1a8,1635696115526,13.4172769,52.4761604,5.1134257,0.24723977,-1.2192743,0.25461578,on bike mount,cyclo cross,True,concrete plates,good
aa460e9e-5072-4184-b5d4-d40d99b4c733,d31216e4-1c7b-425d-85e8-051b0fc8e8af,0336006b-6977-4ae6-a08e-00eabb9e66e7,1635696115576,13.4172769,52.4761604,5.1134257,-0.672323,2.3528938,-0.4664755,on bike mount,cyclo cross,True,concrete plates,good
aa460e9e-5072-4184-b5d4-d40d99b4c733,d31216e4-1c7b-425d-85e8-051b0fc8e8af,0b282fe9-add0-4cfb-b46f-09509cc8db31,1635696115627,13.4172769,52.4761604,5.1134257,-0.71377075,-0.5854144,-0.49572182,on bike mount,cyclo cross,True,concrete plates,good
aa460e9e-5072-4184-b5d4-d40d99b4c733,d31216e4-1c7b-425d-85e8-051b0fc8e8af,e950ef1d-b2c1-4f90-9c8e-cc463b4a2c61,1635696115678,13.4172769,52.4761604,5.1134257,-1.2966759,-3.3552315,-0.1885786,on bike mount,cyclo cross,True,concrete plates,good
aa460e9e-5072-4184-b5d4-d40d99b4c733,d31216e4-1c7b-425d-85e8-051b0fc8e8af,e9bac036-8a7c-4023-bca6-e524c8010fe0,1635696115743,13.4172543,52.4762121,5.126312,-2.0071578,0.18804574,-3.0360103,on bike mount,cyclo cross,True,concrete plates,good
aa460e9e-5072-4184-b5d4-d40d99b4c733,d31216e4-1c7b-425d-85e8-051b0fc8e8af,8fd67237-100c-474b-8622-66b25488ea7e,1635696115794,13.4172543,52.4762121,5.126312,0.28209436,0.34775066,-0.70950985,on bike mount,cyclo cross,True,concrete plates,good
aa460e9e-5072-4184-b5d4-d40d99b4c733,d31216e4-1c7b-425d-85e8-051b0fc8e8af,0dc15d33-db56-47a5-a4da-bcecb8d58163,1635696115845,13.4172543,52.4762121,5.126312,0.018119514,1.157999,7.0439606,on bike mount,cyclo cross,True,concrete plates,good
aa460e9e-5072-4184-b5d4-d40d99b4c733,d31216e4-1c7b-425d-85e8-051b0fc8e8af,191658b9-22d3-4e75-a78c-bb1d3803705e,1635696115910,13.4172543,52.4762121,5.126312,-1.4057362,-0.6499667,4.362116,on bike mount,cyclo cross,True,concrete plates,good
aa460e9e-5072-4184-b5d4-d40d99b4c733,d31216e4-1c7b-425d-85e8-051b0fc8e8af,22ecc4b3-ed52-4725-8bc9-85a8398b6a11,1635696115961,13.4172543,52.4762121,5.126312,0.8927876,-4.788291,0.6027012,on bike mount,cyclo cross,True,concrete plates,good
aa460e9e-5072-4184-b5d4-d40d99b4c733,d31216e4-1c7b-425d-85e8-051b0fc8e8af,20ba1ac4-8f78-4879-b37b-ac4de548925b,1635696116011,13.4172543,52.4762121,5.126312,-1.5797333,-2.619036,-0.24397278,on bike mount,cyclo cross,True,concrete plates,good
aa460e9e-5072-4184-b5d4-d40d99b4c733,d31216e4-1c7b-425d-85e8-051b0fc8e8af,570ff4a7-e0db-48a1-ae83-4132222187d9,1635696116060,13.4172543,52.4762121,5.126312,-0.19627398,4.545725,-4.9042616,on bike mount,cyclo cross,True,concrete plates,good
aa460e9e-5072-4184-b5d4-d40d99b4c733,d31216e4-1c7b-425d-85e8-051b0fc8e8af,4d618d1f-8e8c-4869-954f-63ed00416151,1635696116111,13.4172543,52.4762121,5.126312,-2.9661186,-4.7621527,3.8600512,on bike mount,cyclo cross,True,concrete plates,good
aa460e9e-5072-4184-b5d4-d40d99b4c733,d31216e4-1c7b-425d-85e8-051b0fc8e8af,97f08603-b5a1-44b2-a614-ebd45e2699b4,1635696116160,13.4172543,52.4762121,5.126312,-1.7324154,-3.227432,0.47740173,on bike mount,cyclo cross,True,concrete plates,good
aa460e9e-5072-4184-b5d4-d40d99b4c733,d31216e4-1c7b-425d-85e8-051b0fc8e8af,323fdfea-ddb5-4f1e-8b47-005b9e309256,1635696116214,13.4172543,52.4762121,5.126312,-0.95452404,0.04464841,6.1394634,on bike mount,cyclo cross,True,concrete plates,good
aa460e9e-5072-4184-b5d4-d40d99b4c733,d31216e4-1c7b-425d-85e8-051b0fc8e8af,faa80963-a9f2-4d12-8271-d8e9723e6885,1635696116278,13.4172543,52.4762121,5.126312,0.8425013,2.5233831,0.41522884,on bike mount,cyclo cross,True,concrete plates,good
aa460e9e-5072-4184-b5d4-d40d99b4c733,d31216e4-1c7b-425d-85e8-051b0fc8e8af,6d4a4d52-3123-4e69-ace2-147c2bf39b5e,1635696116328,13.4172543,52.4762121,5.126312,-0.88086325,0.98899126,-0.034035683,on bike mount,cyclo cross,True,concrete plates,good
aa460e9e-5072-4184-b5d4-d40d99b4c733,d31216e4-1c7b-425d-85e8-051b0fc8e8af,6ac11432-2e94-4b1a-a4d5-aee471443c49,1635696116379,13.4172543,52.4762121,5.126312,0.8798038,3.727396,3.619851,on bike mount,cyclo cross,True,concrete plates,good
aa460e9e-5072-4184-b5d4-d40d99b4c733,d31216e4-1c7b-425d-85e8-051b0fc8e8af,a7c314c7-7aa6-461d-868e-0b7ce1c89f6f,1635696116429,13.4172543,52.4762121,5.126312,-2.6939902,-0.24194503,-0.18796825,on bike mount,cyclo cross,True,concrete plates,good
aa460e9e-5072-4184-b5d4-d40d99b4c733,d31216e4-1c7b-425d-85e8-051b0fc8e8af,ed23f7b8-3e73-4962-b2b1-8634d38447b7,1635696116481,13.4172543,52.4762121,5.126312,3.463675,-14.006399,7.5221844,on bike mount,cyclo cross,True,concrete plates,good
aa460e9e-5072-4184-b5d4-d40d99b4c733,d31216e4-1c7b-425d-85e8-051b0fc8e8af,d4072732-af97-42db-9894-26a251d802f7,1635696116545,13.4172543,52.4762121,5.126312,-2.0334663,4.1237783,3.5351162,on bike mount,cyclo cross,True,concrete plates,good
aa460e9e-5072-4184-b5d4-d40d99b4c733,d31216e4-1c7b-425d-85e8-051b0fc8e8af,9e3fb0d7-878f-4bdb-b793-484016e8320e,1635696116597,13.4172543,52.4762121,5.126312,0.10540193,-6.081111,1.9096689,on bike mount,cyclo cross,True,concrete plates,good
aa460e9e-5072-4184-b5d4-d40d99b4c733,d31216e4-1c7b-425d-85e8-051b0fc8e8af,9c2bfbd8-9475-460a-9c8a-86e8bd4016b7,1635696116647,13.4172543,52.4762121,5.126312,-0.847848,-0.7868991,0.9874382,on bike mount,cyclo cross,True,concrete plates,good
aa460e9e-5072-4184-b5d4-d40d99b4c733,d31216e4-1c7b-425d-85e8-051b0fc8e8af,0dfcf58b-59ed-4d55-8009-fb8d2ca0faf7,1635696116698,13.4172415,52.4762668,5.1403375,0.43191022,-1.4187906,0.43116188,on bike mount,cyclo cross,True,concrete plates,good
aa460e9e-5072-4184-b5d4-d40d99b4c733,d31216e4-1c7b-425d-85e8-051b0fc8e8af,44dbd15f-e857-443a-9118-2b7e3933216e,1635696116762,13.4172415,52.4762668,5.1403375,0.45896268,-1.013364,1.3076153,on bike mount,cyclo cross,True,concrete plates,good
aa460e9e-5072-4184-b5d4-d40d99b4c733,d31216e4-1c7b-425d-85e8-051b0fc8e8af,15553c89-4d54-4f6e-816a-3ba1016fce30,1635696116812,13.4172415,52.4762668,5.1403375,-0.79069114,-1.0854478,-2.7980947,on bike mount,cyclo cross,True,concrete plates,good
aa460e9e-5072-4184-b5d4-d40d99b4c733,d31216e4-1c7b-425d-85e8-051b0fc8e8af,7b3833be-80c6-4361-8214-8b07d0edfb83,1635696116862,13.4172415,52.4762668,5.1403375,-0.17677727,2.3055668,1.2045126,on bike mount,cyclo cross,True,concrete plates,good
aa460e9e-5072-4184-b5d4-d40d99b4c733,d31216e4-1c7b-425d-85e8-051b0fc8e8af,c38bc3e0-33ee-4052-a802-fc4f78e70f22,1635696116912,13.4172415,52.4762668,5.1403375,0.18112236,1.4307938,-1.5514741,on bike mount,cyclo cross,True,concrete plates,good
aa460e9e-5072-4184-b5d4-d40d99b4c733,d31216e4-1c7b-425d-85e8-051b0fc8e8af,00a7b9ff-d31b-4f12-9b00-75f9018fe787,1635696116962,13.4172415,52.4762668,5.1403375,-0.24688661,-0.07795644,1.701808,on bike mount,cyclo cross,True,concrete plates,good
aa460e9e-5072-4184-b5d4-d40d99b4c733,d31216e4-1c7b-425d-85e8-051b0fc8e8af,d8911225-21e2-4992-b442-b9783360671f,1635696117014,13.4172415,52.4762668,5.1403375,0.77332795,2.199861,-0.04193306,on bike mount,cyclo cross,True,concrete plates,good
aa460e9e-5072-4184-b5d4-d40d99b4c733,d31216e4-1c7b-425d-85e8-051b0fc8e8af,577be557-4800-40a3-b493-c874567e2be8,1635696117064,13.4172415,52.4762668,5.1403375,-1.0767134,-0.23816943,0.049560547,on bike mount,cyclo cross,True,concrete plates,good
aa460e9e-5072-4184-b5d4-d40d99b4c733,d31216e4-1c7b-425d-85e8-051b0fc8e8af,f4599a42-a598-4b98-99a3-adadf477c50b,1635696117113,13.4172415,52.4762668,5.1403375,-1.0148741,-0.82542396,-0.047590256,on bike mount,cyclo cross,True,concrete plates,good
aa460e9e-5072-4184-b5d4-d40d99b4c733,d31216e4-1c7b-425d-85e8-051b0fc8e8af,062d58e6-05fb-4416-a1e3-af9dd9696219,1635696117164,13.4172415,52.4762668,5.1403375,-0.36489797,-0.9221668,-0.1548891,on bike mount,cyclo cross,True,concrete plates,good
aa460e9e-5072-4184-b5d4-d40d99b4c733,d31216e4-1c7b-425d-85e8-051b0fc8e8af,1a9a9c5b-9c2d-4935-b5df-f65ab4ea47a7,1635696117229,13.4172415,52.4762668,5.1403375,0.14415282,1.1195798,1.4310589,on bike mount,cyclo cross,True,concrete plates,good
aa460e9e-5072-4184-b5d4-d40d99b4c733,d31216e4-1c7b-425d-85e8-051b0fc8e8af,635f6c84-0d54-40f5-ae33-730154507168,1635696117280,13.4172415,52.4762668,5.1403375,1.3994608,1.9961858,-0.33860874,on bike mount,cyclo cross,True,concrete plates,good
aa460e9e-5072-4184-b5d4-d40d99b4c733,d31216e4-1c7b-425d-85e8-051b0fc8e8af,4ef8141e-1859-4c04-9d4b-0d513fdc5716,1635696117332,13.4172415,52.4762668,5.1403375,-2.8095844,0.18503213,-1.9088864,on bike mount,cyclo cross,True,concrete plates,good
aa460e9e-5072-4184-b5d4-d40d99b4c733,d31216e4-1c7b-425d-85e8-051b0fc8e8af,2762ca66-7683-40ca-ba67-cf26f63bf936,1635696117397,13.4172415,52.4762668,5.1403375,0.94750905,-0.33800173,2.565239,on bike mount,cyclo cross,True,concrete plates,good
aa460e9e-5072-4184-b5d4-d40d99b4c733,d31216e4-1c7b-425d-85e8-051b0fc8e8af,a22aaa61-7658-4bf9-9188-4327451543ad,1635696117450,13.4172415,52.4762668,5.1403375,1.2111262,-1.3428115,4.2933292,on bike mount,cyclo cross,True,concrete plates,good
aa460e9e-5072-4184-b5d4-d40d99b4c733,d31216e4-1c7b-425d-85e8-051b0fc8e8af,b65577f3-9385-4813-be9d-9756e2533f75,1635696117499,13.4172415,52.4762668,5.1403375,-2.2253246,-1.0238163,0.40240097,on bike mount,cyclo cross,True,concrete plates,good
aa460e9e-5072-4184-b5d4-d40d99b4c733,d31216e4-1c7b-425d-85e8-051b0fc8e8af,64d783af-c06e-43f4-ba7f-8b2a7228eac0,1635696117549,13.4172415,52.4762668,5.1403375,-0.39568645,0.56311417,5.6592426,on bike mount,cyclo cross,True,concrete plates,good
aa460e9e-5072-4184-b5d4-d40d99b4c733,d31216e4-1c7b-425d-85e8-051b0fc8e8af,ac2990d8-adc0-4c9b-9c57-d60d08aff52d,1635696117599,13.4172415,52.4762668,5.1403375,-0.08857207,0.28023458,-1.9953451,on bike mount,cyclo cross,True,concrete plates,good
aa460e9e-5072-4184-b5d4-d40d99b4c733,d31216e4-1c7b-425d-85e8-051b0fc8e8af,35134154-7ad7-435e-b091-4b039d1ee5a0,1635696117665,13.4172415,52.4762668,5.1403375,1.9154098,-0.4429636,1.1521597,on bike mount,cyclo cross,True,concrete plates,good
aa460e9e-5072-4184-b5d4-d40d99b4c733,d31216e4-1c7b-425d-85e8-051b0fc8e8af,a9c2b1bf-24e4-4f30-9354-82641a26c1da,1635696117716,13.4171917,52.4763154,5.1117687,-1.2911313,0.7644882,-1.9056091,on bike mount,cyclo cross,True,concrete plates,good
aa460e9e-5072-4184-b5d4-d40d99b4c733,d31216e4-1c7b-425d-85e8-051b0fc8e8af,5bf9a48b-e4bc-47fe-8769-e62b07bdee0a,1635696117766,13.4171917,52.4763154,5.1117687,-2.0329459,-7.6580787,0.5437193,on bike mount,cyclo cross,True,concrete plates,good
aa460e9e-5072-4184-b5d4-d40d99b4c733,d31216e4-1c7b-425d-85e8-051b0fc8e8af,a303aea5-2f5d-4ec8-9f1c-3cb8977fb99d,1635696117816,13.4171917,52.4763154,5.1117687,2.1704302,2.963482,-8.785858,on bike mount,cyclo cross,True,concrete plates,good
aa460e9e-5072-4184-b5d4-d40d99b4c733,d31216e4-1c7b-425d-85e8-051b0fc8e8af,8c323067-ee13-41e3-b15f-e1b5384dbb54,1635696117867,13.4171917,52.4763154,5.1117687,5.253757,-1.0327032,-2.734304,on bike mount,cyclo cross,True,concrete plates,good
aa460e9e-5072-4184-b5d4-d40d99b4c733,d31216e4-1c7b-425d-85e8-051b0fc8e8af,7839991b-96e6-49b5-9168-cf9caf86217d,1635696117917,13.4171917,52.4763154,5.1117687,0.6042001,-1.7550886,-2.89218,on bike mount,cyclo cross,True,concrete plates,good
aa460e9e-5072-4184-b5d4-d40d99b4c733,d31216e4-1c7b-425d-85e8-051b0fc8e8af,20c64d6d-155c-485b-8f96-f380d0ffe764,1635696117982,13.4171917,52.4763154,5.1117687,2.1780457,-5.0101457,-1.3697147,on bike mount,cyclo cross,True,concrete plates,good
aa460e9e-5072-4184-b5d4-d40d99b4c733,d31216e4-1c7b-425d-85e8-051b0fc8e8af,bfc08790-a7bc-45ac-b880-a1bdb694a23c,1635696118033,13.4171917,52.4763154,5.1117687,0.76027393,-0.29105115,3.3188095,on bike mount,cyclo cross,True,concrete plates,good
aa460e9e-5072-4184-b5d4-d40d99b4c733,d31216e4-1c7b-425d-85e8-051b0fc8e8af,99275768-509b-4cbf-9688-4996b7149dab,1635696118084,13.4171917,52.4763154,5.1117687,-0.43625286,-1.8736697,0.0057725906,on bike mount,cyclo cross,True,concrete plates,good
aa460e9e-5072-4184-b5d4-d40d99b4c733,d31216e4-1c7b-425d-85e8-051b0fc8e8af,c358750c-30d0-4922-82cb-34b5a3d94cc7,1635696118149,13.4171917,52.4763154,5.1117687,1.0758388,0.32315302,-1.2477641,on bike mount,cyclo cross,True,concrete plates,good
aa460e9e-5072-4184-b5d4-d40d99b4c733,d31216e4-1c7b-425d-85e8-051b0fc8e8af,48f97198-0388-4ca2-ab65-1e02099b3a4b,1635696118199,13.4171917,52.4763154,5.1117687,0.6213701,-3.1384926,2.6049414,on bike mount,cyclo cross,True,concrete plates,good
aa460e9e-5072-4184-b5d4-d40d99b4c733,d31216e4-1c7b-425d-85e8-051b0fc8e8af,4ee587cb-f3de-420d-8e60-d4fa77cfed27,1635696118249,13.4171917,52.4763154,5.1117687,0.6738455,-0.8039262,2.2654724,on bike mount,cyclo cross,True,concrete plates,good
aa460e9e-5072-4184-b5d4-d40d99b4c733,d31216e4-1c7b-425d-85e8-051b0fc8e8af,aa03d285-49f9-4a63-bc31-2593b2c90e4c,1635696118302,13.4171917,52.4763154,5.1117687,-0.01152426,3.9969912,-0.72519493,on bike mount,cyclo cross,True,concrete plates,good
aa460e9e-5072-4184-b5d4-d40d99b4c733,d31216e4-1c7b-425d-85e8-051b0fc8e8af,81153715-a9fa-4867-9178-e2cd9255a539,1635696118367,13.4171917,52.4763154,5.1117687,0.5022293,3.1755023,1.1835785,on bike mount,cyclo cross,True,concrete plates,good
aa460e9e-5072-4184-b5d4-d40d99b4c733,d31216e4-1c7b-425d-85e8-051b0fc8e8af,9a8ff982-920e-4308-a1f4-094cf1ff24dc,1635696118434,13.4171917,52.4763154,5.1117687,0.41188553,1.3095386,1.1531811,on bike mount,cyclo cross,True,concrete plates,good
aa460e9e-5072-4184-b5d4-d40d99b4c733,d31216e4-1c7b-425d-85e8-051b0fc8e8af,1cc266ab-dbf6-4b40-b50e-efeace10832e,1635696118499,13.4171917,52.4763154,5.1117687,0.3804581,-1.2932415,-1.7602286,on bike mount,cyclo cross,True,concrete plates,good
aa460e9e-5072-4184-b5d4-d40d99b4c733,d31216e4-1c7b-425d-85e8-051b0fc8e8af,5f64d9e5-d09d-4391-bcae-ed26ae45c59c,1635696118550,13.4171917,52.4763154,5.1117687,0.39344913,-1.7005619,2.7008362,on bike mount,cyclo cross,True,concrete plates,good
aa460e9e-5072-4184-b5d4-d40d99b4c733,d31216e4-1c7b-425d-85e8-051b0fc8e8af,a1c0bc59-ab9f-4fc9-a762-66ecf47285a8,1635696118601,13.4171917,52.4763154,5.1117687,-0.5692055,-0.6736424,-0.76148033,on bike mount,cyclo cross,True,concrete plates,good
aa460e9e-5072-4184-b5d4-d40d99b4c733,d31216e4-1c7b-425d-85e8-051b0fc8e8af,3e0661d8-7c2c-47e3-990c-c20e5bfc0954,1635696118679,13.4171917,52.4763154,5.1117687,0.20973653,1.657793,1.2562227,on bike mount,cyclo cross,True,concrete plates,good
aa460e9e-5072-4184-b5d4-d40d99b4c733,d31216e4-1c7b-425d-85e8-051b0fc8e8af,810819e2-afa8-482e-b3cc-4111fd4479b8,1635696118733,13.4171233,52.4763644,5.1302915,0.08192046,-3.1551988,-0.17671394,on bike mount,cyclo cross,True,concrete plates,good
aa460e9e-5072-4184-b5d4-d40d99b4c733,d31216e4-1c7b-425d-85e8-051b0fc8e8af,9d92d19e-8149-4a9f-8465-ba9cab0bd2a9,1635696118784,13.4171233,52.4763644,5.1302915,-0.3851404,-0.00024533272,1.0130482,on bike mount,cyclo cross,True,concrete plates,good
aa460e9e-5072-4184-b5d4-d40d99b4c733,d31216e4-1c7b-425d-85e8-051b0fc8e8af,5774d143-8f3a-43d2-8aa5-a68f409b0691,1635696118835,13.4171233,52.4763644,5.1302915,-0.23021685,2.513085,2.0501423,on bike mount,cyclo cross,True,concrete plates,good
aa460e9e-5072-4184-b5d4-d40d99b4c733,d31216e4-1c7b-425d-85e8-051b0fc8e8af,cab21a4f-b80c-40e3-9d5c-22b4d84d32ad,1635696118886,13.4171233,52.4763644,5.1302915,-0.27704734,-1.9305321,0.35225105,on bike mount,cyclo cross,True,concrete plates,good
aa460e9e-5072-4184-b5d4-d40d99b4c733,d31216e4-1c7b-425d-85e8-051b0fc8e8af,c6947b31-e9f2-4935-b244-a4b487b3fa75,1635696118951,13.4171233,52.4763644,5.1302915,-0.56302035,-1.0315113,0.07823658,on bike mount,cyclo cross,True,concrete plates,good
aa460e9e-5072-4184-b5d4-d40d99b4c733,d31216e4-1c7b-425d-85e8-051b0fc8e8af,2d924667-f054-4857-9ae4-9a5e6a13b42a,1635696119002,13.4171233,52.4763644,5.1302915,-0.74160004,0.5151882,2.298853,on bike mount,cyclo cross,True,concrete plates,good
aa460e9e-5072-4184-b5d4-d40d99b4c733,d31216e4-1c7b-425d-85e8-051b0fc8e8af,157b0e4b-605d-4c29-9da1-04ec135d31cd,1635696119052,13.4171233,52.4763644,5.1302915,0.46059766,0.70478964,-0.9363966,on bike mount,cyclo cross,True,concrete plates,good
aa460e9e-5072-4184-b5d4-d40d99b4c733,d31216e4-1c7b-425d-85e8-051b0fc8e8af,21a6a570-0802-40b4-883e-3560486e9759,1635696119103,13.4171233,52.4763644,5.1302915,0.041378886,-6.7778444,5.812292,on bike mount,cyclo cross,True,concrete plates,good
aa460e9e-5072-4184-b5d4-d40d99b4c733,d31216e4-1c7b-425d-85e8-051b0fc8e8af,7f00437d-2e6d-4fb0-9987-35f2605a940c,1635696119168,13.4171233,52.4763644,5.1302915,0.3951701,-5.316971,7.2544136,on bike mount,cyclo cross,True,concrete plates,good
aa460e9e-5072-4184-b5d4-d40d99b4c733,d31216e4-1c7b-425d-85e8-051b0fc8e8af,311f0206-243f-4a7c-9c7c-04126d863234,1635696119219,13.4171233,52.4763644,5.1302915,0.2439276,-1.2052948,7.89826,on bike mount,cyclo cross,True,concrete plates,good
aa460e9e-5072-4184-b5d4-d40d99b4c733,d31216e4-1c7b-425d-85e8-051b0fc8e8af,386009d6-9871-499e-83e1-0d06795966a3,1635696119270,13.4171233,52.4763644,5.1302915,-1.4182711,1.199233,-0.42878246,on bike mount,cyclo cross,True,concrete plates,good
aa460e9e-5072-4184-b5d4-d40d99b4c733,d31216e4-1c7b-425d-85e8-051b0fc8e8af,b8494087-c6f2-413e-aa3c-fbf45d20cb21,1635696119319,13.4171233,52.4763644,5.1302915,0.66877645,2.4776206,-0.30753422,on bike mount,cyclo cross,True,concrete plates,good
aa460e9e-5072-4184-b5d4-d40d99b4c733,d31216e4-1c7b-425d-85e8-051b0fc8e8af,a63db4d7-a6f2-40ba-a01c-a37e0b9fae20,1635696119369,13.4171233,52.4763644,5.1302915,-1.0288739,1.3367524,0.15794182,on bike mount,cyclo cross,True,concrete plates,good
aa460e9e-5072-4184-b5d4-d40d99b4c733,d31216e4-1c7b-425d-85e8-051b0fc8e8af,6cde6a45-0b69-485a-8c8b-2d61331d095f,1635696119419,13.4171233,52.4763644,5.1302915,-0.2844087,-1.3652008,0.21913242,on bike mount,cyclo cross,True,concrete plates,good
aa460e9e-5072-4184-b5d4-d40d99b4c733,d31216e4-1c7b-425d-85e8-051b0fc8e8af,a36b66d0-265b-43fe-91ab-6581b111fb83,1635696119470,13.4171233,52.4763644,5.1302915,-1.9391832,-0.9314649,-1.001133,on bike mount,cyclo cross,True,concrete plates,good
aa460e9e-5072-4184-b5d4-d40d99b4c733,d31216e4-1c7b-425d-85e8-051b0fc8e8af,5dbdb566-4cfe-42a2-a666-73905ba63a6c,1635696119521,13.4171233,52.4763644,5.1302915,0.21612404,1.5802851,-0.0404644,on bike mount,cyclo cross,True,concrete plates,good
aa460e9e-5072-4184-b5d4-d40d99b4c733,d31216e4-1c7b-425d-85e8-051b0fc8e8af,bf0b8f26-275b-4ce3-8474-50efa998e517,1635696119588,13.4171233,52.4763644,5.1302915,-0.07538456,-0.9702716,0.7066021,on bike mount,cyclo cross,True,concrete plates,good
aa460e9e-5072-4184-b5d4-d40d99b4c733,d31216e4-1c7b-425d-85e8-051b0fc8e8af,d507b629-1f51-4d27-8c59-85adb0f5f342,1635696119638,13.4171233,52.4763644,5.1302915,0.9846791,0.27233052,-2.2212033,on bike mount,cyclo cross,True,concrete plates,good
aa460e9e-5072-4184-b5d4-d40d99b4c733,d31216e4-1c7b-425d-85e8-051b0fc8e8af,9d335497-2f2c-4796-9f1c-7e435944ccac,1635696119703,13.4170282,52.4764121,5.990037,0.14666489,-0.17151642,1.3608685,on bike mount,cyclo cross,True,concrete plates,good
aa460e9e-5072-4184-b5d4-d40d99b4c733,d31216e4-1c7b-425d-85e8-051b0fc8e8af,5bd5433b-ad7a-4c0a-a677-d4183eb57fdf,1635696119753,13.4170282,52.4764121,5.990037,-0.058498275,1.743537,-0.4875164,on bike mount,cyclo cross,True,concrete plates,good
aa460e9e-5072-4184-b5d4-d40d99b4c733,d31216e4-1c7b-425d-85e8-051b0fc8e8af,2ff57bde-9f3f-48f7-ad9e-a07283b7aefc,1635696119804,13.4170282,52.4764121,5.990037,0.34238783,-0.18894053,2.0445776,on bike mount,cyclo cross,True,concrete plates,good
aa460e9e-5072-4184-b5d4-d40d99b4c733,d31216e4-1c7b-425d-85e8-051b0fc8e8af,a6766832-d9bd-4d85-b2e7-2e167ba83c04,1635696119871,13.4170282,52.4764121,5.990037,-0.17018542,2.0511017,0.54051685,on bike mount,cyclo cross,True,concrete plates,good
aa460e9e-5072-4184-b5d4-d40d99b4c733,d31216e4-1c7b-425d-85e8-051b0fc8e8af,493c0433-cea6-402e-ad26-4506b45fa26b,1635696119920,13.4170282,52.4764121,5.990037,-0.78845537,1.3873205,1.3995123,on bike mount,cyclo cross,True,concrete plates,good
aa460e9e-5072-4184-b5d4-d40d99b4c733,d31216e4-1c7b-425d-85e8-051b0fc8e8af,c98e3205-4c18-4c50-830a-f11c032f713b,1635696119971,13.4170282,52.4764121,5.990037,-0.08943093,0.22142386,3.3929367,on bike mount,cyclo cross,True,concrete plates,good
aa460e9e-5072-4184-b5d4-d40d99b4c733,d31216e4-1c7b-425d-85e8-051b0fc8e8af,aebb24f7-954f-443d-ad9f-9c28777b7bab,1635696120022,13.4170282,52.4764121,5.990037,0.20593128,1.9230089,-3.8331385,on bike mount,cyclo cross,True,concrete plates,good
aa460e9e-5072-4184-b5d4-d40d99b4c733,d31216e4-1c7b-425d-85e8-051b0fc8e8af,9774c6fc-1b7f-46a7-8e3f-f4eb1ac7ff9e,1635696120073,13.4170282,52.4764121,5.990037,4.136503,-2.1227791,-0.5284643,on bike mount,cyclo cross,True,concrete plates,good
aa460e9e-5072-4184-b5d4-d40d99b4c733,d31216e4-1c7b-425d-85e8-051b0fc8e8af,1df57284-62b0-46ae-8771-0901a62f6a71,1635696120136,13.4170282,52.4764121,5.990037,0.019154694,2.6678123,0.39643955,on bike mount,cyclo cross,True,concrete plates,good
aa460e9e-5072-4184-b5d4-d40d99b4c733,d31216e4-1c7b-425d-85e8-051b0fc8e8af,20aa391f-18b8-433f-9617-561cb17159c3,1635696120188,13.4170282,52.4764121,5.990037,-1.8326645,1.3746731,-4.84546,on bike mount,cyclo cross,True,concrete plates,good
aa460e9e-5072-4184-b5d4-d40d99b4c733,d31216e4-1c7b-425d-85e8-051b0fc8e8af,94aa8d14-c94a-484b-b932-ab1cf660b94c,1635696120238,13.4170282,52.4764121,5.990037,1.3944,-2.951627,-3.2191772,on bike mount,cyclo cross,True,concrete plates,good
aa460e9e-5072-4184-b5d4-d40d99b4c733,d31216e4-1c7b-425d-85e8-051b0fc8e8af,cdab280d-1419-4fee-be57-20e6733dd3da,1635696120288,13.4170282,52.4764121,5.990037,-1.3705149,0.32802057,1.5528097,on bike mount,cyclo cross,True,concrete plates,good
aa460e9e-5072-4184-b5d4-d40d99b4c733,d31216e4-1c7b-425d-85e8-051b0fc8e8af,0900f678-50a8-4002-be1c-568e78eda330,1635696120338,13.4170282,52.4764121,5.990037,-1.3747661,-6.7500944,3.1999216,on bike mount,cyclo cross,True,concrete plates,good
aa460e9e-5072-4184-b5d4-d40d99b4c733,d31216e4-1c7b-425d-85e8-051b0fc8e8af,e4aeed3f-5811-4405-a32c-7374061c907b,1635696120388,13.4170282,52.4764121,5.990037,-1.1038873,0.19702697,0.41978073,on bike mount,cyclo cross,True,concrete plates,good
aa460e9e-5072-4184-b5d4-d40d99b4c733,d31216e4-1c7b-425d-85e8-051b0fc8e8af,73b73fb5-e561-41f5-ac81-420277a3702d,1635696120438,13.4170282,52.4764121,5.990037,1.6322476,3.4414926,-3.6587768,on bike mount,cyclo cross,True,concrete plates,good
aa460e9e-5072-4184-b5d4-d40d99b4c733,d31216e4-1c7b-425d-85e8-051b0fc8e8af,72bec568-cc14-46aa-8091-595fcd66ef6d,1635696120489,13.4170282,52.4764121,5.990037,0.07096583,-1.5161728,2.4148436,on bike mount,cyclo cross,True,concrete plates,good
aa460e9e-5072-4184-b5d4-d40d99b4c733,d31216e4-1c7b-425d-85e8-051b0fc8e8af,d100a847-ec44-42e1-ae3f-b1bc0e1445c9,1635696120540,13.4170282,52.4764121,5.990037,2.024002,1.3867748,-7.151417,on bike mount,cyclo cross,True,concrete plates,good
aa460e9e-5072-4184-b5d4-d40d99b4c733,d31216e4-1c7b-425d-85e8-051b0fc8e8af,43a3ec3c-e9d8-44f9-bddb-740ec92c8441,1635696120590,13.4170282,52.4764121,5.990037,-1.2164693,-3.701404,5.1238594,on bike mount,cyclo cross,True,concrete plates,good
aa460e9e-5072-4184-b5d4-d40d99b4c733,d31216e4-1c7b-425d-85e8-051b0fc8e8af,d234e0fe-9448-4b91-a6c1-a981a7d13ff6,1635696120640,13.4170282,52.4764121,5.990037,-3.2521453,-0.7848692,-1.4143324,on bike mount,cyclo cross,True,concrete plates,good
aa460e9e-5072-4184-b5d4-d40d99b4c733,d31216e4-1c7b-425d-85e8-051b0fc8e8af,69fe6fa6-e75d-4ae5-855e-3945e085ac99,1635696120691,13.4169494,52.4764609,6.1288095,1.531978,-9.994786,1.4875317,on bike mount,cyclo cross,True,concrete plates,good
aa460e9e-5072-4184-b5d4-d40d99b4c733,d31216e4-1c7b-425d-85e8-051b0fc8e8af,39d3fb71-336b-4b9e-86e2-8d4c1ae3e472,1635696120756,13.4169494,52.4764609,6.1288095,-1.9046469,3.7970033,-0.49842644,on bike mount,cyclo cross,True,concrete plates,good
aa460e9e-5072-4184-b5d4-d40d99b4c733,d31216e4-1c7b-425d-85e8-051b0fc8e8af,5bb81f0e-7158-434a-8dbb-4396a4a8f2f0,1635696120823,13.4169494,52.4764609,6.1288095,-1.1541235,-3.3588135,0.27375793,on bike mount,cyclo cross,True,concrete plates,good
