bike_activity_uid,bike_activity_sample_uid,bike_activity_measurement,bike_activity_measurement_timestamp,bike_activity_measurement_lon,bike_activity_measurement_lat,bike_activity_measurement_speed,bike_activity_measurement_accelerometer_x,bike_activity_measurement_accelerometer_y,bike_activity_measurement_accelerometer_z,bike_activity_phone_position,bike_activity_bike_type,bike_activity_flagged_lab_conditions,bike_activity_surface_type,bike_activity_smoothness_type
ad6b8960-356d-40df-b594-e9ef53e88d2e,18ed8160-cd60-4277-a163-0245213ddefc,d7a9f8cb-4b2d-4b88-9b26-fbc6c2eb799c,1633159735837,13.7252934,52.4307486,7.0855584,0.9261648,-0.079282045,2.5820293,on bike mount,cyclo cross,True,asphalt,excellent
ad6b8960-356d-40df-b594-e9ef53e88d2e,18ed8160-cd60-4277-a163-0245213ddefc,3d56a926-c45f-4436-bd28-3c975323f5ae,1633159735903,13.7252934,52.4307486,7.0855584,-0.17576021,0.29816794,-0.5899668,on bike mount,cyclo cross,True,asphalt,excellent
ad6b8960-356d-40df-b594-e9ef53e88d2e,18ed8160-cd60-4277-a163-0245213ddefc,f203b1c2-9ac3-4931-b376-3aefd32e1fa6,1633159735953,13.7252934,52.4307486,7.0855584,-0.32878375,1.1758959,1.2922792,on bike mount,cyclo cross,True,asphalt,excellent
ad6b8960-356d-40df-b594-e9ef53e88d2e,18ed8160-cd60-4277-a163-0245213ddefc,65cf6b5c-acf8-4fbb-a225-f53f82e3b743,1633159736004,13.7252934,52.4307486,7.0855584,0.038678795,-0.33108783,-2.2836313,on bike mount,cyclo cross,True,asphalt,excellent
ad6b8960-356d-40df-b594-e9ef53e88d2e,18ed8160-cd60-4277-a163-0245213ddefc,c1647dda-1326-4fa6-8d81-6a8494b156d6,1633159736054,13.7252934,52.4307486,7.0855584,-0.27225494,0.24787855,-0.6900153,on bike mount,cyclo cross,True,asphalt,excellent
ad6b8960-356d-40df-b594-e9ef53e88d2e,18ed8160-cd60-4277-a163-0245213ddefc,1780c197-3759-4412-a93c-808ed45dd595,1633159736104,13.7252934,52.4307486,7.0855584,1.0983155,0.11141181,1.5836983,on bike mount,cyclo cross,True,asphalt,excellent
ad6b8960-356d-40df-b594-e9ef53e88d2e,18ed8160-cd60-4277-a163-0245213ddefc,4f9c1876-93ec-4d87-93ed-0a0f73a8602c,1633159736154,13.7252934,52.4307486,7.0855584,0.6695074,1.3414874,-0.41527557,on bike mount,cyclo cross,True,asphalt,excellent
ad6b8960-356d-40df-b594-e9ef53e88d2e,18ed8160-cd60-4277-a163-0245213ddefc,8ff8d285-35ed-4c07-9552-6c384c298c53,1633159736221,13.7252934,52.4307486,7.0855584,-1.8364682,0.47330332,0.6880493,on bike mount,cyclo cross,True,asphalt,excellent
ad6b8960-356d-40df-b594-e9ef53e88d2e,18ed8160-cd60-4277-a163-0245213ddefc,efe5ee17-2c0b-4e9c-9153-cd792b57ea97,1633159736270,13.7252934,52.4307486,7.0855584,-0.284775,1.4965162,-1.7449446,on bike mount,cyclo cross,True,asphalt,excellent
ad6b8960-356d-40df-b594-e9ef53e88d2e,18ed8160-cd60-4277-a163-0245213ddefc,896af8a1-a138-4208-bfd7-c80d5fbd4d7e,1633159736320,13.7252934,52.4307486,7.0855584,-0.15931754,1.0844588,-0.11744785,on bike mount,cyclo cross,True,asphalt,excellent
ad6b8960-356d-40df-b594-e9ef53e88d2e,18ed8160-cd60-4277-a163-0245213ddefc,626d9f65-339e-491d-8a72-180624726a6f,1633159736371,13.7252934,52.4307486,7.0855584,-1.4606788,-0.6684449,0.90872955,on bike mount,cyclo cross,True,asphalt,excellent
ad6b8960-356d-40df-b594-e9ef53e88d2e,18ed8160-cd60-4277-a163-0245213ddefc,cad6f21b-f8bd-4792-8d2c-6d9406ba25d4,1633159736420,13.7252934,52.4307486,7.0855584,-0.47142553,-0.7712107,1.0547504,on bike mount,cyclo cross,True,asphalt,excellent
ad6b8960-356d-40df-b594-e9ef53e88d2e,18ed8160-cd60-4277-a163-0245213ddefc,bf1209c3-636e-4a97-8d1d-2e53317ea009,1633159736470,13.7252934,52.4307486,7.0855584,0.43231648,0.23794436,-0.012971878,on bike mount,cyclo cross,True,asphalt,excellent
ad6b8960-356d-40df-b594-e9ef53e88d2e,18ed8160-cd60-4277-a163-0245213ddefc,d4d534c8-2de0-4419-a77e-25eb51d8cc99,1633159736520,13.7252934,52.4307486,7.0855584,-0.17789932,1.4297688,0.48435497,on bike mount,cyclo cross,True,asphalt,excellent
ad6b8960-356d-40df-b594-e9ef53e88d2e,18ed8160-cd60-4277-a163-0245213ddefc,97d9a8e9-79ba-4b01-b687-f6ac7ed0dea5,1633159736570,13.7252934,52.4307486,7.0855584,-1.4027514,1.7831259,0.14233208,on bike mount,cyclo cross,True,asphalt,excellent
ad6b8960-356d-40df-b594-e9ef53e88d2e,18ed8160-cd60-4277-a163-0245213ddefc,bd02aa92-5ec1-4f7e-9f51-924aa9c5bfda,1633159736622,13.7253995,52.4307385,7.174027,0.18183315,-0.66375947,0.071930885,on bike mount,cyclo cross,True,asphalt,excellent
ad6b8960-356d-40df-b594-e9ef53e88d2e,18ed8160-cd60-4277-a163-0245213ddefc,db3d2b48-af74-496e-96bd-daca7d8b8d8b,1633159736686,13.7253995,52.4307385,7.174027,0.99929845,0.30090213,1.7875872,on bike mount,cyclo cross,True,asphalt,excellent
ad6b8960-356d-40df-b594-e9ef53e88d2e,18ed8160-cd60-4277-a163-0245213ddefc,282f7944-ae8c-4779-9cc7-2b31b7712e04,1633159736738,13.7253995,52.4307385,7.174027,-0.8534954,0.028074503,0.51720333,on bike mount,cyclo cross,True,asphalt,excellent
ad6b8960-356d-40df-b594-e9ef53e88d2e,18ed8160-cd60-4277-a163-0245213ddefc,8cf8123b-12a0-4b7a-891a-d95b154fe3dc,1633159736789,13.7253995,52.4307385,7.174027,-0.07744302,1.0548785,-1.4450846,on bike mount,cyclo cross,True,asphalt,excellent
ad6b8960-356d-40df-b594-e9ef53e88d2e,18ed8160-cd60-4277-a163-0245213ddefc,f68ce51e-a8bc-4f56-8af4-1bcb643d120c,1633159736855,13.7253995,52.4307385,7.174027,-0.06339732,0.15050411,-1.0179548,on bike mount,cyclo cross,True,asphalt,excellent
ad6b8960-356d-40df-b594-e9ef53e88d2e,18ed8160-cd60-4277-a163-0245213ddefc,e1f03d34-21b3-457e-a503-0bd21a509708,1633159736905,13.7253995,52.4307385,7.174027,1.0150024,-0.26734686,-1.8884845,on bike mount,cyclo cross,True,asphalt,excellent
ad6b8960-356d-40df-b594-e9ef53e88d2e,18ed8160-cd60-4277-a163-0245213ddefc,89d4322b-a2ba-4d62-b3a3-48c613a2892b,1633159736956,13.7253995,52.4307385,7.174027,0.30377018,0.5141866,0.34035778,on bike mount,cyclo cross,True,asphalt,excellent
ad6b8960-356d-40df-b594-e9ef53e88d2e,18ed8160-cd60-4277-a163-0245213ddefc,5704be48-250e-43aa-b45a-7f561372a385,1633159737022,13.7253995,52.4307385,7.174027,-1.2570728,1.3467491,0.1913395,on bike mount,cyclo cross,True,asphalt,excellent
ad6b8960-356d-40df-b594-e9ef53e88d2e,18ed8160-cd60-4277-a163-0245213ddefc,b68cbc84-c8ee-4e87-b900-1be2c0ee7090,1633159737072,13.7253995,52.4307385,7.174027,0.26100838,1.7259738,-0.6373129,on bike mount,cyclo cross,True,asphalt,excellent
ad6b8960-356d-40df-b594-e9ef53e88d2e,18ed8160-cd60-4277-a163-0245213ddefc,c1877e2d-a5f9-43ff-a832-952b2d016f1c,1633159737123,13.7253995,52.4307385,7.174027,0.18287948,-1.5552772,-0.47017193,on bike mount,cyclo cross,True,asphalt,excellent
ad6b8960-356d-40df-b594-e9ef53e88d2e,18ed8160-cd60-4277-a163-0245213ddefc,574d8c97-db11-4611-ae18-db103d55b670,1633159737174,13.7253995,52.4307385,7.174027,0.5631857,-1.2845556,-0.14036846,on bike mount,cyclo cross,True,asphalt,excellent
ad6b8960-356d-40df-b594-e9ef53e88d2e,18ed8160-cd60-4277-a163-0245213ddefc,cd8b7f88-3e53-4f40-bd6e-d5f18ed6f0a9,1633159737240,13.7253995,52.4307385,7.174027,0.15636587,-0.4427818,-3.2251873,on bike mount,cyclo cross,True,asphalt,excellent
ad6b8960-356d-40df-b594-e9ef53e88d2e,18ed8160-cd60-4277-a163-0245213ddefc,e6ea10fc-3ee4-4640-812c-7afb9cebf824,1633159737289,13.7253995,52.4307385,7.174027,1.4893458,-1.1213802,1.7131987,on bike mount,cyclo cross,True,asphalt,excellent
ad6b8960-356d-40df-b594-e9ef53e88d2e,18ed8160-cd60-4277-a163-0245213ddefc,024721ce-6b85-4d8b-9a88-a3e3c48173b3,1633159737339,13.7253995,52.4307385,7.174027,-0.44462502,1.0419018,0.18412113,on bike mount,cyclo cross,True,asphalt,excellent
ad6b8960-356d-40df-b594-e9ef53e88d2e,18ed8160-cd60-4277-a163-0245213ddefc,ab34094f-107c-45b1-8496-1685459e956c,1633159737389,13.7253995,52.4307385,7.174027,-0.5473489,0.1032424,0.7279644,on bike mount,cyclo cross,True,asphalt,excellent
ad6b8960-356d-40df-b594-e9ef53e88d2e,18ed8160-cd60-4277-a163-0245213ddefc,b93964d6-4646-448b-92d5-92babbe09097,1633159737439,13.7253995,52.4307385,7.174027,1.86093,0.5012932,1.952529,on bike mount,cyclo cross,True,asphalt,excellent
ad6b8960-356d-40df-b594-e9ef53e88d2e,18ed8160-cd60-4277-a163-0245213ddefc,d695f296-3962-4634-9025-6abe585754b1,1633159737489,13.7253995,52.4307385,7.174027,1.2125497,1.7386646,-1.2292271,on bike mount,cyclo cross,True,asphalt,excellent
ad6b8960-356d-40df-b594-e9ef53e88d2e,18ed8160-cd60-4277-a163-0245213ddefc,19e295fa-fd62-4b4f-91b9-4d70913a12a7,1633159737540,13.7253995,52.4307385,7.174027,-0.7347394,1.0692902,-0.8523731,on bike mount,cyclo cross,True,asphalt,excellent
ad6b8960-356d-40df-b594-e9ef53e88d2e,18ed8160-cd60-4277-a163-0245213ddefc,dab757b4-07a6-48e6-b59e-b4e50b613f75,1633159737591,13.7253995,52.4307385,7.174027,0.8322925,-1.46848,1.2274055,on bike mount,cyclo cross,True,asphalt,excellent
ad6b8960-356d-40df-b594-e9ef53e88d2e,18ed8160-cd60-4277-a163-0245213ddefc,6e2b7015-62ba-4dab-99b9-e9f6c4527bcb,1633159737656,13.725508,52.4307206,7.2202296,-0.56554097,1.5994391,-1.6366758,on bike mount,cyclo cross,True,asphalt,excellent
ad6b8960-356d-40df-b594-e9ef53e88d2e,18ed8160-cd60-4277-a163-0245213ddefc,fa0f4b97-4e31-4a56-ac58-9d3ff1d6294e,1633159737707,13.725508,52.4307206,7.2202296,0.22415155,2.1347685,2.159607,on bike mount,cyclo cross,True,asphalt,excellent
ad6b8960-356d-40df-b594-e9ef53e88d2e,18ed8160-cd60-4277-a163-0245213ddefc,bf5aff69-bbc8-4f98-99d0-3a8f20dc87e0,1633159737757,13.725508,52.4307206,7.2202296,0.31585974,2.1651092,-0.06694603,on bike mount,cyclo cross,True,asphalt,excellent
ad6b8960-356d-40df-b594-e9ef53e88d2e,18ed8160-cd60-4277-a163-0245213ddefc,60fb0c76-86f0-4b47-8914-db25691c7b28,1633159737808,13.725508,52.4307206,7.2202296,-1.1394472,-1.0610565,-0.072092056,on bike mount,cyclo cross,True,asphalt,excellent
ad6b8960-356d-40df-b594-e9ef53e88d2e,18ed8160-cd60-4277-a163-0245213ddefc,6e894564-c678-497f-811b-c4e499acdf1e,1633159737858,13.725508,52.4307206,7.2202296,-0.012489509,-0.81056714,0.6372824,on bike mount,cyclo cross,True,asphalt,excellent
ad6b8960-356d-40df-b594-e9ef53e88d2e,18ed8160-cd60-4277-a163-0245213ddefc,73190493-fb17-4744-bd36-ac42ff25f14c,1633159737908,13.725508,52.4307206,7.2202296,-1.196914,1.3929634,-2.0413375,on bike mount,cyclo cross,True,asphalt,excellent
ad6b8960-356d-40df-b594-e9ef53e88d2e,18ed8160-cd60-4277-a163-0245213ddefc,d47877d4-0db0-45d7-83f4-1aac45d08113,1633159737958,13.725508,52.4307206,7.2202296,0.29489797,1.3729272,1.3643093,on bike mount,cyclo cross,True,asphalt,excellent
ad6b8960-356d-40df-b594-e9ef53e88d2e,18ed8160-cd60-4277-a163-0245213ddefc,85c00653-7b40-4d42-91e9-f215c8d54265,1633159738008,13.725508,52.4307206,7.2202296,-0.5631745,0.97236824,-2.187868,on bike mount,cyclo cross,True,asphalt,excellent
ad6b8960-356d-40df-b594-e9ef53e88d2e,18ed8160-cd60-4277-a163-0245213ddefc,49e7052d-51cc-4b2f-8fbf-b9914992a62a,1633159738058,13.725508,52.4307206,7.2202296,0.15569118,1.1950505,-0.12534523,on bike mount,cyclo cross,True,asphalt,excellent
ad6b8960-356d-40df-b594-e9ef53e88d2e,18ed8160-cd60-4277-a163-0245213ddefc,55694658-826e-45b8-9b17-d1aa551a83f2,1633159738108,13.725508,52.4307206,7.2202296,1.2033594,-0.455348,0.8419924,on bike mount,cyclo cross,True,asphalt,excellent
ad6b8960-356d-40df-b594-e9ef53e88d2e,18ed8160-cd60-4277-a163-0245213ddefc,bf2f89b4-298e-4e74-8a30-6519577e8f31,1633159738159,13.725508,52.4307206,7.2202296,0.33625388,0.57358766,-0.98590946,on bike mount,cyclo cross,True,asphalt,excellent
ad6b8960-356d-40df-b594-e9ef53e88d2e,18ed8160-cd60-4277-a163-0245213ddefc,6e48b86f-1f7e-4477-bca3-a9f47e16bb1a,1633159738209,13.725508,52.4307206,7.2202296,-0.610288,-0.39473772,-1.429668,on bike mount,cyclo cross,True,asphalt,excellent
ad6b8960-356d-40df-b594-e9ef53e88d2e,18ed8160-cd60-4277-a163-0245213ddefc,505a8821-e642-4f49-a77c-9afc25666138,1633159738274,13.725508,52.4307206,7.2202296,1.4232075,-0.46393847,-0.014527321,on bike mount,cyclo cross,True,asphalt,excellent
ad6b8960-356d-40df-b594-e9ef53e88d2e,18ed8160-cd60-4277-a163-0245213ddefc,8a1540c1-370b-42bd-bd45-5f634c9ad564,1633159738325,13.725508,52.4307206,7.2202296,-0.3443467,0.61057687,0.14328098,on bike mount,cyclo cross,True,asphalt,excellent
ad6b8960-356d-40df-b594-e9ef53e88d2e,18ed8160-cd60-4277-a163-0245213ddefc,074f62c3-9a5c-4fd6-92eb-6552b0a894e0,1633159738375,13.725508,52.4307206,7.2202296,1.506191,1.8744698,-1.9088674,on bike mount,cyclo cross,True,asphalt,excellent
ad6b8960-356d-40df-b594-e9ef53e88d2e,18ed8160-cd60-4277-a163-0245213ddefc,26cc7261-d533-49a3-a4f1-7c63a145776c,1633159738426,13.725508,52.4307206,7.2202296,-1.2962518,0.9764962,-1.1747918,on bike mount,cyclo cross,True,asphalt,excellent
ad6b8960-356d-40df-b594-e9ef53e88d2e,18ed8160-cd60-4277-a163-0245213ddefc,001d8c80-14ad-41b1-aec3-ff7043e1c30a,1633159738476,13.725508,52.4307206,7.2202296,-0.6918088,-2.4933743,0.321023,on bike mount,cyclo cross,True,asphalt,excellent
ad6b8960-356d-40df-b594-e9ef53e88d2e,18ed8160-cd60-4277-a163-0245213ddefc,4f4cc656-4905-4c71-bc66-a7b8d2215bc7,1633159738526,13.725508,52.4307206,7.2202296,0.8756477,0.026716232,-1.5381107,on bike mount,cyclo cross,True,asphalt,excellent
ad6b8960-356d-40df-b594-e9ef53e88d2e,18ed8160-cd60-4277-a163-0245213ddefc,671e7ad2-b242-44d4-92a0-554fb70d9995,1633159738576,13.725508,52.4307206,7.2202296,0.80360967,-0.24714494,-2.7846284,on bike mount,cyclo cross,True,asphalt,excellent
ad6b8960-356d-40df-b594-e9ef53e88d2e,18ed8160-cd60-4277-a163-0245213ddefc,f741f4e1-2914-4085-aa48-8f42c6066725,1633159738643,13.7256137,52.4307058,7.2476068,0.66594213,0.34989214,0.297534,on bike mount,cyclo cross,True,asphalt,excellent
ad6b8960-356d-40df-b594-e9ef53e88d2e,18ed8160-cd60-4277-a163-0245213ddefc,b6c54a51-d241-4598-acae-d21350a3dbb2,1633159738693,13.7256137,52.4307058,7.2476068,-0.15105966,1.4968343,-1.492424,on bike mount,cyclo cross,True,asphalt,excellent
ad6b8960-356d-40df-b594-e9ef53e88d2e,18ed8160-cd60-4277-a163-0245213ddefc,e33d3fe8-aee6-4e62-bc7a-c4c692f454f7,1633159738743,13.7256137,52.4307058,7.2476068,0.050530218,-1.8905462,-1.7219772,on bike mount,cyclo cross,True,asphalt,excellent
ad6b8960-356d-40df-b594-e9ef53e88d2e,18ed8160-cd60-4277-a163-0245213ddefc,2f82698a-c2d6-4c8f-bfff-412713395502,1633159738809,13.7256137,52.4307058,7.2476068,-0.27226582,-0.19454145,-0.71419907,on bike mount,cyclo cross,True,asphalt,excellent
ad6b8960-356d-40df-b594-e9ef53e88d2e,18ed8160-cd60-4277-a163-0245213ddefc,79411d31-3fe8-459d-adf4-08acd5180265,1633159738859,13.7256137,52.4307058,7.2476068,0.31226945,-0.55719614,1.5122089,on bike mount,cyclo cross,True,asphalt,excellent
ad6b8960-356d-40df-b594-e9ef53e88d2e,18ed8160-cd60-4277-a163-0245213ddefc,8c769fe2-34f4-4150-9592-3d33996ce893,1633159738909,13.7256137,52.4307058,7.2476068,0.5107691,-0.5504222,-0.6884699,on bike mount,cyclo cross,True,asphalt,excellent
ad6b8960-356d-40df-b594-e9ef53e88d2e,18ed8160-cd60-4277-a163-0245213ddefc,0a645886-c8c2-4ed9-bdf8-1776c082a13e,1633159738961,13.7256137,52.4307058,7.2476068,-1.0718707,0.36040497,-1.6759953,on bike mount,cyclo cross,True,asphalt,excellent
ad6b8960-356d-40df-b594-e9ef53e88d2e,18ed8160-cd60-4277-a163-0245213ddefc,c35d599c-8ee6-4fdf-b4bf-01a49e7ef96f,1633159739011,13.7256137,52.4307058,7.2476068,-0.7970134,-0.95189834,0.7347975,on bike mount,cyclo cross,True,asphalt,excellent
ad6b8960-356d-40df-b594-e9ef53e88d2e,18ed8160-cd60-4277-a163-0245213ddefc,397f40c4-f383-45fd-9962-fdfd9b2e40f8,1633159739077,13.7256137,52.4307058,7.2476068,0.88215405,-0.9358927,1.1997509,on bike mount,cyclo cross,True,asphalt,excellent
ad6b8960-356d-40df-b594-e9ef53e88d2e,18ed8160-cd60-4277-a163-0245213ddefc,6a578f67-c6d2-4764-89dd-e057ae2dc279,1633159739128,13.7256137,52.4307058,7.2476068,-1.2414306,-0.22322798,1.7382107,on bike mount,cyclo cross,True,asphalt,excellent
ad6b8960-356d-40df-b594-e9ef53e88d2e,18ed8160-cd60-4277-a163-0245213ddefc,5eea403c-4eff-4702-9d3a-b77f387d62bc,1633159739178,13.7256137,52.4307058,7.2476068,-0.7953047,0.2484827,0.5458565,on bike mount,cyclo cross,True,asphalt,excellent
ad6b8960-356d-40df-b594-e9ef53e88d2e,18ed8160-cd60-4277-a163-0245213ddefc,a0448495-883e-457f-8f15-44ded931d7d8,1633159739228,13.7256137,52.4307058,7.2476068,-0.19631836,0.15708685,0.034072876,on bike mount,cyclo cross,True,asphalt,excellent
ad6b8960-356d-40df-b594-e9ef53e88d2e,18ed8160-cd60-4277-a163-0245213ddefc,cce6de4c-9952-4401-a01c-1a8ceb4e2164,1633159739278,13.7256137,52.4307058,7.2476068,0.70198524,0.2103033,0.06794453,on bike mount,cyclo cross,True,asphalt,excellent
ad6b8960-356d-40df-b594-e9ef53e88d2e,18ed8160-cd60-4277-a163-0245213ddefc,f409e0bf-6c78-4649-a5b2-f6078448b8f5,1633159739328,13.7256137,52.4307058,7.2476068,-0.01582843,-1.1692542,1.9181318,on bike mount,cyclo cross,True,asphalt,excellent
ad6b8960-356d-40df-b594-e9ef53e88d2e,18ed8160-cd60-4277-a163-0245213ddefc,fbdc7707-a733-4712-8922-6b9f58fa23e5,1633159739378,13.7256137,52.4307058,7.2476068,-0.2549418,-0.36807442,-0.9310255,on bike mount,cyclo cross,True,asphalt,excellent
ad6b8960-356d-40df-b594-e9ef53e88d2e,18ed8160-cd60-4277-a163-0245213ddefc,66cdd156-1704-47ad-9c28-3943b50ed77a,1633159739428,13.7256137,52.4307058,7.2476068,-0.19343899,0.28927708,-0.33973026,on bike mount,cyclo cross,True,asphalt,excellent
ad6b8960-356d-40df-b594-e9ef53e88d2e,18ed8160-cd60-4277-a163-0245213ddefc,95cf62f2-b0d4-4146-a66b-241eab50a26a,1633159739478,13.7256137,52.4307058,7.2476068,0.0012319535,1.6239297,-0.21438122,on bike mount,cyclo cross,True,asphalt,excellent
ad6b8960-356d-40df-b594-e9ef53e88d2e,18ed8160-cd60-4277-a163-0245213ddefc,4c9335c9-fabe-416a-aaf7-6b1857ba3f14,1633159739528,13.7256137,52.4307058,7.2476068,0.61856544,-0.12843966,0.4886408,on bike mount,cyclo cross,True,asphalt,excellent
ad6b8960-356d-40df-b594-e9ef53e88d2e,18ed8160-cd60-4277-a163-0245213ddefc,e08b4d5c-87fd-4f91-9791-852141f28210,1633159739578,13.7256137,52.4307058,7.2476068,-0.30500394,0.45345902,-1.6931705,on bike mount,cyclo cross,True,asphalt,excellent
ad6b8960-356d-40df-b594-e9ef53e88d2e,18ed8160-cd60-4277-a163-0245213ddefc,a17ef625-d250-454e-912b-40d970b6dada,1633159739633,13.7257204,52.4306925,7.232709,-0.8027466,0.14146209,-0.87838364,on bike mount,cyclo cross,True,asphalt,excellent
ad6b8960-356d-40df-b594-e9ef53e88d2e,18ed8160-cd60-4277-a163-0245213ddefc,81d2c947-8129-4a8d-b4d3-32c2a4f66eda,1633159739695,13.7257204,52.4306925,7.232709,0.12694484,0.6677489,0.06994343,on bike mount,cyclo cross,True,asphalt,excellent
ad6b8960-356d-40df-b594-e9ef53e88d2e,18ed8160-cd60-4277-a163-0245213ddefc,ce96459d-cda5-4534-8bf8-6615729e984d,1633159739746,13.7257204,52.4306925,7.232709,-0.9143896,0.04194951,2.0418158,on bike mount,cyclo cross,True,asphalt,excellent
ad6b8960-356d-40df-b594-e9ef53e88d2e,18ed8160-cd60-4277-a163-0245213ddefc,17bf4b18-b162-4cbd-bb3b-5c9d661e61f9,1633159739796,13.7257204,52.4306925,7.232709,0.025600702,-1.106268,-0.94547653,on bike mount,cyclo cross,True,asphalt,excellent
ad6b8960-356d-40df-b594-e9ef53e88d2e,18ed8160-cd60-4277-a163-0245213ddefc,1d3fa263-3d74-4c25-afa5-32ca92a980e4,1633159739846,13.7257204,52.4306925,7.232709,2.1338544,1.673039,-0.37126637,on bike mount,cyclo cross,True,asphalt,excellent
ad6b8960-356d-40df-b594-e9ef53e88d2e,18ed8160-cd60-4277-a163-0245213ddefc,c8f35830-3b7c-4a2b-a8d4-b5722a65ba79,1633159739896,13.7257204,52.4306925,7.232709,-0.12603113,-0.46563578,1.2841282,on bike mount,cyclo cross,True,asphalt,excellent
ad6b8960-356d-40df-b594-e9ef53e88d2e,18ed8160-cd60-4277-a163-0245213ddefc,c784dcf5-ec67-4a71-bc41-479d3f281874,1633159739946,13.7257204,52.4306925,7.232709,-0.21105646,0.425308,-0.70204926,on bike mount,cyclo cross,True,asphalt,excellent
ad6b8960-356d-40df-b594-e9ef53e88d2e,18ed8160-cd60-4277-a163-0245213ddefc,1a2e661f-5704-493f-a8d3-74295a96eb4a,1633159739996,13.7257204,52.4306925,7.232709,0.99541104,0.89058733,0.41753387,on bike mount,cyclo cross,True,asphalt,excellent
ad6b8960-356d-40df-b594-e9ef53e88d2e,18ed8160-cd60-4277-a163-0245213ddefc,d1dc1036-0fbf-4b52-b26a-7b5bfd1f387d,1633159740046,13.7257204,52.4306925,7.232709,0.23881778,-2.5761626,1.5773869,on bike mount,cyclo cross,True,asphalt,excellent
ad6b8960-356d-40df-b594-e9ef53e88d2e,18ed8160-cd60-4277-a163-0245213ddefc,55291011-772b-4973-b5ed-37eb3ac111c2,1633159740096,13.7257204,52.4306925,7.232709,0.12860027,-0.30975223,-1.3398685,on bike mount,cyclo cross,True,asphalt,excellent
ad6b8960-356d-40df-b594-e9ef53e88d2e,18ed8160-cd60-4277-a163-0245213ddefc,6ce44185-4c5f-4764-8a00-5cede0baa69b,1633159740146,13.7257204,52.4306925,7.232709,-0.45310658,0.9723885,-2.0597467,on bike mount,cyclo cross,True,asphalt,excellent
ad6b8960-356d-40df-b594-e9ef53e88d2e,18ed8160-cd60-4277-a163-0245213ddefc,030eeff2-1d3a-43ad-bd6d-d0a0a5f77e70,1633159740198,13.7257204,52.4306925,7.232709,-0.40313685,-0.11096907,-0.41376686,on bike mount,cyclo cross,True,asphalt,excellent
ad6b8960-356d-40df-b594-e9ef53e88d2e,18ed8160-cd60-4277-a163-0245213ddefc,dab31c92-80fc-4fe2-8b49-346c5d9d6613,1633159740263,13.7257204,52.4306925,7.232709,0.10848898,0.34468007,0.007959366,on bike mount,cyclo cross,True,asphalt,excellent
ad6b8960-356d-40df-b594-e9ef53e88d2e,18ed8160-cd60-4277-a163-0245213ddefc,9187fee2-08c1-402e-8fb6-e3c1ad4ebf21,1633159740314,13.7257204,52.4306925,7.232709,0.2579542,0.26868582,0.42024803,on bike mount,cyclo cross,True,asphalt,excellent
ad6b8960-356d-40df-b594-e9ef53e88d2e,18ed8160-cd60-4277-a163-0245213ddefc,73ba359f-d6a9-46ef-8ef9-30c029e62e9c,1633159740365,13.7257204,52.4306925,7.232709,-0.17039931,-0.95581627,-0.50408936,on bike mount,cyclo cross,True,asphalt,excellent
ad6b8960-356d-40df-b594-e9ef53e88d2e,18ed8160-cd60-4277-a163-0245213ddefc,0020f701-b98f-4068-9ea5-17e341502cb8,1633159740415,13.7257204,52.4306925,7.232709,-0.4486922,-0.45418644,-0.5507374,on bike mount,cyclo cross,True,asphalt,excellent
ad6b8960-356d-40df-b594-e9ef53e88d2e,18ed8160-cd60-4277-a163-0245213ddefc,082d92a6-3566-4df6-b0f4-fadf5f50037c,1633159740466,13.7257204,52.4306925,7.232709,0.24785915,-0.68369865,-0.59789944,on bike mount,cyclo cross,True,asphalt,excellent
ad6b8960-356d-40df-b594-e9ef53e88d2e,18ed8160-cd60-4277-a163-0245213ddefc,1da2be0c-48b0-4c3a-9b1b-0927e821b083,1633159740531,13.7257204,52.4306925,7.232709,-1.1006473,-0.041971207,0.31056213,on bike mount,cyclo cross,True,asphalt,excellent
ad6b8960-356d-40df-b594-e9ef53e88d2e,18ed8160-cd60-4277-a163-0245213ddefc,da402414-3c30-4465-8a5c-59fa38b22b06,1633159740582,13.7257204,52.4306925,7.232709,-0.9679562,0.18684316,-1.0217133,on bike mount,cyclo cross,True,asphalt,excellent
ad6b8960-356d-40df-b594-e9ef53e88d2e,18ed8160-cd60-4277-a163-0245213ddefc,80928229-e718-4adb-b7eb-d9619e46d481,1633159740638,13.725824,52.4306831,7.229339,0.15215588,-1.055648,-1.0501614,on bike mount,cyclo cross,True,asphalt,excellent
ad6b8960-356d-40df-b594-e9ef53e88d2e,18ed8160-cd60-4277-a163-0245213ddefc,2e077374-dcf8-4d7e-9c5d-df97829dae6a,1633159740698,13.725824,52.4306831,7.229339,-0.53876513,0.04299736,2.1773243,on bike mount,cyclo cross,True,asphalt,excellent
ad6b8960-356d-40df-b594-e9ef53e88d2e,18ed8160-cd60-4277-a163-0245213ddefc,fc254ada-df9e-43ae-8562-5602ad965668,1633159740748,13.725824,52.4306831,7.229339,-0.44878528,1.2306962,-0.11601448,on bike mount,cyclo cross,True,asphalt,excellent
ad6b8960-356d-40df-b594-e9ef53e88d2e,18ed8160-cd60-4277-a163-0245213ddefc,96691142-a48a-436d-be0d-276b37001b92,1633159740798,13.725824,52.4306831,7.229339,0.18911523,-1.20989,-0.6709862,on bike mount,cyclo cross,True,asphalt,excellent
ad6b8960-356d-40df-b594-e9ef53e88d2e,18ed8160-cd60-4277-a163-0245213ddefc,49d7860a-d10d-42e4-a020-f4c13387dcd0,1633159740849,13.725824,52.4306831,7.229339,-0.1488212,-1.4565213,2.5526876,on bike mount,cyclo cross,True,asphalt,excellent
ad6b8960-356d-40df-b594-e9ef53e88d2e,18ed8160-cd60-4277-a163-0245213ddefc,4dfac056-e30c-4262-a243-438f3c30b145,1633159740900,13.725824,52.4306831,7.229339,-0.080211714,-0.9105301,-0.7771921,on bike mount,cyclo cross,True,asphalt,excellent
ad6b8960-356d-40df-b594-e9ef53e88d2e,18ed8160-cd60-4277-a163-0245213ddefc,ed031e1a-15d4-4f58-890f-55a588a43dcc,1633159740966,13.725824,52.4306831,7.229339,-0.16493526,-0.04389429,-0.07127285,on bike mount,cyclo cross,True,asphalt,excellent
ad6b8960-356d-40df-b594-e9ef53e88d2e,18ed8160-cd60-4277-a163-0245213ddefc,4179f107-5e4b-4403-87f4-c8012516f167,1633159741015,13.725824,52.4306831,7.229339,-0.3114201,0.7551756,1.3789215,on bike mount,cyclo cross,True,asphalt,excellent
ad6b8960-356d-40df-b594-e9ef53e88d2e,18ed8160-cd60-4277-a163-0245213ddefc,9eea67e7-9dc8-4193-8da5-4ccdc1e5c011,1633159741067,13.725824,52.4306831,7.229339,-0.3623456,-1.579257,2.0920677,on bike mount,cyclo cross,True,asphalt,excellent
