bike_activity_uid,bike_activity_sample_uid,bike_activity_measurement,bike_activity_measurement_timestamp,bike_activity_measurement_lon,bike_activity_measurement_lat,bike_activity_measurement_speed,bike_activity_measurement_accelerometer_x,bike_activity_measurement_accelerometer_y,bike_activity_measurement_accelerometer_z,bike_activity_phone_position,bike_activity_bike_type,bike_activity_flagged_lab_conditions,bike_activity_surface_type,bike_activity_smoothness_type
b8aa6b37-45de-464c-8851-02dfbbf9ea4d,8eec9038-419f-4aaa-85c4-881bfdd364b6,1b930d89-45e3-4b0f-9bab-83ab7ed47722,1644232719442,13.3600236,52.5123313,2.8477366,0.7865774,-2.241429,1.1018229,on bike mount,cyclo cross,True,fine gravel,good
b8aa6b37-45de-464c-8851-02dfbbf9ea4d,8eec9038-419f-4aaa-85c4-881bfdd364b6,b0b81af0-0fe8-4295-9e3f-a41508c8fced,1644232719492,13.3600236,52.5123313,2.8477366,0.102827966,-1.7912363,1.4105377,on bike mount,cyclo cross,True,fine gravel,good
b8aa6b37-45de-464c-8851-02dfbbf9ea4d,8eec9038-419f-4aaa-85c4-881bfdd364b6,7d48157c-8bd0-44c4-8689-435de63e5714,1644232719542,13.3600466,52.5123363,2.8639107,-1.205036,-0.48987913,6.4825726,on bike mount,cyclo cross,True,fine gravel,good
b8aa6b37-45de-464c-8851-02dfbbf9ea4d,8eec9038-419f-4aaa-85c4-881bfdd364b6,262f4ae0-6f4e-4dfc-8c0e-3dd0bbcd32b6,1644232719592,13.3600466,52.5123363,2.8639107,0.1171273,4.423681,-3.2524986,on bike mount,cyclo cross,True,fine gravel,good
b8aa6b37-45de-464c-8851-02dfbbf9ea4d,8eec9038-419f-4aaa-85c4-881bfdd364b6,3041cc18-e229-47b5-8dc3-e71180c9a55c,1644232719662,13.3600466,52.5123363,2.8639107,0.9212626,-2.027129,-0.5469794,on bike mount,cyclo cross,True,fine gravel,good
b8aa6b37-45de-464c-8851-02dfbbf9ea4d,8eec9038-419f-4aaa-85c4-881bfdd364b6,a9b7c75f-c958-4ccf-a770-5c57a4978b05,1644232719712,13.3600466,52.5123363,2.8639107,0.5862838,1.4978268,-3.5103674,on bike mount,cyclo cross,True,fine gravel,good
b8aa6b37-45de-464c-8851-02dfbbf9ea4d,8eec9038-419f-4aaa-85c4-881bfdd364b6,09cd9e54-d499-470b-8efc-c87e72da9e43,1644232719763,13.3600466,52.5123363,2.8639107,0.49578744,-0.86814713,-1.0798492,on bike mount,cyclo cross,True,fine gravel,good
b8aa6b37-45de-464c-8851-02dfbbf9ea4d,8eec9038-419f-4aaa-85c4-881bfdd364b6,7d5038ec-04a3-4942-a968-0d9bb34efc8e,1644232719818,13.3600466,52.5123363,2.8639107,0.3926408,-0.41654992,-3.7796216,on bike mount,cyclo cross,True,fine gravel,good
b8aa6b37-45de-464c-8851-02dfbbf9ea4d,8eec9038-419f-4aaa-85c4-881bfdd364b6,25f0cd10-4429-4f3a-8056-631cdb1958ba,1644232719869,13.3600466,52.5123363,2.8639107,-3.390928,3.6938968,-7.323144,on bike mount,cyclo cross,True,fine gravel,good
b8aa6b37-45de-464c-8851-02dfbbf9ea4d,8eec9038-419f-4aaa-85c4-881bfdd364b6,2fe52b33-2dc5-4f82-8f69-85b2a7069aae,1644232719919,13.3600466,52.5123363,2.8639107,1.197933,1.2582688,-0.35390854,on bike mount,cyclo cross,True,fine gravel,good
b8aa6b37-45de-464c-8851-02dfbbf9ea4d,8eec9038-419f-4aaa-85c4-881bfdd364b6,9ec17dfc-5c19-4fa9-a9e1-a269766e8736,1644232719968,13.3600466,52.5123363,2.8639107,2.0661833,1.8140898,1.5927238,on bike mount,cyclo cross,True,fine gravel,good
b8aa6b37-45de-464c-8851-02dfbbf9ea4d,8eec9038-419f-4aaa-85c4-881bfdd364b6,6c474d24-0bb1-4b04-b8b9-bf64ee67a7b1,1644232720024,13.3600466,52.5123363,2.8639107,-0.40642983,1.031157,-4.0223894,on bike mount,cyclo cross,True,fine gravel,good
b8aa6b37-45de-464c-8851-02dfbbf9ea4d,8eec9038-419f-4aaa-85c4-881bfdd364b6,e4c687b2-5213-49b0-9da6-82584d5a7cc4,1644232720074,13.3600466,52.5123363,2.8639107,1.2692487,-1.4941105,-2.2574549,on bike mount,cyclo cross,True,fine gravel,good
b8aa6b37-45de-464c-8851-02dfbbf9ea4d,8eec9038-419f-4aaa-85c4-881bfdd364b6,ef5b0f1c-892a-489f-aaa6-a513558ef63a,1644232720124,13.3600466,52.5123363,2.8639107,0.2698519,4.5779886,0.9164934,on bike mount,cyclo cross,True,fine gravel,good
b8aa6b37-45de-464c-8851-02dfbbf9ea4d,8eec9038-419f-4aaa-85c4-881bfdd364b6,63d82980-32a9-4db3-a074-9927c783001a,1644232720175,13.3600829,52.5123447,2.9886594,-1.2045959,-4.9297476,-0.6520567,on bike mount,cyclo cross,True,fine gravel,good
b8aa6b37-45de-464c-8851-02dfbbf9ea4d,8eec9038-419f-4aaa-85c4-881bfdd364b6,3118d44f-3ab2-4e65-9364-3fefdef72af9,1644232720224,13.3600829,52.5123447,2.9886594,1.4804988,-0.66556525,3.310134,on bike mount,cyclo cross,True,fine gravel,good
b8aa6b37-45de-464c-8851-02dfbbf9ea4d,8eec9038-419f-4aaa-85c4-881bfdd364b6,915ab8be-3b98-4678-afd4-f8733e86cbdc,1644232720274,13.3600829,52.5123447,2.9886594,1.2769651,2.0534587,4.252573,on bike mount,cyclo cross,True,fine gravel,good
b8aa6b37-45de-464c-8851-02dfbbf9ea4d,8eec9038-419f-4aaa-85c4-881bfdd364b6,a1f50484-21bd-4d76-8e25-26e2ddf475b4,1644232720325,13.3600829,52.5123447,2.9886594,0.48372674,-0.54927516,2.671463,on bike mount,cyclo cross,True,fine gravel,good
b8aa6b37-45de-464c-8851-02dfbbf9ea4d,8eec9038-419f-4aaa-85c4-881bfdd364b6,734b8ff6-d6cf-4683-93be-168f69e728a9,1644232720394,13.3600829,52.5123447,2.9886594,1.9869766,-5.3256397,4.0727634,on bike mount,cyclo cross,True,fine gravel,good
b8aa6b37-45de-464c-8851-02dfbbf9ea4d,8eec9038-419f-4aaa-85c4-881bfdd364b6,5f98b66c-9e1c-46e0-b8ae-b3f5ea2cb263,1644232720445,13.3600829,52.5123447,2.9886594,0.4991794,-2.435568,-1.8551927,on bike mount,cyclo cross,True,fine gravel,good
b8aa6b37-45de-464c-8851-02dfbbf9ea4d,8eec9038-419f-4aaa-85c4-881bfdd364b6,6b478c43-085d-4b05-881d-fb57c02ea1fb,1644232720494,13.3600829,52.5123447,2.9886594,-1.1579859,-2.7076232,1.9222784,on bike mount,cyclo cross,True,fine gravel,good
b8aa6b37-45de-464c-8851-02dfbbf9ea4d,8eec9038-419f-4aaa-85c4-881bfdd364b6,f09c08c1-f588-45de-b33e-217a62176526,1644232720544,13.3600829,52.5123447,2.9886594,0.19559139,-0.4413023,-1.736764,on bike mount,cyclo cross,True,fine gravel,good
b8aa6b37-45de-464c-8851-02dfbbf9ea4d,8eec9038-419f-4aaa-85c4-881bfdd364b6,8e66757a-3825-49b9-b530-86fea5ab461d,1644232720594,13.3600829,52.5123447,2.9886594,1.566046,2.2541823,-2.2003417,on bike mount,cyclo cross,True,fine gravel,good
b8aa6b37-45de-464c-8851-02dfbbf9ea4d,8eec9038-419f-4aaa-85c4-881bfdd364b6,f4b635c3-cd55-4839-aeba-a81ef0f54a91,1644232720645,13.3600829,52.5123447,2.9886594,1.7455335,3.9821243,-2.455193,on bike mount,cyclo cross,True,fine gravel,good
b8aa6b37-45de-464c-8851-02dfbbf9ea4d,8eec9038-419f-4aaa-85c4-881bfdd364b6,85cc027c-1253-4a15-8960-8ab4c854de36,1644232720696,13.3600829,52.5123447,2.9886594,-1.4910566,-2.1907184,-1.9493327,on bike mount,cyclo cross,True,fine gravel,good
b8aa6b37-45de-464c-8851-02dfbbf9ea4d,8eec9038-419f-4aaa-85c4-881bfdd364b6,58bfc223-1a97-4dfb-9484-922f826b3e11,1644232720769,13.3600829,52.5123447,2.9886594,-1.015432,-2.141494,-0.49747562,on bike mount,cyclo cross,True,fine gravel,good
b8aa6b37-45de-464c-8851-02dfbbf9ea4d,8eec9038-419f-4aaa-85c4-881bfdd364b6,43756de2-73f8-4865-923b-e7fc5df01e20,1644232720819,13.3600829,52.5123447,2.9886594,1.4322647,1.588562,-4.5566745,on bike mount,cyclo cross,True,fine gravel,good
b8aa6b37-45de-464c-8851-02dfbbf9ea4d,8eec9038-419f-4aaa-85c4-881bfdd364b6,b8abd66c-69ca-419f-ad6c-984562911b96,1644232720868,13.3600829,52.5123447,2.9886594,1.6272426,6.1668334,-4.0764656,on bike mount,cyclo cross,True,fine gravel,good
b8aa6b37-45de-464c-8851-02dfbbf9ea4d,8eec9038-419f-4aaa-85c4-881bfdd364b6,1a19f824-b84b-4c9a-845f-9a5183066715,1644232720919,13.3600829,52.5123447,2.9886594,-1.385955,-0.26244497,6.4339046,on bike mount,cyclo cross,True,fine gravel,good
b8aa6b37-45de-464c-8851-02dfbbf9ea4d,8eec9038-419f-4aaa-85c4-881bfdd364b6,d21fb6bd-b2c8-4b86-8dc9-507159c33a78,1644232720969,13.3600829,52.5123447,2.9886594,1.8130223,2.416657,-6.2013354,on bike mount,cyclo cross,True,fine gravel,good
b8aa6b37-45de-464c-8851-02dfbbf9ea4d,8eec9038-419f-4aaa-85c4-881bfdd364b6,56e8aab9-769c-4a64-a08d-8a0d32db7760,1644232721019,13.3600829,52.5123447,2.9886594,2.756154,-2.0971832,-0.5488949,on bike mount,cyclo cross,True,fine gravel,good
b8aa6b37-45de-464c-8851-02dfbbf9ea4d,8eec9038-419f-4aaa-85c4-881bfdd364b6,7e38f438-351d-41a4-907e-aa0c9f6bad69,1644232721069,13.3600829,52.5123447,2.9886594,0.26381737,-0.6190169,0.8922453,on bike mount,cyclo cross,True,fine gravel,good
b8aa6b37-45de-464c-8851-02dfbbf9ea4d,8eec9038-419f-4aaa-85c4-881bfdd364b6,873a0c87-d39e-4a2b-8830-26b9f5f6112e,1644232721119,13.3600829,52.5123447,2.9886594,-0.703534,-5.4201794,-0.72457695,on bike mount,cyclo cross,True,fine gravel,good
b8aa6b37-45de-464c-8851-02dfbbf9ea4d,8eec9038-419f-4aaa-85c4-881bfdd364b6,6d16abd5-9f8b-4dea-b103-261bbb648424,1644232721169,13.3600829,52.5123447,2.9886594,0.5930073,-1.0281954,4.6889896,on bike mount,cyclo cross,True,fine gravel,good
b8aa6b37-45de-464c-8851-02dfbbf9ea4d,8eec9038-419f-4aaa-85c4-881bfdd364b6,39a5b731-b626-4440-906d-cb9a38f906ab,1644232721220,13.3601369,52.512356,2.7265031,-1.2549114,5.221146,-0.65756893,on bike mount,cyclo cross,True,fine gravel,good
b8aa6b37-45de-464c-8851-02dfbbf9ea4d,8eec9038-419f-4aaa-85c4-881bfdd364b6,9b825210-e0b6-4c9b-93da-2eb40c2601ee,1644232721271,13.3601369,52.512356,2.7265031,0.43960118,-0.12543106,-0.33484936,on bike mount,cyclo cross,True,fine gravel,good
b8aa6b37-45de-464c-8851-02dfbbf9ea4d,8eec9038-419f-4aaa-85c4-881bfdd364b6,939220bc-a9e6-4ee1-b88a-80d8be2e62be,1644232721321,13.3601369,52.512356,2.7265031,-1.8970574,-1.1737161,-4.206336,on bike mount,cyclo cross,True,fine gravel,good
b8aa6b37-45de-464c-8851-02dfbbf9ea4d,8eec9038-419f-4aaa-85c4-881bfdd364b6,eb72cc30-1613-42cc-b727-4935ba9d58e2,1644232721371,13.3601369,52.512356,2.7265031,0.10986865,-0.7221923,0.093652725,on bike mount,cyclo cross,True,fine gravel,good
b8aa6b37-45de-464c-8851-02dfbbf9ea4d,8eec9038-419f-4aaa-85c4-881bfdd364b6,ab3d2ab4-abbf-4ed6-a390-8c5e67de4769,1644232721420,13.3601369,52.512356,2.7265031,-0.080629796,-3.1274815,-0.21353531,on bike mount,cyclo cross,True,fine gravel,good
b8aa6b37-45de-464c-8851-02dfbbf9ea4d,8eec9038-419f-4aaa-85c4-881bfdd364b6,bbf9a9a1-8cf4-4cf9-b256-1a4008c213a2,1644232721470,13.3601369,52.512356,2.7265031,0.29536995,2.023726,4.303152,on bike mount,cyclo cross,True,fine gravel,good
b8aa6b37-45de-464c-8851-02dfbbf9ea4d,8eec9038-419f-4aaa-85c4-881bfdd364b6,3c4ed824-8f77-4422-a564-fa6f8d22260b,1644232721518,13.3601369,52.512356,2.7265031,-0.9918338,6.302046,-1.996244,on bike mount,cyclo cross,True,fine gravel,good
b8aa6b37-45de-464c-8851-02dfbbf9ea4d,8eec9038-419f-4aaa-85c4-881bfdd364b6,f90a0337-8fa9-4d50-8204-26725c639f35,1644232721568,13.3601369,52.512356,2.7265031,0.940248,-2.0981011,-0.8514776,on bike mount,cyclo cross,True,fine gravel,good
b8aa6b37-45de-464c-8851-02dfbbf9ea4d,8eec9038-419f-4aaa-85c4-881bfdd364b6,93c746cc-0564-46f8-8601-e20fc51a7a15,1644232721618,13.3601369,52.512356,2.7265031,0.9652567,-1.1367571,-2.4727507,on bike mount,cyclo cross,True,fine gravel,good
b8aa6b37-45de-464c-8851-02dfbbf9ea4d,8eec9038-419f-4aaa-85c4-881bfdd364b6,6788e8b4-b166-4398-9edf-501c693a4671,1644232721669,13.3601369,52.512356,2.7265031,0.9402807,2.4208884,-0.8036432,on bike mount,cyclo cross,True,fine gravel,good
b8aa6b37-45de-464c-8851-02dfbbf9ea4d,8eec9038-419f-4aaa-85c4-881bfdd364b6,c1fcaac5-7752-46a8-8167-f80eb0ed6412,1644232721718,13.360163,52.5123591,2.653631,1.0045373,2.2586203,-0.9309583,on bike mount,cyclo cross,True,fine gravel,good
b8aa6b37-45de-464c-8851-02dfbbf9ea4d,8eec9038-419f-4aaa-85c4-881bfdd364b6,51f395b6-d581-478a-ab44-e75e85d2d6bc,1644232721769,13.360163,52.5123591,2.653631,-0.1669957,1.1988549,1.9715548,on bike mount,cyclo cross,True,fine gravel,good
b8aa6b37-45de-464c-8851-02dfbbf9ea4d,8eec9038-419f-4aaa-85c4-881bfdd364b6,35b365e4-a7a0-4f08-aa07-2633bc3cfb27,1644232721819,13.360163,52.5123591,2.653631,-0.6494527,-0.92378855,-3.6456943,on bike mount,cyclo cross,True,fine gravel,good
b8aa6b37-45de-464c-8851-02dfbbf9ea4d,8eec9038-419f-4aaa-85c4-881bfdd364b6,66b90ce6-d516-40e2-956c-4f23fca8a4ce,1644232721889,13.360163,52.5123591,2.653631,0.40125507,0.64223504,0.85009193,on bike mount,cyclo cross,True,fine gravel,good
b8aa6b37-45de-464c-8851-02dfbbf9ea4d,8eec9038-419f-4aaa-85c4-881bfdd364b6,ce729592-6ec6-447c-a1cf-079e51017a78,1644232721939,13.360163,52.5123591,2.653631,0.5112895,0.6567111,-0.22004318,on bike mount,cyclo cross,True,fine gravel,good
b8aa6b37-45de-464c-8851-02dfbbf9ea4d,8eec9038-419f-4aaa-85c4-881bfdd364b6,d02b022a-179e-48f5-b5b1-610bdb7ff640,1644232721989,13.360163,52.5123591,2.653631,2.421893,-3.2787602,5.335781,on bike mount,cyclo cross,True,fine gravel,good
b8aa6b37-45de-464c-8851-02dfbbf9ea4d,8eec9038-419f-4aaa-85c4-881bfdd364b6,b09ac41e-483f-4f8d-b769-da2c99e485b4,1644232722040,13.360163,52.5123591,2.653631,1.0066454,-0.1968975,0.101903915,on bike mount,cyclo cross,True,fine gravel,good
b8aa6b37-45de-464c-8851-02dfbbf9ea4d,8eec9038-419f-4aaa-85c4-881bfdd364b6,98a3c562-09d7-40c6-876e-69cbb4d18b09,1644232722106,13.360163,52.5123591,2.653631,1.0317353,1.3655548,1.1493101,on bike mount,cyclo cross,True,fine gravel,good
b8aa6b37-45de-464c-8851-02dfbbf9ea4d,8eec9038-419f-4aaa-85c4-881bfdd364b6,3e1360b8-38df-4fd1-b361-e80e9d7d9ffa,1644232722156,13.360163,52.5123591,2.653631,0.93979573,-0.21240139,0.78765583,on bike mount,cyclo cross,True,fine gravel,good
b8aa6b37-45de-464c-8851-02dfbbf9ea4d,8eec9038-419f-4aaa-85c4-881bfdd364b6,7d7d273a-4189-437a-8c77-1e9af64f67c1,1644232722206,13.360163,52.5123591,2.653631,1.2686386,-0.7389505,0.8067179,on bike mount,cyclo cross,True,fine gravel,good
b8aa6b37-45de-464c-8851-02dfbbf9ea4d,8eec9038-419f-4aaa-85c4-881bfdd364b6,d897f62e-ea5d-448c-bc7e-4a49b2c314ab,1644232722260,13.360163,52.5123591,2.653631,0.75674784,-1.9568923,-0.68452644,on bike mount,cyclo cross,True,fine gravel,good
b8aa6b37-45de-464c-8851-02dfbbf9ea4d,8eec9038-419f-4aaa-85c4-881bfdd364b6,9a702170-14fb-47c4-8130-557f9e955ea9,1644232722311,13.360163,52.5123591,2.653631,-0.55151105,1.0852928,3.8990803,on bike mount,cyclo cross,True,fine gravel,good
b8aa6b37-45de-464c-8851-02dfbbf9ea4d,8eec9038-419f-4aaa-85c4-881bfdd364b6,01f310e1-ab9b-4809-98c9-e9673c32edbb,1644232722361,13.360163,52.5123591,2.653631,-0.83957756,1.0539527,-1.5604944,on bike mount,cyclo cross,True,fine gravel,good
b8aa6b37-45de-464c-8851-02dfbbf9ea4d,8eec9038-419f-4aaa-85c4-881bfdd364b6,1b515e54-9057-40f9-a340-8023361cd9d1,1644232722412,13.360163,52.5123591,2.653631,-0.7657418,3.3301787,-3.7707758,on bike mount,cyclo cross,True,fine gravel,good
b8aa6b37-45de-464c-8851-02dfbbf9ea4d,8eec9038-419f-4aaa-85c4-881bfdd364b6,b3579f79-6158-4f27-8403-f1c2340525a3,1644232722469,13.3601952,52.512362,2.6453314,1.1186624,2.7087822,-0.8722768,on bike mount,cyclo cross,True,fine gravel,good
b8aa6b37-45de-464c-8851-02dfbbf9ea4d,8eec9038-419f-4aaa-85c4-881bfdd364b6,8ffca2f1-6fe7-4cf6-8ac4-174df8818a17,1644232722519,13.3601952,52.512362,2.6453314,1.1944106,-4.3041,-7.254028,on bike mount,cyclo cross,True,fine gravel,good
b8aa6b37-45de-464c-8851-02dfbbf9ea4d,8eec9038-419f-4aaa-85c4-881bfdd364b6,52bc8859-05a2-469b-9626-b161c59e7e9f,1644232722569,13.3601952,52.512362,2.6453314,-1.7834175,1.7361073,-1.8345389,on bike mount,cyclo cross,True,fine gravel,good
b8aa6b37-45de-464c-8851-02dfbbf9ea4d,8eec9038-419f-4aaa-85c4-881bfdd364b6,01e74499-9f54-401f-b2b3-e228c5fd71b2,1644232722619,13.3601952,52.512362,2.6453314,-1.37395,-0.5651357,1.8878946,on bike mount,cyclo cross,True,fine gravel,good
b8aa6b37-45de-464c-8851-02dfbbf9ea4d,8eec9038-419f-4aaa-85c4-881bfdd364b6,8dc480be-b35c-4717-9853-7f54804da685,1644232722669,13.3601952,52.512362,2.6453314,-1.6867297,0.5667696,-3.4925814,on bike mount,cyclo cross,True,fine gravel,good
b8aa6b37-45de-464c-8851-02dfbbf9ea4d,8eec9038-419f-4aaa-85c4-881bfdd364b6,1ae325bb-fd4a-47c9-a806-783e36b44e11,1644232722719,13.3601952,52.512362,2.6453314,0.5295077,-1.9811314,0.1242075,on bike mount,cyclo cross,True,fine gravel,good
b8aa6b37-45de-464c-8851-02dfbbf9ea4d,8eec9038-419f-4aaa-85c4-881bfdd364b6,11b019c0-a7bb-4fb3-89aa-a105e65c90eb,1644232722770,13.3601952,52.512362,2.6453314,0.39661026,-1.0424919,-4.0128636,on bike mount,cyclo cross,True,fine gravel,good
b8aa6b37-45de-464c-8851-02dfbbf9ea4d,8eec9038-419f-4aaa-85c4-881bfdd364b6,d61adc66-61be-4dad-90d3-76b6fa1e25c1,1644232722841,13.3601952,52.512362,2.6453314,0.56554604,-0.7910193,-5.6580715,on bike mount,cyclo cross,True,fine gravel,good
b8aa6b37-45de-464c-8851-02dfbbf9ea4d,8eec9038-419f-4aaa-85c4-881bfdd364b6,2146706f-033e-40ab-832f-cfc44815221d,1644232722891,13.3601952,52.512362,2.6453314,0.6923875,-2.0008316,3.1527185,on bike mount,cyclo cross,True,fine gravel,good
b8aa6b37-45de-464c-8851-02dfbbf9ea4d,8eec9038-419f-4aaa-85c4-881bfdd364b6,91db67e5-5558-40cc-b4a9-4cbef740815f,1644232722941,13.3601952,52.512362,2.6453314,0.114900336,-1.7014999,0.9675369,on bike mount,cyclo cross,True,fine gravel,good
b8aa6b37-45de-464c-8851-02dfbbf9ea4d,8eec9038-419f-4aaa-85c4-881bfdd364b6,1994346f-9f53-42cb-b682-550faacb2d0c,1644232722991,13.3601952,52.512362,2.6453314,1.5455501,-0.4866283,-3.9011254,on bike mount,cyclo cross,True,fine gravel,good
b8aa6b37-45de-464c-8851-02dfbbf9ea4d,8eec9038-419f-4aaa-85c4-881bfdd364b6,8b1e6546-3708-4eae-ac06-8bf0ddd56f2c,1644232723044,13.3601952,52.512362,2.6453314,0.9371782,2.5062203,1.5841808,on bike mount,cyclo cross,True,fine gravel,good
b8aa6b37-45de-464c-8851-02dfbbf9ea4d,8eec9038-419f-4aaa-85c4-881bfdd364b6,ee53fd80-63d6-4758-ab7a-1cb2ca26e943,1644232723094,13.3601952,52.512362,2.6453314,-0.6571945,-2.5539436,-1.0728331,on bike mount,cyclo cross,True,fine gravel,good
b8aa6b37-45de-464c-8851-02dfbbf9ea4d,8eec9038-419f-4aaa-85c4-881bfdd364b6,22b9857b-713a-4d91-8c90-f512f55636c9,1644232723144,13.3601952,52.512362,2.6453314,1.304544,2.1448088,-0.65935516,on bike mount,cyclo cross,True,fine gravel,good
b8aa6b37-45de-464c-8851-02dfbbf9ea4d,8eec9038-419f-4aaa-85c4-881bfdd364b6,f3f924c5-858b-4dab-83a1-0711371f1a69,1644232723214,13.3601952,52.512362,2.6453314,-0.036436785,-2.6089768,-0.49442768,on bike mount,cyclo cross,True,fine gravel,good
b8aa6b37-45de-464c-8851-02dfbbf9ea4d,8eec9038-419f-4aaa-85c4-881bfdd364b6,18f1234e-7dc9-49b2-823c-0b447bb67af6,1644232723264,13.3601952,52.512362,2.6453314,-1.751667,-3.0220466,-4.3915815,on bike mount,cyclo cross,True,fine gravel,good
b8aa6b37-45de-464c-8851-02dfbbf9ea4d,8eec9038-419f-4aaa-85c4-881bfdd364b6,599d78c4-353d-4abf-aff6-6e6be1e17e25,1644232723313,13.3601952,52.512362,2.6453314,0.34223568,5.006419,-0.7432313,on bike mount,cyclo cross,True,fine gravel,good
b8aa6b37-45de-464c-8851-02dfbbf9ea4d,8eec9038-419f-4aaa-85c4-881bfdd364b6,65aa7cbc-2695-4272-a896-b1954ebd301a,1644232723362,13.3602371,52.5123602,2.728504,-1.591715,-2.5716639,5.812106,on bike mount,cyclo cross,True,fine gravel,good
b8aa6b37-45de-464c-8851-02dfbbf9ea4d,8eec9038-419f-4aaa-85c4-881bfdd364b6,cbca42eb-76bb-4f0f-93bf-d7ed9c53f046,1644232723414,13.3602371,52.5123602,2.728504,-2.8884606,0.7301185,2.4404001,on bike mount,cyclo cross,True,fine gravel,good
b8aa6b37-45de-464c-8851-02dfbbf9ea4d,8eec9038-419f-4aaa-85c4-881bfdd364b6,85b74c2b-e956-4dfb-95fb-eb69ac6ec1a8,1644232723464,13.3602371,52.5123602,2.728504,-0.72080225,-0.2783792,6.394356,on bike mount,cyclo cross,True,fine gravel,good
b8aa6b37-45de-464c-8851-02dfbbf9ea4d,8eec9038-419f-4aaa-85c4-881bfdd364b6,72fc824f-a9af-4ae3-b534-67d6583445bf,1644232723514,13.3602371,52.5123602,2.728504,0.68363535,-0.69229794,1.6580935,on bike mount,cyclo cross,True,fine gravel,good
b8aa6b37-45de-464c-8851-02dfbbf9ea4d,8eec9038-419f-4aaa-85c4-881bfdd364b6,879c6c22-4288-478d-a8ba-6db08fbd95ef,1644232723564,13.3602371,52.5123602,2.728504,-0.31518668,-2.5915828,-2.8910651,on bike mount,cyclo cross,True,fine gravel,good
b8aa6b37-45de-464c-8851-02dfbbf9ea4d,8eec9038-419f-4aaa-85c4-881bfdd364b6,337cc765-4071-48ed-8542-a52917eaf202,1644232723617,13.3602371,52.5123602,2.728504,-0.7831737,-1.3052456,2.7316847,on bike mount,cyclo cross,True,fine gravel,good
b8aa6b37-45de-464c-8851-02dfbbf9ea4d,8eec9038-419f-4aaa-85c4-881bfdd364b6,3663badc-7990-4b8b-80f3-c183399b2024,1644232723667,13.3602371,52.5123602,2.728504,-1.5073081,9.077951,-9.778616,on bike mount,cyclo cross,True,fine gravel,good
b8aa6b37-45de-464c-8851-02dfbbf9ea4d,8eec9038-419f-4aaa-85c4-881bfdd364b6,e1a3874b-7675-4b33-9fc1-8fa6da8fd857,1644232723717,13.3602371,52.5123602,2.728504,-0.28415143,6.312256,20.42502,on bike mount,cyclo cross,True,fine gravel,good
b8aa6b37-45de-464c-8851-02dfbbf9ea4d,8eec9038-419f-4aaa-85c4-881bfdd364b6,003446ea-2b9d-4827-a1c8-260e3d12f89c,1644232723767,13.3602371,52.5123602,2.728504,0.38241354,-8.790606,4.6736164,on bike mount,cyclo cross,True,fine gravel,good
b8aa6b37-45de-464c-8851-02dfbbf9ea4d,8eec9038-419f-4aaa-85c4-881bfdd364b6,8aa58c7d-ce3d-4d46-b97e-e3ecabbf3640,1644232723827,13.3602371,52.5123602,2.728504,0.80098116,-6.6154146,4.9323606,on bike mount,cyclo cross,True,fine gravel,good
b8aa6b37-45de-464c-8851-02dfbbf9ea4d,8eec9038-419f-4aaa-85c4-881bfdd364b6,70f399ba-b378-4be8-85d7-328e1119f87c,1644232723877,13.3602371,52.5123602,2.728504,-0.22871122,-7.8004413,-7.5866637,on bike mount,cyclo cross,True,fine gravel,good
b8aa6b37-45de-464c-8851-02dfbbf9ea4d,8eec9038-419f-4aaa-85c4-881bfdd364b6,0b9f181e-a39d-4e35-8d17-4fd0fe8aed7a,1644232723927,13.3602371,52.5123602,2.728504,-0.80996764,5.432045,-0.7182846,on bike mount,cyclo cross,True,fine gravel,good
b8aa6b37-45de-464c-8851-02dfbbf9ea4d,8eec9038-419f-4aaa-85c4-881bfdd364b6,ff64d282-d998-4d22-b9ea-6184312a914a,1644232723976,13.3602371,52.5123602,2.728504,-2.3073773,2.5075803,2.4969397,on bike mount,cyclo cross,True,fine gravel,good
b8aa6b37-45de-464c-8851-02dfbbf9ea4d,8eec9038-419f-4aaa-85c4-881bfdd364b6,8b27419b-fba1-4867-ae34-78703a1fa979,1644232724025,13.3602371,52.5123602,2.728504,1.5160952,0.41365743,0.7908478,on bike mount,cyclo cross,True,fine gravel,good
b8aa6b37-45de-464c-8851-02dfbbf9ea4d,8eec9038-419f-4aaa-85c4-881bfdd364b6,bfa92720-8d5c-45e6-9c0e-40cec985fb77,1644232724075,13.3602371,52.5123602,2.728504,-3.2924304,-0.55824494,-5.190421,on bike mount,cyclo cross,True,fine gravel,good
b8aa6b37-45de-464c-8851-02dfbbf9ea4d,8eec9038-419f-4aaa-85c4-881bfdd364b6,d8d51831-805b-48d1-ac40-050da0ae0527,1644232724150,13.3602371,52.5123602,2.728504,-0.16374695,2.7926207,-1.7351441,on bike mount,cyclo cross,True,fine gravel,good
b8aa6b37-45de-464c-8851-02dfbbf9ea4d,8eec9038-419f-4aaa-85c4-881bfdd364b6,ee6b1483-bee1-41bb-8ed2-bd619ffe90bf,1644232724199,13.3602793,52.5123523,3.2434483,2.1478171,0.20414662,-5.148261,on bike mount,cyclo cross,True,fine gravel,good
b8aa6b37-45de-464c-8851-02dfbbf9ea4d,8eec9038-419f-4aaa-85c4-881bfdd364b6,aea3c1bd-567f-4642-9a86-2d51b24a0e0f,1644232724249,13.3602793,52.5123523,3.2434483,-0.04022968,4.139265,-1.8546414,on bike mount,cyclo cross,True,fine gravel,good
b8aa6b37-45de-464c-8851-02dfbbf9ea4d,8eec9038-419f-4aaa-85c4-881bfdd364b6,2908af00-5ac0-49f3-af09-c04eab08bbcf,1644232724298,13.3602793,52.5123523,3.2434483,0.056215823,8.68008,4.6117916,on bike mount,cyclo cross,True,fine gravel,good
b8aa6b37-45de-464c-8851-02dfbbf9ea4d,8eec9038-419f-4aaa-85c4-881bfdd364b6,98497bd6-6500-408d-91f7-5e8c8a89e8d3,1644232724347,13.3602793,52.5123523,3.2434483,-0.6744937,2.7415872,6.1893663,on bike mount,cyclo cross,True,fine gravel,good
b8aa6b37-45de-464c-8851-02dfbbf9ea4d,8eec9038-419f-4aaa-85c4-881bfdd364b6,de7aaae3-1ee5-4036-857d-8fa13d3ce781,1644232724398,13.3602793,52.5123523,3.2434483,2.1484928,5.1835995,-3.3241282,on bike mount,cyclo cross,True,fine gravel,good
b8aa6b37-45de-464c-8851-02dfbbf9ea4d,8eec9038-419f-4aaa-85c4-881bfdd364b6,a8bc4b11-2636-488e-93c0-ea71c5653fd5,1644232724447,13.3602793,52.5123523,3.2434483,-0.77280116,0.28731894,0.14976025,on bike mount,cyclo cross,True,fine gravel,good
b8aa6b37-45de-464c-8851-02dfbbf9ea4d,8eec9038-419f-4aaa-85c4-881bfdd364b6,e49fdc16-cb31-4184-9a17-04720515d249,1644232724496,13.3602793,52.5123523,3.2434483,0.6803787,-6.183299,6.362631,on bike mount,cyclo cross,True,fine gravel,good
b8aa6b37-45de-464c-8851-02dfbbf9ea4d,8eec9038-419f-4aaa-85c4-881bfdd364b6,237b041f-6d63-40e6-9d99-a4f0dcd919bc,1644232724545,13.3602793,52.5123523,3.2434483,-0.90747255,-2.559497,-2.158751,on bike mount,cyclo cross,True,fine gravel,good
b8aa6b37-45de-464c-8851-02dfbbf9ea4d,8eec9038-419f-4aaa-85c4-881bfdd364b6,9677eb76-c259-4844-9853-dbf34d11b0e0,1644232724600,13.3602793,52.5123523,3.2434483,2.5940611,0.8931565,3.0571022,on bike mount,cyclo cross,True,fine gravel,good
