bike_activity_uid,bike_activity_sample_uid,bike_activity_measurement,bike_activity_measurement_timestamp,bike_activity_measurement_lon,bike_activity_measurement_lat,bike_activity_measurement_speed,bike_activity_measurement_accelerometer_x,bike_activity_measurement_accelerometer_y,bike_activity_measurement_accelerometer_z,bike_activity_phone_position,bike_activity_bike_type,bike_activity_flagged_lab_conditions,bike_activity_surface_type,bike_activity_smoothness_type
bd1cb700-66d0-48b9-8d3d-61de9a5c4c70,b6f66bb1-e6bc-452c-9994-2e79fc1913a2,d06bf0b0-664a-49a3-9cef-c0dde6991c77,1626117305068,13.4227062,52.4727729,5.7208385,-4.4966717,1.6644418,-2.2273512,in backpack,cyclo cross,False,sett,mixed
bd1cb700-66d0-48b9-8d3d-61de9a5c4c70,b6f66bb1-e6bc-452c-9994-2e79fc1913a2,6c0b055a-5551-4a16-a85c-92f39088a255,1626117305118,13.4227905,52.4727831,5.878269,-1.277935,-2.890277,-1.4226098,in backpack,cyclo cross,False,sett,mixed
bd1cb700-66d0-48b9-8d3d-61de9a5c4c70,b6f66bb1-e6bc-452c-9994-2e79fc1913a2,f157538c-3fbf-4203-aec6-c0e919b03153,1626117305169,13.4227905,52.4727831,5.878269,1.7546968,-5.0621586,0.1120193,in backpack,cyclo cross,False,sett,mixed
bd1cb700-66d0-48b9-8d3d-61de9a5c4c70,b6f66bb1-e6bc-452c-9994-2e79fc1913a2,1bb7a577-ddc7-4c6a-bf7d-3ab5e12c7399,1626117306063,13.4227905,52.4727831,5.878269,4.2968206,-4.1765604,-1.1062698,in backpack,cyclo cross,False,sett,mixed
bd1cb700-66d0-48b9-8d3d-61de9a5c4c70,b6f66bb1-e6bc-452c-9994-2e79fc1913a2,2d0ae684-3ad0-4563-978e-ba3c6696c97d,1626117306112,13.4228824,52.4727988,6.3302093,-1.9280515,1.1858373,-0.25681448,in backpack,cyclo cross,False,sett,mixed
bd1cb700-66d0-48b9-8d3d-61de9a5c4c70,b6f66bb1-e6bc-452c-9994-2e79fc1913a2,665d8589-a983-4795-b445-d4830bcaae00,1626117306161,13.4228824,52.4727988,6.3302093,-2.149756,-0.3911357,0.03753519,in backpack,cyclo cross,False,sett,mixed
bd1cb700-66d0-48b9-8d3d-61de9a5c4c70,b6f66bb1-e6bc-452c-9994-2e79fc1913a2,66aa723c-633e-4e3c-9d0c-c1d7c3a848d6,1626117306662,13.4228824,52.4727988,6.3302093,-1.3358445,-0.45735264,-0.59731245,in backpack,cyclo cross,False,sett,mixed
bd1cb700-66d0-48b9-8d3d-61de9a5c4c70,b6f66bb1-e6bc-452c-9994-2e79fc1913a2,5c1d227d-fe52-4e8f-ac8d-59ab4fe1a19b,1626117306712,13.4228824,52.4727988,6.3302093,-0.53627634,-2.340208,0.009425044,in backpack,cyclo cross,False,sett,mixed
bd1cb700-66d0-48b9-8d3d-61de9a5c4c70,b6f66bb1-e6bc-452c-9994-2e79fc1913a2,96f1dd03-35f6-44f4-a275-819540c46379,1626117306763,13.4228824,52.4727988,6.3302093,-0.9566941,-1.9192128,-0.2866037,in backpack,cyclo cross,False,sett,mixed
bd1cb700-66d0-48b9-8d3d-61de9a5c4c70,b6f66bb1-e6bc-452c-9994-2e79fc1913a2,b2cb9b0d-4640-422f-93c8-4bfcf1c03a94,1626117306814,13.4228824,52.4727988,6.3302093,2.6131983,-1.5025039,-0.3752179,in backpack,cyclo cross,False,sett,mixed
bd1cb700-66d0-48b9-8d3d-61de9a5c4c70,b6f66bb1-e6bc-452c-9994-2e79fc1913a2,a27d1024-b99e-4b04-b787-4c23f82b636e,1626117306864,13.4228824,52.4727988,6.3302093,-1.0564985,0.32570314,-0.026703596,in backpack,cyclo cross,False,sett,mixed
bd1cb700-66d0-48b9-8d3d-61de9a5c4c70,b6f66bb1-e6bc-452c-9994-2e79fc1913a2,d5bdbc17-323b-41e1-9419-a14f6e79523a,1626117306914,13.4228824,52.4727988,6.3302093,-2.218525,4.937105,2.283784,in backpack,cyclo cross,False,sett,mixed
bd1cb700-66d0-48b9-8d3d-61de9a5c4c70,b6f66bb1-e6bc-452c-9994-2e79fc1913a2,db62bfcd-af79-4bda-b0d2-c3e168da2a51,1626117306964,13.4228824,52.4727988,6.3302093,-2.218525,4.937105,2.283784,in backpack,cyclo cross,False,sett,mixed
bd1cb700-66d0-48b9-8d3d-61de9a5c4c70,b6f66bb1-e6bc-452c-9994-2e79fc1913a2,8d141149-3f2b-4e5f-9683-a0eef9b9c32c,1626117307015,13.4228824,52.4727988,6.3302093,0.9554653,-0.5540228,-0.18425989,in backpack,cyclo cross,False,sett,mixed
bd1cb700-66d0-48b9-8d3d-61de9a5c4c70,b6f66bb1-e6bc-452c-9994-2e79fc1913a2,3ea53cc5-7c78-4ad7-92cb-fd4ab70f71f2,1626117307064,13.4229721,52.4728096,5.941791,2.0627832,-1.2832322,-1.9508698,in backpack,cyclo cross,False,sett,mixed
bd1cb700-66d0-48b9-8d3d-61de9a5c4c70,b6f66bb1-e6bc-452c-9994-2e79fc1913a2,8b2f010a-188e-450e-9ea1-0524fd0366e7,1626117307114,13.4229721,52.4728096,5.941791,0.3453617,-2.5182476,0.15471148,in backpack,cyclo cross,False,sett,mixed
bd1cb700-66d0-48b9-8d3d-61de9a5c4c70,b6f66bb1-e6bc-452c-9994-2e79fc1913a2,0522f029-9a1c-4d18-a3f6-5d92a07e3393,1626117307164,13.4229721,52.4728096,5.941791,-2.200282,-1.1367307,0.4645933,in backpack,cyclo cross,False,sett,mixed
bd1cb700-66d0-48b9-8d3d-61de9a5c4c70,b6f66bb1-e6bc-452c-9994-2e79fc1913a2,33bc26c9-978d-4af7-b9e3-8b24628040ce,1626117307413,13.4229721,52.4728096,5.941791,-2.281807,1.2352688,0.76317346,in backpack,cyclo cross,False,sett,mixed
bd1cb700-66d0-48b9-8d3d-61de9a5c4c70,b6f66bb1-e6bc-452c-9994-2e79fc1913a2,47590153-de30-4205-8df8-7902ba1c4581,1626117307463,13.4229721,52.4728096,5.941791,-1.8940434,0.11693859,1.583318,in backpack,cyclo cross,False,sett,mixed
bd1cb700-66d0-48b9-8d3d-61de9a5c4c70,b6f66bb1-e6bc-452c-9994-2e79fc1913a2,225c6ec8-50ee-4c13-9610-93bc15c7868e,1626117307513,13.4229721,52.4728096,5.941791,0.34691525,-0.50704956,-0.15028894,in backpack,cyclo cross,False,sett,mixed
bd1cb700-66d0-48b9-8d3d-61de9a5c4c70,b6f66bb1-e6bc-452c-9994-2e79fc1913a2,b1cbfed3-c94e-418f-83c4-a9b384759e97,1626117307563,13.4229721,52.4728096,5.941791,-2.2116718,3.0671854,-0.6503806,in backpack,cyclo cross,False,sett,mixed
bd1cb700-66d0-48b9-8d3d-61de9a5c4c70,b6f66bb1-e6bc-452c-9994-2e79fc1913a2,33805b23-8adc-4fe1-9ea3-72b5a8c1e4e8,1626117308066,13.4229721,52.4728096,5.941791,1.048418,3.1021962,-0.62794876,in backpack,cyclo cross,False,sett,mixed
bd1cb700-66d0-48b9-8d3d-61de9a5c4c70,b6f66bb1-e6bc-452c-9994-2e79fc1913a2,77f2efbf-f7af-406c-90c5-623bd86add37,1626117308116,13.4230634,52.4728264,5.460939,0.79282475,-2.0065236,2.5176125,in backpack,cyclo cross,False,sett,mixed
bd1cb700-66d0-48b9-8d3d-61de9a5c4c70,b6f66bb1-e6bc-452c-9994-2e79fc1913a2,3541fe97-cf31-474b-9dc4-11baef75ade9,1626117308165,13.4230634,52.4728264,5.460939,0.35491085,-1.4306087,-0.38418388,in backpack,cyclo cross,False,sett,mixed
bd1cb700-66d0-48b9-8d3d-61de9a5c4c70,b6f66bb1-e6bc-452c-9994-2e79fc1913a2,e65fa41e-dfbd-46f4-a638-dad6c78c407e,1626117308216,13.4230634,52.4728264,5.460939,0.6342392,0.51819515,0.63888985,in backpack,cyclo cross,False,sett,mixed
bd1cb700-66d0-48b9-8d3d-61de9a5c4c70,b6f66bb1-e6bc-452c-9994-2e79fc1913a2,ff913faa-c2c8-4ce7-88ff-84b161bc66b5,1626117309070,13.4230634,52.4728264,5.460939,0.6342392,0.51819515,0.63888985,in backpack,cyclo cross,False,sett,mixed
bd1cb700-66d0-48b9-8d3d-61de9a5c4c70,b6f66bb1-e6bc-452c-9994-2e79fc1913a2,acbd0345-e42a-4a1c-bbb2-097d30b3c774,1626117309120,13.4230634,52.4728264,5.460939,-0.29661942,-0.8048291,1.68123,in backpack,cyclo cross,False,sett,mixed
bd1cb700-66d0-48b9-8d3d-61de9a5c4c70,b6f66bb1-e6bc-452c-9994-2e79fc1913a2,a8621a02-44b7-4c70-b612-0ef1329df2df,1626117309171,13.4231472,52.4728371,5.9155855,-1.9267945,1.9253833,0.39976263,in backpack,cyclo cross,False,sett,mixed
bd1cb700-66d0-48b9-8d3d-61de9a5c4c70,b6f66bb1-e6bc-452c-9994-2e79fc1913a2,f8fbaa1c-9518-4f9f-8381-c82b4e7ce655,1626117310069,13.4231472,52.4728371,5.9155855,-1.8085208,2.3796637,0.32134473,in backpack,cyclo cross,False,sett,mixed
bd1cb700-66d0-48b9-8d3d-61de9a5c4c70,b6f66bb1-e6bc-452c-9994-2e79fc1913a2,33e7370c-a65b-42ab-93f9-9ed7f4644a9a,1626117310118,13.4232324,52.4728483,6.1431074,0.73523045,0.040834904,-0.7337563,in backpack,cyclo cross,False,sett,mixed
bd1cb700-66d0-48b9-8d3d-61de9a5c4c70,b6f66bb1-e6bc-452c-9994-2e79fc1913a2,fe8dde15-c33f-4e46-ad5d-868d48817caf,1626117310168,13.4232324,52.4728483,6.1431074,-1.0371842,1.8348517,-0.9384277,in backpack,cyclo cross,False,sett,mixed
bd1cb700-66d0-48b9-8d3d-61de9a5c4c70,b6f66bb1-e6bc-452c-9994-2e79fc1913a2,982c5fd3-c823-464d-99f6-11863baa355d,1626117310379,13.4232324,52.4728483,6.1431074,-2.6344323,0.63597727,1.6663661,in backpack,cyclo cross,False,sett,mixed
bd1cb700-66d0-48b9-8d3d-61de9a5c4c70,b6f66bb1-e6bc-452c-9994-2e79fc1913a2,65f13348-2bbf-4747-a964-686464c0b3bd,1626117310428,13.4232324,52.4728483,6.1431074,0.87979317,0.8652053,-0.5030544,in backpack,cyclo cross,False,sett,mixed
bd1cb700-66d0-48b9-8d3d-61de9a5c4c70,b6f66bb1-e6bc-452c-9994-2e79fc1913a2,0ba20e69-52cd-449a-be94-7c850d9ab8b3,1626117310478,13.4232324,52.4728483,6.1431074,-0.8936658,0.8687997,-0.3588407,in backpack,cyclo cross,False,sett,mixed
bd1cb700-66d0-48b9-8d3d-61de9a5c4c70,b6f66bb1-e6bc-452c-9994-2e79fc1913a2,e34b9186-2dde-4cd5-88e7-777d59ead127,1626117310528,13.4232324,52.4728483,6.1431074,-0.101405144,-1.136311,-0.33430648,in backpack,cyclo cross,False,sett,mixed
bd1cb700-66d0-48b9-8d3d-61de9a5c4c70,b6f66bb1-e6bc-452c-9994-2e79fc1913a2,5ae1f2a1-cdd8-443f-bbea-b87622073de7,1626117310578,13.4232324,52.4728483,6.1431074,2.1331034,-5.653466,-2.1645203,in backpack,cyclo cross,False,sett,mixed
bd1cb700-66d0-48b9-8d3d-61de9a5c4c70,b6f66bb1-e6bc-452c-9994-2e79fc1913a2,580b3e74-f33e-488d-8ac5-0323fcff97ba,1626117310628,13.4232324,52.4728483,6.1431074,-1.0081525,0.6127391,2.0689392,in backpack,cyclo cross,False,sett,mixed
bd1cb700-66d0-48b9-8d3d-61de9a5c4c70,b6f66bb1-e6bc-452c-9994-2e79fc1913a2,68e5e114-4aa0-4441-882e-eb58cb778d64,1626117310679,13.4232324,52.4728483,6.1431074,-1.4307737,1.2673416,2.7009573,in backpack,cyclo cross,False,sett,mixed
bd1cb700-66d0-48b9-8d3d-61de9a5c4c70,b6f66bb1-e6bc-452c-9994-2e79fc1913a2,2f2dd835-e37f-4f77-b82e-bb537ca93883,1626117310730,13.4232324,52.4728483,6.1431074,-3.4174705,3.6985507,2.2177753,in backpack,cyclo cross,False,sett,mixed
bd1cb700-66d0-48b9-8d3d-61de9a5c4c70,b6f66bb1-e6bc-452c-9994-2e79fc1913a2,6607aee4-c5ba-4314-a334-994b9dbc2f97,1626117310780,13.4232324,52.4728483,6.1431074,0.52118206,1.1067519,-1.2884827,in backpack,cyclo cross,False,sett,mixed
bd1cb700-66d0-48b9-8d3d-61de9a5c4c70,b6f66bb1-e6bc-452c-9994-2e79fc1913a2,62101942-dc99-4a14-b990-8e4a2a34e88f,1626117310830,13.4232324,52.4728483,6.1431074,1.1736622,-2.6299872,-1.8544014,in backpack,cyclo cross,False,sett,mixed
bd1cb700-66d0-48b9-8d3d-61de9a5c4c70,b6f66bb1-e6bc-452c-9994-2e79fc1913a2,987fefc7-f05c-4c40-bc59-04cdcda97ad1,1626117310880,13.4232324,52.4728483,6.1431074,0.68584347,1.4010828,0.72494555,in backpack,cyclo cross,False,sett,mixed
bd1cb700-66d0-48b9-8d3d-61de9a5c4c70,b6f66bb1-e6bc-452c-9994-2e79fc1913a2,200a00b5-062a-46fe-a59a-0c8516456326,1626117311025,13.4232324,52.4728483,6.1431074,-1.1067309,-2.184041,-0.63162994,in backpack,cyclo cross,False,sett,mixed
bd1cb700-66d0-48b9-8d3d-61de9a5c4c70,b6f66bb1-e6bc-452c-9994-2e79fc1913a2,ecf41447-b7c5-47b3-8dd9-2a7868bf3080,1626117311076,13.4233176,52.4728601,6.1113186,-1.6105523,0.076998234,0.06221831,in backpack,cyclo cross,False,sett,mixed
bd1cb700-66d0-48b9-8d3d-61de9a5c4c70,b6f66bb1-e6bc-452c-9994-2e79fc1913a2,27b3d648-02fc-4399-9575-029fd1d5ee1e,1626117311126,13.4233176,52.4728601,6.1113186,-0.2688489,0.66306233,-0.41319346,in backpack,cyclo cross,False,sett,mixed
bd1cb700-66d0-48b9-8d3d-61de9a5c4c70,b6f66bb1-e6bc-452c-9994-2e79fc1913a2,93b63a4f-5ce2-430d-ac6a-cfc869011730,1626117311176,13.4233176,52.4728601,6.1113186,5.46208,-0.6580205,-4.6098104,in backpack,cyclo cross,False,sett,mixed
bd1cb700-66d0-48b9-8d3d-61de9a5c4c70,b6f66bb1-e6bc-452c-9994-2e79fc1913a2,f32d5e6b-2c82-4e27-bdbc-9428c27932d3,1626117311226,13.4233176,52.4728601,6.1113186,2.858923,-1.7394571,-1.0902848,in backpack,cyclo cross,False,sett,mixed
bd1cb700-66d0-48b9-8d3d-61de9a5c4c70,b6f66bb1-e6bc-452c-9994-2e79fc1913a2,750926a6-b46b-46d7-be62-7eef889f4188,1626117311276,13.4233176,52.4728601,6.1113186,-1.6339211,0.78122616,0.4023224,in backpack,cyclo cross,False,sett,mixed
bd1cb700-66d0-48b9-8d3d-61de9a5c4c70,b6f66bb1-e6bc-452c-9994-2e79fc1913a2,2b5bd061-beb9-4b2f-9d83-0119700379b4,1626117311326,13.4233176,52.4728601,6.1113186,-2.690489,1.4899523,0.6139244,in backpack,cyclo cross,False,sett,mixed
bd1cb700-66d0-48b9-8d3d-61de9a5c4c70,b6f66bb1-e6bc-452c-9994-2e79fc1913a2,f9f5e0d5-a5ac-4f32-83e3-e0fe46feb14a,1626117311377,13.4233176,52.4728601,6.1113186,1.5512028,-0.41340685,0.7745268,in backpack,cyclo cross,False,sett,mixed
bd1cb700-66d0-48b9-8d3d-61de9a5c4c70,b6f66bb1-e6bc-452c-9994-2e79fc1913a2,259be2cd-9849-4df3-919c-db16c3ea0e45,1626117311426,13.4233176,52.4728601,6.1113186,6.5499687,-1.3070683,1.324753,in backpack,cyclo cross,False,sett,mixed
bd1cb700-66d0-48b9-8d3d-61de9a5c4c70,b6f66bb1-e6bc-452c-9994-2e79fc1913a2,4cd8c48d-b1f5-4dd3-ba4f-578dd485c68e,1626117311477,13.4233176,52.4728601,6.1113186,4.4419003,-4.576816,-3.7187102,in backpack,cyclo cross,False,sett,mixed
bd1cb700-66d0-48b9-8d3d-61de9a5c4c70,b6f66bb1-e6bc-452c-9994-2e79fc1913a2,fffc2721-8ac2-4031-b502-770b0b24bf80,1626117312067,13.4233176,52.4728601,6.1113186,4.4419003,-4.576816,-3.7187102,in backpack,cyclo cross,False,sett,mixed
bd1cb700-66d0-48b9-8d3d-61de9a5c4c70,b6f66bb1-e6bc-452c-9994-2e79fc1913a2,193352ea-b6f6-4e20-af6b-7f1f9283a9bd,1626117312116,13.4233176,52.4728601,6.1113186,-1.989914,-1.4627318,-0.78652334,in backpack,cyclo cross,False,sett,mixed
bd1cb700-66d0-48b9-8d3d-61de9a5c4c70,b6f66bb1-e6bc-452c-9994-2e79fc1913a2,13408cc7-73a4-4055-96cb-b05d92c29fe7,1626117312166,13.4234048,52.4728699,5.79809,-1.4813604,-1.1488905,0.69606614,in backpack,cyclo cross,False,sett,mixed
bd1cb700-66d0-48b9-8d3d-61de9a5c4c70,b6f66bb1-e6bc-452c-9994-2e79fc1913a2,0da77106-5b5e-4df6-bfda-f3ca7955851e,1626117312383,13.4234048,52.4728699,5.79809,0.9596062,-3.2618332,0.9581601,in backpack,cyclo cross,False,sett,mixed
bd1cb700-66d0-48b9-8d3d-61de9a5c4c70,b6f66bb1-e6bc-452c-9994-2e79fc1913a2,c594a9ce-f4a0-4966-b856-55b54f883ef1,1626117312433,13.4234048,52.4728699,5.79809,0.06934595,2.3696895,0.6183779,in backpack,cyclo cross,False,sett,mixed
bd1cb700-66d0-48b9-8d3d-61de9a5c4c70,b6f66bb1-e6bc-452c-9994-2e79fc1913a2,5b11be10-9e35-45f5-a6c0-e7fc35cc23f6,1626117312483,13.4234048,52.4728699,5.79809,0.2624073,-2.0685506,-0.2981553,in backpack,cyclo cross,False,sett,mixed
bd1cb700-66d0-48b9-8d3d-61de9a5c4c70,b6f66bb1-e6bc-452c-9994-2e79fc1913a2,21b7d22f-2601-4b93-98a2-6711208da3a8,1626117312534,13.4234048,52.4728699,5.79809,1.0709715,-4.1443286,-1.7676063,in backpack,cyclo cross,False,sett,mixed
bd1cb700-66d0-48b9-8d3d-61de9a5c4c70,b6f66bb1-e6bc-452c-9994-2e79fc1913a2,aa764d70-a54a-4fab-8ba9-8a1e5d9d91c1,1626117312585,13.4234048,52.4728699,5.79809,1.0709715,-4.1443286,-1.7676063,in backpack,cyclo cross,False,sett,mixed
bd1cb700-66d0-48b9-8d3d-61de9a5c4c70,b6f66bb1-e6bc-452c-9994-2e79fc1913a2,c8f9b638-ef42-4f90-a712-ce2e0216e2d2,1626117312636,13.4234048,52.4728699,5.79809,-0.7814412,-1.5316172,0.7871906,in backpack,cyclo cross,False,sett,mixed
bd1cb700-66d0-48b9-8d3d-61de9a5c4c70,b6f66bb1-e6bc-452c-9994-2e79fc1913a2,a179d238-e204-4cf4-bde0-c3e1b70415dd,1626117312687,13.4234048,52.4728699,5.79809,2.576724,-3.1633415,-0.4616642,in backpack,cyclo cross,False,sett,mixed
bd1cb700-66d0-48b9-8d3d-61de9a5c4c70,b6f66bb1-e6bc-452c-9994-2e79fc1913a2,039a866e-1c03-43f8-b037-9d10e8df8516,1626117312737,13.4234048,52.4728699,5.79809,-0.5772586,2.9720035,1.2180066,in backpack,cyclo cross,False,sett,mixed
bd1cb700-66d0-48b9-8d3d-61de9a5c4c70,b6f66bb1-e6bc-452c-9994-2e79fc1913a2,753e1f41-c75f-4a9c-bfe6-d044db6fec10,1626117312787,13.4234048,52.4728699,5.79809,-2.3001065,-0.19882584,0.6864682,in backpack,cyclo cross,False,sett,mixed
bd1cb700-66d0-48b9-8d3d-61de9a5c4c70,b6f66bb1-e6bc-452c-9994-2e79fc1913a2,53e85aa4-b6e4-4ed4-8067-171b19ca8040,1626117313057,13.4234048,52.4728699,5.79809,-0.31069326,1.0151801,-0.041909218,in backpack,cyclo cross,False,sett,mixed
bd1cb700-66d0-48b9-8d3d-61de9a5c4c70,b6f66bb1-e6bc-452c-9994-2e79fc1913a2,bdc27088-e5a2-423c-9e3e-4da06edc2551,1626117313108,13.4234847,52.4728794,5.497284,-1.2449112,1.8497336,0.9436155,in backpack,cyclo cross,False,sett,mixed
bd1cb700-66d0-48b9-8d3d-61de9a5c4c70,b6f66bb1-e6bc-452c-9994-2e79fc1913a2,064b31a6-2f1f-46fa-9157-cbdf2cc156eb,1626117313159,13.4234847,52.4728794,5.497284,-1.7785978,1.3512919,0.9601377,in backpack,cyclo cross,False,sett,mixed
bd1cb700-66d0-48b9-8d3d-61de9a5c4c70,b6f66bb1-e6bc-452c-9994-2e79fc1913a2,e22e84f1-09b3-4d1e-8e34-0b21ffc6bc6d,1626117314067,13.4234847,52.4728794,5.497284,0.005944729,-0.18544436,-1.2072873,in backpack,cyclo cross,False,sett,mixed
bd1cb700-66d0-48b9-8d3d-61de9a5c4c70,b6f66bb1-e6bc-452c-9994-2e79fc1913a2,150addf6-321d-4990-b2ce-b9d929de348c,1626117314115,13.4235653,52.4728882,5.896331,1.9427061,-5.0136747,-2.1280499,in backpack,cyclo cross,False,sett,mixed
bd1cb700-66d0-48b9-8d3d-61de9a5c4c70,b6f66bb1-e6bc-452c-9994-2e79fc1913a2,17d0c8cb-5e63-4c7b-82a1-87f173b808ec,1626117314166,13.4235653,52.4728882,5.896331,0.051039696,1.3368037,-0.4113419,in backpack,cyclo cross,False,sett,mixed
bd1cb700-66d0-48b9-8d3d-61de9a5c4c70,b6f66bb1-e6bc-452c-9994-2e79fc1913a2,a01a03a3-d13e-4db4-b832-4d8de067e513,1626117315067,13.4235653,52.4728882,5.896331,-2.5992947,3.4874246,1.2155557,in backpack,cyclo cross,False,sett,mixed
bd1cb700-66d0-48b9-8d3d-61de9a5c4c70,b6f66bb1-e6bc-452c-9994-2e79fc1913a2,629bce11-eaa2-4bd7-97ae-2ac1218610c4,1626117315117,13.4235653,52.4728882,5.896331,0.7443762,-0.7163019,-1.0909257,in backpack,cyclo cross,False,sett,mixed
bd1cb700-66d0-48b9-8d3d-61de9a5c4c70,b6f66bb1-e6bc-452c-9994-2e79fc1913a2,bf089dda-543b-44b2-89f4-92b5c9c79121,1626117315169,13.4236527,52.4729007,6.2889066,0.65834713,1.5420325,-0.4204781,in backpack,cyclo cross,False,sett,mixed
bd1cb700-66d0-48b9-8d3d-61de9a5c4c70,b6f66bb1-e6bc-452c-9994-2e79fc1913a2,4947c2b7-1528-4d38-bdb0-8eed6dca2522,1626117315218,13.4236527,52.4729007,6.2889066,0.00920105,0.35448885,-2.736144,in backpack,cyclo cross,False,sett,mixed
bd1cb700-66d0-48b9-8d3d-61de9a5c4c70,b6f66bb1-e6bc-452c-9994-2e79fc1913a2,12e7823a-d7e7-49c1-a4a9-31059b5322cd,1626117316067,13.4236527,52.4729007,6.2889066,0.00920105,0.35448885,-2.736144,in backpack,cyclo cross,False,sett,mixed
bd1cb700-66d0-48b9-8d3d-61de9a5c4c70,b6f66bb1-e6bc-452c-9994-2e79fc1913a2,e1c045ec-e345-4279-b63a-1d5eb4a2ae4b,1626117316117,13.4237422,52.4729137,6.06101,1.8556175,-8.333178,-3.4270117,in backpack,cyclo cross,False,sett,mixed
bd1cb700-66d0-48b9-8d3d-61de9a5c4c70,b6f66bb1-e6bc-452c-9994-2e79fc1913a2,b1cc170f-a999-4a59-8ca1-f37f48fe27d9,1626117316168,13.4237422,52.4729137,6.06101,0.88910484,-2.307239,0.70769167,in backpack,cyclo cross,False,sett,mixed
bd1cb700-66d0-48b9-8d3d-61de9a5c4c70,b6f66bb1-e6bc-452c-9994-2e79fc1913a2,3cf81d84-8bad-4454-bf0e-466e90cb8f23,1626117316218,13.4237422,52.4729137,6.06101,1.6054821,-0.61655426,1.5181384,in backpack,cyclo cross,False,sett,mixed
bd1cb700-66d0-48b9-8d3d-61de9a5c4c70,b6f66bb1-e6bc-452c-9994-2e79fc1913a2,cc0847c9-406d-407c-8e31-ba5003c1fbf0,1626117317069,13.4237422,52.4729137,6.06101,1.6054821,-0.61655426,1.5181384,in backpack,cyclo cross,False,sett,mixed
bd1cb700-66d0-48b9-8d3d-61de9a5c4c70,b6f66bb1-e6bc-452c-9994-2e79fc1913a2,8fde44fa-7023-49ad-8e12-369356df8a19,1626117317120,13.4237422,52.4729137,6.06101,-1.5143781,-1.1542063,-0.35688615,in backpack,cyclo cross,False,sett,mixed
bd1cb700-66d0-48b9-8d3d-61de9a5c4c70,b6f66bb1-e6bc-452c-9994-2e79fc1913a2,bdc48507-8a12-46f4-b0d5-550f8527117c,1626117317170,13.4238296,52.4729256,6.049375,0.62641954,-2.6374416,0.8862577,in backpack,cyclo cross,False,sett,mixed
bd1cb700-66d0-48b9-8d3d-61de9a5c4c70,b6f66bb1-e6bc-452c-9994-2e79fc1913a2,8705d69a-0108-4ca8-bda4-382b83f029c1,1626117317245,13.4238296,52.4729256,6.049375,-0.886106,-4.208064,-1.3119087,in backpack,cyclo cross,False,sett,mixed
bd1cb700-66d0-48b9-8d3d-61de9a5c4c70,b6f66bb1-e6bc-452c-9994-2e79fc1913a2,10621b1d-6399-47d3-a053-a46e17da4505,1626117317295,13.4238296,52.4729256,6.049375,-0.5525851,1.1079302,0.34748387,in backpack,cyclo cross,False,sett,mixed
bd1cb700-66d0-48b9-8d3d-61de9a5c4c70,b6f66bb1-e6bc-452c-9994-2e79fc1913a2,5d8200f5-cd9b-4edc-82a9-de15381539ae,1626117317345,13.4238296,52.4729256,6.049375,-0.26581144,0.37139606,-0.06310356,in backpack,cyclo cross,False,sett,mixed
bd1cb700-66d0-48b9-8d3d-61de9a5c4c70,b6f66bb1-e6bc-452c-9994-2e79fc1913a2,03ace7fa-1c93-4a5a-aa3c-68580ce3ccdc,1626117317394,13.4238296,52.4729256,6.049375,-2.9072866,0.0639596,0.8610657,in backpack,cyclo cross,False,sett,mixed
bd1cb700-66d0-48b9-8d3d-61de9a5c4c70,b6f66bb1-e6bc-452c-9994-2e79fc1913a2,ed98206e-ab6f-4915-8d41-5945a3739288,1626117317445,13.4238296,52.4729256,6.049375,0.32923222,-1.758997,-0.5084293,in backpack,cyclo cross,False,sett,mixed
bd1cb700-66d0-48b9-8d3d-61de9a5c4c70,b6f66bb1-e6bc-452c-9994-2e79fc1913a2,9d1db5a9-a881-4931-8556-c9907b663bce,1626117318039,13.4238296,52.4729256,6.049375,1.811408,-2.1789699,-0.4717859,in backpack,cyclo cross,False,sett,mixed
bd1cb700-66d0-48b9-8d3d-61de9a5c4c70,b6f66bb1-e6bc-452c-9994-2e79fc1913a2,9a769fe7-97b1-4f96-b040-99c12d8f9561,1626117318092,13.4238296,52.4729256,6.049375,1.074244,-0.77297163,-2.3532033,in backpack,cyclo cross,False,sett,mixed
bd1cb700-66d0-48b9-8d3d-61de9a5c4c70,b6f66bb1-e6bc-452c-9994-2e79fc1913a2,acb3135c-f9ad-4d22-b598-53b5e68fe777,1626117318143,13.423918,52.472936,5.9358974,-1.805346,1.3096414,0.5198097,in backpack,cyclo cross,False,sett,mixed
bd1cb700-66d0-48b9-8d3d-61de9a5c4c70,b6f66bb1-e6bc-452c-9994-2e79fc1913a2,18b9421c-f55b-4da4-85d5-b787ba897d93,1626117318193,13.423918,52.472936,5.9358974,-2.5708375,0.9286628,-0.19769764,in backpack,cyclo cross,False,sett,mixed
bd1cb700-66d0-48b9-8d3d-61de9a5c4c70,b6f66bb1-e6bc-452c-9994-2e79fc1913a2,ce0cc3ca-b031-43d4-a65c-60bd80b407cd,1626117318243,13.423918,52.472936,5.9358974,-3.7101643,2.1548748,0.44180536,in backpack,cyclo cross,False,sett,mixed
bd1cb700-66d0-48b9-8d3d-61de9a5c4c70,b6f66bb1-e6bc-452c-9994-2e79fc1913a2,aa7e9369-af91-4a58-b99a-a7e0226d5d1b,1626117318293,13.423918,52.472936,5.9358974,4.529195,-3.1929588,-3.3075538,in backpack,cyclo cross,False,sett,mixed
bd1cb700-66d0-48b9-8d3d-61de9a5c4c70,b6f66bb1-e6bc-452c-9994-2e79fc1913a2,03435b10-5566-41cd-ad5b-43106e96d99b,1626117318344,13.423918,52.472936,5.9358974,2.2089243,-1.7317381,-0.099172354,in backpack,cyclo cross,False,sett,mixed
bd1cb700-66d0-48b9-8d3d-61de9a5c4c70,b6f66bb1-e6bc-452c-9994-2e79fc1913a2,f9a6620b-78d4-47f6-986b-2840d35a1324,1626117318445,13.423918,52.472936,5.9358974,2.2089243,-1.7317381,-0.099172354,in backpack,cyclo cross,False,sett,mixed
bd1cb700-66d0-48b9-8d3d-61de9a5c4c70,b6f66bb1-e6bc-452c-9994-2e79fc1913a2,2bf973bd-e521-401a-ad21-e6e23063062b,1626117318495,13.423918,52.472936,5.9358974,2.7004013,0.6781359,0.43102652,in backpack,cyclo cross,False,sett,mixed
bd1cb700-66d0-48b9-8d3d-61de9a5c4c70,b6f66bb1-e6bc-452c-9994-2e79fc1913a2,53c7106f-f4d0-490b-85a7-eec0063ef0b9,1626117318545,13.423918,52.472936,5.9358974,1.0095239,-3.5587692,-1.6077507,in backpack,cyclo cross,False,sett,mixed
bd1cb700-66d0-48b9-8d3d-61de9a5c4c70,b6f66bb1-e6bc-452c-9994-2e79fc1913a2,389e9ab4-ebb8-43c6-83a4-64d1d61144b6,1626117318595,13.423918,52.472936,5.9358974,0.21228456,1.6859984,-0.09830809,in backpack,cyclo cross,False,sett,mixed
bd1cb700-66d0-48b9-8d3d-61de9a5c4c70,b6f66bb1-e6bc-452c-9994-2e79fc1913a2,cd54e83b-630f-4174-b6eb-a84352bde233,1626117318645,13.423918,52.472936,5.9358974,-2.0552158,1.8945878,-0.19767225,in backpack,cyclo cross,False,sett,mixed
bd1cb700-66d0-48b9-8d3d-61de9a5c4c70,b6f66bb1-e6bc-452c-9994-2e79fc1913a2,c9c27efb-b7ef-4dd9-9477-34c44fc8433c,1626117318695,13.423918,52.472936,5.9358974,-0.81603956,1.4800406,-0.54914665,in backpack,cyclo cross,False,sett,mixed
bd1cb700-66d0-48b9-8d3d-61de9a5c4c70,b6f66bb1-e6bc-452c-9994-2e79fc1913a2,84aae327-6945-4d4d-a9b3-db6ef6914145,1626117318746,13.423918,52.472936,5.9358974,2.9623728,-0.5645609,-1.7860124,in backpack,cyclo cross,False,sett,mixed
