bike_activity_uid,bike_activity_sample_uid,bike_activity_measurement,bike_activity_measurement_timestamp,bike_activity_measurement_lon,bike_activity_measurement_lat,bike_activity_measurement_speed,bike_activity_measurement_accelerometer_x,bike_activity_measurement_accelerometer_y,bike_activity_measurement_accelerometer_z,bike_activity_phone_position,bike_activity_bike_type,bike_activity_flagged_lab_conditions,bike_activity_surface_type,bike_activity_smoothness_type
c788515a-89a8-42a5-9546-82bc5a7be065,a7b9cb97-c379-453e-9f1d-ba588c0aa319,3dd84f21-b357-46d0-b1b0-be5e3ed42e32,1625681548762,13.4267001,52.4966236,7.113037,1.4991407,1.6768475,-0.7595501,in backpack,cyclo cross,False,mixed,mixed
c788515a-89a8-42a5-9546-82bc5a7be065,a7b9cb97-c379-453e-9f1d-ba588c0aa319,2f40d9f7-6f4b-45b2-9c29-f786bd35b8bc,1625681548812,13.4267001,52.4966236,7.113037,1.5042553,0.053009033,-1.4770927,in backpack,cyclo cross,False,mixed,mixed
c788515a-89a8-42a5-9546-82bc5a7be065,a7b9cb97-c379-453e-9f1d-ba588c0aa319,39351b50-bca9-4757-b758-c857151967fd,1625681548863,13.4267001,52.4966236,7.113037,-0.55020475,-1.919374,0.25907803,in backpack,cyclo cross,False,mixed,mixed
c788515a-89a8-42a5-9546-82bc5a7be065,a7b9cb97-c379-453e-9f1d-ba588c0aa319,d2779fc9-8333-4d20-9669-78158898c96d,1625681548914,13.4267001,52.4966236,7.113037,-2.434294,-2.046289,1.2074704,in backpack,cyclo cross,False,mixed,mixed
c788515a-89a8-42a5-9546-82bc5a7be065,a7b9cb97-c379-453e-9f1d-ba588c0aa319,9708f76c-fd71-412e-b0bd-d1b0c60dca9b,1625681548977,13.4267001,52.4966236,7.113037,1.001008,0.7568135,-0.75211763,in backpack,cyclo cross,False,mixed,mixed
c788515a-89a8-42a5-9546-82bc5a7be065,a7b9cb97-c379-453e-9f1d-ba588c0aa319,dd5dfc03-5e49-470b-89eb-e008e83b630c,1625681549027,13.4267001,52.4966236,7.113037,1.4820433,1.9264193,1.4279246,in backpack,cyclo cross,False,mixed,mixed
c788515a-89a8-42a5-9546-82bc5a7be065,a7b9cb97-c379-453e-9f1d-ba588c0aa319,358e40e3-99b4-40d2-9e04-32bcd47b1e1a,1625681549078,13.4267001,52.4966236,7.113037,-1.5032756,-0.47880173,0.86157465,in backpack,cyclo cross,False,mixed,mixed
c788515a-89a8-42a5-9546-82bc5a7be065,a7b9cb97-c379-453e-9f1d-ba588c0aa319,3338d578-4a4c-4435-b713-161adee74f3e,1625681549128,13.4267001,52.4966236,7.113037,2.5071268,-0.015383244,-0.12422085,in backpack,cyclo cross,False,mixed,mixed
c788515a-89a8-42a5-9546-82bc5a7be065,a7b9cb97-c379-453e-9f1d-ba588c0aa319,2eddb933-2fc4-4e21-886b-fc2d6cfb6692,1625681549179,13.4267001,52.4966236,7.113037,0.4126544,-1.2213137,1.7709699,in backpack,cyclo cross,False,mixed,mixed
c788515a-89a8-42a5-9546-82bc5a7be065,a7b9cb97-c379-453e-9f1d-ba588c0aa319,478053e3-be81-4dfe-a2d1-43f2b2bbfdbb,1625681549230,13.4267001,52.4966236,7.113037,-1.159977,-1.0805049,2.3775318,in backpack,cyclo cross,False,mixed,mixed
c788515a-89a8-42a5-9546-82bc5a7be065,a7b9cb97-c379-453e-9f1d-ba588c0aa319,42628972-fb4e-4439-a257-3816aff5780b,1625681549294,13.4267001,52.4966236,7.113037,2.4507551,2.7246437,0.39897823,in backpack,cyclo cross,False,mixed,mixed
c788515a-89a8-42a5-9546-82bc5a7be065,a7b9cb97-c379-453e-9f1d-ba588c0aa319,465283b8-bed5-4ba8-9cf9-58efe227ab3b,1625681549343,13.4267001,52.4966236,7.113037,0.012492657,2.2578754,-0.8150039,in backpack,cyclo cross,False,mixed,mixed
c788515a-89a8-42a5-9546-82bc5a7be065,a7b9cb97-c379-453e-9f1d-ba588c0aa319,ed2eaabf-3347-46ab-8536-172ac429207c,1625681549393,13.4268131,52.4966102,6.106638,-2.541462,-0.93242216,-0.027299881,in backpack,cyclo cross,False,mixed,mixed
c788515a-89a8-42a5-9546-82bc5a7be065,a7b9cb97-c379-453e-9f1d-ba588c0aa319,7e17e5a8-554f-41b4-86d6-d06bb8c62d9c,1625681549444,13.4268131,52.4966102,6.106638,-1.2079096,-1.1706042,1.8718021,in backpack,cyclo cross,False,mixed,mixed
c788515a-89a8-42a5-9546-82bc5a7be065,a7b9cb97-c379-453e-9f1d-ba588c0aa319,e2e0cc7e-952d-412b-ae94-969e642d4b8f,1625681549494,13.4268131,52.4966102,6.106638,1.7343769,-1.6756768,1.6701298,in backpack,cyclo cross,False,mixed,mixed
c788515a-89a8-42a5-9546-82bc5a7be065,a7b9cb97-c379-453e-9f1d-ba588c0aa319,15fb58e7-7bdf-4201-ab7c-1c93818e863d,1625681549544,13.4268131,52.4966102,6.106638,2.936432,0.26565933,0.8049817,in backpack,cyclo cross,False,mixed,mixed
c788515a-89a8-42a5-9546-82bc5a7be065,a7b9cb97-c379-453e-9f1d-ba588c0aa319,7f3c3027-50c7-4548-b4b6-da74aab5da16,1625681549611,13.4268131,52.4966102,6.106638,-0.4792366,1.4902453,-0.7666645,in backpack,cyclo cross,False,mixed,mixed
c788515a-89a8-42a5-9546-82bc5a7be065,a7b9cb97-c379-453e-9f1d-ba588c0aa319,a8e33c24-7991-4ee4-8cd8-2b76389df47e,1625681549661,13.4268131,52.4966102,6.106638,-2.3012173,-1.0144103,-2.4559584,in backpack,cyclo cross,False,mixed,mixed
c788515a-89a8-42a5-9546-82bc5a7be065,a7b9cb97-c379-453e-9f1d-ba588c0aa319,067028a1-d0b4-4a92-bc30-822f16de6a20,1625681549711,13.4268131,52.4966102,6.106638,0.10935736,-0.7443385,-1.570509,in backpack,cyclo cross,False,mixed,mixed
c788515a-89a8-42a5-9546-82bc5a7be065,a7b9cb97-c379-453e-9f1d-ba588c0aa319,361c68d4-3b97-413f-a640-5c1baded4575,1625681549761,13.4268131,52.4966102,6.106638,2.1845965,0.4372363,-0.94315004,in backpack,cyclo cross,False,mixed,mixed
c788515a-89a8-42a5-9546-82bc5a7be065,a7b9cb97-c379-453e-9f1d-ba588c0aa319,05117ac1-e697-4876-83eb-9844b609a7c7,1625681549811,13.4268131,52.4966102,6.106638,1.2289548,0.8487401,-1.2181978,in backpack,cyclo cross,False,mixed,mixed
c788515a-89a8-42a5-9546-82bc5a7be065,a7b9cb97-c379-453e-9f1d-ba588c0aa319,569f80ab-e5a2-41d1-b17a-1de68e3c14bc,1625681549861,13.4268131,52.4966102,6.106638,0.17815685,0.00222826,-0.017215729,in backpack,cyclo cross,False,mixed,mixed
c788515a-89a8-42a5-9546-82bc5a7be065,a7b9cb97-c379-453e-9f1d-ba588c0aa319,93f4f376-ff4b-49a9-87f8-93ee51e71a85,1625681549911,13.4268131,52.4966102,6.106638,-1.5991561,-1.5963814,1.6161318,in backpack,cyclo cross,False,mixed,mixed
c788515a-89a8-42a5-9546-82bc5a7be065,a7b9cb97-c379-453e-9f1d-ba588c0aa319,768f5b25-a01d-4e18-bee8-ffb12083c3ad,1625681549961,13.4268131,52.4966102,6.106638,-1.7025487,-2.4211304,0.8960848,in backpack,cyclo cross,False,mixed,mixed
c788515a-89a8-42a5-9546-82bc5a7be065,a7b9cb97-c379-453e-9f1d-ba588c0aa319,0acf9867-da22-40cb-b639-18134226177a,1625681550011,13.4268131,52.4966102,6.106638,2.0803819,-0.25416088,-0.1732068,in backpack,cyclo cross,False,mixed,mixed
c788515a-89a8-42a5-9546-82bc5a7be065,a7b9cb97-c379-453e-9f1d-ba588c0aa319,3b0c2b6b-543d-47b4-860f-ca867397363b,1625681550062,13.4268131,52.4966102,6.106638,1.5332208,1.4590039,0.4733219,in backpack,cyclo cross,False,mixed,mixed
c788515a-89a8-42a5-9546-82bc5a7be065,a7b9cb97-c379-453e-9f1d-ba588c0aa319,df22c3e6-d09a-427e-8ceb-8cd256331287,1625681550111,13.4268131,52.4966102,6.106638,0.81762695,1.0004063,-1.5502934,in backpack,cyclo cross,False,mixed,mixed
c788515a-89a8-42a5-9546-82bc5a7be065,a7b9cb97-c379-453e-9f1d-ba588c0aa319,28eeea3a-dff6-4ad4-884c-87c5e37dfa6b,1625681550161,13.4268131,52.4966102,6.106638,-0.19118547,0.50794506,-2.1532068,in backpack,cyclo cross,False,mixed,mixed
c788515a-89a8-42a5-9546-82bc5a7be065,a7b9cb97-c379-453e-9f1d-ba588c0aa319,87d4c0e8-1ea6-4df1-862a-44b029000856,1625681550211,13.4268131,52.4966102,6.106638,0.86763763,-0.44418097,-0.7264848,in backpack,cyclo cross,False,mixed,mixed
c788515a-89a8-42a5-9546-82bc5a7be065,a7b9cb97-c379-453e-9f1d-ba588c0aa319,e5ccfb7a-69b5-478f-9147-298422aee9e6,1625681550261,13.4268131,52.4966102,6.106638,-0.18565321,-0.22862816,1.0748234,in backpack,cyclo cross,False,mixed,mixed
c788515a-89a8-42a5-9546-82bc5a7be065,a7b9cb97-c379-453e-9f1d-ba588c0aa319,04a9c761-cf41-4bc6-a565-f5f31264dda5,1625681550311,13.4268131,52.4966102,6.106638,-1.4444954,-0.65910625,0.6897073,in backpack,cyclo cross,False,mixed,mixed
c788515a-89a8-42a5-9546-82bc5a7be065,a7b9cb97-c379-453e-9f1d-ba588c0aa319,37982b06-4073-4afe-a077-f22632566ae6,1625681550361,13.4268131,52.4966102,6.106638,-1.512671,-0.074800014,0.39303493,in backpack,cyclo cross,False,mixed,mixed
c788515a-89a8-42a5-9546-82bc5a7be065,a7b9cb97-c379-453e-9f1d-ba588c0aa319,c283de36-36ed-48a4-832e-e8f7b52fcabd,1625681550411,13.4269115,52.496597,6.4682436,1.5028338,1.0053988,0.76258755,in backpack,cyclo cross,False,mixed,mixed
c788515a-89a8-42a5-9546-82bc5a7be065,a7b9cb97-c379-453e-9f1d-ba588c0aa319,5c2257e2-b666-4694-bb87-a7c363011b11,1625681550461,13.4269115,52.496597,6.4682436,2.1741815,0.09340191,-1.5641208,in backpack,cyclo cross,False,mixed,mixed
c788515a-89a8-42a5-9546-82bc5a7be065,a7b9cb97-c379-453e-9f1d-ba588c0aa319,46786e26-306b-407d-a8ed-4e6e9523852e,1625681550511,13.4269115,52.496597,6.4682436,0.39338684,-0.265594,-2.964953,in backpack,cyclo cross,False,mixed,mixed
c788515a-89a8-42a5-9546-82bc5a7be065,a7b9cb97-c379-453e-9f1d-ba588c0aa319,7264c2ff-6d12-4d82-8216-133547c0ce99,1625681550561,13.4269115,52.496597,6.4682436,-2.1213698,-1.297086,-1.1522007,in backpack,cyclo cross,False,mixed,mixed
c788515a-89a8-42a5-9546-82bc5a7be065,a7b9cb97-c379-453e-9f1d-ba588c0aa319,3049ec0a-c602-4d6f-9a6c-d82b147fc580,1625681550611,13.4269115,52.496597,6.4682436,-3.3373632,-1.616046,0.6857023,in backpack,cyclo cross,False,mixed,mixed
c788515a-89a8-42a5-9546-82bc5a7be065,a7b9cb97-c379-453e-9f1d-ba588c0aa319,a504ca57-f552-4db9-a181-52ef37b9451e,1625681550662,13.4269115,52.496597,6.4682436,1.8785105,-0.32892513,-0.22846031,in backpack,cyclo cross,False,mixed,mixed
c788515a-89a8-42a5-9546-82bc5a7be065,a7b9cb97-c379-453e-9f1d-ba588c0aa319,5549106b-5fb1-4ae5-8599-bc0839e140a2,1625681550713,13.4269115,52.496597,6.4682436,4.929681,2.481536,-0.4749756,in backpack,cyclo cross,False,mixed,mixed
c788515a-89a8-42a5-9546-82bc5a7be065,a7b9cb97-c379-453e-9f1d-ba588c0aa319,7c1c6a9c-79bc-485d-ad8c-46f86817f9bd,1625681550762,13.4269115,52.496597,6.4682436,-0.1225729,0.14914799,-2.672418,in backpack,cyclo cross,False,mixed,mixed
c788515a-89a8-42a5-9546-82bc5a7be065,a7b9cb97-c379-453e-9f1d-ba588c0aa319,469f64b9-7b85-4fc7-af56-fc286ca63186,1625681550813,13.4269115,52.496597,6.4682436,-2.8680398,-2.873882,-0.17760134,in backpack,cyclo cross,False,mixed,mixed
c788515a-89a8-42a5-9546-82bc5a7be065,a7b9cb97-c379-453e-9f1d-ba588c0aa319,b6475ea1-4ea6-4010-a176-21a81ed2ce14,1625681550862,13.4269115,52.496597,6.4682436,-0.5710144,-2.570519,-0.4339509,in backpack,cyclo cross,False,mixed,mixed
c788515a-89a8-42a5-9546-82bc5a7be065,a7b9cb97-c379-453e-9f1d-ba588c0aa319,88609356-63e9-42c6-9c4d-c18ea0ced815,1625681550912,13.4269115,52.496597,6.4682436,3.303166,0.89294004,0.73249245,in backpack,cyclo cross,False,mixed,mixed
c788515a-89a8-42a5-9546-82bc5a7be065,a7b9cb97-c379-453e-9f1d-ba588c0aa319,6bdea793-8e78-4f18-b93a-89dbebdce180,1625681550962,13.4269115,52.496597,6.4682436,1.6925807,1.5930605,-1.9312639,in backpack,cyclo cross,False,mixed,mixed
c788515a-89a8-42a5-9546-82bc5a7be065,a7b9cb97-c379-453e-9f1d-ba588c0aa319,833dcaa9-1b4a-43cb-9e4c-bb902caa67e5,1625681551012,13.4269115,52.496597,6.4682436,-1.7684579,0.5335717,-0.21472502,in backpack,cyclo cross,False,mixed,mixed
c788515a-89a8-42a5-9546-82bc5a7be065,a7b9cb97-c379-453e-9f1d-ba588c0aa319,a782d648-5e34-4fe3-a6df-2a215a31cfd7,1625681551062,13.4269115,52.496597,6.4682436,-2.8231177,-1.3592231,0.44372654,in backpack,cyclo cross,False,mixed,mixed
c788515a-89a8-42a5-9546-82bc5a7be065,a7b9cb97-c379-453e-9f1d-ba588c0aa319,4e78df6e-9ece-47aa-83a4-be9f3ca48590,1625681551112,13.4269115,52.496597,6.4682436,0.35404825,-0.8333163,-0.029630184,in backpack,cyclo cross,False,mixed,mixed
c788515a-89a8-42a5-9546-82bc5a7be065,a7b9cb97-c379-453e-9f1d-ba588c0aa319,c42022cf-e4de-447e-9989-b5a70ab797e0,1625681551162,13.4269115,52.496597,6.4682436,5.1969967,2.981268,1.2095361,in backpack,cyclo cross,False,mixed,mixed
c788515a-89a8-42a5-9546-82bc5a7be065,a7b9cb97-c379-453e-9f1d-ba588c0aa319,f6a277dc-2ac6-4d88-ad61-c25f47142cd7,1625681551213,13.4269115,52.496597,6.4682436,0.92504644,0.21043205,-0.23416758,in backpack,cyclo cross,False,mixed,mixed
c788515a-89a8-42a5-9546-82bc5a7be065,a7b9cb97-c379-453e-9f1d-ba588c0aa319,17bc232d-35fe-4328-b31f-d5c416619166,1625681551263,13.4269115,52.496597,6.4682436,-1.7877336,-0.8054905,-1.0919471,in backpack,cyclo cross,False,mixed,mixed
c788515a-89a8-42a5-9546-82bc5a7be065,a7b9cb97-c379-453e-9f1d-ba588c0aa319,a98e3a28-ed76-4819-9ef1-7a2e9f3ba7e7,1625681551313,13.4269115,52.496597,6.4682436,-0.42393398,-0.83552694,-1.2010317,in backpack,cyclo cross,False,mixed,mixed
c788515a-89a8-42a5-9546-82bc5a7be065,a7b9cb97-c379-453e-9f1d-ba588c0aa319,656bef02-71d7-4796-9207-f291c3e8a2da,1625681551364,13.4269115,52.496597,6.4682436,-2.1485066,-1.0799656,0.9660263,in backpack,cyclo cross,False,mixed,mixed
c788515a-89a8-42a5-9546-82bc5a7be065,a7b9cb97-c379-453e-9f1d-ba588c0aa319,7a345518-48d5-48f6-8bdf-e489c070d1d8,1625681551414,13.4270105,52.4965663,7.002962,-1.5840647,-0.38434315,0.69293547,in backpack,cyclo cross,False,mixed,mixed
c788515a-89a8-42a5-9546-82bc5a7be065,a7b9cb97-c379-453e-9f1d-ba588c0aa319,ff1654a4-5119-409c-83da-3da87d112772,1625681551464,13.4270105,52.4965663,7.002962,2.987278,1.5741858,0.46689415,in backpack,cyclo cross,False,mixed,mixed
c788515a-89a8-42a5-9546-82bc5a7be065,a7b9cb97-c379-453e-9f1d-ba588c0aa319,52376ee8-c675-4b97-8576-27f4d9e838ae,1625681551514,13.4270105,52.4965663,7.002962,2.28933,1.2297163,0.15239286,in backpack,cyclo cross,False,mixed,mixed
c788515a-89a8-42a5-9546-82bc5a7be065,a7b9cb97-c379-453e-9f1d-ba588c0aa319,74366c84-caf9-4b2d-87be-14263a5f0a9b,1625681551565,13.4270105,52.4965663,7.002962,1.2475781,-0.080293655,-0.9612546,in backpack,cyclo cross,False,mixed,mixed
c788515a-89a8-42a5-9546-82bc5a7be065,a7b9cb97-c379-453e-9f1d-ba588c0aa319,31aaf319-3d4c-4ed3-a1eb-596dffcc47f4,1625681551615,13.4270105,52.4965663,7.002962,-0.82007885,-1.4644928,0.12058306,in backpack,cyclo cross,False,mixed,mixed
c788515a-89a8-42a5-9546-82bc5a7be065,a7b9cb97-c379-453e-9f1d-ba588c0aa319,d95d7e2d-5ed6-4529-8735-c69303c5d869,1625681551666,13.4270105,52.4965663,7.002962,-0.58659935,-1.3103447,0.7472944,in backpack,cyclo cross,False,mixed,mixed
c788515a-89a8-42a5-9546-82bc5a7be065,a7b9cb97-c379-453e-9f1d-ba588c0aa319,76a4c32b-3f30-434f-96be-055a941d8d69,1625681551717,13.4270105,52.4965663,7.002962,0.050343513,0.53862953,1.8299899,in backpack,cyclo cross,False,mixed,mixed
c788515a-89a8-42a5-9546-82bc5a7be065,a7b9cb97-c379-453e-9f1d-ba588c0aa319,0eb4338a-5b82-42c7-a36b-32ce9bd733c1,1625681551768,13.4270105,52.4965663,7.002962,-0.2697053,2.250102,0.72142076,in backpack,cyclo cross,False,mixed,mixed
c788515a-89a8-42a5-9546-82bc5a7be065,a7b9cb97-c379-453e-9f1d-ba588c0aa319,858b087d-cf28-4fdc-a0e1-bf74dc79c474,1625681551818,13.4270105,52.4965663,7.002962,0.31100845,1.1301208,0.023018837,in backpack,cyclo cross,False,mixed,mixed
c788515a-89a8-42a5-9546-82bc5a7be065,a7b9cb97-c379-453e-9f1d-ba588c0aa319,903648c5-95d9-4359-bc4d-992f99414bde,1625681551868,13.4270105,52.4965663,7.002962,-0.33077526,-0.48719501,0.3886509,in backpack,cyclo cross,False,mixed,mixed
c788515a-89a8-42a5-9546-82bc5a7be065,a7b9cb97-c379-453e-9f1d-ba588c0aa319,6849dcab-36f9-4a86-8eaf-509b957f7c72,1625681551930,13.4270105,52.4965663,7.002962,-0.39162278,-0.7051933,0.87072563,in backpack,cyclo cross,False,mixed,mixed
c788515a-89a8-42a5-9546-82bc5a7be065,a7b9cb97-c379-453e-9f1d-ba588c0aa319,ea0f73ed-cf07-4f6a-a662-aa80844090b5,1625681551980,13.4270105,52.4965663,7.002962,1.6933651,1.0804591,0.060703278,in backpack,cyclo cross,False,mixed,mixed
c788515a-89a8-42a5-9546-82bc5a7be065,a7b9cb97-c379-453e-9f1d-ba588c0aa319,8e2389e9-1d5b-468e-b102-f8f99b29aa46,1625681552030,13.4270105,52.4965663,7.002962,1.7356553,1.4883385,-0.12335396,in backpack,cyclo cross,False,mixed,mixed
c788515a-89a8-42a5-9546-82bc5a7be065,a7b9cb97-c379-453e-9f1d-ba588c0aa319,9a11cac7-77f8-4e2b-8bc2-0d98ba26c230,1625681552080,13.4270105,52.4965663,7.002962,-1.2803411,-0.3690138,-0.23822832,in backpack,cyclo cross,False,mixed,mixed
c788515a-89a8-42a5-9546-82bc5a7be065,a7b9cb97-c379-453e-9f1d-ba588c0aa319,241e55a0-4380-41e6-b6eb-e4317e4a45c5,1625681552130,13.4270105,52.4965663,7.002962,-1.1854274,-0.5941081,-0.31675005,in backpack,cyclo cross,False,mixed,mixed
c788515a-89a8-42a5-9546-82bc5a7be065,a7b9cb97-c379-453e-9f1d-ba588c0aa319,d152c4b2-cfe0-4a75-8b7b-f5cda8415cc2,1625681552180,13.4270105,52.4965663,7.002962,0.47912025,-0.77964854,-0.1950078,in backpack,cyclo cross,False,mixed,mixed
c788515a-89a8-42a5-9546-82bc5a7be065,a7b9cb97-c379-453e-9f1d-ba588c0aa319,1958f087-bc75-44b4-aa72-9a304df0cbe2,1625681552230,13.4270105,52.4965663,7.002962,-0.78350544,-1.1352432,0.07122898,in backpack,cyclo cross,False,mixed,mixed
c788515a-89a8-42a5-9546-82bc5a7be065,a7b9cb97-c379-453e-9f1d-ba588c0aa319,5494c01b-0c74-4264-aaa9-81191a919848,1625681552280,13.4270105,52.4965663,7.002962,-1.8658662,-0.28643227,0.9125066,in backpack,cyclo cross,False,mixed,mixed
c788515a-89a8-42a5-9546-82bc5a7be065,a7b9cb97-c379-453e-9f1d-ba588c0aa319,abbc836c-00cd-4550-aeb2-6e7c9b585d71,1625681552330,13.4270105,52.4965663,7.002962,-0.13380575,0.8560381,0.6258054,in backpack,cyclo cross,False,mixed,mixed
c788515a-89a8-42a5-9546-82bc5a7be065,a7b9cb97-c379-453e-9f1d-ba588c0aa319,7ce7ed0d-9dfc-46c2-883c-71d42b0e18c8,1625681552380,13.4271069,52.4965194,7.471466,1.2243533,2.2344794,0.57441807,in backpack,cyclo cross,False,mixed,mixed
c788515a-89a8-42a5-9546-82bc5a7be065,a7b9cb97-c379-453e-9f1d-ba588c0aa319,8274cbd2-6ec1-48c9-9043-c9a4aaad7e6c,1625681552431,13.4271069,52.4965194,7.471466,2.720189,1.3958678,-1.485734,in backpack,cyclo cross,False,mixed,mixed
c788515a-89a8-42a5-9546-82bc5a7be065,a7b9cb97-c379-453e-9f1d-ba588c0aa319,bdf9c1a3-143c-4cbe-a559-7e40a08daded,1625681552480,13.4271069,52.4965194,7.471466,-0.23281145,-0.9200268,-0.9810281,in backpack,cyclo cross,False,mixed,mixed
c788515a-89a8-42a5-9546-82bc5a7be065,a7b9cb97-c379-453e-9f1d-ba588c0aa319,5a434ec8-34d1-4d13-8248-d09a5be2a4d8,1625681552530,13.4271069,52.4965194,7.471466,-1.5058692,-1.4813714,0.77043104,in backpack,cyclo cross,False,mixed,mixed
c788515a-89a8-42a5-9546-82bc5a7be065,a7b9cb97-c379-453e-9f1d-ba588c0aa319,9d19ef44-4c36-4dfe-a863-1ed9796e1f5e,1625681552581,13.4271069,52.4965194,7.471466,-0.67803955,-1.3663182,0.45117283,in backpack,cyclo cross,False,mixed,mixed
c788515a-89a8-42a5-9546-82bc5a7be065,a7b9cb97-c379-453e-9f1d-ba588c0aa319,25045963-1589-490c-a9d6-61ee94a872d1,1625681552631,13.4271069,52.4965194,7.471466,1.5814738,1.2477503,0.5493703,in backpack,cyclo cross,False,mixed,mixed
c788515a-89a8-42a5-9546-82bc5a7be065,a7b9cb97-c379-453e-9f1d-ba588c0aa319,9cbda00e-821a-4856-b5b0-5f58f6779d81,1625681552681,13.4271069,52.4965194,7.471466,-0.030632019,1.1495419,-0.34507227,in backpack,cyclo cross,False,mixed,mixed
c788515a-89a8-42a5-9546-82bc5a7be065,a7b9cb97-c379-453e-9f1d-ba588c0aa319,1a0db4b0-7a4e-4f91-947e-5371e4b314e6,1625681552731,13.4271069,52.4965194,7.471466,-1.6931155,-0.24511075,0.45702362,in backpack,cyclo cross,False,mixed,mixed
c788515a-89a8-42a5-9546-82bc5a7be065,a7b9cb97-c379-453e-9f1d-ba588c0aa319,10dae569-7946-47a9-9373-b883ebb2e419,1625681552781,13.4271069,52.4965194,7.471466,1.6074324,-0.38637638,-0.36805105,in backpack,cyclo cross,False,mixed,mixed
c788515a-89a8-42a5-9546-82bc5a7be065,a7b9cb97-c379-453e-9f1d-ba588c0aa319,f93f1b1c-2635-4896-b22d-d61f318b7df7,1625681552831,13.4271069,52.4965194,7.471466,0.4248433,-0.28598785,-0.15752554,in backpack,cyclo cross,False,mixed,mixed
c788515a-89a8-42a5-9546-82bc5a7be065,a7b9cb97-c379-453e-9f1d-ba588c0aa319,c3f9fb5c-2bc1-4afe-9339-45c9ad8d1d98,1625681552881,13.4271069,52.4965194,7.471466,-0.45134497,0.5157175,0.009636879,in backpack,cyclo cross,False,mixed,mixed
c788515a-89a8-42a5-9546-82bc5a7be065,a7b9cb97-c379-453e-9f1d-ba588c0aa319,f20c2e35-f984-4c7a-b69e-52ca41292e9b,1625681552931,13.4271069,52.4965194,7.471466,-0.09428549,0.62074614,-0.39272356,in backpack,cyclo cross,False,mixed,mixed
c788515a-89a8-42a5-9546-82bc5a7be065,a7b9cb97-c379-453e-9f1d-ba588c0aa319,79f4387f-ca99-4e0a-a4f3-743c02c07f9e,1625681552981,13.4271069,52.4965194,7.471466,-0.7976136,-0.07110405,0.7042117,in backpack,cyclo cross,False,mixed,mixed
c788515a-89a8-42a5-9546-82bc5a7be065,a7b9cb97-c379-453e-9f1d-ba588c0aa319,165fcc53-3602-4867-a120-2fbd2e171bf8,1625681553031,13.4271069,52.4965194,7.471466,0.45041227,0.42115736,0.7343688,in backpack,cyclo cross,False,mixed,mixed
c788515a-89a8-42a5-9546-82bc5a7be065,a7b9cb97-c379-453e-9f1d-ba588c0aa319,3e33b0af-9d59-4176-b4e6-58fd8b5a7432,1625681553081,13.4271069,52.4965194,7.471466,0.6443987,0.72765255,0.11567783,in backpack,cyclo cross,False,mixed,mixed
c788515a-89a8-42a5-9546-82bc5a7be065,a7b9cb97-c379-453e-9f1d-ba588c0aa319,1bbec91a-019e-4986-98a2-a14dd7bd92ed,1625681553131,13.4271069,52.4965194,7.471466,-0.32698345,0.11162758,-0.2177453,in backpack,cyclo cross,False,mixed,mixed
c788515a-89a8-42a5-9546-82bc5a7be065,a7b9cb97-c379-453e-9f1d-ba588c0aa319,1e8a1029-2bc5-4645-af29-139604a07f3a,1625681553181,13.4271069,52.4965194,7.471466,0.16177225,0.06037426,-0.012978077,in backpack,cyclo cross,False,mixed,mixed
c788515a-89a8-42a5-9546-82bc5a7be065,a7b9cb97-c379-453e-9f1d-ba588c0aa319,1caad81e-d638-437f-bce4-7ed1ebc3d8cf,1625681553231,13.4271069,52.4965194,7.471466,0.64697313,0.30866528,-0.2709384,in backpack,cyclo cross,False,mixed,mixed
c788515a-89a8-42a5-9546-82bc5a7be065,a7b9cb97-c379-453e-9f1d-ba588c0aa319,e497c522-473a-493a-8b94-347f59470b3c,1625681553281,13.4271069,52.4965194,7.471466,-1.1019311,0.13798285,1.050322,in backpack,cyclo cross,False,mixed,mixed
c788515a-89a8-42a5-9546-82bc5a7be065,a7b9cb97-c379-453e-9f1d-ba588c0aa319,e8d5bf59-b25b-494b-b33c-90babfce0a73,1625681553332,13.4271069,52.4965194,7.471466,-1.1900446,-0.5146496,0.9624233,in backpack,cyclo cross,False,mixed,mixed
c788515a-89a8-42a5-9546-82bc5a7be065,a7b9cb97-c379-453e-9f1d-ba588c0aa319,0c130061-a2f8-4144-9ea4-d84d498a1bfd,1625681553382,13.4271939,52.4964678,7.2714915,0.7034025,0.38963366,-0.13535976,in backpack,cyclo cross,False,mixed,mixed
c788515a-89a8-42a5-9546-82bc5a7be065,a7b9cb97-c379-453e-9f1d-ba588c0aa319,d426d383-90fc-4d59-a4a0-efba734314e5,1625681553432,13.4271939,52.4964678,7.2714915,0.46954918,0.43063974,-0.07746363,in backpack,cyclo cross,False,mixed,mixed
c788515a-89a8-42a5-9546-82bc5a7be065,a7b9cb97-c379-453e-9f1d-ba588c0aa319,d010a9bc-2945-4b39-80e7-33a702b4ffa6,1625681553483,13.4271939,52.4964678,7.2714915,-0.6822834,0.23477697,-0.24313545,in backpack,cyclo cross,False,mixed,mixed
c788515a-89a8-42a5-9546-82bc5a7be065,a7b9cb97-c379-453e-9f1d-ba588c0aa319,4074b9a7-98b5-4785-93e6-e4e9d26e1659,1625681553533,13.4271939,52.4964678,7.2714915,1.9617925,-0.060492992,-1.8087578,in backpack,cyclo cross,False,mixed,mixed
c788515a-89a8-42a5-9546-82bc5a7be065,a7b9cb97-c379-453e-9f1d-ba588c0aa319,b79b55c0-0644-4caa-9779-f5482e7748d3,1625681553583,13.4271939,52.4964678,7.2714915,0.24141932,-0.6636472,-0.7712269,in backpack,cyclo cross,False,mixed,mixed
c788515a-89a8-42a5-9546-82bc5a7be065,a7b9cb97-c379-453e-9f1d-ba588c0aa319,83687aea-4c01-40d6-9b3b-3c5205986df0,1625681553649,13.4271939,52.4964678,7.2714915,-0.997875,-0.8502128,-0.01219511,in backpack,cyclo cross,False,mixed,mixed
c788515a-89a8-42a5-9546-82bc5a7be065,a7b9cb97-c379-453e-9f1d-ba588c0aa319,a7294484-63f9-432c-8ed8-b800ab523fb5,1625681553699,13.4271939,52.4964678,7.2714915,-0.1055522,0.018808365,0.059136868,in backpack,cyclo cross,False,mixed,mixed
c788515a-89a8-42a5-9546-82bc5a7be065,a7b9cb97-c379-453e-9f1d-ba588c0aa319,97ad1d33-7479-4f3a-beaf-a608cdc6f908,1625681553750,13.4271939,52.4964678,7.2714915,1.0127535,0.1408987,0.25307417,in backpack,cyclo cross,False,mixed,mixed
c788515a-89a8-42a5-9546-82bc5a7be065,a7b9cb97-c379-453e-9f1d-ba588c0aa319,66559659-5a98-47e9-92cc-ce5c218ca5c2,1625681553801,13.4271939,52.4964678,7.2714915,1.1574068,0.5977411,-0.00096035004,in backpack,cyclo cross,False,mixed,mixed
