bike_activity_uid,bike_activity_sample_uid,bike_activity_measurement,bike_activity_measurement_timestamp,bike_activity_measurement_lon,bike_activity_measurement_lat,bike_activity_measurement_speed,bike_activity_measurement_accelerometer_x,bike_activity_measurement_accelerometer_y,bike_activity_measurement_accelerometer_z,bike_activity_phone_position,bike_activity_bike_type,bike_activity_flagged_lab_conditions,bike_activity_surface_type,bike_activity_smoothness_type
d0b715e0-17d7-4c57-84c1-14e9a6d888c7,ae34f279-c3ca-4cbb-b605-10734de06d3e,37c40725-808e-4604-b1dd-84a4974426dc,1634109257454,13.4151924,52.484323,5.9558606,-0.08303289,1.8693185,-3.6414185,on bike mount,cyclo cross,True,asphalt,excellent
d0b715e0-17d7-4c57-84c1-14e9a6d888c7,ae34f279-c3ca-4cbb-b605-10734de06d3e,759c0a0b-41ec-4737-ba33-6b08c25a5e34,1634109257504,13.4151924,52.484323,5.9558606,0.14572197,1.6443324,-1.4887519,on bike mount,cyclo cross,True,asphalt,excellent
d0b715e0-17d7-4c57-84c1-14e9a6d888c7,ae34f279-c3ca-4cbb-b605-10734de06d3e,37a8a3bd-20be-4fa3-9e04-415367f84ea4,1634109257554,13.4151924,52.484323,5.9558606,0.5938772,-2.7048073,3.0372925,on bike mount,cyclo cross,True,asphalt,excellent
d0b715e0-17d7-4c57-84c1-14e9a6d888c7,ae34f279-c3ca-4cbb-b605-10734de06d3e,7fccb58d-e510-4cd1-b514-0319f73fd6a7,1634109257606,13.4151924,52.484323,5.9558606,0.6866027,0.2611804,-1.0303621,on bike mount,cyclo cross,True,asphalt,excellent
d0b715e0-17d7-4c57-84c1-14e9a6d888c7,ae34f279-c3ca-4cbb-b605-10734de06d3e,c40a947e-fbf5-4309-ba8c-4d0a16c004fe,1634109257671,13.4151924,52.484323,5.9558606,0.9672472,-1.2041807,1.9764767,on bike mount,cyclo cross,True,asphalt,excellent
d0b715e0-17d7-4c57-84c1-14e9a6d888c7,ae34f279-c3ca-4cbb-b605-10734de06d3e,5e761e1e-38fd-4840-b398-9d08f0ece2df,1634109257722,13.4151924,52.484323,5.9558606,-0.21341598,0.9022186,1.526947,on bike mount,cyclo cross,True,asphalt,excellent
d0b715e0-17d7-4c57-84c1-14e9a6d888c7,ae34f279-c3ca-4cbb-b605-10734de06d3e,697190cb-700d-48c1-bc14-a0590c27758a,1634109257773,13.4151924,52.484323,5.9558606,0.37535256,1.5737808,-1.9379258,on bike mount,cyclo cross,True,asphalt,excellent
d0b715e0-17d7-4c57-84c1-14e9a6d888c7,ae34f279-c3ca-4cbb-b605-10734de06d3e,6246a606-6e99-4242-96b6-b51d603e21dc,1634109257823,13.4151924,52.484323,5.9558606,0.42382812,-0.49802732,0.113360405,on bike mount,cyclo cross,True,asphalt,excellent
d0b715e0-17d7-4c57-84c1-14e9a6d888c7,ae34f279-c3ca-4cbb-b605-10734de06d3e,c804b8c7-2a10-4e4b-be14-3cfa1c2d2548,1634109257873,13.4151924,52.484323,5.9558606,-0.5452715,0.07667732,-0.44947243,on bike mount,cyclo cross,True,asphalt,excellent
d0b715e0-17d7-4c57-84c1-14e9a6d888c7,ae34f279-c3ca-4cbb-b605-10734de06d3e,fa893a91-4ddc-4766-bbe7-a8d2adc1592e,1634109257923,13.4151924,52.484323,5.9558606,0.23140606,-0.6128721,0.24925137,on bike mount,cyclo cross,True,asphalt,excellent
d0b715e0-17d7-4c57-84c1-14e9a6d888c7,ae34f279-c3ca-4cbb-b605-10734de06d3e,ce843cd9-f172-430e-bf0b-040f7c6cc82e,1634109257989,13.4151924,52.484323,5.9558606,1.2742637,-0.5334532,-1.0303574,on bike mount,cyclo cross,True,asphalt,excellent
d0b715e0-17d7-4c57-84c1-14e9a6d888c7,ae34f279-c3ca-4cbb-b605-10734de06d3e,3611dea2-f00f-46e7-bf89-d50b7cd75409,1634109258039,13.4151924,52.484323,5.9558606,-0.15031314,-1.2984277,-1.7940612,on bike mount,cyclo cross,True,asphalt,excellent
d0b715e0-17d7-4c57-84c1-14e9a6d888c7,ae34f279-c3ca-4cbb-b605-10734de06d3e,46b5cfb4-f295-4706-8338-d5847d1a850d,1634109258090,13.4151924,52.484323,5.9558606,1.3438538,-3.526823,2.4236193,on bike mount,cyclo cross,True,asphalt,excellent
d0b715e0-17d7-4c57-84c1-14e9a6d888c7,ae34f279-c3ca-4cbb-b605-10734de06d3e,e8cf5a43-3944-47e7-8e1b-2c6e927ec579,1634109258140,13.4151924,52.484323,5.9558606,0.21765012,1.0352163,-2.6718097,on bike mount,cyclo cross,True,asphalt,excellent
d0b715e0-17d7-4c57-84c1-14e9a6d888c7,ae34f279-c3ca-4cbb-b605-10734de06d3e,65ba47d4-c9eb-4e17-9204-c3d6909d40c7,1634109258191,13.4151924,52.484323,5.9558606,0.4808895,1.6587162,-0.09774494,on bike mount,cyclo cross,True,asphalt,excellent
d0b715e0-17d7-4c57-84c1-14e9a6d888c7,ae34f279-c3ca-4cbb-b605-10734de06d3e,09ae6752-b39b-41d1-90c5-23ebde9c3d42,1634109258241,13.4151924,52.484323,5.9558606,-0.04779461,-1.6057894,-1.4451776,on bike mount,cyclo cross,True,asphalt,excellent
d0b715e0-17d7-4c57-84c1-14e9a6d888c7,ae34f279-c3ca-4cbb-b605-10734de06d3e,6e4b4039-012d-48b3-be3c-4b72e349980f,1634109258291,13.4151924,52.484323,5.9558606,-0.004810959,-5.0430527,5.7376404,on bike mount,cyclo cross,True,asphalt,excellent
d0b715e0-17d7-4c57-84c1-14e9a6d888c7,ae34f279-c3ca-4cbb-b605-10734de06d3e,08946eab-e05c-418c-b474-f270537a2445,1634109258341,13.4151924,52.484323,5.9558606,0.57856184,-1.3682488,-1.6026158,on bike mount,cyclo cross,True,asphalt,excellent
d0b715e0-17d7-4c57-84c1-14e9a6d888c7,ae34f279-c3ca-4cbb-b605-10734de06d3e,d6f989d2-c6b2-40a4-8ff5-9288aa16a56b,1634109258391,13.4151924,52.484323,5.9558606,-0.7957262,-0.5452616,-3.208696,on bike mount,cyclo cross,True,asphalt,excellent
d0b715e0-17d7-4c57-84c1-14e9a6d888c7,ae34f279-c3ca-4cbb-b605-10734de06d3e,1a8c3ec4-d5e3-4b8a-8b0c-72d3f36ee3df,1634109258442,13.4152123,52.4842668,5.938605,1.7855802,0.054172277,4.8440943,on bike mount,cyclo cross,True,asphalt,excellent
d0b715e0-17d7-4c57-84c1-14e9a6d888c7,ae34f279-c3ca-4cbb-b605-10734de06d3e,5c230c96-6e08-4146-9d10-0ebff71e5f20,1634109258493,13.4152123,52.4842668,5.938605,-0.1178723,2.6906729,3.9733925,on bike mount,cyclo cross,True,asphalt,excellent
d0b715e0-17d7-4c57-84c1-14e9a6d888c7,ae34f279-c3ca-4cbb-b605-10734de06d3e,0639aa34-5459-423a-870a-6ece938abeee,1634109258558,13.4152123,52.4842668,5.938605,1.9884617,0.626292,5.3666544,on bike mount,cyclo cross,True,asphalt,excellent
d0b715e0-17d7-4c57-84c1-14e9a6d888c7,ae34f279-c3ca-4cbb-b605-10734de06d3e,78ba788d-4484-4c4d-a0c7-3e71e7c91081,1634109258609,13.4152123,52.4842668,5.938605,1.8524108,3.9829369,2.650652,on bike mount,cyclo cross,True,asphalt,excellent
d0b715e0-17d7-4c57-84c1-14e9a6d888c7,ae34f279-c3ca-4cbb-b605-10734de06d3e,83535deb-7204-4917-ab48-f7afaceba1f1,1634109258660,13.4152123,52.4842668,5.938605,-1.1040527,1.8717506,-3.2466846,on bike mount,cyclo cross,True,asphalt,excellent
d0b715e0-17d7-4c57-84c1-14e9a6d888c7,ae34f279-c3ca-4cbb-b605-10734de06d3e,09a8c9b1-07dd-4443-ad58-9cb1c5ef8101,1634109258710,13.4152123,52.4842668,5.938605,-0.23278551,-0.5827944,0.7625885,on bike mount,cyclo cross,True,asphalt,excellent
d0b715e0-17d7-4c57-84c1-14e9a6d888c7,ae34f279-c3ca-4cbb-b605-10734de06d3e,66722746-f4e4-417a-ac21-95306176aca9,1634109258776,13.4152123,52.4842668,5.938605,-4.1717787,2.8836174,2.793128,on bike mount,cyclo cross,True,asphalt,excellent
d0b715e0-17d7-4c57-84c1-14e9a6d888c7,ae34f279-c3ca-4cbb-b605-10734de06d3e,7a672406-143b-436f-8e76-fb12d38caf81,1634109258826,13.4152123,52.4842668,5.938605,2.1962569,-2.2645028,-1.1344361,on bike mount,cyclo cross,True,asphalt,excellent
d0b715e0-17d7-4c57-84c1-14e9a6d888c7,ae34f279-c3ca-4cbb-b605-10734de06d3e,bf257c4c-c531-4fd3-ad12-2be415a3f594,1634109258876,13.4152123,52.4842668,5.938605,-2.4535046,-7.731836,1.6792412,on bike mount,cyclo cross,True,asphalt,excellent
d0b715e0-17d7-4c57-84c1-14e9a6d888c7,ae34f279-c3ca-4cbb-b605-10734de06d3e,428a48bc-10e0-4807-8d7a-b4ded0bc658d,1634109258928,13.4152123,52.4842668,5.938605,2.0707984,4.359893,-1.8605046,on bike mount,cyclo cross,True,asphalt,excellent
d0b715e0-17d7-4c57-84c1-14e9a6d888c7,ae34f279-c3ca-4cbb-b605-10734de06d3e,35c33064-873b-4a91-8e51-9e164263f69a,1634109258993,13.4152123,52.4842668,5.938605,-4.2355456,-1.1030914,-1.0989971,on bike mount,cyclo cross,True,asphalt,excellent
d0b715e0-17d7-4c57-84c1-14e9a6d888c7,ae34f279-c3ca-4cbb-b605-10734de06d3e,2791cd46-ee9c-464b-8ed4-d2798133c793,1634109259043,13.4152123,52.4842668,5.938605,0.9886819,5.568654,-2.053997,on bike mount,cyclo cross,True,asphalt,excellent
d0b715e0-17d7-4c57-84c1-14e9a6d888c7,ae34f279-c3ca-4cbb-b605-10734de06d3e,d4b6b4d6-71b9-4869-896c-9ab02c335d14,1634109259093,13.4152123,52.4842668,5.938605,0.42662126,1.0188761,-2.195839,on bike mount,cyclo cross,True,asphalt,excellent
d0b715e0-17d7-4c57-84c1-14e9a6d888c7,ae34f279-c3ca-4cbb-b605-10734de06d3e,7bc681ec-48a8-4afd-b207-c5a3f81c6c3c,1634109259143,13.4152123,52.4842668,5.938605,0.17868997,-3.0413265,1.7139387,on bike mount,cyclo cross,True,asphalt,excellent
d0b715e0-17d7-4c57-84c1-14e9a6d888c7,ae34f279-c3ca-4cbb-b605-10734de06d3e,36eadd24-6ef6-44b9-82a3-f64c2762f98d,1634109259193,13.4152123,52.4842668,5.938605,1.1705914,-1.0497407,-0.51119804,on bike mount,cyclo cross,True,asphalt,excellent
d0b715e0-17d7-4c57-84c1-14e9a6d888c7,ae34f279-c3ca-4cbb-b605-10734de06d3e,8cedee16-baff-4bb1-a987-610c018092d8,1634109259245,13.4152123,52.4842668,5.938605,0.29093832,1.3314934,0.071995735,on bike mount,cyclo cross,True,asphalt,excellent
d0b715e0-17d7-4c57-84c1-14e9a6d888c7,ae34f279-c3ca-4cbb-b605-10734de06d3e,c5a19e63-a1a1-402d-acea-d832cf441d26,1634109259295,13.4152123,52.4842668,5.938605,0.9169053,-2.245936,4.988718,on bike mount,cyclo cross,True,asphalt,excellent
d0b715e0-17d7-4c57-84c1-14e9a6d888c7,ae34f279-c3ca-4cbb-b605-10734de06d3e,f8ea935c-cb0b-4cc4-8325-7e2bac24b083,1634109259362,13.4152123,52.4842668,5.938605,0.9828905,-0.9185529,3.8136444,on bike mount,cyclo cross,True,asphalt,excellent
d0b715e0-17d7-4c57-84c1-14e9a6d888c7,ae34f279-c3ca-4cbb-b605-10734de06d3e,201a69c6-8d3c-49ea-bc62-ef39de5c32c4,1634109259412,13.4152123,52.4842668,5.938605,-1.2076192,10.71893,-3.751625,on bike mount,cyclo cross,True,asphalt,excellent
d0b715e0-17d7-4c57-84c1-14e9a6d888c7,ae34f279-c3ca-4cbb-b605-10734de06d3e,8d7338c9-7c07-41d3-8388-ebe522aaa3e3,1634109259463,13.4152329,52.4842068,6.039992,-1.2267703,-4.5557256,-4.309972,on bike mount,cyclo cross,True,asphalt,excellent
d0b715e0-17d7-4c57-84c1-14e9a6d888c7,ae34f279-c3ca-4cbb-b605-10734de06d3e,dd8721fc-0b01-44fd-b31a-3f2db96e97d1,1634109259528,13.4152329,52.4842068,6.039992,1.8607852,3.6995974,2.7627792,on bike mount,cyclo cross,True,asphalt,excellent
d0b715e0-17d7-4c57-84c1-14e9a6d888c7,ae34f279-c3ca-4cbb-b605-10734de06d3e,5573cb03-1471-432c-b93e-d72be9c8d4e5,1634109259580,13.4152329,52.4842068,6.039992,2.3148646,-1.2457064,-2.002573,on bike mount,cyclo cross,True,asphalt,excellent
d0b715e0-17d7-4c57-84c1-14e9a6d888c7,ae34f279-c3ca-4cbb-b605-10734de06d3e,d3afbaca-035d-4caa-83f8-723c0c045b2e,1634109259645,13.4152329,52.4842068,6.039992,-0.031702876,-0.31142473,-1.8989692,on bike mount,cyclo cross,True,asphalt,excellent
d0b715e0-17d7-4c57-84c1-14e9a6d888c7,ae34f279-c3ca-4cbb-b605-10734de06d3e,1e4bf548-5ca9-465d-acf5-b285aa1e4a1f,1634109259695,13.4152329,52.4842068,6.039992,2.1897154,-0.94427145,-1.1991286,on bike mount,cyclo cross,True,asphalt,excellent
d0b715e0-17d7-4c57-84c1-14e9a6d888c7,ae34f279-c3ca-4cbb-b605-10734de06d3e,9f839ff5-b2d0-4946-80f3-6cf22df443ca,1634109259745,13.4152329,52.4842068,6.039992,1.3169917,-1.0260291,0.92982674,on bike mount,cyclo cross,True,asphalt,excellent
d0b715e0-17d7-4c57-84c1-14e9a6d888c7,ae34f279-c3ca-4cbb-b605-10734de06d3e,be71de8b-09ac-4642-9adf-f7bb7090693d,1634109259795,13.4152329,52.4842068,6.039992,0.9486207,-1.9297938,-2.0290914,on bike mount,cyclo cross,True,asphalt,excellent
d0b715e0-17d7-4c57-84c1-14e9a6d888c7,ae34f279-c3ca-4cbb-b605-10734de06d3e,9af27e0a-22bb-4f7e-be1d-0afe34755aa9,1634109259845,13.4152329,52.4842068,6.039992,1.6726174,-1.246698,0.03615284,on bike mount,cyclo cross,True,asphalt,excellent
d0b715e0-17d7-4c57-84c1-14e9a6d888c7,ae34f279-c3ca-4cbb-b605-10734de06d3e,ac587373-a529-4658-bb42-5f8d68ecf293,1634109259896,13.4152329,52.4842068,6.039992,1.1643631,-3.997036,3.700553,on bike mount,cyclo cross,True,asphalt,excellent
d0b715e0-17d7-4c57-84c1-14e9a6d888c7,ae34f279-c3ca-4cbb-b605-10734de06d3e,7c72bbf6-91aa-4d4b-af87-a6df2d104a44,1634109259946,13.4152329,52.4842068,6.039992,1.8079371,-2.1735423,4.0376377,on bike mount,cyclo cross,True,asphalt,excellent
d0b715e0-17d7-4c57-84c1-14e9a6d888c7,ae34f279-c3ca-4cbb-b605-10734de06d3e,66b7b6e3-1a1f-4ee2-b357-2c5591800d36,1634109259996,13.4152329,52.4842068,6.039992,-0.1125502,3.8679628,-1.7080164,on bike mount,cyclo cross,True,asphalt,excellent
d0b715e0-17d7-4c57-84c1-14e9a6d888c7,ae34f279-c3ca-4cbb-b605-10734de06d3e,6eabf3c3-be83-4861-aa90-9a2e2f83426f,1634109260047,13.4152329,52.4842068,6.039992,-0.43237233,1.5624185,3.0049267,on bike mount,cyclo cross,True,asphalt,excellent
d0b715e0-17d7-4c57-84c1-14e9a6d888c7,ae34f279-c3ca-4cbb-b605-10734de06d3e,a3ce100e-2bb0-4600-bd19-fecc0823124d,1634109260113,13.4152329,52.4842068,6.039992,-0.10495144,-0.81015754,-0.032113075,on bike mount,cyclo cross,True,asphalt,excellent
d0b715e0-17d7-4c57-84c1-14e9a6d888c7,ae34f279-c3ca-4cbb-b605-10734de06d3e,9fc09164-681c-4f87-a581-6857cf92553c,1634109260163,13.4152329,52.4842068,6.039992,-0.42382038,-0.49527764,-1.211194,on bike mount,cyclo cross,True,asphalt,excellent
d0b715e0-17d7-4c57-84c1-14e9a6d888c7,ae34f279-c3ca-4cbb-b605-10734de06d3e,5b7d0ef6-42f8-47d7-ab0b-db7af65c2565,1634109260213,13.4152329,52.4842068,6.039992,0.11303408,-1.0270339,0.07078457,on bike mount,cyclo cross,True,asphalt,excellent
d0b715e0-17d7-4c57-84c1-14e9a6d888c7,ae34f279-c3ca-4cbb-b605-10734de06d3e,f6b22faf-fa76-45a2-bd22-7a59d6b7ddf1,1634109260263,13.4152329,52.4842068,6.039992,0.1361588,1.4497635,-2.7887497,on bike mount,cyclo cross,True,asphalt,excellent
d0b715e0-17d7-4c57-84c1-14e9a6d888c7,ae34f279-c3ca-4cbb-b605-10734de06d3e,5ddacdbb-69a6-4f49-91a2-b9421ba72abe,1634109260313,13.4152329,52.4842068,6.039992,0.49513927,-1.9909171,1.9181576,on bike mount,cyclo cross,True,asphalt,excellent
d0b715e0-17d7-4c57-84c1-14e9a6d888c7,ae34f279-c3ca-4cbb-b605-10734de06d3e,e32aa655-9e7d-49a5-907b-217a6523ba81,1634109260364,13.4152329,52.4842068,6.039992,0.50389254,-0.23286843,1.6601448,on bike mount,cyclo cross,True,asphalt,excellent
d0b715e0-17d7-4c57-84c1-14e9a6d888c7,ae34f279-c3ca-4cbb-b605-10734de06d3e,bc836d4e-f322-48d9-96a4-b1f8dc78900e,1634109260413,13.4152329,52.4842068,6.039992,-1.7420919,-1.7032877,-3.9538455,on bike mount,cyclo cross,True,asphalt,excellent
d0b715e0-17d7-4c57-84c1-14e9a6d888c7,ae34f279-c3ca-4cbb-b605-10734de06d3e,d64ba216-41b4-4c67-9887-2435aca0cd6a,1634109260464,13.4152516,52.4841476,6.06533,-1.2071762,1.2322607,-0.63750935,on bike mount,cyclo cross,True,asphalt,excellent
d0b715e0-17d7-4c57-84c1-14e9a6d888c7,ae34f279-c3ca-4cbb-b605-10734de06d3e,3fa5f470-3aa8-41f4-972c-ab2a13f279ff,1634109260514,13.4152516,52.4841476,6.06533,-1.2075932,-1.3988484,-0.54698944,on bike mount,cyclo cross,True,asphalt,excellent
d0b715e0-17d7-4c57-84c1-14e9a6d888c7,ae34f279-c3ca-4cbb-b605-10734de06d3e,271d646c-f287-465c-86c3-899fd1dd8af2,1634109260564,13.4152516,52.4841476,6.06533,-1.247711,-0.9351393,1.8141251,on bike mount,cyclo cross,True,asphalt,excellent
d0b715e0-17d7-4c57-84c1-14e9a6d888c7,ae34f279-c3ca-4cbb-b605-10734de06d3e,857d5093-4b21-435d-8eca-d5ba75115ed4,1634109260615,13.4152516,52.4841476,6.06533,-0.5507554,-1.3618599,-0.69689846,on bike mount,cyclo cross,True,asphalt,excellent
d0b715e0-17d7-4c57-84c1-14e9a6d888c7,ae34f279-c3ca-4cbb-b605-10734de06d3e,6ef65640-4e6d-4418-be1b-0d14b73b8382,1634109260665,13.4152516,52.4841476,6.06533,-1.1199594,-0.74333525,-1.6164122,on bike mount,cyclo cross,True,asphalt,excellent
d0b715e0-17d7-4c57-84c1-14e9a6d888c7,ae34f279-c3ca-4cbb-b605-10734de06d3e,c51eb313-ec9d-485b-94e2-4fe47894a6d1,1634109260715,13.4152516,52.4841476,6.06533,-1.3126271,-0.66814137,2.0042524,on bike mount,cyclo cross,True,asphalt,excellent
d0b715e0-17d7-4c57-84c1-14e9a6d888c7,ae34f279-c3ca-4cbb-b605-10734de06d3e,d3c52512-549e-4842-b597-b45adbdf3e4a,1634109260767,13.4152516,52.4841476,6.06533,-0.20800859,1.6752024,-0.7344017,on bike mount,cyclo cross,True,asphalt,excellent
d0b715e0-17d7-4c57-84c1-14e9a6d888c7,ae34f279-c3ca-4cbb-b605-10734de06d3e,94b399c9-73c7-4103-be67-f5c19b246f92,1634109260832,13.4152516,52.4841476,6.06533,-2.105466,0.09449625,-0.033686638,on bike mount,cyclo cross,True,asphalt,excellent
d0b715e0-17d7-4c57-84c1-14e9a6d888c7,ae34f279-c3ca-4cbb-b605-10734de06d3e,642fb13d-100b-415e-9f0c-813eb36da7fd,1634109260882,13.4152516,52.4841476,6.06533,-1.0398333,0.86318755,-0.8754816,on bike mount,cyclo cross,True,asphalt,excellent
d0b715e0-17d7-4c57-84c1-14e9a6d888c7,ae34f279-c3ca-4cbb-b605-10734de06d3e,53be065c-c7c6-4954-87b8-fd9465fc641e,1634109260933,13.4152516,52.4841476,6.06533,-1.0418794,1.4116864,0.27437687,on bike mount,cyclo cross,True,asphalt,excellent
d0b715e0-17d7-4c57-84c1-14e9a6d888c7,ae34f279-c3ca-4cbb-b605-10734de06d3e,721772f7-fda1-4b71-8c06-022b7a8a94c3,1634109260983,13.4152516,52.4841476,6.06533,-1.3515084,0.87438154,2.495082,on bike mount,cyclo cross,True,asphalt,excellent
d0b715e0-17d7-4c57-84c1-14e9a6d888c7,ae34f279-c3ca-4cbb-b605-10734de06d3e,dadeb554-9a09-4ac6-9066-8336d36936f4,1634109261034,13.4152516,52.4841476,6.06533,-1.2017653,-4.33855,-1.3149185,on bike mount,cyclo cross,True,asphalt,excellent
d0b715e0-17d7-4c57-84c1-14e9a6d888c7,ae34f279-c3ca-4cbb-b605-10734de06d3e,ee6aec75-0e86-4760-89c7-a98dd4398a1b,1634109261099,13.4152516,52.4841476,6.06533,0.8338684,0.92955875,0.51078224,on bike mount,cyclo cross,True,asphalt,excellent
d0b715e0-17d7-4c57-84c1-14e9a6d888c7,ae34f279-c3ca-4cbb-b605-10734de06d3e,cf976f50-86ba-484b-85ac-1fdda0f522f9,1634109261150,13.4152516,52.4841476,6.06533,-1.3207514,2.4399755,-0.40421677,on bike mount,cyclo cross,True,asphalt,excellent
d0b715e0-17d7-4c57-84c1-14e9a6d888c7,ae34f279-c3ca-4cbb-b605-10734de06d3e,2a2ca4cf-1594-47c2-9010-1c50d53eea0b,1634109261200,13.4152516,52.4841476,6.06533,-0.9724173,1.3243363,-1.8148298,on bike mount,cyclo cross,True,asphalt,excellent
d0b715e0-17d7-4c57-84c1-14e9a6d888c7,ae34f279-c3ca-4cbb-b605-10734de06d3e,c36c2633-6fc6-454c-a8e4-6d13cd92510b,1634109261250,13.4152516,52.4841476,6.06533,-1.4948062,-1.8688833,0.42325878,on bike mount,cyclo cross,True,asphalt,excellent
d0b715e0-17d7-4c57-84c1-14e9a6d888c7,ae34f279-c3ca-4cbb-b605-10734de06d3e,5ce4cd17-b215-4e6d-b5da-5a349be9cbde,1634109261301,13.4152516,52.4841476,6.06533,0.44268787,1.4965322,0.36471748,on bike mount,cyclo cross,True,asphalt,excellent
d0b715e0-17d7-4c57-84c1-14e9a6d888c7,ae34f279-c3ca-4cbb-b605-10734de06d3e,4bf7eb51-e51f-47bd-ae85-6a469f7e791f,1634109261351,13.4152516,52.4841476,6.06533,0.009637475,-0.109170675,-0.92415047,on bike mount,cyclo cross,True,asphalt,excellent
d0b715e0-17d7-4c57-84c1-14e9a6d888c7,ae34f279-c3ca-4cbb-b605-10734de06d3e,789c2359-5a1c-4bda-8118-27077c6ccdeb,1634109261402,13.4152516,52.4841476,6.06533,-0.01840502,-0.45254397,-1.1260772,on bike mount,cyclo cross,True,asphalt,excellent
d0b715e0-17d7-4c57-84c1-14e9a6d888c7,ae34f279-c3ca-4cbb-b605-10734de06d3e,96b77230-478c-4b26-800e-8f1587ad008d,1634109261467,13.4152599,52.4840909,6.037955,-0.14395934,0.76984715,0.43274593,on bike mount,cyclo cross,True,asphalt,excellent
d0b715e0-17d7-4c57-84c1-14e9a6d888c7,ae34f279-c3ca-4cbb-b605-10734de06d3e,22fdcc64-2c42-43fb-9915-e183b7e175bb,1634109261517,13.4152599,52.4840909,6.037955,-0.18229917,-0.61402035,-0.76679707,on bike mount,cyclo cross,True,asphalt,excellent
d0b715e0-17d7-4c57-84c1-14e9a6d888c7,ae34f279-c3ca-4cbb-b605-10734de06d3e,956b3ecb-20bc-4870-a0bb-f6813d41c884,1634109261567,13.4152599,52.4840909,6.037955,-0.5798987,-1.8965718,0.6691818,on bike mount,cyclo cross,True,asphalt,excellent
d0b715e0-17d7-4c57-84c1-14e9a6d888c7,ae34f279-c3ca-4cbb-b605-10734de06d3e,59c27269-d299-4d38-8ff9-c2d7d2d704b0,1634109261617,13.4152599,52.4840909,6.037955,-0.013904065,-0.8268657,-1.1707759,on bike mount,cyclo cross,True,asphalt,excellent
d0b715e0-17d7-4c57-84c1-14e9a6d888c7,ae34f279-c3ca-4cbb-b605-10734de06d3e,c9c43bb8-4d3f-4dfd-ba4d-21174a22721d,1634109261667,13.4152599,52.4840909,6.037955,-0.8049916,-0.494601,0.481678,on bike mount,cyclo cross,True,asphalt,excellent
d0b715e0-17d7-4c57-84c1-14e9a6d888c7,ae34f279-c3ca-4cbb-b605-10734de06d3e,410062e9-c47a-496a-a907-4b7ca08cd041,1634109261717,13.4152599,52.4840909,6.037955,-0.15025699,-1.7798693,2.4469156,on bike mount,cyclo cross,True,asphalt,excellent
d0b715e0-17d7-4c57-84c1-14e9a6d888c7,ae34f279-c3ca-4cbb-b605-10734de06d3e,8d3cfca4-0dd4-4b87-8fb0-ff160d47f5cd,1634109261767,13.4152599,52.4840909,6.037955,0.83118737,0.19921088,1.2224483,on bike mount,cyclo cross,True,asphalt,excellent
d0b715e0-17d7-4c57-84c1-14e9a6d888c7,ae34f279-c3ca-4cbb-b605-10734de06d3e,93b74053-98be-41a6-94a5-6a848e3fc6e4,1634109261818,13.4152599,52.4840909,6.037955,-0.7029129,-0.3693254,2.0123882,on bike mount,cyclo cross,True,asphalt,excellent
d0b715e0-17d7-4c57-84c1-14e9a6d888c7,ae34f279-c3ca-4cbb-b605-10734de06d3e,8941d730-4c38-4a0f-ba23-b28caef2fd91,1634109261869,13.4152599,52.4840909,6.037955,-0.25107557,-0.7820451,1.7151127,on bike mount,cyclo cross,True,asphalt,excellent
d0b715e0-17d7-4c57-84c1-14e9a6d888c7,ae34f279-c3ca-4cbb-b605-10734de06d3e,000416ae-c6c1-4ce5-842c-286d24559e62,1634109261918,13.4152599,52.4840909,6.037955,-1.1531422,-0.7128432,2.2665482,on bike mount,cyclo cross,True,asphalt,excellent
d0b715e0-17d7-4c57-84c1-14e9a6d888c7,ae34f279-c3ca-4cbb-b605-10734de06d3e,9c4136f3-4ae3-4268-bf49-59201fe4687c,1634109261969,13.4152599,52.4840909,6.037955,0.44433802,-0.4900341,-0.44651222,on bike mount,cyclo cross,True,asphalt,excellent
d0b715e0-17d7-4c57-84c1-14e9a6d888c7,ae34f279-c3ca-4cbb-b605-10734de06d3e,e420d0f1-90cc-4550-bd73-c77080237049,1634109262035,13.4152599,52.4840909,6.037955,-1.4026513,-1.3746374,0.17074585,on bike mount,cyclo cross,True,asphalt,excellent
d0b715e0-17d7-4c57-84c1-14e9a6d888c7,ae34f279-c3ca-4cbb-b605-10734de06d3e,47813b2a-6164-4f74-9460-6034663eb076,1634109262086,13.4152599,52.4840909,6.037955,-0.27089536,-1.3922185,0.078780174,on bike mount,cyclo cross,True,asphalt,excellent
d0b715e0-17d7-4c57-84c1-14e9a6d888c7,ae34f279-c3ca-4cbb-b605-10734de06d3e,39d00158-e658-4460-a70e-01dd879c555c,1634109262136,13.4152599,52.4840909,6.037955,0.13536745,-0.8269317,0.9291296,on bike mount,cyclo cross,True,asphalt,excellent
d0b715e0-17d7-4c57-84c1-14e9a6d888c7,ae34f279-c3ca-4cbb-b605-10734de06d3e,9b49404d-dd7e-40f6-b520-651a3f3508fe,1634109262186,13.4152599,52.4840909,6.037955,-0.46094328,0.45440578,-1.3019919,on bike mount,cyclo cross,True,asphalt,excellent
d0b715e0-17d7-4c57-84c1-14e9a6d888c7,ae34f279-c3ca-4cbb-b605-10734de06d3e,04d4291a-5fda-442d-8a55-48c58e097d76,1634109262237,13.4152599,52.4840909,6.037955,0.09422773,-0.93086004,0.5901165,on bike mount,cyclo cross,True,asphalt,excellent
d0b715e0-17d7-4c57-84c1-14e9a6d888c7,ae34f279-c3ca-4cbb-b605-10734de06d3e,c4f9fb55-851d-4f85-8d89-ab829f21711c,1634109262287,13.4152599,52.4840909,6.037955,-0.77833486,-0.8827679,0.5738716,on bike mount,cyclo cross,True,asphalt,excellent
d0b715e0-17d7-4c57-84c1-14e9a6d888c7,ae34f279-c3ca-4cbb-b605-10734de06d3e,192e7a35-2087-4fed-94f8-76175a9a86de,1634109262338,13.4152599,52.4840909,6.037955,0.7285025,1.107343,0.93550014,on bike mount,cyclo cross,True,asphalt,excellent
d0b715e0-17d7-4c57-84c1-14e9a6d888c7,ae34f279-c3ca-4cbb-b605-10734de06d3e,98cd2764-d73e-4589-8664-8330233fb2c5,1634109262388,13.4152599,52.4840909,6.037955,-0.12904355,-0.701926,0.30736637,on bike mount,cyclo cross,True,asphalt,excellent
d0b715e0-17d7-4c57-84c1-14e9a6d888c7,ae34f279-c3ca-4cbb-b605-10734de06d3e,4683708e-7d55-4939-ab76-607c0e4b7667,1634109262454,13.4152721,52.4840343,6.0464396,-0.5285356,0.22313309,0.46172905,on bike mount,cyclo cross,True,asphalt,excellent
d0b715e0-17d7-4c57-84c1-14e9a6d888c7,ae34f279-c3ca-4cbb-b605-10734de06d3e,b78e43d2-7aeb-409c-8938-5526e422cf23,1634109262519,13.4152721,52.4840343,6.0464396,0.73961806,-0.5064552,-1.0251036,on bike mount,cyclo cross,True,asphalt,excellent
d0b715e0-17d7-4c57-84c1-14e9a6d888c7,ae34f279-c3ca-4cbb-b605-10734de06d3e,1ab9f192-3286-487d-81bf-24e8361ea858,1634109262571,13.4152721,52.4840343,6.0464396,-0.0047326684,-2.4328942,1.2625351,on bike mount,cyclo cross,True,asphalt,excellent
d0b715e0-17d7-4c57-84c1-14e9a6d888c7,ae34f279-c3ca-4cbb-b605-10734de06d3e,6a93be3e-ec31-442f-b7a3-1d4b618f86e7,1634109262637,13.4152721,52.4840343,6.0464396,-0.5538225,0.3847134,-0.11775875,on bike mount,cyclo cross,True,asphalt,excellent
d0b715e0-17d7-4c57-84c1-14e9a6d888c7,ae34f279-c3ca-4cbb-b605-10734de06d3e,c05a4266-0f89-412e-9536-fdae49cdd7ad,1634109262687,13.4152721,52.4840343,6.0464396,0.3085715,1.0209134,-1.9968019,on bike mount,cyclo cross,True,asphalt,excellent
