bike_activity_uid,bike_activity_sample_uid,bike_activity_measurement,bike_activity_measurement_timestamp,bike_activity_measurement_lon,bike_activity_measurement_lat,bike_activity_measurement_speed,bike_activity_measurement_accelerometer_x,bike_activity_measurement_accelerometer_y,bike_activity_measurement_accelerometer_z,bike_activity_phone_position,bike_activity_bike_type,bike_activity_flagged_lab_conditions,bike_activity_surface_type,bike_activity_smoothness_type
d9114489-29fa-4677-a225-b74f9b14aa61,4ef5592d-c93e-47d1-84ee-43eafe36388f,b91683c6-fca5-4b99-a827-6c45949d7f0f,1636131424496,13.4232192,52.495745,2.1710985,0.9165259,-2.990115,-5.7875705,on bike mount,cyclo cross,False,mixed,mixed
d9114489-29fa-4677-a225-b74f9b14aa61,4ef5592d-c93e-47d1-84ee-43eafe36388f,fb1452b1-1575-4920-8aef-465c001a9287,1636131424547,13.423226,52.4957582,2.4776828,2.4867163,-1.272702,-9.998009,on bike mount,cyclo cross,False,mixed,mixed
d9114489-29fa-4677-a225-b74f9b14aa61,4ef5592d-c93e-47d1-84ee-43eafe36388f,2c177bb4-ca3a-4c48-816b-0af53db14496,1636131424612,13.423226,52.4957582,2.4776828,0.7030208,-8.644314,9.533937,on bike mount,cyclo cross,False,mixed,mixed
d9114489-29fa-4677-a225-b74f9b14aa61,4ef5592d-c93e-47d1-84ee-43eafe36388f,d2324c02-939d-4228-bb48-ed90a953986e,1636131424663,13.423226,52.4957582,2.4776828,-3.0984511,-12.857758,5.6075315,on bike mount,cyclo cross,False,mixed,mixed
d9114489-29fa-4677-a225-b74f9b14aa61,4ef5592d-c93e-47d1-84ee-43eafe36388f,17e61c45-3455-4c59-a6b8-20bbf78e2c38,1636131424729,13.423226,52.4957582,2.4776828,-2.2355917,13.037105,-7.849682,on bike mount,cyclo cross,False,mixed,mixed
d9114489-29fa-4677-a225-b74f9b14aa61,4ef5592d-c93e-47d1-84ee-43eafe36388f,a1002fa8-7d79-42ec-9f2a-3e7fa94a2ec9,1636131424780,13.423226,52.4957582,2.4776828,-0.18386707,1.4068723,-2.766285,on bike mount,cyclo cross,False,mixed,mixed
d9114489-29fa-4677-a225-b74f9b14aa61,4ef5592d-c93e-47d1-84ee-43eafe36388f,13ac972e-42d1-412f-bb90-7edf70c13fb7,1636131424847,13.423226,52.4957582,2.4776828,-0.665627,-1.898362,11.316578,on bike mount,cyclo cross,False,mixed,mixed
d9114489-29fa-4677-a225-b74f9b14aa61,4ef5592d-c93e-47d1-84ee-43eafe36388f,a507ced9-7094-4667-a4ac-455da1d82796,1636131424913,13.423226,52.4957582,2.4776828,1.7398083,-9.44472,8.89834,on bike mount,cyclo cross,False,mixed,mixed
d9114489-29fa-4677-a225-b74f9b14aa61,4ef5592d-c93e-47d1-84ee-43eafe36388f,ae590540-647d-46ee-a3f6-52f367889d1d,1636131424964,13.423226,52.4957582,2.4776828,1.1236035,3.7435017,2.209898,on bike mount,cyclo cross,False,mixed,mixed
d9114489-29fa-4677-a225-b74f9b14aa61,4ef5592d-c93e-47d1-84ee-43eafe36388f,bc503ea7-2c65-4964-b98d-c37d3554fa26,1636131425013,13.423226,52.4957582,2.4776828,0.25925475,-3.8003104,4.9756193,on bike mount,cyclo cross,False,mixed,mixed
d9114489-29fa-4677-a225-b74f9b14aa61,4ef5592d-c93e-47d1-84ee-43eafe36388f,c392ddf4-f536-4b34-bf43-2edcc1557343,1636131425064,13.423226,52.4957582,2.4776828,0.26099387,4.274207,-4.142311,on bike mount,cyclo cross,False,mixed,mixed
d9114489-29fa-4677-a225-b74f9b14aa61,4ef5592d-c93e-47d1-84ee-43eafe36388f,c0234ef9-e6e9-4dfe-8231-d0ff1176ec97,1636131425115,13.423226,52.4957582,2.4776828,-0.9145624,-5.513563,12.351011,on bike mount,cyclo cross,False,mixed,mixed
d9114489-29fa-4677-a225-b74f9b14aa61,4ef5592d-c93e-47d1-84ee-43eafe36388f,33287c45-4b88-4f8c-a11d-e51516057960,1636131425165,13.423226,52.4957582,2.4776828,-0.6276205,-7.072728,6.8354406,on bike mount,cyclo cross,False,mixed,mixed
d9114489-29fa-4677-a225-b74f9b14aa61,4ef5592d-c93e-47d1-84ee-43eafe36388f,be9f3157-b2c2-474b-bbc8-3637c3af5d37,1636131425230,13.423226,52.4957582,2.4776828,1.2646036,3.0988278,-3.149118,on bike mount,cyclo cross,False,mixed,mixed
d9114489-29fa-4677-a225-b74f9b14aa61,4ef5592d-c93e-47d1-84ee-43eafe36388f,06dbf004-d9ff-4f74-8664-6d3a1aee4c90,1636131425281,13.423226,52.4957582,2.4776828,0.6255391,9.927143,-9.904734,on bike mount,cyclo cross,False,mixed,mixed
d9114489-29fa-4677-a225-b74f9b14aa61,4ef5592d-c93e-47d1-84ee-43eafe36388f,2ef5bc1d-72bb-4546-b92a-cae994c944dd,1636131425332,13.423226,52.4957582,2.4776828,-2.4227712,3.043076,-3.6493092,on bike mount,cyclo cross,False,mixed,mixed
d9114489-29fa-4677-a225-b74f9b14aa61,4ef5592d-c93e-47d1-84ee-43eafe36388f,f5369512-8883-4b53-8e57-9618c5c85bf4,1636131425398,13.4232356,52.4957783,2.3263447,1.8430878,-2.9183955,-2.3468132,on bike mount,cyclo cross,False,mixed,mixed
d9114489-29fa-4677-a225-b74f9b14aa61,4ef5592d-c93e-47d1-84ee-43eafe36388f,eaf709a1-48be-44bf-9c5c-9acca7d0941e,1636131425448,13.4232356,52.4957783,2.3263447,0.61815643,6.841568,-4.4384456,on bike mount,cyclo cross,False,mixed,mixed
d9114489-29fa-4677-a225-b74f9b14aa61,4ef5592d-c93e-47d1-84ee-43eafe36388f,dd6faaa4-2931-4e5d-83dc-1eaf6810327f,1636131425498,13.4232356,52.4957783,2.3263447,1.8245571,0.64154387,-1.186461,on bike mount,cyclo cross,False,mixed,mixed
d9114489-29fa-4677-a225-b74f9b14aa61,4ef5592d-c93e-47d1-84ee-43eafe36388f,9a6a081d-e8ce-40ac-ac6a-f3004af596b1,1636131425549,13.4232356,52.4957783,2.3263447,-0.34621626,-10.9711895,1.9822369,on bike mount,cyclo cross,False,mixed,mixed
d9114489-29fa-4677-a225-b74f9b14aa61,4ef5592d-c93e-47d1-84ee-43eafe36388f,d88149d7-ab71-47cb-9298-cf617ff3ab4a,1636131425600,13.4232356,52.4957783,2.3263447,2.2809486,5.035159,-4.827988,on bike mount,cyclo cross,False,mixed,mixed
d9114489-29fa-4677-a225-b74f9b14aa61,4ef5592d-c93e-47d1-84ee-43eafe36388f,d1d7fa9c-4967-4228-947b-20c59f631a8f,1636131425665,13.4232356,52.4957783,2.3263447,-2.2186124,-10.206101,1.9664583,on bike mount,cyclo cross,False,mixed,mixed
d9114489-29fa-4677-a225-b74f9b14aa61,4ef5592d-c93e-47d1-84ee-43eafe36388f,85c3ee71-d0ed-45d1-9fb2-e876ff05dac4,1636131425715,13.4232356,52.4957783,2.3263447,-1.0047637,-7.4443135,11.600033,on bike mount,cyclo cross,False,mixed,mixed
d9114489-29fa-4677-a225-b74f9b14aa61,4ef5592d-c93e-47d1-84ee-43eafe36388f,0dd21e67-08e3-4187-bbea-497329832202,1636131425765,13.4232356,52.4957783,2.3263447,-0.9420062,4.537373,-8.285223,on bike mount,cyclo cross,False,mixed,mixed
d9114489-29fa-4677-a225-b74f9b14aa61,4ef5592d-c93e-47d1-84ee-43eafe36388f,76e2deb3-eaea-4bd0-a43b-9670f8982a5b,1636131425816,13.4232356,52.4957783,2.3263447,0.8382497,-1.3583443,8.222915,on bike mount,cyclo cross,False,mixed,mixed
d9114489-29fa-4677-a225-b74f9b14aa61,4ef5592d-c93e-47d1-84ee-43eafe36388f,bdec4208-886f-483f-ba77-c72750846ecd,1636131425882,13.4232356,52.4957783,2.3263447,-1.6662492,6.891982,-4.0407085,on bike mount,cyclo cross,False,mixed,mixed
d9114489-29fa-4677-a225-b74f9b14aa61,4ef5592d-c93e-47d1-84ee-43eafe36388f,bb9856fe-5ec2-4409-91c9-e97ecbf1ec3e,1636131425932,13.4232356,52.4957783,2.3263447,-1.0377048,3.0473104,3.9165096,on bike mount,cyclo cross,False,mixed,mixed
d9114489-29fa-4677-a225-b74f9b14aa61,4ef5592d-c93e-47d1-84ee-43eafe36388f,a3de9f53-083a-459e-ae3e-2357f3396573,1636131425982,13.4232356,52.4957783,2.3263447,5.1606245,-0.8442831,8.498511,on bike mount,cyclo cross,False,mixed,mixed
d9114489-29fa-4677-a225-b74f9b14aa61,4ef5592d-c93e-47d1-84ee-43eafe36388f,1ee37dbe-1e7c-40ea-92c1-773f5adeca05,1636131426034,13.4232356,52.4957783,2.3263447,1.0199764,-0.7270614,-5.530221,on bike mount,cyclo cross,False,mixed,mixed
d9114489-29fa-4677-a225-b74f9b14aa61,4ef5592d-c93e-47d1-84ee-43eafe36388f,f779409f-349a-43c1-93fe-eec3b8e81b77,1636131426084,13.4232356,52.4957783,2.3263447,-2.4946976,2.4957771,-8.269715,on bike mount,cyclo cross,False,mixed,mixed
d9114489-29fa-4677-a225-b74f9b14aa61,4ef5592d-c93e-47d1-84ee-43eafe36388f,7b32256f-1a77-454b-bfa6-45d6012bdfb5,1636131426149,13.4232356,52.4957783,2.3263447,0.95206535,-16.43983,10.749675,on bike mount,cyclo cross,False,mixed,mixed
d9114489-29fa-4677-a225-b74f9b14aa61,4ef5592d-c93e-47d1-84ee-43eafe36388f,ea3f8b2a-2c6a-4fd0-8f9f-598b8fe0f894,1636131426201,13.4232356,52.4957783,2.3263447,-0.99051845,3.0438695,-16.950787,on bike mount,cyclo cross,False,mixed,mixed
d9114489-29fa-4677-a225-b74f9b14aa61,4ef5592d-c93e-47d1-84ee-43eafe36388f,f0c0944f-1917-444f-b540-cefdee39ed61,1636131426250,13.4232356,52.4957783,2.3263447,0.7164055,-0.5154557,-2.6791353,on bike mount,cyclo cross,False,mixed,mixed
d9114489-29fa-4677-a225-b74f9b14aa61,4ef5592d-c93e-47d1-84ee-43eafe36388f,96f3cf3f-7ae5-4c3d-be98-109949a7d0b1,1636131426300,13.4232356,52.4957783,2.3263447,0.29871058,6.869626,-3.4209573,on bike mount,cyclo cross,False,mixed,mixed
d9114489-29fa-4677-a225-b74f9b14aa61,4ef5592d-c93e-47d1-84ee-43eafe36388f,f7384994-7d28-4124-a481-020dedfad062,1636131426350,13.4232356,52.4957783,2.3263447,-1.95539,-11.866346,-3.0688643,on bike mount,cyclo cross,False,mixed,mixed
d9114489-29fa-4677-a225-b74f9b14aa61,4ef5592d-c93e-47d1-84ee-43eafe36388f,e9c869b9-e030-4bab-903d-e9199361912c,1636131426400,13.4232356,52.4957783,2.3263447,0.007455945,-0.9865403,-12.096564,on bike mount,cyclo cross,False,mixed,mixed
d9114489-29fa-4677-a225-b74f9b14aa61,4ef5592d-c93e-47d1-84ee-43eafe36388f,930123d0-7ac8-40e1-8037-04bc233a4fad,1636131426451,13.4232356,52.4957783,2.3263447,-11.078168,-7.4759417,5.7304707,on bike mount,cyclo cross,False,mixed,mixed
d9114489-29fa-4677-a225-b74f9b14aa61,4ef5592d-c93e-47d1-84ee-43eafe36388f,08eafe7f-87d3-4674-b809-11f8721fb617,1636131426502,13.4232356,52.4957783,2.3263447,1.1127024,8.871834,6.5818014,on bike mount,cyclo cross,False,mixed,mixed
d9114489-29fa-4677-a225-b74f9b14aa61,4ef5592d-c93e-47d1-84ee-43eafe36388f,e04d61c0-f57e-431e-a674-9ccf0198de89,1636131426553,13.4232671,52.4957951,2.3059893,3.0778718,-3.3354402,-1.2162509,on bike mount,cyclo cross,False,mixed,mixed
d9114489-29fa-4677-a225-b74f9b14aa61,4ef5592d-c93e-47d1-84ee-43eafe36388f,291f6819-dc67-4b45-b4e5-40150d6a5e9f,1636131426618,13.4232671,52.4957951,2.3059893,-5.024683,-10.211919,7.03026,on bike mount,cyclo cross,False,mixed,mixed
d9114489-29fa-4677-a225-b74f9b14aa61,4ef5592d-c93e-47d1-84ee-43eafe36388f,08d496f2-0356-4a40-a065-c737201d338d,1636131426668,13.4232671,52.4957951,2.3059893,3.4802396,-11.0654745,15.57375,on bike mount,cyclo cross,False,mixed,mixed
d9114489-29fa-4677-a225-b74f9b14aa61,4ef5592d-c93e-47d1-84ee-43eafe36388f,024d44be-b3c3-4cb9-83bd-15f18eb09ee0,1636131426717,13.4232671,52.4957951,2.3059893,5.146444,-11.831071,-12.16874,on bike mount,cyclo cross,False,mixed,mixed
d9114489-29fa-4677-a225-b74f9b14aa61,4ef5592d-c93e-47d1-84ee-43eafe36388f,f78998be-8034-4658-b704-9de5b52816e6,1636131426768,13.4232671,52.4957951,2.3059893,-11.853996,15.167778,-7.3480005,on bike mount,cyclo cross,False,mixed,mixed
d9114489-29fa-4677-a225-b74f9b14aa61,4ef5592d-c93e-47d1-84ee-43eafe36388f,565f012f-4c6f-483d-824a-9c8fb2a1e04a,1636131426817,13.4232671,52.4957951,2.3059893,-3.4992101,2.078023,5.6173887,on bike mount,cyclo cross,False,mixed,mixed
d9114489-29fa-4677-a225-b74f9b14aa61,4ef5592d-c93e-47d1-84ee-43eafe36388f,35cc1391-4ab1-4dc9-a8a0-a2b051808ee8,1636131426869,13.4232671,52.4957951,2.3059893,2.6565938,-12.919212,5.8000994,on bike mount,cyclo cross,False,mixed,mixed
d9114489-29fa-4677-a225-b74f9b14aa61,4ef5592d-c93e-47d1-84ee-43eafe36388f,be0c2a09-4c6e-4d84-8342-860d18fe27aa,1636131426919,13.4232671,52.4957951,2.3059893,-0.50803494,1.5664644,-7.679242,on bike mount,cyclo cross,False,mixed,mixed
d9114489-29fa-4677-a225-b74f9b14aa61,4ef5592d-c93e-47d1-84ee-43eafe36388f,2f0196d5-9c95-43e6-9b49-04041f0839de,1636131426969,13.4232671,52.4957951,2.3059893,-7.194414,-1.5935309,-6.3430214,on bike mount,cyclo cross,False,mixed,mixed
d9114489-29fa-4677-a225-b74f9b14aa61,4ef5592d-c93e-47d1-84ee-43eafe36388f,a1272e06-798a-4410-8564-0d4e6d1aa2d9,1636131427035,13.4232671,52.4957951,2.3059893,-0.7405483,2.358769,8.652739,on bike mount,cyclo cross,False,mixed,mixed
d9114489-29fa-4677-a225-b74f9b14aa61,4ef5592d-c93e-47d1-84ee-43eafe36388f,6d176b28-2c0e-4785-b10a-96cc9ce9a13c,1636131427086,13.4232671,52.4957951,2.3059893,-4.621572,-4.99245,5.743697,on bike mount,cyclo cross,False,mixed,mixed
d9114489-29fa-4677-a225-b74f9b14aa61,4ef5592d-c93e-47d1-84ee-43eafe36388f,b402d71e-f230-4592-94a4-d85f34453166,1636131427137,13.4232671,52.4957951,2.3059893,-0.36032903,-2.3747141,-11.264889,on bike mount,cyclo cross,False,mixed,mixed
d9114489-29fa-4677-a225-b74f9b14aa61,4ef5592d-c93e-47d1-84ee-43eafe36388f,38a09603-5cb7-40f4-af21-728bb623597f,1636131427201,13.4232671,52.4957951,2.3059893,-2.784947,-12.878135,3.8025312,on bike mount,cyclo cross,False,mixed,mixed
d9114489-29fa-4677-a225-b74f9b14aa61,4ef5592d-c93e-47d1-84ee-43eafe36388f,f4562a2d-a62d-4471-b8a9-a7c7d2cec2fa,1636131427252,13.4232671,52.4957951,2.3059893,-1.5003617,3.7899961,-11.106082,on bike mount,cyclo cross,False,mixed,mixed
d9114489-29fa-4677-a225-b74f9b14aa61,4ef5592d-c93e-47d1-84ee-43eafe36388f,39447725-fbaa-42be-8f6c-a8c4d68d0419,1636131427302,13.4232671,52.4957951,2.3059893,-1.8388681,-1.3071172,3.448738,on bike mount,cyclo cross,False,mixed,mixed
d9114489-29fa-4677-a225-b74f9b14aa61,4ef5592d-c93e-47d1-84ee-43eafe36388f,386c1dd6-2d08-4bab-b30e-17e83f73c42b,1636131427352,13.4232964,52.4958141,3.7061293,-5.0791245,-13.140029,10.17066,on bike mount,cyclo cross,False,mixed,mixed
d9114489-29fa-4677-a225-b74f9b14aa61,4ef5592d-c93e-47d1-84ee-43eafe36388f,914ba65d-4a08-455b-91c3-45e0b8decb73,1636131427404,13.4232964,52.4958141,3.7061293,3.5477667,-2.316227,-0.2622099,on bike mount,cyclo cross,False,mixed,mixed
d9114489-29fa-4677-a225-b74f9b14aa61,4ef5592d-c93e-47d1-84ee-43eafe36388f,6caba506-df4f-49b4-a102-b0cf5ed617b9,1636131427453,13.4232964,52.4958141,3.7061293,-1.4428256,2.1048756,-2.0384178,on bike mount,cyclo cross,False,mixed,mixed
d9114489-29fa-4677-a225-b74f9b14aa61,4ef5592d-c93e-47d1-84ee-43eafe36388f,b69dd277-1492-42a3-a69d-7830120b715e,1636131427503,13.4232964,52.4958141,3.7061293,-2.7023075,-1.0208049,-2.4489217,on bike mount,cyclo cross,False,mixed,mixed
d9114489-29fa-4677-a225-b74f9b14aa61,4ef5592d-c93e-47d1-84ee-43eafe36388f,5dc341d1-3906-4d82-b910-0c9d9efd374a,1636131427553,13.4232964,52.4958141,3.7061293,0.21352303,-0.66891,8.674305,on bike mount,cyclo cross,False,mixed,mixed
d9114489-29fa-4677-a225-b74f9b14aa61,4ef5592d-c93e-47d1-84ee-43eafe36388f,556af797-3832-4763-95d6-1e5e95cccd90,1636131427604,13.4232964,52.4958141,3.7061293,-1.9489973,4.370105,8.250893,on bike mount,cyclo cross,False,mixed,mixed
d9114489-29fa-4677-a225-b74f9b14aa61,4ef5592d-c93e-47d1-84ee-43eafe36388f,f2ae0401-3609-4503-98b2-0ce184b63439,1636131427654,13.4232964,52.4958141,3.7061293,1.7266681,-4.894766,-4.580142,on bike mount,cyclo cross,False,mixed,mixed
d9114489-29fa-4677-a225-b74f9b14aa61,4ef5592d-c93e-47d1-84ee-43eafe36388f,cc9a3349-e36f-4850-9487-4dff9eb639d6,1636131427705,13.4232964,52.4958141,3.7061293,-2.0962195,1.6324215,5.1771193,on bike mount,cyclo cross,False,mixed,mixed
d9114489-29fa-4677-a225-b74f9b14aa61,4ef5592d-c93e-47d1-84ee-43eafe36388f,345f2856-bef6-420b-a69f-c7513cca8113,1636131427755,13.4232964,52.4958141,3.7061293,-3.061003,5.068432,1.9843769,on bike mount,cyclo cross,False,mixed,mixed
d9114489-29fa-4677-a225-b74f9b14aa61,4ef5592d-c93e-47d1-84ee-43eafe36388f,5f7936b5-5742-4e9a-9ccd-52b239638136,1636131427803,13.4232964,52.4958141,3.7061293,-0.42685115,-3.2216325,-3.2138057,on bike mount,cyclo cross,False,mixed,mixed
d9114489-29fa-4677-a225-b74f9b14aa61,4ef5592d-c93e-47d1-84ee-43eafe36388f,46994d21-0748-4d7f-a6e7-d7e1e9ad4a70,1636131427854,13.4232964,52.4958141,3.7061293,4.9765277,2.1565232,-2.7803645,on bike mount,cyclo cross,False,mixed,mixed
d9114489-29fa-4677-a225-b74f9b14aa61,4ef5592d-c93e-47d1-84ee-43eafe36388f,7577d2cb-1a24-4ee8-bb00-3a08f1e0dd49,1636131427904,13.4232964,52.4958141,3.7061293,0.45957482,4.463647,1.217989,on bike mount,cyclo cross,False,mixed,mixed
d9114489-29fa-4677-a225-b74f9b14aa61,4ef5592d-c93e-47d1-84ee-43eafe36388f,c9480387-10bf-4f34-86af-e9462d8df2dc,1636131427955,13.4232964,52.4958141,3.7061293,-0.987902,-6.844819,0.82832813,on bike mount,cyclo cross,False,mixed,mixed
d9114489-29fa-4677-a225-b74f9b14aa61,4ef5592d-c93e-47d1-84ee-43eafe36388f,54149e73-aea7-43f5-ba4a-27562c09c25a,1636131428021,13.4232964,52.4958141,3.7061293,0.6763123,1.4466767,-1.6758051,on bike mount,cyclo cross,False,mixed,mixed
d9114489-29fa-4677-a225-b74f9b14aa61,4ef5592d-c93e-47d1-84ee-43eafe36388f,e626b479-1e12-47cd-9ecf-fd5842fa0ef6,1636131428072,13.4233294,52.4958359,4.026381,1.1529709,2.5696898,-10.151171,on bike mount,cyclo cross,False,mixed,mixed
d9114489-29fa-4677-a225-b74f9b14aa61,4ef5592d-c93e-47d1-84ee-43eafe36388f,2bf27080-7a83-4670-a382-036c8b14ddbf,1636131428123,13.4233294,52.4958359,4.026381,-1.6128421,-2.1299427,-0.74081516,on bike mount,cyclo cross,False,mixed,mixed
d9114489-29fa-4677-a225-b74f9b14aa61,4ef5592d-c93e-47d1-84ee-43eafe36388f,660fd6b9-6ad7-4a15-aa8b-216266f61292,1636131428174,13.4233294,52.4958359,4.026381,-0.2069838,-6.6409883,-1.1169982,on bike mount,cyclo cross,False,mixed,mixed
d9114489-29fa-4677-a225-b74f9b14aa61,4ef5592d-c93e-47d1-84ee-43eafe36388f,0f2d3521-4900-4c85-8fcc-d73707c8bc41,1636131428241,13.4233294,52.4958359,4.026381,-2.5341446,-1.1358879,1.3652868,on bike mount,cyclo cross,False,mixed,mixed
d9114489-29fa-4677-a225-b74f9b14aa61,4ef5592d-c93e-47d1-84ee-43eafe36388f,cf097c36-b168-46f0-909a-97f149cb63a8,1636131428291,13.4233294,52.4958359,4.026381,0.51546586,1.8532553,-3.1950378,on bike mount,cyclo cross,False,mixed,mixed
d9114489-29fa-4677-a225-b74f9b14aa61,4ef5592d-c93e-47d1-84ee-43eafe36388f,4196e5a1-eea9-4a97-9aa8-c2d2ef0d835d,1636131428341,13.4233294,52.4958359,4.026381,-1.6059053,-0.89770675,-1.4066119,on bike mount,cyclo cross,False,mixed,mixed
d9114489-29fa-4677-a225-b74f9b14aa61,4ef5592d-c93e-47d1-84ee-43eafe36388f,fb16446a-b2f0-43ad-a27c-567a78f9f3af,1636131428406,13.4233294,52.4958359,4.026381,1.6355939,-19.545921,4.7453184,on bike mount,cyclo cross,False,mixed,mixed
d9114489-29fa-4677-a225-b74f9b14aa61,4ef5592d-c93e-47d1-84ee-43eafe36388f,ee79fa41-cc78-42b1-a475-b6e09c3214c8,1636131428456,13.4233294,52.4958359,4.026381,-3.358431,7.686407,-7.8628435,on bike mount,cyclo cross,False,mixed,mixed
d9114489-29fa-4677-a225-b74f9b14aa61,4ef5592d-c93e-47d1-84ee-43eafe36388f,15849357-8ef6-4a54-8af8-343390701fa6,1636131428505,13.4233294,52.4958359,4.026381,0.015951514,-2.7589955,0.38508987,on bike mount,cyclo cross,False,mixed,mixed
d9114489-29fa-4677-a225-b74f9b14aa61,4ef5592d-c93e-47d1-84ee-43eafe36388f,2d30ea4a-3f1c-4755-811c-e2e5430e3e01,1636131428557,13.4233294,52.4958359,4.026381,-1.166713,-3.0316217,0.49013996,on bike mount,cyclo cross,False,mixed,mixed
d9114489-29fa-4677-a225-b74f9b14aa61,4ef5592d-c93e-47d1-84ee-43eafe36388f,0c2fe222-8572-4d52-82d5-922e0b7bd3f4,1636131428607,13.4233294,52.4958359,4.026381,-1.4571084,3.060389,-3.3873894,on bike mount,cyclo cross,False,mixed,mixed
d9114489-29fa-4677-a225-b74f9b14aa61,4ef5592d-c93e-47d1-84ee-43eafe36388f,d3bfb743-febf-44d7-9627-17f43dd26a16,1636131428658,13.4233294,52.4958359,4.026381,-1.5862141,2.0166974,2.7313366,on bike mount,cyclo cross,False,mixed,mixed
d9114489-29fa-4677-a225-b74f9b14aa61,4ef5592d-c93e-47d1-84ee-43eafe36388f,f3eb86de-1cc7-4b41-9140-55e572106125,1636131428707,13.4233294,52.4958359,4.026381,-1.1461842,-8.664995,3.5829954,on bike mount,cyclo cross,False,mixed,mixed
d9114489-29fa-4677-a225-b74f9b14aa61,4ef5592d-c93e-47d1-84ee-43eafe36388f,2aace225-86e7-47da-aba3-9bf47554f99d,1636131428757,13.4233294,52.4958359,4.026381,-0.31969243,-4.652152,-5.0606184,on bike mount,cyclo cross,False,mixed,mixed
d9114489-29fa-4677-a225-b74f9b14aa61,4ef5592d-c93e-47d1-84ee-43eafe36388f,645ee5fd-a140-4ede-a742-f886200a1ea3,1636131428808,13.4233294,52.4958359,4.026381,-0.025844976,-0.5716939,2.7116795,on bike mount,cyclo cross,False,mixed,mixed
d9114489-29fa-4677-a225-b74f9b14aa61,4ef5592d-c93e-47d1-84ee-43eafe36388f,988e7aa3-cde2-475e-b380-ebbf1406c3b3,1636131428873,13.4233294,52.4958359,4.026381,-1.215506,0.6556597,-5.9629307,on bike mount,cyclo cross,False,mixed,mixed
d9114489-29fa-4677-a225-b74f9b14aa61,4ef5592d-c93e-47d1-84ee-43eafe36388f,2aed647d-55ce-434e-a146-07893cd5947f,1636131428925,13.4233294,52.4958359,4.026381,3.0101128,-7.732539,3.7726927,on bike mount,cyclo cross,False,mixed,mixed
d9114489-29fa-4677-a225-b74f9b14aa61,4ef5592d-c93e-47d1-84ee-43eafe36388f,5e908d71-55ba-4ea9-bf72-691d0598751f,1636131428975,13.4233294,52.4958359,4.026381,0.4123425,4.433607,-1.8604484,on bike mount,cyclo cross,False,mixed,mixed
d9114489-29fa-4677-a225-b74f9b14aa61,4ef5592d-c93e-47d1-84ee-43eafe36388f,fa09ceb9-e22d-4f2d-872e-ebc7c3b0283b,1636131429042,13.4233294,52.4958359,4.026381,0.14657336,2.2113023,2.9429722,on bike mount,cyclo cross,False,mixed,mixed
d9114489-29fa-4677-a225-b74f9b14aa61,4ef5592d-c93e-47d1-84ee-43eafe36388f,2d987dc7-55c7-4b30-854c-19f4b9971de5,1636131429092,13.4233294,52.4958359,4.026381,-0.7762076,-7.769263,8.880482,on bike mount,cyclo cross,False,mixed,mixed
d9114489-29fa-4677-a225-b74f9b14aa61,4ef5592d-c93e-47d1-84ee-43eafe36388f,0f42162f-ad1a-4a01-bbfd-3f5d9f96f254,1636131429142,13.4233294,52.4958359,4.026381,2.1314433,2.3256917,-10.202282,on bike mount,cyclo cross,False,mixed,mixed
d9114489-29fa-4677-a225-b74f9b14aa61,4ef5592d-c93e-47d1-84ee-43eafe36388f,0d686ca8-d953-4256-a410-22741e239030,1636131429193,13.4233294,52.4958359,4.026381,-10.92417,12.596113,3.7841911,on bike mount,cyclo cross,False,mixed,mixed
d9114489-29fa-4677-a225-b74f9b14aa61,4ef5592d-c93e-47d1-84ee-43eafe36388f,e4159e04-b808-4a73-85cb-59aa92ab1fe7,1636131429243,13.4233294,52.4958359,4.026381,-2.9793096,7.3175144,-6.804486,on bike mount,cyclo cross,False,mixed,mixed
d9114489-29fa-4677-a225-b74f9b14aa61,4ef5592d-c93e-47d1-84ee-43eafe36388f,a69cb03c-e7ea-426e-a94e-70e1a4cabe50,1636131429294,13.4233294,52.4958359,4.026381,3.7716305,0.25930715,-9.39998,on bike mount,cyclo cross,False,mixed,mixed
d9114489-29fa-4677-a225-b74f9b14aa61,4ef5592d-c93e-47d1-84ee-43eafe36388f,7d9f3c95-1b95-4f9a-a099-3060617d6709,1636131429358,13.4233774,52.4958763,4.0052876,0.36757645,12.49859,0.88898563,on bike mount,cyclo cross,False,mixed,mixed
d9114489-29fa-4677-a225-b74f9b14aa61,4ef5592d-c93e-47d1-84ee-43eafe36388f,919f78b6-9d7b-4c49-a0a2-40969fd785e4,1636131429409,13.4233774,52.4958763,4.0052876,-1.1374806,-0.7840686,-7.4420924,on bike mount,cyclo cross,False,mixed,mixed
d9114489-29fa-4677-a225-b74f9b14aa61,4ef5592d-c93e-47d1-84ee-43eafe36388f,ad575e2f-45b5-4017-8c5c-ad9a67a79dd8,1636131429459,13.4233774,52.4958763,4.0052876,-0.7351963,0.73880005,-5.109729,on bike mount,cyclo cross,False,mixed,mixed
d9114489-29fa-4677-a225-b74f9b14aa61,4ef5592d-c93e-47d1-84ee-43eafe36388f,1913049f-df3d-4c15-b1d2-30e028d28399,1636131429509,13.4233774,52.4958763,4.0052876,-1.6211665,0.8178477,4.2068844,on bike mount,cyclo cross,False,mixed,mixed
d9114489-29fa-4677-a225-b74f9b14aa61,4ef5592d-c93e-47d1-84ee-43eafe36388f,ecc93370-e59d-46f1-bdda-dbd2fda0b67e,1636131429558,13.4233774,52.4958763,4.0052876,8.7602,-26.317314,27.37569,on bike mount,cyclo cross,False,mixed,mixed
d9114489-29fa-4677-a225-b74f9b14aa61,4ef5592d-c93e-47d1-84ee-43eafe36388f,f746d4a9-b492-4bdf-a07c-1ea4b9a3f028,1636131429608,13.4233774,52.4958763,4.0052876,0.3294717,2.4652104,-7.825651,on bike mount,cyclo cross,False,mixed,mixed
d9114489-29fa-4677-a225-b74f9b14aa61,4ef5592d-c93e-47d1-84ee-43eafe36388f,a656915a-adb5-49f3-9665-a06748dc294a,1636131429658,13.4233774,52.4958763,4.0052876,-0.07140142,-9.664117,10.331762,on bike mount,cyclo cross,False,mixed,mixed
d9114489-29fa-4677-a225-b74f9b14aa61,4ef5592d-c93e-47d1-84ee-43eafe36388f,a9965f8a-3892-4271-9194-56948734664c,1636131429710,13.4233774,52.4958763,4.0052876,0.87529045,10.18528,-18.914635,on bike mount,cyclo cross,False,mixed,mixed
d9114489-29fa-4677-a225-b74f9b14aa61,4ef5592d-c93e-47d1-84ee-43eafe36388f,e69ec13a-bccc-4b49-836c-50c809d590e8,1636131429759,13.4233774,52.4958763,4.0052876,0.23201866,-0.19941759,10.346342,on bike mount,cyclo cross,False,mixed,mixed
