bike_activity_uid,bike_activity_sample_uid,bike_activity_measurement,bike_activity_measurement_timestamp,bike_activity_measurement_lon,bike_activity_measurement_lat,bike_activity_measurement_speed,bike_activity_measurement_accelerometer_x,bike_activity_measurement_accelerometer_y,bike_activity_measurement_accelerometer_z,bike_activity_phone_position,bike_activity_bike_type,bike_activity_flagged_lab_conditions,bike_activity_surface_type,bike_activity_smoothness_type
eaeae29f-50c4-4e19-bf20-ebbe471ffbd9,7d2d98ba-e5c1-4e52-a356-f4746e7345c1,f154f8e2-19ca-47db-b87d-dd4955d65844,1633166483963,14.1869957,52.3376172,6.3021955,0.9794707,-8.660534,0.2666254,on bike mount,cyclo cross,False,asphalt,excellent
eaeae29f-50c4-4e19-bf20-ebbe471ffbd9,7d2d98ba-e5c1-4e52-a356-f4746e7345c1,fb953493-04e9-464c-8afd-574e3d5ac68d,1633166484013,14.1869957,52.3376172,6.3021955,0.43417513,-0.07059312,0.46379566,on bike mount,cyclo cross,False,asphalt,excellent
eaeae29f-50c4-4e19-bf20-ebbe471ffbd9,7d2d98ba-e5c1-4e52-a356-f4746e7345c1,d9dde9ee-b6a5-4823-9fd9-5221e9cb2c0b,1633166484064,14.1869957,52.3376172,6.3021955,0.12295826,-0.5412476,0.52342033,on bike mount,cyclo cross,False,asphalt,excellent
eaeae29f-50c4-4e19-bf20-ebbe471ffbd9,7d2d98ba-e5c1-4e52-a356-f4746e7345c1,61223b62-c242-41e4-af0d-3be9b16b9ab6,1633166484116,14.1869957,52.3376172,6.3021955,0.34828597,-0.4579308,1.3826704,on bike mount,cyclo cross,False,asphalt,excellent
eaeae29f-50c4-4e19-bf20-ebbe471ffbd9,7d2d98ba-e5c1-4e52-a356-f4746e7345c1,7dad68d9-9d56-4d3d-8d14-21f2f93a3aef,1633166484167,14.1869957,52.3376172,6.3021955,0.22105359,0.14427018,-0.33752346,on bike mount,cyclo cross,False,asphalt,excellent
eaeae29f-50c4-4e19-bf20-ebbe471ffbd9,7d2d98ba-e5c1-4e52-a356-f4746e7345c1,7ae1c545-fef5-433b-8a45-0b5fd1557d11,1633166484219,14.1869957,52.3376172,6.3021955,-0.07397756,-0.026720524,-0.072761536,on bike mount,cyclo cross,False,asphalt,excellent
eaeae29f-50c4-4e19-bf20-ebbe471ffbd9,7d2d98ba-e5c1-4e52-a356-f4746e7345c1,39703cdb-768b-4a8d-aef4-478bf3f13064,1633166484269,14.1869957,52.3376172,6.3021955,0.2674559,0.6756201,-0.17512035,on bike mount,cyclo cross,False,asphalt,excellent
eaeae29f-50c4-4e19-bf20-ebbe471ffbd9,7d2d98ba-e5c1-4e52-a356-f4746e7345c1,4d9f643c-eed1-4629-9b51-614f5be4193c,1633166484319,14.1869957,52.3376172,6.3021955,0.2819656,-0.031448364,-0.44145775,on bike mount,cyclo cross,False,asphalt,excellent
eaeae29f-50c4-4e19-bf20-ebbe471ffbd9,7d2d98ba-e5c1-4e52-a356-f4746e7345c1,5d9dc39b-d8ea-4e81-8d5d-4327f4a0d12d,1633166484369,14.1869957,52.3376172,6.3021955,0.38547403,0.09068632,0.6239147,on bike mount,cyclo cross,False,asphalt,excellent
eaeae29f-50c4-4e19-bf20-ebbe471ffbd9,7d2d98ba-e5c1-4e52-a356-f4746e7345c1,d1df9a32-a654-41c4-beeb-460f3a34757b,1633166484422,14.1869957,52.3376172,6.3021955,-0.011849284,0.5138519,0.29931068,on bike mount,cyclo cross,False,asphalt,excellent
eaeae29f-50c4-4e19-bf20-ebbe471ffbd9,7d2d98ba-e5c1-4e52-a356-f4746e7345c1,fe328844-c56e-4223-a3ac-5833a2fe6fac,1633166484471,14.1869957,52.3376172,6.3021955,0.4525494,0.60517406,0.14769554,on bike mount,cyclo cross,False,asphalt,excellent
eaeae29f-50c4-4e19-bf20-ebbe471ffbd9,7d2d98ba-e5c1-4e52-a356-f4746e7345c1,d25f5d9f-1aeb-4469-b4bc-172add943611,1633166484521,14.1869957,52.3376172,6.3021955,0.49503204,0.7849879,-0.50602627,on bike mount,cyclo cross,False,asphalt,excellent
eaeae29f-50c4-4e19-bf20-ebbe471ffbd9,7d2d98ba-e5c1-4e52-a356-f4746e7345c1,7f992fea-27de-498b-af43-93386106cc1a,1633166484572,14.1869957,52.3376172,6.3021955,-0.05138755,-0.5317786,0.24785805,on bike mount,cyclo cross,False,asphalt,excellent
eaeae29f-50c4-4e19-bf20-ebbe471ffbd9,7d2d98ba-e5c1-4e52-a356-f4746e7345c1,4a08d5b9-d165-40d4-90d9-2a3ff3150790,1633166484621,14.1869957,52.3376172,6.3021955,0.18723312,0.045794964,0.7649832,on bike mount,cyclo cross,False,asphalt,excellent
eaeae29f-50c4-4e19-bf20-ebbe471ffbd9,7d2d98ba-e5c1-4e52-a356-f4746e7345c1,84eb36c1-aa2b-46b7-8272-a51b012f8095,1633166484672,14.1869957,52.3376172,6.3021955,0.0999227,-0.6005825,-1.4569125,on bike mount,cyclo cross,False,asphalt,excellent
eaeae29f-50c4-4e19-bf20-ebbe471ffbd9,7d2d98ba-e5c1-4e52-a356-f4746e7345c1,382ce8cb-a04a-4283-b91c-0b837ead30f9,1633166484722,14.1869957,52.3376172,6.3021955,0.03671384,0.34708452,0.0106191635,on bike mount,cyclo cross,False,asphalt,excellent
eaeae29f-50c4-4e19-bf20-ebbe471ffbd9,7d2d98ba-e5c1-4e52-a356-f4746e7345c1,842acf95-8d6f-42ee-8b3d-72a51039b129,1633166484773,14.1869957,52.3376172,6.3021955,0.1845607,0.35356092,0.3845005,on bike mount,cyclo cross,False,asphalt,excellent
eaeae29f-50c4-4e19-bf20-ebbe471ffbd9,7d2d98ba-e5c1-4e52-a356-f4746e7345c1,e9c777d6-766e-4d61-a922-b4449f97d990,1633166484824,14.1869957,52.3376172,6.3021955,0.1678452,0.082102776,-0.7881994,on bike mount,cyclo cross,False,asphalt,excellent
eaeae29f-50c4-4e19-bf20-ebbe471ffbd9,7d2d98ba-e5c1-4e52-a356-f4746e7345c1,7becaa38-dce6-44fd-8a26-f7f19e0fff8d,1633166484875,14.1869957,52.3376172,6.3021955,0.03431593,-0.21086073,-0.06906414,on bike mount,cyclo cross,False,asphalt,excellent
eaeae29f-50c4-4e19-bf20-ebbe471ffbd9,7d2d98ba-e5c1-4e52-a356-f4746e7345c1,16a45ca3-8d16-40f3-b594-bef6f6b404fa,1633166484925,14.1869957,52.3376172,6.3021955,0.2704436,-0.07768464,-0.42801666,on bike mount,cyclo cross,False,asphalt,excellent
eaeae29f-50c4-4e19-bf20-ebbe471ffbd9,7d2d98ba-e5c1-4e52-a356-f4746e7345c1,b935175f-8768-478d-a60a-519b481649d6,1633166484977,14.1869957,52.3376172,6.3021955,-0.9807651,0.11604166,-1.5824113,on bike mount,cyclo cross,False,asphalt,excellent
eaeae29f-50c4-4e19-bf20-ebbe471ffbd9,7d2d98ba-e5c1-4e52-a356-f4746e7345c1,e53a5db8-ef08-4368-80d0-c4dfd871b8ad,1633166485027,14.1869957,52.3376172,6.3021955,-0.38551128,0.25755095,-0.6278496,on bike mount,cyclo cross,False,asphalt,excellent
eaeae29f-50c4-4e19-bf20-ebbe471ffbd9,7d2d98ba-e5c1-4e52-a356-f4746e7345c1,ca953487-ed41-41cc-9f30-af6c2a691f55,1633166485077,14.1869957,52.3376172,6.3021955,-0.43126467,-0.2971635,-0.2711382,on bike mount,cyclo cross,False,asphalt,excellent
eaeae29f-50c4-4e19-bf20-ebbe471ffbd9,7d2d98ba-e5c1-4e52-a356-f4746e7345c1,ef31abd6-0539-4ab2-a07c-966974d3b8f0,1633166485127,14.1869957,52.3376172,6.3021955,-0.06753691,0.29147196,-0.04229927,on bike mount,cyclo cross,False,asphalt,excellent
eaeae29f-50c4-4e19-bf20-ebbe471ffbd9,7d2d98ba-e5c1-4e52-a356-f4746e7345c1,6945da55-7509-4b0a-90c2-7c427a9a92ec,1633166485178,14.1869957,52.3376172,6.3021955,-0.106319785,0.45345616,-0.8272362,on bike mount,cyclo cross,False,asphalt,excellent
eaeae29f-50c4-4e19-bf20-ebbe471ffbd9,7d2d98ba-e5c1-4e52-a356-f4746e7345c1,823c3624-d5e6-4bd7-801c-004c5f6719f9,1633166485227,14.1869957,52.3376172,6.3021955,0.2771003,-0.1829536,-0.16804123,on bike mount,cyclo cross,False,asphalt,excellent
eaeae29f-50c4-4e19-bf20-ebbe471ffbd9,7d2d98ba-e5c1-4e52-a356-f4746e7345c1,3a72c0b3-7bee-4dfa-9964-b86949232a71,1633166485278,14.1869957,52.3376172,6.3021955,0.12100774,0.43444824,-1.3358679,on bike mount,cyclo cross,False,asphalt,excellent
eaeae29f-50c4-4e19-bf20-ebbe471ffbd9,7d2d98ba-e5c1-4e52-a356-f4746e7345c1,7a74c46c-a2ba-42ae-934a-113621a15ddf,1633166485328,14.1869957,52.3376172,6.3021955,-0.9471227,0.2662034,-0.44546223,on bike mount,cyclo cross,False,asphalt,excellent
eaeae29f-50c4-4e19-bf20-ebbe471ffbd9,7d2d98ba-e5c1-4e52-a356-f4746e7345c1,d0cf154f-70c7-4a70-9d93-9da79fe4643f,1633166485377,14.1869957,52.3376172,6.3021955,-0.072461426,0.49702168,0.3484316,on bike mount,cyclo cross,False,asphalt,excellent
eaeae29f-50c4-4e19-bf20-ebbe471ffbd9,7d2d98ba-e5c1-4e52-a356-f4746e7345c1,bdab49d6-1780-4680-ac9f-acdf7bed25c4,1633166485428,14.1869957,52.3376172,6.3021955,0.29224503,0.4684863,-0.5420971,on bike mount,cyclo cross,False,asphalt,excellent
eaeae29f-50c4-4e19-bf20-ebbe471ffbd9,7d2d98ba-e5c1-4e52-a356-f4746e7345c1,ad143642-2c75-440b-b014-b989daa58e02,1633166485480,14.1869957,52.3376172,6.3021955,0.2895732,-0.7224487,-0.013577461,on bike mount,cyclo cross,False,asphalt,excellent
eaeae29f-50c4-4e19-bf20-ebbe471ffbd9,7d2d98ba-e5c1-4e52-a356-f4746e7345c1,e4d0f22d-be79-4695-b7df-e8dcb8936137,1633166485531,14.1869957,52.3376172,6.3021955,0.09317621,0.5826509,-0.2571411,on bike mount,cyclo cross,False,asphalt,excellent
eaeae29f-50c4-4e19-bf20-ebbe471ffbd9,7d2d98ba-e5c1-4e52-a356-f4746e7345c1,b79cf78d-c153-46f8-a4bc-fe1fa6959d1c,1633166485582,14.1869957,52.3376172,6.3021955,0.65019965,0.22535753,-0.15182781,on bike mount,cyclo cross,False,asphalt,excellent
eaeae29f-50c4-4e19-bf20-ebbe471ffbd9,7d2d98ba-e5c1-4e52-a356-f4746e7345c1,e31f9001-04cb-46f4-aff1-f86e09b54561,1633166485632,14.1869957,52.3376172,6.3021955,-0.024742633,0.5739362,-0.0665226,on bike mount,cyclo cross,False,asphalt,excellent
eaeae29f-50c4-4e19-bf20-ebbe471ffbd9,7d2d98ba-e5c1-4e52-a356-f4746e7345c1,17ebf552-41e1-49e6-a2b9-74dbbf5a63f9,1633166485681,14.1869957,52.3376172,6.3021955,0.5252887,-0.27088022,0.35515022,on bike mount,cyclo cross,False,asphalt,excellent
eaeae29f-50c4-4e19-bf20-ebbe471ffbd9,7d2d98ba-e5c1-4e52-a356-f4746e7345c1,8c6adf6e-1030-46fb-a967-ceb087e5ab02,1633166485731,14.1869957,52.3376172,6.3021955,0.6269957,-0.02973032,0.60450554,on bike mount,cyclo cross,False,asphalt,excellent
eaeae29f-50c4-4e19-bf20-ebbe471ffbd9,7d2d98ba-e5c1-4e52-a356-f4746e7345c1,d1ca45ef-7a89-4b1c-aa79-deb42dbd003b,1633166485781,14.1869957,52.3376172,6.3021955,-0.09915048,-0.042584896,-0.7657223,on bike mount,cyclo cross,False,asphalt,excellent
eaeae29f-50c4-4e19-bf20-ebbe471ffbd9,7d2d98ba-e5c1-4e52-a356-f4746e7345c1,a5ee946b-319c-4c26-b4ab-d055c7508274,1633166485832,14.1869957,52.3376172,6.3021955,-0.037118107,0.3955176,0.41783524,on bike mount,cyclo cross,False,asphalt,excellent
eaeae29f-50c4-4e19-bf20-ebbe471ffbd9,7d2d98ba-e5c1-4e52-a356-f4746e7345c1,c0d40991-fb22-4c38-b15c-59c6c3b0fc8d,1633166487044,14.1869957,52.3376172,6.3021955,-0.037118107,0.3955176,0.41783524,on bike mount,cyclo cross,False,asphalt,excellent
eaeae29f-50c4-4e19-bf20-ebbe471ffbd9,7d2d98ba-e5c1-4e52-a356-f4746e7345c1,4431ba2b-160a-429d-8d05-cc24edca2f30,1633166487095,14.1869957,52.3376172,6.3021955,-0.1865727,-0.25745034,-0.41156197,on bike mount,cyclo cross,False,asphalt,excellent
eaeae29f-50c4-4e19-bf20-ebbe471ffbd9,7d2d98ba-e5c1-4e52-a356-f4746e7345c1,35c34dad-fce2-46d5-a285-8c55e1cbfd3b,1633166487145,14.1869957,52.3376172,6.3021955,0.14066377,-1.4973071,0.60675526,on bike mount,cyclo cross,False,asphalt,excellent
eaeae29f-50c4-4e19-bf20-ebbe471ffbd9,7d2d98ba-e5c1-4e52-a356-f4746e7345c1,bc000b25-a0f3-4e53-9f64-9f6a567612ba,1633166487196,14.1869957,52.3376172,6.3021955,0.22383815,-0.03096056,1.5864048,on bike mount,cyclo cross,False,asphalt,excellent
eaeae29f-50c4-4e19-bf20-ebbe471ffbd9,7d2d98ba-e5c1-4e52-a356-f4746e7345c1,93779f3a-0000-4d78-b34b-b94459b627a6,1633166487247,14.1869957,52.3376172,6.3021955,0.22383815,-0.03096056,1.5864048,on bike mount,cyclo cross,False,asphalt,excellent
eaeae29f-50c4-4e19-bf20-ebbe471ffbd9,7d2d98ba-e5c1-4e52-a356-f4746e7345c1,0d6df1b1-a043-49c7-b463-1eb09e5278fa,1633166487298,14.1869957,52.3376172,6.3021955,0.31698018,0.10607982,0.39411736,on bike mount,cyclo cross,False,asphalt,excellent
eaeae29f-50c4-4e19-bf20-ebbe471ffbd9,7d2d98ba-e5c1-4e52-a356-f4746e7345c1,450b3fca-a73c-4b85-8fcf-453c8314e42f,1633166487348,14.1869957,52.3376172,6.3021955,0.1850701,-0.5970316,-0.46596432,on bike mount,cyclo cross,False,asphalt,excellent
eaeae29f-50c4-4e19-bf20-ebbe471ffbd9,7d2d98ba-e5c1-4e52-a356-f4746e7345c1,6d575f7b-e411-4af6-b638-e39365e7779a,1633166487397,14.1869957,52.3376172,6.3021955,-0.21986139,0.50310874,-0.0658102,on bike mount,cyclo cross,False,asphalt,excellent
eaeae29f-50c4-4e19-bf20-ebbe471ffbd9,7d2d98ba-e5c1-4e52-a356-f4746e7345c1,17a8864a-3f87-4fe5-adc9-5ab83fdd1834,1633166487448,14.1869957,52.3376172,6.3021955,-0.6751946,0.34082842,-0.0099134445,on bike mount,cyclo cross,False,asphalt,excellent
eaeae29f-50c4-4e19-bf20-ebbe471ffbd9,7d2d98ba-e5c1-4e52-a356-f4746e7345c1,75056655-54f0-455d-be8b-5a9d2b64dea6,1633166487500,14.1869957,52.3376172,6.3021955,0.26849607,0.583832,-0.14464378,on bike mount,cyclo cross,False,asphalt,excellent
eaeae29f-50c4-4e19-bf20-ebbe471ffbd9,7d2d98ba-e5c1-4e52-a356-f4746e7345c1,d96a877e-3191-4986-8b20-36689fdcfea9,1633166492220,14.1869957,52.3376172,6.3021955,0.26849607,0.583832,-0.14464378,on bike mount,cyclo cross,False,asphalt,excellent
eaeae29f-50c4-4e19-bf20-ebbe471ffbd9,7d2d98ba-e5c1-4e52-a356-f4746e7345c1,c011226f-b873-477e-b3e8-d572ffd24a6e,1633166492278,14.1869957,52.3376172,6.3021955,0.19215274,-0.762856,-0.23616791,on bike mount,cyclo cross,False,asphalt,excellent
eaeae29f-50c4-4e19-bf20-ebbe471ffbd9,7d2d98ba-e5c1-4e52-a356-f4746e7345c1,53d6d278-add8-4868-be9b-2be434526b25,1633166492328,14.1869957,52.3376172,6.3021955,0.14218481,-0.4435823,0.110322,on bike mount,cyclo cross,False,asphalt,excellent
eaeae29f-50c4-4e19-bf20-ebbe471ffbd9,7d2d98ba-e5c1-4e52-a356-f4746e7345c1,355f7d84-5eff-4b3f-a81e-2b2d8c589e56,1633166492378,14.1869957,52.3376172,6.3021955,0.6755447,-0.34008527,-0.15081882,on bike mount,cyclo cross,False,asphalt,excellent
eaeae29f-50c4-4e19-bf20-ebbe471ffbd9,7d2d98ba-e5c1-4e52-a356-f4746e7345c1,f0e13252-e126-4de9-ae3b-c133b5205d53,1633166502357,14.1869957,52.3376172,6.3021955,0.6755447,-0.34008527,-0.15081882,on bike mount,cyclo cross,False,asphalt,excellent
eaeae29f-50c4-4e19-bf20-ebbe471ffbd9,7d2d98ba-e5c1-4e52-a356-f4746e7345c1,ec46ef4a-9ef1-4ed6-8f93-c687de5506ca,1633166502410,14.1869957,52.3376172,6.3021955,0.10044131,-0.23830295,-0.45538616,on bike mount,cyclo cross,False,asphalt,excellent
eaeae29f-50c4-4e19-bf20-ebbe471ffbd9,7d2d98ba-e5c1-4e52-a356-f4746e7345c1,2d128f05-74b1-4330-8185-19840bb0683b,1633166502461,14.1869957,52.3376172,6.3021955,0.15574962,0.100822926,-0.663785,on bike mount,cyclo cross,False,asphalt,excellent
eaeae29f-50c4-4e19-bf20-ebbe471ffbd9,7d2d98ba-e5c1-4e52-a356-f4746e7345c1,9e50ac05-b589-4e63-adfc-bedbc44537b0,1633166502512,14.1869957,52.3376172,6.3021955,-0.92681676,2.6650615,2.431363,on bike mount,cyclo cross,False,asphalt,excellent
eaeae29f-50c4-4e19-bf20-ebbe471ffbd9,7d2d98ba-e5c1-4e52-a356-f4746e7345c1,1c1e12bd-1313-492e-8ac6-15edbec6599d,1633166505086,14.1869957,52.3376172,6.3021955,-0.92681676,2.6650615,2.431363,on bike mount,cyclo cross,False,asphalt,excellent
eaeae29f-50c4-4e19-bf20-ebbe471ffbd9,7d2d98ba-e5c1-4e52-a356-f4746e7345c1,af03e31b-08b7-41e8-a6f4-64342069c682,1633166505137,14.1869957,52.3376172,6.3021955,-0.5348241,0.7102668,-0.62720346,on bike mount,cyclo cross,False,asphalt,excellent
eaeae29f-50c4-4e19-bf20-ebbe471ffbd9,7d2d98ba-e5c1-4e52-a356-f4746e7345c1,1e0061f1-0c23-4505-b0dc-87de4786cee1,1633166505188,14.1869957,52.3376172,6.3021955,-1.4078944,1.0274801,-0.8345089,on bike mount,cyclo cross,False,asphalt,excellent
eaeae29f-50c4-4e19-bf20-ebbe471ffbd9,7d2d98ba-e5c1-4e52-a356-f4746e7345c1,fa1fd117-aefd-4895-9ed1-1300777a8bb0,1633166518951,14.1869957,52.3376172,6.3021955,-1.1193861,0.68491864,-0.1448555,on bike mount,cyclo cross,False,asphalt,excellent
eaeae29f-50c4-4e19-bf20-ebbe471ffbd9,7d2d98ba-e5c1-4e52-a356-f4746e7345c1,a1c8a35b-a3f3-4f6d-9c0a-6d7582659e5b,1633166519002,14.1869957,52.3376172,6.3021955,-0.27142376,0.22653508,0.5481396,on bike mount,cyclo cross,False,asphalt,excellent
eaeae29f-50c4-4e19-bf20-ebbe471ffbd9,7d2d98ba-e5c1-4e52-a356-f4746e7345c1,99784ea9-104f-454b-82e0-377d3315587d,1633166519051,14.1869957,52.3376172,6.3021955,-0.5149808,-0.29313803,-0.84327793,on bike mount,cyclo cross,False,asphalt,excellent
eaeae29f-50c4-4e19-bf20-ebbe471ffbd9,7d2d98ba-e5c1-4e52-a356-f4746e7345c1,02e411ba-3643-49ce-a1cb-a1247d8b9c02,1633166519101,14.1869957,52.3376172,6.3021955,-2.1650026,-1.0138378,1.0851955,on bike mount,cyclo cross,False,asphalt,excellent
eaeae29f-50c4-4e19-bf20-ebbe471ffbd9,7d2d98ba-e5c1-4e52-a356-f4746e7345c1,10c3ba3d-d325-4f38-a277-914705cddc82,1633166519151,14.1869957,52.3376172,6.3021955,-2.8063476,1.524852,-0.16077232,on bike mount,cyclo cross,False,asphalt,excellent
eaeae29f-50c4-4e19-bf20-ebbe471ffbd9,7d2d98ba-e5c1-4e52-a356-f4746e7345c1,c90cca7e-64b7-450b-b662-2019abfd396a,1633166519201,14.1869957,52.3376172,6.3021955,-2.8063476,1.524852,-0.16077232,on bike mount,cyclo cross,False,asphalt,excellent
eaeae29f-50c4-4e19-bf20-ebbe471ffbd9,7d2d98ba-e5c1-4e52-a356-f4746e7345c1,03e877ce-e1e5-4abf-86de-99e0885d797b,1633166519251,14.1869957,52.3376172,6.3021955,-0.6727783,-0.5512152,-1.2673817,on bike mount,cyclo cross,False,asphalt,excellent
eaeae29f-50c4-4e19-bf20-ebbe471ffbd9,7d2d98ba-e5c1-4e52-a356-f4746e7345c1,b90568ad-2e15-4d42-9c81-d73671c8c278,1633166519301,14.1869957,52.3376172,6.3021955,0.04121095,0.3884852,0.8147116,on bike mount,cyclo cross,False,asphalt,excellent
eaeae29f-50c4-4e19-bf20-ebbe471ffbd9,7d2d98ba-e5c1-4e52-a356-f4746e7345c1,0b03bcce-36e5-4839-ab51-b44a77b724f7,1633166519350,14.1869957,52.3376172,6.3021955,-0.1789478,0.047484636,-0.72746754,on bike mount,cyclo cross,False,asphalt,excellent
eaeae29f-50c4-4e19-bf20-ebbe471ffbd9,7d2d98ba-e5c1-4e52-a356-f4746e7345c1,d739bf07-85c0-4a0e-a865-881672ca4703,1633166519400,14.1869957,52.3376172,6.3021955,-0.4546147,0.86392474,-0.42943764,on bike mount,cyclo cross,False,asphalt,excellent
eaeae29f-50c4-4e19-bf20-ebbe471ffbd9,7d2d98ba-e5c1-4e52-a356-f4746e7345c1,c3378859-0082-4f56-882e-d72d7f7d9f34,1633166519451,14.1869957,52.3376172,6.3021955,-1.1636763,-0.17642307,2.3461876,on bike mount,cyclo cross,False,asphalt,excellent
eaeae29f-50c4-4e19-bf20-ebbe471ffbd9,7d2d98ba-e5c1-4e52-a356-f4746e7345c1,d8b86a0a-5d04-4276-b089-7db1729e766b,1633166519513,14.1869957,52.3376172,6.3021955,-0.9340935,0.23687124,0.019325256,on bike mount,cyclo cross,False,asphalt,excellent
eaeae29f-50c4-4e19-bf20-ebbe471ffbd9,7d2d98ba-e5c1-4e52-a356-f4746e7345c1,9a67e473-0ed6-4682-a1c0-616da33b38c1,1633166519563,14.1869957,52.3376172,6.3021955,-0.106910884,0.3488655,0.55455875,on bike mount,cyclo cross,False,asphalt,excellent
eaeae29f-50c4-4e19-bf20-ebbe471ffbd9,7d2d98ba-e5c1-4e52-a356-f4746e7345c1,0e2c29b9-c136-45ee-ae56-a7916a52b780,1633166519613,14.1869957,52.3376172,6.3021955,0.97825444,0.2694466,-1.2805424,on bike mount,cyclo cross,False,asphalt,excellent
eaeae29f-50c4-4e19-bf20-ebbe471ffbd9,7d2d98ba-e5c1-4e52-a356-f4746e7345c1,3cb9d931-917e-4250-8ae7-3303624bfb51,1633166519663,14.1869957,52.3376172,6.3021955,-0.21827155,0.19251704,1.6770792,on bike mount,cyclo cross,False,asphalt,excellent
eaeae29f-50c4-4e19-bf20-ebbe471ffbd9,7d2d98ba-e5c1-4e52-a356-f4746e7345c1,abc41ec7-c745-45c2-bf51-02c5fa968b3a,1633166519714,14.1869957,52.3376172,6.3021955,-1.8064344,0.22191834,-1.708643,on bike mount,cyclo cross,False,asphalt,excellent
eaeae29f-50c4-4e19-bf20-ebbe471ffbd9,7d2d98ba-e5c1-4e52-a356-f4746e7345c1,df6f84b3-e67b-45da-afd3-158146b9c9cf,1633166519765,14.1869957,52.3376172,6.3021955,-0.7510832,0.5608144,-0.485569,on bike mount,cyclo cross,False,asphalt,excellent
eaeae29f-50c4-4e19-bf20-ebbe471ffbd9,7d2d98ba-e5c1-4e52-a356-f4746e7345c1,b9695d3d-da2e-4a2b-b4be-9be8c7f9076e,1633166519815,14.1869957,52.3376172,6.3021955,-0.73496294,1.2490754,0.2659235,on bike mount,cyclo cross,False,asphalt,excellent
eaeae29f-50c4-4e19-bf20-ebbe471ffbd9,7d2d98ba-e5c1-4e52-a356-f4746e7345c1,0760b5e0-2182-4bb3-8cce-4d4ba7da0e08,1633166519866,14.1869957,52.3376172,6.3021955,-0.03374499,0.48557162,-0.4253416,on bike mount,cyclo cross,False,asphalt,excellent
eaeae29f-50c4-4e19-bf20-ebbe471ffbd9,7d2d98ba-e5c1-4e52-a356-f4746e7345c1,5ec9736f-f8f3-405c-b28f-6232baf74100,1633166519915,14.1869957,52.3376172,6.3021955,-0.58109176,-0.6709602,0.95051384,on bike mount,cyclo cross,False,asphalt,excellent
eaeae29f-50c4-4e19-bf20-ebbe471ffbd9,7d2d98ba-e5c1-4e52-a356-f4746e7345c1,0dc7e602-bf4b-4bed-afa6-61d55fd0d9dd,1633166519965,14.1869957,52.3376172,6.3021955,0.55396885,0.88534546,0.2390604,on bike mount,cyclo cross,False,asphalt,excellent
eaeae29f-50c4-4e19-bf20-ebbe471ffbd9,7d2d98ba-e5c1-4e52-a356-f4746e7345c1,8e9d6bf2-9b4d-47f5-92d8-bcda1618f832,1633166520025,14.1869957,52.3376172,6.3021955,0.55396885,0.88534546,0.2390604,on bike mount,cyclo cross,False,asphalt,excellent
eaeae29f-50c4-4e19-bf20-ebbe471ffbd9,7d2d98ba-e5c1-4e52-a356-f4746e7345c1,06977505-84bb-45f1-a5b5-2b1518bc1f7f,1633166520075,14.1869957,52.3376172,6.3021955,-1.0456573,-1.6023632,2.4318695,on bike mount,cyclo cross,False,asphalt,excellent
eaeae29f-50c4-4e19-bf20-ebbe471ffbd9,7d2d98ba-e5c1-4e52-a356-f4746e7345c1,e39ffa8b-390d-48c7-9f6a-f12883551669,1633166520126,14.1869957,52.3376172,6.3021955,-0.5016239,0.96902347,-1.330647,on bike mount,cyclo cross,False,asphalt,excellent
eaeae29f-50c4-4e19-bf20-ebbe471ffbd9,7d2d98ba-e5c1-4e52-a356-f4746e7345c1,f3cfead1-af5f-4a00-bc0d-2fcf14760dcd,1633166520180,14.1869957,52.3376172,6.3021955,-0.5409638,-0.11726856,1.4431753,on bike mount,cyclo cross,False,asphalt,excellent
eaeae29f-50c4-4e19-bf20-ebbe471ffbd9,7d2d98ba-e5c1-4e52-a356-f4746e7345c1,3b735fb4-afd0-466a-bf93-0ba29231740e,1633166520231,14.1869957,52.3376172,6.3021955,-5.63297,1.8078389,8.331271,on bike mount,cyclo cross,False,asphalt,excellent
eaeae29f-50c4-4e19-bf20-ebbe471ffbd9,7d2d98ba-e5c1-4e52-a356-f4746e7345c1,371a57cd-94c1-48df-9cc1-3c4622215a77,1633166520282,14.1869957,52.3376172,6.3021955,-1.1688296,-0.3321632,-1.6323767,on bike mount,cyclo cross,False,asphalt,excellent
eaeae29f-50c4-4e19-bf20-ebbe471ffbd9,7d2d98ba-e5c1-4e52-a356-f4746e7345c1,ac40981b-f0a5-47af-9acb-52fb4fee228b,1633166520332,14.1869957,52.3376172,6.3021955,-1.5564797,1.2190857,-1.0473843,on bike mount,cyclo cross,False,asphalt,excellent
eaeae29f-50c4-4e19-bf20-ebbe471ffbd9,7d2d98ba-e5c1-4e52-a356-f4746e7345c1,88065a9f-7f0f-4acf-894a-946cc834090b,1633166520382,14.1869957,52.3376172,6.3021955,-1.1579127,0.11711311,-0.45591545,on bike mount,cyclo cross,False,asphalt,excellent
eaeae29f-50c4-4e19-bf20-ebbe471ffbd9,7d2d98ba-e5c1-4e52-a356-f4746e7345c1,9b173ac3-8305-4e89-b7a0-e05685e41b05,1633166520432,14.1869957,52.3376172,6.3021955,-0.34846446,-9.10005,0.31996346,on bike mount,cyclo cross,False,asphalt,excellent
eaeae29f-50c4-4e19-bf20-ebbe471ffbd9,7d2d98ba-e5c1-4e52-a356-f4746e7345c1,f72b6532-ac2b-4d28-9955-d8b1cf68ac9d,1633166520483,14.1869957,52.3376172,6.3021955,-0.618368,-3.7754397,-0.17648697,on bike mount,cyclo cross,False,asphalt,excellent
eaeae29f-50c4-4e19-bf20-ebbe471ffbd9,7d2d98ba-e5c1-4e52-a356-f4746e7345c1,4b375d5f-f933-49e5-b222-d36dd4637394,1633166520534,14.1869957,52.3376172,6.3021955,-0.4068832,-0.019607544,-0.81795406,on bike mount,cyclo cross,False,asphalt,excellent
eaeae29f-50c4-4e19-bf20-ebbe471ffbd9,7d2d98ba-e5c1-4e52-a356-f4746e7345c1,e9a44867-a75c-4399-aafe-124417c184cc,1633166520585,14.1869957,52.3376172,6.3021955,-0.6270268,0.013476372,-0.8011408,on bike mount,cyclo cross,False,asphalt,excellent
eaeae29f-50c4-4e19-bf20-ebbe471ffbd9,7d2d98ba-e5c1-4e52-a356-f4746e7345c1,b3b90096-d969-4e09-b7f7-bca421f90eb7,1633166520635,14.1869957,52.3376172,6.3021955,-0.654125,-1.9356487,1.2796879,on bike mount,cyclo cross,False,asphalt,excellent
eaeae29f-50c4-4e19-bf20-ebbe471ffbd9,7d2d98ba-e5c1-4e52-a356-f4746e7345c1,7380b964-a860-4e08-b6d1-5d47a51c65e5,1633166520686,14.1869957,52.3376172,6.3021955,-1.3552616,1.2810786,0.7244406,on bike mount,cyclo cross,False,asphalt,excellent
eaeae29f-50c4-4e19-bf20-ebbe471ffbd9,7d2d98ba-e5c1-4e52-a356-f4746e7345c1,4507b07c-16fd-4835-8d67-dd26f528e0f2,1633166520736,14.1869957,52.3376172,6.3021955,-0.3041095,0.084787846,-1.0768595,on bike mount,cyclo cross,False,asphalt,excellent
eaeae29f-50c4-4e19-bf20-ebbe471ffbd9,7d2d98ba-e5c1-4e52-a356-f4746e7345c1,8c3f8705-cf13-4b52-98f1-7042b6cc4b28,1633166520786,14.1869957,52.3376172,6.3021955,-1.1919972,0.034882545,0.92671967,on bike mount,cyclo cross,False,asphalt,excellent
eaeae29f-50c4-4e19-bf20-ebbe471ffbd9,7d2d98ba-e5c1-4e52-a356-f4746e7345c1,08fa708b-c0ed-4990-8f64-907113726e65,1633166520835,14.1869957,52.3376172,6.3021955,-0.041883707,-0.8988359,1.5064163,on bike mount,cyclo cross,False,asphalt,excellent
eaeae29f-50c4-4e19-bf20-ebbe471ffbd9,7d2d98ba-e5c1-4e52-a356-f4746e7345c1,0ddb9762-7745-4585-997b-2d9218171995,1633166520885,14.1869957,52.3376172,6.3021955,-1.199974,3.4805255,2.462555,on bike mount,cyclo cross,False,asphalt,excellent
eaeae29f-50c4-4e19-bf20-ebbe471ffbd9,7d2d98ba-e5c1-4e52-a356-f4746e7345c1,28667ecc-534b-4dc1-bdc9-ac708e30d36b,1633166540072,14.1869957,52.3376172,6.3021955,-1.199974,3.4805255,2.462555,on bike mount,cyclo cross,False,asphalt,excellent
eaeae29f-50c4-4e19-bf20-ebbe471ffbd9,7d2d98ba-e5c1-4e52-a356-f4746e7345c1,2f1e8af9-d7ff-4bb3-88fc-473421f067c8,1633166540124,14.1869957,52.3376172,6.3021955,-0.2988963,0.15206003,0.9730463,on bike mount,cyclo cross,False,asphalt,excellent
