bike_activity_uid,bike_activity_sample_uid,bike_activity_measurement,bike_activity_measurement_timestamp,bike_activity_measurement_lon,bike_activity_measurement_lat,bike_activity_measurement_speed,bike_activity_measurement_accelerometer_x,bike_activity_measurement_accelerometer_y,bike_activity_measurement_accelerometer_z,bike_activity_phone_position,bike_activity_bike_type,bike_activity_flagged_lab_conditions,bike_activity_surface_type,bike_activity_smoothness_type
f4ee5635-8bf4-4b5a-96e4-b3a42f385893,ce7d7363-6886-4638-b669-97f4e2cc5590,df263409-513a-455b-8f60-63eb617e5ba4,1633170096298,14.3912737,52.2569454,5.4890323,-0.9590349,0.18955874,-0.18197727,on bike mount,cyclo cross,True,asphalt,excellent
f4ee5635-8bf4-4b5a-96e4-b3a42f385893,ce7d7363-6886-4638-b669-97f4e2cc5590,d776a788-d6a0-4167-96d5-fdef10a0410b,1633170096350,14.3912737,52.2569454,5.4890323,1.0339752,0.036260843,-1.5609679,on bike mount,cyclo cross,True,asphalt,excellent
f4ee5635-8bf4-4b5a-96e4-b3a42f385893,ce7d7363-6886-4638-b669-97f4e2cc5590,ce85e404-f95d-439b-8cab-66143b6acc28,1633170096399,14.3912737,52.2569454,5.4890323,0.47421408,1.9590042,-1.5645432,on bike mount,cyclo cross,True,asphalt,excellent
f4ee5635-8bf4-4b5a-96e4-b3a42f385893,ce7d7363-6886-4638-b669-97f4e2cc5590,39f2d3b9-aa3e-4570-bb1a-efe56f11d87f,1633170096449,14.3912737,52.2569454,5.4890323,-0.16394553,0.4363017,-3.554191,on bike mount,cyclo cross,True,asphalt,excellent
f4ee5635-8bf4-4b5a-96e4-b3a42f385893,ce7d7363-6886-4638-b669-97f4e2cc5590,8254f19c-bb41-4b43-98a3-ce7736d04f42,1633170096499,14.3912737,52.2569454,5.4890323,-0.10553002,-0.22653484,-3.1582494,on bike mount,cyclo cross,True,asphalt,excellent
f4ee5635-8bf4-4b5a-96e4-b3a42f385893,ce7d7363-6886-4638-b669-97f4e2cc5590,7f06314d-4f83-41a5-aa95-d1b573249757,1633170096549,14.3912737,52.2569454,5.4890323,-0.87501436,-0.93716276,4.2012796,on bike mount,cyclo cross,True,asphalt,excellent
f4ee5635-8bf4-4b5a-96e4-b3a42f385893,ce7d7363-6886-4638-b669-97f4e2cc5590,69f49ea1-5bfc-48c9-8c51-b07839cbc498,1633170096600,14.3912737,52.2569454,5.4890323,-0.07948619,-2.0218031,-1.5084162,on bike mount,cyclo cross,True,asphalt,excellent
f4ee5635-8bf4-4b5a-96e4-b3a42f385893,ce7d7363-6886-4638-b669-97f4e2cc5590,358aa7ab-2463-4cc3-a28b-5a7c75b8051c,1633170096650,14.3912737,52.2569454,5.4890323,1.9454769,-5.324663,-0.8430042,on bike mount,cyclo cross,True,asphalt,excellent
f4ee5635-8bf4-4b5a-96e4-b3a42f385893,ce7d7363-6886-4638-b669-97f4e2cc5590,82dfd694-34c8-45c1-9e71-0cd54022ac2e,1633170096700,14.3912737,52.2569454,5.4890323,0.69181967,2.2162948,-0.66605663,on bike mount,cyclo cross,True,asphalt,excellent
f4ee5635-8bf4-4b5a-96e4-b3a42f385893,ce7d7363-6886-4638-b669-97f4e2cc5590,7bc643fc-3f6f-4bf2-805f-017e67e00b56,1633170096766,14.3912737,52.2569454,5.4890323,0.93712866,-3.0916934,1.493022,on bike mount,cyclo cross,True,asphalt,excellent
f4ee5635-8bf4-4b5a-96e4-b3a42f385893,ce7d7363-6886-4638-b669-97f4e2cc5590,90b1ab31-b517-4ade-a76b-30afd6a2496c,1633170096816,14.3912737,52.2569454,5.4890323,-0.7875166,0.13794279,-2.1062965,on bike mount,cyclo cross,True,asphalt,excellent
f4ee5635-8bf4-4b5a-96e4-b3a42f385893,ce7d7363-6886-4638-b669-97f4e2cc5590,cf795525-fcb5-4c5b-9958-5a4431c23979,1633170096867,14.3912737,52.2569454,5.4890323,-0.8797194,0.9462328,-1.014019,on bike mount,cyclo cross,True,asphalt,excellent
f4ee5635-8bf4-4b5a-96e4-b3a42f385893,ce7d7363-6886-4638-b669-97f4e2cc5590,7eab2aff-e8d6-4107-be5b-2c7c9d438a5d,1633170096933,14.3912737,52.2569454,5.4890323,1.10721,-2.142088,2.4376068,on bike mount,cyclo cross,True,asphalt,excellent
f4ee5635-8bf4-4b5a-96e4-b3a42f385893,ce7d7363-6886-4638-b669-97f4e2cc5590,77a927cb-82e1-417f-82fb-f3acdc00ef5c,1633170096983,14.3913512,52.256918,5.6105046,0.045289814,-0.44253778,0.8793211,on bike mount,cyclo cross,True,asphalt,excellent
f4ee5635-8bf4-4b5a-96e4-b3a42f385893,ce7d7363-6886-4638-b669-97f4e2cc5590,054015fb-6824-4892-8b5f-a1701b6a3548,1633170097034,14.3913512,52.256918,5.6105046,-2.1254907,1.4858317,0.7695389,on bike mount,cyclo cross,True,asphalt,excellent
f4ee5635-8bf4-4b5a-96e4-b3a42f385893,ce7d7363-6886-4638-b669-97f4e2cc5590,3ab75fe7-5eb3-4397-8dff-df0a9061b7bb,1633170097085,14.3913512,52.256918,5.6105046,-0.51108265,-0.72488904,1.2828922,on bike mount,cyclo cross,True,asphalt,excellent
f4ee5635-8bf4-4b5a-96e4-b3a42f385893,ce7d7363-6886-4638-b669-97f4e2cc5590,4489529a-05f5-41c5-af41-0cf9860e631a,1633170097150,14.3913512,52.256918,5.6105046,-1.8386316,0.2817018,-1.0768857,on bike mount,cyclo cross,True,asphalt,excellent
f4ee5635-8bf4-4b5a-96e4-b3a42f385893,ce7d7363-6886-4638-b669-97f4e2cc5590,2ba64785-129d-4e7b-8dbe-8bbf9c14136f,1633170097201,14.3913512,52.256918,5.6105046,0.5943531,1.1995122,0.52966213,on bike mount,cyclo cross,True,asphalt,excellent
f4ee5635-8bf4-4b5a-96e4-b3a42f385893,ce7d7363-6886-4638-b669-97f4e2cc5590,4dcb60ac-22a6-4205-b4d7-8cd9d8424f70,1633170097251,14.3913512,52.256918,5.6105046,-0.08459776,-0.18644667,-0.5748472,on bike mount,cyclo cross,True,asphalt,excellent
f4ee5635-8bf4-4b5a-96e4-b3a42f385893,ce7d7363-6886-4638-b669-97f4e2cc5590,4671dd22-0dbf-49ea-bce9-2c6d423b1059,1633170097301,14.3913512,52.256918,5.6105046,1.3451073,1.4673858,3.2497501,on bike mount,cyclo cross,True,asphalt,excellent
f4ee5635-8bf4-4b5a-96e4-b3a42f385893,ce7d7363-6886-4638-b669-97f4e2cc5590,b33383ed-48ef-4e4c-ae5f-f3462669eb6f,1633170097350,14.3913512,52.256918,5.6105046,1.0077055,4.66961,-1.2198911,on bike mount,cyclo cross,True,asphalt,excellent
f4ee5635-8bf4-4b5a-96e4-b3a42f385893,ce7d7363-6886-4638-b669-97f4e2cc5590,c0ba09ca-2c55-4db0-a72c-03ee18c31547,1633170097401,14.3913512,52.256918,5.6105046,0.83984196,-0.93563414,-0.63322544,on bike mount,cyclo cross,True,asphalt,excellent
f4ee5635-8bf4-4b5a-96e4-b3a42f385893,ce7d7363-6886-4638-b669-97f4e2cc5590,c9a298be-1c22-4ac0-8cb4-ed22a92f323a,1633170097451,14.3913512,52.256918,5.6105046,-0.4834547,-1.6925424,-0.74266624,on bike mount,cyclo cross,True,asphalt,excellent
f4ee5635-8bf4-4b5a-96e4-b3a42f385893,ce7d7363-6886-4638-b669-97f4e2cc5590,9ea1fa16-c235-4dca-89d9-ba36d1dfb065,1633170097500,14.3913512,52.256918,5.6105046,0.8957728,-0.71626616,1.1532974,on bike mount,cyclo cross,True,asphalt,excellent
f4ee5635-8bf4-4b5a-96e4-b3a42f385893,ce7d7363-6886-4638-b669-97f4e2cc5590,6ad0c126-8f62-4bcf-a9f9-4ed3fa891e4a,1633170097552,14.3913512,52.256918,5.6105046,0.78584033,-0.9836321,-0.60309124,on bike mount,cyclo cross,True,asphalt,excellent
f4ee5635-8bf4-4b5a-96e4-b3a42f385893,ce7d7363-6886-4638-b669-97f4e2cc5590,9e577c45-0d3d-4e52-b5ba-fd5c2487d5ad,1633170097601,14.3913512,52.256918,5.6105046,0.37115163,-1.1741688,0.99204445,on bike mount,cyclo cross,True,asphalt,excellent
f4ee5635-8bf4-4b5a-96e4-b3a42f385893,ce7d7363-6886-4638-b669-97f4e2cc5590,a7a8349b-a4d1-4061-83ec-bc4c17bf83ff,1633170097651,14.3913512,52.256918,5.6105046,0.8413818,2.378046,-1.4005938,on bike mount,cyclo cross,True,asphalt,excellent
f4ee5635-8bf4-4b5a-96e4-b3a42f385893,ce7d7363-6886-4638-b669-97f4e2cc5590,d42f51b7-0bc8-407d-a9f1-f810da9c406a,1633170097701,14.3913512,52.256918,5.6105046,-0.34450728,1.2459435,-1.0143852,on bike mount,cyclo cross,True,asphalt,excellent
f4ee5635-8bf4-4b5a-96e4-b3a42f385893,ce7d7363-6886-4638-b669-97f4e2cc5590,8191cc49-513a-478d-bbcc-11ca652b27a1,1633170097752,14.3913512,52.256918,5.6105046,-0.28097636,2.4487398,7.2077866,on bike mount,cyclo cross,True,asphalt,excellent
f4ee5635-8bf4-4b5a-96e4-b3a42f385893,ce7d7363-6886-4638-b669-97f4e2cc5590,38003f26-0e75-46e5-b5aa-2e642542ece3,1633170097802,14.3913512,52.256918,5.6105046,0.4759225,1.2832317,2.7443142,on bike mount,cyclo cross,True,asphalt,excellent
f4ee5635-8bf4-4b5a-96e4-b3a42f385893,ce7d7363-6886-4638-b669-97f4e2cc5590,9f21e9af-4b65-4c33-a87c-6f7abf8c211c,1633170097868,14.3913512,52.256918,5.6105046,0.68483335,3.0165977,-5.5620103,on bike mount,cyclo cross,True,asphalt,excellent
f4ee5635-8bf4-4b5a-96e4-b3a42f385893,ce7d7363-6886-4638-b669-97f4e2cc5590,3fee6bd4-cc22-4cc0-9e6a-eca246a5409d,1633170097918,14.3913512,52.256918,5.6105046,-0.7363337,0.25869274,0.3409872,on bike mount,cyclo cross,True,asphalt,excellent
f4ee5635-8bf4-4b5a-96e4-b3a42f385893,ce7d7363-6886-4638-b669-97f4e2cc5590,7d07f11a-5827-4044-832d-6b562fd55543,1633170097970,14.3914339,52.2568893,5.718531,1.232031,0.5082636,-2.5698466,on bike mount,cyclo cross,True,asphalt,excellent
f4ee5635-8bf4-4b5a-96e4-b3a42f385893,ce7d7363-6886-4638-b669-97f4e2cc5590,b7b3deb4-09fb-4762-a970-a2aa1e75dfda,1633170098034,14.3914339,52.2568893,5.718531,-2.518434,2.8653731,-2.8478231,on bike mount,cyclo cross,True,asphalt,excellent
f4ee5635-8bf4-4b5a-96e4-b3a42f385893,ce7d7363-6886-4638-b669-97f4e2cc5590,c97a179a-b4ec-4562-ba77-774da2e2bb3c,1633170098085,14.3914339,52.2568893,5.718531,0.20613974,-0.03280902,-1.3910284,on bike mount,cyclo cross,True,asphalt,excellent
f4ee5635-8bf4-4b5a-96e4-b3a42f385893,ce7d7363-6886-4638-b669-97f4e2cc5590,e20b42b6-7c46-4bb9-94b3-431d8ecdb79a,1633170098137,14.3914339,52.2568893,5.718531,2.1078627,-2.1440125,0.16320801,on bike mount,cyclo cross,True,asphalt,excellent
f4ee5635-8bf4-4b5a-96e4-b3a42f385893,ce7d7363-6886-4638-b669-97f4e2cc5590,cb384d9d-542a-4606-bda5-6bb78602739b,1633170098187,14.3914339,52.2568893,5.718531,-0.22228816,0.35039496,-0.34429073,on bike mount,cyclo cross,True,asphalt,excellent
f4ee5635-8bf4-4b5a-96e4-b3a42f385893,ce7d7363-6886-4638-b669-97f4e2cc5590,d11870d2-5af7-492b-99a9-1ab23e95d0cf,1633170098253,14.3914339,52.2568893,5.718531,-0.1756812,1.4697082,-0.3888569,on bike mount,cyclo cross,True,asphalt,excellent
f4ee5635-8bf4-4b5a-96e4-b3a42f385893,ce7d7363-6886-4638-b669-97f4e2cc5590,b4478ee7-4414-4530-af65-ac4c8d2735f8,1633170098303,14.3914339,52.2568893,5.718531,-0.62124103,-1.0436593,2.4682236,on bike mount,cyclo cross,True,asphalt,excellent
f4ee5635-8bf4-4b5a-96e4-b3a42f385893,ce7d7363-6886-4638-b669-97f4e2cc5590,1a1071bb-de0e-4c7c-a38d-1301488e1fd4,1633170098354,14.3914339,52.2568893,5.718531,0.19250095,1.1775961,-0.5278616,on bike mount,cyclo cross,True,asphalt,excellent
f4ee5635-8bf4-4b5a-96e4-b3a42f385893,ce7d7363-6886-4638-b669-97f4e2cc5590,2f57896f-4e02-4f9c-ab6d-5211e3a7ba5c,1633170098405,14.3914339,52.2568893,5.718531,-0.30585623,-0.46508098,0.7944813,on bike mount,cyclo cross,True,asphalt,excellent
f4ee5635-8bf4-4b5a-96e4-b3a42f385893,ce7d7363-6886-4638-b669-97f4e2cc5590,028b0c8b-6478-4b0b-bb8c-af607ae739c7,1633170098454,14.3914339,52.2568893,5.718531,-0.35903603,0.71964,-0.59578514,on bike mount,cyclo cross,True,asphalt,excellent
f4ee5635-8bf4-4b5a-96e4-b3a42f385893,ce7d7363-6886-4638-b669-97f4e2cc5590,b9847792-05e6-4906-984c-1c8795cb449b,1633170098504,14.3914339,52.2568893,5.718531,-0.17999575,1.4899075,-0.73587894,on bike mount,cyclo cross,True,asphalt,excellent
f4ee5635-8bf4-4b5a-96e4-b3a42f385893,ce7d7363-6886-4638-b669-97f4e2cc5590,c12f74cc-ff29-4d5b-8a56-251657e833e0,1633170098570,14.3914339,52.2568893,5.718531,-0.29257792,2.169561,-6.0198846,on bike mount,cyclo cross,True,asphalt,excellent
f4ee5635-8bf4-4b5a-96e4-b3a42f385893,ce7d7363-6886-4638-b669-97f4e2cc5590,e3bf00b0-2859-48d5-86f6-0e709dd8a4cd,1633170098620,14.3914339,52.2568893,5.718531,-0.38606936,-1.4311708,1.594162,on bike mount,cyclo cross,True,asphalt,excellent
f4ee5635-8bf4-4b5a-96e4-b3a42f385893,ce7d7363-6886-4638-b669-97f4e2cc5590,b4fcffcd-098c-45f3-9a92-4a801807699c,1633170098671,14.3914339,52.2568893,5.718531,0.7408915,0.27357674,-0.22862911,on bike mount,cyclo cross,True,asphalt,excellent
f4ee5635-8bf4-4b5a-96e4-b3a42f385893,ce7d7363-6886-4638-b669-97f4e2cc5590,1cf997ac-51c3-4d4d-b8df-3ef7efc28f24,1633170098722,14.3914339,52.2568893,5.718531,-0.5511329,2.1188705,0.39997005,on bike mount,cyclo cross,True,asphalt,excellent
f4ee5635-8bf4-4b5a-96e4-b3a42f385893,ce7d7363-6886-4638-b669-97f4e2cc5590,12618925-3b8c-4013-b1b9-9acfdb5305c7,1633170098787,14.3914339,52.2568893,5.718531,-0.8702265,-2.7754738,4.4996967,on bike mount,cyclo cross,True,asphalt,excellent
f4ee5635-8bf4-4b5a-96e4-b3a42f385893,ce7d7363-6886-4638-b669-97f4e2cc5590,47a4f097-3921-4471-bdb9-52aa68f4c350,1633170098838,14.3914339,52.2568893,5.718531,2.165347,2.7912111,-0.80712223,on bike mount,cyclo cross,True,asphalt,excellent
f4ee5635-8bf4-4b5a-96e4-b3a42f385893,ce7d7363-6886-4638-b669-97f4e2cc5590,57515ecd-d5dc-47a1-b091-de9e560b1a97,1633170098888,14.3914339,52.2568893,5.718531,0.32526848,1.016768,0.25937843,on bike mount,cyclo cross,True,asphalt,excellent
f4ee5635-8bf4-4b5a-96e4-b3a42f385893,ce7d7363-6886-4638-b669-97f4e2cc5590,9ea82598-7c4b-4577-bbb3-8de072a2bea6,1633170098939,14.3914339,52.2568893,5.718531,0.83068603,0.7386751,0.5910425,on bike mount,cyclo cross,True,asphalt,excellent
f4ee5635-8bf4-4b5a-96e4-b3a42f385893,ce7d7363-6886-4638-b669-97f4e2cc5590,dc38ab57-ba7d-47b9-9da7-ee792e721294,1633170099004,14.3915208,52.2568581,5.8401866,-1.2406363,0.26702404,-1.7905741,on bike mount,cyclo cross,True,asphalt,excellent
f4ee5635-8bf4-4b5a-96e4-b3a42f385893,ce7d7363-6886-4638-b669-97f4e2cc5590,ec3c72ed-3399-467d-b6af-d95d3e12f939,1633170099054,14.3915208,52.2568581,5.8401866,-0.23556799,1.9196162,-2.4542422,on bike mount,cyclo cross,True,asphalt,excellent
f4ee5635-8bf4-4b5a-96e4-b3a42f385893,ce7d7363-6886-4638-b669-97f4e2cc5590,e007d013-28d6-499e-bcf7-822b3d471f47,1633170099105,14.3915208,52.2568581,5.8401866,0.26216978,-0.95330334,2.0854855,on bike mount,cyclo cross,True,asphalt,excellent
f4ee5635-8bf4-4b5a-96e4-b3a42f385893,ce7d7363-6886-4638-b669-97f4e2cc5590,16d4ce93-4915-48cd-86a2-c3b42982a35f,1633170099154,14.3915208,52.2568581,5.8401866,-0.056414098,-1.618459,0.5629511,on bike mount,cyclo cross,True,asphalt,excellent
f4ee5635-8bf4-4b5a-96e4-b3a42f385893,ce7d7363-6886-4638-b669-97f4e2cc5590,2eb0d9cd-8351-4ebf-b263-f5fcc103c872,1633170099204,14.3915208,52.2568581,5.8401866,-0.5990502,0.4590795,1.2636003,on bike mount,cyclo cross,True,asphalt,excellent
f4ee5635-8bf4-4b5a-96e4-b3a42f385893,ce7d7363-6886-4638-b669-97f4e2cc5590,9ba36c48-f232-40fc-9cc3-c606ae2105d2,1633170099255,14.3915208,52.2568581,5.8401866,-0.69669044,0.22593808,-0.2637329,on bike mount,cyclo cross,True,asphalt,excellent
f4ee5635-8bf4-4b5a-96e4-b3a42f385893,ce7d7363-6886-4638-b669-97f4e2cc5590,f15176ae-f1fb-4e4d-bfc6-890cc6e41f5f,1633170099322,14.3915208,52.2568581,5.8401866,-0.6196222,0.14990163,-1.0490851,on bike mount,cyclo cross,True,asphalt,excellent
f4ee5635-8bf4-4b5a-96e4-b3a42f385893,ce7d7363-6886-4638-b669-97f4e2cc5590,c3f3b083-4655-4518-8f79-2a20f2d4dff3,1633170099372,14.3915208,52.2568581,5.8401866,-0.99342775,-0.4249754,0.7086401,on bike mount,cyclo cross,True,asphalt,excellent
f4ee5635-8bf4-4b5a-96e4-b3a42f385893,ce7d7363-6886-4638-b669-97f4e2cc5590,86a7c740-775a-47d9-914a-f44539b658e7,1633170099437,14.3915208,52.2568581,5.8401866,0.04539953,0.5277958,-0.07008743,on bike mount,cyclo cross,True,asphalt,excellent
f4ee5635-8bf4-4b5a-96e4-b3a42f385893,ce7d7363-6886-4638-b669-97f4e2cc5590,28dcc733-67d6-43d7-938b-f716cdac8a00,1633170099488,14.3915208,52.2568581,5.8401866,-0.7327516,-0.82044864,0.82251644,on bike mount,cyclo cross,True,asphalt,excellent
f4ee5635-8bf4-4b5a-96e4-b3a42f385893,ce7d7363-6886-4638-b669-97f4e2cc5590,62410dc3-ae39-4b88-b2e2-f31a1bbe2209,1633170099538,14.3915208,52.2568581,5.8401866,0.69962275,0.22267914,3.464798,on bike mount,cyclo cross,True,asphalt,excellent
f4ee5635-8bf4-4b5a-96e4-b3a42f385893,ce7d7363-6886-4638-b669-97f4e2cc5590,67cad143-cc9e-4d96-a2b7-2ed96b2593ac,1633170099588,14.3915208,52.2568581,5.8401866,2.2706642,-1.7205993,-0.53666496,on bike mount,cyclo cross,True,asphalt,excellent
f4ee5635-8bf4-4b5a-96e4-b3a42f385893,ce7d7363-6886-4638-b669-97f4e2cc5590,b29eca80-0db3-4ffe-9580-c93de9a6709b,1633170099639,14.3915208,52.2568581,5.8401866,-0.054832518,1.2389138,-0.7278919,on bike mount,cyclo cross,True,asphalt,excellent
f4ee5635-8bf4-4b5a-96e4-b3a42f385893,ce7d7363-6886-4638-b669-97f4e2cc5590,d782cb76-8257-44d6-88d0-20cad60d086b,1633170099689,14.3915208,52.2568581,5.8401866,-0.7265465,1.6003051,-0.47124767,on bike mount,cyclo cross,True,asphalt,excellent
f4ee5635-8bf4-4b5a-96e4-b3a42f385893,ce7d7363-6886-4638-b669-97f4e2cc5590,9359a516-d89e-48ba-b7cb-eb965b73dda4,1633170099739,14.3915208,52.2568581,5.8401866,0.30278096,-1.0354159,1.9526777,on bike mount,cyclo cross,True,asphalt,excellent
f4ee5635-8bf4-4b5a-96e4-b3a42f385893,ce7d7363-6886-4638-b669-97f4e2cc5590,c778958a-b72c-4366-a417-0cb220d10b49,1633170099789,14.3915208,52.2568581,5.8401866,0.7857436,-1.0286828,-0.5351925,on bike mount,cyclo cross,True,asphalt,excellent
f4ee5635-8bf4-4b5a-96e4-b3a42f385893,ce7d7363-6886-4638-b669-97f4e2cc5590,8f0bfb45-71cb-461a-bdf2-b596fd71f2b6,1633170099839,14.3915208,52.2568581,5.8401866,0.25229922,-0.19642305,-1.2671022,on bike mount,cyclo cross,True,asphalt,excellent
f4ee5635-8bf4-4b5a-96e4-b3a42f385893,ce7d7363-6886-4638-b669-97f4e2cc5590,1536c394-f7b0-4bab-91f7-aea3413888e6,1633170099890,14.3915208,52.2568581,5.8401866,-1.0507531,-3.4892476,1.2307978,on bike mount,cyclo cross,True,asphalt,excellent
f4ee5635-8bf4-4b5a-96e4-b3a42f385893,ce7d7363-6886-4638-b669-97f4e2cc5590,65fa055d-67b1-46c2-b66b-c50ca0553ee7,1633170099940,14.3915208,52.2568581,5.8401866,1.101547,1.305234,-1.0249338,on bike mount,cyclo cross,True,asphalt,excellent
f4ee5635-8bf4-4b5a-96e4-b3a42f385893,ce7d7363-6886-4638-b669-97f4e2cc5590,7b62ea1c-c32d-43d8-bb5a-fb18d564d127,1633170099991,14.3916077,52.2568259,5.9304967,-0.37840572,-2.0288787,-1.9436216,on bike mount,cyclo cross,True,asphalt,excellent
f4ee5635-8bf4-4b5a-96e4-b3a42f385893,ce7d7363-6886-4638-b669-97f4e2cc5590,4edd572c-f6eb-47a0-a3c1-c64a49b9777f,1633170100055,14.3916077,52.2568259,5.9304967,0.76992905,0.3640132,2.089737,on bike mount,cyclo cross,True,asphalt,excellent
f4ee5635-8bf4-4b5a-96e4-b3a42f385893,ce7d7363-6886-4638-b669-97f4e2cc5590,31906b6c-f1a1-42df-9be5-67aed7b8dc8a,1633170100107,14.3916077,52.2568259,5.9304967,-0.69336545,-0.4582181,1.3697643,on bike mount,cyclo cross,True,asphalt,excellent
f4ee5635-8bf4-4b5a-96e4-b3a42f385893,ce7d7363-6886-4638-b669-97f4e2cc5590,f19404c9-c4b7-40db-9b35-02a9e383c32d,1633170100157,14.3916077,52.2568259,5.9304967,-0.7691871,-1.2076406,-2.0653229,on bike mount,cyclo cross,True,asphalt,excellent
f4ee5635-8bf4-4b5a-96e4-b3a42f385893,ce7d7363-6886-4638-b669-97f4e2cc5590,4cf792a1-d129-448a-b208-193ad9ebf1da,1633170100222,14.3916077,52.2568259,5.9304967,-0.03780916,-0.4158008,-0.7147083,on bike mount,cyclo cross,True,asphalt,excellent
f4ee5635-8bf4-4b5a-96e4-b3a42f385893,ce7d7363-6886-4638-b669-97f4e2cc5590,6af3871e-ada4-4934-9dda-932dad88e342,1633170100274,14.3916077,52.2568259,5.9304967,-2.1763783,0.46701598,-0.5597868,on bike mount,cyclo cross,True,asphalt,excellent
f4ee5635-8bf4-4b5a-96e4-b3a42f385893,ce7d7363-6886-4638-b669-97f4e2cc5590,46af7460-90e5-4e42-b22e-d5e6b7ae4cea,1633170100324,14.3916077,52.2568259,5.9304967,1.2550881,-1.3873957,-3.8307164,on bike mount,cyclo cross,True,asphalt,excellent
f4ee5635-8bf4-4b5a-96e4-b3a42f385893,ce7d7363-6886-4638-b669-97f4e2cc5590,116f5713-f3bd-4237-821f-2b80a3f83d6f,1633170100374,14.3916077,52.2568259,5.9304967,1.7194719,-1.0137073,0.32269382,on bike mount,cyclo cross,True,asphalt,excellent
f4ee5635-8bf4-4b5a-96e4-b3a42f385893,ce7d7363-6886-4638-b669-97f4e2cc5590,16ef7436-fcd8-445e-b24f-45abe24fba65,1633170100424,14.3916077,52.2568259,5.9304967,-0.55725193,-0.60830426,0.23240185,on bike mount,cyclo cross,True,asphalt,excellent
f4ee5635-8bf4-4b5a-96e4-b3a42f385893,ce7d7363-6886-4638-b669-97f4e2cc5590,b77760da-62f2-43c5-ae0f-819d5aa22ca1,1633170100474,14.3916077,52.2568259,5.9304967,-0.12197073,-0.4836681,1.71317,on bike mount,cyclo cross,True,asphalt,excellent
f4ee5635-8bf4-4b5a-96e4-b3a42f385893,ce7d7363-6886-4638-b669-97f4e2cc5590,0802ad9a-5c72-4749-b5b0-a1e598436908,1633170100540,14.3916077,52.2568259,5.9304967,-0.31781584,0.48172474,-0.82435846,on bike mount,cyclo cross,True,asphalt,excellent
f4ee5635-8bf4-4b5a-96e4-b3a42f385893,ce7d7363-6886-4638-b669-97f4e2cc5590,31333e59-cf6d-4b35-a262-32174fe9458a,1633170100591,14.3916077,52.2568259,5.9304967,-1.0852479,1.4615679,0.4019041,on bike mount,cyclo cross,True,asphalt,excellent
f4ee5635-8bf4-4b5a-96e4-b3a42f385893,ce7d7363-6886-4638-b669-97f4e2cc5590,561570a6-7163-44ab-b4a1-24448210eb36,1633170100641,14.3916077,52.2568259,5.9304967,-0.027324,-0.46382713,-0.6648493,on bike mount,cyclo cross,True,asphalt,excellent
f4ee5635-8bf4-4b5a-96e4-b3a42f385893,ce7d7363-6886-4638-b669-97f4e2cc5590,f50dc632-2bb4-430f-9cb3-a626515e7c31,1633170100691,14.3916077,52.2568259,5.9304967,-0.56011343,-0.16371775,1.6953955,on bike mount,cyclo cross,True,asphalt,excellent
f4ee5635-8bf4-4b5a-96e4-b3a42f385893,ce7d7363-6886-4638-b669-97f4e2cc5590,2c62a20b-c0a7-4e29-98ce-7e48205b5ff6,1633170100742,14.3916077,52.2568259,5.9304967,0.024065979,-2.125367,0.45366287,on bike mount,cyclo cross,True,asphalt,excellent
f4ee5635-8bf4-4b5a-96e4-b3a42f385893,ce7d7363-6886-4638-b669-97f4e2cc5590,0ccc7eef-e7f6-4058-80d9-3d7a1eef079f,1633170100791,14.3916077,52.2568259,5.9304967,0.49064368,0.9806776,0.5169668,on bike mount,cyclo cross,True,asphalt,excellent
f4ee5635-8bf4-4b5a-96e4-b3a42f385893,ce7d7363-6886-4638-b669-97f4e2cc5590,8bbc9f58-b078-4752-a21b-8b7b0c494dfa,1633170100857,14.3916077,52.2568259,5.9304967,-0.37677288,-1.148836,0.46080112,on bike mount,cyclo cross,True,asphalt,excellent
f4ee5635-8bf4-4b5a-96e4-b3a42f385893,ce7d7363-6886-4638-b669-97f4e2cc5590,209038e4-591f-4540-9c29-27df1b9bd1e4,1633170100908,14.3916077,52.2568259,5.9304967,0.3152348,-0.9977418,0.34561253,on bike mount,cyclo cross,True,asphalt,excellent
f4ee5635-8bf4-4b5a-96e4-b3a42f385893,ce7d7363-6886-4638-b669-97f4e2cc5590,76424aa3-0340-4cd2-affb-5f4341d0a6ac,1633170100965,14.3916077,52.2568259,5.9304967,-0.051892012,-0.8484129,-0.43066692,on bike mount,cyclo cross,True,asphalt,excellent
f4ee5635-8bf4-4b5a-96e4-b3a42f385893,ce7d7363-6886-4638-b669-97f4e2cc5590,3dccb9a4-22bf-4ea4-9a7b-cec7c2aebc2d,1633170101025,14.3916975,52.2567946,6.0233135,-0.16398841,-0.98133063,0.13462639,on bike mount,cyclo cross,True,asphalt,excellent
f4ee5635-8bf4-4b5a-96e4-b3a42f385893,ce7d7363-6886-4638-b669-97f4e2cc5590,ba6a5167-9cbc-4127-9277-70a2b0bf2fca,1633170101074,14.3916975,52.2567946,6.0233135,0.9912666,0.2157309,-1.4785857,on bike mount,cyclo cross,True,asphalt,excellent
f4ee5635-8bf4-4b5a-96e4-b3a42f385893,ce7d7363-6886-4638-b669-97f4e2cc5590,954b1385-1ad9-4fd3-8a5b-11753b93f0bd,1633170101126,14.3916975,52.2567946,6.0233135,0.92753613,1.7104716,-0.66134834,on bike mount,cyclo cross,True,asphalt,excellent
f4ee5635-8bf4-4b5a-96e4-b3a42f385893,ce7d7363-6886-4638-b669-97f4e2cc5590,2f0c72d2-758b-498f-813d-70ba2c79e77c,1633170101176,14.3916975,52.2567946,6.0233135,-0.9702208,-1.0942005,0.027059555,on bike mount,cyclo cross,True,asphalt,excellent
f4ee5635-8bf4-4b5a-96e4-b3a42f385893,ce7d7363-6886-4638-b669-97f4e2cc5590,4f001ae4-af95-4876-a346-335d74683f72,1633170101226,14.3916975,52.2567946,6.0233135,0.45082295,-0.94793546,1.1622028,on bike mount,cyclo cross,True,asphalt,excellent
f4ee5635-8bf4-4b5a-96e4-b3a42f385893,ce7d7363-6886-4638-b669-97f4e2cc5590,9c42bdfb-32a8-49e3-a6b9-520cadccb721,1633170101276,14.3916975,52.2567946,6.0233135,-1.0690795,-0.2785194,-0.2923479,on bike mount,cyclo cross,True,asphalt,excellent
f4ee5635-8bf4-4b5a-96e4-b3a42f385893,ce7d7363-6886-4638-b669-97f4e2cc5590,4eefd752-8993-4de5-b2ae-82eb2806bfed,1633170101326,14.3916975,52.2567946,6.0233135,0.050990723,0.34867978,-0.2646513,on bike mount,cyclo cross,True,asphalt,excellent
f4ee5635-8bf4-4b5a-96e4-b3a42f385893,ce7d7363-6886-4638-b669-97f4e2cc5590,bb7be881-e310-4219-9741-266b8c40a734,1633170101376,14.3916975,52.2567946,6.0233135,0.2722876,-1.0744767,0.27228165,on bike mount,cyclo cross,True,asphalt,excellent
f4ee5635-8bf4-4b5a-96e4-b3a42f385893,ce7d7363-6886-4638-b669-97f4e2cc5590,9542956f-242f-4411-8afd-0e939b40f18d,1633170101426,14.3916975,52.2567946,6.0233135,0.050376788,-0.25994182,-0.36314297,on bike mount,cyclo cross,True,asphalt,excellent
f4ee5635-8bf4-4b5a-96e4-b3a42f385893,ce7d7363-6886-4638-b669-97f4e2cc5590,e797dbcf-a59c-4810-88ba-6060bb228925,1633170101476,14.3916975,52.2567946,6.0233135,-0.6286102,-0.15148592,-0.28692913,on bike mount,cyclo cross,True,asphalt,excellent
f4ee5635-8bf4-4b5a-96e4-b3a42f385893,ce7d7363-6886-4638-b669-97f4e2cc5590,a8bb172e-fe80-4f8f-9d43-40c640d82c1c,1633170101526,14.3916975,52.2567946,6.0233135,-0.25303608,-0.30146122,2.7275534,on bike mount,cyclo cross,True,asphalt,excellent
